
2023-12-05 11:33,1,+17.7,+13.0,+12.0,+10.8,+26.6,+35.5,+20.6,+19.7,+19.5,+19.7,+20.0,+20.1,+20.2
2023-12-05 12:33,1,+17.6,+13.0,+12.0,+10.8,+26.6,+35.5,+20.5,+19.8,+19.5,+19.6,+20.0,+20.1,+20.3
2023-12-05 13:33,1,+17.6,+13.0,+12.0,+10.8,+26.6,+35.5,+20.3,+19.8,+19.6,+19.6,+20.0,+20.1,+20.3
2023-12-05 14:33,1,+17.6,+13.0,+12.0,+10.8,+26.6,+35.5,+20.5,+20.0,+19.5,+19.6,+20.0,+20.1,+20.2
2023-12-05 15:33,1,+17.5,+13.0,+12.0,+10.8,+26.6,+35.5,+20.3,+20.0,+19.6,+19.6,+20.0,+20.1,+20.3
2023-12-05 16:33,1,+17.5,+13.0,+12.0,+10.8,+26.6,+35.5,+20.2,+20.1,+19.7,+19.6,+20.0,+20.1,+20.3
2023-12-05 17:33,1,+17.5,+13.0,+12.0,+10.9,+26.6,+35.6,+20.2,+20.1,+19.6,+19.6,+20.0,+20.1,+20.2
2023-12-05 18:33,1,+17.5,+13.0,+12.0,+10.8,+26.6,+35.5,+20.0,+20.1,+19.7,+19.6,+20.0,+20.1,+20.2
2023-12-05 19:33,1,+17.5,+13.0,+12.0,+10.9,+26.6,+35.6,+19.8,+20.1,+19.7,+19.6,+20.0,+20.1,+20.2
2023-12-05 20:33,1,+17.5,+13.0,+12.0,+10.9,+26.6,+35.5,+19.7,+20.0,+19.7,+19.7,+19.8,+20.1,+20.3
2023-12-05 21:33,1,+17.4,+13.0,+12.0,+10.8,+26.5,+35.5,+19.6,+20.0,+19.7,+19.7,+20.0,+20.1,+20.2
2023-12-05 22:33,1,+17.4,+13.0,+12.0,+10.8,+26.5,+35.5,+19.6,+19.8,+19.7,+19.7,+20.0,+20.1,+20.2
2023-12-05 23:33,1,+17.4,+13.0,+12.0,+10.9,+26.6,+35.6,+19.5,+19.8,+19.7,+19.7,+20.0,+20.1,+20.2
2023-12-06 00:33,1,+18.1,+13.0,+12.0,+10.9,+26.5,+35.6,+19.5,+19.8,+19.7,+19.7,+20.0,+20.1,+20.2
2023-12-06 01:33,1,+18.4,+13.0,+12.0,+10.9,+26.6,+35.6,+19.3,+19.8,+19.7,+19.6,+20.0,+20.1,+20.3
2023-12-06 02:33,1,+18.4,+13.0,+12.0,+10.8,+26.7,+35.5,+19.3,+19.7,+19.7,+19.7,+20.0,+20.1,+20.2
2023-12-06 03:33,1,+18.4,+13.0,+12.0,+10.8,+26.7,+35.5,+19.2,+19.7,+19.7,+19.7,+20.0,+20.1,+20.3
2023-12-06 04:33,1,+18.8,+13.0,+12.0,+10.9,+26.8,+35.6,+19.2,+19.7,+19.6,+19.7,+20.0,+20.1,+20.2
2023-12-06 05:33,1,+19.0,+13.0,+12.0,+10.8,+26.8,+35.6,+19.2,+19.7,+19.7,+19.7,+20.0,+20.1,+20.2
2023-12-06 06:33,1,+19.1,+13.0,+12.0,+10.9,+26.8,+35.6,+19.1,+19.6,+19.6,+19.7,+20.0,+20.1,+20.3
2023-12-06 07:33,1,+19.1,+13.0,+12.0,+10.8,+26.8,+35.5,+19.2,+19.6,+19.7,+19.7,+20.0,+20.1,+20.2
2023-12-06 08:33,1,+19.3,+13.0,+12.0,+10.9,+26.9,+35.6,+19.1,+19.6,+19.6,+19.7,+20.0,+20.1,+20.2
2023-12-06 09:33,1,+19.5,+13.0,+12.0,+10.8,+26.9,+35.6,+19.1,+19.6,+19.6,+19.7,+20.0,+20.1,+20.3
2023-12-06 10:33,1,+19.4,+13.0,+12.0,+11.0,+26.9,+35.6,+19.2,+19.5,+19.6,+19.7,+20.0,+20.1,+20.2
2023-12-06 11:33,1,+19.5,+13.0,+12.0,+10.9,+26.9,+35.6,+19.3,+19.6,+19.6,+19.7,+20.0,+20.1,+20.2
2023-12-06 12:33,1,+19.9,+13.0,+12.0,+11.0,+27.0,+35.6,+19.3,+19.5,+19.6,+19.6,+20.0,+20.1,+20.2
2023-12-06 13:33,1,+19.8,+13.1,+12.0,+11.0,+27.0,+35.6,+19.5,+19.6,+19.6,+19.7,+20.0,+20.1,+20.2
2023-12-06 14:33,1,+19.8,+13.1,+12.0,+11.0,+27.0,+35.6,+19.5,+19.5,+19.6,+19.7,+20.0,+20.1,+20.2
2023-12-06 15:33,1,+20.1,+13.1,+12.0,+11.0,+27.0,+35.6,+19.3,+19.6,+19.6,+19.6,+20.0,+20.1,+20.3
2023-12-06 16:33,1,+20.0,+13.2,+12.0,+10.9,+27.0,+35.5,+19.3,+19.6,+19.5,+19.7,+20.0,+20.1,+20.3
2023-12-06 17:33,1,+20.1,+13.2,+12.0,+11.0,+27.0,+35.6,+19.2,+19.6,+19.6,+19.7,+20.0,+20.1,+20.3
2023-12-06 18:33,1,+20.1,+13.3,+12.0,+10.9,+27.0,+35.6,+19.2,+19.6,+19.5,+19.6,+20.0,+20.1,+20.2
2023-12-06 19:33,1,+20.2,+13.3,+12.0,+10.9,+27.0,+35.5,+19.1,+19.6,+19.5,+19.6,+20.0,+20.2,+20.2
2023-12-06 20:33,1,+20.2,+13.3,+12.1,+10.9,+27.0,+35.5,+19.1,+19.5,+19.5,+19.6,+20.0,+20.1,+20.3
2023-12-06 21:33,1,+20.1,+13.5,+12.1,+10.9,+27.0,+35.5,+19.0,+19.5,+19.5,+19.6,+20.0,+20.1,+20.2
2023-12-06 22:33,1,+20.2,+13.5,+12.1,+11.0,+27.1,+35.6,+19.0,+19.5,+19.5,+19.6,+20.0,+20.1,+20.2
2023-12-06 23:33,1,+20.0,+13.5,+12.1,+10.9,+27.0,+35.5,+19.0,+19.3,+19.5,+19.6,+20.0,+20.1,+20.3
2023-12-07 00:33,1,+19.9,+13.5,+12.1,+11.0,+27.1,+35.6,+18.8,+19.3,+19.5,+19.6,+20.0,+20.1,+20.2
2023-12-07 01:33,1,+19.8,+13.5,+12.1,+11.0,+27.1,+35.6,+18.7,+19.3,+19.5,+19.6,+20.0,+20.1,+20.2
2023-12-07 02:33,1,+19.8,+13.5,+12.2,+10.9,+27.0,+35.5,+18.7,+19.3,+19.3,+19.6,+20.0,+20.1,+20.2
2023-12-07 03:33,1,+19.7,+13.5,+12.2,+11.0,+27.1,+35.6,+18.7,+19.3,+19.5,+19.6,+20.0,+20.1,+20.2
2023-12-07 04:33,1,+19.6,+13.5,+12.2,+10.9,+27.0,+35.5,+18.6,+19.2,+19.3,+19.6,+20.0,+20.1,+20.2
2023-12-07 05:33,1,+19.6,+13.5,+12.2,+10.9,+27.0,+35.5,+18.5,+19.2,+19.3,+19.6,+19.8,+20.1,+20.3
2023-12-07 06:33,1,+19.6,+13.5,+12.2,+10.9,+27.0,+35.5,+18.5,+19.1,+19.3,+19.6,+20.0,+20.1,+20.2
2023-12-07 07:33,1,+19.6,+13.5,+12.2,+11.1,+27.1,+35.6,+18.5,+19.1,+19.3,+19.6,+20.0,+20.1,+20.2
2023-12-07 08:33,1,+19.5,+13.5,+12.2,+10.9,+27.0,+35.5,+18.6,+19.1,+19.3,+19.6,+20.0,+20.1,+20.2
2023-12-07 09:33,1,+19.5,+13.5,+12.2,+11.1,+27.1,+35.6,+18.8,+19.1,+19.2,+19.6,+19.8,+20.1,+20.2
2023-12-07 10:33,1,+19.4,+13.5,+12.2,+10.9,+27.0,+35.5,+19.2,+19.1,+19.3,+19.6,+19.8,+20.1,+20.2
2023-12-07 11:33,1,+19.4,+13.5,+12.2,+11.1,+27.1,+35.6,+19.8,+19.2,+19.2,+19.5,+20.0,+20.1,+20.2
2023-12-07 12:33,1,+19.4,+13.5,+12.2,+11.0,+27.0,+35.6,+19.8,+19.2,+19.2,+19.5,+19.8,+20.1,+20.2
2023-12-07 13:33,1,+19.3,+13.5,+12.2,+11.1,+27.0,+35.6,+19.8,+19.5,+19.2,+19.5,+19.8,+20.1,+20.2
2023-12-07 14:33,1,+19.3,+13.5,+12.2,+11.1,+27.1,+35.5,+19.8,+19.6,+19.2,+19.5,+19.8,+20.1,+20.2
2023-12-07 15:33,1,+19.2,+13.5,+12.2,+10.9,+27.0,+35.5,+19.7,+19.6,+19.2,+19.5,+19.8,+20.1,+20.3
2023-12-07 16:33,1,+19.2,+13.5,+12.2,+11.1,+27.0,+35.5,+19.6,+19.6,+19.3,+19.5,+19.8,+20.0,+20.2
2023-12-07 17:33,1,+19.2,+13.5,+12.2,+10.9,+27.0,+35.5,+19.5,+19.6,+19.3,+19.5,+19.8,+20.1,+20.2
2023-12-07 18:33,1,+19.2,+13.5,+12.2,+10.9,+27.0,+35.5,+19.5,+19.7,+19.3,+19.5,+19.8,+20.1,+20.2
2023-12-07 19:33,1,+19.2,+13.5,+12.3,+10.9,+27.0,+35.5,+19.3,+19.6,+19.5,+19.5,+19.8,+20.0,+20.2
2023-12-07 20:33,1,+19.1,+13.5,+12.3,+11.0,+27.0,+35.5,+19.1,+19.6,+19.3,+19.5,+19.8,+20.0,+20.2
2023-12-07 21:33,1,+19.1,+13.5,+12.3,+11.0,+27.0,+35.5,+19.0,+19.5,+19.3,+19.5,+19.8,+20.1,+20.2
2023-12-07 22:33,1,+19.0,+13.5,+12.3,+11.1,+27.0,+35.5,+18.8,+19.5,+19.5,+19.5,+19.8,+20.0,+20.2
2023-12-07 23:33,1,+19.0,+13.5,+12.3,+11.0,+27.0,+35.5,+18.7,+19.3,+19.5,+19.5,+19.8,+20.0,+20.2
2023-12-08 00:33,1,+19.0,+13.5,+12.3,+11.1,+27.0,+35.5,+18.6,+19.3,+19.3,+19.5,+19.8,+20.0,+20.2
2023-12-08 01:33,1,+19.0,+13.4,+12.3,+11.1,+27.0,+35.5,+18.3,+19.2,+19.3,+19.5,+19.8,+20.0,+20.2
2023-12-08 02:33,1,+18.9,+13.4,+12.3,+11.0,+27.0,+35.5,+18.2,+19.1,+19.3,+19.5,+19.8,+20.0,+20.2
2023-12-08 03:33,1,+18.9,+13.4,+12.3,+11.1,+27.0,+35.5,+18.2,+19.0,+19.3,+19.5,+19.8,+20.0,+20.2
2023-12-08 04:33,1,+18.9,+13.4,+12.3,+11.1,+27.0,+35.5,+18.2,+19.0,+19.3,+19.5,+19.8,+20.0,+20.2
2023-12-08 05:33,1,+18.9,+13.4,+12.3,+11.0,+27.0,+35.5,+18.2,+18.8,+19.2,+19.5,+19.8,+20.0,+20.2
2023-12-08 06:33,1,+18.9,+13.4,+12.3,+11.0,+27.0,+35.5,+18.2,+18.8,+19.2,+19.5,+19.8,+20.0,+20.2
2023-12-08 07:33,1,+18.9,+13.4,+12.3,+11.1,+27.0,+35.5,+18.2,+18.8,+19.2,+19.5,+19.8,+20.0,+20.2
2023-12-08 08:33,1,+18.8,+13.4,+12.3,+11.0,+26.9,+35.5,+18.3,+18.8,+19.2,+19.5,+19.8,+20.0,+20.2
2023-12-08 09:33,1,+18.8,+13.4,+12.3,+11.0,+26.9,+35.5,+18.6,+18.8,+19.2,+19.5,+19.8,+20.0,+20.2
2023-12-08 10:33,1,+18.8,+13.4,+12.2,+11.1,+27.0,+35.5,+18.8,+19.0,+19.1,+19.3,+19.8,+20.0,+20.2
2023-12-08 11:33,1,+18.8,+13.4,+12.3,+11.1,+27.0,+35.5,+19.2,+19.0,+19.1,+19.3,+19.8,+20.0,+20.2
2023-12-08 12:33,1,+18.8,+13.3,+12.2,+11.0,+26.9,+35.5,+19.5,+19.1,+19.1,+19.5,+19.8,+20.0,+20.2
2023-12-08 13:33,1,+18.8,+13.3,+12.2,+11.1,+27.0,+35.6,+19.5,+19.2,+19.1,+19.3,+19.8,+20.0,+20.2
2023-12-08 14:33,1,+18.8,+13.3,+12.3,+11.0,+26.9,+35.5,+19.5,+19.2,+19.1,+19.3,+19.8,+20.0,+20.2
2023-12-08 15:33,1,+18.8,+13.3,+12.3,+11.0,+26.9,+35.5,+19.5,+19.3,+19.1,+19.3,+19.8,+20.0,+20.2
2023-12-08 16:33,1,+18.8,+13.3,+12.2,+11.0,+26.9,+35.5,+19.5,+19.3,+19.2,+19.3,+19.8,+20.0,+20.2
2023-12-08 17:33,1,+18.7,+13.3,+12.3,+11.0,+26.9,+35.5,+19.3,+19.5,+19.2,+19.3,+19.7,+20.0,+20.2
2023-12-08 18:33,1,+18.7,+13.3,+12.3,+11.0,+26.9,+35.5,+19.3,+19.3,+19.2,+19.3,+19.7,+20.0,+20.2
2023-12-08 19:33,1,+18.7,+13.3,+12.3,+11.0,+26.9,+35.5,+19.3,+19.3,+19.2,+19.3,+19.7,+20.0,+20.2
2023-12-08 20:33,1,+18.7,+13.3,+12.3,+11.1,+26.9,+35.6,+19.2,+19.5,+19.2,+19.3,+19.7,+20.0,+20.2
2023-12-08 21:33,1,+18.7,+13.3,+12.3,+11.1,+26.9,+35.6,+19.2,+19.3,+19.2,+19.3,+19.7,+20.0,+20.2
2023-12-08 22:33,1,+18.7,+13.3,+12.3,+11.0,+26.9,+35.5,+19.2,+19.3,+19.2,+19.3,+19.7,+19.8,+20.2
2023-12-08 23:33,1,+18.7,+13.3,+12.3,+11.0,+26.9,+35.5,+19.1,+19.3,+19.2,+19.3,+19.7,+20.0,+20.1
2023-12-09 00:33,1,+18.7,+13.3,+12.3,+11.1,+26.9,+35.6,+19.1,+19.3,+19.3,+19.3,+19.7,+20.0,+20.1
2023-12-09 01:33,1,+18.8,+13.3,+12.3,+11.1,+26.9,+35.6,+19.2,+19.3,+19.2,+19.3,+19.7,+20.0,+20.2
2023-12-09 02:33,1,+18.9,+13.3,+12.3,+11.1,+26.9,+35.6,+19.2,+19.5,+19.2,+19.3,+19.7,+20.0,+20.2
2023-12-09 03:33,1,+19.0,+13.3,+12.3,+11.0,+26.9,+35.5,+19.1,+19.3,+19.2,+19.3,+19.7,+20.0,+20.1
2023-12-09 04:33,1,+19.0,+13.3,+12.3,+11.1,+26.9,+35.6,+19.1,+19.3,+19.2,+19.3,+19.7,+20.0,+20.2
2023-12-09 05:33,1,+19.0,+13.3,+12.3,+11.0,+26.9,+35.5,+19.1,+19.3,+19.3,+19.3,+19.7,+19.8,+20.1
2023-12-09 06:33,1,+19.0,+13.3,+12.3,+11.0,+26.8,+35.5,+19.1,+19.3,+19.3,+19.3,+19.7,+20.0,+20.1
2023-12-09 07:33,1,+19.0,+13.3,+12.3,+11.1,+26.9,+35.6,+19.1,+19.3,+19.2,+19.3,+19.7,+20.0,+20.2
2023-12-09 08:33,1,+19.0,+13.3,+12.3,+11.0,+26.8,+35.5,+19.1,+19.3,+19.2,+19.3,+19.7,+19.8,+20.1
2023-12-09 09:33,1,+19.0,+13.3,+12.3,+11.0,+26.8,+35.5,+19.3,+19.3,+19.2,+19.3,+19.7,+19.8,+20.1
2023-12-09 10:33,1,+19.0,+13.3,+12.3,+11.1,+26.9,+35.6,+19.5,+19.3,+19.2,+19.3,+19.7,+20.0,+20.1
2023-12-09 11:33,1,+19.0,+13.3,+12.3,+11.0,+26.8,+35.5,+19.8,+19.3,+19.3,+19.3,+19.7,+20.0,+20.2
2023-12-09 12:33,1,+19.0,+13.3,+12.3,+11.1,+26.8,+35.6,+20.0,+19.5,+19.2,+19.3,+19.7,+20.0,+20.2
2023-12-09 13:33,1,+19.0,+13.3,+12.3,+11.1,+26.8,+35.6,+20.0,+19.6,+19.3,+19.3,+19.7,+20.0,+20.2
2023-12-09 14:33,1,+19.0,+13.3,+12.3,+11.0,+26.8,+35.5,+20.0,+19.7,+19.3,+19.3,+19.7,+19.8,+20.2
2023-12-09 15:33,1,+19.1,+13.3,+12.3,+11.0,+26.8,+35.5,+20.0,+19.7,+19.3,+19.5,+19.7,+20.0,+20.1
2023-12-09 16:33,1,+19.1,+13.3,+12.3,+11.1,+26.8,+35.6,+20.0,+19.7,+19.5,+19.3,+19.7,+20.0,+20.1
2023-12-09 17:33,1,+19.1,+13.3,+12.3,+11.0,+26.8,+35.5,+20.0,+19.7,+19.5,+19.3,+19.7,+20.0,+20.1
2023-12-09 18:33,1,+19.2,+13.3,+12.3,+10.9,+26.8,+35.5,+19.8,+19.8,+19.5,+19.3,+19.7,+20.0,+20.2
2023-12-09 19:33,1,+19.3,+13.3,+12.3,+11.1,+26.8,+35.6,+19.8,+19.7,+19.5,+19.5,+19.7,+19.8,+20.1
2023-12-09 20:33,1,+19.3,+13.3,+12.3,+11.1,+26.8,+35.6,+19.8,+19.8,+19.5,+19.3,+19.7,+20.0,+20.1
2023-12-09 21:33,1,+19.2,+13.3,+12.3,+11.0,+26.7,+35.5,+19.8,+19.8,+19.6,+19.5,+19.7,+20.0,+20.1
2023-12-09 22:33,1,+19.2,+13.3,+12.3,+11.1,+26.8,+35.6,+19.7,+19.8,+19.5,+19.5,+19.7,+20.0,+20.1
2023-12-09 23:33,1,+19.2,+13.3,+12.3,+10.9,+26.7,+35.5,+19.7,+19.8,+19.5,+19.5,+19.7,+20.0,+20.1
2023-12-10 00:33,1,+19.2,+13.3,+12.3,+11.0,+26.7,+35.5,+19.7,+19.8,+19.6,+19.5,+19.8,+20.0,+20.1
2023-12-10 01:33,1,+19.2,+13.3,+12.3,+11.1,+26.8,+35.6,+19.6,+19.8,+19.6,+19.5,+19.8,+20.0,+20.1
2023-12-10 02:33,1,+19.2,+13.3,+12.3,+11.1,+26.8,+35.6,+19.7,+19.7,+19.6,+19.5,+19.7,+19.8,+20.1
2023-12-10 03:33,1,+19.2,+13.3,+12.3,+11.1,+26.8,+35.6,+19.6,+19.8,+19.6,+19.5,+19.7,+20.0,+20.1
2023-12-10 04:33,1,+19.2,+13.3,+12.3,+11.1,+26.8,+35.6,+19.6,+19.7,+19.6,+19.5,+19.8,+20.0,+20.1
2023-12-10 05:33,1,+19.2,+13.3,+12.3,+11.0,+26.7,+35.5,+19.6,+19.7,+19.6,+19.6,+19.7,+20.0,+20.1
2023-12-10 06:33,1,+19.1,+13.3,+12.3,+11.1,+26.7,+35.6,+19.6,+19.8,+19.6,+19.5,+19.7,+20.0,+20.1
2023-12-10 07:33,1,+19.1,+13.3,+12.3,+11.0,+26.7,+35.5,+19.6,+19.7,+19.6,+19.5,+19.7,+20.0,+20.1
2023-12-10 08:33,1,+19.1,+13.3,+12.3,+11.1,+26.7,+35.6,+19.6,+19.7,+19.6,+19.5,+19.8,+20.0,+20.1
2023-12-10 09:33,1,+19.1,+13.3,+12.3,+11.0,+26.7,+35.5,+19.8,+19.7,+19.6,+19.6,+19.7,+20.0,+20.1
2023-12-10 10:33,1,+19.1,+13.3,+12.3,+11.0,+26.7,+35.5,+20.1,+19.7,+19.6,+19.5,+19.8,+20.0,+20.1
2023-12-10 11:33,1,+19.1,+13.3,+12.3,+11.0,+26.6,+35.6,+20.2,+19.8,+19.6,+19.6,+19.8,+20.0,+20.1
2023-12-10 12:33,1,+19.1,+13.3,+12.3,+11.0,+26.6,+35.5,+20.5,+19.8,+19.6,+19.6,+19.8,+20.0,+20.1
2023-12-10 13:33,1,+19.1,+13.3,+12.3,+11.1,+26.7,+35.6,+20.6,+20.0,+19.6,+19.6,+19.8,+20.0,+20.1
2023-12-10 14:33,1,+19.1,+13.3,+12.3,+11.0,+26.6,+35.5,+20.6,+20.1,+19.7,+19.6,+19.8,+20.0,+20.1
2023-12-10 15:33,1,+19.1,+13.3,+12.3,+11.0,+26.6,+35.5,+20.6,+20.2,+19.7,+19.6,+19.8,+20.0,+20.1
2023-12-10 16:33,1,+19.1,+13.3,+12.3,+11.0,+26.6,+35.5,+20.5,+20.2,+19.7,+19.6,+19.8,+20.0,+20.2
2023-12-10 17:33,1,+19.1,+13.3,+12.3,+11.1,+26.6,+35.6,+20.5,+20.2,+19.7,+19.6,+19.8,+20.0,+20.1
2023-12-10 18:33,1,+19.1,+13.3,+12.3,+11.1,+26.6,+35.6,+20.3,+20.3,+19.7,+19.6,+19.8,+20.0,+20.1
2023-12-10 19:33,1,+19.1,+13.3,+12.3,+10.9,+26.6,+35.5,+20.3,+20.2,+19.8,+19.6,+19.8,+20.0,+20.1
2023-12-10 20:33,1,+19.1,+13.3,+12.3,+11.1,+26.6,+35.6,+20.3,+20.2,+19.8,+19.6,+19.8,+20.1,+20.1
2023-12-10 21:33,1,+19.1,+13.3,+12.3,+11.1,+26.6,+35.6,+20.3,+20.2,+19.8,+19.6,+19.8,+20.0,+20.1
2023-12-10 22:33,1,+19.1,+13.3,+12.3,+10.9,+26.6,+35.6,+20.2,+20.3,+19.8,+19.6,+19.8,+20.0,+20.1
2023-12-10 23:33,1,+19.1,+13.3,+12.3,+11.0,+26.6,+35.5,+20.1,+20.2,+20.0,+19.6,+19.8,+20.0,+20.1
2023-12-11 00:33,1,+19.1,+13.3,+12.3,+11.1,+26.6,+35.6,+20.2,+20.2,+20.0,+19.6,+19.8,+20.0,+20.2
2023-12-11 01:33,1,+19.1,+13.3,+12.3,+11.0,+26.6,+35.5,+20.1,+20.2,+20.0,+19.7,+19.8,+20.0,+20.2
2023-12-11 02:33,1,+19.1,+13.3,+12.3,+11.0,+26.6,+35.6,+20.1,+20.2,+19.8,+19.7,+19.8,+20.0,+20.1
2023-12-11 03:33,1,+19.4,+13.3,+12.3,+11.1,+26.6,+35.6,+20.1,+20.2,+19.8,+19.7,+19.8,+20.0,+20.1
2023-12-11 04:33,1,+19.5,+13.3,+12.3,+11.1,+26.6,+35.6,+20.1,+20.2,+19.8,+19.7,+20.0,+20.0,+20.2
2023-12-11 05:33,1,+19.6,+13.3,+12.3,+11.1,+26.7,+35.6,+20.1,+20.2,+19.8,+19.7,+20.0,+20.1,+20.1
2023-12-11 06:33,1,+19.6,+13.3,+12.3,+11.1,+26.7,+35.6,+20.0,+20.1,+19.8,+19.7,+20.0,+20.0,+20.1
2023-12-11 07:33,1,+19.6,+13.3,+12.3,+11.1,+26.7,+35.6,+20.0,+20.1,+20.0,+19.7,+20.0,+20.1,+20.2
2023-12-11 08:33,1,+19.7,+13.3,+12.3,+11.0,+26.7,+35.6,+20.1,+20.1,+19.8,+19.7,+20.0,+20.1,+20.1
2023-12-11 09:33,1,+19.7,+13.4,+12.3,+11.0,+26.7,+35.6,+20.1,+20.1,+19.8,+19.7,+19.8,+20.0,+20.2
2023-12-11 10:33,1,+19.7,+13.4,+12.3,+11.1,+26.8,+35.6,+20.2,+20.1,+20.0,+19.7,+20.0,+20.0,+20.1
2023-12-11 11:33,1,+19.7,+13.3,+12.3,+11.1,+26.8,+35.6,+20.7,+20.2,+20.0,+19.7,+20.0,+20.1,+20.2
2023-12-11 12:33,1,+19.7,+13.4,+12.3,+11.1,+26.8,+35.6,+20.8,+20.2,+20.0,+19.7,+20.0,+20.1,+20.2
2023-12-11 13:33,1,+19.6,+13.3,+12.3,+11.1,+26.8,+35.6,+21.1,+20.3,+20.0,+19.7,+20.0,+20.1,+20.2
2023-12-11 14:33,1,+19.7,+13.4,+12.3,+11.1,+26.8,+35.6,+21.1,+20.5,+20.0,+19.8,+20.0,+20.1,+20.2
2023-12-11 15:33,1,+19.9,+13.4,+12.3,+11.1,+26.8,+35.6,+21.0,+20.5,+20.0,+19.8,+20.0,+20.1,+20.2
2023-12-11 16:33,1,+20.0,+13.4,+12.3,+11.0,+26.8,+35.6,+20.8,+20.6,+20.0,+19.8,+20.0,+20.1,+20.2
2023-12-11 17:33,1,+20.0,+13.4,+12.3,+11.0,+26.8,+35.6,+20.7,+20.6,+20.1,+19.7,+20.0,+20.1,+20.2
2023-12-11 18:33,1,+20.2,+13.4,+12.3,+11.0,+26.8,+35.6,+20.7,+20.6,+20.1,+19.8,+20.0,+20.1,+20.1
2023-12-11 19:33,1,+20.2,+13.4,+12.3,+11.0,+26.9,+35.6,+20.6,+20.6,+20.1,+19.8,+20.0,+20.1,+20.2
2023-12-11 20:33,1,+20.2,+13.4,+12.3,+11.0,+26.9,+35.6,+20.6,+20.6,+20.1,+19.8,+20.0,+20.1,+20.2
2023-12-11 21:33,1,+20.3,+13.4,+12.3,+11.1,+27.0,+35.6,+20.5,+20.6,+20.1,+19.8,+20.0,+20.1,+20.2
2023-12-11 22:33,1,+20.4,+13.5,+12.3,+11.0,+27.0,+35.6,+20.5,+20.6,+20.1,+19.8,+20.0,+20.1,+20.2
2023-12-11 23:33,1,+20.4,+13.5,+12.3,+11.1,+27.1,+35.6,+20.5,+20.5,+20.2,+19.8,+20.0,+20.1,+20.2
2023-12-12 00:33,1,+20.5,+13.5,+12.3,+11.0,+27.1,+35.6,+20.5,+20.5,+20.2,+19.8,+20.0,+20.2,+20.2
2023-12-12 01:33,1,+20.6,+13.5,+12.3,+11.2,+27.1,+35.6,+20.5,+20.5,+20.2,+20.0,+20.1,+20.1,+20.2
2023-12-12 02:33,1,+21.2,+13.5,+12.3,+11.1,+27.1,+35.6,+20.3,+20.5,+20.2,+20.0,+20.1,+20.1,+20.2
2023-12-12 03:33,1,+21.3,+13.6,+12.3,+11.1,+27.1,+35.6,+20.2,+20.5,+20.2,+20.0,+20.0,+20.1,+20.2
2023-12-12 04:33,1,+21.3,+13.7,+12.3,+11.1,+27.1,+35.6,+20.3,+20.5,+20.2,+19.8,+20.1,+20.2,+20.2
2023-12-12 05:33,1,+21.3,+13.7,+12.3,+11.2,+27.2,+35.6,+20.2,+20.5,+20.2,+20.0,+20.1,+20.2,+20.2
2023-12-12 06:33,1,+21.1,+13.8,+12.3,+11.1,+27.2,+35.6,+20.1,+20.3,+20.2,+20.0,+20.1,+20.2,+20.2
2023-12-12 07:33,1,+21.0,+13.8,+12.4,+11.1,+27.3,+35.6,+20.1,+20.3,+20.2,+20.0,+20.1,+20.2,+20.2
2023-12-12 08:33,1,+20.9,+13.8,+12.4,+11.2,+27.3,+35.6,+20.1,+20.3,+20.1,+20.0,+20.1,+20.2,+20.2
2023-12-12 09:33,1,+20.8,+13.9,+12.4,+11.2,+27.4,+35.6,+20.2,+20.3,+20.1,+20.0,+20.1,+20.2,+20.2
2023-12-12 10:33,1,+20.7,+13.9,+12.4,+11.2,+27.3,+35.6,+20.2,+20.3,+20.1,+20.0,+20.1,+20.2,+20.2
2023-12-12 11:33,1,+20.7,+13.9,+12.4,+11.3,+27.4,+35.6,+20.3,+20.3,+20.2,+20.0,+20.1,+20.2,+20.2
2023-12-12 12:33,1,+20.6,+13.9,+12.5,+11.2,+27.4,+35.6,+20.5,+20.3,+20.1,+20.0,+20.1,+20.2,+20.3
2023-12-12 13:33,1,+20.5,+13.9,+12.5,+11.2,+27.3,+35.6,+20.6,+20.5,+20.1,+20.0,+20.1,+20.2,+20.2
2023-12-12 14:33,1,+20.8,+13.9,+12.5,+11.2,+27.3,+35.6,+20.6,+20.3,+20.1,+20.0,+20.1,+20.2,+20.2
2023-12-12 15:33,1,+20.9,+13.9,+12.5,+11.3,+27.4,+35.7,+20.6,+20.5,+20.1,+20.0,+20.1,+20.2,+20.3
2023-12-12 16:33,1,+20.9,+13.9,+12.5,+11.2,+27.4,+35.6,+20.5,+20.5,+20.2,+20.0,+20.1,+20.2,+20.3
2023-12-12 17:33,1,+21.0,+13.9,+12.5,+11.2,+27.4,+35.6,+20.3,+20.5,+20.1,+20.0,+20.1,+20.2,+20.2
2023-12-12 18:33,1,+21.0,+13.9,+12.5,+11.2,+27.4,+35.6,+20.2,+20.3,+20.1,+20.0,+20.2,+20.3,+20.2
2023-12-12 19:33,1,+21.1,+14.0,+12.5,+11.3,+27.4,+35.6,+20.2,+20.5,+20.2,+20.0,+20.1,+20.2,+20.2
2023-12-12 20:33,1,+21.2,+14.0,+12.5,+11.4,+27.4,+35.7,+20.2,+20.3,+20.1,+20.0,+20.2,+20.2,+20.3
2023-12-12 21:33,1,+21.3,+14.0,+12.5,+11.4,+27.4,+35.7,+20.1,+20.3,+20.2,+20.0,+20.2,+20.2,+20.3
2023-12-12 22:33,1,+21.3,+14.0,+12.6,+11.5,+27.5,+35.7,+20.1,+20.3,+20.2,+20.0,+20.1,+20.2,+20.2
2023-12-12 23:33,1,+21.3,+14.1,+12.6,+11.5,+27.5,+35.7,+20.0,+20.2,+20.2,+20.0,+20.2,+20.3,+20.3
2023-12-13 00:33,1,+21.5,+14.1,+12.6,+11.4,+27.5,+35.7,+19.8,+20.2,+20.1,+20.0,+20.2,+20.2,+20.3
2023-12-13 01:33,1,+21.4,+14.1,+12.7,+11.5,+27.5,+35.7,+19.8,+20.2,+20.1,+20.1,+20.2,+20.2,+20.3
2023-12-13 02:33,1,+21.3,+14.2,+12.7,+11.5,+27.5,+35.7,+19.8,+20.2,+20.1,+20.0,+20.1,+20.3,+20.3
2023-12-13 03:33,1,+21.2,+14.2,+12.7,+11.6,+27.6,+35.7,+19.8,+20.2,+20.1,+20.0,+20.2,+20.3,+20.3
2023-12-13 04:33,1,+22.2,+14.2,+12.8,+11.5,+27.5,+35.7,+19.8,+20.1,+20.1,+20.0,+20.1,+20.2,+20.3
2023-12-13 05:33,1,+21.9,+14.4,+12.8,+11.7,+27.6,+35.7,+19.8,+20.1,+20.1,+20.0,+20.1,+20.2,+20.3
2023-12-13 06:33,1,+24.4,+14.6,+12.9,+11.6,+27.6,+35.7,+19.7,+20.1,+20.0,+20.0,+20.2,+20.2,+20.3
2023-12-13 07:33,1,+22.7,+14.6,+13.1,+11.9,+27.6,+35.7,+19.7,+20.1,+20.0,+20.0,+20.2,+20.2,+20.3
2023-12-13 08:33,1,+22.7,+14.6,+13.2,+11.9,+27.7,+35.7,+19.7,+20.0,+20.0,+20.0,+20.2,+20.2,+20.3
2023-12-13 09:33,1,+23.1,+14.7,+13.2,+12.1,+27.8,+35.7,+19.7,+20.0,+20.0,+20.0,+20.2,+20.2,+20.3
2023-12-13 10:33,1,+22.2,+14.6,+13.3,+12.2,+28.0,+35.8,+19.7,+20.0,+20.0,+20.0,+20.2,+20.3,+20.3
2023-12-13 11:33,1,+21.9,+14.6,+13.3,+12.5,+28.3,+35.9,+19.7,+20.0,+19.8,+20.0,+20.1,+20.3,+20.3
2023-12-13 12:33,1,+21.8,+14.5,+13.2,+12.5,+28.5,+36.1,+19.8,+20.0,+19.8,+20.0,+20.1,+20.2,+20.3
2023-12-13 13:33,1,+21.5,+14.5,+13.2,+12.4,+28.5,+36.3,+19.8,+20.0,+19.8,+20.0,+20.2,+20.2,+20.3
2023-12-13 14:33,1,+21.5,+14.4,+13.2,+12.4,+28.5,+36.4,+20.0,+20.0,+20.0,+20.0,+20.1,+20.3,+20.3
2023-12-13 15:33,1,+21.6,+14.4,+13.1,+12.4,+28.5,+36.5,+20.0,+20.0,+19.8,+20.0,+20.2,+20.2,+20.3
2023-12-13 16:33,1,+21.5,+14.4,+13.1,+12.5,+28.6,+36.6,+19.8,+20.0,+19.8,+19.8,+20.2,+20.3,+20.3
2023-12-13 17:33,1,+21.7,+14.4,+13.1,+12.5,+28.6,+36.6,+19.8,+20.0,+19.8,+19.8,+20.1,+20.2,+20.3
2023-12-13 18:33,1,+21.7,+14.4,+13.1,+12.5,+28.6,+36.7,+19.7,+20.0,+19.8,+19.8,+20.2,+20.2,+20.3
2023-12-13 19:33,1,+21.5,+14.4,+13.1,+12.5,+28.6,+36.7,+19.7,+20.0,+19.8,+20.0,+20.1,+20.2,+20.3
2023-12-13 20:33,1,+21.3,+14.3,+13.1,+12.4,+28.5,+36.7,+19.6,+20.0,+19.8,+19.8,+20.1,+20.2,+20.3
2023-12-13 21:33,1,+21.1,+14.3,+13.1,+12.5,+28.6,+36.7,+19.6,+20.0,+19.8,+19.8,+20.2,+20.3,+20.3
2023-12-13 22:33,1,+21.3,+14.3,+13.1,+12.5,+28.6,+36.7,+19.7,+20.0,+19.8,+19.8,+20.1,+20.2,+20.3
2023-12-13 23:33,1,+21.5,+14.3,+13.0,+12.4,+28.5,+36.7,+19.7,+19.8,+19.8,+19.8,+20.1,+20.2,+20.3
2023-12-14 00:33,1,+21.5,+14.3,+13.0,+12.5,+28.6,+36.7,+19.7,+19.8,+19.8,+19.8,+20.2,+20.2,+20.3
2023-12-14 01:33,1,+21.6,+14.3,+13.0,+12.4,+28.5,+36.7,+19.7,+19.8,+19.8,+19.8,+20.1,+20.2,+20.3
2023-12-14 02:33,1,+22.0,+14.3,+13.0,+12.4,+28.5,+36.7,+19.6,+19.8,+19.8,+19.8,+20.1,+20.2,+20.3
2023-12-14 03:33,1,+21.9,+14.3,+13.0,+12.5,+28.6,+36.7,+19.7,+19.8,+19.8,+19.8,+20.1,+20.2,+20.3
2023-12-14 04:33,1,+21.7,+14.4,+13.1,+12.4,+28.5,+36.7,+19.6,+19.8,+19.8,+19.8,+20.1,+20.2,+20.2
2023-12-14 05:33,1,+21.7,+14.4,+13.1,+12.4,+28.5,+36.7,+19.6,+19.8,+19.8,+19.8,+20.1,+20.2,+20.3
2023-12-14 06:33,1,+21.6,+14.3,+13.1,+12.4,+28.5,+36.7,+19.6,+19.8,+19.8,+19.8,+20.1,+20.2,+20.3
2023-12-14 07:33,1,+21.5,+14.3,+13.1,+12.5,+28.6,+36.8,+19.6,+19.8,+19.8,+19.8,+20.1,+20.2,+20.3
2023-12-14 08:33,1,+21.5,+14.3,+13.1,+12.5,+28.6,+36.8,+19.6,+19.8,+19.7,+19.8,+20.1,+20.2,+20.3
2023-12-14 09:33,1,+21.6,+14.3,+13.1,+12.5,+28.6,+36.8,+19.6,+19.7,+19.7,+19.8,+20.1,+20.2,+20.3
2023-12-14 10:33,1,+22.1,+14.4,+13.1,+12.4,+28.6,+36.8,+19.6,+19.7,+19.7,+19.8,+20.1,+20.2,+20.3
2023-12-14 11:33,1,+21.9,+14.4,+13.1,+12.5,+28.7,+36.8,+19.7,+19.8,+19.7,+19.8,+20.1,+20.2,+20.3
2023-12-14 12:33,1,+21.7,+14.4,+13.1,+12.5,+28.7,+36.8,+19.8,+19.8,+19.7,+19.7,+20.1,+20.2,+20.3
2023-12-14 13:33,1,+21.8,+14.4,+13.1,+12.4,+28.7,+36.8,+19.7,+19.8,+19.7,+19.7,+20.1,+20.2,+20.3
2023-12-14 14:33,1,+21.5,+14.4,+13.1,+12.4,+28.7,+36.8,+19.6,+19.8,+19.7,+19.8,+20.1,+20.2,+20.3
2023-12-14 15:33,1,+21.3,+14.4,+13.1,+12.5,+28.8,+36.8,+19.6,+19.8,+19.7,+19.8,+20.1,+20.2,+20.3
2023-12-14 16:33,1,+21.3,+14.3,+13.1,+12.5,+28.8,+36.8,+19.6,+19.8,+19.7,+19.7,+20.1,+20.2,+20.3
2023-12-14 17:33,1,+21.2,+14.3,+13.1,+12.6,+28.8,+36.8,+19.5,+19.8,+19.7,+19.8,+20.1,+20.2,+20.3
2023-12-14 18:33,1,+21.1,+14.3,+13.1,+12.4,+28.7,+36.8,+19.3,+19.8,+19.7,+19.7,+20.1,+20.2,+20.3
2023-12-14 19:33,1,+21.0,+14.3,+13.1,+12.5,+28.8,+36.8,+19.2,+19.7,+19.7,+19.7,+20.1,+20.2,+20.3
2023-12-14 20:33,1,+20.9,+14.3,+13.1,+12.4,+28.7,+36.8,+19.2,+19.7,+19.7,+19.7,+20.1,+20.2,+20.3
2023-12-14 21:33,1,+20.8,+14.2,+13.0,+12.5,+28.8,+36.8,+19.2,+19.7,+19.6,+19.7,+20.0,+20.2,+20.3
2023-12-14 22:33,1,+20.8,+14.2,+13.0,+12.4,+28.7,+36.8,+19.1,+19.6,+19.7,+19.7,+20.0,+20.2,+20.3
2023-12-14 23:33,1,+20.4,+14.1,+12.9,+12.4,+28.6,+36.7,+20.5,+14.0,+12.9,+12.3,+28.6,+36.7,,,,,,,
2023-12-15 00:33,1,,,,,,,+18.8,+19.3,+19.5,+19.6,+20.1,+20.1,+20.2
2023-12-15 01:33,1,+20.5,+14.0,+12.9,+12.3,+28.6,+36.7,+19.1,+19.3,+19.5,+19.6,+20.0,+20.1,+20.2
2023-12-15 02:33,1,+20.5,+14.0,+12.9,+12.3,+28.6,+36.7,+19.3,+19.3,+19.5,+19.6,+20.1,+20.1,+20.2
2023-12-15 03:33,1,+20.4,+14.0,+12.9,+12.3,+28.6,+36.7,+19.7,+19.3,+19.3,+19.6,+20.0,+20.1,+20.2
2023-12-15 04:33,1,+20.4,+14.0,+12.9,+12.4,+28.6,+36.7,+20.0,+19.5,+19.5,+19.6,+20.1,+20.1,+20.3
2023-12-15 05:33,1,+20.4,+14.0,+12.9,+12.3,+28.6,+36.6,+20.1,+19.6,+19.5,+19.6,+20.0,+20.1,+20.3
2023-12-15 06:33,1,+20.4,+14.0,+12.9,+12.3,+28.5,+36.6,+20.0,+19.7,+19.5,+19.6,+20.0,+20.1,+20.3
2023-12-15 07:33,1,+20.3,+14.0,+12.9,+12.3,+28.5,+36.6,+20.0,+19.7,+19.5,+19.6,+20.0,+20.1,+20.3
2023-12-15 08:33,1,+20.4,+14.0,+12.9,+12.4,+28.6,+36.6,+20.0,+19.8,+19.6,+19.6,+20.0,+20.1,+20.2
2023-12-15 09:33,1,+20.3,+14.0,+12.9,+12.3,+28.5,+36.6,+19.8,+19.8,+19.5,+19.6,+20.0,+20.1,+20.3
2023-12-15 10:33,1,+20.3,+14.0,+12.8,+12.4,+28.6,+36.6,+19.7,+19.8,+19.6,+19.6,+20.0,+20.2,+20.2
2023-12-15 11:33,1,+20.3,+14.0,+12.9,+12.4,+28.5,+36.6,+19.6,+19.8,+19.6,+19.6,+19.8,+20.1,+20.2
2023-12-15 12:33,1,+20.2,+14.0,+12.8,+12.4,+28.5,+36.6,+19.5,+19.7,+19.6,+19.6,+20.0,+20.1,+20.2
2023-12-15 13:33,1,+20.2,+14.0,+12.8,+12.3,+28.5,+36.6,+20.2,+14.0,+12.8,+12.4,+28.5,+36.6,+19.5,+19.7,+19.6,+19.6,+20.0,+20.1,+20.2
2023-12-15 14:33,1,+20.2,+13.9,+12.8,+12.4,+28.5,+36.6,+19.3,+19.7,+19.6,+19.6,+20.0,+20.1,+20.2
2023-12-15 15:33,1,+20.2,+13.9,+12.8,+12.4,+28.5,+36.6,+19.3,+19.6,+19.6,+19.6,+20.0,+20.1,+20.2
2023-12-15 16:33,1,+20.1,+13.9,+12.8,+12.3,+28.5,+36.5,+19.2,+19.6,+19.6,+19.6,+20.0,+20.1,+20.2
2023-12-15 17:33,1,+20.1,+13.9,+12.8,+12.3,+28.5,+36.5,+19.2,+19.6,+19.6,+19.6,+20.0,+20.1,+20.2
2023-12-15 18:33,1,+20.1,+13.9,+12.8,+12.3,+28.5,+36.5,+19.2,+19.6,+19.6,+19.6,+20.0,+20.1,+20.2
2023-12-15 19:33,1,+20.0,+13.9,+12.8,+12.3,+28.4,+36.5,+19.2,+19.5,+19.6,+19.6,+20.0,+20.1,+20.2
2023-12-15 20:33,1,+20.0,+13.9,+12.8,+12.4,+28.5,+36.5,+19.2,+19.6,+19.5,+19.6,+20.0,+20.1,+20.2
2023-12-15 21:33,1,+20.0,+13.9,+12.8,+12.4,+28.5,+36.5,+19.2,+19.6,+19.5,+19.6,+20.0,+20.1,+20.2
2023-12-15 22:33,1,+20.0,+13.9,+12.8,+12.3,+28.4,+36.5,+19.2,+19.5,+19.6,+19.6,+20.0,+20.1,+20.2
2023-12-15 23:33,1,+20.0,+13.9,+12.8,+12.3,+28.4,+36.5,+19.2,+19.5,+19.5,+19.6,+20.0,+20.1,+20.2
2023-12-16 00:33,1,+20.0,+13.9,+12.8,+12.3,+28.5,+36.5,+19.3,+19.5,+19.5,+19.6,+20.0,+20.1,+20.2
2023-12-16 01:33,1,+20.0,+13.9,+12.8,+12.2,+28.4,+36.5,+19.5,+19.6,+19.5,+19.6,+20.0,+20.0,+20.2
2023-12-16 02:33,1,+20.0,+13.8,+12.8,+12.3,+28.4,+36.5,+19.8,+19.6,+19.5,+19.6,+20.0,+20.1,+20.2
2023-12-16 03:33,1,+20.0,+13.8,+12.8,+12.2,+28.4,+36.5,+20.2,+19.7,+19.5,+19.6,+19.8,+20.1,+20.2
2023-12-16 04:33,1,+20.0,+13.8,+12.8,+12.2,+28.4,+36.5,+20.2,+19.7,+19.5,+19.6,+20.0,+20.1,+20.2
2023-12-16 05:33,1,+20.0,+13.8,+12.8,+12.2,+28.4,+36.5,+20.2,+19.8,+19.5,+19.6,+19.8,+20.1,+20.2
2023-12-16 06:33,1,+20.0,+13.8,+12.8,+12.2,+28.4,+36.5,+20.3,+20.0,+19.6,+19.6,+19.8,+20.1,+20.2
2023-12-16 07:33,1,+19.9,+13.8,+12.8,+12.3,+28.4,+36.5,+20.3,+20.0,+19.6,+19.6,+20.0,+20.1,+20.2
2023-12-16 08:33,1,+19.9,+13.8,+12.8,+12.2,+28.3,+36.4,+20.2,+20.0,+19.6,+19.6,+20.0,+20.1,+20.2
2023-12-16 09:33,1,+19.9,+13.8,+12.8,+12.2,+28.4,+36.5,+20.1,+20.1,+19.7,+19.6,+20.0,+20.1,+20.2
2023-12-16 10:33,1,+19.9,+13.8,+12.8,+12.2,+28.3,+36.4,+20.1,+20.1,+19.7,+19.6,+19.8,+20.1,+20.2
2023-12-16 11:33,1,+19.9,+13.8,+12.8,+12.3,+28.4,+36.5,+20.1,+20.1,+19.7,+19.6,+20.0,+20.1,+20.2
2023-12-16 12:33,1,+20.0,+13.8,+12.8,+12.2,+28.3,+36.4,+20.0,+20.1,+19.7,+19.6,+19.8,+20.1,+20.2
2023-12-16 13:33,1,+20.0,+13.8,+12.8,+12.2,+28.3,+36.4,+20.0,+20.1,+19.7,+19.6,+19.8,+20.1,+20.2
2023-12-16 14:33,1,+20.0,+13.8,+12.8,+12.3,+28.4,+36.5,+20.0,+20.1,+19.8,+19.6,+19.8,+20.1,+20.2
2023-12-16 15:33,1,+20.0,+13.8,+12.8,+12.3,+28.4,+36.5,+19.8,+20.1,+19.8,+19.7,+20.0,+20.1,+20.2
2023-12-16 16:33,1,+20.0,+13.8,+12.8,+12.1,+28.3,+36.4,+19.8,+20.0,+19.8,+19.6,+19.8,+20.1,+20.2
2023-12-16 17:33,1,+20.0,+13.8,+12.8,+12.3,+28.4,+36.4,+19.7,+20.0,+19.8,+19.7,+19.8,+20.1,+20.2
2023-12-16 18:33,1,+19.9,+13.8,+12.8,+12.2,+28.3,+36.4,+19.7,+20.0,+19.8,+19.7,+19.8,+20.1,+20.2
2023-12-16 19:33,1,+19.9,+13.8,+12.8,+12.1,+28.3,+36.4,+19.7,+20.0,+19.7,+19.7,+20.0,+20.1,+20.2
2023-12-16 20:33,1,+19.9,+13.8,+12.8,+12.2,+28.3,+36.4,+19.5,+19.8,+19.7,+19.7,+20.0,+20.1,+20.2
2023-12-16 21:33,1,+19.9,+13.8,+12.8,+12.1,+28.3,+36.4,+19.3,+19.8,+19.7,+19.6,+20.0,+20.1,+20.2
2023-12-16 22:33,1,+19.8,+13.8,+12.7,+12.2,+28.3,+36.4,+19.3,+19.8,+19.8,+19.7,+20.0,+20.1,+20.2
2023-12-16 23:33,1,+19.8,+13.8,+12.8,+12.2,+28.3,+36.4,+19.3,+19.8,+19.8,+19.7,+20.0,+20.1,+20.2
2023-12-17 00:33,1,+19.8,+13.8,+12.7,+12.1,+28.3,+36.4,+19.5,+19.8,+19.7,+19.7,+20.0,+20.1,+20.2
2023-12-17 01:33,1,+19.8,+13.8,+12.7,+12.1,+28.3,+36.4,+19.7,+19.7,+19.7,+19.7,+20.0,+20.1,+20.2
2023-12-17 02:33,1,+19.8,+13.8,+12.7,+12.2,+28.3,+36.4,+20.0,+19.8,+19.7,+19.7,+20.0,+20.1,+20.2
2023-12-17 03:33,1,+19.8,+13.8,+12.7,+12.1,+28.3,+36.4,+20.2,+19.8,+19.7,+19.7,+20.0,+20.1,+20.2
2023-12-17 04:33,1,+19.8,+13.7,+12.7,+12.1,+28.3,+36.4,+20.3,+20.0,+19.7,+19.7,+20.0,+20.1,+20.2
2023-12-17 05:33,1,+19.7,+13.8,+12.7,+12.1,+28.3,+36.4,+20.3,+20.0,+19.7,+19.7,+20.0,+20.1,+20.2
2023-12-17 06:33,1,+19.7,+13.7,+12.7,+12.0,+28.3,+36.3,+20.3,+20.1,+19.7,+19.7,+20.0,+20.1,+20.2
2023-12-17 07:33,1,+19.7,+13.7,+12.7,+12.1,+28.3,+36.4,+20.3,+20.1,+19.8,+19.7,+20.0,+20.1,+20.2
2023-12-17 08:33,1,+19.7,+13.7,+12.7,+12.1,+28.3,+36.3,+20.2,+20.1,+19.8,+19.7,+20.0,+20.1,+20.2
2023-12-17 09:33,1,+19.7,+13.7,+12.7,+12.1,+28.3,+36.4,+20.1,+20.1,+19.7,+19.7,+20.0,+20.1,+20.2
2023-12-17 10:33,1,+19.7,+13.7,+12.7,+12.0,+28.2,+36.3,+19.8,+20.1,+19.8,+19.7,+20.0,+20.1,+20.2
2023-12-17 11:33,1,+19.6,+13.7,+12.7,+12.0,+28.2,+36.3,+19.8,+20.1,+19.8,+19.7,+20.0,+20.1,+20.2
2023-12-17 12:33,1,+19.6,+13.7,+12.7,+12.1,+28.3,+36.3,+19.7,+20.1,+19.8,+19.7,+20.0,+20.1,+20.2
2023-12-17 13:33,1,+19.6,+13.7,+12.7,+12.1,+28.3,+36.3,+19.6,+20.0,+19.8,+19.7,+20.0,+20.1,+20.2
2023-12-17 14:33,1,+19.6,+13.7,+12.7,+12.1,+28.3,+36.3,+19.6,+20.0,+19.8,+19.7,+20.0,+20.1,+20.2
2023-12-17 15:33,1,+19.6,+13.7,+12.7,+12.1,+28.3,+36.3,+19.5,+19.8,+19.8,+19.7,+20.0,+20.1,+20.2
2023-12-17 16:33,1,+19.6,+13.7,+12.7,+12.1,+28.3,+36.3,+19.5,+19.8,+19.8,+19.7,+20.0,+20.1,+20.2
2023-12-17 17:33,1,+19.8,+13.7,+12.7,+11.9,+28.2,+36.3,+19.3,+19.8,+19.8,+19.7,+20.0,+20.1,+20.2
2023-12-17 18:33,1,+21.0,+13.8,+12.7,+12.2,+28.3,+36.3,+19.0,+19.6,+19.8,+19.7,+20.0,+20.1,+20.2
2023-12-17 19:33,1,+20.8,+13.8,+12.7,+12.3,+28.3,+36.3,+18.7,+19.6,+19.7,+19.7,+20.0,+20.1,+20.2
2023-12-17 20:33,1,+20.7,+13.8,+12.7,+12.3,+28.3,+36.3,+18.6,+19.5,+19.7,+19.7,+20.0,+20.2,+20.2
2023-12-17 21:33,1,+20.2,+13.8,+12.7,+12.4,+28.3,+36.3,+19.2,+19.2,+19.5,+19.7,+20.0,+20.1,+20.2
2023-12-17 22:33,1,+20.2,+13.8,+12.6,+12.3,+28.2,+36.3,+19.1,+19.3,+19.5,+19.6,+20.0,+20.1,+20.2
2023-12-17 23:33,1,+20.1,+13.8,+12.6,+12.4,+28.3,+36.3,+19.0,+19.3,+19.5,+19.7,+20.0,+20.1,+20.2
2023-12-18 00:33,1,+20.1,+13.8,+12.6,+12.3,+28.2,+36.3,+18.8,+19.3,+19.5,+19.6,+20.0,+20.1,+20.2
2023-12-18 01:33,1,+20.0,+13.8,+12.6,+12.3,+28.2,+36.3,+18.8,+19.2,+19.5,+19.6,+20.0,+20.1,+20.2
2023-12-18 02:33,1,+20.0,+13.8,+12.6,+12.4,+28.3,+36.3,+18.6,+19.2,+19.5,+19.6,+20.0,+20.1,+20.2
2023-12-18 03:33,1,+20.0,+13.8,+12.6,+12.3,+28.2,+36.2,+18.6,+19.2,+19.3,+19.6,+20.0,+20.1,+20.2
2023-12-18 04:33,1,+19.9,+13.8,+12.6,+12.4,+28.3,+36.3,+18.5,+19.2,+19.2,+19.6,+20.0,+20.1,+20.2
2023-12-18 05:33,1,+19.9,+13.8,+12.6,+12.3,+28.2,+36.3,+18.5,+19.1,+19.2,+19.6,+20.0,+20.1,+20.2
2023-12-18 06:33,1,+22.9,+14.3,+12.8,+13.5,+28.3,+36.3,+17.8,+18.6,+19.1,+19.5,+19.8,+20.1,+20.2
2023-12-18 07:33,1,+23.4,+14.4,+12.9,+13.7,+28.3,+36.3,+17.6,+18.6,+19.0,+19.5,+19.8,+20.0,+20.2
2023-12-18 08:33,1,+23.0,+14.6,+13.1,+13.8,+28.3,+36.3,+17.5,+18.5,+18.8,+19.3,+19.8,+20.0,+20.2
2023-12-18 09:33,1,+23.3,+14.6,+13.2,+14.2,+28.3,+36.3,+17.3,+18.3,+18.8,+19.3,+19.8,+20.1,+20.2
2023-12-18 10:33,1,+23.1,+14.6,+13.3,+14.3,+28.5,+36.3,+17.2,+18.2,+18.8,+19.3,+19.7,+20.0,+20.2
2023-12-18 11:33,1,+23.1,+14.7,+13.4,+14.6,+28.7,+36.3,+17.1,+18.1,+18.7,+19.2,+19.7,+20.0,+20.2
2023-12-18 12:33,1,+22.6,+14.6,+13.4,+14.6,+28.8,+36.4,+17.1,+18.1,+18.6,+19.2,+19.7,+20.0,+20.2
2023-12-18 13:33,1,+22.0,+14.6,+13.4,+14.7,+29.0,+36.6,+17.0,+18.0,+18.6,+19.2,+19.7,+20.0,+20.2
2023-12-18 14:33,1,+21.1,+14.3,+13.3,+15.8,+29.1,+37.1,+17.0,+17.2,+17.7,+18.3,+19.1,+19.5,+19.8
2023-12-18 15:33,1,+20.9,+14.3,+13.3,+15.9,+29.2,+37.1,+17.0,+17.3,+17.7,+18.3,+19.1,+19.3,+19.8
2023-12-18 16:33,1,+20.9,+14.3,+13.3,+15.7,+29.1,+37.1,+17.1,+17.3,+17.6,+18.3,+19.1,+19.5,+19.7
2023-12-18 17:33,1,+20.8,+14.2,+13.3,+15.7,+29.1,+37.1,+17.0,+17.3,+17.7,+18.3,+19.1,+19.3,+19.8
2023-12-18 18:33,1,+20.8,+14.2,+13.3,+15.8,+29.1,+37.1,+17.0,+17.3,+17.6,+18.3,+19.0,+19.3,+19.8
2023-12-18 19:33,1,+20.7,+14.2,+13.3,+15.7,+29.0,+37.0,+16.8,+17.3,+17.7,+18.2,+19.0,+19.3,+19.8
2023-12-18 20:33,1,+20.7,+14.2,+13.3,+15.7,+29.0,+37.0,+16.8,+17.3,+17.7,+18.2,+19.0,+19.3,+19.7
2023-12-18 21:33,1,+20.6,+14.2,+13.2,+15.7,+29.0,+37.0,+16.7,+17.3,+17.7,+18.2,+19.0,+19.3,+19.8
2023-12-18 22:33,1,+20.5,+14.1,+13.2,+15.7,+28.9,+36.9,+16.7,+17.3,+17.7,+18.2,+19.0,+19.3,+19.7
2023-12-18 23:33,1,+20.5,+14.1,+13.2,+15.8,+29.0,+36.9,+16.6,+17.3,+17.6,+18.2,+19.0,+19.2,+19.7
2023-12-19 00:33,1,+20.4,+14.1,+13.2,+15.8,+28.9,+36.9,+16.5,+17.2,+17.7,+18.2,+18.8,+19.2,+19.7
2023-12-19 01:33,1,+20.4,+14.1,+13.2,+15.6,+28.9,+36.9,+16.3,+17.2,+17.7,+18.2,+19.0,+19.3,+19.7
2023-12-19 02:33,1,+20.3,+14.0,+13.2,+15.6,+28.9,+36.9,+16.5,+17.2,+17.6,+18.2,+19.0,+19.2,+19.7
2023-12-19 03:33,1,+20.3,+14.0,+13.2,+15.7,+28.9,+36.9,+16.5,+17.1,+17.6,+18.2,+19.0,+19.2,+19.7
2023-12-19 04:33,1,+20.3,+14.0,+13.2,+15.7,+28.9,+36.8,+16.5,+17.1,+17.6,+18.1,+18.8,+19.2,+19.7
2023-12-19 05:33,1,+20.2,+14.0,+13.2,+15.7,+28.9,+36.8,+16.5,+17.1,+17.6,+18.2,+18.8,+19.2,+19.6
2023-12-19 06:33,1,+20.2,+14.0,+13.1,+15.6,+28.8,+36.8,+16.5,+17.1,+17.6,+18.1,+18.8,+19.2,+19.6
2023-12-19 07:33,1,+20.3,+14.0,+13.1,+15.7,+28.8,+36.8,+16.5,+17.1,+17.6,+18.1,+18.8,+19.1,+19.6
2023-12-19 08:33,1,+20.7,+14.0,+13.1,+15.7,+28.8,+36.8,+16.5,+17.1,+17.5,+18.1,+18.8,+19.2,+19.6
2023-12-19 09:33,1,+21.0,+14.0,+13.1,+15.7,+28.8,+36.8,+16.5,+17.1,+17.5,+18.1,+18.8,+19.1,+19.6
2023-12-19 10:33,1,+21.2,+14.0,+13.1,+16.0,+28.8,+36.8,+16.3,+17.0,+17.5,+18.1,+18.8,+19.2,+19.6
2023-12-19 11:33,1,+21.3,+14.0,+13.1,+16.2,+28.8,+36.8,+16.5,+17.0,+17.5,+18.1,+18.8,+19.1,+19.6
2023-12-19 12:33,1,+21.1,+14.1,+13.1,+16.2,+28.8,+36.8,+16.7,+17.0,+17.5,+18.1,+18.8,+19.2,+19.6
2023-12-19 13:33,1,+21.0,+14.1,+13.1,+16.2,+28.8,+36.7,+17.3,+17.1,+17.5,+18.1,+18.8,+19.1,+19.6
2023-12-19 14:33,1,+20.9,+14.1,+13.1,+16.3,+28.8,+36.7,+17.6,+17.2,+17.3,+18.0,+18.7,+19.1,+19.6