
2023-07-20 11:15,3,+12.9,+18.9,+16.1,+3.7,+9.5,+12.4,+21.0,+20.8,+21.0,+21.2,+21.2,+21.2,+21.0
2023-07-20 12:15,3,+14.1,+19.9,+16.4,+3.9,+9.6,+12.4,+21.1,+21.0,+21.0,+21.2,+21.2,+21.2,+21.1
2023-07-20 13:15,3,+13.5,+20.6,+17.5,+4.0,+9.5,+12.4,+21.1,+21.0,+21.0,+21.2,+21.2,+21.2,+21.1
2023-07-20 14:15,3,+12.7,+19.7,+17.1,+4.4,+9.8,+12.5,+21.2,+21.1,+21.1,+21.2,+21.1,+21.2,+21.0
2023-07-20 15:15,3,+12.3,+19.3,+16.9,+4.3,+9.9,+12.6,+21.2,+21.1,+21.1,+21.1,+21.1,+21.2,+21.0
2023-07-20 16:15,3,+12.5,+19.1,+16.7,+4.3,+10.1,+12.8,+21.1,+21.1,+21.1,+21.2,+21.1,+21.2,+21.0
2023-07-20 17:15,3,+12.3,+19.0,+16.6,+4.4,+10.2,+13.0,+21.0,+21.1,+21.1,+21.2,+21.1,+21.2,+21.0
2023-07-20 18:15,3,+12.2,+18.9,+16.5,+4.4,+10.2,+13.1,+20.8,+21.1,+21.1,+21.2,+21.1,+21.2,+21.0
2023-07-20 19:15,3,+12.2,+18.8,+16.5,+4.2,+10.1,+13.1,+20.7,+21.1,+21.1,+21.2,+21.2,+21.2,+21.0
2023-07-20 20:15,3,+12.0,+18.7,+16.4,+4.2,+10.1,+13.1,+20.7,+21.1,+21.1,+21.2,+21.1,+21.2,+21.0
2023-07-20 21:15,3,+11.9,+18.7,+16.4,+4.3,+10.2,+13.1,+20.7,+21.1,+21.1,+21.2,+21.1,+21.2,+21.0
2023-07-20 22:15,3,+11.9,+18.6,+16.3,+4.2,+10.1,+13.1,+20.7,+21.1,+21.1,+21.2,+21.1,+21.2,+21.0
2023-07-20 23:15,3,+12.9,+18.6,+16.3,+4.2,+10.1,+13.1,+20.7,+21.1,+21.2,+21.2,+21.1,+21.2,+21.1
2023-07-21 00:15,3,+13.1,+18.7,+16.2,+4.3,+10.2,+13.1,+20.7,+21.1,+21.1,+21.2,+21.1,+21.2,+21.0
2023-07-21 01:15,3,+13.4,+18.8,+16.2,+4.2,+10.1,+13.1,+20.7,+21.1,+21.1,+21.2,+21.1,+21.2,+21.1
2023-07-21 02:15,3,+13.8,+19.1,+16.3,+4.3,+10.1,+13.1,+20.7,+21.1,+21.2,+21.2,+21.1,+21.2,+21.1
2023-07-21 03:15,3,+14.6,+19.8,+16.6,+4.2,+10.1,+13.1,+20.7,+21.1,+21.1,+21.2,+21.2,+21.2,+21.1
2023-07-21 04:15,3,+15.9,+20.9,+17.2,+4.3,+10.2,+13.1,+20.7,+21.0,+21.1,+21.2,+21.2,+21.2,+21.0
2023-07-21 05:15,3,+15.2,+20.8,+17.6,+4.6,+10.2,+13.2,+20.6,+21.0,+21.1,+21.2,+21.1,+21.2,+21.0
2023-07-21 06:15,3,+13.5,+20.2,+17.5,+4.7,+10.5,+13.4,+20.6,+21.1,+21.1,+21.2,+21.1,+21.2,+21.0
2023-07-21 07:15,3,+13.1,+19.7,+17.2,+4.6,+10.5,+13.5,+20.6,+21.1,+21.1,+21.2,+21.1,+21.2,+21.0
2023-07-21 08:15,3,+12.8,+19.4,+17.0,+4.6,+10.5,+13.6,+20.7,+21.0,+21.1,+21.2,+21.2,+21.2,+21.0
2023-07-21 09:15,3,+12.3,+19.3,+16.8,+4.5,+10.5,+13.5,+21.3,+21.1,+21.1,+21.2,+21.1,+21.2,+21.0
2023-07-21 10:15,3,+12.0,+19.1,+16.7,+4.4,+10.4,+13.5,+21.7,+21.1,+21.1,+21.2,+21.1,+21.2,+21.0
2023-07-21 11:15,3,+11.8,+19.0,+16.6,+4.5,+10.4,+13.5,+21.8,+21.2,+21.1,+21.2,+21.2,+21.2,+21.0
2023-07-21 12:15,3,+11.7,+18.9,+16.5,+4.4,+10.4,+13.4,+21.8,+21.2,+21.2,+21.2,+21.2,+21.2,+21.0
2023-07-21 13:15,3,+11.6,+18.8,+16.5,+4.4,+10.4,+13.4,+22.0,+21.3,+21.1,+21.2,+21.2,+21.2,+21.0
2023-07-21 14:15,3,+11.4,+18.8,+16.4,+4.4,+10.4,+13.4,+22.1,+21.5,+21.2,+21.2,+21.2,+21.2,+21.0
2023-07-21 15:15,3,+11.3,+18.7,+16.3,+4.4,+10.4,+13.4,+22.0,+21.5,+21.2,+21.2,+21.1,+21.2,+21.1
2023-07-21 16:15,3,+11.3,+18.6,+16.2,+4.4,+10.4,+13.3,+21.8,+21.5,+21.2,+21.2,+21.1,+21.2,+21.0
2023-07-21 17:15,3,+11.2,+18.6,+16.2,+4.4,+10.4,+13.3,+21.7,+21.6,+21.3,+21.2,+21.1,+21.2,+21.0
2023-07-21 18:15,3,+11.1,+18.5,+16.1,+4.4,+10.3,+13.3,+21.5,+21.6,+21.2,+21.3,+21.1,+21.2,+21.0
2023-07-21 19:15,3,+11.2,+18.5,+16.1,+4.3,+10.3,+13.2,+21.3,+21.6,+21.3,+21.3,+21.2,+21.2,+21.0
2023-07-21 20:15,3,+12.2,+18.5,+16.1,+4.3,+10.2,+13.2,+21.2,+21.5,+21.3,+21.3,+21.2,+21.2,+21.0
2023-07-21 21:15,3,+12.5,+18.5,+16.1,+4.3,+10.2,+13.2,+21.2,+21.5,+21.3,+21.3,+21.2,+21.2,+21.0
2023-07-21 22:15,3,+12.2,+18.6,+16.1,+4.3,+10.2,+13.1,+21.2,+21.5,+21.3,+21.3,+21.2,+21.2,+21.0
2023-07-21 23:15,3,+11.8,+18.6,+16.0,+4.3,+10.2,+13.1,+21.1,+21.5,+21.3,+21.3,+21.2,+21.2,+21.0
2023-07-22 00:15,3,+11.7,+18.7,+16.0,+4.2,+10.2,+13.1,+21.0,+21.5,+21.3,+21.3,+21.1,+21.2,+21.0
2023-07-22 01:15,3,+11.6,+18.6,+16.1,+4.3,+10.2,+13.1,+20.8,+21.5,+21.3,+21.3,+21.2,+21.2,+21.0
2023-07-22 02:15,3,+11.5,+18.6,+16.0,+4.2,+10.2,+13.1,+20.8,+21.3,+21.3,+21.3,+21.2,+21.2,+21.0
2023-07-22 03:15,3,+11.5,+18.6,+16.0,+4.1,+10.1,+13.0,+20.8,+21.3,+21.3,+21.3,+21.2,+21.3,+21.0
2023-07-22 04:15,3,+11.4,+18.6,+16.1,+4.1,+10.1,+13.0,+20.7,+21.3,+21.5,+21.3,+21.2,+21.3,+21.1
2023-07-22 05:15,3,+11.4,+18.6,+16.0,+4.3,+10.2,+13.0,+20.7,+21.3,+21.5,+21.3,+21.2,+21.2,+21.0
2023-07-22 06:15,3,+11.4,+18.6,+16.0,+4.1,+10.2,+13.0,+20.7,+21.3,+21.5,+21.3,+21.2,+21.2,+21.0
2023-07-22 07:15,3,+11.3,+18.5,+16.0,+4.2,+10.3,+13.0,+21.1,+21.2,+21.3,+21.3,+21.2,+21.2,+21.0
2023-07-22 08:15,3,+11.3,+18.5,+16.0,+4.2,+10.2,+13.0,+21.3,+21.3,+21.3,+21.3,+21.2,+21.2,+21.1
2023-07-22 09:15,3,+11.2,+18.5,+16.0,+4.2,+10.2,+13.0,+21.3,+21.3,+21.3,+21.3,+21.2,+21.2,+21.0
2023-07-22 10:15,3,+11.1,+18.4,+15.9,+4.1,+10.2,+13.0,+21.5,+21.3,+21.3,+21.5,+21.2,+21.3,+21.0
2023-07-22 11:15,3,+11.1,+18.4,+15.9,+4.2,+10.2,+13.0,+21.2,+21.5,+21.3,+21.3,+21.2,+21.2,+21.0
2023-07-22 12:15,3,+11.1,+18.4,+15.9,+4.2,+10.2,+13.0,+21.5,+21.5,+21.3,+21.3,+21.2,+21.3,+21.1
2023-07-22 13:15,3,+11.1,+18.3,+15.9,+4.1,+10.2,+12.9,+21.7,+21.5,+21.3,+21.3,+21.2,+21.2,+21.0
2023-07-22 14:15,3,+11.0,+18.3,+15.8,+4.2,+10.2,+12.9,+21.8,+21.5,+21.5,+21.5,+21.2,+21.3,+21.0
2023-07-22 15:15,3,+10.9,+18.2,+15.8,+4.1,+10.2,+12.9,+21.8,+21.6,+21.5,+21.3,+21.2,+21.2,+21.0
2023-07-22 16:15,3,+10.8,+18.2,+15.8,+4.2,+10.2,+12.9,+21.7,+21.6,+21.5,+21.5,+21.2,+21.2,+21.0
2023-07-22 17:15,3,+10.8,+18.2,+15.8,+4.1,+10.2,+12.9,+21.6,+21.6,+21.3,+21.5,+21.2,+21.3,+21.0
2023-07-22 18:15,3,+10.8,+18.2,+15.7,+4.2,+10.2,+12.9,+21.3,+21.6,+21.5,+21.5,+21.2,+21.3,+21.0
2023-07-22 19:15,3,+10.8,+18.2,+15.7,+4.1,+10.2,+12.8,+21.1,+21.6,+21.3,+21.5,+21.2,+21.3,+21.0
2023-07-22 20:15,3,+10.8,+18.1,+15.7,+4.1,+10.2,+12.9,+21.1,+21.6,+21.5,+21.5,+21.2,+21.3,+21.0
2023-07-22 21:15,3,+10.8,+18.1,+15.7,+4.1,+10.2,+12.8,+21.0,+21.5,+21.5,+21.5,+21.2,+21.3,+21.1
2023-07-22 22:15,3,+10.9,+18.1,+15.7,+4.2,+10.2,+12.8,+21.0,+21.5,+21.5,+21.5,+21.2,+21.2,+21.1
2023-07-22 23:15,3,+10.8,+18.1,+15.7,+4.2,+10.2,+12.8,+21.0,+21.5,+21.5,+21.5,+21.2,+21.3,+21.1
2023-07-23 00:15,3,+10.8,+18.1,+15.7,+4.1,+10.1,+12.8,+20.5,+21.3,+21.5,+21.5,+21.2,+21.3,+21.0
2023-07-23 01:15,3,+10.7,+18.0,+15.7,+4.1,+10.2,+12.8,+20.2,+21.3,+21.5,+21.5,+21.2,+21.3,+21.1
2023-07-23 02:15,3,+10.7,+18.0,+15.6,+4.1,+10.1,+12.8,+20.0,+21.2,+21.5,+21.5,+21.3,+21.3,+21.0
2023-07-23 03:15,3,+10.7,+18.0,+15.6,+4.1,+10.1,+12.8,+20.1,+21.1,+21.5,+21.5,+21.3,+21.3,+21.1
2023-07-23 04:15,3,+10.7,+18.0,+15.6,+4.2,+10.2,+12.8,+20.0,+21.2,+21.5,+21.5,+21.2,+21.3,+21.1
2023-07-23 05:15,3,+10.7,+18.0,+15.6,+4.1,+10.1,+12.8,+20.0,+21.1,+21.5,+21.5,+21.2,+21.3,+21.0
2023-07-23 06:15,3,+10.7,+18.0,+15.6,+4.2,+10.2,+12.8,+19.7,+21.1,+21.3,+21.5,+21.2,+21.3,+21.1
2023-07-23 07:15,3,+10.6,+18.0,+15.5,+4.1,+10.1,+12.8,+19.8,+21.0,+21.3,+21.5,+21.3,+21.3,+21.0
2023-07-23 08:15,3,+10.6,+17.9,+15.5,+4.1,+10.1,+12.8,+20.0,+21.0,+21.3,+21.5,+21.3,+21.3,+21.1
2023-07-23 09:15,3,+10.6,+17.8,+15.5,+4.1,+10.1,+12.7,+20.7,+21.0,+21.3,+21.5,+21.3,+21.3,+21.1
2023-07-23 10:15,3,+10.4,+17.8,+15.5,+4.1,+10.1,+12.7,+21.7,+21.1,+21.3,+21.5,+21.3,+21.3,+21.1
2023-07-23 11:15,3,+10.3,+17.7,+15.4,+4.1,+10.1,+12.7,+21.6,+21.1,+21.3,+21.5,+21.3,+21.3,+21.0
2023-07-23 12:15,3,+10.2,+17.7,+15.4,+4.1,+10.1,+12.7,+21.7,+21.2,+21.3,+21.5,+21.2,+21.3,+21.1
2023-07-23 13:15,3,+10.2,+17.6,+15.3,+4.1,+10.1,+12.7,+22.2,+21.3,+21.3,+21.5,+21.3,+21.3,+21.1
2023-07-23 14:15,3,+10.1,+17.5,+15.3,+4.1,+10.1,+12.7,+22.1,+21.3,+21.3,+21.5,+21.3,+21.3,+21.1
2023-07-23 15:15,3,+10.0,+17.5,+15.3,+4.1,+10.0,+12.7,+22.1,+21.5,+21.3,+21.5,+21.2,+21.3,+21.1
2023-07-23 16:15,3,+9.9,+17.5,+15.3,+4.1,+10.1,+12.7,+22.0,+21.6,+21.3,+21.5,+21.2,+21.3,+21.1
2023-07-23 17:15,3,+9.8,+17.5,+15.3,+4.1,+10.1,+12.7,+21.5,+21.6,+21.3,+21.5,+21.2,+21.3,+21.1
2023-07-23 18:15,3,+11.2,+17.6,+15.3,+4.2,+10.1,+12.7,+21.0,+21.6,+21.3,+21.5,+21.3,+21.3,+21.1
2023-07-23 19:15,3,+11.5,+17.6,+15.3,+4.1,+10.1,+12.7,+20.7,+21.5,+21.5,+21.5,+21.3,+21.3,+21.0
2023-07-23 20:15,3,+11.3,+17.6,+15.3,+4.1,+10.1,+12.7,+20.7,+21.5,+21.5,+21.5,+21.2,+21.3,+21.1
2023-07-23 21:15,3,+11.1,+17.6,+15.3,+4.2,+10.1,+12.7,+20.6,+21.5,+21.3,+21.5,+21.3,+21.3,+21.1
2023-07-23 22:15,3,+11.1,+17.7,+15.3,+4.1,+10.1,+12.7,+20.6,+21.3,+21.5,+21.5,+21.2,+21.3,+21.0
2023-07-23 23:15,3,+11.0,+17.7,+15.2,+4.1,+10.1,+12.7,+20.6,+21.3,+21.5,+21.5,+21.2,+21.3,+21.1
2023-07-24 00:15,3,+11.0,+17.6,+15.2,+4.1,+10.1,+12.6,+20.6,+21.3,+21.5,+21.5,+21.2,+21.3,+21.0
2023-07-24 01:15,3,+10.9,+17.7,+15.3,+4.1,+10.1,+12.7,+20.5,+21.3,+21.5,+21.5,+21.2,+21.3,+21.1
2023-07-24 02:15,3,+10.9,+17.7,+15.3,+4.1,+10.1,+12.7,+20.5,+21.2,+21.5,+21.5,+21.3,+21.3,+21.1
2023-07-24 03:15,3,+10.9,+17.8,+15.2,+4.1,+10.1,+12.7,+20.5,+21.2,+21.5,+21.5,+21.3,+21.3,+21.1
2023-07-24 04:15,3,+11.0,+17.7,+15.3,+4.1,+10.1,+12.7,+20.5,+21.2,+21.5,+21.6,+21.3,+21.3,+21.1
2023-07-24 05:15,3,+12.3,+17.8,+15.3,+4.1,+10.1,+12.7,+20.5,+21.2,+21.3,+21.5,+21.3,+21.3,+21.1
2023-07-24 06:15,3,+13.3,+17.8,+15.3,+3.9,+10.1,+12.6,+20.5,+21.2,+21.3,+21.5,+21.2,+21.3,+21.1
2023-07-24 07:15,3,+12.9,+17.9,+15.3,+4.1,+10.1,+12.6,+20.5,+21.1,+21.3,+21.5,+21.3,+21.3,+21.1
2023-07-24 08:15,3,+12.6,+17.9,+15.2,+3.9,+10.0,+12.6,+20.5,+21.1,+21.3,+21.5,+21.3,+21.3,+21.1
2023-07-24 09:15,3,+13.2,+18.0,+15.2,+4.0,+10.1,+12.6,+20.6,+21.1,+21.3,+21.5,+21.3,+21.3,+21.1
2023-07-24 10:15,3,+12.9,+18.1,+15.2,+4.0,+10.0,+12.6,+20.6,+21.1,+21.3,+21.5,+21.3,+21.3,+21.1
2023-07-24 11:15,3,+12.6,+18.3,+15.2,+3.9,+10.0,+12.6,+20.6,+21.1,+21.3,+21.5,+21.3,+21.3,+21.0
2023-07-24 12:15,3,+12.4,+18.4,+15.2,+3.9,+10.0,+12.6,+20.5,+21.1,+21.3,+21.5,+21.3,+21.3,+21.1
2023-07-24 13:15,3,+12.2,+18.4,+15.2,+3.9,+10.0,+12.6,+20.5,+21.1,+21.3,+21.5,+21.3,+21.3,+21.1
2023-07-24 14:15,3,+12.0,+18.4,+15.2,+3.9,+10.0,+12.6,+20.7,+21.1,+21.3,+21.5,+21.3,+21.3,+21.1
2023-07-24 15:15,3,+11.9,+18.5,+15.2,+3.9,+10.0,+12.6,+20.7,+21.1,+21.3,+21.5,+21.3,+21.3,+21.1
2023-07-24 16:15,3,+11.8,+18.5,+15.3,+4.1,+10.1,+12.6,+20.6,+21.1,+21.3,+21.5,+21.3,+21.3,+21.1
2023-07-24 17:15,3,+11.8,+18.5,+15.3,+3.9,+10.0,+12.5,+20.6,+21.1,+21.3,+21.5,+21.3,+21.3,+21.1
2023-07-24 18:15,3,+11.9,+18.5,+15.3,+3.9,+10.0,+12.6,+20.5,+21.1,+21.3,+21.5,+21.3,+21.3,+21.1
2023-07-24 19:15,3,+11.9,+18.5,+15.3,+3.9,+10.0,+12.6,+20.2,+21.1,+21.3,+21.3,+21.3,+21.3,+21.1
2023-07-24 20:15,3,+12.0,+18.5,+15.3,+3.9,+10.0,+12.6,+20.1,+21.1,+21.3,+21.5,+21.3,+21.3,+21.1
2023-07-24 21:15,3,+12.0,+18.5,+15.3,+3.9,+10.0,+12.6,+20.2,+21.1,+21.3,+21.5,+21.3,+21.3,+21.1
2023-07-24 22:15,3,+12.0,+18.6,+15.3,+4.0,+10.1,+12.6,+19.8,+21.1,+21.3,+21.5,+21.3,+21.3,+21.1
2023-07-24 23:15,3,+11.9,+18.6,+15.3,+4.0,+10.0,+12.6,+20.0,+21.0,+21.3,+21.5,+21.3,+21.3,+21.1
2023-07-25 00:15,3,+11.9,+18.6,+15.4,+4.1,+10.1,+12.7,+20.1,+21.0,+21.2,+21.3,+21.3,+21.3,+21.1
2023-07-25 01:15,3,+12.0,+18.6,+15.4,+4.0,+10.1,+12.6,+20.2,+21.0,+21.2,+21.5,+21.3,+21.5,+21.1
2023-07-25 02:15,3,+12.5,+18.6,+15.5,+4.1,+10.1,+12.7,+20.2,+21.0,+21.2,+21.5,+21.3,+21.3,+21.1
2023-07-25 03:15,3,+14.2,+18.7,+15.5,+4.0,+10.1,+12.6,+20.2,+20.8,+21.2,+21.5,+21.3,+21.3,+21.1
2023-07-25 04:15,3,+14.6,+18.7,+15.5,+4.0,+10.0,+12.6,+20.1,+20.8,+21.2,+21.5,+21.3,+21.3,+21.1
2023-07-25 05:15,3,+14.8,+19.1,+15.5,+4.1,+10.1,+12.6,+20.0,+20.8,+21.2,+21.5,+21.3,+21.3,+21.1
2023-07-25 06:15,3,+14.0,+19.5,+15.6,+3.9,+10.0,+12.5,+19.8,+20.8,+21.2,+21.5,+21.3,+21.3,+21.1
2023-07-25 07:15,3,+13.7,+19.7,+15.7,+4.1,+10.1,+12.6,+19.8,+20.8,+21.2,+21.3,+21.3,+21.3,+21.1
2023-07-25 08:15,3,+13.5,+19.7,+15.9,+4.0,+10.0,+12.6,+20.0,+20.8,+21.2,+21.3,+21.3,+21.3,+21.1
2023-07-25 09:15,3,+13.4,+19.7,+16.0,+4.1,+10.1,+12.6,+20.0,+20.7,+21.2,+21.3,+21.3,+21.3,+21.1
2023-07-25 10:15,3,+13.2,+19.7,+16.1,+4.0,+10.0,+12.5,+20.2,+20.8,+21.1,+21.3,+21.3,+21.3,+21.1
2023-07-25 11:15,3,+13.0,+19.6,+16.1,+3.9,+10.0,+12.5,+20.5,+20.8,+21.2,+21.3,+21.3,+21.3,+21.1
2023-07-25 12:15,3,+12.8,+19.6,+16.2,+4.1,+10.1,+12.6,+20.6,+20.8,+21.1,+21.3,+21.3,+21.3,+21.1
2023-07-25 13:15,3,+12.6,+19.5,+16.2,+4.1,+10.1,+12.6,+20.7,+20.8,+21.1,+21.3,+21.3,+21.3,+21.1
2023-07-25 14:15,3,+12.4,+19.4,+16.1,+4.1,+10.1,+12.7,+20.7,+21.0,+21.1,+21.3,+21.3,+21.3,+21.1
2023-07-25 15:15,3,+12.3,+19.4,+16.2,+4.1,+10.1,+12.6,+20.8,+21.0,+21.1,+21.3,+21.2,+21.3,+21.1
2023-07-25 16:15,3,+12.2,+19.3,+16.2,+4.2,+10.2,+12.7,+20.7,+21.0,+21.1,+21.3,+21.3,+21.3,+21.1
2023-07-25 17:15,3,+12.1,+19.3,+16.2,+4.1,+10.1,+12.7,+20.7,+21.0,+21.2,+21.3,+21.3,+21.3,+21.1
2023-07-25 18:15,3,+12.1,+19.5,+16.2,+4.1,+10.2,+12.7,+20.5,+21.0,+21.1,+21.3,+21.3,+21.3,+21.1
2023-07-25 19:15,3,+12.0,+19.4,+16.2,+4.1,+10.2,+12.7,+20.2,+21.1,+21.1,+21.3,+21.2,+21.3,+21.1
2023-07-25 20:15,3,+12.0,+19.4,+16.2,+4.2,+10.2,+12.7,+20.3,+21.0,+21.1,+21.3,+21.2,+21.3,+21.1
2023-07-25 21:15,3,+12.0,+19.4,+16.2,+4.1,+10.2,+12.7,+20.1,+21.0,+21.1,+21.3,+21.3,+21.3,+21.1
2023-07-25 22:15,3,+12.0,+19.4,+16.1,+4.1,+10.2,+12.7,+20.1,+21.0,+21.1,+21.3,+21.2,+21.3,+21.1
2023-07-25 23:15,3,+11.9,+19.4,+16.1,+4.2,+10.2,+12.7,+20.0,+20.8,+21.2,+21.3,+21.2,+21.3,+21.1
2023-07-26 00:15,3,+11.9,+19.4,+16.2,+4.2,+10.2,+12.7,+19.8,+20.8,+21.1,+21.3,+21.2,+21.3,+21.1
2023-07-26 01:15,3,+11.9,+19.4,+16.1,+4.3,+10.2,+12.7,+19.8,+20.8,+21.2,+21.3,+21.3,+21.3,+21.1
2023-07-26 02:15,3,+11.9,+19.5,+16.1,+4.2,+10.2,+12.7,+19.7,+20.7,+21.1,+21.3,+21.3,+21.3,+21.1
2023-07-26 03:15,3,+11.8,+19.5,+16.1,+4.2,+10.2,+12.7,+19.5,+20.7,+21.1,+21.3,+21.2,+21.3,+21.1
2023-07-26 04:15,3,+11.8,+19.4,+16.1,+4.3,+10.2,+12.7,+19.3,+20.7,+21.1,+21.3,+21.3,+21.3,+21.1
2023-07-26 05:15,3,+11.8,+19.4,+16.1,+4.3,+10.3,+12.8,+19.3,+20.6,+21.1,+21.3,+21.2,+21.3,+21.1
2023-07-26 06:15,3,+11.8,+19.4,+16.1,+4.3,+10.2,+12.7,+19.3,+20.6,+21.1,+21.3,+21.2,+21.3,+21.1
2023-07-26 07:15,3,+11.8,+19.4,+16.1,+4.3,+10.2,+12.7,+19.5,+20.6,+21.1,+21.3,+21.2,+21.3,+21.1
2023-07-26 08:15,3,+11.8,+19.3,+16.1,+4.2,+10.2,+12.7,+19.7,+20.5,+21.1,+21.3,+21.2,+21.3,+21.1
2023-07-26 09:15,3,+11.9,+19.3,+16.0,+4.2,+10.2,+12.7,+20.1,+20.5,+21.1,+21.3,+21.2,+21.3,+21.1
2023-07-26 10:15,3,+11.6,+19.3,+16.0,+4.3,+10.3,+12.8,+21.0,+20.6,+21.0,+21.3,+21.2,+21.3,+21.1
2023-07-26 10:26,3,+11.6,+19.3,+16.0,+4.2,+10.2,+12.7,+20.8,+20.6,+21.1,+21.3,+21.2,+21.3,+21.1
2023-07-26 10:35,3,+11.7,+19.3,+16.0,+4.3,+10.3,+12.7,+20.7,+20.7,+21.0,+21.3,+21.2,+21.3,+21.1
2023-07-26 11:35,3,+11.7,+19.3,+16.0,+4.2,+10.2,+12.7,+20.8,+20.7,+21.0,+21.3,+21.2,+21.3,+21.1
2023-07-26 12:35,3,+11.6,+19.2,+16.0,+4.3,+10.3,+12.7,+21.1,+20.8,+21.0,+21.2,+21.2,+21.3,+21.1
2023-07-26 13:35,3,+11.5,+19.2,+15.9,+4.2,+10.2,+12.7,+21.2,+20.8,+21.0,+21.3,+21.2,+21.3,+21.1
2023-07-26 14:35,3,+11.5,+19.2,+15.9,+4.3,+10.3,+12.8,+21.0,+21.0,+21.0,+21.3,+21.2,+21.2,+21.1
2023-07-26 15:35,3,+11.6,+19.2,+15.9,+4.3,+10.3,+12.8,+21.0,+21.0,+21.0,+21.2,+21.2,+21.3,+21.1
2023-07-26 16:35,3,+11.6,+19.2,+15.9,+4.3,+10.3,+12.8,+20.7,+21.0,+21.1,+21.2,+21.2,+21.2,+21.1
2023-07-26 17:35,3,+11.5,+19.1,+15.9,+4.4,+10.3,+12.8,+20.7,+21.0,+21.1,+21.3,+21.2,+21.3,+21.1
2023-07-26 18:35,3,+11.5,+19.1,+15.9,+4.2,+10.3,+12.7,+20.6,+21.0,+21.1,+21.2,+21.2,+21.3,+21.0
2023-07-26 19:35,3,+11.7,+19.1,+15.9,+4.4,+10.3,+12.8,+20.6,+21.0,+21.1,+21.2,+21.2,+21.3,+21.1
2023-07-26 20:35,3,+12.3,+19.2,+15.9,+4.4,+10.3,+12.8,+20.5,+21.0,+21.1,+21.2,+21.2,+21.3,+21.1
2023-07-26 21:35,3,+12.1,+19.1,+15.9,+4.2,+10.2,+12.7,+20.3,+21.0,+21.1,+21.2,+21.2,+21.3,+21.1
2023-07-26 22:35,3,+12.0,+19.1,+15.9,+4.2,+10.2,+12.7,+20.2,+21.0,+21.1,+21.2,+21.2,+21.3,+21.1
2023-07-26 23:35,3,+12.0,+19.2,+15.9,+4.4,+10.3,+12.8,+20.1,+20.8,+21.1,+21.2,+21.2,+21.3,+21.1
2023-07-27 00:35,3,+11.9,+19.2,+15.9,+4.3,+10.2,+12.8,+20.1,+20.8,+21.1,+21.2,+21.2,+21.2,+21.1
2023-07-27 01:35,3,+11.8,+19.2,+15.9,+4.2,+10.2,+12.7,+20.1,+20.8,+21.1,+21.2,+21.2,+21.3,+21.1
2023-07-27 02:35,3,+11.8,+19.2,+15.9,+4.2,+10.2,+12.7,+20.1,+20.8,+21.1,+21.3,+21.2,+21.3,+21.0
2023-07-27 03:35,3,+11.8,+19.2,+15.9,+4.4,+10.3,+12.8,+20.0,+20.8,+21.1,+21.3,+21.2,+21.2,+21.1
2023-07-27 04:35,3,+11.8,+19.4,+15.9,+4.2,+10.2,+12.7,+20.0,+20.7,+21.1,+21.2,+21.2,+21.3,+21.1
2023-07-27 05:35,3,+12.2,+19.5,+15.9,+4.3,+10.3,+12.7,+20.1,+20.7,+21.1,+21.2,+21.2,+21.2,+21.1
2023-07-27 06:35,3,+14.2,+19.6,+15.9,+4.3,+10.3,+12.8,+20.0,+20.7,+21.1,+21.2,+21.2,+21.2,+21.0
2023-07-27 07:35,3,+15.9,+19.7,+15.9,+4.3,+10.3,+12.8,+19.8,+20.7,+21.1,+21.2,+21.2,+21.3,+21.0
2023-07-27 08:35,3,+15.6,+20.6,+15.9,+4.3,+10.3,+12.7,+20.0,+20.7,+21.1,+21.2,+21.2,+21.3,+21.1
2023-07-27 09:35,3,+14.5,+21.1,+16.0,+4.4,+10.3,+12.8,+20.7,+20.7,+21.0,+21.2,+21.2,+21.3,+21.1
2023-07-27 10:35,3,+13.8,+21.2,+16.2,+4.2,+10.2,+12.7,+20.7,+20.7,+21.0,+21.2,+21.2,+21.2,+21.1
2023-07-27 11:35,3,+13.4,+21.1,+16.3,+4.4,+10.3,+12.7,+21.0,+20.8,+21.0,+21.2,+21.2,+21.3,+21.0
2023-07-27 12:35,3,+13.0,+21.0,+16.3,+4.4,+10.3,+12.7,+21.5,+20.8,+21.0,+21.2,+21.1,+21.2,+21.0
2023-07-27 13:35,3,+12.8,+20.9,+16.3,+4.3,+10.2,+12.7,+21.6,+21.0,+21.0,+21.2,+21.2,+21.2,+21.0
2023-07-27 14:35,3,+12.7,+20.9,+16.3,+4.3,+10.2,+12.7,+21.5,+21.1,+21.1,+21.2,+21.2,+21.2,+21.0
2023-07-27 15:35,3,+12.5,+20.9,+16.3,+4.3,+10.3,+12.7,+21.3,+21.1,+21.1,+21.2,+21.2,+21.2,+21.1
2023-07-27 16:35,3,+12.4,+21.0,+16.4,+4.3,+10.3,+12.7,+21.1,+21.1,+21.1,+21.2,+21.2,+21.2,+21.0
2023-07-27 17:35,3,+12.4,+21.1,+16.4,+4.3,+10.3,+12.7,+21.0,+21.2,+21.1,+21.2,+21.2,+21.2,+21.1
2023-07-27 18:35,3,+12.3,+21.0,+16.4,+4.3,+10.3,+12.7,+20.8,+21.1,+21.1,+21.2,+21.2,+21.2,+21.0
2023-07-27 19:35,3,+12.3,+21.1,+16.4,+4.3,+10.3,+12.7,+20.7,+21.1,+21.1,+21.2,+21.2,+21.2,+21.1
2023-07-27 20:35,3,+12.2,+21.1,+16.4,+4.3,+10.3,+12.7,+20.6,+21.1,+21.1,+21.2,+21.2,+21.2,+21.0
2023-07-27 21:35,3,+12.2,+21.1,+16.4,+4.4,+10.3,+12.8,+20.6,+21.1,+21.1,+21.2,+21.2,+21.3,+21.0
2023-07-27 22:35,3,+12.2,+21.1,+16.4,+4.3,+10.3,+12.8,+20.6,+21.1,+21.1,+21.2,+21.1,+21.2,+21.0
2023-07-27 23:35,3,+12.1,+21.1,+16.4,+4.4,+10.4,+12.8,+20.5,+21.0,+21.1,+21.2,+21.1,+21.2,+21.0
2023-07-28 00:35,3,+12.0,+21.3,+16.4,+4.4,+10.4,+12.8,+20.5,+21.1,+21.2,+21.2,+21.2,+21.2,+21.0
2023-07-28 01:35,3,+12.0,+21.3,+16.4,+4.4,+10.3,+12.8,+20.2,+21.1,+21.1,+21.2,+21.2,+21.2,+21.1
2023-07-28 02:35,3,+12.1,+21.3,+16.4,+4.4,+10.3,+12.8,+20.1,+21.0,+21.2,+21.2,+21.2,+21.2,+21.0
2023-07-28 03:35,3,+12.1,+21.3,+16.4,+4.5,+10.4,+12.8,+20.0,+20.8,+21.1,+21.2,+21.2,+21.2,+21.0
2023-07-28 04:35,3,+12.1,+21.2,+16.3,+4.4,+10.3,+12.8,+20.0,+20.8,+21.1,+21.2,+21.2,+21.2,+21.0
2023-07-28 05:35,3,+12.1,+21.2,+16.3,+4.4,+10.3,+12.8,+20.0,+20.8,+21.1,+21.2,+21.2,+21.2,+21.0
2023-07-28 06:35,3,+12.0,+21.2,+16.3,+4.5,+10.4,+12.8,+19.8,+20.8,+21.1,+21.2,+21.2,+21.2,+21.0
2023-07-28 07:35,3,+12.0,+21.1,+16.3,+4.4,+10.4,+12.8,+20.1,+20.7,+21.1,+21.2,+21.2,+21.2,+21.1
2023-07-28 08:35,3,+12.0,+21.1,+16.3,+4.4,+10.3,+12.8,+20.6,+20.7,+21.1,+21.2,+21.2,+21.2,+21.0
2023-07-28 09:35,3,+12.0,+21.1,+16.3,+4.5,+10.4,+12.8,+21.5,+20.8,+21.1,+21.2,+21.1,+21.2,+21.0
2023-07-28 10:35,3,+12.0,+21.0,+16.3,+4.4,+10.3,+12.8,+21.5,+21.0,+21.1,+21.2,+21.2,+21.2,+21.1
2023-07-28 11:35,3,+11.9,+21.0,+16.2,+4.4,+10.3,+12.8,+21.7,+21.1,+21.1,+21.2,+21.1,+21.2,+21.0
2023-07-28 12:35,3,+11.8,+21.0,+16.2,+4.4,+10.4,+12.8,+22.5,+21.2,+21.1,+21.2,+21.1,+21.2,+21.0
2023-07-28 13:35,3,+11.6,+20.9,+16.1,+4.5,+10.4,+12.8,+22.5,+21.3,+21.1,+21.3,+21.1,+21.2,+21.1
2023-07-28 14:35,3,+11.6,+20.8,+16.1,+4.5,+10.4,+12.8,+22.5,+21.5,+21.1,+21.2,+21.1,+21.2,+21.0
2023-07-28 15:35,3,+11.6,+20.8,+16.1,+4.5,+10.4,+12.8,+22.2,+21.5,+21.2,+21.2,+21.1,+21.2,+21.0
2023-07-28 16:35,3,+11.6,+20.8,+16.1,+4.5,+10.4,+12.8,+22.2,+21.6,+21.2,+21.2,+21.1,+21.2,+21.0
2023-07-28 17:35,3,+11.6,+20.7,+16.1,+4.4,+10.3,+12.8,+22.0,+21.6,+21.2,+21.2,+21.1,+21.2,+21.0
2023-07-28 18:35,3,+11.6,+20.8,+16.1,+4.4,+10.4,+12.8,+21.7,+21.6,+21.2,+21.2,+21.1,+21.2,+21.0
2023-07-28 19:35,3,+11.6,+20.8,+16.1,+4.4,+10.4,+12.8,+21.6,+21.7,+21.3,+21.2,+21.1,+21.2,+21.0
2023-07-28 20:35,3,+11.6,+20.8,+16.1,+4.5,+10.4,+12.8,+21.6,+21.6,+21.3,+21.3,+21.2,+21.2,+21.0
2023-07-28 21:35,3,+11.6,+20.8,+16.1,+4.5,+10.4,+12.8,+21.5,+21.6,+21.3,+21.3,+21.1,+21.2,+21.0
2023-07-28 22:35,3,+14.4,+20.9,+16.1,+4.4,+10.4,+12.8,+21.3,+21.6,+21.5,+21.3,+21.1,+21.2,+21.0
2023-07-28 23:35,3,+14.3,+20.9,+16.1,+4.5,+10.4,+12.8,+21.2,+21.6,+21.3,+21.3,+21.2,+21.2,+21.0
2023-07-29 00:35,3,+14.8,+21.0,+16.1,+4.5,+10.4,+12.8,+21.1,+21.5,+21.3,+21.3,+21.2,+21.2,+21.0
2023-07-29 01:35,3,+14.5,+21.3,+16.1,+4.5,+10.4,+12.8,+21.1,+21.5,+21.5,+21.3,+21.2,+21.2,+21.0
2023-07-29 02:35,3,+14.2,+21.5,+16.1,+4.4,+10.4,+12.8,+21.1,+21.5,+21.3,+21.3,+21.2,+21.2,+21.0
2023-07-29 03:35,3,+14.0,+21.7,+16.2,+4.4,+10.4,+12.8,+21.0,+21.5,+21.3,+21.3,+21.2,+21.2,+21.0
2023-07-29 04:35,3,+13.8,+21.7,+16.2,+4.5,+10.4,+12.8,+20.8,+21.3,+21.5,+21.3,+21.2,+21.2,+21.0
2023-07-29 05:35,3,+13.7,+21.7,+16.3,+4.4,+10.4,+12.8,+20.8,+21.3,+21.5,+21.3,+21.2,+21.2,+21.0
2023-07-29 06:35,3,+13.6,+21.8,+16.3,+4.4,+10.4,+12.8,+21.0,+21.3,+21.3,+21.3,+21.2,+21.2,+21.0
2023-07-29 07:35,3,+13.5,+21.8,+16.3,+4.5,+10.4,+12.8,+21.3,+21.3,+21.3,+21.3,+21.2,+21.2,+21.0
2023-07-29 08:35,3,+13.3,+21.7,+16.3,+4.5,+10.4,+12.8,+22.3,+21.5,+21.3,+21.5,+21.2,+21.2,+21.0
2023-07-29 09:35,3,+13.2,+21.7,+16.3,+4.4,+10.4,+12.8,+23.2,+21.5,+21.5,+21.3,+21.2,+21.2,+21.0
2023-07-29 10:35,3,+12.9,+21.7,+16.3,+4.5,+10.4,+12.8,+22.7,+21.7,+21.5,+21.3,+21.2,+21.2,+21.0
2023-07-29 11:35,3,+12.8,+21.6,+16.3,+4.4,+10.4,+12.8,+22.8,+21.7,+21.5,+21.5,+21.2,+21.2,+21.0
2023-07-29 12:35,3,+12.7,+21.6,+16.3,+4.4,+10.4,+12.8,+22.7,+21.8,+21.5,+21.5,+21.2,+21.2,+21.0
2023-07-29 13:35,3,+12.6,+21.5,+16.3,+4.5,+10.4,+12.8,+22.8,+21.8,+21.5,+21.5,+21.2,+21.2,+21.0
2023-07-29 14:35,3,+12.6,+21.5,+16.3,+4.5,+10.5,+12.8,+22.7,+22.0,+21.5,+21.5,+21.2,+21.2,+21.0
2023-07-29 15:35,3,+12.5,+21.5,+16.2,+4.5,+10.5,+12.8,+22.6,+22.0,+21.5,+21.5,+21.2,+21.2,+21.0
2023-07-29 16:35,3,+12.5,+21.4,+16.2,+4.4,+10.4,+12.8,+22.3,+22.0,+21.6,+21.5,+21.2,+21.2,+21.0
2023-07-29 17:35,3,+12.4,+21.6,+16.2,+4.4,+10.4,+12.8,+22.2,+22.0,+21.6,+21.3,+21.2,+21.2,+21.0
2023-07-29 18:35,3,+12.4,+21.7,+16.2,+4.4,+10.4,+12.8,+21.8,+22.0,+21.6,+21.5,+21.2,+21.2,+21.0
2023-07-29 19:35,3,+12.4,+21.7,+16.3,+4.4,+10.4,+12.8,+21.7,+22.0,+21.7,+21.5,+21.2,+21.2,+21.1
2023-07-29 20:35,3,+12.4,+21.7,+16.2,+4.5,+10.5,+12.8,+21.5,+21.8,+21.7,+21.5,+21.2,+21.2,+21.0
2023-07-29 21:35,3,+12.4,+21.7,+16.2,+4.4,+10.4,+12.8,+21.5,+22.0,+21.7,+21.5,+21.2,+21.2,+21.0
2023-07-29 22:35,3,+12.4,+21.7,+16.3,+4.4,+10.4,+12.8,+21.3,+21.8,+21.6,+21.5,+21.2,+21.3,+21.0
2023-07-29 23:35,3,+12.4,+21.7,+16.2,+4.5,+10.5,+12.8,+21.2,+21.8,+21.7,+21.5,+21.2,+21.3,+21.0
2023-07-30 00:35,3,+12.6,+21.7,+16.3,+4.5,+10.5,+12.8,+21.2,+21.7,+21.6,+21.6,+21.2,+21.3,+21.0
2023-07-30 01:35,3,+12.8,+21.6,+16.3,+4.6,+10.5,+12.8,+21.2,+21.7,+21.7,+21.5,+21.2,+21.3,+21.1
2023-07-30 02:35,3,+12.7,+21.6,+16.2,+4.5,+10.5,+12.8,+21.1,+21.7,+21.7,+21.5,+21.3,+21.3,+21.1
2023-07-30 03:35,3,+12.7,+21.6,+16.2,+4.5,+10.5,+12.8,+21.1,+21.7,+21.7,+21.6,+21.3,+21.3,+21.0
2023-07-30 04:35,3,+12.7,+21.7,+16.3,+4.5,+10.4,+12.8,+21.0,+21.6,+21.7,+21.6,+21.2,+21.3,+21.1
2023-07-30 05:35,3,+12.8,+21.6,+16.2,+4.6,+10.5,+12.8,+21.0,+21.6,+21.7,+21.6,+21.3,+21.3,+21.1
2023-07-30 06:35,3,+12.9,+21.6,+16.2,+4.6,+10.5,+12.8,+21.0,+21.6,+21.6,+21.6,+21.2,+21.3,+21.1
2023-07-30 07:35,3,+12.9,+21.6,+16.2,+4.6,+10.5,+12.8,+21.1,+21.6,+21.7,+21.6,+21.3,+21.3,+21.0
2023-07-30 08:35,3,+12.9,+21.7,+16.2,+4.6,+10.5,+12.8,+21.3,+21.6,+21.6,+21.6,+21.3,+21.3,+21.0
2023-07-30 09:35,3,+12.9,+21.9,+16.2,+4.4,+10.5,+12.8,+21.5,+21.6,+21.6,+21.6,+21.3,+21.3,+21.0
2023-07-30 10:35,3,+12.8,+22.0,+16.2,+4.5,+10.5,+12.8,+21.6,+21.7,+21.7,+21.6,+21.3,+21.3,+21.0
2023-07-30 11:35,3,+12.8,+22.0,+16.2,+4.6,+10.5,+12.8,+21.6,+21.7,+21.7,+21.6,+21.3,+21.3,+21.1
2023-07-30 12:35,3,+12.7,+22.0,+16.2,+4.5,+10.5,+12.8,+21.5,+21.7,+21.6,+21.6,+21.3,+21.3,+21.1
2023-07-30 13:35,3,+12.8,+22.0,+16.2,+4.6,+10.5,+12.8,+21.3,+21.7,+21.6,+21.6,+21.3,+21.3,+21.1
2023-07-30 14:35,3,+12.7,+22.0,+16.2,+4.5,+10.5,+12.8,+21.3,+21.7,+21.6,+21.6,+21.3,+21.3,+21.1
2023-07-30 15:35,3,+12.7,+22.0,+16.2,+4.6,+10.6,+12.8,+21.3,+21.7,+21.6,+21.6,+21.3,+21.3,+21.1
2023-07-30 16:35,3,+12.7,+22.0,+16.2,+4.5,+10.5,+12.8,+21.3,+21.7,+21.7,+21.6,+21.3,+21.3,+21.1
2023-07-30 17:35,3,+12.9,+22.0,+16.2,+4.6,+10.6,+12.9,+21.3,+21.7,+21.7,+21.6,+21.3,+21.3,+21.1
2023-07-30 18:35,3,+12.8,+22.0,+16.2,+4.5,+10.5,+12.8,+21.2,+21.7,+21.6,+21.6,+21.3,+21.3,+21.1
2023-07-30 19:35,3,+12.8,+22.0,+16.2,+4.5,+10.5,+12.9,+21.2,+21.6,+21.7,+21.6,+21.3,+21.3,+21.1
2023-07-30 20:35,3,+12.9,+22.0,+16.2,+4.6,+10.5,+12.8,+21.0,+21.6,+21.7,+21.6,+21.3,+21.3,+21.1
2023-07-30 21:35,3,+12.9,+22.0,+16.1,+4.5,+10.5,+12.8,+21.0,+21.6,+21.7,+21.6,+21.3,+21.5,+21.1
2023-07-30 22:35,3,+12.9,+22.0,+16.2,+4.5,+10.5,+12.8,+21.0,+21.6,+21.6,+21.6,+21.3,+21.3,+21.1
2023-07-30 23:35,3,+12.9,+22.0,+16.2,+4.7,+10.6,+12.9,+20.8,+21.6,+21.7,+21.6,+21.3,+21.5,+21.1
2023-07-31 00:35,3,+12.9,+22.0,+16.1,+4.6,+10.6,+12.9,+20.8,+21.6,+21.7,+21.6,+21.5,+21.3,+21.1
2023-07-31 01:35,3,+13.0,+22.0,+16.1,+4.5,+10.5,+12.8,+20.8,+21.5,+21.7,+21.6,+21.3,+21.5,+21.1
2023-07-31 02:35,3,+13.0,+21.9,+16.1,+4.6,+10.6,+12.8,+20.8,+21.5,+21.6,+21.6,+21.3,+21.5,+21.1
2023-07-31 03:35,3,+13.6,+22.0,+16.1,+4.6,+10.6,+12.8,+20.8,+21.5,+21.6,+21.7,+21.3,+21.5,+21.1
2023-07-31 04:35,3,+13.6,+22.0,+16.2,+4.6,+10.6,+12.8,+20.8,+21.5,+21.6,+21.6,+21.5,+21.3,+21.1
2023-07-31 05:35,3,+13.6,+22.0,+16.1,+4.6,+10.6,+12.9,+20.8,+21.5,+21.6,+21.6,+21.3,+21.5,+21.1
2023-07-31 06:35,3,+13.6,+22.0,+16.1,+4.6,+10.6,+12.8,+20.8,+21.5,+21.6,+21.6,+21.5,+21.5,+21.1
2023-07-31 07:35,3,+13.5,+22.0,+16.1,+4.6,+10.6,+12.8,+21.1,+21.3,+21.6,+21.6,+21.3,+21.5,+21.1
2023-07-31 08:35,3,+13.5,+21.9,+16.1,+4.7,+10.6,+12.8,+21.3,+21.5,+21.6,+21.6,+21.5,+21.5,+21.1
2023-07-31 09:35,3,+13.4,+21.9,+16.1,+4.6,+10.6,+12.8,+21.6,+21.5,+21.6,+21.6,+21.5,+21.5,+21.1
2023-07-31 10:35,3,+13.2,+21.9,+16.1,+4.7,+10.6,+12.9,+22.1,+21.6,+21.6,+21.6,+21.3,+21.5,+21.1
2023-07-31 11:35,3,+13.3,+21.9,+16.1,+4.6,+10.6,+12.8,+22.3,+21.6,+21.6,+21.6,+21.5,+21.5,+21.1
2023-07-31 12:35,3,+13.2,+21.9,+16.1,+4.7,+10.6,+12.8,+22.8,+21.7,+21.6,+21.6,+21.3,+21.5,+21.1
2023-07-31 13:35,3,+13.3,+21.9,+16.1,+4.6,+10.6,+12.8,+22.2,+21.8,+21.6,+21.6,+21.5,+21.5,+21.1
2023-07-31 14:35,3,+14.1,+21.9,+16.1,+4.7,+10.6,+12.9,+21.8,+21.8,+21.6,+21.7,+21.5,+21.5,+21.1
2023-07-31 15:35,3,+14.0,+21.9,+16.1,+4.7,+10.6,+12.8,+21.7,+21.8,+21.6,+21.6,+21.5,+21.5,+21.1
2023-07-31 16:35,3,+13.8,+21.9,+16.1,+4.7,+10.6,+12.8,+21.6,+21.8,+21.6,+21.6,+21.5,+21.5,+21.1
2023-07-31 17:35,3,+15.3,+21.9,+16.1,+4.7,+10.7,+12.9,+21.5,+21.8,+21.7,+21.6,+21.5,+21.5,+21.1
2023-07-31 18:35,3,+15.0,+21.9,+16.1,+4.7,+10.6,+12.9,+21.3,+21.8,+21.7,+21.6,+21.5,+21.5,+21.1
2023-07-31 19:35,3,+14.8,+21.9,+16.1,+4.7,+10.6,+12.9,+21.2,+21.7,+21.7,+21.7,+21.5,+21.5,+21.2
2023-07-31 20:35,3,+14.7,+21.9,+16.1,+4.6,+10.6,+12.8,+21.2,+21.7,+21.7,+21.6,+21.5,+21.5,+21.2
2023-07-31 21:35,3,+14.7,+21.9,+16.1,+4.6,+10.6,+12.8,+21.1,+21.7,+21.7,+21.7,+21.5,+21.5,+21.1
2023-07-31 22:35,3,+14.8,+21.9,+16.1,+4.6,+10.6,+12.8,+21.2,+21.7,+21.7,+21.7,+21.5,+21.5,+21.2
2023-07-31 23:35,3,+15.1,+22.0,+16.1,+4.6,+10.6,+12.8,+21.1,+21.7,+21.7,+21.7,+21.5,+21.5,+21.2
2023-08-01 00:35,3,+15.1,+22.0,+16.1,+4.7,+10.7,+12.9,+21.1,+21.7,+21.7,+21.7,+21.5,+21.5,+21.2
2023-08-01 01:35,3,+15.2,+22.0,+16.1,+4.6,+10.6,+12.8,+21.1,+21.6,+21.7,+21.7,+21.5,+21.5,+21.1
2023-08-01 02:35,3,+15.2,+22.0,+16.1,+4.7,+10.7,+12.9,+21.0,+21.6,+21.7,+21.7,+21.5,+21.5,+21.2
2023-08-01 03:35,3,+15.2,+22.0,+16.1,+4.6,+10.6,+12.8,+21.0,+21.6,+21.7,+21.7,+21.5,+21.5,+21.1
2023-08-01 04:35,3,+15.0,+22.0,+16.1,+4.6,+10.6,+12.8,+21.0,+21.6,+21.7,+21.7,+21.5,+21.5,+21.2
2023-08-01 05:35,3,+15.1,+22.0,+16.1,+4.6,+10.7,+12.8,+20.8,+21.6,+21.7,+21.7,+21.5,+21.5,+21.1
2023-08-01 06:35,3,+14.9,+22.0,+16.1,+4.7,+10.7,+12.9,+20.8,+21.6,+21.7,+21.7,+21.5,+21.5,+21.1
2023-08-01 07:35,3,+14.9,+22.1,+16.1,+4.6,+10.6,+12.8,+21.2,+21.5,+21.7,+21.7,+21.5,+21.6,+21.1
2023-08-01 08:35,3,+14.8,+22.1,+16.1,+4.7,+10.7,+12.9,+21.6,+21.6,+21.7,+21.7,+21.5,+21.5,+21.2
2023-08-01 09:35,3,+14.8,+22.1,+16.1,+4.6,+10.6,+12.8,+21.8,+21.6,+21.7,+21.7,+21.5,+21.5,+21.2
2023-08-01 10:35,3,+14.7,+22.1,+16.1,+4.7,+10.6,+12.9,+21.8,+21.7,+21.6,+21.7,+21.5,+21.5,+21.2
2023-08-01 11:35,3,+14.6,+22.0,+16.1,+4.7,+10.7,+12.9,+21.7,+21.7,+21.6,+21.7,+21.5,+21.5,+21.2
2023-08-01 12:35,3,+14.6,+22.0,+16.1,+4.6,+10.6,+12.8,+22.0,+21.7,+21.7,+21.7,+21.5,+21.5,+21.2
2023-08-01 13:35,3,+14.5,+22.0,+16.1,+4.6,+10.6,+12.8,+22.0,+21.7,+21.7,+21.7,+21.5,+21.5,+21.1
2023-08-01 14:35,3,+14.5,+22.0,+16.1,+4.6,+10.6,+12.8,+22.0,+21.8,+21.7,+21.6,+21.5,+21.6,+21.2
2023-08-01 15:35,3,+14.4,+22.0,+16.1,+4.7,+10.7,+12.9,+22.1,+21.8,+21.7,+21.7,+21.5,+21.5,+21.2
2023-08-01 16:35,3,+14.4,+22.0,+16.1,+4.6,+10.6,+12.8,+21.8,+21.8,+21.7,+21.7,+21.5,+21.5,+21.2
2023-08-01 17:35,3,+14.4,+22.0,+16.1,+4.6,+10.7,+12.8,+21.7,+22.0,+21.7,+21.7,+21.5,+21.5,+21.1
2023-08-01 18:35,3,+14.5,+22.0,+16.1,+4.7,+10.7,+12.9,+21.6,+22.0,+21.7,+21.7,+21.5,+21.5,+21.2
2023-08-01 19:35,3,+14.6,+22.0,+16.1,+4.7,+10.7,+12.9,+21.2,+21.8,+21.7,+21.7,+21.5,+21.5,+21.1
2023-08-01 20:35,3,+14.6,+22.0,+16.1,+4.6,+10.7,+12.8,+21.1,+21.8,+21.7,+21.7,+21.5,+21.5,+21.2
2023-08-01 21:35,3,+14.6,+22.0,+16.1,+4.7,+10.7,+12.9,+21.0,+21.8,+21.8,+21.7,+21.5,+21.6,+21.2
2023-08-01 22:35,3,+14.6,+22.0,+16.1,+4.7,+10.7,+12.9,+20.8,+21.7,+21.8,+21.7,+21.5,+21.6,+21.2
2023-08-01 23:35,3,+14.5,+22.0,+16.1,+4.6,+10.7,+12.8,+20.7,+21.7,+21.7,+21.7,+21.5,+21.6,+21.2
2023-08-02 00:35,3,+14.5,+22.0,+16.1,+4.7,+10.7,+12.9,+20.6,+21.6,+21.8,+21.7,+21.5,+21.6,+21.2
2023-08-02 01:35,3,+14.5,+22.0,+16.1,+4.6,+10.7,+12.8,+20.6,+21.5,+21.8,+21.7,+21.5,+21.5,+21.2
2023-08-02 02:35,3,+14.3,+22.0,+16.1,+4.6,+10.7,+12.8,+20.6,+21.6,+21.7,+21.7,+21.6,+21.5,+21.2
2023-08-02 03:35,3,+14.2,+22.0,+16.1,+4.6,+10.7,+12.8,+20.6,+21.6,+21.7,+21.8,+21.6,+21.6,+21.2
2023-08-02 04:35,3,+14.2,+22.0,+16.1,+4.7,+10.7,+12.9,+20.6,+21.3,+21.7,+21.7,+21.5,+21.5,+21.2
2023-08-02 05:35,3,+14.2,+21.9,+16.0,+4.6,+10.7,+12.8,+20.5,+21.5,+21.7,+21.7,+21.5,+21.6,+21.2
2023-08-02 06:35,3,+14.2,+21.9,+16.0,+4.6,+10.7,+12.8,+20.6,+21.3,+21.7,+21.7,+21.6,+21.6,+21.2
2023-08-02 07:35,3,+14.1,+21.9,+16.0,+4.6,+10.7,+12.8,+20.8,+21.5,+21.7,+21.7,+21.5,+21.6,+21.2
2023-08-02 08:35,3,+14.1,+21.9,+16.0,+4.6,+10.7,+12.8,+21.5,+21.5,+21.7,+21.7,+21.5,+21.6,+21.2
2023-08-02 09:35,3,+14.3,+21.9,+16.0,+4.7,+10.7,+12.8,+21.7,+21.5,+21.6,+21.7,+21.5,+21.6,+21.2
2023-08-02 10:35,3,+14.3,+21.8,+16.0,+4.7,+10.7,+12.8,+21.8,+21.6,+21.6,+21.7,+21.5,+21.6,+21.2
2023-08-02 11:35,3,+14.3,+21.8,+16.0,+4.7,+10.7,+12.9,+22.0,+21.6,+21.7,+21.7,+21.5,+21.6,+21.2
2023-08-02 12:35,3,+14.1,+21.8,+16.0,+4.6,+10.7,+12.8,+22.5,+21.7,+21.7,+21.7,+21.5,+21.6,+21.2
2023-08-02 13:35,3,+14.0,+21.7,+15.9,+4.7,+10.7,+12.8,+22.6,+21.8,+21.7,+21.7,+21.6,+21.6,+21.2
2023-08-02 14:35,3,+14.0,+21.9,+15.9,+4.7,+10.7,+12.9,+22.2,+22.0,+21.6,+21.7,+21.5,+21.6,+21.2
2023-08-02 15:35,3,+13.9,+21.9,+15.9,+4.7,+10.7,+12.9,+22.1,+22.0,+21.7,+21.7,+21.5,+21.6,+21.2
2023-08-02 16:35,3,+13.9,+21.9,+15.9,+4.7,+10.7,+12.8,+21.8,+22.0,+21.7,+21.7,+21.5,+21.6,+21.2
2023-08-02 17:35,3,+13.9,+21.9,+15.9,+4.7,+10.7,+12.8,+21.6,+22.0,+21.7,+21.7,+21.6,+21.6,+21.2
2023-08-02 18:35,3,+13.9,+21.9,+15.9,+4.7,+10.7,+12.8,+21.5,+22.0,+21.8,+21.7,+21.5,+21.5,+21.2
2023-08-02 19:35,3,+13.9,+21.9,+15.9,+4.6,+10.7,+12.8,+21.3,+22.0,+21.7,+21.7,+21.5,+21.6,+21.2
2023-08-02 20:35,3,+14.2,+21.9,+15.9,+4.6,+10.7,+12.8,+21.2,+21.8,+21.8,+21.7,+21.6,+21.6,+21.2
2023-08-02 21:35,3,+14.1,+21.9,+15.9,+4.7,+10.7,+12.9,+21.1,+21.8,+21.7,+21.7,+21.5,+21.5,+21.2
2023-08-02 22:35,3,+14.1,+21.9,+15.9,+4.7,+10.7,+12.8,+21.0,+21.7,+21.8,+21.8,+21.6,+21.6,+21.2
2023-08-02 23:35,3,+14.1,+21.9,+15.9,+4.7,+10.7,+12.8,+20.8,+21.7,+21.7,+21.7,+21.6,+21.6,+21.2
2023-08-03 00:35,3,+14.1,+21.8,+15.9,+4.6,+10.7,+12.8,+20.8,+21.7,+21.8,+21.7,+21.6,+21.6,+21.2
2023-08-03 01:35,3,+14.1,+21.8,+15.9,+4.7,+10.7,+12.8,+20.7,+21.6,+21.8,+21.8,+21.6,+21.6,+21.2
2023-08-03 02:35,3,+14.0,+21.8,+15.9,+4.7,+10.7,+12.8,+20.7,+21.6,+21.8,+21.7,+21.5,+21.6,+21.2
2023-08-03 03:35,3,+14.0,+21.8,+15.9,+4.6,+10.7,+12.8,+20.6,+21.6,+21.7,+21.7,+21.6,+21.7,+21.2
2023-08-03 04:35,3,+14.0,+21.8,+15.9,+4.6,+10.6,+12.8,+20.6,+21.5,+21.7,+21.7,+21.5,+21.6,+21.2
2023-08-03 05:35,3,+14.0,+21.8,+15.9,+4.6,+10.7,+12.8,+20.5,+21.5,+21.8,+21.8,+21.5,+21.6,+21.2
2023-08-03 06:35,3,+14.0,+21.8,+15.9,+4.6,+10.6,+12.8,+20.5,+21.5,+21.7,+21.8,+21.6,+21.6,+21.2
2023-08-03 07:35,3,+13.9,+21.7,+15.9,+4.6,+10.7,+12.8,+20.7,+21.5,+21.7,+21.7,+21.6,+21.6,+21.2
2023-08-03 08:35,3,+13.8,+21.7,+15.9,+4.6,+10.7,+12.8,+20.8,+21.5,+21.7,+21.7,+21.5,+21.6,+21.2
2023-08-03 09:35,3,+13.8,+21.7,+15.8,+4.7,+10.7,+12.8,+21.0,+21.5,+21.6,+21.7,+21.6,+21.6,+21.2
2023-08-03 10:35,3,+13.9,+21.7,+15.9,+4.6,+10.7,+12.8,+21.1,+21.5,+21.7,+21.7,+21.6,+21.6,+21.2
2023-08-03 11:35,3,+13.8,+21.7,+15.9,+4.7,+10.7,+12.8,+21.1,+21.5,+21.7,+21.7,+21.5,+21.6,+21.2
2023-08-03 12:35,3,+13.8,+21.7,+15.8,+4.6,+10.7,+12.8,+21.5,+21.5,+21.6,+21.7,+21.6,+21.6,+21.2
2023-08-03 13:35,3,+13.7,+21.7,+15.8,+4.7,+10.7,+12.8,+21.7,+21.6,+21.7,+21.7,+21.6,+21.6,+21.2
2023-08-03 14:35,3,+13.6,+21.6,+15.8,+4.6,+10.6,+12.8,+21.8,+21.6,+21.7,+21.7,+21.6,+21.6,+21.2
2023-08-03 15:35,3,+13.5,+21.6,+15.8,+4.6,+10.7,+12.8,+21.7,+21.7,+21.7,+21.7,+21.5,+21.5,+21.2
2023-08-03 16:35,3,+13.3,+21.6,+15.8,+4.6,+10.6,+12.8,+21.8,+21.7,+21.6,+21.7,+21.5,+21.6,+21.2
2023-08-03 17:35,3,+13.2,+21.6,+15.8,+4.7,+10.7,+12.8,+21.7,+21.7,+21.6,+21.7,+21.6,+21.5,+21.2
2023-08-03 18:35,3,+13.2,+21.6,+15.8,+4.6,+10.7,+12.8,+21.6,+21.7,+21.7,+21.7,+21.6,+21.6,+21.2
2023-08-03 19:35,3,+13.8,+21.6,+15.8,+4.6,+10.7,+12.8,+21.3,+21.8,+21.7,+21.7,+21.6,+21.6,+21.2
2023-08-03 20:35,3,+14.1,+21.6,+15.8,+4.7,+10.7,+12.8,+21.3,+21.7,+21.7,+21.7,+21.6,+21.6,+21.2
2023-08-03 21:35,3,+13.9,+21.6,+15.8,+4.7,+10.7,+12.8,+21.1,+21.7,+21.7,+21.7,+21.5,+21.6,+21.2
2023-08-03 22:35,3,+13.8,+21.6,+15.8,+4.7,+10.7,+12.8,+21.0,+21.7,+21.7,+21.7,+21.6,+21.6,+21.2
2023-08-03 23:35,3,+13.7,+21.6,+15.8,+4.7,+10.7,+12.8,+20.8,+21.6,+21.7,+21.7,+21.6,+21.6,+21.2
2023-08-04 00:35,3,+13.6,+21.6,+15.8,+4.7,+10.7,+12.8,+20.8,+21.7,+21.7,+21.7,+21.6,+21.6,+21.2
2023-08-04 01:35,3,+13.5,+21.5,+15.8,+4.6,+10.7,+12.8,+20.7,+21.6,+21.7,+21.7,+21.6,+21.6,+21.2
2023-08-04 02:35,3,+13.3,+21.5,+15.8,+4.7,+10.7,+12.8,+20.8,+21.5,+21.7,+21.7,+21.6,+21.6,+21.3
2023-08-04 03:35,3,+13.4,+21.5,+15.8,+4.7,+10.7,+12.8,+20.7,+21.5,+21.7,+21.7,+21.6,+21.6,+21.2
2023-08-04 04:35,3,+13.4,+21.5,+15.8,+4.6,+10.7,+12.8,+20.7,+21.5,+21.7,+21.7,+21.6,+21.6,+21.2
2023-08-04 05:35,3,+13.4,+21.5,+15.8,+4.6,+10.6,+12.8,+20.7,+21.5,+21.7,+21.7,+21.6,+21.6,+21.2
2023-08-04 06:35,3,+13.3,+21.5,+15.8,+4.7,+10.7,+12.8,+20.7,+21.5,+21.7,+21.7,+21.6,+21.6,+21.3
2023-08-04 07:35,3,+13.3,+21.5,+15.8,+4.7,+10.7,+12.8,+20.7,+21.5,+21.7,+21.7,+21.6,+21.6,+21.2
2023-08-04 08:35,3,+13.2,+21.5,+15.8,+4.6,+10.6,+12.8,+20.8,+21.5,+21.7,+21.7,+21.6,+21.6,+21.3
2023-08-04 09:35,3,+13.2,+21.4,+15.8,+4.6,+10.6,+12.8,+21.1,+21.5,+21.6,+21.7,+21.6,+21.6,+21.2
2023-08-04 10:35,3,+13.1,+21.4,+15.7,+4.6,+10.6,+12.7,+21.2,+21.5,+21.7,+21.8,+21.6,+21.6,+21.2
2023-08-04 11:35,3,+12.9,+21.4,+15.7,+4.6,+10.6,+12.7,+21.6,+21.5,+21.6,+21.7,+21.6,+21.6,+21.2
2023-08-04 12:35,3,+12.8,+21.3,+15.7,+4.6,+10.6,+12.7,+21.8,+21.6,+21.6,+21.7,+21.6,+21.6,+21.2
2023-08-04 13:35,3,+12.7,+21.3,+15.7,+4.7,+10.7,+12.8,+22.5,+21.6,+21.6,+21.7,+21.6,+21.6,+21.2
2023-08-04 14:35,3,+12.5,+21.2,+15.7,+4.6,+10.7,+12.8,+22.5,+21.7,+21.6,+21.7,+21.5,+21.6,+21.2
2023-08-04 15:35,3,+12.4,+21.2,+15.7,+4.6,+10.6,+12.7,+22.2,+21.8,+21.7,+21.7,+21.6,+21.6,+21.3
2023-08-04 16:35,3,+12.3,+21.2,+15.6,+4.6,+10.6,+12.7,+22.1,+21.8,+21.7,+21.7,+21.5,+21.6,+21.2
2023-08-04 17:35,3,+12.2,+21.1,+15.6,+4.7,+10.6,+12.7,+21.8,+21.8,+21.7,+21.8,+21.6,+21.6,+21.2
2023-08-04 18:35,3,+12.2,+21.1,+15.6,+4.7,+10.6,+12.7,+21.6,+21.8,+21.7,+21.7,+21.5,+21.6,+21.3
2023-08-04 19:35,3,+12.2,+21.1,+15.6,+4.7,+10.6,+12.7,+21.3,+21.8,+21.7,+21.7,+21.6,+21.5,+21.3
2023-08-04 20:35,3,+12.1,+21.0,+15.6,+4.6,+10.6,+12.7,+21.2,+21.8,+21.7,+21.7,+21.5,+21.6,+21.3
2023-08-04 21:35,3,+12.1,+21.0,+15.6,+4.7,+10.6,+12.7,+21.0,+21.8,+21.8,+21.7,+21.6,+21.6,+21.2
2023-08-04 22:35,3,+12.1,+21.0,+15.6,+4.7,+10.6,+12.7,+21.1,+21.7,+21.7,+21.7,+21.5,+21.6,+21.3
2023-08-04 23:35,3,+13.6,+21.0,+15.6,+4.7,+10.7,+12.8,+21.1,+21.7,+21.7,+21.7,+21.5,+21.6,+21.2
2023-08-05 00:35,3,+18.3,+24.0,+15.8,+4.7,+10.7,+12.8,+20.5,+21.5,+21.7,+21.8,+21.6,+21.6,+21.2
2023-08-05 01:35,3,+17.2,+23.7,+15.8,+4.7,+10.7,+12.8,+20.6,+21.5,+21.7,+21.7,+21.6,+21.6,+21.3
2023-08-05 02:35,3,+16.7,+23.6,+15.8,+4.7,+10.6,+12.8,+20.6,+21.5,+21.7,+21.8,+21.6,+21.6,+21.2
2023-08-05 03:35,3,+16.5,+23.5,+15.9,+4.6,+10.6,+12.7,+20.5,+21.5,+21.7,+21.7,+21.5,+21.6,+21.3
2023-08-05 04:35,3,+16.3,+23.4,+15.9,+4.6,+10.6,+12.7,+20.5,+21.3,+21.6,+21.7,+21.6,+21.6,+21.2
2023-08-05 05:35,3,+16.2,+23.4,+15.9,+4.7,+10.6,+12.8,+20.5,+21.3,+21.7,+21.7,+21.6,+21.6,+21.2
2023-08-05 06:35,3,+16.1,+23.3,+15.9,+4.7,+10.7,+12.8,+20.6,+21.3,+21.7,+21.7,+21.5,+21.6,+21.3
2023-08-05 07:35,3,+16.4,+23.3,+15.9,+4.7,+10.6,+12.7,+20.5,+21.3,+21.7,+21.7,+21.6,+21.6,+21.3
2023-08-05 08:35,3,+16.3,+23.3,+15.9,+4.6,+10.6,+12.7,+20.5,+21.3,+21.7,+21.7,+21.6,+21.6,+21.2
2023-08-05 09:35,3,+16.2,+23.2,+15.9,+4.6,+10.6,+12.7,+20.8,+21.3,+21.6,+21.7,+21.6,+21.6,+21.2
2023-08-05 10:35,3,+16.0,+23.2,+15.9,+4.6,+10.6,+12.7,+21.3,+21.3,+21.6,+21.7,+21.6,+21.6,+21.2
2023-08-05 11:35,3,+15.8,+23.2,+15.9,+4.6,+10.6,+12.7,+21.3,+21.5,+21.6,+21.7,+21.6,+21.6,+21.3
2023-08-05 12:35,3,+15.6,+23.1,+15.9,+4.6,+10.6,+12.7,+21.6,+21.5,+21.6,+21.7,+21.6,+21.6,+21.2
2023-08-05 13:35,3,+15.5,+23.0,+15.9,+4.6,+10.6,+12.7,+21.8,+21.6,+21.6,+21.7,+21.6,+21.7,+21.2
2023-08-05 14:35,3,+15.3,+22.9,+15.9,+4.6,+10.7,+12.7,+22.1,+21.6,+21.6,+21.7,+21.6,+21.6,+21.2
2023-08-05 15:35,3,+15.3,+22.9,+15.9,+4.6,+10.6,+12.7,+21.6,+21.6,+21.6,+21.7,+21.6,+21.6,+21.2
2023-08-05 16:35,3,+15.2,+22.9,+15.9,+4.7,+10.7,+12.8,+21.5,+21.7,+21.6,+21.7,+21.6,+21.6,+21.3
2023-08-05 17:35,3,+15.1,+22.8,+15.9,+4.7,+10.7,+12.7,+21.3,+21.7,+21.6,+21.7,+21.6,+21.6,+21.3
2023-08-05 18:35,3,+15.0,+22.8,+15.9,+4.8,+10.7,+12.8,+21.1,+21.7,+21.7,+21.7,+21.6,+21.6,+21.3
2023-08-05 19:35,3,+15.0,+22.8,+15.9,+4.8,+10.7,+12.8,+21.0,+21.6,+21.7,+21.7,+21.6,+21.6,+21.2
2023-08-05 20:35,3,+15.0,+22.8,+15.9,+4.8,+10.7,+12.8,+21.0,+21.6,+21.7,+21.7,+21.6,+21.6,+21.2
2023-08-05 21:35,3,+14.9,+22.7,+16.0,+4.6,+10.6,+12.7,+20.8,+21.6,+21.7,+21.7,+21.6,+21.6,+21.2
2023-08-05 22:35,3,+14.9,+22.7,+16.0,+4.6,+10.6,+12.7,+20.7,+21.5,+21.7,+21.7,+21.6,+21.6,+21.3
2023-08-05 23:35,3,+14.9,+22.7,+16.0,+4.8,+10.7,+12.8,+20.6,+21.5,+21.7,+21.7,+21.6,+21.6,+21.3
2023-08-06 00:35,3,+14.9,+22.7,+16.0,+4.6,+10.6,+12.8,+20.6,+21.5,+21.7,+21.7,+21.6,+21.6,+21.3
2023-08-06 01:35,3,+14.9,+22.7,+16.0,+4.6,+10.7,+12.8,+20.5,+21.5,+21.7,+21.7,+21.6,+21.6,+21.2
2023-08-06 02:35,3,+15.5,+22.7,+16.0,+4.7,+10.7,+12.8,+20.5,+21.3,+21.6,+21.7,+21.6,+21.6,+21.3
2023-08-06 03:35,3,+15.9,+22.7,+16.0,+4.7,+10.7,+12.8,+20.6,+21.3,+21.6,+21.7,+21.6,+21.6,+21.3
2023-08-06 04:35,3,+16.1,+22.7,+16.0,+4.8,+10.7,+12.8,+20.5,+21.3,+21.6,+21.7,+21.6,+21.6,+21.3
2023-08-06 05:35,3,+15.7,+22.7,+16.0,+4.8,+10.7,+12.8,+20.3,+21.3,+21.6,+21.7,+21.6,+21.6,+21.3
2023-08-06 06:35,3,+15.6,+22.7,+16.0,+4.7,+10.6,+12.8,+20.3,+21.3,+21.6,+21.7,+21.6,+21.6,+21.3
2023-08-06 07:35,3,+15.6,+22.7,+16.0,+4.7,+10.6,+12.8,+20.5,+21.2,+21.6,+21.7,+21.6,+21.6,+21.2
2023-08-06 08:35,3,+15.5,+22.7,+16.0,+4.8,+10.7,+12.8,+20.7,+21.2,+21.6,+21.7,+21.6,+21.6,+21.2
2023-08-06 09:35,3,+15.7,+22.6,+16.0,+4.7,+10.7,+12.8,+20.6,+21.2,+21.5,+21.7,+21.6,+21.6,+21.3
2023-08-06 10:35,3,+15.6,+22.6,+16.0,+4.7,+10.7,+12.8,+21.0,+21.3,+21.5,+21.7,+21.6,+21.6,+21.3
2023-08-06 11:35,3,+15.4,+22.6,+16.0,+4.8,+10.7,+12.8,+20.8,+21.3,+21.6,+21.7,+21.6,+21.6,+21.3
2023-08-06 12:35,3,+15.4,+22.6,+16.0,+4.8,+10.7,+12.8,+21.5,+21.3,+21.6,+21.7,+21.6,+21.6,+21.3
2023-08-06 13:35,3,+15.7,+22.6,+16.0,+4.7,+10.7,+12.8,+21.2,+21.3,+21.6,+21.7,+21.6,+21.6,+21.3
2023-08-06 14:35,3,+15.4,+22.5,+16.0,+4.8,+10.7,+12.8,+21.5,+21.3,+21.5,+21.7,+21.6,+21.6,+21.3
2023-08-06 15:35,3,+15.3,+22.5,+15.9,+4.7,+10.7,+12.8,+21.5,+21.5,+21.6,+21.7,+21.6,+21.6,+21.2
2023-08-06 16:35,3,+15.2,+22.5,+15.9,+4.8,+10.7,+12.8,+21.3,+21.5,+21.5,+21.7,+21.6,+21.6,+21.2
2023-08-06 17:35,3,+15.2,+22.5,+15.9,+4.8,+10.7,+12.8,+21.1,+21.5,+21.5,+21.7,+21.5,+21.6,+21.3
2023-08-06 18:35,3,+15.1,+22.5,+15.9,+4.8,+10.7,+12.8,+21.0,+21.5,+21.6,+21.7,+21.6,+21.6,+21.3
2023-08-06 19:35,3,+15.1,+22.5,+15.9,+4.7,+10.7,+12.8,+20.7,+21.5,+21.6,+21.7,+21.6,+21.6,+21.3
2023-08-06 20:35,3,+15.0,+22.5,+15.9,+4.7,+10.7,+12.8,+20.6,+21.5,+21.6,+21.6,+21.6,+21.6,+21.2
2023-08-06 21:35,3,+15.0,+22.4,+15.9,+4.7,+10.7,+12.8,+20.5,+21.5,+21.5,+21.7,+21.6,+21.6,+21.2
2023-08-06 22:35,3,+15.1,+22.4,+15.9,+4.7,+10.7,+12.8,+20.5,+21.3,+21.6,+21.7,+21.5,+21.6,+21.2
2023-08-06 23:35,3,+15.1,+22.4,+15.9,+4.8,+10.7,+12.8,+20.5,+21.3,+21.5,+21.7,+21.5,+21.6,+21.2
2023-08-07 00:35,3,+15.0,+22.4,+15.9,+4.7,+10.7,+12.8,+20.6,+21.3,+21.5,+21.6,+21.5,+21.6,+21.2
2023-08-07 01:35,3,+15.1,+22.4,+16.0,+4.8,+10.8,+12.8,+20.5,+21.3,+21.6,+21.7,+21.5,+21.6,+21.3
2023-08-07 02:35,3,+15.0,+22.4,+15.9,+4.7,+10.7,+12.8,+20.5,+21.2,+21.6,+21.7,+21.5,+21.6,+21.2
2023-08-07 03:35,3,+15.0,+22.4,+16.0,+4.8,+10.7,+12.8,+20.5,+21.2,+21.5,+21.7,+21.5,+21.6,+21.2
2023-08-07 04:35,3,+15.0,+22.4,+16.0,+4.7,+10.7,+12.8,+20.6,+21.2,+21.5,+21.7,+21.6,+21.6,+21.3
2023-08-07 05:35,3,+15.0,+22.4,+16.0,+4.9,+10.8,+12.8,+20.5,+21.2,+21.5,+21.6,+21.6,+21.6,+21.2
2023-08-07 06:35,3,+15.0,+22.4,+15.9,+4.8,+10.7,+12.8,+20.6,+21.2,+21.5,+21.7,+21.5,+21.6,+21.3
2023-08-07 07:35,3,+14.9,+22.4,+16.0,+4.9,+10.8,+12.8,+20.6,+21.2,+21.5,+21.6,+21.5,+21.6,+21.3
2023-08-07 08:35,3,+15.0,+22.4,+16.0,+4.8,+10.7,+12.8,+20.7,+21.2,+21.5,+21.6,+21.6,+21.6,+21.2
2023-08-07 09:35,3,+15.0,+22.4,+15.9,+4.9,+10.8,+12.8,+20.8,+21.2,+21.5,+21.6,+21.5,+21.6,+21.3
2023-08-07 10:35,3,+19.8,+22.5,+16.0,+4.8,+10.7,+12.8,+20.5,+21.2,+21.5,+21.7,+21.5,+21.6,+21.3
2023-08-07 11:35,3,+20.7,+25.1,+16.1,+4.8,+10.7,+12.8,+20.1,+21.2,+21.5,+21.7,+21.5,+21.6,+21.2
2023-08-07 12:35,3,+19.1,+25.5,+16.4,+4.9,+10.8,+12.9,+20.3,+21.1,+21.5,+21.7,+21.5,+21.6,+21.2
2023-08-07 13:35,3,+18.2,+25.1,+16.8,+4.9,+10.8,+12.8,+20.5,+21.1,+21.5,+21.6,+21.5,+21.6,+21.3
2023-08-07 14:35,3,+17.8,+24.9,+17.1,+4.8,+10.7,+12.8,+20.5,+21.1,+21.3,+21.6,+21.5,+21.6,+21.2
2023-08-07 15:35,3,+17.6,+24.7,+17.2,+4.8,+10.8,+12.8,+20.5,+21.1,+21.5,+21.6,+21.5,+21.5,+21.2
2023-08-07 16:35,3,+17.4,+24.6,+17.3,+4.8,+10.8,+12.8,+20.2,+21.1,+21.5,+21.7,+21.5,+21.6,+21.2
2023-08-07 17:35,3,+17.4,+24.5,+17.4,+4.9,+10.8,+12.8,+20.1,+21.1,+21.5,+21.6,+21.5,+21.6,+21.3
2023-08-07 18:35,3,+17.2,+24.5,+17.4,+5.0,+10.8,+12.9,+19.8,+21.0,+21.3,+21.6,+21.6,+21.6,+21.2
2023-08-07 19:35,3,+17.0,+24.4,+17.4,+4.8,+10.8,+12.8,+19.8,+21.0,+21.3,+21.6,+21.5,+21.6,+21.2
2023-08-07 20:35,3,+17.0,+24.3,+17.4,+5.0,+10.8,+12.9,+19.8,+21.0,+21.3,+21.6,+21.5,+21.6,+21.2
2023-08-07 21:35,3,+16.9,+24.4,+17.4,+5.0,+10.8,+12.9,+19.8,+21.0,+21.3,+21.6,+21.5,+21.5,+21.2
2023-08-07 22:35,3,+16.8,+24.3,+17.3,+5.0,+10.8,+12.9,+19.8,+21.0,+21.3,+21.6,+21.5,+21.6,+21.2
2023-08-07 23:35,3,+16.8,+24.3,+17.3,+4.9,+10.8,+12.8,+19.7,+20.8,+21.3,+21.6,+21.5,+21.6,+21.2
2023-08-08 00:35,3,+16.6,+24.2,+17.3,+4.9,+10.8,+12.9,+19.8,+20.7,+21.3,+21.6,+21.5,+21.6,+21.2
2023-08-08 01:35,3,+16.6,+24.2,+17.3,+5.1,+10.9,+12.9,+19.7,+20.8,+21.2,+21.6,+21.5,+21.6,+21.3
2023-08-08 02:35,3,+16.5,+24.1,+17.2,+5.0,+10.8,+12.9,+19.7,+20.8,+21.2,+21.6,+21.5,+21.6,+21.2
2023-08-08 03:35,3,+16.4,+24.1,+17.2,+5.1,+10.9,+12.9,+19.7,+20.7,+21.2,+21.6,+21.5,+21.6,+21.2
2023-08-08 04:35,3,+16.4,+24.1,+17.2,+5.0,+10.8,+12.9,+19.7,+20.7,+21.2,+21.6,+21.5,+21.6,+21.2
2023-08-08 05:35,3,+16.3,+24.1,+17.2,+5.1,+10.9,+12.9,+19.7,+20.7,+21.2,+21.5,+21.5,+21.6,+21.2
2023-08-08 06:35,3,+16.3,+24.0,+17.2,+5.1,+10.9,+12.9,+19.8,+20.7,+21.2,+21.5,+21.5,+21.6,+21.2
2023-08-08 07:35,3,+16.2,+23.9,+17.2,+5.0,+10.9,+12.9,+20.0,+20.6,+21.2,+21.5,+21.5,+21.6,+21.2
2023-08-08 08:35,3,+16.1,+23.9,+17.1,+5.2,+10.9,+12.9,+20.6,+20.7,+21.2,+21.5,+21.5,+21.5,+21.2
2023-08-08 09:35,3,+16.0,+23.9,+17.1,+5.2,+10.9,+12.9,+21.3,+20.8,+21.2,+21.5,+21.5,+21.5,+21.2