
2023-07-20 11:15,4,+9.1,+16.3,+21.0,+5.2,+16.4,+16.5,+20.8,+20.3,+20.5,+20.5,+20.7,+20.7,+20.7
2023-07-20 12:15,4,+10.0,+16.5,+21.0,+5.3,+16.5,+16.5,+20.8,+20.3,+20.5,+20.5,+20.7,+20.6,+20.8
2023-07-20 13:15,4,+10.1,+17.7,+21.1,+5.3,+16.5,+16.5,+21.0,+20.3,+20.6,+20.5,+20.6,+20.7,+20.7
2023-07-20 14:15,4,+9.3,+17.5,+21.5,+5.4,+16.5,+16.5,+21.1,+20.3,+20.6,+20.5,+20.7,+20.7,+20.8
2023-07-20 15:15,4,+9.0,+17.3,+21.7,+5.4,+16.5,+16.5,+21.1,+20.5,+20.6,+20.5,+20.7,+20.7,+20.8
2023-07-20 16:15,4,+9.0,+17.1,+21.7,+5.7,+16.6,+16.5,+21.1,+20.5,+20.6,+20.5,+20.6,+20.7,+20.7
2023-07-20 17:15,4,+8.9,+17.0,+21.6,+5.8,+16.6,+16.5,+21.1,+20.6,+20.6,+20.5,+20.7,+20.6,+20.7
2023-07-20 18:15,4,+8.9,+16.9,+21.6,+5.9,+16.7,+16.6,+21.0,+20.6,+20.6,+20.5,+20.6,+20.7,+20.7
2023-07-20 19:15,4,+8.8,+16.8,+21.6,+5.8,+16.7,+16.6,+21.0,+20.6,+20.6,+20.5,+20.6,+20.7,+20.8
2023-07-20 20:15,4,+8.7,+16.8,+21.6,+5.9,+16.8,+16.7,+21.0,+20.6,+20.6,+20.6,+20.7,+20.6,+20.8
2023-07-20 21:15,4,+8.7,+16.7,+21.6,+5.8,+16.8,+16.7,+20.8,+20.6,+20.6,+20.6,+20.7,+20.7,+20.8
2023-07-20 22:15,4,+8.6,+16.7,+21.6,+5.9,+16.9,+16.8,+20.8,+20.6,+20.7,+20.5,+20.7,+20.7,+20.7
2023-07-20 23:15,4,+8.7,+16.7,+21.6,+5.9,+16.9,+16.9,+20.8,+20.6,+20.7,+20.5,+20.7,+20.7,+20.8
2023-07-21 00:15,4,+8.9,+16.6,+21.5,+5.8,+16.9,+16.9,+20.8,+20.6,+20.7,+20.5,+20.7,+20.7,+20.7
2023-07-21 01:15,4,+9.0,+16.6,+21.5,+5.9,+17.0,+17.0,+20.8,+20.6,+20.7,+20.6,+20.7,+20.7,+20.8
2023-07-21 02:15,4,+9.3,+16.7,+21.5,+5.9,+17.0,+17.0,+20.8,+20.6,+20.7,+20.6,+20.7,+20.7,+20.7
2023-07-21 03:15,4,+10.3,+17.0,+21.5,+5.9,+17.0,+17.0,+20.8,+20.6,+20.7,+20.6,+20.7,+20.7,+20.8
2023-07-21 04:15,4,+11.3,+17.7,+21.6,+5.8,+16.9,+17.0,+20.8,+20.6,+20.7,+20.6,+20.7,+20.7,+20.7
2023-07-21 05:15,4,+10.9,+18.2,+21.9,+5.9,+17.0,+17.1,+20.8,+20.6,+20.7,+20.6,+20.7,+20.7,+20.8
2023-07-21 06:15,4,+9.9,+18.0,+22.2,+6.1,+17.0,+17.1,+20.8,+20.6,+20.7,+20.6,+20.7,+20.7,+20.8
2023-07-21 07:15,4,+9.5,+17.7,+22.2,+6.4,+17.2,+17.2,+20.8,+20.6,+20.7,+20.6,+20.7,+20.7,+20.8
2023-07-21 08:15,4,+9.3,+17.5,+22.0,+6.3,+17.3,+17.3,+20.8,+20.6,+20.7,+20.6,+20.7,+20.7,+20.7
2023-07-21 09:15,4,+9.1,+17.3,+22.0,+6.3,+17.4,+17.5,+21.1,+20.6,+20.7,+20.6,+20.7,+20.7,+20.8
2023-07-21 10:15,4,+8.9,+17.2,+21.9,+6.3,+17.4,+17.6,+21.2,+20.6,+20.7,+20.6,+20.7,+20.7,+20.7
2023-07-21 11:15,4,+8.8,+17.0,+21.8,+6.2,+17.4,+17.7,+21.3,+20.7,+20.7,+20.6,+20.7,+20.7,+20.8
2023-07-21 12:15,4,+8.7,+16.9,+21.8,+6.2,+17.4,+17.7,+21.5,+20.7,+20.7,+20.6,+20.7,+20.7,+20.7
2023-07-21 13:15,4,+8.7,+16.8,+21.7,+6.2,+17.4,+17.7,+21.6,+20.7,+20.7,+20.6,+20.7,+20.7,+20.8
2023-07-21 14:15,4,+8.6,+16.7,+21.7,+6.2,+17.4,+17.7,+21.7,+20.8,+20.7,+20.6,+20.7,+20.7,+20.7
2023-07-21 15:15,4,+8.5,+16.7,+21.7,+6.1,+17.3,+17.6,+21.7,+20.8,+20.7,+20.6,+20.7,+20.7,+20.7
2023-07-21 16:15,4,+8.5,+16.6,+21.6,+6.2,+17.3,+17.6,+21.7,+20.8,+20.7,+20.6,+20.7,+20.7,+20.7
2023-07-21 17:15,4,+8.5,+16.5,+21.6,+6.0,+17.2,+17.6,+21.7,+21.0,+20.8,+20.7,+20.7,+20.7,+20.8
2023-07-21 18:15,4,+8.4,+16.5,+21.6,+6.1,+17.3,+17.6,+21.7,+21.0,+20.8,+20.6,+20.7,+20.7,+20.7
2023-07-21 19:15,4,+8.4,+16.5,+21.6,+6.1,+17.3,+17.6,+21.6,+21.1,+20.8,+20.6,+20.7,+20.7,+20.8
2023-07-21 20:15,4,+8.5,+16.4,+21.5,+6.1,+17.3,+17.5,+21.5,+21.0,+21.0,+20.7,+20.7,+20.7,+20.8
2023-07-21 21:15,4,+8.9,+16.4,+21.5,+5.9,+17.2,+17.5,+21.5,+21.1,+21.0,+20.7,+20.7,+20.7,+20.7
2023-07-21 22:15,4,+8.9,+16.5,+21.5,+6.0,+17.2,+17.5,+21.5,+21.1,+21.0,+20.7,+20.7,+20.7,+20.7
2023-07-21 23:15,4,+8.9,+16.6,+21.5,+6.0,+17.2,+17.4,+21.3,+21.1,+21.0,+20.7,+20.7,+20.8,+20.7
2023-07-22 00:15,4,+8.8,+16.6,+21.5,+6.0,+17.2,+17.4,+21.3,+21.0,+21.0,+20.7,+20.8,+20.7,+20.8
2023-07-22 01:15,4,+8.8,+16.6,+21.4,+6.0,+17.1,+17.4,+21.2,+21.0,+21.0,+20.7,+20.7,+20.7,+20.8
2023-07-22 02:15,4,+8.7,+16.6,+21.5,+6.0,+17.1,+17.4,+21.2,+21.0,+21.1,+20.7,+20.8,+20.7,+20.7
2023-07-22 03:15,4,+8.7,+16.6,+21.4,+5.9,+17.1,+17.4,+21.2,+21.0,+21.0,+20.7,+20.7,+20.7,+20.8
2023-07-22 04:15,4,+8.7,+16.6,+21.4,+6.0,+17.1,+17.4,+21.1,+21.0,+21.1,+20.8,+20.8,+20.7,+20.8
2023-07-22 05:15,4,+8.7,+16.5,+21.4,+5.8,+17.1,+17.3,+21.1,+21.0,+21.1,+20.7,+20.8,+20.8,+20.8
2023-07-22 06:15,4,+8.6,+16.5,+21.4,+5.8,+17.1,+17.3,+21.1,+21.0,+21.0,+20.7,+20.8,+20.8,+20.8
2023-07-22 07:15,4,+8.6,+16.5,+21.4,+5.8,+17.1,+17.3,+21.2,+20.8,+21.0,+20.7,+20.8,+20.8,+20.8
2023-07-22 08:15,4,+8.5,+16.4,+21.4,+5.9,+17.1,+17.3,+21.2,+20.8,+21.0,+20.8,+20.8,+20.8,+20.7
2023-07-22 09:15,4,+8.5,+16.4,+21.4,+5.8,+17.0,+17.3,+21.3,+20.8,+21.0,+20.8,+20.8,+20.8,+20.8
2023-07-22 10:15,4,+8.5,+16.4,+21.4,+5.8,+17.0,+17.3,+21.5,+21.0,+21.0,+20.8,+20.8,+20.8,+20.8
2023-07-22 11:15,4,+8.6,+16.4,+21.4,+5.8,+17.0,+17.2,+21.5,+21.0,+21.0,+20.8,+20.8,+20.8,+20.8
2023-07-22 12:15,4,+8.7,+16.3,+21.3,+5.8,+17.0,+17.2,+21.5,+21.0,+21.0,+20.8,+20.8,+20.8,+20.8
2023-07-22 13:15,4,+8.6,+16.3,+21.3,+5.9,+17.1,+17.2,+21.6,+21.0,+21.1,+20.8,+20.8,+20.8,+20.8
2023-07-22 14:15,4,+8.6,+16.3,+21.3,+5.9,+17.1,+17.2,+21.7,+21.0,+21.0,+20.8,+20.8,+20.8,+20.8
2023-07-22 15:15,4,+8.5,+16.2,+21.3,+5.9,+17.0,+17.2,+21.7,+21.1,+21.1,+20.8,+21.0,+20.8,+20.8
2023-07-22 16:15,4,+8.5,+16.2,+21.3,+5.9,+17.0,+17.2,+21.6,+21.1,+21.1,+20.8,+20.8,+20.8,+20.8
2023-07-22 17:15,4,+8.5,+16.2,+21.2,+5.8,+17.0,+17.2,+21.6,+21.1,+21.1,+20.8,+20.8,+20.8,+20.8
2023-07-22 18:15,4,+8.5,+16.2,+21.2,+5.7,+17.0,+17.2,+21.6,+21.1,+21.0,+20.8,+21.0,+20.8,+20.8
2023-07-22 19:15,4,+8.5,+16.1,+21.2,+5.9,+17.0,+17.2,+21.5,+21.1,+21.1,+20.8,+20.8,+20.8,+20.8
2023-07-22 20:15,4,+8.5,+16.2,+21.2,+5.8,+17.0,+17.2,+21.3,+21.1,+21.1,+20.8,+20.8,+20.8,+20.8
2023-07-22 21:15,4,+8.5,+16.1,+21.2,+5.8,+17.0,+17.2,+21.3,+21.1,+21.1,+20.8,+21.0,+20.8,+20.8
2023-07-22 22:15,4,+8.5,+16.1,+21.2,+5.7,+17.0,+17.1,+21.2,+21.0,+21.1,+20.8,+20.8,+20.8,+20.8
2023-07-22 23:15,4,+8.5,+16.1,+21.2,+5.8,+17.0,+17.2,+21.2,+21.0,+21.1,+20.8,+20.8,+20.8,+20.8
2023-07-23 00:15,4,+8.5,+16.1,+21.2,+5.8,+17.0,+17.2,+21.0,+21.0,+21.1,+20.8,+20.8,+20.8,+20.8
2023-07-23 01:15,4,+8.5,+16.1,+21.2,+5.8,+17.0,+17.2,+20.8,+21.0,+21.1,+20.8,+20.8,+20.8,+20.8
2023-07-23 02:15,4,+8.4,+16.1,+21.2,+5.7,+17.0,+17.1,+20.6,+20.8,+21.1,+20.8,+21.0,+21.0,+20.8
2023-07-23 03:15,4,+8.4,+16.1,+21.2,+5.7,+17.0,+17.1,+20.5,+20.8,+21.1,+21.0,+20.8,+21.0,+20.8
2023-07-23 04:15,4,+8.4,+16.3,+21.2,+5.7,+17.0,+17.1,+20.5,+20.7,+21.0,+20.8,+21.0,+20.8,+21.0
2023-07-23 05:15,4,+8.4,+16.1,+21.1,+5.7,+16.9,+17.1,+20.3,+20.6,+21.1,+20.8,+21.0,+20.8,+21.0
2023-07-23 06:15,4,+8.4,+16.1,+21.1,+5.8,+17.0,+17.1,+20.2,+20.7,+21.0,+20.8,+21.0,+20.8,+20.8
2023-07-23 07:15,4,+8.4,+16.1,+21.1,+5.7,+16.9,+17.1,+20.2,+20.5,+21.0,+20.8,+21.0,+20.8,+20.8
2023-07-23 08:15,4,+8.3,+16.0,+21.1,+5.8,+17.0,+17.1,+20.2,+20.5,+21.0,+20.8,+21.0,+21.0,+20.8
2023-07-23 09:15,4,+8.2,+16.0,+21.1,+5.7,+16.9,+17.0,+20.3,+20.5,+20.8,+20.8,+21.0,+21.0,+20.8
2023-07-23 10:15,4,+8.2,+16.1,+21.1,+5.8,+17.0,+17.1,+20.6,+20.3,+20.8,+20.8,+21.0,+20.8,+20.8
2023-07-23 11:15,4,+8.1,+15.8,+21.1,+5.7,+16.9,+17.0,+20.8,+20.5,+20.8,+20.8,+21.0,+20.8,+20.8
2023-07-23 12:15,4,+8.0,+15.8,+21.1,+5.7,+16.9,+17.0,+21.1,+20.5,+20.8,+20.8,+21.0,+21.0,+21.0
2023-07-23 13:15,4,+7.9,+15.8,+21.1,+5.7,+16.9,+17.0,+21.5,+20.5,+20.7,+20.8,+21.0,+21.0,+20.8
2023-07-23 14:15,4,+7.9,+15.8,+21.1,+5.8,+17.0,+17.0,+21.6,+20.6,+20.7,+20.8,+21.0,+21.0,+21.0
2023-07-23 15:15,4,+7.8,+15.8,+21.0,+5.8,+16.9,+17.0,+21.7,+20.7,+20.8,+20.8,+20.8,+21.0,+20.8
2023-07-23 16:15,4,+7.8,+15.6,+21.0,+5.7,+16.9,+17.0,+21.6,+20.7,+20.8,+20.8,+21.0,+21.0,+21.0
2023-07-23 17:15,4,+7.8,+15.6,+21.0,+5.6,+16.9,+17.0,+21.5,+20.8,+20.7,+20.7,+21.0,+20.8,+20.8
2023-07-23 18:15,4,+7.8,+15.6,+21.0,+5.7,+16.9,+17.0,+21.3,+20.8,+20.8,+20.7,+21.0,+21.0,+21.0
2023-07-23 19:15,4,+8.2,+15.6,+21.0,+5.6,+16.9,+17.0,+21.1,+20.8,+20.8,+20.8,+20.8,+20.8,+20.8
2023-07-23 20:15,4,+8.3,+15.6,+21.0,+5.6,+16.9,+16.9,+21.0,+20.8,+21.0,+20.7,+21.0,+20.8,+20.8
2023-07-23 21:15,4,+8.3,+15.6,+21.0,+5.6,+16.9,+17.0,+21.0,+20.8,+20.8,+20.7,+20.8,+21.0,+20.8
2023-07-23 22:15,4,+8.3,+15.6,+21.0,+5.6,+16.9,+16.9,+21.0,+20.8,+21.0,+20.7,+20.8,+20.8,+20.8
2023-07-23 23:15,4,+8.3,+15.6,+21.0,+5.6,+16.9,+16.9,+20.8,+20.7,+21.0,+20.8,+20.8,+20.8,+20.8
2023-07-24 00:15,4,+8.3,+15.6,+21.0,+5.7,+16.9,+17.0,+20.8,+20.7,+21.0,+20.8,+20.8,+20.8,+20.8
2023-07-24 01:15,4,+8.3,+15.6,+21.0,+5.6,+16.9,+16.9,+20.8,+20.7,+21.0,+20.8,+21.0,+21.0,+20.8
2023-07-24 02:15,4,+8.3,+15.6,+21.0,+5.6,+16.9,+16.9,+20.7,+20.7,+21.0,+20.8,+20.8,+21.0,+21.0
2023-07-24 03:15,4,+8.3,+15.6,+21.0,+5.6,+16.9,+16.9,+20.7,+20.7,+21.0,+20.8,+20.8,+20.8,+20.8
2023-07-24 04:15,4,+8.3,+15.6,+21.0,+5.7,+16.9,+16.9,+20.7,+20.7,+20.8,+20.8,+20.8,+20.8,+20.8
2023-07-24 05:15,4,+8.5,+15.7,+21.0,+5.6,+16.9,+16.9,+20.7,+20.6,+20.8,+20.8,+20.8,+21.0,+21.0
2023-07-24 06:15,4,+9.1,+15.7,+21.0,+5.6,+16.9,+16.9,+20.7,+20.6,+20.8,+20.8,+21.0,+20.8,+21.0
2023-07-24 07:15,4,+9.1,+15.7,+21.0,+5.7,+16.9,+16.9,+20.7,+20.6,+20.8,+20.8,+20.8,+21.0,+21.0
2023-07-24 08:15,4,+9.1,+15.7,+21.0,+5.7,+16.9,+16.9,+20.7,+20.6,+20.8,+20.7,+20.8,+20.8,+20.8
2023-07-24 09:15,4,+9.2,+15.8,+21.0,+5.6,+16.9,+16.9,+20.7,+20.6,+20.8,+20.8,+20.8,+21.0,+21.0
2023-07-24 10:15,4,+9.2,+15.8,+21.0,+5.7,+16.9,+16.9,+20.6,+20.6,+20.8,+20.8,+21.0,+20.8,+21.0
2023-07-24 11:15,4,+9.2,+15.9,+21.0,+5.7,+16.9,+16.9,+20.7,+20.6,+20.8,+20.7,+21.0,+21.0,+21.0
2023-07-24 12:15,4,+9.1,+16.1,+21.0,+5.7,+16.9,+16.9,+20.7,+20.6,+20.8,+20.7,+21.0,+21.0,+21.0
2023-07-24 13:15,4,+9.1,+16.6,+21.0,+5.7,+16.9,+16.9,+20.6,+20.5,+20.8,+20.7,+21.0,+20.8,+20.8
2023-07-24 14:15,4,+9.0,+16.4,+21.0,+5.7,+16.9,+16.9,+20.7,+20.5,+20.8,+20.8,+20.8,+21.0,+20.8
2023-07-24 15:15,4,+9.0,+16.4,+21.0,+5.7,+16.9,+16.9,+20.7,+20.6,+20.8,+20.8,+20.8,+20.8,+20.8
2023-07-24 16:15,4,+8.9,+16.4,+21.0,+5.7,+16.9,+16.9,+20.7,+20.5,+20.8,+20.8,+20.8,+21.0,+20.8
2023-07-24 17:15,4,+9.1,+16.4,+21.1,+5.7,+16.9,+16.9,+20.6,+20.5,+20.8,+20.8,+21.0,+21.0,+21.0
2023-07-24 18:15,4,+9.1,+16.4,+21.1,+5.6,+16.9,+16.9,+20.6,+20.6,+20.8,+20.8,+20.8,+21.0,+21.0
2023-07-24 19:15,4,+9.2,+16.4,+21.0,+5.6,+16.9,+16.9,+20.5,+20.6,+20.7,+20.8,+21.0,+20.8,+21.0
2023-07-24 20:15,4,+9.2,+16.6,+21.1,+5.6,+16.9,+16.9,+20.5,+20.5,+20.8,+20.7,+20.8,+20.8,+20.8
2023-07-24 21:15,4,+9.2,+16.4,+21.0,+5.7,+16.9,+16.9,+20.3,+20.5,+20.7,+20.8,+20.8,+21.0,+21.0
2023-07-24 22:15,4,+9.2,+16.4,+21.1,+5.6,+16.9,+16.9,+20.2,+20.5,+20.7,+20.7,+21.0,+21.0,+20.8
2023-07-24 23:15,4,+9.2,+16.2,+21.1,+5.6,+16.9,+16.9,+20.2,+20.3,+20.7,+20.8,+20.8,+20.8,+21.0
2023-07-25 00:15,4,+9.2,+16.3,+21.1,+5.7,+16.9,+16.9,+20.2,+20.2,+20.7,+20.7,+21.0,+21.0,+21.0
2023-07-25 01:15,4,+9.2,+16.2,+21.1,+5.7,+16.9,+16.9,+20.2,+20.3,+20.7,+20.7,+20.8,+20.8,+21.0
2023-07-25 02:15,4,+9.2,+16.3,+21.1,+5.7,+16.9,+16.9,+20.2,+20.2,+20.7,+20.7,+20.8,+20.8,+20.8
2023-07-25 03:15,4,+9.7,+16.3,+21.1,+5.6,+16.9,+16.9,+20.3,+20.2,+20.6,+20.7,+20.8,+21.0,+21.0
2023-07-25 04:15,4,+10.3,+16.3,+21.1,+5.6,+16.9,+16.8,+20.2,+20.2,+20.6,+20.7,+20.8,+21.0,+21.0
2023-07-25 05:15,4,+10.7,+16.6,+21.1,+5.7,+16.9,+16.9,+20.2,+20.2,+20.6,+20.7,+20.8,+20.8,+21.0
2023-07-25 06:15,4,+10.5,+16.8,+21.1,+5.7,+16.9,+16.9,+20.1,+20.2,+20.6,+20.7,+20.8,+21.0,+21.0
2023-07-25 07:15,4,+10.3,+17.0,+21.1,+5.6,+16.9,+16.8,+20.1,+20.1,+20.6,+20.7,+20.8,+20.8,+21.0
2023-07-25 08:15,4,+10.2,+17.2,+21.2,+5.6,+16.9,+16.8,+20.1,+20.2,+20.6,+20.7,+20.8,+21.0,+20.8
2023-07-25 09:15,4,+10.2,+17.2,+21.2,+5.7,+16.9,+16.8,+20.1,+20.1,+20.6,+20.7,+20.8,+21.0,+20.8
2023-07-25 10:15,4,+10.1,+17.5,+21.2,+5.7,+16.9,+16.9,+20.1,+20.1,+20.6,+20.6,+20.8,+20.8,+21.0
2023-07-25 11:15,4,+10.0,+17.5,+21.2,+5.6,+16.9,+16.8,+20.2,+20.1,+20.6,+20.6,+20.8,+20.8,+20.8
2023-07-25 12:15,4,+9.9,+17.5,+21.2,+5.6,+16.9,+16.8,+20.2,+20.1,+20.5,+20.7,+20.8,+20.8,+21.0
2023-07-25 13:15,4,+9.7,+17.5,+21.2,+5.7,+16.9,+16.8,+20.3,+20.1,+20.5,+20.6,+20.8,+20.8,+21.0
2023-07-25 14:15,4,+9.6,+17.5,+21.2,+5.7,+16.9,+16.8,+20.5,+20.1,+20.5,+20.6,+20.8,+20.8,+21.0
2023-07-25 15:15,4,+9.5,+17.4,+21.2,+5.8,+16.9,+16.8,+20.5,+20.2,+20.5,+20.6,+20.8,+20.8,+21.0
2023-07-25 16:15,4,+9.5,+17.4,+21.2,+5.8,+16.9,+16.8,+20.5,+20.1,+20.5,+20.6,+20.8,+20.8,+20.8
2023-07-25 17:15,4,+9.4,+17.4,+21.3,+5.8,+16.9,+16.8,+20.5,+20.2,+20.5,+20.6,+20.8,+20.8,+20.8
2023-07-25 18:15,4,+9.4,+17.3,+21.3,+5.7,+16.9,+16.8,+20.3,+20.2,+20.5,+20.6,+20.8,+20.8,+20.8
2023-07-25 19:15,4,+9.4,+17.3,+21.3,+5.7,+16.9,+16.8,+20.3,+20.2,+20.5,+20.6,+20.8,+20.8,+20.8
2023-07-25 20:15,4,+9.3,+17.4,+21.3,+5.7,+16.9,+16.8,+20.2,+20.2,+20.5,+20.6,+20.8,+20.8,+20.8
2023-07-25 21:15,4,+9.3,+17.4,+21.3,+5.8,+16.9,+16.8,+20.2,+20.2,+20.5,+20.6,+20.8,+20.8,+20.8
2023-07-25 22:15,4,+9.3,+17.2,+21.3,+5.7,+16.9,+16.8,+20.2,+20.1,+20.5,+20.6,+20.7,+20.8,+20.8
2023-07-25 23:15,4,+9.3,+17.2,+21.3,+5.7,+16.9,+16.8,+20.1,+20.1,+20.5,+20.6,+20.7,+20.8,+20.8
2023-07-26 00:15,4,+9.3,+17.1,+21.3,+5.8,+17.0,+16.9,+20.1,+20.1,+20.5,+20.6,+20.8,+20.8,+21.0
2023-07-26 01:15,4,+9.3,+17.1,+21.3,+5.8,+17.0,+16.9,+20.0,+20.1,+20.5,+20.6,+20.8,+20.8,+20.8
2023-07-26 02:15,4,+9.3,+17.2,+21.3,+5.7,+16.9,+16.8,+20.0,+20.1,+20.5,+20.6,+20.8,+20.8,+20.8
2023-07-26 03:15,4,+9.3,+17.2,+21.3,+5.9,+17.0,+16.9,+19.8,+20.1,+20.5,+20.6,+20.8,+20.8,+20.8
2023-07-26 04:15,4,+9.3,+17.2,+21.3,+5.9,+17.0,+16.9,+19.7,+20.0,+20.5,+20.6,+20.8,+20.8,+20.8
2023-07-26 05:15,4,+9.3,+17.2,+21.4,+5.9,+17.0,+16.9,+19.6,+20.0,+20.5,+20.6,+20.8,+20.7,+20.8
2023-07-26 06:15,4,+9.2,+17.2,+21.3,+5.8,+16.9,+16.9,+19.5,+19.8,+20.5,+20.6,+20.8,+20.8,+20.8
2023-07-26 07:15,4,+9.2,+17.4,+21.3,+5.9,+17.0,+16.9,+19.5,+19.8,+20.5,+20.5,+20.7,+20.8,+20.8
2023-07-26 08:15,4,+9.2,+17.4,+21.4,+5.7,+16.9,+16.9,+19.5,+19.7,+20.5,+20.5,+20.8,+20.8,+20.8
2023-07-26 09:15,4,+9.2,+17.3,+21.4,+5.9,+17.0,+16.9,+19.7,+19.8,+20.3,+20.5,+20.7,+20.8,+20.8
2023-07-26 10:15,4,+9.2,+17.4,+21.3,+5.9,+17.0,+16.9,+20.0,+19.8,+20.3,+20.5,+20.7,+20.8,+20.8
2023-07-26 10:26,4,+9.2,+17.4,+21.3,+5.7,+17.0,+16.9,+20.0,+19.7,+20.3,+20.5,+20.7,+20.7,+20.8
2023-07-26 10:35,4,+9.2,+17.4,+21.4,+5.9,+17.0,+16.9,+20.0,+19.7,+20.3,+20.6,+20.7,+20.8,+20.8
2023-07-26 11:35,4,+9.1,+17.3,+21.4,+5.7,+17.0,+16.9,+20.1,+19.7,+20.2,+20.5,+20.7,+20.7,+20.8
2023-07-26 12:35,4,+9.1,+17.3,+21.3,+5.8,+17.0,+16.9,+20.2,+19.8,+20.2,+20.5,+20.7,+20.8,+20.8
2023-07-26 13:35,4,+9.1,+17.3,+21.4,+5.9,+17.0,+16.9,+20.5,+19.8,+20.3,+20.5,+20.7,+20.7,+20.8
2023-07-26 14:35,4,+9.0,+17.3,+21.4,+5.9,+17.0,+16.9,+20.5,+20.0,+20.2,+20.5,+20.7,+20.8,+20.8
2023-07-26 15:35,4,+9.0,+17.2,+21.4,+5.7,+17.0,+16.9,+20.5,+20.0,+20.3,+20.5,+20.7,+20.7,+20.8
2023-07-26 16:35,4,+9.0,+17.2,+21.4,+5.7,+17.0,+16.9,+20.5,+20.0,+20.3,+20.5,+20.7,+20.8,+20.8
2023-07-26 17:35,4,+9.0,+17.2,+21.4,+5.8,+17.0,+16.9,+20.5,+20.1,+20.3,+20.5,+20.7,+20.7,+20.8
2023-07-26 18:35,4,+9.0,+17.2,+21.4,+5.7,+17.0,+16.9,+20.5,+20.1,+20.3,+20.5,+20.7,+20.7,+20.8
2023-07-26 19:35,4,+9.0,+17.2,+21.4,+5.7,+17.0,+16.9,+20.5,+20.1,+20.3,+20.5,+20.7,+20.7,+20.8
2023-07-26 20:35,4,+9.1,+17.2,+21.4,+5.8,+17.0,+16.9,+20.3,+20.1,+20.3,+20.5,+20.7,+20.7,+20.7
2023-07-26 21:35,4,+9.1,+17.2,+21.4,+5.9,+17.0,+16.9,+20.3,+20.2,+20.3,+20.5,+20.7,+20.7,+20.8
2023-07-26 22:35,4,+9.0,+17.2,+21.4,+5.9,+17.0,+16.9,+20.3,+20.2,+20.3,+20.5,+20.6,+20.7,+20.8
2023-07-26 23:35,4,+9.0,+17.4,+21.4,+5.8,+17.0,+16.9,+20.2,+20.2,+20.3,+20.3,+20.7,+20.7,+20.8
2023-07-27 00:35,4,+9.1,+17.4,+21.4,+5.9,+17.0,+16.9,+20.1,+20.1,+20.3,+20.5,+20.6,+20.7,+20.7
2023-07-27 01:35,4,+9.1,+17.4,+21.4,+5.8,+17.0,+16.9,+20.1,+20.1,+20.5,+20.5,+20.7,+20.7,+20.8
2023-07-27 02:35,4,+9.0,+17.3,+21.4,+5.8,+17.0,+16.9,+20.1,+20.1,+20.3,+20.5,+20.7,+20.7,+20.8
2023-07-27 03:35,4,+9.1,+17.3,+21.4,+5.7,+17.0,+16.9,+20.1,+20.1,+20.5,+20.5,+20.7,+20.7,+20.7
2023-07-27 04:35,4,+9.1,+17.3,+21.4,+5.9,+17.0,+16.9,+20.1,+20.1,+20.3,+20.5,+20.7,+20.7,+20.8
2023-07-27 05:35,4,+9.1,+17.3,+21.4,+5.7,+17.0,+16.9,+20.0,+20.1,+20.3,+20.5,+20.7,+20.7,+20.8
2023-07-27 06:35,4,+9.5,+17.2,+21.4,+5.9,+17.0,+16.9,+20.1,+20.1,+20.5,+20.5,+20.7,+20.7,+20.8
2023-07-27 07:35,4,+10.0,+17.4,+21.4,+5.7,+17.0,+16.9,+20.1,+20.0,+20.3,+20.5,+20.7,+20.7,+20.8
2023-07-27 08:35,4,+10.7,+17.5,+21.4,+5.9,+17.0,+16.9,+20.1,+20.0,+20.5,+20.5,+20.7,+20.7,+20.8
2023-07-27 09:35,4,+10.5,+18.0,+21.5,+5.7,+17.0,+16.9,+20.2,+20.0,+20.3,+20.5,+20.7,+20.7,+20.8
2023-07-27 10:35,4,+10.2,+18.5,+21.4,+5.8,+17.0,+16.9,+20.2,+20.0,+20.3,+20.5,+20.7,+20.7,+20.7
2023-07-27 11:35,4,+10.1,+18.5,+21.4,+5.8,+17.0,+16.9,+20.5,+20.0,+20.3,+20.3,+20.7,+20.7,+20.8
2023-07-27 12:35,4,+9.9,+18.5,+21.5,+5.8,+17.0,+16.9,+20.7,+20.1,+20.3,+20.5,+20.6,+20.7,+20.8
2023-07-27 13:35,4,+9.8,+18.5,+21.5,+5.9,+17.0,+16.9,+20.8,+20.1,+20.3,+20.5,+20.7,+20.7,+20.7
2023-07-27 14:35,4,+9.7,+18.5,+21.4,+5.8,+17.0,+16.9,+21.0,+20.2,+20.3,+20.5,+20.6,+20.7,+20.7
2023-07-27 15:35,4,+9.7,+18.3,+21.4,+5.9,+17.0,+16.9,+21.0,+20.2,+20.3,+20.3,+20.6,+20.7,+20.8
2023-07-27 16:35,4,+9.6,+18.4,+21.4,+5.8,+17.0,+16.9,+21.0,+20.3,+20.5,+20.5,+20.6,+20.7,+20.7
2023-07-27 17:35,4,+9.6,+18.5,+21.5,+5.8,+17.0,+16.9,+20.8,+20.3,+20.5,+20.5,+20.6,+20.7,+20.7
2023-07-27 18:35,4,+9.6,+18.3,+21.5,+5.8,+17.0,+16.9,+20.8,+20.3,+20.5,+20.3,+20.6,+20.7,+20.8
2023-07-27 19:35,4,+9.6,+18.3,+21.5,+5.8,+17.0,+16.9,+20.7,+20.3,+20.5,+20.5,+20.6,+20.7,+20.8
2023-07-27 20:35,4,+9.6,+18.4,+21.5,+5.8,+17.0,+16.9,+20.6,+20.3,+20.5,+20.5,+20.6,+20.7,+20.7
2023-07-27 21:35,4,+9.6,+18.4,+21.5,+5.8,+17.0,+16.9,+20.7,+20.3,+20.6,+20.5,+20.7,+20.7,+20.7
2023-07-27 22:35,4,+9.6,+18.2,+21.5,+5.9,+17.0,+16.9,+20.6,+20.3,+20.5,+20.5,+20.7,+20.7,+20.7
2023-07-27 23:35,4,+9.6,+18.2,+21.5,+5.9,+17.0,+16.9,+20.6,+20.5,+20.5,+20.5,+20.6,+20.7,+20.8
2023-07-28 00:35,4,+9.5,+18.2,+21.5,+5.8,+17.0,+16.9,+20.5,+20.3,+20.5,+20.5,+20.6,+20.7,+20.8
2023-07-28 01:35,4,+9.5,+18.2,+21.5,+5.8,+17.0,+16.9,+20.5,+20.3,+20.5,+20.5,+20.6,+20.6,+20.7
2023-07-28 02:35,4,+9.5,+18.2,+21.5,+5.8,+17.0,+16.9,+20.3,+20.3,+20.6,+20.5,+20.7,+20.7,+20.7
2023-07-28 03:35,4,+9.5,+18.2,+21.5,+5.9,+17.1,+16.9,+20.2,+20.3,+20.6,+20.5,+20.6,+20.7,+20.7
2023-07-28 04:35,4,+9.5,+18.3,+21.5,+5.9,+17.1,+16.9,+20.2,+20.2,+20.6,+20.5,+20.6,+20.7,+20.7
2023-07-28 05:35,4,+9.5,+18.4,+21.5,+5.9,+17.1,+16.9,+20.1,+20.2,+20.6,+20.5,+20.6,+20.7,+20.8
2023-07-28 06:35,4,+9.5,+18.5,+21.5,+5.8,+17.0,+16.9,+20.1,+20.2,+20.5,+20.5,+20.7,+20.7,+20.7
2023-07-28 07:35,4,+9.5,+18.4,+21.5,+5.9,+17.1,+16.9,+20.1,+20.2,+20.5,+20.5,+20.6,+20.7,+20.7
2023-07-28 08:35,4,+9.5,+18.4,+21.5,+5.8,+17.0,+16.9,+20.3,+20.1,+20.5,+20.5,+20.7,+20.6,+20.8
2023-07-28 09:35,4,+9.5,+18.4,+21.5,+5.8,+17.0,+16.9,+20.7,+20.1,+20.5,+20.5,+20.6,+20.7,+20.7
2023-07-28 10:35,4,+9.4,+18.5,+21.5,+5.9,+17.0,+16.9,+20.8,+20.2,+20.5,+20.5,+20.6,+20.7,+20.8
2023-07-28 11:35,4,+9.3,+18.4,+21.5,+5.9,+17.1,+16.9,+21.1,+20.2,+20.5,+20.5,+20.6,+20.7,+20.7
2023-07-28 12:35,4,+9.3,+18.3,+21.5,+5.8,+17.0,+16.9,+21.6,+20.3,+20.5,+20.5,+20.7,+20.7,+20.7
2023-07-28 13:35,4,+9.2,+18.3,+21.5,+5.9,+17.1,+16.9,+21.8,+20.5,+20.5,+20.5,+20.7,+20.7,+20.7
2023-07-28 14:35,4,+9.2,+18.3,+21.5,+5.8,+17.0,+16.9,+22.0,+20.6,+20.5,+20.5,+20.6,+20.7,+20.7
2023-07-28 15:35,4,+9.1,+18.3,+21.5,+5.9,+17.1,+16.9,+22.0,+20.7,+20.6,+20.5,+20.6,+20.7,+20.7
2023-07-28 16:35,4,+9.1,+18.4,+21.5,+5.9,+17.1,+16.9,+22.0,+20.8,+20.6,+20.5,+20.6,+20.7,+20.8
2023-07-28 17:35,4,+9.6,+18.3,+21.5,+5.8,+17.0,+16.9,+21.8,+20.8,+20.6,+20.5,+20.6,+20.7,+20.7
2023-07-28 18:35,4,+9.4,+18.2,+21.5,+5.8,+17.0,+16.9,+21.8,+21.0,+20.7,+20.5,+20.6,+20.7,+20.7
2023-07-28 19:35,4,+9.5,+18.1,+21.5,+5.9,+17.1,+16.9,+21.7,+21.0,+20.7,+20.5,+20.7,+20.7,+20.7
2023-07-28 20:35,4,+9.3,+18.1,+21.6,+5.9,+17.0,+16.9,+21.7,+21.1,+20.7,+20.6,+20.7,+20.7,+20.7
2023-07-28 21:35,4,+9.3,+18.1,+21.5,+5.9,+17.0,+16.9,+21.6,+21.1,+20.8,+20.5,+20.7,+20.7,+20.8
2023-07-28 22:35,4,+11.0,+18.1,+21.6,+5.9,+17.1,+16.9,+21.6,+21.1,+20.8,+20.6,+20.7,+20.6,+20.7
2023-07-28 23:35,4,+10.7,+18.1,+21.6,+6.0,+17.1,+16.9,+21.5,+21.0,+20.8,+20.6,+20.7,+20.7,+20.7
2023-07-29 00:35,4,+10.6,+18.3,+21.6,+5.9,+17.1,+16.9,+21.3,+21.1,+20.8,+20.6,+20.7,+20.7,+20.7
2023-07-29 01:35,4,+10.6,+18.5,+21.6,+5.9,+17.1,+16.9,+21.3,+21.0,+21.0,+20.6,+20.7,+20.7,+20.7
2023-07-29 02:35,4,+10.3,+18.6,+21.6,+5.9,+17.1,+16.9,+21.3,+21.1,+21.0,+20.7,+20.7,+20.7,+20.7
2023-07-29 03:35,4,+10.1,+18.8,+21.6,+6.0,+17.1,+16.9,+21.2,+21.0,+21.0,+20.7,+20.7,+20.7,+20.7
2023-07-29 04:35,4,+10.0,+18.8,+21.6,+5.9,+17.1,+16.9,+21.2,+21.0,+21.0,+20.6,+20.7,+20.7,+20.7
2023-07-29 05:35,4,+10.0,+18.9,+21.6,+6.0,+17.1,+16.9,+21.2,+21.0,+21.0,+20.7,+20.7,+20.7,+20.7
2023-07-29 06:35,4,+9.9,+18.9,+21.6,+6.0,+17.1,+16.9,+21.2,+21.0,+21.0,+20.7,+20.7,+20.7,+20.8
2023-07-29 07:35,4,+9.9,+19.0,+21.6,+6.0,+17.1,+16.9,+21.3,+21.0,+21.0,+20.7,+20.7,+20.7,+20.8
2023-07-29 08:35,4,+9.8,+19.0,+21.6,+6.0,+17.1,+17.0,+21.6,+21.0,+21.0,+20.7,+20.7,+20.7,+20.7
2023-07-29 09:35,4,+9.7,+19.0,+21.6,+6.0,+17.1,+16.9,+21.7,+21.0,+21.0,+20.7,+20.7,+20.7,+20.7
2023-07-29 10:35,4,+9.6,+18.9,+21.6,+5.9,+17.1,+16.9,+21.8,+21.1,+21.0,+20.7,+20.7,+20.8,+20.8
2023-07-29 11:35,4,+9.5,+18.9,+21.7,+6.0,+17.1,+16.9,+22.0,+21.1,+21.1,+20.7,+20.7,+20.7,+20.7
2023-07-29 12:35,4,+9.5,+18.9,+21.7,+5.9,+17.1,+16.9,+22.1,+21.2,+21.1,+20.7,+20.7,+20.8,+20.8
2023-07-29 13:35,4,+9.4,+18.9,+21.7,+5.9,+17.1,+16.9,+22.2,+21.2,+21.1,+20.7,+20.7,+20.7,+20.7
2023-07-29 14:35,4,+9.4,+18.8,+21.7,+5.9,+17.1,+16.9,+22.3,+21.2,+21.1,+20.7,+20.8,+20.8,+20.7
2023-07-29 15:35,4,+9.3,+18.8,+21.7,+5.9,+17.1,+16.9,+22.3,+21.3,+21.1,+20.7,+20.8,+20.8,+20.8
2023-07-29 16:35,4,+9.3,+18.8,+21.7,+5.9,+17.1,+16.9,+22.3,+21.3,+21.1,+20.7,+20.8,+20.7,+20.8
2023-07-29 17:35,4,+9.3,+18.8,+21.7,+6.0,+17.1,+17.0,+22.2,+21.5,+21.2,+20.8,+20.8,+20.8,+20.7
2023-07-29 18:35,4,+9.3,+18.7,+21.7,+5.9,+17.1,+16.9,+22.0,+21.5,+21.2,+20.8,+20.8,+20.8,+20.7
2023-07-29 19:35,4,+9.3,+18.7,+21.7,+6.0,+17.1,+16.9,+22.0,+21.5,+21.2,+20.8,+20.8,+20.8,+20.8
2023-07-29 20:35,4,+9.3,+18.7,+21.7,+5.9,+17.1,+16.9,+21.8,+21.5,+21.3,+20.8,+20.8,+20.8,+20.8
2023-07-29 21:35,4,+9.3,+18.7,+21.7,+5.9,+17.1,+16.9,+21.7,+21.5,+21.2,+21.0,+20.8,+20.8,+20.8
2023-07-29 22:35,4,+9.3,+18.6,+21.7,+5.9,+17.1,+16.9,+21.7,+21.5,+21.3,+21.0,+20.8,+20.8,+20.8
2023-07-29 23:35,4,+9.3,+18.6,+21.7,+5.9,+17.1,+16.9,+21.6,+21.3,+21.2,+21.0,+20.8,+20.8,+20.8
2023-07-30 00:35,4,+9.3,+18.6,+21.7,+6.0,+17.1,+17.0,+21.6,+21.3,+21.3,+21.0,+20.8,+20.8,+20.8
2023-07-30 01:35,4,+9.3,+18.6,+21.7,+6.0,+17.1,+17.0,+21.5,+21.2,+21.3,+21.0,+20.8,+20.8,+20.8
2023-07-30 02:35,4,+9.3,+18.7,+21.7,+6.0,+17.1,+16.9,+21.5,+21.3,+21.3,+21.0,+21.0,+20.8,+20.8
2023-07-30 03:35,4,+9.3,+18.9,+21.7,+5.9,+17.1,+17.0,+21.3,+21.2,+21.3,+21.0,+21.0,+20.8,+20.8
2023-07-30 04:35,4,+9.3,+19.0,+21.7,+5.9,+17.1,+17.0,+21.2,+21.2,+21.3,+21.0,+21.0,+20.8,+20.8
2023-07-30 05:35,4,+9.3,+19.1,+21.7,+5.9,+17.1,+17.0,+21.2,+21.2,+21.3,+21.0,+21.0,+20.8,+20.8
2023-07-30 06:35,4,+9.3,+19.3,+21.7,+6.1,+17.2,+17.0,+21.2,+21.1,+21.2,+21.0,+21.0,+20.8,+20.8
2023-07-30 07:35,4,+9.3,+19.3,+21.7,+6.1,+17.2,+17.0,+21.2,+21.1,+21.2,+21.0,+21.0,+20.8,+20.8
2023-07-30 08:35,4,+9.3,+19.3,+21.7,+5.9,+17.1,+17.0,+21.2,+21.1,+21.3,+21.0,+21.0,+20.8,+20.8
2023-07-30 09:35,4,+9.2,+19.3,+21.7,+6.1,+17.2,+17.0,+21.3,+21.1,+21.2,+21.0,+21.0,+21.0,+20.8
2023-07-30 10:35,4,+9.2,+19.3,+21.7,+6.1,+17.2,+17.0,+21.5,+21.1,+21.2,+21.0,+21.0,+21.0,+20.8
2023-07-30 11:35,4,+9.2,+19.3,+21.7,+6.0,+17.2,+17.0,+21.5,+21.1,+21.2,+21.0,+21.0,+21.0,+20.8
2023-07-30 12:35,4,+9.2,+19.3,+21.7,+6.1,+17.2,+17.0,+21.5,+21.1,+21.2,+21.0,+21.0,+21.0,+20.8
2023-07-30 13:35,4,+9.2,+19.3,+21.7,+6.0,+17.1,+17.0,+21.5,+21.2,+21.2,+21.0,+21.0,+21.0,+20.8
2023-07-30 14:35,4,+9.2,+19.3,+21.6,+6.0,+17.2,+17.0,+21.5,+21.2,+21.2,+21.0,+21.0,+21.0,+20.8
2023-07-30 15:35,4,+9.2,+19.3,+21.7,+6.3,+17.2,+17.1,+21.5,+21.1,+21.2,+21.0,+21.0,+21.0,+20.8
2023-07-30 16:35,4,+9.2,+19.3,+21.8,+6.4,+17.2,+17.1,+21.5,+21.2,+21.2,+21.0,+21.0,+21.0,+20.8
2023-07-30 17:35,4,+9.2,+19.3,+21.9,+6.6,+17.2,+17.1,+21.5,+21.1,+21.2,+21.0,+21.0,+21.0,+21.0
2023-07-30 18:35,4,+9.2,+19.3,+21.9,+6.8,+17.3,+17.2,+21.3,+21.1,+21.2,+21.0,+21.0,+21.0,+20.8
2023-07-30 19:35,4,+9.2,+19.3,+21.9,+7.0,+17.3,+17.2,+21.3,+21.1,+21.2,+21.0,+21.0,+21.0,+21.0
2023-07-30 20:35,4,+9.2,+19.6,+22.0,+7.1,+17.3,+17.2,+21.2,+21.1,+21.2,+21.0,+21.0,+21.0,+21.0
2023-07-30 21:35,4,+9.2,+19.7,+22.0,+7.1,+17.3,+17.2,+21.2,+21.1,+21.2,+21.0,+21.0,+21.0,+20.8
2023-07-30 22:35,4,+9.2,+19.8,+22.0,+7.1,+17.3,+17.2,+21.2,+21.1,+21.2,+21.1,+21.1,+21.0,+21.0
2023-07-30 23:35,4,+9.2,+19.8,+22.1,+7.2,+17.4,+17.3,+21.1,+21.0,+21.2,+21.0,+21.1,+21.0,+21.0
2023-07-31 00:35,4,+9.2,+19.8,+22.1,+7.1,+17.3,+17.2,+21.1,+21.1,+21.2,+21.0,+21.1,+21.0,+21.0
2023-07-31 01:35,4,+9.2,+19.8,+22.1,+7.1,+17.3,+17.3,+21.1,+21.0,+21.2,+21.0,+21.1,+21.0,+21.0
2023-07-31 02:35,4,+9.2,+19.8,+22.1,+7.1,+17.3,+17.3,+21.1,+21.0,+21.2,+21.0,+21.1,+21.1,+21.0
2023-07-31 03:35,4,+9.2,+19.8,+22.1,+7.2,+17.3,+17.3,+21.0,+21.0,+21.2,+21.0,+21.0,+21.0,+21.0
2023-07-31 04:35,4,+9.2,+19.8,+22.1,+7.2,+17.4,+17.3,+21.0,+21.0,+21.1,+21.0,+21.0,+21.0,+21.0
2023-07-31 05:35,4,+9.2,+19.8,+22.1,+7.2,+17.4,+17.3,+21.0,+21.0,+21.2,+21.0,+21.0,+21.0,+21.0
2023-07-31 06:35,4,+9.2,+19.8,+22.1,+7.1,+17.3,+17.3,+21.0,+20.8,+21.1,+21.0,+21.1,+21.1,+20.8
2023-07-31 07:35,4,+9.2,+19.8,+22.1,+7.1,+17.3,+17.3,+21.0,+20.8,+21.1,+21.0,+21.1,+21.0,+21.0
2023-07-31 08:35,4,+9.2,+19.8,+22.1,+7.2,+17.4,+17.4,+21.1,+20.8,+21.1,+21.0,+21.1,+21.0,+21.0
2023-07-31 09:35,4,+9.1,+19.8,+22.1,+7.2,+17.4,+17.4,+21.2,+20.8,+21.1,+21.0,+21.1,+21.0,+21.0
2023-07-31 10:35,4,+9.1,+20.0,+22.1,+7.1,+17.3,+17.3,+21.3,+20.8,+21.1,+21.0,+21.1,+21.0,+21.0
2023-07-31 11:35,4,+9.1,+20.0,+22.1,+7.2,+17.4,+17.4,+21.6,+20.8,+21.1,+21.0,+21.1,+21.0,+21.0
2023-07-31 12:35,4,+9.0,+19.9,+22.1,+7.1,+17.3,+17.3,+22.0,+21.0,+21.1,+21.0,+21.0,+21.0,+21.0
2023-07-31 13:35,4,+9.0,+20.0,+22.1,+7.2,+17.4,+17.4,+22.0,+21.1,+21.1,+21.0,+21.1,+21.0,+21.0
2023-07-31 14:35,4,+9.0,+19.9,+22.1,+7.2,+17.4,+17.4,+21.8,+21.1,+21.1,+21.0,+21.1,+21.1,+21.0
2023-07-31 15:35,4,+9.0,+19.9,+22.1,+7.1,+17.3,+17.3,+21.8,+21.2,+21.1,+21.0,+21.1,+21.1,+21.0
2023-07-31 16:35,4,+9.0,+19.9,+22.1,+7.2,+17.4,+17.4,+21.7,+21.2,+21.1,+21.0,+21.1,+21.1,+21.0
2023-07-31 17:35,4,+9.8,+19.9,+22.1,+7.2,+17.4,+17.4,+21.6,+21.2,+21.2,+21.0,+21.0,+21.0,+21.0
2023-07-31 18:35,4,+9.7,+20.0,+22.1,+7.2,+17.4,+17.4,+21.5,+21.2,+21.2,+21.0,+21.1,+21.0,+21.0
2023-07-31 19:35,4,+9.7,+20.1,+22.1,+7.1,+17.3,+17.3,+21.5,+21.2,+21.2,+21.0,+21.1,+21.1,+21.0
2023-07-31 20:35,4,+9.7,+20.1,+22.1,+7.2,+17.4,+17.4,+21.5,+21.2,+21.2,+21.1,+21.0,+21.0,+21.0
2023-07-31 21:35,4,+9.7,+20.2,+22.1,+7.2,+17.4,+17.4,+21.3,+21.1,+21.2,+21.0,+21.1,+21.0,+21.0
2023-07-31 22:35,4,+9.7,+20.2,+22.1,+7.1,+17.4,+17.3,+21.3,+21.2,+21.2,+21.0,+21.1,+21.1,+21.0
2023-07-31 23:35,4,+9.6,+20.3,+22.1,+7.2,+17.4,+17.4,+21.3,+21.1,+21.2,+21.0,+21.1,+21.1,+21.0
2023-08-01 00:35,4,+9.6,+20.4,+22.1,+7.2,+17.4,+17.4,+21.3,+21.1,+21.2,+21.1,+21.1,+21.0,+21.0
2023-08-01 01:35,4,+9.6,+20.7,+22.1,+7.1,+17.4,+17.4,+21.2,+21.1,+21.2,+21.0,+21.1,+21.1,+21.0
2023-08-01 02:35,4,+9.6,+20.9,+22.1,+7.1,+17.3,+17.4,+21.2,+21.1,+21.2,+21.1,+21.0,+21.0,+21.0
2023-08-01 03:35,4,+9.6,+21.0,+22.1,+7.2,+17.4,+17.4,+21.2,+21.1,+21.2,+21.0,+21.1,+21.1,+21.0
2023-08-01 04:35,4,+9.6,+21.0,+22.1,+7.2,+17.4,+17.4,+21.1,+21.1,+21.2,+21.0,+21.1,+21.1,+21.0
2023-08-01 05:35,4,+9.6,+21.0,+22.1,+7.1,+17.4,+17.4,+21.1,+21.0,+21.2,+21.1,+21.1,+21.1,+21.0
2023-08-01 06:35,4,+9.6,+21.0,+22.1,+7.2,+17.4,+17.4,+21.1,+21.0,+21.2,+21.1,+21.1,+21.1,+21.0
2023-08-01 07:35,4,+9.6,+21.0,+22.1,+7.1,+17.4,+17.4,+21.2,+21.0,+21.2,+21.1,+21.1,+21.1,+21.0
2023-08-01 08:35,4,+9.6,+21.0,+22.1,+7.2,+17.4,+17.4,+21.3,+21.1,+21.2,+21.1,+21.1,+21.1,+21.0
2023-08-01 09:35,4,+9.5,+21.0,+22.1,+7.2,+17.4,+17.4,+21.6,+21.0,+21.2,+21.1,+21.1,+21.1,+21.0
2023-08-01 10:35,4,+9.5,+21.0,+22.1,+7.1,+17.4,+17.4,+21.7,+21.1,+21.2,+21.1,+21.1,+21.1,+21.0
2023-08-01 11:35,4,+9.5,+21.0,+22.1,+7.2,+17.4,+17.4,+21.7,+21.1,+21.1,+21.0,+21.1,+21.1,+21.0
2023-08-01 12:35,4,+9.5,+21.1,+22.1,+7.2,+17.4,+17.4,+21.8,+21.1,+21.2,+21.1,+21.1,+21.1,+21.0
2023-08-01 13:35,4,+9.5,+21.1,+22.1,+7.1,+17.4,+17.3,+21.8,+21.2,+21.2,+21.0,+21.1,+21.1,+21.0
2023-08-01 14:35,4,+9.5,+21.1,+22.1,+7.1,+17.4,+17.4,+22.0,+21.3,+21.2,+21.0,+21.1,+21.1,+21.0
2023-08-01 15:35,4,+9.5,+21.2,+22.1,+7.1,+17.4,+17.3,+22.0,+21.2,+21.2,+21.1,+21.1,+21.1,+21.0
2023-08-01 16:35,4,+9.7,+21.3,+22.1,+7.1,+17.4,+17.4,+22.0,+21.3,+21.2,+21.1,+21.1,+21.1,+21.0
2023-08-01 17:35,4,+9.8,+21.4,+22.1,+7.1,+17.4,+17.3,+22.0,+21.3,+21.3,+21.0,+21.1,+21.1,+21.0
2023-08-01 18:35,4,+10.0,+21.4,+22.2,+7.1,+17.4,+17.3,+21.8,+21.3,+21.3,+21.1,+21.1,+21.1,+21.1
2023-08-01 19:35,4,+10.1,+21.4,+22.1,+7.1,+17.4,+17.4,+21.7,+21.3,+21.3,+21.1,+21.1,+21.1,+21.0
2023-08-01 20:35,4,+10.2,+21.5,+22.1,+7.2,+17.4,+17.4,+21.6,+21.3,+21.3,+21.1,+21.1,+21.1,+21.0
2023-08-01 21:35,4,+10.3,+21.6,+22.2,+7.2,+17.4,+17.4,+21.5,+21.3,+21.3,+21.1,+21.1,+21.1,+21.0
2023-08-01 22:35,4,+10.3,+21.6,+22.1,+7.2,+17.4,+17.4,+21.3,+21.3,+21.3,+21.1,+21.1,+21.1,+21.0
2023-08-01 23:35,4,+10.4,+21.6,+22.2,+7.2,+17.4,+17.4,+21.2,+21.2,+21.3,+21.1,+21.1,+21.1,+21.0
2023-08-02 00:35,4,+10.5,+21.7,+22.1,+7.1,+17.4,+17.4,+21.2,+21.2,+21.3,+21.1,+21.1,+21.1,+21.1
2023-08-02 01:35,4,+10.5,+21.7,+22.2,+7.2,+17.4,+17.4,+21.1,+21.2,+21.3,+21.1,+21.1,+21.1,+21.0
2023-08-02 02:35,4,+10.5,+21.7,+22.2,+7.1,+17.4,+17.4,+21.0,+21.1,+21.3,+21.1,+21.2,+21.1,+21.0
2023-08-02 03:35,4,+10.5,+21.6,+22.2,+7.2,+17.4,+17.4,+21.0,+21.0,+21.3,+21.1,+21.1,+21.1,+21.1
2023-08-02 04:35,4,+10.5,+21.6,+22.1,+7.2,+17.4,+17.4,+21.0,+21.0,+21.3,+21.1,+21.1,+21.1,+21.0
2023-08-02 05:35,4,+10.5,+21.6,+22.1,+7.1,+17.4,+17.4,+20.8,+21.0,+21.2,+21.2,+21.1,+21.1,+21.1
2023-08-02 06:35,4,+10.5,+21.6,+22.1,+7.2,+17.4,+17.4,+20.8,+21.0,+21.2,+21.1,+21.2,+21.1,+21.1
2023-08-02 07:35,4,+10.5,+21.6,+22.1,+7.2,+17.4,+17.4,+20.8,+21.0,+21.2,+21.1,+21.1,+21.1,+21.0
2023-08-02 08:35,4,+10.5,+21.6,+22.1,+7.2,+17.4,+17.4,+21.1,+20.8,+21.2,+21.1,+21.1,+21.1,+21.1
2023-08-02 09:35,4,+10.5,+21.7,+22.1,+7.2,+17.4,+17.4,+21.2,+20.8,+21.2,+21.1,+21.1,+21.1,+21.0
2023-08-02 10:35,4,+10.5,+21.8,+22.1,+7.1,+17.4,+17.4,+21.3,+21.0,+21.2,+21.1,+21.1,+21.1,+21.1
2023-08-02 11:35,4,+10.4,+21.8,+22.1,+7.1,+17.4,+17.4,+21.5,+21.0,+21.2,+21.1,+21.2,+21.1,+21.1
2023-08-02 12:35,4,+10.4,+21.8,+22.1,+7.1,+17.4,+17.4,+21.7,+21.0,+21.2,+21.1,+21.2,+21.1,+21.1
2023-08-02 13:35,4,+10.3,+21.8,+22.1,+7.1,+17.4,+17.4,+21.8,+21.1,+21.1,+21.1,+21.1,+21.1,+21.1
2023-08-02 14:35,4,+10.3,+21.8,+22.1,+7.2,+17.4,+17.4,+21.8,+21.1,+21.2,+21.1,+21.1,+21.1,+21.0
2023-08-02 15:35,4,+10.3,+21.8,+22.1,+7.1,+17.4,+17.4,+21.7,+21.2,+21.2,+21.1,+21.1,+21.1,+21.1
2023-08-02 16:35,4,+10.3,+21.8,+22.1,+7.1,+17.4,+17.4,+21.7,+21.2,+21.2,+21.1,+21.1,+21.1,+21.1
2023-08-02 17:35,4,+10.3,+21.8,+22.1,+7.2,+17.4,+17.4,+21.7,+21.2,+21.2,+21.1,+21.2,+21.1,+21.1
2023-08-02 18:35,4,+10.3,+21.8,+22.1,+7.1,+17.4,+17.4,+21.6,+21.2,+21.2,+21.1,+21.1,+21.1,+21.1
2023-08-02 19:35,4,+10.3,+21.7,+22.1,+7.1,+17.4,+17.4,+21.6,+21.2,+21.2,+21.1,+21.1,+21.1,+21.0
2023-08-02 20:35,4,+10.3,+21.7,+22.1,+7.1,+17.4,+17.4,+21.5,+21.3,+21.2,+21.1,+21.1,+21.1,+21.1
2023-08-02 21:35,4,+10.2,+21.6,+22.1,+7.2,+17.4,+17.4,+21.5,+21.2,+21.3,+21.1,+21.1,+21.1,+21.1
2023-08-02 22:35,4,+10.2,+21.5,+22.1,+7.2,+17.4,+17.4,+21.3,+21.2,+21.3,+21.1,+21.1,+21.1,+21.0
2023-08-02 23:35,4,+10.2,+21.5,+22.1,+7.2,+17.4,+17.4,+21.2,+21.2,+21.3,+21.1,+21.1,+21.1,+21.0
2023-08-03 00:35,4,+10.2,+21.5,+22.1,+7.2,+17.4,+17.4,+21.2,+21.2,+21.3,+21.1,+21.2,+21.1,+21.0
2023-08-03 01:35,4,+10.2,+21.6,+22.1,+7.1,+17.4,+17.4,+21.1,+21.1,+21.3,+21.1,+21.1,+21.1,+21.1
2023-08-03 02:35,4,+10.2,+21.5,+22.1,+7.1,+17.4,+17.4,+21.0,+21.1,+21.3,+21.1,+21.1,+21.1,+21.1
2023-08-03 03:35,4,+10.2,+21.6,+22.1,+7.1,+17.4,+17.4,+20.8,+21.1,+21.2,+21.1,+21.2,+21.1,+21.1
2023-08-03 04:35,4,+10.2,+21.5,+22.1,+7.1,+17.4,+17.4,+20.8,+21.0,+21.2,+21.1,+21.1,+21.1,+21.0
2023-08-03 05:35,4,+10.2,+21.5,+22.1,+7.2,+17.4,+17.4,+20.7,+21.0,+21.2,+21.1,+21.2,+21.1,+21.1
2023-08-03 06:35,4,+10.2,+21.6,+22.1,+7.1,+17.4,+17.4,+20.7,+20.8,+21.2,+21.1,+21.1,+21.2,+21.1
2023-08-03 07:35,4,+10.2,+21.5,+22.1,+7.1,+17.4,+17.4,+20.8,+20.8,+21.2,+21.1,+21.2,+21.1,+21.1
2023-08-03 08:35,4,+10.2,+21.5,+22.1,+7.1,+17.4,+17.4,+20.8,+20.8,+21.2,+21.1,+21.1,+21.1,+21.1
2023-08-03 09:35,4,+10.2,+21.5,+22.1,+7.2,+17.4,+17.4,+20.8,+20.8,+21.2,+21.1,+21.1,+21.1,+21.1
2023-08-03 10:35,4,+10.2,+21.5,+22.1,+7.1,+17.4,+17.4,+21.0,+20.8,+21.1,+21.1,+21.2,+21.2,+21.1
2023-08-03 11:35,4,+10.3,+21.6,+22.1,+7.2,+17.4,+17.4,+21.0,+20.8,+21.1,+21.1,+21.1,+21.1,+21.1
2023-08-03 12:35,4,+10.6,+21.5,+22.1,+7.2,+17.5,+17.4,+21.1,+20.7,+21.1,+21.1,+21.2,+21.1,+21.1
2023-08-03 13:35,4,+10.6,+21.4,+22.1,+7.2,+17.4,+17.4,+21.2,+20.8,+21.1,+21.1,+21.2,+21.1,+21.1
2023-08-03 14:35,4,+10.6,+21.4,+22.1,+7.2,+17.5,+17.4,+21.3,+20.7,+21.1,+21.0,+21.1,+21.2,+21.1
2023-08-03 15:35,4,+10.6,+21.4,+22.1,+7.1,+17.4,+17.4,+21.3,+20.8,+21.1,+21.0,+21.1,+21.1,+21.1
2023-08-03 16:35,4,+10.5,+21.4,+22.1,+7.1,+17.4,+17.4,+21.5,+20.8,+21.1,+21.0,+21.1,+21.1,+21.1
2023-08-03 17:35,4,+10.6,+21.4,+22.1,+7.2,+17.5,+17.4,+21.5,+21.0,+21.1,+21.1,+21.1,+21.1,+21.1
2023-08-03 18:35,4,+10.5,+21.4,+22.1,+7.2,+17.5,+17.4,+21.5,+21.0,+21.1,+21.0,+21.1,+21.1,+21.1
2023-08-03 19:35,4,+10.6,+21.5,+22.1,+7.2,+17.5,+17.4,+21.5,+21.0,+21.1,+21.0,+21.2,+21.1,+21.1
2023-08-03 20:35,4,+10.7,+21.5,+22.1,+7.2,+17.5,+17.4,+21.3,+21.1,+21.2,+21.0,+21.1,+21.1,+21.1
2023-08-03 21:35,4,+10.8,+21.5,+22.1,+7.2,+17.5,+17.4,+21.3,+21.1,+21.1,+21.0,+21.1,+21.1,+21.1
2023-08-03 22:35,4,+10.8,+21.5,+22.1,+7.2,+17.5,+17.4,+21.2,+21.1,+21.2,+21.1,+21.1,+21.1,+21.1
2023-08-03 23:35,4,+10.8,+21.5,+22.1,+7.2,+17.5,+17.4,+21.2,+21.1,+21.2,+21.1,+21.2,+21.1,+21.1
2023-08-04 00:35,4,+10.7,+21.5,+22.1,+7.2,+17.5,+17.4,+21.1,+21.1,+21.2,+21.0,+21.1,+21.1,+21.1
2023-08-04 01:35,4,+10.7,+21.5,+22.1,+7.2,+17.5,+17.4,+21.1,+21.1,+21.2,+21.0,+21.1,+21.1,+21.1
2023-08-04 02:35,4,+10.7,+21.5,+22.1,+7.1,+17.4,+17.4,+21.1,+21.0,+21.2,+21.1,+21.1,+21.1,+21.1
2023-08-04 03:35,4,+10.7,+21.7,+22.1,+7.1,+17.4,+17.4,+21.0,+21.0,+21.2,+21.0,+21.1,+21.1,+21.1
2023-08-04 04:35,4,+10.7,+21.7,+22.1,+7.2,+17.5,+17.4,+21.0,+21.0,+21.2,+21.1,+21.1,+21.1,+21.1
2023-08-04 05:35,4,+10.7,+21.8,+22.1,+7.2,+17.5,+17.4,+21.0,+21.0,+21.1,+21.1,+21.1,+21.1,+21.1
2023-08-04 06:35,4,+10.7,+21.8,+22.1,+7.1,+17.4,+17.4,+20.8,+20.8,+21.2,+21.0,+21.1,+21.1,+21.1
2023-08-04 07:35,4,+10.7,+21.8,+22.1,+7.2,+17.5,+17.4,+20.8,+20.8,+21.1,+21.1,+21.1,+21.1,+21.1
2023-08-04 08:35,4,+10.7,+21.8,+22.1,+7.2,+17.5,+17.4,+20.8,+20.8,+21.1,+21.0,+21.1,+21.1,+21.1
2023-08-04 09:35,4,+10.7,+21.8,+22.1,+7.2,+17.5,+17.4,+20.8,+20.8,+21.1,+21.0,+21.1,+21.1,+21.1
2023-08-04 10:35,4,+10.7,+21.8,+22.1,+7.2,+17.5,+17.4,+21.0,+20.8,+21.1,+21.1,+21.1,+21.1,+21.1
2023-08-04 11:35,4,+10.7,+22.0,+22.1,+7.1,+17.4,+17.4,+21.1,+20.8,+21.1,+21.1,+21.1,+21.1,+21.1
2023-08-04 12:35,4,+10.6,+22.0,+22.1,+7.2,+17.5,+17.4,+21.2,+20.8,+21.1,+21.0,+21.1,+21.1,+21.1
2023-08-04 13:35,4,+10.5,+22.0,+22.1,+7.2,+17.5,+17.4,+21.6,+20.8,+21.1,+21.1,+21.2,+21.1,+21.1
2023-08-04 14:35,4,+10.4,+22.0,+22.1,+7.2,+17.5,+17.4,+21.7,+20.8,+21.1,+21.1,+21.1,+21.1,+21.1
2023-08-04 15:35,4,+10.4,+22.2,+22.1,+7.2,+17.5,+17.4,+21.8,+21.0,+21.1,+21.0,+21.1,+21.1,+21.1
2023-08-04 16:35,4,+10.4,+22.2,+22.1,+7.2,+17.5,+17.4,+21.7,+21.1,+21.1,+21.0,+21.1,+21.1,+21.1
2023-08-04 17:35,4,+10.3,+22.2,+22.1,+7.2,+17.5,+17.4,+21.7,+21.1,+21.1,+21.0,+21.1,+21.1,+21.1
2023-08-04 18:35,4,+10.3,+22.1,+22.1,+7.1,+17.4,+17.4,+21.5,+21.1,+21.1,+21.0,+21.2,+21.1,+21.1
2023-08-04 19:35,4,+10.3,+22.1,+22.1,+7.1,+17.4,+17.4,+21.5,+21.1,+21.2,+21.0,+21.1,+21.1,+21.1
2023-08-04 20:35,4,+10.3,+22.0,+22.1,+7.2,+17.5,+17.4,+21.3,+21.1,+21.1,+21.0,+21.1,+21.1,+21.1
2023-08-04 21:35,4,+10.3,+22.0,+22.1,+7.2,+17.5,+17.4,+21.2,+21.1,+21.2,+21.1,+21.1,+21.1,+21.1
2023-08-04 22:35,4,+10.3,+21.9,+22.2,+7.1,+17.4,+17.4,+21.2,+21.1,+21.2,+21.1,+21.1,+21.1,+21.1
2023-08-04 23:35,4,+10.3,+22.0,+22.2,+7.2,+17.5,+17.4,+21.2,+21.1,+21.2,+21.0,+21.1,+21.1,+21.1
2023-08-05 00:35,4,+13.2,+22.5,+22.2,+7.1,+17.4,+17.4,+21.1,+21.1,+21.2,+21.1,+21.2,+21.1,+21.1
2023-08-05 01:35,4,+12.4,+22.7,+22.3,+7.2,+17.5,+17.4,+21.0,+21.0,+21.2,+21.1,+21.2,+21.1,+21.1
2023-08-05 02:35,4,+12.2,+22.6,+22.2,+7.2,+17.5,+17.4,+20.8,+21.0,+21.2,+21.1,+21.1,+21.1,+21.1
2023-08-05 03:35,4,+12.1,+22.5,+22.2,+7.2,+17.5,+17.4,+20.8,+21.0,+21.2,+21.0,+21.1,+21.1,+21.1
2023-08-05 04:35,4,+12.0,+22.3,+22.2,+7.2,+17.5,+17.4,+20.7,+20.8,+21.1,+21.1,+21.1,+21.1,+21.1
2023-08-05 05:35,4,+12.0,+22.4,+22.4,+7.1,+17.4,+17.4,+20.7,+20.8,+21.1,+21.1,+21.1,+21.1,+21.1
2023-08-05 06:35,4,+11.9,+22.6,+22.2,+7.2,+17.5,+17.4,+20.7,+20.8,+21.1,+21.1,+21.1,+21.1,+21.1
2023-08-05 07:35,4,+11.9,+22.4,+22.2,+7.1,+17.5,+17.4,+20.7,+20.7,+21.1,+21.0,+21.1,+21.1,+21.1
2023-08-05 08:35,4,+11.9,+22.5,+22.2,+7.2,+17.5,+17.4,+20.7,+20.7,+21.1,+21.0,+21.1,+21.1,+21.1
2023-08-05 09:35,4,+11.9,+22.5,+22.2,+7.1,+17.5,+17.4,+20.7,+20.7,+21.1,+21.0,+21.1,+21.1,+21.1
2023-08-05 10:35,4,+11.9,+22.6,+22.2,+7.2,+17.5,+17.4,+20.7,+20.7,+21.1,+21.0,+21.1,+21.2,+21.1
2023-08-05 11:35,4,+11.8,+22.5,+22.2,+7.2,+17.5,+17.4,+20.8,+20.7,+21.1,+21.0,+21.1,+21.1,+21.1
2023-08-05 12:35,4,+11.8,+22.5,+22.2,+7.2,+17.5,+17.4,+21.1,+20.7,+21.1,+21.0,+21.2,+21.1,+21.1
2023-08-05 13:35,4,+11.7,+22.5,+22.2,+7.1,+17.4,+17.4,+21.2,+20.7,+21.0,+21.0,+21.1,+21.1,+21.1
2023-08-05 14:35,4,+11.7,+22.6,+22.2,+7.2,+17.5,+17.4,+21.3,+20.7,+21.0,+21.0,+21.2,+21.1,+21.1
2023-08-05 15:35,4,+11.6,+22.8,+22.2,+7.1,+17.4,+17.4,+21.2,+20.8,+21.1,+21.0,+21.1,+21.1,+21.1
2023-08-05 16:35,4,+11.6,+22.8,+22.2,+7.1,+17.4,+17.4,+21.2,+20.8,+21.0,+21.0,+21.2,+21.1,+21.1
2023-08-05 17:35,4,+11.6,+22.9,+22.2,+7.2,+17.5,+17.4,+21.2,+20.8,+21.1,+21.0,+21.1,+21.1,+21.1
2023-08-05 18:35,4,+11.6,+23.0,+22.2,+7.3,+17.5,+17.4,+21.1,+20.8,+21.1,+21.0,+21.1,+21.1,+21.1
2023-08-05 19:35,4,+11.6,+23.0,+22.2,+7.3,+17.5,+17.4,+21.1,+20.8,+21.1,+21.0,+21.1,+21.1,+21.1
2023-08-05 20:35,4,+11.6,+23.1,+22.2,+7.1,+17.4,+17.4,+21.1,+20.8,+21.0,+21.0,+21.1,+21.1,+21.1
2023-08-05 21:35,4,+11.6,+23.1,+22.2,+7.1,+17.5,+17.4,+20.8,+20.8,+21.1,+21.0,+21.1,+21.1,+21.1
2023-08-05 22:35,4,+11.6,+23.1,+22.2,+7.3,+17.5,+17.4,+20.8,+20.8,+21.1,+21.0,+21.1,+21.1,+21.1
2023-08-05 23:35,4,+11.6,+23.1,+22.2,+7.1,+17.5,+17.4,+20.7,+20.8,+21.1,+21.0,+21.1,+21.1,+21.1
2023-08-06 00:35,4,+11.6,+23.2,+22.2,+7.1,+17.5,+17.4,+20.7,+20.7,+21.1,+21.0,+21.1,+21.1,+21.1
2023-08-06 01:35,4,+11.6,+23.3,+22.2,+7.1,+17.5,+17.4,+20.7,+20.7,+21.0,+21.0,+21.1,+21.1,+21.1
2023-08-06 02:35,4,+11.6,+23.3,+22.2,+7.3,+17.5,+17.4,+20.6,+20.7,+21.0,+21.0,+21.1,+21.1,+21.1
2023-08-06 03:35,4,+11.6,+23.4,+22.2,+7.3,+17.5,+17.4,+20.6,+20.7,+21.0,+21.0,+21.1,+21.1,+21.1
2023-08-06 04:35,4,+11.6,+23.4,+22.3,+7.1,+17.5,+17.4,+20.6,+20.6,+21.0,+21.0,+21.1,+21.1,+21.1
2023-08-06 05:35,4,+11.7,+23.4,+22.2,+7.3,+17.5,+17.4,+20.6,+20.6,+21.0,+21.0,+21.1,+21.1,+21.1
2023-08-06 06:35,4,+11.7,+23.4,+22.3,+7.3,+17.5,+17.4,+20.5,+20.6,+21.0,+21.0,+21.1,+21.1,+21.1
2023-08-06 07:35,4,+11.7,+23.4,+22.3,+7.2,+17.5,+17.4,+20.5,+20.6,+21.0,+21.0,+21.1,+21.1,+21.1
2023-08-06 08:35,4,+11.7,+23.4,+22.3,+7.3,+17.6,+17.4,+20.6,+20.6,+21.0,+20.8,+21.1,+21.1,+21.1
2023-08-06 09:35,4,+11.8,+23.5,+22.3,+7.3,+17.5,+17.4,+20.6,+20.6,+21.0,+21.0,+21.1,+21.1,+21.1
2023-08-06 10:35,4,+11.8,+23.5,+22.3,+7.2,+17.5,+17.4,+20.5,+20.6,+21.0,+21.0,+21.1,+21.1,+21.1
2023-08-06 11:35,4,+11.8,+23.6,+22.3,+7.3,+17.5,+17.4,+20.6,+20.5,+21.0,+21.0,+21.1,+21.1,+21.1
2023-08-06 12:35,4,+11.7,+23.7,+22.3,+7.3,+17.6,+17.4,+20.8,+20.6,+20.8,+21.0,+21.1,+21.1,+21.1
2023-08-06 13:35,4,+11.7,+23.6,+22.3,+7.2,+17.5,+17.4,+21.0,+20.6,+20.8,+21.0,+21.1,+21.1,+21.1
2023-08-06 14:35,4,+11.7,+23.6,+22.3,+7.2,+17.5,+17.4,+21.1,+20.6,+20.8,+20.8,+21.1,+21.1,+21.1
2023-08-06 15:35,4,+11.7,+23.5,+22.3,+7.3,+17.6,+17.4,+21.1,+20.6,+20.8,+21.0,+21.1,+21.1,+21.1
2023-08-06 16:35,4,+11.6,+23.6,+22.3,+7.3,+17.6,+17.4,+21.1,+20.6,+20.8,+21.0,+21.1,+21.1,+21.1
2023-08-06 17:35,4,+11.6,+23.6,+22.3,+7.2,+17.5,+17.4,+21.1,+20.7,+20.8,+20.8,+21.1,+21.1,+21.1
2023-08-06 18:35,4,+11.6,+23.7,+22.3,+7.3,+17.6,+17.4,+21.0,+20.7,+20.8,+21.0,+21.1,+21.1,+21.1
2023-08-06 19:35,4,+11.6,+23.8,+22.3,+7.3,+17.6,+17.4,+21.0,+20.7,+20.8,+21.0,+21.0,+21.1,+21.1
2023-08-06 20:35,4,+11.6,+23.8,+22.3,+7.2,+17.5,+17.4,+20.8,+20.7,+20.8,+21.0,+21.1,+21.1,+21.1
2023-08-06 21:35,4,+11.6,+23.8,+22.3,+7.2,+17.5,+17.4,+20.7,+20.7,+21.0,+21.0,+21.1,+21.1,+21.1
2023-08-06 22:35,4,+11.6,+23.8,+22.3,+7.3,+17.6,+17.4,+20.7,+20.7,+21.0,+20.8,+21.1,+21.1,+21.1
2023-08-06 23:35,4,+11.6,+23.8,+22.3,+7.2,+17.5,+17.4,+20.7,+20.7,+21.0,+20.8,+21.0,+21.1,+21.1
2023-08-07 00:35,4,+11.6,+23.8,+22.3,+7.2,+17.5,+17.4,+20.6,+20.7,+21.0,+21.0,+21.0,+21.1,+21.1
2023-08-07 01:35,4,+11.6,+23.8,+22.3,+7.2,+17.5,+17.4,+20.6,+20.6,+20.8,+21.0,+21.0,+21.1,+21.0
2023-08-07 02:35,4,+11.6,+23.8,+22.3,+7.2,+17.5,+17.4,+20.6,+20.6,+21.0,+20.8,+21.1,+21.1,+21.1
2023-08-07 03:35,4,+11.6,+23.8,+22.3,+7.2,+17.5,+17.4,+20.7,+20.6,+21.0,+20.8,+21.0,+21.1,+21.1
2023-08-07 04:35,4,+11.6,+23.8,+22.3,+7.2,+17.5,+17.4,+20.6,+20.6,+21.0,+20.8,+21.1,+21.1,+21.1
2023-08-07 05:35,4,+11.6,+23.8,+22.4,+7.3,+17.6,+17.4,+20.6,+20.6,+21.0,+20.8,+21.1,+21.1,+21.1
2023-08-07 06:35,4,+11.6,+23.9,+22.3,+7.2,+17.5,+17.4,+20.6,+20.6,+20.8,+20.8,+21.1,+21.1,+21.1
2023-08-07 07:35,4,+11.6,+24.2,+22.3,+7.2,+17.5,+17.4,+20.6,+20.5,+21.0,+20.8,+21.1,+21.1,+21.1
2023-08-07 08:35,4,+11.6,+24.0,+22.4,+7.3,+17.6,+17.4,+20.6,+20.6,+20.8,+20.8,+21.0,+21.0,+21.1
2023-08-07 09:35,4,+11.6,+24.1,+22.4,+7.2,+17.5,+17.4,+20.7,+20.6,+20.8,+21.0,+21.1,+21.1,+21.1
2023-08-07 10:35,4,+12.6,+24.1,+22.4,+7.2,+17.6,+17.4,+20.7,+20.6,+20.8,+20.8,+21.1,+21.1,+21.1
2023-08-07 11:35,4,+14.6,+24.3,+22.4,+7.2,+17.6,+17.4,+20.6,+20.6,+20.8,+20.8,+21.1,+21.1,+21.1
2023-08-07 12:35,4,+14.0,+24.7,+22.4,+7.3,+17.6,+17.4,+20.5,+20.5,+20.8,+20.8,+21.1,+21.1,+21.1
2023-08-07 13:35,4,+13.2,+25.1,+22.4,+7.2,+17.6,+17.4,+20.6,+20.5,+20.8,+20.8,+21.0,+21.1,+21.1
2023-08-07 14:35,4,+12.9,+25.0,+22.4,+7.2,+17.6,+17.4,+20.5,+20.5,+20.8,+20.8,+21.0,+21.0,+21.1
2023-08-07 15:35,4,+12.8,+25.1,+22.4,+7.2,+17.6,+17.4,+20.5,+20.5,+20.8,+20.8,+21.1,+21.0,+21.1
2023-08-07 16:35,4,+12.6,+25.3,+22.4,+7.2,+17.6,+17.4,+20.3,+20.5,+20.8,+20.8,+21.1,+21.1,+21.1
2023-08-07 17:35,4,+12.4,+25.4,+22.4,+7.3,+17.6,+17.4,+20.3,+20.5,+20.7,+20.8,+21.0,+21.1,+21.1
2023-08-07 18:35,4,+12.4,+25.5,+22.4,+7.3,+17.6,+17.4,+20.1,+20.5,+20.7,+20.8,+21.1,+21.1,+21.1
2023-08-07 19:35,4,+12.3,+25.7,+22.5,+7.3,+17.6,+17.4,+20.0,+20.3,+20.7,+20.8,+21.1,+21.1,+21.1
2023-08-07 20:35,4,+12.2,+25.8,+22.5,+7.4,+17.6,+17.4,+20.0,+20.3,+20.8,+20.8,+21.0,+21.0,+21.1
2023-08-07 21:35,4,+12.2,+25.8,+22.5,+7.4,+17.6,+17.4,+20.0,+20.2,+20.7,+20.8,+21.0,+21.0,+21.0
2023-08-07 22:35,4,+12.2,+25.8,+22.5,+7.3,+17.6,+17.4,+20.0,+20.2,+20.7,+20.8,+21.0,+21.1,+21.1
2023-08-07 23:35,4,+12.1,+25.9,+22.6,+7.4,+17.6,+17.4,+19.8,+20.2,+20.7,+20.8,+21.0,+21.0,+21.1
2023-08-08 00:35,4,+12.1,+25.9,+22.6,+7.3,+17.6,+17.4,+19.8,+20.1,+20.7,+20.7,+21.0,+21.0,+21.1
2023-08-08 01:35,4,+12.1,+25.9,+22.6,+7.4,+17.6,+17.4,+19.8,+20.1,+20.6,+20.7,+21.0,+21.0,+21.1
2023-08-08 02:35,4,+12.0,+25.9,+22.6,+7.5,+17.6,+17.4,+19.7,+20.1,+20.6,+20.7,+21.0,+21.1,+21.1
2023-08-08 03:35,4,+11.9,+25.9,+22.7,+7.5,+17.6,+17.4,+19.7,+20.0,+20.6,+20.7,+21.0,+21.0,+21.1
2023-08-08 04:35,4,+11.9,+25.8,+22.7,+7.5,+17.6,+17.4,+19.7,+20.0,+20.6,+20.7,+21.0,+21.0,+21.1
2023-08-08 05:35,4,+11.9,+25.8,+22.7,+7.5,+17.6,+17.4,+19.8,+20.0,+20.5,+20.7,+21.0,+21.0,+21.1
2023-08-08 06:35,4,+11.8,+25.8,+22.7,+7.4,+17.6,+17.4,+19.8,+20.0,+20.5,+20.7,+21.0,+21.0,+21.0
2023-08-08 07:35,4,+11.8,+25.8,+22.7,+7.5,+17.7,+17.4,+19.8,+20.0,+20.5,+20.6,+21.0,+21.0,+21.1
2023-08-08 08:35,4,+11.7,+25.7,+22.7,+7.4,+17.6,+17.4,+20.0,+20.0,+20.5,+20.6,+21.0,+21.0,+21.1
2023-08-08 09:35,4,+11.6,+25.7,+22.7,+7.5,+17.6,+17.4,+20.3,+20.0,+20.5,+20.6,+21.0,+21.0,+21.0