
2023-07-20 11:25,1,+17.7,+5.7,+7.8,+3.1,+24.8,+20.3,+19.7,+19.5,+19.6,+20.1,+20.0,+19.8,+20.0
2023-07-20 12:25,1,+20.8,+6.0,+7.9,+3.3,+24.9,+20.4,+19.8,+19.6,+19.6,+20.0,+19.8,+19.8,+20.0
2023-07-20 13:25,1,+18.5,+6.5,+8.4,+3.3,+25.0,+20.4,+20.0,+19.6,+19.6,+20.0,+19.8,+19.8,+20.0
2023-07-20 14:25,1,+17.5,+6.2,+8.3,+3.6,+25.4,+20.5,+20.0,+19.6,+19.6,+20.1,+19.8,+20.0,+20.0
2023-07-20 15:25,1,+17.1,+5.9,+8.3,+3.6,+25.6,+20.8,+20.0,+19.6,+19.6,+20.1,+19.8,+20.0,+20.0
2023-07-20 16:25,1,+17.1,+5.8,+8.2,+3.7,+25.7,+21.0,+20.0,+19.6,+19.6,+20.0,+19.8,+19.8,+20.0
2023-07-20 17:25,1,+16.9,+5.8,+8.1,+3.6,+25.7,+21.1,+20.0,+19.7,+19.6,+20.1,+19.8,+20.0,+20.0
2023-07-20 18:25,1,+16.8,+5.7,+8.1,+3.7,+25.7,+21.2,+20.0,+19.7,+19.6,+20.0,+19.8,+20.0,+20.0
2023-07-20 19:25,1,+16.8,+5.7,+8.1,+3.7,+25.7,+21.2,+20.0,+19.7,+19.6,+20.1,+19.8,+20.0,+20.0
2023-07-20 20:25,1,+16.7,+5.7,+8.1,+3.5,+25.6,+21.2,+19.8,+19.7,+19.6,+20.1,+19.8,+20.0,+20.0
2023-07-20 21:25,1,+16.7,+5.6,+8.0,+3.6,+25.6,+21.2,+20.0,+19.7,+19.7,+20.1,+19.8,+20.0,+20.0
2023-07-20 22:25,1,+16.7,+5.6,+8.0,+3.6,+25.6,+21.2,+19.8,+19.7,+19.7,+20.1,+19.8,+19.8,+20.0
2023-07-20 23:25,1,+16.8,+5.5,+8.0,+3.5,+25.5,+21.2,+20.0,+19.7,+19.6,+20.1,+19.8,+20.0,+20.0
2023-07-21 00:25,1,+17.1,+5.6,+8.0,+3.5,+25.5,+21.1,+20.0,+19.7,+19.7,+20.1,+19.8,+20.0,+20.0
2023-07-21 01:25,1,+17.2,+5.6,+8.0,+3.5,+25.5,+21.1,+20.0,+19.7,+19.7,+20.1,+19.8,+19.8,+20.0
2023-07-21 02:25,1,+17.8,+5.6,+8.0,+3.5,+25.5,+21.1,+20.0,+19.7,+19.7,+20.1,+19.8,+19.8,+20.0
2023-07-21 03:25,1,+19.1,+5.9,+8.0,+3.5,+25.5,+21.1,+20.0,+19.7,+19.7,+20.1,+19.8,+20.0,+20.0
2023-07-21 04:25,1,+20.3,+7.0,+8.3,+3.6,+25.5,+21.1,+20.0,+19.7,+19.7,+20.1,+19.8,+20.0,+20.0
2023-07-21 05:25,1,+20.3,+6.8,+8.5,+3.8,+25.8,+21.2,+20.0,+19.8,+19.7,+20.1,+19.8,+20.0,+20.0
2023-07-21 06:25,1,+18.7,+6.4,+8.5,+3.9,+26.1,+21.5,+20.0,+19.7,+19.8,+20.1,+19.8,+19.8,+20.0
2023-07-21 07:25,1,+18.0,+6.2,+8.4,+3.8,+26.1,+21.7,+20.0,+19.7,+19.7,+20.1,+19.8,+20.0,+20.0
2023-07-21 08:25,1,+17.7,+6.0,+8.4,+3.9,+26.1,+21.8,+20.0,+19.7,+19.7,+20.1,+20.0,+20.0,+20.1
2023-07-21 09:25,1,+17.5,+5.9,+8.3,+3.9,+26.0,+21.8,+20.1,+19.7,+19.7,+20.1,+20.0,+20.0,+20.0
2023-07-21 10:25,1,+17.3,+5.8,+8.2,+3.8,+26.0,+21.7,+20.1,+19.8,+19.7,+20.1,+19.8,+20.0,+20.0
2023-07-21 11:25,1,+17.1,+5.8,+8.2,+3.8,+26.0,+21.6,+20.2,+19.8,+19.7,+20.1,+20.0,+20.0,+20.0
2023-07-21 12:25,1,+17.0,+5.7,+8.1,+3.7,+25.9,+21.6,+20.2,+19.8,+19.8,+20.1,+20.0,+19.8,+20.1
2023-07-21 13:25,1,+16.9,+5.7,+8.1,+3.6,+25.8,+21.5,+20.3,+19.8,+19.8,+20.1,+20.0,+20.0,+20.0
2023-07-21 14:25,1,+17.0,+5.7,+8.1,+3.7,+25.8,+21.5,+20.5,+19.8,+19.7,+20.1,+20.0,+20.0,+20.0
2023-07-21 15:25,1,+17.0,+5.6,+8.1,+3.5,+25.7,+21.4,+20.5,+20.0,+19.8,+20.1,+20.0,+20.0,+20.0
2023-07-21 16:25,1,+17.1,+5.7,+8.0,+3.7,+25.7,+21.4,+20.5,+20.0,+19.7,+20.1,+20.0,+20.0,+20.0
2023-07-21 17:25,1,+17.1,+5.7,+8.0,+3.5,+25.7,+21.3,+20.5,+20.1,+19.8,+20.2,+19.8,+20.0,+20.0
2023-07-21 18:25,1,+17.0,+5.6,+8.0,+3.6,+25.7,+21.3,+20.5,+20.1,+19.8,+20.2,+19.8,+20.0,+20.0
2023-07-21 19:25,1,+17.0,+5.7,+8.0,+3.5,+25.6,+21.3,+20.3,+20.1,+19.8,+20.1,+20.0,+20.0,+20.0
2023-07-21 20:25,1,+20.1,+5.8,+8.0,+3.5,+25.5,+21.2,+20.3,+20.1,+19.8,+20.2,+19.8,+20.0,+20.0
2023-07-21 21:25,1,+19.0,+5.9,+8.0,+3.5,+25.5,+21.2,+20.3,+20.1,+20.0,+20.2,+20.0,+20.0,+20.0
2023-07-21 22:25,1,+18.4,+6.0,+8.0,+3.6,+25.5,+21.2,+20.3,+20.1,+20.0,+20.2,+20.0,+20.0,+20.1
2023-07-21 23:25,1,+18.0,+6.0,+8.0,+3.5,+25.5,+21.2,+20.3,+20.1,+19.8,+20.2,+20.0,+20.0,+20.0
2023-07-22 00:25,1,+18.0,+6.0,+8.0,+3.6,+25.5,+21.1,+20.2,+20.1,+20.0,+20.2,+20.0,+20.0,+20.0
2023-07-22 01:25,1,+17.8,+6.0,+8.0,+3.5,+25.5,+21.1,+20.2,+20.0,+20.0,+20.2,+20.0,+20.0,+20.1
2023-07-22 02:25,1,+17.7,+5.9,+8.0,+3.6,+25.5,+21.1,+20.1,+20.0,+20.0,+20.2,+20.0,+20.0,+20.0
2023-07-22 03:25,1,+17.7,+5.9,+8.0,+3.6,+25.5,+21.1,+20.1,+20.1,+20.0,+20.2,+20.0,+20.0,+20.0
2023-07-22 04:25,1,+17.6,+5.8,+8.1,+3.6,+25.5,+21.1,+20.1,+20.0,+20.0,+20.3,+20.0,+20.0,+20.0
2023-07-22 05:25,1,+17.6,+5.8,+8.1,+3.5,+25.5,+21.1,+20.1,+20.0,+20.0,+20.3,+20.0,+20.0,+20.1
2023-07-22 06:25,1,+17.6,+5.8,+8.1,+3.5,+25.5,+21.0,+20.1,+20.0,+20.0,+20.2,+20.0,+20.1,+20.0
2023-07-22 07:25,1,+17.5,+5.8,+8.1,+3.6,+25.5,+21.1,+20.0,+20.0,+20.0,+20.3,+20.0,+20.0,+20.0
2023-07-22 08:25,1,+17.4,+5.8,+8.1,+3.5,+25.5,+21.0,+20.1,+20.0,+19.8,+20.3,+20.0,+20.0,+20.1
2023-07-22 09:25,1,+17.4,+5.7,+8.1,+3.6,+25.5,+21.1,+20.1,+20.0,+20.0,+20.3,+20.0,+20.1,+20.1
2023-07-22 10:25,1,+17.4,+5.7,+8.1,+3.6,+25.5,+21.0,+20.2,+20.0,+20.0,+20.3,+20.0,+20.0,+20.0
2023-07-22 11:25,1,+17.4,+5.7,+8.1,+3.6,+25.5,+21.0,+20.1,+20.0,+20.0,+20.3,+20.0,+20.0,+20.1
2023-07-22 12:25,1,+17.3,+5.7,+8.0,+3.4,+25.4,+21.0,+20.2,+20.0,+20.0,+20.2,+20.0,+20.1,+20.1
2023-07-22 13:25,1,+17.3,+5.7,+8.0,+3.4,+25.4,+21.0,+20.2,+20.0,+20.0,+20.3,+20.0,+20.0,+20.1
2023-07-22 14:25,1,+17.5,+5.7,+8.0,+3.5,+25.4,+21.0,+20.3,+20.0,+20.0,+20.3,+20.1,+20.0,+20.1
2023-07-22 15:25,1,+17.5,+5.7,+8.0,+3.5,+25.4,+21.0,+20.3,+20.1,+20.0,+20.3,+20.0,+20.0,+20.1
2023-07-22 16:25,1,+17.4,+5.7,+8.0,+3.5,+25.4,+21.0,+20.3,+20.1,+20.0,+20.3,+20.0,+20.1,+20.1
2023-07-22 17:25,1,+17.6,+5.7,+8.0,+3.5,+25.4,+21.0,+20.3,+20.1,+20.0,+20.3,+20.0,+20.0,+20.1
2023-07-22 18:25,1,+17.6,+5.7,+8.0,+3.5,+25.4,+20.9,+20.3,+20.1,+20.0,+20.3,+20.0,+20.1,+20.1
2023-07-22 19:25,1,+17.6,+5.6,+8.0,+3.5,+25.4,+20.9,+20.2,+20.1,+20.0,+20.3,+20.0,+20.1,+20.1
2023-07-22 20:25,1,+17.6,+5.6,+8.0,+3.4,+25.3,+20.9,+20.2,+20.1,+20.0,+20.3,+20.0,+20.1,+20.1
2023-07-22 21:25,1,+17.6,+5.6,+8.0,+3.5,+25.4,+20.9,+20.2,+20.1,+20.0,+20.3,+20.1,+20.1,+20.1
2023-07-22 22:25,1,+17.6,+5.6,+8.0,+3.5,+25.4,+20.9,+20.1,+20.1,+20.0,+20.3,+20.1,+20.0,+20.1
2023-07-22 23:25,1,+17.6,+5.6,+8.0,+3.4,+25.3,+20.9,+20.1,+20.1,+20.0,+20.2,+20.1,+20.1,+20.1
2023-07-23 00:25,1,+17.7,+5.5,+8.0,+3.4,+25.3,+20.8,+19.8,+20.0,+20.0,+20.3,+20.1,+20.1,+20.1
2023-07-23 01:25,1,+17.7,+5.6,+8.0,+3.5,+25.3,+20.9,+19.6,+20.0,+20.0,+20.3,+20.1,+20.1,+20.1
2023-07-23 02:25,1,+17.7,+5.5,+7.9,+3.4,+25.3,+20.8,+19.5,+19.8,+20.0,+20.3,+20.1,+20.1,+20.1
2023-07-23 03:25,1,+17.7,+5.5,+8.0,+3.5,+25.3,+20.8,+19.5,+19.8,+20.0,+20.3,+20.1,+20.1,+20.1
2023-07-23 04:25,1,+17.8,+5.5,+7.9,+3.4,+25.3,+20.8,+19.5,+19.8,+20.0,+20.3,+20.1,+20.1,+20.1
2023-07-23 05:25,1,+17.7,+5.5,+7.9,+3.4,+25.3,+20.8,+19.3,+19.7,+20.0,+20.3,+20.1,+20.1,+20.1
2023-07-23 06:25,1,+17.8,+5.5,+7.9,+3.4,+25.2,+20.8,+19.1,+19.7,+19.8,+20.3,+20.1,+20.1,+20.1
2023-07-23 07:25,1,+17.8,+5.5,+7.9,+3.4,+25.2,+20.8,+19.1,+19.7,+20.0,+20.3,+20.1,+20.1,+20.1
2023-07-23 08:25,1,+17.8,+5.5,+7.9,+3.5,+25.3,+20.8,+19.0,+19.5,+20.0,+20.3,+20.1,+20.1,+20.1
2023-07-23 09:25,1,+17.8,+5.4,+7.9,+3.5,+25.3,+20.8,+19.1,+19.6,+20.0,+20.3,+20.1,+20.1,+20.1
2023-07-23 10:25,1,+17.7,+5.4,+7.8,+3.5,+25.2,+20.7,+19.2,+19.5,+19.8,+20.3,+20.1,+20.1,+20.1
2023-07-23 11:25,1,+17.7,+5.5,+7.8,+3.5,+25.2,+20.7,+19.3,+19.5,+19.8,+20.3,+20.1,+20.1,+20.1
2023-07-23 12:25,1,+17.7,+5.5,+7.8,+3.5,+25.2,+20.7,+19.6,+19.5,+19.7,+20.3,+20.1,+20.1,+20.1
2023-07-23 13:25,1,+17.8,+5.5,+7.8,+3.4,+25.2,+20.7,+19.6,+19.5,+19.7,+20.3,+20.1,+20.1,+20.1
2023-07-23 14:25,1,+17.8,+5.5,+7.8,+3.4,+25.2,+20.7,+19.7,+19.5,+19.7,+20.3,+20.1,+20.1,+20.1
2023-07-23 15:25,1,+18.0,+5.5,+7.8,+3.5,+25.2,+20.7,+19.8,+19.6,+19.7,+20.2,+20.1,+20.1,+20.1
2023-07-23 16:25,1,+18.1,+5.4,+7.8,+3.5,+25.2,+20.7,+20.0,+19.6,+19.7,+20.3,+20.1,+20.1,+20.1
2023-07-23 17:25,1,+18.1,+5.5,+7.8,+3.5,+25.2,+20.7,+20.0,+19.6,+19.7,+20.2,+20.1,+20.1,+20.1
2023-07-23 18:25,1,+20.6,+5.5,+7.8,+3.3,+25.1,+20.6,+19.7,+19.6,+19.7,+20.2,+20.1,+20.1,+20.1
2023-07-23 19:25,1,+21.3,+5.5,+7.8,+3.3,+25.1,+20.6,+19.6,+19.6,+19.7,+20.2,+20.1,+20.1,+20.1
2023-07-23 20:25,1,+20.8,+5.5,+7.8,+3.3,+25.1,+20.6,+19.6,+19.6,+19.7,+20.2,+20.1,+20.1,+20.1
2023-07-23 21:25,1,+20.5,+5.6,+7.8,+3.5,+25.1,+20.6,+19.6,+19.6,+19.7,+20.2,+20.1,+20.1,+20.1
2023-07-23 22:25,1,+20.3,+5.6,+7.9,+3.5,+25.1,+20.6,+19.6,+19.6,+19.7,+20.2,+20.1,+20.1,+20.1
2023-07-23 23:25,1,+20.1,+5.6,+7.8,+3.5,+25.1,+20.6,+19.5,+19.6,+19.7,+20.2,+20.0,+20.1,+20.1
2023-07-24 00:25,1,+20.0,+5.6,+7.8,+3.5,+25.1,+20.6,+19.5,+19.6,+19.7,+20.2,+20.1,+20.1,+20.1
2023-07-24 01:25,1,+19.9,+5.7,+7.8,+3.3,+25.1,+20.6,+19.5,+19.6,+19.7,+20.2,+20.1,+20.1,+20.1
2023-07-24 02:25,1,+19.9,+5.7,+7.8,+3.3,+25.1,+20.6,+19.5,+19.6,+19.7,+20.2,+20.1,+20.1,+20.1
2023-07-24 03:25,1,+19.8,+5.7,+7.8,+3.5,+25.1,+20.6,+19.5,+19.6,+19.7,+20.2,+20.0,+20.1,+20.1
2023-07-24 04:25,1,+19.9,+5.7,+7.8,+3.5,+25.1,+20.6,+19.5,+19.6,+19.7,+20.2,+20.1,+20.1,+20.1
2023-07-24 05:25,1,+23.7,+6.0,+7.9,+3.5,+25.1,+20.6,+19.6,+19.5,+19.7,+20.2,+20.1,+20.1,+20.1
2023-07-24 06:25,1,+22.7,+6.0,+7.9,+3.4,+25.1,+20.6,+19.5,+19.6,+19.7,+20.2,+20.1,+20.1,+20.1
2023-07-24 07:25,1,+22.6,+6.2,+7.9,+3.4,+25.1,+20.6,+19.6,+19.5,+19.7,+20.2,+20.1,+20.1,+20.1
2023-07-24 08:25,1,+22.1,+6.3,+7.9,+3.5,+25.1,+20.7,+19.6,+19.5,+19.7,+20.2,+20.0,+20.1,+20.1
2023-07-24 09:25,1,+22.9,+6.4,+7.9,+3.4,+25.1,+20.7,+19.6,+19.5,+19.7,+20.2,+20.1,+20.1,+20.1
2023-07-24 10:25,1,+22.4,+6.5,+8.0,+3.5,+25.1,+20.7,+19.6,+19.6,+19.7,+20.2,+20.0,+20.1,+20.1
2023-07-24 11:25,1,+21.6,+6.5,+8.1,+3.5,+25.1,+20.7,+19.6,+19.6,+19.7,+20.2,+20.1,+20.1,+20.1
2023-07-24 12:25,1,+21.2,+6.5,+8.1,+3.4,+25.1,+20.7,+19.6,+19.6,+19.7,+20.2,+20.0,+20.1,+20.1
2023-07-24 13:25,1,+20.9,+6.4,+8.2,+3.6,+25.2,+20.7,+19.5,+19.6,+19.7,+20.2,+20.0,+20.1,+20.1
2023-07-24 14:25,1,+20.7,+6.3,+8.2,+3.6,+25.1,+20.7,+19.5,+19.6,+19.7,+20.2,+20.1,+20.1,+20.1
2023-07-24 15:25,1,+20.5,+6.3,+8.2,+3.6,+25.2,+20.7,+19.5,+19.6,+19.7,+20.2,+20.1,+20.1,+20.1
2023-07-24 16:25,1,+20.4,+6.3,+8.2,+3.5,+25.1,+20.7,+19.5,+19.6,+19.7,+20.2,+20.0,+20.1,+20.1
2023-07-24 17:25,1,+21.2,+6.2,+8.2,+3.5,+25.2,+20.7,+19.5,+19.5,+19.7,+20.2,+20.0,+20.1,+20.2
2023-07-24 18:25,1,+20.7,+6.2,+8.2,+3.7,+25.2,+20.7,+19.6,+19.5,+19.7,+20.2,+20.1,+20.1,+20.1
2023-07-24 19:25,1,+20.6,+6.2,+8.2,+3.6,+25.2,+20.7,+19.5,+19.5,+19.7,+20.2,+20.0,+20.1,+20.1
2023-07-24 20:25,1,+20.8,+6.2,+8.2,+3.7,+25.3,+20.7,+19.3,+19.5,+19.6,+20.2,+20.1,+20.1,+20.1
2023-07-24 21:25,1,+20.2,+6.2,+8.2,+3.6,+25.3,+20.7,+19.3,+19.5,+19.6,+20.2,+20.0,+20.1,+20.1
2023-07-24 22:25,1,+20.2,+6.2,+8.2,+3.7,+25.3,+20.8,+19.2,+19.5,+19.7,+20.2,+20.1,+20.0,+20.1
2023-07-24 23:25,1,+20.2,+6.1,+8.2,+3.6,+25.3,+20.8,+19.2,+19.5,+19.6,+20.2,+20.0,+20.1,+20.1
2023-07-25 00:25,1,+20.2,+6.1,+8.2,+3.7,+25.3,+20.8,+19.2,+19.5,+19.7,+20.2,+20.0,+20.1,+20.1
2023-07-25 01:25,1,+20.2,+6.1,+8.2,+3.6,+25.3,+20.8,+19.3,+19.5,+19.6,+20.2,+20.0,+20.1,+20.1
2023-07-25 02:25,1,+22.0,+6.1,+8.2,+3.7,+25.4,+20.8,+19.3,+19.3,+19.6,+20.2,+20.0,+20.0,+20.1
2023-07-25 03:25,1,+23.3,+6.2,+8.2,+3.7,+25.3,+20.8,+19.3,+19.5,+19.6,+20.1,+20.0,+20.1,+20.1
2023-07-25 04:25,1,+27.2,+7.1,+8.3,+3.6,+25.3,+20.9,+19.3,+19.5,+19.6,+20.2,+20.0,+20.0,+20.1
2023-07-25 05:25,1,+23.5,+7.1,+8.4,+3.6,+25.3,+20.8,+19.2,+19.3,+19.6,+20.2,+20.0,+20.1,+20.1
2023-07-25 06:25,1,+22.4,+7.0,+8.6,+3.8,+25.4,+20.9,+19.2,+19.2,+19.6,+20.2,+20.0,+20.0,+20.1
2023-07-25 07:25,1,+22.0,+6.9,+8.6,+3.9,+25.4,+20.9,+19.2,+19.3,+19.5,+20.1,+20.0,+20.1,+20.1
2023-07-25 08:25,1,+21.8,+6.8,+8.6,+4.0,+25.5,+21.0,+19.2,+19.3,+19.6,+20.2,+20.0,+20.1,+20.1
2023-07-25 09:25,1,+21.9,+6.7,+8.6,+3.9,+25.6,+21.0,+19.2,+19.3,+19.6,+20.1,+20.0,+20.1,+20.1
2023-07-25 10:25,1,+21.7,+6.7,+8.6,+4.1,+25.7,+21.0,+19.1,+19.3,+19.6,+20.1,+20.0,+20.1,+20.1
2023-07-25 11:25,1,+21.4,+6.7,+8.6,+4.1,+25.7,+21.1,+19.2,+19.3,+19.6,+20.1,+20.0,+20.0,+20.1
2023-07-25 12:25,1,+21.2,+6.7,+8.6,+4.0,+25.8,+21.2,+19.1,+19.3,+19.6,+20.1,+20.0,+20.0,+20.1
2023-07-25 13:25,1,+20.9,+6.6,+8.6,+4.0,+25.8,+21.2,+19.1,+19.3,+19.5,+20.1,+20.0,+20.0,+20.1
2023-07-25 14:25,1,+20.8,+6.5,+8.5,+3.9,+25.8,+21.3,+19.2,+19.2,+19.6,+20.1,+20.0,+20.1,+20.1
2023-07-25 15:25,1,+20.7,+6.5,+8.5,+4.1,+25.9,+21.3,+19.2,+19.2,+19.5,+20.1,+20.0,+20.0,+20.1
2023-07-25 16:25,1,+20.7,+6.5,+8.5,+3.9,+25.8,+21.3,+19.2,+19.2,+19.5,+20.1,+20.0,+20.0,+20.1
2023-07-25 17:25,1,+20.6,+6.4,+8.5,+4.0,+25.9,+21.3,+19.3,+19.2,+19.5,+20.1,+20.0,+20.0,+20.1
2023-07-25 18:25,1,+20.6,+6.4,+8.5,+3.9,+25.8,+21.3,+19.3,+19.2,+19.5,+20.1,+20.0,+20.0,+20.1
2023-07-25 19:25,1,+20.5,+6.4,+8.5,+3.9,+25.8,+21.3,+19.3,+19.2,+19.5,+20.1,+20.0,+20.1,+20.1
2023-07-25 20:25,1,+20.3,+6.3,+8.4,+3.9,+25.8,+21.3,+19.3,+19.2,+19.5,+20.1,+20.0,+20.0,+20.1
2023-07-25 21:25,1,+20.3,+6.3,+8.4,+4.0,+25.8,+21.4,+19.3,+19.3,+19.5,+20.1,+20.0,+20.0,+20.1
2023-07-25 22:25,1,+20.2,+6.3,+8.4,+3.9,+25.8,+21.3,+19.1,+19.2,+19.5,+20.1,+19.8,+20.0,+20.1
2023-07-25 23:25,1,+20.1,+6.3,+8.4,+4.0,+25.8,+21.3,+19.1,+19.2,+19.5,+20.1,+20.0,+20.0,+20.2
2023-07-26 00:25,1,+20.2,+6.3,+8.4,+3.9,+25.8,+21.3,+19.1,+19.2,+19.5,+20.1,+20.0,+20.0,+20.1
2023-07-26 01:25,1,+19.9,+6.3,+8.4,+3.9,+25.7,+21.3,+19.0,+19.2,+19.5,+20.1,+20.0,+20.0,+20.1
2023-07-26 02:25,1,+19.9,+6.2,+8.4,+4.0,+25.8,+21.3,+19.0,+19.2,+19.5,+20.1,+20.0,+20.0,+20.1
2023-07-26 03:25,1,+19.9,+6.2,+8.4,+4.0,+25.8,+21.3,+18.8,+19.2,+19.5,+20.1,+20.0,+20.0,+20.2
2023-07-26 04:25,1,+19.8,+6.2,+8.4,+3.9,+25.7,+21.3,+18.7,+19.2,+19.5,+20.1,+20.0,+20.0,+20.1
2023-07-26 05:25,1,+19.8,+6.2,+8.4,+3.9,+25.7,+21.3,+18.6,+19.1,+19.5,+20.1,+20.0,+20.0,+20.1
2023-07-26 06:25,1,+19.8,+6.2,+8.4,+3.9,+25.7,+21.3,+18.6,+19.1,+19.5,+20.1,+20.0,+20.1,+20.1
2023-07-26 07:25,1,+19.9,+6.2,+8.4,+3.9,+25.7,+21.3,+18.5,+19.0,+19.5,+20.1,+20.0,+20.0,+20.1
2023-07-26 08:25,1,+19.9,+6.2,+8.3,+3.8,+25.7,+21.3,+18.6,+19.0,+19.5,+20.1,+20.0,+20.0,+20.1
2023-07-26 09:25,1,+19.9,+6.2,+8.3,+3.8,+25.7,+21.3,+18.7,+19.0,+19.3,+20.1,+20.0,+20.0,+20.1
2023-07-26 10:25,1,+19.9,+6.1,+8.3,+3.8,+25.6,+21.2,+19.0,+19.0,+19.3,+20.0,+20.0,+20.0,+20.1
2023-07-26 11:25,1,+19.9,+6.1,+8.3,+3.8,+25.6,+21.2,+19.0,+19.0,+19.3,+20.0,+20.0,+20.0,+20.1
2023-07-26 12:17,1,+19.9,+6.1,+8.3,+3.8,+25.6,+21.2,+19.1,+19.0,+19.3,+20.1,+20.0,+20.0,+20.1
2023-07-26 13:17,1,+19.9,+6.1,+8.3,+3.9,+25.7,+21.2,+19.2,+19.0,+19.3,+20.1,+20.0,+20.0,+20.1
2023-07-26 14:17,1,+19.9,+6.1,+8.3,+3.9,+25.6,+21.2,+19.2,+19.1,+19.3,+20.0,+19.8,+20.0,+20.1
2023-07-26 15:17,1,+20.0,+6.1,+8.3,+3.9,+25.6,+21.2,+19.3,+19.1,+19.3,+20.0,+20.0,+20.0,+20.1
2023-07-26 16:17,1,+20.0,+6.1,+8.3,+3.9,+25.6,+21.2,+19.3,+19.1,+19.3,+20.0,+19.8,+20.0,+20.0
2023-07-26 17:17,1,+20.0,+6.1,+8.3,+3.9,+25.6,+21.2,+19.3,+19.1,+19.3,+20.1,+20.0,+20.0,+20.1
2023-07-26 18:17,1,+20.1,+6.1,+8.3,+3.8,+25.6,+21.1,+19.3,+19.1,+19.3,+20.0,+20.0,+20.0,+20.1
2023-07-26 19:17,1,+20.1,+6.1,+8.3,+3.9,+25.6,+21.2,+19.5,+19.2,+19.3,+20.0,+19.8,+20.0,+20.1
2023-07-26 20:17,1,+20.2,+6.1,+8.3,+3.9,+25.6,+21.2,+19.3,+19.2,+19.3,+20.0,+20.0,+20.0,+20.1
2023-07-26 21:17,1,+20.3,+6.1,+8.3,+3.8,+25.5,+21.1,+19.3,+19.2,+19.3,+20.0,+20.0,+20.0,+20.1
2023-07-26 22:17,1,+20.2,+6.1,+8.3,+3.9,+25.6,+21.1,+19.3,+19.2,+19.3,+20.0,+19.8,+20.0,+20.1
2023-07-26 23:17,1,+20.2,+6.1,+8.3,+3.9,+25.6,+21.1,+19.2,+19.2,+19.5,+20.0,+19.8,+20.0,+20.1
2023-07-27 00:17,1,+20.2,+6.1,+8.3,+3.8,+25.5,+21.1,+19.2,+19.2,+19.5,+20.0,+19.8,+20.0,+20.0
2023-07-27 01:17,1,+20.2,+6.1,+8.3,+3.8,+25.5,+21.1,+19.1,+19.2,+19.3,+20.0,+19.8,+20.0,+20.1
2023-07-27 02:17,1,+20.2,+6.1,+8.3,+3.9,+25.6,+21.1,+19.2,+19.2,+19.5,+20.0,+20.0,+20.0,+20.1
2023-07-27 03:17,1,+20.2,+6.1,+8.3,+3.8,+25.5,+21.1,+19.1,+19.2,+19.5,+20.0,+19.8,+20.0,+20.0
2023-07-27 04:17,1,+20.2,+6.1,+8.3,+3.9,+25.6,+21.1,+19.1,+19.2,+19.5,+20.0,+19.8,+20.0,+20.1
2023-07-27 05:17,1,+20.4,+6.1,+8.3,+3.9,+25.6,+21.1,+19.1,+19.2,+19.5,+20.0,+20.0,+20.0,+20.1
2023-07-27 06:17,1,+22.2,+6.1,+8.3,+3.9,+25.5,+21.1,+19.2,+19.2,+19.3,+20.0,+19.8,+20.0,+20.1
2023-07-27 07:17,1,+23.8,+6.1,+8.3,+3.8,+25.5,+21.0,+19.1,+19.2,+19.5,+20.0,+20.0,+20.0,+20.1
2023-07-27 08:17,1,+25.9,+7.2,+8.3,+3.9,+25.5,+21.1,+19.0,+19.1,+19.3,+20.0,+19.8,+20.0,+20.0
2023-07-27 09:17,1,+24.1,+7.2,+8.4,+3.8,+25.5,+21.0,+19.1,+19.1,+19.3,+20.0,+19.8,+20.0,+20.1
2023-07-27 10:17,1,+23.2,+7.1,+8.5,+3.8,+25.5,+21.0,+19.2,+19.2,+19.5,+20.0,+19.8,+20.0,+20.1
2023-07-27 11:17,1,+23.0,+7.0,+8.5,+3.9,+25.5,+21.1,+19.2,+19.1,+19.3,+20.0,+19.8,+20.0,+20.0
2023-07-27 12:17,1,+22.7,+6.9,+8.5,+3.8,+25.5,+21.0,+19.3,+19.1,+19.3,+20.0,+19.8,+20.0,+20.0
2023-07-27 13:17,1,+22.5,+6.8,+8.5,+3.8,+25.5,+21.0,+19.3,+19.2,+19.3,+20.0,+19.8,+20.0,+20.1
2023-07-27 14:17,1,+22.3,+6.8,+8.5,+3.9,+25.5,+21.0,+19.5,+19.2,+19.5,+20.0,+19.8,+20.0,+20.1
2023-07-27 15:17,1,+22.2,+6.8,+8.5,+3.9,+25.5,+21.0,+19.5,+19.2,+19.3,+20.0,+19.8,+19.8,+20.0
2023-07-27 16:17,1,+22.3,+6.7,+8.5,+4.0,+25.5,+21.1,+19.5,+19.2,+19.3,+20.0,+19.8,+20.0,+20.1
2023-07-27 17:17,1,+22.2,+6.7,+8.5,+4.0,+25.6,+21.1,+19.6,+19.2,+19.3,+20.0,+19.8,+19.8,+20.0
2023-07-27 18:17,1,+22.1,+6.7,+8.5,+4.0,+25.6,+21.1,+19.6,+19.3,+19.3,+20.0,+19.8,+20.0,+20.0
2023-07-27 19:17,1,+22.1,+6.7,+8.5,+3.9,+25.6,+21.0,+19.5,+19.3,+19.5,+20.0,+19.8,+20.0,+20.0
2023-07-27 20:17,1,+22.0,+6.7,+8.5,+3.9,+25.5,+21.1,+19.5,+19.3,+19.5,+20.0,+19.8,+20.0,+20.0
2023-07-27 21:17,1,+22.0,+6.6,+8.5,+3.9,+25.6,+21.1,+19.5,+19.3,+19.5,+20.0,+19.8,+20.0,+20.0
2023-07-27 22:17,1,+22.0,+6.6,+8.5,+4.0,+25.6,+21.1,+19.5,+19.5,+19.5,+20.0,+19.8,+20.0,+20.0
2023-07-27 23:17,1,+21.9,+6.6,+8.5,+3.9,+25.6,+21.1,+19.5,+19.3,+19.5,+20.0,+19.8,+19.8,+20.0
2023-07-28 00:17,1,+21.9,+6.6,+8.5,+3.9,+25.6,+21.1,+19.5,+19.3,+19.5,+20.0,+19.8,+20.0,+20.0
2023-07-28 01:17,1,+21.9,+6.5,+8.5,+3.9,+25.6,+21.1,+19.3,+19.3,+19.5,+20.0,+19.8,+20.0,+20.1
2023-07-28 02:17,1,+21.8,+6.5,+8.5,+3.9,+25.6,+21.1,+19.3,+19.3,+19.5,+20.0,+19.8,+20.0,+20.0
2023-07-28 03:17,1,+21.8,+6.5,+8.5,+3.9,+25.6,+21.1,+19.2,+19.3,+19.5,+20.0,+19.8,+19.8,+20.1
2023-07-28 04:17,1,+21.8,+6.5,+8.5,+4.0,+25.6,+21.2,+19.1,+19.3,+19.5,+20.0,+19.8,+20.0,+20.0
2023-07-28 05:17,1,+21.8,+6.5,+8.5,+4.0,+25.7,+21.2,+19.1,+19.3,+19.5,+20.0,+19.8,+20.0,+20.0
2023-07-28 06:17,1,+21.7,+6.5,+8.5,+4.0,+25.7,+21.2,+19.0,+19.3,+19.5,+20.0,+19.8,+19.8,+20.0
2023-07-28 07:17,1,+21.7,+6.5,+8.5,+4.0,+25.7,+21.2,+19.0,+19.2,+19.5,+20.0,+19.8,+20.0,+20.0
2023-07-28 08:17,1,+21.7,+6.6,+8.5,+3.9,+25.6,+21.1,+19.1,+19.2,+19.5,+20.1,+19.8,+19.8,+20.0
2023-07-28 09:17,1,+21.7,+6.6,+8.5,+4.0,+25.7,+21.1,+19.2,+19.2,+19.5,+20.1,+19.8,+19.8,+20.0
2023-07-28 10:17,1,+21.6,+6.5,+8.4,+3.9,+25.6,+21.1,+19.5,+19.2,+19.5,+20.0,+19.8,+20.0,+20.0
2023-07-28 11:17,1,+21.6,+6.5,+8.4,+4.0,+25.6,+21.1,+19.6,+19.2,+19.5,+20.0,+19.8,+20.0,+20.1
2023-07-28 12:17,1,+21.6,+6.5,+8.4,+4.0,+25.6,+21.1,+19.6,+19.3,+19.5,+20.0,+19.8,+19.8,+20.1
2023-07-28 13:17,1,+21.6,+6.5,+8.4,+3.9,+25.6,+21.1,+19.8,+19.3,+19.5,+20.0,+19.8,+20.0,+20.1
2023-07-28 14:17,1,+21.6,+6.5,+8.4,+4.0,+25.6,+21.1,+19.8,+19.3,+19.5,+20.1,+19.8,+20.0,+20.0
2023-07-28 15:17,1,+21.6,+6.5,+8.4,+3.9,+25.5,+21.1,+20.0,+19.5,+19.5,+20.0,+19.8,+20.0,+20.0
2023-07-28 16:17,1,+21.5,+6.5,+8.4,+4.0,+25.6,+21.1,+20.0,+19.5,+19.5,+20.0,+19.8,+20.0,+20.0
2023-07-28 17:17,1,+21.5,+6.4,+8.4,+3.9,+25.5,+21.1,+20.1,+19.6,+19.5,+20.0,+19.8,+19.8,+20.0
2023-07-28 18:17,1,+21.5,+6.4,+8.4,+4.0,+25.6,+21.1,+20.1,+19.6,+19.5,+20.0,+19.8,+19.8,+20.1
2023-07-28 19:17,1,+21.5,+6.4,+8.4,+4.0,+25.6,+21.1,+20.1,+19.6,+19.6,+20.0,+19.8,+19.8,+20.0
2023-07-28 20:17,1,+21.5,+6.4,+8.4,+3.9,+25.5,+21.1,+20.1,+19.7,+19.6,+20.0,+19.8,+19.8,+20.0
2023-07-28 21:17,1,+21.5,+6.4,+8.4,+4.0,+25.6,+21.1,+20.1,+19.7,+19.6,+20.0,+20.0,+20.0,+20.0
2023-07-28 22:17,1,+21.5,+6.4,+8.4,+3.9,+25.5,+21.0,+20.1,+19.7,+19.6,+20.1,+19.8,+20.0,+20.1
2023-07-28 23:17,1,+26.0,+6.7,+8.4,+3.9,+25.5,+21.1,+20.1,+19.7,+19.6,+20.0,+19.8,+19.8,+20.0
2023-07-29 00:17,1,+25.5,+6.9,+8.5,+4.0,+25.6,+21.1,+20.1,+19.7,+19.6,+20.1,+19.8,+20.0,+20.0
2023-07-29 01:17,1,+25.4,+7.1,+8.5,+3.9,+25.5,+21.0,+20.0,+19.7,+19.7,+20.1,+19.8,+19.8,+20.0
2023-07-29 02:17,1,+24.5,+7.1,+8.5,+4.0,+25.5,+21.1,+20.0,+19.8,+19.7,+20.0,+19.8,+19.8,+20.1
2023-07-29 03:17,1,+24.1,+7.2,+8.6,+4.0,+25.5,+21.1,+20.0,+19.7,+19.7,+20.1,+20.0,+20.0,+20.0
2023-07-29 04:17,1,+23.8,+7.2,+8.6,+3.9,+25.5,+21.1,+20.0,+19.8,+19.7,+20.1,+19.8,+20.0,+20.0
2023-07-29 05:17,1,+23.5,+7.1,+8.6,+4.0,+25.5,+21.1,+20.0,+19.8,+19.7,+20.1,+19.8,+20.0,+20.0
2023-07-29 06:17,1,+23.3,+7.1,+8.6,+4.1,+25.6,+21.1,+19.8,+19.8,+19.7,+20.1,+19.8,+20.0,+20.1
2023-07-29 07:17,1,+23.3,+7.2,+8.7,+3.9,+25.5,+21.1,+19.8,+19.7,+19.7,+20.1,+20.0,+20.0,+20.0
2023-07-29 08:17,1,+23.1,+7.2,+8.7,+4.0,+25.5,+21.1,+20.0,+19.7,+19.7,+20.1,+20.0,+20.0,+20.0
2023-07-29 09:17,1,+23.0,+7.2,+8.7,+4.0,+25.6,+21.1,+20.1,+19.7,+19.8,+20.1,+19.8,+20.0,+20.0
2023-07-29 10:17,1,+22.9,+7.1,+8.7,+4.1,+25.6,+21.1,+20.2,+19.8,+19.8,+20.2,+19.8,+20.0,+20.1
2023-07-29 11:17,1,+22.8,+7.1,+8.7,+4.0,+25.6,+21.1,+20.3,+19.8,+19.7,+20.1,+19.8,+20.0,+20.0
2023-07-29 12:17,1,+22.7,+7.0,+8.7,+4.1,+25.6,+21.1,+20.3,+19.8,+19.7,+20.1,+20.0,+20.0,+20.0
2023-07-29 13:17,1,+22.7,+7.0,+8.7,+4.1,+25.6,+21.1,+20.3,+19.8,+19.8,+20.1,+19.8,+20.0,+20.1
2023-07-29 14:17,1,+22.7,+7.0,+8.7,+4.1,+25.6,+21.1,+20.5,+20.0,+19.7,+20.2,+19.8,+20.0,+20.0
2023-07-29 15:17,1,+22.6,+7.0,+8.6,+4.0,+25.6,+21.1,+20.5,+20.0,+19.8,+20.2,+20.0,+20.0,+20.1
2023-07-29 16:17,1,+22.6,+7.0,+8.6,+4.1,+25.7,+21.1,+20.5,+20.0,+19.8,+20.2,+20.0,+20.0,+20.0
2023-07-29 17:17,1,+22.6,+7.0,+8.6,+4.1,+25.7,+21.1,+20.5,+20.1,+19.8,+20.2,+20.0,+20.0,+20.0
2023-07-29 18:17,1,+22.5,+6.9,+8.6,+4.0,+25.6,+21.1,+20.5,+20.1,+19.8,+20.2,+20.0,+20.0,+20.0
2023-07-29 19:17,1,+22.5,+6.9,+8.6,+4.1,+25.7,+21.1,+20.5,+20.1,+19.8,+20.2,+20.0,+20.0,+20.0
2023-07-29 20:17,1,+22.5,+6.9,+8.6,+4.0,+25.6,+21.1,+20.3,+20.1,+20.0,+20.2,+20.0,+20.0,+20.1
2023-07-29 21:17,1,+22.4,+6.9,+8.6,+4.1,+25.7,+21.2,+20.3,+20.1,+20.0,+20.2,+20.0,+20.0,+20.1
2023-07-29 22:17,1,+22.4,+6.9,+8.6,+4.0,+25.6,+21.1,+20.2,+20.1,+20.0,+20.2,+20.0,+20.0,+20.0
2023-07-29 23:17,1,+22.4,+6.9,+8.6,+4.1,+25.7,+21.2,+20.2,+20.1,+20.0,+20.2,+20.0,+20.0,+20.0
2023-07-30 00:17,1,+22.4,+6.9,+8.6,+4.0,+25.6,+21.1,+20.2,+20.1,+20.0,+20.2,+20.0,+20.0,+20.1
2023-07-30 01:17,1,+22.4,+6.9,+8.6,+4.0,+25.6,+21.1,+20.2,+20.1,+20.0,+20.2,+20.0,+20.0,+20.0
2023-07-30 02:17,1,+22.4,+6.8,+8.6,+4.1,+25.7,+21.2,+20.1,+20.1,+20.0,+20.2,+20.0,+20.0,+20.1
2023-07-30 03:17,1,+22.5,+6.8,+8.6,+4.1,+25.7,+21.2,+20.1,+20.1,+20.0,+20.2,+20.0,+20.0,+20.0
2023-07-30 04:17,1,+22.5,+6.8,+8.6,+4.0,+25.6,+21.1,+20.0,+20.0,+20.0,+20.2,+20.0,+20.0,+20.1
2023-07-30 05:17,1,+22.5,+6.9,+8.6,+4.1,+25.7,+21.2,+20.1,+20.0,+20.0,+20.2,+20.0,+20.0,+20.0
2023-07-30 06:17,1,+22.5,+6.8,+8.6,+4.0,+25.6,+21.2,+20.0,+20.0,+20.0,+20.3,+20.0,+20.0,+20.0
2023-07-30 07:17,1,+22.5,+6.8,+8.6,+4.1,+25.7,+21.2,+20.0,+20.0,+20.0,+20.3,+20.0,+20.0,+20.0
2023-07-30 08:17,1,+22.6,+6.8,+8.6,+4.1,+25.7,+21.2,+20.1,+20.0,+20.0,+20.3,+20.0,+20.0,+20.1
2023-07-30 09:17,1,+22.5,+6.9,+8.6,+4.0,+25.6,+21.2,+20.1,+20.0,+20.0,+20.3,+20.0,+20.0,+20.1
2023-07-30 10:17,1,+22.5,+6.9,+8.6,+4.0,+25.7,+21.2,+20.2,+20.0,+20.0,+20.3,+20.1,+20.1,+20.0
2023-07-30 11:17,1,+22.6,+6.9,+8.6,+4.0,+25.7,+21.2,+20.2,+20.0,+20.0,+20.3,+20.0,+20.0,+20.1
2023-07-30 12:17,1,+22.5,+6.9,+8.6,+4.0,+25.7,+21.2,+20.2,+20.0,+20.0,+20.3,+20.1,+20.0,+20.1
2023-07-30 13:17,1,+22.5,+6.9,+8.6,+4.0,+25.6,+21.2,+20.2,+20.0,+20.0,+20.3,+20.0,+20.0,+20.0
2023-07-30 14:17,1,+22.5,+6.9,+8.6,+4.2,+25.7,+21.2,+20.2,+20.0,+20.0,+20.2,+20.1,+20.0,+20.1
2023-07-30 15:17,1,+22.5,+6.9,+8.6,+4.1,+25.7,+21.2,+20.2,+20.0,+20.0,+20.2,+20.1,+20.0,+20.1
2023-07-30 16:17,1,+22.5,+6.9,+8.6,+4.2,+25.7,+21.3,+20.2,+20.0,+20.0,+20.3,+20.1,+20.1,+20.1
2023-07-30 17:17,1,+22.5,+6.8,+8.6,+4.1,+25.7,+21.2,+20.2,+20.0,+20.0,+20.3,+20.1,+20.1,+20.1
2023-07-30 18:17,1,+22.5,+6.9,+8.6,+4.2,+25.7,+21.2,+20.2,+20.0,+20.0,+20.3,+20.0,+20.1,+20.1
2023-07-30 19:17,1,+22.5,+6.8,+8.6,+4.1,+25.7,+21.3,+20.2,+20.1,+20.0,+20.3,+20.0,+20.0,+20.1
2023-07-30 20:17,1,+22.5,+6.9,+8.6,+4.1,+25.7,+21.3,+20.1,+20.0,+20.0,+20.3,+20.1,+20.1,+20.1
2023-07-30 21:17,1,+22.5,+6.8,+8.6,+4.2,+25.7,+21.3,+20.2,+20.0,+20.0,+20.3,+20.1,+20.1,+20.1
2023-07-30 22:17,1,+22.4,+6.8,+8.6,+4.1,+25.7,+21.3,+20.1,+20.0,+20.0,+20.3,+20.0,+20.1,+20.1
2023-07-30 23:17,1,+22.5,+6.8,+8.6,+4.1,+25.7,+21.3,+20.0,+20.0,+20.0,+20.3,+20.1,+20.1,+20.1
2023-07-31 00:17,1,+22.5,+6.8,+8.6,+4.2,+25.7,+21.3,+20.0,+20.0,+20.0,+20.3,+20.1,+20.1,+20.1
2023-07-31 01:17,1,+22.4,+6.8,+8.6,+4.1,+25.7,+21.3,+20.0,+20.0,+20.0,+20.3,+20.0,+20.1,+20.1
2023-07-31 02:17,1,+22.4,+6.8,+8.6,+4.1,+25.7,+21.3,+20.0,+20.0,+20.0,+20.3,+20.1,+20.1,+20.1
2023-07-31 03:17,1,+22.4,+6.8,+8.6,+4.2,+25.7,+21.3,+20.0,+20.0,+20.0,+20.3,+20.1,+20.1,+20.1
2023-07-31 04:17,1,+22.4,+6.8,+8.6,+4.1,+25.7,+21.3,+20.0,+19.8,+20.0,+20.3,+20.1,+20.1,+20.1
2023-07-31 05:17,1,+22.4,+6.8,+8.6,+4.1,+25.7,+21.3,+19.8,+19.8,+20.0,+20.3,+20.1,+20.1,+20.1
2023-07-31 06:17,1,+22.3,+6.8,+8.6,+4.1,+25.7,+21.3,+20.0,+20.0,+20.0,+20.3,+20.1,+20.1,+20.1
2023-07-31 07:17,1,+22.4,+6.8,+8.6,+4.2,+25.7,+21.3,+20.0,+20.0,+20.0,+20.3,+20.1,+20.1,+20.1
2023-07-31 08:17,1,+22.3,+6.8,+8.6,+4.1,+25.7,+21.3,+20.0,+19.8,+20.0,+20.3,+20.1,+20.1,+20.1
2023-07-31 09:17,1,+22.3,+6.8,+8.6,+4.1,+25.7,+21.3,+20.1,+19.8,+20.0,+20.3,+20.1,+20.1,+20.1
2023-07-31 10:17,1,+22.3,+6.8,+8.6,+4.1,+25.6,+21.2,+20.2,+20.0,+20.0,+20.3,+20.1,+20.1,+20.1
2023-07-31 11:17,1,+22.2,+6.8,+8.6,+4.1,+25.6,+21.2,+20.3,+19.8,+20.0,+20.3,+20.1,+20.1,+20.1
2023-07-31 12:17,1,+22.2,+6.8,+8.5,+4.1,+25.6,+21.2,+20.5,+20.0,+20.0,+20.3,+20.1,+20.1,+20.1
2023-07-31 13:17,1,+22.2,+6.7,+8.5,+4.2,+25.7,+21.3,+20.5,+20.0,+20.0,+20.3,+20.1,+20.1,+20.1
2023-07-31 14:17,1,+22.2,+6.7,+8.5,+4.1,+25.6,+21.2,+20.5,+20.1,+20.0,+20.3,+20.1,+20.1,+20.2
2023-07-31 15:17,1,+22.4,+6.7,+8.5,+4.2,+25.7,+21.3,+20.3,+20.1,+20.0,+20.3,+20.1,+20.1,+20.1
2023-07-31 16:17,1,+22.4,+6.7,+8.5,+4.2,+25.7,+21.3,+20.3,+20.1,+20.0,+20.3,+20.1,+20.1,+20.1
2023-07-31 17:17,1,+26.0,+6.8,+8.6,+4.2,+25.7,+21.3,+20.3,+20.1,+20.0,+20.3,+20.1,+20.1,+20.1
2023-07-31 18:17,1,+25.0,+6.8,+8.6,+4.2,+25.7,+21.3,+20.3,+20.1,+20.1,+20.3,+20.1,+20.1,+20.1
2023-07-31 19:17,1,+24.6,+6.8,+8.6,+4.2,+25.7,+21.3,+20.2,+20.1,+20.1,+20.3,+20.1,+20.1,+20.1
2023-07-31 20:17,1,+24.3,+6.8,+8.6,+4.2,+25.7,+21.3,+20.2,+20.1,+20.1,+20.3,+20.1,+20.1,+20.1
2023-07-31 21:17,1,+24.1,+6.8,+8.6,+4.2,+25.7,+21.3,+20.2,+20.1,+20.0,+20.5,+20.1,+20.1,+20.1
2023-07-31 22:17,1,+24.0,+6.8,+8.6,+4.1,+25.6,+21.2,+20.1,+20.1,+20.0,+20.3,+20.1,+20.1,+20.1
2023-07-31 23:17,1,+23.8,+6.9,+8.6,+4.2,+25.7,+21.3,+20.1,+20.1,+20.1,+20.5,+20.1,+20.1,+20.1
2023-08-01 00:17,1,+23.8,+6.9,+8.6,+4.1,+25.6,+21.2,+20.2,+20.1,+20.1,+20.3,+20.1,+20.1,+20.1
2023-08-01 01:17,1,+23.7,+6.9,+8.6,+4.1,+25.6,+21.2,+20.1,+20.1,+20.1,+20.3,+20.1,+20.1,+20.1
2023-08-01 02:17,1,+23.6,+6.9,+8.6,+4.1,+25.6,+21.2,+20.1,+20.0,+20.1,+20.3,+20.1,+20.1,+20.1
2023-08-01 03:17,1,+23.5,+6.9,+8.6,+4.1,+25.6,+21.2,+20.1,+20.1,+20.1,+20.5,+20.2,+20.1,+20.2
2023-08-01 04:17,1,+23.5,+6.9,+8.6,+4.1,+25.6,+21.2,+20.1,+20.0,+20.1,+20.3,+20.2,+20.1,+20.2
2023-08-01 05:17,1,+23.4,+7.0,+8.6,+4.2,+25.7,+21.3,+20.0,+20.0,+20.1,+20.5,+20.1,+20.2,+20.2
2023-08-01 06:17,1,+23.3,+7.0,+8.6,+4.2,+25.7,+21.3,+20.0,+20.0,+20.1,+20.3,+20.1,+20.1,+20.1
2023-08-01 07:17,1,+23.3,+7.0,+8.6,+4.2,+25.7,+21.3,+20.0,+20.0,+20.1,+20.3,+20.2,+20.2,+20.2
2023-08-01 08:17,1,+23.3,+7.0,+8.6,+4.2,+25.7,+21.3,+20.1,+20.0,+20.1,+20.5,+20.1,+20.1,+20.2
2023-08-01 09:17,1,+23.2,+7.0,+8.6,+4.2,+25.7,+21.3,+20.2,+20.0,+20.0,+20.5,+20.1,+20.1,+20.2
2023-08-01 10:17,1,+23.2,+7.0,+8.6,+4.1,+25.6,+21.2,+20.3,+20.0,+20.0,+20.5,+20.1,+20.2,+20.2
2023-08-01 11:17,1,+23.1,+7.0,+8.6,+4.2,+25.7,+21.2,+20.3,+20.0,+20.1,+20.5,+20.1,+20.2,+20.1
2023-08-01 12:17,1,+23.1,+7.0,+8.6,+4.1,+25.6,+21.2,+20.3,+20.0,+20.0,+20.5,+20.2,+20.2,+20.1
2023-08-01 13:17,1,+23.1,+7.0,+8.6,+4.2,+25.7,+21.2,+20.5,+20.0,+20.1,+20.5,+20.1,+20.2,+20.2
2023-08-01 14:17,1,+23.1,+7.0,+8.6,+4.2,+25.6,+21.2,+20.5,+20.1,+20.1,+20.3,+20.1,+20.2,+20.2
2023-08-01 15:17,1,+23.1,+7.0,+8.6,+4.2,+25.7,+21.2,+20.5,+20.1,+20.1,+20.5,+20.2,+20.1,+20.2
2023-08-01 16:17,1,+23.1,+7.0,+8.6,+4.2,+25.7,+21.2,+20.5,+20.2,+20.1,+20.5,+20.1,+20.2,+20.1
2023-08-01 17:17,1,+23.1,+7.0,+8.6,+4.3,+25.7,+21.2,+20.5,+20.1,+20.1,+20.5,+20.1,+20.2,+20.2
2023-08-01 18:17,1,+23.1,+7.1,+8.7,+4.3,+25.9,+21.2,+20.5,+20.2,+20.1,+20.5,+20.1,+20.2,+20.2
2023-08-01 19:17,1,+23.1,+7.2,+8.8,+4.5,+26.0,+21.2,+20.5,+20.2,+20.1,+20.5,+20.2,+20.2,+20.2
2023-08-01 20:17,1,+23.1,+7.2,+8.8,+4.6,+26.2,+21.2,+20.3,+20.2,+20.1,+20.5,+20.2,+20.2,+20.2
2023-08-01 21:17,1,+23.1,+7.2,+8.8,+4.6,+26.2,+21.2,+20.2,+20.2,+20.1,+20.5,+20.2,+20.2,+20.1
2023-08-01 22:17,1,+23.0,+7.2,+8.9,+4.5,+26.3,+21.4,+20.1,+20.2,+20.1,+20.5,+20.2,+20.2,+20.2
2023-08-01 23:17,1,+23.0,+7.2,+8.9,+4.5,+26.3,+21.4,+20.1,+20.1,+20.1,+20.5,+20.1,+20.2,+20.2
2023-08-02 00:17,1,+23.0,+7.2,+8.9,+4.5,+26.4,+21.4,+19.8,+20.1,+20.1,+20.5,+20.2,+20.2,+20.2
2023-08-02 01:17,1,+22.9,+7.2,+8.9,+4.5,+26.4,+21.5,+19.8,+20.1,+20.1,+20.5,+20.2,+20.2,+20.2
2023-08-02 02:17,1,+22.9,+7.2,+8.9,+4.7,+26.5,+21.5,+19.7,+20.0,+20.1,+20.5,+20.2,+20.2,+20.2
2023-08-02 03:17,1,+22.9,+7.2,+8.9,+4.7,+26.6,+21.5,+19.7,+20.0,+20.1,+20.5,+20.2,+20.2,+20.2
2023-08-02 04:17,1,+22.9,+7.2,+8.9,+4.5,+26.5,+21.5,+19.7,+20.0,+20.1,+20.5,+20.2,+20.2,+20.2
2023-08-02 05:17,1,+22.8,+7.2,+8.9,+4.7,+26.6,+21.5,+19.7,+19.8,+20.1,+20.5,+20.2,+20.2,+20.2
2023-08-02 06:17,1,+22.8,+7.2,+8.9,+4.7,+26.6,+21.5,+19.7,+19.8,+20.0,+20.5,+20.2,+20.2,+20.2
2023-08-02 07:17,1,+22.8,+7.2,+8.9,+4.6,+26.6,+21.5,+19.7,+19.8,+20.1,+20.5,+20.2,+20.2,+20.2
2023-08-02 08:17,1,+22.8,+7.2,+8.9,+4.6,+26.6,+21.5,+19.7,+19.8,+20.1,+20.5,+20.2,+20.1,+20.2
2023-08-02 09:17,1,+22.7,+7.2,+9.0,+4.7,+26.6,+21.5,+19.8,+19.8,+20.1,+20.5,+20.2,+20.2,+20.2
2023-08-02 10:17,1,+22.7,+7.1,+9.0,+4.6,+26.6,+21.5,+20.0,+19.8,+20.0,+20.5,+20.1,+20.2,+20.2
2023-08-02 11:17,1,+22.7,+7.1,+8.9,+4.6,+26.6,+21.5,+20.0,+19.8,+20.0,+20.5,+20.1,+20.2,+20.2
2023-08-02 12:17,1,+22.7,+7.1,+8.9,+4.6,+26.5,+21.4,+20.1,+20.0,+20.0,+20.5,+20.2,+20.2,+20.2
2023-08-02 13:17,1,+22.6,+7.1,+8.9,+4.7,+26.6,+21.5,+20.2,+19.8,+20.0,+20.5,+20.2,+20.2,+20.2
2023-08-02 14:17,1,+22.6,+7.1,+8.9,+4.7,+26.6,+21.5,+20.3,+20.0,+20.0,+20.5,+20.2,+20.2,+20.2
2023-08-02 15:17,1,+22.5,+7.2,+8.9,+4.6,+26.5,+21.5,+20.3,+19.8,+20.0,+20.5,+20.2,+20.2,+20.2
2023-08-02 16:17,1,+22.5,+7.2,+8.9,+4.6,+26.5,+21.5,+20.3,+20.0,+20.0,+20.5,+20.2,+20.2,+20.2
2023-08-02 17:17,1,+22.5,+7.2,+8.9,+4.7,+26.6,+21.5,+20.2,+20.0,+20.0,+20.5,+20.2,+20.2,+20.2
2023-08-02 18:17,1,+22.5,+7.2,+9.0,+4.6,+26.5,+21.4,+20.2,+20.0,+20.0,+20.5,+20.2,+20.2,+20.2
2023-08-02 19:17,1,+22.4,+7.2,+9.0,+4.6,+26.5,+21.4,+20.1,+20.0,+20.0,+20.5,+20.2,+20.2,+20.2
2023-08-02 20:17,1,+22.4,+7.2,+9.0,+4.7,+26.6,+21.5,+20.1,+20.0,+20.0,+20.5,+20.1,+20.2,+20.2
2023-08-02 21:17,1,+22.4,+7.2,+9.0,+4.6,+26.5,+21.4,+20.1,+20.0,+20.0,+20.5,+20.1,+20.2,+20.2
2023-08-02 22:17,1,+22.4,+7.2,+9.0,+4.6,+26.5,+21.4,+20.0,+20.0,+20.0,+20.5,+20.2,+20.2,+20.2
2023-08-02 23:17,1,+22.5,+7.2,+9.0,+4.6,+26.5,+21.4,+20.0,+20.0,+20.0,+20.5,+20.2,+20.2,+20.2
2023-08-03 00:17,1,+22.5,+7.2,+9.0,+4.7,+26.6,+21.5,+19.8,+20.0,+20.0,+20.5,+20.1,+20.2,+20.2
2023-08-03 01:17,1,+22.5,+7.2,+9.0,+4.7,+26.6,+21.5,+19.8,+20.0,+20.0,+20.5,+20.2,+20.2,+20.2
2023-08-03 02:17,1,+22.6,+7.2,+9.0,+4.6,+26.5,+21.5,+19.8,+20.0,+20.0,+20.5,+20.2,+20.2,+20.2
2023-08-03 03:17,1,+22.9,+7.2,+9.0,+4.7,+26.6,+21.5,+19.7,+19.8,+20.1,+20.5,+20.2,+20.2,+20.2
2023-08-03 04:17,1,+22.2,+7.2,+9.0,+4.6,+26.5,+21.5,+19.7,+20.0,+20.0,+20.5,+20.2,+20.2,+20.2
2023-08-03 05:17,1,+22.2,+7.2,+9.0,+4.6,+26.5,+21.5,+19.7,+19.8,+20.0,+20.5,+20.2,+20.2,+20.2
2023-08-03 06:17,1,+22.1,+7.2,+9.0,+4.7,+26.6,+21.5,+19.6,+19.8,+20.0,+20.5,+20.2,+20.2,+20.2
2023-08-03 07:17,1,+22.1,+7.2,+9.0,+4.6,+26.6,+21.5,+19.6,+19.7,+20.0,+20.5,+20.2,+20.2,+20.2
2023-08-03 08:17,1,+22.0,+7.3,+9.0,+4.6,+26.6,+21.5,+19.7,+19.7,+20.0,+20.5,+20.2,+20.2,+20.2
2023-08-03 09:17,1,+22.1,+7.3,+9.0,+4.6,+26.5,+21.5,+19.7,+19.7,+20.0,+20.5,+20.2,+20.2,+20.2
2023-08-03 10:17,1,+22.1,+7.2,+9.0,+4.7,+26.6,+21.5,+19.7,+19.8,+20.0,+20.3,+20.2,+20.2,+20.2
2023-08-03 11:17,1,+22.1,+7.3,+9.0,+4.7,+26.6,+21.5,+19.7,+19.7,+20.0,+20.5,+20.2,+20.2,+20.2
2023-08-03 12:17,1,+22.1,+7.2,+9.0,+4.6,+26.5,+21.5,+19.8,+19.8,+20.0,+20.5,+20.2,+20.2,+20.2
2023-08-03 13:17,1,+22.1,+7.3,+9.1,+4.6,+26.5,+21.5,+19.8,+19.7,+20.0,+20.5,+20.2,+20.2,+20.2
2023-08-03 14:17,1,+22.0,+7.3,+9.0,+4.6,+26.5,+21.5,+20.0,+19.8,+20.0,+20.3,+20.2,+20.2,+20.2
2023-08-03 15:17,1,+22.0,+7.3,+9.0,+4.7,+26.6,+21.5,+20.1,+19.8,+20.0,+20.3,+20.2,+20.2,+20.2
2023-08-03 16:17,1,+22.0,+7.3,+9.0,+4.7,+26.6,+21.5,+20.1,+19.8,+20.0,+20.5,+20.2,+20.2,+20.2
2023-08-03 17:17,1,+22.0,+7.3,+9.0,+4.7,+26.6,+21.5,+20.2,+19.8,+20.0,+20.5,+20.2,+20.2,+20.2
2023-08-03 18:17,1,+22.0,+7.3,+9.0,+4.6,+26.5,+21.5,+20.2,+19.8,+20.0,+20.5,+20.2,+20.2,+20.2
2023-08-03 19:17,1,+21.9,+7.3,+9.0,+4.6,+26.5,+21.5,+20.2,+20.0,+20.0,+20.5,+20.2,+20.2,+20.2
2023-08-03 20:17,1,+22.0,+7.3,+9.0,+4.7,+26.6,+21.5,+20.2,+20.0,+20.0,+20.3,+20.2,+20.2,+20.2
2023-08-03 21:17,1,+22.0,+7.2,+9.0,+4.7,+26.5,+21.5,+20.2,+20.0,+20.0,+20.3,+20.2,+20.2,+20.2
2023-08-03 22:17,1,+21.9,+7.3,+9.0,+4.7,+26.6,+21.5,+20.1,+20.0,+20.0,+20.3,+20.2,+20.2,+20.2
2023-08-03 23:17,1,+21.9,+7.3,+9.1,+4.7,+26.6,+21.5,+20.0,+20.0,+20.0,+20.5,+20.2,+20.2,+20.2
2023-08-04 00:17,1,+21.9,+7.3,+9.1,+4.6,+26.5,+21.5,+20.0,+20.0,+20.0,+20.5,+20.1,+20.2,+20.2
2023-08-04 01:17,1,+21.9,+7.3,+9.1,+4.7,+26.6,+21.5,+20.0,+20.0,+20.0,+20.5,+20.2,+20.2,+20.2
2023-08-04 02:17,1,+21.9,+7.3,+9.1,+4.6,+26.5,+21.5,+20.0,+20.0,+20.0,+20.3,+20.2,+20.2,+20.2
2023-08-04 03:17,1,+21.8,+7.3,+9.0,+4.7,+26.6,+21.5,+19.8,+20.0,+20.0,+20.5,+20.2,+20.2,+20.2
2023-08-04 04:17,1,+21.9,+7.3,+9.1,+4.6,+26.5,+21.4,+20.0,+19.8,+20.0,+20.5,+20.2,+20.2,+20.2
2023-08-04 05:17,1,+21.8,+7.3,+9.1,+4.6,+26.5,+21.4,+19.8,+19.8,+20.0,+20.5,+20.2,+20.2,+20.2
2023-08-04 06:17,1,+21.8,+7.3,+9.1,+4.7,+26.6,+21.5,+19.8,+19.8,+20.0,+20.5,+20.2,+20.2,+20.2
2023-08-04 07:17,1,+21.8,+7.3,+9.1,+4.6,+26.5,+21.4,+19.8,+19.8,+20.0,+20.5,+20.2,+20.2,+20.2
2023-08-04 08:17,1,+21.8,+7.3,+9.1,+4.6,+26.5,+21.4,+19.8,+19.8,+20.0,+20.5,+20.2,+20.2,+20.2
2023-08-04 09:17,1,+21.8,+7.4,+9.1,+4.7,+26.6,+21.5,+19.8,+19.8,+20.0,+20.5,+20.1,+20.2,+20.2
2023-08-04 10:17,1,+21.7,+7.3,+9.1,+4.6,+26.5,+21.4,+19.8,+19.8,+20.0,+20.5,+20.1,+20.2,+20.2
2023-08-04 11:17,1,+21.7,+7.3,+9.1,+4.6,+26.5,+21.4,+20.1,+19.8,+20.0,+20.5,+20.2,+20.2,+20.2
2023-08-04 12:17,1,+21.6,+7.3,+9.1,+4.6,+26.5,+21.4,+20.1,+19.8,+20.0,+20.5,+20.1,+20.2,+20.2
2023-08-04 13:17,1,+21.5,+7.3,+9.1,+4.6,+26.5,+21.4,+20.2,+20.0,+20.0,+20.5,+20.2,+20.2,+20.2
2023-08-04 14:17,1,+21.4,+7.3,+9.1,+4.7,+26.5,+21.5,+20.3,+20.0,+20.0,+20.3,+20.2,+20.2,+20.2
2023-08-04 15:17,1,+21.4,+7.3,+9.1,+4.7,+26.5,+21.4,+20.3,+19.8,+20.0,+20.5,+20.2,+20.2,+20.2
2023-08-04 16:17,1,+21.4,+7.3,+9.1,+4.6,+26.5,+21.4,+20.3,+20.1,+20.0,+20.3,+20.2,+20.2,+20.2
2023-08-04 17:17,1,+21.3,+7.3,+9.1,+4.7,+26.5,+21.4,+20.5,+20.1,+20.0,+20.5,+20.2,+20.2,+20.2
2023-08-04 18:17,1,+21.3,+7.3,+9.1,+4.6,+26.5,+21.4,+20.3,+20.1,+20.0,+20.3,+20.2,+20.2,+20.2
2023-08-04 19:17,1,+21.3,+7.3,+9.1,+4.6,+26.5,+21.4,+20.2,+20.1,+20.0,+20.3,+20.2,+20.2,+20.2
2023-08-04 20:17,1,+21.3,+7.3,+9.1,+4.6,+26.5,+21.4,+20.2,+20.1,+20.0,+20.3,+20.2,+20.2,+20.2
2023-08-04 21:17,1,+21.3,+7.3,+9.1,+4.7,+26.5,+21.4,+20.2,+20.1,+20.0,+20.3,+20.1,+20.2,+20.2
2023-08-04 22:17,1,+21.2,+7.3,+9.1,+4.7,+26.5,+21.4,+20.1,+20.1,+20.1,+20.5,+20.2,+20.2,+20.2
2023-08-04 23:17,1,+21.3,+7.2,+9.1,+4.6,+26.5,+21.4,+20.1,+20.1,+20.1,+20.5,+20.2,+20.2,+20.2
2023-08-05 00:17,1,+30.0,+9.8,+9.2,+4.7,+26.5,+21.4,+20.0,+20.0,+20.1,+20.5,+20.2,+20.2,+20.2
2023-08-05 01:17,1,+26.8,+9.3,+9.2,+4.6,+26.5,+21.4,+20.0,+20.0,+20.1,+20.5,+20.2,+20.2,+20.2
2023-08-05 02:17,1,+26.4,+9.1,+9.3,+4.6,+26.5,+21.4,+20.0,+20.0,+20.1,+20.5,+20.2,+20.2,+20.2
2023-08-05 03:17,1,+26.0,+9.0,+9.4,+4.7,+26.5,+21.4,+19.8,+20.0,+20.1,+20.5,+20.2,+20.2,+20.2
2023-08-05 04:17,1,+25.7,+8.9,+9.4,+4.6,+26.5,+21.4,+19.7,+20.0,+20.1,+20.5,+20.2,+20.2,+20.2
2023-08-05 05:17,1,+25.5,+8.9,+9.5,+4.7,+26.5,+21.4,+19.8,+20.0,+20.1,+20.5,+20.2,+20.2,+20.2
2023-08-05 06:17,1,+25.3,+8.8,+9.5,+4.7,+26.5,+21.4,+19.7,+19.8,+20.0,+20.5,+20.2,+20.2,+20.2
2023-08-05 07:17,1,+25.3,+8.8,+9.5,+4.6,+26.5,+21.4,+19.7,+19.8,+20.0,+20.5,+20.2,+20.2,+20.2
2023-08-05 08:17,1,+25.7,+8.8,+9.5,+4.7,+26.5,+21.4,+19.7,+19.8,+20.0,+20.5,+20.2,+20.2,+20.2
2023-08-05 09:17,1,+25.7,+8.8,+9.5,+4.7,+26.5,+21.4,+19.7,+19.8,+20.0,+20.5,+20.2,+20.2,+20.2
2023-08-05 10:17,1,+25.6,+8.8,+9.5,+4.7,+26.5,+21.4,+19.8,+19.7,+20.0,+20.5,+20.2,+20.2,+20.2
2023-08-05 11:17,1,+25.4,+8.8,+9.5,+4.8,+26.5,+21.5,+19.8,+19.8,+20.0,+20.5,+20.2,+20.2,+20.2
2023-08-05 12:17,1,+25.3,+8.8,+9.5,+4.7,+26.5,+21.4,+19.8,+19.8,+20.0,+20.5,+20.2,+20.2,+20.2
2023-08-05 13:17,1,+25.1,+8.7,+9.5,+4.7,+26.5,+21.4,+20.0,+19.8,+20.0,+20.5,+20.2,+20.2,+20.2
2023-08-05 14:17,1,+25.0,+8.7,+9.5,+4.7,+26.5,+21.4,+20.1,+19.8,+20.0,+20.5,+20.2,+20.2,+20.2
2023-08-05 15:17,1,+24.9,+8.7,+9.5,+4.7,+26.5,+21.4,+20.1,+19.8,+20.0,+20.5,+20.2,+20.2,+20.2
2023-08-05 16:17,1,+24.9,+8.7,+9.5,+4.8,+26.6,+21.4,+20.1,+19.8,+20.0,+20.3,+20.2,+20.2,+20.2
2023-08-05 17:17,1,+24.8,+8.7,+9.5,+4.8,+26.6,+21.5,+20.1,+19.8,+20.0,+20.3,+20.1,+20.2,+20.2
2023-08-05 18:17,1,+24.8,+8.9,+9.5,+4.8,+26.6,+21.5,+20.0,+20.0,+20.0,+20.5,+20.2,+20.2,+20.2
2023-08-05 19:17,1,+24.7,+8.8,+9.5,+4.7,+26.6,+21.4,+20.0,+20.0,+20.0,+20.5,+20.2,+20.2,+20.2
2023-08-05 20:17,1,+24.7,+8.8,+9.5,+4.9,+26.6,+21.5,+20.0,+20.0,+20.0,+20.5,+20.2,+20.2,+20.2
2023-08-05 21:17,1,+24.6,+8.8,+9.5,+4.9,+26.6,+21.5,+20.0,+20.0,+20.0,+20.5,+20.2,+20.2,+20.2
2023-08-05 22:17,1,+24.6,+8.8,+9.5,+4.8,+26.6,+21.5,+19.8,+19.8,+20.0,+20.3,+20.2,+20.2,+20.2
2023-08-05 23:17,1,+24.6,+8.8,+9.6,+4.8,+26.6,+21.5,+19.8,+19.8,+20.0,+20.5,+20.2,+20.2,+20.2
2023-08-06 00:17,1,+24.5,+8.8,+9.5,+4.8,+26.6,+21.5,+19.7,+19.8,+20.0,+20.5,+20.2,+20.2,+20.2
2023-08-06 01:17,1,+24.5,+8.7,+9.5,+4.9,+26.7,+21.6,+19.7,+19.8,+20.0,+20.5,+20.2,+20.2,+20.2
2023-08-06 02:17,1,+25.0,+8.8,+9.6,+4.8,+26.6,+21.5,+19.7,+19.8,+20.0,+20.5,+20.2,+20.2,+20.2
2023-08-06 03:17,1,+25.9,+8.8,+9.6,+4.9,+26.7,+21.6,+19.7,+19.8,+20.0,+20.5,+20.2,+20.2,+20.2
2023-08-06 04:17,1,+27.4,+8.8,+9.6,+5.0,+26.7,+21.6,+19.7,+19.8,+20.0,+20.5,+20.2,+20.2,+20.2
2023-08-06 05:17,1,+27.0,+8.8,+9.6,+5.0,+26.7,+21.6,+19.6,+19.8,+20.0,+20.5,+20.2,+20.2,+20.2
2023-08-06 06:17,1,+26.6,+8.8,+9.6,+5.0,+26.7,+21.6,+19.6,+19.7,+20.0,+20.5,+20.2,+20.2,+20.2
2023-08-06 07:17,1,+26.4,+8.9,+9.6,+4.9,+26.7,+21.6,+19.6,+19.7,+20.0,+20.5,+20.2,+20.2,+20.2
2023-08-06 08:17,1,+26.1,+8.9,+9.6,+4.9,+26.7,+21.6,+19.6,+19.7,+20.0,+20.3,+20.2,+20.2,+20.2
2023-08-06 09:17,1,+26.1,+9.0,+9.6,+5.0,+26.8,+21.6,+19.6,+19.7,+20.0,+20.3,+20.2,+20.2,+20.2
2023-08-06 10:17,1,+26.0,+9.0,+9.6,+4.9,+26.7,+21.6,+19.6,+19.7,+20.0,+20.5,+20.2,+20.2,+20.2
2023-08-06 11:17,1,+25.8,+9.0,+9.6,+4.9,+26.7,+21.6,+19.6,+19.7,+20.0,+20.5,+20.2,+20.2,+20.2
2023-08-06 12:17,1,+25.7,+9.0,+9.6,+5.0,+26.7,+21.6,+19.6,+19.6,+20.0,+20.5,+20.2,+20.2,+20.2
2023-08-06 13:17,1,+25.5,+9.0,+9.6,+5.0,+26.7,+21.6,+19.6,+19.6,+19.8,+20.3,+20.2,+20.2,+20.2
2023-08-06 14:17,1,+25.4,+9.0,+9.6,+4.9,+26.7,+21.6,+19.7,+19.6,+19.8,+20.5,+20.2,+20.2,+20.2
2023-08-06 15:17,1,+25.3,+9.0,+9.6,+4.9,+26.7,+21.6,+19.6,+19.6,+19.8,+20.5,+20.2,+20.2,+20.2
2023-08-06 16:17,1,+25.3,+8.9,+9.6,+5.0,+26.7,+21.6,+19.7,+19.7,+19.8,+20.5,+20.2,+20.2,+20.2
2023-08-06 17:17,1,+25.2,+8.9,+9.6,+4.9,+26.7,+21.6,+19.7,+19.7,+19.8,+20.3,+20.1,+20.2,+20.2
2023-08-06 18:17,1,+25.1,+8.9,+9.6,+4.9,+26.7,+21.6,+19.7,+19.7,+19.8,+20.5,+20.1,+20.2,+20.2
2023-08-06 19:17,1,+25.1,+8.9,+9.6,+4.9,+26.7,+21.6,+19.7,+19.7,+19.8,+20.3,+20.2,+20.2,+20.2
2023-08-06 20:17,1,+25.0,+8.9,+9.6,+4.9,+26.7,+21.6,+19.6,+19.7,+19.8,+20.3,+20.2,+20.2,+20.2
2023-08-06 21:17,1,+25.0,+8.9,+9.6,+4.9,+26.7,+21.6,+19.6,+19.7,+19.8,+20.3,+20.2,+20.2,+20.2
2023-08-06 22:17,1,+25.1,+8.9,+9.6,+5.0,+26.8,+21.6,+19.5,+19.7,+19.8,+20.3,+20.2,+20.2,+20.2
2023-08-06 23:17,1,+24.9,+8.9,+9.6,+5.0,+26.8,+21.6,+19.5,+19.6,+19.8,+20.3,+20.2,+20.2,+20.2
2023-08-07 00:17,1,+24.9,+8.9,+9.6,+4.9,+26.7,+21.6,+19.5,+19.6,+19.8,+20.3,+20.2,+20.2,+20.2
2023-08-07 01:17,1,+24.8,+8.9,+9.6,+5.0,+26.8,+21.7,+19.5,+19.6,+19.8,+20.3,+20.2,+20.2,+20.2
2023-08-07 02:17,1,+24.8,+8.8,+9.6,+5.0,+26.8,+21.6,+19.5,+19.6,+19.8,+20.3,+20.2,+20.2,+20.2
2023-08-07 03:17,1,+24.8,+8.8,+9.7,+4.9,+26.8,+21.6,+19.5,+19.6,+19.8,+20.3,+20.2,+20.2,+20.2
2023-08-07 04:17,1,+24.7,+8.8,+9.6,+5.0,+26.8,+21.7,+19.5,+19.5,+19.8,+20.3,+20.2,+20.2,+20.2
2023-08-07 05:17,1,+24.7,+8.8,+9.6,+5.0,+26.8,+21.7,+19.5,+19.6,+19.8,+20.3,+20.2,+20.2,+20.2
2023-08-07 06:17,1,+24.7,+8.8,+9.6,+5.0,+26.8,+21.7,+19.5,+19.6,+19.8,+20.3,+20.1,+20.2,+20.2
2023-08-07 07:17,1,+24.7,+8.8,+9.7,+4.9,+26.8,+21.6,+19.6,+19.6,+19.8,+20.3,+20.2,+20.2,+20.2
2023-08-07 08:17,1,+24.6,+8.8,+9.6,+5.0,+26.8,+21.7,+19.6,+19.6,+19.7,+20.3,+20.1,+20.2,+20.2
2023-08-07 09:17,1,+24.6,+8.8,+9.6,+5.0,+26.8,+21.7,+19.6,+19.6,+19.7,+20.3,+20.2,+20.2,+20.2
2023-08-07 10:17,1,+24.6,+8.8,+9.6,+5.0,+26.8,+21.7,+19.6,+19.6,+19.7,+20.2,+20.1,+20.2,+20.2
2023-08-07 11:17,1,+32.1,+10.4,+9.7,+5.0,+26.8,+21.7,+19.5,+19.6,+19.7,+20.3,+20.2,+20.2,+20.2
2023-08-07 12:17,1,+29.8,+11.1,+10.2,+5.0,+26.8,+21.7,+19.3,+19.6,+19.7,+20.3,+20.1,+20.2,+20.3
2023-08-07 13:17,1,+27.8,+10.4,+10.4,+5.2,+26.9,+21.7,+19.5,+19.5,+19.7,+20.3,+20.2,+20.2,+20.2
2023-08-07 14:17,1,+27.1,+10.0,+10.4,+5.2,+26.8,+21.7,+19.5,+19.5,+19.7,+20.3,+20.1,+20.2,+20.2
2023-08-07 15:17,1,+26.7,+9.8,+10.4,+5.4,+27.0,+21.8,+19.5,+19.5,+19.7,+20.3,+20.1,+20.2,+20.2
2023-08-07 16:17,1,+26.4,+9.8,+10.3,+5.4,+27.0,+21.7,+19.3,+19.6,+19.7,+20.3,+20.1,+20.2,+20.2
2023-08-07 17:17,1,+26.2,+9.6,+10.3,+5.5,+27.2,+21.8,+19.2,+19.5,+19.7,+20.3,+20.2,+20.2,+20.2
2023-08-07 18:17,1,+26.0,+9.6,+10.3,+5.6,+27.3,+21.9,+19.1,+19.5,+19.7,+20.3,+20.1,+20.2,+20.2
2023-08-07 19:17,1,+26.0,+9.5,+10.2,+5.4,+27.3,+21.9,+19.1,+19.5,+19.7,+20.3,+20.1,+20.1,+20.2
2023-08-07 20:17,1,+25.6,+9.4,+10.2,+5.6,+27.4,+22.0,+19.1,+19.3,+19.7,+20.3,+20.1,+20.2,+20.2
2023-08-07 21:17,1,+25.5,+9.4,+10.2,+5.6,+27.4,+22.0,+19.0,+19.3,+19.7,+20.3,+20.1,+20.2,+20.2
2023-08-07 22:17,1,+25.4,+9.3,+10.2,+5.6,+27.5,+22.1,+18.8,+19.3,+19.7,+20.2,+20.1,+20.1,+20.2
2023-08-07 23:17,1,+25.4,+9.3,+10.1,+5.7,+27.5,+22.2,+18.8,+19.2,+19.7,+20.2,+20.1,+20.1,+20.2
2023-08-08 00:17,1,+25.3,+9.3,+10.1,+5.6,+27.5,+22.2,+18.8,+19.2,+19.6,+20.2,+20.1,+20.2,+20.2
2023-08-08 01:17,1,+25.3,+9.2,+10.1,+5.5,+27.5,+22.2,+18.7,+19.2,+19.6,+20.2,+20.1,+20.2,+20.2
2023-08-08 02:17,1,+25.2,+9.2,+10.1,+5.5,+27.5,+22.2,+18.7,+19.1,+19.6,+20.2,+20.1,+20.2,+20.2
2023-08-08 03:17,1,+25.1,+9.1,+10.1,+5.6,+27.5,+22.3,+18.7,+19.1,+19.6,+20.2,+20.1,+20.2,+20.2
2023-08-08 04:17,1,+25.1,+9.1,+10.1,+5.6,+27.5,+22.3,+18.7,+19.1,+19.6,+20.2,+20.1,+20.2,+20.2
2023-08-08 05:17,1,+25.0,+9.1,+10.0,+5.5,+27.5,+22.3,+18.7,+19.1,+19.6,+20.2,+20.1,+20.1,+20.2
2023-08-08 06:17,1,+25.0,+9.1,+10.0,+5.5,+27.5,+22.3,+18.7,+19.0,+19.5,+20.2,+20.1,+20.2,+20.2
2023-08-08 07:17,1,+24.9,+9.1,+10.0,+5.5,+27.5,+22.4,+18.7,+19.1,+19.5,+20.2,+20.1,+20.1,+20.2
2023-08-08 08:17,1,+24.9,+9.0,+10.0,+5.6,+27.5,+22.4,+18.8,+19.0,+19.5,+20.2,+20.1,+20.1,+20.2
2023-08-08 09:17,1,+24.8,+9.0,+10.0,+5.6,+27.5,+22.4,+19.1,+19.0,+19.5,+20.2,+20.1,+20.1,+20.1
2023-08-08 10:17,1,+24.8,+9.0,+10.0,+5.6,+27.5,+22.4,+19.2,+19.1,+19.5,+20.2,+20.1,+20.1,+20.2