
2023-07-20 10:10,3,+18.0,+0.0,+5.1,+2.9,+16.2,+16.2,+20.0,+20.2,+20.3,+20.7,+20.6,+20.5,+20.6
2023-07-20 11:10,3,+20.8,+0.0,+5.7,+2.9,+16.1,+16.2,+20.1,+20.2,+20.3,+20.7,+20.5,+20.5,+20.6
2023-07-20 12:10,3,+20.0,+0.0,+7.4,+5.0,+16.4,+16.2,+20.1,+20.2,+20.3,+20.6,+20.5,+20.5,+20.7
2023-07-20 13:10,3,+18.5,+0.0,+6.6,+4.7,+16.8,+16.4,+20.1,+20.2,+20.3,+20.6,+20.6,+20.5,+20.7
2023-07-20 14:10,3,+18.8,+0.0,+6.1,+4.5,+16.9,+16.6,+20.2,+20.3,+20.3,+20.7,+20.6,+20.5,+20.7
2023-07-20 15:10,3,+18.4,+0.0,+5.9,+4.2,+16.9,+16.6,+20.2,+20.3,+20.3,+20.7,+20.5,+20.5,+20.6
2023-07-20 16:10,3,+18.2,+0.0,+5.7,+4.2,+16.9,+16.6,+20.2,+20.3,+20.5,+20.6,+20.6,+20.5,+20.6
2023-07-20 17:10,3,+18.2,+0.0,+5.6,+4.1,+16.9,+16.7,+20.2,+20.3,+20.5,+20.7,+20.6,+20.5,+20.7
2023-07-20 18:10,3,+18.3,+0.0,+5.5,+3.9,+16.8,+16.6,+20.2,+20.3,+20.5,+20.7,+20.6,+20.5,+20.6
2023-07-20 19:10,3,+18.6,+0.0,+5.4,+4.0,+16.8,+16.7,+20.1,+20.3,+20.5,+20.7,+20.5,+20.5,+20.7
2023-07-20 20:10,3,+18.5,+0.0,+5.3,+3.8,+16.8,+16.6,+20.1,+20.3,+20.5,+20.7,+20.6,+20.5,+20.6
2023-07-20 21:10,3,+18.6,+0.0,+5.3,+3.7,+16.7,+16.6,+20.1,+20.5,+20.5,+20.7,+20.6,+20.5,+20.6
2023-07-20 22:10,3,+18.7,+0.0,+5.2,+3.7,+16.7,+16.6,+20.1,+20.3,+20.5,+20.7,+20.6,+20.5,+20.6
2023-07-20 23:10,3,+21.5,+0.0,+5.2,+3.8,+16.8,+16.6,+20.1,+20.3,+20.5,+20.7,+20.5,+20.5,+20.6
2023-07-21 00:10,3,+21.2,+0.0,+5.2,+3.7,+16.7,+16.6,+20.2,+20.5,+20.6,+20.7,+20.5,+20.5,+20.6
2023-07-21 01:10,3,+21.7,+0.0,+5.5,+3.6,+16.7,+16.6,+20.2,+20.5,+20.5,+20.7,+20.5,+20.5,+20.6
2023-07-21 02:10,3,+23.7,+0.0,+6.3,+3.9,+16.8,+16.7,+20.1,+20.3,+20.5,+20.7,+20.6,+20.5,+20.6
2023-07-21 03:10,3,+25.7,+0.0,+8.4,+4.7,+16.9,+16.7,+20.1,+20.3,+20.5,+20.7,+20.6,+20.5,+20.6
2023-07-21 04:10,3,+24.7,+0.0,+7.7,+5.1,+17.4,+16.9,+20.0,+20.3,+20.5,+20.7,+20.6,+20.5,+20.6
2023-07-21 05:10,3,+22.3,+0.0,+7.1,+5.1,+17.5,+17.1,+20.1,+20.5,+20.5,+20.7,+20.5,+20.6,+20.7
2023-07-21 06:10,3,+21.2,+0.0,+6.6,+4.7,+17.4,+17.1,+20.1,+20.5,+20.5,+20.7,+20.6,+20.6,+20.6
2023-07-21 07:10,3,+20.8,+0.0,+6.3,+4.6,+17.3,+17.1,+20.2,+20.5,+20.5,+20.7,+20.6,+20.5,+20.6
2023-07-21 08:10,3,+20.3,+0.0,+6.1,+4.3,+17.2,+17.0,+20.2,+20.5,+20.5,+20.8,+20.6,+20.6,+20.7
2023-07-21 09:10,3,+20.0,+0.0,+6.0,+4.3,+17.2,+17.0,+20.3,+20.5,+20.5,+20.7,+20.6,+20.5,+20.6
2023-07-21 10:10,3,+19.8,+0.0,+5.8,+4.1,+17.1,+16.9,+20.3,+20.5,+20.5,+20.7,+20.6,+20.5,+20.6
2023-07-21 11:10,3,+19.6,+0.0,+5.7,+4.1,+17.1,+16.9,+20.5,+20.5,+20.6,+20.7,+20.6,+20.6,+20.6
2023-07-21 12:10,3,+19.4,+0.0,+5.5,+4.0,+17.0,+16.9,+20.5,+20.5,+20.6,+20.7,+20.6,+20.5,+20.7
2023-07-21 13:10,3,+19.2,+0.0,+5.5,+4.0,+17.0,+16.9,+20.6,+20.6,+20.6,+20.8,+20.6,+20.5,+20.6
2023-07-21 14:10,3,+19.1,+0.0,+5.4,+3.9,+17.0,+16.9,+20.6,+20.6,+20.6,+20.8,+20.6,+20.5,+20.6
2023-07-21 15:10,3,+19.5,+0.0,+5.3,+3.9,+16.9,+16.9,+20.6,+20.6,+20.6,+20.8,+20.6,+20.6,+20.7
2023-07-21 16:10,3,+19.1,+0.0,+5.2,+3.8,+16.9,+16.8,+20.7,+20.7,+20.6,+20.7,+20.6,+20.5,+20.6
2023-07-21 17:10,3,+19.0,+0.0,+5.1,+3.8,+16.9,+16.8,+20.6,+20.7,+20.6,+20.7,+20.6,+20.5,+20.6
2023-07-21 18:10,3,+18.9,+0.0,+5.1,+3.6,+16.8,+16.7,+20.6,+20.7,+20.6,+20.7,+20.6,+20.5,+20.6
2023-07-21 19:10,3,+18.9,+0.0,+5.0,+3.6,+16.8,+16.7,+20.6,+20.7,+20.7,+20.8,+20.6,+20.6,+20.6
2023-07-21 20:10,3,+21.0,+0.0,+5.0,+3.7,+16.8,+16.7,+20.5,+20.7,+20.7,+20.8,+20.6,+20.6,+20.6
2023-07-21 21:10,3,+20.4,+0.0,+4.9,+3.5,+16.7,+16.7,+20.5,+20.7,+20.7,+20.8,+20.6,+20.6,+20.7
2023-07-21 22:10,3,+20.1,+0.0,+4.8,+3.6,+16.8,+16.7,+20.5,+20.7,+20.7,+20.8,+20.6,+20.5,+20.6
2023-07-21 23:10,3,+19.9,+0.0,+4.8,+3.6,+16.7,+16.7,+20.5,+20.7,+20.7,+20.8,+20.6,+20.5,+20.6
2023-07-22 00:10,3,+19.8,+0.0,+4.8,+3.5,+16.7,+16.7,+20.3,+20.7,+20.7,+20.8,+20.6,+20.5,+20.6
2023-07-22 01:10,3,+19.9,+0.0,+4.8,+3.6,+16.7,+16.7,+20.3,+20.7,+20.7,+20.8,+20.6,+20.6,+20.6
2023-07-22 02:10,3,+19.9,+0.0,+4.8,+3.6,+16.7,+16.7,+20.3,+20.7,+20.7,+20.8,+20.6,+20.6,+20.7
2023-07-22 03:10,3,+19.9,+0.0,+4.8,+3.5,+16.7,+16.6,+20.2,+20.6,+20.7,+20.7,+20.6,+20.6,+20.7
2023-07-22 04:10,3,+20.0,+0.0,+4.8,+3.6,+16.7,+16.7,+20.2,+20.7,+20.7,+20.8,+20.6,+20.6,+20.6
2023-07-22 05:10,3,+20.0,+0.0,+4.8,+3.5,+16.7,+16.6,+20.2,+20.6,+20.8,+20.8,+20.6,+20.5,+20.6
2023-07-22 06:10,3,+20.2,+0.0,+4.8,+3.4,+16.7,+16.6,+20.3,+20.7,+20.7,+20.8,+20.6,+20.5,+20.6
2023-07-22 07:10,3,+20.4,+0.0,+4.8,+3.6,+16.7,+16.7,+20.3,+20.6,+20.7,+20.8,+20.6,+20.6,+20.6
2023-07-22 08:10,3,+20.4,+0.0,+4.8,+3.6,+16.7,+16.6,+20.3,+20.7,+20.7,+20.8,+20.6,+20.6,+20.6
2023-07-22 09:10,3,+20.5,+0.0,+4.7,+3.4,+16.7,+16.6,+20.3,+20.7,+20.7,+20.8,+20.6,+20.5,+20.6
2023-07-22 10:10,3,+20.4,+0.0,+4.7,+3.5,+16.7,+16.6,+20.3,+20.6,+20.7,+20.8,+20.6,+20.6,+20.7
2023-07-22 11:10,3,+20.5,+0.0,+4.7,+3.5,+16.7,+16.6,+20.3,+20.7,+20.7,+20.8,+20.6,+20.5,+20.7
2023-07-22 12:10,3,+20.4,+0.0,+4.7,+3.4,+16.6,+16.6,+20.5,+20.7,+20.7,+20.8,+20.6,+20.6,+20.7
2023-07-22 13:10,3,+20.5,+0.0,+4.7,+3.5,+16.7,+16.6,+20.6,+20.7,+20.7,+20.8,+20.6,+20.6,+20.6
2023-07-22 14:10,3,+20.5,+0.0,+4.6,+3.5,+16.7,+16.6,+20.6,+20.7,+20.8,+20.8,+20.7,+20.6,+20.6
2023-07-22 15:10,3,+20.4,+0.0,+4.6,+3.5,+16.7,+16.6,+20.6,+20.7,+20.7,+20.8,+20.7,+20.6,+20.7
2023-07-22 16:10,3,+20.5,+0.0,+4.6,+3.4,+16.6,+16.6,+20.6,+20.7,+20.8,+21.0,+20.6,+20.6,+20.6
2023-07-22 17:10,3,+20.4,+0.0,+4.6,+3.4,+16.6,+16.6,+20.6,+20.7,+20.8,+20.8,+20.6,+20.6,+20.6
2023-07-22 18:10,3,+20.5,+0.0,+4.5,+3.3,+16.6,+16.6,+20.5,+20.8,+20.8,+20.8,+20.6,+20.6,+20.7
2023-07-22 19:10,3,+20.4,+0.0,+4.5,+3.3,+16.6,+16.6,+20.5,+20.7,+20.8,+21.0,+20.6,+20.6,+20.7
2023-07-22 20:10,3,+20.4,+0.0,+4.5,+3.3,+16.6,+16.6,+20.3,+20.7,+20.8,+20.8,+20.6,+20.6,+20.7
2023-07-22 21:10,3,+20.4,+0.0,+4.5,+3.4,+16.6,+16.6,+20.3,+20.7,+20.7,+21.0,+20.7,+20.6,+20.6
2023-07-22 22:10,3,+20.4,+0.0,+4.5,+3.4,+16.6,+16.6,+20.3,+20.7,+20.8,+21.0,+20.6,+20.6,+20.7
2023-07-22 23:10,3,+20.4,+0.0,+4.5,+3.3,+16.6,+16.6,+20.2,+20.7,+20.8,+20.8,+20.6,+20.6,+20.6
2023-07-23 00:10,3,+20.4,+0.0,+4.5,+3.3,+16.6,+16.6,+20.0,+20.7,+20.7,+21.0,+20.6,+20.6,+20.6
2023-07-23 01:10,3,+20.4,+0.0,+4.5,+3.3,+16.6,+16.6,+19.8,+20.7,+20.8,+21.0,+20.6,+20.6,+20.6
2023-07-23 02:10,3,+20.3,+0.0,+4.5,+3.3,+16.6,+16.6,+19.8,+20.6,+20.8,+20.8,+20.6,+20.6,+20.7
2023-07-23 03:10,3,+20.3,+0.0,+4.5,+3.3,+16.6,+16.6,+19.7,+20.6,+20.8,+20.8,+20.6,+20.6,+20.7
2023-07-23 04:10,3,+20.3,+0.0,+4.4,+3.3,+16.6,+16.6,+19.6,+20.5,+20.8,+21.0,+20.7,+20.6,+20.7
2023-07-23 05:10,3,+20.3,+0.0,+4.4,+3.3,+16.6,+16.6,+19.5,+20.5,+20.7,+21.0,+20.6,+20.6,+20.6
2023-07-23 06:10,3,+20.3,+0.0,+4.4,+3.3,+16.6,+16.6,+19.5,+20.5,+20.7,+21.0,+20.6,+20.6,+20.6
2023-07-23 07:10,3,+20.2,+0.0,+4.4,+3.2,+16.6,+16.6,+19.3,+20.3,+20.8,+21.0,+20.6,+20.6,+20.7
2023-07-23 08:10,3,+20.2,+0.0,+4.3,+3.2,+16.5,+16.6,+19.3,+20.3,+20.7,+21.0,+20.7,+20.6,+20.6
2023-07-23 09:10,3,+20.2,+0.0,+4.3,+3.3,+16.6,+16.6,+19.5,+20.2,+20.7,+21.0,+20.7,+20.6,+20.6
2023-07-23 10:10,3,+20.2,+0.0,+4.3,+3.3,+16.6,+16.6,+19.6,+20.2,+20.7,+21.0,+20.7,+20.6,+20.6
2023-07-23 11:10,3,+20.1,+0.0,+4.2,+3.2,+16.5,+16.5,+19.8,+20.2,+20.7,+21.0,+20.7,+20.6,+20.6
2023-07-23 12:10,3,+20.0,+0.0,+4.2,+3.2,+16.5,+16.5,+20.1,+20.3,+20.6,+21.0,+20.7,+20.6,+20.7
2023-07-23 13:10,3,+20.0,+0.0,+4.2,+3.2,+16.5,+16.5,+20.1,+20.3,+20.6,+21.0,+20.6,+20.6,+20.7
2023-07-23 14:10,3,+19.8,+0.0,+4.2,+3.3,+16.5,+16.5,+20.2,+20.3,+20.7,+21.0,+20.7,+20.6,+20.7
2023-07-23 15:10,3,+20.0,+0.0,+4.2,+3.3,+16.5,+16.5,+20.3,+20.5,+20.6,+21.0,+20.6,+20.6,+20.7
2023-07-23 16:10,3,+19.8,+0.0,+4.2,+3.1,+16.5,+16.5,+20.3,+20.5,+20.6,+21.0,+20.6,+20.6,+20.6
2023-07-23 17:10,3,+20.1,+0.0,+4.2,+3.1,+16.5,+16.5,+20.2,+20.5,+20.7,+21.0,+20.7,+20.6,+20.6
2023-07-23 18:10,3,+21.9,+0.0,+4.2,+3.1,+16.5,+16.5,+20.1,+20.5,+20.7,+21.0,+20.7,+20.6,+20.7
2023-07-23 19:10,3,+21.7,+0.0,+4.2,+3.2,+16.5,+16.5,+20.0,+20.5,+20.7,+21.0,+20.7,+20.6,+20.7
2023-07-23 20:10,3,+21.6,+0.0,+4.1,+3.2,+16.5,+16.5,+20.0,+20.5,+20.7,+21.0,+20.7,+20.6,+20.7
2023-07-23 21:10,3,+21.5,+0.0,+4.1,+3.1,+16.5,+16.5,+20.0,+20.5,+20.7,+20.8,+20.7,+20.6,+20.7
2023-07-23 22:10,3,+21.4,+0.0,+4.1,+3.1,+16.5,+16.5,+20.0,+20.5,+20.7,+21.0,+20.7,+20.6,+20.7
2023-07-23 23:10,3,+21.3,+0.0,+4.1,+3.2,+16.5,+16.5,+19.8,+20.5,+20.7,+20.8,+20.7,+20.6,+20.6
2023-07-24 00:10,3,+21.3,+0.0,+4.1,+3.1,+16.5,+16.5,+19.8,+20.5,+20.7,+21.0,+20.7,+20.6,+20.7
2023-07-24 01:10,3,+21.3,+0.0,+4.1,+3.1,+16.5,+16.5,+19.8,+20.3,+20.7,+20.8,+20.6,+20.6,+20.6
2023-07-24 02:10,3,+21.3,+0.0,+4.1,+3.2,+16.5,+16.5,+19.8,+20.3,+20.6,+20.8,+20.7,+20.6,+20.6
2023-07-24 03:10,3,+21.3,+0.0,+4.1,+3.1,+16.5,+16.4,+19.8,+20.3,+20.6,+20.8,+20.6,+20.6,+20.7
2023-07-24 04:10,3,+22.6,+0.0,+4.1,+3.2,+16.5,+16.5,+19.8,+20.5,+20.7,+20.8,+20.7,+20.6,+20.7
2023-07-24 05:10,3,+22.9,+0.0,+4.1,+3.2,+16.5,+16.5,+19.8,+20.3,+20.6,+20.8,+20.7,+20.6,+20.7
2023-07-24 06:10,3,+23.3,+0.0,+4.0,+3.0,+16.4,+16.4,+19.8,+20.3,+20.6,+21.0,+20.7,+20.6,+20.7
2023-07-24 07:10,3,+23.1,+0.0,+4.0,+3.1,+16.5,+16.5,+19.8,+20.3,+20.6,+20.8,+20.7,+20.6,+20.7
2023-07-24 08:10,3,+25.7,+0.0,+4.0,+3.1,+16.4,+16.4,+19.8,+20.2,+20.6,+20.8,+20.6,+20.6,+20.7
2023-07-24 09:10,3,+24.1,+0.0,+4.0,+3.0,+16.4,+16.4,+19.8,+20.3,+20.6,+20.8,+20.6,+20.6,+20.7
2023-07-24 10:10,3,+23.8,+0.0,+4.2,+3.1,+16.5,+16.5,+19.8,+20.3,+20.6,+20.8,+20.7,+20.6,+20.6
2023-07-24 11:10,3,+23.1,+0.0,+4.3,+3.0,+16.4,+16.4,+19.8,+20.3,+20.6,+20.8,+20.7,+20.6,+20.7
2023-07-24 12:10,3,+23.0,+0.0,+4.5,+3.1,+16.5,+16.5,+19.8,+20.3,+20.7,+20.8,+20.6,+20.6,+20.7
2023-07-24 13:10,3,+23.1,+0.0,+4.5,+3.0,+16.4,+16.4,+19.7,+20.3,+20.6,+20.8,+20.7,+20.6,+20.7
2023-07-24 14:10,3,+22.6,+0.0,+4.6,+3.1,+16.5,+16.5,+19.8,+20.3,+20.6,+20.8,+20.7,+20.6,+20.7
2023-07-24 15:10,3,+22.4,+0.0,+4.6,+3.0,+16.4,+16.4,+19.8,+20.3,+20.6,+20.8,+20.6,+20.6,+20.7
2023-07-24 16:10,3,+22.3,+0.0,+4.6,+3.0,+16.4,+16.4,+19.8,+20.3,+20.6,+20.8,+20.7,+20.6,+20.6
2023-07-24 17:10,3,+22.4,+0.0,+4.6,+3.0,+16.4,+16.4,+19.8,+20.3,+20.6,+20.8,+20.6,+20.6,+20.6
2023-07-24 18:10,3,+22.3,+0.0,+4.6,+3.1,+16.4,+16.4,+19.7,+20.3,+20.6,+20.8,+20.6,+20.6,+20.6
2023-07-24 19:10,3,+22.3,+0.0,+4.6,+3.2,+16.5,+16.5,+19.7,+20.3,+20.6,+20.8,+20.7,+20.6,+20.6
2023-07-24 20:10,3,+22.3,+0.0,+4.6,+3.2,+16.5,+16.5,+19.7,+20.3,+20.6,+20.8,+20.7,+20.6,+20.7
2023-07-24 21:10,3,+22.2,+0.0,+4.7,+3.1,+16.5,+16.5,+19.6,+20.3,+20.6,+20.8,+20.6,+20.6,+20.7
2023-07-24 22:10,3,+22.1,+0.0,+4.7,+3.1,+16.5,+16.4,+19.5,+20.3,+20.6,+20.8,+20.6,+20.6,+20.7
2023-07-24 23:10,3,+22.1,+0.0,+4.7,+3.2,+16.5,+16.5,+19.5,+20.2,+20.6,+20.8,+20.6,+20.6,+20.7
2023-07-25 00:10,3,+22.0,+0.0,+4.8,+3.1,+16.5,+16.5,+19.6,+20.2,+20.6,+20.8,+20.6,+20.6,+20.6
2023-07-25 01:10,3,+21.9,+0.0,+4.7,+3.2,+16.5,+16.5,+19.6,+20.2,+20.6,+20.8,+20.7,+20.6,+20.6
2023-07-25 02:10,3,+24.0,+0.0,+4.8,+3.3,+16.5,+16.5,+19.6,+20.2,+20.6,+20.8,+20.6,+20.6,+20.7
2023-07-25 03:10,3,+26.7,+0.0,+5.6,+3.1,+16.5,+16.5,+19.5,+20.2,+20.5,+20.8,+20.6,+20.6,+20.7
2023-07-25 04:10,3,+25.9,+0.0,+6.4,+3.2,+16.5,+16.5,+19.5,+20.1,+20.5,+20.8,+20.7,+20.6,+20.7
2023-07-25 05:10,3,+24.2,+0.0,+6.8,+3.3,+16.5,+16.5,+19.5,+20.1,+20.5,+20.8,+20.6,+20.6,+20.7
2023-07-25 06:10,3,+23.6,+0.0,+6.7,+3.5,+16.5,+16.5,+19.5,+20.1,+20.5,+20.8,+20.6,+20.6,+20.7
2023-07-25 07:10,3,+23.4,+0.0,+6.7,+3.5,+16.5,+16.5,+19.3,+20.1,+20.5,+20.8,+20.6,+20.6,+20.7
2023-07-25 08:10,3,+23.3,+0.0,+6.6,+3.8,+16.6,+16.5,+19.5,+20.1,+20.5,+20.8,+20.6,+20.6,+20.7
2023-07-25 09:10,3,+23.1,+0.0,+6.6,+3.8,+16.7,+16.6,+19.5,+20.1,+20.5,+20.8,+20.6,+20.6,+20.7
2023-07-25 10:10,3,+22.9,+0.0,+6.5,+3.8,+16.7,+16.6,+19.5,+20.1,+20.5,+20.8,+20.6,+20.6,+20.7
2023-07-25 11:10,3,+22.7,+0.0,+6.4,+3.8,+16.7,+16.6,+19.6,+20.1,+20.5,+20.8,+20.7,+20.6,+20.7
2023-07-25 12:10,3,+22.5,+0.0,+6.3,+3.9,+16.8,+16.6,+19.5,+20.1,+20.5,+20.8,+20.6,+20.6,+20.7
2023-07-25 13:10,3,+22.3,+0.0,+6.1,+3.8,+16.7,+16.6,+19.6,+20.1,+20.5,+20.8,+20.7,+20.6,+20.7
2023-07-25 14:10,3,+22.2,+0.0,+6.1,+3.9,+16.8,+16.7,+19.6,+20.1,+20.5,+20.8,+20.6,+20.6,+20.7
2023-07-25 15:10,3,+22.1,+0.0,+6.0,+3.8,+16.8,+16.7,+19.6,+20.1,+20.5,+20.8,+20.6,+20.6,+20.7
2023-07-25 16:10,3,+22.0,+0.0,+5.9,+3.7,+16.8,+16.6,+19.7,+20.1,+20.3,+20.8,+20.6,+20.6,+20.7
2023-07-25 17:10,3,+22.2,+0.0,+5.9,+3.8,+16.8,+16.7,+19.6,+20.1,+20.5,+20.8,+20.7,+20.6,+20.7
2023-07-25 18:10,3,+22.0,+0.0,+5.8,+3.7,+16.8,+16.7,+19.6,+20.1,+20.5,+20.8,+20.7,+20.6,+20.7
2023-07-25 19:10,3,+22.2,+0.0,+5.8,+3.8,+16.9,+16.7,+19.6,+20.2,+20.5,+20.8,+20.6,+20.6,+20.7
2023-07-25 20:10,3,+22.2,+0.0,+5.7,+3.8,+16.8,+16.7,+19.6,+20.2,+20.5,+20.8,+20.6,+20.6,+20.7
2023-07-25 21:10,3,+22.4,+0.0,+5.7,+3.7,+16.9,+16.7,+19.6,+20.1,+20.5,+20.8,+20.6,+20.6,+20.7
2023-07-25 22:10,3,+22.4,+0.0,+5.7,+3.7,+16.9,+16.7,+19.5,+20.1,+20.5,+20.8,+20.6,+20.6,+20.7
2023-07-25 23:10,3,+22.5,+0.0,+5.6,+3.6,+16.8,+16.7,+19.3,+20.1,+20.5,+20.7,+20.6,+20.6,+20.7
2023-07-26 00:10,3,+22.5,+0.0,+5.6,+3.6,+16.8,+16.7,+19.5,+20.1,+20.3,+20.8,+20.6,+20.6,+20.6
2023-07-26 01:10,3,+22.3,+0.0,+5.5,+3.7,+16.9,+16.7,+19.3,+20.1,+20.5,+20.8,+20.6,+20.6,+20.7
2023-07-26 02:10,3,+22.5,+0.0,+5.5,+3.7,+16.9,+16.7,+19.2,+20.1,+20.5,+20.7,+20.6,+20.6,+20.6
2023-07-26 03:10,3,+22.2,+0.0,+5.5,+3.6,+16.8,+16.7,+19.1,+20.1,+20.5,+20.8,+20.6,+20.6,+20.7
2023-07-26 04:10,3,+22.2,+0.0,+5.5,+3.7,+16.9,+16.7,+19.1,+20.0,+20.5,+20.7,+20.6,+20.6,+20.7
2023-07-26 05:10,3,+22.1,+0.0,+5.5,+3.6,+16.8,+16.7,+19.0,+20.0,+20.5,+20.8,+20.6,+20.6,+20.7
2023-07-26 06:10,3,+22.3,+0.0,+5.4,+3.6,+16.9,+16.7,+19.0,+20.0,+20.5,+20.7,+20.6,+20.6,+20.7
2023-07-26 07:10,3,+22.4,+0.0,+5.4,+3.6,+16.8,+16.7,+19.0,+19.8,+20.5,+20.7,+20.6,+20.5,+20.7
2023-07-26 08:10,3,+22.3,+0.0,+5.4,+3.5,+16.7,+16.7,+19.1,+19.8,+20.3,+20.8,+20.6,+20.6,+20.7
2023-07-26 09:10,3,+22.3,+0.0,+5.4,+3.5,+16.7,+16.7,+19.2,+19.8,+20.3,+20.7,+20.6,+20.6,+20.6
2023-07-26 10:10,3,+22.3,+0.0,+5.3,+3.6,+16.8,+16.7,+19.3,+19.8,+20.3,+20.7,+20.6,+20.6,+20.7
2023-07-26 11:10,3,+22.3,+0.0,+5.3,+3.6,+16.8,+16.7,+19.5,+19.8,+20.3,+20.7,+20.6,+20.6,+20.7
2023-07-26 12:10,3,+22.4,+0.0,+5.3,+3.6,+16.8,+16.7,+19.6,+20.0,+20.3,+20.7,+20.6,+20.6,+20.7
2023-07-26 13:10,3,+22.2,+0.0,+5.3,+3.5,+16.7,+16.7,+19.6,+20.0,+20.3,+20.7,+20.6,+20.6,+20.6
2023-07-26 14:10,3,+22.2,+0.0,+5.3,+3.6,+16.8,+16.7,+19.7,+20.0,+20.3,+20.7,+20.6,+20.6,+20.7
2023-07-26 15:10,3,+22.1,+0.0,+5.3,+3.4,+16.7,+16.7,+19.7,+20.0,+20.3,+20.7,+20.6,+20.6,+20.6
2023-07-26 16:10,3,+22.0,+0.0,+5.2,+3.4,+16.7,+16.7,+19.7,+20.0,+20.3,+20.7,+20.6,+20.6,+20.6
2023-07-26 17:10,3,+22.0,+0.0,+5.2,+3.4,+16.7,+16.7,+19.7,+20.1,+20.3,+20.7,+20.6,+20.6,+20.6
2023-07-26 18:10,3,+22.1,+0.0,+5.2,+3.4,+16.7,+16.7,+19.8,+20.1,+20.3,+20.7,+20.6,+20.6,+20.6
2023-07-26 19:10,3,+21.9,+0.0,+5.1,+3.4,+16.7,+16.7,+19.7,+20.1,+20.3,+20.7,+20.6,+20.5,+20.6
2023-07-26 20:10,3,+21.9,+0.0,+5.1,+3.5,+16.8,+16.7,+19.7,+20.1,+20.3,+20.7,+20.6,+20.6,+20.6
2023-07-26 21:10,3,+21.8,+0.0,+5.1,+3.5,+16.8,+16.7,+19.6,+20.1,+20.3,+20.7,+20.6,+20.5,+20.7
2023-07-26 22:10,3,+21.9,+0.0,+5.1,+3.4,+16.7,+16.7,+19.6,+20.1,+20.3,+20.7,+20.6,+20.6,+20.7
2023-07-26 23:10,3,+21.6,+0.0,+5.1,+3.5,+16.8,+16.7,+19.5,+20.1,+20.3,+20.7,+20.6,+20.6,+20.6
2023-07-27 00:10,3,+21.6,+0.0,+5.1,+3.5,+16.8,+16.7,+19.5,+20.1,+20.3,+20.7,+20.6,+20.5,+20.6
2023-07-27 01:10,3,+21.6,+0.0,+5.1,+3.4,+16.7,+16.7,+19.6,+20.1,+20.3,+20.7,+20.6,+20.5,+20.6
2023-07-27 02:10,3,+21.6,+0.0,+5.1,+3.5,+16.7,+16.7,+19.5,+20.1,+20.3,+20.7,+20.6,+20.5,+20.6
2023-07-27 03:10,3,+21.5,+0.0,+5.1,+3.4,+16.7,+16.7,+19.5,+20.1,+20.3,+20.7,+20.6,+20.6,+20.6
2023-07-27 04:10,3,+21.6,+0.0,+5.1,+3.4,+16.7,+16.7,+19.5,+20.1,+20.3,+20.7,+20.6,+20.6,+20.6
2023-07-27 05:10,3,+21.7,+0.0,+5.1,+3.5,+16.8,+16.7,+19.5,+20.1,+20.3,+20.7,+20.6,+20.5,+20.6
2023-07-27 06:10,3,+24.9,+0.0,+5.1,+3.5,+16.8,+16.7,+19.5,+20.1,+20.3,+20.7,+20.6,+20.5,+20.6
2023-07-27 07:10,3,+26.7,+0.0,+5.3,+3.5,+16.8,+16.7,+19.1,+20.0,+20.3,+20.7,+20.6,+20.5,+20.7
2023-07-27 08:10,3,+25.0,+0.0,+6.4,+3.4,+16.7,+16.7,+19.2,+19.8,+20.3,+20.7,+20.6,+20.5,+20.7
2023-07-27 09:10,3,+24.1,+0.0,+6.5,+3.6,+16.8,+16.7,+19.3,+20.0,+20.3,+20.7,+20.5,+20.6,+20.6
2023-07-27 10:10,3,+23.7,+0.0,+6.3,+3.6,+16.7,+16.7,+19.5,+20.0,+20.3,+20.7,+20.6,+20.5,+20.6
2023-07-27 11:10,3,+23.4,+0.0,+6.3,+3.6,+16.7,+16.7,+19.6,+20.0,+20.3,+20.7,+20.6,+20.6,+20.6
2023-07-27 12:10,3,+23.1,+0.0,+6.2,+3.8,+16.8,+16.7,+19.6,+20.0,+20.3,+20.7,+20.6,+20.5,+20.7
2023-07-27 13:10,3,+23.0,+0.0,+6.2,+3.6,+16.7,+16.7,+19.7,+20.0,+20.2,+20.7,+20.6,+20.5,+20.6
2023-07-27 14:10,3,+22.9,+0.0,+6.1,+3.6,+16.7,+16.7,+19.8,+20.0,+20.3,+20.7,+20.6,+20.6,+20.6
2023-07-27 15:10,3,+22.7,+0.0,+6.1,+3.8,+16.8,+16.7,+19.8,+20.1,+20.3,+20.7,+20.5,+20.5,+20.6
2023-07-27 16:10,3,+22.7,+0.0,+6.0,+3.8,+16.8,+16.7,+19.8,+20.1,+20.3,+20.7,+20.6,+20.6,+20.6
2023-07-27 17:10,3,+22.7,+0.0,+6.0,+3.6,+16.8,+16.7,+19.8,+20.1,+20.3,+20.7,+20.6,+20.5,+20.6
2023-07-27 18:10,3,+22.6,+0.0,+5.9,+3.6,+16.8,+16.7,+19.8,+20.1,+20.3,+20.7,+20.6,+20.6,+20.6
2023-07-27 19:10,3,+22.5,+0.0,+5.9,+3.7,+16.8,+16.7,+19.8,+20.1,+20.3,+20.7,+20.5,+20.5,+20.6
2023-07-27 20:10,3,+22.5,+0.0,+5.9,+3.6,+16.8,+16.7,+19.8,+20.1,+20.3,+20.7,+20.6,+20.6,+20.6
2023-07-27 21:10,3,+22.5,+0.0,+5.9,+3.6,+16.8,+16.7,+19.7,+20.2,+20.3,+20.7,+20.6,+20.5,+20.7
2023-07-27 22:10,3,+22.5,+0.0,+5.8,+3.6,+16.8,+16.7,+19.7,+20.2,+20.3,+20.7,+20.5,+20.5,+20.6
2023-07-27 23:10,3,+22.4,+0.0,+5.8,+3.7,+16.9,+16.7,+19.7,+20.2,+20.3,+20.7,+20.5,+20.5,+20.7
2023-07-28 00:10,3,+22.4,+0.0,+5.8,+3.7,+16.9,+16.7,+19.7,+20.2,+20.3,+20.7,+20.6,+20.5,+20.6
2023-07-28 01:10,3,+22.4,+0.0,+5.8,+3.7,+16.9,+16.7,+19.6,+20.2,+20.3,+20.7,+20.6,+20.5,+20.6
2023-07-28 02:10,3,+22.4,+0.0,+5.8,+3.6,+16.8,+16.7,+19.6,+20.2,+20.5,+20.7,+20.6,+20.6,+20.6
2023-07-28 03:10,3,+22.3,+0.0,+5.8,+3.6,+16.8,+16.7,+19.5,+20.2,+20.3,+20.7,+20.6,+20.6,+20.6
2023-07-28 04:10,3,+22.4,+0.0,+5.7,+3.6,+16.8,+16.7,+19.5,+20.1,+20.3,+20.7,+20.6,+20.5,+20.7
2023-07-28 05:10,3,+22.3,+0.0,+5.7,+3.6,+16.8,+16.7,+19.3,+20.1,+20.3,+20.7,+20.5,+20.5,+20.6
2023-07-28 06:10,3,+22.3,+0.0,+5.7,+3.7,+16.9,+16.8,+19.3,+20.1,+20.3,+20.7,+20.6,+20.5,+20.6
2023-07-28 07:10,3,+22.2,+0.0,+5.7,+3.6,+16.8,+16.7,+19.5,+20.1,+20.3,+20.6,+20.5,+20.5,+20.6
2023-07-28 08:10,3,+22.3,+0.0,+5.6,+3.6,+16.9,+16.7,+19.5,+20.1,+20.3,+20.7,+20.6,+20.5,+20.6
2023-07-28 09:10,3,+22.2,+0.0,+5.6,+3.6,+16.9,+16.7,+19.7,+20.1,+20.3,+20.7,+20.5,+20.5,+20.6
2023-07-28 10:10,3,+22.2,+0.0,+5.6,+3.6,+16.9,+16.7,+19.7,+20.1,+20.5,+20.7,+20.5,+20.5,+20.6
2023-07-28 11:10,3,+22.1,+0.0,+5.5,+3.5,+16.8,+16.7,+20.0,+20.1,+20.3,+20.7,+20.5,+20.5,+20.6
2023-07-28 12:10,3,+22.0,+0.0,+5.5,+3.6,+16.8,+16.7,+20.1,+20.1,+20.3,+20.7,+20.5,+20.5,+20.6
2023-07-28 13:10,3,+22.0,+0.0,+5.5,+3.5,+16.8,+16.7,+20.2,+20.2,+20.3,+20.7,+20.6,+20.5,+20.6
2023-07-28 14:10,3,+21.9,+0.0,+5.5,+3.5,+16.8,+16.7,+20.2,+20.2,+20.5,+20.7,+20.6,+20.5,+20.6
2023-07-28 15:10,3,+21.9,+0.0,+5.4,+3.6,+16.8,+16.7,+20.3,+20.3,+20.5,+20.7,+20.6,+20.5,+20.6
2023-07-28 16:10,3,+21.9,+0.0,+5.4,+3.5,+16.8,+16.7,+20.5,+20.3,+20.5,+20.7,+20.6,+20.5,+20.6
2023-07-28 17:10,3,+21.9,+0.0,+5.4,+3.4,+16.8,+16.7,+20.5,+20.3,+20.5,+20.7,+20.6,+20.5,+20.6
2023-07-28 18:10,3,+21.9,+0.0,+5.4,+3.4,+16.8,+16.7,+20.5,+20.3,+20.5,+20.7,+20.6,+20.5,+20.6
2023-07-28 19:10,3,+21.9,+0.0,+5.4,+3.6,+16.8,+16.7,+20.5,+20.5,+20.5,+20.7,+20.6,+20.5,+20.6
2023-07-28 20:10,3,+21.8,+0.0,+5.4,+3.4,+16.8,+16.7,+20.5,+20.5,+20.5,+20.7,+20.5,+20.5,+20.6
2023-07-28 21:10,3,+21.8,+0.0,+5.4,+3.4,+16.8,+16.7,+20.5,+20.5,+20.5,+20.7,+20.6,+20.5,+20.6
2023-07-28 22:10,3,+22.8,+0.0,+5.4,+3.4,+16.8,+16.7,+20.3,+20.5,+20.5,+20.7,+20.5,+20.5,+20.6
2023-07-28 23:10,3,+23.2,+0.0,+5.4,+3.5,+16.8,+16.7,+20.3,+20.5,+20.6,+20.7,+20.6,+20.5,+20.6
2023-07-29 00:10,3,+24.5,+0.0,+5.4,+3.4,+16.7,+16.7,+20.3,+20.6,+20.6,+20.7,+20.5,+20.5,+20.6
2023-07-29 01:10,3,+24.0,+0.0,+5.4,+3.4,+16.7,+16.7,+20.3,+20.6,+20.6,+20.7,+20.5,+20.5,+20.6
2023-07-29 02:10,3,+23.9,+0.0,+5.4,+3.4,+16.7,+16.7,+20.3,+20.5,+20.5,+20.7,+20.5,+20.5,+20.6
2023-07-29 03:10,3,+23.7,+0.0,+5.4,+3.5,+16.8,+16.7,+20.3,+20.6,+20.6,+20.7,+20.6,+20.5,+20.6
2023-07-29 04:10,3,+23.6,+0.0,+5.4,+3.5,+16.8,+16.7,+20.2,+20.5,+20.6,+20.7,+20.6,+20.5,+20.6
2023-07-29 05:10,3,+23.5,+0.0,+5.4,+3.4,+16.8,+16.7,+20.2,+20.5,+20.6,+20.7,+20.5,+20.5,+20.6
2023-07-29 06:10,3,+23.5,+0.0,+5.3,+3.5,+16.8,+16.7,+20.2,+20.5,+20.6,+20.8,+20.6,+20.5,+20.6
2023-07-29 07:10,3,+23.4,+0.0,+5.3,+3.5,+16.8,+16.7,+20.2,+20.6,+20.6,+20.7,+20.6,+20.5,+20.6
2023-07-29 08:10,3,+23.3,+0.0,+5.3,+3.4,+16.8,+16.7,+20.3,+20.5,+20.6,+20.7,+20.6,+20.5,+20.6
2023-07-29 09:10,3,+23.2,+0.0,+5.3,+3.5,+16.8,+16.7,+20.5,+20.6,+20.6,+20.7,+20.6,+20.5,+20.6
2023-07-29 10:10,3,+23.0,+0.0,+5.3,+3.5,+16.8,+16.7,+20.5,+20.6,+20.6,+20.7,+20.6,+20.5,+20.6
2023-07-29 11:10,3,+22.9,+0.0,+5.3,+3.4,+16.7,+16.7,+20.6,+20.6,+20.6,+20.7,+20.6,+20.5,+20.6
2023-07-29 12:10,3,+22.9,+0.0,+5.3,+3.5,+16.8,+16.7,+20.7,+20.6,+20.6,+20.8,+20.5,+20.5,+20.6
2023-07-29 13:10,3,+22.8,+0.0,+5.3,+3.5,+16.8,+16.7,+20.7,+20.7,+20.6,+20.8,+20.6,+20.5,+20.6
2023-07-29 14:10,3,+22.8,+0.0,+5.3,+3.4,+16.7,+16.7,+20.8,+20.7,+20.7,+20.8,+20.6,+20.5,+20.6
2023-07-29 15:10,3,+22.9,+0.0,+5.3,+3.4,+16.7,+16.7,+20.8,+20.7,+20.6,+20.8,+20.6,+20.5,+20.6
2023-07-29 16:10,3,+22.7,+0.0,+5.3,+3.5,+16.8,+16.7,+20.7,+20.7,+20.7,+20.7,+20.6,+20.5,+20.6
2023-07-29 17:10,3,+22.7,+0.0,+5.3,+3.5,+16.8,+16.7,+20.7,+20.8,+20.7,+20.7,+20.6,+20.5,+20.6
2023-07-29 18:10,3,+22.7,+0.0,+5.3,+3.4,+16.7,+16.6,+20.7,+20.8,+20.7,+20.8,+20.6,+20.5,+20.6
2023-07-29 19:10,3,+22.6,+0.0,+5.3,+3.4,+16.7,+16.6,+20.6,+20.8,+20.7,+20.8,+20.6,+20.5,+20.6
2023-07-29 20:10,3,+22.8,+0.0,+5.3,+3.5,+16.8,+16.7,+20.6,+20.8,+20.7,+20.8,+20.6,+20.5,+20.6
2023-07-29 21:10,3,+22.7,+0.0,+5.2,+3.4,+16.7,+16.6,+20.5,+20.7,+20.7,+20.8,+20.6,+20.5,+20.6
2023-07-29 22:10,3,+22.6,+0.0,+5.2,+3.4,+16.7,+16.7,+20.5,+20.8,+20.7,+20.8,+20.6,+20.5,+20.6
2023-07-29 23:10,3,+22.6,+0.0,+5.2,+3.4,+16.7,+16.6,+20.5,+20.7,+20.7,+20.8,+20.6,+20.5,+20.6
2023-07-30 00:10,3,+22.6,+0.0,+5.2,+3.3,+16.7,+16.6,+20.5,+20.8,+20.7,+20.8,+20.6,+20.5,+20.6
2023-07-30 01:10,3,+22.6,+0.0,+5.2,+3.4,+16.7,+16.6,+20.3,+20.7,+20.7,+20.8,+20.6,+20.5,+20.6
2023-07-30 02:10,3,+22.5,+0.0,+5.2,+3.4,+16.7,+16.6,+20.3,+20.7,+20.7,+20.8,+20.6,+20.5,+20.6
2023-07-30 03:10,3,+22.5,+0.0,+5.2,+3.4,+16.7,+16.6,+20.3,+20.7,+20.7,+20.8,+20.6,+20.5,+20.6
2023-07-30 04:10,3,+22.5,+0.0,+5.2,+3.5,+16.8,+16.7,+20.3,+20.7,+20.8,+20.8,+20.6,+20.6,+20.6
2023-07-30 05:10,3,+22.5,+0.0,+5.2,+3.3,+16.7,+16.6,+20.3,+20.7,+20.7,+20.8,+20.6,+20.5,+20.6
2023-07-30 06:10,3,+22.5,+0.0,+5.2,+3.4,+16.8,+16.7,+20.3,+20.7,+20.7,+20.8,+20.6,+20.5,+20.6
2023-07-30 07:10,3,+22.4,+0.0,+5.2,+3.5,+16.8,+16.7,+20.3,+20.7,+20.8,+20.8,+20.6,+20.5,+20.6
2023-07-30 08:10,3,+22.4,+0.0,+5.2,+3.4,+16.8,+16.7,+20.3,+20.7,+20.7,+20.8,+20.6,+20.5,+20.6
2023-07-30 09:10,3,+22.3,+0.0,+5.2,+3.4,+16.8,+16.7,+20.5,+20.7,+20.8,+20.8,+20.6,+20.5,+20.6
2023-07-30 10:10,3,+22.3,+0.0,+5.2,+3.5,+16.8,+16.7,+20.5,+20.7,+20.8,+20.8,+20.6,+20.5,+20.6
2023-07-30 11:10,3,+22.4,+0.0,+5.2,+3.4,+16.7,+16.6,+20.6,+20.7,+20.8,+20.8,+20.6,+20.5,+20.6
2023-07-30 12:10,3,+22.5,+0.0,+5.2,+3.4,+16.8,+16.7,+20.5,+20.7,+20.7,+20.8,+20.6,+20.5,+20.6
2023-07-30 13:10,3,+22.5,+0.0,+5.2,+3.4,+16.7,+16.6,+20.5,+20.7,+20.8,+21.0,+20.6,+20.6,+20.6
2023-07-30 14:10,3,+22.5,+0.0,+5.2,+3.4,+16.7,+16.6,+20.5,+20.8,+20.8,+20.8,+20.6,+20.6,+20.6
2023-07-30 15:10,3,+22.4,+0.0,+5.2,+3.4,+16.7,+16.6,+20.5,+20.7,+20.8,+21.0,+20.6,+20.5,+20.6
2023-07-30 16:10,3,+22.5,+0.0,+5.2,+3.4,+16.7,+16.6,+20.5,+20.7,+20.8,+21.0,+20.6,+20.6,+20.6
2023-07-30 17:10,3,+22.5,+0.0,+5.3,+3.4,+16.7,+16.6,+20.5,+20.8,+20.8,+20.8,+20.6,+20.6,+20.6
2023-07-30 18:10,3,+22.5,+0.0,+5.3,+3.4,+16.7,+16.6,+20.5,+20.7,+20.8,+21.0,+20.6,+20.6,+20.6
2023-07-30 19:10,3,+22.5,+0.0,+5.3,+3.5,+16.8,+16.7,+20.5,+20.7,+20.8,+20.8,+20.6,+20.6,+20.6
2023-07-30 20:10,3,+22.5,+0.0,+5.3,+3.4,+16.7,+16.6,+20.3,+20.7,+20.8,+21.0,+20.6,+20.5,+20.6
2023-07-30 21:10,3,+22.5,+0.0,+5.3,+3.4,+16.7,+16.6,+20.3,+20.7,+20.8,+21.0,+20.6,+20.6,+20.6
2023-07-30 22:10,3,+22.5,+0.0,+5.3,+3.5,+16.8,+16.7,+20.3,+20.7,+20.8,+20.8,+20.6,+20.6,+20.6
2023-07-30 23:10,3,+22.4,+0.0,+5.3,+3.4,+16.7,+16.6,+20.3,+20.7,+20.8,+20.8,+20.6,+20.6,+20.6
2023-07-31 00:10,3,+22.4,+0.0,+5.3,+3.4,+16.7,+16.7,+20.2,+20.7,+20.8,+20.8,+20.6,+20.6,+20.6
2023-07-31 01:10,3,+22.4,+0.0,+5.3,+3.4,+16.7,+16.6,+20.2,+20.7,+20.8,+20.8,+20.7,+20.6,+20.6
2023-07-31 02:10,3,+22.4,+0.0,+5.3,+3.5,+16.8,+16.7,+20.2,+20.7,+20.8,+21.0,+20.6,+20.6,+20.6
2023-07-31 03:10,3,+22.4,+0.0,+5.3,+3.4,+16.7,+16.7,+20.2,+20.7,+20.8,+20.8,+20.6,+20.6,+20.6
2023-07-31 04:10,3,+22.4,+0.0,+5.3,+3.4,+16.7,+16.6,+20.2,+20.7,+20.7,+21.0,+20.7,+20.6,+20.7
2023-07-31 05:10,3,+22.5,+0.0,+5.3,+3.5,+16.8,+16.7,+20.2,+20.7,+20.8,+20.8,+20.7,+20.6,+20.6
2023-07-31 06:10,3,+22.5,+0.0,+5.3,+3.5,+16.8,+16.7,+20.2,+20.7,+20.8,+21.0,+20.6,+20.6,+20.6
2023-07-31 07:10,3,+22.4,+0.0,+5.3,+3.4,+16.7,+16.7,+20.2,+20.7,+20.8,+21.0,+20.7,+20.6,+20.6
2023-07-31 08:10,3,+22.4,+0.0,+5.4,+3.4,+16.7,+16.7,+20.3,+20.7,+20.8,+21.0,+20.6,+20.6,+20.6
2023-07-31 09:10,3,+22.3,+0.0,+5.3,+3.5,+16.8,+16.7,+20.3,+20.6,+20.8,+21.0,+20.7,+20.6,+20.6
2023-07-31 10:10,3,+22.3,+0.0,+5.3,+3.5,+16.8,+16.7,+20.6,+20.7,+20.8,+21.0,+20.7,+20.6,+20.6
2023-07-31 11:10,3,+22.3,+0.0,+5.3,+3.5,+16.8,+16.7,+20.6,+20.7,+20.8,+21.0,+20.6,+20.6,+20.6
2023-07-31 12:10,3,+22.3,+0.0,+5.3,+3.4,+16.7,+16.7,+20.7,+20.8,+20.8,+21.0,+20.6,+20.5,+20.6
2023-07-31 13:10,3,+22.2,+0.0,+5.3,+3.5,+16.8,+16.7,+20.7,+20.7,+20.8,+21.0,+20.7,+20.6,+20.6
2023-07-31 14:10,3,+22.2,+0.0,+5.3,+3.4,+16.7,+16.6,+20.7,+20.8,+20.8,+21.0,+20.7,+20.6,+20.7
2023-07-31 15:10,3,+22.2,+0.0,+5.3,+3.5,+16.8,+16.7,+20.7,+20.8,+20.8,+20.8,+20.7,+20.6,+20.7
2023-07-31 16:10,3,+22.3,+0.0,+5.3,+3.5,+16.8,+16.7,+20.6,+20.8,+20.8,+21.0,+20.7,+20.6,+20.6
2023-07-31 17:10,3,+22.3,+0.0,+5.3,+3.4,+16.7,+16.6,+20.6,+20.8,+20.8,+21.0,+20.7,+20.6,+20.6
2023-07-31 18:10,3,+22.3,+0.0,+5.3,+3.5,+16.8,+16.7,+20.5,+20.8,+20.8,+21.0,+20.7,+20.6,+20.7
2023-07-31 19:10,3,+22.4,+0.0,+5.3,+3.4,+16.7,+16.6,+20.5,+20.8,+20.8,+21.0,+20.6,+20.6,+20.7
2023-07-31 20:10,3,+22.5,+0.0,+5.3,+3.4,+16.7,+16.6,+20.5,+20.8,+20.8,+21.0,+20.7,+20.6,+20.6
2023-07-31 21:10,3,+22.6,+0.0,+5.3,+3.4,+16.7,+16.6,+20.5,+20.8,+20.8,+21.0,+20.7,+20.6,+20.7
2023-07-31 22:10,3,+22.7,+0.0,+5.3,+3.5,+16.8,+16.7,+20.5,+20.8,+20.8,+21.0,+20.7,+20.6,+20.6
2023-07-31 23:10,3,+23.1,+0.0,+5.3,+3.4,+16.7,+16.6,+20.5,+20.8,+20.8,+21.0,+20.7,+20.6,+20.6
2023-08-01 00:10,3,+23.0,+0.0,+5.3,+3.4,+16.7,+16.6,+20.3,+20.8,+21.0,+21.0,+20.7,+20.6,+20.6
2023-08-01 01:10,3,+23.0,+0.0,+5.3,+3.5,+16.8,+16.7,+20.5,+20.8,+20.8,+21.0,+20.7,+20.6,+20.7
2023-08-01 02:10,3,+23.1,+0.0,+5.3,+3.5,+16.8,+16.7,+20.3,+20.8,+20.8,+21.0,+20.7,+20.6,+20.7
2023-08-01 03:10,3,+23.2,+0.0,+5.3,+3.4,+16.7,+16.6,+20.3,+20.8,+20.8,+21.0,+20.7,+20.6,+20.7
2023-08-01 04:10,3,+23.1,+0.0,+5.3,+3.5,+16.8,+16.7,+20.3,+20.8,+20.8,+21.0,+20.7,+20.6,+20.7
2023-08-01 05:10,3,+23.2,+0.0,+5.3,+3.4,+16.7,+16.7,+20.3,+20.7,+20.8,+21.0,+20.7,+20.6,+20.6
2023-08-01 06:10,3,+23.2,+0.0,+5.3,+3.4,+16.8,+16.7,+20.2,+20.7,+20.8,+21.0,+20.7,+20.6,+20.6
2023-08-01 07:10,3,+23.0,+0.0,+5.3,+3.4,+16.8,+16.6,+20.3,+20.8,+21.0,+21.0,+20.7,+20.6,+20.6
2023-08-01 08:10,3,+23.0,+0.0,+5.3,+3.5,+16.8,+16.7,+20.5,+20.7,+20.8,+21.0,+20.7,+20.6,+20.7
2023-08-01 09:10,3,+22.9,+0.0,+5.3,+3.4,+16.7,+16.7,+20.5,+20.8,+20.8,+21.0,+20.7,+20.6,+20.7
2023-08-01 10:10,3,+22.9,+0.0,+5.3,+3.4,+16.8,+16.6,+20.6,+20.7,+20.8,+21.1,+20.7,+20.6,+20.7
2023-08-01 11:10,3,+23.0,+0.0,+5.3,+3.5,+16.8,+16.7,+20.6,+20.8,+21.0,+21.1,+20.7,+20.6,+20.7
2023-08-01 12:10,3,+22.9,+0.0,+5.3,+3.5,+16.8,+16.7,+20.7,+20.8,+21.0,+21.0,+20.7,+20.6,+20.7
2023-08-01 13:10,3,+22.8,+0.0,+5.3,+3.4,+16.7,+16.6,+20.7,+20.8,+21.0,+21.0,+20.7,+20.6,+20.7
2023-08-01 14:10,3,+22.7,+0.0,+5.3,+3.4,+16.7,+16.6,+20.7,+20.8,+21.0,+21.1,+20.7,+20.6,+20.7
2023-08-01 15:10,3,+22.8,+0.0,+5.3,+3.5,+16.8,+16.7,+20.7,+20.8,+20.8,+21.0,+20.7,+20.6,+20.7
2023-08-01 16:10,3,+22.5,+0.0,+5.3,+3.4,+16.7,+16.6,+20.7,+20.8,+21.0,+21.0,+20.7,+20.6,+20.7
2023-08-01 17:10,3,+22.7,+0.0,+5.3,+3.5,+16.8,+16.7,+20.7,+21.0,+21.0,+21.1,+20.7,+20.6,+20.7
2023-08-01 18:10,3,+22.7,+0.0,+5.3,+3.4,+16.7,+16.7,+20.6,+20.8,+21.0,+21.1,+20.7,+20.6,+20.7
2023-08-01 19:10,3,+22.9,+0.0,+5.3,+3.5,+16.8,+16.7,+20.6,+21.0,+21.0,+21.1,+20.7,+20.6,+20.6
2023-08-01 20:10,3,+22.8,+0.0,+5.3,+3.4,+16.7,+16.6,+20.5,+21.0,+21.0,+21.0,+20.7,+20.6,+20.7
2023-08-01 21:10,3,+22.8,+0.0,+5.3,+3.4,+16.7,+16.6,+20.3,+20.8,+21.0,+21.0,+20.7,+20.6,+20.7
2023-08-01 22:10,3,+22.6,+0.0,+5.3,+3.5,+16.8,+16.7,+20.3,+20.8,+21.0,+21.1,+20.7,+20.6,+20.7
2023-08-01 23:10,3,+22.6,+0.0,+5.3,+3.4,+16.7,+16.6,+20.2,+20.8,+21.0,+21.1,+20.7,+20.6,+20.7
2023-08-02 00:10,3,+22.2,+0.0,+5.3,+3.4,+16.7,+16.6,+20.1,+20.8,+21.0,+21.0,+20.7,+20.6,+20.7
2023-08-02 01:10,3,+22.2,+0.0,+5.3,+3.4,+16.7,+16.6,+20.1,+20.8,+21.0,+21.1,+20.7,+20.6,+20.6
2023-08-02 02:10,3,+22.2,+0.0,+5.3,+3.4,+16.7,+16.7,+20.1,+20.7,+21.0,+21.0,+20.7,+20.7,+20.7
2023-08-02 03:10,3,+22.2,+0.0,+5.3,+3.6,+16.8,+16.7,+20.1,+20.7,+21.0,+21.1,+20.7,+20.6,+20.7
2023-08-02 04:10,3,+22.3,+0.0,+5.3,+3.6,+16.8,+16.7,+20.1,+20.7,+21.0,+21.0,+20.7,+20.7,+20.7
2023-08-02 05:10,3,+22.3,+0.0,+5.3,+3.6,+16.8,+16.7,+20.0,+20.7,+21.0,+21.1,+20.7,+20.6,+20.7
2023-08-02 06:10,3,+22.3,+0.0,+5.3,+3.6,+16.8,+16.7,+20.1,+20.7,+21.0,+21.1,+20.7,+20.7,+20.7
2023-08-02 07:10,3,+22.3,+0.0,+5.3,+3.4,+16.8,+16.7,+20.1,+20.7,+21.0,+21.1,+20.7,+20.6,+20.7
2023-08-02 08:10,3,+22.6,+0.0,+5.3,+3.6,+16.8,+16.7,+20.2,+20.7,+20.8,+21.1,+20.8,+20.6,+20.7
2023-08-02 09:10,3,+22.3,+0.0,+5.3,+3.4,+16.7,+16.6,+20.3,+20.6,+21.0,+21.1,+20.7,+20.6,+20.7
2023-08-02 10:10,3,+22.3,+0.0,+5.3,+3.4,+16.8,+16.7,+20.3,+20.7,+21.0,+21.1,+20.7,+20.6,+20.7
2023-08-02 11:10,3,+22.2,+0.0,+5.3,+3.6,+16.8,+16.7,+20.5,+20.7,+20.8,+21.1,+20.7,+20.7,+20.6
2023-08-02 12:10,3,+22.2,+0.0,+5.3,+3.4,+16.7,+16.7,+20.6,+20.7,+21.0,+21.1,+20.7,+20.6,+20.7
2023-08-02 13:10,3,+22.2,+0.0,+5.3,+3.6,+16.8,+16.7,+20.6,+20.7,+21.0,+21.1,+20.7,+20.6,+20.7
2023-08-02 14:10,3,+22.0,+0.0,+5.2,+3.4,+16.8,+16.7,+20.6,+20.8,+20.8,+21.1,+20.7,+20.7,+20.7
2023-08-02 15:10,3,+21.9,+0.0,+5.3,+3.6,+16.8,+16.7,+20.6,+20.7,+21.0,+21.1,+20.7,+20.6,+20.7
2023-08-02 16:10,3,+21.9,+0.0,+5.2,+3.4,+16.7,+16.6,+20.6,+20.8,+21.0,+21.1,+20.8,+20.6,+20.7
2023-08-02 17:10,3,+21.9,+0.0,+5.2,+3.4,+16.7,+16.6,+20.6,+20.8,+21.0,+21.1,+20.7,+20.7,+20.7
2023-08-02 18:10,3,+21.8,+0.0,+5.2,+3.4,+16.7,+16.6,+20.5,+20.8,+21.0,+21.1,+20.7,+20.7,+20.7
2023-08-02 19:10,3,+21.7,+0.0,+5.2,+3.4,+16.7,+16.6,+20.5,+20.8,+21.0,+21.1,+20.7,+20.7,+20.7
2023-08-02 20:10,3,+21.7,+0.0,+5.2,+3.4,+16.7,+16.6,+20.3,+20.8,+21.0,+21.1,+20.7,+20.7,+20.7
2023-08-02 21:10,3,+21.7,+0.0,+5.2,+3.5,+16.8,+16.7,+20.3,+20.8,+21.0,+21.1,+20.7,+20.7,+20.7
2023-08-02 22:10,3,+21.7,+0.0,+5.2,+3.4,+16.8,+16.7,+20.3,+20.8,+21.0,+21.1,+20.8,+20.7,+20.7
2023-08-02 23:10,3,+21.7,+0.0,+5.2,+3.5,+16.8,+16.7,+20.2,+20.8,+20.8,+21.0,+20.7,+20.6,+20.7
2023-08-03 00:10,3,+21.6,+0.0,+5.2,+3.5,+16.8,+16.7,+20.2,+20.7,+21.0,+21.0,+20.7,+20.7,+20.7
2023-08-03 01:10,3,+21.6,+0.0,+5.2,+3.6,+16.8,+16.7,+20.2,+20.8,+21.0,+21.1,+20.7,+20.7,+20.7
2023-08-03 02:10,3,+21.6,+0.0,+5.2,+3.4,+16.7,+16.6,+20.1,+20.7,+21.0,+21.0,+20.7,+20.7,+20.7
2023-08-03 03:10,3,+21.5,+0.0,+5.2,+3.5,+16.8,+16.7,+20.1,+20.7,+21.0,+21.1,+20.8,+20.7,+20.7
2023-08-03 04:10,3,+21.5,+0.0,+5.2,+3.4,+16.7,+16.6,+20.0,+20.7,+21.0,+21.1,+20.7,+20.7,+20.6
2023-08-03 05:10,3,+21.4,+0.0,+5.2,+3.4,+16.7,+16.6,+20.0,+20.7,+21.0,+21.1,+20.8,+20.7,+20.7
2023-08-03 06:10,3,+21.4,+0.0,+5.2,+3.6,+16.8,+16.7,+20.0,+20.6,+21.0,+21.1,+20.7,+20.7,+20.7
2023-08-03 07:10,3,+21.4,+0.0,+5.2,+3.5,+16.8,+16.7,+20.0,+20.7,+20.8,+21.1,+20.7,+20.6,+20.7
2023-08-03 08:10,3,+21.3,+0.0,+5.2,+3.5,+16.8,+16.7,+20.1,+20.6,+21.0,+21.0,+20.7,+20.7,+20.8
2023-08-03 09:10,3,+21.3,+0.0,+5.2,+3.6,+16.8,+16.7,+20.1,+20.6,+20.8,+21.1,+20.7,+20.7,+20.7
2023-08-03 10:10,3,+21.2,+0.0,+5.2,+3.4,+16.7,+16.6,+20.1,+20.6,+21.0,+21.1,+20.8,+20.7,+20.7
2023-08-03 11:10,3,+21.2,+0.0,+5.2,+3.4,+16.8,+16.7,+20.2,+20.6,+20.8,+21.1,+20.8,+20.7,+20.7
2023-08-03 12:10,3,+21.1,+0.0,+5.2,+3.6,+16.8,+16.7,+20.2,+20.6,+20.8,+21.1,+20.7,+20.7,+20.7
2023-08-03 13:10,3,+21.0,+0.0,+5.2,+3.4,+16.8,+16.6,+20.3,+20.6,+20.8,+21.1,+20.7,+20.7,+20.7
2023-08-03 14:10,3,+21.0,+0.0,+5.2,+3.4,+16.8,+16.6,+20.5,+20.7,+20.8,+21.1,+20.8,+20.7,+20.7
2023-08-03 15:10,3,+20.9,+0.0,+5.1,+3.4,+16.8,+16.6,+20.5,+20.7,+20.8,+21.1,+20.8,+20.7,+20.7
2023-08-03 16:10,3,+20.9,+0.0,+5.1,+3.6,+16.8,+16.7,+20.5,+20.7,+20.8,+21.1,+20.7,+20.7,+20.7
2023-08-03 17:10,3,+20.8,+0.0,+5.1,+3.6,+16.8,+16.7,+20.6,+20.7,+20.8,+21.1,+20.7,+20.7,+20.7
2023-08-03 18:10,3,+20.8,+0.0,+5.1,+3.6,+16.8,+16.7,+20.6,+20.7,+20.8,+21.1,+20.8,+20.7,+20.7
2023-08-03 19:10,3,+20.8,+0.0,+5.2,+3.4,+16.7,+16.6,+20.5,+20.8,+20.8,+21.1,+20.8,+20.7,+20.7
2023-08-03 20:10,3,+20.8,+0.0,+5.1,+3.4,+16.8,+16.6,+20.5,+20.7,+20.8,+21.1,+20.7,+20.7,+20.7
2023-08-03 21:10,3,+21.0,+0.0,+5.2,+3.6,+16.8,+16.7,+20.3,+20.8,+20.8,+21.0,+20.7,+20.6,+20.7
2023-08-03 22:10,3,+20.8,+0.0,+5.2,+3.4,+16.7,+16.6,+20.3,+20.8,+20.8,+21.0,+20.7,+20.7,+20.7
2023-08-03 23:10,3,+20.8,+0.0,+5.1,+3.6,+16.8,+16.7,+20.2,+20.8,+20.8,+21.0,+20.7,+20.7,+20.7
2023-08-04 00:10,3,+20.8,+0.0,+5.1,+3.6,+16.8,+16.7,+20.2,+20.7,+20.8,+21.0,+20.7,+20.7,+20.7
2023-08-04 01:10,3,+20.8,+0.0,+5.1,+3.6,+16.8,+16.7,+20.2,+20.7,+20.8,+21.1,+20.8,+20.7,+20.7
2023-08-04 02:10,3,+20.8,+0.0,+5.1,+3.4,+16.8,+16.6,+20.2,+20.7,+20.8,+21.1,+20.8,+20.7,+20.7
2023-08-04 03:10,3,+20.8,+0.0,+5.1,+3.5,+16.8,+16.7,+20.1,+20.7,+20.8,+21.1,+20.8,+20.7,+20.7
2023-08-04 04:10,3,+20.8,+0.0,+5.1,+3.5,+16.8,+16.7,+20.2,+20.7,+21.0,+21.1,+20.8,+20.7,+20.7
2023-08-04 05:10,3,+20.8,+0.0,+5.1,+3.5,+16.8,+16.7,+20.2,+20.7,+21.0,+21.1,+20.8,+20.7,+20.7
2023-08-04 06:10,3,+20.8,+0.0,+5.1,+3.5,+16.8,+16.7,+20.1,+20.7,+20.8,+21.1,+20.7,+20.7,+20.7
2023-08-04 07:10,3,+20.8,+0.0,+5.1,+3.5,+16.8,+16.7,+20.2,+20.7,+21.0,+21.1,+20.8,+20.7,+20.7
2023-08-04 08:10,3,+20.8,+0.0,+5.1,+3.4,+16.8,+16.7,+20.2,+20.7,+20.8,+21.1,+20.7,+20.7,+20.7
2023-08-04 09:10,3,+20.7,+0.0,+5.1,+3.4,+16.8,+16.6,+20.2,+20.7,+20.8,+21.1,+20.7,+20.7,+20.7
2023-08-04 10:10,3,+20.6,+0.0,+5.1,+3.5,+16.8,+16.7,+20.2,+20.7,+20.8,+21.1,+20.8,+20.7,+20.7
2023-08-04 11:10,3,+20.5,+0.0,+5.1,+3.6,+16.8,+16.7,+20.5,+20.6,+20.8,+21.1,+20.7,+20.7,+20.7
2023-08-04 12:10,3,+20.5,+0.0,+5.1,+3.4,+16.8,+16.7,+20.5,+20.7,+20.8,+21.1,+20.8,+20.7,+20.7
2023-08-04 13:10,3,+20.4,+0.0,+5.1,+3.4,+16.8,+16.7,+20.6,+20.7,+20.8,+21.1,+20.7,+20.7,+20.7
2023-08-04 14:10,3,+20.4,+0.0,+5.0,+3.5,+16.8,+16.7,+20.7,+20.7,+20.8,+21.1,+20.8,+20.7,+20.7
2023-08-04 15:10,3,+20.3,+0.0,+5.0,+3.5,+16.8,+16.7,+20.7,+20.8,+20.8,+21.1,+20.8,+20.7,+20.7
2023-08-04 16:10,3,+20.2,+0.0,+5.0,+3.4,+16.8,+16.6,+20.7,+20.8,+21.0,+21.0,+20.8,+20.7,+20.7
2023-08-04 17:10,3,+20.2,+0.0,+5.0,+3.4,+16.8,+16.6,+20.7,+20.8,+21.0,+21.1,+20.7,+20.7,+20.7
2023-08-04 18:10,3,+20.1,+0.0,+5.0,+3.4,+16.7,+16.6,+20.6,+20.8,+21.0,+21.1,+20.7,+20.7,+20.7
2023-08-04 19:10,3,+20.1,+0.0,+5.0,+3.5,+16.8,+16.7,+20.6,+20.8,+21.0,+21.1,+20.8,+20.7,+20.7
2023-08-04 20:10,3,+20.0,+0.0,+5.0,+3.5,+16.8,+16.7,+20.6,+20.8,+21.0,+21.1,+20.8,+20.7,+20.7
2023-08-04 21:10,3,+20.0,+0.0,+5.0,+3.4,+16.7,+16.6,+20.5,+20.8,+21.0,+21.1,+20.8,+20.7,+20.7
2023-08-04 22:10,3,+20.0,+0.0,+5.0,+3.4,+16.7,+16.6,+20.5,+20.8,+21.0,+21.1,+20.7,+20.7,+20.7
2023-08-04 23:10,3,+28.6,+5.2,+10.8,+4.0,+16.8,+16.7,+20.1,+20.6,+20.8,+21.0,+20.8,+20.7,+20.7
2023-08-05 00:10,3,+25.5,+2.4,+8.2,+4.1,+16.8,+16.6,+20.1,+20.6,+20.8,+21.1,+20.7,+20.7,+20.7
2023-08-05 01:10,3,+25.0,+2.1,+7.6,+4.1,+16.8,+16.7,+20.1,+20.7,+21.0,+21.1,+20.7,+20.7,+20.7
2023-08-05 02:10,3,+24.7,+1.9,+7.3,+4.0,+16.8,+16.6,+20.1,+20.7,+20.8,+21.1,+20.8,+20.7,+20.7
2023-08-05 03:10,3,+24.5,+1.8,+7.0,+4.0,+16.8,+16.7,+20.0,+20.6,+21.0,+21.1,+20.8,+20.7,+20.7
2023-08-05 04:10,3,+24.4,+1.7,+6.9,+4.0,+16.8,+16.6,+20.1,+20.7,+20.8,+21.1,+20.8,+20.7,+20.7
2023-08-05 05:10,3,+24.3,+1.7,+6.7,+4.0,+16.8,+16.7,+20.1,+20.6,+20.8,+21.1,+20.8,+20.7,+20.7
2023-08-05 06:10,3,+24.7,+1.6,+6.6,+4.0,+16.8,+16.7,+20.0,+20.6,+20.8,+21.1,+20.7,+20.7,+20.7
2023-08-05 07:10,3,+24.7,+1.6,+6.6,+3.9,+16.8,+16.6,+20.0,+20.6,+20.8,+21.1,+20.8,+20.7,+20.7
2023-08-05 08:10,3,+25.0,+1.5,+6.5,+3.8,+16.8,+16.6,+20.0,+20.6,+20.8,+21.1,+20.7,+20.7,+20.7
2023-08-05 09:10,3,+25.0,+1.5,+6.4,+3.8,+16.8,+16.7,+20.1,+20.6,+20.8,+21.1,+20.7,+20.7,+20.7
2023-08-05 10:10,3,+24.9,+1.5,+6.3,+3.9,+16.9,+16.7,+20.1,+20.6,+20.8,+21.1,+20.7,+20.7,+20.7
2023-08-05 11:10,3,+24.8,+1.5,+6.3,+3.8,+16.9,+16.6,+20.2,+20.6,+20.8,+21.1,+20.7,+20.7,+20.7
2023-08-05 12:10,3,+24.9,+1.4,+6.2,+3.9,+16.9,+16.7,+20.3,+20.6,+20.8,+21.1,+20.7,+20.7,+20.7
2023-08-05 13:10,3,+24.8,+1.4,+6.2,+3.8,+16.8,+16.7,+20.3,+20.7,+20.8,+21.1,+20.8,+20.7,+20.7
2023-08-05 14:10,3,+24.7,+1.3,+6.1,+3.9,+16.9,+16.7,+20.5,+20.7,+20.8,+21.1,+20.8,+20.7,+20.7
2023-08-05 15:10,3,+24.6,+1.3,+6.1,+3.9,+16.9,+16.7,+20.5,+20.7,+20.8,+21.1,+20.8,+20.7,+20.7
2023-08-05 16:10,3,+24.6,+1.3,+6.0,+3.9,+16.9,+16.7,+20.5,+20.7,+20.8,+21.1,+20.7,+20.7,+20.8
2023-08-05 17:10,3,+24.7,+1.3,+6.0,+3.9,+16.9,+16.7,+20.3,+20.7,+20.8,+21.1,+20.8,+20.7,+20.7
2023-08-05 18:10,3,+24.7,+1.3,+5.9,+3.8,+16.8,+16.7,+20.3,+20.7,+20.8,+21.1,+20.8,+20.7,+20.7
2023-08-05 19:10,3,+24.7,+1.2,+5.9,+3.9,+16.9,+16.7,+20.3,+20.7,+20.8,+21.1,+20.8,+20.7,+20.7
2023-08-05 20:10,3,+24.7,+1.2,+5.9,+3.8,+16.9,+16.7,+20.2,+20.7,+20.8,+21.1,+20.8,+20.7,+20.7
2023-08-05 21:10,3,+24.6,+1.2,+5.9,+3.8,+16.9,+16.7,+20.2,+20.7,+20.8,+21.1,+20.7,+20.7,+20.7
2023-08-05 22:10,3,+24.6,+1.2,+5.8,+3.7,+16.9,+16.7,+20.2,+20.7,+21.0,+21.0,+20.8,+20.7,+20.7
2023-08-05 23:10,3,+24.6,+1.2,+5.8,+3.8,+16.9,+16.7,+20.1,+20.7,+20.8,+21.1,+20.7,+20.7,+20.7
2023-08-06 00:10,3,+24.5,+1.2,+5.8,+3.7,+16.9,+16.7,+20.1,+20.6,+20.8,+21.1,+20.8,+20.7,+20.7
2023-08-06 01:10,3,+24.6,+1.2,+5.8,+3.8,+16.9,+16.7,+20.1,+20.6,+20.8,+21.1,+20.7,+20.7,+20.7
2023-08-06 02:10,3,+24.6,+1.1,+5.8,+3.8,+16.9,+16.7,+20.1,+20.6,+20.8,+21.1,+20.7,+20.7,+20.7
2023-08-06 03:10,3,+25.5,+1.1,+5.8,+3.8,+16.9,+16.7,+20.0,+20.6,+20.8,+21.0,+20.7,+20.7,+20.7
2023-08-06 04:10,3,+25.7,+1.1,+5.8,+3.7,+16.9,+16.7,+20.0,+20.6,+20.8,+21.1,+20.7,+20.7,+20.7
2023-08-06 05:10,3,+25.7,+1.1,+5.8,+3.8,+16.9,+16.7,+20.0,+20.6,+20.8,+21.0,+20.8,+20.7,+20.8
2023-08-06 06:10,3,+25.8,+1.1,+5.8,+3.8,+16.9,+16.7,+20.0,+20.6,+20.8,+21.1,+20.8,+20.7,+20.7
2023-08-06 07:10,3,+25.7,+1.1,+5.8,+3.8,+16.9,+16.7,+20.0,+20.6,+20.8,+21.1,+20.8,+20.7,+20.7
2023-08-06 08:10,3,+25.7,+1.1,+5.7,+3.8,+16.9,+16.7,+20.0,+20.6,+20.8,+21.1,+20.7,+20.7,+20.8
2023-08-06 09:10,3,+25.7,+1.1,+5.7,+3.8,+16.9,+16.7,+20.0,+20.6,+20.8,+21.0,+20.8,+20.7,+20.7
2023-08-06 10:10,3,+25.6,+1.1,+5.7,+3.8,+16.9,+16.7,+20.0,+20.6,+20.8,+21.1,+20.8,+20.7,+20.7
2023-08-06 11:10,3,+25.5,+1.1,+5.6,+3.7,+16.9,+16.7,+20.0,+20.6,+20.8,+21.1,+20.8,+20.7,+20.7
2023-08-06 12:10,3,+25.4,+1.1,+5.6,+3.7,+16.9,+16.7,+20.0,+20.6,+20.8,+21.1,+20.8,+20.7,+20.8
2023-08-06 13:10,3,+25.3,+1.1,+5.6,+3.8,+16.9,+16.7,+20.1,+20.6,+20.8,+21.0,+20.8,+20.7,+20.8
2023-08-06 14:10,3,+25.2,+1.1,+5.6,+3.7,+16.9,+16.7,+20.1,+20.6,+20.8,+21.1,+20.8,+20.7,+20.8
2023-08-06 15:10,3,+25.2,+1.0,+5.6,+3.7,+16.8,+16.7,+20.1,+20.6,+20.8,+21.1,+20.7,+20.7,+20.7
2023-08-06 16:10,3,+25.2,+1.0,+5.5,+3.7,+16.9,+16.7,+20.1,+20.6,+20.8,+21.1,+20.8,+20.7,+20.7
2023-08-06 17:10,3,+25.1,+1.0,+5.5,+3.7,+16.9,+16.7,+20.1,+20.6,+20.8,+21.1,+20.7,+20.7,+20.8
2023-08-06 18:10,3,+25.1,+1.0,+5.5,+3.7,+16.9,+16.7,+20.0,+20.6,+20.8,+21.1,+20.7,+20.7,+20.7
2023-08-06 19:10,3,+25.0,+1.0,+5.5,+3.7,+16.9,+16.7,+20.0,+20.6,+20.8,+21.0,+20.7,+20.7,+20.7
2023-08-06 20:10,3,+25.0,+1.0,+5.5,+3.8,+16.9,+16.7,+19.8,+20.5,+20.8,+21.0,+20.7,+20.7,+20.7
2023-08-06 21:10,3,+25.1,+0.9,+5.5,+3.7,+16.9,+16.7,+19.8,+20.5,+20.8,+21.0,+20.8,+20.7,+20.8
2023-08-06 22:10,3,+25.0,+0.9,+5.5,+3.8,+16.9,+16.7,+19.7,+20.5,+20.8,+21.1,+20.8,+20.7,+20.7
2023-08-06 23:10,3,+24.9,+0.9,+5.5,+3.7,+16.9,+16.7,+19.8,+20.6,+20.8,+21.1,+20.7,+20.7,+20.8
2023-08-07 00:10,3,+24.9,+0.9,+5.5,+3.8,+16.9,+16.7,+19.8,+20.5,+20.8,+21.1,+20.8,+20.7,+20.7
2023-08-07 01:10,3,+24.9,+0.9,+5.5,+3.8,+16.9,+16.7,+19.8,+20.5,+20.7,+21.0,+20.7,+20.7,+20.8
2023-08-07 02:10,3,+24.9,+0.9,+5.5,+3.7,+16.9,+16.7,+19.8,+20.5,+20.8,+21.1,+20.8,+20.7,+20.7
2023-08-07 03:10,3,+24.9,+0.9,+5.5,+3.7,+16.9,+16.7,+19.8,+20.5,+20.7,+21.1,+20.8,+20.7,+20.8
2023-08-07 04:10,3,+25.1,+0.9,+5.5,+3.7,+16.9,+16.7,+19.8,+20.5,+20.8,+21.1,+20.8,+20.7,+20.7
2023-08-07 05:10,3,+25.0,+0.9,+5.4,+3.7,+16.9,+16.7,+19.8,+20.5,+20.7,+21.0,+20.8,+20.7,+20.8
2023-08-07 06:10,3,+25.0,+0.9,+5.4,+3.8,+16.9,+16.7,+19.8,+20.5,+20.7,+21.0,+20.8,+20.7,+20.8
2023-08-07 07:10,3,+25.0,+0.9,+5.4,+3.7,+16.9,+16.7,+19.8,+20.5,+20.7,+21.1,+20.7,+20.7,+20.7
2023-08-07 08:10,3,+25.0,+0.9,+5.4,+3.7,+16.9,+16.7,+20.0,+20.5,+20.7,+21.1,+20.8,+20.7,+20.8
2023-08-07 09:10,3,+25.0,+0.9,+5.4,+3.7,+16.9,+16.7,+20.0,+20.5,+20.7,+21.0,+20.8,+20.7,+20.8
2023-08-07 10:10,3,+32.3,+4.4,+8.1,+4.0,+16.9,+16.7,+19.5,+20.2,+20.6,+21.0,+20.7,+20.7,+20.8
2023-08-07 11:10,3,+30.4,+3.6,+10.0,+4.6,+16.9,+16.7,+19.3,+20.2,+20.6,+21.0,+20.7,+20.7,+20.8
2023-08-07 12:10,3,+28.8,+2.8,+8.9,+4.7,+17.0,+16.7,+19.5,+20.2,+20.6,+21.0,+20.8,+20.7,+20.8
2023-08-07 13:10,3,+28.2,+2.6,+8.4,+4.5,+16.9,+16.7,+19.6,+20.2,+20.6,+21.0,+20.8,+20.7,+20.7
2023-08-07 14:10,3,+27.8,+2.4,+8.0,+4.6,+17.0,+16.7,+19.6,+20.2,+20.6,+21.0,+20.8,+20.7,+20.8
2023-08-07 15:10,3,+27.6,+2.3,+7.8,+4.6,+17.0,+16.8,+19.6,+20.2,+20.6,+21.0,+20.7,+20.7,+20.8
2023-08-07 16:10,3,+27.4,+2.2,+7.6,+4.6,+17.1,+16.8,+19.6,+20.2,+20.7,+21.0,+20.7,+20.7,+20.8
2023-08-07 17:10,3,+27.3,+2.2,+7.5,+4.5,+17.1,+16.8,+19.5,+20.2,+20.6,+21.0,+20.7,+20.7,+20.8
2023-08-07 18:10,3,+27.1,+2.1,+7.4,+4.5,+17.2,+16.8,+19.5,+20.2,+20.6,+21.0,+20.7,+20.7,+20.7
2023-08-07 19:10,3,+27.1,+2.1,+7.3,+4.4,+17.1,+16.8,+19.5,+20.2,+20.6,+21.0,+20.7,+20.7,+20.8
2023-08-07 20:10,3,+27.5,+2.0,+7.2,+4.5,+17.2,+16.9,+19.3,+20.2,+20.6,+21.0,+20.7,+20.7,+20.8
2023-08-07 21:10,3,+27.4,+2.0,+7.1,+4.5,+17.2,+16.9,+19.3,+20.1,+20.6,+21.0,+20.7,+20.7,+20.7
2023-08-07 22:10,3,+27.3,+2.0,+7.0,+4.5,+17.2,+16.9,+19.2,+20.2,+20.6,+21.0,+20.7,+20.7,+20.7
2023-08-07 23:10,3,+27.3,+2.0,+6.9,+4.4,+17.2,+16.9,+19.2,+20.1,+20.6,+21.0,+20.7,+20.7,+20.8
2023-08-08 00:10,3,+27.2,+1.9,+6.9,+4.5,+17.2,+16.9,+19.2,+20.1,+20.6,+21.0,+20.8,+20.7,+20.7
2023-08-08 01:10,3,+27.1,+2.0,+6.8,+4.4,+17.2,+16.9,+19.1,+20.1,+20.6,+21.0,+20.7,+20.7,+20.7
2023-08-08 02:10,3,+27.1,+2.0,+6.8,+4.4,+17.2,+16.9,+19.1,+20.1,+20.6,+21.0,+20.7,+20.7,+20.8
2023-08-08 03:10,3,+27.1,+1.8,+6.8,+4.5,+17.2,+16.9,+19.1,+20.0,+20.6,+21.0,+20.8,+20.7,+20.8
2023-08-08 04:10,3,+27.0,+2.0,+6.7,+4.5,+17.3,+16.9,+19.1,+20.0,+20.6,+21.0,+20.7,+20.7,+20.8
2023-08-08 05:10,3,+26.9,+1.8,+6.7,+4.5,+17.2,+16.9,+19.2,+20.0,+20.5,+21.0,+20.7,+20.7,+20.7
2023-08-08 06:10,3,+26.9,+1.8,+6.7,+4.3,+17.2,+16.9,+19.2,+20.0,+20.5,+21.0,+20.7,+20.7,+20.8
2023-08-08 07:10,3,+26.9,+2.1,+6.6,+4.4,+17.3,+16.9,+19.2,+20.0,+20.5,+21.0,+20.7,+20.7,+20.8
2023-08-08 08:10,3,+26.8,+1.8,+6.5,+4.3,+17.2,+16.9,+19.5,+20.0,+20.5,+21.0,+20.7,+20.7,+20.7
2023-08-08 09:10,3,+26.7,+1.8,+6.4,+4.4,+17.2,+16.9,+19.6,+20.1,+20.5,+21.0,+20.7,+20.7,+20.8