
2023-07-26 11:10,2,+8.8,+4.1,+9.3,+11.1,+16.2,+19.8,+19.1,+19.1,+19.6,+19.7,+19.8,+19.6,+20.3
2023-07-26 12:10,2,+8.9,+4.1,+9.2,+11.0,+16.1,+19.8,+19.3,+19.2,+19.6,+19.6,+19.8,+19.6,+20.3
2023-07-26 13:10,2,+8.8,+4.0,+9.2,+11.1,+16.1,+19.8,+19.3,+19.2,+19.6,+19.7,+19.8,+19.6,+20.3
2023-07-26 14:10,2,+8.5,+4.1,+9.2,+11.1,+16.1,+19.8,+19.5,+19.2,+19.6,+19.6,+19.7,+19.6,+20.2
2023-07-26 15:10,2,+8.5,+4.0,+9.2,+11.0,+16.1,+19.8,+19.5,+19.3,+19.5,+19.6,+19.7,+19.6,+20.2
2023-07-26 16:10,2,+8.5,+4.0,+9.2,+11.0,+16.1,+19.8,+19.6,+19.3,+19.6,+19.6,+19.8,+19.6,+20.3
2023-07-26 17:10,2,+8.5,+4.1,+9.2,+11.1,+16.1,+19.8,+19.5,+19.5,+19.6,+19.6,+19.7,+19.6,+20.3
2023-07-26 18:10,2,+8.4,+4.0,+9.2,+11.1,+16.1,+19.8,+19.6,+19.5,+19.6,+19.6,+19.7,+19.6,+20.3
2023-07-26 19:10,2,+8.4,+4.1,+9.2,+11.0,+16.1,+19.8,+19.6,+19.6,+19.6,+19.6,+19.7,+19.6,+20.3
2023-07-26 20:10,2,+8.4,+4.1,+9.2,+11.1,+16.2,+19.8,+19.6,+19.6,+19.6,+19.6,+19.7,+19.6,+20.3
2023-07-26 21:10,2,+8.4,+4.1,+9.2,+11.0,+16.1,+19.8,+19.6,+19.6,+19.7,+19.6,+19.7,+19.6,+20.3
2023-07-26 22:10,2,+8.4,+4.0,+9.2,+11.0,+16.1,+19.8,+19.6,+19.6,+19.7,+19.7,+19.7,+19.6,+20.2
2023-07-26 23:10,2,+8.4,+4.0,+9.2,+11.1,+16.2,+19.8,+19.5,+19.6,+19.7,+19.6,+19.7,+19.5,+20.2
2023-07-27 00:10,2,+8.4,+4.0,+9.3,+11.0,+16.1,+19.8,+19.5,+19.6,+19.7,+19.7,+19.7,+19.6,+20.2
2023-07-27 01:10,2,+8.5,+4.0,+9.2,+11.0,+16.1,+19.8,+19.5,+19.6,+19.7,+19.7,+19.7,+19.6,+20.2
2023-07-27 02:10,2,+8.7,+4.0,+9.2,+11.0,+16.1,+19.8,+19.3,+19.6,+19.7,+19.7,+19.7,+19.6,+20.2
2023-07-27 03:10,2,+8.6,+4.0,+9.2,+11.0,+16.1,+19.8,+19.3,+19.6,+19.7,+19.7,+19.7,+19.6,+20.3
2023-07-27 04:10,2,+8.6,+4.0,+9.2,+11.1,+16.2,+19.8,+19.3,+19.5,+19.7,+19.7,+19.7,+19.6,+20.2
2023-07-27 05:10,2,+8.6,+3.9,+9.2,+11.1,+16.1,+19.8,+19.3,+19.5,+19.7,+19.7,+19.7,+19.6,+20.2
2023-07-27 06:10,2,+8.6,+4.0,+9.2,+11.2,+16.2,+19.9,+19.3,+19.5,+19.7,+19.7,+19.7,+19.6,+20.3
2023-07-27 07:10,2,+9.6,+4.0,+9.2,+11.0,+16.1,+19.8,+19.3,+19.5,+19.7,+19.7,+19.7,+19.6,+20.3
2023-07-27 08:10,2,+11.8,+4.0,+9.2,+11.0,+16.1,+19.8,+19.3,+19.5,+19.7,+19.7,+19.8,+19.6,+20.2
2023-07-27 09:10,2,+11.2,+4.1,+9.3,+11.0,+16.1,+19.8,+19.3,+19.5,+19.7,+19.7,+19.8,+19.6,+20.2
2023-07-27 10:10,2,+10.8,+4.4,+9.3,+11.0,+16.1,+19.8,+19.5,+19.5,+19.7,+19.7,+19.7,+19.6,+20.2
2023-07-27 11:10,2,+10.5,+4.5,+9.3,+11.1,+16.2,+19.9,+19.6,+19.5,+19.7,+19.7,+19.7,+19.6,+20.2
2023-07-27 12:10,2,+10.3,+4.5,+9.2,+11.0,+16.1,+19.8,+19.7,+19.5,+19.7,+19.7,+19.7,+19.6,+20.3
2023-07-27 13:10,2,+10.1,+4.5,+9.4,+11.1,+16.2,+19.8,+19.8,+19.6,+19.7,+19.7,+19.7,+19.6,+20.2
2023-07-27 14:10,2,+10.0,+4.5,+9.2,+11.0,+16.1,+19.8,+20.0,+19.6,+19.7,+19.7,+19.7,+19.6,+20.2
2023-07-27 15:10,2,+9.9,+4.5,+9.2,+11.2,+16.2,+19.9,+20.0,+19.6,+19.7,+19.7,+19.7,+19.6,+20.2
2023-07-27 16:10,2,+9.8,+4.5,+9.3,+11.2,+16.2,+19.9,+20.0,+19.7,+19.7,+19.7,+19.7,+19.6,+20.2
2023-07-27 17:10,2,+9.8,+4.5,+9.3,+11.2,+16.2,+19.9,+20.0,+19.7,+19.7,+19.7,+19.7,+19.6,+20.2
2023-07-27 18:10,2,+9.7,+4.5,+9.3,+11.2,+16.2,+19.9,+20.0,+19.7,+19.8,+19.7,+19.7,+19.5,+20.2
2023-07-27 19:10,2,+9.7,+4.5,+9.3,+11.2,+16.2,+19.9,+20.0,+19.8,+19.8,+19.7,+19.7,+19.6,+20.2
2023-07-27 20:10,2,+9.7,+4.5,+9.3,+11.1,+16.1,+19.8,+19.8,+19.8,+19.8,+19.7,+19.7,+19.6,+20.2
2023-07-27 21:10,2,+9.7,+4.4,+9.4,+11.2,+16.2,+19.9,+19.8,+19.8,+19.8,+19.7,+19.7,+19.6,+20.3
2023-07-27 22:10,2,+9.7,+4.4,+9.3,+11.1,+16.2,+19.9,+19.8,+19.8,+19.8,+19.8,+19.7,+19.6,+20.2
2023-07-27 23:10,2,+9.8,+4.4,+9.3,+11.1,+16.2,+19.9,+19.7,+19.8,+19.8,+19.7,+19.7,+19.6,+20.2
2023-07-28 00:10,2,+9.8,+4.4,+9.4,+11.2,+16.2,+19.9,+19.7,+19.8,+20.0,+19.7,+19.7,+19.6,+20.2
2023-07-28 01:10,2,+9.9,+4.4,+9.3,+11.2,+16.2,+19.9,+19.7,+19.8,+19.8,+19.8,+19.7,+19.6,+20.3
2023-07-28 02:10,2,+9.9,+4.4,+9.4,+11.1,+16.2,+19.9,+19.6,+19.8,+20.0,+19.8,+19.7,+19.7,+20.3
2023-07-28 03:10,2,+9.9,+4.3,+9.3,+11.2,+16.2,+19.9,+19.5,+19.7,+20.0,+19.8,+19.7,+19.5,+20.3
2023-07-28 04:10,2,+10.0,+4.4,+9.3,+11.2,+16.2,+19.9,+19.3,+19.7,+20.0,+19.7,+19.7,+19.6,+20.3
2023-07-28 05:10,2,+10.0,+4.3,+9.3,+11.2,+16.2,+19.9,+19.2,+19.7,+20.0,+19.8,+19.7,+19.6,+20.3
2023-07-28 06:10,2,+10.2,+4.3,+9.3,+11.2,+16.2,+19.9,+19.2,+19.6,+20.0,+19.8,+19.8,+19.6,+20.3
2023-07-28 07:10,2,+10.2,+4.3,+9.3,+11.1,+16.2,+19.9,+19.1,+19.6,+20.0,+19.8,+19.7,+19.6,+20.3
2023-07-28 08:10,2,+10.2,+4.3,+9.3,+11.2,+16.2,+19.9,+19.2,+19.6,+19.8,+19.8,+19.7,+19.6,+20.3
2023-07-28 09:10,2,+10.1,+4.3,+9.3,+11.1,+16.2,+19.9,+19.5,+19.6,+19.8,+19.8,+19.8,+19.6,+20.3
2023-07-28 10:10,2,+10.1,+4.3,+9.3,+11.1,+16.2,+19.9,+19.6,+19.6,+19.8,+19.8,+19.7,+19.6,+20.2
2023-07-28 11:10,2,+10.0,+4.2,+9.3,+11.1,+16.2,+19.9,+19.8,+19.6,+19.8,+19.8,+19.8,+19.6,+20.3
2023-07-28 12:10,2,+10.0,+4.2,+9.3,+11.1,+16.2,+19.9,+20.2,+19.7,+19.8,+19.7,+19.8,+19.6,+20.3
2023-07-28 13:10,2,+10.0,+4.2,+9.3,+11.2,+16.2,+19.9,+20.5,+19.7,+19.8,+19.8,+19.8,+19.6,+20.2
2023-07-28 14:10,2,+9.9,+4.2,+9.3,+11.1,+16.1,+19.8,+20.6,+19.8,+19.8,+19.8,+19.8,+19.6,+20.2
2023-07-28 15:10,2,+9.9,+4.1,+9.2,+11.1,+16.1,+19.8,+20.6,+20.0,+19.8,+19.8,+19.7,+19.6,+20.3
2023-07-28 16:10,2,+9.9,+4.1,+9.2,+11.1,+16.2,+19.8,+20.7,+20.0,+19.8,+19.8,+19.8,+19.6,+20.2
2023-07-28 17:10,2,+10.1,+4.1,+9.2,+11.1,+16.1,+19.8,+20.7,+20.1,+19.8,+19.8,+19.8,+19.6,+20.3
2023-07-28 18:10,2,+10.1,+4.1,+9.2,+11.1,+16.1,+19.8,+20.7,+20.2,+20.0,+19.8,+19.8,+19.6,+20.3
2023-07-28 19:10,2,+10.1,+4.1,+9.2,+11.1,+16.1,+19.8,+20.7,+20.2,+20.0,+19.7,+19.7,+19.6,+20.2
2023-07-28 20:10,2,+10.1,+4.1,+9.2,+11.2,+16.2,+19.9,+20.6,+20.2,+20.0,+19.8,+19.8,+19.6,+20.3
2023-07-28 21:10,2,+10.1,+4.1,+9.2,+11.1,+16.1,+19.8,+20.6,+20.3,+20.1,+19.8,+19.8,+19.7,+20.3
2023-07-28 22:10,2,+10.0,+4.1,+9.3,+11.1,+16.1,+19.8,+20.6,+20.3,+20.1,+19.8,+19.8,+19.6,+20.2
2023-07-28 23:10,2,+10.5,+4.1,+9.3,+11.1,+16.1,+19.8,+20.6,+20.3,+20.1,+19.8,+19.8,+19.6,+20.3
2023-07-29 00:10,2,+10.9,+4.1,+9.3,+11.2,+16.2,+19.9,+20.5,+20.3,+20.2,+20.0,+19.8,+19.6,+20.3
2023-07-29 01:10,2,+11.3,+4.1,+9.3,+11.1,+16.1,+19.9,+20.5,+20.3,+20.2,+20.0,+19.8,+19.7,+20.3
2023-07-29 02:10,2,+11.4,+4.2,+9.3,+11.2,+16.2,+19.9,+20.5,+20.3,+20.2,+20.0,+19.8,+19.7,+20.3
2023-07-29 03:10,2,+11.4,+4.2,+9.3,+11.2,+16.2,+19.9,+20.3,+20.3,+20.2,+20.0,+19.8,+19.7,+20.3
2023-07-29 04:10,2,+11.5,+4.2,+9.3,+11.2,+16.2,+19.9,+20.3,+20.3,+20.2,+20.0,+19.8,+19.7,+20.3
2023-07-29 05:10,2,+11.4,+4.3,+9.3,+11.1,+16.2,+19.9,+20.2,+20.3,+20.2,+20.0,+19.8,+19.7,+20.3
2023-07-29 06:10,2,+11.4,+4.3,+9.3,+11.2,+16.2,+19.9,+20.2,+20.3,+20.3,+20.0,+19.8,+19.7,+20.3
2023-07-29 07:10,2,+11.5,+4.3,+9.3,+11.2,+16.2,+19.9,+20.2,+20.3,+20.3,+20.0,+19.8,+19.7,+20.3
2023-07-29 08:10,2,+11.4,+4.4,+9.3,+11.2,+16.2,+19.9,+20.3,+20.2,+20.3,+20.1,+20.0,+19.7,+20.3
2023-07-29 09:10,2,+11.4,+4.4,+9.3,+11.1,+16.2,+19.9,+20.5,+20.2,+20.2,+20.1,+19.8,+19.7,+20.3
2023-07-29 10:10,2,+11.3,+4.4,+9.3,+11.2,+16.2,+19.9,+20.6,+20.3,+20.3,+20.1,+20.0,+19.7,+20.3
2023-07-29 11:10,2,+11.2,+4.4,+9.3,+11.2,+16.2,+19.9,+20.7,+20.3,+20.3,+20.0,+20.0,+19.7,+20.3
2023-07-29 12:10,2,+11.1,+4.4,+9.3,+11.1,+16.2,+19.8,+21.1,+20.3,+20.3,+20.1,+20.0,+19.7,+20.3
2023-07-29 13:10,2,+11.1,+4.3,+9.3,+11.2,+16.2,+19.9,+21.1,+20.5,+20.3,+20.1,+20.0,+19.8,+20.2
2023-07-29 14:10,2,+11.0,+4.3,+9.3,+11.1,+16.1,+19.8,+21.2,+20.6,+20.3,+20.1,+20.0,+19.8,+20.3
2023-07-29 15:10,2,+10.9,+4.3,+9.3,+11.2,+16.2,+19.9,+21.2,+20.6,+20.3,+20.1,+20.0,+19.7,+20.3
2023-07-29 16:10,2,+10.9,+4.3,+9.2,+11.2,+16.2,+19.9,+21.2,+20.7,+20.5,+20.1,+20.0,+19.8,+20.3
2023-07-29 17:10,2,+10.8,+4.3,+9.2,+11.2,+16.2,+19.9,+21.2,+20.7,+20.5,+20.1,+20.0,+19.8,+20.3
2023-07-29 18:10,2,+10.8,+4.3,+9.3,+11.1,+16.2,+19.9,+21.1,+20.7,+20.5,+20.1,+20.0,+19.8,+20.3
2023-07-29 19:10,2,+10.8,+4.3,+9.3,+11.2,+16.2,+19.8,+21.0,+20.8,+20.5,+20.2,+20.0,+19.8,+20.3
2023-07-29 20:10,2,+10.8,+4.3,+9.2,+11.2,+16.2,+19.9,+20.8,+20.7,+20.6,+20.2,+20.0,+19.7,+20.3
2023-07-29 21:10,2,+10.8,+4.3,+9.3,+11.0,+16.1,+19.8,+20.8,+20.7,+20.6,+20.2,+20.1,+19.8,+20.3
2023-07-29 22:10,2,+10.8,+4.3,+9.3,+11.0,+16.1,+19.8,+20.7,+20.7,+20.6,+20.2,+20.0,+19.8,+20.3
2023-07-29 23:10,2,+10.7,+4.3,+9.4,+11.1,+16.2,+19.9,+20.6,+20.7,+20.6,+20.2,+20.1,+19.8,+20.3
2023-07-30 00:10,2,+10.7,+4.3,+9.4,+11.1,+16.2,+19.9,+20.6,+20.7,+20.7,+20.2,+20.1,+19.8,+20.3
2023-07-30 01:10,2,+10.7,+4.2,+9.2,+11.2,+16.2,+19.9,+20.6,+20.7,+20.7,+20.2,+20.1,+19.8,+20.3
2023-07-30 02:10,2,+10.7,+4.2,+9.3,+11.0,+16.1,+19.9,+20.6,+20.6,+20.7,+20.2,+20.1,+19.8,+20.3
2023-07-30 03:10,2,+10.7,+4.2,+9.3,+11.0,+16.1,+19.8,+20.5,+20.6,+20.6,+20.2,+20.1,+19.8,+20.3
2023-07-30 04:10,2,+10.6,+4.2,+9.3,+11.0,+16.2,+19.8,+20.5,+20.6,+20.6,+20.3,+20.1,+19.8,+20.3
2023-07-30 05:10,2,+10.7,+4.2,+9.3,+11.0,+16.1,+19.9,+20.3,+20.6,+20.6,+20.3,+20.1,+19.8,+20.3
2023-07-30 06:10,2,+10.7,+4.2,+9.3,+11.0,+16.1,+19.9,+20.3,+20.5,+20.6,+20.3,+20.1,+19.8,+20.3
2023-07-30 07:10,2,+10.8,+4.2,+9.2,+11.0,+16.1,+19.9,+20.3,+20.6,+20.6,+20.3,+20.1,+19.8,+20.5
2023-07-30 08:10,2,+10.8,+4.2,+9.3,+11.0,+16.1,+19.9,+20.3,+20.5,+20.6,+20.2,+20.1,+19.8,+20.5
2023-07-30 09:10,2,+10.7,+4.2,+9.2,+11.1,+16.1,+19.9,+20.5,+20.6,+20.6,+20.3,+20.1,+19.8,+20.3
2023-07-30 10:10,2,+10.7,+4.2,+9.2,+11.2,+16.2,+19.9,+20.5,+20.5,+20.6,+20.3,+20.1,+19.8,+20.5
2023-07-30 11:10,2,+10.7,+4.2,+9.2,+11.1,+16.2,+19.9,+20.6,+20.5,+20.6,+20.3,+20.1,+20.0,+20.5
2023-07-30 12:10,2,+10.7,+4.2,+9.2,+11.2,+16.2,+19.9,+20.6,+20.5,+20.6,+20.3,+20.1,+20.0,+20.5
2023-07-30 13:10,2,+10.8,+4.2,+9.2,+11.0,+16.1,+19.9,+20.6,+20.5,+20.5,+20.2,+20.1,+20.0,+20.5
2023-07-30 14:10,2,+10.8,+4.1,+9.2,+11.1,+16.2,+19.9,+20.6,+20.6,+20.6,+20.2,+20.2,+20.0,+20.5
2023-07-30 15:10,2,+10.8,+4.2,+9.3,+11.0,+16.2,+19.8,+20.6,+20.5,+20.6,+20.3,+20.2,+19.8,+20.5
2023-07-30 16:10,2,+10.8,+4.2,+9.2,+11.2,+16.2,+19.9,+20.5,+20.5,+20.6,+20.2,+20.1,+20.0,+20.5
2023-07-30 17:10,2,+10.8,+4.2,+9.2,+11.0,+16.2,+19.9,+20.6,+20.6,+20.6,+20.3,+20.1,+19.8,+20.5
2023-07-30 18:10,2,+10.8,+4.2,+9.2,+11.0,+16.1,+19.9,+20.5,+20.6,+20.6,+20.3,+20.1,+20.0,+20.5
2023-07-30 19:10,2,+10.8,+4.2,+9.2,+11.0,+16.2,+19.9,+20.5,+20.6,+20.6,+20.3,+20.2,+19.8,+20.5
2023-07-30 20:10,2,+11.0,+4.2,+9.3,+11.2,+16.2,+19.9,+20.5,+20.6,+20.6,+20.3,+20.1,+20.0,+20.5
2023-07-30 21:10,2,+11.4,+4.1,+9.2,+11.2,+16.2,+19.9,+20.5,+20.5,+20.6,+20.3,+20.2,+20.0,+20.5
2023-07-30 22:10,2,+11.1,+4.1,+9.2,+11.0,+16.2,+19.9,+20.3,+20.6,+20.6,+20.3,+20.1,+20.0,+20.5
2023-07-30 23:10,2,+11.1,+4.1,+9.2,+11.2,+16.2,+19.9,+20.3,+20.5,+20.6,+20.3,+20.2,+19.8,+20.5
2023-07-31 00:10,2,+11.1,+4.2,+9.2,+11.0,+16.2,+19.9,+20.2,+20.5,+20.6,+20.3,+20.1,+20.0,+20.5
2023-07-31 01:10,2,+11.1,+4.1,+9.2,+11.0,+16.2,+19.9,+20.2,+20.5,+20.6,+20.3,+20.2,+20.0,+20.5
2023-07-31 02:10,2,+11.1,+4.1,+9.2,+11.0,+16.2,+19.9,+20.2,+20.5,+20.6,+20.3,+20.2,+20.0,+20.5
2023-07-31 03:10,2,+11.1,+4.1,+9.2,+11.1,+16.2,+19.9,+20.1,+20.3,+20.6,+20.3,+20.2,+20.0,+20.5
2023-07-31 04:10,2,+11.1,+4.1,+9.2,+11.2,+16.2,+19.9,+20.1,+20.3,+20.6,+20.3,+20.2,+20.0,+20.5
2023-07-31 05:10,2,+11.0,+4.1,+9.2,+11.0,+16.2,+19.9,+20.1,+20.3,+20.5,+20.2,+20.2,+20.0,+20.5
2023-07-31 06:10,2,+11.1,+4.1,+9.2,+11.2,+16.2,+19.9,+20.1,+20.3,+20.5,+20.3,+20.2,+20.0,+20.5
2023-07-31 07:10,2,+11.1,+4.1,+9.2,+11.0,+16.2,+19.9,+20.1,+20.3,+20.5,+20.3,+20.2,+20.0,+20.5
2023-07-31 08:10,2,+11.1,+4.1,+9.1,+11.0,+16.2,+19.9,+20.2,+20.3,+20.5,+20.3,+20.1,+20.0,+20.5
2023-07-31 09:10,2,+10.9,+4.1,+9.2,+11.2,+16.2,+19.9,+20.3,+20.3,+20.5,+20.3,+20.2,+20.0,+20.5
2023-07-31 10:10,2,+10.9,+4.1,+9.1,+11.2,+16.2,+19.9,+20.5,+20.3,+20.5,+20.3,+20.2,+20.0,+20.5
2023-07-31 11:10,2,+11.0,+4.1,+9.1,+11.0,+16.2,+19.9,+20.6,+20.3,+20.5,+20.3,+20.1,+20.0,+20.5
2023-07-31 12:10,2,+11.6,+4.1,+9.1,+11.0,+16.2,+19.9,+21.0,+20.5,+20.5,+20.3,+20.2,+20.0,+20.5
2023-07-31 13:10,2,+10.7,+4.1,+9.1,+11.1,+16.2,+19.9,+21.0,+20.5,+20.5,+20.2,+20.2,+20.0,+20.5
2023-07-31 14:10,2,+10.6,+4.1,+9.1,+11.0,+16.1,+19.9,+21.1,+20.6,+20.5,+20.2,+20.2,+20.0,+20.5
2023-07-31 15:10,2,+10.6,+4.1,+9.1,+11.1,+16.2,+19.9,+21.0,+20.6,+20.5,+20.3,+20.2,+20.0,+20.5
2023-07-31 16:10,2,+10.6,+4.1,+9.1,+11.1,+16.2,+19.9,+20.8,+20.7,+20.6,+20.3,+20.2,+20.0,+20.5
2023-07-31 17:10,2,+12.0,+4.1,+9.1,+11.1,+16.2,+19.9,+20.8,+20.6,+20.6,+20.3,+20.2,+20.0,+20.5
2023-07-31 18:10,2,+11.7,+4.1,+9.1,+11.0,+16.1,+19.9,+20.8,+20.7,+20.6,+20.3,+20.2,+20.0,+20.6
2023-07-31 19:10,2,+11.6,+4.1,+9.1,+11.0,+16.1,+19.9,+20.7,+20.7,+20.6,+20.2,+20.2,+20.0,+20.5
2023-07-31 20:10,2,+11.5,+4.1,+9.1,+11.1,+16.2,+19.9,+20.6,+20.7,+20.6,+20.3,+20.2,+20.0,+20.6
2023-07-31 21:10,2,+11.5,+4.1,+9.1,+11.0,+16.1,+19.9,+20.6,+20.6,+20.7,+20.3,+20.2,+20.0,+20.5
2023-07-31 22:10,2,+11.4,+4.1,+9.1,+11.1,+16.2,+19.9,+20.5,+20.6,+20.6,+20.3,+20.2,+20.0,+20.6
2023-07-31 23:10,2,+11.4,+4.1,+9.1,+11.1,+16.2,+19.9,+20.5,+20.6,+20.6,+20.3,+20.2,+20.0,+20.6
2023-08-01 00:10,2,+11.4,+4.1,+9.1,+11.1,+16.2,+19.9,+20.5,+20.6,+20.6,+20.3,+20.2,+20.0,+20.5
2023-08-01 01:10,2,+11.4,+4.1,+9.1,+11.0,+16.1,+19.9,+20.5,+20.6,+20.6,+20.3,+20.2,+20.0,+20.5
2023-08-01 02:10,2,+11.4,+4.1,+9.1,+11.0,+16.1,+19.9,+20.3,+20.5,+20.6,+20.3,+20.2,+20.1,+20.5
2023-08-01 03:10,2,+11.4,+4.1,+9.1,+11.1,+16.2,+19.9,+20.3,+20.5,+20.6,+20.3,+20.2,+20.0,+20.5
2023-08-01 04:10,2,+11.3,+4.1,+9.1,+11.1,+16.2,+19.9,+20.3,+20.5,+20.6,+20.3,+20.3,+20.0,+20.5
2023-08-01 05:10,2,+11.3,+4.1,+9.1,+11.2,+16.2,+19.9,+20.3,+20.5,+20.6,+20.3,+20.2,+20.0,+20.6
2023-08-01 06:10,2,+11.3,+4.1,+9.1,+11.2,+16.2,+19.9,+20.2,+20.5,+20.6,+20.3,+20.2,+20.0,+20.5
2023-08-01 07:10,2,+11.3,+4.1,+9.1,+11.0,+16.1,+19.9,+20.2,+20.5,+20.6,+20.3,+20.2,+20.1,+20.6
2023-08-01 08:10,2,+11.2,+4.1,+9.1,+11.0,+16.1,+19.9,+20.3,+20.5,+20.6,+20.3,+20.2,+20.0,+20.6
2023-08-01 09:10,2,+11.2,+4.1,+9.1,+11.1,+16.2,+19.9,+20.5,+20.3,+20.6,+20.3,+20.2,+20.1,+20.6
2023-08-01 10:10,2,+11.2,+4.1,+9.0,+11.0,+16.1,+19.9,+20.5,+20.3,+20.6,+20.3,+20.2,+20.1,+20.6
2023-08-01 11:10,2,+11.1,+4.1,+9.0,+11.1,+16.2,+19.9,+20.6,+20.5,+20.6,+20.3,+20.2,+20.0,+20.6
2023-08-01 12:10,2,+11.1,+4.1,+9.0,+11.1,+16.2,+19.9,+20.7,+20.5,+20.6,+20.3,+20.3,+20.0,+20.6
2023-08-01 13:10,2,+11.1,+4.1,+9.0,+11.0,+16.1,+19.8,+20.7,+20.5,+20.6,+20.3,+20.2,+20.1,+20.6
2023-08-01 14:10,2,+11.1,+4.1,+9.0,+11.0,+16.1,+19.9,+20.7,+20.5,+20.6,+20.3,+20.2,+20.0,+20.6
2023-08-01 15:10,2,+11.1,+4.1,+9.0,+11.0,+16.1,+19.9,+20.8,+20.6,+20.5,+20.3,+20.2,+20.1,+20.6
2023-08-01 16:10,2,+11.2,+4.1,+9.0,+11.0,+16.1,+19.9,+20.8,+20.6,+20.6,+20.3,+20.2,+20.0,+20.6
2023-08-01 17:10,2,+11.2,+4.1,+9.0,+11.1,+16.2,+19.9,+20.8,+20.7,+20.6,+20.3,+20.2,+20.0,+20.6
2023-08-01 18:10,2,+11.4,+4.1,+9.0,+11.1,+16.2,+19.9,+20.7,+20.7,+20.6,+20.3,+20.2,+20.0,+20.6
2023-08-01 19:10,2,+11.5,+4.1,+9.0,+11.0,+16.1,+19.9,+20.8,+20.6,+20.6,+20.3,+20.2,+20.0,+20.6
2023-08-01 20:10,2,+11.5,+4.1,+9.0,+11.1,+16.2,+19.9,+20.6,+20.6,+20.6,+20.3,+20.2,+20.1,+20.6
2023-08-01 21:10,2,+11.5,+4.1,+9.0,+11.0,+16.1,+19.9,+20.5,+20.6,+20.6,+20.3,+20.2,+20.0,+20.6
2023-08-01 22:10,2,+11.5,+4.1,+9.0,+11.0,+16.1,+19.8,+20.5,+20.6,+20.6,+20.3,+20.3,+20.1,+20.6
2023-08-01 23:10,2,+11.5,+4.1,+9.0,+11.0,+16.1,+19.9,+20.3,+20.6,+20.6,+20.3,+20.2,+20.1,+20.6
2023-08-02 00:10,2,+11.5,+4.1,+9.0,+11.1,+16.2,+19.9,+20.2,+20.5,+20.6,+20.3,+20.3,+20.1,+20.6
2023-08-02 01:10,2,+11.5,+4.1,+9.0,+11.1,+16.2,+19.9,+20.1,+20.5,+20.7,+20.3,+20.2,+20.1,+20.6
2023-08-02 02:10,2,+11.5,+4.1,+9.0,+11.0,+16.1,+19.9,+20.0,+20.5,+20.6,+20.3,+20.2,+20.1,+20.6
2023-08-02 03:10,2,+11.5,+4.1,+9.0,+11.0,+16.1,+19.8,+20.1,+20.3,+20.6,+20.3,+20.2,+20.1,+20.6
2023-08-02 04:10,2,+11.5,+4.1,+9.0,+11.0,+16.1,+19.9,+20.0,+20.3,+20.6,+20.5,+20.2,+20.1,+20.6
2023-08-02 05:10,2,+11.4,+4.0,+9.0,+11.0,+16.1,+19.9,+20.0,+20.2,+20.6,+20.3,+20.2,+20.1,+20.6
2023-08-02 06:10,2,+11.4,+4.0,+9.0,+11.1,+16.2,+19.9,+19.8,+20.2,+20.6,+20.3,+20.2,+20.1,+20.6
2023-08-02 07:10,2,+11.4,+4.0,+9.0,+11.0,+16.1,+19.8,+19.8,+20.1,+20.5,+20.3,+20.2,+20.1,+20.6
2023-08-02 08:10,2,+11.3,+4.0,+9.0,+11.0,+16.1,+19.9,+20.0,+20.1,+20.5,+20.3,+20.2,+20.1,+20.6
2023-08-02 09:10,2,+11.3,+4.0,+9.0,+11.1,+16.2,+19.9,+20.2,+20.2,+20.5,+20.3,+20.2,+20.1,+20.6
2023-08-02 10:10,2,+11.3,+4.0,+9.0,+11.0,+16.1,+19.8,+20.3,+20.2,+20.5,+20.3,+20.2,+20.0,+20.6
2023-08-02 11:10,2,+11.4,+4.0,+9.0,+11.1,+16.2,+19.9,+20.5,+20.2,+20.5,+20.3,+20.2,+20.1,+20.6
2023-08-02 12:10,2,+11.3,+4.0,+9.0,+11.1,+16.2,+19.9,+20.6,+20.2,+20.3,+20.3,+20.2,+20.0,+20.6
2023-08-02 13:10,2,+11.3,+4.0,+9.0,+11.0,+16.1,+19.8,+20.7,+20.3,+20.3,+20.3,+20.2,+20.0,+20.6
2023-08-02 14:10,2,+11.3,+4.0,+9.0,+11.0,+16.1,+19.8,+20.8,+20.3,+20.3,+20.3,+20.2,+20.0,+20.6
2023-08-02 15:10,2,+11.2,+3.9,+9.0,+11.0,+16.1,+19.8,+20.8,+20.5,+20.5,+20.3,+20.2,+20.0,+20.6
2023-08-02 16:10,2,+11.2,+3.9,+8.9,+10.9,+16.1,+19.8,+20.8,+20.5,+20.5,+20.3,+20.2,+20.1,+20.6
2023-08-02 17:10,2,+11.2,+3.9,+9.0,+10.9,+16.1,+19.8,+20.7,+20.5,+20.5,+20.3,+20.2,+20.1,+20.6
2023-08-02 18:10,2,+11.1,+3.9,+8.9,+10.9,+16.1,+19.8,+20.6,+20.5,+20.5,+20.2,+20.2,+20.0,+20.6
2023-08-02 19:10,2,+11.1,+3.9,+8.9,+10.9,+16.1,+19.8,+20.6,+20.5,+20.5,+20.3,+20.2,+20.1,+20.6
2023-08-02 20:10,2,+11.1,+3.9,+8.9,+11.0,+16.1,+19.8,+20.5,+20.5,+20.5,+20.3,+20.2,+20.0,+20.6
2023-08-02 21:10,2,+11.1,+3.9,+8.9,+11.0,+16.1,+19.8,+20.3,+20.6,+20.6,+20.3,+20.2,+20.1,+20.6
2023-08-02 22:10,2,+11.1,+3.9,+9.0,+10.9,+16.1,+19.8,+20.3,+20.5,+20.6,+20.3,+20.2,+20.1,+20.6
2023-08-02 23:10,2,+11.1,+3.9,+9.0,+11.0,+16.1,+19.8,+20.2,+20.5,+20.6,+20.3,+20.2,+20.0,+20.6
2023-08-03 00:10,2,+11.0,+3.9,+8.9,+10.9,+16.1,+19.8,+20.2,+20.5,+20.6,+20.3,+20.2,+20.1,+20.6
2023-08-03 01:10,2,+11.0,+3.9,+8.9,+10.9,+16.1,+19.8,+20.2,+20.3,+20.6,+20.3,+20.2,+20.0,+20.6
2023-08-03 02:10,2,+10.9,+3.9,+8.9,+11.0,+16.1,+19.8,+20.1,+20.3,+20.6,+20.3,+20.2,+20.1,+20.6
2023-08-03 03:10,2,+10.9,+3.9,+8.9,+10.9,+16.1,+19.8,+20.0,+20.3,+20.6,+20.3,+20.3,+20.1,+20.6
2023-08-03 04:10,2,+10.9,+3.9,+8.9,+11.0,+16.1,+19.8,+20.0,+20.3,+20.5,+20.3,+20.2,+20.1,+20.6
2023-08-03 05:10,2,+10.9,+3.9,+9.1,+10.9,+16.1,+19.8,+19.8,+20.2,+20.5,+20.3,+20.2,+20.1,+20.6
2023-08-03 06:10,2,+10.8,+3.9,+8.9,+11.0,+16.0,+19.8,+19.8,+20.2,+20.5,+20.3,+20.2,+20.1,+20.6
2023-08-03 07:10,2,+10.8,+3.9,+9.0,+10.9,+16.1,+19.8,+19.8,+20.2,+20.5,+20.3,+20.2,+20.1,+20.6
2023-08-03 08:10,2,+11.1,+3.9,+8.9,+11.0,+16.1,+19.8,+19.8,+20.1,+20.5,+20.3,+20.2,+20.1,+20.6
2023-08-03 09:10,2,+11.1,+3.8,+8.9,+10.9,+16.0,+19.8,+19.8,+20.1,+20.5,+20.3,+20.2,+20.1,+20.6
2023-08-03 10:10,2,+11.3,+3.8,+8.9,+10.9,+16.0,+19.8,+20.0,+20.1,+20.5,+20.3,+20.2,+20.1,+20.6
2023-08-03 11:10,2,+11.3,+3.8,+8.9,+10.9,+16.0,+19.8,+20.0,+20.1,+20.3,+20.3,+20.2,+20.1,+20.6
2023-08-03 12:10,2,+11.3,+3.8,+8.9,+11.0,+16.1,+19.8,+20.1,+20.1,+20.3,+20.2,+20.2,+20.0,+20.6
2023-08-03 13:10,2,+11.3,+3.8,+8.9,+11.0,+16.1,+19.8,+20.1,+20.1,+20.3,+20.3,+20.2,+20.1,+20.6
2023-08-03 14:10,2,+11.5,+3.8,+8.8,+10.9,+16.0,+19.8,+20.2,+20.2,+20.2,+20.2,+20.2,+20.1,+20.6
2023-08-03 15:10,2,+11.6,+3.8,+8.9,+10.9,+16.0,+19.8,+20.3,+20.2,+20.3,+20.2,+20.2,+20.1,+20.6
2023-08-03 16:10,2,+11.6,+3.8,+8.9,+11.0,+16.1,+19.8,+20.5,+20.2,+20.3,+20.2,+20.2,+20.0,+20.6
2023-08-03 17:10,2,+11.5,+3.8,+8.9,+11.0,+16.1,+19.8,+20.6,+20.2,+20.3,+20.2,+20.2,+20.1,+20.6
2023-08-03 18:10,2,+11.5,+3.8,+8.9,+11.0,+16.1,+19.8,+20.6,+20.3,+20.3,+20.2,+20.2,+20.0,+20.6
2023-08-03 19:10,2,+11.6,+3.8,+8.8,+10.9,+16.0,+19.8,+20.6,+20.3,+20.3,+20.2,+20.2,+20.0,+20.6
2023-08-03 20:10,2,+11.6,+3.8,+8.8,+11.0,+16.1,+19.8,+20.5,+20.5,+20.3,+20.2,+20.2,+20.0,+20.6
2023-08-03 21:10,2,+11.6,+3.8,+8.9,+11.0,+16.1,+19.8,+20.5,+20.5,+20.5,+20.2,+20.2,+20.1,+20.6
2023-08-03 22:10,2,+11.6,+3.8,+8.9,+10.9,+16.0,+19.7,+20.3,+20.5,+20.5,+20.2,+20.2,+20.0,+20.6
2023-08-03 23:10,2,+11.6,+3.8,+8.9,+11.0,+16.1,+19.8,+20.3,+20.5,+20.5,+20.2,+20.2,+20.0,+20.6
2023-08-04 00:10,2,+11.7,+3.8,+8.8,+11.0,+16.0,+19.8,+20.2,+20.3,+20.5,+20.3,+20.2,+20.1,+20.6
2023-08-04 01:10,2,+11.6,+3.8,+8.9,+10.9,+16.0,+19.7,+20.1,+20.3,+20.5,+20.3,+20.2,+20.0,+20.6
2023-08-04 02:10,2,+11.6,+3.8,+9.0,+11.0,+16.1,+19.8,+20.2,+20.3,+20.5,+20.3,+20.2,+20.1,+20.6
2023-08-04 03:10,2,+11.7,+3.7,+8.8,+11.0,+16.0,+19.7,+20.1,+20.3,+20.5,+20.2,+20.2,+20.0,+20.6
2023-08-04 04:10,2,+11.6,+3.7,+8.8,+10.9,+16.0,+19.7,+20.1,+20.3,+20.5,+20.3,+20.2,+20.0,+20.6
2023-08-04 05:10,2,+11.6,+3.8,+9.0,+11.0,+16.1,+19.8,+20.1,+20.3,+20.5,+20.2,+20.2,+20.0,+20.6
2023-08-04 06:10,2,+11.6,+3.7,+9.0,+10.9,+16.0,+19.7,+20.1,+20.2,+20.5,+20.3,+20.2,+20.1,+20.6
2023-08-04 07:10,2,+11.6,+3.7,+8.9,+10.9,+16.0,+19.7,+20.1,+20.2,+20.5,+20.3,+20.2,+20.1,+20.6
2023-08-04 08:10,2,+11.6,+3.7,+8.9,+11.0,+16.0,+19.8,+20.1,+20.2,+20.5,+20.2,+20.2,+20.0,+20.6
2023-08-04 09:10,2,+11.5,+3.7,+8.9,+11.0,+16.0,+19.8,+20.1,+20.2,+20.5,+20.3,+20.2,+20.0,+20.6
2023-08-04 10:10,2,+11.5,+3.7,+8.9,+10.9,+16.0,+19.7,+20.1,+20.2,+20.5,+20.3,+20.2,+20.1,+20.6
2023-08-04 11:10,2,+11.5,+3.7,+8.9,+11.0,+16.0,+19.7,+20.2,+20.2,+20.3,+20.3,+20.2,+20.1,+20.6
2023-08-04 12:10,2,+11.5,+3.7,+8.8,+10.9,+16.0,+19.7,+20.5,+20.2,+20.3,+20.2,+20.2,+20.0,+20.6
2023-08-04 13:10,2,+11.5,+3.7,+8.8,+11.0,+16.0,+19.7,+20.6,+20.3,+20.3,+20.3,+20.2,+20.0,+20.6
2023-08-04 14:10,2,+11.4,+3.7,+9.0,+10.8,+16.0,+19.7,+20.7,+20.3,+20.3,+20.3,+20.2,+20.1,+20.6
2023-08-04 15:10,2,+11.3,+3.6,+8.8,+11.0,+16.0,+19.7,+20.8,+20.5,+20.5,+20.2,+20.2,+20.0,+20.6
2023-08-04 16:10,2,+11.3,+3.6,+8.8,+10.8,+16.0,+19.7,+20.8,+20.5,+20.5,+20.3,+20.2,+20.0,+20.6
2023-08-04 17:10,2,+11.3,+3.6,+8.8,+11.0,+16.0,+19.7,+20.8,+20.5,+20.5,+20.2,+20.2,+20.0,+20.6
2023-08-04 18:10,2,+11.2,+3.6,+8.8,+10.8,+15.9,+19.7,+20.7,+20.6,+20.5,+20.3,+20.2,+20.1,+20.6
2023-08-04 19:10,2,+11.2,+3.6,+8.8,+11.0,+16.0,+19.7,+20.7,+20.6,+20.5,+20.2,+20.2,+20.1,+20.6
2023-08-04 20:10,2,+11.1,+3.6,+8.8,+10.8,+15.9,+19.7,+20.6,+20.6,+20.5,+20.3,+20.2,+20.1,+20.6
2023-08-04 21:10,2,+11.1,+3.6,+8.9,+10.8,+16.0,+19.7,+20.6,+20.6,+20.6,+20.3,+20.2,+20.1,+20.6
2023-08-04 22:10,2,+11.1,+3.6,+8.8,+10.8,+15.9,+19.7,+20.5,+20.6,+20.6,+20.3,+20.2,+20.0,+20.6
2023-08-04 23:10,2,+11.1,+3.6,+8.8,+10.9,+16.0,+19.7,+20.3,+20.6,+20.6,+20.3,+20.2,+20.1,+20.6
2023-08-05 00:10,2,+19.0,+4.1,+9.0,+10.9,+16.0,+19.7,+20.2,+20.5,+20.6,+20.3,+20.2,+20.0,+20.6
2023-08-05 01:10,2,+15.3,+4.7,+9.1,+10.9,+16.0,+19.6,+20.3,+20.5,+20.6,+20.3,+20.3,+20.1,+20.6
2023-08-05 02:10,2,+14.8,+4.7,+9.1,+10.9,+16.0,+19.6,+20.2,+20.5,+20.6,+20.3,+20.2,+20.1,+20.6
2023-08-05 03:10,2,+14.5,+4.7,+9.2,+10.8,+16.0,+19.6,+20.2,+20.5,+20.6,+20.3,+20.2,+20.1,+20.6
2023-08-05 04:10,2,+14.3,+4.7,+9.2,+11.0,+16.0,+19.6,+20.1,+20.3,+20.6,+20.3,+20.2,+20.1,+20.7
2023-08-05 05:10,2,+14.3,+4.6,+9.3,+11.0,+16.0,+19.6,+20.1,+20.3,+20.6,+20.3,+20.2,+20.1,+20.6
2023-08-05 06:10,2,+14.2,+4.6,+9.3,+11.0,+16.0,+19.6,+20.0,+20.3,+20.5,+20.3,+20.2,+20.1,+20.7
2023-08-05 07:10,2,+14.3,+4.6,+9.3,+11.0,+16.0,+19.6,+20.0,+20.3,+20.5,+20.3,+20.2,+20.1,+20.7
2023-08-05 08:10,2,+14.4,+4.6,+9.3,+10.9,+16.0,+19.6,+20.0,+20.2,+20.5,+20.3,+20.3,+20.1,+20.6
2023-08-05 09:10,2,+14.3,+4.6,+9.3,+11.0,+16.1,+19.6,+20.0,+20.2,+20.5,+20.3,+20.3,+20.1,+20.7
2023-08-05 10:10,2,+14.3,+4.6,+9.3,+11.0,+16.1,+19.6,+20.1,+20.2,+20.5,+20.3,+20.2,+20.1,+20.7
2023-08-05 11:10,2,+14.1,+4.6,+9.3,+11.0,+16.1,+19.6,+20.2,+20.2,+20.5,+20.3,+20.2,+20.1,+20.7
2023-08-05 12:10,2,+14.1,+4.6,+9.3,+10.9,+16.0,+19.6,+20.3,+20.1,+20.3,+20.3,+20.2,+20.0,+20.7
2023-08-05 13:10,2,+14.0,+4.6,+9.3,+11.0,+16.1,+19.6,+20.5,+20.2,+20.3,+20.3,+20.2,+20.1,+20.7
2023-08-05 14:10,2,+13.9,+4.6,+9.3,+11.0,+16.1,+19.6,+20.5,+20.2,+20.5,+20.2,+20.2,+20.1,+20.7
2023-08-05 15:10,2,+13.9,+4.6,+9.3,+10.9,+16.0,+19.6,+20.5,+20.3,+20.5,+20.2,+20.2,+20.1,+20.7
2023-08-05 16:10,2,+13.8,+4.5,+9.3,+11.0,+16.1,+19.6,+20.6,+20.2,+20.3,+20.2,+20.2,+20.1,+20.7
2023-08-05 17:10,2,+13.7,+4.5,+9.3,+10.9,+16.0,+19.6,+20.5,+20.3,+20.3,+20.2,+20.2,+20.1,+20.7
2023-08-05 18:10,2,+13.6,+4.5,+9.3,+10.9,+16.0,+19.6,+20.3,+20.3,+20.5,+20.3,+20.2,+20.1,+20.7
2023-08-05 19:10,2,+13.6,+4.5,+9.3,+11.0,+16.0,+19.6,+20.3,+20.3,+20.5,+20.3,+20.2,+20.1,+20.6
2023-08-05 20:10,2,+13.6,+4.5,+9.3,+10.9,+16.0,+19.6,+20.3,+20.3,+20.5,+20.3,+20.2,+20.1,+20.7
2023-08-05 21:10,2,+13.5,+4.5,+9.3,+11.0,+16.1,+19.6,+20.2,+20.3,+20.5,+20.3,+20.2,+20.1,+20.7
2023-08-05 22:10,2,+13.5,+4.5,+9.3,+11.0,+16.1,+19.6,+20.1,+20.3,+20.5,+20.3,+20.2,+20.1,+20.7
2023-08-05 23:10,2,+13.4,+4.5,+9.3,+10.9,+16.0,+19.6,+20.1,+20.3,+20.3,+20.3,+20.2,+20.1,+20.6
2023-08-06 00:10,2,+13.4,+4.5,+9.3,+10.9,+16.0,+19.6,+20.0,+20.2,+20.5,+20.3,+20.2,+20.1,+20.7
2023-08-06 01:10,2,+13.4,+4.4,+9.3,+10.8,+16.0,+19.6,+20.0,+20.2,+20.5,+20.3,+20.2,+20.1,+20.7
2023-08-06 02:10,2,+13.4,+4.5,+9.3,+10.9,+16.0,+19.6,+20.0,+20.2,+20.5,+20.3,+20.2,+20.1,+20.7
2023-08-06 03:10,2,+13.8,+4.4,+9.3,+10.9,+16.0,+19.6,+20.0,+20.2,+20.3,+20.2,+20.3,+20.1,+20.6
2023-08-06 04:10,2,+14.5,+4.4,+9.3,+10.9,+16.0,+19.6,+20.0,+20.2,+20.3,+20.3,+20.2,+20.1,+20.7
2023-08-06 05:10,2,+14.6,+4.4,+9.3,+10.9,+16.0,+19.6,+20.0,+20.2,+20.3,+20.3,+20.2,+20.1,+20.7
2023-08-06 06:10,2,+14.6,+4.4,+9.3,+11.0,+16.1,+19.6,+19.8,+20.2,+20.3,+20.3,+20.2,+20.1,+20.7
2023-08-06 07:10,2,+14.7,+4.4,+9.3,+10.9,+16.1,+19.6,+19.8,+20.1,+20.3,+20.2,+20.2,+20.1,+20.7
2023-08-06 08:10,2,+14.6,+4.4,+9.3,+11.0,+16.1,+19.6,+19.8,+20.1,+20.3,+20.3,+20.2,+20.1,+20.7
2023-08-06 09:10,2,+14.6,+4.5,+9.0,+10.9,+16.0,+19.6,+19.8,+20.1,+20.3,+20.2,+20.2,+20.1,+20.7
2023-08-06 10:10,2,+14.6,+4.5,+9.2,+11.0,+16.1,+19.7,+19.8,+20.1,+20.3,+20.2,+20.2,+20.1,+20.7
2023-08-06 11:10,2,+14.5,+4.5,+9.1,+11.0,+16.0,+19.7,+19.8,+20.0,+20.2,+20.2,+20.2,+20.1,+20.6
2023-08-06 12:10,2,+14.4,+4.5,+9.0,+11.0,+16.0,+19.7,+20.1,+20.1,+20.3,+20.2,+20.2,+20.1,+20.7
2023-08-06 13:10,2,+14.2,+4.5,+9.1,+11.0,+16.0,+19.7,+20.1,+20.0,+20.2,+20.2,+20.2,+20.1,+20.7
2023-08-06 14:10,2,+14.1,+4.4,+9.0,+10.9,+16.0,+19.6,+20.2,+20.0,+20.2,+20.2,+20.2,+20.1,+20.7
2023-08-06 15:10,2,+14.1,+4.4,+9.0,+10.9,+16.0,+19.6,+20.2,+20.1,+20.3,+20.2,+20.2,+20.1,+20.6
2023-08-06 16:10,2,+14.1,+4.4,+9.0,+11.0,+16.0,+19.7,+20.2,+20.1,+20.3,+20.2,+20.2,+20.1,+20.6
2023-08-06 17:10,2,+14.0,+4.4,+9.0,+10.9,+16.0,+19.6,+20.2,+20.1,+20.3,+20.2,+20.2,+20.1,+20.7
2023-08-06 18:10,2,+13.9,+4.4,+9.0,+10.9,+16.0,+19.6,+20.2,+20.1,+20.2,+20.2,+20.2,+20.1,+20.7
2023-08-06 19:10,2,+13.9,+4.4,+9.0,+11.0,+16.0,+19.7,+20.2,+20.1,+20.2,+20.2,+20.2,+20.0,+20.7
2023-08-06 20:10,2,+13.9,+4.4,+9.0,+11.0,+16.0,+19.7,+20.0,+20.2,+20.3,+20.2,+20.2,+20.0,+20.6
2023-08-06 21:10,2,+13.9,+4.4,+9.0,+11.0,+16.0,+19.7,+19.8,+20.2,+20.3,+20.2,+20.2,+20.0,+20.6
2023-08-06 22:10,2,+14.1,+4.4,+9.0,+11.0,+16.0,+19.7,+19.7,+20.1,+20.3,+20.1,+20.2,+20.0,+20.6
2023-08-06 23:10,2,+13.8,+4.4,+9.0,+10.9,+16.0,+19.6,+19.7,+20.1,+20.2,+20.2,+20.2,+20.0,+20.6
2023-08-07 00:10,2,+13.8,+4.4,+9.0,+11.0,+16.0,+19.6,+19.7,+20.0,+20.2,+20.2,+20.2,+20.0,+20.7
2023-08-07 01:10,2,+13.8,+4.3,+9.0,+10.9,+16.0,+19.6,+19.7,+20.0,+20.3,+20.2,+20.2,+20.1,+20.6
2023-08-07 02:10,2,+13.8,+4.4,+9.0,+11.0,+16.0,+19.7,+19.6,+20.0,+20.2,+20.2,+20.2,+20.1,+20.6
2023-08-07 03:10,2,+13.7,+4.4,+9.0,+11.0,+16.0,+19.7,+19.6,+20.0,+20.2,+20.2,+20.2,+20.0,+20.7
2023-08-07 04:10,2,+13.8,+4.4,+9.0,+10.9,+16.0,+19.6,+19.6,+20.0,+20.2,+20.1,+20.2,+20.1,+20.6
2023-08-07 05:10,2,+13.7,+4.4,+9.0,+11.0,+16.0,+19.7,+19.6,+19.8,+20.2,+20.1,+20.2,+20.0,+20.7
2023-08-07 06:10,2,+13.7,+4.3,+9.0,+11.0,+16.0,+19.7,+19.7,+20.0,+20.2,+20.2,+20.2,+20.1,+20.6
2023-08-07 07:10,2,+13.7,+4.3,+9.0,+10.9,+16.0,+19.6,+19.7,+19.8,+20.2,+20.2,+20.1,+20.0,+20.7
2023-08-07 08:10,2,+13.7,+4.3,+9.0,+10.9,+16.0,+19.6,+19.7,+20.0,+20.2,+20.1,+20.2,+20.0,+20.6
2023-08-07 09:10,2,+13.7,+4.3,+9.0,+10.9,+16.0,+19.6,+19.7,+19.8,+20.2,+20.1,+20.2,+20.0,+20.7
2023-08-07 10:10,2,+13.8,+4.3,+9.0,+10.9,+16.0,+19.6,+19.8,+19.8,+20.2,+20.1,+20.2,+20.1,+20.6
2023-08-07 11:10,2,+18.2,+4.4,+9.1,+11.0,+16.0,+19.7,+19.7,+19.8,+20.2,+20.1,+20.2,+20.0,+20.6
2023-08-07 12:10,2,+18.7,+5.5,+9.1,+11.0,+16.1,+19.7,+19.7,+19.8,+20.1,+20.1,+20.1,+20.0,+20.6
2023-08-07 13:10,2,+17.3,+5.8,+9.5,+11.1,+16.0,+19.7,+19.7,+19.8,+20.1,+20.1,+20.1,+20.0,+20.6
2023-08-07 14:10,2,+16.8,+5.9,+9.8,+11.0,+16.0,+19.7,+19.7,+19.8,+20.1,+20.1,+20.1,+20.0,+20.6
2023-08-07 15:10,2,+16.4,+5.8,+9.8,+11.1,+16.0,+19.7,+19.7,+19.8,+20.1,+20.1,+20.2,+20.0,+20.6
2023-08-07 16:10,2,+16.2,+5.8,+9.9,+11.2,+16.1,+19.7,+19.7,+19.8,+20.2,+20.1,+20.1,+20.0,+20.6
2023-08-07 17:10,2,+16.4,+5.7,+10.0,+11.2,+16.1,+19.7,+19.6,+19.8,+20.1,+20.1,+20.1,+20.0,+20.6
2023-08-07 18:10,2,+16.0,+5.6,+9.9,+11.3,+16.1,+19.7,+19.5,+19.8,+20.1,+20.1,+20.1,+20.0,+20.6
2023-08-07 19:10,2,+15.7,+5.6,+10.0,+11.3,+16.1,+19.7,+19.3,+19.8,+20.1,+20.0,+20.1,+20.0,+20.6
2023-08-07 20:10,2,+15.6,+5.5,+10.0,+11.3,+16.1,+19.7,+19.1,+19.6,+20.1,+20.1,+20.1,+20.0,+20.6
2023-08-07 21:10,2,+15.5,+5.5,+10.0,+11.3,+16.1,+19.7,+19.0,+19.6,+20.1,+20.1,+20.1,+20.0,+20.6
2023-08-07 22:10,2,+15.4,+5.4,+9.9,+11.2,+16.1,+19.7,+19.0,+19.6,+20.0,+20.1,+20.1,+20.0,+20.6
2023-08-07 23:10,2,+15.3,+5.4,+10.0,+11.3,+16.2,+19.8,+19.0,+19.5,+20.0,+20.0,+20.1,+20.0,+20.6
2023-08-08 00:10,2,+15.2,+5.4,+9.9,+11.3,+16.2,+19.7,+18.8,+19.5,+20.0,+20.0,+20.1,+20.0,+20.6
2023-08-08 01:10,2,+15.2,+5.3,+9.9,+11.3,+16.2,+19.8,+18.7,+19.3,+20.0,+20.0,+20.1,+19.8,+20.6
2023-08-08 02:10,2,+15.1,+5.2,+9.8,+11.2,+16.1,+19.7,+18.7,+19.3,+20.0,+20.0,+20.1,+20.0,+20.6
2023-08-08 03:10,2,+15.1,+5.2,+9.9,+11.3,+16.2,+19.8,+18.7,+19.2,+19.8,+20.0,+20.1,+20.0,+20.6
2023-08-08 04:10,2,+15.1,+5.2,+9.8,+11.3,+16.2,+19.8,+18.7,+19.2,+19.8,+20.0,+20.1,+20.0,+20.6
2023-08-08 05:10,2,+15.3,+5.2,+9.8,+11.3,+16.2,+19.8,+18.7,+19.2,+19.7,+20.0,+20.1,+20.0,+20.6
2023-08-08 06:10,2,+15.4,+5.1,+9.8,+11.2,+16.2,+19.8,+18.7,+19.1,+19.7,+19.8,+20.1,+20.0,+20.6
2023-08-08 07:10,2,+15.4,+5.1,+9.8,+11.2,+16.1,+19.8,+18.7,+19.1,+19.7,+20.0,+20.0,+19.8,+20.5
2023-08-08 08:10,2,+15.4,+5.1,+9.8,+11.2,+16.1,+19.8,+18.8,+19.1,+19.7,+19.8,+20.0,+19.8,+20.5
2023-08-08 09:10,2,+15.4,+5.1,+9.8,+11.3,+16.2,+19.8,+19.0,+19.1,+19.6,+19.8,+20.0,+19.8,+20.6
2023-08-08 10:10,2,+15.4,+5.0,+9.8,+11.2,+16.1,+19.8,+19.3,+19.1,+19.6,+19.8,+20.0,+19.8,+20.6