
2023-07-11 10:01,3,+13.9,+5.6,+16.8,+14.1,+12.3,+31.3,+23.0,+23.5,+23.8,+24.3,+23.6,+23.3,+24.1
2023-07-11 11:01,3,+15.0,+6.3,+17.1,+14.4,+12.3,+31.7,+21.1,+21.6,+21.6,+22.1,+22.0,+21.8,+22.1
2023-07-11 12:01,3,+15.4,+6.4,+17.2,+14.5,+12.4,+31.7,+21.1,+21.5,+21.5,+22.0,+22.0,+21.7,+22.1
2023-07-11 13:01,3,+15.6,+6.5,+17.3,+14.5,+12.4,+31.7,+21.2,+21.5,+21.5,+22.0,+22.0,+21.7,+22.0
2023-07-11 14:01,3,+15.9,+6.6,+17.3,+14.4,+12.4,+31.7,+21.3,+21.5,+21.3,+22.0,+21.8,+21.7,+22.0
2023-07-11 15:01,3,+16.0,+6.7,+17.4,+14.6,+12.4,+31.7,+21.3,+21.5,+21.3,+22.0,+22.0,+21.7,+22.0
2023-07-11 16:01,3,+16.1,+6.7,+17.4,+14.5,+12.4,+31.7,+21.2,+21.6,+21.3,+22.0,+21.8,+21.7,+22.0
2023-07-11 17:01,3,+16.4,+6.8,+17.4,+14.6,+12.4,+31.8,+21.2,+21.6,+21.5,+22.0,+21.8,+21.7,+22.1
2023-07-11 18:01,3,+16.7,+6.9,+17.5,+14.5,+12.4,+31.7,+21.2,+21.6,+21.5,+22.0,+21.8,+21.7,+22.0
2023-07-11 19:01,3,+16.9,+6.9,+17.5,+14.5,+12.4,+31.8,+21.1,+21.6,+21.3,+22.0,+21.8,+21.7,+22.0
2023-07-11 20:01,3,+17.1,+6.9,+17.5,+14.6,+12.5,+31.8,+21.0,+21.6,+21.5,+22.0,+21.8,+21.6,+22.0
2023-07-11 21:01,3,+17.1,+6.9,+17.6,+14.6,+12.5,+31.8,+20.8,+21.6,+21.5,+22.0,+21.8,+21.7,+22.0
2023-07-11 22:01,3,+17.2,+6.9,+17.6,+14.7,+12.5,+31.8,+20.8,+21.6,+21.5,+22.0,+21.8,+21.7,+22.0
2023-07-11 23:01,3,+17.3,+7.0,+17.6,+14.6,+12.5,+31.8,+20.7,+21.5,+21.5,+22.0,+21.8,+21.6,+22.0
2023-07-12 00:01,3,+17.4,+7.0,+17.6,+14.6,+12.5,+31.8,+20.7,+21.5,+21.3,+22.0,+21.8,+21.7,+22.0
2023-07-12 01:01,3,+17.5,+7.1,+17.6,+14.8,+12.5,+31.9,+20.6,+21.5,+21.5,+21.8,+21.8,+21.7,+22.0
2023-07-12 02:01,3,+17.6,+7.1,+17.6,+14.8,+12.6,+31.9,+20.6,+21.5,+21.3,+21.8,+21.8,+21.7,+22.0
2023-07-12 03:01,3,+17.6,+7.1,+17.7,+14.7,+12.5,+31.9,+20.6,+21.3,+21.5,+22.0,+21.8,+21.7,+22.0
2023-07-12 04:01,3,+17.7,+7.1,+17.7,+14.7,+12.5,+31.9,+20.5,+21.3,+21.5,+22.0,+21.8,+21.6,+22.0
2023-07-12 05:01,3,+17.7,+7.3,+17.7,+14.7,+12.5,+31.9,+20.5,+21.3,+21.5,+22.0,+21.8,+21.7,+22.0
2023-07-12 06:01,3,+17.8,+7.3,+17.7,+14.7,+12.6,+31.9,+20.3,+21.3,+21.3,+21.8,+21.8,+21.7,+22.0
2023-07-12 07:01,3,+17.8,+7.3,+17.8,+14.7,+12.6,+31.9,+20.3,+21.3,+21.3,+22.0,+21.8,+21.6,+22.0
2023-07-12 08:01,3,+17.9,+7.3,+17.8,+14.8,+12.6,+31.9,+20.5,+21.2,+21.3,+21.8,+21.8,+21.6,+22.0
2023-07-12 09:01,3,+17.8,+7.4,+17.8,+14.9,+12.6,+31.9,+20.6,+21.2,+21.3,+21.8,+21.8,+21.7,+22.0
2023-07-12 10:01,3,+17.7,+7.3,+17.8,+14.9,+12.6,+31.9,+21.0,+21.2,+21.3,+21.8,+21.8,+21.7,+22.0
2023-07-12 11:01,3,+17.6,+7.3,+17.8,+14.9,+12.6,+31.9,+21.2,+21.3,+21.3,+21.8,+21.8,+21.6,+22.0
2023-07-12 12:01,3,+17.5,+7.4,+17.8,+14.8,+12.6,+31.9,+21.6,+21.3,+21.3,+21.8,+21.8,+21.6,+22.0
2023-07-12 13:01,3,+17.5,+7.4,+17.8,+14.8,+12.6,+31.9,+21.8,+21.5,+21.3,+21.8,+21.8,+21.7,+22.0
2023-07-12 14:01,3,+17.5,+7.4,+17.8,+14.8,+12.6,+31.9,+22.1,+21.6,+21.3,+21.8,+21.8,+21.6,+22.0
2023-07-12 15:01,3,+17.5,+7.4,+17.9,+14.8,+12.6,+31.9,+22.1,+21.7,+21.3,+21.8,+21.8,+21.7,+22.0
2023-07-12 16:01,3,+17.7,+7.4,+17.9,+14.8,+12.6,+31.9,+22.0,+21.7,+21.3,+21.8,+21.8,+21.7,+22.0
2023-07-12 17:01,3,+18.0,+7.5,+17.9,+14.8,+12.6,+31.9,+22.0,+21.8,+21.3,+21.8,+21.8,+21.6,+22.0
2023-07-12 18:01,3,+18.4,+7.5,+17.9,+14.8,+12.6,+31.9,+21.7,+21.8,+21.3,+21.8,+21.7,+21.7,+22.0
2023-07-12 19:01,3,+18.6,+7.5,+17.9,+15.0,+12.7,+32.0,+21.6,+21.8,+21.3,+21.8,+21.7,+21.6,+22.0
2023-07-12 20:01,3,+18.7,+7.5,+17.9,+15.0,+12.7,+32.0,+21.5,+21.8,+21.5,+21.8,+21.8,+21.7,+22.0
2023-07-12 21:01,3,+18.8,+7.6,+17.9,+15.0,+12.7,+32.0,+21.3,+21.8,+21.5,+21.8,+21.8,+21.6,+22.0
2023-07-12 22:01,3,+18.9,+7.6,+17.9,+14.9,+12.7,+31.9,+21.3,+21.8,+21.5,+21.8,+21.8,+21.6,+22.0
2023-07-12 23:01,3,+19.0,+7.6,+18.0,+15.0,+12.7,+32.0,+21.3,+21.8,+21.5,+21.8,+21.8,+21.6,+22.0
2023-07-13 00:01,3,+19.4,+7.7,+18.0,+15.0,+12.8,+32.0,+21.2,+21.8,+21.5,+22.0,+21.8,+21.6,+22.0
2023-07-13 01:01,3,+23.0,+8.6,+18.0,+14.9,+12.7,+32.0,+21.1,+21.7,+21.5,+21.8,+21.8,+21.6,+22.0
2023-07-13 02:01,3,+23.0,+9.6,+18.1,+15.0,+12.7,+32.0,+21.0,+21.7,+21.5,+22.0,+21.8,+21.6,+22.0
2023-07-13 03:01,3,+22.4,+9.8,+18.3,+15.1,+12.8,+32.0,+20.8,+21.7,+21.5,+22.0,+21.8,+21.6,+22.0
2023-07-13 04:01,3,+21.8,+9.6,+18.6,+15.1,+12.8,+32.0,+20.8,+21.6,+21.5,+22.0,+21.8,+21.6,+22.0
2023-07-13 05:01,3,+22.3,+9.6,+18.9,+15.2,+12.8,+32.1,+20.7,+21.7,+21.5,+22.0,+21.8,+21.7,+22.0
2023-07-13 06:01,3,+22.9,+10.0,+19.3,+15.2,+12.8,+32.1,+20.7,+21.6,+21.5,+22.0,+21.8,+21.7,+22.0
2023-07-13 07:01,3,+22.2,+10.1,+19.5,+15.4,+12.8,+32.1,+20.6,+21.5,+21.5,+22.0,+21.8,+21.7,+22.0
2023-07-13 08:01,3,+21.8,+10.2,+19.5,+15.6,+12.9,+32.1,+20.7,+21.5,+21.5,+22.0,+21.8,+21.6,+22.0
2023-07-13 09:01,3,+21.6,+10.3,+19.5,+15.5,+12.9,+32.1,+20.7,+21.5,+21.5,+22.0,+21.8,+21.6,+22.0
2023-07-13 10:01,3,+22.0,+10.4,+19.5,+15.7,+13.0,+32.1,+20.8,+21.5,+21.5,+22.0,+21.8,+21.6,+22.0
2023-07-13 11:01,3,+22.1,+10.5,+19.6,+15.7,+13.1,+32.2,+20.8,+21.5,+21.5,+22.0,+21.8,+21.6,+22.0
2023-07-13 12:01,3,+22.0,+10.5,+19.6,+15.7,+13.2,+32.2,+20.8,+21.5,+21.5,+22.0,+21.8,+21.6,+22.0
2023-07-13 13:01,3,+21.8,+10.4,+19.6,+15.9,+13.3,+32.3,+20.8,+21.5,+21.5,+22.0,+21.8,+21.7,+22.0
2023-07-13 14:01,3,+21.6,+10.3,+19.6,+15.8,+13.4,+32.3,+21.3,+21.5,+21.5,+22.0,+21.8,+21.6,+22.0
2023-07-13 15:01,3,+21.4,+10.3,+19.6,+15.9,+13.5,+32.5,+21.8,+21.5,+21.3,+21.8,+21.8,+21.7,+22.0
2023-07-13 16:01,3,+21.2,+10.2,+19.6,+15.9,+13.6,+32.5,+22.0,+21.6,+21.5,+22.0,+21.8,+21.7,+22.0
2023-07-13 17:01,3,+21.1,+10.2,+19.6,+15.9,+13.6,+32.6,+22.0,+21.7,+21.5,+22.0,+21.8,+21.7,+22.0
2023-07-13 18:01,3,+21.0,+10.2,+19.6,+15.9,+13.6,+32.7,+21.8,+21.8,+21.5,+21.8,+21.8,+21.6,+22.0
2023-07-13 19:01,3,+21.0,+10.1,+19.6,+15.8,+13.6,+32.8,+21.6,+21.8,+21.5,+22.0,+21.8,+21.6,+22.0
2023-07-13 20:01,3,+21.4,+10.1,+19.5,+16.0,+13.7,+32.9,+21.6,+21.8,+21.5,+22.0,+21.8,+21.7,+22.0
2023-07-13 21:01,3,+24.1,+11.9,+21.3,+19.2,+16.7,+35.4,+21.2,+21.8,+21.5,+22.0,+21.8,+21.6,+22.0
2023-07-13 22:01,3,+22.8,+11.1,+20.7,+17.3,+15.7,+36.2,+21.1,+21.8,+21.5,+22.0,+21.7,+21.6,+22.0
2023-07-13 23:01,3,+22.4,+10.9,+20.5,+17.0,+15.2,+36.0,+21.0,+21.7,+21.5,+22.0,+21.7,+21.6,+22.0
2023-07-14 00:01,3,+22.2,+10.7,+20.4,+16.7,+14.9,+35.7,+21.0,+21.7,+21.5,+22.0,+21.8,+21.7,+22.0
2023-07-14 01:01,3,+22.1,+10.6,+20.3,+16.6,+14.8,+35.5,+21.0,+21.7,+21.5,+21.8,+21.8,+21.6,+22.0
2023-07-14 02:01,3,+22.0,+10.6,+20.2,+16.5,+14.6,+35.3,+20.8,+21.6,+21.5,+22.0,+21.8,+21.6,+22.0
2023-07-14 03:01,3,+22.0,+10.6,+20.2,+16.5,+14.5,+35.1,+20.8,+21.6,+21.6,+22.0,+21.8,+21.6,+22.0
2023-07-14 04:01,3,+22.0,+10.6,+20.1,+16.5,+14.5,+35.0,+20.8,+21.6,+21.5,+22.0,+21.8,+21.6,+22.0
2023-07-14 05:01,3,+22.3,+10.5,+20.1,+16.5,+14.5,+34.9,+20.7,+21.5,+21.5,+21.8,+21.8,+21.6,+22.0
2023-07-14 06:01,3,+22.3,+10.6,+20.1,+16.4,+14.4,+34.8,+20.7,+21.5,+21.5,+22.0,+21.8,+21.6,+22.0
2023-07-14 07:01,3,+22.2,+10.5,+20.1,+16.4,+14.3,+34.7,+20.7,+21.5,+21.5,+21.8,+21.7,+21.6,+21.8
2023-07-14 08:01,3,+22.1,+10.5,+20.1,+16.4,+14.3,+34.6,+20.7,+21.5,+21.5,+22.0,+21.8,+21.6,+22.0
2023-07-14 09:01,3,+22.1,+10.5,+20.1,+16.5,+14.3,+34.6,+20.7,+21.5,+21.5,+21.8,+21.8,+21.6,+22.0
2023-07-14 10:01,3,+22.0,+10.5,+20.1,+16.5,+14.3,+34.5,+20.8,+21.5,+21.3,+21.8,+21.8,+21.6,+22.0
2023-07-14 11:01,3,+22.0,+10.5,+20.0,+16.4,+14.2,+34.4,+21.0,+21.5,+21.3,+21.8,+21.8,+21.6,+22.0
2023-07-14 12:01,3,+21.9,+10.4,+20.0,+16.4,+14.2,+34.4,+21.1,+21.5,+21.5,+22.0,+21.8,+21.7,+22.0
2023-07-14 13:01,3,+21.8,+10.4,+20.0,+16.3,+14.2,+34.3,+21.2,+21.5,+21.3,+21.8,+21.8,+21.6,+22.0
2023-07-14 14:01,3,+21.7,+10.4,+20.0,+16.3,+14.2,+34.3,+21.3,+21.5,+21.3,+21.8,+21.8,+21.6,+22.0
2023-07-14 15:01,3,+21.6,+10.4,+19.9,+16.3,+14.1,+34.2,+21.3,+21.6,+21.3,+21.8,+21.8,+21.7,+22.0
2023-07-14 16:01,3,+21.5,+10.4,+19.9,+16.3,+14.1,+34.2,+21.3,+21.6,+21.3,+21.8,+21.8,+21.6,+22.0
2023-07-14 17:01,3,+21.5,+10.3,+19.9,+16.4,+14.2,+34.2,+21.2,+21.6,+21.3,+21.8,+21.8,+21.6,+22.0
2023-07-14 18:01,3,+21.4,+10.3,+19.9,+16.2,+14.1,+34.1,+21.1,+21.6,+21.3,+21.8,+21.8,+21.6,+22.0
2023-07-14 19:01,3,+21.4,+10.3,+19.9,+16.3,+14.1,+34.1,+20.8,+21.6,+21.3,+21.8,+21.8,+21.6,+22.0
2023-07-14 20:01,3,+21.4,+10.3,+19.8,+16.3,+14.1,+34.1,+20.7,+21.5,+21.3,+21.8,+21.8,+21.7,+22.0
2023-07-14 21:01,3,+21.4,+10.3,+19.8,+16.2,+14.1,+34.0,+20.6,+21.5,+21.3,+21.8,+21.7,+21.6,+22.0
2023-07-14 22:01,3,+21.4,+10.3,+19.8,+16.2,+14.0,+33.9,+20.5,+21.5,+21.3,+21.8,+21.7,+21.6,+22.0
2023-07-14 23:01,3,+21.4,+10.2,+19.8,+16.3,+14.1,+33.9,+20.5,+21.3,+21.3,+21.8,+21.8,+21.6,+22.0
2023-07-15 00:01,3,+21.4,+10.3,+19.8,+16.2,+14.0,+33.9,+20.5,+21.3,+21.3,+21.8,+21.7,+21.6,+22.0
2023-07-15 01:01,3,+21.5,+10.2,+19.8,+16.3,+14.0,+33.9,+20.3,+21.3,+21.3,+21.8,+21.8,+21.6,+22.0
2023-07-15 02:01,3,+21.6,+10.2,+19.8,+16.2,+14.0,+33.8,+20.3,+21.3,+21.3,+21.8,+21.7,+21.6,+22.0
2023-07-15 03:01,3,+21.5,+10.2,+19.8,+16.3,+14.0,+33.9,+20.2,+21.2,+21.3,+21.8,+21.7,+21.6,+22.0
2023-07-15 04:01,3,+21.6,+10.2,+19.8,+16.3,+14.0,+33.8,+20.1,+21.2,+21.3,+21.8,+21.7,+21.6,+22.0
2023-07-15 05:01,3,+21.6,+10.2,+19.8,+16.3,+14.0,+33.8,+20.0,+21.2,+21.3,+21.8,+21.7,+21.6,+22.0
2023-07-15 06:01,3,+21.7,+10.2,+19.8,+16.3,+14.0,+33.8,+20.0,+21.1,+21.2,+21.8,+21.8,+21.6,+22.0
2023-07-15 07:01,3,+21.7,+10.2,+19.8,+16.2,+14.0,+33.7,+20.0,+21.1,+21.2,+21.8,+21.7,+21.7,+22.0
2023-07-15 08:01,3,+21.9,+10.2,+19.7,+16.2,+14.0,+33.7,+20.1,+21.1,+21.2,+21.8,+21.7,+21.7,+22.0
2023-07-15 09:01,3,+21.9,+10.2,+19.7,+16.3,+14.0,+33.7,+20.2,+21.1,+21.2,+21.8,+21.7,+21.6,+22.0
2023-07-15 10:01,3,+22.0,+10.2,+19.7,+16.3,+14.0,+33.7,+20.3,+21.0,+21.2,+21.8,+21.7,+21.6,+22.0
2023-07-15 11:01,3,+22.1,+10.2,+19.7,+16.3,+14.0,+33.6,+20.6,+21.0,+21.2,+21.8,+21.7,+21.6,+22.0
2023-07-15 12:01,3,+22.3,+10.2,+19.7,+16.2,+13.9,+33.6,+20.7,+21.1,+21.2,+21.8,+21.8,+21.6,+22.0
2023-07-15 13:01,3,+22.3,+10.2,+19.7,+16.3,+14.0,+33.6,+21.3,+21.1,+21.1,+21.8,+21.7,+21.6,+22.0
2023-07-15 14:01,3,+22.2,+10.2,+19.7,+16.3,+14.0,+33.6,+21.8,+21.2,+21.2,+21.7,+21.7,+21.6,+22.0
2023-07-15 15:01,3,+22.2,+10.2,+19.7,+16.3,+14.0,+33.6,+22.2,+21.3,+21.1,+21.7,+21.7,+21.6,+22.0
2023-07-15 16:01,3,+22.1,+10.2,+19.6,+16.1,+13.9,+33.5,+22.2,+21.5,+21.2,+21.7,+21.7,+21.6,+22.0
2023-07-15 17:01,3,+22.2,+10.2,+19.6,+16.1,+13.9,+33.5,+22.2,+21.6,+21.2,+21.7,+21.7,+21.6,+22.0
2023-07-15 18:01,3,+26.0,+10.2,+19.7,+16.2,+13.9,+33.5,+22.0,+21.7,+21.2,+21.7,+21.7,+21.6,+22.0
2023-07-15 19:01,3,+31.4,+15.5,+20.7,+16.3,+13.9,+33.5,+21.6,+22.0,+21.2,+21.7,+21.7,+21.6,+22.0
2023-07-15 20:01,3,+26.9,+13.9,+23.4,+21.5,+19.9,+40.0,+20.7,+21.7,+21.3,+21.7,+21.6,+21.5,+22.0
2023-07-15 21:01,3,+25.1,+12.0,+21.5,+18.0,+16.5,+38.5,+20.6,+21.6,+21.3,+21.7,+21.6,+21.3,+21.8
2023-07-15 22:01,3,+25.2,+11.8,+21.2,+17.4,+15.8,+37.3,+20.6,+21.5,+21.2,+21.7,+21.6,+21.5,+21.8
2023-07-15 23:01,3,+25.1,+11.7,+21.0,+17.2,+15.5,+36.7,+20.5,+21.3,+21.2,+21.7,+21.6,+21.5,+21.8
2023-07-16 00:01,3,+25.0,+11.7,+21.0,+17.1,+15.3,+36.3,+20.5,+21.2,+21.2,+21.7,+21.6,+21.5,+21.8
2023-07-16 01:01,3,+24.9,+11.6,+20.9,+17.2,+15.3,+36.1,+20.3,+21.2,+21.2,+21.7,+21.6,+21.5,+21.8
2023-07-16 02:01,3,+24.7,+11.6,+20.8,+17.0,+15.1,+35.8,+20.3,+21.2,+21.2,+21.7,+21.6,+21.5,+21.8
2023-07-16 03:01,3,+24.6,+11.5,+20.8,+17.0,+15.0,+35.6,+20.2,+21.1,+21.2,+21.7,+21.6,+21.5,+21.8
2023-07-16 04:01,3,+24.6,+11.5,+20.7,+17.0,+15.0,+35.6,+20.2,+21.1,+21.1,+21.7,+21.6,+21.5,+21.8
2023-07-16 05:01,3,+24.7,+11.4,+20.6,+16.9,+14.9,+35.4,+20.2,+21.1,+21.2,+21.7,+21.6,+21.5,+21.8
2023-07-16 06:01,3,+25.4,+11.5,+20.6,+17.0,+14.9,+35.3,+20.1,+21.1,+21.1,+21.7,+21.6,+21.5,+21.8
2023-07-16 07:01,3,+25.3,+11.6,+20.6,+16.8,+14.8,+35.2,+20.2,+21.0,+21.1,+21.7,+21.6,+21.5,+21.8
2023-07-16 08:01,3,+25.5,+11.6,+20.7,+16.8,+14.8,+35.1,+20.2,+21.0,+21.1,+21.6,+21.6,+21.5,+21.8
2023-07-16 09:01,3,+26.0,+11.8,+20.8,+16.9,+14.8,+35.0,+20.2,+21.0,+21.1,+21.7,+21.6,+21.5,+21.8
2023-07-16 10:01,3,+26.4,+12.0,+21.0,+17.0,+14.8,+35.0,+20.3,+21.0,+21.1,+21.7,+21.6,+21.5,+21.8
2023-07-16 11:01,3,+26.1,+12.0,+21.2,+17.1,+14.9,+35.0,+20.5,+21.0,+21.1,+21.6,+21.6,+21.5,+21.8
2023-07-16 12:01,3,+26.4,+12.0,+21.2,+17.3,+15.0,+35.0,+20.6,+21.0,+21.0,+21.6,+21.6,+21.5,+21.8
2023-07-16 13:01,3,+26.7,+12.2,+21.3,+17.3,+15.0,+35.0,+20.6,+21.1,+21.0,+21.6,+21.6,+21.5,+21.8
2023-07-16 14:01,3,+26.2,+12.1,+21.4,+17.4,+15.1,+35.1,+20.7,+21.0,+21.0,+21.6,+21.6,+21.5,+21.8
2023-07-16 15:01,3,+25.9,+11.9,+21.2,+17.4,+15.2,+35.2,+21.0,+21.1,+21.0,+21.6,+21.6,+21.5,+21.8
2023-07-16 16:01,3,+25.7,+11.8,+21.1,+17.3,+15.2,+35.3,+21.0,+21.1,+21.0,+21.6,+21.6,+21.5,+21.8
2023-07-16 17:01,3,+25.8,+11.7,+21.0,+17.2,+15.2,+35.3,+21.0,+21.1,+21.0,+21.6,+21.6,+21.5,+21.8
2023-07-16 18:01,3,+26.0,+11.7,+20.9,+17.2,+15.2,+35.3,+20.8,+21.2,+21.1,+21.6,+21.6,+21.5,+21.8
2023-07-16 19:01,3,+26.0,+11.7,+20.9,+17.2,+15.1,+35.3,+20.6,+21.2,+21.0,+21.6,+21.6,+21.5,+21.8
2023-07-16 20:01,3,+25.9,+11.7,+20.8,+17.0,+15.0,+35.3,+20.5,+21.2,+21.0,+21.6,+21.5,+21.5,+21.8
2023-07-16 21:01,3,+25.8,+11.6,+20.8,+17.0,+15.0,+35.2,+20.3,+21.2,+21.0,+21.5,+21.5,+21.3,+21.8
2023-07-16 22:01,3,+25.7,+11.6,+20.8,+17.1,+15.0,+35.2,+20.2,+21.1,+21.1,+21.6,+21.6,+21.3,+21.8
2023-07-16 23:01,3,+25.7,+11.6,+20.7,+17.1,+15.0,+35.2,+20.1,+21.1,+21.1,+21.6,+21.6,+21.5,+21.8
2023-07-17 00:01,3,+25.5,+11.6,+20.7,+17.1,+15.0,+35.1,+20.1,+21.0,+21.0,+21.6,+21.5,+21.3,+21.8
2023-07-17 01:01,3,+25.5,+11.5,+20.6,+16.9,+14.9,+35.0,+20.0,+21.0,+21.1,+21.6,+21.5,+21.3,+21.8
2023-07-17 02:01,3,+25.5,+11.5,+20.6,+17.0,+14.9,+35.0,+20.0,+21.0,+21.0,+21.6,+21.5,+21.3,+21.8
2023-07-17 03:01,3,+25.3,+11.5,+20.6,+16.9,+14.9,+35.0,+19.8,+20.8,+21.0,+21.6,+21.6,+21.5,+21.8
2023-07-17 04:01,3,+25.2,+11.5,+20.6,+17.0,+14.9,+35.0,+19.7,+20.8,+21.0,+21.6,+21.5,+21.3,+21.8
2023-07-17 05:01,3,+25.2,+11.5,+20.6,+17.0,+14.9,+34.9,+19.8,+20.8,+21.0,+21.6,+21.6,+21.3,+21.7
2023-07-17 06:01,3,+25.1,+11.5,+20.5,+16.9,+14.8,+34.9,+19.8,+20.8,+21.0,+21.6,+21.6,+21.3,+21.7
2023-07-17 07:01,3,+25.1,+11.5,+20.5,+16.8,+14.8,+34.8,+19.8,+20.7,+21.0,+21.6,+21.6,+21.3,+21.8
2023-07-17 08:01,3,+25.1,+11.5,+20.5,+16.9,+14.8,+34.8,+20.0,+20.7,+20.8,+21.6,+21.6,+21.3,+21.8
2023-07-17 09:01,3,+25.1,+11.4,+20.5,+16.9,+14.8,+34.7,+20.2,+20.7,+21.0,+21.6,+21.5,+21.5,+21.7
2023-07-17 10:01,3,+25.0,+11.4,+20.5,+16.9,+14.8,+34.7,+20.6,+20.7,+20.8,+21.6,+21.5,+21.3,+21.8
2023-07-17 11:01,3,+25.0,+11.4,+20.4,+16.9,+14.8,+34.7,+20.8,+20.8,+20.8,+21.5,+21.5,+21.3,+21.8
2023-07-17 12:01,3,+24.9,+11.4,+20.4,+16.8,+14.7,+34.6,+21.1,+20.8,+20.8,+21.5,+21.5,+21.3,+21.8
2023-07-17 13:01,3,+24.9,+11.4,+20.4,+16.9,+14.7,+34.6,+21.5,+21.0,+20.8,+21.5,+21.5,+21.3,+21.8
2023-07-17 14:01,3,+24.9,+11.4,+20.3,+16.7,+14.7,+34.5,+21.5,+21.2,+21.0,+21.5,+21.6,+21.3,+21.8
2023-07-17 15:01,3,+29.5,+11.6,+20.3,+16.8,+14.7,+34.5,+21.5,+21.2,+20.8,+21.5,+21.5,+21.3,+21.8
2023-07-17 16:01,3,+27.5,+13.1,+22.8,+20.3,+18.2,+39.2,+21.1,+21.3,+21.0,+21.5,+21.3,+21.2,+21.7
2023-07-17 17:01,3,+26.7,+12.5,+21.9,+18.4,+16.6,+38.4,+20.8,+21.3,+21.0,+21.3,+21.3,+21.2,+21.7
2023-07-17 18:01,3,+27.6,+12.5,+21.7,+17.8,+16.1,+37.5,+20.7,+21.3,+21.0,+21.5,+21.3,+21.2,+21.7
2023-07-17 19:01,3,+26.9,+12.5,+21.7,+17.8,+15.9,+37.0,+20.5,+21.2,+21.0,+21.3,+21.3,+21.2,+21.7
2023-07-17 20:01,3,+26.5,+12.3,+21.6,+17.6,+15.8,+36.7,+20.3,+21.2,+21.0,+21.5,+21.3,+21.2,+21.7
2023-07-17 21:01,3,+26.4,+12.2,+21.4,+17.7,+15.7,+36.5,+20.2,+21.1,+21.0,+21.3,+21.3,+21.2,+21.7
2023-07-17 22:01,3,+26.5,+12.1,+21.3,+17.6,+15.6,+36.3,+20.2,+21.1,+21.0,+21.3,+21.3,+21.2,+21.7
2023-07-17 23:01,3,+26.9,+12.0,+21.2,+17.5,+15.5,+36.1,+20.1,+21.0,+21.0,+21.5,+21.3,+21.2,+21.6
2023-07-18 00:01,3,+26.1,+12.0,+21.1,+17.4,+15.4,+36.0,+20.0,+21.0,+21.0,+21.3,+21.3,+21.2,+21.7
2023-07-18 01:01,3,+26.2,+12.0,+21.0,+17.4,+15.4,+35.9,+20.0,+21.0,+21.0,+21.5,+21.3,+21.2,+21.7
2023-07-18 02:01,3,+26.4,+11.9,+21.0,+17.2,+15.2,+35.7,+19.8,+20.8,+21.0,+21.5,+21.3,+21.2,+21.7
2023-07-18 03:01,3,+26.3,+11.9,+21.0,+17.2,+15.2,+35.6,+19.8,+20.8,+20.8,+21.5,+21.3,+21.2,+21.7
2023-07-18 04:01,3,+26.4,+11.8,+20.9,+17.2,+15.2,+35.5,+19.8,+20.7,+20.8,+21.5,+21.3,+21.2,+21.7
2023-07-18 05:01,3,+26.5,+11.8,+20.9,+17.1,+15.1,+35.4,+19.8,+20.7,+20.8,+21.3,+21.3,+21.2,+21.7
2023-07-18 06:01,3,+26.5,+11.8,+20.8,+17.1,+15.1,+35.3,+19.7,+20.7,+20.8,+21.5,+21.3,+21.2,+21.6
2023-07-18 07:01,3,+26.5,+11.8,+20.8,+17.2,+15.1,+35.3,+19.7,+20.6,+20.8,+21.3,+21.3,+21.2,+21.7
2023-07-18 08:01,3,+26.4,+11.8,+20.8,+17.2,+15.1,+35.2,+19.7,+20.6,+20.8,+21.3,+21.3,+21.2,+21.7
2023-07-18 09:01,3,+26.4,+11.8,+20.8,+17.0,+15.0,+35.1,+19.8,+20.6,+20.7,+21.5,+21.3,+21.2,+21.6
2023-07-18 10:01,3,+26.4,+11.8,+20.8,+17.1,+15.0,+35.1,+19.8,+20.6,+20.8,+21.3,+21.3,+21.2,+21.7
2023-07-18 11:01,3,+26.4,+11.8,+20.7,+17.0,+14.9,+35.0,+20.1,+20.6,+20.7,+21.3,+21.3,+21.2,+21.7
2023-07-18 12:01,3,+26.4,+11.8,+20.7,+17.1,+15.0,+35.0,+20.3,+20.6,+20.7,+21.3,+21.5,+21.2,+21.7
2023-07-18 13:01,3,+26.3,+11.8,+20.7,+17.0,+14.9,+34.9,+20.7,+20.7,+20.7,+21.5,+21.3,+21.2,+21.7
2023-07-18 14:01,3,+26.2,+11.8,+20.7,+17.1,+14.9,+34.9,+21.1,+20.8,+20.7,+21.3,+21.3,+21.2,+21.6
2023-07-18 15:01,3,+26.1,+11.8,+20.7,+17.0,+14.9,+34.8,+21.5,+20.8,+20.7,+21.3,+21.3,+21.2,+21.7
2023-07-18 16:01,3,+26.1,+11.7,+20.7,+17.1,+14.9,+34.8,+21.6,+21.0,+20.7,+21.3,+21.3,+21.2,+21.6
2023-07-18 17:01,3,+26.1,+11.7,+20.6,+16.9,+14.9,+34.7,+21.3,+21.2,+20.8,+21.3,+21.3,+21.2,+21.6
2023-07-18 18:01,3,+26.1,+11.7,+20.6,+17.1,+14.9,+34.7,+21.2,+21.2,+20.7,+21.3,+21.3,+21.2,+21.6
2023-07-18 19:01,3,+26.1,+11.7,+20.6,+17.1,+14.9,+34.7,+21.0,+21.2,+20.8,+21.3,+21.3,+21.2,+21.7
2023-07-18 20:01,3,+26.1,+11.7,+20.6,+17.0,+14.9,+34.7,+20.8,+21.2,+20.8,+21.3,+21.3,+21.2,+21.7
2023-07-18 21:01,3,+26.1,+11.7,+20.6,+17.0,+14.8,+34.6,+20.7,+21.2,+20.8,+21.3,+21.3,+21.2,+21.7
2023-07-18 22:01,3,+26.2,+11.7,+20.6,+17.0,+14.8,+34.6,+20.6,+21.1,+20.8,+21.3,+21.3,+21.2,+21.6
2023-07-18 23:01,3,+26.4,+11.7,+20.6,+16.9,+14.8,+34.5,+20.5,+21.1,+20.8,+21.3,+21.3,+21.2,+21.7
2023-07-19 00:01,3,+26.5,+11.8,+20.6,+16.9,+14.8,+34.5,+20.5,+21.1,+20.8,+21.3,+21.3,+21.2,+21.7
2023-07-19 01:01,3,+27.1,+11.9,+20.6,+17.0,+14.8,+34.5,+20.3,+21.1,+20.8,+21.5,+21.3,+21.2,+21.6
2023-07-19 02:01,3,+27.2,+11.9,+20.6,+16.9,+14.8,+34.4,+20.2,+21.0,+20.8,+21.3,+21.3,+21.2,+21.7
2023-07-19 03:01,3,+27.2,+12.0,+20.6,+16.9,+14.7,+34.4,+20.2,+21.0,+20.8,+21.3,+21.3,+21.2,+21.6
2023-07-19 04:01,3,+27.1,+12.0,+20.7,+16.9,+14.7,+34.4,+20.1,+21.0,+20.8,+21.3,+21.3,+21.2,+21.6
2023-07-19 05:01,3,+27.0,+12.0,+20.7,+17.0,+14.8,+34.4,+20.1,+21.0,+20.8,+21.3,+21.3,+21.2,+21.6
2023-07-19 06:01,3,+27.0,+12.0,+20.8,+16.9,+14.7,+34.4,+20.1,+20.8,+21.0,+21.3,+21.3,+21.2,+21.6
2023-07-19 07:01,3,+27.0,+12.0,+20.8,+16.9,+14.7,+34.4,+20.0,+20.8,+20.8,+21.3,+21.3,+21.2,+21.6
2023-07-19 08:01,3,+27.0,+12.0,+20.9,+16.9,+14.7,+34.3,+20.1,+20.8,+20.8,+21.3,+21.3,+21.2,+21.7
2023-07-19 09:01,3,+26.9,+12.0,+20.8,+17.1,+14.8,+34.4,+20.1,+20.8,+20.8,+21.3,+21.3,+21.2,+21.7
2023-07-19 10:01,3,+26.8,+12.0,+20.9,+17.0,+14.8,+34.3,+20.3,+20.8,+20.8,+21.3,+21.3,+21.2,+21.6
2023-07-19 11:01,3,+26.8,+12.0,+20.8,+17.1,+14.8,+34.3,+20.6,+20.8,+20.8,+21.3,+21.3,+21.2,+21.6
2023-07-19 12:01,3,+26.8,+12.0,+20.8,+17.1,+14.8,+34.3,+20.8,+20.8,+20.8,+21.3,+21.3,+21.2,+21.6
2023-07-19 13:01,3,+26.8,+12.0,+20.9,+17.1,+14.8,+34.3,+21.0,+21.0,+20.8,+21.3,+21.3,+21.2,+21.6
2023-07-19 14:01,3,+26.7,+12.0,+20.8,+17.0,+14.8,+34.3,+21.2,+21.0,+20.8,+21.3,+21.3,+21.2,+21.6
2023-07-19 15:01,3,+26.6,+11.9,+20.8,+17.0,+14.8,+34.3,+21.8,+21.1,+20.8,+21.3,+21.3,+21.2,+21.6
2023-07-19 16:01,3,+26.5,+11.9,+20.8,+17.0,+14.8,+34.3,+22.1,+21.2,+20.8,+21.3,+21.3,+21.2,+21.6
2023-07-19 17:01,3,+26.5,+11.9,+20.8,+17.0,+14.8,+34.2,+22.0,+21.3,+20.8,+21.3,+21.3,+21.2,+21.6
2023-07-19 18:01,3,+26.7,+11.9,+20.8,+17.0,+14.8,+34.3,+21.8,+21.3,+20.8,+21.3,+21.3,+21.2,+21.6
2023-07-19 19:01,3,+26.7,+11.9,+20.8,+17.1,+14.8,+34.3,+21.6,+21.5,+21.0,+21.3,+21.3,+21.2,+21.6
2023-07-19 20:01,3,+26.7,+11.9,+20.7,+17.1,+14.8,+34.3,+21.3,+21.5,+21.0,+21.3,+21.3,+21.2,+21.7
2023-07-19 21:01,3,+26.7,+11.9,+20.8,+17.1,+14.8,+34.3,+21.2,+21.5,+21.0,+21.3,+21.3,+21.2,+21.6
2023-07-19 22:01,3,+26.7,+11.9,+20.7,+17.0,+14.8,+34.2,+21.1,+21.5,+21.0,+21.3,+21.3,+21.2,+21.6
2023-07-19 23:01,3,+26.7,+11.9,+20.7,+17.1,+14.8,+34.3,+21.0,+21.5,+21.0,+21.3,+21.3,+21.2,+21.6
2023-07-20 00:01,3,+26.7,+11.9,+20.7,+17.1,+14.8,+34.2,+20.8,+21.5,+21.0,+21.5,+21.3,+21.2,+21.6
2023-07-20 01:01,3,+26.7,+11.9,+20.7,+17.1,+14.8,+34.2,+20.8,+21.5,+21.1,+21.3,+21.3,+21.2,+21.7
2023-07-20 02:01,3,+26.7,+11.9,+20.7,+17.0,+14.7,+34.2,+20.7,+21.3,+21.0,+21.5,+21.3,+21.2,+21.6
2023-07-20 03:01,3,+27.0,+11.9,+20.7,+17.0,+14.8,+34.2,+20.7,+21.3,+21.1,+21.5,+21.3,+21.2,+21.6
2023-07-20 04:01,3,+28.1,+12.0,+20.7,+17.0,+14.8,+34.2,+20.7,+21.3,+21.1,+21.5,+21.3,+21.2,+21.6
2023-07-20 05:01,3,+28.2,+12.2,+20.7,+17.1,+14.8,+34.2,+20.6,+21.3,+21.0,+21.5,+21.3,+21.2,+21.6
2023-07-20 06:01,3,+28.4,+12.3,+20.8,+17.0,+14.8,+34.2,+20.6,+21.2,+21.1,+21.5,+21.3,+21.2,+21.6
2023-07-20 07:01,3,+28.2,+12.5,+20.9,+17.1,+14.8,+34.2,+20.6,+21.2,+21.1,+21.5,+21.3,+21.2,+21.6
2023-07-20 08:01,3,+28.6,+12.7,+21.1,+17.1,+14.8,+34.2,+20.5,+21.2,+21.1,+21.5,+21.3,+21.2,+21.6
2023-07-20 09:01,3,+28.6,+12.9,+21.3,+17.1,+14.8,+34.2,+20.6,+21.2,+21.1,+21.5,+21.3,+21.2,+21.6
2023-07-20 10:01,3,+28.5,+12.9,+21.5,+17.1,+14.8,+34.2,+20.7,+21.1,+21.1,+21.5,+21.3,+21.2,+21.6
2023-07-20 11:01,3,+28.2,+12.9,+21.6,+17.3,+14.9,+34.2,+20.8,+21.2,+21.1,+21.5,+21.3,+21.2,+21.6
2023-07-20 12:01,3,+28.4,+12.9,+21.7,+17.4,+14.9,+34.2,+21.1,+21.2,+21.0,+21.5,+21.3,+21.2,+21.7
2023-07-20 13:01,3,+30.4,+14.4,+21.9,+17.5,+14.9,+34.2,+21.3,+21.2,+21.1,+21.5,+21.3,+21.2,+21.6
2023-07-20 14:01,3,+28.8,+13.6,+22.2,+17.8,+15.0,+34.3,+21.6,+21.3,+21.1,+21.5,+21.3,+21.2,+21.6
2023-07-20 15:01,3,+28.3,+13.2,+22.0,+17.9,+15.3,+34.4,+21.7,+21.3,+21.1,+21.5,+21.3,+21.2,+21.7
2023-07-20 16:01,3,+28.0,+13.0,+21.8,+18.0,+15.6,+34.6,+21.7,+21.5,+21.1,+21.5,+21.5,+21.2,+21.6
2023-07-20 17:01,3,+27.9,+12.9,+21.8,+17.8,+15.7,+34.8,+21.7,+21.6,+21.1,+21.5,+21.3,+21.2,+21.6
2023-07-20 18:01,3,+27.8,+12.8,+21.7,+17.8,+15.7,+35.0,+21.6,+21.6,+21.1,+21.5,+21.3,+21.2,+21.7
2023-07-20 19:01,3,+27.8,+12.8,+21.6,+17.7,+15.7,+35.3,+21.5,+21.7,+21.1,+21.5,+21.5,+21.3,+21.6
2023-07-20 20:01,3,+27.8,+13.3,+21.5,+17.7,+15.7,+35.4,+21.3,+21.6,+21.1,+21.5,+21.3,+21.2,+21.6
2023-07-20 21:01,3,+27.7,+13.5,+21.5,+17.7,+15.7,+35.4,+21.2,+21.6,+21.1,+21.5,+21.5,+21.2,+21.6
2023-07-20 22:01,3,+27.6,+13.5,+21.4,+17.7,+15.7,+35.5,+21.1,+21.6,+21.2,+21.5,+21.5,+21.2,+21.6
2023-07-20 23:01,3,+27.6,+13.5,+21.4,+17.6,+15.6,+35.5,+21.1,+21.6,+21.2,+21.5,+21.3,+21.2,+21.6
2023-07-21 00:01,3,+27.9,+13.5,+21.4,+17.6,+15.6,+35.5,+21.0,+21.5,+21.2,+21.6,+21.5,+21.2,+21.6
2023-07-21 01:01,3,+28.2,+13.9,+21.4,+17.7,+15.6,+35.5,+21.0,+21.6,+21.2,+21.5,+21.5,+21.3,+21.6
2023-07-21 02:01,3,+28.5,+14.1,+21.5,+17.7,+15.6,+35.5,+21.0,+21.5,+21.2,+21.6,+21.5,+21.2,+21.6
2023-07-21 03:01,3,+29.5,+14.6,+21.7,+17.6,+15.5,+35.4,+20.8,+21.5,+21.2,+21.6,+21.3,+21.3,+21.6
2023-07-21 04:01,3,+30.3,+15.3,+22.2,+17.8,+15.6,+35.4,+20.8,+21.3,+21.2,+21.6,+21.5,+21.2,+21.6
2023-07-21 05:01,3,+30.5,+15.7,+22.6,+18.6,+15.8,+35.5,+20.7,+21.3,+21.2,+21.6,+21.3,+21.2,+21.6
2023-07-21 06:01,3,+29.4,+15.5,+22.5,+18.7,+16.7,+36.3,+20.7,+21.3,+21.2,+21.6,+21.5,+21.2,+21.6
2023-07-21 07:01,3,+28.8,+15.4,+22.2,+18.4,+16.6,+37.0,+20.7,+21.3,+21.2,+21.6,+21.5,+21.2,+21.6
2023-07-21 08:01,3,+28.6,+15.3,+22.1,+18.3,+16.5,+37.1,+20.7,+21.3,+21.2,+21.6,+21.5,+21.2,+21.6
2023-07-21 09:01,3,+28.4,+15.2,+21.9,+18.2,+16.3,+37.0,+20.8,+21.3,+21.2,+21.6,+21.5,+21.2,+21.6
2023-07-21 10:01,3,+28.4,+15.2,+21.8,+18.1,+16.2,+36.8,+21.0,+21.3,+21.2,+21.6,+21.5,+21.2,+21.6
2023-07-21 11:01,3,+28.3,+15.1,+21.8,+18.0,+16.1,+36.6,+21.2,+21.3,+21.2,+21.6,+21.5,+21.3,+21.6
2023-07-21 12:01,3,+28.1,+15.1,+21.7,+18.0,+16.0,+36.4,+21.5,+21.5,+21.2,+21.6,+21.5,+21.3,+21.6
2023-07-21 13:01,3,+28.1,+15.2,+21.6,+17.8,+15.9,+36.3,+21.7,+21.5,+21.2,+21.6,+21.3,+21.3,+21.6
2023-07-21 14:01,3,+27.9,+15.4,+21.6,+17.9,+15.9,+36.2,+22.1,+21.5,+21.2,+21.6,+21.5,+21.3,+21.6
2023-07-21 15:01,3,+27.9,+15.4,+21.5,+17.8,+15.8,+36.1,+22.5,+21.6,+21.2,+21.6,+21.5,+21.2,+21.6
2023-07-21 16:01,3,+27.9,+15.3,+21.5,+17.7,+15.7,+35.9,+22.6,+21.7,+21.2,+21.6,+21.5,+21.2,+21.6
2023-07-21 17:01,3,+27.8,+15.3,+21.5,+17.6,+15.6,+35.8,+22.6,+21.8,+21.2,+21.6,+21.5,+21.3,+21.6
2023-07-21 18:01,3,+27.8,+15.3,+21.4,+17.6,+15.6,+35.7,+22.3,+22.0,+21.2,+21.6,+21.5,+21.3,+21.7
2023-07-21 19:01,3,+27.8,+15.3,+21.4,+17.7,+15.6,+35.7,+22.1,+22.0,+21.3,+21.6,+21.5,+21.3,+21.7
2023-07-21 20:01,3,+27.8,+15.3,+21.4,+17.6,+15.5,+35.6,+22.0,+22.0,+21.3,+21.6,+21.5,+21.3,+21.7
2023-07-21 21:01,3,+28.1,+15.3,+21.4,+17.5,+15.5,+35.5,+21.8,+22.0,+21.3,+21.6,+21.5,+21.3,+21.6
2023-07-21 22:01,3,+28.2,+15.3,+21.4,+17.5,+15.5,+35.5,+21.8,+22.0,+21.5,+21.7,+21.5,+21.3,+21.7
2023-07-21 23:01,3,+28.2,+15.3,+21.4,+17.6,+15.5,+35.4,+21.7,+22.0,+21.3,+21.6,+21.5,+21.3,+21.7
2023-07-22 00:01,3,+28.1,+15.3,+21.4,+17.5,+15.4,+35.4,+21.6,+22.0,+21.5,+21.7,+21.5,+21.3,+21.7
2023-07-22 01:01,3,+28.1,+15.3,+21.4,+17.6,+15.5,+35.3,+21.5,+22.0,+21.5,+21.7,+21.5,+21.3,+21.7
2023-07-22 02:01,3,+28.1,+15.4,+21.4,+17.6,+15.5,+35.3,+21.3,+21.8,+21.5,+21.7,+21.5,+21.3,+21.7
2023-07-22 03:01,3,+28.0,+15.4,+21.4,+17.6,+15.4,+35.3,+21.2,+21.8,+21.5,+21.7,+21.5,+21.3,+21.6
2023-07-22 04:01,3,+28.0,+15.4,+21.4,+17.6,+15.4,+35.2,+21.2,+21.8,+21.5,+21.7,+21.5,+21.2,+21.6
2023-07-22 05:01,3,+27.9,+15.4,+21.4,+17.6,+15.4,+35.2,+21.2,+21.8,+21.5,+21.7,+21.6,+21.3,+21.7
2023-07-22 06:01,3,+27.9,+15.3,+21.4,+17.6,+15.4,+35.1,+21.1,+21.7,+21.5,+21.7,+21.5,+21.3,+21.6
2023-07-22 07:01,3,+27.9,+15.4,+21.4,+17.6,+15.4,+35.1,+21.1,+21.7,+21.5,+21.7,+21.6,+21.3,+21.7
2023-07-22 08:01,3,+27.9,+15.4,+21.4,+17.6,+15.4,+35.1,+21.2,+21.7,+21.5,+21.7,+21.6,+21.3,+21.7
2023-07-22 09:01,3,+27.8,+15.3,+21.3,+17.6,+15.4,+35.1,+21.5,+21.7,+21.5,+21.7,+21.6,+21.3,+21.7
2023-07-22 10:01,3,+27.7,+15.3,+21.3,+17.5,+15.3,+35.0,+21.6,+21.7,+21.5,+21.7,+21.6,+21.3,+21.6
2023-07-22 11:01,3,+27.7,+15.3,+21.3,+17.6,+15.3,+35.0,+21.7,+21.7,+21.5,+21.8,+21.6,+21.3,+21.6
2023-07-22 12:01,3,+27.7,+15.3,+21.3,+17.6,+15.3,+35.0,+21.8,+21.8,+21.5,+21.8,+21.6,+21.5,+21.6
2023-07-22 13:01,3,+27.7,+15.3,+21.3,+17.6,+15.3,+35.0,+22.0,+21.8,+21.5,+21.7,+21.6,+21.3,+21.7
2023-07-22 14:01,3,+27.6,+15.6,+21.3,+17.5,+15.3,+34.9,+22.3,+22.0,+21.5,+21.8,+21.6,+21.3,+21.7
2023-07-22 15:01,3,+27.6,+15.7,+21.3,+17.4,+15.3,+34.9,+22.5,+22.0,+21.5,+21.7,+21.6,+21.3,+21.6
2023-07-22 16:01,3,+27.6,+15.8,+21.3,+17.4,+15.3,+34.8,+22.6,+22.1,+21.5,+21.7,+21.6,+21.3,+21.6
2023-07-22 17:01,3,+27.5,+15.8,+21.3,+17.5,+15.3,+34.9,+22.5,+22.2,+21.5,+21.7,+21.6,+21.3,+21.6
2023-07-22 18:01,3,+27.5,+15.9,+21.2,+17.4,+15.3,+34.8,+22.3,+22.2,+21.5,+21.8,+21.6,+21.5,+21.7
2023-07-22 19:01,3,+27.5,+15.9,+21.2,+17.5,+15.3,+34.8,+22.1,+22.2,+21.5,+21.8,+21.6,+21.5,+21.7
2023-07-22 20:01,3,+27.5,+15.9,+21.2,+17.5,+15.3,+34.8,+22.0,+22.2,+21.5,+21.8,+21.6,+21.5,+21.7
2023-07-22 21:01,3,+27.5,+15.9,+21.2,+17.5,+15.3,+34.8,+21.8,+22.2,+21.6,+21.8,+21.6,+21.3,+21.7
2023-07-22 22:01,3,+27.5,+15.9,+21.2,+17.4,+15.2,+34.7,+21.7,+22.1,+21.7,+21.8,+21.6,+21.3,+21.7
2023-07-22 23:01,3,+27.5,+15.9,+21.2,+17.5,+15.2,+34.7,+21.6,+22.1,+21.6,+21.8,+21.6,+21.3,+21.7
2023-07-23 00:01,3,+27.5,+15.8,+21.2,+17.5,+15.3,+34.7,+21.5,+22.1,+21.6,+21.8,+21.6,+21.5,+21.7
2023-07-23 01:01,3,+27.5,+15.8,+21.2,+17.4,+15.2,+34.7,+21.2,+22.1,+21.6,+21.8,+21.6,+21.3,+21.7
2023-07-23 02:01,3,+27.4,+15.9,+21.1,+17.5,+15.2,+34.7,+21.1,+22.0,+21.6,+21.8,+21.6,+21.5,+21.7
2023-07-23 03:01,3,+27.4,+15.9,+21.2,+17.4,+15.2,+34.7,+21.0,+21.8,+21.7,+21.8,+21.6,+21.3,+21.7
2023-07-23 04:01,3,+27.4,+15.9,+21.1,+17.5,+15.2,+34.7,+20.8,+21.8,+21.6,+21.8,+21.7,+21.5,+21.7
2023-07-23 05:01,3,+27.4,+15.9,+21.1,+17.5,+15.2,+34.7,+20.7,+21.7,+21.6,+21.8,+21.6,+21.5,+21.7
2023-07-23 06:01,3,+27.3,+15.9,+21.1,+17.5,+15.2,+34.6,+20.6,+21.7,+21.6,+21.8,+21.6,+21.5,+21.7
2023-07-23 07:01,3,+27.3,+15.9,+21.0,+17.4,+15.2,+34.6,+20.6,+21.6,+21.6,+22.0,+21.6,+21.5,+21.7
2023-07-23 08:01,3,+27.3,+15.9,+21.0,+17.4,+15.2,+34.6,+20.6,+21.6,+21.6,+21.8,+21.7,+21.5,+21.7
2023-07-23 09:01,3,+27.2,+15.9,+21.0,+17.4,+15.2,+34.6,+20.7,+21.5,+21.6,+21.8,+21.7,+21.5,+21.7
2023-07-23 10:01,3,+27.2,+15.9,+21.0,+17.4,+15.2,+34.5,+20.7,+21.5,+21.5,+21.8,+21.7,+21.5,+21.7
2023-07-23 11:01,3,+27.1,+15.9,+21.0,+17.5,+15.2,+34.6,+20.7,+21.5,+21.5,+21.8,+21.7,+21.5,+21.7
2023-07-23 12:01,3,+27.1,+15.9,+21.0,+17.5,+15.2,+34.5,+20.8,+21.5,+21.5,+21.8,+21.7,+21.5,+21.7
2023-07-23 13:01,3,+27.0,+15.9,+20.9,+17.3,+15.2,+34.5,+21.3,+21.5,+21.5,+21.8,+21.6,+21.5,+21.7
2023-07-23 14:01,3,+27.0,+15.9,+20.9,+17.4,+15.2,+34.5,+21.8,+21.6,+21.5,+21.8,+21.7,+21.5,+21.7
2023-07-23 15:01,3,+27.0,+15.9,+20.9,+17.4,+15.2,+34.5,+22.6,+21.6,+21.3,+21.8,+21.7,+21.5,+21.7
2023-07-23 16:01,3,+27.0,+16.1,+20.8,+17.4,+15.2,+34.5,+22.8,+21.8,+21.5,+21.8,+21.7,+21.5,+21.7
2023-07-23 17:01,3,+26.9,+16.1,+20.8,+17.3,+15.1,+34.4,+22.7,+22.0,+21.5,+21.8,+21.7,+21.5,+21.7
2023-07-23 18:01,3,+27.0,+16.1,+20.8,+17.4,+15.2,+34.4,+22.5,+22.1,+21.5,+21.8,+21.7,+21.5,+21.7
2023-07-23 19:01,3,+27.3,+16.1,+20.8,+17.3,+15.1,+34.4,+22.1,+22.1,+21.5,+21.8,+21.6,+21.5,+21.8
2023-07-23 20:01,3,+27.7,+16.1,+20.8,+17.4,+15.2,+34.4,+21.8,+22.1,+21.5,+21.8,+21.7,+21.5,+21.7
2023-07-23 21:01,3,+27.7,+16.1,+20.8,+17.4,+15.1,+34.4,+21.7,+22.1,+21.5,+21.8,+21.7,+21.5,+21.7
2023-07-23 22:01,3,+27.7,+16.1,+20.8,+17.4,+15.2,+34.4,+21.6,+22.0,+21.5,+21.8,+21.7,+21.5,+21.7
2023-07-23 23:01,3,+27.7,+16.2,+20.8,+17.4,+15.1,+34.4,+21.3,+22.0,+21.5,+21.8,+21.7,+21.5,+21.7
2023-07-24 00:01,3,+27.7,+16.2,+20.8,+17.4,+15.1,+34.4,+21.3,+22.0,+21.5,+21.8,+21.7,+21.5,+21.7
2023-07-24 01:01,3,+27.7,+16.2,+20.8,+17.4,+15.1,+34.4,+21.2,+22.0,+21.6,+21.8,+21.7,+21.5,+21.7
2023-07-24 02:01,3,+27.6,+16.2,+20.8,+17.3,+15.1,+34.3,+21.1,+21.8,+21.6,+21.8,+21.7,+21.5,+21.8
2023-07-24 03:01,3,+27.6,+16.2,+20.8,+17.3,+15.1,+34.3,+21.0,+21.8,+21.6,+21.8,+21.7,+21.5,+21.7
2023-07-24 04:01,3,+27.6,+16.2,+20.8,+17.4,+15.1,+34.4,+21.0,+21.8,+21.6,+21.8,+21.7,+21.5,+21.7
2023-07-24 05:01,3,+28.3,+16.2,+20.7,+17.3,+15.0,+34.3,+21.0,+21.7,+21.6,+21.8,+21.7,+21.5,+21.7
2023-07-24 06:01,3,+28.6,+16.2,+20.7,+17.3,+15.0,+34.3,+20.8,+21.7,+21.6,+21.8,+21.7,+21.5,+21.7
2023-07-24 07:01,3,+29.0,+16.3,+20.8,+17.3,+15.1,+34.3,+20.8,+21.6,+21.6,+22.0,+21.7,+21.5,+21.7
2023-07-24 08:01,3,+29.1,+16.4,+20.8,+17.4,+15.1,+34.3,+20.8,+21.6,+21.5,+21.8,+21.7,+21.5,+21.7
2023-07-24 09:01,3,+29.1,+16.5,+20.8,+17.3,+15.0,+34.3,+20.8,+21.6,+21.6,+21.8,+21.7,+21.5,+21.7
2023-07-24 10:01,3,+29.4,+16.6,+20.8,+17.3,+15.1,+34.3,+21.0,+21.6,+21.6,+21.8,+21.7,+21.5,+21.7
2023-07-24 11:01,3,+29.2,+16.7,+20.8,+17.4,+15.1,+34.3,+20.8,+21.6,+21.5,+21.8,+21.7,+21.5,+21.8
2023-07-24 12:01,3,+29.0,+16.7,+20.8,+17.4,+15.1,+34.3,+21.0,+21.6,+21.5,+22.0,+21.7,+21.5,+21.7
2023-07-24 13:01,3,+28.8,+16.8,+20.9,+17.4,+15.1,+34.3,+21.1,+21.6,+21.5,+21.8,+21.7,+21.5,+21.8
2023-07-24 14:01,3,+28.6,+16.8,+21.0,+17.4,+15.1,+34.3,+21.2,+21.6,+21.5,+22.0,+21.7,+21.6,+21.7
2023-07-24 15:01,3,+28.5,+16.7,+21.0,+17.3,+15.0,+34.2,+21.3,+21.6,+21.5,+22.0,+21.7,+21.5,+21.8
2023-07-24 16:01,3,+28.4,+16.7,+21.1,+17.3,+15.0,+34.2,+21.5,+21.6,+21.5,+21.8,+21.7,+21.6,+21.7
2023-07-24 17:01,3,+28.3,+16.8,+21.1,+17.4,+15.1,+34.2,+21.5,+21.6,+21.5,+21.8,+21.7,+21.6,+21.7
2023-07-24 18:01,3,+28.4,+16.8,+21.2,+17.4,+15.1,+34.2,+21.2,+21.7,+21.5,+21.8,+21.7,+21.6,+21.8
2023-07-24 19:01,3,+28.5,+16.8,+21.2,+17.4,+15.1,+34.2,+21.1,+21.7,+21.5,+21.8,+21.7,+21.6,+21.8
2023-07-24 20:01,3,+28.4,+16.8,+21.3,+17.5,+15.1,+34.2,+21.0,+21.7,+21.5,+21.8,+21.7,+21.6,+21.8
2023-07-24 21:01,3,+28.4,+16.8,+21.3,+17.5,+15.1,+34.2,+20.8,+21.6,+21.5,+21.8,+21.7,+21.5,+21.8
2023-07-24 22:01,3,+28.4,+16.8,+21.3,+17.4,+15.0,+34.2,+20.7,+21.6,+21.5,+21.8,+21.7,+21.5,+21.8
2023-07-24 23:01,3,+28.3,+16.8,+21.3,+17.5,+15.1,+34.2,+20.6,+21.6,+21.5,+21.8,+21.7,+21.6,+21.8
2023-07-25 00:01,3,+28.3,+16.8,+21.3,+17.4,+15.0,+34.2,+20.6,+21.5,+21.5,+21.8,+21.7,+21.5,+21.8
2023-07-25 01:01,3,+28.3,+16.8,+21.4,+17.4,+15.1,+34.2,+20.6,+21.5,+21.5,+21.8,+21.7,+21.5,+21.8
2023-07-25 02:01,3,+28.3,+16.8,+21.4,+17.4,+15.0,+34.2,+20.5,+21.5,+21.5,+21.8,+21.7,+21.6,+21.8
2023-07-25 03:01,3,+28.6,+16.8,+21.4,+17.5,+15.1,+34.2,+20.5,+21.3,+21.5,+21.8,+21.7,+21.6,+21.7
2023-07-25 04:01,3,+29.1,+16.8,+21.4,+17.4,+15.1,+34.2,+20.5,+21.3,+21.5,+21.8,+21.7,+21.6,+21.8
2023-07-25 05:01,3,+31.0,+17.4,+21.4,+17.5,+15.1,+34.2,+20.3,+21.2,+21.3,+21.8,+21.7,+21.5,+21.8
2023-07-25 06:01,3,+30.3,+17.7,+21.7,+17.4,+15.1,+34.2,+20.2,+21.2,+21.3,+21.8,+21.7,+21.5,+21.8
2023-07-25 07:01,3,+29.6,+17.6,+22.0,+17.5,+15.1,+34.2,+20.2,+21.2,+21.3,+21.8,+21.7,+21.6,+21.8
2023-07-25 08:01,3,+29.4,+17.5,+22.1,+17.6,+15.1,+34.2,+20.2,+21.1,+21.2,+21.8,+21.7,+21.6,+21.8
2023-07-25 09:01,3,+29.2,+17.4,+22.2,+17.8,+15.2,+34.2,+20.3,+21.1,+21.2,+21.8,+21.7,+21.5,+21.8
2023-07-25 10:01,3,+29.1,+17.4,+22.2,+17.8,+15.2,+34.2,+20.3,+21.2,+21.2,+21.8,+21.7,+21.5,+21.8
2023-07-25 11:01,3,+29.0,+17.3,+22.2,+17.9,+15.2,+34.3,+20.5,+21.1,+21.2,+21.8,+21.7,+21.6,+21.8
2023-07-25 12:01,3,+28.8,+17.2,+22.1,+17.8,+15.2,+34.2,+20.6,+21.1,+21.2,+21.8,+21.7,+21.5,+21.8
2023-07-25 13:01,3,+28.6,+17.2,+22.1,+17.9,+15.3,+34.3,+20.7,+21.1,+21.2,+21.8,+21.7,+21.6,+21.8
2023-07-25 14:01,3,+29.0,+17.1,+22.1,+18.0,+15.4,+34.3,+21.1,+21.2,+21.2,+21.8,+21.7,+21.5,+21.8
2023-07-25 15:01,3,+28.9,+17.1,+22.0,+17.9,+15.4,+34.3,+21.6,+21.2,+21.2,+21.7,+21.7,+21.5,+21.8
2023-07-25 16:01,3,+28.8,+17.2,+22.0,+17.9,+15.4,+34.3,+21.7,+21.3,+21.2,+21.7,+21.7,+21.5,+21.8
2023-07-25 17:01,3,+28.8,+17.2,+21.9,+18.0,+15.5,+34.4,+21.6,+21.5,+21.2,+21.7,+21.7,+21.5,+21.7
2023-07-25 18:01,3,+28.7,+17.4,+21.9,+18.0,+15.5,+34.4,+21.5,+21.5,+21.2,+21.7,+21.7,+21.5,+21.8
2023-07-25 19:01,3,+28.7,+17.4,+21.9,+17.9,+15.5,+34.4,+21.2,+21.6,+21.2,+21.7,+21.7,+21.5,+21.8
2023-07-25 20:01,3,+28.6,+17.4,+21.9,+17.9,+15.5,+34.4,+21.1,+21.5,+21.2,+21.7,+21.6,+21.5,+21.8
2023-07-25 21:01,3,+28.6,+17.4,+21.8,+17.9,+15.5,+34.5,+21.0,+21.5,+21.2,+21.7,+21.6,+21.5,+21.8
2023-07-25 22:01,3,+28.6,+17.3,+21.8,+17.8,+15.5,+34.5,+20.8,+21.5,+21.2,+21.7,+21.7,+21.5,+21.8
2023-07-25 23:01,3,+28.6,+17.3,+21.8,+18.0,+15.5,+34.5,+20.7,+21.5,+21.2,+21.7,+21.7,+21.5,+21.8
2023-07-26 00:01,3,+28.5,+17.3,+21.8,+18.0,+15.5,+34.6,+20.5,+21.3,+21.3,+21.7,+21.7,+21.5,+21.8
2023-07-26 01:01,3,+28.4,+17.4,+21.7,+18.0,+15.5,+34.6,+20.5,+21.3,+21.2,+21.7,+21.7,+21.5,+21.8
2023-07-26 02:01,3,+28.5,+17.4,+21.7,+18.0,+15.6,+34.6,+20.3,+21.3,+21.2,+21.7,+21.6,+21.5,+21.8
2023-07-26 03:01,3,+28.4,+17.4,+21.7,+17.8,+15.5,+34.6,+20.2,+21.2,+21.2,+21.7,+21.6,+21.5,+21.8
2023-07-26 04:01,3,+28.4,+17.4,+21.7,+18.0,+15.5,+34.6,+20.1,+21.2,+21.2,+21.7,+21.6,+21.5,+21.8
2023-07-26 05:01,3,+28.4,+17.4,+21.7,+17.8,+15.5,+34.6,+20.0,+21.1,+21.2,+21.7,+21.6,+21.5,+21.7
2023-07-26 06:01,3,+28.3,+17.4,+21.6,+17.9,+15.5,+34.6,+19.8,+21.1,+21.2,+21.7,+21.6,+21.5,+21.8
2023-07-26 07:01,3,+28.3,+17.3,+21.6,+18.0,+15.6,+34.7,+19.8,+21.1,+21.2,+21.7,+21.6,+21.5,+21.8
2023-07-26 08:01,3,+28.4,+17.3,+21.6,+17.8,+15.5,+34.6,+19.8,+21.0,+21.2,+21.7,+21.6,+21.5,+21.8
2023-07-26 09:01,3,+28.3,+17.3,+21.6,+17.9,+15.5,+34.7,+20.0,+21.0,+21.1,+21.7,+21.6,+21.5,+21.8
2023-07-26 10:01,3,+28.3,+17.3,+21.6,+17.8,+15.5,+34.6,+20.2,+20.8,+21.1,+21.7,+21.7,+21.5,+21.8
2023-07-26 11:01,3,+28.2,+17.3,+21.5,+17.8,+15.5,+34.6,+20.5,+21.0,+21.1,+21.7,+21.6,+21.5,+21.8
2023-07-26 12:01,3,+28.2,+17.2,+21.5,+17.8,+15.5,+34.6,+20.7,+21.0,+21.1,+21.6,+21.6,+21.5,+21.7
2023-07-26 12:32,3,+28.2,+17.2,+21.5,+17.9,+15.5,+34.6,+20.8,+21.0,+21.1,+21.7,+21.6,+21.5,+21.7
2023-07-26 13:32,3,+28.2,+17.2,+21.5,+17.8,+15.5,+34.6,+21.1,+21.0,+21.1,+21.7,+21.6,+21.5,+21.8
2023-07-26 14:32,3,+28.2,+17.2,+21.5,+17.9,+15.5,+34.6,+21.3,+21.1,+21.1,+21.7,+21.6,+21.5,+21.8
2023-07-26 15:32,3,+28.2,+17.2,+21.5,+17.9,+15.5,+34.6,+21.3,+21.2,+21.1,+21.7,+21.6,+21.5,+21.8
2023-07-26 16:32,3,+28.1,+17.2,+21.4,+17.9,+15.5,+34.6,+21.3,+21.2,+21.1,+21.7,+21.6,+21.5,+21.8
2023-07-26 17:32,3,+28.1,+17.2,+21.4,+17.8,+15.5,+34.6,+21.3,+21.3,+21.1,+21.6,+21.6,+21.5,+21.8
2023-07-26 18:32,3,+28.2,+17.2,+21.4,+17.8,+15.5,+34.6,+21.2,+21.3,+21.1,+21.6,+21.6,+21.5,+21.8
2023-07-26 19:32,3,+28.2,+17.3,+21.4,+17.9,+15.5,+34.6,+21.1,+21.3,+21.1,+21.6,+21.6,+21.5,+21.8
2023-07-26 20:32,3,+28.2,+17.3,+21.4,+17.9,+15.5,+34.6,+21.0,+21.3,+21.1,+21.6,+21.6,+21.5,+21.8
2023-07-26 21:32,3,+28.1,+17.3,+21.4,+17.9,+15.5,+34.6,+20.8,+21.3,+21.1,+21.7,+21.6,+21.5,+21.7
2023-07-26 22:32,3,+28.1,+17.2,+21.4,+17.8,+15.4,+34.6,+20.7,+21.3,+21.1,+21.6,+21.6,+21.5,+21.8
2023-07-26 23:32,3,+28.1,+17.3,+21.4,+17.8,+15.5,+34.6,+20.6,+21.3,+21.2,+21.6,+21.6,+21.5,+21.7
2023-07-27 00:32,3,+28.1,+17.3,+21.4,+17.8,+15.4,+34.6,+20.6,+21.3,+21.1,+21.6,+21.6,+21.5,+21.8
2023-07-27 01:32,3,+28.1,+17.3,+21.4,+17.7,+15.4,+34.6,+20.5,+21.3,+21.2,+21.6,+21.6,+21.5,+21.7
2023-07-27 02:32,3,+28.1,+17.3,+21.4,+17.7,+15.4,+34.6,+20.3,+21.2,+21.2,+21.7,+21.6,+21.5,+21.8
2023-07-27 03:32,3,+28.1,+17.3,+21.4,+17.8,+15.5,+34.6,+20.3,+21.2,+21.1,+21.7,+21.6,+21.5,+21.8
2023-07-27 04:32,3,+28.2,+17.4,+21.4,+17.7,+15.4,+34.5,+20.3,+21.2,+21.1,+21.7,+21.6,+21.5,+21.7
2023-07-27 05:32,3,+28.2,+17.3,+21.4,+17.7,+15.4,+34.5,+20.3,+21.2,+21.1,+21.6,+21.6,+21.5,+21.8
2023-07-27 06:32,3,+28.2,+17.3,+21.3,+17.7,+15.4,+34.5,+20.2,+21.1,+21.1,+21.6,+21.6,+21.5,+21.7
2023-07-27 07:32,3,+28.7,+17.3,+21.3,+17.7,+15.4,+34.5,+20.2,+21.1,+21.1,+21.6,+21.6,+21.5,+21.7
2023-07-27 08:32,3,+31.4,+17.4,+21.3,+17.8,+15.4,+34.6,+20.2,+21.1,+21.1,+21.7,+21.6,+21.5,+21.8
2023-07-27 09:32,3,+30.8,+17.7,+21.3,+17.7,+15.4,+34.5,+20.3,+21.0,+21.1,+21.6,+21.6,+21.5,+21.7
2023-07-27 10:32,3,+30.1,+17.8,+21.3,+17.8,+15.5,+34.6,+20.6,+21.1,+21.1,+21.6,+21.6,+21.3,+21.7
2023-07-27 11:32,3,+29.8,+17.8,+21.4,+17.7,+15.4,+34.5,+20.8,+21.1,+21.1,+21.6,+21.6,+21.5,+21.8
2023-07-27 12:32,3,+29.5,+17.8,+21.5,+17.8,+15.4,+34.5,+21.0,+21.1,+21.1,+21.6,+21.6,+21.5,+21.7
2023-07-27 13:32,3,+29.3,+17.7,+21.5,+17.8,+15.4,+34.5,+21.3,+21.2,+21.1,+21.6,+21.6,+21.5,+21.7
2023-07-27 14:32,3,+29.2,+17.7,+21.6,+17.8,+15.4,+34.5,+21.6,+21.2,+21.1,+21.6,+21.6,+21.5,+21.7
2023-07-27 15:32,3,+29.1,+17.7,+21.6,+17.8,+15.4,+34.5,+21.6,+21.3,+21.1,+21.6,+21.6,+21.5,+21.7
2023-07-27 16:32,3,+29.2,+17.7,+21.6,+17.8,+15.4,+34.5,+21.7,+21.5,+21.1,+21.6,+21.6,+21.5,+21.7
2023-07-27 17:32,3,+29.0,+17.7,+21.7,+17.7,+15.4,+34.5,+21.5,+21.5,+21.1,+21.6,+21.6,+21.5,+21.8
2023-07-27 18:32,3,+28.9,+17.8,+21.7,+17.8,+15.4,+34.5,+21.5,+21.5,+21.1,+21.6,+21.6,+21.5,+21.8
2023-07-27 19:32,3,+28.9,+17.9,+21.7,+17.8,+15.4,+34.5,+21.2,+21.5,+21.1,+21.6,+21.6,+21.3,+21.7
2023-07-27 20:32,3,+28.9,+17.9,+21.7,+17.7,+15.4,+34.5,+21.1,+21.5,+21.2,+21.6,+21.6,+21.3,+21.7
2023-07-27 21:32,3,+28.9,+17.9,+21.7,+17.7,+15.4,+34.5,+21.1,+21.5,+21.2,+21.6,+21.5,+21.3,+21.7
2023-07-27 22:32,3,+28.9,+17.9,+21.7,+17.9,+15.4,+34.5,+21.0,+21.5,+21.2,+21.7,+21.6,+21.5,+21.7
2023-07-27 23:32,3,+28.8,+18.0,+21.7,+17.8,+15.4,+34.5,+21.0,+21.5,+21.2,+21.6,+21.5,+21.3,+21.8
2023-07-28 00:32,3,+28.8,+18.1,+21.7,+17.8,+15.4,+34.4,+20.8,+21.5,+21.2,+21.6,+21.6,+21.3,+21.7
2023-07-28 01:32,3,+28.8,+18.0,+21.7,+17.8,+15.4,+34.5,+20.7,+21.5,+21.2,+21.6,+21.6,+21.3,+21.7
2023-07-28 02:32,3,+28.7,+17.9,+21.7,+17.9,+15.5,+34.5,+20.6,+21.3,+21.2,+21.6,+21.6,+21.3,+21.7
2023-07-28 03:32,3,+28.7,+17.9,+21.7,+17.9,+15.5,+34.5,+20.5,+21.3,+21.2,+21.7,+21.6,+21.3,+21.8
2023-07-28 04:32,3,+28.7,+17.9,+21.7,+17.8,+15.4,+34.5,+20.3,+21.3,+21.2,+21.7,+21.5,+21.5,+21.7
2023-07-28 05:32,3,+28.7,+18.0,+21.7,+17.8,+15.4,+34.5,+20.3,+21.3,+21.2,+21.6,+21.6,+21.3,+21.8
2023-07-28 06:32,3,+28.7,+18.1,+21.7,+17.8,+15.4,+34.5,+20.2,+21.2,+21.2,+21.6,+21.6,+21.3,+21.7
2023-07-28 07:32,3,+28.6,+18.2,+21.7,+17.9,+15.5,+34.5,+20.3,+21.1,+21.2,+21.6,+21.6,+21.3,+21.7
2023-07-28 08:32,3,+28.6,+18.2,+21.7,+17.9,+15.5,+34.5,+20.5,+21.1,+21.2,+21.6,+21.6,+21.5,+21.8
2023-07-28 09:32,3,+28.6,+18.2,+21.6,+17.8,+15.4,+34.5,+20.7,+21.1,+21.2,+21.7,+21.6,+21.5,+21.7
2023-07-28 10:32,3,+28.5,+18.2,+21.6,+17.8,+15.4,+34.5,+21.0,+21.2,+21.1,+21.7,+21.5,+21.5,+21.7
2023-07-28 11:32,3,+28.4,+18.2,+21.6,+17.8,+15.4,+34.4,+21.3,+21.2,+21.1,+21.7,+21.6,+21.3,+21.7
2023-07-28 12:32,3,+28.4,+18.2,+21.6,+17.9,+15.5,+34.5,+21.6,+21.2,+21.1,+21.6,+21.6,+21.5,+21.7
2023-07-28 13:32,3,+28.4,+18.1,+21.5,+17.9,+15.5,+34.5,+22.1,+21.5,+21.2,+21.6,+21.6,+21.3,+21.7
2023-07-28 14:32,3,+28.4,+18.1,+21.5,+17.9,+15.5,+34.5,+22.8,+21.5,+21.1,+21.6,+21.5,+21.3,+21.7
2023-07-28 15:32,3,+28.4,+18.1,+21.5,+17.9,+15.5,+34.4,+22.8,+21.7,+21.2,+21.6,+21.6,+21.3,+21.7
2023-07-28 16:32,3,+28.4,+18.1,+21.5,+17.9,+15.5,+34.4,+22.8,+21.8,+21.2,+21.6,+21.5,+21.5,+21.7
2023-07-28 17:32,3,+28.4,+18.1,+21.5,+17.8,+15.4,+34.4,+22.7,+22.0,+21.2,+21.6,+21.5,+21.5,+21.7
2023-07-28 18:32,3,+28.4,+18.1,+21.5,+17.8,+15.4,+34.4,+22.6,+22.0,+21.2,+21.6,+21.6,+21.3,+21.7
2023-07-28 19:32,3,+28.4,+18.1,+21.5,+17.9,+15.5,+34.4,+22.5,+22.1,+21.3,+21.6,+21.6,+21.3,+21.7
2023-07-28 20:32,3,+28.4,+18.1,+21.5,+17.8,+15.5,+34.4,+22.2,+22.1,+21.3,+21.6,+21.6,+21.3,+21.7
2023-07-28 21:32,3,+28.4,+18.1,+21.4,+17.9,+15.5,+34.4,+22.1,+22.1,+21.3,+21.7,+21.6,+21.5,+21.7
2023-07-28 22:32,3,+28.5,+18.2,+21.4,+17.9,+15.5,+34.4,+22.0,+22.2,+21.5,+21.6,+21.6,+21.5,+21.7
2023-07-28 23:32,3,+29.2,+18.2,+21.5,+17.7,+15.4,+34.4,+21.8,+22.1,+21.5,+21.7,+21.6,+21.3,+21.7
2023-07-29 00:32,3,+29.6,+18.2,+21.5,+17.7,+15.4,+34.4,+21.7,+22.1,+21.5,+21.7,+21.6,+21.3,+21.7
2023-07-29 01:32,3,+29.9,+18.3,+21.5,+17.8,+15.5,+34.4,+21.7,+22.1,+21.5,+21.7,+21.6,+21.3,+21.7
2023-07-29 02:32,3,+30.0,+18.3,+21.5,+17.8,+15.5,+34.4,+21.6,+22.1,+21.5,+21.7,+21.6,+21.3,+21.7
2023-07-29 03:32,3,+30.0,+18.4,+21.5,+17.7,+15.4,+34.4,+21.6,+22.1,+21.6,+21.7,+21.6,+21.5,+21.7
2023-07-29 04:32,3,+30.0,+18.5,+21.5,+17.7,+15.4,+34.4,+21.5,+22.0,+21.5,+21.7,+21.6,+21.3,+21.7
2023-07-29 05:32,3,+29.9,+18.7,+21.5,+17.7,+15.4,+34.4,+21.3,+22.0,+21.6,+21.8,+21.6,+21.5,+21.7
2023-07-29 06:32,3,+29.9,+18.8,+21.6,+17.9,+15.5,+34.4,+21.3,+22.0,+21.6,+21.8,+21.6,+21.5,+21.7
2023-07-29 07:32,3,+29.7,+18.8,+21.5,+17.8,+15.4,+34.4,+21.3,+22.0,+21.6,+21.8,+21.6,+21.5,+21.7
2023-07-29 08:32,3,+29.7,+18.8,+21.5,+17.9,+15.5,+34.4,+21.6,+21.8,+21.6,+21.8,+21.6,+21.5,+21.7
2023-07-29 09:32,3,+29.6,+18.8,+21.5,+17.9,+15.5,+34.4,+21.8,+21.8,+21.6,+21.8,+21.6,+21.5,+21.7
2023-07-29 10:32,3,+29.5,+18.8,+21.6,+17.8,+15.4,+34.4,+22.0,+22.0,+21.6,+21.8,+21.6,+21.5,+21.8
2023-07-29 11:32,3,+29.4,+18.8,+21.6,+17.9,+15.5,+34.4,+22.1,+22.0,+21.6,+21.8,+21.6,+21.5,+21.7
2023-07-29 12:32,3,+29.4,+18.8,+21.6,+17.9,+15.5,+34.4,+22.3,+22.0,+21.5,+21.8,+21.6,+21.5,+21.8
2023-07-29 13:32,3,+29.3,+18.8,+21.6,+17.8,+15.4,+34.4,+22.7,+22.1,+21.6,+21.8,+21.6,+21.5,+21.7
2023-07-29 14:32,3,+29.2,+18.8,+21.5,+17.9,+15.5,+34.4,+23.1,+22.2,+21.6,+21.8,+21.6,+21.5,+21.7
2023-07-29 15:32,3,+29.2,+18.8,+21.5,+17.8,+15.5,+34.4,+23.3,+22.3,+21.6,+21.8,+21.7,+21.5,+21.7
2023-07-29 16:32,3,+29.1,+18.8,+21.5,+17.8,+15.4,+34.4,+23.3,+22.5,+21.6,+21.8,+21.7,+21.5,+21.7
2023-07-29 17:32,3,+29.1,+18.8,+21.5,+17.9,+15.5,+34.4,+23.2,+22.5,+21.6,+21.8,+21.7,+21.5,+21.7
2023-07-29 18:32,3,+29.1,+18.7,+21.5,+17.8,+15.4,+34.3,+23.0,+22.6,+21.7,+21.8,+21.7,+21.5,+21.7
2023-07-29 19:32,3,+29.1,+18.7,+21.5,+17.8,+15.4,+34.3,+22.7,+22.7,+21.7,+21.8,+21.7,+21.5,+21.7
2023-07-29 20:32,3,+29.1,+18.7,+21.5,+17.8,+15.4,+34.3,+22.6,+22.6,+21.7,+21.8,+21.6,+21.5,+21.8
2023-07-29 21:32,3,+29.1,+18.7,+21.5,+17.9,+15.4,+34.4,+22.3,+22.6,+21.8,+22.0,+21.7,+21.5,+21.8
2023-07-29 22:32,3,+29.1,+18.8,+21.5,+17.9,+15.4,+34.4,+22.2,+22.6,+21.8,+22.0,+21.7,+21.5,+21.7
2023-07-29 23:32,3,+29.1,+18.7,+21.5,+17.8,+15.4,+34.3,+22.0,+22.5,+21.8,+22.0,+21.7,+21.5,+21.7
2023-07-30 00:32,3,+29.1,+18.7,+21.5,+17.8,+15.4,+34.3,+22.0,+22.5,+21.8,+22.0,+21.7,+21.5,+21.8
2023-07-30 01:32,3,+29.1,+18.7,+21.5,+17.8,+15.4,+34.3,+21.8,+22.5,+21.8,+22.0,+21.7,+21.5,+21.7
2023-07-30 02:32,3,+29.1,+18.7,+21.5,+17.9,+15.4,+34.4,+21.8,+22.3,+21.8,+22.0,+21.7,+21.5,+21.7
2023-07-30 03:32,3,+29.1,+18.7,+21.5,+17.8,+15.4,+34.3,+21.7,+22.3,+21.8,+22.0,+21.7,+21.5,+21.7
2023-07-30 04:32,3,+29.0,+18.8,+21.5,+17.9,+15.4,+34.4,+21.6,+22.2,+21.8,+22.0,+21.7,+21.5,+21.8
2023-07-30 05:32,3,+29.0,+18.7,+21.5,+17.9,+15.4,+34.4,+21.5,+22.2,+21.8,+22.1,+21.7,+21.5,+21.7
2023-07-30 06:32,3,+29.0,+18.7,+21.5,+17.9,+15.5,+34.4,+21.5,+22.2,+21.8,+22.0,+21.8,+21.6,+21.7
2023-07-30 07:32,3,+29.0,+18.7,+21.5,+17.8,+15.4,+34.3,+21.5,+22.1,+21.8,+22.1,+21.7,+21.5,+21.8
2023-07-30 08:32,3,+29.0,+18.7,+21.5,+17.8,+15.4,+34.3,+21.6,+22.1,+21.8,+22.1,+21.8,+21.6,+21.7
2023-07-30 09:32,3,+29.0,+18.6,+21.5,+17.8,+15.4,+34.3,+21.7,+22.1,+21.8,+22.1,+21.8,+21.6,+21.8
2023-07-30 10:32,3,+29.0,+18.7,+21.5,+17.8,+15.4,+34.3,+21.8,+22.1,+21.8,+22.1,+21.8,+21.6,+21.7
2023-07-30 11:32,3,+29.0,+18.7,+21.5,+17.9,+15.5,+34.4,+22.0,+22.1,+21.8,+22.1,+21.8,+21.6,+21.7
2023-07-30 12:32,3,+28.9,+18.7,+21.5,+17.9,+15.5,+34.4,+22.1,+22.1,+21.8,+22.1,+21.8,+21.6,+21.8
2023-07-30 13:32,3,+28.9,+18.7,+21.5,+17.8,+15.4,+34.3,+22.0,+22.2,+21.8,+22.1,+21.8,+21.6,+21.7
2023-07-30 14:32,3,+28.9,+18.7,+21.5,+17.8,+15.4,+34.3,+22.0,+22.2,+21.8,+22.1,+21.8,+21.6,+21.8
2023-07-30 15:32,3,+28.9,+18.7,+21.5,+17.8,+15.4,+34.3,+22.1,+22.2,+21.8,+22.1,+21.8,+21.6,+21.8
2023-07-30 16:32,3,+28.9,+18.7,+21.5,+17.9,+15.5,+34.4,+22.1,+22.2,+21.8,+22.1,+21.8,+21.6,+21.8
2023-07-30 17:32,3,+28.9,+18.7,+21.5,+17.9,+15.5,+34.4,+22.0,+22.2,+21.8,+22.1,+21.8,+21.6,+21.8
2023-07-30 18:32,3,+28.9,+18.7,+21.5,+17.8,+15.4,+34.3,+21.8,+22.3,+21.8,+22.1,+21.8,+21.6,+21.8
2023-07-30 19:32,3,+28.9,+18.7,+21.5,+17.8,+15.4,+34.3,+21.8,+22.3,+21.8,+22.1,+21.8,+21.6,+21.8
2023-07-30 20:32,3,+28.9,+18.7,+21.5,+17.8,+15.4,+34.3,+21.7,+22.2,+21.8,+22.1,+21.8,+21.6,+21.8
2023-07-30 21:32,3,+28.9,+18.7,+21.5,+17.8,+15.4,+34.3,+21.7,+22.2,+21.8,+22.1,+21.8,+21.6,+21.8
2023-07-30 22:32,3,+28.9,+18.7,+21.5,+17.8,+15.4,+34.3,+21.6,+22.2,+21.8,+22.1,+21.8,+21.7,+21.8
2023-07-30 23:32,3,+28.9,+18.7,+21.5,+17.8,+15.4,+34.3,+21.5,+22.1,+21.8,+22.1,+21.8,+21.6,+21.8
2023-07-31 00:32,3,+28.8,+18.7,+21.5,+17.8,+15.4,+34.3,+21.3,+22.1,+21.8,+22.1,+21.8,+21.6,+21.8
2023-07-31 01:32,3,+28.8,+18.7,+21.5,+17.9,+15.5,+34.4,+21.3,+22.1,+21.8,+22.1,+21.8,+21.7,+21.8
2023-07-31 02:32,3,+28.8,+18.7,+21.5,+17.8,+15.4,+34.3,+21.2,+22.1,+21.8,+22.1,+21.8,+21.6,+21.8
2023-07-31 03:32,3,+28.8,+18.7,+21.5,+17.9,+15.5,+34.4,+21.2,+22.0,+21.8,+22.2,+21.8,+21.7,+21.8
2023-07-31 04:32,3,+28.8,+18.7,+21.5,+17.8,+15.4,+34.3,+21.2,+22.0,+21.8,+22.1,+21.8,+21.6,+21.8
2023-07-31 05:32,3,+28.8,+18.7,+21.5,+17.8,+15.4,+34.3,+21.1,+22.0,+21.8,+22.1,+21.8,+21.6,+21.8
2023-07-31 06:32,3,+28.8,+18.7,+21.5,+17.9,+15.5,+34.4,+21.1,+22.0,+21.8,+22.1,+21.8,+21.7,+21.8
2023-07-31 07:32,3,+28.7,+18.7,+21.4,+17.9,+15.5,+34.4,+21.2,+21.8,+21.8,+22.1,+21.8,+21.7,+21.8
2023-07-31 08:32,3,+28.7,+18.7,+21.4,+17.8,+15.5,+34.4,+21.3,+22.0,+21.8,+22.2,+21.8,+21.7,+21.8
2023-07-31 09:32,3,+28.7,+18.7,+21.4,+17.8,+15.5,+34.3,+21.6,+21.8,+21.7,+22.2,+21.8,+21.7,+21.8
2023-07-31 10:32,3,+28.6,+18.7,+21.4,+17.8,+15.5,+34.3,+21.8,+22.0,+21.7,+22.1,+22.0,+21.7,+21.8
2023-07-31 11:32,3,+28.6,+18.7,+21.4,+17.8,+15.5,+34.3,+22.1,+22.0,+21.8,+22.2,+22.0,+21.7,+21.8
2023-07-31 12:32,3,+28.6,+18.6,+21.4,+17.8,+15.5,+34.3,+22.5,+22.1,+21.7,+22.1,+22.0,+21.7,+22.0
2023-07-31 13:32,3,+28.6,+18.6,+21.4,+17.8,+15.5,+34.3,+22.6,+22.2,+21.7,+22.1,+22.0,+21.7,+21.8
2023-07-31 14:32,3,+28.6,+18.6,+21.4,+17.9,+15.5,+34.3,+22.5,+22.3,+21.7,+22.1,+21.8,+21.7,+21.8
2023-07-31 15:32,3,+28.6,+18.6,+21.4,+17.8,+15.5,+34.3,+22.3,+22.3,+21.8,+22.1,+21.8,+21.7,+21.8
2023-07-31 16:32,3,+29.6,+18.7,+21.4,+17.8,+15.4,+34.3,+22.2,+22.3,+21.8,+22.1,+21.8,+21.7,+22.0
2023-07-31 17:32,3,+29.5,+18.7,+21.4,+17.9,+15.5,+34.3,+22.1,+22.3,+21.8,+22.1,+22.0,+21.7,+22.0
2023-07-31 18:32,3,+29.5,+18.7,+21.4,+17.8,+15.5,+34.3,+22.0,+22.3,+21.8,+22.1,+21.8,+21.7,+21.8
2023-07-31 19:32,3,+29.4,+18.7,+21.4,+17.9,+15.5,+34.3,+21.8,+22.3,+22.0,+22.1,+22.0,+21.7,+21.8
2023-07-31 20:32,3,+29.4,+18.7,+21.4,+17.8,+15.5,+34.3,+21.7,+22.3,+21.8,+22.1,+21.8,+21.7,+21.8
2023-07-31 21:32,3,+29.4,+18.7,+21.4,+17.8,+15.5,+34.3,+21.7,+22.2,+22.0,+22.1,+22.0,+21.7,+21.8
2023-07-31 22:32,3,+29.4,+18.7,+21.4,+18.0,+15.5,+34.4,+21.6,+22.2,+21.8,+22.1,+21.8,+21.7,+21.8
2023-07-31 23:32,3,+29.3,+18.7,+21.4,+17.8,+15.5,+34.3,+21.6,+22.2,+22.0,+22.2,+21.8,+21.7,+22.0
2023-08-01 00:32,3,+29.3,+18.7,+21.4,+17.8,+15.5,+34.3,+21.5,+22.2,+22.0,+22.1,+22.0,+21.7,+22.0
2023-08-01 01:32,3,+29.3,+18.7,+21.4,+17.9,+15.5,+34.4,+21.5,+22.2,+22.0,+22.2,+22.0,+21.7,+22.0
2023-08-01 02:32,3,+29.3,+18.7,+21.4,+17.8,+15.5,+34.3,+21.3,+22.2,+21.8,+22.1,+21.8,+21.7,+22.0
2023-08-01 03:32,3,+29.3,+18.7,+21.4,+17.8,+15.5,+34.3,+21.3,+22.1,+21.8,+22.2,+21.8,+21.7,+21.8
2023-08-01 04:32,3,+29.2,+18.7,+21.4,+18.0,+15.5,+34.4,+21.2,+22.1,+21.8,+22.2,+21.8,+21.7,+21.8
2023-08-01 05:32,3,+29.2,+18.7,+21.4,+17.8,+15.5,+34.3,+21.2,+22.0,+21.8,+22.2,+22.0,+21.7,+22.0
2023-08-01 06:32,3,+29.2,+18.7,+21.4,+18.0,+15.5,+34.4,+21.3,+22.0,+21.8,+22.2,+22.0,+21.7,+22.0
2023-08-01 07:32,3,+29.1,+18.7,+21.4,+17.8,+15.5,+34.3,+21.5,+22.0,+21.8,+22.2,+22.0,+21.7,+22.0
2023-08-01 08:32,3,+29.1,+18.7,+21.4,+17.8,+15.5,+34.3,+21.6,+22.0,+21.8,+22.2,+22.0,+21.7,+22.0
2023-08-01 09:32,3,+29.1,+18.7,+21.4,+18.0,+15.5,+34.4,+22.0,+22.0,+21.8,+22.2,+22.0,+21.7,+21.8
2023-08-01 10:32,3,+29.1,+18.7,+21.4,+18.0,+15.5,+34.4,+22.1,+22.1,+21.8,+22.2,+22.0,+21.7,+22.0
2023-08-01 11:32,3,+29.0,+18.7,+21.4,+17.9,+15.5,+34.3,+22.2,+22.1,+21.8,+22.2,+22.0,+21.7,+22.0
2023-08-01 12:32,3,+29.1,+18.7,+21.4,+17.8,+15.5,+34.3,+22.3,+22.2,+21.8,+22.1,+22.0,+21.7,+22.0
2023-08-01 13:32,3,+29.0,+18.7,+21.4,+17.9,+15.5,+34.3,+22.3,+22.2,+21.8,+22.2,+22.0,+21.7,+22.0
2023-08-01 14:32,3,+29.0,+18.7,+21.4,+18.0,+15.5,+34.3,+22.5,+22.3,+21.8,+22.2,+22.0,+21.7,+22.0
2023-08-01 15:32,3,+29.1,+18.7,+21.4,+18.0,+15.5,+34.3,+22.3,+22.3,+21.8,+22.2,+22.0,+21.7,+22.0
2023-08-01 16:32,3,+29.0,+18.7,+21.4,+18.0,+15.5,+34.3,+22.3,+22.3,+21.8,+22.2,+22.0,+21.7,+22.0
2023-08-01 17:32,3,+29.0,+18.7,+21.4,+17.9,+15.5,+34.3,+22.2,+22.5,+21.8,+22.2,+22.0,+21.7,+22.0
2023-08-01 18:32,3,+29.0,+18.7,+21.4,+18.0,+15.5,+34.3,+22.1,+22.5,+22.0,+22.1,+22.0,+21.7,+22.0
2023-08-01 19:32,3,+29.0,+18.7,+21.4,+18.0,+15.5,+34.3,+22.0,+22.5,+22.0,+22.2,+21.8,+21.8,+22.0
2023-08-01 20:32,3,+29.0,+18.7,+21.4,+17.9,+15.5,+34.3,+21.8,+22.3,+22.0,+22.2,+22.0,+21.7,+22.0
2023-08-01 21:32,3,+29.0,+18.7,+21.4,+17.9,+15.5,+34.3,+21.7,+22.3,+22.0,+22.2,+22.0,+21.8,+22.0
2023-08-01 22:32,3,+29.0,+18.7,+21.4,+17.9,+15.5,+34.3,+21.6,+22.3,+22.0,+22.2,+22.0,+21.7,+22.0
2023-08-01 23:32,3,+29.0,+18.7,+21.4,+18.0,+15.5,+34.3,+21.5,+22.3,+22.0,+22.2,+22.0,+21.7,+22.0
2023-08-02 00:32,3,+29.0,+18.7,+21.4,+17.9,+15.5,+34.3,+21.3,+22.2,+22.0,+22.2,+22.0,+21.7,+22.0
2023-08-02 01:32,3,+29.0,+18.7,+21.4,+18.0,+15.5,+34.3,+21.2,+22.2,+22.0,+22.2,+22.0,+21.7,+22.0
2023-08-02 02:32,3,+29.0,+18.7,+21.4,+18.0,+15.5,+34.3,+21.2,+22.1,+22.0,+22.2,+22.0,+21.8,+22.0
2023-08-02 03:32,3,+28.9,+18.7,+21.4,+17.9,+15.5,+34.3,+21.1,+22.1,+22.0,+22.2,+22.0,+21.7,+22.0
2023-08-02 04:32,3,+28.9,+18.7,+21.4,+18.0,+15.6,+34.3,+21.1,+22.0,+22.0,+22.2,+22.0,+21.7,+22.0
2023-08-02 05:32,3,+28.9,+18.7,+21.4,+17.9,+15.5,+34.3,+21.0,+22.0,+22.0,+22.2,+22.0,+21.7,+22.0
2023-08-02 06:32,3,+28.9,+18.7,+21.4,+18.0,+15.5,+34.3,+21.1,+21.8,+22.0,+22.2,+22.0,+21.7,+22.0
2023-08-02 07:32,3,+28.9,+18.7,+21.4,+17.9,+15.5,+34.3,+21.3,+22.0,+22.0,+22.2,+22.0,+21.7,+22.0
2023-08-02 08:32,3,+28.8,+18.7,+21.4,+17.9,+15.5,+34.3,+21.6,+21.8,+21.8,+22.2,+22.0,+21.8,+22.0
2023-08-02 09:32,3,+28.8,+18.7,+21.4,+18.0,+15.5,+34.3,+21.8,+22.0,+21.8,+22.2,+22.0,+21.8,+22.0
2023-08-02 10:32,3,+28.8,+18.7,+21.4,+18.0,+15.6,+34.3,+22.1,+22.0,+21.8,+22.2,+22.0,+21.8,+22.1
2023-08-02 11:32,3,+28.7,+18.6,+21.4,+18.0,+15.6,+34.3,+22.5,+22.1,+21.8,+22.2,+22.0,+21.8,+22.0
2023-08-02 12:32,3,+28.7,+18.6,+21.4,+18.0,+15.6,+34.3,+22.7,+22.2,+21.8,+22.2,+22.1,+21.7,+22.0
2023-08-02 13:32,3,+28.7,+18.6,+21.4,+18.0,+15.6,+34.3,+23.0,+22.2,+21.8,+22.2,+22.0,+21.7,+22.0
2023-08-02 14:32,3,+28.7,+18.6,+21.4,+18.0,+15.6,+34.3,+22.8,+22.3,+21.8,+22.2,+22.0,+21.8,+22.0
2023-08-02 15:32,3,+28.6,+18.6,+21.4,+18.0,+15.5,+34.3,+22.8,+22.5,+21.8,+22.2,+22.0,+21.7,+22.0
2023-08-02 16:32,3,+28.6,+18.6,+21.4,+18.0,+15.6,+34.3,+22.7,+22.6,+22.0,+22.2,+22.0,+21.7,+22.0
2023-08-02 17:32,3,+28.6,+18.6,+21.4,+17.9,+15.5,+34.3,+22.5,+22.6,+21.8,+22.2,+22.1,+21.8,+22.0
2023-08-02 18:32,3,+28.6,+18.6,+21.3,+18.0,+15.5,+34.3,+22.3,+22.6,+22.0,+22.2,+22.0,+21.8,+22.0
2023-08-02 19:32,3,+28.6,+18.6,+21.3,+17.9,+15.5,+34.2,+22.1,+22.6,+22.0,+22.2,+22.0,+21.8,+22.0
2023-08-02 20:32,3,+28.6,+18.7,+21.3,+17.9,+15.5,+34.3,+22.1,+22.5,+22.0,+22.2,+22.0,+21.8,+22.0
2023-08-02 21:32,3,+28.6,+18.7,+21.4,+17.9,+15.5,+34.3,+21.8,+22.5,+22.0,+22.2,+22.0,+21.8,+22.0
2023-08-02 22:32,3,+28.6,+18.7,+21.3,+17.9,+15.5,+34.3,+21.8,+22.5,+22.0,+22.2,+22.0,+21.8,+22.0
2023-08-02 23:32,3,+28.6,+18.6,+21.3,+18.0,+15.6,+34.3,+21.7,+22.3,+22.0,+22.3,+22.0,+21.7,+22.0
2023-08-03 00:32,3,+28.6,+18.7,+21.3,+17.9,+15.5,+34.3,+21.6,+22.3,+22.0,+22.3,+22.0,+21.8,+22.0
2023-08-03 01:32,3,+28.6,+18.6,+21.3,+17.9,+15.5,+34.2,+21.5,+22.3,+22.0,+22.3,+22.0,+21.7,+22.0
2023-08-03 02:32,3,+28.6,+18.6,+21.3,+17.9,+15.5,+34.3,+21.3,+22.3,+22.1,+22.3,+22.1,+21.8,+22.1
2023-08-03 03:32,3,+28.6,+18.6,+21.3,+17.9,+15.5,+34.3,+21.3,+22.2,+22.0,+22.2,+22.0,+21.8,+22.0
2023-08-03 04:32,3,+28.6,+18.6,+21.3,+17.9,+15.5,+34.3,+21.2,+22.2,+22.0,+22.3,+22.0,+21.8,+22.1
2023-08-03 05:32,3,+28.6,+18.6,+21.3,+18.0,+15.6,+34.3,+21.2,+22.1,+22.0,+22.3,+22.0,+21.8,+22.0
2023-08-03 06:32,3,+28.5,+18.6,+21.3,+18.0,+15.6,+34.3,+21.2,+22.1,+22.0,+22.3,+22.0,+21.8,+22.0
2023-08-03 07:32,3,+28.5,+18.6,+21.3,+18.0,+15.6,+34.3,+21.2,+22.0,+22.0,+22.3,+22.1,+21.8,+22.1
2023-08-03 08:32,3,+28.5,+18.6,+21.3,+18.0,+15.6,+34.3,+21.3,+22.0,+22.0,+22.3,+22.0,+21.8,+22.0
2023-08-03 09:32,3,+28.5,+18.6,+21.3,+18.0,+15.6,+34.3,+21.5,+22.0,+22.0,+22.3,+22.1,+21.8,+22.0
2023-08-03 10:32,3,+28.5,+18.6,+21.3,+18.0,+15.6,+34.3,+21.6,+22.0,+22.0,+22.3,+22.1,+21.8,+22.0
2023-08-03 11:32,3,+28.5,+18.6,+21.3,+17.9,+15.5,+34.2,+22.0,+22.1,+22.0,+22.3,+22.1,+21.8,+22.0
2023-08-03 12:32,3,+28.4,+18.5,+21.3,+17.9,+15.5,+34.2,+22.2,+22.1,+21.8,+22.3,+22.1,+21.8,+22.0
2023-08-03 13:32,3,+28.4,+18.5,+21.3,+18.0,+15.6,+34.3,+22.5,+22.2,+21.8,+22.2,+22.1,+21.8,+22.1
2023-08-03 14:32,3,+28.4,+18.5,+21.3,+17.9,+15.5,+34.2,+22.7,+22.3,+21.8,+22.2,+22.1,+21.8,+22.1
2023-08-03 15:32,3,+28.4,+18.5,+21.3,+18.0,+15.6,+34.3,+22.8,+22.3,+22.0,+22.2,+22.1,+21.8,+22.1
2023-08-03 16:32,3,+28.4,+18.5,+21.3,+18.0,+15.6,+34.3,+22.7,+22.5,+21.8,+22.3,+22.1,+21.8,+22.0
2023-08-03 17:32,3,+28.4,+18.5,+21.3,+17.9,+15.5,+34.2,+22.6,+22.5,+22.0,+22.3,+22.1,+21.8,+22.1
2023-08-03 18:32,3,+28.3,+18.5,+21.3,+17.9,+15.5,+34.2,+22.5,+22.6,+21.8,+22.3,+22.0,+21.8,+22.0
2023-08-03 19:32,3,+28.4,+18.5,+21.3,+18.0,+15.6,+34.2,+22.2,+22.5,+22.0,+22.2,+22.1,+21.8,+22.0
2023-08-03 20:32,3,+28.4,+18.5,+21.3,+17.9,+15.5,+34.2,+22.1,+22.5,+22.0,+22.2,+22.0,+21.8,+22.1
2023-08-03 21:32,3,+28.4,+18.5,+21.3,+18.0,+15.6,+34.2,+22.0,+22.5,+22.0,+22.2,+22.1,+21.8,+22.1
2023-08-03 22:32,3,+28.4,+18.5,+21.3,+18.0,+15.6,+34.3,+21.8,+22.5,+22.0,+22.2,+22.1,+21.8,+22.1
2023-08-03 23:32,3,+28.3,+18.5,+21.3,+17.9,+15.5,+34.2,+21.7,+22.5,+22.1,+22.3,+22.1,+21.8,+22.1
2023-08-04 00:32,3,+28.3,+18.5,+21.3,+17.9,+15.5,+34.2,+21.6,+22.3,+22.0,+22.3,+22.1,+21.8,+22.1
2023-08-04 01:32,3,+28.3,+18.5,+21.2,+18.0,+15.6,+34.2,+21.6,+22.3,+22.0,+22.3,+22.1,+21.8,+22.1
2023-08-04 02:32,3,+28.3,+18.5,+21.2,+17.9,+15.5,+34.2,+21.5,+22.3,+22.0,+22.3,+22.1,+21.8,+22.1
2023-08-04 03:32,3,+28.3,+18.5,+21.3,+17.9,+15.5,+34.2,+21.5,+22.2,+22.0,+22.3,+22.1,+21.8,+22.1
2023-08-04 04:32,3,+28.3,+18.5,+21.3,+18.0,+15.6,+34.3,+21.3,+22.2,+22.0,+22.2,+22.1,+21.8,+22.1
2023-08-04 05:32,3,+28.2,+18.5,+21.2,+18.0,+15.6,+34.3,+21.3,+22.2,+22.0,+22.3,+22.1,+21.8,+22.1
2023-08-04 06:32,3,+28.2,+18.6,+21.2,+18.0,+15.6,+34.2,+21.3,+22.1,+22.0,+22.3,+22.1,+21.8,+22.1
2023-08-04 07:32,3,+28.2,+18.6,+21.2,+18.0,+15.6,+34.3,+21.2,+22.1,+22.0,+22.3,+22.1,+21.8,+22.1
2023-08-04 08:32,3,+28.2,+18.6,+21.2,+18.0,+15.6,+34.3,+21.3,+22.1,+22.0,+22.2,+22.1,+21.8,+22.1
2023-08-04 09:32,3,+28.1,+18.6,+21.2,+17.9,+15.5,+34.2,+21.5,+22.1,+22.0,+22.3,+22.1,+21.8,+22.1
2023-08-04 10:32,3,+28.0,+18.5,+21.2,+17.9,+15.5,+34.2,+21.8,+22.1,+22.0,+22.3,+22.1,+21.8,+22.1
2023-08-04 11:32,3,+28.0,+18.5,+21.2,+17.9,+15.5,+34.2,+22.2,+22.2,+22.0,+22.3,+22.1,+21.8,+22.1
2023-08-04 12:32,3,+28.0,+18.5,+21.2,+18.0,+15.5,+34.2,+23.0,+22.2,+22.0,+22.3,+22.1,+21.8,+22.1
2023-08-04 13:32,3,+27.9,+18.5,+21.2,+18.0,+15.6,+34.2,+23.2,+22.3,+22.0,+22.3,+22.1,+21.8,+22.1
2023-08-04 14:32,3,+27.9,+18.5,+21.2,+18.0,+15.6,+34.2,+23.2,+22.5,+22.0,+22.3,+22.1,+21.8,+22.1
2023-08-04 15:32,3,+27.9,+18.5,+21.2,+18.0,+15.6,+34.2,+23.0,+22.5,+21.8,+22.3,+22.1,+21.8,+22.1
2023-08-04 16:32,3,+27.9,+18.5,+21.2,+18.0,+15.6,+34.2,+22.7,+22.6,+22.0,+22.3,+22.1,+21.8,+22.1
2023-08-04 17:32,3,+27.9,+18.5,+21.2,+17.9,+15.5,+34.2,+22.5,+22.7,+22.0,+22.3,+22.0,+22.0,+22.1
2023-08-04 18:32,3,+27.9,+18.5,+21.2,+17.9,+15.5,+34.2,+22.3,+22.7,+22.1,+22.3,+22.1,+21.8,+22.1
2023-08-04 19:32,3,+27.8,+18.5,+21.2,+18.0,+15.6,+34.2,+22.1,+22.6,+22.0,+22.3,+22.1,+21.8,+22.1
2023-08-04 20:32,3,+27.8,+18.5,+21.2,+17.9,+15.5,+34.2,+22.0,+22.6,+22.1,+22.3,+22.1,+21.8,+22.1
2023-08-04 21:32,3,+27.9,+18.5,+21.2,+18.0,+15.6,+34.2,+21.8,+22.5,+22.1,+22.3,+22.1,+22.0,+22.1
2023-08-04 22:32,3,+33.1,+19.8,+21.4,+17.9,+15.5,+34.2,+21.6,+22.5,+22.1,+22.3,+22.1,+21.8,+22.1
2023-08-04 23:32,3,+31.6,+19.7,+21.2,+18.0,+15.6,+34.2,+21.5,+22.3,+22.1,+22.3,+22.1,+21.8,+22.1
2023-08-05 00:32,3,+31.1,+19.5,+21.2,+18.0,+15.6,+34.2,+21.5,+22.3,+22.1,+22.3,+22.1,+21.8,+22.1
2023-08-05 01:32,3,+30.8,+19.5,+21.2,+18.0,+15.5,+34.2,+21.3,+22.2,+22.1,+22.3,+22.1,+21.8,+22.1
2023-08-05 02:32,3,+30.7,+19.4,+21.2,+17.9,+15.5,+34.2,+21.2,+22.2,+22.1,+22.3,+22.1,+22.0,+22.1
2023-08-05 03:32,3,+30.5,+19.4,+21.2,+17.9,+15.5,+34.2,+21.2,+22.1,+22.1,+22.3,+22.1,+21.8,+22.1
2023-08-05 04:32,3,+30.4,+19.3,+21.3,+17.9,+15.5,+34.2,+21.2,+22.1,+22.1,+22.3,+22.1,+22.0,+22.1
2023-08-05 05:32,3,+30.4,+19.3,+21.3,+18.0,+15.6,+34.2,+21.1,+22.1,+22.0,+22.3,+22.1,+21.8,+22.1
2023-08-05 06:32,3,+30.4,+19.3,+21.3,+17.9,+15.5,+34.2,+21.1,+22.0,+22.0,+22.3,+22.2,+21.8,+22.1
2023-08-05 07:32,3,+30.4,+19.3,+21.3,+17.9,+15.5,+34.2,+21.2,+22.0,+22.0,+22.3,+22.2,+22.0,+22.1
2023-08-05 08:32,3,+30.3,+19.3,+21.3,+18.0,+15.6,+34.2,+21.3,+22.0,+22.0,+22.3,+22.1,+22.0,+22.1
2023-08-05 09:32,3,+30.2,+19.3,+21.3,+18.0,+15.6,+34.2,+21.5,+22.0,+22.0,+22.3,+22.2,+21.8,+22.1
2023-08-05 10:32,3,+30.1,+19.2,+21.3,+18.0,+15.5,+34.2,+21.7,+22.0,+22.0,+22.3,+22.1,+21.8,+22.1
2023-08-05 11:32,3,+30.1,+19.2,+21.4,+18.0,+15.6,+34.2,+22.0,+22.0,+22.0,+22.3,+22.1,+22.0,+22.1
2023-08-05 12:32,3,+30.0,+19.2,+21.4,+18.0,+15.5,+34.2,+22.6,+22.1,+22.0,+22.3,+22.1,+22.0,+22.1
2023-08-05 13:32,3,+29.9,+19.1,+21.4,+17.9,+15.5,+34.1,+22.7,+22.2,+22.0,+22.3,+22.1,+21.8,+22.1
2023-08-05 14:32,3,+29.9,+19.1,+21.4,+18.0,+15.5,+34.2,+22.6,+22.2,+21.8,+22.3,+22.1,+22.0,+22.1
2023-08-05 15:32,3,+29.9,+19.1,+21.4,+17.9,+15.5,+34.1,+22.5,+22.3,+21.8,+22.3,+22.1,+22.0,+22.1
2023-08-05 16:32,3,+29.9,+19.1,+21.4,+17.9,+15.5,+34.1,+22.2,+22.5,+21.8,+22.3,+22.1,+22.0,+22.1
2023-08-05 17:32,3,+29.9,+19.1,+21.4,+17.9,+15.5,+34.1,+22.1,+22.3,+22.0,+22.3,+22.1,+22.0,+22.1
2023-08-05 18:32,3,+29.9,+19.1,+21.4,+18.0,+15.5,+34.1,+22.0,+22.3,+22.0,+22.3,+22.1,+21.8,+22.1
2023-08-05 19:32,3,+29.8,+19.1,+21.4,+18.0,+15.6,+34.2,+21.8,+22.3,+22.0,+22.2,+22.1,+22.0,+22.1
2023-08-05 20:32,3,+29.8,+19.1,+21.4,+18.0,+15.6,+34.2,+21.7,+22.3,+22.0,+22.3,+22.1,+22.0,+22.1
2023-08-05 21:32,3,+29.7,+19.1,+21.4,+18.1,+15.6,+34.2,+21.6,+22.2,+22.0,+22.3,+22.1,+21.8,+22.1
2023-08-05 22:32,3,+29.7,+19.1,+21.4,+18.0,+15.5,+34.1,+21.5,+22.2,+22.0,+22.2,+22.1,+21.8,+22.1
2023-08-05 23:32,3,+29.7,+19.1,+21.5,+18.0,+15.5,+34.1,+21.3,+22.2,+22.0,+22.3,+22.1,+21.8,+22.1
2023-08-06 00:32,3,+29.7,+19.1,+21.5,+18.1,+15.6,+34.2,+21.3,+22.1,+22.0,+22.3,+22.1,+22.0,+22.1
2023-08-06 01:32,3,+29.9,+19.1,+21.5,+18.1,+15.6,+34.2,+21.2,+22.1,+22.0,+22.3,+22.1,+22.0,+22.2
2023-08-06 02:32,3,+30.0,+19.1,+21.5,+18.0,+15.5,+34.1,+21.2,+22.1,+22.0,+22.3,+22.1,+21.8,+22.2
2023-08-06 03:32,3,+30.1,+19.1,+21.5,+17.9,+15.5,+34.1,+21.1,+22.0,+22.0,+22.3,+22.1,+22.0,+22.1
2023-08-06 04:32,3,+30.1,+19.1,+21.5,+18.1,+15.6,+34.2,+21.1,+22.0,+22.0,+22.3,+22.1,+21.8,+22.1
2023-08-06 05:32,3,+30.2,+19.2,+21.5,+18.0,+15.5,+34.1,+21.1,+22.0,+22.0,+22.3,+22.1,+22.0,+22.1
2023-08-06 06:32,3,+30.2,+19.2,+21.5,+18.0,+15.5,+34.1,+21.1,+21.8,+22.0,+22.3,+22.1,+22.0,+22.2
2023-08-06 07:32,3,+30.1,+19.2,+21.5,+18.1,+15.6,+34.2,+21.2,+21.8,+21.8,+22.3,+22.2,+22.0,+22.2
2023-08-06 08:32,3,+30.1,+19.2,+21.6,+18.0,+15.5,+34.1,+21.2,+21.8,+21.8,+22.2,+22.1,+22.0,+22.1
2023-08-06 09:32,3,+30.1,+19.2,+21.5,+18.0,+15.5,+34.1,+21.2,+21.8,+21.8,+22.3,+22.2,+22.0,+22.1
2023-08-06 10:32,3,+30.0,+19.1,+21.5,+18.1,+15.6,+34.2,+21.3,+21.8,+21.8,+22.3,+22.1,+21.8,+22.2
2023-08-06 11:32,3,+29.9,+19.1,+21.6,+18.1,+15.6,+34.1,+21.5,+21.8,+21.8,+22.3,+22.2,+22.0,+22.1
2023-08-06 12:32,3,+29.9,+19.1,+21.6,+18.0,+15.5,+34.1,+22.1,+21.8,+21.8,+22.2,+22.1,+22.0,+22.1
2023-08-06 13:32,3,+29.8,+19.1,+21.6,+18.0,+15.5,+34.1,+22.6,+22.0,+21.8,+22.3,+22.1,+22.0,+22.1
2023-08-06 14:32,3,+29.8,+19.1,+21.6,+18.1,+15.6,+34.1,+22.7,+22.1,+21.8,+22.2,+22.1,+22.0,+22.1
2023-08-06 15:32,3,+29.8,+19.1,+21.5,+18.1,+15.6,+34.1,+22.5,+22.2,+21.8,+22.2,+22.1,+22.0,+22.1
2023-08-06 16:32,3,+29.7,+19.1,+21.6,+18.0,+15.5,+34.1,+22.2,+22.3,+21.8,+22.2,+22.1,+22.0,+22.1
2023-08-06 17:32,3,+29.7,+19.1,+21.6,+18.0,+15.5,+34.1,+22.1,+22.3,+21.8,+22.2,+22.1,+21.8,+22.1
2023-08-06 18:32,3,+29.7,+19.1,+21.6,+18.1,+15.6,+34.1,+21.8,+22.2,+21.8,+22.2,+22.1,+22.0,+22.1
2023-08-06 19:32,3,+29.7,+19.1,+21.6,+18.1,+15.6,+34.1,+21.6,+22.2,+21.8,+22.2,+22.1,+21.8,+22.1
2023-08-06 20:32,3,+29.7,+19.1,+21.6,+18.0,+15.5,+34.1,+21.5,+22.2,+22.0,+22.2,+22.1,+21.8,+22.1
2023-08-06 21:32,3,+29.6,+19.1,+21.6,+18.1,+15.6,+34.1,+21.5,+22.2,+22.0,+22.3,+22.1,+22.0,+22.1
2023-08-06 22:32,3,+29.6,+19.1,+21.6,+18.1,+15.6,+34.1,+21.3,+22.1,+21.8,+22.2,+22.1,+21.8,+22.1
2023-08-06 23:32,3,+29.6,+19.1,+21.6,+18.0,+15.5,+34.1,+21.2,+22.1,+21.8,+22.2,+22.1,+22.0,+22.1
2023-08-07 00:32,3,+29.6,+19.1,+21.6,+18.1,+15.6,+34.1,+21.2,+22.0,+21.8,+22.2,+22.1,+21.8,+22.2
2023-08-07 01:32,3,+29.6,+19.1,+21.6,+18.1,+15.6,+34.1,+21.2,+22.0,+21.8,+22.3,+22.1,+21.8,+22.2
2023-08-07 02:32,3,+29.6,+19.1,+21.6,+18.1,+15.6,+34.1,+21.2,+22.0,+21.8,+22.2,+22.1,+21.8,+22.1
2023-08-07 03:32,3,+29.6,+19.1,+21.6,+18.0,+15.5,+34.1,+21.1,+21.8,+21.8,+22.2,+22.1,+22.0,+22.1
2023-08-07 04:32,3,+29.5,+19.1,+21.6,+18.1,+15.6,+34.1,+21.1,+22.0,+21.8,+22.2,+22.1,+21.8,+22.1
2023-08-07 05:32,3,+29.5,+19.1,+21.6,+18.0,+15.5,+34.1,+21.1,+21.8,+21.8,+22.2,+22.1,+21.8,+22.1
2023-08-07 06:32,3,+29.5,+19.2,+21.6,+18.1,+15.6,+34.1,+21.1,+21.8,+21.8,+22.2,+22.1,+21.8,+22.1
2023-08-07 07:32,3,+29.5,+19.1,+21.6,+18.0,+15.6,+34.1,+21.2,+21.8,+21.8,+22.2,+22.1,+21.8,+22.1
2023-08-07 08:32,3,+29.5,+19.1,+21.6,+18.1,+15.6,+34.2,+21.2,+21.8,+21.8,+22.2,+22.1,+21.8,+22.2
2023-08-07 09:32,3,+33.9,+19.2,+21.6,+18.0,+15.6,+34.1,+21.1,+21.8,+21.8,+22.2,+22.1,+21.8,+22.1
2023-08-07 10:32,3,+33.0,+20.4,+21.6,+18.1,+15.6,+34.2,+21.0,+21.8,+21.7,+22.2,+22.1,+21.8,+22.2
2023-08-07 11:32,3,+32.0,+20.4,+21.7,+18.1,+15.6,+34.2,+21.1,+21.8,+21.8,+22.2,+22.1,+21.8,+22.1
2023-08-07 12:32,3,+31.6,+20.3,+21.8,+18.1,+15.6,+34.1,+21.1,+21.7,+21.7,+22.2,+22.1,+21.8,+22.2
2023-08-07 13:32,3,+31.3,+20.2,+21.9,+18.0,+15.5,+34.1,+21.1,+21.7,+21.7,+22.2,+22.1,+21.8,+22.1
2023-08-07 14:32,3,+31.1,+20.1,+22.1,+18.0,+15.6,+34.1,+21.1,+21.7,+21.8,+22.2,+22.1,+21.8,+22.1
2023-08-07 15:32,3,+30.9,+20.0,+22.2,+18.1,+15.6,+34.2,+21.0,+21.7,+21.7,+22.2,+22.1,+22.0,+22.1
2023-08-07 16:32,3,+30.8,+20.0,+22.3,+18.0,+15.6,+34.1,+20.8,+21.7,+21.7,+22.2,+22.1,+22.0,+22.2
2023-08-07 17:32,3,+30.7,+19.9,+22.3,+18.1,+15.6,+34.2,+20.8,+21.7,+21.7,+22.2,+22.1,+21.8,+22.1
2023-08-07 18:32,3,+30.6,+19.9,+22.4,+18.2,+15.6,+34.1,+20.7,+21.7,+21.7,+22.2,+22.1,+22.0,+22.2
2023-08-07 19:32,3,+30.5,+19.9,+22.4,+18.2,+15.6,+34.2,+20.6,+21.6,+21.7,+22.2,+22.1,+21.8,+22.2
2023-08-07 20:32,3,+30.5,+19.9,+22.4,+18.2,+15.6,+34.2,+20.6,+21.6,+21.7,+22.2,+22.0,+21.8,+22.1
2023-08-07 21:32,3,+30.4,+19.8,+22.5,+18.2,+15.7,+34.2,+20.5,+21.6,+21.6,+22.2,+22.1,+21.8,+22.1
2023-08-07 22:32,3,+30.4,+19.8,+22.5,+18.2,+15.7,+34.2,+20.3,+21.6,+21.7,+22.2,+22.1,+21.8,+22.2
2023-08-07 23:32,3,+30.3,+19.8,+22.5,+18.2,+15.7,+34.2,+20.3,+21.5,+21.6,+22.2,+22.1,+21.8,+22.2
2023-08-08 00:32,3,+30.3,+19.8,+22.4,+18.2,+15.7,+34.2,+20.3,+21.5,+21.6,+22.2,+22.1,+21.8,+22.1
2023-08-08 01:32,3,+30.2,+19.9,+22.5,+18.3,+15.7,+34.2,+20.2,+21.5,+21.6,+22.2,+22.1,+21.8,+22.1
2023-08-08 02:32,3,+30.2,+20.0,+22.5,+18.3,+15.7,+34.2,+20.1,+21.3,+21.6,+22.2,+22.1,+21.8,+22.1
2023-08-08 03:32,3,+30.1,+20.0,+22.5,+18.2,+15.7,+34.2,+20.1,+21.2,+21.6,+22.1,+22.0,+21.8,+22.1
2023-08-08 04:32,3,+30.1,+20.1,+22.4,+18.3,+15.7,+34.2,+20.1,+21.2,+21.5,+22.1,+22.1,+21.8,+22.1
2023-08-08 05:32,3,+30.1,+20.1,+22.4,+18.3,+15.7,+34.2,+20.2,+21.2,+21.5,+22.1,+22.1,+21.8,+22.1
2023-08-08 06:32,3,+30.0,+20.1,+22.4,+18.3,+15.7,+34.2,+20.3,+21.2,+21.5,+22.1,+22.0,+21.8,+22.2
2023-08-08 07:32,3,+30.0,+20.3,+22.4,+18.2,+15.7,+34.2,+20.6,+21.2,+21.5,+22.1,+22.0,+21.8,+22.1