2023-07-26 10:50,4,+19.1,+14.4,+5.3,+6.7,+11.3,+21.8,+19.0,+19.2,+19.6,+19.7,+19.8,+19.8,+20.0
2023-07-26 11:50,4,+19.1,+14.4,+5.3,+6.7,+11.3,+21.8,+19.2,+19.3,+19.6,+19.7,+20.0,+19.8,+20.0
2023-07-26 12:50,4,+19.1,+14.4,+5.2,+6.6,+11.2,+21.8,+19.3,+19.2,+19.6,+19.7,+19.8,+19.7,+20.0
2023-07-26 13:50,4,+19.1,+14.4,+5.2,+6.7,+11.2,+21.8,+19.5,+19.3,+19.6,+19.7,+19.8,+19.8,+20.0
2023-07-26 14:50,4,+19.1,+14.3,+5.2,+6.6,+11.2,+21.7,+19.6,+19.3,+19.6,+19.7,+19.8,+19.7,+20.0
2023-07-26 15:50,4,+19.1,+14.3,+5.2,+6.7,+11.2,+21.8,+19.6,+19.5,+19.6,+19.7,+19.8,+19.7,+20.0
2023-07-26 16:50,4,+19.1,+14.3,+5.2,+6.7,+11.2,+21.8,+19.5,+19.5,+19.6,+19.7,+19.8,+19.8,+20.0
2023-07-26 17:50,4,+19.0,+14.3,+5.2,+6.7,+11.2,+21.8,+19.6,+19.6,+19.6,+19.7,+19.8,+19.7,+20.0
2023-07-26 18:50,4,+19.0,+14.3,+5.2,+6.6,+11.2,+21.7,+19.5,+19.6,+19.5,+19.6,+19.8,+19.8,+20.0
2023-07-26 19:50,4,+19.2,+14.3,+5.2,+6.5,+11.2,+21.7,+19.5,+19.6,+19.6,+19.7,+19.8,+19.7,+20.0
2023-07-26 20:50,4,+19.2,+14.3,+5.2,+6.7,+11.2,+21.8,+19.5,+19.6,+19.6,+19.6,+19.8,+19.7,+19.8
2023-07-26 21:50,4,+19.2,+14.3,+5.2,+6.7,+11.2,+21.8,+19.5,+19.6,+19.6,+19.7,+19.8,+19.7,+19.8
2023-07-26 22:50,4,+19.2,+14.3,+5.2,+6.6,+11.2,+21.7,+19.3,+19.6,+19.6,+19.7,+19.7,+19.7,+19.8
2023-07-26 23:50,4,+19.1,+14.3,+5.2,+6.6,+11.2,+21.7,+19.2,+19.6,+19.6,+19.7,+19.8,+19.7,+19.8
2023-07-27 00:50,4,+19.1,+14.3,+5.2,+6.7,+11.2,+21.8,+19.2,+19.6,+19.6,+19.7,+19.8,+19.7,+19.8
2023-07-27 01:50,4,+19.1,+14.3,+5.2,+6.6,+11.2,+21.7,+19.1,+19.5,+19.6,+19.7,+19.8,+19.7,+19.8
2023-07-27 02:50,4,+19.1,+14.3,+5.2,+6.7,+11.2,+21.8,+19.1,+19.5,+19.6,+19.7,+19.8,+19.7,+19.8
2023-07-27 03:50,4,+19.1,+14.3,+5.2,+6.7,+11.2,+21.8,+19.1,+19.5,+19.6,+19.7,+19.8,+19.7,+20.0
2023-07-27 04:50,4,+19.1,+14.2,+5.2,+6.6,+11.2,+21.7,+19.1,+19.5,+19.6,+19.7,+19.8,+19.7,+20.0
2023-07-27 05:50,4,+19.2,+14.2,+5.2,+6.5,+11.2,+21.7,+19.2,+19.5,+19.6,+19.7,+19.8,+19.7,+19.8
2023-07-27 06:50,4,+19.7,+14.2,+5.2,+6.7,+11.2,+21.8,+19.1,+19.5,+19.6,+19.7,+19.8,+19.7,+19.8
2023-07-27 07:50,4,+27.8,+16.8,+5.3,+6.7,+11.2,+21.8,+19.0,+19.5,+19.7,+19.7,+19.8,+19.7,+19.8
2023-07-27 08:50,4,+22.6,+15.2,+5.3,+6.5,+11.2,+21.8,+19.1,+19.5,+19.6,+19.7,+19.8,+19.7,+19.8
2023-07-27 09:50,4,+21.3,+15.2,+5.3,+6.7,+11.2,+21.8,+19.1,+19.5,+19.6,+19.7,+19.8,+19.7,+19.8
2023-07-27 10:50,4,+20.7,+15.2,+5.3,+6.7,+11.2,+21.8,+19.2,+19.5,+19.6,+19.7,+19.8,+19.7,+19.8
2023-07-27 11:50,4,+20.4,+15.2,+5.3,+6.5,+11.2,+21.7,+19.3,+19.5,+19.6,+19.7,+19.8,+19.7,+19.8
2023-07-27 12:50,4,+20.3,+15.1,+5.4,+6.5,+11.1,+21.7,+19.7,+19.5,+19.6,+19.7,+19.8,+19.7,+20.0
2023-07-27 13:50,4,+20.2,+15.1,+5.4,+6.5,+11.1,+21.7,+19.8,+19.6,+19.6,+19.7,+19.8,+19.7,+19.8
2023-07-27 14:50,4,+20.1,+15.1,+5.4,+6.7,+11.2,+21.7,+19.8,+19.6,+19.6,+19.7,+19.8,+19.7,+19.8
2023-07-27 15:50,4,+20.0,+15.0,+5.4,+6.5,+11.1,+21.7,+19.8,+19.7,+19.6,+19.7,+19.8,+19.7,+19.8
2023-07-27 16:50,4,+20.0,+15.0,+5.5,+6.5,+11.1,+21.7,+19.8,+19.7,+19.6,+19.7,+19.8,+19.7,+19.8
2023-07-27 17:50,4,+19.9,+15.0,+5.5,+6.7,+11.2,+21.7,+19.8,+19.7,+19.6,+19.7,+19.8,+19.7,+19.8
2023-07-27 18:50,4,+19.9,+15.0,+5.5,+6.6,+11.1,+21.7,+19.7,+19.7,+19.7,+19.7,+19.8,+19.7,+19.8
2023-07-27 19:50,4,+19.8,+14.9,+5.5,+6.7,+11.2,+21.7,+19.7,+19.7,+19.6,+19.7,+19.7,+19.7,+19.8
2023-07-27 20:50,4,+19.8,+14.9,+5.5,+6.7,+11.2,+21.7,+19.7,+19.7,+19.7,+19.7,+19.8,+19.7,+19.8
2023-07-27 21:50,4,+19.8,+14.9,+5.5,+6.6,+11.2,+21.7,+19.7,+19.7,+19.7,+19.7,+19.8,+19.7,+20.0
2023-07-27 22:50,4,+19.8,+14.9,+5.5,+6.6,+11.1,+21.7,+19.7,+19.8,+19.7,+19.7,+19.8,+19.7,+19.8
2023-07-27 23:50,4,+19.7,+14.8,+5.5,+6.6,+11.1,+21.7,+19.6,+19.7,+19.7,+19.7,+19.8,+19.7,+19.8
2023-07-28 00:50,4,+19.7,+14.8,+5.5,+6.7,+11.2,+21.7,+19.6,+19.8,+19.7,+19.7,+19.8,+19.7,+19.8
2023-07-28 01:50,4,+19.7,+14.8,+5.5,+6.6,+11.2,+21.7,+19.5,+19.7,+19.7,+19.7,+19.8,+19.7,+19.8
2023-07-28 02:50,4,+19.7,+14.8,+5.5,+6.7,+11.2,+21.7,+19.3,+19.7,+19.8,+19.7,+19.8,+19.7,+19.8
2023-07-28 03:50,4,+19.6,+14.8,+5.5,+6.7,+11.2,+21.8,+19.3,+19.7,+19.8,+19.7,+19.8,+19.7,+19.8
2023-07-28 04:50,4,+19.6,+14.8,+5.5,+6.7,+11.2,+21.8,+19.2,+19.7,+19.8,+19.7,+19.8,+19.7,+19.8
2023-07-28 05:50,4,+19.6,+14.7,+5.5,+6.6,+11.2,+21.7,+19.2,+19.6,+19.8,+19.7,+19.8,+19.7,+19.8
2023-07-28 06:50,4,+19.5,+14.7,+5.4,+6.6,+11.2,+21.7,+19.1,+19.6,+19.7,+19.8,+19.8,+19.7,+19.8
2023-07-28 07:50,4,+19.5,+14.7,+5.5,+6.6,+11.2,+21.7,+19.1,+19.6,+19.7,+19.7,+19.8,+19.7,+19.8
2023-07-28 08:50,4,+19.5,+14.7,+5.4,+6.7,+11.2,+21.8,+19.2,+19.6,+19.7,+19.7,+19.8,+19.7,+19.8
2023-07-28 09:50,4,+19.5,+14.6,+5.4,+6.6,+11.2,+21.7,+19.5,+19.6,+19.7,+19.8,+19.8,+19.7,+19.8
2023-07-28 10:50,4,+19.5,+14.6,+5.4,+6.6,+11.2,+21.7,+19.6,+19.6,+19.7,+19.8,+19.8,+19.7,+19.8
2023-07-28 11:50,4,+19.4,+14.6,+5.4,+6.7,+11.2,+21.8,+19.8,+19.7,+19.7,+19.8,+19.8,+19.7,+19.8
2023-07-28 12:50,4,+19.4,+14.6,+5.4,+6.6,+11.2,+21.7,+20.2,+19.6,+19.7,+19.8,+19.8,+19.7,+19.8
2023-07-28 13:50,4,+19.4,+14.6,+5.4,+6.7,+11.2,+21.7,+20.5,+19.7,+19.7,+19.7,+19.8,+19.7,+19.8
2023-07-28 14:50,4,+19.4,+14.5,+5.4,+6.7,+11.2,+21.7,+20.6,+19.8,+19.7,+19.8,+19.8,+19.7,+19.8
2023-07-28 15:50,4,+19.3,+14.5,+5.3,+6.6,+11.2,+21.7,+20.6,+20.0,+19.7,+19.7,+19.8,+19.7,+19.8
2023-07-28 16:50,4,+19.3,+14.5,+5.3,+6.7,+11.2,+21.7,+20.6,+20.1,+19.7,+19.7,+19.8,+19.7,+19.8
2023-07-28 17:50,4,+19.3,+14.5,+5.3,+6.7,+11.2,+21.7,+20.6,+20.1,+19.8,+19.7,+19.8,+19.7,+20.0
2023-07-28 18:50,4,+19.3,+14.5,+5.4,+6.6,+11.1,+21.7,+20.6,+20.2,+19.8,+19.7,+19.8,+19.7,+19.8
2023-07-28 19:50,4,+19.3,+14.5,+5.4,+6.7,+11.2,+21.7,+20.5,+20.2,+19.8,+19.8,+20.0,+19.8,+20.0
2023-07-28 20:50,4,+19.3,+14.5,+5.3,+6.6,+11.1,+21.7,+20.5,+20.3,+20.0,+19.8,+19.8,+19.7,+19.8
2023-07-28 21:50,4,+19.3,+14.5,+5.3,+6.7,+11.2,+21.7,+20.5,+20.3,+20.0,+19.8,+19.8,+19.7,+19.8
2023-07-28 22:50,4,+24.6,+14.5,+5.3,+6.6,+11.2,+21.7,+20.5,+20.3,+20.0,+19.8,+19.8,+19.8,+19.8
2023-07-28 23:50,4,+23.1,+14.6,+5.4,+6.6,+11.1,+21.7,+20.3,+20.3,+20.1,+19.8,+19.8,+19.8,+19.8
2023-07-29 00:50,4,+23.1,+14.9,+5.4,+6.6,+11.2,+21.7,+20.3,+20.3,+20.1,+19.8,+20.0,+19.8,+19.8
2023-07-29 01:50,4,+21.9,+15.3,+5.4,+6.6,+11.2,+21.7,+20.3,+20.3,+20.1,+19.8,+20.0,+19.8,+19.8
2023-07-29 02:50,4,+21.2,+15.4,+5.4,+6.6,+11.2,+21.7,+20.2,+20.3,+20.1,+20.0,+20.0,+19.8,+19.8
2023-07-29 03:50,4,+20.9,+15.4,+5.4,+6.6,+11.2,+21.7,+20.1,+20.3,+20.1,+20.0,+20.0,+19.8,+19.8
2023-07-29 04:50,4,+20.7,+15.4,+5.5,+6.7,+11.2,+21.7,+20.1,+20.3,+20.1,+20.0,+20.0,+19.8,+19.8
2023-07-29 05:50,4,+20.6,+15.4,+5.6,+6.6,+11.2,+21.7,+20.1,+20.2,+20.1,+20.0,+20.0,+19.8,+19.8
2023-07-29 06:50,4,+20.5,+15.4,+5.7,+6.7,+11.2,+21.7,+20.1,+20.2,+20.2,+20.0,+20.0,+19.8,+20.0
2023-07-29 07:50,4,+20.4,+15.3,+5.7,+6.7,+11.2,+21.7,+20.1,+20.2,+20.1,+20.0,+20.0,+19.8,+20.0
2023-07-29 08:50,4,+20.3,+15.3,+5.7,+6.8,+11.2,+21.7,+20.2,+20.2,+20.2,+20.1,+20.0,+19.8,+20.0
2023-07-29 09:50,4,+20.2,+15.3,+5.7,+6.8,+11.2,+21.7,+20.5,+20.2,+20.2,+20.0,+20.0,+19.8,+19.8
2023-07-29 10:50,4,+20.2,+15.2,+5.7,+6.7,+11.2,+21.7,+20.6,+20.2,+20.1,+20.1,+20.0,+19.8,+19.8
2023-07-29 11:50,4,+20.1,+15.2,+5.7,+6.7,+11.2,+21.7,+20.6,+20.3,+20.2,+20.1,+20.1,+19.8,+20.0
2023-07-29 12:50,4,+20.0,+15.1,+5.7,+6.7,+11.2,+21.7,+20.7,+20.3,+20.2,+20.1,+20.1,+20.0,+20.0
2023-07-29 13:50,4,+20.0,+15.1,+5.7,+6.7,+11.2,+21.7,+20.8,+20.5,+20.2,+20.1,+20.1,+20.0,+19.8
2023-07-29 14:50,4,+20.0,+15.1,+5.7,+6.7,+11.2,+21.7,+20.8,+20.5,+20.2,+20.1,+20.1,+20.0,+20.0
2023-07-29 15:50,4,+19.9,+15.0,+5.6,+6.8,+11.3,+21.7,+21.0,+20.5,+20.2,+20.1,+20.1,+20.0,+20.0
2023-07-29 16:50,4,+19.9,+15.0,+5.6,+6.8,+11.3,+21.7,+21.0,+20.6,+20.3,+20.1,+20.2,+20.0,+19.8
2023-07-29 17:50,4,+19.9,+15.0,+5.6,+6.7,+11.2,+21.7,+20.8,+20.6,+20.3,+20.2,+20.1,+20.0,+20.0
2023-07-29 18:50,4,+19.9,+15.0,+5.6,+6.8,+11.3,+21.7,+20.8,+20.6,+20.3,+20.2,+20.1,+20.0,+20.0
2023-07-29 19:50,4,+19.8,+15.0,+5.6,+6.7,+11.2,+21.7,+20.7,+20.6,+20.3,+20.2,+20.2,+20.0,+20.0
2023-07-29 20:50,4,+19.8,+15.0,+5.6,+6.7,+11.2,+21.7,+20.7,+20.6,+20.5,+20.2,+20.2,+20.0,+20.0
2023-07-29 21:50,4,+19.8,+15.0,+5.6,+6.9,+11.3,+21.7,+20.6,+20.7,+20.5,+20.2,+20.2,+20.0,+20.0
2023-07-29 22:50,4,+19.8,+14.9,+5.6,+6.9,+11.3,+21.7,+20.5,+20.6,+20.5,+20.2,+20.2,+20.0,+20.0
2023-07-29 23:50,4,+19.8,+14.9,+5.6,+6.8,+11.3,+21.7,+20.5,+20.7,+20.5,+20.2,+20.2,+20.1,+20.0
2023-07-30 00:50,4,+19.8,+14.9,+5.6,+6.9,+11.3,+21.7,+20.3,+20.6,+20.5,+20.2,+20.2,+20.1,+20.0
2023-07-30 01:50,4,+19.8,+14.9,+5.6,+6.9,+11.3,+21.7,+20.3,+20.6,+20.5,+20.3,+20.2,+20.1,+20.0
2023-07-30 02:50,4,+19.8,+14.9,+5.6,+6.7,+11.3,+21.7,+20.3,+20.6,+20.5,+20.2,+20.2,+20.1,+20.0
2023-07-30 03:50,4,+19.8,+14.9,+5.6,+6.7,+11.3,+21.7,+20.2,+20.6,+20.5,+20.3,+20.2,+20.1,+20.0
2023-07-30 04:50,4,+19.8,+14.8,+5.6,+6.8,+11.3,+21.7,+20.2,+20.5,+20.5,+20.3,+20.2,+20.1,+20.0
2023-07-30 05:50,4,+19.8,+14.8,+5.6,+6.9,+11.3,+21.7,+20.2,+20.5,+20.5,+20.3,+20.2,+20.1,+20.1
2023-07-30 06:50,4,+19.8,+14.8,+5.6,+6.7,+11.3,+21.7,+20.2,+20.5,+20.5,+20.3,+20.2,+20.1,+20.0
2023-07-30 07:50,4,+19.8,+14.8,+5.5,+6.8,+11.3,+21.7,+20.2,+20.5,+20.5,+20.3,+20.2,+20.1,+20.1
2023-07-30 08:50,4,+19.7,+14.8,+5.5,+6.7,+11.3,+21.7,+20.2,+20.5,+20.5,+20.3,+20.2,+20.1,+20.1
2023-07-30 09:50,4,+19.7,+14.8,+5.5,+6.7,+11.3,+21.7,+20.3,+20.5,+20.5,+20.3,+20.2,+20.1,+20.1
2023-07-30 10:50,4,+19.7,+14.8,+5.5,+6.8,+11.3,+21.7,+20.3,+20.5,+20.5,+20.3,+20.3,+20.1,+20.1
2023-07-30 11:50,4,+19.7,+14.8,+5.5,+6.9,+11.3,+21.8,+20.5,+20.5,+20.5,+20.3,+20.3,+20.1,+20.1
2023-07-30 12:50,4,+19.7,+14.8,+5.5,+6.7,+11.3,+21.7,+20.5,+20.5,+20.5,+20.3,+20.3,+20.1,+20.1
2023-07-30 13:50,4,+19.7,+14.8,+5.5,+6.9,+11.3,+21.8,+20.5,+20.5,+20.5,+20.3,+20.3,+20.2,+20.1
2023-07-30 14:50,4,+19.7,+14.7,+5.5,+6.9,+11.3,+21.8,+20.5,+20.5,+20.5,+20.3,+20.3,+20.1,+20.0
2023-07-30 15:50,4,+19.6,+14.7,+5.5,+6.7,+11.3,+21.7,+20.3,+20.5,+20.5,+20.3,+20.3,+20.1,+20.1
2023-07-30 16:50,4,+19.6,+14.7,+5.5,+6.7,+11.3,+21.7,+20.3,+20.5,+20.5,+20.3,+20.3,+20.2,+20.1
2023-07-30 17:50,4,+19.6,+14.7,+5.5,+6.9,+11.3,+21.8,+20.3,+20.5,+20.5,+20.3,+20.3,+20.2,+20.1
2023-07-30 18:50,4,+19.6,+14.7,+5.5,+6.7,+11.3,+21.7,+20.3,+20.5,+20.5,+20.3,+20.3,+20.1,+20.1
2023-07-30 19:50,4,+19.6,+14.7,+5.5,+6.9,+11.3,+21.8,+20.3,+20.5,+20.5,+20.3,+20.3,+20.2,+20.1
2023-07-30 20:50,4,+19.5,+14.7,+5.5,+6.7,+11.3,+21.7,+20.2,+20.5,+20.5,+20.3,+20.2,+20.2,+20.2
2023-07-30 21:50,4,+19.5,+14.7,+5.5,+6.7,+11.3,+21.8,+20.2,+20.5,+20.5,+20.3,+20.3,+20.2,+20.1
2023-07-30 22:50,4,+19.5,+14.7,+5.5,+6.9,+11.3,+21.8,+20.2,+20.5,+20.5,+20.3,+20.3,+20.2,+20.1
2023-07-30 23:50,4,+19.5,+14.7,+5.5,+6.9,+11.3,+21.8,+20.1,+20.5,+20.5,+20.3,+20.3,+20.2,+20.1
2023-07-31 00:50,4,+19.5,+14.6,+5.5,+6.7,+11.3,+21.8,+20.1,+20.3,+20.5,+20.3,+20.3,+20.2,+20.1
2023-07-31 01:50,4,+19.5,+14.6,+5.5,+6.7,+11.3,+21.8,+20.1,+20.3,+20.5,+20.3,+20.3,+20.2,+20.1
2023-07-31 02:50,4,+19.5,+14.6,+5.4,+6.7,+11.3,+21.7,+20.0,+20.3,+20.5,+20.3,+20.3,+20.2,+20.2
2023-07-31 03:50,4,+19.5,+14.6,+5.5,+6.9,+11.3,+21.8,+20.1,+20.3,+20.5,+20.3,+20.3,+20.2,+20.1
2023-07-31 04:50,4,+19.4,+14.6,+5.4,+6.9,+11.3,+21.8,+20.0,+20.3,+20.3,+20.3,+20.3,+20.2,+20.1
2023-07-31 05:50,4,+19.4,+14.6,+5.4,+6.7,+11.3,+21.8,+20.0,+20.3,+20.5,+20.3,+20.3,+20.2,+20.2
2023-07-31 06:50,4,+19.4,+14.6,+5.4,+6.7,+11.3,+21.8,+20.0,+20.3,+20.3,+20.3,+20.3,+20.2,+20.1
2023-07-31 07:50,4,+19.4,+14.6,+5.4,+6.9,+11.3,+21.8,+20.1,+20.3,+20.3,+20.3,+20.3,+20.2,+20.1
2023-07-31 08:50,4,+19.4,+14.6,+5.4,+6.7,+11.3,+21.8,+20.2,+20.3,+20.3,+20.3,+20.3,+20.2,+20.2
2023-07-31 09:50,4,+19.4,+14.6,+5.4,+6.8,+11.3,+21.8,+20.3,+20.3,+20.5,+20.3,+20.3,+20.2,+20.2
2023-07-31 10:50,4,+19.4,+14.6,+5.4,+6.7,+11.3,+21.8,+20.5,+20.3,+20.3,+20.3,+20.3,+20.2,+20.2
2023-07-31 11:50,4,+19.3,+14.5,+5.4,+6.8,+11.3,+21.8,+20.6,+20.3,+20.3,+20.3,+20.3,+20.2,+20.2
2023-07-31 12:50,4,+19.3,+14.6,+5.4,+6.8,+11.3,+21.8,+21.0,+20.5,+20.3,+20.3,+20.3,+20.2,+20.1
2023-07-31 13:50,4,+19.4,+14.5,+5.4,+6.8,+11.3,+21.8,+21.0,+20.5,+20.3,+20.3,+20.3,+20.2,+20.1
2023-07-31 14:50,4,+19.5,+14.5,+5.4,+6.8,+11.3,+21.8,+20.8,+20.6,+20.3,+20.3,+20.3,+20.2,+20.2
2023-07-31 15:50,4,+19.5,+14.5,+5.4,+6.7,+11.3,+21.7,+20.7,+20.6,+20.3,+20.3,+20.3,+20.2,+20.2
2023-07-31 16:50,4,+19.5,+14.5,+5.4,+6.7,+11.3,+21.7,+20.7,+20.6,+20.5,+20.3,+20.3,+20.2,+20.2
2023-07-31 17:50,4,+21.3,+14.5,+5.4,+6.7,+11.3,+21.7,+20.6,+20.6,+20.5,+20.3,+20.3,+20.2,+20.2
2023-07-31 18:50,4,+20.9,+14.6,+5.4,+6.8,+11.3,+21.8,+20.5,+20.6,+20.5,+20.3,+20.3,+20.2,+20.2
2023-07-31 19:50,4,+20.7,+14.6,+5.4,+6.7,+11.3,+21.7,+20.5,+20.6,+20.5,+20.3,+20.3,+20.2,+20.2
2023-07-31 20:50,4,+20.6,+14.6,+5.4,+6.7,+11.3,+21.8,+20.5,+20.6,+20.5,+20.3,+20.3,+20.2,+20.2
2023-07-31 21:50,4,+20.5,+14.6,+5.4,+6.8,+11.3,+21.8,+20.3,+20.6,+20.5,+20.3,+20.3,+20.2,+20.2
2023-07-31 22:50,4,+20.4,+14.6,+5.4,+6.8,+11.3,+21.8,+20.3,+20.6,+20.6,+20.3,+20.3,+20.2,+20.2
2023-07-31 23:50,4,+20.3,+14.6,+5.4,+6.8,+11.3,+21.8,+20.3,+20.6,+20.5,+20.3,+20.3,+20.2,+20.1
2023-08-01 00:50,4,+20.3,+14.7,+5.4,+6.7,+11.3,+21.8,+20.2,+20.6,+20.5,+20.3,+20.3,+20.2,+20.2
2023-08-01 01:50,4,+20.2,+14.7,+5.4,+6.7,+11.3,+21.7,+20.2,+20.6,+20.5,+20.5,+20.3,+20.2,+20.2
2023-08-01 02:50,4,+20.2,+14.7,+5.4,+6.8,+11.3,+21.8,+20.2,+20.5,+20.5,+20.5,+20.3,+20.2,+20.2
2023-08-01 03:50,4,+20.1,+14.7,+5.4,+6.8,+11.3,+21.8,+20.1,+20.5,+20.5,+20.5,+20.3,+20.2,+20.2
2023-08-01 04:50,4,+20.1,+14.7,+5.4,+6.7,+11.3,+21.7,+20.2,+20.5,+20.5,+20.5,+20.3,+20.2,+20.2
2023-08-01 05:50,4,+20.1,+14.7,+5.4,+6.7,+11.3,+21.8,+20.1,+20.5,+20.5,+20.3,+20.3,+20.2,+20.2
2023-08-01 06:50,4,+20.0,+14.7,+5.4,+6.8,+11.3,+21.8,+20.1,+20.3,+20.5,+20.5,+20.5,+20.3,+20.2
2023-08-01 07:50,4,+20.0,+14.7,+5.4,+6.7,+11.3,+21.7,+20.1,+20.5,+20.5,+20.5,+20.3,+20.2,+20.2
2023-08-01 08:50,4,+20.0,+14.7,+5.4,+6.7,+11.3,+21.7,+20.2,+20.3,+20.5,+20.3,+20.5,+20.3,+20.2
2023-08-01 09:50,4,+20.0,+14.7,+5.4,+6.7,+11.3,+21.8,+20.3,+20.3,+20.5,+20.5,+20.5,+20.2,+20.2
2023-08-01 10:50,4,+19.9,+14.7,+5.4,+6.8,+11.3,+21.8,+20.5,+20.5,+20.5,+20.5,+20.3,+20.2,+20.2
2023-08-01 11:50,4,+19.9,+14.7,+5.4,+6.8,+11.3,+21.8,+20.5,+20.5,+20.5,+20.5,+20.5,+20.2,+20.2
2023-08-01 12:50,4,+19.9,+14.7,+5.4,+6.7,+11.3,+21.7,+20.6,+20.5,+20.5,+20.3,+20.3,+20.2,+20.2
2023-08-01 13:50,4,+19.8,+14.7,+5.4,+6.8,+11.3,+21.8,+20.6,+20.5,+20.5,+20.3,+20.5,+20.2,+20.2
2023-08-01 14:50,4,+19.8,+14.7,+5.4,+6.8,+11.3,+21.8,+20.6,+20.6,+20.5,+20.5,+20.5,+20.2,+20.2
2023-08-01 15:50,4,+19.8,+14.7,+5.4,+6.8,+11.3,+21.8,+20.6,+20.6,+20.5,+20.5,+20.5,+20.3,+20.2
2023-08-01 16:50,4,+19.8,+14.7,+5.4,+6.7,+11.2,+21.7,+20.7,+20.6,+20.5,+20.5,+20.3,+20.2,+20.2
2023-08-01 17:50,4,+19.8,+14.7,+5.4,+6.7,+11.3,+21.7,+20.6,+20.6,+20.5,+20.5,+20.5,+20.2,+20.2
2023-08-01 18:50,4,+19.8,+14.7,+5.4,+6.8,+11.3,+21.8,+20.6,+20.6,+20.6,+20.5,+20.5,+20.2,+20.3
2023-08-01 19:50,4,+19.8,+14.7,+5.4,+6.7,+11.3,+21.7,+20.5,+20.6,+20.5,+20.5,+20.5,+20.2,+20.2
2023-08-01 20:50,4,+19.8,+14.7,+5.4,+6.8,+11.3,+21.7,+20.3,+20.6,+20.6,+20.5,+20.5,+20.3,+20.2
2023-08-01 21:50,4,+19.8,+14.7,+5.4,+6.8,+11.3,+21.8,+20.2,+20.6,+20.6,+20.5,+20.3,+20.3,+20.2
2023-08-01 22:50,4,+19.8,+14.7,+5.4,+6.7,+11.3,+21.7,+20.2,+20.6,+20.6,+20.5,+20.5,+20.3,+20.2
2023-08-01 23:50,4,+19.7,+14.6,+5.4,+6.7,+11.3,+21.7,+20.0,+20.5,+20.5,+20.5,+20.5,+20.3,+20.2
2023-08-02 00:50,4,+19.7,+14.6,+5.4,+6.8,+11.3,+21.8,+20.0,+20.5,+20.6,+20.5,+20.5,+20.3,+20.2
2023-08-02 01:50,4,+19.7,+14.6,+5.4,+6.7,+11.3,+21.7,+19.8,+20.5,+20.6,+20.5,+20.5,+20.3,+20.2
2023-08-02 02:50,4,+19.7,+14.6,+5.4,+6.8,+11.3,+21.8,+19.8,+20.3,+20.6,+20.5,+20.5,+20.3,+20.2
2023-08-02 03:50,4,+19.6,+14.6,+5.4,+6.8,+11.3,+21.8,+19.8,+20.3,+20.5,+20.5,+20.5,+20.3,+20.2
2023-08-02 04:50,4,+19.6,+14.6,+5.4,+6.8,+11.3,+21.8,+19.8,+20.3,+20.6,+20.5,+20.5,+20.3,+20.2
2023-08-02 05:50,4,+19.6,+14.6,+5.4,+6.8,+11.3,+21.7,+19.8,+20.3,+20.5,+20.5,+20.5,+20.3,+20.2
2023-08-02 06:50,4,+19.5,+14.6,+5.4,+6.7,+11.3,+21.7,+19.7,+20.2,+20.5,+20.5,+20.5,+20.3,+20.2
2023-08-02 07:50,4,+19.5,+14.6,+5.4,+6.8,+11.3,+21.8,+19.7,+20.2,+20.5,+20.5,+20.5,+20.3,+20.2
2023-08-02 08:50,4,+19.5,+14.6,+5.4,+6.7,+11.2,+21.7,+20.0,+20.2,+20.5,+20.3,+20.5,+20.3,+20.2
2023-08-02 09:50,4,+19.5,+14.6,+5.4,+6.7,+11.3,+21.7,+20.1,+20.2,+20.5,+20.5,+20.5,+20.3,+20.2
2023-08-02 10:50,4,+19.5,+14.6,+5.4,+6.7,+11.2,+21.7,+20.2,+20.2,+20.3,+20.5,+20.5,+20.2,+20.3
2023-08-02 11:50,4,+19.5,+14.6,+5.4,+6.7,+11.2,+21.7,+20.3,+20.3,+20.3,+20.5,+20.5,+20.3,+20.2
2023-08-02 12:50,4,+19.5,+14.6,+5.4,+6.7,+11.2,+21.7,+20.6,+20.3,+20.5,+20.3,+20.5,+20.3,+20.3
2023-08-02 13:50,4,+19.5,+14.5,+5.3,+6.7,+11.2,+21.7,+20.7,+20.3,+20.3,+20.3,+20.3,+20.2,+20.2
2023-08-02 14:50,4,+19.5,+14.5,+5.3,+6.8,+11.3,+21.7,+20.7,+20.5,+20.5,+20.5,+20.3,+20.2,+20.2
2023-08-02 15:50,4,+19.4,+14.5,+5.3,+6.7,+11.2,+21.7,+20.6,+20.6,+20.3,+20.3,+20.3,+20.2,+20.2
2023-08-02 16:50,4,+19.4,+14.5,+5.3,+6.7,+11.2,+21.7,+20.6,+20.5,+20.3,+20.3,+20.3,+20.2,+20.2
2023-08-02 17:50,4,+19.4,+14.5,+5.3,+6.7,+11.2,+21.7,+20.6,+20.6,+20.5,+20.5,+20.3,+20.2,+20.3
2023-08-02 18:50,4,+19.4,+14.5,+5.3,+6.8,+11.3,+21.7,+20.5,+20.6,+20.5,+20.3,+20.3,+20.3,+20.2
2023-08-02 19:50,4,+19.3,+14.5,+5.3,+6.8,+11.3,+21.7,+20.3,+20.6,+20.5,+20.3,+20.5,+20.2,+20.2
2023-08-02 20:50,4,+19.3,+14.5,+5.3,+6.8,+11.3,+21.7,+20.3,+20.6,+20.5,+20.3,+20.5,+20.3,+20.2
2023-08-02 21:50,4,+19.3,+14.5,+5.3,+6.8,+11.3,+21.7,+20.2,+20.6,+20.5,+20.3,+20.5,+20.3,+20.3
2023-08-02 22:50,4,+19.3,+14.5,+5.3,+6.8,+11.3,+21.7,+20.2,+20.5,+20.5,+20.5,+20.5,+20.3,+20.2
2023-08-02 23:50,4,+19.3,+14.5,+5.3,+6.8,+11.3,+21.7,+20.2,+20.5,+20.5,+20.3,+20.5,+20.2,+20.2
2023-08-03 00:50,4,+19.3,+14.5,+5.3,+6.8,+11.3,+21.7,+20.1,+20.5,+20.5,+20.5,+20.3,+20.3,+20.2
2023-08-03 01:50,4,+19.2,+14.4,+5.3,+6.8,+11.2,+21.7,+20.0,+20.5,+20.5,+20.5,+20.5,+20.3,+20.2
2023-08-03 02:50,4,+19.2,+14.4,+5.3,+6.8,+11.2,+21.7,+20.0,+20.3,+20.5,+20.5,+20.5,+20.2,+20.2
2023-08-03 03:50,4,+19.2,+14.4,+5.3,+6.7,+11.2,+21.7,+19.8,+20.3,+20.5,+20.3,+20.5,+20.2,+20.2
2023-08-03 04:50,4,+19.2,+14.4,+5.3,+6.7,+11.2,+21.7,+19.8,+20.3,+20.5,+20.5,+20.5,+20.3,+20.2
2023-08-03 05:50,4,+19.1,+14.4,+5.3,+6.7,+11.2,+21.7,+19.7,+20.2,+20.5,+20.5,+20.5,+20.2,+20.3
2023-08-03 06:50,4,+19.1,+14.4,+5.3,+6.7,+11.2,+21.7,+19.7,+20.2,+20.5,+20.5,+20.5,+20.3,+20.3
2023-08-03 07:50,4,+19.1,+14.4,+5.3,+6.7,+11.2,+21.6,+19.7,+20.2,+20.5,+20.3,+20.3,+20.3,+20.2
2023-08-03 08:50,4,+19.0,+14.4,+5.3,+6.8,+11.2,+21.7,+19.8,+20.2,+20.3,+20.5,+20.5,+20.3,+20.2
2023-08-03 09:50,4,+19.0,+14.4,+5.3,+6.6,+11.2,+21.7,+19.8,+20.1,+20.5,+20.5,+20.5,+20.3,+20.3
2023-08-03 10:50,4,+19.0,+14.4,+5.3,+6.8,+11.2,+21.7,+20.0,+20.2,+20.5,+20.5,+20.5,+20.2,+20.2
2023-08-03 11:50,4,+19.0,+14.3,+5.3,+6.7,+11.2,+21.7,+20.0,+20.2,+20.3,+20.5,+20.5,+20.3,+20.3
2023-08-03 12:50,4,+19.0,+14.3,+5.3,+6.6,+11.2,+21.6,+20.1,+20.2,+20.3,+20.3,+20.5,+20.2,+20.2
2023-08-03 13:50,4,+19.0,+14.3,+5.3,+6.6,+11.2,+21.6,+20.2,+20.2,+20.3,+20.3,+20.5,+20.3,+20.3
2023-08-03 14:50,4,+19.0,+14.3,+5.3,+6.7,+11.2,+21.7,+20.2,+20.2,+20.3,+20.3,+20.5,+20.2,+20.2
2023-08-03 15:50,4,+19.0,+14.3,+5.2,+6.7,+11.2,+21.7,+20.3,+20.2,+20.3,+20.3,+20.5,+20.2,+20.2
2023-08-03 16:50,4,+18.9,+14.3,+5.2,+6.6,+11.2,+21.6,+20.3,+20.3,+20.3,+20.3,+20.5,+20.2,+20.3
2023-08-03 17:50,4,+18.9,+14.3,+5.2,+6.7,+11.2,+21.7,+20.5,+20.3,+20.3,+20.3,+20.5,+20.2,+20.3
2023-08-03 18:50,4,+18.9,+14.3,+5.2,+6.7,+11.2,+21.7,+20.5,+20.3,+20.5,+20.3,+20.3,+20.2,+20.2
2023-08-03 19:50,4,+18.9,+14.3,+5.2,+6.6,+11.2,+21.6,+20.5,+20.3,+20.3,+20.3,+20.3,+20.2,+20.2
2023-08-03 20:50,4,+18.9,+14.2,+5.2,+6.7,+11.2,+21.7,+20.3,+20.5,+20.3,+20.3,+20.3,+20.2,+20.3
2023-08-03 21:50,4,+18.9,+14.2,+5.2,+6.6,+11.2,+21.6,+20.3,+20.5,+20.3,+20.3,+20.3,+20.2,+20.2
2023-08-03 22:50,4,+18.9,+14.2,+5.2,+6.6,+11.2,+21.6,+20.2,+20.5,+20.3,+20.3,+20.3,+20.2,+20.2
2023-08-03 23:50,4,+18.9,+14.2,+5.2,+6.6,+11.1,+21.6,+20.2,+20.3,+20.3,+20.3,+20.3,+20.3,+20.2
2023-08-04 00:50,4,+18.9,+14.2,+5.2,+6.6,+11.2,+21.6,+20.0,+20.3,+20.3,+20.3,+20.3,+20.2,+20.3
2023-08-04 01:50,4,+18.8,+14.2,+5.2,+6.6,+11.1,+21.6,+20.0,+20.3,+20.3,+20.3,+20.3,+20.2,+20.2
2023-08-04 02:50,4,+18.8,+14.2,+5.2,+6.7,+11.2,+21.6,+20.0,+20.3,+20.5,+20.3,+20.3,+20.2,+20.2
2023-08-04 03:50,4,+18.8,+14.2,+5.2,+6.6,+11.2,+21.6,+20.0,+20.3,+20.3,+20.3,+20.5,+20.2,+20.2
2023-08-04 04:50,4,+18.8,+14.2,+5.2,+6.7,+11.2,+21.6,+20.0,+20.3,+20.3,+20.3,+20.3,+20.2,+20.2
2023-08-04 05:50,4,+18.8,+14.2,+5.2,+6.6,+11.1,+21.6,+19.8,+20.2,+20.3,+20.3,+20.3,+20.2,+20.2
2023-08-04 06:50,4,+18.8,+14.2,+5.2,+6.7,+11.2,+21.6,+20.0,+20.2,+20.3,+20.3,+20.3,+20.2,+20.2
2023-08-04 07:50,4,+18.8,+14.2,+5.2,+6.6,+11.2,+21.6,+19.8,+20.2,+20.3,+20.3,+20.3,+20.2,+20.2
2023-08-04 08:50,4,+18.8,+14.1,+5.2,+6.7,+11.2,+21.6,+20.0,+20.2,+20.3,+20.3,+20.3,+20.2,+20.3
2023-08-04 09:50,4,+18.7,+14.1,+5.2,+6.6,+11.2,+21.6,+20.0,+20.2,+20.3,+20.3,+20.3,+20.3,+20.3
2023-08-04 10:50,4,+18.7,+14.1,+5.2,+6.7,+11.2,+21.6,+20.1,+20.2,+20.3,+20.3,+20.3,+20.3,+20.2
2023-08-04 11:50,4,+18.6,+14.1,+5.2,+6.6,+11.1,+21.6,+20.3,+20.2,+20.3,+20.3,+20.5,+20.2,+20.3
2023-08-04 12:50,4,+18.6,+14.1,+5.1,+6.7,+11.2,+21.6,+20.5,+20.3,+20.3,+20.3,+20.3,+20.2,+20.2
2023-08-04 13:50,4,+18.5,+14.1,+5.1,+6.6,+11.1,+21.6,+20.7,+20.3,+20.3,+20.3,+20.3,+20.2,+20.3
2023-08-04 14:50,4,+18.5,+14.0,+5.1,+6.6,+11.1,+21.6,+20.7,+20.3,+20.3,+20.3,+20.3,+20.2,+20.2
2023-08-04 15:50,4,+18.5,+14.0,+5.1,+6.6,+11.1,+21.6,+20.7,+20.5,+20.3,+20.3,+20.3,+20.2,+20.2
2023-08-04 16:50,4,+18.4,+14.0,+5.1,+6.7,+11.1,+21.6,+20.7,+20.5,+20.3,+20.3,+20.3,+20.3,+20.2
2023-08-04 17:50,4,+18.4,+14.0,+5.1,+6.7,+11.1,+21.6,+20.7,+20.6,+20.3,+20.3,+20.3,+20.2,+20.2
2023-08-04 18:50,4,+18.3,+14.0,+5.1,+6.7,+11.1,+21.6,+20.6,+20.6,+20.5,+20.3,+20.5,+20.2,+20.3
2023-08-04 19:50,4,+18.3,+14.0,+5.1,+6.7,+11.1,+21.6,+20.6,+20.6,+20.5,+20.3,+20.3,+20.2,+20.3
2023-08-04 20:50,4,+18.3,+14.0,+5.1,+6.5,+11.1,+21.6,+20.5,+20.6,+20.5,+20.3,+20.3,+20.2,+20.2
2023-08-04 21:50,4,+18.2,+14.0,+5.1,+6.5,+11.1,+21.6,+20.3,+20.6,+20.5,+20.3,+20.3,+20.2,+20.2
2023-08-04 22:50,4,+18.2,+14.0,+5.1,+6.5,+11.1,+21.6,+20.3,+20.6,+20.5,+20.3,+20.5,+20.2,+20.2
2023-08-04 23:50,4,+18.3,+14.0,+5.1,+6.7,+11.1,+21.6,+20.3,+20.5,+20.5,+20.5,+20.3,+20.3,+20.2
2023-08-05 00:50,4,+23.6,+14.3,+5.1,+6.7,+11.1,+21.6,+20.1,+20.5,+20.5,+20.3,+20.3,+20.2,+20.2
2023-08-05 01:50,4,+21.8,+14.4,+5.4,+6.7,+11.1,+21.6,+20.1,+20.5,+20.5,+20.3,+20.3,+20.3,+20.2
2023-08-05 02:50,4,+21.3,+14.5,+5.6,+6.5,+11.1,+21.6,+20.0,+20.5,+20.5,+20.3,+20.3,+20.2,+20.3
2023-08-05 03:50,4,+21.0,+14.6,+5.6,+6.5,+11.1,+21.6,+20.0,+20.3,+20.5,+20.5,+20.5,+20.2,+20.2
2023-08-05 04:50,4,+20.9,+14.7,+5.6,+6.6,+11.1,+21.6,+19.8,+20.3,+20.5,+20.5,+20.5,+20.2,+20.2
2023-08-05 05:50,4,+20.8,+14.8,+5.6,+6.7,+11.1,+21.6,+19.8,+20.3,+20.5,+20.3,+20.5,+20.2,+20.2
2023-08-05 06:50,4,+20.7,+14.8,+5.6,+6.7,+11.1,+21.6,+19.8,+20.3,+20.5,+20.5,+20.5,+20.3,+20.2
2023-08-05 07:50,4,+20.8,+14.9,+5.5,+6.6,+11.1,+21.6,+19.8,+20.2,+20.5,+20.5,+20.5,+20.2,+20.3
2023-08-05 08:50,4,+20.8,+14.9,+5.5,+6.7,+11.2,+21.6,+19.8,+20.2,+20.5,+20.5,+20.5,+20.3,+20.2
2023-08-05 09:50,4,+20.7,+15.0,+5.5,+6.6,+11.1,+21.6,+19.8,+20.2,+20.5,+20.5,+20.5,+20.2,+20.2
2023-08-05 10:50,4,+20.6,+15.0,+5.5,+6.6,+11.1,+21.6,+20.0,+20.2,+20.5,+20.5,+20.5,+20.3,+20.2
2023-08-05 11:50,4,+20.5,+15.0,+5.5,+6.6,+11.1,+21.6,+20.1,+20.2,+20.3,+20.5,+20.5,+20.3,+20.3
2023-08-05 12:50,4,+20.5,+15.0,+5.4,+6.7,+11.1,+21.6,+20.2,+20.2,+20.3,+20.3,+20.5,+20.3,+20.3
2023-08-05 13:50,4,+20.4,+15.0,+5.4,+6.7,+11.1,+21.6,+20.5,+20.3,+20.3,+20.5,+20.5,+20.3,+20.3
2023-08-05 14:50,4,+20.4,+15.0,+5.4,+6.6,+11.1,+21.6,+20.5,+20.3,+20.3,+20.3,+20.5,+20.3,+20.3
2023-08-05 15:50,4,+20.3,+15.0,+5.4,+6.7,+11.1,+21.6,+20.5,+20.3,+20.3,+20.3,+20.3,+20.2,+20.3
2023-08-05 16:50,4,+20.3,+15.0,+5.4,+6.7,+11.1,+21.6,+20.3,+20.3,+20.3,+20.3,+20.5,+20.2,+20.3
2023-08-05 17:50,4,+20.2,+15.0,+5.4,+6.7,+11.1,+21.6,+20.3,+20.5,+20.3,+20.3,+20.5,+20.2,+20.3
2023-08-05 18:50,4,+20.2,+15.0,+5.4,+6.7,+11.1,+21.6,+20.3,+20.5,+20.3,+20.3,+20.5,+20.2,+20.2
2023-08-05 19:50,4,+20.2,+15.0,+5.4,+6.6,+11.1,+21.5,+20.2,+20.5,+20.3,+20.3,+20.5,+20.2,+20.2
2023-08-05 20:50,4,+20.1,+15.0,+5.4,+6.6,+11.1,+21.6,+20.2,+20.5,+20.5,+20.3,+20.5,+20.2,+20.2
2023-08-05 21:50,4,+20.1,+15.0,+5.4,+6.7,+11.1,+21.6,+20.1,+20.3,+20.5,+20.3,+20.5,+20.2,+20.2
2023-08-05 22:50,4,+20.1,+15.0,+5.4,+6.6,+11.1,+21.6,+20.0,+20.3,+20.5,+20.3,+20.5,+20.2,+20.3
2023-08-05 23:50,4,+20.0,+15.0,+5.4,+6.6,+11.1,+21.5,+20.0,+20.3,+20.3,+20.3,+20.3,+20.3,+20.2
2023-08-06 00:50,4,+20.0,+15.0,+5.4,+6.7,+11.1,+21.6,+19.8,+20.3,+20.3,+20.3,+20.3,+20.3,+20.2
2023-08-06 01:50,4,+20.0,+15.0,+5.4,+6.6,+11.1,+21.6,+19.8,+20.3,+20.3,+20.5,+20.3,+20.3,+20.3
2023-08-06 02:50,4,+20.1,+14.9,+5.4,+6.6,+11.1,+21.6,+19.8,+20.2,+20.3,+20.3,+20.5,+20.2,+20.3
2023-08-06 03:50,4,+20.4,+14.9,+5.4,+6.6,+11.1,+21.6,+19.7,+20.2,+20.5,+20.3,+20.5,+20.2,+20.2
2023-08-06 04:50,4,+20.7,+14.9,+5.4,+6.6,+11.1,+21.6,+19.7,+20.2,+20.3,+20.3,+20.3,+20.2,+20.3
2023-08-06 05:50,4,+20.7,+14.9,+5.4,+6.7,+11.1,+21.6,+19.7,+20.2,+20.3,+20.3,+20.3,+20.2,+20.3
2023-08-06 06:50,4,+20.7,+15.0,+5.4,+6.7,+11.1,+21.6,+19.7,+20.1,+20.3,+20.3,+20.3,+20.2,+20.3
2023-08-06 07:50,4,+20.6,+15.0,+5.4,+6.8,+11.2,+21.6,+19.6,+20.1,+20.3,+20.3,+20.3,+20.2,+20.3
2023-08-06 08:50,4,+20.6,+15.0,+5.4,+6.6,+11.1,+21.6,+19.7,+20.1,+20.2,+20.5,+20.5,+20.2,+20.2
2023-08-06 09:50,4,+20.7,+15.0,+5.4,+6.7,+11.1,+21.6,+19.7,+20.1,+20.3,+20.3,+20.5,+20.2,+20.2
2023-08-06 10:50,4,+20.7,+15.0,+5.4,+6.7,+11.1,+21.6,+19.7,+20.1,+20.2,+20.3,+20.3,+20.3,+20.3
2023-08-06 11:50,4,+20.6,+14.9,+5.4,+6.6,+11.1,+21.6,+19.7,+20.1,+20.3,+20.3,+20.5,+20.3,+20.2
2023-08-06 12:50,4,+20.5,+14.9,+5.4,+6.7,+11.1,+21.6,+19.8,+20.1,+20.2,+20.3,+20.3,+20.2,+20.2
2023-08-06 13:50,4,+20.5,+14.9,+5.4,+6.6,+11.1,+21.6,+20.0,+20.1,+20.2,+20.3,+20.3,+20.2,+20.3
2023-08-06 14:50,4,+20.4,+14.9,+5.4,+6.6,+11.1,+21.5,+20.0,+20.1,+20.2,+20.3,+20.3,+20.2,+20.2
2023-08-06 15:50,4,+20.4,+14.9,+5.4,+6.6,+11.1,+21.6,+20.1,+20.1,+20.2,+20.2,+20.3,+20.2,+20.3
2023-08-06 16:50,4,+20.3,+14.9,+5.4,+6.6,+11.1,+21.5,+20.0,+20.1,+20.2,+20.2,+20.3,+20.2,+20.3
2023-08-06 17:50,4,+20.3,+14.9,+5.4,+6.6,+11.1,+21.5,+20.0,+20.1,+20.2,+20.2,+20.3,+20.2,+20.2
2023-08-06 18:50,4,+20.3,+14.9,+5.4,+6.6,+11.1,+21.6,+20.0,+20.1,+20.2,+20.2,+20.3,+20.2,+20.2
2023-08-06 19:50,4,+20.2,+14.9,+5.4,+6.6,+11.1,+21.6,+19.8,+20.1,+20.2,+20.2,+20.3,+20.2,+20.3
2023-08-06 20:50,4,+20.2,+14.9,+5.4,+6.7,+11.1,+21.6,+19.8,+20.1,+20.2,+20.2,+20.3,+20.2,+20.2
2023-08-06 21:50,4,+20.2,+14.9,+5.4,+6.7,+11.1,+21.6,+19.7,+20.1,+20.2,+20.2,+20.3,+20.2,+20.2
2023-08-06 22:50,4,+20.1,+14.9,+5.4,+6.7,+11.1,+21.6,+19.7,+20.1,+20.2,+20.2,+20.3,+20.2,+20.2
2023-08-06 23:50,4,+20.1,+14.8,+5.4,+6.6,+11.1,+21.6,+19.6,+20.1,+20.2,+20.2,+20.3,+20.2,+20.2
2023-08-07 00:50,4,+20.1,+14.8,+5.4,+6.6,+11.1,+21.5,+19.6,+20.0,+20.2,+20.3,+20.3,+20.2,+20.3
2023-08-07 01:50,4,+20.1,+14.8,+5.4,+6.7,+11.1,+21.6,+19.7,+20.0,+20.2,+20.2,+20.3,+20.2,+20.2
2023-08-07 02:50,4,+20.1,+14.8,+5.4,+6.7,+11.1,+21.6,+19.6,+20.0,+20.2,+20.2,+20.3,+20.2,+20.2
2023-08-07 03:50,4,+20.0,+14.8,+5.4,+6.6,+11.1,+21.6,+19.6,+20.0,+20.2,+20.2,+20.3,+20.2,+20.2
2023-08-07 04:50,4,+20.0,+14.8,+5.4,+6.7,+11.1,+21.6,+19.6,+20.0,+20.1,+20.2,+20.3,+20.2,+20.2
2023-08-07 05:50,4,+20.0,+14.8,+5.4,+6.6,+11.1,+21.6,+19.6,+20.0,+20.2,+20.2,+20.3,+20.2,+20.2
2023-08-07 06:50,4,+20.0,+14.8,+5.4,+6.8,+11.1,+21.6,+19.6,+20.0,+20.1,+20.2,+20.2,+20.2,+20.2
2023-08-07 07:50,4,+20.0,+14.8,+5.4,+6.7,+11.1,+21.6,+19.6,+20.0,+20.2,+20.2,+20.3,+20.2,+20.2
2023-08-07 08:50,4,+20.0,+14.8,+5.4,+6.7,+11.1,+21.6,+19.6,+20.0,+20.1,+20.2,+20.3,+20.2,+20.2
2023-08-07 09:50,4,+19.9,+14.8,+5.4,+6.7,+11.1,+21.6,+19.7,+20.0,+20.1,+20.2,+20.3,+20.2,+20.2
2023-08-07 10:50,4,+20.7,+14.8,+5.4,+6.8,+11.2,+21.6,+19.7,+20.0,+20.1,+20.2,+20.3,+20.2,+20.2
2023-08-07 11:50,4,+25.8,+15.2,+5.4,+6.7,+11.1,+21.6,+19.6,+20.0,+20.1,+20.2,+20.3,+20.2,+20.2
2023-08-07 12:50,4,+22.9,+15.9,+6.1,+6.7,+11.1,+21.6,+19.5,+20.0,+20.1,+20.2,+20.3,+20.2,+20.2
2023-08-07 13:50,4,+21.9,+16.0,+6.4,+6.7,+11.1,+21.6,+19.6,+19.8,+20.1,+20.2,+20.3,+20.2,+20.2
2023-08-07 14:50,4,+21.5,+15.9,+6.4,+6.9,+11.1,+21.6,+19.6,+19.8,+20.1,+20.2,+20.3,+20.2,+20.2
2023-08-07 15:50,4,+21.3,+15.9,+6.3,+6.9,+11.2,+21.6,+19.5,+19.8,+20.1,+20.2,+20.2,+20.1,+20.2
2023-08-07 16:50,4,+21.1,+15.8,+6.3,+7.0,+11.2,+21.6,+19.5,+19.8,+20.0,+20.2,+20.2,+20.1,+20.2
2023-08-07 17:50,4,+21.0,+15.8,+6.3,+7.0,+11.2,+21.6,+19.3,+19.8,+20.1,+20.2,+20.2,+20.2,+20.2
2023-08-07 18:50,4,+20.9,+15.7,+6.3,+7.0,+11.2,+21.6,+19.2,+19.7,+20.1,+20.1,+20.2,+20.2,+20.2
2023-08-07 19:50,4,+20.8,+15.7,+6.2,+6.9,+11.1,+21.6,+19.2,+19.8,+20.0,+20.1,+20.2,+20.2,+20.2
2023-08-07 20:50,4,+20.7,+15.6,+6.2,+7.1,+11.2,+21.6,+19.2,+19.7,+20.1,+20.1,+20.2,+20.1,+20.2
2023-08-07 21:50,4,+20.6,+15.6,+6.2,+7.0,+11.2,+21.6,+19.1,+19.7,+20.0,+20.1,+20.2,+20.2,+20.2
2023-08-07 22:50,4,+20.6,+15.5,+6.2,+7.0,+11.2,+21.6,+19.1,+19.7,+20.0,+20.1,+20.2,+20.1,+20.2
2023-08-07 23:50,4,+20.5,+15.5,+6.1,+7.1,+11.3,+21.6,+19.1,+19.7,+20.0,+20.1,+20.2,+20.1,+20.2
2023-08-08 00:50,4,+20.5,+15.5,+6.1,+7.2,+11.3,+21.6,+19.0,+19.6,+20.0,+20.1,+20.2,+20.1,+20.2
2023-08-08 01:50,4,+20.4,+15.4,+6.1,+7.1,+11.3,+21.6,+18.8,+19.6,+20.0,+20.1,+20.2,+20.1,+20.2
2023-08-08 02:50,4,+20.4,+15.4,+6.1,+7.1,+11.3,+21.6,+18.8,+19.6,+20.0,+20.1,+20.2,+20.1,+20.2
2023-08-08 03:50,4,+20.3,+15.4,+6.0,+7.2,+11.3,+21.6,+18.8,+19.5,+19.8,+20.1,+20.2,+20.1,+20.2
2023-08-08 04:50,4,+20.3,+15.4,+6.0,+7.2,+11.3,+21.6,+19.0,+19.5,+19.8,+20.0,+20.2,+20.1,+20.2
2023-08-08 05:50,4,+20.3,+15.3,+6.0,+7.1,+11.3,+21.6,+18.8,+19.5,+19.8,+20.1,+20.2,+20.1,+20.2
2023-08-08 06:50,4,+20.3,+15.3,+6.0,+7.1,+11.3,+21.6,+19.0,+19.3,+19.8,+20.0,+20.2,+20.1,+20.2
2023-08-08 07:50,4,+20.3,+15.3,+6.0,+7.2,+11.4,+21.7,+19.0,+19.5,+19.8,+20.0,+20.2,+20.1,+20.2
2023-08-08 08:50,4,+20.2,+15.3,+6.0,+7.2,+11.4,+21.7,+19.1,+19.5,+19.7,+20.0,+20.2,+20.1,+20.2
2023-08-08 09:50,4,+20.2,+15.2,+6.0,+7.0,+11.3,+21.6,+19.3,+19.5,+19.7,+20.0,+20.1,+20.0,+20.2