
2024-02-01 09:06,2,+38.5,+28.2,+11.5,+22.3,+24.2,+35.3,+16.5,+17.5,+17.8,+18.2,+18.6,+19.1,+19.2
2024-02-01 10:06,2,+38.5,+28.3,+11.5,+22.5,+24.3,+35.4,+16.5,+17.3,+17.7,+18.2,+18.6,+19.0,+19.1
2024-02-01 11:06,2,+38.3,+28.3,+11.5,+22.4,+24.3,+35.6,+16.5,+17.5,+17.7,+18.2,+18.6,+19.0,+19.1
2024-02-01 12:06,2,+38.1,+28.2,+11.5,+22.5,+24.4,+35.7,+16.5,+17.3,+17.7,+18.2,+18.6,+19.0,+19.1
2024-02-01 13:06,2,+38.1,+28.2,+11.5,+22.5,+24.5,+35.9,+16.5,+17.2,+17.7,+18.1,+18.6,+19.0,+19.1
2024-02-01 14:06,2,+37.9,+28.1,+11.5,+22.6,+24.5,+36.1,+16.5,+17.2,+17.6,+18.2,+18.5,+19.0,+19.1
2024-02-01 15:06,2,+37.7,+28.0,+11.5,+22.6,+24.5,+36.3,+16.5,+17.2,+17.6,+18.1,+18.5,+19.0,+19.1
2024-02-01 16:06,2,+37.6,+28.0,+11.5,+22.5,+24.5,+36.4,+16.5,+17.2,+17.6,+18.1,+18.5,+19.0,+19.1
2024-02-01 17:06,2,+37.5,+27.9,+11.4,+22.6,+24.6,+36.6,+16.3,+17.2,+17.6,+18.1,+18.5,+19.0,+19.1
2024-02-01 18:06,2,+37.4,+27.9,+11.4,+22.5,+24.6,+36.7,+16.3,+17.2,+17.6,+18.1,+18.5,+19.0,+19.1
2024-02-01 19:06,2,+37.2,+27.8,+11.4,+22.5,+24.6,+36.7,+16.3,+17.2,+17.5,+18.0,+18.5,+18.8,+19.1
2024-02-01 20:06,2,+37.2,+27.8,+11.3,+22.5,+24.6,+36.8,+16.3,+17.2,+17.5,+18.0,+18.5,+18.8,+19.1
2024-02-01 21:06,2,+37.2,+27.7,+11.4,+22.7,+24.6,+36.9,+16.3,+17.1,+17.5,+18.0,+18.5,+19.0,+19.0
2024-02-01 22:06,2,+37.4,+27.7,+11.3,+22.7,+24.6,+36.9,+16.3,+17.1,+17.5,+18.0,+18.5,+18.8,+19.0
2024-02-01 23:06,2,+37.4,+27.7,+11.3,+22.8,+24.6,+37.0,+16.2,+17.1,+17.5,+18.0,+18.5,+18.8,+19.0
2024-02-02 00:06,2,+37.3,+27.7,+11.3,+22.7,+24.6,+37.0,+16.1,+17.1,+17.5,+18.0,+18.5,+18.8,+19.0
2024-02-02 01:06,2,+37.2,+27.7,+11.3,+22.7,+24.6,+37.0,+16.1,+17.1,+17.5,+18.0,+18.5,+18.8,+19.0
2024-02-02 02:06,2,+37.1,+27.7,+11.3,+22.8,+24.6,+37.0,+16.1,+17.1,+17.3,+18.0,+18.5,+18.8,+19.0
2024-02-02 03:06,2,+37.0,+27.6,+11.3,+22.7,+24.5,+37.0,+16.1,+17.0,+17.3,+18.0,+18.5,+18.8,+19.0
2024-02-02 04:06,2,+37.1,+27.6,+11.3,+22.8,+24.6,+37.0,+16.1,+17.0,+17.3,+17.8,+18.3,+18.8,+19.0
2024-02-02 05:06,2,+37.1,+27.6,+11.3,+22.8,+24.6,+37.0,+16.1,+17.0,+17.3,+17.8,+18.3,+18.8,+19.0
2024-02-02 06:06,2,+37.0,+27.6,+11.3,+22.7,+24.5,+37.0,+16.1,+17.0,+17.3,+17.8,+18.3,+18.7,+19.0
2024-02-02 07:06,2,+37.0,+27.5,+11.3,+22.7,+24.6,+37.0,+16.1,+17.0,+17.3,+17.8,+18.3,+18.8,+19.0
2024-02-02 08:06,2,+36.9,+27.5,+11.2,+22.8,+24.6,+37.0,+16.0,+16.8,+17.2,+17.8,+18.3,+18.7,+19.0
2024-02-02 09:06,2,+36.8,+27.5,+11.2,+22.6,+24.5,+37.0,+16.1,+17.0,+17.2,+17.8,+18.3,+18.8,+19.0
2024-02-02 10:06,2,+36.5,+27.4,+11.2,+22.7,+24.5,+37.0,+16.3,+16.8,+17.2,+17.8,+18.3,+18.7,+19.0
2024-02-02 11:06,2,+36.4,+27.4,+11.2,+22.6,+24.5,+37.0,+17.3,+17.0,+17.2,+17.8,+18.3,+18.8,+19.0
2024-02-02 12:06,2,+36.2,+27.3,+11.2,+22.7,+24.5,+37.0,+17.3,+17.0,+17.2,+17.7,+18.3,+18.7,+19.0
2024-02-02 13:06,2,+36.0,+27.3,+11.2,+22.6,+24.4,+37.0,+17.6,+17.2,+17.2,+17.8,+18.3,+18.7,+19.0
2024-02-02 14:06,2,+35.9,+27.2,+11.2,+22.6,+24.4,+36.9,+17.5,+17.2,+17.2,+17.8,+18.2,+18.7,+19.0
2024-02-02 15:06,2,+35.8,+27.2,+11.2,+22.6,+24.4,+36.9,+17.5,+17.3,+17.2,+17.8,+18.2,+18.7,+19.0
2024-02-02 16:06,2,+35.6,+27.2,+11.2,+22.6,+24.4,+36.9,+17.5,+17.3,+17.2,+17.7,+18.2,+18.7,+19.0
2024-02-02 17:06,2,+35.6,+27.2,+11.2,+22.6,+24.4,+36.9,+17.6,+17.3,+17.3,+17.7,+18.2,+18.8,+19.0
2024-02-02 18:06,2,+35.6,+27.1,+11.2,+22.6,+24.4,+36.9,+17.5,+17.5,+17.3,+17.8,+18.2,+18.7,+18.8
2024-02-02 19:06,2,+35.5,+27.1,+11.2,+22.7,+24.4,+36.9,+17.5,+17.6,+17.3,+17.7,+18.2,+18.7,+18.8
2024-02-02 20:06,2,+35.5,+27.1,+11.2,+22.7,+24.4,+36.9,+17.5,+17.6,+17.3,+17.7,+18.2,+18.7,+18.8
2024-02-02 21:06,2,+35.5,+27.1,+11.2,+22.6,+24.4,+36.9,+17.5,+17.6,+17.3,+17.7,+18.2,+18.7,+18.8
2024-02-02 22:06,2,+35.4,+27.1,+11.2,+22.6,+24.4,+36.9,+17.3,+17.6,+17.5,+17.8,+18.2,+18.7,+18.8
2024-02-02 23:06,2,+35.4,+27.1,+11.2,+22.6,+24.4,+36.9,+17.5,+17.7,+17.5,+17.7,+18.2,+18.6,+18.8
2024-02-03 00:06,2,+35.4,+27.0,+11.2,+22.6,+24.4,+36.9,+17.5,+17.7,+17.5,+17.7,+18.2,+18.7,+18.8
2024-02-03 01:06,2,+35.4,+27.0,+11.1,+22.5,+24.3,+36.8,+17.5,+17.7,+17.5,+17.7,+18.2,+18.6,+18.8
2024-02-03 02:06,2,+35.3,+27.0,+11.1,+22.5,+24.3,+36.8,+17.5,+17.7,+17.5,+17.8,+18.2,+18.6,+18.8
2024-02-03 03:06,2,+35.3,+27.0,+11.1,+22.5,+24.3,+36.8,+17.6,+17.7,+17.6,+17.7,+18.2,+18.6,+18.8
2024-02-03 04:06,2,+35.3,+27.0,+11.1,+22.6,+24.3,+36.8,+17.6,+17.7,+17.5,+17.8,+18.2,+18.7,+18.8
2024-02-03 05:06,2,+35.2,+27.0,+11.1,+22.4,+24.3,+36.8,+17.6,+17.8,+17.6,+17.8,+18.2,+18.6,+18.8
2024-02-03 06:06,2,+35.2,+27.0,+11.1,+22.4,+24.3,+36.7,+17.7,+17.8,+17.6,+17.8,+18.2,+18.6,+18.8
2024-02-03 07:06,2,+35.2,+26.9,+11.1,+22.5,+24.3,+36.8,+17.7,+17.8,+17.6,+17.8,+18.1,+18.6,+18.8
2024-02-03 08:06,2,+35.2,+26.9,+11.1,+22.5,+24.3,+36.8,+17.8,+17.8,+17.6,+17.8,+18.2,+18.6,+18.8
2024-02-03 09:06,2,+35.1,+26.9,+11.1,+22.5,+24.3,+36.8,+17.8,+17.8,+17.6,+17.8,+18.2,+18.7,+18.8
2024-02-03 10:06,2,+35.0,+26.9,+11.1,+22.4,+24.3,+36.7,+18.1,+18.0,+17.6,+17.8,+18.2,+18.6,+18.8
2024-02-03 11:06,2,+35.0,+26.9,+11.1,+22.5,+24.3,+36.7,+18.2,+18.1,+17.6,+17.8,+18.2,+18.6,+18.8
2024-02-03 12:06,2,+34.8,+26.8,+11.1,+22.5,+24.3,+36.7,+18.5,+18.1,+17.7,+18.0,+18.2,+18.6,+18.8
2024-02-03 13:06,2,+34.7,+26.8,+11.1,+22.4,+24.3,+36.7,+18.6,+18.2,+17.7,+17.8,+18.2,+18.6,+18.8
2024-02-03 14:06,2,+34.6,+26.7,+11.1,+22.3,+24.3,+36.7,+18.7,+18.3,+17.7,+17.8,+18.2,+18.6,+18.8
2024-02-03 15:06,2,+34.5,+26.7,+11.1,+22.4,+24.3,+36.7,+18.8,+18.3,+17.7,+17.8,+18.2,+18.6,+18.8
2024-02-03 16:06,2,+34.4,+26.7,+11.1,+22.3,+24.2,+36.7,+19.0,+18.5,+17.7,+18.0,+18.2,+18.6,+18.8
2024-02-03 17:06,2,+34.3,+26.7,+11.1,+22.3,+24.3,+36.7,+19.0,+18.5,+17.8,+17.8,+18.2,+18.6,+18.8
2024-02-03 18:06,2,+34.3,+26.7,+11.1,+22.3,+24.3,+36.7,+19.0,+18.6,+17.8,+18.0,+18.2,+18.6,+18.7
2024-02-03 19:06,2,+40.3,+27.0,+11.2,+22.5,+24.3,+36.7,+19.0,+18.6,+18.0,+18.0,+18.2,+18.6,+18.7
2024-02-03 20:06,2,+39.1,+27.7,+11.2,+22.6,+24.3,+36.7,+19.0,+18.7,+18.0,+18.0,+18.2,+18.7,+18.7
2024-02-03 21:06,2,+38.7,+27.9,+11.2,+22.8,+24.4,+36.7,+19.0,+18.8,+18.0,+18.0,+18.2,+18.6,+18.8
2024-02-03 22:06,2,+38.3,+27.9,+11.3,+22.8,+24.3,+36.7,+18.8,+18.8,+18.1,+18.0,+18.2,+18.6,+18.7
2024-02-03 23:06,2,+38.0,+27.9,+11.3,+22.8,+24.3,+36.7,+18.7,+18.8,+18.1,+18.0,+18.2,+18.6,+18.7
2024-02-04 00:06,2,+37.8,+27.9,+11.3,+22.9,+24.3,+36.7,+18.6,+18.8,+18.1,+18.1,+18.3,+18.6,+18.8
2024-02-04 01:06,2,+37.6,+27.8,+11.3,+22.8,+24.3,+36.6,+18.5,+18.8,+18.2,+18.1,+18.3,+18.6,+18.8
2024-02-04 02:06,2,+37.4,+27.7,+11.3,+22.9,+24.3,+36.7,+18.3,+18.7,+18.2,+18.1,+18.3,+18.7,+18.8
2024-02-04 03:06,2,+37.2,+27.7,+11.3,+22.9,+24.3,+36.6,+18.2,+18.7,+18.2,+18.1,+18.3,+18.6,+18.8
2024-02-04 04:06,2,+37.1,+27.7,+11.3,+22.9,+24.3,+36.7,+18.3,+18.7,+18.2,+18.1,+18.3,+18.7,+18.8
2024-02-04 05:06,2,+36.9,+27.6,+11.3,+22.8,+24.3,+36.6,+18.3,+18.7,+18.3,+18.1,+18.3,+18.7,+18.7
2024-02-04 06:06,2,+36.9,+27.6,+11.3,+22.9,+24.3,+36.6,+18.3,+18.6,+18.2,+18.2,+18.3,+18.7,+18.8
2024-02-04 07:06,2,+36.8,+27.5,+11.3,+23.0,+24.3,+36.7,+18.2,+18.6,+18.3,+18.1,+18.3,+18.7,+18.7
2024-02-04 08:06,2,+36.8,+27.5,+11.3,+22.8,+24.3,+36.6,+18.3,+18.6,+18.2,+18.3,+18.3,+18.7,+18.7
2024-02-04 09:06,2,+36.6,+27.4,+11.3,+22.8,+24.3,+36.6,+18.5,+18.6,+18.2,+18.2,+18.3,+18.7,+18.8
2024-02-04 10:06,2,+36.4,+27.4,+11.3,+23.0,+24.3,+36.6,+18.8,+18.6,+18.2,+18.2,+18.3,+18.7,+18.8
2024-02-04 11:06,2,+36.3,+27.3,+11.3,+22.8,+24.3,+36.6,+19.7,+18.7,+18.3,+18.2,+18.3,+18.7,+18.7
2024-02-04 12:06,2,+36.1,+27.2,+11.3,+23.0,+24.3,+36.6,+19.7,+18.8,+18.3,+18.3,+18.3,+18.7,+18.7
2024-02-04 13:06,2,+36.0,+27.2,+11.3,+22.8,+24.3,+36.6,+19.8,+18.8,+18.2,+18.3,+18.3,+18.7,+18.8
2024-02-04 14:06,2,+35.8,+27.1,+11.2,+22.8,+24.3,+36.6,+19.8,+19.0,+18.3,+18.3,+18.3,+18.7,+18.8
2024-02-04 15:06,2,+35.6,+27.1,+11.2,+23.0,+24.3,+36.6,+19.7,+19.1,+18.3,+18.3,+18.3,+18.7,+18.7
2024-02-04 16:06,2,+35.6,+27.1,+11.2,+22.9,+24.3,+36.6,+19.6,+19.1,+18.3,+18.2,+18.5,+18.7,+18.8
2024-02-04 17:06,2,+35.5,+27.1,+11.2,+22.8,+24.3,+36.6,+19.6,+19.2,+18.5,+18.3,+18.5,+18.7,+18.8
2024-02-04 18:06,2,+35.5,+27.0,+11.2,+22.9,+24.3,+36.7,+19.5,+19.2,+18.5,+18.3,+18.5,+18.7,+18.8
2024-02-04 19:06,2,+35.4,+27.0,+11.2,+22.8,+24.3,+36.5,+19.3,+19.3,+18.5,+18.2,+18.5,+18.7,+18.8
2024-02-04 20:06,2,+35.4,+27.0,+11.2,+22.9,+24.3,+36.6,+19.2,+19.3,+18.5,+18.3,+18.5,+18.8,+18.8
2024-02-04 21:06,2,+35.3,+27.0,+11.2,+22.9,+24.3,+36.6,+19.1,+19.2,+18.5,+18.3,+18.5,+18.7,+18.8
2024-02-04 22:06,2,+35.3,+27.0,+11.2,+22.9,+24.3,+36.6,+19.0,+19.2,+18.6,+18.5,+18.5,+18.7,+18.8
2024-02-04 23:06,2,+35.2,+27.0,+11.2,+22.8,+24.3,+36.5,+18.8,+19.2,+18.6,+18.3,+18.5,+18.7,+18.7
2024-02-05 00:06,2,+35.1,+26.9,+11.2,+22.9,+24.3,+36.6,+18.7,+19.2,+18.6,+18.5,+18.5,+18.8,+18.8
2024-02-05 01:06,2,+35.1,+26.9,+11.1,+22.9,+24.3,+36.5,+18.6,+19.1,+18.6,+18.5,+18.5,+18.8,+18.8
2024-02-05 02:06,2,+35.0,+26.9,+11.1,+22.7,+24.2,+36.5,+18.6,+19.1,+18.6,+18.6,+18.5,+18.8,+18.8
2024-02-05 03:06,2,+34.9,+26.9,+11.2,+22.7,+24.3,+36.5,+18.5,+19.1,+18.6,+18.6,+18.5,+18.8,+18.8
2024-02-05 04:06,2,+34.8,+26.8,+11.1,+22.8,+24.3,+36.5,+18.3,+19.0,+18.6,+18.5,+18.5,+18.8,+18.8
2024-02-05 05:06,2,+34.8,+26.8,+11.1,+22.7,+24.2,+36.5,+18.3,+19.0,+18.6,+18.5,+18.5,+18.8,+18.8
2024-02-05 06:06,2,+34.7,+26.8,+11.1,+22.7,+24.2,+36.5,+18.3,+18.8,+18.6,+18.5,+18.6,+18.8,+18.8
2024-02-05 07:06,2,+34.7,+26.8,+11.1,+22.7,+24.2,+36.5,+18.3,+18.8,+18.6,+18.5,+18.5,+18.8,+18.8
2024-02-05 08:06,2,+34.6,+26.7,+11.1,+22.8,+24.3,+36.5,+18.5,+18.7,+18.6,+18.6,+18.6,+18.8,+18.8
2024-02-05 09:06,2,+34.5,+26.7,+11.1,+22.7,+24.2,+36.4,+18.7,+18.7,+18.5,+18.5,+18.6,+18.8,+18.8
2024-02-05 10:06,2,+34.3,+26.6,+11.0,+22.7,+24.2,+36.5,+19.0,+18.8,+18.6,+18.5,+18.6,+19.0,+18.8
2024-02-05 11:06,2,+34.2,+26.6,+11.0,+22.8,+24.3,+36.5,+19.6,+18.8,+18.5,+18.6,+18.6,+18.8,+18.8
2024-02-05 12:06,2,+34.1,+26.6,+11.0,+22.6,+24.2,+36.4,+19.7,+19.0,+18.5,+18.6,+18.6,+18.8,+18.8
2024-02-05 13:06,2,+33.9,+26.5,+11.0,+22.6,+24.2,+36.5,+20.0,+19.1,+18.6,+18.6,+18.6,+19.0,+18.8
2024-02-05 14:06,2,+33.9,+26.5,+11.0,+22.6,+24.2,+36.4,+20.0,+19.2,+18.5,+18.6,+18.6,+19.0,+18.8
2024-02-05 15:06,2,+33.6,+26.4,+11.0,+22.7,+24.2,+36.5,+19.8,+19.3,+18.6,+18.6,+18.6,+19.0,+18.8
2024-02-05 16:06,2,+33.5,+26.4,+11.0,+22.7,+24.3,+36.4,+19.8,+19.3,+18.6,+18.6,+18.6,+19.0,+18.8
2024-02-05 17:06,2,+33.4,+26.4,+11.0,+22.6,+24.2,+36.4,+19.7,+19.5,+18.6,+18.6,+18.6,+19.0,+18.8
2024-02-05 18:06,2,+33.3,+26.5,+11.0,+22.6,+24.2,+36.4,+19.6,+19.5,+18.7,+18.6,+18.6,+19.0,+18.8
2024-02-05 19:06,2,+33.3,+26.4,+11.0,+22.6,+24.2,+36.4,+19.6,+19.5,+18.7,+18.6,+18.6,+19.0,+18.8
2024-02-05 20:06,2,+33.2,+26.4,+11.0,+22.7,+24.3,+36.4,+19.5,+19.5,+18.7,+18.6,+18.6,+18.8,+18.8
2024-02-05 21:06,2,+33.2,+26.6,+10.9,+22.7,+24.3,+36.4,+19.5,+19.5,+18.7,+18.6,+18.6,+19.0,+19.0
2024-02-05 22:06,2,+33.1,+26.6,+10.9,+22.6,+24.2,+36.4,+19.3,+19.5,+18.8,+18.6,+18.6,+19.0,+18.8
2024-02-05 23:06,2,+33.1,+26.4,+10.9,+22.5,+24.2,+36.4,+19.3,+19.5,+18.8,+18.6,+18.6,+19.0,+19.0
2024-02-06 00:06,2,+33.0,+26.4,+10.9,+22.5,+24.2,+36.3,+19.2,+19.5,+18.8,+18.7,+18.7,+19.0,+19.0
2024-02-06 01:06,2,+32.9,+26.4,+10.9,+22.5,+24.2,+36.3,+19.2,+19.3,+18.8,+18.7,+18.7,+19.0,+19.0
2024-02-06 02:06,2,+32.9,+26.3,+10.9,+22.6,+24.2,+36.4,+19.1,+19.3,+18.8,+18.7,+18.7,+19.0,+18.8
2024-02-06 03:06,2,+32.9,+26.3,+10.9,+22.5,+24.2,+36.4,+19.0,+19.3,+18.8,+18.7,+18.7,+19.0,+19.0
2024-02-06 04:06,2,+32.8,+26.3,+10.9,+22.6,+24.2,+36.4,+18.8,+19.3,+18.8,+18.7,+18.7,+19.0,+18.8
2024-02-06 05:06,2,+32.8,+26.3,+10.9,+22.5,+24.2,+36.3,+18.7,+19.3,+18.8,+18.7,+18.6,+19.0,+19.0
2024-02-06 06:06,2,+32.7,+26.3,+10.9,+22.5,+24.2,+36.3,+18.7,+19.2,+18.8,+18.7,+18.7,+19.0,+19.0
2024-02-06 07:06,2,+32.7,+26.3,+10.9,+22.4,+24.2,+36.3,+18.6,+19.2,+18.8,+18.7,+18.7,+19.0,+19.0
2024-02-06 08:06,2,+32.6,+26.2,+10.8,+22.5,+24.2,+36.3,+18.7,+19.2,+18.8,+18.7,+18.7,+19.0,+19.0
2024-02-06 09:06,2,+32.4,+26.2,+10.8,+22.5,+24.2,+36.3,+18.8,+19.1,+18.8,+18.7,+18.7,+19.0,+19.0
2024-02-06 10:06,2,+32.2,+26.2,+10.8,+22.4,+24.1,+36.3,+19.1,+19.1,+18.8,+18.7,+18.7,+19.1,+19.0
2024-02-06 11:06,2,+32.0,+26.2,+10.8,+22.4,+24.1,+36.3,+19.7,+19.2,+18.8,+18.7,+18.6,+19.0,+19.0
2024-02-06 12:06,2,+31.9,+26.1,+10.8,+22.5,+24.2,+36.3,+19.7,+19.3,+18.8,+18.7,+18.7,+19.1,+19.0
2024-02-06 13:06,2,+31.7,+26.1,+10.8,+22.3,+24.1,+36.3,+19.7,+19.3,+18.8,+18.7,+18.7,+19.0,+19.0
2024-02-06 14:06,2,+31.7,+26.1,+10.8,+22.4,+24.2,+36.3,+19.6,+19.5,+18.8,+18.7,+18.7,+19.1,+19.0
2024-02-06 15:06,2,+31.6,+26.1,+10.8,+22.3,+24.1,+36.3,+19.6,+19.5,+18.8,+18.8,+18.7,+19.1,+19.0
2024-02-06 16:06,2,+31.5,+26.1,+10.8,+22.3,+24.1,+36.3,+19.6,+19.5,+18.8,+18.7,+18.7,+19.1,+19.0
2024-02-06 17:06,2,+31.5,+26.1,+10.8,+22.3,+24.1,+36.3,+19.6,+19.5,+18.8,+18.7,+18.7,+19.1,+19.0
2024-02-06 18:06,2,+31.6,+26.1,+10.8,+22.3,+24.1,+36.3,+19.5,+19.6,+18.8,+18.7,+18.7,+19.1,+19.0
2024-02-06 19:06,2,+31.6,+26.1,+10.8,+22.4,+24.2,+36.3,+19.3,+19.5,+18.8,+18.8,+18.8,+19.1,+19.0
2024-02-06 20:06,2,+31.6,+26.1,+10.8,+22.2,+24.1,+36.3,+19.2,+19.6,+18.8,+18.8,+18.7,+19.1,+19.0
2024-02-06 21:06,2,+31.6,+26.1,+10.8,+22.3,+24.2,+36.3,+19.1,+19.5,+19.0,+18.8,+18.7,+19.1,+19.0
2024-02-06 22:06,2,+31.7,+26.0,+10.7,+22.2,+24.1,+36.2,+19.0,+19.5,+19.0,+18.8,+18.7,+19.1,+19.0
2024-02-06 23:06,2,+31.7,+26.0,+10.7,+22.2,+24.1,+36.2,+18.8,+19.5,+19.0,+18.8,+18.7,+19.1,+19.0
2024-02-07 00:06,2,+31.7,+26.1,+10.7,+22.3,+24.2,+36.3,+18.6,+19.3,+19.0,+18.8,+18.8,+19.1,+19.0
2024-02-07 01:06,2,+31.7,+26.0,+10.7,+22.2,+24.1,+36.2,+18.6,+19.3,+19.0,+18.8,+18.8,+19.1,+19.0
2024-02-07 02:06,2,+31.6,+26.0,+10.7,+22.1,+24.1,+36.2,+18.5,+19.2,+19.0,+18.8,+18.7,+19.1,+19.0
2024-02-07 03:06,2,+31.6,+26.0,+10.7,+22.3,+24.2,+36.2,+18.3,+19.2,+19.0,+18.8,+18.8,+19.1,+19.0
2024-02-07 04:06,2,+31.6,+26.0,+10.7,+22.2,+24.1,+36.2,+18.3,+19.2,+18.8,+18.8,+18.8,+19.1,+19.0
2024-02-07 05:06,2,+31.5,+26.0,+10.7,+22.2,+24.1,+36.2,+18.1,+19.1,+18.8,+18.8,+18.8,+19.2,+19.0
2024-02-07 06:06,2,+31.5,+26.0,+10.7,+22.3,+24.2,+36.2,+18.0,+19.0,+19.0,+19.0,+18.8,+19.1,+19.1
2024-02-07 07:06,2,+31.7,+26.0,+10.6,+22.1,+24.1,+36.2,+17.8,+19.0,+18.8,+18.8,+18.7,+19.1,+19.0
2024-02-07 08:06,2,+31.6,+25.9,+10.6,+22.1,+24.1,+36.2,+17.8,+18.8,+18.8,+18.8,+18.8,+19.2,+19.1
2024-02-07 09:06,2,+31.5,+25.9,+10.6,+22.2,+24.2,+36.2,+17.7,+18.7,+18.8,+18.8,+18.8,+19.1,+19.1
2024-02-07 10:06,2,+31.3,+25.9,+10.6,+22.1,+24.1,+36.2,+17.8,+18.7,+18.7,+18.8,+18.8,+19.2,+19.1
2024-02-07 11:06,2,+31.1,+25.8,+10.6,+22.0,+24.1,+36.2,+18.3,+18.7,+18.7,+18.8,+18.8,+19.2,+19.0
2024-02-07 12:06,2,+30.9,+25.8,+10.6,+22.0,+24.1,+36.2,+18.5,+18.7,+18.7,+18.8,+18.8,+19.1,+19.1
2024-02-07 13:06,2,+30.6,+25.7,+10.6,+22.0,+24.1,+36.2,+18.6,+18.7,+18.6,+18.8,+18.8,+19.1,+19.1
2024-02-07 14:06,2,+30.4,+25.7,+10.6,+22.0,+24.1,+36.2,+18.2,+18.6,+18.6,+18.8,+18.8,+19.1,+19.1
2024-02-07 15:06,2,+30.2,+25.6,+10.5,+22.1,+24.1,+36.2,+18.1,+18.6,+18.6,+18.8,+18.8,+19.1,+19.1
2024-02-07 16:06,2,+30.1,+25.6,+10.5,+22.1,+24.1,+36.2,+18.0,+18.6,+18.6,+18.7,+18.8,+19.1,+19.0
2024-02-07 17:06,2,+29.9,+25.6,+10.5,+22.0,+24.1,+36.1,+17.8,+18.6,+18.6,+18.8,+18.8,+19.2,+19.1
2024-02-07 18:06,2,+29.8,+25.5,+10.5,+22.0,+24.1,+36.2,+17.6,+18.5,+18.6,+18.7,+18.8,+19.2,+19.1
2024-02-07 19:06,2,+29.8,+25.5,+10.5,+22.0,+24.1,+36.2,+17.5,+18.5,+18.5,+18.7,+18.8,+19.1,+19.1
2024-02-07 20:06,2,+29.7,+25.5,+10.5,+22.0,+24.1,+36.2,+17.5,+18.3,+18.6,+18.7,+18.8,+19.1,+19.1
2024-02-07 21:06,2,+29.7,+25.5,+10.5,+21.9,+24.1,+36.1,+17.2,+18.3,+18.5,+18.7,+18.8,+19.2,+19.1
2024-02-07 22:06,2,+29.6,+25.5,+10.5,+21.9,+24.1,+36.1,+17.2,+18.2,+18.5,+18.7,+18.8,+19.2,+19.0
2024-02-07 23:06,2,+29.6,+25.5,+10.5,+22.0,+24.1,+36.2,+17.1,+18.2,+18.5,+18.7,+18.8,+19.2,+19.1
2024-02-08 00:06,2,+29.6,+25.5,+10.4,+21.8,+24.1,+36.1,+17.1,+18.1,+18.5,+18.7,+18.7,+19.1,+19.1
2024-02-08 01:06,2,+29.6,+25.4,+10.5,+22.0,+24.1,+36.1,+17.1,+18.1,+18.3,+18.7,+18.8,+19.1,+19.1
2024-02-08 02:06,2,+29.6,+25.4,+10.4,+21.8,+24.1,+36.1,+17.1,+18.0,+18.3,+18.7,+18.8,+19.2,+19.1
2024-02-08 03:06,2,+29.6,+25.4,+10.4,+21.9,+24.1,+36.1,+17.0,+18.0,+18.3,+18.6,+18.8,+19.2,+19.1
2024-02-08 04:06,2,+30.1,+25.5,+10.4,+22.3,+24.2,+36.2,+17.0,+18.0,+18.3,+18.6,+18.8,+19.1,+19.1
2024-02-08 05:06,2,+30.6,+25.5,+10.4,+22.5,+24.2,+36.3,+17.1,+18.0,+18.2,+18.6,+18.8,+19.2,+19.1
2024-02-08 06:06,2,+31.1,+25.5,+10.4,+22.6,+24.3,+36.5,+17.0,+18.0,+18.2,+18.6,+18.7,+19.1,+19.1
2024-02-08 07:06,2,+31.7,+25.5,+10.5,+22.9,+24.3,+36.6,+17.1,+17.8,+18.2,+18.6,+18.7,+19.1,+19.1
2024-02-08 08:06,2,+31.9,+25.6,+10.5,+22.9,+24.3,+36.6,+17.0,+17.8,+18.2,+18.6,+18.8,+19.1,+19.1
2024-02-08 09:06,2,+32.1,+25.7,+10.5,+23.0,+24.3,+36.6,+17.1,+17.8,+18.1,+18.5,+18.8,+19.1,+19.0
2024-02-08 10:06,2,+32.2,+25.7,+10.5,+23.0,+24.3,+36.6,+17.2,+17.8,+18.1,+18.6,+18.7,+19.2,+19.1
2024-02-08 11:06,2,+32.3,+25.6,+10.5,+23.1,+24.3,+36.6,+17.2,+17.8,+18.1,+18.5,+18.7,+19.1,+19.1
2024-02-08 12:06,2,+32.3,+25.9,+10.5,+23.2,+24.4,+36.6,+17.3,+17.8,+18.1,+18.5,+18.7,+19.0,+19.1
2024-02-08 13:06,2,+32.3,+25.8,+10.5,+23.2,+24.4,+36.6,+17.5,+17.8,+18.1,+18.3,+18.7,+19.1,+19.0
2024-02-08 14:06,2,+32.3,+25.8,+10.5,+23.2,+24.3,+36.6,+17.6,+17.8,+18.0,+18.5,+18.7,+19.1,+19.1
2024-02-08 15:06,2,+32.3,+25.9,+10.5,+23.2,+24.3,+36.6,+17.6,+18.0,+18.0,+18.5,+18.7,+19.1,+19.1
2024-02-08 16:06,2,+32.3,+25.8,+10.5,+23.2,+24.3,+36.6,+17.6,+18.0,+18.0,+18.3,+18.7,+19.1,+19.1
2024-02-08 17:06,2,+32.3,+25.8,+10.5,+23.2,+24.3,+36.5,+17.6,+18.0,+18.0,+18.5,+18.7,+19.1,+19.1
2024-02-08 18:06,2,+32.4,+25.8,+10.5,+23.3,+24.3,+36.6,+17.6,+18.0,+18.0,+18.5,+18.6,+19.1,+19.1
2024-02-08 19:06,2,+32.5,+25.8,+10.5,+23.3,+24.4,+36.6,+17.5,+18.0,+18.1,+18.3,+18.6,+19.1,+19.1
2024-02-08 20:06,2,+32.7,+25.8,+10.5,+23.3,+24.4,+36.5,+17.3,+18.1,+18.0,+18.3,+18.6,+19.1,+19.0
2024-02-08 21:06,2,+32.9,+25.6,+10.5,+23.2,+24.3,+36.5,+17.3,+18.0,+18.0,+18.3,+18.7,+19.0,+19.1
2024-02-08 22:06,2,+33.3,+25.6,+10.5,+23.5,+24.4,+36.6,+17.2,+18.0,+18.0,+18.3,+18.6,+19.0,+19.1
2024-02-08 23:06,2,+33.9,+25.6,+10.5,+23.5,+24.4,+36.6,+17.1,+18.0,+18.0,+18.3,+18.6,+19.0,+19.0
2024-02-09 00:06,2,+34.2,+25.7,+10.5,+23.5,+24.4,+36.6,+17.0,+17.8,+18.0,+18.3,+18.6,+19.0,+19.0
2024-02-09 01:06,2,+34.2,+25.8,+10.5,+23.4,+24.4,+36.5,+16.7,+17.8,+18.0,+18.3,+18.6,+19.0,+19.1
2024-02-09 02:06,2,+34.3,+25.8,+10.5,+23.4,+24.4,+36.5,+16.6,+17.7,+18.0,+18.3,+18.6,+19.0,+19.1
2024-02-09 03:06,2,+34.3,+25.8,+10.5,+23.4,+24.4,+36.5,+16.6,+17.7,+18.0,+18.3,+18.6,+19.0,+19.0
2024-02-09 04:06,2,+34.3,+25.9,+10.5,+23.5,+24.4,+36.5,+16.5,+17.6,+18.0,+18.3,+18.6,+19.0,+19.0
2024-02-09 05:06,2,+34.4,+25.9,+10.5,+23.5,+24.4,+36.5,+16.5,+17.6,+17.8,+18.3,+18.6,+19.0,+19.0
2024-02-09 06:06,2,+34.4,+25.9,+10.5,+23.5,+24.4,+36.5,+16.5,+17.5,+17.8,+18.2,+18.6,+19.0,+19.1
2024-02-09 07:06,2,+34.4,+25.9,+10.5,+23.6,+24.4,+36.5,+16.5,+17.5,+17.8,+18.3,+18.6,+19.0,+19.0
2024-02-09 08:06,2,+34.5,+25.9,+10.5,+23.6,+24.4,+36.5,+16.6,+17.5,+17.8,+18.2,+18.6,+19.0,+19.0
2024-02-09 09:06,2,+34.5,+25.9,+10.5,+23.5,+24.4,+36.5,+16.7,+17.3,+17.7,+18.2,+18.6,+19.0,+19.0
2024-02-09 10:06,2,+34.5,+25.9,+10.5,+23.5,+24.3,+36.5,+17.0,+17.3,+17.7,+18.2,+18.6,+18.8,+19.0
2024-02-09 11:06,2,+34.4,+25.9,+10.5,+23.6,+24.4,+36.6,+17.5,+17.5,+17.7,+18.2,+18.6,+19.0,+19.0
2024-02-09 12:06,2,+34.3,+25.9,+10.5,+23.5,+24.4,+36.6,+17.8,+17.5,+17.7,+18.2,+18.5,+19.0,+19.0
2024-02-09 13:06,2,+34.3,+25.9,+10.5,+23.4,+24.3,+36.6,+17.8,+17.7,+17.7,+18.2,+18.6,+19.0,+19.0
2024-02-09 14:06,2,+34.3,+25.9,+10.5,+23.4,+24.3,+36.6,+17.8,+17.7,+17.7,+18.2,+18.5,+19.0,+19.0
2024-02-09 15:06,2,+34.3,+25.9,+10.5,+23.4,+24.3,+36.6,+17.7,+17.8,+17.7,+18.1,+18.5,+19.0,+19.0
2024-02-09 16:06,2,+34.7,+25.9,+10.5,+23.4,+24.3,+36.6,+17.7,+17.8,+17.7,+18.2,+18.5,+18.8,+19.0
2024-02-09 17:06,2,+34.8,+25.9,+10.5,+23.5,+24.4,+36.6,+17.7,+17.8,+17.7,+18.1,+18.5,+19.0,+19.0
2024-02-09 18:06,2,+34.9,+25.9,+10.5,+23.5,+24.4,+36.6,+17.6,+18.0,+17.7,+18.1,+18.5,+19.0,+19.0
2024-02-09 19:06,2,+34.9,+26.0,+10.6,+23.4,+24.3,+36.6,+17.6,+17.8,+17.7,+18.1,+18.5,+18.8,+19.0
2024-02-09 20:06,2,+35.3,+26.0,+10.5,+23.7,+24.4,+36.6,+17.6,+18.0,+17.8,+18.1,+18.5,+18.8,+18.8
2024-02-09 21:06,2,+35.6,+26.0,+10.6,+24.3,+24.4,+36.6,+17.5,+18.0,+17.8,+18.1,+18.5,+18.8,+19.0
2024-02-09 22:06,2,+36.1,+26.0,+10.6,+24.9,+24.4,+36.6,+17.5,+18.0,+17.8,+18.1,+18.5,+18.8,+19.0
2024-02-09 23:06,2,+36.1,+26.1,+10.7,+25.3,+24.5,+36.6,+17.2,+18.0,+17.8,+18.2,+18.5,+18.8,+19.0
2024-02-10 00:06,2,+36.3,+26.1,+10.7,+25.4,+24.5,+36.6,+17.2,+17.8,+17.8,+18.1,+18.5,+18.8,+19.0
2024-02-10 01:06,2,+36.3,+26.1,+10.7,+25.4,+24.5,+36.6,+17.2,+17.8,+17.8,+18.1,+18.5,+18.8,+19.0
2024-02-10 02:06,2,+36.4,+26.1,+10.7,+25.4,+24.5,+36.6,+17.2,+17.8,+17.8,+18.1,+18.5,+18.8,+19.0
2024-02-10 03:06,2,+36.4,+26.1,+10.7,+25.5,+24.5,+36.6,+17.2,+17.8,+17.8,+18.1,+18.5,+18.8,+19.0
2024-02-10 04:06,2,+36.4,+26.3,+10.7,+25.4,+24.5,+36.7,+17.1,+17.8,+17.8,+18.1,+18.3,+18.8,+19.0
2024-02-10 05:06,2,+36.4,+26.2,+10.8,+25.3,+24.5,+36.6,+17.1,+17.8,+17.8,+18.1,+18.5,+18.8,+19.0
2024-02-10 06:06,2,+36.4,+26.0,+10.7,+25.4,+24.5,+36.6,+17.1,+17.7,+17.8,+18.2,+18.3,+18.8,+19.0
2024-02-10 07:06,2,+36.4,+26.0,+10.7,+25.3,+24.5,+36.6,+17.1,+17.7,+17.7,+18.1,+18.5,+18.8,+19.0
2024-02-10 08:06,2,+36.3,+26.0,+10.7,+25.4,+24.5,+36.6,+17.1,+17.7,+17.8,+18.1,+18.3,+18.8,+18.8
2024-02-10 09:06,2,+36.3,+26.0,+10.7,+25.3,+24.5,+36.6,+17.2,+17.7,+17.8,+18.1,+18.5,+18.8,+18.8
2024-02-10 10:06,2,+36.2,+26.0,+10.7,+25.4,+24.5,+36.6,+17.5,+17.7,+17.7,+18.1,+18.3,+18.8,+19.0
2024-02-10 11:06,2,+36.0,+25.9,+10.7,+25.4,+24.5,+36.6,+18.0,+17.7,+17.7,+18.1,+18.5,+18.8,+18.8
2024-02-10 12:06,2,+35.9,+25.9,+10.8,+25.4,+24.5,+36.6,+18.2,+17.7,+17.8,+18.1,+18.3,+18.8,+18.8
2024-02-10 13:06,2,+35.8,+25.9,+10.7,+25.4,+24.5,+36.6,+18.2,+18.0,+17.7,+18.1,+18.3,+18.8,+18.8
2024-02-10 14:06,2,+35.7,+25.9,+10.7,+25.4,+24.5,+36.6,+18.1,+18.0,+17.7,+18.1,+18.3,+18.7,+18.8
2024-02-10 15:06,2,+35.6,+25.9,+10.7,+25.3,+24.4,+36.5,+18.1,+18.0,+17.7,+18.1,+18.3,+18.8,+19.0
2024-02-10 16:06,2,+35.5,+25.9,+10.8,+25.4,+24.4,+36.6,+18.1,+18.1,+17.8,+18.1,+18.5,+18.8,+19.0
2024-02-10 17:06,2,+35.5,+25.9,+10.7,+25.4,+24.5,+36.5,+18.0,+18.1,+17.8,+18.1,+18.3,+18.8,+18.8
2024-02-10 18:06,2,+35.4,+25.9,+10.8,+25.4,+24.5,+36.6,+18.0,+18.1,+17.8,+18.0,+18.3,+18.8,+18.8
2024-02-10 19:06,2,+35.3,+25.9,+10.8,+25.3,+24.4,+36.5,+17.8,+18.2,+17.8,+18.1,+18.3,+18.8,+18.8
2024-02-10 20:06,2,+35.3,+25.9,+10.8,+25.4,+24.5,+36.5,+17.8,+18.2,+17.8,+18.1,+18.3,+18.7,+18.8
2024-02-10 21:06,2,+35.3,+25.9,+10.8,+25.3,+24.4,+36.5,+17.7,+18.2,+17.8,+18.1,+18.3,+18.7,+18.8
2024-02-10 22:06,2,+35.2,+25.9,+10.8,+25.3,+24.4,+36.5,+17.6,+18.1,+17.8,+18.1,+18.3,+18.8,+18.8
2024-02-10 23:06,2,+35.2,+25.9,+10.8,+25.3,+24.4,+36.5,+17.6,+18.1,+18.0,+18.1,+18.3,+18.8,+18.8
2024-02-11 00:06,2,+35.1,+25.9,+10.8,+25.3,+24.4,+36.5,+17.5,+18.1,+18.0,+18.1,+18.5,+18.7,+18.8
2024-02-11 01:06,2,+35.1,+25.9,+10.8,+25.4,+24.4,+36.5,+17.5,+18.1,+18.0,+18.1,+18.3,+18.7,+18.8
2024-02-11 02:06,2,+35.0,+25.9,+10.8,+25.4,+24.5,+36.5,+17.5,+18.1,+18.0,+18.1,+18.3,+18.8,+18.8
2024-02-11 03:06,2,+35.0,+25.9,+10.8,+25.4,+24.5,+36.5,+17.3,+18.1,+18.0,+18.2,+18.3,+18.8,+18.8
2024-02-11 04:06,2,+35.0,+25.9,+10.8,+25.3,+24.4,+36.5,+17.3,+18.0,+18.0,+18.1,+18.3,+18.8,+18.8
2024-02-11 05:06,2,+34.9,+25.9,+10.8,+25.3,+24.4,+36.5,+17.3,+17.8,+17.8,+18.1,+18.3,+18.8,+18.8
2024-02-11 06:06,2,+34.9,+25.9,+10.8,+25.4,+24.5,+36.5,+17.3,+18.0,+18.0,+18.1,+18.3,+18.7,+18.8
2024-02-11 07:06,2,+34.8,+25.9,+10.8,+25.4,+24.5,+36.5,+17.3,+17.8,+17.8,+18.1,+18.3,+18.7,+18.8
2024-02-11 08:06,2,+34.7,+25.9,+10.8,+25.4,+24.5,+36.5,+17.3,+18.0,+17.8,+18.1,+18.3,+18.8,+18.8
2024-02-11 09:06,2,+34.6,+25.8,+10.7,+25.4,+24.5,+36.5,+17.5,+17.8,+17.8,+18.2,+18.3,+18.7,+18.8
2024-02-11 10:06,2,+34.5,+25.8,+10.7,+25.4,+24.5,+36.5,+17.8,+18.0,+17.8,+18.1,+18.3,+18.8,+18.8
2024-02-11 11:06,2,+34.4,+25.8,+10.7,+25.4,+24.5,+36.5,+18.5,+18.0,+17.8,+18.1,+18.3,+18.8,+18.8
2024-02-11 12:06,2,+34.3,+25.8,+10.7,+25.4,+24.5,+36.5,+18.5,+18.1,+17.8,+18.1,+18.3,+18.7,+18.8
2024-02-11 13:06,2,+34.1,+25.8,+10.7,+25.3,+24.4,+36.4,+18.7,+18.2,+17.8,+18.1,+18.5,+18.7,+18.8
2024-02-11 14:06,2,+33.9,+25.8,+10.7,+25.3,+24.4,+36.5,+18.7,+18.2,+17.8,+18.1,+18.3,+18.8,+18.8
2024-02-11 15:06,2,+33.8,+25.7,+10.7,+25.4,+24.4,+36.5,+18.8,+18.5,+17.8,+18.2,+18.3,+18.7,+18.8
2024-02-11 16:06,2,+33.7,+25.8,+10.8,+25.2,+24.4,+36.4,+18.7,+18.5,+18.0,+18.1,+18.3,+18.8,+18.8
2024-02-11 17:06,2,+33.7,+25.7,+10.7,+25.4,+24.4,+36.5,+18.8,+18.5,+18.0,+18.1,+18.5,+18.7,+18.8
2024-02-11 18:06,2,+33.7,+25.8,+10.8,+25.4,+24.5,+36.5,+18.8,+18.7,+18.0,+18.2,+18.3,+18.7,+18.8
2024-02-11 19:06,2,+33.8,+25.8,+10.8,+25.3,+24.4,+36.4,+18.7,+18.6,+18.0,+18.1,+18.5,+18.8,+18.8
2024-02-11 20:06,2,+33.7,+25.8,+10.7,+25.2,+24.4,+36.4,+18.7,+18.6,+18.1,+18.2,+18.3,+18.8,+18.7
2024-02-11 21:06,2,+33.7,+25.8,+10.8,+25.4,+24.5,+36.5,+18.7,+18.7,+18.1,+18.2,+18.3,+18.7,+18.8
2024-02-11 22:06,2,+33.7,+25.8,+10.7,+25.2,+24.4,+36.4,+18.7,+18.7,+18.2,+18.2,+18.3,+18.7,+18.8
2024-02-11 23:06,2,+33.6,+25.8,+10.8,+25.2,+24.4,+36.4,+18.7,+18.7,+18.2,+18.2,+18.3,+18.8,+18.8
2024-02-12 00:06,2,+33.6,+25.8,+10.8,+25.2,+24.4,+36.4,+18.6,+18.7,+18.2,+18.2,+18.3,+18.7,+18.8
2024-02-12 01:06,2,+33.5,+25.8,+10.7,+25.2,+24.4,+36.4,+18.6,+18.7,+18.2,+18.2,+18.3,+18.7,+18.8
2024-02-12 02:06,2,+33.5,+25.8,+10.8,+25.3,+24.5,+36.4,+18.5,+18.7,+18.2,+18.2,+18.3,+18.8,+18.8
2024-02-12 03:06,2,+33.5,+25.8,+10.8,+25.3,+24.5,+36.4,+18.5,+18.8,+18.2,+18.2,+18.3,+18.8,+18.8
2024-02-12 04:06,2,+33.4,+25.8,+10.7,+25.3,+24.5,+36.4,+18.3,+18.7,+18.2,+18.2,+18.5,+18.8,+18.8
2024-02-12 05:06,2,+33.4,+25.8,+10.8,+25.2,+24.4,+36.4,+18.2,+18.7,+18.3,+18.3,+18.5,+18.7,+18.8
2024-02-12 06:06,2,+33.3,+25.8,+10.7,+25.2,+24.4,+36.4,+18.1,+18.7,+18.3,+18.3,+18.3,+18.8,+18.8
2024-02-12 07:06,2,+33.3,+25.8,+10.8,+25.3,+24.5,+36.4,+18.2,+18.6,+18.3,+18.2,+18.5,+18.8,+18.8
2024-02-12 08:06,2,+33.1,+25.8,+10.7,+25.1,+24.4,+36.4,+18.1,+18.7,+18.3,+18.3,+18.5,+18.8,+18.8
2024-02-12 09:06,2,+33.0,+25.7,+10.7,+25.1,+24.4,+36.4,+18.3,+18.6,+18.3,+18.3,+18.5,+18.8,+18.8
2024-02-12 10:06,2,+32.8,+25.7,+10.7,+25.1,+24.4,+36.4,+18.7,+18.6,+18.2,+18.3,+18.5,+18.8,+18.8
2024-02-12 11:06,2,+32.5,+25.6,+10.7,+25.2,+24.4,+36.4,+19.2,+18.7,+18.3,+18.3,+18.5,+18.8,+18.8
2024-02-12 12:06,2,+32.3,+25.6,+10.7,+25.2,+24.5,+36.4,+19.5,+18.8,+18.3,+18.3,+18.5,+18.7,+18.8
2024-02-12 13:06,2,+32.1,+25.6,+10.7,+25.2,+24.5,+36.4,+19.6,+19.0,+18.3,+18.3,+18.5,+18.7,+18.8
2024-02-12 14:06,2,+32.0,+25.6,+10.7,+25.1,+24.4,+36.4,+19.6,+19.0,+18.3,+18.3,+18.5,+18.8,+18.8
2024-02-12 15:06,2,+31.9,+25.6,+10.7,+25.1,+24.4,+36.4,+19.6,+19.1,+18.5,+18.5,+18.5,+18.8,+18.8
2024-02-12 16:06,2,+31.8,+25.6,+10.7,+25.2,+24.5,+36.4,+19.6,+19.2,+18.5,+18.5,+18.6,+18.8,+18.8
2024-02-12 17:06,2,+31.7,+25.6,+10.7,+25.1,+24.4,+36.4,+19.6,+19.2,+18.5,+18.5,+18.5,+18.8,+18.8
2024-02-12 18:06,2,+31.7,+25.6,+10.7,+25.1,+24.4,+36.4,+19.6,+19.3,+18.5,+18.3,+18.5,+18.8,+18.8
2024-02-12 19:06,2,+31.6,+25.6,+10.7,+25.1,+24.5,+36.4,+19.5,+19.3,+18.5,+18.5,+18.5,+18.8,+18.8
2024-02-12 20:06,2,+31.6,+25.6,+10.7,+25.1,+24.5,+36.4,+19.5,+19.3,+18.6,+18.3,+18.6,+18.8,+18.8
2024-02-12 21:06,2,+31.5,+25.6,+10.7,+25.1,+24.5,+36.4,+19.5,+19.3,+18.6,+18.5,+18.5,+18.8,+18.8
2024-02-12 22:06,2,+31.5,+25.9,+10.8,+25.1,+24.5,+36.4,+19.3,+19.3,+18.6,+18.5,+18.6,+18.8,+18.8
2024-02-12 23:06,2,+31.5,+25.8,+10.8,+25.1,+24.5,+36.4,+19.3,+19.3,+18.6,+18.5,+18.6,+18.8,+18.8
2024-02-13 00:06,2,+31.4,+25.8,+10.8,+24.9,+24.4,+36.3,+19.2,+19.3,+18.7,+18.5,+18.5,+18.8,+18.8
2024-02-13 01:06,2,+31.3,+25.8,+10.8,+25.0,+24.4,+36.3,+19.1,+19.3,+18.7,+18.5,+18.5,+18.8,+18.8
2024-02-13 02:06,2,+31.3,+25.8,+10.8,+25.1,+24.5,+36.3,+19.1,+19.3,+18.7,+18.6,+18.5,+18.8,+19.0
2024-02-13 03:06,2,+31.3,+25.8,+10.8,+25.1,+24.5,+36.4,+19.1,+19.3,+18.7,+18.6,+18.6,+18.8,+18.8
2024-02-13 04:06,2,+31.4,+25.9,+10.8,+25.1,+24.5,+36.4,+19.1,+19.2,+18.7,+18.6,+18.6,+18.8,+18.8
2024-02-13 05:06,2,+31.6,+26.0,+10.8,+25.0,+24.5,+36.4,+19.0,+19.2,+18.7,+18.6,+18.6,+18.8,+18.8
2024-02-13 06:06,2,+31.6,+25.9,+10.8,+25.3,+24.5,+36.4,+18.8,+19.2,+18.7,+18.6,+18.6,+19.0,+18.8
2024-02-13 07:06,2,+31.7,+25.9,+10.8,+25.2,+24.5,+36.4,+18.8,+19.2,+18.7,+18.6,+18.6,+19.0,+18.8
2024-02-13 08:06,2,+31.7,+25.9,+10.8,+25.2,+24.5,+36.3,+18.8,+19.2,+18.7,+18.6,+18.6,+19.0,+18.8
2024-02-13 09:06,2,+31.8,+25.9,+10.8,+25.3,+24.5,+36.3,+18.8,+19.2,+18.7,+18.6,+18.6,+19.0,+18.8
2024-02-13 10:06,2,+31.8,+25.9,+10.8,+25.4,+24.6,+36.4,+18.8,+19.2,+18.7,+18.7,+18.6,+19.0,+19.0
2024-02-13 11:06,2,+31.9,+25.9,+10.9,+25.4,+24.5,+36.4,+18.8,+19.2,+18.7,+18.7,+18.6,+19.0,+18.8
2024-02-13 12:06,2,+31.8,+25.9,+10.9,+25.4,+24.5,+36.4,+19.1,+19.2,+18.7,+18.7,+18.7,+19.0,+19.0
2024-02-13 13:06,2,+31.7,+25.9,+10.9,+25.4,+24.5,+36.4,+19.1,+19.2,+18.7,+18.7,+18.7,+19.0,+19.0
2024-02-13 14:06,2,+31.6,+25.8,+10.9,+25.4,+24.5,+36.4,+19.2,+19.2,+18.8,+18.7,+18.7,+19.0,+19.0
2024-02-13 15:06,2,+31.5,+25.8,+10.9,+25.3,+24.5,+36.3,+19.2,+19.3,+18.7,+18.7,+18.7,+19.1,+18.8
2024-02-13 16:06,2,+31.4,+25.8,+10.9,+25.2,+24.5,+36.4,+19.2,+19.3,+18.7,+18.7,+18.6,+19.0,+19.0
2024-02-13 17:06,2,+31.3,+25.7,+10.8,+25.2,+24.5,+36.3,+19.1,+19.2,+18.8,+18.7,+18.7,+19.0,+18.8
2024-02-13 18:06,2,+31.3,+25.7,+10.9,+25.2,+24.5,+36.3,+19.0,+19.2,+18.7,+18.6,+18.7,+19.0,+19.0
2024-02-13 19:06,2,+31.3,+25.7,+10.8,+25.2,+24.5,+36.3,+18.8,+19.2,+18.8,+18.7,+18.7,+19.0,+19.0
2024-02-13 20:06,2,+31.2,+25.7,+10.8,+25.2,+24.5,+36.3,+18.7,+19.2,+18.7,+18.8,+18.7,+19.0,+18.8
2024-02-13 21:06,2,+31.2,+25.7,+10.8,+25.3,+24.5,+36.3,+18.5,+19.2,+18.8,+18.7,+18.7,+19.0,+19.0
2024-02-13 22:06,2,+31.1,+25.8,+10.8,+25.1,+24.5,+36.3,+18.5,+19.1,+18.8,+18.7,+18.7,+19.1,+19.0
2024-02-13 23:06,2,+31.1,+25.8,+10.8,+25.3,+24.5,+36.3,+18.2,+19.1,+18.8,+18.7,+18.7,+19.1,+19.0
2024-02-14 00:06,2,+31.1,+25.8,+10.8,+25.1,+24.5,+36.3,+18.2,+19.0,+18.7,+18.7,+18.7,+19.1,+19.0
2024-02-14 01:06,2,+31.1,+25.8,+10.8,+25.2,+24.6,+36.4,+18.1,+19.0,+18.8,+18.7,+18.7,+19.1,+19.0
2024-02-14 02:06,2,+31.0,+25.8,+10.8,+25.3,+24.5,+36.3,+18.1,+19.0,+18.8,+18.7,+18.8,+19.1,+19.0
2024-02-14 03:06,2,+31.0,+25.8,+10.8,+25.3,+24.5,+36.3,+18.1,+18.8,+18.7,+18.7,+18.7,+19.1,+19.0
2024-02-14 04:06,2,+31.0,+25.7,+10.8,+25.1,+24.5,+36.3,+18.1,+18.8,+18.7,+18.7,+18.7,+19.1,+19.0
2024-02-14 05:06,2,+31.0,+25.7,+10.8,+25.1,+24.5,+36.3,+18.1,+18.8,+18.7,+18.7,+18.7,+19.1,+19.0
2024-02-14 06:06,2,+31.0,+25.7,+10.8,+25.1,+24.5,+36.3,+18.1,+18.8,+18.7,+18.7,+18.7,+19.1,+18.8
2024-02-14 07:06,2,+31.0,+25.7,+10.8,+25.0,+24.5,+36.3,+18.0,+18.7,+18.7,+18.7,+18.7,+19.1,+19.0
2024-02-14 08:06,2,+31.0,+25.7,+10.8,+25.1,+24.5,+36.3,+18.1,+18.7,+18.6,+18.7,+18.7,+19.1,+19.0
2024-02-14 09:06,2,+31.1,+25.7,+10.8,+25.1,+24.6,+36.3,+18.0,+18.7,+18.6,+18.7,+18.7,+19.1,+19.0
2024-02-14 10:06,2,+31.0,+25.6,+10.8,+25.0,+24.5,+36.3,+18.2,+18.7,+18.6,+18.7,+18.8,+19.1,+19.0
2024-02-14 11:06,2,+30.8,+25.6,+10.8,+25.1,+24.6,+36.4,+18.6,+18.6,+18.6,+18.7,+18.8,+19.1,+19.0
2024-02-14 12:06,2,+30.6,+25.6,+10.8,+25.1,+24.5,+36.3,+18.6,+18.6,+18.6,+18.7,+18.7,+19.1,+19.0
2024-02-14 13:06,2,+30.4,+25.5,+10.7,+25.1,+24.5,+36.3,+18.6,+18.6,+18.6,+18.7,+18.7,+19.1,+19.0
2024-02-14 14:06,2,+30.2,+25.4,+10.7,+25.1,+24.5,+36.3,+18.6,+18.7,+18.5,+18.7,+18.7,+19.1,+19.1
2024-02-14 15:06,2,+30.4,+25.4,+10.7,+24.9,+24.5,+36.3,+18.6,+18.7,+18.6,+18.7,+18.7,+19.1,+19.0
2024-02-14 16:06,2,+30.2,+25.4,+10.7,+25.1,+24.5,+36.3,+18.6,+18.7,+18.6,+18.7,+18.8,+19.1,+19.0
2024-02-14 17:06,2,+30.0,+25.4,+10.7,+25.0,+24.5,+36.3,+18.5,+18.7,+18.6,+18.6,+18.8,+19.0,+19.0
2024-02-14 18:06,2,+30.0,+25.4,+10.7,+24.9,+24.5,+36.3,+18.3,+18.7,+18.5,+18.7,+18.8,+19.1,+19.0
2024-02-14 19:06,2,+29.9,+25.4,+10.7,+25.0,+24.5,+36.3,+18.2,+18.7,+18.5,+18.7,+18.7,+19.2,+19.0
2024-02-14 20:06,2,+29.9,+25.4,+10.7,+25.0,+24.5,+36.3,+18.2,+18.7,+18.5,+18.6,+18.8,+19.1,+19.0
2024-02-14 21:06,2,+29.8,+25.3,+10.7,+24.9,+24.5,+36.3,+18.2,+18.7,+18.5,+18.7,+18.7,+19.1,+19.0
2024-02-14 22:06,2,+29.8,+25.3,+10.7,+24.9,+24.5,+36.3,+18.1,+18.7,+18.6,+18.7,+18.8,+19.1,+19.0
2024-02-14 23:06,2,+29.8,+25.3,+10.7,+24.9,+24.5,+36.3,+18.0,+18.7,+18.5,+18.6,+18.7,+19.0,+19.0
2024-02-15 00:06,2,+29.7,+25.3,+10.7,+24.9,+24.5,+36.3,+18.1,+18.6,+18.5,+18.7,+18.7,+19.1,+19.0
2024-02-15 01:06,2,+29.7,+25.3,+10.7,+24.9,+24.6,+36.3,+18.0,+18.6,+18.5,+18.7,+18.7,+19.1,+19.0
2024-02-15 02:06,2,+29.7,+25.3,+10.7,+24.9,+24.6,+36.3,+18.0,+18.6,+18.5,+18.7,+18.8,+19.1,+19.0
2024-02-15 03:06,2,+29.8,+25.3,+10.7,+24.9,+24.5,+36.3,+18.0,+18.6,+18.5,+18.6,+18.7,+19.1,+19.0
2024-02-15 04:06,2,+29.8,+25.3,+10.7,+24.8,+24.5,+36.3,+18.1,+18.6,+18.5,+18.7,+18.7,+19.1,+19.0
2024-02-15 05:06,2,+29.8,+25.3,+10.7,+24.8,+24.5,+36.3,+18.0,+18.5,+18.5,+18.7,+18.7,+19.1,+19.0
2024-02-15 06:06,2,+29.8,+25.3,+10.7,+24.9,+24.5,+36.3,+18.0,+18.6,+18.5,+18.6,+18.7,+19.1,+19.1
2024-02-15 07:06,2,+29.8,+25.3,+10.7,+24.8,+24.5,+36.3,+18.0,+18.6,+18.3,+18.6,+18.7,+19.1,+19.0
2024-02-15 08:06,2,+30.3,+25.3,+10.7,+24.9,+24.6,+36.3,+18.0,+18.6,+18.5,+18.6,+18.7,+19.1,+19.0
2024-02-15 09:06,2,+31.5,+25.4,+10.7,+25.8,+24.7,+36.3,+18.0,+18.5,+18.5,+18.6,+18.8,+19.1,+19.1
2024-02-15 10:06,2,+32.5,+25.4,+10.8,+26.5,+24.7,+36.3,+18.0,+18.5,+18.5,+18.6,+18.7,+19.1,+19.1
2024-02-15 11:06,2,+33.4,+25.5,+10.8,+26.6,+24.7,+36.4,+18.0,+18.6,+18.3,+18.6,+18.7,+19.1,+19.0
2024-02-15 12:06,2,+33.8,+25.5,+10.8,+26.6,+24.6,+36.3,+18.0,+18.5,+18.3,+18.6,+18.7,+19.1,+19.0
2024-02-15 13:06,2,+33.9,+25.5,+10.8,+26.8,+24.7,+36.3,+18.1,+18.5,+18.3,+18.6,+18.7,+19.1,+19.0
2024-02-15 14:06,2,+34.0,+25.5,+10.8,+26.7,+24.7,+36.3,+18.1,+18.6,+18.3,+18.6,+18.7,+19.1,+19.0
2024-02-15 15:06,2,+36.7,+25.6,+10.8,+26.8,+24.7,+36.3,+18.1,+18.5,+18.3,+18.6,+18.7,+19.1,+19.0
2024-02-15 16:06,2,+37.3,+25.6,+10.8,+26.7,+24.7,+36.3,+18.1,+18.6,+18.3,+18.6,+18.7,+19.1,+19.0
2024-02-15 17:06,2,+37.4,+25.6,+10.8,+26.8,+24.7,+36.3,+18.1,+18.5,+18.3,+18.6,+18.7,+19.1,+19.0
2024-02-15 18:06,2,+37.9,+25.8,+10.9,+26.8,+24.7,+36.4,+18.0,+18.6,+18.5,+18.6,+18.7,+19.0,+19.0
2024-02-15 19:06,2,+38.0,+25.9,+10.9,+26.7,+24.7,+36.3,+18.0,+18.5,+18.3,+18.6,+18.7,+19.1,+19.0
2024-02-15 20:06,2,+38.0,+26.0,+10.9,+26.8,+24.7,+36.3,+18.0,+18.5,+18.3,+18.6,+18.7,+19.1,+19.0
2024-02-15 21:06,2,+38.0,+26.1,+10.9,+26.7,+24.7,+36.3,+18.0,+18.5,+18.3,+18.6,+18.7,+19.0,+19.0
2024-02-15 22:06,2,+37.9,+26.2,+10.9,+26.7,+24.7,+36.3,+18.0,+18.6,+18.3,+18.6,+18.6,+19.1,+19.0
2024-02-15 23:06,2,+37.9,+26.3,+10.9,+26.8,+24.7,+36.3,+18.0,+18.5,+18.3,+18.6,+18.7,+19.0,+19.0
2024-02-16 00:06,2,+37.9,+26.4,+10.9,+26.9,+24.7,+36.3,+18.0,+18.5,+18.3,+18.6,+18.7,+19.1,+19.0
2024-02-16 01:06,2,+37.8,+26.4,+10.9,+26.7,+24.7,+36.3,+18.0,+18.5,+18.3,+18.6,+18.7,+19.1,+19.0
2024-02-16 02:06,2,+37.8,+26.5,+10.9,+26.7,+24.7,+36.3,+18.0,+18.5,+18.3,+18.6,+18.7,+19.1,+19.0
2024-02-16 03:06,2,+37.8,+26.5,+11.0,+26.8,+24.7,+36.3,+18.0,+18.5,+18.3,+18.5,+18.7,+19.1,+19.0
2024-02-16 04:06,2,+37.7,+26.5,+11.0,+26.9,+24.7,+36.4,+18.0,+18.5,+18.3,+18.6,+18.7,+19.0,+19.0
2024-02-16 05:06,2,+37.7,+26.6,+11.0,+26.8,+24.7,+36.3,+18.1,+18.5,+18.3,+18.6,+18.7,+19.0,+19.0
2024-02-16 06:06,2,+37.7,+26.6,+11.0,+26.9,+24.7,+36.3,+18.1,+18.5,+18.3,+18.5,+18.7,+19.1,+19.0
2024-02-16 07:06,2,+37.6,+26.6,+11.0,+26.8,+24.7,+36.3,+18.2,+18.5,+18.3,+18.6,+18.7,+19.1,+19.0
2024-02-16 08:06,2,+37.6,+26.6,+11.0,+26.8,+24.7,+36.3,+18.2,+18.6,+18.3,+18.5,+18.7,+19.0,+19.0
2024-02-16 09:06,2,+37.5,+26.6,+11.0,+26.8,+24.7,+36.3,+18.2,+18.6,+18.3,+18.6,+18.7,+19.0,+19.0
2024-02-16 10:06,2,+37.5,+26.7,+11.0,+26.8,+24.7,+36.2,+18.3,+18.6,+18.3,+18.6,+18.7,+19.1,+19.0
2024-02-16 11:06,2,+37.5,+26.7,+11.0,+26.8,+24.7,+36.3,+18.3,+18.6,+18.3,+18.5,+18.7,+19.0,+19.0
2024-02-16 12:06,2,+37.4,+26.7,+11.0,+26.9,+24.7,+36.3,+18.5,+18.6,+18.3,+18.6,+18.7,+19.0,+19.0
2024-02-16 13:06,2,+37.4,+26.7,+11.1,+27.0,+24.7,+36.3,+18.5,+18.7,+18.3,+18.5,+18.7,+19.1,+19.0
2024-02-16 14:06,2,+37.4,+26.7,+11.1,+26.9,+24.7,+36.3,+18.6,+18.7,+18.3,+18.5,+18.7,+19.0,+19.0
2024-02-16 15:06,2,+37.4,+26.7,+11.1,+27.0,+24.7,+36.3,+18.7,+18.7,+18.3,+18.6,+18.6,+19.1,+19.0
2024-02-16 16:06,2,+37.5,+26.7,+11.1,+27.0,+24.8,+36.3,+18.6,+18.7,+18.3,+18.6,+18.6,+19.0,+19.0
2024-02-16 17:06,2,+37.6,+26.7,+11.1,+27.0,+24.8,+36.3,+18.6,+18.7,+18.3,+18.5,+18.6,+19.0,+19.0
2024-02-16 18:06,2,+37.9,+26.7,+11.2,+27.3,+24.8,+36.3,+18.6,+18.7,+18.5,+18.5,+18.6,+19.1,+19.0
2024-02-16 19:06,2,+38.1,+26.8,+11.2,+27.4,+24.7,+36.3,+18.6,+18.8,+18.5,+18.5,+18.7,+19.1,+19.0
2024-02-16 20:06,2,+38.4,+26.8,+11.2,+27.7,+24.7,+36.3,+18.6,+18.8,+18.5,+18.5,+18.6,+19.1,+19.0
2024-02-16 21:06,2,+38.5,+26.9,+11.2,+27.9,+24.8,+36.3,+18.6,+18.8,+18.5,+18.5,+18.7,+19.0,+19.0
2024-02-16 22:06,2,+38.5,+26.9,+11.2,+28.0,+24.8,+36.4,+18.5,+18.8,+18.5,+18.5,+18.7,+19.0,+19.0
2024-02-16 23:06,2,+38.9,+27.0,+11.2,+27.9,+24.8,+36.3,+18.6,+18.8,+18.5,+18.6,+18.6,+19.0,+19.0
2024-02-17 00:06,2,+38.9,+27.1,+11.2,+28.0,+24.8,+36.3,+18.6,+18.8,+18.5,+18.6,+18.7,+19.1,+19.0
2024-02-17 01:06,2,+39.1,+27.1,+11.2,+28.1,+24.8,+36.3,+18.6,+18.8,+18.5,+18.6,+18.7,+19.1,+19.0
2024-02-17 02:06,2,+39.1,+27.1,+11.2,+27.9,+24.8,+36.3,+18.6,+19.0,+18.6,+18.6,+18.7,+19.0,+19.0
2024-02-17 03:06,2,+39.3,+27.2,+11.3,+27.9,+24.8,+36.3,+18.6,+18.8,+18.5,+18.6,+18.7,+19.1,+19.0
2024-02-17 04:06,2,+39.3,+27.2,+11.3,+27.9,+24.8,+36.3,+18.6,+19.0,+18.5,+18.6,+18.7,+19.1,+19.0
2024-02-17 05:06,2,+39.2,+27.2,+11.3,+28.0,+24.8,+36.3,+18.6,+19.0,+18.5,+18.6,+18.7,+19.0,+19.0
2024-02-17 06:06,2,+39.2,+27.2,+11.3,+27.9,+24.7,+36.3,+18.6,+19.0,+18.6,+18.6,+18.7,+19.1,+19.0
2024-02-17 07:06,2,+39.2,+27.2,+11.3,+28.0,+24.8,+36.3,+18.6,+18.8,+18.5,+18.6,+18.7,+19.0,+19.0
2024-02-17 08:06,2,+39.1,+27.2,+11.3,+27.9,+24.8,+36.3,+18.6,+18.8,+18.6,+18.6,+18.6,+19.1,+19.0
2024-02-17 09:06,2,+39.0,+27.2,+11.3,+27.9,+24.8,+36.3,+18.7,+18.8,+18.6,+18.6,+18.7,+19.1,+19.0
2024-02-17 10:06,2,+39.0,+27.2,+11.3,+28.1,+24.8,+36.3,+18.8,+19.0,+18.6,+18.6,+18.7,+19.0,+19.0
2024-02-17 11:06,2,+38.8,+27.2,+11.3,+28.0,+24.8,+36.3,+19.0,+19.0,+18.6,+18.7,+18.7,+19.1,+19.0
2024-02-17 12:06,2,+38.6,+27.2,+11.3,+27.9,+24.8,+36.3,+19.2,+19.0,+18.6,+18.6,+18.7,+19.1,+19.0
2024-02-17 13:06,2,+38.6,+27.1,+11.3,+27.9,+24.8,+36.3,+19.2,+19.1,+18.6,+18.6,+18.7,+19.1,+19.0
2024-02-17 14:06,2,+38.5,+27.1,+11.3,+27.9,+24.7,+36.3,+19.3,+19.1,+18.6,+18.7,+18.7,+19.0,+19.0
2024-02-17 15:06,2,+38.4,+27.1,+11.3,+27.9,+24.8,+36.3,+19.2,+19.2,+18.6,+18.6,+18.7,+19.1,+19.0
2024-02-17 16:06,2,+38.4,+27.1,+11.3,+27.9,+24.7,+36.3,+19.5,+19.2,+18.6,+18.7,+18.7,+19.0,+19.0
2024-02-17 17:06,2,+38.4,+27.1,+11.3,+27.9,+24.7,+36.3,+19.5,+19.2,+18.7,+18.6,+18.7,+19.1,+19.1
2024-02-17 18:06,2,+38.3,+27.1,+11.3,+27.9,+24.7,+36.3,+19.3,+19.3,+18.7,+18.7,+18.7,+19.1,+19.0
2024-02-17 19:06,2,+38.3,+27.1,+11.3,+28.1,+24.8,+36.3,+19.3,+19.3,+18.7,+18.7,+18.8,+19.1,+19.0
2024-02-17 20:06,2,+38.4,+27.1,+11.3,+27.9,+24.7,+36.3,+19.5,+19.3,+18.7,+18.7,+18.7,+19.1,+19.0
2024-02-17 21:06,2,+38.4,+27.1,+11.3,+28.1,+24.8,+36.3,+19.5,+19.3,+18.7,+18.7,+18.8,+19.0,+19.0
2024-02-17 22:06,2,+38.4,+27.1,+11.3,+28.0,+24.8,+36.3,+19.3,+19.5,+18.8,+18.7,+18.8,+19.0,+19.0
2024-02-17 23:06,2,+38.4,+27.1,+11.3,+28.1,+24.8,+36.3,+19.3,+19.3,+18.8,+18.7,+18.7,+19.1,+19.0
2024-02-18 00:06,2,+38.4,+27.1,+11.3,+28.1,+24.8,+36.3,+19.3,+19.5,+18.8,+18.7,+18.8,+19.1,+19.0
2024-02-18 01:06,2,+38.4,+27.1,+11.3,+28.1,+24.8,+36.3,+19.3,+19.5,+18.8,+18.7,+18.8,+19.1,+19.0
2024-02-18 02:06,2,+38.4,+27.1,+11.3,+28.0,+24.8,+36.3,+19.3,+19.5,+18.8,+18.8,+18.7,+19.1,+19.0
2024-02-18 03:06,2,+38.3,+27.1,+11.3,+28.0,+24.8,+36.3,+19.3,+19.5,+18.8,+18.8,+18.7,+19.1,+19.1
2024-02-18 04:06,2,+38.3,+27.1,+11.3,+28.0,+24.8,+36.3,+19.3,+19.5,+18.8,+18.8,+18.8,+19.1,+19.0
2024-02-18 05:06,2,+38.3,+27.1,+11.3,+28.1,+24.8,+36.3,+19.2,+19.5,+19.0,+18.8,+18.8,+19.1,+19.0
2024-02-18 06:06,2,+38.2,+27.1,+11.3,+28.1,+24.8,+36.3,+19.2,+19.5,+19.0,+18.8,+18.8,+19.1,+19.0
2024-02-18 07:06,2,+38.3,+27.1,+11.3,+28.1,+24.8,+36.3,+19.2,+19.5,+19.0,+18.8,+18.7,+19.1,+19.0
2024-02-18 08:06,2,+38.4,+27.1,+11.3,+28.1,+24.8,+36.3,+19.3,+19.5,+19.0,+18.8,+18.8,+19.1,+19.1
2024-02-18 09:06,2,+38.3,+27.0,+11.3,+28.1,+24.9,+36.3,+19.3,+19.5,+19.0,+18.8,+18.8,+19.1,+19.0
2024-02-18 10:06,2,+38.3,+27.0,+11.3,+28.0,+24.8,+36.3,+19.5,+19.5,+19.0,+18.8,+18.8,+19.2,+19.1
2024-02-18 11:06,2,+38.2,+27.0,+11.3,+28.0,+24.8,+36.3,+19.6,+19.6,+19.0,+18.8,+18.8,+19.1,+19.1
2024-02-18 12:06,2,+38.1,+27.0,+11.3,+28.1,+24.8,+36.3,+19.7,+19.6,+19.0,+19.0,+18.8,+19.1,+19.0
2024-02-18 13:06,2,+38.1,+27.0,+11.3,+28.1,+24.8,+36.3,+19.7,+19.6,+19.1,+18.8,+18.8,+19.1,+19.1
2024-02-18 14:06,2,+38.0,+27.0,+11.3,+28.1,+24.8,+36.3,+19.8,+19.6,+19.1,+18.8,+18.8,+19.1,+19.1
2024-02-18 15:06,2,+37.9,+27.0,+11.3,+28.0,+24.8,+36.3,+19.8,+19.7,+19.1,+19.0,+18.8,+19.1,+19.1
2024-02-18 16:06,2,+37.8,+27.0,+11.3,+28.0,+24.8,+36.3,+20.0,+19.7,+19.1,+19.0,+18.8,+19.2,+19.0
2024-02-18 17:06,2,+37.9,+27.0,+11.3,+28.1,+24.9,+36.3,+20.0,+19.8,+19.1,+19.0,+19.0,+19.2,+19.0
2024-02-18 18:06,2,+37.9,+27.0,+11.3,+27.9,+24.8,+36.3,+20.0,+19.8,+19.1,+19.0,+19.0,+19.2,+19.1
2024-02-18 19:06,2,+40.8,+27.1,+11.4,+28.2,+24.9,+36.3,+20.0,+19.8,+19.1,+19.0,+18.8,+19.2,+19.1
2024-02-18 20:06,2,+42.2,+27.1,+11.4,+28.3,+24.9,+36.3,+19.8,+20.0,+19.2,+19.0,+18.8,+19.2,+19.1
2024-02-18 21:06,2,+41.9,+27.2,+11.4,+28.5,+24.9,+36.4,+19.8,+19.8,+19.1,+19.0,+19.0,+19.2,+19.1
2024-02-18 22:06,2,+41.7,+27.2,+11.4,+28.4,+24.9,+36.3,+19.7,+19.8,+19.2,+19.0,+19.0,+19.2,+19.1
2024-02-18 23:06,2,+41.5,+27.3,+11.4,+28.5,+24.9,+36.3,+19.7,+19.8,+19.2,+19.0,+19.0,+19.2,+19.1
2024-02-19 00:06,2,+41.4,+27.3,+11.4,+28.5,+24.9,+36.3,+19.6,+20.0,+19.2,+19.0,+19.0,+19.2,+19.0
2024-02-19 01:06,2,+41.1,+27.3,+11.4,+28.4,+24.9,+36.3,+19.5,+20.0,+19.2,+19.1,+19.0,+19.2,+19.1
2024-02-19 02:06,2,+40.9,+27.3,+11.4,+28.5,+24.9,+36.4,+19.5,+19.8,+19.3,+19.1,+19.0,+19.2,+19.1
2024-02-19 03:06,2,+40.7,+27.3,+11.4,+28.4,+24.9,+36.3,+19.5,+19.8,+19.2,+19.1,+19.0,+19.2,+19.1
2024-02-19 04:06,2,+40.5,+27.4,+11.4,+28.6,+24.9,+36.3,+19.3,+19.8,+19.3,+19.1,+19.0,+19.2,+19.1
2024-02-19 05:06,2,+40.4,+27.3,+11.4,+28.4,+24.9,+36.3,+19.2,+19.7,+19.3,+19.1,+19.0,+19.2,+19.1
2024-02-19 06:06,2,+40.3,+27.3,+11.4,+28.6,+24.9,+36.3,+19.2,+19.7,+19.3,+19.1,+19.0,+19.3,+19.1
2024-02-19 07:06,2,+40.1,+27.3,+11.4,+28.6,+24.9,+36.3,+19.2,+19.7,+19.3,+19.1,+19.0,+19.3,+19.1
2024-02-19 08:06,2,+40.0,+27.3,+11.4,+28.4,+24.9,+36.3,+19.2,+19.6,+19.2,+19.1,+19.0,+19.2,+19.1
2024-02-19 09:06,2,+40.1,+27.3,+11.4,+28.6,+24.9,+36.3,+19.2,+19.6,+19.2,+19.1,+19.1,+19.2,+19.1
2024-02-19 10:06,2,+40.4,+27.3,+11.4,+28.7,+24.9,+36.4,+19.2,+19.6,+19.2,+19.1,+19.0,+19.3,+19.1
2024-02-19 11:06,2,+41.5,+27.3,+11.5,+28.9,+24.9,+36.4,+19.2,+19.6,+19.2,+19.1,+19.0,+19.3,+19.1
2024-02-19 12:06,2,+42.3,+27.4,+11.5,+28.9,+24.9,+36.4,+19.2,+19.6,+19.2,+19.1,+19.1,+19.2,+19.2
2024-02-19 13:06,2,+42.5,+27.6,+11.5,+29.0,+25.0,+36.4,+19.2,+19.6,+19.2,+19.1,+19.0,+19.3,+19.1
2024-02-19 14:06,2,+42.5,+28.0,+11.5,+28.9,+25.0,+36.4,+19.2,+19.6,+19.2,+19.1,+19.0,+19.3,+19.1
2024-02-19 15:06,2,+43.3,+28.4,+11.6,+28.9,+25.0,+36.4,+19.3,+19.6,+19.2,+19.1,+19.1,+19.3,+19.2
2024-02-19 16:06,2,+43.2,+28.8,+11.6,+29.1,+25.0,+36.4,+19.2,+19.6,+19.2,+19.1,+19.1,+19.3,+19.2
2024-02-19 17:06,2,+43.5,+29.1,+11.7,+29.1,+25.0,+36.4,+19.2,+19.6,+19.2,+19.1,+19.1,+19.3,+19.1
2024-02-19 18:06,2,+43.5,+29.3,+11.8,+29.0,+25.0,+36.4,+19.2,+19.6,+19.2,+19.2,+19.1,+19.3,+19.1
2024-02-19 19:06,2,+43.6,+29.5,+12.0,+29.2,+25.0,+36.5,+19.2,+19.6,+19.2,+19.1,+19.0,+19.3,+19.2
2024-02-19 20:06,2,+43.7,+29.6,+12.3,+29.2,+25.0,+36.4,+19.2,+19.6,+19.2,+19.1,+19.1,+19.3,+19.1
2024-02-19 21:06,2,+44.1,+29.8,+12.8,+29.4,+25.0,+36.5,+19.1,+19.5,+19.2,+19.1,+19.1,+19.3,+19.2
2024-02-19 22:06,2,+44.0,+29.9,+13.2,+29.9,+25.2,+36.5,+19.1,+19.5,+19.1,+19.1,+19.1,+19.5,+19.2
2024-02-19 23:06,2,+43.7,+29.8,+13.3,+30.2,+25.4,+36.6,+19.1,+19.6,+19.2,+19.1,+19.1,+19.3,+19.1
2024-02-20 00:06,2,+43.4,+29.6,+13.3,+30.3,+25.7,+36.5,+19.0,+19.5,+19.2,+19.2,+19.1,+19.3,+19.2
2024-02-20 01:06,2,+43.7,+29.7,+13.4,+30.3,+25.9,+36.7,+19.0,+19.5,+19.2,+19.1,+19.1,+19.3,+19.2
2024-02-20 02:06,2,+44.4,+29.8,+13.4,+30.6,+26.2,+36.8,+19.0,+19.5,+19.2,+19.1,+19.1,+19.5,+19.2
2024-02-20 03:06,2,+44.1,+30.0,+13.6,+30.7,+26.3,+37.1,+18.8,+19.5,+19.1,+19.1,+19.1,+19.3,+19.2
2024-02-20 04:06,2,+44.0,+29.9,+13.7,+30.8,+26.6,+37.4,+18.8,+19.5,+19.1,+19.1,+19.1,+19.3,+19.2
2024-02-20 05:06,2,+44.3,+29.9,+13.7,+30.8,+26.7,+37.9,+18.7,+19.3,+19.2,+19.2,+19.1,+19.3,+19.2
2024-02-20 06:06,2,+44.5,+30.0,+13.8,+30.8,+26.8,+38.4,+18.6,+19.3,+19.1,+19.1,+19.1,+19.5,+19.2
2024-02-20 07:06,2,+44.7,+30.2,+13.9,+30.9,+27.0,+38.9,+18.5,+19.2,+19.1,+19.1,+19.1,+19.3,+19.2
2024-02-20 08:06,2,+44.6,+30.1,+14.0,+31.0,+27.1,+39.4,+18.3,+19.2,+19.1,+19.1,+19.1,+19.5,+19.2
2024-02-20 09:06,2,+44.5,+30.1,+14.0,+31.1,+27.2,+39.8,+18.1,+19.1,+19.1,+19.2,+19.1,+19.3,+19.2
2024-02-20 10:06,2,+44.2,+29.9,+14.0,+31.0,+27.1,+40.0,+18.1,+19.0,+19.0,+19.1,+19.1,+19.5,+19.2
2024-02-20 11:06,2,+44.0,+29.8,+13.9,+31.0,+27.1,+40.1,+18.1,+19.0,+19.0,+19.1,+19.2,+19.5,+19.2
2024-02-20 12:06,2,+43.9,+29.7,+13.8,+31.0,+27.2,+40.2,+18.1,+18.8,+19.0,+19.1,+19.1,+19.5,+19.2
2024-02-20 13:06,2,+43.8,+29.6,+13.8,+31.0,+27.1,+40.1,+18.1,+18.8,+19.0,+19.1,+19.1,+19.5,+19.2
2024-02-20 14:06,2,+43.8,+29.5,+13.7,+31.0,+27.1,+40.1,+18.1,+18.8,+18.8,+19.1,+19.1,+19.3,+19.2
2024-02-20 15:06,2,+44.5,+29.8,+13.7,+30.9,+27.0,+40.0,+18.2,+18.8,+18.8,+19.1,+19.1,+19.5,+19.2
2024-02-20 16:06,2,+44.6,+30.0,+13.9,+30.9,+27.0,+40.0,+18.2,+18.7,+18.8,+19.0,+19.1,+19.5,+19.2
2024-02-20 17:06,2,+44.5,+29.9,+14.0,+31.0,+27.1,+40.0,+18.2,+18.7,+18.7,+19.0,+19.1,+19.3,+19.2
2024-02-20 18:06,2,+44.6,+30.0,+14.1,+31.0,+27.0,+40.1,+18.2,+18.8,+18.7,+19.0,+19.1,+19.5,+19.2
2024-02-20 19:06,2,+45.3,+30.4,+14.2,+31.1,+27.1,+40.1,+18.1,+18.7,+18.7,+19.0,+19.0,+19.3,+19.2
2024-02-20 20:06,2,+45.1,+30.4,+14.5,+31.3,+27.3,+40.3,+18.0,+18.7,+18.6,+19.0,+19.1,+19.3,+19.2
2024-02-20 21:06,2,+44.8,+30.2,+14.5,+31.3,+27.4,+40.6,+17.8,+18.7,+18.6,+19.0,+19.1,+19.3,+19.2
2024-02-20 22:06,2,+45.5,+30.6,+14.6,+31.2,+27.4,+40.7,+17.8,+18.6,+18.6,+18.8,+19.1,+19.5,+19.2
2024-02-20 23:06,2,+45.3,+30.5,+14.8,+31.5,+27.5,+40.9,+17.7,+18.5,+18.6,+18.8,+19.1,+19.3,+19.2
2024-02-21 00:06,2,+45.5,+30.8,+14.9,+31.4,+27.5,+41.0,+17.7,+18.5,+18.6,+18.8,+19.0,+19.3,+19.2
2024-02-21 01:06,2,+45.9,+31.6,+15.3,+31.8,+27.8,+41.3,+17.5,+18.3,+18.5,+18.7,+19.0,+19.2,+19.2
2024-02-21 02:06,2,+45.3,+30.9,+15.1,+31.6,+27.9,+41.7,+17.3,+18.2,+18.5,+18.7,+19.0,+19.3,+19.2
2024-02-21 03:06,2,+45.1,+30.6,+14.8,+31.5,+27.7,+41.6,+17.2,+18.2,+18.3,+18.7,+19.0,+19.3,+19.2
2024-02-21 04:06,2,+45.0,+30.4,+14.7,+31.4,+27.6,+41.3,+17.2,+18.1,+18.3,+18.7,+18.8,+19.2,+19.2
2024-02-21 05:06,2,+46.4,+30.6,+14.6,+31.4,+27.5,+41.1,+17.1,+18.0,+18.2,+18.6,+19.0,+19.3,+19.2
2024-02-21 06:06,2,+46.3,+30.6,+14.7,+31.3,+27.5,+41.0,+17.0,+18.0,+18.2,+18.6,+18.8,+19.2,+19.2
2024-02-21 07:06,2,+46.3,+30.7,+14.7,+31.4,+27.4,+40.9,+16.8,+17.8,+18.2,+18.6,+18.8,+19.2,+19.2
2024-02-21 08:06,2,+46.2,+30.6,+14.8,+31.5,+27.5,+40.9,+17.0,+17.8,+18.1,+18.5,+18.8,+19.2,+19.2
2024-02-21 09:06,2,+45.9,+30.3,+14.7,+31.5,+27.4,+40.9,+17.0,+17.7,+18.0,+18.5,+18.7,+19.1,+19.1
2024-02-21 10:06,2,+45.9,+30.2,+14.6,+31.4,+27.4,+40.8,+17.0,+17.6,+18.0,+18.5,+18.7,+19.2,+19.1
2024-02-21 11:06,2,+45.6,+30.0,+14.6,+31.3,+27.3,+40.7,+17.0,+17.6,+18.0,+18.3,+18.7,+19.1,+19.1
2024-02-21 12:06,2,+45.3,+29.8,+14.7,+31.2,+27.2,+40.6,+17.1,+17.6,+17.8,+18.5,+18.7,+19.1,+19.1
2024-02-21 13:06,2,+45.1,+29.7,+14.6,+31.1,+27.1,+40.4,+17.1,+17.6,+17.8,+18.3,+18.7,+19.2,+19.1
2024-02-21 14:06,2,+45.4,+29.6,+14.7,+31.1,+27.1,+40.3,+17.1,+17.6,+17.8,+18.3,+18.7,+19.1,+19.1
2024-02-21 15:06,2,+45.3,+29.7,+14.7,+31.2,+27.0,+40.2,+17.1,+17.6,+17.8,+18.3,+18.7,+19.1,+19.1
2024-02-21 16:06,2,+45.2,+29.6,+14.6,+31.0,+26.9,+40.1,+17.1,+17.6,+17.8,+18.3,+18.7,+19.1,+19.1
2024-02-21 17:06,2,+44.9,+29.5,+14.6,+31.1,+26.9,+40.0,+17.0,+17.6,+17.7,+18.2,+18.6,+19.1,+19.1
2024-02-21 18:06,2,+44.6,+29.4,+14.6,+31.1,+26.9,+39.8,+17.0,+17.6,+17.7,+18.2,+18.6,+19.1,+19.1
2024-02-21 19:06,2,+44.5,+29.3,+14.6,+31.0,+26.8,+39.8,+17.0,+17.6,+17.7,+18.2,+18.6,+19.1,+19.1
2024-02-21 20:06,2,+44.4,+29.2,+14.6,+31.0,+26.8,+39.7,+16.7,+17.6,+17.7,+18.2,+18.6,+19.0,+19.0
2024-02-21 21:06,2,+44.2,+29.1,+14.5,+30.9,+26.7,+39.6,+16.6,+17.6,+17.7,+18.2,+18.6,+19.0,+19.1
2024-02-21 22:06,2,+44.1,+29.1,+14.5,+31.0,+26.7,+39.5,+16.6,+17.6,+17.7,+18.1,+18.6,+19.0,+19.1
2024-02-21 23:06,2,+43.8,+29.0,+14.5,+30.8,+26.6,+39.4,+16.6,+17.5,+17.7,+18.2,+18.6,+19.0,+19.1
2024-02-22 00:06,2,+43.6,+29.0,+14.5,+30.8,+26.6,+39.4,+16.5,+17.5,+17.7,+18.1,+18.6,+19.0,+19.1
2024-02-22 01:06,2,+43.6,+28.9,+14.4,+30.8,+26.6,+39.3,+16.6,+17.5,+17.7,+18.2,+18.5,+19.0,+19.0
2024-02-22 02:06,2,+43.4,+28.8,+14.4,+30.9,+26.6,+39.3,+16.5,+17.3,+17.7,+18.1,+18.5,+19.0,+19.1
2024-02-22 03:06,2,+43.4,+28.8,+14.4,+30.8,+26.5,+39.2,+16.6,+17.5,+17.7,+18.1,+18.6,+18.8,+19.0
2024-02-22 04:06,2,+43.5,+28.8,+14.4,+30.7,+26.5,+39.2,+16.6,+17.3,+17.6,+18.1,+18.5,+19.0,+19.0
2024-02-22 05:06,2,+43.9,+28.8,+14.5,+30.7,+26.5,+39.1,+16.3,+17.3,+17.6,+18.1,+18.5,+19.0,+19.0
2024-02-22 06:06,2,+43.9,+28.8,+14.7,+30.7,+26.5,+39.1,+16.1,+17.3,+17.6,+18.1,+18.5,+19.0,+19.0
2024-02-22 07:06,2,+43.8,+28.8,+14.7,+30.8,+26.5,+39.0,+16.0,+17.2,+17.6,+18.1,+18.5,+19.0,+19.0
2024-02-22 08:06,2,+43.7,+28.8,+14.7,+30.7,+26.4,+39.0,+16.0,+17.2,+17.6,+18.1,+18.5,+18.8,+19.0
2024-02-22 09:06,2,+43.6,+28.8,+14.7,+30.8,+26.4,+39.0,+15.8,+17.1,+17.6,+18.1,+18.5,+18.8,+19.0
2024-02-22 10:06,2,+43.5,+28.7,+14.7,+30.8,+26.4,+38.9,+16.0,+17.1,+17.5,+18.0,+18.5,+18.8,+19.0
2024-02-22 11:06,2,+43.4,+28.7,+14.7,+30.7,+26.4,+38.9,+16.0,+17.0,+17.5,+18.1,+18.5,+18.8,+19.0
2024-02-22 12:06,2,+43.2,+28.6,+14.6,+30.7,+26.3,+38.8,+16.2,+17.0,+17.5,+18.1,+18.5,+18.8,+19.0
2024-02-22 13:06,2,+43.0,+28.6,+14.6,+30.8,+26.4,+38.8,+16.5,+17.0,+17.5,+18.0,+18.5,+18.8,+19.0
2024-02-22 14:06,2,+42.8,+28.5,+14.6,+30.8,+26.3,+38.8,+16.6,+17.0,+17.3,+18.0,+18.5,+18.8,+19.0
2024-02-22 15:06,2,+42.8,+28.5,+14.6,+30.7,+26.3,+38.8,+16.8,+17.1,+17.3,+18.0,+18.5,+18.8,+19.0
2024-02-22 16:06,2,+42.7,+28.4,+14.6,+30.6,+26.3,+38.7,+17.2,+17.1,+17.3,+18.0,+18.3,+18.8,+18.8
2024-02-22 17:06,2,+42.6,+28.4,+14.6,+30.6,+26.2,+38.7,+17.2,+17.2,+17.3,+18.0,+18.5,+18.8,+19.0
2024-02-22 18:06,2,+42.5,+28.4,+14.6,+30.7,+26.3,+38.7,+17.0,+17.3,+17.5,+18.0,+18.3,+18.7,+19.0
2024-02-22 19:06,2,+42.5,+28.3,+14.6,+30.6,+26.2,+38.5,+17.0,+17.3,+17.3,+18.0,+18.3,+18.8,+19.0
2024-02-22 20:06,2,+42.4,+28.3,+14.6,+30.6,+26.2,+38.5,+16.8,+17.3,+17.3,+18.0,+18.3,+18.7,+19.0
2024-02-22 21:06,2,+42.4,+28.3,+14.6,+30.6,+26.2,+38.5,+16.7,+17.3,+17.3,+17.8,+18.3,+18.8,+19.0
2024-02-22 22:06,2,+42.3,+28.3,+14.6,+30.6,+26.2,+38.5,+16.6,+17.3,+17.5,+17.8,+18.3,+18.8,+19.0
2024-02-22 23:06,2,+42.3,+28.3,+14.6,+30.7,+26.2,+38.5,+16.6,+17.3,+17.3,+17.8,+18.3,+18.8,+19.0
2024-02-23 00:06,2,+42.2,+28.2,+14.5,+30.5,+26.1,+38.5,+16.5,+17.3,+17.3,+17.8,+18.3,+18.7,+19.0
2024-02-23 01:06,2,+42.2,+28.2,+14.5,+30.5,+26.1,+38.4,+16.5,+17.2,+17.3,+17.8,+18.3,+18.7,+18.8
2024-02-23 02:06,2,+42.1,+28.2,+14.5,+30.6,+26.2,+38.5,+16.3,+17.2,+17.5,+17.8,+18.3,+18.7,+18.8
2024-02-23 03:06,2,+42.0,+28.2,+14.5,+30.6,+26.1,+38.5,+16.3,+17.2,+17.5,+17.8,+18.3,+18.7,+18.8
2024-02-23 04:06,2,+42.0,+28.1,+14.5,+30.6,+26.1,+38.4,+16.2,+17.2,+17.5,+17.8,+18.2,+18.7,+18.8
2024-02-23 05:06,2,+42.0,+28.1,+14.5,+30.6,+26.1,+38.4,+16.1,+17.1,+17.5,+17.8,+18.2,+18.7,+18.8
2024-02-23 06:06,2,+41.9,+28.1,+14.5,+30.5,+26.1,+38.3,+16.2,+17.1,+17.3,+17.8,+18.2,+18.7,+18.8
2024-02-23 07:06,2,+41.9,+28.1,+14.5,+30.6,+26.1,+38.3,+16.2,+17.1,+17.3,+17.8,+18.2,+18.7,+18.8
2024-02-23 08:06,2,+41.8,+28.0,+14.5,+30.5,+26.0,+38.3,+16.3,+17.1,+17.3,+17.8,+18.2,+18.8,+18.8
2024-02-23 09:06,2,+41.8,+28.0,+14.5,+30.6,+26.1,+38.3,+16.6,+17.1,+17.3,+17.8,+18.3,+18.7,+18.8
2024-02-23 10:06,2,+41.7,+27.9,+14.5,+30.6,+26.1,+38.3,+17.6,+17.1,+17.3,+17.8,+18.2,+18.7,+18.8
2024-02-23 11:06,2,+41.6,+27.9,+14.5,+30.5,+26.0,+38.3,+17.8,+17.2,+17.3,+17.7,+18.2,+18.7,+18.8
2024-02-23 12:06,2,+41.5,+27.9,+14.4,+30.6,+26.1,+38.3,+17.7,+17.3,+17.3,+17.8,+18.2,+18.7,+18.8
2024-02-23 13:06,2,+41.5,+27.9,+14.4,+30.6,+26.0,+38.2,+17.7,+17.5,+17.3,+17.8,+18.2,+18.7,+18.8
2024-02-23 14:06,2,+41.4,+27.8,+14.4,+30.5,+26.0,+38.2,+17.8,+17.5,+17.3,+17.8,+18.2,+18.7,+18.8
2024-02-23 15:06,2,+41.3,+27.8,+14.4,+30.6,+26.0,+38.2,+17.8,+17.6,+17.3,+17.7,+18.2,+18.7,+18.8
2024-02-23 16:06,2,+41.2,+27.8,+14.4,+30.6,+26.0,+38.2,+17.8,+17.7,+17.3,+17.8,+18.2,+18.6,+18.8
2024-02-23 17:06,2,+41.2,+27.8,+14.4,+30.6,+26.0,+38.2,+17.8,+17.7,+17.5,+17.7,+18.2,+18.7,+18.7
2024-02-23 18:06,2,+41.2,+27.8,+14.4,+30.5,+26.0,+38.2,+17.8,+17.8,+17.5,+17.8,+18.2,+18.6,+18.8
2024-02-23 19:06,2,+41.2,+27.8,+14.4,+30.6,+26.0,+38.2,+17.7,+17.8,+17.5,+17.8,+18.2,+18.6,+18.8
2024-02-23 20:06,2,+41.2,+27.8,+14.4,+30.6,+26.0,+38.2,+17.7,+17.8,+17.5,+17.7,+18.2,+18.6,+18.8
2024-02-23 21:06,2,+41.2,+27.8,+14.4,+30.6,+26.0,+38.1,+17.7,+18.0,+17.6,+17.8,+18.2,+18.6,+18.7
2024-02-23 22:06,2,+41.1,+27.7,+14.4,+30.6,+26.0,+38.1,+17.7,+17.8,+17.6,+17.8,+18.2,+18.6,+18.7
2024-02-23 23:06,2,+41.1,+27.7,+14.4,+30.5,+25.9,+38.1,+17.7,+18.0,+17.6,+17.8,+18.2,+18.6,+18.7
2024-02-24 00:06,2,+41.1,+27.7,+14.4,+30.6,+26.0,+38.1,+17.6,+18.0,+17.6,+17.8,+18.2,+18.6,+18.7
2024-02-24 01:06,2,+41.1,+27.7,+14.4,+30.5,+25.9,+38.0,+17.6,+18.0,+17.7,+17.8,+18.2,+18.6,+18.7
2024-02-24 02:06,2,+41.0,+27.7,+14.4,+30.4,+25.9,+38.0,+17.6,+18.0,+17.6,+17.8,+18.2,+18.6,+18.7
2024-02-24 03:06,2,+41.0,+27.7,+14.4,+30.5,+25.9,+38.0,+17.5,+18.0,+17.7,+17.8,+18.2,+18.6,+18.7
2024-02-24 04:06,2,+40.9,+27.7,+14.3,+30.5,+25.9,+38.0,+17.5,+18.0,+17.6,+17.8,+18.2,+18.6,+18.7
2024-02-24 05:06,2,+40.9,+27.7,+14.3,+30.4,+25.9,+38.0,+17.3,+18.0,+17.7,+17.8,+18.2,+18.6,+18.7
2024-02-24 06:06,2,+40.9,+27.6,+14.3,+30.6,+25.9,+38.0,+17.3,+17.8,+17.7,+17.8,+18.1,+18.6,+18.7
2024-02-24 07:06,2,+40.8,+27.6,+14.3,+30.4,+25.9,+37.9,+17.3,+17.8,+17.7,+17.8,+18.2,+18.6,+18.7
2024-02-24 08:06,2,+40.7,+27.6,+14.3,+30.4,+25.9,+37.9,+17.3,+17.8,+17.7,+17.8,+18.2,+18.6,+18.7
2024-02-24 09:06,2,+40.6,+27.5,+14.3,+30.4,+25.9,+37.9,+17.6,+17.8,+17.7,+18.0,+18.2,+18.6,+18.7
2024-02-24 10:06,2,+40.5,+27.5,+14.3,+30.5,+25.9,+38.0,+18.1,+17.8,+17.7,+18.0,+18.2,+18.6,+18.7
2024-02-24 11:06,2,+40.4,+27.4,+14.2,+30.5,+25.9,+37.9,+18.1,+18.0,+17.7,+17.8,+18.2,+18.6,+18.7
2024-02-24 12:06,2,+40.3,+27.4,+14.2,+30.5,+25.9,+37.9,+18.2,+18.0,+17.7,+18.0,+18.2,+18.7,+18.7
2024-02-24 13:06,2,+40.2,+27.4,+14.2,+30.4,+25.8,+37.9,+18.2,+18.1,+17.7,+17.8,+18.2,+18.6,+18.7
2024-02-24 14:06,2,+40.1,+27.4,+14.2,+30.5,+25.9,+37.9,+18.3,+18.1,+17.7,+18.0,+18.2,+18.6,+18.7
2024-02-24 15:06,2,+39.9,+27.3,+14.2,+30.5,+25.9,+37.9,+18.3,+18.2,+17.8,+17.8,+18.2,+18.6,+18.7
2024-02-24 16:06,2,+39.8,+27.3,+14.2,+30.4,+25.8,+37.9,+18.5,+18.2,+17.8,+17.8,+18.2,+18.6,+18.7
2024-02-24 17:06,2,+39.7,+27.3,+14.2,+30.5,+25.9,+37.9,+18.5,+18.3,+17.8,+18.0,+18.2,+18.6,+18.7
2024-02-24 18:06,2,+39.7,+27.3,+14.2,+30.5,+25.9,+37.9,+18.3,+18.3,+17.8,+18.0,+18.2,+18.6,+18.7
2024-02-24 19:06,2,+39.6,+27.3,+14.2,+30.5,+25.8,+37.9,+18.2,+18.5,+17.8,+18.0,+18.2,+18.6,+18.7
2024-02-24 20:06,2,+39.6,+27.3,+14.2,+30.4,+25.8,+37.8,+18.1,+18.3,+17.8,+18.0,+18.2,+18.6,+18.7
2024-02-24 21:06,2,+39.5,+27.3,+14.2,+30.5,+25.8,+37.8,+18.0,+18.3,+18.0,+18.0,+18.2,+18.6,+18.7
2024-02-24 22:06,2,+39.5,+27.3,+14.2,+30.4,+25.8,+37.8,+17.8,+18.3,+18.0,+18.0,+18.2,+18.6,+18.7
2024-02-24 23:06,2,+39.5,+27.3,+14.2,+30.4,+25.7,+37.8,+17.7,+18.3,+18.0,+18.1,+18.2,+18.6,+18.7
2024-02-25 00:06,2,+39.4,+27.3,+14.2,+30.5,+25.8,+37.8,+17.7,+18.2,+18.0,+18.0,+18.2,+18.6,+18.7
2024-02-25 01:06,2,+39.4,+27.2,+14.2,+30.4,+25.8,+37.8,+17.6,+18.2,+18.0,+18.1,+18.2,+18.6,+18.7
2024-02-25 02:06,2,+39.4,+27.2,+14.1,+30.5,+25.8,+37.8,+17.6,+18.2,+18.0,+18.0,+18.2,+18.6,+18.6
2024-02-25 03:06,2,+39.3,+27.2,+14.1,+30.4,+25.8,+37.7,+17.5,+18.2,+18.0,+18.1,+18.2,+18.7,+18.6
2024-02-25 04:06,2,+39.3,+27.2,+14.1,+30.4,+25.8,+37.7,+17.5,+18.2,+18.0,+18.1,+18.2,+18.6,+18.7
2024-02-25 05:06,2,+39.3,+27.2,+14.1,+30.4,+25.7,+37.8,+17.5,+18.1,+18.0,+18.1,+18.2,+18.6,+18.7
2024-02-25 06:06,2,+39.6,+27.2,+14.1,+30.5,+25.9,+37.7,+17.5,+18.1,+18.0,+18.1,+18.2,+18.6,+18.7
2024-02-25 07:06,2,+39.7,+27.2,+14.1,+30.4,+25.8,+37.7,+17.3,+18.1,+18.0,+18.1,+18.2,+18.6,+18.7
2024-02-25 08:06,2,+39.8,+27.2,+14.2,+30.5,+25.9,+37.8,+17.3,+18.0,+18.0,+18.0,+18.3,+18.6,+18.6
2024-02-25 09:06,2,+39.8,+27.2,+14.3,+30.6,+25.9,+37.8,+17.3,+18.1,+18.0,+18.1,+18.3,+18.6,+18.7
2024-02-25 10:06,2,+40.0,+27.2,+14.5,+30.6,+25.9,+37.8,+17.3,+18.0,+17.8,+18.1,+18.3,+18.7,+18.7
2024-02-25 11:06,2,+40.2,+27.2,+14.6,+30.5,+25.9,+37.7,+17.3,+17.8,+18.0,+18.1,+18.3,+18.6,+18.7
2024-02-25 12:06,2,+40.7,+27.2,+14.8,+30.5,+25.9,+37.8,+17.3,+17.8,+18.0,+18.1,+18.3,+18.7,+18.7
2024-02-25 13:06,2,+41.1,+27.2,+15.0,+30.7,+25.9,+37.8,+17.3,+17.8,+17.8,+18.1,+18.3,+18.7,+18.7
2024-02-25 14:06,2,+41.2,+27.2,+15.2,+30.6,+25.9,+37.7,+17.2,+18.0,+17.8,+18.1,+18.3,+18.7,+18.7
2024-02-25 15:06,2,+41.3,+27.2,+15.3,+30.7,+25.9,+37.8,+17.2,+17.8,+18.0,+18.1,+18.3,+18.7,+18.7
2024-02-25 16:06,2,+41.3,+27.2,+15.3,+30.6,+25.9,+37.7,+17.2,+17.8,+17.8,+18.1,+18.3,+18.7,+18.7
2024-02-25 17:06,2,+41.3,+27.2,+15.3,+30.7,+25.9,+37.8,+17.2,+17.8,+17.8,+18.1,+18.3,+18.7,+18.7
2024-02-25 18:06,2,+41.4,+27.2,+15.3,+30.6,+25.9,+37.7,+17.2,+17.8,+17.8,+18.1,+18.2,+18.7,+18.7
2024-02-25 19:06,2,+41.4,+27.2,+15.3,+30.7,+25.9,+37.7,+17.2,+17.8,+17.7,+18.1,+18.3,+18.7,+18.7
2024-02-25 20:06,2,+41.5,+27.2,+15.3,+30.7,+25.9,+37.7,+17.1,+17.7,+17.8,+18.1,+18.3,+18.7,+18.7
2024-02-25 21:06,2,+41.6,+27.2,+15.4,+30.7,+25.9,+37.7,+17.1,+17.7,+17.8,+18.1,+18.2,+18.7,+18.7
2024-02-25 22:06,2,+41.6,+27.2,+15.5,+30.7,+25.9,+37.7,+17.0,+17.7,+17.7,+18.1,+18.3,+18.6,+18.7
2024-02-25 23:06,2,+41.6,+27.2,+15.5,+30.7,+25.9,+37.7,+17.0,+17.7,+17.7,+18.1,+18.3,+18.7,+18.7
2024-02-26 00:06,2,+41.6,+27.2,+15.5,+30.6,+25.8,+37.6,+17.0,+17.7,+17.7,+18.1,+18.3,+18.7,+18.7
2024-02-26 01:06,2,+41.6,+27.2,+15.5,+30.6,+25.8,+37.6,+16.8,+17.6,+17.7,+18.0,+18.2,+18.7,+18.7
2024-02-26 02:06,2,+41.5,+27.2,+15.5,+30.6,+25.8,+37.6,+16.8,+17.6,+17.7,+18.0,+18.3,+18.7,+18.7
2024-02-26 03:06,2,+41.5,+27.2,+15.5,+30.7,+25.9,+37.6,+16.8,+17.6,+17.7,+18.1,+18.3,+18.7,+18.7
2024-02-26 04:06,2,+41.5,+27.2,+15.5,+30.7,+25.8,+37.6,+16.8,+17.6,+17.7,+18.1,+18.2,+18.7,+18.7
2024-02-26 05:06,2,+41.5,+27.2,+15.5,+30.7,+25.8,+37.6,+16.8,+17.6,+17.7,+18.0,+18.3,+18.7,+18.7
2024-02-26 06:06,2,+41.5,+27.2,+15.5,+30.6,+25.8,+37.6,+16.8,+17.6,+17.7,+18.0,+18.3,+18.7,+18.7
2024-02-26 07:06,2,+41.5,+27.2,+15.5,+30.6,+25.7,+37.6,+16.8,+17.6,+17.7,+18.0,+18.2,+18.7,+18.7
2024-02-26 08:06,2,+41.5,+27.2,+15.5,+30.7,+25.8,+37.6,+17.0,+17.5,+17.6,+18.0,+18.3,+18.7,+18.7
2024-02-26 09:06,2,+41.6,+27.2,+15.5,+30.6,+25.8,+37.6,+17.0,+17.5,+17.6,+18.0,+18.3,+18.7,+18.7
2024-02-26 10:06,2,+41.6,+27.2,+15.5,+30.6,+25.8,+37.6,+17.5,+17.5,+17.6,+18.0,+18.3,+18.7,+18.7
2024-02-26 11:06,2,+41.5,+27.2,+15.4,+30.6,+25.7,+37.6,+17.5,+17.6,+17.6,+18.0,+18.2,+18.7,+18.7
2024-02-26 12:06,2,+41.4,+27.2,+15.4,+30.7,+25.8,+37.6,+17.5,+17.6,+17.6,+18.0,+18.2,+18.6,+18.7
2024-02-26 13:06,2,+41.4,+27.1,+15.4,+30.5,+25.7,+37.6,+17.6,+17.7,+17.6,+18.0,+18.2,+18.7,+18.7
2024-02-26 14:06,2,+41.3,+27.2,+15.5,+30.5,+25.7,+37.6,+17.6,+17.7,+17.6,+18.0,+18.2,+18.6,+18.7
2024-02-26 15:06,2,+41.2,+27.2,+15.5,+30.7,+25.7,+37.6,+17.7,+17.7,+17.6,+17.8,+18.3,+18.6,+18.7
2024-02-26 16:06,2,+41.2,+27.1,+15.4,+30.5,+25.7,+37.5,+17.7,+17.7,+17.7,+18.0,+18.2,+18.7,+18.7
2024-02-26 17:06,2,+41.2,+27.1,+15.4,+30.5,+25.7,+37.5,+17.6,+17.8,+17.7,+18.0,+18.2,+18.6,+18.7
2024-02-26 18:06,2,+41.2,+27.2,+15.5,+30.7,+25.7,+37.6,+17.6,+17.8,+17.6,+18.0,+18.2,+18.7,+18.7
2024-02-26 19:06,2,+41.1,+27.2,+15.4,+30.6,+25.7,+37.5,+17.6,+17.8,+17.7,+18.0,+18.2,+18.6,+18.7
2024-02-26 20:06,2,+41.1,+27.2,+15.4,+30.7,+25.8,+37.6,+17.6,+18.0,+17.7,+18.0,+18.2,+18.6,+18.7
2024-02-26 21:06,2,+41.2,+27.2,+15.8,+30.6,+25.7,+37.5,+17.5,+17.8,+17.7,+17.8,+18.2,+18.7,+18.7
2024-02-26 22:06,2,+41.3,+27.2,+16.2,+30.7,+25.8,+37.6,+17.5,+17.8,+17.7,+18.0,+18.2,+18.6,+18.7
2024-02-26 23:06,2,+41.3,+27.2,+16.2,+30.7,+25.8,+37.6,+17.3,+17.8,+17.7,+18.0,+18.2,+18.6,+18.7
2024-02-27 00:06,2,+41.3,+27.2,+16.3,+30.7,+25.8,+37.6,+17.5,+17.8,+17.7,+18.0,+18.2,+18.6,+18.7
2024-02-27 01:06,2,+41.4,+27.2,+16.3,+30.6,+25.8,+37.5,+17.3,+17.8,+17.7,+18.0,+18.2,+18.6,+18.7
2024-02-27 02:06,2,+41.4,+27.2,+16.3,+30.6,+25.8,+37.5,+17.3,+17.8,+17.7,+18.0,+18.2,+18.7,+18.7
2024-02-27 03:06,2,+41.8,+27.2,+16.5,+30.6,+25.8,+37.5,+17.3,+17.8,+17.7,+18.0,+18.2,+18.6,+18.6
2024-02-27 04:06,2,+42.1,+27.2,+16.6,+30.6,+25.8,+37.5,+17.3,+17.8,+17.7,+18.0,+18.2,+18.6,+18.7
2024-02-27 05:06,2,+42.2,+27.2,+16.6,+30.8,+25.8,+37.6,+17.2,+17.8,+17.7,+18.0,+18.2,+18.6,+18.7
2024-02-27 06:06,2,+42.3,+27.3,+16.6,+30.7,+25.8,+37.6,+17.2,+17.8,+17.7,+18.0,+18.2,+18.7,+18.6
2024-02-27 07:06,2,+42.3,+27.3,+16.6,+30.7,+25.8,+37.6,+17.1,+17.8,+17.7,+18.0,+18.2,+18.6,+18.7
2024-02-27 08:06,2,+42.3,+27.3,+16.7,+30.6,+25.8,+37.5,+17.1,+17.7,+17.7,+18.0,+18.2,+18.6,+18.7
2024-02-27 09:06,2,+42.2,+27.3,+16.7,+30.6,+25.8,+37.5,+17.1,+17.7,+17.7,+18.0,+18.2,+18.6,+18.7
2024-02-27 10:06,2,+42.1,+27.3,+16.7,+30.5,+25.7,+37.5,+17.6,+17.7,+17.7,+18.0,+18.2,+18.6,+18.7
2024-02-27 11:06,2,+42.0,+27.3,+16.7,+30.5,+25.7,+37.5,+17.7,+17.7,+17.7,+18.0,+18.2,+18.6,+18.7
2024-02-27 12:06,2,+41.8,+27.3,+16.7,+30.5,+25.8,+37.5,+17.8,+17.8,+17.7,+18.0,+18.2,+18.6,+18.6
2024-02-27 13:06,2,+41.7,+27.3,+16.7,+30.4,+25.7,+37.5,+18.0,+18.0,+17.7,+18.0,+18.2,+18.6,+18.7
2024-02-27 14:06,2,+41.6,+27.3,+16.7,+30.5,+25.7,+37.5,+18.1,+18.0,+17.7,+18.0,+18.2,+18.6,+18.7
2024-02-27 15:06,2,+41.5,+27.3,+16.7,+30.5,+25.7,+37.5,+18.1,+18.0,+17.7,+18.0,+18.2,+18.6,+18.7
2024-02-27 16:06,2,+41.4,+27.3,+16.7,+30.5,+25.7,+37.5,+18.1,+18.1,+17.7,+18.0,+18.2,+18.6,+18.6
2024-02-27 17:06,2,+41.4,+27.2,+16.7,+30.6,+25.7,+37.5,+18.1,+18.1,+17.7,+18.0,+18.2,+18.6,+18.6
2024-02-27 18:06,2,+41.3,+27.3,+16.7,+30.4,+25.7,+37.4,+18.1,+18.2,+17.7,+18.0,+18.2,+18.6,+18.7
2024-02-27 19:06,2,+41.3,+27.3,+16.7,+30.4,+25.7,+37.4,+18.0,+18.2,+17.8,+18.0,+18.2,+18.6,+18.6
2024-02-27 20:06,2,+41.3,+27.3,+16.8,+30.5,+25.7,+37.4,+17.8,+18.2,+17.8,+18.0,+18.2,+18.6,+18.6
2024-02-27 21:06,2,+41.3,+27.3,+16.7,+30.4,+25.7,+37.4,+17.8,+18.2,+17.8,+18.0,+18.2,+18.6,+18.6
2024-02-27 22:06,2,+41.3,+27.3,+16.7,+30.4,+25.7,+37.4,+17.8,+18.2,+17.8,+18.0,+18.2,+18.7,+18.6
2024-02-27 23:06,2,+41.3,+27.3,+16.7,+30.4,+25.7,+37.4,+17.8,+18.2,+17.8,+18.0,+18.2,+18.6,+18.6
2024-02-28 00:06,2,+41.3,+27.3,+16.7,+30.5,+25.7,+37.4,+17.7,+18.2,+17.8,+18.0,+18.2,+18.6,+18.7
2024-02-28 01:06,2,+41.2,+27.3,+16.7,+30.4,+25.6,+37.4,+17.6,+18.1,+17.8,+18.0,+18.2,+18.6,+18.7
2024-02-28 02:06,2,+41.2,+27.3,+16.7,+30.5,+25.7,+37.4,+17.6,+18.1,+18.0,+18.0,+18.2,+18.6,+18.7
2024-02-28 03:06,2,+41.1,+27.3,+16.7,+30.5,+25.7,+37.4,+17.6,+18.1,+17.8,+18.0,+18.2,+18.6,+18.7
2024-02-28 04:06,2,+41.1,+27.3,+16.7,+30.4,+25.6,+37.3,+17.5,+18.1,+17.8,+18.0,+18.2,+18.6,+18.7
2024-02-28 05:06,2,+41.3,+27.3,+16.7,+30.4,+25.6,+37.3,+17.5,+18.0,+17.8,+18.0,+18.2,+18.6,+18.7
2024-02-28 06:06,2,+41.3,+27.3,+16.7,+30.5,+25.7,+37.4,+17.5,+18.1,+17.8,+18.0,+18.2,+18.6,+18.7
2024-02-28 07:06,2,+41.4,+27.3,+16.7,+30.4,+25.6,+37.4,+17.5,+18.0,+17.8,+18.0,+18.2,+18.6,+18.7
2024-02-28 08:06,2,+41.4,+27.2,+16.7,+30.4,+25.6,+37.3,+17.3,+18.0,+17.8,+18.1,+18.3,+18.6,+18.6
2024-02-28 09:06,2,+41.5,+27.2,+16.7,+30.4,+25.7,+37.3,+17.5,+18.0,+17.8,+18.0,+18.2,+18.6,+18.6
2024-02-28 10:06,2,+41.3,+27.2,+16.7,+30.5,+25.7,+37.4,+18.0,+18.0,+17.8,+18.0,+18.2,+18.6,+18.7
2024-02-28 11:06,2,+41.1,+27.1,+16.7,+30.4,+25.6,+37.3,+18.2,+18.0,+17.8,+18.1,+18.2,+18.6,+18.6
2024-02-28 12:06,2,+41.0,+27.1,+16.7,+30.4,+25.6,+37.3,+18.2,+18.1,+17.8,+18.0,+18.2,+18.6,+18.7
2024-02-28 13:06,2,+40.9,+27.0,+16.7,+30.5,+25.7,+37.3,+18.3,+18.2,+17.8,+18.1,+18.2,+18.6,+18.6
2024-02-28 14:06,2,+40.7,+27.0,+16.7,+30.4,+25.6,+37.3,+18.3,+18.2,+17.8,+18.0,+18.2,+18.6,+18.7
2024-02-28 15:06,2,+40.6,+27.0,+16.7,+30.5,+25.7,+37.3,+18.3,+18.3,+18.0,+18.1,+18.2,+18.6,+18.6
2024-02-28 16:06,2,+40.5,+27.0,+16.7,+30.4,+25.6,+37.3,+18.5,+18.3,+17.8,+18.0,+18.2,+18.6,+18.7
2024-02-28 17:06,2,+40.5,+27.0,+16.7,+30.4,+25.6,+37.3,+18.3,+18.3,+17.8,+18.0,+18.2,+18.6,+18.6
2024-02-28 18:06,2,+40.5,+27.0,+16.7,+30.4,+25.6,+37.3,+18.3,+18.3,+18.0,+18.0,+18.2,+18.6,+18.6
2024-02-28 19:06,2,+40.6,+27.0,+16.7,+30.5,+25.7,+37.3,+18.2,+18.3,+18.0,+18.1,+18.2,+18.6,+18.7
2024-02-28 20:06,2,+40.5,+27.0,+16.7,+30.5,+25.7,+37.4,+18.2,+18.5,+18.0,+18.1,+18.2,+18.6,+18.6
2024-02-28 21:06,2,+40.4,+27.0,+16.7,+30.4,+25.6,+37.3,+18.1,+18.5,+18.0,+18.1,+18.2,+18.6,+18.6
2024-02-28 22:06,2,+40.4,+27.0,+16.6,+30.5,+25.6,+37.3,+18.0,+18.5,+18.0,+18.1,+18.2,+18.6,+18.6
2024-02-28 23:06,2,+40.3,+27.0,+16.6,+30.4,+25.6,+37.3,+17.8,+18.3,+18.1,+18.1,+18.2,+18.6,+18.7
2024-02-29 00:06,2,+40.2,+27.0,+16.6,+30.5,+25.7,+37.3,+17.8,+18.3,+18.1,+18.1,+18.2,+18.6,+18.6
2024-02-29 01:06,2,+40.1,+26.9,+16.6,+30.4,+25.6,+37.3,+17.7,+18.3,+18.1,+18.1,+18.2,+18.6,+18.6
2024-02-29 02:06,2,+40.5,+27.0,+16.6,+30.4,+25.6,+37.3,+17.7,+18.3,+18.1,+18.1,+18.2,+18.6,+18.6
2024-02-29 03:06,2,+40.3,+26.9,+16.6,+30.4,+25.6,+37.3,+17.6,+18.2,+18.1,+18.1,+18.3,+18.6,+18.6
2024-02-29 04:06,2,+40.3,+26.9,+16.6,+30.5,+25.6,+37.3,+17.5,+18.2,+18.1,+18.1,+18.2,+18.6,+18.6
2024-02-29 05:06,2,+40.1,+26.9,+16.6,+30.4,+25.6,+37.3,+17.5,+18.1,+18.0,+18.1,+18.2,+18.6,+18.7
2024-02-29 06:06,2,+40.1,+26.9,+16.6,+30.5,+25.6,+37.3,+17.3,+18.1,+18.0,+18.1,+18.3,+18.6,+18.6
2024-02-29 07:06,2,+40.0,+26.9,+16.5,+30.5,+25.6,+37.3,+17.3,+18.1,+18.0,+18.1,+18.2,+18.6,+18.7
2024-02-29 08:06,2,+40.0,+26.9,+16.5,+30.4,+25.6,+37.3,+17.3,+18.1,+18.0,+18.2,+18.2,+18.6,+18.6
2024-02-29 09:06,2,+39.9,+26.9,+16.5,+30.5,+25.6,+37.3,+17.3,+18.0,+18.0,+18.1,+18.2,+18.7,+18.6
2024-02-29 10:06,2,+39.8,+26.9,+16.4,+30.5,+25.6,+37.3,+17.6,+18.0,+18.0,+18.1,+18.2,+18.6,+18.7
2024-02-29 11:06,2,+39.7,+26.8,+16.4,+30.5,+25.6,+37.3,+17.8,+18.0,+18.0,+18.1,+18.3,+18.6,+18.6
2024-02-29 12:06,2,+39.5,+26.7,+16.4,+30.4,+25.6,+37.2,+17.8,+18.0,+18.0,+18.1,+18.3,+18.6,+18.6
2024-02-29 13:06,2,+39.4,+26.7,+16.4,+30.4,+25.6,+37.2,+18.1,+18.0,+17.8,+18.1,+18.2,+18.6,+18.6
2024-02-29 14:06,2,+39.2,+26.7,+16.3,+30.4,+25.6,+37.2,+18.2,+18.1,+18.0,+18.1,+18.2,+18.6,+18.6
2024-02-29 15:06,2,+39.0,+26.6,+16.3,+30.5,+25.6,+37.2,+18.2,+18.1,+18.0,+18.1,+18.2,+18.6,+18.6
2024-02-29 16:06,2,+38.8,+26.6,+16.3,+30.4,+25.6,+37.2,+18.3,+18.2,+18.0,+18.1,+18.2,+18.7,+18.6
2024-02-29 17:06,2,+38.7,+26.6,+16.3,+30.4,+25.6,+37.2,+18.2,+18.2,+18.0,+18.1,+18.3,+18.6,+18.7
2024-02-29 18:06,2,+38.6,+26.6,+16.3,+30.5,+25.6,+37.2,+18.1,+18.3,+18.0,+18.1,+18.3,+18.6,+18.6
2024-02-29 19:06,2,+38.5,+26.6,+16.2,+30.5,+25.6,+37.2,+18.1,+18.3,+18.0,+18.1,+18.3,+18.6,+18.6
2024-02-29 20:06,2,+38.4,+26.6,+16.2,+30.5,+25.6,+37.2,+18.1,+18.3,+18.0,+18.1,+18.2,+18.6,+18.6
2024-02-29 21:06,2,+38.3,+26.6,+16.2,+30.4,+25.5,+37.2,+17.8,+18.3,+18.0,+18.1,+18.2,+18.6,+18.6
2024-02-29 22:06,2,+38.3,+26.6,+16.2,+30.5,+25.6,+37.2,+17.7,+18.3,+18.1,+18.1,+18.2,+18.6,+18.6
2024-02-29 23:06,2,+38.1,+26.6,+16.2,+30.5,+25.6,+37.2,+17.7,+18.3,+18.0,+18.1,+18.3,+18.7,+18.6
2024-03-01 00:06,2,+38.0,+26.6,+16.2,+30.5,+25.6,+37.2,+17.7,+18.2,+18.0,+18.1,+18.2,+18.6,+18.6
2024-03-01 01:06,2,+37.9,+26.6,+16.1,+30.5,+25.6,+37.2,+17.6,+18.2,+18.1,+18.2,+18.3,+18.6,+18.6
2024-03-01 02:06,2,+37.9,+26.6,+16.1,+30.4,+25.5,+37.2,+17.6,+18.2,+18.1,+18.1,+18.3,+18.6,+18.6
2024-03-01 03:06,2,+37.8,+26.6,+16.1,+30.4,+25.5,+37.2,+17.5,+18.2,+18.0,+18.1,+18.2,+18.7,+18.6
2024-03-01 04:06,2,+37.8,+26.6,+16.1,+30.4,+25.5,+37.2,+17.6,+18.2,+18.1,+18.1,+18.3,+18.7,+18.7
2024-03-01 05:06,2,+37.7,+26.5,+16.1,+30.5,+25.6,+37.2,+17.5,+18.1,+18.0,+18.1,+18.3,+18.6,+18.6
2024-03-01 06:06,2,+37.7,+26.5,+16.0,+30.4,+25.5,+37.2,+17.5,+18.1,+18.0,+18.1,+18.2,+18.6,+18.7
2024-03-01 07:06,2,+37.6,+26.6,+16.0,+30.5,+25.6,+37.3,+17.5,+18.1,+18.0,+18.1,+18.2,+18.6,+18.7
2024-03-01 08:06,2,+37.8,+26.5,+16.0,+30.4,+25.5,+37.1,+17.5,+18.0,+18.0,+18.1,+18.3,+18.6,+18.6
2024-03-01 09:06,2,+37.5,+26.5,+16.0,+30.4,+25.5,+37.1,+17.6,+18.0,+18.0,+18.1,+18.2,+18.6,+18.6
2024-03-01 10:06,2,+37.3,+26.4,+16.0,+30.5,+25.6,+37.2,+18.1,+18.0,+18.0,+18.1,+18.3,+18.6,+18.7
2024-03-01 11:06,2,+37.0,+26.4,+16.0,+30.4,+25.5,+37.1,+18.2,+18.1,+18.0,+18.1,+18.3,+18.7,+18.7
2024-03-01 12:06,2,+36.8,+26.3,+15.9,+30.5,+25.6,+37.2,+18.2,+18.2,+18.0,+18.2,+18.2,+18.6,+18.6