
2024-01-31 09:34,3,+50.8,+33.7,+24.5,+16.9,+27.4,+23.2,+17.6,+18.6,+19.2,+19.8,+19.8,+19.8,+20.1
2024-01-31 10:34,3,+50.6,+33.9,+24.8,+17.3,+27.4,+23.2,+17.6,+18.5,+19.2,+19.8,+19.8,+19.8,+20.1
2024-01-31 11:34,3,+50.1,+33.5,+24.5,+17.6,+27.5,+23.2,+17.6,+18.5,+19.2,+19.8,+19.8,+19.8,+20.1
2024-01-31 12:34,3,+49.8,+33.1,+24.2,+18.0,+27.5,+23.2,+17.6,+18.5,+19.2,+19.8,+19.8,+19.8,+20.0
2024-01-31 13:34,3,+49.7,+32.8,+23.8,+18.1,+27.6,+23.2,+17.7,+18.5,+19.2,+19.8,+19.8,+19.8,+20.0
2024-01-31 14:34,3,+50.3,+32.9,+23.6,+18.3,+27.8,+23.2,+17.7,+18.5,+19.1,+19.7,+19.8,+19.8,+20.0
2024-01-31 15:34,3,+50.1,+33.1,+23.6,+18.4,+28.0,+23.2,+17.7,+18.5,+19.2,+19.7,+19.8,+19.8,+20.1
2024-01-31 16:34,3,+50.0,+33.0,+23.6,+18.4,+28.1,+23.3,+17.8,+18.5,+19.1,+19.7,+19.8,+19.7,+20.0
2024-01-31 17:34,3,+50.5,+33.2,+23.6,+18.5,+28.3,+23.3,+17.8,+18.5,+19.1,+19.8,+19.7,+19.8,+20.0
2024-01-31 18:34,3,+51.3,+35.0,+25.2,+18.6,+28.5,+23.3,+17.7,+18.5,+19.1,+19.7,+19.7,+19.8,+20.0
2024-01-31 19:34,3,+51.7,+35.9,+27.8,+19.0,+28.6,+23.4,+17.6,+18.3,+19.1,+19.7,+19.7,+19.8,+20.1
2024-01-31 20:34,3,+52.2,+36.7,+29.5,+20.0,+29.0,+23.4,+17.3,+18.1,+18.8,+19.6,+19.7,+19.8,+20.0
2024-01-31 21:34,3,+52.6,+37.6,+29.1,+20.7,+30.2,+23.7,+17.2,+18.0,+18.7,+19.5,+19.6,+19.7,+20.0
2024-01-31 22:34,3,+52.7,+37.9,+29.9,+20.9,+30.9,+24.9,+17.1,+17.8,+18.6,+19.3,+19.7,+19.7,+20.0
2024-01-31 23:34,3,+52.4,+37.1,+27.7,+20.9,+31.1,+25.6,+17.1,+17.8,+18.6,+19.5,+19.6,+19.7,+20.0
2024-02-01 00:34,3,+52.5,+37.1,+28.0,+20.8,+31.1,+25.8,+17.1,+17.8,+18.5,+19.3,+19.6,+19.6,+20.0
2024-02-01 01:34,3,+52.4,+36.8,+27.6,+20.9,+31.2,+25.9,+17.0,+17.7,+18.5,+19.3,+19.6,+19.6,+20.0
2024-02-01 02:34,3,+52.3,+36.3,+27.0,+20.7,+31.2,+25.9,+16.8,+17.7,+18.5,+19.2,+19.5,+19.6,+20.0
2024-02-01 03:34,3,+52.2,+36.4,+26.9,+20.7,+31.2,+25.9,+16.7,+17.6,+18.5,+19.2,+19.5,+19.6,+20.0
2024-02-01 04:34,3,+52.4,+37.3,+27.3,+20.8,+31.2,+26.0,+16.6,+17.6,+18.3,+19.2,+19.5,+19.6,+20.0
2024-02-01 05:34,3,+51.8,+35.5,+26.3,+20.7,+31.2,+26.0,+16.5,+17.6,+18.3,+19.2,+19.5,+19.5,+19.8
2024-02-01 06:34,3,+51.7,+34.9,+25.5,+20.4,+31.0,+25.9,+16.5,+17.5,+18.3,+19.2,+19.3,+19.5,+19.8
2024-02-01 07:34,3,+52.1,+35.1,+25.2,+20.3,+30.9,+25.8,+16.5,+17.5,+18.3,+19.2,+19.3,+19.5,+19.8
2024-02-01 08:34,3,+52.5,+36.4,+25.5,+20.4,+30.9,+25.8,+16.3,+17.5,+18.2,+19.2,+19.3,+19.5,+19.8
2024-02-01 09:34,3,+52.4,+36.9,+27.2,+20.6,+31.0,+25.8,+16.2,+17.2,+18.2,+19.1,+19.3,+19.5,+19.8
2024-02-01 10:34,3,+52.2,+36.0,+26.3,+20.5,+31.0,+25.9,+16.1,+17.2,+18.2,+19.1,+19.3,+19.5,+19.8
2024-02-01 11:34,3,+51.7,+35.1,+25.6,+20.5,+31.0,+25.9,+16.2,+17.2,+18.1,+19.1,+19.3,+19.5,+19.8
2024-02-01 12:34,3,+51.1,+34.4,+25.1,+20.4,+31.0,+25.8,+16.2,+17.2,+18.1,+19.1,+19.3,+19.5,+19.8
2024-02-01 13:34,3,+51.0,+34.0,+24.6,+20.1,+30.9,+25.8,+16.3,+17.2,+18.2,+19.1,+19.3,+19.5,+19.8
2024-02-01 14:34,3,+50.9,+33.8,+24.3,+20.0,+30.8,+25.7,+16.5,+17.2,+18.1,+19.0,+19.2,+19.3,+19.7
2024-02-01 15:34,3,+50.6,+33.6,+24.0,+20.0,+30.8,+25.7,+16.5,+17.2,+18.1,+19.1,+19.2,+19.3,+19.8
2024-02-01 16:34,3,+50.6,+33.3,+23.8,+19.8,+30.6,+25.6,+16.5,+17.2,+18.1,+19.0,+19.2,+19.3,+19.7
2024-02-01 17:34,3,+50.5,+33.2,+23.6,+19.9,+30.6,+25.6,+16.6,+17.3,+18.1,+19.1,+19.2,+19.3,+19.8
2024-02-01 18:34,3,+50.3,+33.0,+23.5,+19.7,+30.5,+25.5,+16.6,+17.3,+18.1,+19.1,+19.2,+19.3,+19.7
2024-02-01 19:34,3,+50.2,+32.8,+23.3,+19.6,+30.5,+25.5,+16.6,+17.3,+18.1,+19.0,+19.2,+19.3,+19.7
2024-02-01 20:34,3,+50.2,+32.7,+23.3,+19.5,+30.5,+25.4,+16.6,+17.3,+18.1,+19.0,+19.2,+19.3,+19.7
2024-02-01 21:34,3,+50.4,+32.6,+23.1,+19.5,+30.4,+25.4,+16.6,+17.3,+18.1,+19.0,+19.1,+19.3,+19.7
2024-02-01 22:34,3,+50.5,+32.7,+23.0,+19.5,+30.5,+25.4,+16.6,+17.3,+18.1,+19.0,+19.2,+19.3,+19.7
2024-02-01 23:34,3,+50.5,+32.7,+23.0,+19.4,+30.4,+25.4,+16.6,+17.3,+18.1,+19.0,+19.2,+19.3,+19.7
2024-02-02 00:34,3,+50.4,+32.7,+23.0,+19.4,+30.4,+25.4,+16.6,+17.3,+18.1,+19.0,+19.1,+19.3,+19.7
2024-02-02 01:34,3,+50.3,+32.6,+22.9,+19.4,+30.3,+25.3,+16.6,+17.3,+18.1,+19.0,+19.2,+19.3,+19.7
2024-02-02 02:34,3,+50.3,+32.6,+22.9,+19.5,+30.4,+25.3,+16.6,+17.3,+18.1,+19.0,+19.2,+19.2,+19.7
2024-02-02 03:34,3,+50.2,+32.6,+22.8,+19.3,+30.4,+25.3,+16.6,+17.3,+18.1,+19.0,+19.1,+19.3,+19.6
2024-02-02 04:34,3,+50.2,+32.5,+22.8,+19.4,+30.4,+25.3,+16.6,+17.3,+18.1,+19.0,+19.1,+19.2,+19.7
2024-02-02 05:34,3,+50.1,+32.5,+22.7,+19.4,+30.4,+25.3,+16.6,+17.3,+18.1,+19.0,+19.1,+19.3,+19.6
2024-02-02 06:34,3,+50.1,+32.4,+22.7,+19.4,+30.4,+25.3,+16.6,+17.3,+18.1,+19.0,+19.1,+19.2,+19.7
2024-02-02 07:34,3,+50.1,+32.4,+22.6,+19.2,+30.4,+25.3,+16.6,+17.3,+18.1,+18.8,+19.1,+19.2,+19.6
2024-02-02 08:34,3,+50.1,+32.2,+22.6,+19.3,+30.4,+25.3,+16.7,+17.3,+18.1,+19.0,+19.1,+19.2,+19.6
2024-02-02 09:34,3,+50.0,+32.2,+22.5,+19.3,+30.4,+25.3,+16.7,+17.5,+18.1,+19.0,+19.1,+19.2,+19.6
2024-02-02 10:34,3,+49.9,+32.0,+22.5,+19.1,+30.4,+25.3,+16.7,+17.3,+18.1,+18.8,+19.1,+19.2,+19.6
2024-02-02 11:34,3,+49.8,+31.9,+22.4,+19.1,+30.4,+25.2,+16.7,+17.5,+18.1,+19.0,+19.1,+19.2,+19.7
2024-02-02 12:34,3,+49.7,+31.8,+22.3,+19.1,+30.4,+25.2,+16.8,+17.5,+18.0,+19.0,+19.1,+19.2,+19.6
2024-02-02 13:34,3,+49.6,+31.8,+22.2,+19.0,+30.4,+25.2,+16.8,+17.5,+18.1,+18.8,+19.1,+19.2,+19.7
2024-02-02 14:34,3,+49.6,+31.7,+22.2,+19.0,+30.4,+25.2,+17.0,+17.5,+18.2,+18.8,+19.1,+19.2,+19.6
2024-02-02 15:34,3,+49.6,+31.7,+22.1,+19.1,+30.5,+25.2,+17.0,+17.5,+18.1,+19.0,+19.1,+19.2,+19.6
2024-02-02 16:34,3,+49.5,+31.6,+22.0,+19.0,+30.5,+25.2,+17.1,+17.6,+18.1,+18.8,+19.0,+19.2,+19.6
2024-02-02 17:34,3,+49.5,+31.6,+21.9,+18.9,+30.5,+25.1,+17.2,+17.6,+18.1,+19.0,+19.1,+19.1,+19.6
2024-02-02 18:34,3,+49.4,+31.5,+21.9,+19.0,+30.6,+25.1,+17.3,+17.6,+18.1,+18.8,+19.1,+19.2,+19.5
2024-02-02 19:34,3,+49.5,+31.4,+22.0,+18.9,+30.6,+25.1,+17.3,+17.6,+18.1,+19.0,+19.0,+19.1,+19.6
2024-02-02 20:34,3,+49.3,+31.4,+21.9,+18.9,+30.6,+25.1,+17.3,+17.7,+18.1,+18.8,+19.1,+19.2,+19.6
2024-02-02 21:34,3,+49.3,+31.4,+21.8,+18.9,+30.7,+25.1,+17.3,+17.7,+18.1,+19.0,+19.1,+19.2,+19.6
2024-02-02 22:34,3,+49.3,+31.3,+21.8,+18.9,+30.7,+25.1,+17.3,+17.7,+18.2,+18.8,+19.1,+19.2,+19.5
2024-02-02 23:34,3,+49.3,+31.2,+21.7,+18.9,+30.7,+25.1,+17.3,+17.7,+18.2,+19.0,+19.1,+19.1,+19.5
2024-02-03 00:34,3,+49.2,+31.2,+21.7,+18.9,+30.7,+25.1,+17.5,+17.8,+18.2,+19.0,+19.1,+19.2,+19.5
2024-02-03 01:34,3,+49.2,+31.2,+21.7,+18.8,+30.7,+25.1,+17.5,+17.8,+18.2,+18.8,+19.1,+19.1,+19.5
2024-02-03 02:34,3,+49.2,+31.2,+21.7,+18.8,+30.7,+25.1,+17.5,+17.8,+18.2,+19.0,+19.0,+19.1,+19.5
2024-02-03 03:34,3,+49.1,+31.1,+21.7,+18.7,+30.6,+25.1,+17.6,+17.8,+18.2,+19.0,+19.0,+19.1,+19.5
2024-02-03 04:34,3,+49.1,+31.1,+21.6,+18.8,+30.7,+25.1,+17.6,+17.8,+18.2,+18.8,+19.0,+19.1,+19.5
2024-02-03 05:34,3,+49.2,+31.2,+21.6,+18.7,+30.6,+25.0,+17.6,+18.0,+18.2,+18.8,+19.0,+19.1,+19.5
2024-02-03 06:34,3,+49.1,+31.2,+21.6,+18.7,+30.6,+25.0,+17.7,+17.8,+18.2,+18.8,+19.0,+19.1,+19.5
2024-02-03 07:34,3,+49.1,+31.3,+21.5,+18.6,+30.6,+25.0,+17.7,+18.0,+18.2,+18.8,+19.0,+19.1,+19.5
2024-02-03 08:34,3,+49.1,+31.3,+21.5,+18.6,+30.6,+25.0,+17.8,+18.0,+18.3,+18.8,+19.0,+19.1,+19.5
2024-02-03 09:34,3,+49.1,+31.2,+21.5,+18.6,+30.6,+25.0,+17.8,+18.0,+18.3,+18.8,+19.1,+19.1,+19.5
2024-02-03 10:34,3,+49.1,+31.1,+21.4,+18.6,+30.6,+25.0,+18.0,+18.1,+18.3,+19.0,+19.0,+19.1,+19.5
2024-02-03 11:34,3,+49.0,+31.1,+21.4,+18.6,+30.5,+25.0,+18.1,+18.1,+18.3,+19.0,+19.0,+19.1,+19.5
2024-02-03 12:34,3,+48.9,+31.0,+21.4,+18.6,+30.6,+25.0,+18.1,+18.1,+18.3,+19.0,+19.0,+19.1,+19.5
2024-02-03 13:34,3,+48.8,+30.9,+21.3,+18.5,+30.5,+25.0,+18.2,+18.2,+18.3,+18.8,+19.0,+19.2,+19.5
2024-02-03 14:34,3,+48.7,+30.8,+21.2,+18.6,+30.5,+25.0,+18.2,+18.2,+18.3,+18.8,+19.0,+19.1,+19.5
2024-02-03 15:34,3,+48.7,+30.7,+21.2,+18.5,+30.5,+25.0,+18.3,+18.2,+18.3,+19.0,+19.0,+19.2,+19.5
2024-02-03 16:34,3,+48.6,+30.6,+21.1,+18.4,+30.5,+24.9,+18.5,+18.3,+18.5,+19.0,+19.0,+19.1,+19.5
2024-02-03 17:34,3,+48.6,+30.6,+21.1,+18.4,+30.5,+24.9,+18.5,+18.3,+18.5,+19.0,+19.0,+19.1,+19.5
2024-02-03 18:34,3,+48.7,+30.6,+21.1,+18.5,+30.5,+24.9,+18.6,+18.5,+18.5,+19.0,+19.0,+19.1,+19.5
2024-02-03 19:34,3,+51.3,+32.8,+21.1,+18.4,+30.5,+24.9,+18.6,+18.5,+18.5,+19.0,+19.0,+19.1,+19.5
2024-02-03 20:34,3,+51.0,+32.8,+21.4,+18.4,+30.5,+24.9,+18.7,+18.5,+18.5,+19.0,+19.0,+19.1,+19.5
2024-02-03 21:34,3,+50.8,+32.6,+21.8,+18.5,+30.5,+24.9,+18.7,+18.6,+18.6,+19.0,+19.0,+19.1,+19.5
2024-02-03 22:34,3,+50.6,+32.9,+21.6,+18.5,+30.6,+24.9,+18.7,+18.6,+18.6,+19.0,+19.0,+19.1,+19.5
2024-02-03 23:34,3,+50.4,+32.7,+21.2,+18.5,+30.6,+24.9,+18.6,+18.7,+18.6,+19.1,+19.0,+19.1,+19.5
2024-02-04 00:34,3,+50.3,+32.3,+21.2,+18.5,+30.6,+24.9,+18.6,+18.6,+18.7,+19.0,+19.0,+19.1,+19.5
2024-02-04 01:34,3,+50.1,+32.2,+21.3,+18.5,+30.6,+24.9,+18.6,+18.7,+18.7,+19.1,+19.0,+19.1,+19.5
2024-02-04 02:34,3,+50.1,+32.2,+21.4,+18.5,+30.6,+24.9,+18.5,+18.7,+18.7,+19.0,+19.0,+19.1,+19.5
2024-02-04 03:34,3,+50.0,+32.4,+21.4,+18.5,+30.6,+24.9,+18.3,+18.7,+18.7,+19.1,+19.0,+19.1,+19.5
2024-02-04 04:34,3,+50.0,+32.3,+21.4,+18.5,+30.6,+24.9,+18.3,+18.6,+18.7,+19.1,+19.0,+19.1,+19.5
2024-02-04 05:34,3,+50.0,+32.1,+21.5,+18.5,+30.6,+24.9,+18.3,+18.7,+18.7,+19.0,+19.0,+19.1,+19.5
2024-02-04 06:34,3,+49.9,+32.3,+21.6,+18.6,+30.6,+24.9,+18.3,+18.7,+18.7,+19.1,+19.1,+19.1,+19.5
2024-02-04 07:34,3,+49.9,+32.1,+21.5,+18.6,+30.6,+24.9,+18.3,+18.7,+18.8,+19.1,+19.1,+19.1,+19.5
2024-02-04 08:34,3,+49.8,+32.0,+21.6,+18.6,+30.6,+24.9,+18.3,+18.6,+18.8,+19.1,+19.1,+19.1,+19.5
2024-02-04 09:34,3,+49.7,+31.9,+21.5,+18.5,+30.6,+24.9,+18.5,+18.7,+18.8,+19.1,+19.1,+19.1,+19.5
2024-02-04 10:34,3,+49.7,+31.7,+21.5,+18.5,+30.6,+24.9,+18.5,+18.7,+18.8,+19.1,+19.0,+19.1,+19.3
2024-02-04 11:34,3,+49.5,+31.6,+21.6,+18.5,+30.7,+24.9,+18.5,+18.7,+18.8,+19.1,+19.1,+19.1,+19.3
2024-02-04 12:34,3,+49.5,+31.5,+21.5,+18.4,+30.6,+24.9,+18.6,+18.7,+18.8,+19.2,+19.1,+19.1,+19.3
2024-02-04 13:34,3,+49.4,+31.3,+21.4,+18.5,+30.7,+24.9,+18.6,+18.7,+18.8,+19.1,+19.1,+19.1,+19.3
2024-02-04 14:34,3,+49.3,+31.2,+21.3,+18.4,+30.6,+24.8,+18.7,+18.7,+18.8,+19.2,+19.1,+19.1,+19.5
2024-02-04 15:34,3,+49.2,+31.1,+21.3,+18.3,+30.6,+24.8,+18.7,+18.8,+18.8,+19.1,+19.1,+19.1,+19.5
2024-02-04 16:34,3,+49.1,+31.1,+21.3,+18.5,+30.7,+24.9,+18.8,+18.8,+18.8,+19.2,+19.0,+19.1,+19.5
2024-02-04 17:34,3,+49.0,+31.0,+21.2,+18.3,+30.6,+24.8,+18.8,+18.8,+18.8,+19.2,+19.1,+19.1,+19.5
2024-02-04 18:34,3,+49.0,+31.1,+21.2,+18.3,+30.6,+24.8,+18.8,+18.8,+18.8,+19.2,+19.1,+19.1,+19.5
2024-02-04 19:34,3,+48.9,+31.1,+21.2,+18.3,+30.6,+24.8,+18.8,+18.8,+19.0,+19.2,+19.1,+19.2,+19.5
2024-02-04 20:34,3,+48.9,+31.1,+21.4,+18.4,+30.7,+24.8,+18.8,+19.0,+19.0,+19.2,+19.1,+19.1,+19.3
2024-02-04 21:34,3,+48.9,+31.1,+21.2,+18.4,+30.7,+24.8,+18.8,+19.0,+19.0,+19.2,+19.1,+19.1,+19.5
2024-02-04 22:34,3,+48.9,+31.1,+21.1,+18.3,+30.6,+24.8,+18.7,+19.0,+19.0,+19.2,+19.1,+19.1,+19.5
2024-02-04 23:34,3,+48.9,+31.1,+21.1,+18.3,+30.6,+24.8,+18.7,+19.0,+19.0,+19.2,+19.1,+19.2,+19.5
2024-02-05 00:34,3,+48.9,+30.9,+21.1,+18.3,+30.6,+24.8,+18.7,+19.0,+19.0,+19.2,+19.1,+19.2,+19.5
2024-02-05 01:34,3,+48.8,+30.9,+21.1,+18.4,+30.7,+24.8,+18.6,+19.0,+19.0,+19.2,+19.1,+19.2,+19.5
2024-02-05 02:34,3,+48.8,+30.9,+21.1,+18.4,+30.6,+24.8,+18.6,+18.8,+19.0,+19.2,+19.1,+19.1,+19.5
2024-02-05 03:34,3,+48.7,+30.9,+21.1,+18.4,+30.7,+24.8,+18.5,+19.0,+19.0,+19.2,+19.1,+19.1,+19.5
2024-02-05 04:34,3,+48.8,+30.9,+21.1,+18.4,+30.7,+24.8,+18.5,+18.8,+19.0,+19.2,+19.1,+19.1,+19.5
2024-02-05 05:34,3,+48.8,+30.9,+21.1,+18.3,+30.6,+24.8,+18.3,+18.8,+19.1,+19.2,+19.1,+19.2,+19.3
2024-02-05 06:34,3,+48.8,+30.9,+21.1,+18.3,+30.6,+24.8,+18.5,+18.8,+19.1,+19.3,+19.1,+19.2,+19.5
2024-02-05 07:34,3,+48.8,+30.8,+21.1,+18.3,+30.6,+24.8,+18.5,+19.0,+19.1,+19.2,+19.2,+19.1,+19.5
2024-02-05 08:34,3,+48.8,+30.7,+21.0,+18.4,+30.7,+24.8,+18.5,+18.8,+19.0,+19.3,+19.1,+19.2,+19.5
2024-02-05 09:34,3,+48.7,+30.7,+21.0,+18.3,+30.6,+24.8,+18.5,+18.8,+19.1,+19.3,+19.2,+19.2,+19.3
2024-02-05 10:34,3,+48.7,+30.6,+21.0,+18.2,+30.6,+24.8,+18.6,+18.8,+19.1,+19.3,+19.2,+19.2,+19.5
2024-02-05 11:34,3,+48.6,+30.5,+20.9,+18.3,+30.6,+24.8,+18.7,+18.8,+19.1,+19.2,+19.1,+19.2,+19.5
2024-02-05 12:34,3,+48.6,+30.4,+20.9,+18.3,+30.6,+24.8,+18.7,+19.0,+19.1,+19.3,+19.1,+19.2,+19.5
2024-02-05 13:34,3,+48.5,+30.3,+20.8,+18.1,+30.6,+24.8,+18.8,+19.0,+19.1,+19.3,+19.1,+19.2,+19.5
2024-02-05 14:34,3,+48.5,+30.2,+20.8,+18.3,+30.6,+24.8,+18.8,+19.0,+19.0,+19.3,+19.1,+19.2,+19.5
2024-02-05 15:34,3,+48.4,+30.1,+20.7,+18.1,+30.5,+24.8,+19.0,+19.0,+19.1,+19.3,+19.2,+19.2,+19.5
2024-02-05 16:34,3,+48.4,+30.1,+20.7,+18.1,+30.5,+24.8,+19.0,+19.0,+19.1,+19.3,+19.2,+19.2,+19.5
2024-02-05 17:34,3,+48.3,+30.1,+20.7,+18.2,+30.6,+24.8,+19.0,+19.0,+19.1,+19.3,+19.2,+19.1,+19.5
2024-02-05 18:34,3,+48.3,+30.1,+20.7,+18.1,+30.5,+24.7,+19.0,+19.1,+19.1,+19.3,+19.2,+19.2,+19.5
2024-02-05 19:34,3,+48.3,+30.0,+20.6,+18.1,+30.5,+24.7,+19.1,+19.1,+19.1,+19.3,+19.2,+19.2,+19.5
2024-02-05 20:34,3,+48.3,+30.0,+20.6,+18.2,+30.5,+24.8,+19.1,+19.1,+19.1,+19.3,+19.2,+19.2,+19.5
2024-02-05 21:34,3,+48.3,+30.0,+20.6,+18.1,+30.5,+24.7,+19.0,+19.1,+19.1,+19.5,+19.2,+19.2,+19.5
2024-02-05 22:34,3,+48.3,+30.0,+20.7,+18.2,+30.5,+24.8,+19.1,+19.2,+19.2,+19.3,+19.2,+19.2,+19.5
2024-02-05 23:34,3,+48.3,+30.0,+20.6,+18.2,+30.5,+24.8,+19.0,+19.2,+19.2,+19.3,+19.2,+19.2,+19.5
2024-02-06 00:34,3,+48.3,+30.0,+20.6,+18.2,+30.5,+24.8,+19.0,+19.2,+19.2,+19.3,+19.2,+19.2,+19.5
2024-02-06 01:34,3,+48.2,+30.0,+20.6,+18.1,+30.5,+24.7,+19.0,+19.2,+19.2,+19.5,+19.2,+19.2,+19.3
2024-02-06 02:34,3,+48.2,+29.9,+20.6,+18.2,+30.5,+24.8,+19.0,+19.2,+19.2,+19.3,+19.2,+19.2,+19.5
2024-02-06 03:34,3,+48.1,+29.9,+20.6,+18.1,+30.5,+24.7,+18.8,+19.2,+19.2,+19.3,+19.2,+19.2,+19.5
2024-02-06 04:34,3,+48.4,+29.9,+20.6,+18.2,+30.5,+24.8,+18.8,+19.2,+19.2,+19.3,+19.3,+19.2,+19.5
2024-02-06 05:34,3,+48.5,+29.9,+20.6,+18.1,+30.5,+24.7,+18.8,+19.2,+19.2,+19.5,+19.2,+19.2,+19.5
2024-02-06 06:34,3,+48.3,+29.9,+20.6,+18.2,+30.5,+24.8,+18.7,+19.2,+19.2,+19.5,+19.2,+19.2,+19.5
2024-02-06 07:34,3,+48.1,+29.9,+20.6,+18.1,+30.5,+24.7,+18.7,+19.1,+19.2,+19.5,+19.2,+19.2,+19.5
2024-02-06 08:34,3,+48.1,+29.8,+20.6,+18.1,+30.5,+24.7,+18.7,+19.2,+19.2,+19.5,+19.2,+19.2,+19.5
2024-02-06 09:34,3,+48.0,+29.7,+20.6,+18.0,+30.5,+24.7,+18.8,+19.2,+19.3,+19.3,+19.2,+19.3,+19.5
2024-02-06 10:34,3,+48.0,+29.7,+20.5,+18.0,+30.4,+24.7,+18.8,+19.2,+19.3,+19.5,+19.2,+19.2,+19.5
2024-02-06 11:34,3,+48.0,+29.6,+20.5,+18.0,+30.4,+24.7,+19.0,+19.2,+19.3,+19.5,+19.2,+19.2,+19.5
2024-02-06 12:34,3,+48.0,+29.5,+20.5,+18.0,+30.4,+24.7,+19.0,+19.2,+19.2,+19.5,+19.2,+19.2,+19.5
2024-02-06 13:34,3,+48.0,+29.4,+20.4,+18.1,+30.5,+24.7,+19.1,+19.2,+19.3,+19.5,+19.2,+19.2,+19.5
2024-02-06 14:34,3,+48.0,+29.4,+20.4,+18.1,+30.4,+24.7,+19.0,+19.2,+19.3,+19.5,+19.2,+19.3,+19.5
2024-02-06 15:34,3,+48.0,+29.4,+20.3,+18.1,+30.4,+24.7,+19.1,+19.2,+19.3,+19.5,+19.2,+19.2,+19.5
2024-02-06 16:34,3,+48.0,+29.3,+20.3,+17.9,+30.4,+24.7,+19.1,+19.3,+19.3,+19.5,+19.3,+19.3,+19.5
2024-02-06 17:34,3,+48.0,+29.3,+20.3,+18.0,+30.4,+24.6,+19.2,+19.3,+19.3,+19.5,+19.2,+19.2,+19.5
2024-02-06 18:34,3,+47.9,+29.3,+20.3,+18.1,+30.4,+24.7,+19.1,+19.3,+19.3,+19.5,+19.2,+19.3,+19.5
2024-02-06 19:34,3,+47.9,+29.3,+20.3,+17.9,+30.3,+24.6,+19.1,+19.2,+19.3,+19.5,+19.2,+19.3,+19.5
2024-02-06 20:34,3,+47.8,+29.3,+20.3,+18.1,+30.4,+24.7,+19.1,+19.3,+19.3,+19.5,+19.2,+19.2,+19.5
2024-02-06 21:34,3,+47.8,+29.3,+20.3,+17.9,+30.3,+24.6,+19.1,+19.3,+19.3,+19.5,+19.2,+19.2,+19.5
2024-02-06 22:34,3,+47.8,+29.3,+20.3,+18.1,+30.4,+24.7,+19.0,+19.3,+19.3,+19.6,+19.2,+19.3,+19.5
2024-02-06 23:34,3,+47.8,+29.2,+20.3,+17.9,+30.3,+24.6,+19.0,+19.3,+19.3,+19.6,+19.3,+19.3,+19.5
2024-02-07 00:34,3,+47.8,+29.2,+20.3,+17.9,+30.3,+24.6,+19.0,+19.3,+19.3,+19.6,+19.3,+19.3,+19.5
2024-02-07 01:34,3,+47.8,+29.2,+20.3,+18.1,+30.4,+24.7,+18.8,+19.2,+19.3,+19.5,+19.2,+19.3,+19.5
2024-02-07 02:34,3,+47.8,+29.2,+20.3,+18.1,+30.4,+24.7,+18.8,+19.3,+19.5,+19.5,+19.3,+19.3,+19.5
2024-02-07 03:34,3,+47.8,+29.2,+20.3,+18.1,+30.4,+24.7,+18.7,+19.3,+19.5,+19.5,+19.3,+19.3,+19.5
2024-02-07 04:34,3,+47.8,+29.2,+20.3,+17.9,+30.3,+24.6,+18.7,+19.2,+19.3,+19.6,+19.3,+19.3,+19.5
2024-02-07 05:34,3,+47.8,+29.2,+20.3,+18.1,+30.4,+24.7,+18.6,+19.2,+19.5,+19.5,+19.3,+19.3,+19.5
2024-02-07 06:34,3,+47.8,+29.2,+20.3,+17.9,+30.3,+24.6,+18.6,+19.2,+19.5,+19.6,+19.3,+19.3,+19.6
2024-02-07 07:34,3,+47.8,+29.2,+20.3,+18.1,+30.4,+24.7,+18.5,+19.2,+19.3,+19.6,+19.3,+19.3,+19.5
2024-02-07 08:34,3,+47.8,+29.2,+20.3,+17.9,+30.3,+24.6,+18.5,+19.1,+19.3,+19.6,+19.3,+19.3,+19.5
2024-02-07 09:34,3,+47.8,+29.2,+20.3,+17.9,+30.3,+24.6,+18.3,+19.1,+19.3,+19.6,+19.3,+19.3,+19.5
2024-02-07 10:34,3,+47.7,+29.1,+20.3,+17.9,+30.3,+24.6,+18.3,+19.1,+19.3,+19.6,+19.3,+19.3,+19.5
2024-02-07 11:34,3,+47.6,+29.0,+20.2,+18.0,+30.3,+24.7,+18.2,+19.1,+19.3,+19.6,+19.2,+19.3,+19.5
2024-02-07 12:34,3,+47.6,+28.9,+20.2,+18.0,+30.3,+24.6,+18.1,+19.0,+19.3,+19.6,+19.3,+19.3,+19.5
2024-02-07 13:34,3,+47.4,+28.9,+20.1,+17.9,+30.3,+24.6,+18.0,+19.0,+19.3,+19.6,+19.3,+19.3,+19.5
2024-02-07 14:34,3,+47.4,+28.8,+20.1,+18.0,+30.3,+24.6,+18.0,+19.0,+19.3,+19.6,+19.3,+19.3,+19.5
2024-02-07 15:34,3,+47.2,+28.7,+20.1,+17.9,+30.3,+24.6,+17.8,+18.8,+19.3,+19.6,+19.3,+19.3,+19.5
2024-02-07 16:34,3,+47.1,+28.6,+20.0,+17.9,+30.3,+24.6,+17.8,+18.8,+19.3,+19.6,+19.3,+19.3,+19.5
2024-02-07 17:34,3,+47.0,+28.5,+20.0,+17.9,+30.3,+24.6,+17.8,+18.7,+19.2,+19.6,+19.3,+19.3,+19.6
2024-02-07 18:34,3,+47.0,+28.5,+20.0,+17.9,+30.2,+24.6,+17.7,+18.7,+19.3,+19.6,+19.3,+19.3,+19.5
2024-02-07 19:34,3,+46.8,+28.5,+20.0,+17.8,+30.2,+24.5,+17.7,+18.7,+19.2,+19.6,+19.5,+19.3,+19.6
2024-02-07 20:34,3,+46.8,+28.5,+20.0,+17.8,+30.2,+24.6,+17.7,+18.7,+19.2,+19.6,+19.3,+19.3,+19.6
2024-02-07 21:34,3,+46.7,+28.4,+20.0,+17.9,+30.2,+24.6,+17.6,+18.6,+19.2,+19.6,+19.3,+19.3,+19.6
2024-02-07 22:34,3,+46.6,+28.4,+20.0,+17.8,+30.2,+24.5,+17.6,+18.6,+19.2,+19.6,+19.3,+19.3,+19.5
2024-02-07 23:34,3,+46.6,+28.4,+19.9,+17.8,+30.2,+24.5,+17.6,+18.5,+19.2,+19.6,+19.3,+19.3,+19.6
2024-02-08 00:34,3,+46.7,+28.4,+19.9,+17.9,+30.2,+24.6,+17.6,+18.5,+19.1,+19.6,+19.3,+19.3,+19.5
2024-02-08 01:34,3,+46.7,+28.4,+19.9,+17.9,+30.2,+24.6,+17.6,+18.5,+19.1,+19.5,+19.3,+19.3,+19.5
2024-02-08 02:34,3,+46.5,+28.4,+19.9,+17.9,+30.2,+24.6,+17.6,+18.5,+19.1,+19.5,+19.3,+19.3,+19.6
2024-02-08 03:34,3,+46.6,+28.3,+19.9,+17.8,+30.2,+24.5,+17.5,+18.5,+19.1,+19.5,+19.5,+19.3,+19.6
2024-02-08 04:34,3,+46.6,+28.3,+19.9,+17.8,+30.2,+24.5,+17.6,+18.5,+19.1,+19.6,+19.3,+19.3,+19.6
2024-02-08 05:34,3,+46.6,+28.3,+19.9,+17.8,+30.2,+24.5,+17.6,+18.5,+19.1,+19.5,+19.3,+19.3,+19.5
2024-02-08 06:34,3,+46.9,+28.5,+19.9,+17.9,+30.2,+24.6,+17.6,+18.5,+19.0,+19.5,+19.3,+19.3,+19.6
2024-02-08 07:34,3,+46.8,+28.7,+19.9,+17.9,+30.2,+24.6,+17.6,+18.3,+19.0,+19.5,+19.3,+19.3,+19.5
2024-02-08 08:34,3,+46.8,+28.8,+19.9,+17.8,+30.1,+24.5,+17.6,+18.5,+19.0,+19.5,+19.3,+19.3,+19.6
2024-02-08 09:34,3,+46.9,+28.7,+19.9,+17.9,+30.2,+24.6,+17.6,+18.3,+19.0,+19.5,+19.3,+19.3,+19.5
2024-02-08 10:34,3,+47.1,+28.7,+19.9,+17.9,+30.2,+24.6,+17.7,+18.3,+19.0,+19.5,+19.5,+19.3,+19.5
2024-02-08 11:34,3,+47.2,+28.8,+19.9,+17.9,+30.2,+24.6,+17.7,+18.3,+19.0,+19.5,+19.5,+19.3,+19.5
2024-02-08 12:34,3,+47.2,+28.7,+19.9,+17.8,+30.2,+24.5,+17.8,+18.3,+19.0,+19.5,+19.3,+19.3,+19.6
2024-02-08 13:34,3,+47.3,+28.8,+19.9,+17.8,+30.2,+24.5,+17.8,+18.3,+19.0,+19.5,+19.3,+19.3,+19.6
2024-02-08 14:34,3,+47.3,+28.8,+19.9,+17.9,+30.2,+24.6,+17.8,+18.5,+19.0,+19.5,+19.3,+19.3,+19.6
2024-02-08 15:34,3,+47.4,+28.8,+19.9,+17.9,+30.2,+24.6,+18.0,+18.5,+19.0,+19.5,+19.3,+19.3,+19.6
2024-02-08 16:34,3,+47.4,+28.7,+19.9,+17.8,+30.2,+24.5,+18.0,+18.5,+19.0,+19.5,+19.3,+19.3,+19.6
2024-02-08 17:34,3,+47.5,+28.8,+19.9,+17.8,+30.2,+24.5,+18.0,+18.5,+19.0,+19.5,+19.3,+19.3,+19.5
2024-02-08 18:34,3,+48.2,+28.8,+19.9,+17.9,+30.3,+24.6,+18.0,+18.5,+18.8,+19.5,+19.3,+19.3,+19.6
2024-02-08 19:34,3,+48.5,+28.8,+19.9,+17.9,+30.3,+24.6,+17.8,+18.5,+18.8,+19.5,+19.3,+19.3,+19.6
2024-02-08 20:34,3,+48.9,+28.8,+19.9,+17.9,+30.3,+24.6,+17.8,+18.5,+19.0,+19.5,+19.3,+19.3,+19.6
2024-02-08 21:34,3,+49.3,+28.8,+19.9,+17.9,+30.3,+24.6,+18.0,+18.5,+19.0,+19.5,+19.3,+19.3,+19.5
2024-02-08 22:34,3,+49.6,+28.9,+19.9,+17.9,+30.3,+24.6,+17.7,+18.5,+19.0,+19.5,+19.3,+19.3,+19.6
2024-02-08 23:34,3,+49.9,+29.0,+19.9,+17.9,+30.3,+24.6,+17.7,+18.5,+18.8,+19.5,+19.3,+19.3,+19.6
2024-02-09 00:34,3,+49.8,+29.4,+20.0,+17.9,+30.3,+24.6,+17.6,+18.3,+19.0,+19.3,+19.3,+19.3,+19.6
2024-02-09 01:34,3,+49.7,+29.6,+20.0,+17.9,+30.3,+24.6,+17.5,+18.3,+18.8,+19.3,+19.3,+19.3,+19.6
2024-02-09 02:34,3,+49.6,+29.8,+20.0,+17.8,+30.3,+24.5,+17.5,+18.5,+18.8,+19.5,+19.3,+19.3,+19.6
2024-02-09 03:34,3,+49.5,+29.9,+20.0,+17.8,+30.3,+24.5,+17.5,+18.3,+19.0,+19.3,+19.3,+19.3,+19.6
2024-02-09 04:34,3,+49.5,+29.9,+20.0,+17.9,+30.3,+24.6,+17.3,+18.3,+19.0,+19.5,+19.3,+19.3,+19.5
2024-02-09 05:34,3,+49.5,+30.0,+20.0,+17.8,+30.3,+24.5,+17.3,+18.3,+18.8,+19.3,+19.3,+19.3,+19.6
2024-02-09 06:34,3,+49.2,+30.0,+20.0,+17.8,+30.3,+24.5,+17.3,+18.2,+19.0,+19.3,+19.3,+19.3,+19.5
2024-02-09 07:34,3,+49.1,+30.1,+20.0,+17.9,+30.3,+24.6,+17.3,+18.2,+18.8,+19.3,+19.3,+19.3,+19.6
2024-02-09 08:34,3,+49.1,+30.1,+20.0,+17.9,+30.3,+24.6,+17.3,+18.2,+18.8,+19.3,+19.3,+19.3,+19.6
2024-02-09 09:34,3,+49.0,+30.0,+20.0,+17.9,+30.3,+24.6,+17.5,+18.2,+18.8,+19.3,+19.3,+19.3,+19.6
2024-02-09 10:34,3,+48.9,+30.0,+19.9,+17.9,+30.3,+24.6,+17.5,+18.2,+18.8,+19.3,+19.3,+19.3,+19.5
2024-02-09 11:34,3,+48.7,+29.9,+19.9,+17.8,+30.3,+24.5,+17.6,+18.2,+18.8,+19.3,+19.3,+19.3,+19.5
2024-02-09 12:34,3,+48.6,+29.9,+19.9,+17.9,+30.3,+24.6,+17.7,+18.2,+18.8,+19.3,+19.3,+19.3,+19.5
2024-02-09 13:34,3,+48.7,+29.9,+19.9,+17.9,+30.3,+24.6,+17.8,+18.2,+18.8,+19.3,+19.3,+19.3,+19.5
2024-02-09 14:34,3,+48.7,+29.9,+19.9,+17.8,+30.3,+24.5,+17.8,+18.2,+18.8,+19.3,+19.2,+19.2,+19.6
2024-02-09 15:34,3,+48.6,+29.9,+19.9,+17.9,+30.3,+24.5,+17.8,+18.2,+18.8,+19.3,+19.3,+19.3,+19.6
2024-02-09 16:34,3,+48.6,+29.8,+19.8,+17.7,+30.3,+24.5,+18.0,+18.3,+18.7,+19.3,+19.3,+19.3,+19.6
2024-02-09 17:34,3,+48.6,+29.8,+19.8,+17.9,+30.4,+24.5,+18.0,+18.3,+18.7,+19.3,+19.2,+19.3,+19.6
2024-02-09 18:34,3,+48.6,+29.8,+19.8,+17.9,+30.4,+24.5,+18.0,+18.5,+18.8,+19.3,+19.3,+19.3,+19.6
2024-02-09 19:34,3,+48.5,+29.8,+19.9,+17.9,+30.4,+24.5,+18.0,+18.5,+18.8,+19.3,+19.3,+19.3,+19.6
2024-02-09 20:34,3,+48.9,+29.9,+19.8,+17.8,+30.3,+24.5,+18.0,+18.3,+18.8,+19.3,+19.3,+19.3,+19.5
2024-02-09 21:34,3,+49.3,+29.8,+19.9,+17.9,+30.4,+24.5,+17.8,+18.3,+18.8,+19.3,+19.2,+19.3,+19.6
2024-02-09 22:34,3,+49.6,+29.9,+19.9,+17.9,+30.4,+24.5,+17.8,+18.3,+18.8,+19.3,+19.3,+19.3,+19.6
2024-02-09 23:34,3,+49.7,+30.1,+19.9,+17.9,+30.4,+24.5,+17.8,+18.3,+18.8,+19.3,+19.2,+19.3,+19.5
2024-02-10 00:34,3,+49.7,+30.2,+19.9,+17.8,+30.4,+24.5,+17.8,+18.3,+18.7,+19.3,+19.2,+19.3,+19.6
2024-02-10 01:34,3,+49.7,+30.4,+19.9,+17.8,+30.4,+24.5,+17.7,+18.3,+18.8,+19.3,+19.2,+19.3,+19.5
2024-02-10 02:34,3,+49.7,+30.6,+20.1,+17.8,+30.4,+24.5,+17.7,+18.5,+18.8,+19.3,+19.2,+19.3,+19.5
2024-02-10 03:34,3,+49.7,+30.6,+20.0,+18.3,+30.5,+24.5,+17.7,+18.3,+18.8,+19.3,+19.2,+19.3,+19.6
2024-02-10 04:34,3,+49.7,+30.6,+20.0,+17.8,+30.9,+24.5,+17.7,+18.3,+18.8,+19.3,+19.2,+19.3,+19.6
2024-02-10 05:34,3,+49.6,+30.6,+20.0,+17.8,+31.2,+24.6,+17.7,+18.3,+18.8,+19.3,+19.2,+19.2,+19.6
2024-02-10 06:34,3,+49.5,+30.7,+20.0,+17.8,+31.2,+24.6,+17.7,+18.3,+18.8,+19.3,+19.2,+19.3,+19.6
2024-02-10 07:34,3,+49.5,+30.7,+20.0,+17.8,+31.1,+24.5,+17.6,+18.3,+18.7,+19.2,+19.2,+19.3,+19.6
2024-02-10 08:34,3,+49.5,+30.7,+20.0,+17.8,+31.1,+24.6,+17.6,+18.3,+18.8,+19.2,+19.2,+19.3,+19.5
2024-02-10 09:34,3,+49.4,+30.8,+19.9,+17.8,+31.1,+24.5,+17.7,+18.3,+18.8,+19.3,+19.2,+19.2,+19.5
2024-02-10 10:34,3,+49.4,+30.7,+19.9,+18.1,+30.8,+24.5,+17.7,+18.3,+18.8,+19.3,+19.2,+19.3,+19.5
2024-02-10 11:34,3,+49.3,+30.7,+19.9,+18.2,+30.6,+24.5,+17.7,+18.3,+18.7,+19.3,+19.2,+19.2,+19.5
2024-02-10 12:34,3,+49.3,+30.7,+19.9,+17.9,+30.5,+24.5,+17.8,+18.3,+18.7,+19.2,+19.2,+19.2,+19.5
2024-02-10 13:34,3,+49.2,+30.6,+19.8,+17.9,+30.5,+24.5,+18.0,+18.3,+18.7,+19.2,+19.2,+19.3,+19.5
2024-02-10 14:34,3,+49.1,+30.6,+19.8,+18.0,+30.5,+24.5,+18.0,+18.3,+18.8,+19.3,+19.2,+19.3,+19.6
2024-02-10 15:34,3,+49.0,+30.6,+19.8,+18.0,+30.5,+24.5,+18.0,+18.3,+18.8,+19.3,+19.2,+19.3,+19.5
2024-02-10 16:34,3,+48.9,+30.5,+19.8,+17.9,+30.5,+24.5,+18.0,+18.3,+18.8,+19.3,+19.3,+19.2,+19.6
2024-02-10 17:34,3,+48.7,+30.5,+19.8,+17.9,+30.5,+24.5,+18.1,+18.3,+18.8,+19.3,+19.2,+19.2,+19.5
2024-02-10 18:34,3,+48.7,+30.5,+19.8,+17.7,+30.5,+24.5,+18.1,+18.5,+18.8,+19.3,+19.2,+19.3,+19.5
2024-02-10 19:34,3,+48.7,+30.5,+19.9,+17.7,+30.5,+24.5,+18.1,+18.5,+18.7,+19.2,+19.2,+19.2,+19.5
2024-02-10 20:34,3,+48.7,+30.5,+19.9,+17.7,+30.5,+24.5,+18.0,+18.5,+18.8,+19.3,+19.2,+19.3,+19.5
2024-02-10 21:34,3,+48.7,+30.5,+19.8,+17.6,+30.5,+24.5,+18.1,+18.5,+18.8,+19.2,+19.2,+19.3,+19.6
2024-02-10 22:34,3,+48.7,+30.5,+19.8,+17.6,+30.5,+24.5,+18.0,+18.5,+18.8,+19.2,+19.2,+19.3,+19.6
2024-02-10 23:34,3,+48.7,+30.5,+19.8,+17.6,+30.5,+24.5,+17.8,+18.5,+18.8,+19.2,+19.2,+19.2,+19.5
2024-02-11 00:34,3,+48.6,+30.4,+19.8,+17.7,+30.5,+24.5,+17.8,+18.5,+18.8,+19.3,+19.2,+19.2,+19.5
2024-02-11 01:34,3,+48.7,+30.4,+19.9,+17.7,+30.5,+24.5,+17.8,+18.5,+18.8,+19.3,+19.2,+19.2,+19.5
2024-02-11 02:34,3,+48.6,+30.4,+19.8,+17.6,+30.5,+24.5,+17.8,+18.3,+18.8,+19.2,+19.2,+19.2,+19.5
2024-02-11 03:34,3,+48.6,+30.4,+19.8,+17.7,+30.5,+24.5,+17.8,+18.5,+18.8,+19.2,+19.2,+19.2,+19.5
2024-02-11 04:34,3,+48.6,+30.4,+19.9,+17.6,+30.5,+24.5,+17.8,+18.3,+18.8,+19.2,+19.2,+19.3,+19.6
2024-02-11 05:34,3,+48.5,+30.4,+19.9,+17.7,+30.5,+24.5,+17.8,+18.3,+18.8,+19.3,+19.2,+19.3,+19.5
2024-02-11 06:34,3,+48.5,+30.4,+19.9,+17.6,+30.5,+24.5,+17.7,+18.3,+18.8,+19.3,+19.2,+19.2,+19.5
2024-02-11 07:34,3,+48.5,+30.4,+19.9,+17.7,+30.5,+24.5,+17.7,+18.3,+18.8,+19.2,+19.2,+19.3,+19.6
2024-02-11 08:34,3,+48.6,+30.3,+19.8,+17.7,+30.5,+24.5,+17.8,+18.3,+18.8,+19.2,+19.2,+19.2,+19.5
2024-02-11 09:34,3,+48.6,+30.3,+19.8,+17.6,+30.5,+24.5,+17.8,+18.3,+18.8,+19.2,+19.2,+19.2,+19.5
2024-02-11 10:34,3,+48.6,+30.2,+19.8,+17.7,+30.5,+24.5,+18.0,+18.3,+18.8,+19.2,+19.2,+19.3,+19.5
2024-02-11 11:34,3,+48.7,+30.1,+19.9,+17.6,+30.5,+24.4,+18.1,+18.5,+18.8,+19.2,+19.2,+19.3,+19.5
2024-02-11 12:34,3,+48.6,+30.1,+19.9,+17.7,+30.5,+24.5,+18.2,+18.5,+18.8,+19.2,+19.2,+19.2,+19.5
2024-02-11 13:34,3,+48.6,+30.0,+19.9,+17.7,+30.5,+24.4,+18.2,+18.5,+18.8,+19.2,+19.2,+19.2,+19.5
2024-02-11 14:34,3,+48.5,+29.9,+19.9,+17.7,+30.5,+24.5,+18.5,+18.6,+18.8,+19.3,+19.2,+19.2,+19.5
2024-02-11 15:34,3,+48.4,+29.8,+19.8,+17.6,+30.5,+24.4,+18.6,+18.6,+18.8,+19.2,+19.2,+19.2,+19.5
2024-02-11 16:34,3,+48.3,+29.8,+19.7,+17.7,+30.5,+24.4,+18.6,+18.6,+18.8,+19.2,+19.2,+19.2,+19.5
2024-02-11 17:34,3,+48.3,+29.7,+19.7,+17.5,+30.5,+24.4,+18.6,+18.6,+18.8,+19.2,+19.2,+19.2,+19.5
2024-02-11 18:34,3,+48.2,+29.7,+19.7,+17.5,+30.4,+24.4,+18.6,+18.7,+18.8,+19.3,+19.2,+19.2,+19.6
2024-02-11 19:34,3,+48.2,+29.7,+19.7,+17.5,+30.4,+24.4,+18.6,+18.7,+18.8,+19.2,+19.2,+19.2,+19.5
2024-02-11 20:34,3,+48.1,+29.7,+19.7,+17.7,+30.5,+24.4,+18.7,+18.7,+19.0,+19.3,+19.2,+19.2,+19.5
2024-02-11 21:34,3,+48.1,+29.7,+19.6,+17.5,+30.4,+24.4,+18.7,+18.8,+18.8,+19.2,+19.2,+19.2,+19.5
2024-02-11 22:34,3,+48.1,+29.7,+19.7,+17.6,+30.4,+24.4,+18.7,+18.8,+19.0,+19.3,+19.1,+19.2,+19.5
2024-02-11 23:34,3,+48.0,+29.7,+19.7,+17.9,+30.5,+24.4,+18.7,+18.8,+19.0,+19.3,+19.2,+19.2,+19.5
2024-02-12 00:34,3,+48.0,+29.7,+19.7,+18.3,+30.5,+24.4,+18.7,+18.8,+19.0,+19.3,+19.1,+19.2,+19.5
2024-02-12 01:34,3,+48.0,+29.7,+19.7,+18.3,+30.5,+24.4,+18.7,+19.0,+19.0,+19.2,+19.2,+19.2,+19.5
2024-02-12 02:34,3,+48.0,+29.7,+19.7,+18.2,+30.5,+24.4,+18.7,+18.8,+19.0,+19.2,+19.2,+19.2,+19.5
2024-02-12 03:34,3,+47.9,+29.7,+19.7,+18.0,+30.5,+24.4,+18.7,+18.8,+19.0,+19.3,+19.2,+19.3,+19.5
2024-02-12 04:34,3,+47.9,+29.7,+19.7,+18.0,+30.5,+24.5,+18.7,+18.8,+19.0,+19.2,+19.2,+19.2,+19.5
2024-02-12 05:34,3,+47.9,+29.6,+19.6,+18.0,+30.5,+24.4,+18.6,+19.0,+19.0,+19.3,+19.2,+19.2,+19.5
2024-02-12 06:34,3,+47.9,+29.6,+19.6,+17.9,+30.4,+24.4,+18.6,+19.0,+19.0,+19.3,+19.2,+19.2,+19.5
2024-02-12 07:34,3,+48.0,+29.6,+19.7,+18.0,+30.5,+24.5,+18.6,+18.8,+19.0,+19.3,+19.2,+19.2,+19.5
2024-02-12 08:34,3,+48.0,+29.6,+19.6,+18.0,+30.5,+24.4,+18.6,+18.8,+19.1,+19.3,+19.1,+19.2,+19.5
2024-02-12 09:34,3,+47.9,+29.5,+19.6,+17.9,+30.4,+24.4,+18.5,+18.8,+19.1,+19.3,+19.2,+19.2,+19.5
2024-02-12 10:34,3,+47.8,+29.4,+19.6,+17.9,+30.5,+24.4,+18.6,+19.0,+19.1,+19.3,+19.2,+19.2,+19.5
2024-02-12 11:34,3,+47.8,+29.3,+19.6,+17.9,+30.4,+24.4,+18.7,+18.8,+19.1,+19.3,+19.2,+19.2,+19.5
2024-02-12 12:34,3,+47.7,+29.2,+19.5,+18.0,+30.5,+24.4,+18.7,+19.0,+19.1,+19.3,+19.2,+19.2,+19.5
2024-02-12 13:34,3,+47.6,+29.1,+19.6,+18.0,+30.4,+24.4,+18.8,+19.0,+19.1,+19.3,+19.2,+19.2,+19.5
2024-02-12 14:34,3,+47.6,+29.1,+19.6,+17.9,+30.4,+24.4,+19.0,+19.0,+19.1,+19.5,+19.3,+19.2,+19.3
2024-02-12 15:34,3,+47.6,+29.0,+19.6,+17.9,+30.3,+24.3,+19.0,+19.1,+19.1,+19.3,+19.2,+19.2,+19.5
2024-02-12 16:34,3,+47.5,+29.0,+19.5,+18.0,+30.4,+24.4,+19.1,+19.1,+19.1,+19.3,+19.2,+19.2,+19.5
2024-02-12 17:34,3,+47.5,+28.9,+19.5,+18.0,+30.4,+24.4,+19.1,+19.1,+19.1,+19.5,+19.2,+19.3,+19.5
2024-02-12 18:34,3,+47.4,+28.9,+19.5,+18.0,+30.4,+24.4,+19.1,+19.1,+19.1,+19.3,+19.2,+19.3,+19.5
2024-02-12 19:34,3,+47.4,+28.9,+19.5,+17.9,+30.3,+24.3,+19.2,+19.2,+19.2,+19.3,+19.2,+19.2,+19.5
2024-02-12 20:34,3,+47.3,+28.9,+19.5,+17.9,+30.3,+24.3,+19.2,+19.2,+19.2,+19.3,+19.2,+19.2,+19.5
2024-02-12 21:34,3,+47.3,+28.9,+19.5,+17.9,+30.3,+24.3,+19.2,+19.2,+19.2,+19.5,+19.2,+19.2,+19.5
2024-02-12 22:34,3,+47.3,+28.9,+19.5,+18.0,+30.4,+24.4,+19.2,+19.2,+19.2,+19.3,+19.2,+19.2,+19.5
2024-02-12 23:34,3,+47.3,+28.9,+19.5,+17.9,+30.3,+24.3,+19.2,+19.3,+19.2,+19.5,+19.2,+19.2,+19.5
2024-02-13 00:34,3,+47.3,+28.9,+19.5,+17.9,+30.3,+24.3,+19.2,+19.2,+19.2,+19.5,+19.2,+19.2,+19.5
2024-02-13 01:34,3,+47.2,+28.9,+19.5,+17.9,+30.3,+24.3,+19.1,+19.3,+19.2,+19.5,+19.2,+19.2,+19.5
2024-02-13 02:34,3,+47.2,+28.9,+19.5,+17.9,+30.4,+24.4,+19.1,+19.3,+19.2,+19.5,+19.2,+19.2,+19.3
2024-02-13 03:34,3,+47.3,+28.9,+19.5,+17.9,+30.3,+24.4,+19.1,+19.3,+19.3,+19.5,+19.2,+19.2,+19.5
2024-02-13 04:34,3,+47.4,+28.9,+19.5,+18.0,+30.3,+24.4,+19.1,+19.3,+19.3,+19.3,+19.2,+19.2,+19.5
2024-02-13 05:34,3,+47.4,+28.9,+19.5,+17.9,+30.3,+24.3,+19.1,+19.3,+19.3,+19.5,+19.3,+19.2,+19.5
2024-02-13 06:34,3,+47.4,+28.9,+19.5,+17.9,+30.3,+24.4,+19.0,+19.3,+19.3,+19.5,+19.2,+19.3,+19.5
2024-02-13 07:34,3,+47.5,+28.9,+19.5,+17.9,+30.3,+24.3,+19.0,+19.2,+19.3,+19.5,+19.2,+19.3,+19.5
2024-02-13 08:34,3,+47.5,+28.9,+19.5,+17.8,+30.3,+24.3,+19.0,+19.3,+19.3,+19.5,+19.2,+19.2,+19.5
2024-02-13 09:34,3,+47.6,+28.9,+19.6,+17.9,+30.3,+24.4,+19.0,+19.2,+19.3,+19.5,+19.2,+19.2,+19.5
2024-02-13 10:34,3,+47.6,+28.9,+19.6,+17.9,+30.3,+24.3,+19.0,+19.3,+19.3,+19.5,+19.2,+19.2,+19.5
2024-02-13 11:34,3,+47.5,+28.9,+19.5,+17.9,+30.3,+24.4,+19.0,+19.3,+19.3,+19.5,+19.2,+19.3,+19.5
2024-02-13 12:34,3,+47.5,+28.9,+19.5,+17.9,+30.4,+24.3,+19.0,+19.3,+19.3,+19.5,+19.2,+19.3,+19.5
2024-02-13 13:34,3,+47.5,+28.9,+19.5,+17.9,+30.4,+24.4,+19.0,+19.3,+19.3,+19.5,+19.2,+19.2,+19.5
2024-02-13 14:34,3,+47.4,+28.8,+19.5,+17.8,+30.3,+24.3,+19.0,+19.3,+19.3,+19.5,+19.3,+19.3,+19.5
2024-02-13 15:34,3,+47.4,+28.8,+19.5,+17.8,+30.3,+24.3,+19.1,+19.3,+19.3,+19.5,+19.2,+19.2,+19.5
2024-02-13 16:34,3,+47.4,+28.7,+19.5,+17.8,+30.3,+24.3,+19.0,+19.3,+19.3,+19.6,+19.2,+19.3,+19.5
2024-02-13 17:34,3,+47.4,+28.7,+19.5,+17.8,+30.3,+24.3,+19.0,+19.3,+19.3,+19.6,+19.3,+19.3,+19.5
2024-02-13 18:34,3,+47.3,+28.7,+19.4,+17.8,+30.3,+24.3,+19.0,+19.3,+19.3,+19.5,+19.2,+19.3,+19.5
2024-02-13 19:34,3,+47.3,+28.6,+19.4,+17.9,+30.3,+24.3,+19.0,+19.3,+19.5,+19.6,+19.2,+19.3,+19.5
2024-02-13 20:34,3,+47.2,+28.7,+19.4,+17.8,+30.3,+24.3,+18.8,+19.3,+19.3,+19.6,+19.3,+19.3,+19.5
2024-02-13 21:34,3,+47.2,+28.6,+19.4,+17.9,+30.3,+24.3,+18.7,+19.2,+19.3,+19.6,+19.3,+19.2,+19.5
2024-02-13 22:34,3,+47.2,+28.6,+19.4,+17.9,+30.3,+24.3,+18.6,+19.3,+19.3,+19.6,+19.2,+19.3,+19.5
2024-02-13 23:34,3,+47.1,+28.6,+19.4,+17.8,+30.3,+24.3,+18.6,+19.2,+19.5,+19.5,+19.3,+19.3,+19.5
2024-02-14 00:34,3,+47.0,+28.5,+19.4,+17.8,+30.3,+24.3,+18.6,+19.2,+19.3,+19.6,+19.2,+19.3,+19.5
2024-02-14 01:34,3,+47.0,+28.6,+19.4,+17.8,+30.3,+24.3,+18.6,+19.2,+19.3,+19.6,+19.3,+19.3,+19.5
2024-02-14 02:34,3,+47.0,+28.5,+19.4,+17.9,+30.3,+24.3,+18.5,+19.1,+19.5,+19.5,+19.3,+19.3,+19.5
2024-02-14 03:34,3,+47.0,+28.5,+19.4,+17.9,+30.3,+24.3,+18.5,+19.1,+19.5,+19.6,+19.3,+19.3,+19.5
2024-02-14 04:34,3,+47.0,+28.5,+19.4,+17.9,+30.3,+24.3,+18.5,+19.1,+19.5,+19.6,+19.3,+19.3,+19.5
2024-02-14 05:34,3,+47.0,+28.5,+19.4,+17.9,+30.3,+24.3,+18.5,+19.1,+19.3,+19.5,+19.3,+19.3,+19.5
2024-02-14 06:34,3,+47.0,+28.5,+19.4,+18.0,+30.3,+24.3,+18.3,+19.1,+19.5,+19.5,+19.3,+19.3,+19.5
2024-02-14 07:34,3,+47.0,+28.5,+19.4,+18.0,+30.2,+24.3,+18.3,+19.1,+19.3,+19.6,+19.3,+19.3,+19.5
2024-02-14 08:34,3,+47.0,+28.5,+19.4,+17.9,+30.2,+24.3,+18.3,+19.0,+19.3,+19.6,+19.3,+19.3,+19.5
2024-02-14 09:34,3,+46.9,+28.5,+19.4,+17.9,+30.2,+24.3,+18.3,+19.0,+19.3,+19.6,+19.3,+19.3,+19.5
2024-02-14 10:34,3,+46.9,+28.4,+19.3,+17.9,+30.2,+24.3,+18.3,+19.0,+19.3,+19.6,+19.3,+19.3,+19.5
2024-02-14 11:34,3,+46.8,+28.4,+19.3,+17.9,+30.3,+24.3,+18.3,+19.0,+19.3,+19.6,+19.3,+19.3,+19.5
2024-02-14 12:34,3,+46.8,+28.3,+19.3,+17.8,+30.2,+24.3,+18.3,+19.0,+19.3,+19.6,+19.3,+19.3,+19.5
2024-02-14 13:34,3,+46.6,+28.3,+19.3,+18.1,+30.2,+24.3,+18.3,+19.0,+19.3,+19.6,+19.3,+19.3,+19.5
2024-02-14 14:34,3,+46.5,+28.2,+19.3,+17.9,+30.2,+24.3,+18.3,+19.0,+19.3,+19.6,+19.5,+19.3,+19.6
2024-02-14 15:34,3,+46.4,+28.1,+19.4,+17.9,+30.2,+24.3,+18.3,+19.0,+19.3,+19.6,+19.3,+19.3,+19.5
2024-02-14 16:34,3,+46.3,+28.0,+19.4,+17.7,+30.2,+24.3,+18.3,+19.0,+19.3,+19.6,+19.3,+19.3,+19.5
2024-02-14 17:34,3,+46.1,+27.9,+19.4,+17.8,+30.2,+24.3,+18.3,+18.8,+19.2,+19.6,+19.3,+19.3,+19.5
2024-02-14 18:34,3,+46.0,+27.8,+19.3,+17.7,+30.1,+24.3,+18.3,+19.0,+19.3,+19.6,+19.3,+19.3,+19.5
2024-02-14 19:34,3,+46.0,+27.8,+19.3,+17.7,+30.1,+24.3,+18.3,+19.0,+19.3,+19.6,+19.3,+19.3,+19.5
2024-02-14 20:34,3,+45.9,+27.8,+19.4,+17.8,+30.2,+24.3,+18.3,+18.8,+19.3,+19.6,+19.3,+19.3,+19.5
2024-02-14 21:34,3,+45.8,+27.8,+19.3,+17.7,+30.1,+24.3,+18.3,+18.8,+19.2,+19.5,+19.5,+19.3,+19.5
2024-02-14 22:34,3,+45.8,+27.8,+19.3,+17.7,+30.1,+24.3,+18.3,+18.8,+19.2,+19.6,+19.3,+19.3,+19.5
2024-02-14 23:34,3,+45.8,+27.8,+19.3,+17.8,+30.2,+24.3,+18.2,+18.8,+19.2,+19.6,+19.3,+19.3,+19.5
2024-02-15 00:34,3,+45.7,+27.8,+19.3,+17.7,+30.1,+24.3,+18.2,+18.8,+19.2,+19.6,+19.3,+19.3,+19.5
2024-02-15 01:34,3,+45.6,+27.8,+19.3,+17.7,+30.1,+24.3,+18.3,+19.0,+19.2,+19.5,+19.5,+19.3,+19.6
2024-02-15 02:34,3,+45.6,+27.8,+19.3,+17.7,+30.1,+24.3,+18.3,+18.8,+19.2,+19.6,+19.3,+19.3,+19.5
2024-02-15 03:34,3,+45.5,+27.8,+19.3,+17.7,+30.1,+24.3,+18.3,+18.8,+19.2,+19.6,+19.3,+19.3,+19.5
2024-02-15 04:34,3,+45.5,+27.8,+19.3,+17.7,+30.1,+24.3,+18.3,+18.8,+19.2,+19.6,+19.5,+19.3,+19.5
2024-02-15 05:34,3,+45.3,+27.8,+19.3,+17.8,+30.2,+24.3,+18.3,+18.8,+19.2,+19.6,+19.5,+19.3,+19.5
2024-02-15 06:34,3,+45.2,+27.8,+19.3,+17.7,+30.1,+24.3,+18.3,+18.8,+19.2,+19.5,+19.3,+19.3,+19.6
2024-02-15 07:34,3,+45.2,+27.8,+19.3,+17.8,+30.2,+24.3,+18.3,+18.8,+19.2,+19.5,+19.3,+19.3,+19.5
2024-02-15 08:34,3,+46.1,+27.8,+19.5,+17.7,+30.1,+24.3,+18.3,+18.8,+19.2,+19.5,+19.3,+19.3,+19.5
2024-02-15 09:34,3,+46.5,+27.8,+19.4,+17.7,+30.1,+24.3,+18.3,+19.0,+19.2,+19.6,+19.3,+19.5,+19.6
2024-02-15 10:34,3,+48.2,+27.8,+19.5,+17.8,+30.1,+24.3,+18.3,+18.8,+19.2,+19.6,+19.3,+19.3,+19.5
2024-02-15 11:34,3,+48.3,+27.8,+19.4,+17.7,+30.0,+24.3,+18.3,+18.8,+19.2,+19.6,+19.3,+19.3,+19.6
2024-02-15 12:34,3,+48.4,+27.8,+19.4,+17.7,+30.0,+24.3,+18.3,+18.8,+19.2,+19.6,+19.3,+19.3,+19.5
2024-02-15 13:34,3,+48.4,+27.8,+19.3,+17.7,+30.1,+24.3,+18.3,+18.8,+19.2,+19.5,+19.5,+19.3,+19.5
2024-02-15 14:34,3,+49.4,+27.9,+19.5,+17.8,+30.1,+24.3,+18.3,+18.8,+19.2,+19.5,+19.3,+19.3,+19.6
2024-02-15 15:34,3,+50.8,+30.7,+19.6,+17.8,+30.1,+24.3,+18.3,+18.8,+19.2,+19.6,+19.3,+19.3,+19.5
2024-02-15 16:34,3,+50.3,+31.4,+19.7,+17.7,+30.1,+24.3,+18.3,+18.8,+19.2,+19.6,+19.3,+19.3,+19.6
2024-02-15 17:34,3,+50.7,+31.9,+19.8,+17.7,+30.1,+24.3,+18.3,+18.8,+19.2,+19.5,+19.3,+19.3,+19.6
2024-02-15 18:34,3,+50.5,+32.7,+19.9,+17.7,+30.1,+24.3,+18.3,+18.8,+19.2,+19.6,+19.3,+19.3,+19.6
2024-02-15 19:34,3,+50.3,+33.0,+20.0,+17.7,+30.1,+24.3,+18.2,+18.8,+19.2,+19.5,+19.5,+19.3,+19.5
2024-02-15 20:34,3,+50.0,+33.0,+20.1,+17.8,+30.2,+24.3,+18.3,+18.8,+19.2,+19.5,+19.3,+19.3,+19.6
2024-02-15 21:34,3,+50.0,+32.9,+20.1,+17.8,+30.2,+24.3,+18.3,+18.8,+19.1,+19.5,+19.3,+19.3,+19.6
2024-02-15 22:34,3,+49.8,+32.8,+20.1,+17.7,+30.1,+24.3,+18.3,+18.8,+19.2,+19.6,+19.3,+19.3,+19.6
2024-02-15 23:34,3,+49.8,+32.8,+20.2,+17.8,+30.2,+24.3,+18.2,+18.8,+19.2,+19.5,+19.3,+19.3,+19.5
2024-02-16 00:34,3,+49.8,+32.7,+20.2,+17.8,+30.2,+24.3,+18.3,+18.8,+19.1,+19.5,+19.3,+19.3,+19.6
2024-02-16 01:34,3,+49.8,+32.7,+20.2,+17.8,+30.2,+24.3,+18.3,+18.8,+19.1,+19.5,+19.3,+19.3,+19.6
2024-02-16 02:34,3,+49.7,+32.6,+20.3,+17.7,+30.2,+24.3,+18.3,+18.8,+19.2,+19.5,+19.3,+19.3,+19.5
2024-02-16 03:34,3,+49.7,+32.6,+20.3,+17.7,+30.2,+24.3,+18.5,+18.8,+19.1,+19.5,+19.3,+19.3,+19.5
2024-02-16 04:34,3,+49.7,+32.5,+20.3,+17.9,+30.2,+24.3,+18.3,+18.8,+19.2,+19.5,+19.5,+19.5,+19.5
2024-02-16 05:34,3,+49.7,+32.5,+20.3,+17.9,+30.2,+24.3,+18.3,+18.8,+19.2,+19.5,+19.3,+19.3,+19.5
2024-02-16 06:34,3,+49.6,+32.5,+20.4,+17.8,+30.2,+24.3,+18.3,+18.8,+19.2,+19.6,+19.3,+19.3,+19.6
2024-02-16 07:34,3,+49.6,+32.9,+20.4,+17.9,+30.2,+24.3,+18.5,+18.8,+19.2,+19.5,+19.3,+19.5,+19.5
2024-02-16 08:34,3,+49.6,+32.9,+20.5,+17.8,+30.2,+24.3,+18.6,+18.8,+19.2,+19.5,+19.3,+19.3,+19.5
2024-02-16 09:34,3,+49.6,+32.8,+20.5,+17.9,+30.2,+24.3,+18.6,+18.8,+19.2,+19.5,+19.3,+19.3,+19.6
2024-02-16 10:34,3,+49.6,+32.8,+20.5,+17.9,+30.2,+24.3,+18.6,+18.8,+19.1,+19.5,+19.3,+19.3,+19.6
2024-02-16 11:34,3,+49.6,+32.8,+20.6,+17.8,+30.2,+24.3,+18.7,+18.8,+19.2,+19.5,+19.3,+19.3,+19.6
2024-02-16 12:34,3,+49.6,+32.7,+20.6,+17.8,+30.2,+24.3,+18.7,+19.0,+19.1,+19.5,+19.3,+19.3,+19.5
2024-02-16 13:34,3,+49.6,+32.7,+20.6,+17.8,+30.2,+24.3,+18.7,+19.0,+19.2,+19.5,+19.3,+19.3,+19.5
2024-02-16 14:34,3,+49.7,+32.6,+20.6,+17.8,+30.2,+24.3,+18.8,+19.0,+19.1,+19.5,+19.3,+19.3,+19.5
2024-02-16 15:34,3,+49.9,+32.7,+20.6,+17.9,+30.3,+24.3,+18.8,+19.0,+19.2,+19.5,+19.3,+19.3,+19.5
2024-02-16 16:34,3,+50.0,+32.7,+20.6,+18.0,+30.3,+24.3,+18.8,+19.0,+19.2,+19.5,+19.3,+19.3,+19.6
2024-02-16 17:34,3,+50.7,+32.9,+20.6,+17.9,+30.2,+24.3,+18.8,+19.1,+19.2,+19.6,+19.3,+19.3,+19.6
2024-02-16 18:34,3,+50.6,+33.3,+20.7,+17.9,+30.3,+24.3,+18.8,+19.1,+19.2,+19.5,+19.3,+19.3,+19.5
2024-02-16 19:34,3,+50.6,+33.7,+20.8,+18.0,+30.3,+24.3,+18.8,+19.1,+19.2,+19.5,+19.3,+19.3,+19.5
2024-02-16 20:34,3,+50.6,+33.9,+20.8,+17.9,+30.3,+24.3,+18.8,+19.1,+19.2,+19.5,+19.5,+19.3,+19.6
2024-02-16 21:34,3,+50.5,+34.1,+20.9,+18.0,+30.3,+24.3,+18.8,+19.1,+19.2,+19.5,+19.3,+19.3,+19.6
2024-02-16 22:34,3,+50.3,+33.9,+20.9,+17.9,+30.3,+24.3,+18.8,+19.1,+19.2,+19.5,+19.3,+19.3,+19.6
2024-02-16 23:34,3,+50.3,+33.8,+21.0,+18.0,+30.3,+24.3,+18.8,+19.1,+19.2,+19.5,+19.3,+19.3,+19.6
2024-02-17 00:34,3,+50.2,+33.8,+21.1,+17.9,+30.3,+24.3,+18.8,+19.1,+19.2,+19.5,+19.3,+19.3,+19.5
2024-02-17 01:34,3,+50.1,+33.7,+21.1,+18.1,+30.4,+24.3,+18.8,+19.1,+19.2,+19.5,+19.3,+19.5,+19.5
2024-02-17 02:34,3,+50.1,+33.6,+21.2,+17.9,+30.3,+24.3,+18.8,+19.2,+19.3,+19.5,+19.3,+19.3,+19.5
2024-02-17 03:34,3,+50.0,+33.6,+21.3,+18.0,+30.3,+24.3,+18.8,+19.2,+19.3,+19.5,+19.3,+19.3,+19.6
2024-02-17 04:34,3,+49.9,+33.5,+21.3,+18.1,+30.4,+24.4,+19.0,+19.2,+19.3,+19.6,+19.3,+19.3,+19.6
2024-02-17 05:34,3,+49.9,+33.4,+21.4,+18.0,+30.3,+24.3,+19.0,+19.2,+19.3,+19.6,+19.3,+19.3,+19.6
2024-02-17 06:34,3,+49.9,+33.3,+21.4,+18.1,+30.4,+24.4,+18.8,+19.2,+19.3,+19.5,+19.3,+19.3,+19.6
2024-02-17 07:34,3,+49.9,+33.3,+21.4,+18.2,+30.4,+24.4,+19.0,+19.2,+19.3,+19.5,+19.3,+19.3,+19.6
2024-02-17 08:34,3,+49.9,+33.2,+21.5,+18.1,+30.4,+24.4,+18.8,+19.2,+19.3,+19.6,+19.3,+19.3,+19.5
2024-02-17 09:34,3,+49.8,+33.2,+21.5,+18.2,+30.5,+24.4,+19.0,+19.2,+19.3,+19.6,+19.3,+19.3,+19.5
2024-02-17 10:34,3,+49.8,+33.1,+21.5,+18.2,+30.5,+24.4,+19.0,+19.2,+19.3,+19.6,+19.3,+19.3,+19.5
2024-02-17 11:34,3,+49.7,+33.0,+21.5,+18.1,+30.4,+24.3,+19.1,+19.2,+19.3,+19.6,+19.3,+19.5,+19.6
2024-02-17 12:34,3,+49.6,+32.9,+21.4,+18.2,+30.5,+24.4,+19.2,+19.2,+19.3,+19.6,+19.3,+19.5,+19.5
2024-02-17 13:34,3,+49.6,+32.8,+21.4,+18.3,+30.5,+24.4,+19.2,+19.3,+19.3,+19.6,+19.3,+19.3,+19.5
2024-02-17 14:34,3,+49.5,+32.7,+21.4,+18.1,+30.5,+24.4,+19.3,+19.3,+19.3,+19.6,+19.3,+19.3,+19.5
2024-02-17 15:34,3,+49.4,+32.6,+21.4,+18.3,+30.5,+24.4,+19.3,+19.3,+19.5,+19.6,+19.5,+19.3,+19.5
2024-02-17 16:34,3,+49.4,+32.6,+21.4,+18.3,+30.5,+24.4,+19.3,+19.5,+19.5,+19.6,+19.5,+19.5,+19.5
2024-02-17 17:34,3,+49.4,+32.5,+21.4,+18.3,+30.5,+24.4,+19.3,+19.5,+19.5,+19.6,+19.3,+19.5,+19.6
2024-02-17 18:34,3,+49.4,+32.5,+21.4,+18.2,+30.5,+24.4,+19.5,+19.5,+19.5,+19.6,+19.3,+19.3,+19.6
2024-02-17 19:34,3,+49.4,+32.4,+21.4,+18.2,+30.5,+24.4,+19.5,+19.5,+19.5,+19.6,+19.3,+19.5,+19.6
2024-02-17 20:34,3,+49.3,+32.4,+21.4,+18.3,+30.5,+24.4,+19.5,+19.5,+19.5,+19.6,+19.5,+19.3,+19.5
2024-02-17 21:34,3,+49.3,+32.6,+21.3,+18.2,+30.5,+24.4,+19.5,+19.5,+19.5,+19.7,+19.3,+19.3,+19.6
2024-02-17 22:34,3,+49.3,+32.3,+21.3,+18.3,+30.5,+24.4,+19.5,+19.6,+19.5,+19.6,+19.5,+19.3,+19.5
2024-02-17 23:34,3,+49.4,+32.3,+21.3,+18.3,+30.5,+24.4,+19.5,+19.6,+19.5,+19.6,+19.5,+19.3,+19.6
2024-02-18 00:34,3,+49.4,+32.3,+21.3,+18.3,+30.5,+24.5,+19.5,+19.6,+19.5,+19.6,+19.3,+19.5,+19.6
2024-02-18 01:34,3,+49.4,+32.3,+21.3,+18.3,+30.5,+24.4,+19.5,+19.6,+19.6,+19.7,+19.5,+19.3,+19.6
2024-02-18 02:34,3,+49.4,+32.3,+21.3,+18.2,+30.5,+24.4,+19.6,+19.6,+19.5,+19.6,+19.3,+19.3,+19.6
2024-02-18 03:34,3,+49.5,+32.3,+21.3,+18.3,+30.6,+24.5,+19.5,+19.7,+19.6,+19.6,+19.5,+19.3,+19.6
2024-02-18 04:34,3,+49.5,+32.3,+21.3,+18.2,+30.5,+24.5,+19.5,+19.6,+19.6,+19.7,+19.5,+19.3,+19.6
2024-02-18 05:34,3,+49.5,+32.3,+21.3,+18.3,+30.6,+24.5,+19.5,+19.7,+19.6,+19.6,+19.5,+19.5,+19.6
2024-02-18 06:34,3,+49.5,+32.2,+21.3,+18.3,+30.6,+24.5,+19.5,+19.7,+19.6,+19.7,+19.3,+19.5,+19.6
2024-02-18 07:34,3,+49.5,+32.2,+21.3,+18.4,+30.6,+24.5,+19.5,+19.7,+19.6,+19.7,+19.5,+19.5,+19.6
2024-02-18 08:34,3,+49.5,+32.2,+21.3,+18.2,+30.5,+24.5,+19.6,+19.7,+19.6,+19.7,+19.5,+19.3,+19.6
2024-02-18 09:34,3,+49.5,+32.2,+21.2,+18.2,+30.5,+24.5,+19.6,+19.7,+19.7,+19.7,+19.5,+19.3,+19.6
2024-02-18 10:34,3,+49.5,+32.1,+21.2,+18.3,+30.5,+24.5,+19.6,+19.7,+19.7,+19.7,+19.3,+19.5,+19.6
2024-02-18 11:34,3,+49.4,+32.1,+21.2,+18.3,+30.6,+24.5,+19.7,+19.7,+19.7,+19.7,+19.5,+19.5,+19.6
2024-02-18 12:34,3,+49.3,+32.0,+21.2,+18.3,+30.6,+24.5,+19.7,+19.7,+19.6,+19.7,+19.5,+19.5,+19.5
2024-02-18 13:34,3,+49.3,+32.0,+21.2,+18.3,+30.6,+24.5,+19.8,+19.7,+19.7,+19.7,+19.5,+19.5,+19.6
2024-02-18 14:34,3,+49.3,+31.9,+21.1,+18.3,+30.6,+24.5,+19.8,+19.8,+19.7,+19.7,+19.5,+19.5,+19.6
2024-02-18 15:34,3,+49.3,+31.9,+21.1,+18.2,+30.6,+24.5,+19.8,+19.8,+19.7,+19.7,+19.5,+19.5,+19.6
2024-02-18 16:34,3,+49.2,+31.9,+21.1,+18.3,+30.6,+24.5,+20.0,+19.8,+19.7,+19.8,+19.5,+19.5,+19.6
2024-02-18 17:34,3,+49.2,+31.8,+21.1,+18.3,+30.6,+24.5,+20.0,+19.8,+19.7,+19.7,+19.5,+19.5,+19.6
2024-02-18 18:34,3,+49.2,+31.8,+21.7,+18.2,+30.6,+24.5,+20.0,+20.0,+19.7,+19.8,+19.5,+19.5,+19.6
2024-02-18 19:34,3,+49.3,+31.8,+21.0,+18.3,+30.6,+24.5,+19.8,+19.8,+19.7,+19.8,+19.5,+19.5,+19.6
2024-02-18 20:34,3,+49.3,+31.8,+21.0,+18.2,+30.6,+24.5,+19.8,+19.8,+19.7,+19.8,+19.5,+19.5,+19.6
2024-02-18 21:34,3,+49.3,+31.8,+21.0,+18.3,+30.6,+24.5,+19.8,+20.0,+19.8,+19.8,+19.5,+19.5,+19.6
2024-02-18 22:34,3,+49.4,+31.8,+21.0,+18.2,+30.6,+24.5,+19.8,+20.0,+19.8,+19.7,+19.5,+19.5,+19.7
2024-02-18 23:34,3,+49.4,+31.8,+21.0,+18.3,+30.6,+24.5,+19.8,+20.0,+19.8,+19.8,+19.5,+19.5,+19.6
2024-02-19 00:34,3,+49.4,+31.8,+21.0,+18.2,+30.6,+24.5,+19.7,+20.0,+19.8,+19.8,+19.6,+19.5,+19.6
2024-02-19 01:34,3,+49.4,+31.8,+21.0,+18.3,+30.6,+24.5,+19.7,+20.0,+19.8,+19.8,+19.5,+19.5,+19.6
2024-02-19 02:34,3,+49.4,+31.8,+21.0,+18.3,+30.6,+24.5,+19.7,+20.0,+19.8,+19.8,+19.5,+19.5,+19.6
2024-02-19 03:34,3,+49.3,+31.8,+21.0,+18.2,+30.6,+24.5,+19.6,+20.0,+19.8,+19.8,+19.6,+19.5,+19.6
2024-02-19 04:34,3,+49.3,+31.8,+21.0,+18.4,+30.6,+24.5,+19.6,+20.0,+19.8,+19.8,+19.6,+19.5,+19.6
2024-02-19 05:34,3,+49.3,+31.7,+21.0,+18.3,+30.6,+24.5,+19.5,+20.0,+19.8,+19.8,+19.5,+19.6,+19.6
2024-02-19 06:34,3,+49.3,+31.7,+21.0,+18.3,+30.6,+24.5,+19.5,+20.0,+19.8,+19.8,+19.6,+19.5,+19.6
2024-02-19 07:34,3,+49.4,+31.7,+20.9,+18.2,+30.6,+24.5,+19.5,+19.8,+19.8,+19.8,+19.6,+19.5,+19.6
2024-02-19 08:34,3,+49.4,+31.7,+20.9,+18.3,+30.6,+24.5,+19.5,+19.8,+20.0,+20.0,+19.5,+19.5,+19.6
2024-02-19 09:34,3,+49.4,+31.7,+20.9,+18.4,+30.6,+24.5,+19.5,+19.8,+19.8,+19.8,+19.6,+19.5,+19.6
2024-02-19 10:34,3,+50.9,+31.8,+20.9,+18.3,+30.6,+24.6,+19.5,+19.8,+19.8,+20.0,+19.6,+19.6,+19.6
2024-02-19 11:34,3,+51.4,+32.3,+20.9,+18.3,+30.6,+24.6,+19.5,+19.8,+19.8,+20.0,+19.6,+19.6,+19.6
2024-02-19 12:34,3,+51.7,+35.1,+21.0,+18.4,+30.6,+24.6,+19.5,+19.8,+19.8,+19.8,+19.6,+19.6,+19.6
2024-02-19 13:34,3,+51.3,+36.2,+21.6,+18.3,+30.6,+24.6,+19.5,+19.7,+19.8,+20.0,+19.6,+19.6,+19.6
2024-02-19 14:34,3,+52.5,+36.6,+22.8,+18.3,+30.6,+24.5,+19.5,+19.8,+19.8,+20.0,+19.6,+19.5,+19.6
2024-02-19 15:34,3,+52.0,+37.5,+27.4,+18.3,+30.6,+24.5,+19.5,+19.7,+19.8,+20.0,+19.7,+19.6,+19.6
2024-02-19 16:34,3,+52.6,+38.2,+28.9,+18.8,+30.7,+24.6,+19.3,+19.7,+19.8,+20.0,+19.6,+19.6,+19.6
2024-02-19 17:34,3,+52.7,+38.8,+30.6,+19.8,+30.8,+24.6,+19.3,+19.7,+19.8,+20.0,+19.6,+19.6,+19.6
2024-02-19 18:34,3,+52.7,+37.9,+28.3,+20.9,+31.6,+24.6,+19.3,+19.7,+19.8,+20.0,+19.7,+19.6,+19.7
2024-02-19 19:34,3,+52.7,+38.9,+30.2,+21.3,+32.3,+25.1,+19.2,+19.7,+19.8,+20.0,+19.7,+19.6,+19.7
2024-02-19 20:34,3,+52.7,+39.0,+30.0,+21.4,+32.7,+25.8,+19.2,+19.7,+19.8,+20.0,+19.7,+19.6,+19.6
2024-02-19 21:34,3,+53.0,+39.4,+31.1,+21.8,+33.2,+26.4,+19.1,+19.6,+19.8,+20.1,+19.7,+19.7,+19.7
2024-02-19 22:34,3,+52.2,+37.9,+28.6,+21.8,+33.3,+26.6,+19.2,+19.6,+19.8,+20.0,+19.7,+19.6,+19.7
2024-02-19 23:34,3,+52.0,+37.2,+27.2,+21.5,+33.1,+26.5,+19.1,+19.6,+19.8,+20.0,+19.7,+19.7,+19.7
2024-02-20 00:34,3,+52.6,+37.3,+26.7,+21.1,+32.9,+26.4,+19.1,+19.6,+19.8,+20.0,+19.7,+19.7,+19.7
2024-02-20 01:34,3,+52.9,+38.8,+28.2,+21.3,+32.9,+26.4,+19.0,+19.5,+19.7,+20.0,+19.7,+19.7,+19.7
2024-02-20 02:34,3,+53.1,+39.2,+31.1,+22.4,+33.3,+26.6,+19.0,+19.3,+19.7,+20.0,+19.7,+19.7,+19.7
2024-02-20 03:34,3,+52.9,+38.3,+28.6,+21.9,+33.3,+26.7,+18.8,+19.3,+19.7,+20.0,+19.7,+19.7,+19.7
2024-02-20 04:34,3,+53.3,+39.6,+29.7,+21.9,+33.3,+26.7,+18.7,+19.3,+19.7,+20.0,+19.8,+19.7,+19.7
2024-02-20 05:34,3,+53.3,+39.8,+31.0,+22.0,+33.4,+26.7,+18.3,+19.2,+19.6,+20.0,+19.7,+19.7,+19.7
2024-02-20 06:34,3,+53.2,+39.3,+30.0,+22.2,+33.5,+26.9,+18.2,+19.1,+19.6,+20.0,+19.7,+19.7,+19.8
2024-02-20 07:34,3,+53.2,+39.0,+30.2,+22.1,+33.5,+26.9,+18.0,+18.8,+19.5,+20.0,+19.8,+19.7,+19.8
2024-02-20 08:34,3,+53.3,+39.5,+29.6,+22.0,+33.4,+26.8,+17.8,+18.7,+19.5,+20.0,+19.8,+19.7,+19.7
2024-02-20 09:34,3,+53.0,+38.9,+29.2,+22.0,+33.4,+26.8,+17.7,+18.7,+19.5,+19.8,+19.8,+19.7,+19.8
2024-02-20 10:34,3,+52.8,+38.3,+28.1,+21.9,+33.3,+26.7,+17.7,+18.6,+19.3,+19.8,+19.8,+19.7,+19.8
2024-02-20 11:34,3,+52.6,+37.9,+28.3,+21.7,+33.2,+26.6,+17.7,+18.6,+19.3,+19.8,+19.7,+19.7,+19.8
2024-02-20 12:34,3,+52.8,+38.0,+27.9,+21.5,+33.1,+26.5,+17.7,+18.6,+19.2,+19.8,+19.7,+19.7,+19.8
2024-02-20 13:34,3,+53.0,+38.3,+28.1,+21.6,+33.1,+26.5,+17.7,+18.5,+19.2,+19.7,+19.7,+19.7,+19.8
2024-02-20 14:34,3,+52.9,+38.5,+28.7,+21.5,+33.0,+26.5,+17.7,+18.5,+19.2,+19.8,+19.8,+19.7,+19.8
2024-02-20 15:34,3,+53.0,+38.6,+28.5,+21.6,+33.1,+26.5,+17.8,+18.5,+19.1,+19.8,+19.7,+19.7,+19.8
2024-02-20 16:34,3,+52.9,+38.4,+28.4,+21.6,+33.1,+26.5,+18.0,+18.5,+19.1,+19.7,+19.7,+19.7,+19.8
2024-02-20 17:34,3,+53.5,+39.8,+30.4,+21.8,+33.2,+26.6,+18.0,+18.5,+19.0,+19.7,+19.7,+19.7,+19.8
2024-02-20 18:34,3,+53.7,+40.5,+32.4,+22.1,+33.3,+26.7,+17.8,+18.3,+19.0,+19.6,+19.6,+19.7,+19.8
2024-02-20 19:34,3,+53.5,+39.8,+31.6,+22.5,+33.7,+27.0,+17.7,+18.2,+18.8,+19.5,+19.6,+19.7,+19.8
2024-02-20 20:34,3,+53.5,+39.9,+31.3,+22.3,+33.6,+26.9,+17.6,+18.2,+18.7,+19.5,+19.6,+19.6,+19.8
2024-02-20 21:34,3,+53.8,+40.4,+31.4,+22.0,+33.5,+26.9,+17.6,+18.2,+18.7,+19.3,+19.6,+19.6,+19.8
2024-02-20 22:34,3,+53.6,+39.7,+31.1,+22.8,+34.0,+27.2,+17.5,+18.1,+18.6,+19.3,+19.5,+19.6,+19.8
2024-02-20 23:34,3,+53.9,+40.7,+32.8,+22.6,+33.9,+27.2,+17.3,+18.0,+18.5,+19.1,+19.5,+19.5,+19.8
2024-02-21 00:34,3,+54.0,+40.8,+33.3,+23.2,+34.4,+27.6,+17.0,+17.7,+18.3,+19.0,+19.2,+19.5,+19.8
2024-02-21 01:34,3,+54.1,+40.9,+33.4,+22.9,+34.3,+27.5,+16.8,+17.6,+18.1,+18.8,+19.1,+19.3,+19.7
2024-02-21 02:34,3,+53.8,+39.7,+30.7,+22.7,+34.2,+27.5,+16.5,+17.3,+18.0,+18.8,+19.0,+19.2,+19.7
2024-02-21 03:34,3,+53.5,+39.4,+30.2,+22.6,+34.0,+27.3,+16.5,+17.2,+18.0,+18.7,+19.0,+19.1,+19.6
2024-02-21 04:34,3,+53.4,+39.1,+29.4,+22.2,+33.7,+27.0,+16.5,+17.2,+17.8,+18.7,+19.0,+19.1,+19.6
2024-02-21 05:34,3,+53.6,+39.8,+30.8,+22.5,+33.7,+27.0,+16.3,+17.1,+17.8,+18.6,+19.0,+19.1,+19.6
2024-02-21 06:34,3,+53.9,+40.6,+32.4,+22.5,+33.7,+27.1,+16.3,+17.0,+17.7,+18.5,+18.8,+19.1,+19.6
2024-02-21 07:34,3,+53.8,+40.2,+31.4,+22.6,+33.9,+27.2,+16.2,+16.8,+17.6,+18.5,+18.7,+19.0,+19.3
2024-02-21 08:34,3,+53.5,+39.2,+29.8,+22.5,+33.8,+27.2,+16.2,+16.8,+17.5,+18.3,+18.6,+18.8,+19.5
2024-02-21 09:34,3,+53.1,+38.7,+29.0,+22.2,+33.6,+27.0,+16.2,+16.8,+17.5,+18.3,+18.6,+18.7,+19.2
2024-02-21 10:34,3,+53.2,+38.6,+28.4,+21.9,+33.4,+26.8,+16.3,+16.8,+17.3,+18.3,+18.6,+18.8,+19.3
2024-02-21 11:34,3,+52.9,+38.2,+28.1,+22.0,+33.3,+26.7,+16.3,+16.8,+17.3,+18.3,+18.6,+18.7,+19.3
2024-02-21 12:34,3,+52.6,+37.6,+27.5,+21.8,+33.2,+26.7,+16.5,+16.8,+17.5,+18.2,+18.6,+18.7,+19.2
2024-02-21 13:34,3,+52.6,+37.4,+27.1,+21.5,+33.1,+26.6,+16.5,+16.8,+17.3,+18.2,+18.5,+18.7,+19.2
2024-02-21 14:34,3,+52.6,+37.3,+26.8,+21.4,+33.0,+26.5,+16.6,+16.8,+17.3,+18.2,+18.5,+18.6,+19.2
2024-02-21 15:34,3,+52.5,+37.2,+26.6,+21.4,+33.0,+26.4,+16.6,+17.0,+17.5,+18.2,+18.6,+18.7,+19.2
2024-02-21 16:34,3,+52.3,+37.0,+26.4,+21.3,+32.9,+26.4,+16.6,+17.0,+17.5,+18.2,+18.6,+18.6,+19.2
2024-02-21 17:34,3,+52.1,+36.7,+26.2,+21.2,+32.8,+26.4,+16.6,+17.1,+17.5,+18.2,+18.5,+18.7,+19.2
2024-02-21 18:34,3,+51.8,+36.4,+26.0,+21.3,+32.8,+26.4,+16.6,+17.1,+17.3,+18.2,+18.5,+18.6,+19.2
2024-02-21 19:34,3,+51.6,+36.1,+25.7,+21.2,+32.8,+26.3,+16.6,+17.1,+17.5,+18.2,+18.5,+18.6,+19.1
2024-02-21 20:34,3,+51.5,+36.0,+25.6,+21.0,+32.7,+26.2,+16.6,+17.1,+17.5,+18.2,+18.5,+18.6,+19.1
2024-02-21 21:34,3,+51.4,+35.8,+25.4,+21.0,+32.6,+26.2,+16.5,+17.1,+17.5,+18.2,+18.5,+18.6,+19.1
2024-02-21 22:34,3,+51.3,+35.7,+25.3,+20.9,+32.6,+26.2,+16.5,+17.1,+17.5,+18.2,+18.5,+18.6,+19.1
2024-02-21 23:34,3,+51.1,+35.5,+25.1,+20.8,+32.5,+26.1,+16.5,+17.1,+17.6,+18.2,+18.5,+18.6,+19.1
2024-02-22 00:34,3,+51.1,+35.4,+25.0,+20.9,+32.6,+26.1,+16.5,+17.1,+17.5,+18.3,+18.5,+18.6,+19.1
2024-02-22 01:34,3,+51.0,+35.3,+24.9,+20.9,+32.5,+26.1,+16.6,+17.1,+17.6,+18.2,+18.5,+18.6,+19.1
2024-02-22 02:34,3,+51.0,+35.2,+24.8,+20.8,+32.5,+26.1,+16.6,+17.1,+17.6,+18.2,+18.5,+18.6,+19.1
2024-02-22 03:34,3,+51.0,+35.1,+24.7,+20.7,+32.4,+26.0,+16.6,+17.1,+17.6,+18.3,+18.5,+18.6,+19.1
2024-02-22 04:34,3,+51.4,+35.0,+24.6,+20.6,+32.4,+26.0,+16.5,+17.1,+17.6,+18.3,+18.5,+18.6,+19.1
2024-02-22 05:34,3,+51.6,+35.3,+24.6,+20.7,+32.4,+26.0,+16.3,+17.1,+17.6,+18.3,+18.5,+18.6,+19.1
2024-02-22 06:34,3,+51.5,+35.5,+24.6,+20.7,+32.4,+26.0,+16.3,+17.1,+17.6,+18.2,+18.5,+18.6,+19.1
2024-02-22 07:34,3,+51.4,+35.6,+24.6,+20.6,+32.3,+26.0,+16.2,+17.1,+17.6,+18.2,+18.5,+18.6,+19.1
2024-02-22 08:34,3,+51.3,+35.5,+24.6,+20.6,+32.3,+26.0,+16.2,+17.1,+17.6,+18.3,+18.5,+18.6,+19.0
2024-02-22 09:34,3,+51.0,+35.4,+24.6,+20.6,+32.3,+26.0,+16.1,+17.0,+17.6,+18.3,+18.5,+18.6,+19.1
2024-02-22 10:34,3,+50.9,+35.3,+24.6,+20.8,+32.3,+26.0,+16.2,+17.0,+17.6,+18.3,+18.5,+18.6,+19.0
2024-02-22 11:34,3,+50.9,+35.1,+24.5,+20.6,+32.3,+25.9,+16.2,+17.0,+17.6,+18.3,+18.5,+18.6,+19.0
2024-02-22 12:34,3,+50.8,+35.0,+24.5,+20.6,+32.3,+25.9,+16.2,+17.0,+17.6,+18.3,+18.5,+18.6,+19.1
2024-02-22 13:34,3,+50.7,+34.8,+24.4,+20.6,+32.3,+25.9,+16.3,+17.0,+17.6,+18.3,+18.5,+18.6,+19.0
2024-02-22 14:34,3,+50.6,+34.7,+24.3,+20.6,+32.3,+25.9,+16.5,+17.1,+17.6,+18.3,+18.5,+18.6,+19.0
2024-02-22 15:34,3,+50.7,+34.6,+24.2,+20.6,+32.3,+25.9,+16.5,+17.1,+17.6,+18.3,+18.5,+18.6,+19.1
2024-02-22 16:34,3,+50.6,+34.5,+24.1,+20.6,+32.3,+25.9,+16.7,+17.0,+17.6,+18.3,+18.5,+18.6,+19.0
2024-02-22 17:34,3,+50.7,+34.4,+24.1,+20.6,+32.3,+25.9,+16.6,+17.1,+17.6,+18.3,+18.5,+18.6,+19.1
2024-02-22 18:34,3,+50.6,+34.3,+24.0,+20.5,+32.2,+25.9,+16.7,+17.1,+17.6,+18.3,+18.5,+18.6,+19.0
2024-02-22 19:34,3,+50.6,+34.2,+23.9,+20.5,+32.2,+25.9,+16.7,+17.1,+17.6,+18.3,+18.5,+18.6,+19.0
2024-02-22 20:34,3,+50.5,+34.2,+23.9,+20.6,+32.2,+25.9,+16.7,+17.1,+17.6,+18.3,+18.6,+18.6,+19.0
2024-02-22 21:34,3,+50.4,+34.1,+23.8,+20.4,+32.1,+25.8,+16.7,+17.1,+17.6,+18.3,+18.5,+18.6,+19.1
2024-02-22 22:34,3,+50.3,+34.1,+23.8,+20.5,+32.2,+25.9,+16.6,+17.1,+17.6,+18.3,+18.5,+18.6,+19.0
2024-02-22 23:34,3,+50.3,+34.0,+23.7,+20.4,+32.1,+25.8,+16.6,+17.2,+17.6,+18.3,+18.5,+18.6,+19.0
2024-02-23 00:34,3,+50.2,+34.0,+23.8,+20.4,+32.1,+25.8,+16.6,+17.2,+17.7,+18.3,+18.5,+18.6,+19.0
2024-02-23 01:34,3,+50.3,+33.9,+24.3,+20.5,+32.1,+25.8,+16.6,+17.2,+17.7,+18.3,+18.5,+18.6,+19.1
2024-02-23 02:34,3,+50.3,+33.9,+24.0,+20.3,+32.1,+25.8,+16.6,+17.2,+17.7,+18.3,+18.5,+18.6,+19.0
2024-02-23 03:34,3,+50.3,+33.9,+23.9,+20.5,+32.1,+25.8,+16.6,+17.1,+17.7,+18.3,+18.5,+18.5,+19.0
2024-02-23 04:34,3,+50.2,+33.8,+23.8,+20.3,+32.0,+25.8,+16.6,+17.2,+17.7,+18.3,+18.5,+18.5,+19.1
2024-02-23 05:34,3,+50.2,+33.8,+23.9,+20.3,+32.0,+25.8,+16.5,+17.2,+17.7,+18.3,+18.5,+18.6,+19.1
2024-02-23 06:34,3,+50.3,+33.8,+23.8,+20.4,+32.0,+25.8,+16.6,+17.2,+17.7,+18.3,+18.5,+18.6,+19.0
2024-02-23 07:34,3,+50.3,+33.8,+23.3,+20.4,+32.0,+25.8,+16.5,+17.2,+17.7,+18.3,+18.5,+18.6,+19.0
2024-02-23 08:34,3,+50.3,+33.8,+23.3,+20.3,+32.0,+25.8,+16.6,+17.2,+17.7,+18.3,+18.5,+18.6,+19.0
2024-02-23 09:34,3,+50.3,+33.7,+23.2,+20.2,+32.0,+25.7,+16.6,+17.2,+17.7,+18.3,+18.6,+18.6,+19.0
2024-02-23 10:34,3,+50.3,+33.7,+23.1,+20.3,+32.0,+25.7,+16.7,+17.2,+17.7,+18.3,+18.6,+18.6,+19.0
2024-02-23 11:34,3,+50.2,+33.6,+23.1,+20.1,+32.0,+25.7,+16.8,+17.2,+17.7,+18.3,+18.6,+18.6,+19.0
2024-02-23 12:34,3,+50.2,+33.5,+23.0,+20.2,+32.0,+25.7,+17.0,+17.3,+17.7,+18.5,+18.5,+18.6,+19.0
2024-02-23 13:34,3,+50.1,+33.5,+23.0,+20.1,+31.9,+25.7,+17.1,+17.2,+17.7,+18.5,+18.5,+18.6,+19.0
2024-02-23 14:34,3,+50.1,+33.4,+22.9,+20.2,+32.0,+25.7,+17.2,+17.3,+17.7,+18.5,+18.5,+18.6,+19.0
2024-02-23 15:34,3,+50.0,+33.3,+22.8,+20.1,+31.9,+25.7,+17.2,+17.3,+17.7,+18.3,+18.5,+18.6,+19.0
2024-02-23 16:34,3,+49.9,+33.3,+22.8,+20.1,+31.9,+25.7,+17.3,+17.3,+17.7,+18.3,+18.5,+18.6,+19.0
2024-02-23 17:34,3,+49.9,+33.3,+22.8,+20.1,+31.9,+25.6,+17.3,+17.5,+17.7,+18.3,+18.5,+18.6,+19.0
2024-02-23 18:34,3,+49.9,+33.2,+22.7,+20.0,+31.9,+25.6,+17.3,+17.5,+17.7,+18.5,+18.5,+18.6,+19.0
2024-02-23 19:34,3,+49.9,+33.2,+22.7,+20.1,+31.9,+25.6,+17.5,+17.6,+17.7,+18.5,+18.5,+18.6,+19.1
2024-02-23 20:34,3,+49.9,+33.2,+22.7,+20.1,+31.9,+25.7,+17.3,+17.6,+17.8,+18.5,+18.5,+18.6,+19.0
2024-02-23 21:34,3,+49.9,+33.2,+22.7,+20.1,+31.9,+25.6,+17.5,+17.6,+17.8,+18.5,+18.5,+18.6,+19.0
2024-02-23 22:34,3,+49.9,+33.2,+22.7,+20.1,+31.9,+25.6,+17.5,+17.6,+17.8,+18.5,+18.5,+18.6,+19.0
2024-02-23 23:34,3,+49.9,+33.2,+22.7,+20.1,+31.9,+25.6,+17.5,+17.7,+17.8,+18.5,+18.5,+18.6,+19.1
2024-02-24 00:34,3,+49.9,+33.2,+22.7,+20.1,+31.9,+25.6,+17.5,+17.7,+18.0,+18.5,+18.6,+18.6,+19.0
2024-02-24 01:34,3,+50.0,+33.2,+22.6,+19.9,+31.8,+25.6,+17.5,+17.7,+18.0,+18.5,+18.6,+18.6,+19.0
2024-02-24 02:34,3,+50.0,+33.2,+22.6,+20.0,+31.8,+25.6,+17.5,+17.7,+17.8,+18.5,+18.6,+18.6,+19.0
2024-02-24 03:34,3,+50.0,+33.2,+22.6,+19.9,+31.8,+25.6,+17.5,+17.7,+18.0,+18.5,+18.5,+18.6,+19.0
2024-02-24 04:34,3,+50.1,+33.1,+22.6,+20.0,+31.8,+25.6,+17.5,+17.7,+18.0,+18.5,+18.6,+18.6,+19.0
2024-02-24 05:34,3,+50.1,+33.1,+22.6,+19.9,+31.8,+25.6,+17.5,+17.7,+18.0,+18.5,+18.5,+18.6,+19.0
2024-02-24 06:34,3,+50.1,+33.1,+22.6,+20.0,+31.8,+25.6,+17.3,+17.8,+18.0,+18.5,+18.5,+18.6,+19.1
2024-02-24 07:34,3,+50.1,+33.1,+22.5,+19.9,+31.8,+25.6,+17.5,+17.7,+18.0,+18.5,+18.5,+18.6,+19.0
2024-02-24 08:34,3,+50.1,+33.1,+22.5,+19.8,+31.8,+25.6,+17.5,+17.7,+18.0,+18.5,+18.6,+18.6,+19.0
2024-02-24 09:34,3,+50.0,+33.0,+22.5,+19.9,+31.8,+25.6,+17.5,+17.7,+18.1,+18.5,+18.5,+18.7,+19.0
2024-02-24 10:34,3,+49.9,+33.0,+22.4,+19.8,+31.7,+25.5,+17.6,+17.8,+18.1,+18.5,+18.6,+18.6,+19.0
2024-02-24 11:34,3,+49.9,+32.9,+22.4,+19.9,+31.8,+25.6,+17.6,+17.8,+18.1,+18.5,+18.6,+18.6,+19.0
2024-02-24 12:34,3,+49.7,+32.8,+22.3,+19.7,+31.7,+25.5,+17.6,+17.8,+18.1,+18.5,+18.6,+18.7,+19.0
2024-02-24 13:34,3,+49.6,+32.9,+22.3,+19.7,+31.7,+25.5,+17.7,+17.8,+18.1,+18.6,+18.6,+18.6,+19.0
2024-02-24 14:34,3,+49.5,+32.7,+22.2,+19.8,+31.7,+25.5,+17.7,+18.0,+18.0,+18.6,+18.6,+18.6,+19.0
2024-02-24 15:34,3,+49.4,+32.7,+22.1,+19.7,+31.7,+25.5,+17.7,+18.0,+18.1,+18.6,+18.6,+18.7,+19.0
2024-02-24 16:34,3,+49.3,+32.6,+22.1,+19.7,+31.7,+25.5,+17.7,+18.0,+18.2,+18.6,+18.6,+18.7,+19.1
2024-02-24 17:34,3,+49.3,+32.6,+22.1,+19.8,+31.7,+25.5,+17.7,+18.0,+18.1,+18.6,+18.6,+18.6,+19.0
2024-02-24 18:34,3,+49.3,+32.5,+22.0,+19.7,+31.6,+25.5,+17.7,+18.0,+18.1,+18.6,+18.6,+18.7,+19.1
2024-02-24 19:34,3,+49.3,+32.5,+22.0,+19.7,+31.6,+25.5,+17.7,+18.0,+18.1,+18.6,+18.6,+18.6,+19.0
2024-02-24 20:34,3,+49.2,+32.5,+22.0,+19.7,+31.6,+25.5,+17.7,+18.0,+18.2,+18.6,+18.6,+18.7,+19.0
2024-02-24 21:34,3,+49.2,+32.5,+22.0,+19.8,+31.6,+25.5,+17.7,+18.0,+18.2,+18.6,+18.6,+18.6,+19.0
2024-02-24 22:34,3,+49.2,+32.5,+22.0,+19.7,+31.6,+25.5,+17.7,+18.0,+18.2,+18.6,+18.6,+18.7,+19.0
2024-02-24 23:34,3,+49.2,+32.5,+22.0,+19.7,+31.6,+25.5,+17.6,+18.0,+18.2,+18.6,+18.6,+18.7,+19.0
2024-02-25 00:34,3,+49.2,+32.5,+22.0,+19.6,+31.6,+25.5,+17.6,+18.0,+18.2,+18.6,+18.6,+18.7,+19.0
2024-02-25 01:34,3,+49.2,+32.4,+22.0,+19.7,+31.6,+25.5,+17.6,+18.0,+18.2,+18.6,+18.6,+18.7,+19.0
2024-02-25 02:34,3,+49.2,+32.4,+22.0,+19.7,+31.6,+25.5,+17.5,+18.0,+18.2,+18.6,+18.6,+18.6,+19.0
2024-02-25 03:34,3,+49.2,+32.3,+21.9,+19.7,+31.6,+25.5,+17.5,+18.0,+18.2,+18.7,+18.6,+18.6,+19.1
2024-02-25 04:34,3,+49.2,+32.3,+21.9,+19.6,+31.6,+25.5,+17.5,+18.0,+18.2,+18.6,+18.6,+18.7,+19.0
2024-02-25 05:34,3,+49.3,+32.3,+21.9,+19.7,+31.6,+25.5,+17.5,+18.0,+18.2,+18.7,+18.6,+18.6,+19.0
2024-02-25 06:34,3,+49.3,+32.3,+21.9,+19.7,+31.6,+25.5,+17.5,+18.0,+18.2,+18.7,+18.6,+18.6,+19.0
2024-02-25 07:34,3,+49.3,+32.3,+22.0,+19.6,+31.5,+25.4,+17.5,+18.0,+18.2,+18.7,+18.6,+18.6,+19.0
2024-02-25 08:34,3,+49.4,+32.3,+21.9,+19.7,+31.6,+25.5,+17.5,+18.0,+18.2,+18.7,+18.6,+18.6,+19.0
2024-02-25 09:34,3,+49.4,+32.3,+21.9,+19.6,+31.5,+25.4,+17.5,+18.0,+18.3,+18.7,+18.6,+18.7,+19.0
2024-02-25 10:34,3,+49.5,+32.4,+21.9,+19.7,+31.6,+25.5,+17.5,+18.0,+18.2,+18.7,+18.6,+18.7,+19.1
2024-02-25 11:34,3,+49.5,+32.4,+21.9,+19.6,+31.5,+25.4,+17.5,+18.0,+18.3,+18.7,+18.6,+18.7,+19.0
2024-02-25 12:34,3,+49.6,+32.4,+21.9,+19.7,+31.6,+25.5,+17.5,+18.0,+18.2,+18.7,+18.6,+18.7,+19.0
2024-02-25 13:34,3,+49.7,+32.4,+21.9,+19.6,+31.5,+25.4,+17.5,+18.0,+18.3,+18.7,+18.6,+18.7,+19.0
2024-02-25 14:34,3,+49.8,+32.4,+21.9,+19.6,+31.5,+25.4,+17.5,+18.0,+18.3,+18.7,+18.7,+18.6,+19.0
2024-02-25 15:34,3,+49.9,+32.5,+21.9,+19.7,+31.6,+25.4,+17.5,+18.0,+18.3,+18.7,+18.7,+18.6,+19.0
2024-02-25 16:34,3,+49.9,+32.5,+21.9,+19.7,+31.6,+25.5,+17.5,+18.0,+18.2,+18.7,+18.6,+18.7,+19.0
2024-02-25 17:34,3,+49.9,+32.5,+21.9,+19.6,+31.5,+25.4,+17.5,+18.0,+18.3,+18.7,+18.6,+18.7,+19.0
2024-02-25 18:34,3,+50.0,+32.5,+21.9,+19.6,+31.5,+25.4,+17.5,+18.0,+18.2,+18.7,+18.6,+18.6,+19.0
2024-02-25 19:34,3,+50.0,+32.5,+21.9,+19.6,+31.5,+25.4,+17.5,+18.0,+18.2,+18.7,+18.7,+18.6,+19.0
2024-02-25 20:34,3,+50.0,+32.5,+22.1,+19.7,+31.6,+25.5,+17.5,+18.0,+18.2,+18.7,+18.7,+18.7,+19.0
2024-02-25 21:34,3,+50.0,+32.5,+21.9,+19.7,+31.6,+25.4,+17.5,+18.0,+18.2,+18.7,+18.6,+18.7,+19.0
2024-02-25 22:34,3,+50.0,+32.5,+21.9,+19.6,+31.5,+25.4,+17.3,+18.0,+18.2,+18.7,+18.6,+18.7,+19.0
2024-02-25 23:34,3,+50.0,+32.5,+21.9,+19.6,+31.5,+25.4,+17.3,+18.0,+18.2,+18.7,+18.6,+18.7,+19.0
2024-02-26 00:34,3,+50.0,+32.5,+21.9,+19.7,+31.6,+25.4,+17.3,+18.0,+18.3,+18.8,+18.6,+18.7,+19.0
2024-02-26 01:34,3,+50.0,+32.5,+21.9,+19.6,+31.5,+25.4,+17.3,+18.0,+18.2,+18.7,+18.6,+18.7,+19.0
2024-02-26 02:34,3,+50.0,+32.5,+21.9,+19.6,+31.5,+25.4,+17.3,+18.0,+18.3,+18.7,+18.7,+18.7,+19.0
2024-02-26 03:34,3,+50.0,+32.5,+21.9,+19.7,+31.5,+25.5,+17.3,+18.0,+18.2,+18.7,+18.7,+18.7,+19.0
2024-02-26 04:34,3,+50.0,+32.5,+21.8,+19.7,+31.5,+25.4,+17.2,+17.8,+18.2,+18.7,+18.7,+18.7,+19.0
2024-02-26 05:34,3,+50.0,+32.5,+21.9,+19.7,+31.5,+25.4,+17.3,+17.8,+18.2,+18.7,+18.7,+18.7,+19.0
2024-02-26 06:34,3,+50.0,+32.5,+21.9,+19.8,+31.5,+25.4,+17.3,+17.8,+18.2,+18.7,+18.6,+18.7,+19.0
2024-02-26 07:34,3,+50.0,+32.5,+21.8,+19.7,+31.5,+25.4,+17.3,+17.8,+18.2,+18.8,+18.6,+18.7,+19.0
2024-02-26 08:34,3,+50.0,+32.5,+21.8,+19.7,+31.5,+25.4,+17.3,+17.8,+18.3,+18.7,+18.7,+18.7,+19.0
2024-02-26 09:34,3,+50.0,+32.5,+21.8,+19.8,+31.5,+25.4,+17.3,+17.8,+18.3,+18.7,+18.7,+18.7,+19.0
2024-02-26 10:34,3,+49.9,+32.5,+21.8,+19.7,+31.5,+25.4,+17.3,+17.8,+18.3,+18.7,+18.7,+18.7,+19.0
2024-02-26 11:34,3,+49.9,+32.5,+21.8,+19.7,+31.5,+25.4,+17.5,+17.8,+18.2,+18.7,+18.7,+18.8,+19.0
2024-02-26 12:34,3,+49.8,+32.5,+21.8,+19.6,+31.5,+25.4,+17.5,+18.0,+18.3,+18.8,+18.7,+18.8,+19.0
2024-02-26 13:34,3,+49.7,+32.4,+21.7,+19.6,+31.5,+25.4,+17.6,+18.0,+18.2,+18.7,+18.7,+18.7,+19.0
2024-02-26 14:34,3,+49.7,+32.4,+21.7,+19.6,+31.5,+25.4,+17.6,+18.0,+18.3,+18.7,+18.7,+18.7,+19.0
2024-02-26 15:34,3,+49.7,+32.3,+21.7,+19.7,+31.5,+25.4,+17.7,+18.0,+18.3,+18.7,+18.7,+18.7,+19.0
2024-02-26 16:34,3,+49.6,+32.3,+21.7,+19.6,+31.5,+25.4,+17.7,+18.0,+18.3,+18.7,+18.7,+18.7,+19.1
2024-02-26 17:34,3,+49.6,+32.3,+21.7,+19.7,+31.5,+25.4,+17.7,+18.0,+18.2,+18.7,+18.7,+18.7,+19.0
2024-02-26 18:34,3,+49.6,+32.3,+21.7,+19.6,+31.4,+25.4,+17.7,+18.1,+18.3,+18.7,+18.7,+18.7,+19.0
2024-02-26 19:34,3,+49.7,+32.3,+21.7,+19.7,+31.5,+25.4,+17.7,+18.1,+18.3,+18.7,+18.7,+18.7,+19.0
2024-02-26 20:34,3,+49.7,+32.3,+21.7,+19.7,+31.5,+25.4,+17.7,+18.1,+18.3,+18.7,+18.7,+18.7,+19.0
2024-02-26 21:34,3,+49.7,+32.3,+21.7,+19.7,+31.5,+25.4,+17.7,+18.1,+18.3,+18.7,+18.7,+18.7,+19.1
2024-02-26 22:34,3,+49.8,+32.3,+21.7,+19.7,+31.5,+25.4,+17.6,+18.1,+18.3,+18.7,+18.7,+18.7,+19.0
2024-02-26 23:34,3,+49.8,+32.3,+21.7,+19.7,+31.5,+25.4,+17.7,+18.1,+18.3,+18.7,+18.7,+18.7,+19.0
2024-02-27 00:34,3,+49.9,+32.3,+21.7,+19.6,+31.4,+25.3,+17.7,+18.1,+18.3,+18.8,+18.7,+18.7,+19.1
2024-02-27 01:34,3,+49.9,+32.3,+21.7,+19.7,+31.5,+25.4,+17.6,+18.1,+18.3,+18.7,+18.7,+18.7,+19.0
2024-02-27 02:34,3,+50.0,+32.3,+21.7,+19.7,+31.4,+25.4,+17.6,+18.1,+18.3,+18.7,+18.7,+18.7,+19.0
2024-02-27 03:34,3,+50.2,+32.5,+21.7,+19.6,+31.4,+25.3,+17.7,+18.1,+18.3,+18.7,+18.7,+18.7,+19.0
2024-02-27 04:34,3,+50.3,+32.6,+21.7,+19.6,+31.4,+25.3,+17.6,+18.1,+18.3,+18.8,+18.7,+18.7,+19.0
2024-02-27 05:34,3,+50.4,+32.6,+21.7,+19.6,+31.4,+25.3,+17.6,+18.1,+18.3,+18.7,+18.7,+18.7,+19.0
2024-02-27 06:34,3,+50.4,+32.6,+21.7,+19.6,+31.4,+25.3,+17.6,+18.1,+18.5,+18.8,+18.7,+18.8,+19.0
2024-02-27 07:34,3,+50.4,+32.6,+21.7,+19.6,+31.4,+25.3,+17.5,+18.1,+18.3,+18.8,+18.7,+18.7,+19.0
2024-02-27 08:34,3,+50.3,+32.6,+21.7,+19.7,+31.4,+25.4,+17.5,+18.1,+18.5,+18.8,+18.7,+18.7,+19.0
2024-02-27 09:34,3,+50.2,+32.6,+21.7,+19.5,+31.4,+25.3,+17.5,+18.1,+18.5,+18.8,+18.7,+18.7,+19.0
2024-02-27 10:34,3,+50.1,+32.6,+21.6,+19.5,+31.4,+25.3,+17.6,+18.0,+18.3,+18.8,+18.7,+18.7,+19.0
2024-02-27 11:34,3,+50.0,+32.6,+21.6,+19.6,+31.5,+25.4,+17.6,+18.0,+18.5,+18.8,+18.7,+18.8,+19.1
2024-02-27 12:34,3,+49.9,+32.5,+21.6,+19.6,+31.5,+25.3,+17.7,+18.1,+18.5,+18.8,+18.7,+18.8,+19.0
2024-02-27 13:34,3,+49.7,+32.4,+21.5,+19.5,+31.4,+25.3,+17.7,+18.1,+18.3,+18.8,+18.7,+18.8,+19.0
2024-02-27 14:34,3,+49.6,+32.3,+21.5,+19.5,+31.4,+25.3,+17.7,+18.1,+18.3,+18.8,+18.7,+18.7,+19.0
2024-02-27 15:34,3,+49.5,+32.3,+21.4,+19.6,+31.4,+25.3,+17.8,+18.1,+18.3,+18.8,+18.7,+18.8,+19.0
2024-02-27 16:34,3,+49.5,+32.2,+21.4,+19.5,+31.3,+25.3,+17.8,+18.1,+18.5,+18.8,+18.7,+18.8,+19.0
2024-02-27 17:34,3,+49.3,+32.2,+21.4,+19.5,+31.3,+25.3,+18.0,+18.2,+18.5,+18.8,+18.7,+18.7,+19.0
2024-02-27 18:34,3,+49.3,+32.1,+21.4,+19.5,+31.3,+25.3,+18.0,+18.2,+18.5,+18.8,+18.7,+18.8,+19.0
2024-02-27 19:34,3,+49.2,+32.1,+21.4,+19.5,+31.3,+25.3,+18.0,+18.2,+18.5,+18.8,+18.7,+18.8,+19.1
2024-02-27 20:34,3,+49.2,+32.1,+21.4,+19.6,+31.4,+25.3,+17.8,+18.2,+18.5,+18.8,+18.7,+18.7,+19.0
2024-02-27 21:34,3,+49.2,+32.1,+21.4,+19.5,+31.3,+25.3,+17.8,+18.2,+18.5,+18.8,+18.7,+18.7,+19.1
2024-02-27 22:34,3,+49.1,+32.1,+21.4,+19.5,+31.3,+25.3,+17.8,+18.2,+18.5,+18.8,+18.7,+18.8,+19.0
2024-02-27 23:34,3,+49.3,+32.1,+21.3,+19.5,+31.3,+25.3,+17.8,+18.2,+18.5,+18.7,+18.7,+18.8,+19.1
2024-02-28 00:34,3,+49.3,+32.1,+21.4,+19.6,+31.4,+25.3,+17.8,+18.3,+18.5,+18.8,+18.7,+18.7,+19.0
2024-02-28 01:34,3,+49.1,+32.1,+21.3,+19.5,+31.3,+25.3,+17.8,+18.2,+18.5,+18.8,+18.7,+18.7,+19.1
2024-02-28 02:34,3,+49.1,+32.1,+21.3,+19.6,+31.3,+25.3,+17.7,+18.2,+18.5,+18.8,+18.7,+18.8,+19.1
2024-02-28 03:34,3,+49.1,+32.1,+21.3,+19.5,+31.3,+25.3,+17.7,+18.2,+18.5,+18.8,+18.7,+18.7,+19.0
2024-02-28 04:34,3,+49.2,+32.1,+21.3,+19.5,+31.3,+25.3,+17.7,+18.2,+18.5,+18.8,+18.7,+18.8,+19.0
2024-02-28 05:34,3,+49.3,+32.1,+21.3,+19.6,+31.3,+25.3,+17.7,+18.2,+18.5,+18.8,+18.8,+18.8,+19.0
2024-02-28 06:34,3,+49.3,+32.1,+21.3,+19.6,+31.3,+25.3,+17.7,+18.2,+18.5,+18.8,+18.7,+18.8,+19.0
2024-02-28 07:34,3,+49.3,+32.1,+21.3,+19.6,+31.3,+25.3,+17.7,+18.2,+18.6,+19.0,+18.7,+18.8,+19.1
2024-02-28 08:34,3,+49.3,+32.1,+21.3,+19.5,+31.3,+25.3,+17.7,+18.2,+18.5,+18.8,+18.7,+18.8,+19.0
2024-02-28 09:34,3,+49.3,+32.1,+21.3,+19.5,+31.3,+25.3,+17.7,+18.2,+18.5,+18.8,+18.7,+18.8,+19.0
2024-02-28 10:34,3,+49.3,+32.1,+21.3,+19.5,+31.3,+25.3,+17.8,+18.2,+18.5,+18.8,+18.7,+18.8,+19.0
2024-02-28 11:34,3,+49.2,+32.1,+21.2,+19.5,+31.3,+25.3,+17.8,+18.2,+18.5,+18.8,+18.7,+18.8,+19.0
2024-02-28 12:34,3,+49.1,+31.9,+21.2,+19.5,+31.3,+25.3,+18.0,+18.2,+18.5,+18.8,+18.7,+18.8,+19.1
2024-02-28 13:34,3,+49.0,+31.9,+21.1,+19.4,+31.3,+25.2,+18.0,+18.2,+18.5,+19.0,+18.7,+18.7,+19.0
2024-02-28 14:34,3,+48.8,+31.8,+21.1,+19.3,+31.3,+25.2,+18.0,+18.2,+18.5,+18.8,+18.7,+18.8,+19.0
2024-02-28 15:34,3,+48.7,+31.8,+21.0,+19.3,+31.2,+25.2,+18.0,+18.2,+18.6,+18.8,+18.7,+18.8,+19.1
2024-02-28 16:34,3,+48.7,+31.7,+21.0,+19.4,+31.3,+25.2,+18.0,+18.3,+18.6,+18.8,+18.8,+18.7,+19.0
2024-02-28 17:34,3,+48.7,+31.7,+21.0,+19.3,+31.2,+25.2,+18.1,+18.3,+18.6,+18.8,+18.8,+18.8,+19.0
2024-02-28 18:34,3,+48.6,+31.7,+21.0,+19.3,+31.2,+25.2,+18.1,+18.2,+18.6,+18.8,+18.7,+18.8,+19.0
2024-02-28 19:34,3,+48.7,+31.7,+21.0,+19.3,+31.2,+25.2,+18.1,+18.3,+18.6,+18.8,+18.7,+18.8,+19.1
2024-02-28 20:34,3,+48.7,+31.7,+21.0,+19.4,+31.2,+25.2,+18.1,+18.3,+18.5,+18.8,+18.7,+18.8,+19.0
2024-02-28 21:34,3,+48.6,+31.7,+20.9,+19.3,+31.2,+25.2,+18.1,+18.3,+18.5,+18.8,+18.8,+18.8,+19.0
2024-02-28 22:34,3,+48.5,+31.6,+20.9,+19.4,+31.2,+25.2,+18.1,+18.3,+18.6,+18.8,+18.8,+18.7,+19.0
2024-02-28 23:34,3,+48.4,+31.7,+20.9,+19.3,+31.2,+25.2,+18.0,+18.3,+18.6,+18.8,+18.7,+18.8,+19.1
2024-02-29 00:34,3,+48.4,+31.6,+20.9,+19.4,+31.2,+25.2,+17.8,+18.3,+18.6,+19.0,+18.8,+18.8,+19.1
2024-02-29 01:34,3,+48.3,+31.8,+20.9,+19.3,+31.2,+25.2,+17.8,+18.3,+18.6,+19.0,+18.8,+18.8,+19.1
2024-02-29 02:34,3,+48.3,+31.7,+20.9,+19.3,+31.2,+25.2,+17.7,+18.3,+18.6,+18.8,+18.8,+18.8,+19.1
2024-02-29 03:34,3,+48.2,+31.7,+20.9,+19.3,+31.2,+25.2,+17.7,+18.3,+18.6,+19.0,+18.7,+18.8,+19.0
2024-02-29 04:34,3,+48.2,+31.8,+20.9,+19.4,+31.2,+25.2,+17.7,+18.2,+18.6,+18.8,+18.8,+18.8,+19.1
2024-02-29 05:34,3,+48.1,+31.8,+20.9,+19.4,+31.2,+25.2,+17.7,+18.2,+18.6,+18.8,+18.8,+18.7,+19.1
2024-02-29 06:34,3,+48.1,+31.8,+20.9,+19.4,+31.2,+25.2,+17.7,+18.2,+18.6,+18.8,+18.8,+18.8,+19.0
2024-02-29 07:34,3,+48.0,+31.8,+20.9,+19.4,+31.2,+25.2,+17.7,+18.2,+18.6,+19.0,+18.8,+18.8,+19.1
2024-02-29 08:34,3,+48.0,+31.8,+20.9,+19.4,+31.2,+25.2,+17.6,+18.2,+18.6,+19.0,+18.8,+18.8,+19.1
2024-02-29 09:34,3,+47.9,+31.7,+20.9,+19.4,+31.2,+25.2,+17.7,+18.2,+18.6,+19.0,+18.8,+18.7,+19.1
2024-02-29 10:34,3,+47.8,+31.7,+20.9,+19.4,+31.2,+25.2,+17.7,+18.2,+18.6,+19.0,+18.7,+18.8,+19.1
2024-02-29 11:34,3,+47.8,+31.6,+20.8,+19.3,+31.2,+25.2,+17.8,+18.2,+18.6,+19.0,+18.7,+18.8,+19.1
2024-02-29 12:34,3,+47.9,+31.5,+20.8,+19.3,+31.2,+25.2,+17.8,+18.2,+18.6,+18.8,+18.8,+18.8,+19.1
2024-02-29 13:34,3,+47.5,+31.4,+20.8,+19.3,+31.2,+25.1,+18.0,+18.2,+18.6,+19.0,+18.8,+18.8,+19.1
2024-02-29 14:34,3,+47.2,+31.3,+20.7,+19.2,+31.2,+25.1,+18.0,+18.3,+18.6,+19.0,+18.8,+18.8,+19.1
2024-02-29 15:34,3,+46.8,+31.2,+20.7,+19.2,+31.2,+25.1,+18.1,+18.2,+18.6,+19.0,+18.8,+18.8,+19.1
2024-02-29 16:34,3,+46.8,+31.2,+20.7,+19.2,+31.1,+25.1,+18.1,+18.3,+18.6,+19.0,+18.8,+18.8,+19.0
2024-02-29 17:34,3,+46.6,+31.1,+20.6,+19.2,+31.1,+25.1,+18.1,+18.3,+18.5,+19.0,+18.8,+18.8,+19.0
2024-02-29 18:34,3,+46.6,+31.3,+20.6,+19.2,+31.1,+25.1,+18.1,+18.3,+18.6,+19.0,+18.8,+18.8,+19.1
2024-02-29 19:34,3,+46.5,+31.4,+20.6,+19.2,+31.1,+25.1,+18.1,+18.3,+18.6,+19.0,+18.8,+18.8,+19.0
2024-02-29 20:34,3,+46.5,+31.4,+20.6,+19.2,+31.1,+25.1,+18.1,+18.5,+18.6,+19.0,+18.8,+18.8,+19.1
2024-02-29 21:34,3,+46.5,+31.3,+20.6,+19.1,+31.1,+25.1,+18.0,+18.3,+18.6,+18.8,+18.8,+18.8,+19.1
2024-02-29 22:34,3,+46.5,+31.3,+20.6,+19.2,+31.1,+25.1,+18.0,+18.3,+18.6,+19.0,+18.8,+18.8,+19.1
2024-02-29 23:34,3,+46.5,+31.4,+20.6,+19.3,+31.1,+25.1,+17.8,+18.3,+18.6,+19.0,+18.8,+18.8,+19.1
2024-03-01 00:34,3,+46.4,+31.4,+20.6,+19.2,+31.1,+25.1,+18.0,+18.3,+18.6,+18.8,+18.8,+18.8,+19.1
2024-03-01 01:34,3,+46.4,+31.4,+20.6,+19.2,+31.1,+25.1,+17.8,+18.3,+18.6,+19.0,+18.8,+18.8,+19.1
2024-03-01 02:34,3,+46.3,+31.4,+20.6,+19.3,+31.1,+25.1,+17.8,+18.3,+18.7,+19.0,+18.8,+18.8,+19.0
2024-03-01 03:34,3,+46.3,+31.3,+21.2,+19.3,+31.1,+25.1,+17.8,+18.3,+18.6,+19.0,+18.8,+18.8,+19.1
2024-03-01 04:34,3,+46.3,+31.3,+21.2,+19.2,+31.0,+25.1,+17.8,+18.3,+18.7,+19.0,+18.8,+18.7,+19.1
2024-03-01 05:34,3,+46.2,+31.3,+21.1,+19.2,+31.0,+25.1,+17.8,+18.3,+18.6,+19.0,+18.8,+18.8,+19.1
2024-03-01 06:34,3,+46.1,+31.3,+21.0,+19.3,+31.1,+25.1,+17.8,+18.3,+18.6,+19.0,+18.8,+18.8,+19.1
2024-03-01 07:34,3,+46.1,+31.3,+21.1,+19.2,+31.0,+25.1,+17.8,+18.3,+18.6,+19.0,+18.8,+18.8,+19.1
2024-03-01 08:34,3,+46.0,+31.3,+21.1,+19.1,+31.0,+25.1,+17.7,+18.3,+18.6,+19.0,+18.8,+18.8,+19.0
2024-03-01 09:34,3,+45.8,+31.3,+21.1,+19.2,+31.1,+25.1,+17.8,+18.3,+18.6,+19.0,+18.8,+18.8,+19.1
2024-03-01 10:34,3,+45.6,+31.2,+21.1,+19.2,+31.1,+25.1,+17.8,+18.3,+18.6,+19.0,+18.8,+18.8,+19.1