
2024-02-16 14:31,1,+45.8,+40.8,+16.2,+10.9,+35.2,+43.8,+18.1,+18.0,+18.0,+17.8,+18.1,+18.2,+18.0
2024-02-16 15:31,1,+45.8,+40.8,+16.2,+11.1,+35.2,+43.8,+18.1,+18.0,+18.0,+17.8,+18.1,+18.3,+18.0
2024-02-16 16:31,1,+46.0,+40.8,+16.3,+11.0,+35.2,+43.8,+18.1,+18.0,+18.0,+17.8,+18.1,+18.2,+18.0
2024-02-16 17:31,1,+46.1,+40.8,+16.3,+11.1,+35.2,+43.8,+18.1,+18.0,+18.0,+17.8,+18.1,+18.2,+18.1
2024-02-16 18:31,1,+46.3,+40.8,+16.3,+11.0,+35.2,+43.8,+18.1,+18.0,+18.1,+17.8,+18.1,+18.2,+18.0
2024-02-16 19:31,1,+46.4,+40.9,+16.3,+11.1,+35.2,+43.8,+18.1,+18.0,+18.0,+17.8,+18.1,+18.2,+18.0
2024-02-16 20:31,1,+46.4,+40.9,+16.4,+11.1,+35.3,+43.8,+18.0,+18.1,+18.1,+18.0,+18.1,+18.2,+18.0
2024-02-16 21:31,1,+46.6,+41.0,+16.4,+11.1,+35.3,+43.9,+18.1,+18.0,+18.1,+17.8,+18.1,+18.2,+18.0
2024-02-16 22:31,1,+46.1,+41.0,+16.5,+11.0,+35.3,+43.9,+18.0,+18.1,+18.0,+18.0,+18.1,+18.2,+18.0
2024-02-16 23:31,1,+46.1,+41.0,+16.5,+11.0,+35.3,+43.9,+18.1,+18.1,+18.1,+17.8,+18.1,+18.2,+18.0
2024-02-17 00:31,1,+46.1,+41.0,+16.5,+11.1,+35.3,+43.9,+18.1,+18.1,+18.1,+17.8,+18.1,+18.2,+18.0
2024-02-17 01:31,1,+46.0,+41.0,+16.5,+11.0,+35.3,+43.9,+18.1,+18.1,+18.1,+17.8,+18.1,+18.2,+18.0
2024-02-17 02:31,1,+46.0,+41.0,+16.6,+11.0,+35.3,+43.9,+18.1,+18.1,+18.1,+18.0,+18.1,+18.2,+18.0
2024-02-17 03:31,1,+46.0,+41.0,+16.6,+11.0,+35.4,+43.9,+18.1,+18.1,+18.1,+17.8,+18.1,+18.2,+18.0
2024-02-17 04:31,1,+46.0,+41.0,+16.7,+11.0,+35.4,+43.9,+18.1,+18.1,+18.1,+18.0,+18.1,+18.2,+18.0
2024-02-17 05:31,1,+45.9,+41.0,+16.7,+11.1,+35.4,+43.9,+18.1,+18.1,+18.1,+18.0,+18.2,+18.2,+18.0
2024-02-17 06:31,1,+45.9,+41.0,+16.7,+11.1,+35.4,+43.9,+18.1,+18.1,+18.1,+18.0,+18.1,+18.2,+18.0
2024-02-17 07:31,1,+45.9,+41.0,+16.7,+11.1,+35.4,+44.0,+18.1,+18.1,+18.1,+18.0,+18.1,+18.2,+18.0
2024-02-17 08:31,1,+45.8,+41.0,+16.7,+11.2,+35.4,+44.0,+18.1,+18.1,+18.2,+18.0,+18.2,+18.2,+18.0
2024-02-17 09:31,1,+45.8,+40.9,+16.7,+11.2,+35.4,+44.0,+18.3,+18.1,+18.1,+18.0,+18.1,+18.2,+18.0
2024-02-17 10:31,1,+45.8,+40.9,+16.7,+11.2,+35.4,+44.0,+18.2,+18.1,+18.2,+18.0,+18.1,+18.2,+18.0
2024-02-17 11:31,1,+45.8,+40.9,+16.7,+11.2,+35.5,+44.0,+18.5,+18.2,+18.2,+17.8,+18.1,+18.2,+18.0
2024-02-17 12:31,1,+45.8,+40.9,+16.8,+11.2,+35.5,+44.0,+18.5,+18.2,+18.2,+18.0,+18.1,+18.2,+18.0
2024-02-17 13:31,1,+45.7,+40.8,+16.8,+11.2,+35.5,+44.0,+18.6,+18.2,+18.2,+18.0,+18.1,+18.2,+18.0
2024-02-17 14:31,1,+45.7,+40.8,+16.7,+11.2,+35.5,+44.0,+18.6,+18.3,+18.2,+18.0,+18.1,+18.2,+18.0
2024-02-17 15:31,1,+45.7,+40.8,+16.8,+11.1,+35.4,+44.0,+18.6,+18.3,+18.2,+18.0,+18.2,+18.2,+18.0
2024-02-17 16:31,1,+45.6,+40.8,+16.8,+11.1,+35.4,+44.0,+18.7,+18.3,+18.2,+18.0,+18.1,+18.2,+18.0
2024-02-17 17:31,1,+45.6,+40.8,+16.8,+11.2,+35.5,+44.0,+18.6,+18.5,+18.2,+18.0,+18.1,+18.2,+18.0
2024-02-17 18:31,1,+45.6,+40.8,+16.8,+11.0,+35.4,+44.0,+18.7,+18.3,+18.2,+18.0,+18.1,+18.2,+18.0
2024-02-17 19:31,1,+45.6,+40.8,+16.7,+11.1,+35.4,+44.0,+18.7,+18.5,+18.2,+18.0,+18.1,+18.2,+18.0
2024-02-17 20:31,1,+45.6,+40.8,+16.8,+11.0,+35.4,+44.0,+18.7,+18.5,+18.2,+18.0,+18.2,+18.2,+18.0
2024-02-17 21:31,1,+45.6,+40.8,+16.8,+11.1,+35.4,+44.0,+18.7,+18.5,+18.3,+18.0,+18.1,+18.2,+18.0
2024-02-17 22:31,1,+45.6,+40.8,+16.8,+11.1,+35.4,+44.0,+18.6,+18.5,+18.3,+18.0,+18.1,+18.2,+18.0
2024-02-17 23:31,1,+45.7,+41.1,+16.8,+11.0,+35.4,+44.0,+18.7,+18.5,+18.3,+18.0,+18.2,+18.3,+18.0
2024-02-18 00:31,1,+45.6,+41.5,+16.8,+11.1,+35.4,+44.0,+18.7,+18.5,+18.3,+18.1,+18.2,+18.3,+18.0
2024-02-18 01:31,1,+45.5,+41.5,+16.8,+11.0,+35.4,+44.0,+18.7,+18.5,+18.3,+18.1,+18.2,+18.2,+18.0
2024-02-18 02:31,1,+45.5,+41.5,+16.7,+11.0,+35.4,+44.0,+18.6,+18.5,+18.3,+18.1,+18.2,+18.2,+18.0
2024-02-18 03:31,1,+45.4,+41.8,+16.7,+11.1,+35.4,+44.0,+18.6,+18.5,+18.3,+18.1,+18.2,+18.2,+18.0
2024-02-18 04:31,1,+45.4,+41.9,+17.3,+11.1,+35.4,+44.0,+18.6,+18.5,+18.5,+18.1,+18.2,+18.2,+18.0
2024-02-18 05:31,1,+45.4,+41.8,+17.5,+11.1,+35.4,+44.0,+18.6,+18.5,+18.3,+18.0,+18.2,+18.2,+18.0
2024-02-18 06:31,1,+45.4,+41.8,+18.1,+11.1,+35.4,+44.0,+18.6,+18.6,+18.3,+18.1,+18.2,+18.2,+18.0
2024-02-18 07:31,1,+45.4,+41.9,+17.2,+11.1,+35.4,+44.0,+18.7,+18.5,+18.3,+18.1,+18.2,+18.3,+18.0
2024-02-18 08:31,1,+45.4,+41.9,+17.2,+11.1,+35.4,+44.0,+18.7,+18.5,+18.5,+18.1,+18.2,+18.3,+18.0
2024-02-18 09:31,1,+45.4,+41.6,+17.2,+11.0,+35.4,+43.9,+18.8,+18.6,+18.5,+18.1,+18.2,+18.3,+18.0
2024-02-18 10:31,1,+45.4,+41.5,+17.2,+11.0,+35.4,+43.9,+19.0,+18.6,+18.5,+18.1,+18.2,+18.2,+18.0
2024-02-18 11:31,1,+45.4,+41.5,+17.2,+11.1,+35.4,+44.0,+19.1,+18.6,+18.5,+18.1,+18.2,+18.3,+18.1
2024-02-18 12:31,1,+45.4,+41.4,+17.2,+11.1,+35.4,+44.0,+19.1,+18.6,+18.6,+18.1,+18.2,+18.2,+18.0
2024-02-18 13:31,1,+45.3,+41.4,+17.2,+10.9,+35.3,+43.9,+19.2,+18.7,+18.5,+18.1,+18.2,+18.3,+18.0
2024-02-18 14:31,1,+45.3,+41.4,+17.2,+11.1,+35.4,+44.0,+19.2,+18.8,+18.5,+18.1,+18.2,+18.3,+18.0
2024-02-18 15:31,1,+45.3,+41.4,+17.2,+11.1,+35.4,+44.0,+19.2,+18.8,+18.5,+18.2,+18.2,+18.2,+18.0
2024-02-18 16:31,1,+45.3,+41.3,+17.2,+11.1,+35.4,+43.9,+19.2,+18.8,+18.6,+18.1,+18.2,+18.3,+18.1
2024-02-18 17:31,1,+45.3,+41.3,+17.2,+11.1,+35.4,+44.0,+19.2,+18.8,+18.6,+18.2,+18.2,+18.3,+18.0
2024-02-18 18:31,1,+45.6,+41.3,+17.1,+11.1,+35.4,+44.0,+19.2,+18.8,+18.6,+18.2,+18.2,+18.3,+18.1
2024-02-18 19:31,1,+45.7,+41.4,+17.1,+11.0,+35.4,+44.0,+19.2,+19.0,+18.6,+18.2,+18.3,+18.3,+18.1
2024-02-18 20:31,1,+45.8,+41.3,+17.1,+11.0,+35.4,+44.0,+19.2,+18.8,+18.6,+18.2,+18.2,+18.3,+18.0
2024-02-18 21:31,1,+45.8,+41.3,+17.1,+11.1,+35.4,+44.0,+19.1,+19.0,+18.7,+18.2,+18.2,+18.3,+18.1
2024-02-18 22:31,1,+45.8,+41.3,+17.1,+10.9,+35.3,+43.9,+19.1,+18.8,+18.6,+18.2,+18.3,+18.3,+18.0
2024-02-18 23:31,1,+45.7,+41.4,+17.1,+11.0,+35.3,+44.0,+19.0,+19.0,+18.7,+18.2,+18.3,+18.3,+18.0
2024-02-19 00:31,1,+45.7,+41.4,+17.1,+11.0,+35.4,+44.0,+19.0,+18.8,+18.7,+18.3,+18.3,+18.3,+18.0
2024-02-19 01:31,1,+45.6,+41.4,+17.1,+11.0,+35.3,+44.0,+18.8,+18.8,+18.8,+18.2,+18.2,+18.3,+18.0
2024-02-19 02:31,1,+45.6,+41.4,+17.1,+10.9,+35.3,+43.9,+18.8,+18.8,+18.7,+18.2,+18.3,+18.5,+18.1
2024-02-19 03:31,1,+45.6,+41.4,+17.1,+10.9,+35.3,+43.9,+18.7,+18.8,+18.7,+18.2,+18.3,+18.3,+18.1
2024-02-19 04:31,1,+45.5,+41.4,+17.1,+10.9,+35.3,+43.9,+18.7,+18.8,+18.7,+18.2,+18.3,+18.3,+18.1
2024-02-19 05:31,1,+45.5,+41.4,+17.1,+11.0,+35.3,+43.9,+18.7,+18.8,+18.7,+18.2,+18.3,+18.3,+18.0
2024-02-19 06:31,1,+45.5,+41.4,+17.1,+10.9,+35.3,+43.9,+18.6,+18.8,+18.8,+18.2,+18.3,+18.3,+18.0
2024-02-19 07:31,1,+45.5,+41.4,+17.1,+11.0,+35.3,+43.9,+18.6,+18.7,+18.7,+18.3,+18.3,+18.3,+18.1
2024-02-19 08:31,1,+45.5,+41.4,+17.1,+10.9,+35.3,+43.9,+18.6,+18.7,+18.7,+18.3,+18.3,+18.5,+18.1
2024-02-19 09:31,1,+45.9,+41.4,+17.1,+11.0,+35.3,+44.0,+18.6,+18.7,+18.8,+18.3,+18.3,+18.3,+18.1
2024-02-19 10:31,1,+46.3,+41.4,+17.1,+11.0,+35.3,+43.9,+18.6,+18.7,+18.7,+18.3,+18.3,+18.5,+18.1
2024-02-19 11:31,1,+47.1,+41.6,+17.1,+10.9,+35.3,+43.9,+18.6,+18.7,+18.7,+18.3,+18.3,+18.3,+18.1
2024-02-19 12:31,1,+46.9,+42.0,+17.1,+11.0,+35.3,+43.9,+18.7,+18.7,+18.7,+18.3,+18.3,+18.3,+18.1
2024-02-19 13:31,1,+47.0,+42.2,+17.1,+11.0,+35.3,+43.9,+18.7,+18.7,+18.7,+18.3,+18.3,+18.5,+18.1
2024-02-19 14:31,1,+47.6,+42.8,+17.2,+11.0,+35.3,+43.9,+18.7,+18.7,+18.7,+18.3,+18.3,+18.5,+18.1
2024-02-19 15:31,1,+47.8,+43.0,+17.5,+10.9,+35.3,+43.9,+18.7,+18.7,+18.7,+18.3,+18.3,+18.5,+18.1
2024-02-19 16:31,1,+48.2,+43.6,+18.3,+11.0,+35.3,+43.9,+18.7,+18.7,+18.7,+18.3,+18.5,+18.5,+18.1
2024-02-19 17:31,1,+48.0,+43.5,+19.3,+11.1,+35.3,+43.9,+18.6,+18.7,+18.8,+18.3,+18.3,+18.5,+18.1
2024-02-19 18:31,1,+48.3,+43.4,+19.3,+11.4,+35.4,+44.0,+18.6,+18.7,+18.7,+18.3,+18.5,+18.5,+18.1
2024-02-19 19:31,1,+48.8,+43.6,+19.6,+11.9,+35.9,+44.1,+18.6,+18.7,+18.7,+18.3,+18.5,+18.5,+18.1
2024-02-19 20:31,1,+48.8,+43.9,+20.0,+12.2,+36.5,+44.2,+18.6,+18.7,+18.7,+18.3,+18.5,+18.5,+18.1
2024-02-19 21:31,1,+48.5,+43.6,+19.8,+12.4,+37.1,+44.8,+18.6,+18.7,+18.8,+18.5,+18.5,+18.5,+18.1
2024-02-19 22:31,1,+48.4,+43.4,+19.6,+12.3,+37.3,+45.3,+18.5,+18.7,+18.7,+18.3,+18.5,+18.5,+18.1
2024-02-19 23:31,1,+48.6,+43.2,+19.3,+12.3,+37.3,+45.4,+18.6,+18.7,+18.7,+18.5,+18.5,+18.5,+18.1
2024-02-20 00:31,1,+48.4,+43.3,+19.4,+12.2,+37.3,+45.4,+18.5,+18.6,+18.7,+18.5,+18.5,+18.5,+18.1
2024-02-20 01:31,1,+48.7,+43.4,+19.3,+12.2,+37.3,+45.4,+18.3,+18.6,+18.7,+18.3,+18.5,+18.5,+18.1
2024-02-20 02:31,1,+48.5,+43.4,+19.7,+12.2,+37.3,+45.4,+18.3,+18.6,+18.7,+18.5,+18.5,+18.5,+18.1
2024-02-20 03:31,1,+48.6,+43.4,+19.5,+12.2,+37.4,+45.5,+18.2,+18.6,+18.7,+18.5,+18.5,+18.5,+18.2
2024-02-20 04:31,1,+48.7,+43.2,+22.3,+12.2,+37.4,+45.5,+18.1,+18.6,+18.6,+18.3,+18.5,+18.5,+18.2
2024-02-20 05:31,1,+48.8,+43.2,+22.0,+12.2,+37.4,+45.5,+18.0,+18.5,+18.7,+18.5,+18.5,+18.5,+18.1
2024-02-20 06:31,1,+48.6,+43.2,+21.9,+12.3,+37.5,+45.6,+17.8,+18.5,+18.7,+18.3,+18.5,+18.5,+18.1
2024-02-20 07:31,1,+48.8,+43.0,+21.6,+12.2,+37.5,+45.6,+17.7,+18.5,+18.7,+18.5,+18.5,+18.5,+18.1
2024-02-20 08:31,1,+48.8,+43.0,+21.5,+12.2,+37.4,+45.6,+17.7,+18.3,+18.7,+18.3,+18.5,+18.5,+18.1
2024-02-20 09:31,1,+48.5,+42.9,+21.4,+12.1,+37.4,+45.6,+17.7,+18.3,+18.6,+18.5,+18.5,+18.5,+18.1
2024-02-20 10:31,1,+48.3,+42.8,+21.3,+12.2,+37.4,+45.6,+17.6,+18.2,+18.6,+18.3,+18.5,+18.5,+18.2
2024-02-20 11:31,1,+48.0,+42.7,+21.0,+12.0,+37.3,+45.5,+17.7,+18.2,+18.6,+18.3,+18.5,+18.5,+18.1
2024-02-20 12:31,1,+47.9,+42.6,+20.9,+12.0,+37.2,+45.5,+17.7,+18.2,+18.5,+18.3,+18.5,+18.6,+18.1
2024-02-20 13:31,1,+48.2,+42.5,+20.7,+12.0,+37.1,+45.4,+17.8,+18.2,+18.6,+18.5,+18.5,+18.6,+18.1
2024-02-20 14:31,1,+48.9,+42.9,+20.8,+11.8,+37.0,+45.3,+17.8,+18.2,+18.5,+18.5,+18.5,+18.6,+18.2
2024-02-20 15:31,1,+48.8,+43.0,+21.3,+12.1,+37.1,+45.4,+17.8,+18.1,+18.6,+18.3,+18.5,+18.6,+18.2
2024-02-20 16:31,1,+49.1,+43.2,+21.5,+12.1,+37.2,+45.5,+17.8,+18.1,+18.5,+18.3,+18.5,+18.5,+18.2
2024-02-20 17:31,1,+49.3,+43.3,+22.0,+12.3,+37.4,+45.6,+17.7,+18.2,+18.5,+18.3,+18.5,+18.5,+18.2
2024-02-20 18:31,1,+49.6,+43.9,+22.9,+12.7,+37.6,+45.7,+17.7,+18.1,+18.5,+18.3,+18.5,+18.5,+18.2
2024-02-20 19:31,1,+49.4,+43.8,+23.0,+13.7,+38.5,+46.2,+17.5,+18.1,+18.3,+18.3,+18.5,+18.5,+18.2
2024-02-20 20:31,1,+49.6,+43.6,+22.2,+13.0,+38.4,+46.2,+17.5,+18.0,+18.3,+18.2,+18.5,+18.6,+18.1
2024-02-20 21:31,1,+49.6,+43.9,+23.1,+13.6,+38.6,+46.3,+17.3,+17.8,+18.3,+18.2,+18.5,+18.5,+18.1
2024-02-20 22:31,1,+50.1,+43.7,+22.6,+13.4,+38.6,+46.3,+17.2,+17.8,+18.2,+18.2,+18.5,+18.5,+18.2
2024-02-20 23:31,1,+50.0,+44.1,+23.2,+13.6,+38.7,+46.4,+17.0,+17.7,+18.2,+18.2,+18.5,+18.5,+18.2
2024-02-21 00:31,1,+49.9,+44.1,+22.9,+13.8,+38.9,+46.5,+16.7,+17.6,+18.1,+18.1,+18.5,+18.6,+18.2
2024-02-21 01:31,1,+49.6,+43.9,+22.6,+13.4,+38.8,+46.5,+16.6,+17.5,+18.1,+18.1,+18.3,+18.5,+18.1
2024-02-21 02:31,1,+49.6,+43.7,+21.9,+12.9,+38.4,+46.3,+16.5,+17.3,+18.1,+18.1,+18.5,+18.5,+18.2
2024-02-21 03:31,1,+49.8,+43.6,+21.9,+12.7,+38.1,+46.2,+16.5,+17.3,+18.0,+18.1,+18.3,+18.5,+18.1
2024-02-21 04:31,1,+49.5,+43.7,+22.8,+13.1,+38.3,+46.2,+16.3,+17.2,+18.0,+18.1,+18.3,+18.5,+18.1
2024-02-21 05:31,1,+49.3,+43.5,+22.4,+12.8,+38.2,+46.2,+16.3,+17.1,+17.8,+18.1,+18.3,+18.5,+18.2
2024-02-21 06:31,1,+49.3,+43.4,+22.1,+12.6,+38.1,+46.2,+16.3,+17.1,+17.8,+18.0,+18.3,+18.5,+18.2
2024-02-21 07:31,1,+49.0,+43.2,+22.0,+12.6,+38.0,+46.1,+16.3,+17.1,+17.7,+18.0,+18.3,+18.5,+18.1
2024-02-21 08:31,1,+48.8,+43.0,+21.6,+12.4,+37.8,+46.0,+16.3,+17.0,+17.7,+17.8,+18.3,+18.5,+18.1
2024-02-21 09:31,1,+48.4,+43.0,+21.5,+12.1,+37.5,+45.8,+16.3,+17.0,+17.7,+17.8,+18.3,+18.5,+18.1
2024-02-21 10:31,1,+48.1,+42.8,+21.3,+12.1,+37.4,+45.7,+16.5,+17.0,+17.7,+17.8,+18.2,+18.3,+18.1
2024-02-21 11:31,1,+48.0,+42.7,+21.3,+11.9,+37.3,+45.6,+16.6,+17.0,+17.7,+17.8,+18.2,+18.3,+18.1
2024-02-21 12:31,1,+47.8,+42.6,+21.1,+12.0,+37.2,+45.6,+16.7,+17.0,+17.6,+17.8,+18.2,+18.3,+18.1
2024-02-21 13:31,1,+47.8,+42.5,+21.1,+11.8,+37.0,+45.5,+16.7,+17.1,+17.6,+17.8,+18.2,+18.3,+18.2
2024-02-21 14:31,1,+47.8,+42.3,+20.9,+11.7,+36.9,+45.4,+16.7,+17.0,+17.6,+17.8,+18.2,+18.3,+18.1
2024-02-21 15:31,1,+47.8,+42.3,+20.8,+11.7,+36.9,+45.3,+16.6,+17.1,+17.6,+17.8,+18.2,+18.3,+18.1
2024-02-21 16:31,1,+47.7,+42.3,+20.7,+11.7,+36.8,+45.3,+16.6,+17.1,+17.6,+17.7,+18.2,+18.3,+18.1
2024-02-21 17:31,1,+47.7,+42.2,+20.7,+11.6,+36.7,+45.3,+16.6,+17.1,+17.6,+17.7,+18.2,+18.3,+18.1
2024-02-21 18:31,1,+47.7,+42.2,+20.7,+11.6,+36.7,+45.2,+16.6,+17.1,+17.6,+17.7,+18.2,+18.2,+18.1
2024-02-21 19:31,1,+47.6,+42.2,+20.7,+11.5,+36.6,+45.2,+16.5,+17.1,+17.5,+17.7,+18.1,+18.3,+18.1
2024-02-21 20:31,1,+47.6,+42.2,+20.5,+11.6,+36.6,+45.2,+16.5,+17.1,+17.6,+17.7,+18.1,+18.2,+18.1
2024-02-21 21:31,1,+47.5,+42.2,+20.7,+11.5,+36.5,+45.1,+16.3,+17.0,+17.5,+17.6,+18.1,+18.2,+18.1
2024-02-21 22:31,1,+47.4,+42.2,+20.8,+11.5,+36.5,+45.1,+16.3,+17.0,+17.5,+17.7,+18.1,+18.2,+18.1
2024-02-21 23:31,1,+47.3,+42.1,+20.8,+11.5,+36.5,+45.0,+16.3,+17.0,+17.5,+17.7,+18.1,+18.2,+18.1
2024-02-22 00:31,1,+47.2,+42.1,+21.1,+11.4,+36.4,+44.9,+16.3,+17.0,+17.5,+17.6,+18.1,+18.2,+18.1
2024-02-22 01:31,1,+47.2,+42.1,+21.3,+11.4,+36.4,+44.9,+16.2,+16.8,+17.5,+17.6,+18.1,+18.2,+18.1
2024-02-22 02:31,1,+47.2,+42.1,+21.5,+11.5,+36.4,+44.9,+16.2,+17.0,+17.5,+17.6,+18.0,+18.2,+18.0
2024-02-22 03:31,1,+47.4,+42.1,+21.5,+11.5,+36.4,+44.9,+16.2,+16.8,+17.5,+17.6,+18.0,+18.2,+18.0
2024-02-22 04:31,1,+47.5,+42.0,+21.6,+11.5,+36.4,+44.9,+16.1,+16.8,+17.3,+17.6,+18.1,+18.2,+18.0
2024-02-22 05:31,1,+47.4,+42.0,+21.8,+11.5,+36.4,+44.9,+16.0,+16.8,+17.3,+17.6,+18.0,+18.2,+18.1
2024-02-22 06:31,1,+47.3,+42.0,+21.8,+11.3,+36.3,+44.8,+15.8,+16.7,+17.3,+17.6,+18.0,+18.1,+18.0
2024-02-22 07:31,1,+47.2,+42.0,+21.8,+11.3,+36.3,+44.8,+15.8,+16.7,+17.3,+17.5,+18.0,+18.2,+18.0
2024-02-22 08:31,1,+47.2,+42.0,+21.8,+11.4,+36.3,+44.9,+15.8,+16.7,+17.3,+17.6,+18.0,+18.1,+18.0
2024-02-22 09:31,1,+47.1,+42.0,+21.8,+11.4,+36.3,+44.8,+15.8,+16.6,+17.3,+17.5,+18.0,+18.1,+18.0
2024-02-22 10:31,1,+47.0,+42.0,+21.9,+11.4,+36.3,+44.8,+16.0,+16.6,+17.3,+17.5,+18.0,+18.1,+18.0
2024-02-22 11:31,1,+47.0,+42.0,+22.0,+11.4,+36.3,+44.8,+16.2,+16.6,+17.3,+17.5,+18.0,+18.1,+18.0
2024-02-22 12:31,1,+46.9,+42.0,+21.7,+11.3,+36.2,+44.8,+16.3,+16.6,+17.2,+17.5,+18.0,+18.1,+18.0
2024-02-22 13:31,1,+46.9,+41.9,+21.9,+11.3,+36.2,+44.7,+16.6,+16.6,+17.2,+17.5,+18.0,+18.1,+18.0
2024-02-22 14:31,1,+46.8,+41.9,+22.0,+11.2,+36.1,+44.7,+16.6,+16.7,+17.2,+17.5,+18.0,+18.1,+18.0
2024-02-22 15:31,1,+46.8,+41.9,+22.0,+11.3,+36.2,+44.7,+16.7,+16.7,+17.2,+17.5,+17.8,+18.1,+18.0
2024-02-22 16:31,1,+46.7,+41.9,+22.2,+11.3,+36.1,+44.7,+16.7,+16.8,+17.2,+17.3,+18.0,+18.1,+18.0
2024-02-22 17:31,1,+46.7,+41.8,+22.1,+11.3,+36.1,+44.7,+16.6,+16.8,+17.2,+17.5,+17.8,+18.1,+18.0
2024-02-22 18:31,1,+46.6,+41.8,+22.0,+11.1,+36.0,+44.6,+16.6,+16.8,+17.2,+17.5,+17.8,+18.1,+18.0
2024-02-22 19:31,1,+46.6,+41.8,+22.1,+11.3,+36.1,+44.6,+16.6,+16.8,+17.2,+17.3,+17.8,+18.0,+18.0
2024-02-22 20:31,1,+46.6,+41.8,+22.0,+11.1,+36.0,+44.6,+16.6,+16.8,+17.2,+17.3,+17.8,+18.0,+18.0
2024-02-22 21:31,1,+46.6,+41.8,+22.0,+11.1,+36.0,+44.6,+16.5,+16.8,+17.2,+17.3,+17.8,+18.1,+18.0
2024-02-22 22:31,1,+46.5,+41.8,+22.0,+11.2,+36.0,+44.6,+16.5,+16.8,+17.3,+17.3,+17.8,+18.1,+17.8
2024-02-22 23:31,1,+46.5,+41.7,+21.9,+11.2,+36.0,+44.6,+16.5,+16.8,+17.2,+17.3,+17.8,+18.1,+17.8
2024-02-23 00:31,1,+46.5,+41.7,+21.9,+11.2,+36.0,+44.6,+16.3,+16.8,+17.2,+17.3,+17.8,+18.0,+17.8
2024-02-23 01:31,1,+46.4,+41.7,+21.9,+11.1,+35.9,+44.5,+16.2,+16.7,+17.2,+17.3,+17.8,+18.0,+18.0
2024-02-23 02:31,1,+46.4,+41.7,+21.9,+11.1,+35.9,+44.5,+16.2,+16.7,+17.2,+17.5,+17.8,+18.0,+17.8
2024-02-23 03:31,1,+46.4,+41.7,+21.9,+11.1,+35.9,+44.5,+16.1,+16.7,+17.2,+17.3,+17.7,+18.0,+17.8
2024-02-23 04:31,1,+46.4,+41.6,+21.9,+11.0,+35.9,+44.5,+16.1,+16.7,+17.2,+17.3,+17.8,+18.0,+17.8
2024-02-23 05:31,1,+46.3,+41.6,+21.8,+11.0,+35.9,+44.5,+16.1,+16.7,+17.2,+17.3,+17.8,+18.0,+17.8
2024-02-23 06:31,1,+46.3,+41.6,+21.8,+11.1,+35.9,+44.5,+16.1,+16.7,+17.2,+17.3,+17.8,+18.0,+17.8
2024-02-23 07:31,1,+46.3,+41.6,+21.8,+11.1,+35.9,+44.5,+16.0,+16.6,+17.2,+17.3,+17.8,+18.0,+17.8
2024-02-23 08:31,1,+46.3,+41.6,+21.8,+11.0,+35.8,+44.5,+16.1,+16.7,+17.2,+17.3,+17.8,+18.0,+17.8
2024-02-23 09:31,1,+46.3,+41.6,+21.8,+11.0,+35.8,+44.4,+16.2,+16.6,+17.1,+17.3,+17.7,+18.0,+17.8
2024-02-23 10:31,1,+46.2,+41.6,+21.8,+10.9,+35.8,+44.4,+16.3,+16.7,+17.2,+17.3,+17.7,+18.0,+17.8
2024-02-23 11:31,1,+46.2,+41.5,+21.8,+11.1,+35.8,+44.4,+16.6,+16.6,+17.2,+17.3,+17.7,+18.0,+17.8