
2024-02-16 14:31,2,+43.2,+19.9,+25.5,+21.6,+34.0,+27.9,+17.8,+17.8,+17.7,+17.8,+18.2,+18.0,+18.5
2024-02-16 15:31,2,+43.2,+19.9,+25.5,+21.5,+34.0,+27.8,+17.8,+17.8,+17.7,+17.8,+18.2,+18.0,+18.5
2024-02-16 16:31,2,+43.3,+19.9,+25.6,+21.6,+34.0,+27.9,+17.8,+17.8,+17.7,+17.8,+18.2,+18.0,+18.5
2024-02-16 17:31,2,+43.3,+20.0,+25.6,+21.6,+34.0,+27.9,+17.8,+17.8,+17.7,+17.8,+18.2,+18.0,+18.5
2024-02-16 18:31,2,+43.3,+20.0,+25.6,+21.5,+33.9,+27.8,+17.8,+18.0,+17.8,+17.8,+18.2,+18.1,+18.5
2024-02-16 19:31,2,+43.4,+20.0,+25.6,+21.6,+34.0,+27.8,+17.7,+18.0,+17.8,+17.8,+18.2,+18.0,+18.5
2024-02-16 20:31,2,+43.4,+20.1,+25.6,+21.5,+34.0,+27.8,+17.8,+18.0,+17.8,+17.8,+18.2,+18.1,+18.5
2024-02-16 21:31,2,+43.4,+20.1,+25.6,+21.5,+33.9,+27.8,+17.7,+18.0,+17.8,+17.8,+18.2,+18.0,+18.5
2024-02-16 22:31,2,+43.4,+20.1,+25.6,+21.5,+33.9,+27.8,+17.7,+18.0,+17.8,+17.8,+18.2,+18.0,+18.5
2024-02-16 23:31,2,+43.3,+20.1,+25.6,+21.6,+34.0,+27.8,+17.7,+18.0,+17.8,+17.8,+18.2,+18.0,+18.5
2024-02-17 00:31,2,+43.3,+20.1,+25.7,+21.6,+34.0,+27.9,+17.7,+18.0,+17.8,+18.0,+18.2,+18.0,+18.5
2024-02-17 01:31,2,+43.3,+20.1,+25.7,+21.6,+34.0,+27.8,+17.7,+18.0,+18.0,+18.0,+18.2,+18.0,+18.5
2024-02-17 02:31,2,+43.3,+20.2,+25.7,+21.6,+34.0,+27.8,+17.7,+18.0,+18.0,+18.0,+18.2,+18.1,+18.5
2024-02-17 03:31,2,+43.3,+20.2,+25.7,+21.6,+34.0,+27.8,+17.7,+18.0,+17.8,+18.0,+18.2,+18.1,+18.5
2024-02-17 04:31,2,+43.3,+20.2,+25.7,+21.5,+34.0,+27.8,+17.7,+18.0,+17.8,+18.0,+18.2,+18.0,+18.5
2024-02-17 05:31,2,+43.3,+20.2,+25.7,+21.6,+34.0,+27.8,+17.8,+18.0,+17.8,+18.0,+18.2,+18.0,+18.5
2024-02-17 06:31,2,+43.3,+20.2,+25.8,+21.5,+34.0,+27.8,+17.7,+18.0,+18.0,+18.0,+18.2,+18.0,+18.5
2024-02-17 07:31,2,+43.3,+20.2,+25.8,+21.6,+34.0,+27.8,+17.7,+18.0,+18.0,+18.0,+18.3,+18.0,+18.5
2024-02-17 08:31,2,+43.3,+20.2,+25.8,+21.6,+34.0,+27.8,+17.8,+18.0,+18.0,+18.0,+18.2,+18.0,+18.5
2024-02-17 09:31,2,+43.3,+20.2,+25.8,+21.5,+34.0,+27.8,+18.0,+18.0,+18.0,+18.0,+18.2,+18.0,+18.5
2024-02-17 10:31,2,+43.3,+20.2,+25.8,+21.7,+34.0,+27.8,+18.0,+18.0,+18.0,+18.0,+18.2,+18.0,+18.5
2024-02-17 11:31,2,+43.2,+20.2,+25.8,+21.7,+34.0,+27.8,+18.2,+18.1,+18.0,+18.0,+18.2,+18.0,+18.5
2024-02-17 12:31,2,+43.2,+20.2,+25.8,+21.7,+34.0,+27.8,+18.2,+18.1,+18.0,+18.0,+18.2,+18.0,+18.5
2024-02-17 13:31,2,+43.2,+20.2,+25.8,+21.7,+34.0,+27.8,+18.5,+18.1,+18.0,+18.0,+18.3,+18.0,+18.5
2024-02-17 14:31,2,+43.2,+20.2,+25.8,+21.5,+34.0,+27.8,+18.3,+18.2,+18.1,+18.0,+18.2,+18.1,+18.5
2024-02-17 15:31,2,+43.2,+20.2,+25.8,+21.7,+34.1,+27.8,+18.5,+18.2,+18.0,+18.0,+18.2,+18.1,+18.5
2024-02-17 16:31,2,+43.2,+20.2,+25.8,+21.7,+34.1,+27.8,+18.6,+18.2,+18.0,+18.0,+18.2,+18.0,+18.5
2024-02-17 17:31,2,+43.2,+20.2,+25.8,+21.6,+34.0,+27.8,+18.6,+18.3,+18.1,+18.1,+18.3,+18.1,+18.5
2024-02-17 18:31,2,+43.2,+20.2,+25.8,+21.6,+34.0,+27.8,+18.5,+18.3,+18.1,+18.1,+18.2,+18.1,+18.5
2024-02-17 19:31,2,+43.2,+20.2,+25.8,+21.6,+34.0,+27.8,+18.5,+18.5,+18.1,+18.1,+18.3,+18.1,+18.5
2024-02-17 20:31,2,+43.2,+20.2,+25.8,+21.7,+34.1,+27.8,+18.5,+18.5,+18.1,+18.1,+18.3,+18.0,+18.5
2024-02-17 21:31,2,+43.2,+20.2,+25.8,+21.7,+34.1,+27.8,+18.5,+18.3,+18.1,+18.1,+18.3,+18.1,+18.5
2024-02-17 22:31,2,+43.1,+20.2,+25.8,+21.6,+34.0,+27.8,+18.5,+18.5,+18.2,+18.1,+18.3,+18.0,+18.5
2024-02-17 23:31,2,+43.1,+20.2,+25.8,+21.7,+34.1,+27.8,+18.5,+18.5,+18.2,+18.1,+18.2,+18.0,+18.5
2024-02-18 00:31,2,+43.1,+20.2,+25.8,+21.6,+34.1,+27.8,+18.5,+18.5,+18.2,+18.1,+18.3,+18.0,+18.5
2024-02-18 01:31,2,+43.1,+20.2,+25.9,+21.6,+34.1,+27.8,+18.5,+18.5,+18.2,+18.1,+18.3,+18.0,+18.5
2024-02-18 02:31,2,+43.1,+20.1,+25.8,+21.6,+34.1,+27.8,+18.3,+18.5,+18.2,+18.1,+18.3,+18.1,+18.5
2024-02-18 03:31,2,+43.1,+20.1,+25.9,+21.7,+34.1,+27.8,+18.3,+18.5,+18.2,+18.1,+18.3,+18.0,+18.5
2024-02-18 04:31,2,+43.1,+20.1,+25.9,+21.6,+34.1,+27.8,+18.3,+18.5,+18.3,+18.1,+18.3,+18.1,+18.5
2024-02-18 05:31,2,+43.1,+20.1,+25.8,+21.6,+34.1,+27.8,+18.3,+18.5,+18.2,+18.1,+18.3,+18.1,+18.5
2024-02-18 06:31,2,+43.1,+20.1,+25.8,+21.7,+34.1,+27.8,+18.3,+18.5,+18.3,+18.1,+18.3,+18.1,+18.5
2024-02-18 07:31,2,+43.1,+20.1,+25.8,+21.6,+34.1,+27.8,+18.3,+18.5,+18.3,+18.1,+18.3,+18.1,+18.5
2024-02-18 08:31,2,+43.1,+20.1,+25.8,+21.7,+34.1,+27.8,+18.5,+18.5,+18.3,+18.1,+18.3,+18.1,+18.5
2024-02-18 09:31,2,+43.1,+20.1,+25.9,+21.8,+34.1,+27.8,+18.6,+18.5,+18.3,+18.1,+18.3,+18.1,+18.5
2024-02-18 10:31,2,+43.1,+20.1,+25.8,+21.7,+34.1,+27.8,+18.7,+18.6,+18.3,+18.2,+18.3,+18.1,+18.5
2024-02-18 11:31,2,+43.1,+20.1,+25.8,+21.7,+34.1,+27.8,+18.8,+18.6,+18.3,+18.2,+18.3,+18.1,+18.5
2024-02-18 12:31,2,+43.1,+20.1,+25.8,+21.7,+34.1,+27.8,+19.1,+18.6,+18.3,+18.2,+18.3,+18.1,+18.5
2024-02-18 13:31,2,+43.1,+20.1,+25.8,+21.7,+34.1,+27.8,+19.1,+18.7,+18.3,+18.2,+18.5,+18.1,+18.5
2024-02-18 14:31,2,+43.1,+20.1,+25.8,+21.7,+34.1,+27.8,+19.2,+18.7,+18.5,+18.2,+18.3,+18.1,+18.5
2024-02-18 15:31,2,+43.1,+20.1,+25.8,+21.7,+34.1,+27.8,+19.1,+18.8,+18.3,+18.2,+18.5,+18.1,+18.5
2024-02-18 16:31,2,+43.1,+20.0,+25.8,+21.7,+34.1,+27.8,+19.2,+18.8,+18.5,+18.2,+18.3,+18.1,+18.6
2024-02-18 17:31,2,+43.1,+20.0,+25.8,+21.7,+34.1,+27.8,+19.2,+19.0,+18.5,+18.2,+18.5,+18.2,+18.5
2024-02-18 18:31,2,+43.3,+20.0,+25.8,+21.6,+34.1,+27.7,+19.2,+19.0,+18.6,+18.2,+18.5,+18.1,+18.5
2024-02-18 19:31,2,+43.4,+20.1,+25.8,+21.6,+34.1,+27.7,+19.1,+19.0,+18.6,+18.3,+18.5,+18.1,+18.5
2024-02-18 20:31,2,+43.5,+20.1,+25.9,+21.8,+34.2,+27.8,+19.1,+19.0,+18.6,+18.3,+18.5,+18.2,+18.6
2024-02-18 21:31,2,+43.5,+20.1,+25.8,+21.7,+34.1,+27.8,+19.0,+19.0,+18.6,+18.3,+18.5,+18.2,+18.5
2024-02-18 22:31,2,+43.5,+20.1,+25.8,+21.7,+34.1,+27.8,+19.0,+19.0,+18.6,+18.3,+18.5,+18.1,+18.6
2024-02-18 23:31,2,+43.4,+20.1,+25.8,+21.8,+34.2,+27.8,+19.0,+19.0,+18.6,+18.3,+18.5,+18.2,+18.5
2024-02-19 00:31,2,+43.4,+20.2,+25.8,+21.8,+34.2,+27.8,+18.8,+19.0,+18.7,+18.3,+18.5,+18.2,+18.5
2024-02-19 01:31,2,+43.4,+20.2,+25.8,+21.8,+34.2,+27.8,+18.7,+19.0,+18.6,+18.3,+18.5,+18.2,+18.5
2024-02-19 02:31,2,+43.3,+20.2,+25.8,+21.8,+34.2,+27.8,+18.7,+19.0,+18.7,+18.3,+18.5,+18.1,+18.6
2024-02-19 03:31,2,+43.3,+20.2,+25.9,+21.8,+34.2,+27.8,+18.7,+19.0,+18.7,+18.3,+18.5,+18.2,+18.6
2024-02-19 04:31,2,+43.3,+20.2,+25.8,+21.7,+34.1,+27.8,+18.6,+18.8,+18.7,+18.3,+18.5,+18.2,+18.6
2024-02-19 05:31,2,+43.3,+20.2,+25.8,+21.8,+34.2,+27.8,+18.5,+18.8,+18.7,+18.5,+18.6,+18.2,+18.5
2024-02-19 06:31,2,+43.3,+20.2,+25.9,+21.8,+34.2,+27.8,+18.5,+18.8,+18.7,+18.5,+18.5,+18.1,+18.5
2024-02-19 07:31,2,+43.3,+20.2,+25.8,+21.8,+34.2,+27.8,+18.5,+18.8,+18.7,+18.5,+18.5,+18.2,+18.6
2024-02-19 08:31,2,+43.3,+20.2,+25.9,+21.8,+34.2,+27.8,+18.5,+18.8,+18.7,+18.5,+18.6,+18.2,+18.5
2024-02-19 09:31,2,+43.4,+20.2,+25.9,+21.8,+34.2,+27.8,+18.5,+18.7,+18.7,+18.5,+18.6,+18.2,+18.6
2024-02-19 10:31,2,+43.5,+20.2,+25.8,+21.8,+34.2,+27.8,+18.5,+18.7,+18.7,+18.5,+18.6,+18.2,+18.6
2024-02-19 11:31,2,+43.7,+20.2,+25.9,+21.8,+34.2,+27.8,+18.5,+18.7,+18.7,+18.5,+18.6,+18.2,+18.6
2024-02-19 12:31,2,+43.8,+20.3,+25.9,+21.8,+34.2,+27.8,+18.5,+18.7,+18.7,+18.5,+18.6,+18.3,+18.6
2024-02-19 13:31,2,+44.0,+20.4,+25.9,+21.7,+34.1,+27.7,+18.5,+18.7,+18.6,+18.6,+18.6,+18.3,+18.6
2024-02-19 14:31,2,+44.2,+20.5,+25.9,+21.7,+34.1,+27.7,+18.6,+18.7,+18.6,+18.5,+18.6,+18.2,+18.6
2024-02-19 15:31,2,+44.3,+20.6,+25.9,+21.8,+34.2,+27.8,+18.6,+18.7,+18.7,+18.5,+18.6,+18.3,+18.6
2024-02-19 16:31,2,+44.5,+20.8,+26.0,+21.8,+34.2,+27.8,+18.6,+18.7,+18.6,+18.5,+18.6,+18.2,+18.6
2024-02-19 17:31,2,+44.5,+21.0,+26.1,+21.8,+34.2,+27.8,+18.6,+18.7,+18.6,+18.5,+18.6,+18.3,+18.6
2024-02-19 18:31,2,+44.6,+21.2,+26.3,+21.8,+34.2,+27.8,+18.6,+18.7,+18.6,+18.5,+18.6,+18.3,+18.6
2024-02-19 19:31,2,+44.6,+21.2,+26.5,+21.8,+34.2,+27.8,+18.5,+18.7,+18.6,+18.5,+18.6,+18.3,+18.6
2024-02-19 20:31,2,+44.8,+21.3,+26.8,+21.8,+34.2,+27.8,+18.5,+18.7,+18.7,+18.5,+18.6,+18.3,+18.6
2024-02-19 21:31,2,+44.7,+21.4,+27.2,+21.8,+34.2,+27.7,+18.5,+18.7,+18.6,+18.5,+18.6,+18.3,+18.6
2024-02-19 22:31,2,+44.6,+21.4,+27.4,+21.9,+34.2,+27.7,+18.3,+18.7,+18.6,+18.5,+18.6,+18.2,+18.6
2024-02-19 23:31,2,+44.5,+21.3,+27.5,+22.1,+34.3,+27.7,+18.3,+18.7,+18.7,+18.5,+18.6,+18.2,+18.6
2024-02-20 00:31,2,+44.6,+21.4,+27.5,+22.2,+34.4,+27.7,+18.2,+18.7,+18.6,+18.5,+18.6,+18.3,+18.6
2024-02-20 01:31,2,+44.6,+21.4,+27.5,+22.4,+34.8,+27.8,+18.2,+18.7,+18.6,+18.5,+18.6,+18.3,+18.6
2024-02-20 02:31,2,+44.6,+21.4,+27.5,+22.4,+35.0,+27.9,+18.2,+18.6,+18.6,+18.6,+18.7,+18.3,+18.6
2024-02-20 03:31,2,+44.6,+21.4,+27.6,+22.5,+35.2,+28.0,+18.2,+18.6,+18.6,+18.6,+18.7,+18.3,+18.7
2024-02-20 04:31,2,+44.6,+21.4,+27.6,+22.6,+35.3,+28.3,+18.1,+18.6,+18.6,+18.5,+18.6,+18.3,+18.6
2024-02-20 05:31,2,+44.6,+21.4,+27.6,+22.5,+35.3,+28.5,+18.0,+18.6,+18.6,+18.5,+18.6,+18.3,+18.6
2024-02-20 06:31,2,+44.6,+21.4,+27.6,+22.6,+35.4,+28.7,+17.8,+18.5,+18.6,+18.5,+18.6,+18.3,+18.6
2024-02-20 07:31,2,+44.6,+21.4,+27.6,+22.6,+35.4,+28.9,+17.7,+18.5,+18.6,+18.5,+18.7,+18.3,+18.6
2024-02-20 08:31,2,+44.6,+21.4,+27.6,+22.5,+35.4,+29.0,+17.7,+18.5,+18.6,+18.5,+18.7,+18.3,+18.7
2024-02-20 09:31,2,+44.5,+21.4,+27.6,+22.5,+35.4,+29.0,+17.7,+18.3,+18.6,+18.6,+18.6,+18.5,+18.7
2024-02-20 10:31,2,+44.4,+21.4,+27.5,+22.6,+35.4,+29.0,+17.6,+18.3,+18.5,+18.5,+18.7,+18.3,+18.6
2024-02-20 11:31,2,+44.4,+21.3,+27.5,+22.5,+35.3,+29.0,+17.7,+18.2,+18.5,+18.6,+18.7,+18.3,+18.7
2024-02-20 12:31,2,+44.3,+21.3,+27.4,+22.5,+35.4,+29.0,+17.7,+18.2,+18.5,+18.5,+18.6,+18.3,+18.7
2024-02-20 13:31,2,+44.4,+21.2,+27.3,+22.5,+35.3,+29.0,+17.7,+18.2,+18.5,+18.5,+18.6,+18.3,+18.7
2024-02-20 14:31,2,+44.9,+21.3,+27.3,+22.5,+35.3,+29.0,+17.8,+18.2,+18.5,+18.5,+18.7,+18.3,+18.7
2024-02-20 15:31,2,+44.8,+21.5,+27.4,+22.5,+35.3,+29.0,+17.8,+18.2,+18.3,+18.5,+18.7,+18.5,+18.7
2024-02-20 16:31,2,+44.8,+21.5,+27.6,+22.5,+35.3,+28.9,+17.8,+18.2,+18.3,+18.5,+18.7,+18.5,+18.7
2024-02-20 17:31,2,+44.9,+21.5,+27.7,+22.6,+35.4,+29.0,+17.8,+18.2,+18.3,+18.5,+18.7,+18.3,+18.6
2024-02-20 18:31,2,+45.0,+21.6,+27.8,+22.7,+35.5,+29.0,+17.7,+18.2,+18.3,+18.5,+18.7,+18.5,+18.7
2024-02-20 19:31,2,+45.0,+21.7,+28.1,+22.8,+35.7,+29.1,+17.6,+18.2,+18.3,+18.5,+18.7,+18.3,+18.7
2024-02-20 20:31,2,+44.9,+21.6,+28.0,+22.9,+35.8,+29.3,+17.6,+18.2,+18.3,+18.5,+18.7,+18.3,+18.7
2024-02-20 21:31,2,+45.0,+21.7,+28.0,+22.8,+35.8,+29.4,+17.5,+18.1,+18.3,+18.3,+18.7,+18.5,+18.7
2024-02-20 22:31,2,+44.9,+21.7,+28.0,+22.9,+35.8,+29.4,+17.3,+18.1,+18.3,+18.5,+18.7,+18.5,+18.7
2024-02-20 23:31,2,+45.0,+21.7,+28.1,+22.9,+35.8,+29.4,+17.3,+18.0,+18.3,+18.5,+18.7,+18.3,+18.7
2024-02-21 00:31,2,+45.0,+21.8,+28.2,+22.9,+35.9,+29.4,+17.2,+18.0,+18.2,+18.3,+18.7,+18.5,+18.7
2024-02-21 01:31,2,+44.9,+21.7,+28.2,+22.9,+35.9,+29.5,+17.1,+17.8,+18.2,+18.3,+18.7,+18.3,+18.7
2024-02-21 02:31,2,+44.8,+21.6,+28.0,+22.8,+35.9,+29.5,+17.0,+17.8,+18.2,+18.3,+18.7,+18.3,+18.7
2024-02-21 03:31,2,+44.7,+21.5,+27.8,+22.8,+35.8,+29.4,+16.8,+17.7,+18.1,+18.3,+18.6,+18.5,+18.7
2024-02-21 04:31,2,+44.8,+21.6,+27.8,+22.6,+35.6,+29.3,+16.8,+17.6,+18.1,+18.3,+18.7,+18.3,+18.7
2024-02-21 05:31,2,+44.8,+21.6,+27.8,+22.8,+35.7,+29.3,+16.7,+17.6,+18.1,+18.3,+18.6,+18.3,+18.7
2024-02-21 06:31,2,+44.7,+21.5,+27.8,+22.8,+35.7,+29.3,+16.7,+17.6,+18.0,+18.3,+18.6,+18.3,+18.7
2024-02-21 07:31,2,+44.6,+21.5,+27.7,+22.6,+35.6,+29.2,+16.6,+17.5,+18.0,+18.3,+18.6,+18.3,+18.7
2024-02-21 08:31,2,+44.5,+21.4,+27.6,+22.7,+35.6,+29.2,+16.6,+17.3,+18.0,+18.2,+18.6,+18.3,+18.7
2024-02-21 09:31,2,+44.5,+21.3,+27.5,+22.7,+35.5,+29.2,+16.6,+17.3,+17.8,+18.2,+18.6,+18.3,+18.7
2024-02-21 10:31,2,+44.4,+21.3,+27.4,+22.5,+35.4,+29.1,+16.6,+17.3,+17.8,+18.2,+18.6,+18.3,+18.7
2024-02-21 11:31,2,+44.4,+21.2,+27.3,+22.5,+35.4,+29.0,+16.7,+17.3,+17.8,+18.2,+18.6,+18.3,+18.7
2024-02-21 12:31,2,+44.3,+21.2,+27.3,+22.5,+35.3,+29.0,+16.8,+17.3,+17.7,+18.2,+18.6,+18.3,+18.7
2024-02-21 13:31,2,+44.2,+21.1,+27.2,+22.4,+35.3,+28.9,+16.8,+17.3,+17.7,+18.1,+18.6,+18.3,+18.7
2024-02-21 14:31,2,+44.2,+21.0,+27.1,+22.4,+35.2,+28.9,+16.8,+17.3,+17.7,+18.1,+18.6,+18.3,+18.7
2024-02-21 15:31,2,+44.2,+21.0,+27.0,+22.5,+35.2,+28.8,+16.8,+17.3,+17.7,+18.1,+18.6,+18.3,+18.7
2024-02-21 16:31,2,+44.0,+21.0,+27.0,+22.3,+35.2,+28.8,+16.8,+17.3,+17.7,+18.1,+18.5,+18.3,+18.7
2024-02-21 17:31,2,+44.0,+20.9,+26.9,+22.4,+35.2,+28.7,+16.8,+17.3,+17.6,+18.1,+18.5,+18.3,+18.7
2024-02-21 18:31,2,+44.0,+20.9,+26.9,+22.3,+35.1,+28.7,+16.7,+17.3,+17.6,+18.1,+18.5,+18.3,+18.7
2024-02-21 19:31,2,+44.0,+20.9,+26.9,+22.3,+35.1,+28.7,+16.6,+17.3,+17.6,+18.1,+18.5,+18.3,+18.7
2024-02-21 20:31,2,+43.9,+20.8,+26.8,+22.4,+35.1,+28.7,+16.6,+17.3,+17.7,+18.0,+18.5,+18.3,+18.7
2024-02-21 21:31,2,+43.8,+20.8,+26.8,+22.4,+35.1,+28.7,+16.5,+17.2,+17.6,+18.0,+18.5,+18.3,+18.7
2024-02-21 22:31,2,+43.8,+20.8,+26.8,+22.2,+35.0,+28.6,+16.5,+17.2,+17.7,+18.0,+18.5,+18.2,+18.7
2024-02-21 23:31,2,+43.7,+20.8,+26.7,+22.3,+35.0,+28.6,+16.3,+17.2,+17.6,+18.0,+18.5,+18.2,+18.7
2024-02-22 00:31,2,+43.7,+20.7,+26.7,+22.3,+35.0,+28.6,+16.3,+17.1,+17.6,+18.0,+18.5,+18.2,+18.7
2024-02-22 01:31,2,+43.7,+20.7,+26.7,+22.3,+35.0,+28.6,+16.3,+17.1,+17.6,+18.0,+18.5,+18.2,+18.7
2024-02-22 02:31,2,+43.7,+20.7,+26.7,+22.3,+35.0,+28.5,+16.2,+17.1,+17.6,+18.0,+18.5,+18.2,+18.6
2024-02-22 03:31,2,+43.7,+20.6,+26.6,+22.3,+35.0,+28.5,+16.2,+17.1,+17.5,+18.0,+18.5,+18.2,+18.7
2024-02-22 04:31,2,+43.7,+20.6,+26.6,+22.2,+34.9,+28.5,+16.1,+17.1,+17.6,+18.0,+18.5,+18.2,+18.7
2024-02-22 05:31,2,+43.7,+20.6,+26.6,+22.3,+35.0,+28.5,+16.0,+17.0,+17.5,+18.0,+18.5,+18.2,+18.6
2024-02-22 06:31,2,+43.6,+20.6,+26.6,+22.2,+34.9,+28.4,+15.8,+16.8,+17.5,+18.0,+18.5,+18.1,+18.6
2024-02-22 07:31,2,+43.6,+20.6,+26.6,+22.3,+34.9,+28.4,+15.8,+16.8,+17.5,+18.0,+18.5,+18.2,+18.6
2024-02-22 08:31,2,+43.6,+20.6,+26.6,+22.1,+34.9,+28.4,+15.8,+16.8,+17.3,+17.8,+18.5,+18.1,+18.7
2024-02-22 09:31,2,+43.5,+20.6,+26.5,+22.3,+34.9,+28.4,+15.8,+16.7,+17.3,+17.8,+18.3,+18.2,+18.6
2024-02-22 10:31,2,+43.5,+20.6,+26.5,+22.3,+34.9,+28.4,+16.0,+16.7,+17.3,+17.8,+18.3,+18.1,+18.6
2024-02-22 11:31,2,+43.5,+20.5,+26.5,+22.1,+34.8,+28.4,+16.1,+16.7,+17.3,+17.8,+18.3,+18.2,+18.7
2024-02-22 12:31,2,+43.5,+20.5,+26.5,+22.2,+34.9,+28.4,+16.2,+16.7,+17.3,+17.8,+18.3,+18.1,+18.6
2024-02-22 13:31,2,+43.5,+20.5,+26.4,+22.2,+34.9,+28.4,+16.2,+16.7,+17.2,+17.8,+18.3,+18.1,+18.6
2024-02-22 14:31,2,+43.4,+20.5,+26.4,+22.1,+34.8,+28.3,+16.3,+16.7,+17.2,+17.8,+18.3,+18.1,+18.7
2024-02-22 15:31,2,+43.4,+20.5,+26.4,+22.1,+34.8,+28.3,+16.5,+16.8,+17.2,+17.7,+18.3,+18.2,+18.6
2024-02-22 16:31,2,+43.4,+20.4,+26.4,+22.2,+34.8,+28.3,+16.5,+16.8,+17.2,+17.7,+18.3,+18.1,+18.6
2024-02-22 17:31,2,+43.4,+20.4,+26.4,+22.2,+34.8,+28.3,+16.5,+16.8,+17.2,+17.8,+18.3,+18.1,+18.6
2024-02-22 18:31,2,+43.3,+20.4,+26.4,+22.2,+34.8,+28.3,+16.5,+16.8,+17.2,+17.7,+18.2,+18.1,+18.6
2024-02-22 19:31,2,+43.3,+20.4,+26.4,+22.2,+34.8,+28.3,+16.5,+16.8,+17.2,+17.7,+18.3,+18.1,+18.6
2024-02-22 20:31,2,+43.3,+20.4,+26.4,+22.1,+34.8,+28.3,+16.5,+16.8,+17.2,+17.7,+18.3,+18.1,+18.6
2024-02-22 21:31,2,+43.3,+20.3,+26.4,+22.2,+34.8,+28.3,+16.3,+17.0,+17.2,+17.7,+18.2,+18.0,+18.6
2024-02-22 22:31,2,+43.3,+20.3,+26.3,+22.1,+34.8,+28.3,+16.3,+17.0,+17.2,+17.7,+18.2,+18.1,+18.6
2024-02-22 23:31,2,+43.3,+20.3,+26.3,+22.1,+34.8,+28.3,+16.2,+16.8,+17.2,+17.7,+18.2,+18.1,+18.6
2024-02-23 00:31,2,+43.2,+20.3,+26.3,+22.1,+34.7,+28.2,+16.2,+16.8,+17.2,+17.6,+18.2,+18.0,+18.6
2024-02-23 01:31,2,+43.2,+20.3,+26.3,+22.2,+34.8,+28.3,+16.1,+16.8,+17.2,+17.6,+18.2,+18.0,+18.6
2024-02-23 02:31,2,+43.2,+20.3,+26.3,+22.1,+34.8,+28.2,+16.1,+16.8,+17.2,+17.7,+18.2,+18.1,+18.6
2024-02-23 03:31,2,+43.2,+20.3,+26.3,+22.1,+34.8,+28.2,+16.0,+16.8,+17.2,+17.7,+18.2,+18.0,+18.6
2024-02-23 04:31,2,+43.2,+20.2,+26.2,+22.0,+34.7,+28.2,+16.0,+16.7,+17.2,+17.7,+18.2,+18.1,+18.6
2024-02-23 05:31,2,+43.1,+20.2,+26.2,+22.0,+34.7,+28.2,+15.8,+16.7,+17.2,+17.6,+18.2,+18.0,+18.6
2024-02-23 06:31,2,+43.1,+20.2,+26.2,+22.1,+34.8,+28.2,+15.8,+16.7,+17.1,+17.6,+18.2,+18.0,+18.6
2024-02-23 07:31,2,+43.1,+20.2,+26.2,+22.1,+34.8,+28.2,+15.8,+16.7,+17.1,+17.6,+18.2,+18.0,+18.6
2024-02-23 08:31,2,+43.1,+20.2,+26.2,+22.1,+34.7,+28.2,+15.8,+16.6,+17.1,+17.6,+18.2,+18.0,+18.6
2024-02-23 09:31,2,+43.1,+20.1,+26.2,+22.0,+34.7,+28.1,+15.8,+16.6,+17.2,+17.6,+18.1,+18.0,+18.5
2024-02-23 10:31,2,+43.1,+20.1,+26.1,+22.1,+34.7,+28.2,+16.1,+16.6,+17.1,+17.6,+18.1,+18.0,+18.6
2024-02-23 11:31,2,+43.0,+20.1,+26.1,+22.0,+34.7,+28.1,+16.3,+16.6,+17.1,+17.6,+18.2,+18.0,+18.6