
2023-11-07 09:52,4,+30.4,+31.7,+18.0,+6.2,+9.8,+23.9,+18.7,+19.0,+18.7,+18.8,+18.7,+18.6,+18.8
2023-11-07 10:52,4,+30.2,+31.7,+18.0,+6.1,+9.7,+23.9,+18.7,+19.0,+18.7,+18.8,+18.7,+18.5,+18.8
2023-11-07 11:52,4,+30.1,+31.6,+17.9,+6.0,+9.7,+23.9,+18.8,+19.0,+18.7,+18.8,+18.7,+18.5,+18.8
2023-11-07 12:52,4,+30.1,+31.6,+17.9,+6.0,+9.7,+23.9,+19.0,+19.0,+18.7,+18.8,+18.7,+18.6,+18.8
2023-11-07 13:52,4,+30.1,+31.5,+17.9,+6.1,+9.7,+23.9,+19.0,+19.0,+18.8,+18.8,+18.7,+18.5,+18.8
2023-11-07 14:52,4,+30.0,+31.5,+17.9,+6.1,+9.7,+23.9,+19.1,+19.1,+18.8,+18.8,+18.7,+18.6,+18.8
2023-11-07 15:52,4,+30.0,+31.5,+17.9,+6.0,+9.7,+23.8,+19.2,+19.1,+18.7,+18.8,+18.7,+18.6,+18.8
2023-11-07 16:52,4,+29.9,+31.5,+17.9,+6.0,+9.7,+23.8,+19.2,+19.1,+18.8,+18.8,+18.6,+18.6,+18.8
2023-11-07 17:52,4,+30.0,+31.4,+17.8,+6.1,+9.7,+23.8,+19.2,+19.2,+18.7,+18.8,+18.7,+18.5,+18.8
2023-11-07 18:52,4,+29.9,+31.4,+17.9,+6.1,+9.7,+23.8,+19.2,+19.2,+18.8,+18.8,+18.7,+18.5,+18.8
2023-11-07 19:52,4,+37.7,+32.6,+17.9,+6.0,+9.7,+23.8,+19.2,+19.3,+18.8,+18.8,+18.7,+18.5,+18.8
2023-11-07 20:52,4,+32.2,+32.4,+17.8,+5.9,+9.6,+23.8,+19.2,+19.3,+18.8,+18.8,+18.7,+18.6,+18.8
2023-11-07 21:52,4,+31.5,+32.6,+17.9,+5.9,+9.6,+23.8,+19.2,+19.3,+18.8,+18.8,+18.7,+18.6,+18.8
2023-11-07 22:52,4,+31.2,+32.6,+17.9,+6.0,+9.6,+23.8,+19.2,+19.3,+19.0,+18.8,+18.7,+18.6,+18.8
2023-11-07 23:52,4,+31.0,+32.5,+17.9,+6.0,+9.6,+23.7,+19.1,+19.3,+19.0,+18.8,+18.7,+18.5,+18.8
2023-11-08 00:52,4,+30.9,+32.4,+17.9,+5.9,+9.6,+23.7,+19.1,+19.3,+19.0,+19.0,+18.7,+18.6,+18.8
2023-11-08 01:52,4,+30.9,+32.3,+18.0,+6.1,+9.6,+23.7,+19.0,+19.3,+19.0,+19.0,+18.7,+18.5,+18.8
2023-11-08 02:52,4,+30.8,+32.3,+18.0,+6.0,+9.6,+23.7,+19.0,+19.3,+19.0,+19.0,+18.7,+18.6,+18.8
2023-11-08 03:52,4,+30.7,+32.2,+18.0,+6.1,+9.7,+23.7,+18.8,+19.3,+19.0,+19.0,+18.7,+18.6,+18.8
2023-11-08 04:52,4,+30.8,+32.2,+18.0,+6.0,+9.6,+23.7,+18.8,+19.3,+19.1,+19.0,+18.7,+18.6,+18.8
2023-11-08 05:52,4,+30.8,+32.1,+18.0,+6.0,+9.6,+23.7,+18.8,+19.2,+19.0,+19.0,+18.8,+18.6,+18.8
2023-11-08 06:52,4,+30.8,+32.1,+18.0,+6.0,+9.6,+23.7,+18.8,+19.2,+19.0,+19.0,+18.7,+18.6,+18.8
2023-11-08 07:52,4,+30.7,+32.0,+18.0,+6.0,+9.6,+23.7,+18.7,+19.2,+19.0,+19.0,+18.7,+18.6,+19.0
2023-11-08 08:52,4,+30.6,+32.0,+18.0,+6.1,+9.7,+23.7,+18.8,+19.2,+19.0,+19.0,+18.7,+18.6,+18.8
2023-11-08 09:52,4,+30.6,+31.9,+17.9,+6.0,+9.6,+23.7,+18.8,+19.2,+19.0,+19.0,+18.7,+18.6,+18.8
2023-11-08 10:52,4,+30.5,+31.9,+17.9,+6.1,+9.7,+23.7,+19.0,+19.2,+19.0,+19.0,+18.7,+18.7,+18.8
2023-11-08 11:52,4,+30.5,+31.8,+17.9,+6.0,+9.6,+23.7,+19.1,+19.2,+19.0,+19.0,+18.7,+18.6,+18.8
2023-11-08 12:52,4,+30.4,+31.8,+17.9,+6.0,+9.6,+23.7,+19.1,+19.2,+19.0,+19.0,+18.8,+18.6,+18.8
2023-11-08 13:52,4,+30.4,+31.8,+17.9,+6.1,+9.7,+23.7,+19.2,+19.2,+19.0,+19.0,+18.7,+18.7,+18.8
2023-11-08 14:52,4,+30.4,+31.7,+17.9,+6.0,+9.6,+23.7,+19.1,+19.2,+19.0,+19.0,+18.7,+18.6,+18.8
2023-11-08 15:52,4,+30.3,+31.7,+17.9,+5.9,+9.6,+23.7,+19.3,+19.3,+19.0,+19.0,+18.7,+18.6,+18.8
2023-11-08 16:52,4,+30.3,+31.7,+17.9,+5.9,+9.6,+23.7,+19.3,+19.3,+19.0,+19.0,+18.8,+18.7,+18.8
2023-11-08 17:52,4,+30.4,+31.6,+17.9,+6.0,+9.7,+23.7,+19.2,+19.3,+19.0,+19.0,+18.8,+18.6,+18.8
2023-11-08 18:52,4,+30.5,+31.6,+17.9,+5.9,+9.6,+23.7,+19.2,+19.3,+19.0,+19.0,+18.8,+18.7,+19.0
2023-11-08 19:52,4,+30.5,+31.6,+17.9,+6.0,+9.7,+23.7,+19.2,+19.3,+19.0,+19.0,+18.8,+18.6,+18.8
2023-11-08 20:52,4,+30.5,+31.6,+17.9,+5.9,+9.6,+23.7,+19.2,+19.3,+19.0,+19.0,+18.8,+18.6,+19.0
2023-11-08 21:52,4,+30.5,+31.6,+17.9,+6.0,+9.6,+23.8,+19.1,+19.3,+19.0,+19.0,+18.8,+18.6,+19.0
2023-11-08 22:52,4,+30.5,+31.6,+17.8,+6.0,+9.6,+23.7,+19.1,+19.3,+19.0,+19.0,+18.8,+18.7,+18.8
2023-11-08 23:52,4,+30.6,+31.6,+17.8,+6.0,+9.6,+23.7,+19.0,+19.3,+19.0,+19.0,+18.8,+18.6,+19.0
2023-11-09 00:52,4,+30.5,+31.6,+17.8,+6.0,+9.7,+23.7,+18.8,+19.3,+19.0,+19.1,+18.8,+18.7,+18.8
2023-11-09 01:52,4,+30.5,+31.6,+17.8,+5.9,+9.6,+23.7,+18.7,+19.3,+19.1,+19.1,+18.8,+18.7,+18.8
2023-11-09 02:52,4,+30.5,+31.6,+17.8,+5.9,+9.6,+23.7,+18.6,+19.3,+19.1,+19.1,+18.8,+18.7,+19.0
2023-11-09 03:52,4,+30.4,+31.6,+17.8,+6.0,+9.6,+23.7,+18.6,+19.2,+19.1,+19.0,+18.8,+18.7,+19.0
2023-11-09 04:52,4,+30.4,+31.5,+17.8,+6.0,+9.6,+23.7,+18.5,+19.2,+19.0,+19.0,+18.8,+18.7,+19.0
2023-11-09 05:52,4,+30.4,+31.5,+17.8,+5.9,+9.6,+23.7,+18.5,+19.2,+19.0,+19.1,+18.8,+18.7,+18.8
2023-11-09 06:52,4,+30.4,+31.5,+17.8,+6.0,+9.6,+23.7,+18.3,+19.1,+19.0,+19.1,+18.8,+18.7,+19.0
2023-11-09 07:52,4,+30.4,+31.5,+17.8,+5.8,+9.6,+23.7,+18.3,+19.0,+19.0,+19.0,+18.8,+18.7,+19.0
2023-11-09 08:52,4,+30.7,+31.5,+17.8,+5.9,+9.6,+23.7,+18.2,+19.0,+19.0,+19.1,+18.8,+18.7,+19.0
2023-11-09 09:52,4,+30.7,+31.4,+17.8,+5.8,+9.6,+23.7,+18.2,+19.0,+19.0,+19.1,+18.8,+18.7,+19.0
2023-11-09 10:52,4,+31.0,+31.4,+17.8,+5.9,+9.6,+23.7,+18.3,+19.0,+19.0,+19.0,+18.8,+18.7,+19.0
2023-11-09 11:52,4,+30.6,+31.4,+17.7,+5.9,+9.6,+23.7,+18.5,+19.0,+19.0,+19.0,+18.8,+18.7,+19.0
2023-11-09 12:52,4,+30.2,+31.4,+17.7,+5.9,+9.6,+23.7,+18.6,+19.0,+18.8,+19.1,+18.8,+18.7,+19.0
2023-11-09 13:52,4,+30.1,+31.3,+17.7,+5.8,+9.5,+23.6,+18.6,+19.0,+19.0,+19.1,+18.8,+18.7,+19.0
2023-11-09 14:52,4,+30.3,+31.3,+17.7,+5.8,+9.5,+23.6,+18.7,+19.0,+18.8,+19.1,+18.8,+18.7,+19.0
2023-11-09 15:52,4,+30.5,+31.3,+17.7,+5.8,+9.5,+23.6,+18.8,+19.0,+18.8,+19.0,+18.8,+18.7,+18.8
2023-11-09 16:52,4,+30.5,+31.2,+17.7,+5.9,+9.6,+23.6,+18.8,+19.1,+18.8,+19.0,+18.8,+18.7,+19.0
2023-11-09 17:52,4,+30.5,+31.2,+17.7,+5.9,+9.6,+23.6,+18.7,+19.1,+18.8,+19.1,+19.0,+18.7,+19.0
2023-11-09 18:52,4,+30.3,+31.2,+17.7,+5.9,+9.6,+23.6,+18.7,+19.0,+18.8,+19.0,+18.8,+18.7,+19.0
2023-11-09 19:52,4,+30.3,+31.2,+17.7,+5.9,+9.6,+23.6,+18.7,+19.1,+18.8,+19.0,+18.8,+18.7,+19.0
2023-11-09 20:52,4,+30.4,+31.2,+17.7,+5.8,+9.5,+23.6,+18.7,+19.1,+19.0,+19.0,+18.8,+18.7,+19.0
2023-11-09 21:52,4,+31.0,+31.2,+17.7,+5.8,+9.5,+23.5,+18.6,+19.0,+18.8,+19.1,+18.8,+18.7,+19.0
2023-11-09 22:52,4,+30.6,+31.1,+17.7,+5.8,+9.5,+23.5,+18.6,+19.1,+18.8,+19.0,+18.8,+18.7,+18.8
2023-11-09 23:52,4,+30.7,+31.1,+17.7,+5.8,+9.5,+23.5,+18.6,+19.1,+18.8,+19.0,+18.8,+18.7,+19.0
2023-11-10 00:52,4,+31.7,+31.1,+17.7,+5.8,+9.5,+23.5,+18.5,+19.0,+19.0,+19.0,+18.8,+18.6,+19.0
2023-11-10 01:52,4,+31.8,+31.1,+17.7,+5.8,+9.5,+23.5,+18.5,+19.0,+19.0,+19.0,+18.8,+18.7,+18.8
2023-11-10 02:52,4,+31.9,+31.1,+17.7,+5.9,+9.5,+23.5,+18.2,+19.0,+19.0,+19.0,+18.8,+18.7,+19.0
2023-11-10 03:52,4,+31.8,+31.1,+17.6,+5.9,+9.5,+23.5,+18.2,+19.0,+18.8,+19.1,+18.8,+18.7,+19.0
2023-11-10 04:52,4,+31.7,+31.0,+17.6,+5.8,+9.5,+23.5,+18.2,+19.0,+18.8,+19.0,+18.8,+18.7,+19.0
2023-11-10 05:52,4,+31.7,+31.0,+17.6,+5.8,+9.5,+23.4,+18.2,+18.8,+18.8,+19.0,+18.8,+18.7,+19.0
2023-11-10 06:52,4,+31.6,+31.0,+17.6,+5.9,+9.5,+23.4,+18.2,+18.8,+18.8,+19.0,+18.8,+18.7,+19.0
2023-11-10 07:52,4,+31.8,+31.0,+17.6,+5.9,+9.5,+23.4,+18.2,+18.7,+18.8,+19.0,+18.8,+18.7,+19.0
2023-11-10 08:52,4,+31.8,+31.0,+17.6,+5.7,+9.4,+23.4,+18.2,+18.8,+18.7,+19.0,+18.8,+18.7,+19.0
2023-11-10 09:52,4,+31.2,+31.0,+17.6,+5.7,+9.4,+23.3,+18.3,+18.7,+18.8,+19.0,+18.8,+18.7,+19.0
2023-11-10 10:52,4,+31.3,+30.9,+17.6,+5.8,+9.5,+23.4,+18.6,+18.8,+18.8,+19.0,+18.8,+18.7,+19.0
2023-11-10 11:52,4,+31.3,+30.9,+17.6,+5.8,+9.5,+23.4,+18.7,+18.8,+18.7,+19.0,+18.8,+18.7,+19.0
2023-11-10 12:52,4,+31.3,+30.9,+17.6,+5.7,+9.4,+23.3,+18.8,+18.8,+18.7,+19.0,+18.8,+18.7,+19.0
2023-11-10 13:52,4,+31.2,+30.9,+17.6,+5.7,+9.4,+23.3,+19.0,+18.8,+18.8,+19.0,+18.8,+18.7,+19.0
2023-11-10 14:52,4,+31.1,+30.9,+17.6,+5.8,+9.5,+23.3,+19.0,+19.0,+18.8,+19.0,+18.8,+18.6,+19.0
2023-11-10 15:52,4,+31.1,+30.9,+17.5,+5.8,+9.5,+23.3,+19.1,+19.1,+18.8,+19.0,+18.8,+18.7,+19.0
2023-11-10 16:52,4,+31.1,+30.8,+17.5,+5.7,+9.4,+23.3,+19.1,+19.1,+18.8,+18.8,+18.8,+18.7,+19.0
2023-11-10 17:52,4,+31.1,+30.8,+17.5,+5.8,+9.5,+23.3,+19.1,+19.1,+18.8,+19.0,+18.8,+18.7,+19.0
2023-11-10 18:52,4,+31.1,+30.8,+17.5,+5.8,+9.4,+23.3,+19.1,+19.1,+18.8,+19.0,+18.8,+18.7,+19.0
2023-11-10 19:52,4,+31.1,+30.8,+17.6,+5.8,+9.4,+23.2,+19.1,+19.1,+18.8,+19.0,+18.8,+18.7,+19.0
2023-11-10 20:52,4,+31.0,+30.8,+17.5,+5.8,+9.4,+23.2,+19.1,+19.2,+18.8,+19.0,+18.8,+18.7,+19.0
2023-11-10 21:52,4,+31.0,+30.8,+17.5,+5.8,+9.4,+23.2,+19.1,+19.2,+18.8,+19.0,+18.8,+18.7,+19.0
2023-11-10 22:52,4,+31.0,+30.8,+17.5,+5.8,+9.4,+23.2,+19.0,+19.2,+18.8,+18.8,+18.8,+18.7,+19.0
2023-11-10 23:52,4,+31.0,+30.7,+17.5,+5.8,+9.4,+23.2,+19.0,+19.2,+18.8,+19.0,+18.8,+18.7,+19.0
2023-11-11 00:52,4,+31.0,+30.7,+17.5,+5.7,+9.4,+23.1,+19.0,+19.2,+18.8,+19.0,+18.8,+18.7,+19.0
2023-11-11 01:52,4,+31.0,+30.7,+17.5,+5.7,+9.4,+23.2,+18.8,+19.2,+19.0,+19.0,+18.8,+18.7,+19.0
2023-11-11 02:52,4,+31.0,+30.7,+17.5,+5.6,+9.4,+23.1,+18.8,+19.2,+19.0,+19.0,+18.8,+18.7,+19.0
2023-11-11 03:52,4,+31.0,+30.7,+17.5,+5.6,+9.4,+23.1,+18.8,+19.2,+19.0,+19.0,+18.8,+18.6,+19.0
2023-11-11 04:52,4,+31.0,+30.7,+17.5,+5.7,+9.4,+23.1,+18.8,+19.2,+19.0,+19.0,+18.8,+18.7,+19.0
2023-11-11 05:52,4,+31.0,+30.7,+17.5,+5.7,+9.4,+23.1,+18.8,+19.2,+19.0,+19.0,+18.8,+18.7,+19.0
2023-11-11 06:52,4,+31.1,+30.7,+17.5,+5.7,+9.4,+23.1,+18.8,+19.2,+19.0,+19.0,+18.8,+18.7,+19.0
2023-11-11 07:52,4,+31.2,+30.7,+17.5,+5.6,+9.4,+23.1,+18.8,+19.2,+19.0,+19.0,+18.8,+18.7,+19.0
2023-11-11 08:52,4,+31.3,+30.7,+17.5,+5.6,+9.4,+23.1,+18.8,+19.2,+19.0,+19.0,+18.8,+18.7,+19.0
2023-11-11 09:52,4,+31.4,+30.7,+17.5,+5.6,+9.4,+23.1,+18.8,+19.2,+19.0,+19.0,+18.8,+18.7,+19.0
2023-11-11 10:52,4,+31.4,+30.7,+17.5,+5.6,+9.4,+23.1,+19.0,+19.1,+19.0,+19.0,+18.8,+18.7,+19.0
2023-11-11 11:52,4,+31.4,+30.7,+17.5,+5.7,+9.4,+23.1,+19.0,+19.2,+19.0,+19.0,+18.8,+18.7,+19.0
2023-11-11 12:52,4,+31.4,+30.7,+17.4,+5.6,+9.4,+23.1,+19.0,+19.2,+19.0,+19.0,+18.8,+18.7,+19.0
2023-11-11 13:52,4,+31.4,+30.7,+17.5,+5.7,+9.4,+23.1,+19.1,+19.2,+19.0,+19.0,+18.8,+18.8,+18.8
2023-11-11 14:52,4,+31.4,+30.7,+17.5,+5.6,+9.3,+23.1,+19.1,+19.2,+19.0,+19.1,+18.8,+18.7,+19.0
2023-11-11 15:52,4,+31.4,+30.7,+17.4,+5.6,+9.4,+23.0,+19.2,+19.2,+19.0,+19.0,+18.8,+18.7,+19.0
2023-11-11 16:52,4,+31.4,+30.6,+17.4,+5.7,+9.4,+23.1,+19.1,+19.3,+19.0,+19.0,+18.8,+18.7,+19.0
2023-11-11 17:52,4,+31.4,+30.7,+17.5,+5.7,+9.4,+23.1,+19.1,+19.3,+19.0,+19.0,+18.8,+18.7,+19.0
2023-11-11 18:52,4,+31.4,+30.7,+17.4,+5.6,+9.3,+23.0,+19.1,+19.3,+19.0,+19.0,+18.8,+18.7,+19.0
2023-11-11 19:52,4,+31.4,+30.7,+17.4,+5.6,+9.4,+23.0,+18.8,+19.3,+19.0,+19.1,+19.0,+18.7,+19.0
2023-11-11 20:52,4,+31.4,+30.7,+17.4,+5.6,+9.3,+23.0,+18.8,+19.3,+19.0,+19.0,+18.8,+18.8,+19.0
2023-11-11 21:52,4,+31.3,+30.7,+17.4,+5.6,+9.3,+23.0,+18.7,+19.2,+19.0,+19.0,+18.8,+18.7,+19.0
2023-11-11 22:52,4,+31.3,+30.7,+17.4,+5.6,+9.3,+22.9,+18.6,+19.2,+19.0,+19.0,+18.8,+18.7,+19.0
2023-11-11 23:52,4,+31.3,+30.7,+17.4,+5.7,+9.4,+23.0,+18.6,+19.1,+19.0,+19.1,+19.0,+18.7,+19.1
2023-11-12 00:52,4,+31.3,+30.7,+17.4,+5.7,+9.4,+23.0,+18.6,+19.1,+19.0,+19.1,+18.8,+18.7,+19.1
2023-11-12 01:52,4,+31.3,+30.7,+17.4,+5.6,+9.3,+22.9,+18.3,+19.1,+19.0,+19.1,+18.8,+18.7,+19.0
2023-11-12 02:52,4,+31.3,+30.7,+17.4,+5.6,+9.3,+22.9,+18.5,+19.1,+19.0,+19.1,+19.0,+18.7,+19.0
2023-11-12 03:52,4,+31.2,+30.7,+17.4,+5.6,+9.3,+22.9,+18.3,+19.0,+19.0,+19.1,+18.8,+18.7,+19.1
2023-11-12 04:52,4,+31.2,+30.7,+17.4,+5.6,+9.3,+22.9,+18.3,+19.0,+19.0,+19.1,+19.0,+18.8,+19.0
2023-11-12 05:52,4,+31.2,+30.7,+17.4,+5.6,+9.3,+22.9,+18.2,+19.0,+19.0,+19.1,+19.0,+18.8,+19.0
2023-11-12 06:52,4,+31.2,+30.6,+17.4,+5.7,+9.4,+22.9,+18.2,+19.0,+19.0,+19.1,+18.8,+18.7,+19.0
2023-11-12 07:52,4,+31.2,+30.6,+17.4,+5.5,+9.3,+22.9,+18.2,+19.0,+19.0,+19.1,+19.0,+18.8,+19.0
2023-11-12 08:52,4,+31.1,+30.6,+17.4,+5.5,+9.3,+22.9,+18.2,+18.8,+18.8,+19.1,+19.0,+18.7,+19.0
2023-11-12 09:52,4,+31.1,+30.6,+17.4,+5.7,+9.3,+22.9,+18.3,+18.8,+18.8,+19.1,+18.8,+18.8,+19.1
2023-11-12 10:52,4,+31.1,+30.6,+17.4,+5.5,+9.3,+22.8,+18.5,+18.8,+18.8,+19.1,+19.0,+18.7,+19.1
2023-11-12 11:52,4,+31.0,+30.6,+17.4,+5.7,+9.3,+22.8,+18.6,+19.0,+18.8,+19.0,+18.8,+18.7,+19.0
2023-11-12 12:52,4,+31.0,+30.6,+17.4,+5.5,+9.3,+22.8,+18.8,+19.0,+18.8,+19.0,+18.8,+18.8,+19.1
2023-11-12 13:52,4,+31.0,+30.6,+17.4,+5.6,+9.3,+22.8,+19.0,+19.0,+18.8,+19.0,+18.8,+18.7,+19.0
2023-11-12 14:52,4,+30.9,+30.5,+17.4,+5.5,+9.3,+22.7,+19.0,+19.0,+18.8,+19.0,+18.8,+18.7,+19.0
2023-11-12 15:52,4,+30.9,+30.5,+17.4,+5.5,+9.3,+22.7,+19.1,+19.1,+18.8,+19.0,+18.8,+18.8,+19.0
2023-11-12 16:52,4,+30.9,+30.5,+17.4,+5.6,+9.3,+22.8,+19.0,+19.1,+18.8,+19.0,+19.0,+18.7,+19.1
2023-11-12 17:52,4,+30.9,+30.5,+17.4,+5.6,+9.3,+22.8,+19.1,+19.1,+18.8,+19.0,+18.8,+18.7,+19.0
2023-11-12 18:52,4,+30.9,+30.5,+17.4,+5.6,+9.3,+22.7,+19.0,+19.1,+18.8,+19.0,+18.8,+18.7,+19.1
2023-11-12 19:52,4,+30.9,+30.5,+17.4,+5.6,+9.3,+22.7,+18.8,+19.2,+19.0,+19.0,+18.8,+18.8,+19.0
2023-11-12 20:52,4,+30.9,+30.5,+17.4,+5.5,+9.3,+22.7,+18.8,+19.2,+18.8,+19.0,+18.8,+18.8,+19.1
2023-11-12 21:52,4,+31.1,+30.6,+17.4,+5.6,+9.3,+22.7,+18.8,+19.1,+18.8,+19.0,+18.8,+18.7,+19.0
2023-11-12 22:52,4,+31.2,+30.6,+17.4,+5.5,+9.3,+22.7,+18.8,+19.2,+18.8,+19.0,+18.8,+18.8,+19.0
2023-11-12 23:52,4,+31.3,+30.7,+17.5,+5.6,+9.3,+22.6,+18.7,+19.1,+19.0,+19.0,+18.8,+18.7,+19.0
2023-11-13 00:52,4,+31.3,+30.7,+17.5,+5.9,+9.3,+22.6,+18.7,+19.1,+19.0,+19.0,+18.8,+18.7,+19.0
2023-11-13 01:52,4,+31.3,+30.7,+17.5,+5.9,+9.3,+22.6,+18.7,+19.1,+19.0,+19.0,+18.8,+18.7,+19.1
2023-11-13 02:52,4,+31.3,+30.7,+17.5,+5.9,+9.3,+22.6,+18.6,+19.1,+19.0,+19.0,+18.8,+18.8,+19.0
2023-11-13 03:52,4,+31.3,+30.7,+17.5,+5.9,+9.3,+22.6,+18.6,+19.1,+18.8,+19.1,+18.8,+18.7,+19.0
2023-11-13 04:52,4,+31.3,+30.7,+17.5,+5.9,+9.3,+22.6,+18.5,+19.1,+19.0,+19.0,+18.8,+18.7,+19.0
2023-11-13 05:52,4,+31.3,+30.7,+17.5,+5.9,+9.3,+22.6,+18.3,+19.1,+18.8,+19.0,+18.8,+18.7,+19.0
2023-11-13 06:52,4,+31.2,+30.7,+17.5,+6.1,+9.3,+22.6,+18.3,+19.1,+19.0,+19.0,+18.8,+18.7,+19.0
2023-11-13 07:52,4,+31.2,+30.6,+17.5,+6.1,+9.3,+22.6,+18.3,+19.0,+19.0,+19.0,+18.8,+18.7,+19.1
2023-11-13 08:52,4,+31.2,+30.6,+17.5,+5.9,+9.3,+22.6,+18.3,+18.8,+18.8,+19.1,+18.8,+18.8,+19.0
2023-11-13 09:52,4,+31.2,+30.6,+17.5,+5.9,+9.3,+22.6,+18.5,+18.8,+18.8,+19.0,+18.8,+18.8,+19.0
2023-11-13 10:52,4,+31.2,+30.6,+17.5,+5.9,+9.2,+22.5,+18.6,+19.0,+18.8,+19.0,+18.8,+18.7,+19.0
2023-11-13 11:52,4,+31.1,+30.6,+17.5,+6.0,+9.3,+22.5,+18.8,+19.0,+18.8,+19.0,+19.0,+18.8,+19.1
2023-11-13 12:52,4,+31.1,+30.6,+17.5,+6.0,+9.3,+22.5,+18.8,+19.0,+18.8,+19.0,+18.8,+18.7,+19.0
2023-11-13 13:52,4,+31.0,+30.6,+17.5,+5.9,+9.2,+22.5,+19.0,+19.0,+18.8,+19.0,+18.8,+18.7,+19.1
2023-11-13 14:52,4,+31.0,+30.6,+17.5,+5.9,+9.2,+22.5,+19.0,+19.1,+18.8,+19.0,+18.8,+18.7,+19.0
2023-11-13 15:52,4,+31.0,+30.6,+17.5,+5.9,+9.2,+22.5,+19.0,+19.1,+18.8,+19.0,+19.0,+18.8,+19.0
2023-11-13 16:52,4,+30.9,+30.5,+17.4,+5.9,+9.2,+22.5,+19.0,+19.1,+18.8,+19.0,+18.8,+18.7,+19.0
2023-11-13 17:52,4,+30.9,+30.5,+17.4,+6.0,+9.3,+22.5,+19.0,+19.1,+18.8,+19.0,+18.8,+18.7,+19.0
2023-11-13 18:52,4,+30.9,+30.5,+17.4,+6.0,+9.3,+22.5,+19.0,+19.1,+18.8,+19.0,+18.8,+18.7,+19.1
2023-11-13 19:52,4,+30.9,+30.5,+17.4,+5.9,+9.2,+22.4,+18.8,+19.1,+18.8,+19.0,+18.8,+18.7,+19.0
2023-11-13 20:52,4,+30.8,+30.5,+17.5,+6.0,+9.3,+22.4,+18.7,+19.2,+18.8,+19.0,+18.8,+18.7,+19.0
2023-11-13 21:52,4,+30.8,+30.5,+17.4,+6.0,+9.3,+22.4,+18.8,+19.1,+18.8,+19.0,+18.8,+18.7,+19.0
2023-11-13 22:52,4,+30.8,+30.5,+17.4,+5.9,+9.2,+22.4,+18.7,+19.1,+19.0,+19.0,+18.8,+18.7,+19.0
2023-11-13 23:52,4,+30.7,+30.5,+17.4,+5.9,+9.2,+22.4,+18.6,+19.1,+19.0,+19.0,+18.8,+18.7,+19.0
2023-11-14 00:52,4,+30.7,+30.5,+17.4,+5.9,+9.2,+22.4,+18.6,+19.1,+18.8,+19.0,+18.8,+18.7,+19.0
2023-11-14 01:52,4,+30.7,+30.5,+17.4,+5.9,+9.2,+22.4,+18.6,+19.1,+19.0,+19.0,+18.8,+18.7,+19.1
2023-11-14 02:52,4,+30.7,+30.4,+17.4,+6.0,+9.3,+22.4,+18.6,+19.0,+19.0,+19.0,+18.8,+18.7,+19.0
2023-11-14 03:52,4,+30.7,+30.4,+17.4,+5.9,+9.2,+22.3,+18.6,+19.1,+18.8,+19.0,+18.8,+18.7,+19.0
2023-11-14 04:52,4,+30.6,+30.4,+17.4,+6.0,+9.3,+22.4,+18.6,+19.0,+18.8,+19.0,+18.8,+18.7,+19.0
2023-11-14 05:52,4,+30.6,+30.4,+17.4,+5.9,+9.2,+22.3,+18.6,+19.0,+18.8,+19.0,+19.0,+18.7,+19.0
2023-11-14 06:52,4,+30.6,+30.4,+17.4,+5.9,+9.2,+22.3,+18.6,+19.0,+18.8,+19.0,+18.8,+18.7,+19.1
2023-11-14 07:52,4,+30.6,+30.4,+17.4,+5.9,+9.2,+22.3,+18.6,+19.1,+19.0,+19.0,+19.0,+18.7,+19.0
2023-11-14 08:52,4,+30.6,+30.4,+17.4,+5.9,+9.2,+22.3,+18.7,+19.0,+18.8,+19.1,+19.0,+18.7,+19.0
2023-11-14 09:52,4,+30.5,+30.4,+17.4,+6.0,+9.2,+22.3,+18.7,+19.1,+19.0,+19.0,+18.8,+18.7,+19.1
2023-11-14 10:52,4,+30.5,+30.4,+17.4,+5.9,+9.2,+22.3,+18.8,+19.0,+18.8,+19.1,+18.8,+18.7,+19.0
2023-11-14 11:52,4,+30.5,+30.4,+17.4,+6.0,+9.2,+22.3,+18.8,+19.1,+18.8,+19.0,+18.8,+18.8,+19.0
2023-11-14 12:52,4,+30.5,+30.4,+17.4,+5.9,+9.2,+22.3,+18.8,+19.1,+19.0,+19.0,+18.8,+18.7,+19.1
2023-11-14 13:52,4,+30.5,+30.3,+17.4,+6.0,+9.2,+22.3,+19.0,+19.1,+19.0,+19.0,+18.8,+18.7,+19.0
2023-11-14 14:52,4,+30.5,+30.3,+17.4,+6.0,+9.2,+22.3,+19.1,+19.1,+18.8,+19.0,+18.8,+18.7,+19.0
2023-11-14 15:52,4,+30.5,+30.3,+17.4,+5.9,+9.2,+22.2,+19.1,+19.2,+18.8,+19.0,+18.8,+18.7,+19.0
2023-11-14 16:52,4,+30.5,+30.3,+17.4,+6.0,+9.2,+22.2,+19.1,+19.2,+18.8,+19.0,+18.8,+18.7,+19.0
2023-11-14 17:52,4,+30.5,+30.3,+17.4,+6.0,+9.2,+22.2,+19.1,+19.2,+19.0,+19.0,+18.8,+18.8,+19.0
2023-11-14 18:52,4,+30.5,+30.3,+17.4,+5.9,+9.2,+22.2,+19.1,+19.3,+19.0,+19.0,+18.8,+18.7,+19.0
2023-11-14 19:52,4,+30.5,+30.3,+17.4,+5.9,+9.2,+22.2,+19.1,+19.3,+19.0,+19.1,+18.8,+18.7,+19.1
2023-11-14 20:52,4,+30.5,+30.3,+17.4,+6.0,+9.2,+22.2,+19.1,+19.2,+19.0,+19.0,+19.0,+18.7,+19.0
2023-11-14 21:52,4,+30.5,+30.3,+17.4,+5.9,+9.2,+22.1,+19.0,+19.3,+19.0,+19.0,+18.8,+18.7,+19.0
2023-11-14 22:52,4,+30.5,+30.3,+17.4,+5.9,+9.2,+22.1,+19.0,+19.3,+19.0,+19.0,+18.8,+18.7,+19.0
2023-11-14 23:52,4,+30.5,+30.3,+17.4,+6.0,+9.2,+22.1,+19.0,+19.3,+19.0,+19.0,+18.8,+18.7,+19.0
2023-11-15 00:52,4,+30.5,+30.3,+17.4,+5.9,+9.2,+22.1,+18.8,+19.2,+19.0,+19.0,+18.8,+18.7,+19.0
2023-11-15 01:52,4,+30.5,+30.3,+17.4,+5.8,+9.2,+22.1,+18.8,+19.2,+19.0,+19.0,+18.8,+18.8,+19.1
2023-11-15 02:52,4,+30.5,+30.3,+17.4,+6.0,+9.2,+22.1,+18.7,+19.2,+19.0,+19.1,+18.8,+18.8,+19.0
2023-11-15 03:52,4,+30.5,+30.3,+17.4,+5.9,+9.2,+22.0,+18.7,+19.2,+19.0,+19.0,+18.8,+18.7,+19.1
2023-11-15 04:52,4,+30.4,+30.3,+17.4,+5.9,+9.2,+22.1,+18.7,+19.2,+19.0,+19.1,+18.8,+18.8,+19.1
2023-11-15 05:52,4,+30.5,+30.3,+17.4,+5.9,+9.2,+22.0,+18.7,+19.2,+19.0,+19.1,+19.0,+18.7,+19.1
2023-11-15 06:52,4,+30.5,+30.3,+17.4,+6.0,+9.2,+22.0,+18.7,+19.2,+19.0,+19.1,+18.8,+18.8,+19.1
2023-11-15 07:52,4,+30.5,+30.3,+17.4,+5.9,+9.2,+22.0,+18.7,+19.2,+19.0,+19.1,+18.8,+18.7,+19.1
2023-11-15 08:52,4,+30.5,+30.3,+17.4,+5.9,+9.2,+22.0,+18.8,+19.2,+19.0,+19.1,+18.8,+18.8,+19.0
2023-11-15 09:52,4,+30.4,+30.3,+17.4,+5.9,+9.2,+22.0,+18.8,+19.2,+19.0,+19.1,+18.8,+18.7,+19.0
2023-11-15 10:52,4,+30.4,+30.3,+17.4,+5.8,+9.2,+22.0,+19.0,+19.2,+19.0,+19.1,+19.0,+18.8,+19.1
2023-11-15 11:52,4,+30.3,+30.2,+17.4,+5.9,+9.2,+22.0,+19.1,+19.2,+19.0,+19.1,+18.8,+18.8,+19.1
2023-11-15 12:52,4,+30.3,+30.2,+17.4,+5.9,+9.2,+22.0,+19.2,+19.2,+19.0,+19.1,+18.8,+18.8,+19.1
2023-11-15 13:52,4,+30.3,+30.2,+17.4,+5.8,+9.2,+21.9,+19.3,+19.3,+19.0,+19.1,+18.8,+18.7,+19.1
2023-11-15 14:52,4,+30.4,+30.2,+17.4,+5.8,+9.2,+21.9,+19.3,+19.3,+19.0,+19.1,+18.8,+18.7,+19.0
2023-11-15 15:52,4,+35.5,+34.6,+18.6,+6.3,+9.5,+22.2,+19.5,+19.6,+19.1,+19.2,+19.0,+18.8,+19.0
2023-11-15 16:52,4,+34.3,+33.6,+18.5,+6.3,+9.5,+22.2,+19.5,+19.5,+19.1,+19.1,+19.0,+18.7,+19.0
2023-11-15 17:52,4,+33.9,+33.2,+18.5,+6.2,+9.4,+22.2,+19.3,+19.5,+19.2,+19.1,+19.0,+18.8,+19.1
2023-11-15 18:52,4,+33.7,+33.0,+18.4,+6.2,+9.3,+22.2,+19.3,+19.5,+19.1,+19.1,+19.0,+18.7,+19.0
2023-11-15 19:52,4,+33.5,+32.9,+18.4,+6.2,+9.3,+22.2,+19.2,+19.5,+19.1,+19.1,+19.0,+18.7,+19.1
2023-11-15 20:52,4,+33.4,+32.7,+18.4,+6.3,+9.4,+22.2,+19.1,+19.5,+19.2,+19.2,+19.0,+18.8,+19.1
2023-11-15 21:52,4,+33.3,+32.6,+18.4,+6.2,+9.3,+22.2,+19.1,+19.5,+19.1,+19.1,+19.0,+18.7,+19.1
2023-11-15 22:52,4,+33.2,+32.5,+18.4,+6.2,+9.3,+22.2,+19.1,+19.5,+19.1,+19.1,+19.0,+18.8,+19.1
2023-11-15 23:52,4,+33.2,+32.5,+18.4,+6.3,+9.3,+22.2,+19.1,+19.5,+19.1,+19.2,+19.0,+18.8,+19.1
2023-11-16 00:52,4,+33.2,+32.4,+18.4,+6.4,+9.4,+22.2,+19.1,+19.5,+19.2,+19.1,+18.8,+18.8,+19.1
2023-11-16 01:52,4,+33.2,+32.3,+18.4,+6.4,+9.4,+22.2,+19.0,+19.5,+19.1,+19.2,+19.0,+18.7,+19.1
2023-11-16 02:52,4,+33.1,+32.3,+18.4,+6.4,+9.4,+22.1,+19.1,+19.3,+19.1,+19.1,+19.0,+18.8,+19.1
2023-11-16 03:52,4,+33.1,+32.3,+18.4,+6.4,+9.4,+22.1,+19.1,+19.3,+19.2,+19.1,+19.0,+18.8,+19.1
2023-11-16 04:52,4,+33.0,+32.3,+18.4,+6.3,+9.3,+22.1,+19.0,+19.5,+19.1,+19.2,+19.0,+18.7,+19.1
2023-11-16 05:52,4,+33.0,+32.2,+18.4,+6.4,+9.4,+22.1,+19.0,+19.3,+19.1,+19.2,+19.0,+18.8,+19.1
2023-11-16 06:52,4,+33.0,+32.2,+18.4,+6.4,+9.4,+22.1,+19.0,+19.3,+19.2,+19.2,+19.0,+18.8,+19.1
2023-11-16 07:52,4,+32.9,+32.1,+18.4,+6.4,+9.4,+22.1,+19.0,+19.3,+19.1,+19.2,+19.0,+18.8,+19.1
2023-11-16 08:52,4,+32.9,+32.1,+18.3,+6.4,+9.3,+22.0,+19.1,+19.3,+19.1,+19.1,+19.0,+18.8,+19.1
2023-11-16 09:52,4,+32.9,+32.1,+18.3,+6.4,+9.3,+22.0,+19.1,+19.3,+19.1,+19.2,+19.0,+18.8,+19.1
2023-11-16 10:52,4,+32.9,+32.1,+18.3,+6.5,+9.4,+22.1,+19.1,+19.3,+19.1,+19.1,+19.0,+18.8,+19.0
2023-11-16 11:52,4,+32.9,+32.0,+18.3,+6.5,+9.4,+22.1,+19.2,+19.3,+19.2,+19.1,+19.0,+18.8,+19.1
2023-11-16 12:52,4,+32.9,+32.0,+18.3,+6.4,+9.4,+22.0,+19.2,+19.3,+19.2,+19.2,+19.0,+18.8,+19.1
2023-11-16 13:52,4,+32.8,+32.0,+18.3,+6.4,+9.4,+22.0,+19.3,+19.5,+19.1,+19.2,+19.0,+18.7,+19.1
2023-11-16 14:52,4,+41.1,+36.5,+18.7,+6.5,+9.4,+22.1,+19.5,+19.6,+19.2,+19.1,+19.0,+18.8,+19.1
2023-11-16 15:52,4,+40.9,+35.7,+19.1,+6.5,+9.4,+22.3,+19.2,+19.6,+19.2,+19.2,+19.0,+18.8,+19.1
2023-11-16 16:52,4,+38.9,+35.8,+19.8,+7.1,+9.5,+22.4,+19.3,+19.6,+19.2,+19.2,+19.0,+18.8,+19.1
2023-11-16 17:52,4,+36.3,+35.2,+19.7,+7.5,+9.6,+22.6,+19.1,+19.6,+19.2,+19.2,+19.0,+18.8,+19.1
2023-11-16 18:52,4,+35.1,+34.3,+19.4,+7.5,+10.1,+22.7,+19.2,+19.5,+19.2,+19.2,+19.0,+19.0,+19.1
2023-11-16 19:52,4,+34.6,+33.7,+19.3,+7.5,+10.3,+23.2,+19.2,+19.5,+19.2,+19.2,+19.0,+18.8,+19.1
2023-11-16 20:52,4,+34.4,+33.4,+19.1,+7.4,+10.3,+23.5,+19.1,+19.6,+19.2,+19.2,+19.0,+18.8,+19.1
2023-11-16 21:52,4,+34.2,+33.2,+19.1,+7.4,+10.4,+23.6,+19.1,+19.5,+19.3,+19.2,+19.1,+19.0,+19.1
2023-11-16 22:52,4,+34.2,+33.0,+19.0,+7.4,+10.3,+23.7,+19.1,+19.5,+19.2,+19.2,+19.0,+18.8,+19.2
2023-11-16 23:52,4,+34.3,+33.0,+18.9,+7.3,+10.3,+23.8,+19.0,+19.5,+19.2,+19.2,+19.0,+18.8,+19.1
2023-11-17 00:52,4,+34.2,+32.9,+18.9,+7.3,+10.3,+23.9,+19.0,+19.5,+19.2,+19.2,+19.0,+19.0,+19.1
2023-11-17 01:52,4,+34.0,+32.9,+18.8,+7.1,+10.2,+23.8,+19.0,+19.3,+19.2,+19.2,+19.1,+19.0,+19.1
2023-11-17 02:52,4,+33.9,+32.8,+18.8,+7.1,+10.2,+23.8,+19.0,+19.5,+19.2,+19.2,+19.1,+18.8,+19.1
2023-11-17 03:52,4,+33.8,+32.7,+18.8,+7.1,+10.2,+23.8,+18.8,+19.5,+19.2,+19.3,+19.1,+18.8,+19.1
2023-11-17 04:52,4,+33.7,+32.7,+18.7,+7.0,+10.2,+23.8,+18.8,+19.3,+19.2,+19.2,+19.1,+19.0,+19.1
2023-11-17 05:52,4,+33.6,+32.6,+18.7,+7.1,+10.2,+23.8,+18.8,+19.3,+19.2,+19.2,+19.1,+18.8,+19.1
2023-11-17 06:52,4,+33.6,+32.5,+18.7,+7.0,+10.1,+23.8,+18.8,+19.3,+19.2,+19.2,+19.1,+19.0,+19.2
2023-11-17 07:52,4,+33.7,+32.5,+18.7,+7.0,+10.1,+23.8,+18.7,+19.3,+19.2,+19.2,+19.1,+19.0,+19.2
2023-11-17 08:52,4,+33.6,+32.5,+18.7,+6.9,+10.1,+23.8,+18.7,+19.3,+19.2,+19.3,+19.0,+19.0,+19.1
2023-11-17 09:52,4,+33.6,+32.5,+18.6,+7.0,+10.1,+23.8,+18.7,+19.3,+19.1,+19.3,+19.1,+19.0,+19.1
2023-11-17 10:52,4,+33.5,+32.4,+18.6,+6.9,+10.1,+23.7,+18.7,+19.2,+19.2,+19.3,+19.1,+18.8,+19.2
2023-11-17 11:52,4,+33.4,+32.4,+18.6,+7.0,+10.1,+23.7,+18.8,+19.3,+19.2,+19.3,+19.1,+19.0,+19.1
2023-11-17 12:52,4,+33.4,+32.3,+18.6,+6.9,+10.1,+23.7,+18.8,+19.3,+19.2,+19.2,+19.1,+19.0,+19.2
2023-11-17 13:52,4,+33.3,+32.3,+18.5,+6.8,+10.0,+23.6,+19.0,+19.3,+19.1,+19.2,+19.1,+18.8,+19.1
2023-11-17 14:52,4,+33.3,+32.2,+18.5,+6.8,+10.0,+23.6,+19.1,+19.3,+19.2,+19.2,+19.1,+19.0,+19.1
2023-11-17 15:52,4,+33.3,+32.2,+18.5,+6.8,+10.0,+23.6,+19.0,+19.3,+19.1,+19.2,+19.1,+19.0,+19.1
2023-11-17 16:52,4,+42.1,+34.6,+18.6,+6.9,+10.1,+23.6,+18.8,+19.3,+19.2,+19.2,+19.1,+19.0,+19.1
2023-11-17 17:52,4,+36.8,+35.1,+19.0,+6.8,+10.0,+23.7,+18.8,+19.3,+19.1,+19.3,+19.1,+19.0,+19.1
2023-11-17 18:52,4,+35.4,+34.3,+19.2,+7.3,+10.1,+23.8,+18.8,+19.3,+19.1,+19.3,+19.1,+19.0,+19.2
2023-11-17 19:52,4,+34.8,+33.8,+19.2,+7.4,+10.3,+23.9,+18.8,+19.2,+19.1,+19.2,+19.0,+19.0,+19.2
2023-11-17 20:52,4,+34.5,+33.4,+19.1,+7.4,+10.3,+24.0,+18.7,+19.3,+19.1,+19.2,+19.1,+19.0,+19.1
2023-11-17 21:52,4,+34.3,+33.2,+19.0,+7.3,+10.3,+24.1,+18.7,+19.2,+19.1,+19.2,+19.1,+19.0,+19.2
2023-11-17 22:52,4,+34.2,+33.1,+18.9,+7.3,+10.4,+24.1,+18.6,+19.2,+19.1,+19.2,+19.1,+19.0,+19.1
2023-11-17 23:52,4,+34.1,+32.9,+18.9,+7.3,+10.3,+24.1,+18.6,+19.2,+19.1,+19.2,+19.1,+18.8,+19.2
2023-11-18 00:52,4,+34.0,+32.8,+18.9,+7.2,+10.3,+24.1,+18.6,+19.2,+19.2,+19.2,+19.1,+19.0,+19.2
2023-11-18 01:52,4,+33.9,+32.8,+18.8,+7.2,+10.3,+24.1,+18.6,+19.2,+19.2,+19.2,+19.1,+19.0,+19.2
2023-11-18 02:52,4,+33.9,+32.7,+18.8,+7.1,+10.2,+24.0,+18.6,+19.1,+19.1,+19.2,+19.1,+18.8,+19.1
2023-11-18 03:52,4,+33.8,+32.6,+18.7,+7.1,+10.2,+24.0,+18.5,+19.1,+19.1,+19.2,+19.1,+19.0,+19.2
2023-11-18 04:52,4,+33.8,+32.6,+18.7,+7.0,+10.2,+24.0,+18.5,+19.1,+19.1,+19.2,+19.1,+19.0,+19.1
2023-11-18 05:52,4,+33.7,+32.5,+18.7,+7.0,+10.2,+24.0,+18.5,+19.1,+19.1,+19.2,+19.1,+18.8,+19.2
2023-11-18 06:52,4,+33.7,+32.5,+18.7,+7.1,+10.2,+24.0,+18.3,+19.1,+19.0,+19.2,+19.1,+19.0,+19.1
2023-11-18 07:52,4,+33.6,+32.4,+18.6,+7.1,+10.2,+24.0,+18.5,+19.1,+19.0,+19.2,+19.1,+19.0,+19.1
2023-11-18 08:52,4,+33.6,+32.4,+18.6,+7.1,+10.2,+23.9,+18.5,+19.0,+19.0,+19.2,+19.1,+19.0,+19.2
2023-11-18 09:52,4,+33.6,+32.3,+18.6,+7.1,+10.1,+23.9,+18.6,+19.0,+19.0,+19.2,+19.1,+19.0,+19.2
2023-11-18 10:52,4,+33.5,+32.3,+18.6,+6.9,+10.1,+23.9,+18.6,+19.1,+19.0,+19.2,+19.0,+19.0,+19.1
2023-11-18 11:52,4,+33.5,+32.3,+18.6,+6.9,+10.1,+23.8,+18.7,+19.1,+19.0,+19.2,+19.1,+19.0,+19.2
2023-11-18 12:52,4,+33.4,+32.2,+18.5,+7.0,+10.1,+23.8,+18.8,+19.0,+19.0,+19.2,+19.1,+18.8,+19.1
2023-11-18 13:52,4,+39.5,+32.2,+18.5,+7.0,+10.1,+23.8,+19.0,+19.1,+19.0,+19.2,+19.0,+19.0,+19.2
2023-11-18 14:52,4,+36.2,+32.8,+18.5,+6.8,+10.1,+23.9,+19.0,+19.1,+19.0,+19.2,+19.1,+18.8,+19.1
2023-11-18 15:52,4,+35.2,+33.1,+18.5,+6.9,+10.1,+24.0,+19.0,+19.2,+19.0,+19.1,+19.1,+19.0,+19.2
2023-11-18 16:52,4,+34.7,+33.1,+18.6,+6.9,+10.1,+24.1,+19.0,+19.2,+19.0,+19.1,+19.0,+18.8,+19.1
2023-11-18 17:52,4,+38.1,+33.7,+18.6,+6.9,+10.1,+24.2,+18.8,+19.2,+19.0,+19.2,+19.1,+19.0,+19.2
2023-11-18 18:52,4,+36.1,+34.2,+19.0,+6.9,+10.0,+24.4,+18.8,+19.2,+19.0,+19.1,+19.1,+19.0,+19.2
2023-11-18 19:52,4,+35.2,+33.9,+19.1,+7.3,+10.1,+24.6,+18.7,+19.2,+19.0,+19.1,+19.0,+18.8,+19.2
2023-11-18 20:52,4,+36.5,+33.9,+19.1,+7.3,+10.2,+24.7,+18.7,+19.2,+19.0,+19.1,+19.0,+18.8,+19.2
2023-11-18 21:52,4,+35.7,+34.0,+19.2,+7.3,+10.3,+25.0,+18.6,+19.2,+19.0,+19.1,+19.0,+19.0,+19.1
2023-11-18 22:52,4,+35.5,+33.8,+19.2,+7.5,+10.4,+25.3,+18.6,+19.1,+19.0,+19.1,+19.1,+19.0,+19.1
2023-11-18 23:52,4,+35.0,+33.7,+19.1,+7.5,+10.5,+25.5,+18.6,+19.1,+19.0,+19.1,+19.1,+19.0,+19.2
2023-11-19 00:52,4,+34.6,+33.4,+19.1,+7.4,+10.5,+25.5,+18.6,+19.1,+19.0,+19.1,+19.0,+18.8,+19.2
2023-11-19 01:52,4,+34.4,+33.2,+19.0,+7.3,+10.4,+25.5,+18.5,+19.1,+19.0,+19.1,+19.0,+19.0,+19.1
2023-11-19 02:52,4,+34.3,+33.1,+19.0,+7.4,+10.5,+25.6,+18.5,+19.1,+19.0,+19.2,+19.0,+18.8,+19.2
2023-11-19 03:52,4,+34.2,+33.0,+18.9,+7.3,+10.4,+25.6,+18.5,+19.1,+19.0,+19.1,+19.0,+19.0,+19.1
2023-11-19 04:52,4,+34.1,+32.9,+18.9,+7.2,+10.4,+25.5,+18.5,+19.1,+19.0,+19.1,+19.0,+19.0,+19.2
2023-11-19 05:52,4,+34.0,+32.8,+18.8,+7.1,+10.4,+25.5,+18.3,+19.0,+19.0,+19.1,+19.0,+19.0,+19.2
2023-11-19 06:52,4,+33.9,+32.7,+18.8,+7.3,+10.4,+25.5,+18.3,+19.0,+19.0,+19.1,+19.1,+18.8,+19.2
2023-11-19 07:52,4,+33.9,+32.6,+18.7,+7.1,+10.3,+25.4,+18.3,+19.0,+19.0,+19.1,+19.0,+18.8,+19.2
2023-11-19 08:52,4,+33.8,+32.6,+18.7,+7.2,+10.3,+25.5,+18.3,+19.0,+19.0,+19.1,+19.0,+18.8,+19.2
2023-11-19 09:52,4,+33.7,+32.5,+18.7,+7.1,+10.3,+25.4,+18.5,+19.0,+19.0,+19.1,+19.0,+18.8,+19.2
2023-11-19 10:52,4,+33.7,+32.5,+18.7,+7.1,+10.3,+25.4,+18.5,+19.0,+19.0,+19.1,+19.0,+18.8,+19.1
2023-11-19 11:52,4,+33.6,+32.4,+18.6,+7.0,+10.2,+25.3,+18.6,+19.0,+18.8,+19.1,+19.0,+18.8,+19.2
2023-11-19 12:52,4,+33.6,+32.3,+18.6,+7.0,+10.2,+25.3,+18.6,+19.0,+18.8,+19.1,+19.0,+19.0,+19.2
2023-11-19 13:52,4,+33.6,+32.3,+18.6,+6.9,+10.2,+25.3,+18.7,+19.0,+19.0,+19.1,+19.0,+18.8,+19.1
2023-11-19 14:52,4,+33.6,+32.3,+18.6,+7.0,+10.2,+25.3,+18.7,+19.0,+18.8,+19.1,+19.0,+18.8,+19.2
2023-11-19 15:52,4,+33.7,+32.2,+18.5,+7.0,+10.2,+25.3,+18.8,+19.1,+19.0,+19.1,+19.0,+18.8,+19.1
2023-11-19 16:52,4,+33.7,+32.2,+18.5,+6.9,+10.1,+25.2,+18.8,+19.1,+18.8,+19.1,+19.1,+18.8,+19.1
2023-11-19 17:52,4,+33.7,+32.2,+18.5,+6.8,+10.1,+25.2,+18.8,+19.1,+18.8,+19.1,+19.0,+18.8,+19.2
2023-11-19 18:52,4,+33.7,+32.2,+18.5,+6.9,+10.1,+25.2,+18.8,+19.1,+19.0,+19.1,+19.0,+18.8,+19.2
2023-11-19 19:52,4,+33.7,+32.2,+18.5,+6.8,+10.1,+25.2,+18.8,+19.1,+18.8,+19.1,+19.0,+18.8,+19.2
2023-11-19 20:52,4,+33.7,+32.2,+18.5,+6.8,+10.1,+25.2,+18.7,+19.1,+19.0,+19.1,+19.0,+18.8,+19.2
2023-11-19 21:52,4,+33.6,+32.2,+18.5,+6.9,+10.1,+25.2,+18.7,+19.1,+18.8,+19.1,+19.0,+18.8,+19.1
2023-11-19 22:52,4,+33.6,+32.2,+18.4,+6.8,+10.0,+25.1,+18.7,+19.1,+18.8,+19.1,+19.0,+18.8,+19.1
2023-11-19 23:52,4,+33.7,+32.1,+18.4,+6.8,+10.0,+25.1,+18.8,+19.1,+19.0,+19.1,+19.0,+18.8,+19.1
2023-11-20 00:52,4,+33.9,+32.1,+18.4,+6.8,+10.0,+25.1,+18.7,+19.1,+18.8,+19.1,+19.0,+18.8,+19.1
2023-11-20 01:52,4,+34.0,+32.1,+18.4,+6.8,+10.0,+25.1,+18.7,+19.1,+19.0,+19.1,+19.0,+18.8,+19.1
2023-11-20 02:52,4,+34.1,+32.2,+18.4,+6.8,+10.1,+25.2,+18.7,+19.1,+19.0,+19.1,+19.0,+18.8,+19.1
2023-11-20 03:52,4,+34.2,+32.2,+18.4,+6.8,+10.1,+25.2,+18.6,+19.1,+19.0,+19.1,+19.0,+18.8,+19.1
2023-11-20 04:52,4,+34.2,+32.3,+18.4,+6.7,+10.0,+25.2,+18.6,+19.1,+19.0,+19.1,+19.0,+18.8,+19.1
2023-11-20 05:52,4,+34.1,+32.4,+18.4,+6.7,+10.0,+25.2,+18.6,+19.1,+19.0,+19.1,+19.0,+18.8,+19.1
2023-11-20 06:52,4,+34.0,+32.4,+18.4,+6.8,+10.0,+25.2,+18.6,+19.1,+19.0,+19.1,+19.0,+18.8,+19.1
2023-11-20 07:52,4,+34.0,+32.4,+18.4,+6.8,+10.0,+25.2,+18.5,+19.1,+19.0,+19.1,+19.0,+18.8,+19.1
2023-11-20 08:52,4,+33.9,+32.4,+18.4,+6.8,+10.0,+25.1,+18.6,+19.1,+19.0,+19.1,+19.0,+18.8,+19.1
2023-11-20 09:52,4,+33.9,+32.4,+18.4,+6.8,+10.0,+25.1,+18.6,+19.1,+19.0,+19.1,+19.0,+18.8,+19.1
2023-11-20 10:52,4,+33.8,+32.3,+18.4,+6.8,+10.0,+25.1,+18.7,+19.0,+19.0,+19.1,+19.0,+18.8,+19.1
2023-11-20 11:52,4,+33.8,+32.3,+18.4,+6.8,+10.0,+25.1,+18.8,+19.1,+18.8,+19.1,+19.0,+18.8,+19.1
2023-11-20 12:52,4,+33.7,+32.3,+18.4,+6.8,+10.0,+25.1,+19.0,+19.1,+19.0,+19.0,+19.0,+18.8,+19.1
2023-11-20 13:52,4,+33.7,+32.3,+18.4,+6.7,+9.9,+25.0,+19.1,+19.2,+18.8,+19.0,+19.0,+18.8,+19.1
2023-11-20 14:52,4,+33.6,+32.2,+18.4,+6.8,+10.0,+25.1,+19.0,+19.2,+19.0,+19.1,+19.0,+18.8,+19.1
2023-11-20 15:52,4,+33.6,+32.2,+18.4,+6.7,+9.9,+25.0,+19.1,+19.2,+19.0,+19.0,+19.0,+18.8,+19.1
2023-11-20 16:52,4,+33.6,+32.1,+18.4,+6.8,+10.0,+25.1,+19.1,+19.2,+18.8,+19.1,+19.0,+18.8,+19.2
2023-11-20 17:52,4,+33.6,+32.1,+18.4,+6.8,+10.0,+25.0,+19.1,+19.2,+19.0,+19.1,+19.0,+18.8,+19.1
2023-11-20 18:52,4,+33.6,+32.1,+18.4,+6.8,+10.0,+25.1,+19.1,+19.3,+19.0,+19.1,+19.0,+18.7,+19.1
2023-11-20 19:52,4,+33.5,+32.1,+18.4,+6.8,+10.0,+25.0,+19.1,+19.3,+19.0,+19.1,+19.0,+18.7,+19.1
2023-11-20 20:52,4,+33.5,+32.1,+18.4,+6.7,+9.9,+25.0,+19.0,+19.2,+19.0,+19.1,+19.0,+18.8,+19.1
2023-11-20 21:52,4,+33.5,+32.1,+18.4,+6.7,+9.9,+25.0,+18.8,+19.3,+19.0,+19.1,+19.0,+18.8,+19.1
2023-11-20 22:52,4,+33.5,+32.0,+18.4,+6.7,+9.9,+25.0,+19.0,+19.2,+19.0,+19.0,+19.0,+18.8,+19.1
2023-11-20 23:52,4,+33.5,+32.0,+18.4,+6.8,+9.9,+25.0,+18.8,+19.2,+19.0,+19.1,+19.0,+18.8,+19.1
2023-11-21 00:52,4,+33.4,+32.0,+18.4,+6.7,+9.9,+25.0,+18.8,+19.3,+19.1,+19.1,+19.0,+18.8,+19.1
2023-11-21 01:52,4,+33.4,+32.0,+18.4,+6.7,+9.9,+25.0,+18.8,+19.2,+19.1,+19.1,+19.0,+18.8,+19.1
2023-11-21 02:52,4,+33.4,+32.0,+18.4,+6.8,+10.0,+25.0,+18.7,+19.2,+19.0,+19.1,+19.0,+18.8,+19.1
2023-11-21 03:52,4,+33.4,+32.0,+18.4,+6.8,+9.9,+25.0,+18.6,+19.2,+19.0,+19.1,+19.0,+18.8,+19.1
2023-11-21 04:52,4,+33.3,+32.0,+18.4,+6.6,+9.9,+25.0,+18.6,+19.2,+19.0,+19.1,+19.0,+18.8,+19.1
2023-11-21 05:52,4,+33.3,+31.9,+18.4,+6.8,+9.9,+25.0,+18.5,+19.1,+19.0,+19.0,+19.0,+18.8,+19.1
2023-11-21 06:52,4,+33.3,+31.9,+18.3,+6.6,+9.9,+24.9,+18.5,+19.1,+19.0,+19.1,+19.0,+18.8,+19.1
2023-11-21 07:52,4,+33.3,+31.9,+18.3,+6.6,+9.9,+24.9,+18.3,+19.1,+19.0,+19.1,+19.0,+18.8,+19.2
2023-11-21 08:52,4,+33.2,+31.9,+18.3,+6.6,+9.9,+24.9,+18.3,+19.0,+19.0,+19.1,+19.0,+18.8,+19.1
2023-11-21 09:52,4,+33.2,+31.8,+18.3,+6.7,+9.9,+24.9,+18.5,+19.1,+19.0,+19.1,+19.0,+18.8,+19.1
2023-11-21 10:52,4,+33.2,+31.8,+18.3,+6.7,+9.9,+25.0,+18.6,+19.1,+19.0,+19.1,+19.0,+19.0,+19.1
2023-11-21 11:52,4,+33.2,+31.8,+18.3,+6.6,+9.9,+24.9,+18.6,+19.0,+18.8,+19.1,+19.0,+18.8,+19.1
2023-11-21 12:52,4,+33.1,+31.8,+18.3,+6.6,+9.9,+24.9,+18.8,+19.1,+19.0,+19.1,+19.0,+18.8,+19.2
2023-11-21 13:52,4,+33.1,+31.8,+18.3,+6.6,+9.9,+24.9,+18.8,+19.1,+19.0,+19.1,+19.0,+18.8,+19.1
2023-11-21 14:52,4,+33.1,+31.8,+18.3,+6.6,+9.9,+24.9,+18.8,+19.1,+19.0,+19.1,+19.0,+18.8,+19.1
2023-11-21 15:52,4,+33.1,+31.7,+18.3,+6.7,+9.9,+24.9,+18.8,+19.1,+19.0,+19.1,+19.0,+18.8,+19.1
2023-11-21 16:52,4,+33.1,+31.7,+18.3,+6.6,+9.8,+24.9,+18.8,+19.1,+19.0,+19.1,+19.0,+18.8,+19.1
2023-11-21 17:52,4,+36.8,+31.7,+18.3,+6.7,+9.9,+24.9,+19.0,+19.2,+19.0,+19.1,+19.0,+18.8,+19.1
2023-11-21 18:52,4,+41.9,+33.5,+18.3,+6.7,+9.9,+24.9,+18.7,+19.2,+19.0,+19.1,+19.0,+18.8,+19.1
2023-11-21 19:52,4,+38.0,+34.2,+18.4,+6.7,+9.9,+25.0,+18.7,+19.2,+19.0,+19.1,+19.0,+18.8,+19.1
2023-11-21 20:52,4,+36.7,+34.4,+18.9,+6.8,+9.9,+24.9,+18.7,+19.2,+18.8,+19.1,+19.0,+18.8,+19.1
2023-11-21 21:52,4,+35.5,+33.9,+19.1,+7.1,+9.9,+25.0,+18.7,+19.1,+19.0,+19.1,+19.0,+18.8,+19.1
2023-11-21 22:52,4,+35.0,+33.6,+19.1,+7.2,+10.0,+25.0,+18.6,+19.1,+19.0,+19.1,+19.0,+18.8,+19.2
2023-11-21 23:52,4,+34.6,+33.4,+19.1,+7.3,+10.2,+25.1,+18.6,+19.1,+19.0,+19.1,+19.0,+18.8,+19.2
2023-11-22 00:52,4,+34.5,+33.2,+19.0,+7.3,+10.3,+25.2,+18.5,+19.1,+19.0,+19.1,+19.0,+18.8,+19.1
2023-11-22 01:52,4,+34.3,+33.0,+19.0,+7.2,+10.3,+25.3,+18.5,+19.1,+19.0,+19.1,+19.0,+18.8,+19.1
2023-11-22 02:52,4,+34.2,+32.9,+18.9,+7.3,+10.4,+25.4,+18.3,+19.1,+19.0,+19.1,+19.0,+18.8,+19.1
2023-11-22 03:52,4,+34.1,+32.8,+18.9,+7.3,+10.4,+25.5,+18.2,+19.0,+19.0,+19.1,+19.0,+18.8,+19.1
2023-11-22 04:52,4,+34.0,+32.8,+18.8,+7.3,+10.4,+25.5,+18.2,+19.0,+19.0,+19.1,+19.0,+18.8,+19.1
2023-11-22 05:52,4,+34.0,+32.7,+18.8,+7.1,+10.3,+25.5,+18.2,+19.0,+19.0,+19.1,+19.0,+18.8,+19.1
2023-11-22 06:52,4,+33.9,+32.6,+18.8,+7.1,+10.3,+25.5,+18.1,+18.8,+18.8,+19.1,+19.0,+18.8,+19.1
2023-11-22 07:52,4,+33.9,+32.6,+18.7,+7.2,+10.3,+25.5,+18.1,+18.8,+18.8,+19.1,+19.0,+18.8,+19.1
2023-11-22 08:52,4,+33.8,+32.5,+18.7,+7.1,+10.3,+25.5,+18.1,+18.8,+18.8,+19.1,+19.0,+18.8,+19.1
2023-11-22 09:52,4,+33.8,+32.5,+18.7,+7.1,+10.3,+25.5,+18.1,+18.7,+18.8,+19.1,+18.8,+18.8,+19.1
2023-11-22 10:52,4,+33.7,+32.4,+18.7,+7.0,+10.2,+25.4,+18.2,+18.8,+18.8,+19.1,+19.0,+18.8,+19.1
2023-11-22 11:52,4,+33.7,+32.4,+18.7,+7.1,+10.2,+25.5,+18.2,+18.8,+18.8,+19.1,+19.0,+18.8,+19.1
2023-11-22 12:52,4,+33.7,+32.3,+18.6,+7.0,+10.2,+25.4,+18.2,+18.7,+18.8,+19.1,+19.0,+18.8,+19.1
2023-11-22 13:52,4,+33.7,+32.3,+18.6,+7.1,+10.2,+25.4,+18.3,+18.8,+18.8,+19.0,+19.0,+18.8,+19.1
2023-11-22 14:52,4,+33.6,+32.3,+18.6,+6.9,+10.2,+25.4,+18.2,+18.7,+18.7,+19.1,+19.0,+18.8,+19.1
2023-11-22 15:52,4,+33.6,+32.2,+18.6,+7.0,+10.2,+25.4,+18.3,+18.8,+18.8,+19.0,+19.0,+18.7,+19.1
2023-11-22 16:52,4,+33.6,+32.2,+18.6,+6.9,+10.1,+25.3,+18.3,+18.8,+18.8,+19.0,+19.0,+18.8,+19.1
2023-11-22 17:52,4,+33.6,+32.2,+18.5,+6.9,+10.1,+25.3,+18.2,+18.8,+18.7,+19.0,+18.8,+18.8,+19.1
2023-11-22 18:52,4,+33.5,+32.1,+18.5,+6.9,+10.1,+25.3,+18.2,+18.7,+18.7,+19.0,+18.8,+18.8,+19.1
2023-11-22 19:52,4,+33.5,+32.1,+18.5,+6.9,+10.1,+25.3,+18.2,+18.8,+18.7,+19.0,+18.8,+18.8,+19.1
2023-11-22 20:52,4,+33.5,+32.1,+18.5,+7.0,+10.2,+25.3,+18.2,+18.7,+18.7,+19.0,+18.8,+18.8,+19.1
2023-11-22 21:52,4,+33.4,+32.1,+18.5,+6.8,+10.1,+25.3,+18.1,+18.7,+18.7,+19.0,+19.0,+18.8,+19.1
2023-11-22 22:52,4,+33.4,+32.1,+18.5,+6.8,+10.1,+25.3,+18.1,+18.7,+18.7,+19.0,+19.0,+18.7,+19.1
2023-11-22 23:52,4,+33.5,+32.0,+18.4,+6.8,+10.1,+25.2,+18.1,+18.6,+18.7,+19.0,+18.8,+18.7,+19.1
2023-11-23 00:52,4,+33.4,+32.0,+18.4,+6.9,+10.1,+25.3,+18.0,+18.7,+18.7,+19.0,+18.8,+18.8,+19.1
2023-11-23 01:52,4,+33.3,+32.0,+18.4,+6.8,+10.1,+25.2,+18.0,+18.7,+18.7,+19.0,+18.8,+18.7,+19.1
2023-11-23 02:52,4,+33.3,+32.0,+18.4,+6.9,+10.1,+25.2,+18.0,+18.6,+18.7,+19.0,+19.0,+18.7,+19.1
2023-11-23 03:52,4,+33.3,+32.0,+18.4,+6.9,+10.1,+25.2,+18.0,+18.6,+18.7,+19.0,+18.8,+18.7,+19.0
2023-11-23 04:52,4,+33.3,+31.9,+18.4,+6.8,+10.1,+25.2,+18.0,+18.6,+18.7,+19.0,+18.8,+18.7,+19.1
2023-11-23 05:52,4,+33.2,+31.9,+18.4,+6.8,+10.1,+25.2,+18.0,+18.6,+18.6,+19.0,+18.8,+18.7,+19.1
2023-11-23 06:52,4,+33.2,+31.9,+18.4,+6.8,+10.1,+25.2,+18.0,+18.6,+18.7,+18.8,+18.8,+18.7,+19.1
2023-11-23 07:52,4,+33.2,+31.9,+18.4,+6.7,+10.0,+25.2,+18.0,+18.6,+18.6,+19.0,+18.8,+18.7,+19.1
2023-11-23 08:52,4,+33.2,+31.8,+18.4,+6.8,+10.1,+25.2,+18.0,+18.6,+18.6,+19.0,+19.0,+18.7,+19.1
2023-11-23 09:52,4,+33.2,+31.8,+18.3,+6.8,+10.1,+25.2,+18.1,+18.6,+18.6,+19.0,+18.8,+18.7,+19.1
2023-11-23 10:52,4,+33.2,+31.8,+18.3,+6.8,+10.1,+25.2,+18.1,+18.6,+18.6,+19.0,+18.8,+18.7,+19.1
2023-11-23 11:52,4,+33.2,+31.9,+18.3,+6.8,+10.0,+25.2,+18.2,+18.6,+18.6,+18.8,+18.8,+18.7,+19.1
2023-11-23 12:52,4,+33.2,+31.9,+18.3,+6.7,+10.0,+25.1,+18.3,+18.6,+18.6,+18.8,+18.8,+18.7,+19.1
2023-11-23 13:52,4,+33.0,+31.8,+18.3,+6.8,+10.0,+25.1,+18.5,+18.6,+18.6,+18.8,+18.8,+18.7,+19.1
2023-11-23 14:52,4,+33.0,+31.8,+18.3,+6.8,+10.0,+25.1,+18.5,+18.7,+18.6,+18.8,+18.8,+18.8,+19.1
2023-11-23 15:52,4,+33.0,+31.8,+18.3,+6.8,+10.0,+25.1,+18.5,+18.7,+18.6,+18.8,+18.8,+18.7,+19.0
2023-11-23 16:52,4,+33.0,+31.8,+18.3,+6.7,+10.0,+25.1,+18.6,+18.7,+18.6,+18.8,+18.8,+18.8,+19.1
2023-11-23 17:52,4,+33.0,+31.8,+18.3,+6.8,+10.0,+25.1,+18.6,+18.8,+18.6,+18.8,+18.7,+18.7,+19.1
2023-11-23 18:52,4,+33.0,+31.8,+18.3,+6.7,+9.9,+25.0,+18.6,+18.8,+18.6,+18.8,+18.8,+18.7,+19.1
2023-11-23 19:52,4,+33.0,+31.8,+18.3,+6.6,+9.9,+25.0,+18.6,+18.7,+18.6,+18.8,+18.8,+18.7,+19.1
2023-11-23 20:52,4,+33.1,+31.8,+18.2,+6.6,+9.9,+25.0,+18.6,+18.8,+18.6,+18.8,+18.7,+18.7,+19.1
2023-11-23 21:52,4,+33.4,+31.8,+18.2,+6.6,+9.9,+25.1,+18.5,+18.8,+18.6,+18.8,+18.7,+18.7,+19.1
2023-11-23 22:52,4,+35.8,+31.8,+18.2,+6.6,+9.9,+25.1,+18.5,+18.8,+18.7,+19.0,+18.8,+18.7,+19.0
2023-11-23 23:52,4,+35.2,+32.1,+18.3,+6.6,+9.9,+25.1,+18.6,+18.8,+18.6,+18.8,+18.7,+18.7,+19.0
2023-11-24 00:52,4,+35.0,+32.4,+18.3,+6.7,+10.0,+25.1,+18.5,+18.8,+18.6,+18.8,+18.7,+18.6,+19.0
2023-11-24 01:52,4,+35.0,+32.6,+18.3,+6.7,+10.0,+25.1,+18.5,+18.8,+18.7,+18.8,+18.7,+18.7,+19.0
2023-11-24 02:52,4,+34.8,+32.7,+18.3,+6.6,+9.9,+25.1,+18.5,+18.8,+18.6,+18.8,+18.8,+18.7,+19.0
2023-11-24 03:52,4,+34.7,+32.8,+18.3,+6.7,+10.0,+25.2,+18.5,+18.7,+18.6,+18.8,+18.7,+18.6,+19.1
2023-11-24 04:52,4,+34.6,+32.8,+18.3,+6.6,+9.9,+25.2,+18.5,+18.8,+18.7,+18.8,+18.7,+18.7,+19.0
2023-11-24 05:52,4,+34.5,+32.8,+18.4,+6.6,+9.9,+25.2,+18.5,+18.8,+18.6,+18.8,+18.8,+18.7,+19.0
2023-11-24 06:52,4,+34.4,+32.8,+18.4,+6.7,+10.0,+25.2,+18.5,+18.8,+18.7,+18.8,+18.7,+18.7,+19.0
2023-11-24 07:52,4,+34.3,+32.7,+18.4,+6.7,+10.0,+25.2,+18.5,+18.8,+18.7,+18.8,+18.7,+18.7,+19.1
2023-11-24 08:52,4,+34.2,+32.7,+18.4,+6.8,+10.0,+25.2,+18.5,+18.8,+18.7,+18.8,+18.7,+18.6,+19.1
2023-11-24 09:52,4,+34.1,+32.6,+18.4,+6.8,+10.0,+25.2,+18.5,+18.8,+18.7,+18.8,+18.8,+18.7,+19.0
2023-11-24 10:52,4,+34.1,+32.6,+18.4,+6.7,+9.9,+25.1,+18.6,+18.8,+18.7,+18.8,+18.8,+18.6,+19.0
2024-02-02 10:07,4,+28.3,+25.9,+18.0,+6.1,+10.6,+26.1,+15.6,+16.3,+16.7,+17.3,+17.5,+17.5,+18.0
2024-02-02 11:07,4,+28.2,+25.9,+18.0,+6.1,+10.6,+26.1,+15.6,+16.3,+16.7,+17.3,+17.5,+17.5,+18.0
2024-02-02 12:07,4,+28.2,+25.9,+18.0,+6.1,+10.6,+26.1,+15.7,+16.3,+16.7,+17.3,+17.5,+17.5,+18.0
2024-02-02 13:07,4,+28.2,+25.9,+18.0,+6.2,+10.6,+26.2,+16.1,+16.3,+16.7,+17.2,+17.5,+17.5,+18.0
2024-02-02 14:07,4,+28.1,+25.9,+18.0,+6.0,+10.6,+26.1,+16.3,+16.5,+16.7,+17.2,+17.5,+17.5,+18.0
2024-02-02 15:07,4,+28.1,+25.9,+18.0,+6.2,+10.6,+26.2,+16.6,+16.5,+16.7,+17.2,+17.5,+17.5,+18.0
2024-02-02 16:07,4,+28.1,+25.9,+17.9,+6.0,+10.5,+26.1,+16.7,+16.6,+16.7,+17.3,+17.5,+17.5,+18.0
2024-02-02 17:07,4,+28.1,+25.9,+17.9,+6.2,+10.6,+26.1,+16.8,+16.7,+16.7,+17.2,+17.5,+17.5,+18.0
2024-02-02 18:07,4,+28.1,+25.9,+17.9,+6.2,+10.6,+26.2,+16.8,+16.8,+16.7,+17.2,+17.5,+17.3,+17.8
2024-02-02 19:07,4,+28.1,+25.9,+18.0,+6.2,+10.6,+26.2,+16.8,+16.8,+16.7,+17.2,+17.3,+17.3,+18.0
2024-02-02 20:07,4,+28.1,+25.9,+18.0,+6.0,+10.5,+26.1,+16.8,+16.8,+16.7,+17.2,+17.5,+17.3,+18.0
2024-02-02 21:07,4,+28.1,+25.9,+18.0,+6.0,+10.5,+26.1,+16.8,+17.0,+16.8,+17.2,+17.5,+17.3,+17.8
2024-02-02 22:07,4,+28.1,+25.9,+18.0,+6.2,+10.5,+26.2,+16.8,+17.0,+16.8,+17.2,+17.5,+17.3,+18.0
2024-02-02 23:07,4,+28.1,+25.9,+18.0,+6.0,+10.5,+26.1,+16.8,+17.0,+16.8,+17.2,+17.5,+17.5,+17.8
2024-02-03 00:07,4,+28.1,+26.0,+18.0,+6.1,+10.5,+26.2,+16.8,+17.0,+16.8,+17.2,+17.5,+17.3,+18.0
2024-02-03 01:07,4,+28.1,+26.0,+18.0,+6.2,+10.5,+26.1,+16.8,+17.0,+16.8,+17.2,+17.3,+17.3,+17.8
2024-02-03 02:07,4,+28.0,+26.0,+18.0,+6.0,+10.5,+26.1,+16.8,+17.0,+16.8,+17.2,+17.3,+17.3,+17.8
2024-02-03 03:07,4,+28.0,+26.0,+18.0,+6.0,+10.5,+26.1,+16.8,+17.0,+17.0,+17.2,+17.3,+17.3,+17.8
2024-02-03 04:07,4,+28.0,+26.0,+18.0,+6.1,+10.5,+26.1,+16.8,+17.1,+17.0,+17.2,+17.3,+17.3,+17.8
2024-02-03 05:07,4,+28.0,+26.0,+18.0,+6.0,+10.5,+26.1,+16.8,+17.1,+16.8,+17.2,+17.3,+17.3,+17.8
2024-02-03 06:07,4,+28.0,+26.0,+18.0,+6.2,+10.5,+26.1,+16.8,+17.1,+17.0,+17.2,+17.3,+17.3,+17.8
2024-02-03 07:07,4,+28.2,+26.0,+18.0,+6.0,+10.5,+26.1,+17.0,+17.1,+17.0,+17.2,+17.3,+17.3,+17.8
2024-02-03 08:07,4,+28.5,+26.0,+18.0,+6.2,+10.5,+26.2,+17.0,+17.1,+17.0,+17.2,+17.3,+17.3,+17.8
2024-02-03 09:07,4,+28.5,+26.0,+18.0,+6.2,+10.5,+26.2,+17.0,+17.1,+17.0,+17.2,+17.3,+17.3,+17.8
2024-02-03 10:07,4,+28.6,+26.0,+18.0,+6.0,+10.4,+26.1,+17.0,+17.2,+17.0,+17.2,+17.3,+17.3,+17.8
2024-02-03 11:07,4,+28.7,+26.0,+18.0,+6.0,+10.4,+26.1,+17.0,+17.2,+17.0,+17.2,+17.3,+17.3,+17.8
2024-02-03 12:07,4,+29.4,+26.0,+18.0,+6.0,+10.4,+26.1,+17.2,+17.2,+17.1,+17.2,+17.3,+17.3,+17.8
2024-02-03 13:07,4,+29.9,+26.0,+18.0,+6.1,+10.5,+26.1,+17.3,+17.2,+17.1,+17.2,+17.3,+17.3,+17.8
2024-02-03 14:07,4,+29.7,+26.0,+18.0,+6.1,+10.5,+26.1,+17.5,+17.3,+17.1,+17.2,+17.3,+17.3,+17.8
2024-02-03 15:07,4,+29.7,+26.1,+18.0,+6.2,+10.4,+26.1,+17.6,+17.3,+17.1,+17.2,+17.3,+17.3,+17.8
2024-02-03 16:07,4,+29.7,+26.1,+18.0,+6.0,+10.4,+26.1,+17.6,+17.5,+17.1,+17.2,+17.3,+17.3,+17.8
2024-02-03 17:07,4,+29.7,+26.1,+18.0,+6.1,+10.4,+26.1,+17.7,+17.6,+17.1,+17.2,+17.3,+17.3,+17.8
2024-02-03 18:07,4,+29.7,+26.1,+17.9,+6.1,+10.4,+26.1,+17.7,+17.5,+17.2,+17.3,+17.3,+17.3,+17.8
2024-02-03 19:07,4,+29.7,+26.1,+18.0,+6.1,+10.4,+26.1,+17.7,+17.6,+17.2,+17.3,+17.3,+17.3,+17.8
2024-02-03 20:07,4,+29.7,+26.1,+17.9,+6.1,+10.4,+26.1,+17.7,+17.6,+17.2,+17.3,+17.3,+17.3,+17.8
2024-02-03 21:07,4,+29.7,+26.1,+18.0,+6.0,+10.4,+26.1,+17.7,+17.6,+17.2,+17.3,+17.3,+17.3,+17.8
2024-02-03 22:07,4,+29.8,+26.1,+18.0,+6.0,+10.4,+26.1,+17.7,+17.7,+17.2,+17.3,+17.3,+17.3,+17.8
2024-02-03 23:07,4,+29.7,+26.1,+17.9,+6.1,+10.4,+26.1,+17.6,+17.7,+17.3,+17.3,+17.3,+17.3,+17.8
2024-02-04 00:07,4,+29.7,+26.1,+18.0,+6.1,+10.4,+26.1,+17.6,+17.7,+17.3,+17.3,+17.3,+17.3,+17.8
2024-02-04 01:07,4,+29.7,+26.2,+18.0,+6.0,+10.4,+26.1,+17.5,+17.7,+17.3,+17.3,+17.3,+17.3,+17.8
2024-02-04 02:07,4,+29.7,+26.2,+18.0,+6.1,+10.4,+26.1,+17.3,+17.7,+17.3,+17.3,+17.3,+17.3,+17.7
2024-02-04 03:07,4,+29.7,+26.2,+18.0,+6.2,+10.4,+26.1,+17.2,+17.7,+17.3,+17.3,+17.3,+17.3,+17.8
2024-02-04 04:07,4,+29.7,+26.2,+18.0,+6.1,+10.4,+26.1,+17.1,+17.7,+17.3,+17.3,+17.3,+17.3,+17.8
2024-02-04 05:07,4,+29.7,+26.2,+18.0,+6.1,+10.4,+26.1,+17.1,+17.6,+17.5,+17.3,+17.3,+17.3,+17.7
2024-02-04 06:07,4,+29.6,+26.2,+18.0,+6.1,+10.4,+26.1,+17.0,+17.6,+17.3,+17.3,+17.3,+17.3,+17.8
2024-02-04 07:07,4,+29.7,+26.2,+18.0,+6.0,+10.4,+26.1,+17.0,+17.5,+17.3,+17.5,+17.3,+17.3,+17.8
2024-02-04 08:07,4,+29.6,+26.2,+18.0,+6.1,+10.4,+26.1,+17.0,+17.5,+17.3,+17.5,+17.5,+17.3,+17.8
2024-02-04 09:07,4,+29.6,+26.2,+18.0,+6.0,+10.4,+26.1,+17.0,+17.5,+17.3,+17.5,+17.3,+17.3,+17.7
2024-02-04 10:07,4,+29.6,+26.2,+18.0,+6.0,+10.4,+26.1,+17.1,+17.3,+17.3,+17.5,+17.5,+17.3,+17.8
2024-02-04 11:07,4,+29.4,+26.2,+18.0,+6.1,+10.4,+26.1,+17.2,+17.5,+17.3,+17.5,+17.3,+17.3,+17.8
2024-02-04 12:07,4,+29.4,+26.2,+17.9,+6.0,+10.3,+26.1,+17.3,+17.5,+17.3,+17.5,+17.5,+17.3,+17.8
2024-02-04 13:07,4,+29.4,+26.2,+17.9,+6.1,+10.4,+26.1,+17.6,+17.5,+17.3,+17.5,+17.5,+17.3,+17.8
2024-02-04 14:07,4,+29.3,+26.2,+17.9,+6.1,+10.4,+26.1,+17.8,+17.6,+17.3,+17.5,+17.5,+17.3,+17.8
2024-02-04 15:07,4,+29.3,+26.2,+17.9,+6.0,+10.3,+26.1,+18.0,+17.6,+17.3,+17.5,+17.5,+17.3,+17.8
2024-02-04 16:07,4,+29.2,+26.2,+17.9,+6.0,+10.3,+26.1,+18.0,+17.8,+17.5,+17.5,+17.5,+17.3,+17.8
2024-02-04 17:07,4,+29.3,+26.2,+17.9,+6.0,+10.3,+26.1,+18.1,+17.8,+17.3,+17.5,+17.5,+17.3,+17.8
2024-02-04 18:07,4,+29.3,+26.2,+17.9,+6.1,+10.3,+26.1,+18.1,+17.8,+17.5,+17.5,+17.5,+17.3,+17.8
2024-02-04 19:07,4,+29.3,+26.2,+17.9,+6.1,+10.3,+26.1,+18.0,+17.8,+17.5,+17.6,+17.5,+17.3,+17.7
2024-02-04 20:07,4,+29.3,+26.2,+17.9,+6.0,+10.3,+26.1,+18.0,+18.0,+17.5,+17.6,+17.5,+17.3,+17.8
2024-02-04 21:07,4,+29.3,+26.2,+17.9,+6.0,+10.3,+26.1,+17.8,+18.0,+17.5,+17.6,+17.5,+17.3,+17.8
2024-02-04 22:07,4,+29.3,+26.2,+17.9,+6.1,+10.3,+26.1,+17.7,+18.0,+17.6,+17.6,+17.5,+17.3,+17.8
2024-02-04 23:07,4,+29.4,+26.2,+17.9,+6.0,+10.3,+26.1,+17.6,+18.0,+17.6,+17.6,+17.5,+17.3,+17.8
2024-02-05 00:07,4,+29.4,+26.2,+17.9,+6.0,+10.3,+26.1,+17.5,+17.8,+17.6,+17.6,+17.5,+17.3,+17.8
2024-02-05 01:07,4,+29.4,+26.2,+17.9,+6.0,+10.3,+26.1,+17.3,+18.0,+17.6,+17.6,+17.5,+17.5,+17.8
2024-02-05 02:07,4,+29.4,+26.2,+17.9,+6.1,+10.3,+26.1,+17.3,+17.8,+17.6,+17.6,+17.5,+17.5,+17.8
2024-02-05 03:07,4,+29.3,+26.2,+17.9,+6.0,+10.3,+26.1,+17.1,+17.8,+17.6,+17.6,+17.5,+17.3,+17.8
2024-02-05 04:07,4,+29.3,+26.2,+17.9,+6.1,+10.3,+26.1,+17.1,+17.7,+17.6,+17.6,+17.5,+17.5,+17.8
2024-02-05 05:07,4,+29.3,+26.2,+17.9,+6.0,+10.3,+26.1,+16.8,+17.7,+17.6,+17.6,+17.6,+17.3,+17.8
2024-02-05 06:07,4,+29.3,+26.2,+17.9,+6.1,+10.3,+26.1,+16.8,+17.6,+17.6,+17.6,+17.6,+17.5,+17.8
2024-02-05 07:07,4,+29.2,+26.2,+17.9,+6.0,+10.3,+26.1,+16.7,+17.6,+17.6,+17.6,+17.5,+17.5,+17.8
2024-02-05 08:07,4,+29.2,+26.2,+17.9,+6.0,+10.3,+26.1,+16.8,+17.5,+17.5,+17.6,+17.6,+17.5,+17.8
2024-02-05 09:07,4,+29.2,+26.2,+17.9,+6.0,+10.3,+26.0,+16.8,+17.5,+17.5,+17.6,+17.6,+17.5,+17.8
2024-02-05 10:07,4,+29.1,+26.2,+17.9,+6.0,+10.3,+26.1,+17.0,+17.5,+17.6,+17.7,+17.6,+17.5,+17.8
2024-02-05 11:07,4,+29.1,+26.2,+17.9,+6.0,+10.3,+26.0,+17.1,+17.5,+17.6,+17.6,+17.6,+17.5,+17.8
2024-02-05 12:07,4,+29.0,+26.2,+17.9,+6.1,+10.3,+26.1,+17.3,+17.5,+17.5,+17.6,+17.6,+17.5,+17.8
2024-02-05 13:07,4,+29.0,+26.2,+17.9,+6.1,+10.3,+26.1,+17.5,+17.5,+17.5,+17.7,+17.6,+17.5,+17.8
2024-02-05 14:07,4,+28.9,+26.2,+17.9,+6.0,+10.2,+26.0,+17.7,+17.6,+17.5,+17.6,+17.6,+17.5,+17.8
2024-02-05 15:07,4,+28.9,+26.2,+17.9,+6.0,+10.2,+26.0,+17.7,+17.6,+17.5,+17.6,+17.6,+17.5,+17.8
2024-02-05 16:07,4,+28.9,+26.2,+17.9,+6.1,+10.3,+26.1,+17.8,+17.7,+17.5,+17.6,+17.6,+17.5,+17.8
2024-02-05 17:07,4,+28.9,+26.2,+17.9,+6.1,+10.3,+26.1,+17.8,+17.7,+17.5,+17.6,+17.6,+17.5,+17.8
2024-02-05 18:07,4,+28.8,+26.2,+17.9,+6.0,+10.2,+26.0,+17.8,+17.7,+17.6,+17.6,+17.6,+17.5,+17.8
2024-02-05 19:07,4,+28.9,+26.2,+17.9,+6.1,+10.2,+26.1,+18.0,+17.8,+17.6,+17.6,+17.6,+17.6,+17.8
2024-02-05 20:07,4,+28.9,+26.2,+17.9,+6.1,+10.3,+26.1,+18.0,+17.8,+17.6,+17.6,+17.6,+17.5,+17.8
2024-02-05 21:07,4,+28.9,+26.2,+17.9,+6.1,+10.3,+26.1,+17.8,+18.0,+17.6,+17.6,+17.6,+17.6,+17.8
2024-02-05 22:07,4,+28.9,+26.2,+17.9,+6.1,+10.3,+26.1,+17.8,+18.0,+17.6,+17.6,+17.6,+17.5,+17.8
2024-02-05 23:07,4,+28.8,+26.2,+17.9,+6.1,+10.2,+26.1,+17.8,+18.0,+17.6,+17.6,+17.6,+17.5,+17.8
2024-02-06 00:07,4,+28.8,+26.2,+17.9,+6.1,+10.3,+26.1,+17.7,+18.0,+17.6,+17.7,+17.6,+17.6,+17.8
2024-02-06 01:07,4,+28.8,+26.2,+17.9,+6.1,+10.3,+26.1,+17.7,+18.0,+17.7,+17.6,+17.6,+17.5,+18.0
2024-02-06 02:07,4,+28.8,+26.2,+17.9,+6.0,+10.2,+26.0,+17.6,+18.0,+17.7,+17.7,+17.6,+17.6,+18.0
2024-02-06 03:07,4,+28.8,+26.2,+17.9,+6.0,+10.2,+26.0,+17.5,+18.0,+17.7,+17.7,+17.6,+17.5,+18.0
2024-02-06 04:07,4,+28.8,+26.2,+17.9,+6.0,+10.2,+26.0,+17.3,+17.8,+17.7,+17.7,+17.6,+17.6,+17.8
2024-02-06 05:07,4,+28.8,+26.2,+17.9,+6.1,+10.2,+26.1,+17.2,+17.8,+17.7,+17.7,+17.7,+17.6,+17.8
2024-02-06 06:07,4,+28.7,+26.2,+17.9,+6.0,+10.2,+26.0,+17.1,+17.8,+17.7,+17.7,+17.6,+17.6,+17.8
2024-02-06 07:07,4,+28.7,+26.2,+17.9,+6.0,+10.2,+26.0,+17.0,+17.7,+17.7,+17.7,+17.6,+17.6,+18.0
2024-02-06 08:07,4,+28.7,+26.2,+17.9,+6.1,+10.2,+26.0,+17.0,+17.7,+17.7,+17.7,+17.6,+17.6,+17.8
2024-02-06 09:07,4,+28.7,+26.2,+17.9,+6.1,+10.2,+26.1,+17.0,+17.6,+17.7,+17.7,+17.6,+17.6,+18.0
2024-02-06 10:07,4,+28.6,+26.2,+17.9,+6.0,+10.2,+26.0,+17.1,+17.6,+17.7,+17.7,+17.6,+17.6,+17.8
2024-02-06 11:07,4,+28.5,+26.2,+17.9,+6.0,+10.2,+26.0,+17.2,+17.6,+17.7,+17.7,+17.7,+17.6,+17.8
2024-02-06 12:07,4,+28.4,+26.2,+17.9,+6.1,+10.2,+26.0,+17.3,+17.6,+17.6,+17.7,+17.7,+17.5,+18.0
2024-02-06 13:07,4,+28.4,+26.2,+17.9,+6.0,+10.2,+26.0,+17.6,+17.7,+17.6,+17.7,+17.6,+17.6,+18.0
2024-02-06 14:07,4,+28.3,+26.1,+17.8,+6.0,+10.2,+26.0,+17.7,+17.7,+17.6,+17.7,+17.7,+17.6,+18.0
2024-02-06 15:07,4,+28.3,+26.1,+17.9,+6.0,+10.2,+26.0,+17.8,+17.7,+17.6,+17.7,+17.7,+17.6,+18.0
2024-02-06 16:07,4,+28.3,+26.1,+17.9,+6.1,+10.2,+26.0,+17.8,+17.8,+17.6,+17.7,+17.7,+17.6,+18.0
2024-02-06 17:07,4,+28.3,+26.1,+17.9,+6.0,+10.2,+26.0,+17.8,+17.8,+17.6,+17.7,+17.7,+17.6,+18.0
2024-02-06 18:07,4,+28.2,+26.1,+17.9,+6.0,+10.2,+26.0,+17.8,+17.8,+17.6,+17.7,+17.7,+17.6,+18.0
2024-02-06 19:07,4,+28.2,+26.1,+17.8,+5.9,+10.2,+26.0,+17.8,+18.0,+17.6,+17.7,+17.7,+17.6,+17.8
2024-02-06 20:07,4,+28.2,+26.1,+17.9,+5.9,+10.1,+26.0,+17.8,+18.0,+17.7,+17.7,+17.7,+17.6,+18.0
2024-02-06 21:07,4,+28.2,+26.1,+17.9,+6.1,+10.2,+26.0,+17.7,+18.0,+17.7,+17.7,+17.7,+17.6,+18.0
2024-02-06 22:07,4,+28.2,+26.2,+17.9,+5.9,+10.1,+26.0,+17.6,+18.0,+17.7,+17.7,+17.7,+17.6,+18.0
2024-02-06 23:07,4,+28.2,+26.1,+17.8,+6.1,+10.2,+26.0,+17.6,+18.0,+17.7,+17.7,+17.7,+17.6,+18.0
2024-02-07 00:07,4,+28.2,+26.2,+17.9,+6.1,+10.2,+26.0,+17.5,+18.0,+17.7,+17.7,+17.7,+17.6,+18.0
2024-02-07 01:07,4,+28.1,+26.2,+17.9,+5.9,+10.2,+26.0,+17.3,+17.8,+17.7,+17.7,+17.7,+17.6,+18.0
2024-02-07 02:07,4,+28.1,+26.1,+17.8,+5.9,+10.2,+26.0,+17.2,+17.8,+17.7,+17.7,+17.7,+17.6,+18.0
2024-02-07 03:07,4,+28.1,+26.1,+17.9,+6.1,+10.2,+26.0,+17.2,+17.8,+17.7,+17.7,+17.7,+17.6,+17.8
2024-02-07 04:07,4,+28.1,+26.1,+17.9,+6.0,+10.2,+26.0,+17.1,+17.7,+17.7,+17.8,+17.7,+17.6,+18.0
2024-02-07 05:07,4,+28.0,+26.1,+17.9,+6.0,+10.2,+26.0,+17.0,+17.7,+17.7,+17.8,+17.7,+17.6,+18.0
2024-02-07 06:07,4,+28.0,+26.1,+17.9,+6.0,+10.2,+26.0,+17.0,+17.7,+17.7,+17.7,+17.7,+17.6,+18.0
2024-02-07 07:07,4,+28.0,+26.1,+17.9,+6.1,+10.2,+26.0,+16.8,+17.6,+17.7,+17.8,+17.7,+17.6,+18.0
2024-02-07 08:07,4,+28.0,+26.1,+17.9,+5.9,+10.2,+26.0,+16.8,+17.6,+17.7,+17.7,+17.7,+17.6,+18.0
2024-02-07 09:07,4,+27.9,+26.1,+17.8,+5.9,+10.1,+26.0,+16.7,+17.5,+17.7,+17.8,+17.7,+17.6,+18.0
2024-02-07 10:07,4,+27.9,+26.1,+17.8,+6.0,+10.2,+26.0,+16.6,+17.5,+17.6,+17.8,+17.7,+17.6,+18.0
2024-02-07 11:07,4,+27.8,+26.1,+17.8,+6.1,+10.2,+26.0,+16.6,+17.5,+17.6,+17.8,+17.7,+17.6,+18.0
2024-02-07 12:07,4,+27.7,+26.1,+17.8,+5.9,+10.1,+26.0,+16.6,+17.5,+17.6,+17.8,+17.7,+17.6,+18.0
2024-02-07 13:07,4,+27.6,+26.1,+17.8,+6.1,+10.2,+26.0,+16.6,+17.3,+17.6,+17.8,+17.7,+17.6,+18.0
2024-02-07 14:07,4,+27.6,+26.0,+17.8,+5.9,+10.1,+26.0,+16.6,+17.3,+17.5,+17.7,+17.7,+17.6,+18.0
2024-02-07 15:07,4,+27.5,+26.0,+17.8,+6.1,+10.2,+26.0,+16.6,+17.3,+17.6,+17.8,+17.7,+17.6,+18.0
2024-02-07 16:07,4,+27.4,+26.0,+17.8,+6.1,+10.1,+26.0,+16.5,+17.3,+17.6,+17.8,+17.7,+17.6,+18.0
2024-02-07 17:07,4,+27.4,+26.0,+17.8,+5.9,+10.1,+26.0,+16.5,+17.3,+17.5,+17.7,+17.8,+17.7,+18.0
2024-02-07 18:07,4,+27.4,+26.0,+17.8,+6.0,+10.1,+26.0,+16.3,+17.2,+17.5,+17.7,+17.8,+17.7,+18.0
2024-02-07 19:07,4,+27.4,+26.0,+17.8,+5.9,+10.1,+26.0,+16.3,+17.2,+17.5,+17.7,+17.7,+17.6,+18.0
2024-02-07 20:07,4,+27.4,+26.0,+17.8,+5.9,+10.1,+25.9,+16.2,+17.2,+17.5,+17.7,+17.7,+17.6,+18.0
2024-02-07 21:07,4,+27.3,+26.0,+17.7,+5.9,+10.1,+25.9,+16.1,+17.1,+17.3,+17.7,+17.7,+17.6,+18.0
2024-02-07 22:07,4,+27.3,+26.0,+17.7,+6.1,+10.1,+26.0,+16.1,+17.1,+17.3,+17.7,+17.7,+17.6,+18.0
2024-02-07 23:07,4,+27.3,+26.0,+17.7,+6.0,+10.1,+26.0,+16.0,+17.0,+17.3,+17.7,+17.7,+17.7,+18.0
2024-02-08 00:07,4,+27.3,+26.0,+17.7,+6.1,+10.1,+26.0,+16.0,+17.0,+17.3,+17.7,+17.7,+17.6,+18.0
2024-02-08 01:07,4,+27.2,+26.0,+17.7,+6.0,+10.2,+26.0,+16.0,+16.8,+17.3,+17.7,+17.7,+17.6,+18.0
2024-02-08 02:07,4,+27.2,+26.0,+17.7,+5.9,+10.1,+25.9,+16.0,+16.8,+17.2,+17.7,+17.7,+17.7,+18.0
2024-02-08 03:07,4,+27.2,+26.0,+17.7,+5.9,+10.1,+25.9,+15.8,+16.8,+17.2,+17.7,+17.7,+17.6,+18.0
2024-02-08 04:07,4,+27.2,+26.0,+17.7,+6.1,+10.1,+26.0,+15.8,+16.8,+17.2,+17.7,+17.7,+17.6,+18.0
2024-02-08 05:07,4,+27.2,+25.9,+17.7,+5.9,+10.1,+25.9,+16.0,+16.8,+17.2,+17.7,+17.7,+17.7,+18.0
2024-02-08 06:07,4,+27.2,+25.9,+17.7,+5.9,+10.1,+25.9,+16.0,+16.8,+17.2,+17.7,+17.7,+17.6,+18.0
2024-02-08 07:07,4,+27.1,+25.9,+17.7,+6.0,+10.2,+26.0,+16.0,+16.7,+17.1,+17.6,+17.7,+17.6,+18.0
2024-02-08 08:07,4,+27.1,+25.9,+17.7,+6.0,+10.1,+26.0,+16.0,+16.7,+17.1,+17.6,+17.7,+17.6,+18.0
2024-02-08 09:07,4,+27.1,+25.9,+17.7,+5.9,+10.1,+25.9,+16.0,+16.7,+17.1,+17.6,+17.7,+17.7,+18.0
2024-02-08 10:07,4,+27.1,+25.9,+17.7,+5.9,+10.1,+25.9,+16.1,+16.7,+17.1,+17.6,+17.7,+17.6,+18.0
2024-02-08 11:07,4,+27.0,+25.9,+17.7,+6.0,+10.1,+26.0,+16.2,+16.7,+17.1,+17.6,+17.7,+17.6,+18.0
2024-02-08 12:07,4,+26.9,+25.9,+17.7,+5.9,+10.1,+25.9,+16.3,+16.7,+17.1,+17.6,+17.7,+17.6,+18.0
2024-02-08 13:07,4,+26.9,+25.9,+17.7,+5.9,+10.1,+25.9,+16.6,+16.7,+17.1,+17.6,+17.7,+17.6,+18.0
2024-02-08 14:07,4,+26.9,+25.9,+17.7,+5.9,+10.1,+25.9,+16.8,+16.8,+17.0,+17.6,+17.7,+17.6,+18.0
2024-02-08 15:07,4,+26.8,+25.9,+17.7,+5.9,+10.1,+25.9,+16.8,+16.8,+17.1,+17.6,+17.7,+17.6,+18.1
2024-02-08 16:07,4,+26.8,+25.9,+17.7,+6.0,+10.1,+25.9,+17.0,+17.0,+17.1,+17.5,+17.6,+17.6,+18.0
2024-02-08 17:07,4,+26.8,+25.9,+17.7,+6.0,+10.1,+25.9,+17.0,+17.1,+17.1,+17.6,+17.6,+17.6,+18.0
2024-02-08 18:07,4,+26.8,+25.9,+17.7,+6.0,+10.1,+25.9,+16.8,+17.1,+17.1,+17.6,+17.6,+17.6,+18.0
2024-02-08 19:07,4,+26.8,+25.9,+17.7,+5.9,+10.1,+25.9,+16.8,+17.1,+17.1,+17.5,+17.6,+17.6,+18.0
2024-02-08 20:07,4,+26.8,+25.9,+17.7,+5.9,+10.1,+25.9,+16.8,+17.1,+17.1,+17.5,+17.6,+17.6,+18.0
2024-02-08 21:07,4,+26.7,+25.9,+17.7,+5.9,+10.0,+25.9,+16.7,+17.1,+17.1,+17.5,+17.6,+17.6,+18.0
2024-02-08 22:07,4,+26.8,+25.9,+17.7,+5.9,+10.1,+25.9,+16.6,+17.2,+17.1,+17.5,+17.6,+17.5,+18.0
2024-02-08 23:07,4,+26.8,+25.9,+17.7,+6.0,+10.1,+25.9,+16.5,+17.1,+17.2,+17.5,+17.6,+17.6,+18.0
2024-02-09 00:07,4,+26.7,+25.9,+17.7,+6.0,+10.1,+25.9,+16.3,+17.1,+17.1,+17.5,+17.6,+17.5,+18.0
2024-02-09 01:07,4,+26.7,+25.9,+17.7,+6.0,+10.1,+25.9,+16.2,+17.1,+17.1,+17.5,+17.6,+17.6,+18.0
2024-02-09 02:07,4,+26.7,+25.9,+17.7,+6.0,+10.1,+25.9,+16.1,+17.1,+17.2,+17.5,+17.6,+17.6,+18.0
2024-02-09 03:07,4,+26.7,+25.9,+17.7,+5.9,+10.0,+25.9,+16.0,+17.0,+17.1,+17.5,+17.6,+17.5,+18.0
2024-02-09 04:07,4,+26.7,+25.9,+17.7,+6.0,+10.1,+25.9,+15.8,+17.0,+17.1,+17.5,+17.6,+17.6,+18.0
2024-02-09 05:07,4,+26.7,+25.9,+17.7,+5.9,+10.1,+25.9,+15.8,+16.8,+17.1,+17.5,+17.6,+17.6,+18.0
2024-02-09 06:07,4,+26.7,+25.8,+17.7,+6.0,+10.1,+25.9,+15.7,+16.8,+17.1,+17.5,+17.5,+17.6,+18.0
2024-02-09 07:07,4,+26.7,+25.8,+17.7,+6.0,+10.1,+25.9,+15.7,+16.7,+17.1,+17.5,+17.6,+17.5,+17.8
2024-02-09 08:07,4,+26.6,+25.8,+17.7,+5.9,+10.1,+25.9,+15.7,+16.7,+17.1,+17.5,+17.6,+17.5,+17.8
2024-02-09 09:07,4,+26.6,+25.8,+17.7,+6.0,+10.1,+25.9,+15.7,+16.7,+17.0,+17.5,+17.6,+17.5,+18.0
2024-02-09 10:07,4,+26.5,+25.8,+17.7,+5.9,+10.0,+25.9,+15.8,+16.7,+17.0,+17.5,+17.5,+17.5,+17.8
2024-02-09 11:07,4,+26.5,+25.8,+17.7,+5.9,+10.0,+25.9,+16.1,+16.7,+17.0,+17.5,+17.6,+17.5,+18.0
2024-02-09 12:07,4,+26.4,+25.8,+17.6,+5.9,+10.0,+25.9,+16.3,+16.6,+17.0,+17.3,+17.5,+17.5,+18.0
2024-02-09 13:07,4,+26.3,+25.7,+17.6,+5.9,+10.0,+25.9,+16.7,+16.7,+17.0,+17.5,+17.5,+17.5,+17.8
2024-02-09 14:07,4,+26.3,+25.7,+17.6,+5.9,+10.0,+25.9,+16.8,+16.7,+17.0,+17.5,+17.5,+17.5,+17.8
2024-02-09 15:07,4,+26.2,+25.7,+17.6,+5.9,+10.0,+25.9,+17.0,+16.8,+16.8,+17.3,+17.5,+17.5,+18.0
2024-02-09 16:07,4,+26.2,+25.7,+17.6,+6.0,+10.0,+25.9,+17.1,+17.0,+17.0,+17.5,+17.5,+17.5,+17.8
2024-02-09 17:07,4,+26.2,+25.7,+17.6,+6.0,+10.0,+25.9,+17.0,+17.0,+17.0,+17.3,+17.5,+17.5,+17.8
2024-02-09 18:07,4,+26.1,+25.7,+17.6,+5.9,+10.0,+25.8,+17.0,+17.1,+17.0,+17.3,+17.5,+17.5,+17.8
2024-02-09 19:07,4,+26.1,+25.7,+17.6,+5.9,+10.0,+25.8,+17.0,+17.1,+17.0,+17.3,+17.5,+17.5,+17.8
2024-02-09 20:07,4,+26.1,+25.7,+17.6,+5.9,+10.0,+25.8,+16.8,+17.1,+17.0,+17.3,+17.5,+17.5,+17.8
2024-02-09 21:07,4,+26.1,+25.7,+17.6,+5.9,+10.0,+25.8,+16.8,+17.1,+17.1,+17.3,+17.5,+17.5,+17.8
2024-02-09 22:07,4,+26.1,+25.7,+17.6,+5.9,+10.0,+25.8,+16.7,+17.1,+17.0,+17.3,+17.5,+17.5,+17.8
2024-02-09 23:07,4,+26.1,+25.7,+17.6,+5.8,+10.0,+25.8,+16.7,+17.1,+17.1,+17.3,+17.5,+17.5,+17.8
2024-02-10 00:07,4,+26.1,+25.7,+17.6,+5.8,+10.0,+25.8,+16.6,+17.1,+17.1,+17.3,+17.5,+17.5,+17.8
2024-02-10 01:07,4,+26.1,+25.7,+17.6,+5.9,+10.0,+25.8,+16.5,+17.1,+17.1,+17.3,+17.5,+17.5,+17.8
2024-02-10 02:07,4,+26.1,+25.7,+17.6,+5.9,+10.0,+25.9,+16.5,+17.1,+17.1,+17.3,+17.5,+17.3,+17.8
2024-02-10 03:07,4,+26.1,+25.7,+17.6,+5.9,+10.0,+25.8,+16.5,+17.1,+17.1,+17.3,+17.5,+17.3,+17.8
2024-02-10 04:07,4,+26.1,+25.7,+17.6,+5.8,+10.0,+25.8,+16.5,+17.1,+17.1,+17.3,+17.5,+17.5,+17.8
2024-02-10 05:07,4,+26.0,+25.7,+17.6,+5.9,+10.0,+25.8,+16.3,+17.1,+17.1,+17.3,+17.5,+17.5,+17.8
2024-02-10 06:07,4,+26.0,+25.7,+17.6,+5.9,+10.0,+25.8,+16.3,+17.0,+17.1,+17.3,+17.5,+17.5,+17.8
2024-02-10 07:07,4,+26.0,+25.7,+17.6,+5.9,+10.0,+25.9,+16.2,+17.0,+17.1,+17.3,+17.5,+17.3,+17.8
2024-02-10 08:07,4,+25.9,+25.7,+17.6,+5.8,+10.0,+25.8,+16.2,+16.8,+17.1,+17.3,+17.5,+17.3,+17.8
2024-02-10 09:07,4,+25.9,+25.7,+17.6,+5.9,+10.0,+25.8,+16.2,+16.8,+17.0,+17.3,+17.5,+17.3,+17.8
2024-02-10 10:07,4,+25.8,+25.7,+17.6,+5.9,+10.0,+25.8,+16.2,+17.0,+17.0,+17.3,+17.5,+17.3,+17.8
2024-02-10 11:07,4,+25.8,+25.7,+17.6,+5.9,+10.0,+25.8,+16.3,+16.8,+17.1,+17.3,+17.5,+17.3,+17.8
2024-02-10 12:07,4,+25.7,+25.7,+17.5,+5.9,+10.0,+25.8,+16.5,+16.8,+17.0,+17.3,+17.5,+17.3,+17.8
2024-02-10 13:07,4,+25.6,+25.7,+17.5,+5.9,+10.0,+25.8,+16.7,+16.8,+17.0,+17.3,+17.5,+17.3,+17.8
2024-02-10 14:07,4,+25.5,+25.7,+17.5,+5.9,+10.0,+25.8,+16.7,+17.0,+17.0,+17.3,+17.5,+17.3,+17.8
2024-02-10 15:07,4,+25.5,+25.6,+17.5,+5.8,+9.9,+25.8,+16.8,+17.0,+17.0,+17.3,+17.5,+17.3,+17.8
2024-02-10 16:07,4,+25.4,+25.6,+17.5,+5.9,+10.0,+25.8,+16.8,+17.0,+17.0,+17.3,+17.5,+17.3,+17.8
2024-02-10 17:07,4,+25.4,+25.6,+17.5,+5.8,+9.9,+25.8,+17.0,+17.0,+17.0,+17.3,+17.5,+17.3,+17.8
2024-02-10 18:07,4,+25.4,+25.6,+17.5,+5.8,+9.9,+25.8,+16.8,+17.1,+17.0,+17.3,+17.5,+17.3,+17.8
2024-02-10 19:07,4,+25.4,+25.6,+17.5,+5.9,+9.9,+25.8,+16.8,+17.1,+17.0,+17.3,+17.5,+17.3,+17.8
2024-02-10 20:07,4,+25.3,+25.6,+17.5,+5.8,+9.9,+25.7,+16.8,+17.1,+17.0,+17.3,+17.5,+17.3,+17.8
2024-02-10 21:07,4,+25.3,+25.6,+17.5,+5.9,+9.9,+25.8,+16.8,+17.1,+17.1,+17.3,+17.3,+17.3,+17.8
2024-02-10 22:07,4,+25.3,+25.6,+17.5,+5.9,+9.9,+25.8,+16.7,+17.1,+17.1,+17.3,+17.3,+17.3,+17.8
2024-02-10 23:07,4,+25.2,+25.6,+17.5,+5.9,+9.9,+25.8,+16.6,+17.1,+17.1,+17.3,+17.3,+17.3,+17.8
2024-02-11 00:07,4,+25.2,+25.6,+17.5,+5.8,+9.9,+25.7,+16.6,+17.1,+17.1,+17.3,+17.5,+17.3,+17.8
2024-02-11 01:07,4,+25.2,+25.6,+17.5,+5.8,+9.9,+25.7,+16.5,+17.1,+17.1,+17.3,+17.5,+17.3,+17.8
2024-02-11 02:07,4,+25.1,+25.6,+17.5,+5.8,+9.9,+25.7,+16.3,+17.1,+17.1,+17.3,+17.5,+17.3,+17.8
2024-02-11 03:07,4,+25.1,+25.6,+17.5,+5.9,+9.9,+25.7,+16.3,+17.0,+17.1,+17.3,+17.5,+17.3,+17.8
2024-02-11 04:07,4,+25.1,+25.6,+17.5,+5.9,+9.9,+25.8,+16.3,+17.0,+17.1,+17.3,+17.5,+17.3,+17.8
2024-02-11 05:07,4,+25.0,+25.6,+17.5,+5.8,+9.9,+25.7,+16.3,+17.0,+17.1,+17.3,+17.3,+17.3,+17.8
2024-02-11 06:07,4,+25.0,+25.6,+17.5,+5.8,+9.9,+25.7,+16.3,+17.0,+17.1,+17.3,+17.3,+17.3,+17.7
2024-02-11 07:07,4,+25.0,+25.6,+17.5,+5.8,+9.9,+25.7,+16.3,+16.8,+17.1,+17.3,+17.5,+17.3,+17.7
2024-02-11 08:07,4,+24.9,+25.6,+17.5,+5.9,+9.9,+25.7,+16.3,+17.0,+17.0,+17.3,+17.3,+17.3,+17.8
2024-02-11 09:07,4,+24.9,+25.5,+17.5,+5.9,+9.9,+25.7,+16.5,+16.8,+17.0,+17.3,+17.5,+17.3,+17.7
2024-02-11 10:07,4,+24.9,+25.5,+17.5,+5.9,+9.9,+25.7,+16.5,+17.0,+17.0,+17.3,+17.3,+17.3,+17.8
2024-02-11 11:07,4,+24.8,+25.5,+17.5,+5.8,+9.9,+25.7,+16.6,+17.0,+17.0,+17.3,+17.5,+17.3,+17.8
2024-02-11 12:07,4,+24.8,+25.5,+17.4,+5.8,+9.9,+25.7,+16.8,+17.0,+17.0,+17.3,+17.3,+17.3,+17.8
2024-02-11 13:07,4,+24.7,+25.5,+17.4,+5.8,+9.9,+25.7,+17.1,+17.0,+17.0,+17.3,+17.3,+17.3,+17.8
2024-02-11 14:07,4,+24.6,+25.5,+17.4,+5.9,+9.9,+25.7,+17.2,+17.1,+17.0,+17.3,+17.5,+17.3,+17.8
2024-02-11 15:07,4,+24.6,+25.5,+17.4,+5.8,+9.9,+25.7,+17.3,+17.1,+17.0,+17.3,+17.3,+17.3,+17.7
2024-02-11 16:07,4,+24.6,+25.5,+17.4,+5.8,+9.9,+25.6,+17.5,+17.2,+17.0,+17.3,+17.3,+17.3,+17.8
2024-02-11 17:07,4,+24.5,+25.5,+17.4,+5.8,+9.9,+25.7,+17.6,+17.3,+17.1,+17.3,+17.3,+17.3,+17.8
2024-02-11 18:07,4,+24.5,+25.5,+17.4,+5.8,+9.9,+25.6,+17.5,+17.3,+17.1,+17.3,+17.3,+17.3,+17.7
2024-02-11 19:07,4,+24.5,+25.5,+17.4,+5.9,+9.9,+25.7,+17.5,+17.3,+17.1,+17.3,+17.3,+17.3,+17.8
2024-02-11 20:07,4,+24.5,+25.5,+17.4,+5.8,+9.8,+25.7,+17.5,+17.5,+17.1,+17.3,+17.3,+17.3,+17.7
2024-02-11 21:07,4,+24.5,+25.5,+17.4,+5.8,+9.8,+25.6,+17.5,+17.5,+17.1,+17.3,+17.5,+17.3,+17.7
2024-02-11 22:07,4,+24.5,+25.5,+17.4,+5.9,+9.9,+25.6,+17.5,+17.5,+17.2,+17.3,+17.5,+17.3,+17.7
2024-02-11 23:07,4,+24.5,+25.5,+17.4,+5.8,+9.8,+25.6,+17.3,+17.6,+17.2,+17.3,+17.3,+17.3,+17.7
2024-02-12 00:07,4,+24.5,+25.5,+17.4,+5.9,+9.9,+25.6,+17.3,+17.6,+17.2,+17.3,+17.3,+17.3,+17.7
2024-02-12 01:07,4,+24.5,+25.5,+17.4,+5.9,+9.9,+25.6,+17.2,+17.5,+17.2,+17.3,+17.3,+17.3,+17.7
2024-02-12 02:07,4,+24.5,+25.5,+17.4,+5.7,+9.9,+25.6,+17.1,+17.5,+17.2,+17.3,+17.3,+17.3,+17.7
2024-02-12 03:07,4,+24.5,+25.5,+17.4,+5.9,+9.9,+25.6,+17.0,+17.5,+17.3,+17.3,+17.3,+17.3,+17.7
2024-02-12 04:07,4,+24.4,+25.5,+17.4,+5.7,+9.9,+25.6,+16.8,+17.5,+17.3,+17.3,+17.5,+17.3,+17.7
2024-02-12 05:07,4,+24.3,+25.5,+17.4,+5.9,+9.9,+25.6,+16.7,+17.3,+17.2,+17.3,+17.3,+17.3,+17.8
2024-02-12 06:07,4,+24.3,+25.5,+17.4,+5.7,+9.9,+25.6,+16.6,+17.3,+17.2,+17.3,+17.5,+17.3,+17.7
2024-02-12 07:07,4,+24.3,+25.5,+17.4,+5.8,+9.8,+25.6,+16.6,+17.3,+17.2,+17.3,+17.3,+17.3,+17.7
2024-02-12 08:07,4,+24.2,+25.5,+17.4,+5.7,+9.9,+25.6,+16.6,+17.2,+17.2,+17.3,+17.3,+17.3,+17.7
2024-02-12 09:07,4,+24.1,+25.4,+17.4,+5.9,+9.9,+25.6,+16.6,+17.2,+17.2,+17.3,+17.3,+17.3,+17.7
2024-02-12 10:07,4,+24.0,+25.4,+17.4,+5.8,+9.8,+25.6,+16.7,+17.2,+17.2,+17.5,+17.5,+17.3,+17.8
2024-02-12 11:07,4,+23.9,+25.4,+17.4,+5.8,+9.8,+25.6,+17.0,+17.2,+17.2,+17.3,+17.3,+17.3,+17.8
2024-02-12 12:07,4,+23.8,+25.4,+17.4,+5.8,+9.8,+25.6,+17.1,+17.2,+17.2,+17.5,+17.5,+17.3,+17.8
2024-02-12 13:07,4,+23.8,+25.4,+17.4,+5.9,+9.9,+25.6,+17.5,+17.3,+17.2,+17.5,+17.5,+17.3,+17.8
2024-02-12 14:07,4,+23.7,+25.4,+17.4,+5.8,+9.8,+25.6,+17.6,+17.3,+17.2,+17.5,+17.5,+17.3,+17.7
2024-02-12 14:30,4,+23.7,+25.4,+17.4,+5.9,+9.8,+25.6,+17.7,+17.3,+17.2,+17.5,+17.5,+17.3,+17.8
2024-02-12 15:30,4,+23.7,+25.4,+17.4,+5.8,+9.8,+25.5,+17.8,+17.5,+17.3,+17.5,+17.5,+17.3,+17.7
2024-02-12 16:30,4,+23.6,+25.4,+17.4,+5.8,+9.8,+25.5,+17.8,+17.6,+17.2,+17.5,+17.5,+17.3,+17.8
2024-02-12 17:30,4,+23.6,+25.4,+17.4,+5.8,+9.8,+25.6,+18.0,+17.6,+17.3,+17.3,+17.5,+17.3,+17.8
2024-02-12 18:30,4,+23.6,+25.4,+17.3,+5.8,+9.8,+25.6,+18.0,+17.7,+17.3,+17.3,+17.5,+17.3,+17.7
2024-02-12 19:30,4,+23.6,+25.4,+17.4,+5.9,+9.8,+25.6,+17.8,+17.7,+17.3,+17.5,+17.3,+17.3,+17.8
2024-02-12 20:30,4,+23.6,+25.4,+17.4,+5.9,+9.8,+25.6,+17.8,+17.8,+17.3,+17.5,+17.5,+17.3,+17.7
2024-02-12 21:30,4,+23.6,+25.4,+17.4,+5.8,+9.8,+25.5,+17.8,+17.8,+17.3,+17.5,+17.5,+17.3,+17.8
2024-02-12 22:30,4,+23.6,+25.4,+17.4,+5.9,+9.8,+25.6,+17.8,+17.8,+17.5,+17.5,+17.3,+17.3,+17.8
2024-02-12 23:30,4,+23.6,+25.4,+17.4,+5.8,+9.8,+25.5,+17.8,+17.8,+17.5,+17.5,+17.5,+17.3,+17.7
2024-02-13 00:30,4,+23.5,+25.4,+17.4,+5.8,+9.8,+25.5,+17.7,+17.8,+17.5,+17.5,+17.5,+17.3,+17.7
2024-02-13 01:30,4,+23.5,+25.4,+17.4,+5.8,+9.8,+25.5,+17.7,+17.8,+17.5,+17.5,+17.5,+17.3,+17.7
2024-02-13 02:30,4,+23.5,+25.4,+17.4,+5.9,+9.8,+25.5,+17.6,+17.8,+17.5,+17.5,+17.5,+17.3,+17.7
2024-02-13 03:30,4,+23.5,+25.4,+17.4,+5.9,+9.8,+25.6,+17.6,+17.8,+17.5,+17.5,+17.5,+17.3,+17.8
2024-02-13 04:30,4,+23.5,+25.4,+17.4,+5.8,+9.8,+25.5,+17.6,+17.8,+17.5,+17.6,+17.5,+17.5,+17.7
2024-02-13 05:30,4,+23.5,+25.4,+17.4,+5.8,+9.8,+25.5,+17.6,+17.8,+17.5,+17.5,+17.5,+17.3,+17.8
2024-02-13 06:30,4,+23.4,+25.4,+17.4,+5.9,+9.8,+25.5,+17.5,+17.8,+17.6,+17.5,+17.5,+17.3,+17.8
2024-02-13 07:30,4,+23.4,+25.4,+17.4,+5.9,+9.8,+25.5,+17.5,+17.8,+17.6,+17.6,+17.5,+17.3,+17.8
2024-02-13 08:30,4,+23.4,+25.4,+17.4,+5.8,+9.8,+25.5,+17.5,+17.8,+17.6,+17.6,+17.5,+17.3,+17.8
2024-02-13 09:30,4,+23.4,+25.4,+17.4,+5.9,+9.8,+25.5,+17.5,+17.8,+17.6,+17.6,+17.5,+17.3,+17.8
2024-02-13 10:30,4,+23.3,+25.4,+17.4,+5.9,+9.8,+25.5,+17.5,+17.8,+17.6,+17.6,+17.5,+17.3,+17.7
2024-02-13 11:30,4,+23.2,+25.4,+17.4,+5.9,+9.8,+25.5,+17.6,+17.7,+17.6,+17.6,+17.5,+17.5,+17.7
2024-02-13 12:30,4,+23.2,+25.4,+17.4,+5.8,+9.8,+25.5,+17.6,+17.7,+17.6,+17.6,+17.5,+17.3,+17.8
2024-02-13 13:30,4,+23.1,+25.3,+17.4,+5.9,+9.8,+25.5,+17.7,+17.8,+17.6,+17.6,+17.5,+17.5,+17.7
2024-02-13 14:30,4,+23.0,+25.3,+17.4,+5.8,+9.8,+25.5,+17.8,+17.8,+17.6,+17.6,+17.5,+17.5,+17.8
2024-02-13 15:30,4,+22.9,+25.3,+17.3,+5.9,+9.8,+25.5,+17.8,+17.8,+17.6,+17.6,+17.5,+17.5,+17.8
2024-02-13 16:30,4,+22.9,+25.3,+17.3,+5.8,+9.8,+25.5,+17.8,+17.8,+17.6,+17.6,+17.5,+17.5,+17.8
2024-02-13 17:30,4,+22.9,+25.3,+17.3,+5.9,+9.8,+25.5,+17.7,+17.8,+17.6,+17.6,+17.5,+17.5,+17.8
2024-02-13 18:30,4,+22.8,+25.3,+17.3,+5.9,+9.8,+25.5,+17.6,+18.0,+17.6,+17.6,+17.6,+17.5,+17.8
2024-02-13 19:30,4,+22.8,+25.3,+17.3,+5.9,+9.8,+25.5,+17.5,+17.8,+17.6,+17.6,+17.6,+17.5,+17.8
2024-02-13 20:30,4,+22.8,+25.3,+17.3,+5.8,+9.8,+25.5,+17.3,+17.8,+17.6,+17.7,+17.6,+17.5,+17.8
2024-02-13 21:30,4,+22.7,+25.3,+17.3,+5.9,+9.8,+25.5,+17.2,+17.8,+17.6,+17.6,+17.6,+17.5,+17.8
2024-02-13 22:30,4,+22.7,+25.3,+17.3,+5.9,+9.8,+25.5,+17.1,+17.7,+17.6,+17.6,+17.6,+17.5,+17.8
2024-02-13 23:30,4,+22.7,+25.3,+17.3,+5.9,+9.8,+25.5,+17.0,+17.7,+17.6,+17.7,+17.6,+17.5,+17.8
2024-02-14 00:30,4,+22.7,+25.3,+17.3,+5.8,+9.7,+25.5,+17.0,+17.7,+17.6,+17.6,+17.6,+17.5,+17.8
2024-02-14 01:30,4,+22.6,+25.3,+17.3,+5.8,+9.7,+25.5,+17.0,+17.6,+17.6,+17.6,+17.6,+17.5,+17.8
2024-02-14 02:30,4,+22.6,+25.3,+17.3,+5.7,+9.8,+25.4,+16.8,+17.6,+17.6,+17.7,+17.6,+17.5,+17.8
2024-02-14 03:30,4,+22.6,+25.3,+17.3,+5.8,+9.7,+25.5,+16.8,+17.6,+17.6,+17.7,+17.6,+17.5,+17.8
2024-02-14 04:30,4,+22.5,+25.2,+17.3,+5.9,+9.8,+25.5,+16.7,+17.5,+17.6,+17.7,+17.6,+17.5,+17.7
2024-02-14 05:30,4,+22.5,+25.2,+17.3,+5.8,+9.7,+25.5,+16.7,+17.5,+17.6,+17.7,+17.6,+17.5,+17.8
2024-02-14 06:30,4,+22.5,+25.2,+17.3,+5.9,+9.8,+25.5,+16.7,+17.5,+17.6,+17.7,+17.6,+17.6,+17.8
2024-02-14 07:30,4,+22.5,+25.2,+17.3,+5.8,+9.7,+25.5,+16.7,+17.5,+17.5,+17.7,+17.6,+17.5,+17.8
2024-02-14 08:30,4,+22.5,+25.2,+17.3,+5.8,+9.7,+25.4,+16.7,+17.5,+17.5,+17.7,+17.6,+17.5,+17.8
2024-02-14 09:30,4,+22.4,+25.2,+17.3,+5.8,+9.7,+25.4,+16.7,+17.3,+17.5,+17.6,+17.6,+17.5,+17.8
2024-02-14 10:30,4,+22.4,+25.2,+17.3,+5.8,+9.7,+25.4,+16.7,+17.3,+17.5,+17.7,+17.6,+17.5,+17.8
2024-02-14 11:30,4,+22.3,+25.2,+17.3,+5.9,+9.8,+25.5,+16.8,+17.3,+17.5,+17.7,+17.6,+17.5,+17.8
2024-02-14 12:30,4,+22.2,+25.2,+17.3,+5.8,+9.7,+25.4,+16.8,+17.3,+17.5,+17.6,+17.7,+17.5,+17.8
2024-02-14 13:30,4,+22.1,+25.2,+17.2,+5.9,+9.8,+25.4,+17.0,+17.3,+17.5,+17.7,+17.6,+17.5,+17.8
2024-02-14 14:30,4,+22.1,+25.1,+17.2,+5.8,+9.7,+25.4,+17.1,+17.3,+17.5,+17.7,+17.6,+17.5,+17.8
2024-02-14 15:30,4,+22.0,+25.1,+17.2,+5.7,+9.7,+25.4,+17.1,+17.3,+17.5,+17.7,+17.6,+17.6,+17.8
2024-02-14 16:30,4,+22.0,+25.1,+17.2,+5.9,+9.8,+25.4,+17.1,+17.3,+17.5,+17.7,+17.6,+17.5,+17.8
2024-02-14 17:30,4,+21.9,+25.1,+17.2,+5.7,+9.7,+25.4,+17.1,+17.3,+17.5,+17.6,+17.6,+17.6,+17.8
2024-02-14 18:30,4,+21.9,+25.1,+17.2,+5.8,+9.7,+25.4,+17.0,+17.3,+17.3,+17.6,+17.6,+17.5,+17.8
2024-02-14 19:30,4,+21.8,+25.1,+17.2,+5.8,+9.7,+25.4,+17.0,+17.3,+17.5,+17.6,+17.7,+17.5,+17.8
2024-02-14 20:30,4,+21.8,+25.1,+17.2,+5.7,+9.7,+25.4,+17.0,+17.3,+17.5,+17.6,+17.6,+17.6,+17.8
2024-02-14 21:30,4,+21.8,+25.1,+17.2,+5.7,+9.7,+25.4,+16.8,+17.3,+17.3,+17.6,+17.6,+17.6,+17.8
2024-02-14 22:30,4,+21.8,+25.1,+17.2,+5.9,+9.7,+25.4,+16.8,+17.3,+17.3,+17.6,+17.6,+17.6,+17.8
2024-02-14 23:30,4,+21.8,+25.1,+17.2,+5.9,+9.7,+25.4,+16.8,+17.3,+17.3,+17.7,+17.6,+17.6,+17.8
2024-02-15 00:30,4,+21.8,+25.1,+17.2,+5.9,+9.7,+25.4,+16.7,+17.3,+17.3,+17.6,+17.6,+17.6,+17.8
2024-02-15 01:30,4,+21.8,+25.1,+17.2,+5.9,+9.7,+25.4,+16.7,+17.3,+17.5,+17.7,+17.6,+17.5,+17.8
2024-02-15 02:30,4,+21.7,+25.1,+17.2,+5.9,+9.7,+25.4,+16.7,+17.3,+17.3,+17.6,+17.6,+17.5,+17.8
2024-02-15 03:30,4,+21.7,+25.0,+17.2,+5.9,+9.7,+25.4,+16.7,+17.3,+17.3,+17.6,+17.6,+17.6,+17.8
2024-02-15 04:30,4,+21.7,+25.0,+17.2,+5.7,+9.7,+25.4,+16.7,+17.3,+17.3,+17.6,+17.6,+17.6,+18.0
2024-02-15 05:30,4,+21.7,+25.0,+17.2,+5.9,+9.7,+25.4,+16.7,+17.3,+17.3,+17.6,+17.6,+17.6,+18.0
2024-02-15 06:30,4,(Error)
2024-02-15 07:30,4,(Error)
2024-02-15 08:30,4,(Error)
2024-02-15 09:30,4,(Error)
2024-02-15 10:30,4,(Error)
2024-02-15 11:30,4,(Error)
2024-02-15 12:30,4,(Error)
2024-02-15 13:30,4,(Error)
2024-02-15 14:30,4,(Error)
2024-02-15 15:30,4,(Error)
2024-02-15 16:30,4,(Error)
2024-02-15 17:30,4,(Error)
2024-02-15 18:30,4,(Error)
2024-02-15 19:30,4,(Error)
2024-02-15 20:30,4,(Error)
2024-02-15 21:30,4,(Error)
2024-02-15 22:30,4,(Error)
2024-02-15 23:30,4,(Error)
2024-02-16 00:30,4,(Error)
2024-02-16 01:30,4,(Error)
2024-02-16 02:30,4,(Error)
2024-02-16 03:30,4,(Error)
2024-02-16 04:30,4,(Error)
2024-02-16 05:30,4,(Error)
2024-02-16 06:30,4,(Error)
2024-02-16 07:30,4,(Error)
2024-02-16 08:30,4,(Error)
2024-02-16 09:30,4,(Error)
2024-02-16 10:30,4,(Error)
2024-02-16 11:30,4,(Error)
2024-02-16 12:30,4,(Error)
2024-02-16 13:30,4,(Error)
2024-02-16 14:30,4,(Error)
2024-02-16 15:30,4,(Error)
2024-02-16 16:30,4,(Error)
2024-02-16 17:30,4,(Error)
2024-02-16 18:30,4,(Error)
2024-02-16 19:30,4,(Error)
2024-02-16 20:30,4,(Error)
2024-02-16 21:30,4,(Error)
2024-02-16 22:30,4,(Error)
2024-02-16 23:30,4,(Error)
2024-02-17 00:30,4,(Error)
2024-02-17 01:30,4,(Error)
2024-02-17 02:30,4,(Error)
2024-02-17 03:30,4,(Error)
2024-02-17 04:30,4,(Error)
2024-02-17 05:30,4,(Error)
2024-02-17 06:30,4,(Error)
2024-02-17 07:30,4,(Error)
2024-02-17 08:30,4,(Error)
2024-02-17 09:30,4,(Error)
2024-02-17 10:30,4,(Error)
2024-02-17 11:30,4,(Error)
2024-02-17 12:30,4,(Error)
2024-02-17 13:30,4,(Error)
2024-02-17 14:30,4,,,,,,,,,,,,,