
2024-01-25 13:39,1,+16.1,+18.8,+5.0,+13.2,+20.1,+18.5,+19.1,+18.3,+18.6,+19.0,+18.8,+19.0,+18.8
2024-01-25 14:39,1,+16.1,+18.8,+5.0,+13.2,+20.1,+18.5,+19.0,+18.3,+18.6,+19.0,+18.7,+19.0,+18.8
2024-01-25 15:39,1,+16.1,+18.7,+5.0,+13.0,+20.1,+18.4,+19.1,+18.5,+18.6,+19.0,+18.8,+19.0,+18.8
2024-01-25 16:39,1,+16.1,+18.7,+5.0,+13.1,+20.1,+18.4,+19.1,+18.5,+18.6,+19.0,+18.8,+19.0,+18.8
2024-01-25 17:39,1,+16.1,+18.7,+5.0,+13.1,+20.1,+18.4,+19.1,+18.5,+18.6,+18.8,+18.7,+19.0,+18.8
2024-01-25 18:39,1,+16.1,+18.8,+5.0,+13.0,+20.1,+18.4,+19.1,+18.6,+18.6,+19.0,+18.8,+19.0,+18.7
2024-01-25 19:39,1,+16.1,+18.8,+5.0,+13.1,+20.1,+18.4,+19.1,+18.6,+18.7,+18.8,+18.8,+19.0,+18.8
2024-01-25 20:39,1,+16.1,+18.8,+5.0,+13.1,+20.1,+18.4,+19.0,+18.6,+18.6,+19.0,+18.8,+19.0,+18.8
2024-01-25 21:39,1,+16.1,+18.8,+5.0,+13.1,+20.1,+18.4,+18.8,+18.6,+18.7,+19.0,+18.8,+19.0,+18.7
2024-01-25 22:39,1,+16.2,+18.8,+5.0,+13.2,+20.1,+18.4,+18.8,+18.6,+18.6,+19.0,+18.8,+19.0,+18.8
2024-01-25 23:39,1,+16.1,+18.8,+5.0,+13.2,+20.1,+18.4,+18.7,+18.6,+18.7,+19.0,+18.8,+19.1,+18.8
2024-01-26 00:39,1,+16.1,+18.8,+5.0,+13.2,+20.1,+18.4,+18.6,+18.5,+18.6,+19.0,+18.8,+19.0,+18.8
2024-01-26 01:39,1,+16.1,+18.8,+5.0,+13.1,+20.1,+18.4,+18.6,+18.5,+18.7,+19.0,+18.7,+19.0,+18.7
2024-01-26 02:39,1,+16.2,+18.8,+5.0,+13.2,+20.1,+18.4,+18.5,+18.5,+18.7,+19.0,+18.8,+19.0,+18.8
2024-01-26 03:39,1,+16.2,+18.8,+5.0,+13.2,+20.1,+18.4,+18.3,+18.5,+18.7,+19.0,+18.7,+19.0,+18.8
2024-01-26 04:39,1,+16.1,+18.8,+5.0,+13.2,+20.1,+18.4,+18.3,+18.5,+18.7,+19.1,+18.8,+19.0,+18.8
2024-01-26 05:39,1,+16.1,+18.8,+5.0,+13.2,+20.1,+18.4,+18.3,+18.3,+18.7,+19.0,+18.8,+19.0,+18.8
2024-01-26 06:39,1,+16.1,+18.8,+5.0,+13.2,+20.1,+18.4,+18.3,+18.3,+18.7,+19.0,+18.8,+19.0,+18.8
2024-01-26 07:39,1,+16.1,+18.8,+5.0,+13.2,+20.1,+18.4,+18.2,+18.3,+18.7,+19.0,+18.8,+19.0,+18.8
2024-01-26 08:39,1,+16.1,+18.8,+5.0,+13.0,+20.1,+18.3,+18.3,+18.3,+18.7,+19.1,+18.8,+19.0,+18.8
2024-01-26 09:39,1,+16.1,+18.8,+5.0,+13.0,+20.1,+18.3,+18.2,+18.3,+18.7,+19.0,+18.8,+19.0,+18.8
2024-01-26 10:39,1,+16.1,+18.7,+5.0,+13.1,+20.1,+18.3,+18.3,+18.3,+18.6,+19.0,+18.8,+19.1,+18.8
2024-01-26 11:39,1,+16.1,+18.7,+5.0,+13.2,+20.1,+18.3,+18.5,+18.3,+18.7,+19.0,+18.8,+19.0,+18.8
2024-01-26 12:39,1,+16.0,+18.7,+5.0,+13.0,+20.1,+18.3,+18.5,+18.3,+18.6,+19.0,+18.8,+19.0,+18.8
2024-01-26 13:39,1,+16.0,+18.7,+5.0,+13.0,+20.1,+18.3,+18.5,+18.3,+18.6,+19.1,+18.8,+19.0,+18.8
2024-01-26 14:39,1,+16.0,+18.6,+5.0,+13.0,+20.1,+18.3,+18.6,+18.3,+18.7,+19.0,+18.8,+19.1,+18.8
2024-01-26 15:39,1,+16.0,+18.6,+5.0,+13.1,+20.1,+18.3,+18.8,+18.3,+18.6,+19.1,+19.0,+19.0,+18.8
2024-01-26 16:39,1,+15.9,+18.5,+5.0,+13.1,+20.1,+18.3,+19.2,+18.3,+18.6,+19.0,+18.8,+19.0,+18.7
2024-01-26 17:39,1,+15.9,+18.5,+5.0,+13.1,+20.1,+18.3,+19.2,+18.5,+18.6,+19.0,+18.8,+19.0,+18.8
2024-01-26 18:39,1,+15.9,+18.5,+5.0,+13.0,+20.0,+18.2,+19.1,+18.6,+18.6,+19.0,+18.8,+19.1,+18.8
2024-01-26 19:39,1,+15.9,+18.5,+5.0,+13.0,+20.0,+18.2,+19.0,+18.6,+18.6,+19.1,+18.8,+19.0,+18.8
2024-01-26 20:39,1,+15.9,+18.5,+5.0,+13.0,+20.0,+18.2,+18.8,+18.6,+18.6,+19.0,+18.8,+19.1,+18.8
2024-01-26 21:39,1,+15.9,+18.5,+5.0,+13.1,+20.1,+18.2,+18.8,+18.5,+18.7,+19.0,+19.0,+19.1,+18.8
2024-01-26 22:39,1,+15.9,+18.6,+5.0,+13.1,+20.1,+18.2,+18.6,+18.6,+18.7,+19.0,+18.8,+19.1,+18.8
2024-01-26 23:39,1,+15.9,+18.5,+5.0,+13.0,+20.0,+18.2,+18.6,+18.5,+18.7,+19.0,+18.8,+19.0,+18.8
2024-01-27 00:39,1,+15.9,+18.5,+5.0,+13.1,+20.1,+18.2,+18.5,+18.5,+18.7,+19.1,+18.8,+19.1,+18.8
2024-01-27 01:39,1,+15.9,+18.6,+5.0,+13.1,+20.1,+18.2,+18.3,+18.5,+18.7,+19.0,+18.8,+19.0,+18.8
2024-01-27 02:39,1,+15.9,+18.5,+5.0,+13.0,+20.1,+18.2,+18.2,+18.5,+18.7,+19.1,+18.8,+19.0,+18.8
2024-01-27 03:39,1,+15.9,+18.5,+4.9,+13.1,+20.1,+18.2,+18.2,+18.3,+18.7,+19.1,+18.8,+19.0,+18.7
2024-01-27 04:39,1,+15.9,+18.6,+5.0,+13.1,+20.1,+18.2,+18.2,+18.3,+18.6,+19.1,+18.8,+19.1,+18.8
2024-01-27 05:39,1,+15.9,+18.5,+4.9,+13.0,+20.0,+18.1,+18.1,+18.3,+18.7,+19.1,+18.8,+19.1,+18.8
2024-01-27 06:39,1,+15.8,+18.5,+5.0,+13.0,+20.0,+18.1,+18.1,+18.2,+18.7,+19.0,+18.8,+19.0,+18.8
2024-01-27 07:39,1,+15.8,+18.5,+4.9,+13.1,+20.1,+18.2,+18.1,+18.2,+18.7,+19.0,+18.8,+19.1,+18.8
2024-01-27 08:39,1,+15.8,+18.5,+4.9,+13.0,+20.1,+18.1,+18.2,+18.2,+18.7,+19.0,+18.8,+19.1,+18.8
2024-01-27 09:39,1,+15.8,+18.5,+4.9,+13.1,+20.1,+18.1,+18.2,+18.2,+18.6,+19.1,+18.8,+19.1,+18.8
2024-01-27 10:39,1,+15.7,+18.5,+4.9,+13.1,+20.1,+18.1,+18.3,+18.2,+18.7,+19.1,+19.0,+19.1,+18.8
2024-01-27 11:39,1,+15.7,+18.5,+4.9,+13.0,+20.0,+18.1,+18.6,+18.2,+18.6,+19.0,+18.8,+19.1,+18.8
2024-01-27 12:39,1,+15.7,+18.5,+4.9,+13.0,+20.0,+18.1,+18.6,+18.2,+18.7,+19.0,+18.8,+19.1,+18.8
2024-01-27 13:39,1,+15.6,+18.4,+4.9,+13.1,+20.1,+18.1,+18.7,+18.3,+18.6,+19.1,+18.8,+19.1,+18.8
2024-01-27 14:39,1,+15.6,+18.4,+4.9,+13.0,+20.0,+18.1,+19.0,+18.3,+18.6,+19.0,+18.8,+19.0,+18.8
2024-01-27 15:39,1,+15.6,+18.4,+4.9,+12.9,+20.0,+18.1,+19.1,+18.5,+18.6,+19.0,+18.8,+19.0,+18.8
2024-01-27 16:39,1,+15.6,+18.4,+4.9,+12.9,+20.0,+18.0,+19.2,+18.5,+18.6,+19.1,+18.8,+19.1,+18.8
2024-01-27 17:39,1,+15.6,+18.4,+4.9,+13.0,+20.1,+18.1,+19.2,+18.5,+18.6,+19.0,+18.8,+19.0,+18.8
2024-01-27 18:39,1,+15.6,+18.4,+4.9,+13.0,+20.1,+18.1,+19.1,+18.6,+18.6,+19.1,+18.8,+19.0,+18.8
2024-01-27 19:39,1,+15.6,+18.4,+4.9,+13.1,+20.1,+18.1,+19.0,+18.6,+18.6,+19.0,+19.0,+19.1,+18.8
2024-01-27 20:39,1,+15.6,+18.4,+4.9,+13.0,+20.1,+18.1,+18.8,+18.6,+18.7,+19.1,+18.8,+19.1,+18.8
2024-01-27 21:39,1,+15.6,+18.4,+4.9,+13.1,+20.1,+18.1,+18.8,+18.6,+18.7,+19.0,+19.0,+19.0,+18.8
2024-01-27 22:39,1,+15.6,+18.4,+4.9,+13.0,+20.1,+18.0,+18.6,+18.6,+18.7,+19.0,+18.8,+19.0,+18.8
2024-01-27 23:39,1,+15.6,+18.4,+4.9,+13.0,+20.0,+18.0,+18.5,+18.5,+18.7,+19.1,+18.8,+19.1,+18.8
2024-01-28 00:39,1,+15.6,+18.4,+4.9,+13.0,+20.0,+18.0,+18.3,+18.5,+18.7,+19.1,+18.8,+19.1,+18.8
2024-01-28 01:39,1,+15.6,+18.4,+4.9,+13.0,+20.0,+18.0,+18.2,+18.5,+18.7,+19.1,+18.8,+19.1,+18.8
2024-01-28 02:39,1,+15.6,+18.4,+4.9,+13.0,+20.0,+18.0,+18.1,+18.3,+18.7,+19.0,+18.8,+19.1,+18.8
2024-01-28 03:39,1,+15.6,+18.4,+4.9,+12.9,+20.0,+18.0,+18.1,+18.3,+18.7,+19.0,+18.8,+19.1,+18.8
2024-01-28 04:39,1,+15.6,+18.4,+4.9,+12.9,+20.0,+18.0,+18.0,+18.3,+18.7,+19.1,+19.0,+19.1,+18.8
2024-01-28 05:39,1,+15.5,+18.4,+4.9,+13.0,+20.0,+18.0,+18.0,+18.2,+18.7,+19.1,+18.8,+19.1,+18.8
2024-01-28 06:39,1,+15.5,+18.4,+4.9,+13.0,+20.0,+18.0,+18.0,+18.2,+18.7,+19.0,+18.8,+19.1,+18.8
2024-01-28 07:39,1,+15.5,+18.4,+4.9,+13.0,+20.0,+18.0,+18.0,+18.2,+18.6,+19.0,+19.0,+19.1,+18.8
2024-01-28 08:39,1,+15.4,+18.4,+4.9,+13.0,+20.0,+18.0,+18.0,+18.2,+18.6,+19.0,+19.0,+19.0,+18.8
2024-01-28 09:39,1,+15.4,+18.3,+4.9,+13.0,+20.0,+18.0,+18.1,+18.2,+18.7,+19.1,+18.8,+19.1,+18.8
2024-01-28 10:39,1,+15.4,+18.3,+4.9,+13.0,+20.0,+18.0,+18.3,+18.2,+18.6,+19.0,+19.0,+19.1,+18.8
2024-01-28 11:39,1,+15.3,+18.3,+4.9,+13.0,+20.0,+18.0,+18.5,+18.2,+18.6,+19.1,+18.8,+19.1,+18.8
2024-01-28 12:39,1,+15.3,+18.3,+4.9,+13.0,+20.0,+18.0,+18.5,+18.2,+18.6,+19.1,+18.8,+19.1,+19.0
2024-01-28 13:39,1,+15.3,+18.3,+4.9,+13.0,+20.0,+18.0,+18.7,+18.2,+18.6,+19.1,+18.8,+19.1,+18.8
2024-01-28 14:39,1,+15.3,+18.3,+4.9,+13.0,+20.0,+18.0,+18.8,+18.2,+18.6,+19.0,+18.8,+19.1,+19.0
2024-01-28 15:39,1,+15.3,+18.2,+4.9,+12.9,+20.0,+17.9,+18.8,+18.2,+18.6,+19.1,+18.8,+19.1,+18.8
2024-01-28 16:39,1,+15.3,+18.3,+4.9,+12.9,+20.0,+17.9,+18.8,+18.3,+18.6,+19.1,+19.0,+19.1,+18.8
2024-01-28 17:39,1,+15.3,+18.3,+4.8,+12.9,+20.0,+17.9,+18.8,+18.3,+18.6,+19.0,+19.0,+19.1,+18.8
2024-01-28 18:39,1,+15.3,+18.3,+4.9,+12.9,+20.0,+17.9,+18.7,+18.5,+18.6,+19.0,+19.0,+19.1,+18.8
2024-01-28 19:39,1,+15.3,+18.3,+4.8,+13.0,+20.0,+17.9,+18.7,+18.5,+18.6,+19.1,+18.8,+19.1,+18.8
2024-01-28 20:39,1,+15.3,+18.3,+4.8,+13.0,+20.0,+17.9,+18.5,+18.3,+18.6,+19.0,+18.8,+19.1,+18.8
2024-01-28 21:39,1,+15.3,+18.3,+4.8,+12.9,+20.0,+17.9,+18.5,+18.3,+18.6,+19.1,+18.8,+19.1,+19.0
2024-01-28 22:39,1,+15.3,+18.3,+4.8,+13.0,+20.0,+17.9,+18.3,+18.3,+18.7,+19.0,+19.0,+19.1,+19.0
2024-01-28 23:39,1,+15.3,+18.3,+4.8,+13.0,+20.0,+17.9,+18.3,+18.3,+18.6,+19.0,+18.8,+19.1,+19.0
2024-01-29 00:39,1,+15.3,+18.3,+4.8,+13.1,+20.0,+17.9,+18.2,+18.3,+18.6,+19.1,+18.8,+19.0,+18.8
2024-01-29 01:39,1,+15.3,+18.3,+4.8,+13.0,+20.0,+17.9,+18.1,+18.3,+18.7,+19.0,+18.8,+19.1,+19.0
2024-01-29 02:39,1,+15.3,+18.3,+4.8,+12.9,+20.0,+17.9,+18.1,+18.3,+18.6,+19.1,+19.0,+19.1,+18.8
2024-01-29 03:39,1,+15.3,+18.3,+4.8,+13.0,+20.0,+17.9,+18.0,+18.2,+18.6,+19.1,+18.8,+19.1,+18.8
2024-01-29 04:39,1,+15.3,+18.3,+4.8,+13.0,+20.0,+17.9,+18.0,+18.2,+18.6,+19.0,+18.8,+19.1,+18.8
2024-01-29 05:39,1,+15.3,+18.3,+4.8,+12.9,+20.0,+17.9,+17.8,+18.1,+18.6,+19.0,+19.0,+19.1,+18.8
2024-01-29 06:39,1,+15.3,+18.2,+4.8,+12.9,+20.0,+17.8,+17.7,+18.1,+18.6,+19.1,+18.8,+19.1,+18.8
2024-01-29 07:39,1,+15.4,+18.2,+4.8,+12.9,+20.0,+17.9,+17.7,+18.1,+18.6,+19.0,+19.0,+19.1,+18.8
2024-01-29 08:39,1,+15.3,+18.2,+4.8,+12.9,+20.0,+17.8,+17.6,+18.0,+18.5,+19.0,+18.8,+19.1,+18.8
2024-01-29 09:39,1,+15.3,+18.2,+4.8,+13.0,+20.0,+17.9,+17.5,+18.0,+18.6,+19.1,+18.8,+19.1,+18.8
2024-01-29 10:39,1,+15.3,+18.2,+4.8,+13.0,+20.0,+17.9,+17.7,+18.0,+18.6,+19.0,+18.8,+19.1,+18.8
2024-01-29 11:39,1,+15.2,+18.2,+4.8,+12.9,+20.0,+17.8,+17.7,+18.0,+18.5,+19.0,+18.8,+19.1,+18.8
2024-01-29 12:39,1,+15.2,+18.1,+4.8,+13.0,+20.0,+17.9,+17.8,+17.8,+18.6,+19.1,+19.0,+19.1,+18.8
2024-01-29 13:39,1,+15.2,+18.1,+4.8,+13.0,+20.0,+17.8,+18.1,+18.0,+18.5,+19.0,+18.8,+19.1,+18.8
2024-01-29 14:39,1,+15.1,+18.1,+4.8,+13.0,+20.0,+17.8,+18.2,+18.0,+18.5,+19.0,+18.8,+19.1,+18.8
2024-01-29 15:39,1,+15.1,+18.1,+4.8,+12.9,+19.9,+17.8,+18.2,+18.0,+18.5,+19.0,+19.0,+19.1,+18.8
2024-01-29 16:39,1,+15.1,+18.1,+4.8,+13.0,+20.0,+17.8,+18.3,+18.0,+18.5,+19.0,+18.8,+19.1,+19.0
2024-01-29 17:39,1,+15.1,+18.1,+4.8,+12.9,+19.9,+17.8,+18.3,+18.1,+18.5,+19.0,+19.0,+19.1,+18.8
2024-01-29 18:39,1,+15.1,+18.1,+4.8,+12.9,+19.9,+17.8,+18.3,+18.1,+18.5,+19.0,+18.8,+19.1,+18.8
2024-01-29 19:39,1,+15.1,+18.1,+4.8,+13.0,+20.0,+17.8,+18.2,+18.1,+18.5,+19.0,+19.0,+19.1,+18.8
2024-01-29 20:39,1,+15.1,+18.1,+4.8,+13.0,+20.0,+17.8,+18.1,+18.1,+18.5,+18.8,+18.8,+19.1,+18.8
2024-01-29 21:39,1,+15.1,+18.1,+4.8,+13.0,+20.0,+17.8,+18.0,+18.1,+18.5,+19.0,+18.8,+19.1,+18.8
2024-01-29 22:39,1,+15.1,+18.1,+4.8,+13.0,+20.0,+17.8,+17.8,+18.1,+18.5,+19.0,+18.8,+19.1,+19.0
2024-01-29 23:39,1,+15.1,+18.1,+4.8,+13.0,+20.0,+17.8,+17.7,+18.1,+18.5,+19.0,+18.8,+19.1,+18.8
2024-01-30 00:39,1,+15.1,+18.1,+4.8,+12.9,+20.0,+17.7,+17.7,+18.0,+18.5,+18.8,+18.8,+19.1,+19.0
2024-01-30 01:39,1,+15.1,+18.1,+4.8,+12.9,+19.9,+17.7,+17.6,+18.0,+18.5,+19.0,+18.8,+19.1,+18.8
2024-01-30 02:39,1,+15.1,+18.1,+4.8,+12.9,+19.9,+17.7,+17.6,+18.0,+18.3,+19.0,+18.8,+19.1,+19.0
2024-01-30 03:39,1,+15.1,+18.1,+4.8,+12.9,+19.9,+17.7,+17.5,+17.8,+18.3,+18.8,+18.8,+19.1,+19.0
2024-01-30 04:39,1,+15.1,+18.1,+4.8,+12.9,+19.9,+17.7,+17.3,+17.8,+18.3,+18.8,+18.8,+19.1,+19.0
2024-01-30 05:39,1,+15.1,+18.1,+4.8,+12.9,+19.9,+17.7,+17.3,+17.7,+18.5,+19.0,+18.8,+19.1,+18.8
2024-01-30 06:39,1,+15.1,+18.1,+4.8,+12.9,+19.9,+17.7,+17.2,+17.7,+18.3,+19.0,+18.8,+19.0,+19.0
2024-01-30 07:39,1,+15.1,+18.1,+4.7,+13.0,+20.0,+17.7,+17.2,+17.7,+18.3,+18.8,+18.8,+19.1,+18.8
2024-01-30 08:39,1,+15.1,+18.0,+4.8,+12.9,+19.9,+17.7,+17.1,+17.7,+18.3,+19.0,+18.8,+19.1,+18.8
2024-01-30 09:39,1,+15.1,+18.0,+4.7,+12.9,+19.9,+17.7,+17.1,+17.6,+18.3,+18.8,+18.8,+19.1,+18.8
2024-01-30 10:39,1,+15.0,+18.0,+4.7,+13.0,+20.0,+17.7,+17.2,+17.6,+18.3,+19.0,+18.8,+19.1,+18.8
2024-01-30 11:39,1,+15.0,+17.9,+4.7,+13.0,+19.9,+17.7,+17.2,+17.6,+18.2,+18.8,+18.8,+19.1,+18.8
2024-01-30 12:36,1,+15.0,+17.9,+4.7,+13.0,+19.9,+17.7,+17.5,+17.5,+18.2,+18.8,+18.8,+19.1,+18.8
2024-01-30 13:36,1,+14.9,+17.9,+4.7,+12.9,+19.9,+17.7,+17.5,+17.5,+18.2,+19.0,+18.8,+19.0,+19.0
2024-01-30 14:36,1,+14.9,+17.9,+4.7,+12.9,+19.9,+17.7,+17.6,+17.6,+18.2,+18.8,+18.8,+19.1,+18.8
2024-01-30 15:36,1,+14.8,+17.9,+4.7,+12.9,+19.9,+17.7,+17.7,+17.6,+18.2,+18.8,+18.8,+19.1,+18.8
2024-01-30 16:36,1,+14.8,+17.9,+4.7,+12.9,+19.9,+17.7,+17.8,+17.6,+18.2,+18.8,+18.8,+19.1,+18.8
2024-01-30 17:36,1,+14.8,+17.8,+4.7,+12.8,+19.9,+17.6,+17.8,+17.6,+18.1,+18.8,+18.8,+19.1,+18.8
2024-01-30 18:36,1,+14.8,+17.8,+4.7,+12.9,+19.9,+17.7,+17.7,+17.7,+18.2,+18.7,+18.8,+19.1,+18.8
2024-01-30 19:36,1,+14.8,+17.8,+4.7,+12.8,+19.9,+17.6,+17.7,+17.6,+18.1,+18.8,+18.8,+19.0,+18.8
2024-01-30 20:36,1,+14.8,+17.8,+4.7,+12.9,+19.9,+17.6,+17.6,+17.7,+18.2,+18.8,+18.8,+19.0,+18.8
2024-01-30 21:36,1,+14.8,+17.8,+4.7,+12.9,+19.9,+17.6,+17.5,+17.7,+18.2,+18.8,+18.7,+19.0,+19.0
2024-01-30 22:36,1,+14.8,+17.8,+4.7,+12.9,+19.9,+17.6,+17.5,+17.6,+18.1,+18.8,+18.8,+19.0,+18.8
2024-01-30 23:36,1,+14.8,+17.8,+4.7,+12.9,+19.9,+17.6,+17.5,+17.6,+18.2,+18.7,+18.8,+19.1,+18.8
2024-01-31 00:36,1,+14.8,+17.8,+4.7,+12.8,+19.9,+17.6,+17.3,+17.6,+18.2,+18.7,+18.8,+19.1,+18.8
2024-01-31 01:36,1,+14.8,+17.8,+4.7,+12.8,+19.9,+17.6,+17.3,+17.6,+18.1,+18.8,+18.7,+19.0,+18.8
2024-01-31 02:36,1,+14.8,+17.8,+4.7,+12.8,+19.9,+17.6,+17.3,+17.6,+18.1,+18.8,+18.7,+19.0,+18.8
2024-01-31 03:36,1,+14.8,+17.8,+4.7,+12.9,+19.9,+17.6,+17.2,+17.5,+18.2,+18.7,+18.7,+19.0,+18.8
2024-01-31 04:36,1,+14.8,+17.8,+4.7,+12.9,+19.9,+17.6,+17.2,+17.6,+18.1,+18.7,+18.7,+19.0,+18.8
2024-01-31 05:36,1,+14.8,+17.8,+4.7,+12.9,+19.9,+17.6,+17.2,+17.5,+18.1,+18.7,+18.8,+19.0,+18.8
2024-01-31 06:36,1,+14.8,+17.8,+4.7,+12.8,+19.9,+17.5,+17.2,+17.5,+18.1,+18.7,+18.7,+19.0,+18.8
2024-01-31 07:36,1,+14.8,+17.8,+4.7,+12.9,+19.9,+17.6,+17.2,+17.5,+18.1,+18.7,+18.7,+19.0,+18.8
2024-01-31 08:36,1,+14.8,+17.8,+4.7,+12.9,+19.9,+17.6,+17.2,+17.5,+18.1,+18.8,+18.7,+19.0,+18.8
2024-01-31 09:36,1,+14.8,+17.8,+4.7,+12.9,+19.9,+17.6,+17.2,+17.5,+18.1,+18.7,+18.7,+19.0,+18.8
2024-01-31 10:36,1,+14.7,+17.8,+4.7,+12.8,+19.9,+17.5,+17.2,+17.3,+18.1,+18.7,+18.7,+19.0,+18.8
2024-01-31 11:36,1,+14.7,+17.8,+4.7,+12.8,+19.9,+17.5,+17.3,+17.5,+18.1,+18.7,+18.7,+19.0,+18.8
2024-01-31 12:36,1,+14.7,+17.8,+4.7,+12.8,+19.9,+17.5,+17.5,+17.5,+18.0,+18.7,+18.7,+19.0,+18.8
2024-01-31 13:36,1,+14.7,+17.8,+4.7,+12.9,+19.9,+17.5,+17.6,+17.5,+18.1,+18.7,+18.7,+19.0,+18.8
2024-01-31 14:36,1,+14.7,+17.8,+4.7,+12.9,+19.9,+17.5,+17.7,+17.5,+18.0,+18.7,+18.7,+19.0,+18.8
2024-01-31 15:36,1,+14.7,+17.8,+4.7,+12.9,+19.9,+17.5,+17.8,+17.5,+18.0,+18.7,+18.7,+19.0,+18.8
2024-01-31 16:36,1,+14.7,+17.7,+4.7,+12.9,+19.9,+17.5,+17.8,+17.5,+18.0,+18.7,+18.7,+19.0,+18.8
2024-01-31 17:36,1,+14.7,+17.7,+4.7,+12.8,+19.8,+17.5,+18.0,+17.6,+18.0,+18.7,+18.7,+19.0,+18.8
2024-01-31 18:36,1,+14.7,+17.8,+4.7,+12.9,+19.9,+17.5,+17.8,+17.6,+18.1,+18.7,+18.7,+19.0,+18.8
2024-01-31 19:36,1,+14.7,+17.8,+4.7,+12.9,+19.9,+17.5,+17.7,+17.6,+18.1,+18.6,+18.6,+19.0,+18.8
2024-01-31 20:36,1,+14.7,+17.8,+4.7,+12.9,+19.9,+17.5,+17.7,+17.6,+18.0,+18.6,+18.7,+18.8,+18.8
2024-01-31 21:36,1,+14.7,+17.7,+4.7,+12.9,+19.9,+17.5,+17.6,+17.6,+18.0,+18.6,+18.7,+18.8,+18.8
2024-01-31 22:36,1,+14.9,+17.8,+4.7,+12.8,+19.9,+17.5,+17.6,+17.6,+18.1,+18.6,+18.7,+18.8,+18.8
2024-01-31 23:36,1,+15.2,+17.8,+4.7,+12.9,+19.9,+17.5,+17.5,+17.6,+18.0,+18.6,+18.6,+18.8,+18.8
2024-02-01 00:36,1,+15.9,+17.9,+4.9,+12.8,+19.9,+17.6,+17.3,+17.6,+18.0,+18.6,+18.6,+18.8,+18.8
2024-02-01 01:36,1,+16.6,+17.9,+4.8,+12.8,+19.9,+18.2,+17.3,+17.6,+18.1,+18.6,+18.7,+18.8,+18.8
2024-02-01 02:36,1,+17.2,+17.8,+4.8,+12.8,+19.9,+18.3,+17.3,+17.5,+18.0,+18.6,+18.7,+18.8,+18.8
2024-02-01 03:36,1,+17.9,+17.8,+4.8,+12.8,+19.9,+18.4,+17.2,+17.5,+18.1,+18.6,+18.6,+18.8,+18.8
2024-02-01 04:36,1,+18.4,+17.8,+4.8,+12.9,+19.9,+18.4,+17.0,+17.5,+18.1,+18.6,+18.6,+18.8,+18.8
2024-02-01 05:36,1,+18.9,+17.8,+4.7,+12.9,+19.9,+18.4,+17.0,+17.3,+18.1,+18.6,+18.7,+18.8,+18.7
2024-02-01 06:36,1,+19.2,+17.8,+4.8,+12.9,+19.9,+18.4,+16.8,+17.3,+18.0,+18.6,+18.6,+18.8,+18.8
2024-02-01 07:36,1,+19.4,+17.8,+4.8,+12.9,+19.9,+18.4,+16.8,+17.2,+18.0,+18.7,+18.6,+18.8,+18.7
2024-02-01 08:36,1,+19.7,+17.8,+4.8,+12.8,+19.9,+18.4,+16.7,+17.2,+18.0,+18.6,+18.6,+18.8,+18.7
2024-02-01 09:36,1,+19.8,+17.8,+4.8,+12.8,+19.9,+18.4,+16.7,+17.2,+18.0,+18.7,+18.6,+18.8,+18.7
2024-02-01 10:36,1,+19.8,+17.8,+4.8,+12.9,+19.9,+18.4,+16.8,+17.2,+18.0,+18.6,+18.6,+18.8,+18.8
2024-02-01 11:36,1,+19.8,+17.8,+4.8,+12.8,+19.9,+18.4,+16.8,+17.1,+17.8,+18.6,+18.6,+18.8,+18.7
2024-02-01 12:36,1,+19.8,+17.8,+4.7,+12.9,+19.9,+18.4,+17.1,+17.2,+17.8,+18.6,+18.6,+18.8,+18.7
2024-02-01 13:36,1,+19.7,+17.9,+4.7,+12.9,+19.9,+18.4,+17.2,+17.1,+17.8,+18.6,+18.6,+18.8,+18.8
2024-02-01 14:36,1,+19.7,+17.9,+4.8,+12.8,+19.9,+18.4,+17.3,+17.2,+17.8,+18.6,+18.6,+18.8,+18.8
2024-02-01 15:36,1,+19.7,+17.9,+4.7,+12.9,+19.9,+18.4,+17.3,+17.2,+17.8,+18.6,+18.6,+18.8,+18.8
2024-02-01 16:36,1,+19.6,+17.9,+4.8,+12.9,+19.9,+18.4,+17.5,+17.2,+17.8,+18.6,+18.6,+18.8,+18.8
2024-02-01 17:36,1,+19.6,+17.9,+4.7,+12.8,+19.8,+18.4,+17.5,+17.2,+17.8,+18.5,+18.6,+19.0,+18.8
2024-02-01 18:36,1,+19.6,+17.9,+4.8,+12.9,+19.9,+18.4,+17.3,+17.3,+17.8,+18.5,+18.6,+18.8,+18.7
2024-02-01 19:36,1,+19.6,+17.9,+4.7,+12.8,+19.9,+18.4,+17.3,+17.3,+17.8,+18.5,+18.6,+18.8,+18.8
2024-02-01 20:36,1,+19.5,+17.9,+4.7,+12.8,+19.9,+18.4,+17.2,+17.3,+17.8,+18.6,+18.6,+18.8,+18.7
2024-02-01 21:36,1,+19.5,+18.0,+4.7,+12.8,+19.8,+18.4,+17.2,+17.2,+17.8,+18.5,+18.6,+18.8,+18.8
2024-02-01 22:36,1,+19.5,+18.0,+4.7,+12.9,+19.9,+18.4,+17.2,+17.3,+17.8,+18.5,+18.6,+18.8,+18.8
2024-02-01 23:36,1,+19.5,+18.0,+4.7,+12.9,+19.9,+18.4,+17.1,+17.3,+17.8,+18.5,+18.5,+18.8,+18.7
2024-02-02 00:36,1,+19.5,+18.1,+4.7,+12.9,+19.9,+18.4,+17.0,+17.2,+17.8,+18.5,+18.6,+18.8,+18.8
2024-02-02 01:36,1,+19.4,+18.1,+4.7,+12.9,+19.9,+18.4,+17.0,+17.2,+17.8,+18.5,+18.5,+18.8,+18.7
2024-02-02 02:36,1,+19.4,+18.1,+4.8,+12.8,+19.9,+18.4,+16.8,+17.2,+17.8,+18.5,+18.6,+18.7,+18.7
2024-02-02 03:36,1,+19.4,+18.1,+4.8,+12.9,+19.9,+18.4,+16.8,+17.2,+17.8,+18.5,+18.6,+18.8,+18.7
2024-02-02 04:36,1,+19.4,+18.1,+4.7,+12.8,+19.8,+18.4,+16.8,+17.1,+17.8,+18.5,+18.6,+18.8,+18.7
2024-02-02 05:36,1,+19.3,+18.1,+4.8,+12.9,+19.9,+18.4,+16.7,+17.1,+17.8,+18.5,+18.6,+18.7,+18.7
2024-02-02 06:36,1,+19.3,+18.1,+4.7,+12.9,+19.9,+18.4,+16.7,+17.1,+17.7,+18.6,+18.6,+18.8,+18.7
2024-02-02 07:36,1,+19.3,+18.1,+4.7,+12.9,+19.9,+18.4,+16.7,+17.1,+17.8,+18.5,+18.6,+18.7,+18.8
2024-02-02 08:36,1,+19.3,+18.1,+4.7,+12.9,+19.9,+18.4,+16.7,+17.1,+17.7,+18.5,+18.5,+18.7,+18.8
2024-02-02 09:36,1,+19.3,+18.2,+4.8,+12.8,+19.8,+18.4,+16.7,+17.0,+17.7,+18.5,+18.5,+18.8,+18.7
2024-02-02 10:36,1,+19.2,+18.2,+4.8,+12.9,+19.9,+18.4,+16.8,+17.0,+17.7,+18.5,+18.6,+18.7,+18.8
2024-02-02 11:36,1,+19.2,+18.2,+4.7,+12.9,+19.9,+18.4,+16.8,+17.0,+17.7,+18.5,+18.6,+18.7,+18.7
2024-02-02 12:36,1,+19.2,+18.1,+4.8,+12.8,+19.8,+18.4,+17.0,+17.0,+17.7,+18.5,+18.6,+18.8,+18.7
2024-02-02 13:36,1,+19.1,+18.1,+4.7,+12.9,+19.9,+18.4,+17.1,+17.0,+17.7,+18.3,+18.5,+18.7,+18.8
2024-02-02 14:36,1,+19.1,+18.1,+4.7,+12.7,+19.8,+18.4,+17.2,+17.1,+17.6,+18.3,+18.6,+18.8,+18.7
2024-02-02 15:36,1,+19.1,+18.1,+4.7,+12.8,+19.8,+18.3,+17.6,+17.1,+17.6,+18.5,+18.5,+18.7,+18.7
2024-02-02 16:36,1,+19.1,+18.1,+4.7,+12.8,+19.8,+18.4,+18.0,+17.2,+17.7,+18.3,+18.5,+18.7,+18.7
2024-02-02 17:36,1,+19.1,+18.1,+4.7,+12.7,+19.8,+18.3,+18.1,+17.3,+17.7,+18.3,+18.6,+18.7,+18.7
2024-02-02 18:36,1,+19.1,+18.1,+4.7,+12.8,+19.8,+18.3,+18.2,+17.3,+17.7,+18.5,+18.5,+18.8,+18.7
2024-02-02 19:36,1,+19.0,+18.1,+4.7,+12.7,+19.8,+18.3,+18.1,+17.5,+17.7,+18.3,+18.5,+18.7,+18.7
2024-02-02 20:36,1,+19.0,+18.1,+4.7,+12.7,+19.8,+18.3,+18.1,+17.5,+17.7,+18.3,+18.5,+18.7,+18.7
2024-02-02 21:36,1,+19.0,+18.1,+4.8,+12.7,+19.8,+18.3,+18.0,+17.6,+17.7,+18.5,+18.5,+18.7,+18.7
2024-02-02 22:36,1,+19.0,+18.1,+4.8,+12.8,+19.8,+18.3,+17.8,+17.6,+17.8,+18.3,+18.5,+18.7,+18.7
2024-02-02 23:36,1,+19.0,+18.2,+4.8,+12.8,+19.8,+18.3,+17.8,+17.6,+17.7,+18.3,+18.5,+18.7,+18.7
2024-02-03 00:36,1,+18.9,+18.2,+4.7,+12.7,+19.8,+18.3,+17.8,+17.6,+17.8,+18.5,+18.5,+18.8,+18.7
2024-02-03 01:36,1,+18.9,+18.2,+4.8,+12.7,+19.8,+18.3,+17.8,+17.6,+17.7,+18.3,+18.5,+18.7,+18.7
2024-02-03 02:36,1,+18.9,+18.2,+4.8,+12.7,+19.8,+18.3,+17.8,+17.6,+17.8,+18.3,+18.5,+18.7,+18.7
2024-02-03 03:36,1,+18.9,+18.2,+4.8,+12.8,+19.8,+18.3,+17.8,+17.6,+17.8,+18.3,+18.5,+18.7,+18.7
2024-02-03 04:36,1,+18.9,+18.2,+4.8,+12.7,+19.8,+18.3,+17.8,+17.6,+17.8,+18.3,+18.5,+18.7,+18.7
2024-02-03 05:36,1,+18.9,+18.2,+4.8,+12.7,+19.8,+18.3,+17.8,+17.6,+17.8,+18.3,+18.5,+18.7,+18.6
2024-02-03 06:36,1,+18.9,+18.3,+4.8,+12.7,+19.8,+18.3,+17.8,+17.6,+17.8,+18.5,+18.3,+18.7,+18.7
2024-02-03 07:36,1,+19.5,+18.3,+4.8,+12.7,+19.8,+18.3,+17.8,+17.6,+17.8,+18.5,+18.5,+18.7,+18.7
2024-02-03 08:36,1,+19.9,+18.3,+4.8,+12.8,+19.8,+18.3,+17.8,+17.6,+18.0,+18.5,+18.5,+18.7,+18.7
2024-02-03 09:36,1,+20.0,+18.3,+4.8,+12.8,+19.8,+18.3,+17.8,+17.6,+18.0,+18.3,+18.5,+18.7,+18.7
2024-02-03 10:36,1,+20.0,+18.3,+4.8,+12.8,+19.8,+18.3,+17.8,+17.6,+18.0,+18.3,+18.5,+18.7,+18.7
2024-02-03 11:36,1,+20.0,+18.3,+4.8,+12.8,+19.8,+18.2,+18.0,+17.6,+18.0,+18.5,+18.5,+18.6,+18.7
2024-02-03 12:36,1,+20.0,+18.4,+4.8,+12.8,+19.8,+18.2,+18.1,+17.7,+18.0,+18.5,+18.5,+18.7,+18.7
2024-02-03 13:36,1,+20.0,+18.4,+4.8,+12.7,+19.8,+18.2,+18.2,+17.7,+18.0,+18.3,+18.5,+18.7,+18.7
2024-02-03 14:36,1,+20.0,+18.4,+4.8,+12.8,+19.8,+18.2,+18.5,+17.7,+18.0,+18.3,+18.5,+18.7,+18.7
2024-02-03 15:36,1,+20.0,+18.4,+4.8,+12.8,+19.8,+18.2,+18.5,+17.7,+18.0,+18.5,+18.5,+18.7,+18.7
2024-02-03 16:36,1,+19.9,+18.4,+4.8,+12.7,+19.8,+18.2,+18.5,+17.8,+18.0,+18.5,+18.5,+18.7,+18.7
2024-02-03 17:36,1,+19.9,+18.4,+4.8,+12.8,+19.8,+18.2,+18.6,+18.0,+18.0,+18.5,+18.5,+18.6,+18.7
2024-02-03 18:36,1,+19.9,+18.4,+4.8,+12.8,+19.8,+18.2,+18.6,+18.0,+18.0,+18.5,+18.5,+18.7,+18.7
2024-02-03 19:36,1,+19.9,+18.4,+4.8,+12.8,+19.8,+18.2,+18.6,+18.0,+18.0,+18.5,+18.5,+18.7,+18.7
2024-02-03 20:36,1,+19.9,+18.4,+4.8,+12.8,+19.8,+18.2,+18.6,+18.0,+18.0,+18.5,+18.5,+18.7,+18.7
2024-02-03 21:36,1,+19.9,+18.5,+4.8,+12.7,+19.8,+18.1,+18.5,+18.1,+18.1,+18.5,+18.5,+18.7,+18.6
2024-02-03 22:36,1,+19.9,+18.5,+4.8,+12.8,+19.8,+18.1,+18.6,+18.1,+18.1,+18.5,+18.5,+18.7,+18.6
2024-02-03 23:36,1,+19.9,+18.5,+4.8,+12.8,+19.8,+18.1,+18.5,+18.1,+18.1,+18.5,+18.5,+18.7,+18.6
2024-02-04 00:36,1,+19.8,+18.5,+4.8,+12.8,+19.8,+18.1,+18.3,+18.1,+18.1,+18.5,+18.5,+18.7,+18.6
2024-02-04 01:36,1,+19.8,+18.5,+4.8,+12.8,+19.8,+18.1,+18.2,+18.1,+18.1,+18.5,+18.5,+18.7,+18.7
2024-02-04 02:36,1,+19.8,+18.5,+4.8,+12.7,+19.8,+18.0,+18.1,+18.1,+18.2,+18.5,+18.5,+18.7,+18.7
2024-02-04 03:36,1,+19.8,+18.5,+4.8,+12.8,+19.8,+18.1,+18.1,+18.0,+18.2,+18.6,+18.5,+18.7,+18.7
2024-02-04 04:36,1,+19.8,+18.6,+4.9,+12.8,+19.8,+18.1,+18.0,+18.0,+18.2,+18.5,+18.5,+18.7,+18.7
2024-02-04 05:36,1,+19.7,+18.6,+4.9,+12.8,+19.8,+18.0,+17.8,+18.0,+18.2,+18.5,+18.5,+18.7,+18.6
2024-02-04 06:36,1,+19.7,+18.6,+4.9,+12.8,+19.8,+18.0,+17.8,+17.8,+18.2,+18.5,+18.5,+18.7,+18.6
2024-02-04 07:36,1,+19.7,+18.6,+4.9,+12.8,+19.8,+18.0,+17.8,+17.8,+18.2,+18.6,+18.5,+18.7,+18.6
2024-02-04 08:36,1,+19.7,+18.6,+4.9,+12.8,+19.8,+18.0,+17.8,+17.8,+18.2,+18.6,+18.5,+18.7,+18.6
2024-02-04 09:36,1,+19.7,+18.6,+4.9,+12.8,+19.8,+18.0,+17.8,+17.8,+18.2,+18.6,+18.5,+18.7,+18.6
2024-02-04 10:36,1,+19.7,+18.6,+4.9,+12.7,+19.7,+18.0,+18.0,+17.8,+18.2,+18.6,+18.5,+18.7,+18.6
2024-02-04 11:36,1,+19.6,+18.6,+4.8,+12.8,+19.8,+18.0,+18.1,+17.8,+18.2,+18.6,+18.5,+18.7,+18.7
2024-02-04 12:36,1,+19.6,+18.6,+4.9,+12.8,+19.8,+18.0,+18.2,+17.8,+18.1,+18.6,+18.6,+18.7,+18.6
2024-02-04 13:36,1,+19.5,+18.6,+4.8,+12.8,+19.8,+18.0,+18.5,+17.8,+18.1,+18.6,+18.5,+18.7,+18.6
2024-02-04 14:36,1,+19.5,+18.5,+4.8,+12.8,+19.8,+17.9,+18.7,+18.0,+18.2,+18.7,+18.5,+18.7,+18.6
2024-02-04 15:36,1,+19.5,+18.5,+4.8,+12.6,+19.7,+17.9,+18.7,+18.0,+18.1,+18.6,+18.5,+18.7,+18.7
2024-02-04 16:36,1,+19.5,+18.5,+4.8,+12.7,+19.7,+17.9,+18.8,+18.1,+18.2,+18.6,+18.6,+18.7,+18.6
2024-02-04 17:36,1,+19.5,+18.5,+4.8,+12.6,+19.7,+17.8,+19.0,+18.1,+18.2,+18.6,+18.6,+18.7,+18.6
2024-02-04 18:36,1,+19.4,+18.6,+4.8,+12.8,+19.7,+17.9,+18.8,+18.2,+18.2,+18.6,+18.5,+18.7,+18.6
2024-02-04 19:36,1,+19.4,+18.6,+4.9,+12.8,+19.7,+17.9,+18.7,+18.2,+18.2,+18.6,+18.6,+18.7,+18.6
2024-02-04 20:36,1,+19.4,+18.6,+4.8,+12.6,+19.7,+17.8,+18.7,+18.2,+18.2,+18.7,+18.6,+18.7,+18.7
2024-02-04 21:36,1,+19.4,+18.6,+4.9,+12.7,+19.8,+17.9,+18.6,+18.2,+18.2,+18.6,+18.5,+18.7,+18.6
2024-02-04 22:36,1,+19.4,+18.6,+4.9,+12.8,+19.7,+17.8,+18.5,+18.2,+18.3,+18.7,+18.6,+18.7,+18.6
2024-02-04 23:36,1,+19.4,+18.6,+4.9,+12.8,+19.7,+17.8,+18.3,+18.2,+18.3,+18.7,+18.5,+18.7,+18.6
2024-02-05 00:36,1,+19.4,+18.6,+4.9,+12.6,+19.7,+17.8,+18.2,+18.2,+18.3,+18.6,+18.6,+18.7,+18.7
2024-02-05 01:36,1,+19.3,+18.7,+4.9,+12.6,+19.7,+17.8,+18.2,+18.2,+18.3,+18.7,+18.6,+18.7,+18.6
2024-02-05 02:36,1,+19.3,+18.7,+4.9,+12.6,+19.7,+17.8,+18.1,+18.1,+18.3,+18.6,+18.6,+18.7,+18.6
2024-02-05 03:36,1,+19.3,+18.7,+4.9,+12.6,+19.7,+17.8,+18.0,+18.1,+18.3,+18.6,+18.5,+18.7,+18.6
2024-02-05 04:36,1,+19.3,+18.7,+4.9,+12.7,+19.7,+17.8,+17.8,+18.1,+18.3,+18.6,+18.6,+18.8,+18.6
2024-02-05 05:36,1,+19.3,+18.7,+4.9,+12.6,+19.7,+17.7,+17.7,+18.0,+18.3,+18.7,+18.6,+18.7,+18.7
2024-02-05 06:36,1,+19.2,+18.7,+4.9,+12.6,+19.7,+17.7,+17.7,+18.0,+18.3,+18.7,+18.6,+18.7,+18.7
2024-02-05 07:36,1,+19.2,+18.7,+4.9,+12.6,+19.7,+17.7,+17.7,+18.0,+18.3,+18.7,+18.6,+18.7,+18.6
2024-02-05 08:36,1,+19.2,+18.7,+4.9,+12.6,+19.7,+17.7,+17.7,+17.8,+18.3,+18.6,+18.6,+18.7,+18.6
2024-02-05 09:36,1,+19.2,+18.7,+4.9,+12.6,+19.7,+17.7,+17.7,+17.8,+18.3,+18.6,+18.6,+18.7,+18.6
2024-02-05 10:36,1,+19.1,+18.7,+4.9,+12.7,+19.7,+17.7,+17.8,+17.8,+18.2,+18.7,+18.6,+18.7,+18.6
2024-02-05 11:36,1,+19.1,+18.6,+4.8,+12.6,+19.7,+17.7,+18.0,+17.8,+18.3,+18.7,+18.6,+18.7,+18.6
2024-02-05 12:36,1,+19.1,+18.6,+4.8,+12.7,+19.7,+17.7,+18.1,+17.8,+18.2,+18.7,+18.6,+18.7,+18.6
2024-02-05 13:36,1,+19.0,+18.6,+4.8,+12.7,+19.7,+17.7,+18.3,+17.8,+18.2,+18.7,+18.6,+18.7,+18.7
2024-02-05 14:36,1,+19.0,+18.6,+4.8,+12.6,+19.7,+17.7,+18.3,+17.8,+18.2,+18.7,+18.6,+18.7,+18.7
2024-02-05 15:36,1,+18.9,+18.6,+4.8,+12.7,+19.7,+17.7,+18.6,+18.0,+18.2,+18.7,+18.6,+18.8,+18.6
2024-02-05 16:36,1,+18.9,+18.6,+4.9,+12.7,+19.7,+17.7,+18.6,+18.1,+18.2,+18.7,+18.6,+18.7,+18.7
2024-02-05 17:36,1,+18.9,+18.6,+4.8,+12.6,+19.7,+17.6,+18.7,+18.1,+18.3,+18.7,+18.6,+18.8,+18.7
2024-02-05 18:36,1,+18.9,+18.6,+4.8,+12.6,+19.7,+17.6,+18.7,+18.1,+18.3,+18.7,+18.6,+18.8,+18.6
2024-02-05 19:36,1,+18.9,+18.6,+4.9,+12.7,+19.7,+17.6,+18.7,+18.2,+18.3,+18.7,+18.6,+18.7,+18.7
2024-02-05 20:36,1,+18.9,+18.6,+4.9,+12.7,+19.7,+17.6,+18.6,+18.1,+18.3,+18.7,+18.6,+18.8,+18.6
2024-02-05 21:36,1,+18.9,+18.6,+4.8,+12.6,+19.7,+17.6,+18.6,+18.2,+18.3,+18.7,+18.6,+18.8,+18.7
2024-02-05 22:36,1,+18.9,+18.6,+4.9,+12.6,+19.7,+17.6,+18.5,+18.2,+18.3,+18.7,+18.6,+18.8,+18.7
2024-02-05 23:36,1,+18.9,+18.6,+4.8,+12.6,+19.7,+17.6,+18.5,+18.2,+18.3,+18.7,+18.6,+18.8,+18.6
2024-02-06 00:36,1,+18.9,+18.7,+4.9,+12.7,+19.7,+17.6,+18.5,+18.2,+18.3,+18.7,+18.6,+18.8,+18.7
2024-02-06 01:36,1,+18.9,+18.7,+4.9,+12.7,+19.7,+17.6,+18.3,+18.2,+18.3,+18.7,+18.6,+18.8,+18.7
2024-02-06 02:36,1,+18.9,+18.7,+4.9,+12.7,+19.7,+17.6,+18.2,+18.2,+18.3,+18.7,+18.6,+18.8,+18.7
2024-02-06 03:36,1,+18.8,+18.7,+4.9,+12.6,+19.7,+17.5,+18.2,+18.2,+18.3,+18.7,+18.6,+18.8,+18.6
2024-02-06 04:36,1,+18.8,+18.7,+4.9,+12.7,+19.7,+17.6,+18.1,+18.1,+18.3,+18.7,+18.6,+18.8,+18.7
2024-02-06 05:36,1,+18.8,+18.7,+4.9,+12.7,+19.7,+17.5,+18.0,+18.1,+18.3,+18.7,+18.6,+18.7,+18.7
2024-02-06 06:36,1,+18.8,+18.7,+4.9,+12.6,+19.7,+17.5,+17.8,+18.1,+18.5,+18.7,+18.6,+18.8,+18.6
2024-02-06 07:36,1,+18.8,+18.7,+4.9,+12.7,+19.7,+17.5,+17.7,+18.0,+18.3,+18.7,+18.6,+18.8,+18.6
2024-02-06 08:36,1,+18.8,+18.7,+4.9,+12.7,+19.7,+17.5,+17.7,+18.0,+18.3,+18.7,+18.6,+18.8,+18.7
2024-02-06 09:36,1,+18.7,+18.7,+4.9,+12.7,+19.7,+17.5,+17.7,+18.0,+18.3,+18.7,+18.6,+18.7,+18.7
2024-02-06 10:36,1,+18.7,+18.7,+4.9,+12.6,+19.7,+17.5,+17.8,+17.8,+18.3,+18.7,+18.6,+18.8,+18.7
2024-02-06 11:36,1,+18.7,+18.7,+4.9,+12.7,+19.7,+17.5,+18.0,+17.8,+18.3,+18.7,+18.6,+18.8,+18.7
2024-02-06 12:36,1,+18.6,+18.6,+4.9,+12.6,+19.6,+17.4,+18.2,+18.0,+18.3,+18.7,+18.6,+18.8,+18.7
2024-02-06 13:36,1,+18.6,+18.6,+4.8,+12.7,+19.7,+17.5,+18.3,+18.0,+18.3,+18.7,+18.6,+18.7,+18.7
2024-02-06 14:36,1,+18.5,+18.6,+4.8,+12.6,+19.6,+17.4,+18.5,+18.0,+18.3,+18.7,+18.6,+18.7,+18.7
2024-02-06 15:36,1,+18.5,+18.6,+4.9,+12.6,+19.7,+17.4,+18.7,+18.1,+18.2,+18.7,+18.6,+18.7,+18.7
2024-02-06 16:36,1,+18.5,+18.6,+4.8,+12.7,+19.7,+17.4,+18.7,+18.0,+18.3,+18.7,+18.6,+18.7,+18.6
2024-02-06 17:36,1,+18.5,+18.6,+4.8,+12.7,+19.7,+17.4,+18.7,+18.1,+18.3,+18.8,+18.6,+18.8,+18.7
2024-02-06 18:36,1,+18.5,+18.6,+4.9,+12.7,+19.6,+17.4,+18.7,+18.2,+18.3,+18.7,+18.6,+18.8,+18.7
2024-02-06 19:36,1,+18.5,+18.6,+4.8,+12.6,+19.6,+17.4,+18.6,+18.2,+18.3,+18.7,+18.6,+18.8,+18.7
2024-02-06 20:36,1,+18.5,+18.6,+4.9,+12.6,+19.6,+17.4,+18.5,+18.2,+18.3,+18.7,+18.6,+18.8,+18.7
2024-02-06 21:36,1,+18.5,+18.6,+4.8,+12.7,+19.7,+17.4,+18.5,+18.2,+18.3,+18.7,+18.6,+18.8,+18.6
2024-02-06 22:36,1,+18.5,+18.6,+4.9,+12.7,+19.7,+17.4,+18.3,+18.2,+18.3,+18.7,+18.6,+18.8,+18.6
2024-02-06 23:36,1,+18.5,+18.6,+4.9,+12.7,+19.7,+17.4,+18.2,+18.2,+18.3,+18.7,+18.6,+18.8,+18.7
2024-02-07 00:36,1,+18.5,+18.6,+4.9,+12.7,+19.6,+17.3,+18.1,+18.1,+18.3,+18.7,+18.6,+18.7,+18.7
2024-02-07 01:36,1,+18.5,+18.6,+4.9,+12.7,+19.7,+17.3,+18.0,+18.1,+18.5,+18.7,+18.7,+18.8,+18.6
2024-02-07 02:36,1,+18.4,+18.7,+4.9,+12.6,+19.6,+17.3,+18.0,+18.1,+18.3,+18.7,+18.6,+18.7,+18.7
2024-02-07 03:36,1,+18.4,+18.7,+4.9,+12.6,+19.6,+17.3,+17.8,+18.1,+18.3,+18.8,+18.7,+18.8,+18.7
2024-02-07 04:36,1,+18.4,+18.7,+4.9,+12.6,+19.6,+17.3,+17.8,+18.0,+18.3,+18.7,+18.7,+18.8,+18.7
2024-02-07 05:36,1,+18.4,+18.7,+4.9,+12.7,+19.7,+17.3,+17.7,+18.0,+18.3,+18.7,+18.7,+18.8,+18.7
2024-02-07 06:36,1,+18.4,+18.7,+4.9,+12.6,+19.6,+17.3,+17.7,+18.0,+18.3,+18.7,+18.6,+18.8,+18.6
2024-02-07 07:36,1,+18.4,+18.7,+4.9,+12.7,+19.7,+17.3,+17.6,+18.0,+18.3,+18.8,+18.6,+18.8,+18.7
2024-02-07 08:36,1,+18.3,+18.6,+4.9,+12.6,+19.6,+17.3,+17.6,+17.8,+18.3,+18.8,+18.7,+18.8,+18.6
2024-02-07 09:36,1,+18.3,+18.6,+4.9,+12.6,+19.6,+17.3,+17.5,+17.8,+18.3,+18.7,+18.6,+18.8,+18.7
2024-02-07 10:36,1,+18.3,+18.6,+4.9,+12.6,+19.6,+17.3,+17.6,+17.8,+18.2,+18.7,+18.6,+18.8,+18.6
2024-02-07 11:36,1,+18.2,+18.6,+4.9,+12.6,+19.6,+17.3,+17.6,+17.8,+18.3,+18.8,+18.6,+18.8,+18.7
2024-02-07 12:36,1,+18.2,+18.6,+4.9,+12.6,+19.6,+17.3,+17.5,+17.7,+18.3,+18.8,+18.6,+18.8,+18.7
2024-02-22 09:45,1,+21.4,+23.1,+7.3,+17.0,+25.3,+27.5,+16.2,+16.8,+17.7,+18.5,+18.5,+18.8,+18.7
2024-02-22 10:45,1,+21.4,+23.1,+7.3,+16.9,+25.3,+27.5,+16.6,+16.8,+17.7,+18.5,+18.6,+18.8,+18.7
2024-02-22 11:45,1,+21.3,+23.0,+7.3,+16.8,+25.2,+27.4,+17.0,+16.8,+17.7,+18.5,+18.6,+18.8,+18.7
2024-02-22 12:45,1,+21.3,+23.0,+7.3,+16.8,+25.2,+27.4,+17.0,+16.8,+17.6,+18.5,+18.6,+18.7,+18.7
2024-02-22 13:45,1,+21.2,+22.9,+7.3,+16.9,+25.2,+27.5,+17.2,+16.8,+17.6,+18.3,+18.5,+18.8,+18.7
2024-02-22 14:45,1,+21.1,+22.9,+7.3,+16.8,+25.2,+27.4,+17.3,+17.0,+17.6,+18.5,+18.6,+18.8,+18.7
2024-02-22 15:45,1,+21.1,+22.9,+7.2,+16.7,+25.2,+27.4,+17.6,+17.1,+17.6,+18.3,+18.5,+18.7,+18.7
2024-02-22 16:45,1,+21.1,+22.8,+7.2,+16.8,+25.2,+27.4,+17.8,+17.1,+17.6,+18.5,+18.5,+18.7,+18.7
2024-02-22 17:45,1,+21.1,+22.8,+7.2,+16.8,+25.2,+27.4,+17.8,+17.2,+17.6,+18.3,+18.5,+18.7,+18.7
2024-02-22 18:45,1,+21.1,+22.8,+7.2,+16.7,+25.2,+27.4,+17.8,+17.2,+17.6,+18.3,+18.6,+18.7,+18.7
2024-02-22 19:45,1,+21.1,+22.8,+7.2,+16.7,+25.1,+27.4,+17.7,+17.3,+17.6,+18.3,+18.5,+18.8,+18.7
2024-02-22 20:45,1,+21.0,+22.8,+7.2,+16.8,+25.2,+27.4,+17.5,+17.3,+17.6,+18.3,+18.5,+18.7,+18.7
2024-02-22 21:45,1,+21.0,+22.8,+7.2,+16.6,+25.1,+27.4,+17.3,+17.3,+17.6,+18.3,+18.5,+18.7,+18.7
2024-02-22 22:45,1,+21.0,+22.8,+7.2,+16.6,+25.1,+27.4,+17.2,+17.3,+17.7,+18.3,+18.5,+18.7,+18.7
2024-02-22 23:45,1,+21.0,+22.7,+7.2,+16.7,+25.2,+27.4,+17.1,+17.3,+17.7,+18.3,+18.5,+18.7,+18.6
2024-02-23 00:45,1,+21.0,+22.7,+7.2,+16.7,+25.2,+27.4,+17.0,+17.2,+17.7,+18.3,+18.5,+18.7,+18.6
2024-02-23 01:45,1,+20.9,+22.7,+7.2,+16.6,+25.1,+27.3,+16.8,+17.2,+17.7,+18.3,+18.3,+18.7,+18.7
2024-02-23 02:45,1,+20.9,+22.7,+7.2,+16.7,+25.2,+27.4,+16.7,+17.2,+17.7,+18.3,+18.5,+18.7,+18.7
2024-02-23 03:45,1,+20.9,+22.7,+7.1,+16.6,+25.1,+27.3,+16.7,+17.1,+17.7,+18.3,+18.3,+18.7,+18.7
2024-02-23 04:45,1,+20.9,+22.7,+7.1,+16.7,+25.1,+27.3,+16.5,+17.1,+17.7,+18.2,+18.5,+18.7,+18.7
2024-02-23 05:45,1,+20.9,+22.7,+7.1,+16.7,+25.1,+27.3,+16.5,+17.0,+17.7,+18.3,+18.5,+18.7,+18.6
2024-02-23 06:45,1,+20.9,+22.7,+7.1,+16.7,+25.1,+27.3,+16.3,+17.0,+17.7,+18.3,+18.5,+18.7,+18.6
2024-02-23 07:45,1,+20.9,+22.6,+7.1,+16.7,+25.1,+27.3,+16.3,+17.0,+17.7,+18.3,+18.5,+18.7,+18.6
2024-02-23 08:45,1,+20.9,+22.6,+7.1,+16.6,+25.0,+27.3,+16.3,+16.8,+17.7,+18.5,+18.3,+18.7,+18.7
2024-02-23 09:45,1,+21.1,+22.6,+7.1,+16.6,+25.1,+27.3,+16.6,+16.8,+17.6,+18.3,+18.5,+18.7,+18.6
2024-02-23 10:45,1,+21.1,+22.6,+7.1,+16.5,+25.0,+27.3,+17.1,+16.8,+17.6,+18.3,+18.5,+18.6,+18.6
2024-02-23 11:45,1,+21.0,+22.6,+7.1,+16.5,+25.0,+27.3,+17.5,+16.8,+17.6,+18.3,+18.3,+18.6,+18.6
2024-02-23 12:45,1,+21.0,+22.5,+7.1,+16.5,+25.0,+27.3,+17.7,+17.1,+17.6,+18.3,+18.5,+18.7,+18.6
2024-02-23 13:45,1,+20.9,+22.5,+7.1,+16.5,+25.0,+27.3,+18.0,+17.1,+17.6,+18.3,+18.5,+18.6,+18.6
2024-02-23 14:45,1,+20.9,+22.5,+7.1,+16.5,+25.0,+27.2,+18.1,+17.2,+17.6,+18.2,+18.5,+18.7,+18.7
2024-02-23 15:45,1,+20.8,+22.5,+7.1,+16.6,+25.0,+27.3,+18.2,+17.3,+17.6,+18.3,+18.5,+18.7,+18.7
2024-02-23 16:45,1,+20.9,+22.4,+7.1,+16.6,+25.0,+27.3,+18.3,+17.3,+17.6,+18.3,+18.5,+18.7,+18.6
2024-02-23 17:45,1,+20.9,+22.5,+7.1,+16.5,+25.0,+27.2,+18.3,+17.5,+17.7,+18.3,+18.5,+18.7,+18.6
2024-02-23 18:45,1,+21.0,+22.5,+7.1,+16.6,+25.0,+27.2,+18.2,+17.6,+17.7,+18.3,+18.3,+18.7,+18.6
2024-02-23 19:45,1,+21.0,+22.5,+7.0,+16.6,+25.0,+27.3,+18.2,+17.6,+17.7,+18.3,+18.5,+18.6,+18.6
2024-02-23 20:45,1,+21.1,+22.4,+7.1,+16.5,+25.0,+27.3,+18.2,+17.6,+17.7,+18.3,+18.3,+18.6,+18.6
2024-02-23 21:45,1,+21.0,+22.4,+7.1,+16.4,+25.0,+27.2,+18.1,+17.7,+17.7,+18.3,+18.3,+18.6,+18.6
2024-02-23 22:45,1,+21.0,+22.4,+7.1,+16.4,+25.0,+27.2,+18.1,+17.7,+17.8,+18.2,+18.3,+18.6,+18.6
2024-02-23 23:45,1,+21.1,+22.4,+7.0,+16.4,+24.9,+27.2,+18.0,+17.7,+17.8,+18.2,+18.3,+18.7,+18.6
2024-02-24 00:45,1,+21.0,+22.4,+7.0,+16.5,+25.0,+27.3,+17.8,+17.6,+17.8,+18.2,+18.3,+18.7,+18.6
2024-02-24 01:45,1,+21.0,+22.4,+7.0,+16.4,+24.9,+27.2,+17.7,+17.6,+17.8,+18.3,+18.3,+18.6,+18.6
2024-02-24 02:45,1,+21.0,+22.4,+7.0,+16.5,+25.0,+27.3,+17.7,+17.6,+17.8,+18.3,+18.3,+18.6,+18.6
2024-02-24 03:45,1,+21.0,+22.4,+7.0,+16.5,+25.0,+27.3,+17.5,+17.6,+17.8,+18.3,+18.3,+18.6,+18.6
2024-02-24 04:45,1,+21.0,+22.4,+7.0,+16.5,+25.0,+27.3,+17.5,+17.6,+17.8,+18.3,+18.3,+18.7,+18.6
2024-02-24 05:45,1,+21.0,+22.4,+7.0,+16.5,+25.0,+27.3,+17.3,+17.6,+17.8,+18.3,+18.3,+18.6,+18.6
2024-02-24 06:45,1,+21.0,+22.4,+7.0,+16.5,+25.0,+27.3,+17.3,+17.5,+17.8,+18.5,+18.3,+18.6,+18.6
2024-02-24 07:45,1,+21.0,+22.4,+7.0,+16.4,+24.9,+27.2,+17.2,+17.5,+17.8,+18.3,+18.3,+18.6,+18.6
2024-02-24 08:45,1,+21.0,+22.4,+7.0,+16.4,+24.9,+27.2,+17.2,+17.3,+17.8,+18.3,+18.3,+18.6,+18.6
2024-02-24 09:45,1,+21.0,+22.3,+7.0,+16.3,+24.9,+27.2,+17.3,+17.5,+17.8,+18.3,+18.3,+18.6,+18.6
2024-02-24 10:45,1,+21.0,+22.3,+7.0,+16.3,+24.9,+27.2,+17.8,+17.5,+17.8,+18.5,+18.3,+18.6,+18.6
2024-02-24 11:45,1,+20.9,+22.3,+7.0,+16.3,+24.9,+27.2,+18.1,+17.3,+17.8,+18.3,+18.3,+18.6,+18.6
2024-02-24 12:45,1,+20.9,+22.3,+7.0,+16.4,+24.9,+27.2,+18.1,+17.5,+17.8,+18.3,+18.3,+18.7,+18.5
2024-02-24 13:45,1,+20.9,+22.3,+7.0,+16.3,+24.9,+27.2,+18.2,+17.6,+17.8,+18.5,+18.3,+18.6,+18.6
2024-02-24 14:45,1,+20.9,+22.3,+7.0,+16.4,+24.9,+27.2,+18.2,+17.6,+17.8,+18.3,+18.3,+18.6,+18.6
2024-02-24 15:45,1,+20.8,+22.2,+7.0,+16.2,+24.8,+27.2,+18.3,+17.7,+17.8,+18.3,+18.3,+18.6,+18.6
2024-02-24 16:45,1,+20.9,+22.2,+6.9,+16.4,+24.9,+27.2,+18.5,+17.7,+17.8,+18.3,+18.3,+18.6,+18.6
2024-02-24 17:45,1,+20.9,+22.2,+6.9,+16.2,+24.9,+27.2,+18.5,+17.7,+18.0,+18.3,+18.3,+18.6,+18.6
2024-02-24 18:45,1,+20.9,+22.2,+6.9,+16.4,+24.9,+27.2,+18.3,+17.8,+18.0,+18.3,+18.3,+18.6,+18.5
2024-02-24 19:45,1,+20.9,+22.2,+6.9,+16.2,+24.8,+27.2,+18.3,+17.8,+18.0,+18.3,+18.3,+18.6,+18.6
2024-02-24 20:45,1,+20.9,+22.2,+6.9,+16.4,+24.9,+27.2,+18.2,+17.8,+18.0,+18.3,+18.3,+18.6,+18.6
2024-02-24 21:45,1,+20.9,+22.2,+6.9,+16.3,+24.9,+27.2,+18.0,+17.8,+18.0,+18.3,+18.3,+18.6,+18.6
2024-02-24 22:45,1,+20.9,+22.2,+6.9,+16.4,+24.9,+27.2,+18.0,+17.8,+18.0,+18.3,+18.3,+18.6,+18.6
2024-02-24 23:45,1,+20.8,+22.2,+6.9,+16.2,+24.8,+27.2,+17.8,+17.8,+18.0,+18.3,+18.3,+18.6,+18.5
2024-02-25 00:45,1,+20.8,+22.2,+6.9,+16.2,+24.8,+27.2,+17.7,+17.8,+18.1,+18.5,+18.3,+18.6,+18.6
2024-02-25 01:45,1,+20.8,+22.2,+6.9,+16.3,+24.9,+27.2,+17.6,+17.7,+18.0,+18.3,+18.3,+18.6,+18.5
2024-02-25 02:45,1,+20.8,+22.1,+6.9,+16.3,+24.9,+27.2,+17.5,+17.7,+18.1,+18.3,+18.3,+18.6,+18.6
2024-02-25 03:45,1,+20.8,+22.2,+6.9,+16.3,+24.8,+27.2,+17.5,+17.7,+18.0,+18.5,+18.3,+18.7,+18.6
2024-02-25 04:45,1,+20.8,+22.1,+6.9,+16.2,+24.8,+27.2,+17.3,+17.6,+18.0,+18.5,+18.3,+18.6,+18.6
2024-02-25 05:45,1,+20.8,+22.2,+6.9,+16.3,+24.8,+27.2,+17.3,+17.6,+18.1,+18.5,+18.3,+18.6,+18.6
2024-02-25 06:45,1,+20.8,+22.1,+6.9,+16.3,+24.8,+27.2,+17.3,+17.5,+18.0,+18.5,+18.5,+18.6,+18.6
2024-02-25 07:45,1,+20.8,+22.1,+6.9,+16.2,+24.8,+27.2,+17.3,+17.5,+18.1,+18.5,+18.3,+18.6,+18.6
2024-02-25 08:45,1,+20.8,+22.1,+6.9,+16.2,+24.8,+27.2,+17.2,+17.5,+18.0,+18.5,+18.5,+18.6,+18.5
2024-02-25 09:45,1,+20.8,+22.1,+6.9,+16.3,+24.9,+27.2,+17.3,+17.5,+18.0,+18.5,+18.3,+18.6,+18.6
2024-02-25 10:45,1,+20.7,+22.1,+6.9,+16.3,+24.8,+27.2,+17.3,+17.5,+18.0,+18.5,+18.3,+18.7,+18.5
2024-02-25 11:45,1,+20.7,+22.1,+6.9,+16.2,+24.8,+27.2,+17.3,+17.5,+18.0,+18.5,+18.3,+18.6,+18.5
2024-02-25 12:45,1,+20.7,+22.1,+6.9,+16.2,+24.8,+27.2,+17.3,+17.5,+18.0,+18.5,+18.5,+18.6,+18.6
2024-02-25 13:45,1,+20.7,+22.1,+6.9,+16.3,+24.8,+27.2,+17.5,+17.5,+18.0,+18.5,+18.5,+18.6,+18.6
2024-02-25 14:45,1,+20.7,+22.1,+6.9,+16.1,+24.8,+27.2,+17.6,+17.5,+18.0,+18.5,+18.5,+18.6,+18.5
2024-02-25 15:45,1,+20.7,+22.1,+6.9,+16.2,+24.8,+27.2,+17.6,+17.5,+18.0,+18.3,+18.3,+18.6,+18.6
2024-02-25 16:45,1,+20.7,+22.1,+6.9,+16.1,+24.8,+27.2,+17.5,+17.5,+18.0,+18.5,+18.3,+18.6,+18.5
2024-02-25 17:45,1,+20.7,+22.1,+6.9,+16.2,+24.8,+27.2,+17.6,+17.5,+18.0,+18.5,+18.5,+18.6,+18.6
2024-02-25 18:45,1,+20.7,+22.1,+6.8,+16.1,+24.8,+27.2,+17.5,+17.5,+18.0,+18.3,+18.3,+18.6,+18.5
2024-02-25 19:45,1,+20.7,+22.1,+6.8,+16.1,+24.8,+27.2,+17.5,+17.5,+17.8,+18.5,+18.5,+18.6,+18.6
2024-02-25 20:45,1,+20.7,+22.1,+6.8,+16.2,+24.8,+27.2,+17.3,+17.5,+17.8,+18.5,+18.3,+18.6,+18.5
2024-02-25 21:45,1,+20.7,+22.1,+6.8,+16.2,+24.8,+27.2,+17.3,+17.5,+18.0,+18.3,+18.3,+18.6,+18.6
2024-02-25 22:45,1,+20.6,+22.1,+6.8,+16.1,+24.8,+27.2,+17.2,+17.5,+17.8,+18.5,+18.5,+18.6,+18.6
2024-02-25 23:45,1,+20.6,+22.0,+6.8,+16.1,+24.8,+27.2,+17.2,+17.3,+17.8,+18.3,+18.3,+18.6,+18.6
2024-02-26 00:45,1,+20.6,+22.0,+6.8,+16.2,+24.8,+27.2,+17.1,+17.3,+17.8,+18.5,+18.5,+18.6,+18.5
2024-02-26 01:45,1,+20.6,+22.0,+6.8,+16.1,+24.8,+27.2,+17.1,+17.3,+17.8,+18.3,+18.3,+18.6,+18.5
2024-02-26 02:45,1,+20.6,+22.0,+6.8,+16.2,+24.8,+27.2,+17.0,+17.3,+17.8,+18.5,+18.3,+18.6,+18.6
2024-02-26 03:45,1,+20.6,+22.0,+6.8,+16.2,+24.8,+27.2,+17.0,+17.3,+17.8,+18.3,+18.5,+18.6,+18.6
2024-02-26 04:45,1,+20.6,+22.0,+6.8,+16.2,+24.8,+27.2,+17.0,+17.3,+17.8,+18.5,+18.3,+18.6,+18.5
2024-02-26 05:45,1,+20.6,+22.0,+6.8,+16.1,+24.7,+27.2,+17.0,+17.2,+17.8,+18.3,+18.3,+18.6,+18.5
2024-02-26 06:45,1,+20.6,+22.0,+6.8,+16.1,+24.7,+27.2,+16.8,+17.2,+17.8,+18.5,+18.3,+18.6,+18.6
2024-02-26 07:45,1,+20.6,+22.0,+6.8,+16.0,+24.7,+27.2,+17.0,+17.2,+17.8,+18.5,+18.3,+18.6,+18.6
2024-02-26 08:45,1,+20.5,+22.0,+6.8,+16.1,+24.8,+27.2,+16.8,+17.2,+17.8,+18.3,+18.5,+18.6,+18.5
2024-02-26 09:45,1,+20.5,+22.0,+6.8,+16.0,+24.7,+27.2,+17.0,+17.2,+17.8,+18.3,+18.3,+18.6,+18.6