
2024-01-23 11:40,3,+14.2,+25.9,+9.7,+9.5,+15.4,+21.2,+18.2,+18.6,+19.0,+19.2,+19.0,+19.2,+19.3
2024-01-23 12:40,3,+14.2,+25.8,+9.7,+9.6,+15.4,+21.2,+18.3,+18.7,+19.0,+19.2,+19.1,+19.1,+19.3
2024-01-23 13:40,3,+14.1,+25.8,+9.7,+9.5,+15.4,+21.2,+18.2,+18.7,+19.0,+19.2,+19.0,+19.1,+19.3
2024-01-23 14:40,3,+14.0,+25.7,+9.7,+9.5,+15.4,+21.2,+18.5,+18.7,+19.0,+19.2,+19.1,+19.1,+19.3
2024-01-23 15:40,3,+14.0,+25.7,+9.7,+9.4,+15.4,+21.1,+19.2,+18.8,+19.0,+19.2,+19.0,+19.2,+19.3
2024-01-23 16:40,3,+13.9,+25.6,+9.7,+9.5,+15.4,+21.2,+19.5,+18.8,+19.0,+19.2,+19.1,+19.2,+19.3
2024-01-23 17:40,3,+13.9,+25.6,+9.6,+9.4,+15.4,+21.1,+19.2,+19.0,+19.0,+19.2,+19.0,+19.2,+19.3
2024-01-23 18:40,3,+13.9,+25.5,+9.6,+9.4,+15.4,+21.1,+19.0,+19.1,+19.0,+19.2,+19.1,+19.2,+19.3
2024-01-23 19:40,3,+13.9,+25.5,+9.6,+9.4,+15.3,+21.1,+18.7,+19.1,+19.0,+19.2,+19.1,+19.2,+19.3
2024-01-23 20:40,3,+13.9,+25.5,+9.6,+9.5,+15.4,+21.2,+18.6,+19.1,+19.0,+19.2,+19.0,+19.2,+19.3
2024-01-23 21:40,3,+13.8,+25.5,+9.6,+9.5,+15.4,+21.1,+18.5,+19.1,+19.1,+19.2,+19.0,+19.2,+19.3
2024-01-23 22:40,3,+13.8,+25.5,+9.6,+9.4,+15.3,+21.1,+18.5,+19.1,+19.1,+19.2,+19.0,+19.2,+19.3
2024-01-23 23:40,3,+13.8,+25.5,+9.6,+9.5,+15.4,+21.2,+18.3,+19.0,+19.1,+19.2,+19.1,+19.1,+19.3
2024-01-24 00:40,3,+13.9,+25.5,+9.6,+9.5,+15.4,+21.2,+18.3,+19.0,+19.1,+19.2,+19.0,+19.1,+19.3
2024-01-24 01:40,3,+19.1,+28.1,+9.7,+9.5,+15.4,+21.1,+18.2,+18.8,+19.1,+19.2,+19.0,+19.2,+19.3
2024-01-24 02:40,3,+16.6,+27.1,+9.7,+9.5,+15.4,+21.2,+18.3,+18.8,+19.1,+19.2,+19.0,+19.2,+19.3
2024-01-24 03:40,3,+15.6,+26.8,+9.7,+9.5,+15.4,+21.2,+18.2,+18.8,+19.1,+19.2,+19.0,+19.2,+19.3
2024-01-24 04:40,3,+15.4,+26.5,+9.7,+9.5,+15.4,+21.2,+18.1,+18.8,+19.1,+19.2,+19.1,+19.2,+19.3
2024-01-24 05:40,3,+15.4,+26.4,+9.7,+9.5,+15.4,+21.2,+18.0,+18.8,+19.1,+19.2,+19.0,+19.1,+19.3
2024-01-24 06:40,3,+15.3,+26.4,+9.7,+9.4,+15.4,+21.1,+18.0,+18.7,+19.1,+19.2,+19.1,+19.1,+19.5
2024-01-24 07:40,3,+15.4,+26.4,+9.7,+9.5,+15.4,+21.2,+18.0,+18.7,+19.1,+19.2,+19.0,+19.2,+19.3
2024-01-24 08:40,3,+15.3,+26.4,+9.7,+9.4,+15.4,+21.1,+17.8,+18.7,+19.1,+19.3,+19.1,+19.2,+19.3
2024-01-24 09:40,3,+15.3,+26.3,+9.7,+9.5,+15.4,+21.2,+18.0,+18.7,+19.1,+19.2,+19.0,+19.1,+19.3
2024-01-24 10:40,3,+15.2,+26.2,+9.7,+9.4,+15.3,+21.1,+18.0,+18.7,+19.0,+19.2,+19.0,+19.2,+19.3
2024-01-24 11:40,3,+15.1,+26.1,+9.7,+9.5,+15.4,+21.2,+18.0,+18.6,+19.0,+19.2,+19.1,+19.2,+19.3
2024-01-24 12:40,3,+15.0,+26.0,+9.7,+9.4,+15.3,+21.1,+18.1,+18.6,+19.0,+19.2,+19.0,+19.2,+19.3
2024-01-24 13:40,3,+14.9,+26.0,+9.6,+9.5,+15.4,+21.2,+18.2,+18.6,+19.0,+19.2,+19.0,+19.2,+19.3
2024-01-24 14:40,3,+14.8,+25.8,+9.6,+9.4,+15.3,+21.1,+18.7,+18.7,+19.0,+19.2,+19.0,+19.2,+19.3
2024-01-24 15:40,3,+14.7,+25.7,+9.6,+9.4,+15.3,+21.1,+19.3,+18.8,+19.0,+19.2,+19.0,+19.2,+19.3
2024-01-24 16:40,3,+14.5,+25.6,+9.6,+9.5,+15.4,+21.1,+19.8,+19.0,+19.0,+19.2,+19.0,+19.2,+19.3
2024-01-24 17:40,3,+14.5,+25.6,+9.6,+9.5,+15.3,+21.1,+19.6,+19.1,+19.0,+19.2,+19.1,+19.1,+19.3
2024-01-24 18:40,3,+14.5,+25.6,+9.6,+9.5,+15.3,+21.1,+19.3,+19.2,+19.0,+19.2,+19.0,+19.1,+19.3
2024-01-24 19:40,3,+14.5,+25.5,+9.6,+9.5,+15.3,+21.1,+19.2,+19.3,+19.1,+19.2,+19.1,+19.2,+19.3
2024-01-24 20:40,3,+14.5,+25.5,+9.6,+9.4,+15.3,+21.1,+19.1,+19.2,+19.1,+19.2,+19.0,+19.2,+19.3
2024-01-24 21:40,3,+14.6,+25.5,+9.6,+9.4,+15.3,+21.1,+19.0,+19.3,+19.1,+19.2,+19.1,+19.2,+19.3
2024-01-24 22:40,3,+14.7,+25.5,+9.6,+9.5,+15.3,+21.1,+18.8,+19.2,+19.2,+19.2,+19.1,+19.2,+19.3
2024-01-24 23:40,3,+14.6,+25.5,+9.6,+9.4,+15.3,+21.1,+18.7,+19.2,+19.2,+19.2,+19.0,+19.2,+19.3
2024-01-25 00:40,3,+14.6,+25.5,+9.6,+9.3,+15.3,+21.1,+18.7,+19.2,+19.2,+19.2,+19.1,+19.2,+19.3
2024-01-25 01:40,3,+14.6,+25.5,+9.6,+9.5,+15.3,+21.1,+18.6,+19.2,+19.2,+19.3,+19.1,+19.1,+19.3
2024-01-25 02:40,3,+14.6,+25.5,+9.6,+9.5,+15.4,+21.1,+18.6,+19.1,+19.2,+19.2,+19.0,+19.2,+19.3
2024-01-25 03:40,3,+14.6,+25.5,+9.6,+9.3,+15.3,+21.1,+18.6,+19.1,+19.2,+19.2,+19.1,+19.2,+19.3
2024-01-25 04:40,3,+14.6,+25.5,+9.6,+9.4,+15.3,+21.0,+18.5,+19.1,+19.2,+19.3,+19.1,+19.2,+19.3
2024-01-25 05:40,3,+14.5,+25.5,+9.6,+9.3,+15.3,+21.0,+18.3,+19.1,+19.2,+19.3,+19.1,+19.2,+19.3
2024-01-25 06:40,3,+14.6,+25.5,+9.6,+9.4,+15.3,+21.0,+18.3,+19.0,+19.2,+19.3,+19.0,+19.2,+19.3
2024-01-25 07:40,3,+14.6,+25.5,+9.6,+9.5,+15.3,+21.0,+18.3,+19.1,+19.2,+19.3,+19.1,+19.2,+19.3
2024-01-25 08:40,3,+14.5,+25.5,+9.6,+9.4,+15.3,+21.0,+18.3,+19.0,+19.2,+19.3,+19.1,+19.2,+19.3
2024-01-25 09:40,3,+14.5,+25.5,+9.6,+9.4,+15.3,+21.0,+18.2,+19.0,+19.2,+19.2,+19.1,+19.2,+19.3
2024-01-25 10:40,3,+14.5,+25.4,+9.5,+9.3,+15.3,+21.0,+18.3,+19.0,+19.2,+19.3,+19.1,+19.2,+19.3
2024-01-25 11:40,3,+14.5,+25.4,+9.5,+9.3,+15.3,+21.0,+18.5,+19.0,+19.2,+19.3,+19.1,+19.2,+19.3
2024-01-25 12:40,3,+14.4,+25.4,+9.5,+9.3,+15.3,+21.0,+18.6,+19.0,+19.1,+19.3,+19.1,+19.2,+19.3
2024-01-25 13:40,3,+14.4,+25.3,+9.5,+9.5,+15.3,+21.0,+18.5,+19.0,+19.2,+19.3,+19.1,+19.2,+19.3
2024-01-25 14:40,3,+14.3,+25.2,+9.5,+9.5,+15.3,+21.1,+19.1,+19.0,+19.2,+19.2,+19.1,+19.2,+19.3
2024-01-25 15:40,3,+14.2,+25.2,+9.5,+9.4,+15.3,+21.0,+19.2,+19.1,+19.1,+19.3,+19.1,+19.2,+19.3
2024-01-25 16:40,3,+14.2,+25.1,+9.5,+9.4,+15.3,+21.0,+19.2,+19.2,+19.2,+19.3,+19.1,+19.2,+19.3
2024-01-25 17:40,3,+14.2,+25.1,+9.5,+9.3,+15.3,+21.0,+19.1,+19.2,+19.1,+19.2,+19.1,+19.2,+19.3
2024-01-25 18:40,3,+14.2,+25.1,+9.5,+9.3,+15.3,+21.0,+19.0,+19.2,+19.2,+19.3,+19.1,+19.2,+19.3
2024-01-25 19:40,3,+14.2,+25.1,+9.5,+9.3,+15.3,+21.0,+18.8,+19.3,+19.2,+19.3,+19.1,+19.2,+19.3
2024-01-25 20:40,3,+14.2,+25.1,+9.5,+9.4,+15.3,+21.0,+18.8,+19.3,+19.2,+19.3,+19.1,+19.2,+19.3
2024-01-25 21:40,3,+14.2,+25.1,+9.5,+9.3,+15.3,+21.0,+18.7,+19.2,+19.2,+19.3,+19.1,+19.2,+19.3
2024-01-25 22:40,3,+14.2,+25.1,+9.5,+9.4,+15.3,+21.0,+18.6,+19.2,+19.3,+19.3,+19.1,+19.2,+19.3
2024-01-25 23:40,3,+14.3,+25.1,+9.5,+9.4,+15.3,+21.0,+18.5,+19.2,+19.2,+19.3,+19.0,+19.2,+19.3
2024-01-26 00:40,3,+14.3,+25.1,+9.5,+9.3,+15.3,+21.0,+18.5,+19.2,+19.3,+19.3,+19.1,+19.2,+19.3
2024-01-26 01:40,3,+14.3,+25.1,+9.5,+9.4,+15.3,+21.0,+18.3,+19.1,+19.3,+19.3,+19.1,+19.2,+19.3
2024-01-26 02:40,3,+14.3,+25.1,+9.5,+9.4,+15.3,+21.0,+18.2,+19.1,+19.2,+19.3,+19.1,+19.2,+19.3
2024-01-26 03:40,3,+14.3,+25.1,+9.5,+9.4,+15.3,+21.0,+18.2,+19.1,+19.2,+19.3,+19.1,+19.2,+19.3
2024-01-26 04:40,3,+14.3,+25.1,+9.5,+9.3,+15.3,+21.0,+18.2,+19.0,+19.2,+19.3,+19.1,+19.2,+19.3
2024-01-26 05:40,3,+14.3,+25.1,+9.5,+9.4,+15.3,+21.0,+18.2,+19.0,+19.3,+19.3,+19.1,+19.2,+19.3
2024-01-26 06:40,3,+14.3,+25.0,+9.5,+9.3,+15.2,+21.0,+18.1,+19.0,+19.2,+19.3,+19.1,+19.2,+19.3
2024-01-26 07:40,3,+14.3,+25.0,+9.5,+9.3,+15.3,+21.0,+18.2,+18.8,+19.2,+19.3,+19.1,+19.2,+19.3
2024-01-26 08:40,3,+14.3,+25.0,+9.5,+9.4,+15.3,+21.0,+18.1,+19.0,+19.2,+19.3,+19.1,+19.2,+19.3
2024-01-26 09:40,3,+14.3,+25.0,+9.5,+9.3,+15.3,+21.0,+18.2,+18.8,+19.2,+19.3,+19.1,+19.2,+19.3
2024-01-26 10:40,3,+14.3,+25.0,+9.5,+9.4,+15.3,+21.0,+18.1,+18.8,+19.2,+19.3,+19.1,+19.2,+19.3
2024-01-26 11:40,3,+14.2,+25.0,+9.5,+9.4,+15.3,+21.0,+18.1,+18.8,+19.2,+19.3,+19.1,+19.3,+19.3
2024-01-26 12:40,3,+14.2,+25.0,+9.4,+9.3,+15.2,+21.0,+18.1,+18.8,+19.2,+19.5,+19.1,+19.2,+19.3
2024-01-26 13:40,3,+14.1,+24.9,+9.4,+9.4,+15.3,+21.0,+18.1,+18.8,+19.2,+19.3,+19.1,+19.2,+19.3
2024-01-26 14:40,3,+14.0,+24.8,+9.4,+9.3,+15.2,+21.0,+18.7,+18.8,+19.2,+19.3,+19.1,+19.2,+19.3
2024-01-26 15:40,3,+13.9,+24.7,+9.4,+9.4,+15.3,+21.0,+20.2,+19.0,+19.1,+19.3,+19.1,+19.2,+19.5
2024-01-26 16:40,3,+13.7,+24.6,+9.4,+9.4,+15.3,+21.0,+20.6,+19.2,+19.2,+19.5,+19.1,+19.2,+19.3
2024-01-26 17:40,3,+13.7,+24.5,+9.4,+9.4,+15.3,+21.0,+20.0,+19.3,+19.1,+19.3,+19.1,+19.2,+19.3
2024-01-26 18:40,3,+13.7,+24.5,+9.4,+9.4,+15.2,+21.0,+19.6,+19.5,+19.2,+19.3,+19.1,+19.2,+19.3
2024-01-26 19:40,3,+13.8,+24.5,+9.4,+9.3,+15.2,+21.0,+19.3,+19.5,+19.2,+19.3,+19.1,+19.2,+19.3
2024-01-26 20:40,3,+13.8,+24.5,+9.4,+9.3,+15.2,+20.9,+19.1,+19.5,+19.3,+19.3,+19.1,+19.3,+19.3
2024-01-26 21:40,3,+13.8,+24.5,+9.3,+9.3,+15.2,+20.9,+18.8,+19.5,+19.3,+19.3,+19.1,+19.2,+19.3
2024-01-26 22:40,3,+13.7,+24.5,+9.3,+9.3,+15.2,+20.9,+18.7,+19.3,+19.3,+19.3,+19.1,+19.2,+19.3
2024-01-26 23:40,3,+13.8,+24.5,+9.4,+9.3,+15.2,+20.9,+18.6,+19.3,+19.3,+19.5,+19.1,+19.3,+19.3
2024-01-27 00:40,3,+13.7,+24.5,+9.3,+9.3,+15.2,+20.9,+18.5,+19.3,+19.3,+19.3,+19.2,+19.3,+19.3
2024-01-27 01:40,3,+13.7,+24.5,+9.3,+9.3,+15.2,+20.9,+18.3,+19.2,+19.3,+19.3,+19.1,+19.3,+19.3
2024-01-27 02:40,3,+13.7,+24.5,+9.3,+9.3,+15.2,+20.9,+18.2,+19.2,+19.3,+19.5,+19.1,+19.2,+19.3
2024-01-27 03:40,3,+13.7,+24.5,+9.3,+9.2,+15.2,+20.9,+18.2,+19.1,+19.3,+19.5,+19.1,+19.2,+19.5
2024-01-27 04:40,3,+13.7,+24.5,+9.3,+9.5,+15.8,+21.3,+18.2,+19.1,+19.3,+19.5,+19.1,+19.3,+19.5
2024-01-27 05:40,3,+13.7,+24.4,+9.3,+9.9,+15.8,+21.4,+18.2,+19.1,+19.3,+19.5,+19.2,+19.2,+19.3
2024-01-27 06:40,3,+13.7,+24.4,+9.3,+10.3,+15.9,+21.4,+18.1,+19.0,+19.3,+19.5,+19.1,+19.2,+19.3
2024-01-27 07:40,3,+13.7,+24.5,+9.5,+10.0,+15.8,+21.4,+18.1,+18.8,+19.2,+19.5,+19.1,+19.2,+19.3
2024-01-27 08:40,3,+13.7,+24.5,+9.4,+9.9,+15.8,+21.4,+18.2,+19.0,+19.2,+19.5,+19.2,+19.3,+19.3
2024-01-27 09:40,3,+13.7,+24.4,+9.4,+9.9,+15.8,+21.4,+18.2,+18.8,+19.2,+19.5,+19.1,+19.2,+19.3
2024-01-27 10:40,3,+13.6,+24.4,+9.4,+10.0,+15.8,+21.4,+18.2,+18.8,+19.2,+19.5,+19.1,+19.2,+19.5
2024-01-27 11:40,3,+13.6,+24.4,+9.4,+9.8,+15.8,+21.4,+18.3,+18.8,+19.2,+19.5,+19.1,+19.3,+19.3
2024-01-27 12:40,3,+13.5,+24.3,+9.4,+9.8,+15.8,+21.4,+18.5,+19.0,+19.2,+19.5,+19.2,+19.3,+19.3
2024-01-27 13:40,3,+13.5,+24.3,+9.4,+9.8,+15.8,+21.4,+18.6,+19.0,+19.2,+19.5,+19.2,+19.2,+19.5
2024-01-27 14:40,3,+13.5,+24.2,+9.3,+9.9,+15.8,+21.4,+19.1,+19.0,+19.1,+19.3,+19.2,+19.2,+19.3
2024-01-27 15:40,3,+13.4,+24.1,+9.3,+9.8,+15.8,+21.4,+19.6,+19.1,+19.2,+19.3,+19.2,+19.3,+19.3
2024-01-27 16:40,3,+13.3,+24.1,+9.4,+9.7,+15.8,+21.4,+19.6,+19.2,+19.2,+19.5,+19.2,+19.2,+19.5
2024-01-27 17:40,3,+13.4,+24.1,+9.4,+9.8,+15.8,+21.4,+19.3,+19.3,+19.2,+19.5,+19.2,+19.3,+19.5
2024-01-27 18:40,3,+13.4,+24.1,+9.4,+9.8,+15.8,+21.4,+19.2,+19.3,+19.2,+19.3,+19.2,+19.3,+19.3
2024-01-27 19:40,3,+13.4,+24.1,+9.4,+9.8,+15.8,+21.4,+19.0,+19.3,+19.2,+19.3,+19.2,+19.3,+19.5
2024-01-27 20:40,3,+13.4,+24.1,+9.4,+9.7,+15.8,+21.4,+18.7,+19.3,+19.3,+19.5,+19.1,+19.3,+19.3
2024-01-27 21:40,3,+13.4,+24.1,+9.4,+9.6,+15.8,+21.4,+18.5,+19.2,+19.3,+19.5,+19.1,+19.2,+19.5
2024-01-27 22:40,3,+13.5,+24.1,+9.4,+9.8,+15.8,+21.4,+18.3,+19.2,+19.3,+19.3,+19.1,+19.3,+19.5
2024-01-27 23:40,3,+13.5,+24.1,+9.4,+9.6,+15.8,+21.4,+18.2,+19.2,+19.2,+19.5,+19.2,+19.2,+19.5
2024-01-28 00:40,3,+13.5,+24.0,+9.4,+9.7,+15.8,+21.4,+18.1,+19.1,+19.3,+19.5,+19.2,+19.2,+19.3
2024-01-28 01:40,3,+13.5,+24.0,+9.4,+9.6,+15.8,+21.4,+18.0,+19.0,+19.3,+19.3,+19.2,+19.2,+19.5
2024-01-28 02:40,3,+13.5,+24.0,+9.4,+9.6,+15.8,+21.4,+17.8,+19.0,+19.3,+19.5,+19.2,+19.2,+19.5
2024-01-28 03:40,3,+13.5,+24.0,+9.4,+9.7,+15.8,+21.4,+17.8,+18.8,+19.3,+19.5,+19.2,+19.3,+19.5
2024-01-28 04:40,3,+13.4,+24.0,+9.4,+9.7,+15.8,+21.4,+17.8,+18.8,+19.3,+19.5,+19.2,+19.3,+19.3
2024-01-28 05:40,3,+13.5,+24.0,+9.4,+9.7,+15.8,+21.4,+17.8,+18.8,+19.2,+19.5,+19.2,+19.3,+19.5
2024-01-28 06:40,3,+13.4,+24.0,+9.4,+9.6,+15.8,+21.4,+17.8,+18.7,+19.2,+19.5,+19.2,+19.3,+19.5
2024-01-28 07:40,3,+13.4,+24.0,+9.4,+9.6,+15.8,+21.4,+17.8,+18.7,+19.2,+19.5,+19.1,+19.3,+19.5
2024-01-28 08:40,3,+13.4,+24.0,+9.4,+9.7,+15.8,+21.4,+17.8,+18.7,+19.2,+19.5,+19.2,+19.2,+19.3
2024-01-28 09:40,3,+13.4,+23.9,+9.4,+9.7,+15.8,+21.4,+18.0,+18.7,+19.2,+19.5,+19.2,+19.3,+19.3
2024-01-28 10:40,3,+13.4,+23.9,+9.4,+9.6,+15.8,+21.4,+18.2,+18.7,+19.1,+19.3,+19.1,+19.3,+19.3
2024-01-28 11:40,3,+13.3,+23.9,+9.4,+9.7,+15.8,+21.4,+18.2,+18.7,+19.1,+19.5,+19.2,+19.3,+19.3
2024-01-28 12:40,3,+13.6,+23.9,+9.4,+9.7,+15.8,+21.4,+18.3,+18.7,+19.1,+19.5,+19.2,+19.3,+19.5
2024-01-28 13:40,3,+13.3,+23.9,+9.3,+9.7,+15.8,+21.4,+18.6,+18.7,+19.1,+19.5,+19.2,+19.3,+19.5
2024-01-28 14:40,3,+13.2,+23.9,+9.3,+9.7,+15.8,+21.4,+18.5,+18.8,+19.1,+19.5,+19.2,+19.3,+19.5
2024-01-28 15:40,3,+13.2,+23.9,+9.3,+9.7,+15.8,+21.4,+18.6,+18.8,+19.1,+19.3,+19.2,+19.3,+19.5
2024-01-28 16:40,3,+13.2,+23.9,+9.3,+9.6,+15.8,+21.4,+18.6,+19.0,+19.1,+19.5,+19.1,+19.2,+19.5
2024-01-28 17:40,3,+13.2,+23.8,+9.3,+9.6,+15.8,+21.4,+18.5,+19.0,+19.1,+19.3,+19.2,+19.3,+19.5
2024-01-28 18:40,3,+13.3,+23.8,+9.3,+9.7,+15.8,+21.4,+18.3,+19.0,+19.1,+19.3,+19.2,+19.2,+19.3
2024-01-28 19:40,3,+13.4,+23.8,+9.3,+9.6,+15.8,+21.4,+18.2,+19.0,+19.2,+19.3,+19.2,+19.3,+19.5
2024-01-28 20:40,3,+13.4,+23.9,+9.3,+9.6,+15.8,+21.4,+18.2,+19.0,+19.2,+19.3,+19.2,+19.2,+19.5
2024-01-28 21:40,3,+13.4,+23.9,+9.3,+9.7,+15.8,+21.4,+18.1,+18.8,+19.1,+19.5,+19.2,+19.3,+19.5
2024-01-28 22:40,3,+13.4,+23.9,+9.3,+9.5,+15.8,+21.4,+18.0,+18.8,+19.2,+19.3,+19.2,+19.3,+19.5
2024-01-28 23:40,3,+13.4,+23.8,+9.3,+9.5,+15.8,+21.4,+18.0,+18.8,+19.1,+19.3,+19.2,+19.3,+19.5
2024-01-29 00:40,3,+13.4,+23.8,+9.3,+9.7,+15.9,+21.4,+17.8,+18.7,+19.1,+19.3,+19.1,+19.3,+19.5
2024-01-29 01:40,3,+13.5,+23.8,+9.3,+9.6,+15.8,+21.4,+17.7,+18.7,+19.2,+19.3,+19.1,+19.3,+19.3
2024-01-29 02:40,3,+13.5,+23.8,+9.3,+9.7,+15.9,+21.4,+17.6,+18.7,+19.1,+19.3,+19.2,+19.3,+19.5
2024-01-29 03:40,3,+13.5,+23.8,+9.2,+9.5,+15.8,+21.4,+17.6,+18.7,+19.1,+19.5,+19.1,+19.3,+19.5
2024-01-29 04:40,3,+13.5,+23.8,+9.2,+9.6,+15.9,+21.4,+17.6,+18.6,+19.1,+19.3,+19.1,+19.3,+19.5
2024-01-29 05:40,3,+13.5,+23.8,+9.2,+9.5,+15.8,+21.4,+17.3,+18.5,+19.1,+19.3,+19.2,+19.3,+19.5
2024-01-29 06:40,3,+13.5,+23.8,+9.2,+9.5,+15.8,+21.4,+17.3,+18.5,+19.1,+19.3,+19.1,+19.2,+19.5
2024-01-29 07:40,3,+13.5,+23.8,+9.2,+9.6,+15.8,+21.4,+17.1,+18.3,+19.0,+19.3,+19.1,+19.3,+19.5
2024-01-29 08:40,3,+13.5,+23.7,+9.2,+9.5,+15.8,+21.4,+17.1,+18.3,+19.1,+19.3,+19.2,+19.2,+19.5
2024-01-29 09:40,3,+13.5,+23.7,+9.2,+9.6,+15.8,+21.4,+17.1,+18.3,+19.1,+19.3,+19.2,+19.3,+19.3
2024-01-29 10:40,3,+13.5,+23.7,+9.2,+9.6,+15.8,+21.4,+17.2,+18.3,+19.0,+19.3,+19.2,+19.2,+19.5
2024-01-29 11:40,3,+13.4,+23.6,+9.2,+9.6,+15.8,+21.4,+17.2,+18.2,+19.0,+19.3,+19.2,+19.3,+19.5
2024-01-29 12:40,3,+13.4,+23.6,+9.2,+9.6,+15.8,+21.4,+17.5,+18.2,+19.0,+19.2,+19.2,+19.2,+19.5
2024-01-29 13:40,3,+13.3,+23.5,+9.2,+9.5,+15.7,+21.4,+17.6,+18.2,+18.8,+19.3,+19.1,+19.3,+19.3
2024-01-29 14:40,3,+13.2,+23.5,+9.2,+9.5,+15.8,+21.4,+18.0,+18.3,+18.8,+19.2,+19.1,+19.2,+19.5
2024-01-29 15:40,3,+13.1,+23.4,+9.1,+9.6,+15.8,+21.4,+18.3,+18.3,+18.8,+19.3,+19.1,+19.2,+19.5
2024-01-29 16:40,3,+13.1,+23.4,+9.1,+9.6,+15.8,+21.4,+18.3,+18.5,+18.8,+19.3,+19.1,+19.2,+19.5
2024-01-29 17:40,3,+13.1,+23.4,+9.1,+9.5,+15.8,+21.4,+18.1,+18.6,+18.8,+19.2,+19.1,+19.2,+19.5
2024-01-29 18:40,3,+13.1,+23.4,+9.1,+9.6,+15.8,+21.4,+18.0,+18.5,+18.8,+19.2,+19.1,+19.3,+19.5
2024-01-29 19:40,3,+13.2,+23.4,+9.1,+9.6,+15.8,+21.4,+17.7,+18.6,+18.8,+19.2,+19.1,+19.2,+19.5
2024-01-29 20:40,3,+13.2,+23.4,+9.1,+9.5,+15.8,+21.4,+17.7,+18.5,+18.8,+19.2,+19.1,+19.2,+19.5
2024-01-29 21:40,3,+13.2,+23.4,+9.1,+9.5,+15.7,+21.3,+17.5,+18.5,+18.8,+19.2,+19.1,+19.2,+19.5
2024-01-29 22:40,3,+13.2,+23.4,+9.1,+9.5,+15.8,+21.3,+17.3,+18.5,+18.8,+19.2,+19.1,+19.2,+19.3
2024-01-29 23:40,3,+13.2,+23.4,+9.1,+9.5,+15.8,+21.3,+17.2,+18.3,+18.8,+19.2,+19.1,+19.2,+19.5
2024-01-30 00:40,3,+13.2,+23.4,+9.1,+9.6,+15.8,+21.4,+17.2,+18.3,+19.0,+19.2,+19.1,+19.2,+19.3
2024-01-30 01:40,3,+13.2,+23.4,+9.1,+9.6,+15.8,+21.4,+17.1,+18.2,+18.8,+19.2,+19.0,+19.2,+19.5
2024-01-30 02:40,3,+13.2,+23.4,+9.1,+9.5,+15.8,+21.4,+17.0,+18.2,+18.8,+19.2,+19.1,+19.2,+19.5
2024-01-30 03:40,3,+13.2,+23.4,+9.1,+9.5,+15.7,+21.3,+17.0,+18.2,+18.8,+19.2,+19.1,+19.2,+19.3
2024-01-30 04:40,3,+13.2,+23.3,+9.1,+9.6,+15.8,+21.4,+16.8,+18.1,+18.8,+19.1,+19.1,+19.2,+19.5
2024-01-30 05:40,3,+13.2,+23.3,+9.1,+9.5,+15.8,+21.4,+16.8,+18.1,+18.8,+19.1,+19.0,+19.2,+19.5
2024-01-30 06:40,3,+13.2,+23.3,+9.1,+9.6,+15.8,+21.4,+16.7,+18.0,+18.7,+19.2,+19.1,+19.2,+19.5
2024-01-30 07:40,3,+13.2,+23.3,+9.0,+9.6,+15.8,+21.4,+16.7,+18.0,+18.7,+19.1,+19.1,+19.2,+19.5
2024-01-30 08:40,3,+13.2,+23.3,+9.0,+9.5,+15.7,+21.3,+16.6,+17.8,+18.7,+19.2,+19.1,+19.1,+19.5
2024-01-30 09:40,3,+13.2,+23.2,+9.0,+9.5,+15.7,+21.3,+16.6,+17.8,+18.7,+19.1,+19.1,+19.2,+19.5
2024-01-30 10:40,3,+13.2,+23.2,+9.0,+9.5,+15.7,+21.3,+16.6,+17.7,+18.7,+19.1,+19.1,+19.2,+19.3
2024-01-30 11:40,3,+13.1,+23.2,+9.0,+9.5,+15.7,+21.3,+16.7,+17.7,+18.6,+19.2,+19.1,+19.2,+19.3
2024-01-30 12:40,3,+13.1,+23.1,+9.0,+9.5,+15.7,+21.3,+16.8,+17.7,+18.6,+19.1,+19.0,+19.2,+19.3
2024-01-30 13:40,3,+13.0,+23.0,+9.0,+9.5,+15.7,+21.3,+17.0,+17.7,+18.6,+19.1,+19.0,+19.1,+19.5
2024-01-30 14:40,3,+13.0,+23.0,+8.9,+9.5,+15.7,+21.3,+17.2,+17.8,+18.5,+19.1,+19.0,+19.2,+19.3
2024-01-30 15:40,3,+12.9,+23.0,+8.9,+9.5,+15.8,+21.4,+17.2,+17.8,+18.5,+19.1,+19.0,+19.1,+19.3
2024-01-30 16:40,3,+12.8,+22.9,+8.9,+9.4,+15.7,+21.3,+17.6,+17.8,+18.6,+19.1,+19.0,+19.1,+19.3
2024-01-30 17:40,3,+12.7,+22.9,+8.9,+9.4,+15.7,+21.3,+17.5,+18.0,+18.6,+19.1,+19.0,+19.2,+19.3
2024-01-30 18:40,3,+12.7,+22.9,+8.9,+9.5,+15.7,+21.3,+17.3,+18.0,+18.5,+19.1,+19.0,+19.1,+19.3
2024-01-30 19:40,3,+12.7,+22.9,+8.9,+9.5,+15.8,+21.3,+17.2,+18.0,+18.5,+19.0,+19.0,+19.2,+19.3
2024-01-30 20:40,3,+12.7,+22.8,+8.9,+9.5,+15.8,+21.3,+17.2,+18.0,+18.5,+19.0,+19.0,+19.1,+19.3
2024-01-30 21:40,3,+12.7,+22.8,+8.9,+9.4,+15.7,+21.3,+17.1,+18.0,+18.5,+19.0,+19.0,+19.1,+19.3
2024-01-30 22:40,3,+12.7,+22.8,+8.9,+9.5,+15.8,+21.3,+17.0,+18.0,+18.5,+19.0,+19.0,+19.2,+19.3
2024-01-30 23:40,3,+12.7,+22.8,+8.9,+9.5,+15.8,+21.3,+17.0,+18.0,+18.6,+19.0,+19.0,+19.2,+19.3
2024-01-31 00:40,3,+12.7,+22.8,+8.8,+9.5,+15.8,+21.3,+17.0,+17.8,+18.5,+19.0,+19.0,+19.1,+19.3
2024-01-31 01:40,3,+12.8,+22.8,+8.8,+9.5,+15.7,+21.3,+16.8,+17.8,+18.5,+19.0,+19.0,+19.1,+19.3
2024-01-31 02:40,3,+12.8,+22.8,+8.8,+9.5,+15.7,+21.3,+16.8,+17.8,+18.5,+19.0,+19.0,+19.1,+19.3
2024-01-31 03:40,3,+12.8,+22.8,+8.8,+9.5,+15.7,+21.3,+16.8,+17.8,+18.5,+19.0,+19.0,+19.1,+19.3
2024-01-31 04:40,3,+12.8,+22.8,+8.8,+9.5,+15.8,+21.3,+16.7,+17.8,+18.5,+19.0,+19.0,+19.1,+19.3
2024-01-31 05:40,3,+12.8,+22.8,+8.8,+9.4,+15.7,+21.3,+16.7,+17.8,+18.3,+19.0,+19.0,+19.1,+19.3
2024-01-31 06:40,3,+12.8,+22.8,+8.8,+9.5,+15.8,+21.3,+16.7,+17.7,+18.3,+19.0,+18.8,+19.1,+19.3
2024-01-31 07:40,3,+12.8,+22.8,+8.8,+9.5,+15.7,+21.3,+16.7,+17.7,+18.3,+19.0,+18.8,+19.1,+19.3
2024-01-31 08:40,3,+12.9,+22.8,+8.8,+9.5,+15.7,+21.3,+16.7,+17.7,+18.5,+19.0,+18.8,+19.1,+19.3
2024-01-31 09:40,3,+12.9,+22.8,+8.8,+9.4,+15.7,+21.3,+16.7,+17.7,+18.3,+19.0,+18.8,+19.1,+19.3
2024-01-31 10:40,3,+12.9,+22.8,+8.8,+9.4,+15.7,+21.3,+16.7,+17.7,+18.3,+18.8,+18.8,+19.1,+19.3
2024-01-31 11:40,3,+12.9,+22.8,+8.8,+9.5,+15.7,+21.3,+16.7,+17.7,+18.3,+18.8,+18.8,+19.1,+19.3
2024-01-31 12:40,3,+12.9,+22.8,+8.8,+9.5,+15.7,+21.3,+16.8,+17.7,+18.3,+18.8,+18.8,+19.1,+19.2
2024-01-31 13:40,3,+12.8,+22.8,+8.8,+9.4,+15.7,+21.3,+17.0,+17.7,+18.3,+19.0,+18.8,+19.1,+19.3
2024-01-31 14:40,3,+12.8,+22.7,+8.8,+9.4,+15.7,+21.3,+17.2,+17.7,+18.3,+18.8,+18.8,+19.0,+19.3
2024-01-31 15:40,3,+12.7,+22.7,+8.8,+9.4,+15.7,+21.3,+17.5,+17.7,+18.2,+18.8,+18.7,+19.1,+19.3
2024-01-31 16:40,3,+12.7,+22.7,+8.8,+9.5,+15.7,+21.3,+17.6,+17.8,+18.3,+18.8,+18.8,+19.0,+19.3
2024-01-31 17:40,3,+12.7,+22.6,+8.8,+9.4,+15.7,+21.3,+17.5,+17.8,+18.2,+18.8,+18.7,+19.0,+19.2
2024-01-31 18:40,3,+12.7,+22.7,+8.7,+9.3,+15.7,+21.3,+17.3,+18.0,+18.3,+18.8,+18.8,+19.0,+19.3
2024-01-31 19:40,3,+12.8,+22.7,+8.7,+9.5,+15.7,+21.3,+17.2,+18.0,+18.3,+18.8,+18.8,+19.0,+19.3
2024-01-31 20:40,3,+12.8,+22.7,+8.8,+9.4,+15.7,+21.3,+17.2,+18.0,+18.3,+18.8,+18.7,+19.0,+19.3
2024-01-31 21:40,3,+12.9,+22.7,+8.7,+9.4,+15.7,+21.3,+17.1,+18.0,+18.3,+18.8,+18.8,+19.0,+19.2
2024-01-31 22:40,3,+13.0,+22.8,+8.7,+9.4,+15.7,+21.3,+17.0,+17.8,+18.3,+18.8,+18.7,+19.0,+19.2
2024-01-31 23:40,3,+13.2,+22.9,+8.8,+9.4,+15.7,+21.3,+16.8,+17.7,+18.3,+18.8,+18.8,+19.0,+19.2
2024-02-01 00:40,3,+13.3,+23.0,+8.8,+9.4,+15.7,+21.3,+16.8,+17.7,+18.3,+18.8,+18.7,+19.0,+19.2
2024-02-01 01:40,3,+13.6,+23.1,+8.7,+9.5,+15.8,+21.3,+16.6,+17.7,+18.3,+18.8,+18.7,+19.0,+19.2
2024-02-01 02:40,3,+13.9,+23.2,+8.7,+9.4,+15.7,+21.3,+16.5,+17.7,+18.2,+18.8,+18.7,+19.0,+19.2
2024-02-01 03:40,3,+14.2,+23.3,+8.8,+9.5,+15.8,+21.4,+16.3,+17.6,+18.2,+18.7,+18.7,+19.0,+19.2
2024-02-01 04:40,3,+14.7,+23.5,+8.7,+9.4,+15.8,+21.3,+16.3,+17.6,+18.2,+18.8,+18.7,+19.0,+19.2
2024-02-01 05:40,3,+15.2,+23.6,+8.7,+9.4,+15.7,+21.3,+16.1,+17.5,+18.2,+18.8,+18.7,+19.0,+19.3
2024-02-01 06:40,3,+15.5,+23.7,+8.7,+9.5,+15.8,+21.4,+16.1,+17.5,+18.2,+18.7,+18.7,+19.0,+19.3
2024-02-01 07:40,3,+15.8,+23.8,+8.7,+9.5,+15.8,+21.4,+16.1,+17.3,+18.2,+18.8,+18.7,+19.0,+19.2
2024-02-01 08:40,3,+16.1,+23.9,+8.7,+9.5,+15.8,+21.4,+15.8,+17.3,+18.2,+18.7,+18.7,+19.0,+19.2
2024-02-01 09:40,3,+16.4,+24.0,+8.7,+9.5,+15.7,+21.4,+16.0,+17.2,+18.1,+18.7,+18.7,+18.8,+19.2
2024-02-01 10:40,3,+16.5,+24.1,+8.7,+9.4,+15.7,+21.3,+16.1,+17.2,+18.1,+18.7,+18.6,+19.0,+19.2
2024-02-01 11:40,3,+16.6,+24.2,+8.7,+9.4,+15.7,+21.3,+16.1,+17.2,+18.1,+18.7,+18.7,+19.0,+19.2
2024-02-01 12:40,3,+16.8,+24.2,+8.7,+9.5,+15.7,+21.3,+16.1,+17.2,+18.0,+18.7,+18.7,+18.8,+19.2
2024-02-01 13:40,3,+16.9,+24.3,+8.7,+9.4,+15.7,+21.3,+16.3,+17.2,+18.0,+18.7,+18.7,+19.0,+19.2
2024-02-01 14:40,3,+16.9,+24.4,+8.7,+9.5,+15.7,+21.3,+16.5,+17.2,+18.0,+18.6,+18.7,+18.8,+19.2
2024-02-01 15:40,3,+16.9,+24.4,+8.7,+9.4,+15.7,+21.3,+16.6,+17.2,+18.0,+18.6,+18.6,+19.0,+19.2
2024-02-01 16:40,3,+17.0,+24.5,+8.7,+9.4,+15.7,+21.2,+16.6,+17.3,+17.8,+18.7,+18.7,+18.8,+19.2
2024-02-01 17:40,3,+17.1,+24.5,+8.7,+9.5,+15.7,+21.3,+16.6,+17.3,+18.0,+18.6,+18.6,+19.0,+19.2
2024-02-01 18:40,3,+17.2,+24.5,+8.7,+9.4,+15.7,+21.2,+16.6,+17.3,+18.0,+18.6,+18.6,+18.8,+19.2
2024-02-01 19:40,3,+17.2,+24.6,+8.7,+9.5,+15.7,+21.3,+16.5,+17.3,+17.8,+18.6,+18.6,+19.0,+19.1
2024-02-01 20:40,3,+17.3,+24.6,+8.7,+9.5,+15.7,+21.3,+16.5,+17.3,+17.8,+18.6,+18.6,+18.8,+19.2
2024-02-01 21:40,3,+17.4,+24.7,+8.7,+9.4,+15.7,+21.2,+16.5,+17.3,+17.8,+18.6,+18.6,+18.8,+19.1
2024-02-01 22:40,3,+17.4,+24.7,+8.7,+9.5,+15.7,+21.3,+16.3,+17.3,+17.8,+18.6,+18.6,+18.8,+19.2
2024-02-01 23:40,3,+17.5,+24.7,+8.7,+9.4,+15.7,+21.3,+16.3,+17.3,+17.8,+18.6,+18.6,+18.8,+19.2
2024-02-02 00:40,3,+17.6,+24.8,+8.7,+9.5,+15.7,+21.3,+16.3,+17.3,+17.8,+18.6,+18.6,+18.8,+19.2
2024-02-02 01:40,3,+17.6,+24.8,+8.7,+9.4,+15.7,+21.2,+16.2,+17.3,+17.8,+18.6,+18.6,+18.8,+19.2
2024-02-02 02:40,3,+17.6,+24.8,+8.7,+9.4,+15.7,+21.2,+16.2,+17.2,+17.8,+18.5,+18.6,+18.8,+19.2
2024-02-02 03:40,3,+17.6,+24.9,+8.7,+9.5,+15.7,+21.3,+16.2,+17.2,+17.8,+18.5,+18.6,+18.8,+19.2
2024-02-02 04:40,3,+17.7,+24.9,+8.7,+9.4,+15.7,+21.2,+16.1,+17.2,+17.8,+18.5,+18.5,+18.7,+19.1
2024-02-02 05:40,3,+17.7,+24.9,+8.7,+9.5,+15.8,+21.2,+16.1,+17.2,+17.8,+18.5,+18.5,+18.7,+19.1
2024-02-02 06:40,3,+17.8,+24.9,+8.7,+9.5,+15.7,+21.3,+16.1,+17.1,+17.8,+18.5,+18.6,+18.8,+19.1
2024-02-02 07:40,3,+17.8,+24.9,+8.7,+9.4,+15.7,+21.2,+16.0,+17.1,+17.8,+18.5,+18.6,+18.8,+19.1
2024-02-02 08:40,3,+17.9,+25.0,+8.7,+9.4,+15.7,+21.2,+16.0,+17.1,+17.8,+18.5,+18.5,+18.8,+19.1
2024-02-02 09:40,3,+17.9,+25.0,+8.7,+9.5,+15.8,+21.3,+16.0,+17.1,+17.8,+18.5,+18.5,+18.7,+19.1
2024-02-02 10:40,3,+17.9,+25.0,+8.7,+9.5,+15.8,+21.3,+16.1,+17.1,+17.8,+18.5,+18.5,+18.7,+19.2
2024-02-02 11:40,3,+17.9,+25.0,+8.7,+9.4,+15.7,+21.2,+16.1,+17.1,+17.7,+18.5,+18.5,+18.7,+19.1
2024-02-02 12:40,3,+17.9,+25.0,+8.7,+9.4,+15.7,+21.2,+16.3,+17.1,+17.7,+18.5,+18.5,+18.8,+19.1
2024-02-02 13:40,3,+17.8,+25.0,+8.7,+9.4,+15.7,+21.2,+16.5,+17.1,+17.7,+18.5,+18.5,+18.7,+19.1
2024-02-02 14:40,3,+17.7,+24.9,+8.7,+9.4,+15.7,+21.2,+17.0,+17.1,+17.7,+18.5,+18.5,+18.7,+19.1
2024-02-02 15:40,3,+17.6,+24.8,+8.7,+9.4,+15.7,+21.2,+17.7,+17.2,+17.7,+18.5,+18.5,+18.7,+19.1
2024-02-02 16:40,3,+17.5,+24.7,+8.7,+9.5,+15.7,+21.2,+18.5,+17.5,+17.7,+18.3,+18.5,+18.7,+19.2
2024-02-02 17:40,3,+17.5,+24.7,+8.7,+9.5,+15.7,+21.2,+18.5,+17.7,+17.7,+18.5,+18.5,+18.7,+19.1
2024-02-02 18:40,3,+17.6,+24.7,+8.7,+9.4,+15.7,+21.2,+18.5,+17.8,+17.8,+18.3,+18.5,+18.7,+19.1
2024-02-02 19:40,3,+17.7,+24.7,+8.7,+9.5,+15.7,+21.2,+18.2,+18.0,+17.8,+18.3,+18.5,+18.7,+19.1
2024-02-02 20:40,3,+17.8,+24.8,+8.7,+9.5,+15.7,+21.2,+18.2,+18.1,+17.8,+18.3,+18.5,+18.7,+19.1
2024-02-02 21:40,3,+17.8,+24.8,+8.7,+9.3,+15.7,+21.2,+18.2,+18.2,+18.0,+18.3,+18.5,+18.7,+19.1
2024-02-02 22:40,3,+17.9,+24.8,+8.7,+9.5,+15.7,+21.2,+18.1,+18.2,+18.0,+18.3,+18.3,+18.7,+19.0
2024-02-02 23:40,3,+17.9,+24.8,+8.7,+9.3,+15.7,+21.2,+18.0,+18.2,+18.1,+18.5,+18.3,+18.7,+19.1
2024-02-03 00:40,3,+17.9,+24.9,+8.7,+9.5,+15.7,+21.2,+18.0,+18.2,+18.1,+18.5,+18.3,+18.7,+19.0
2024-02-03 01:40,3,+18.0,+24.9,+8.7,+9.5,+15.7,+21.2,+18.0,+18.2,+18.2,+18.5,+18.5,+18.6,+19.0
2024-02-03 02:40,3,+18.0,+24.9,+8.7,+9.5,+15.7,+21.2,+17.8,+18.2,+18.1,+18.5,+18.3,+18.6,+19.1
2024-02-03 03:40,3,+18.0,+24.9,+8.7,+9.5,+15.7,+21.2,+18.0,+18.2,+18.1,+18.5,+18.5,+18.7,+19.0
2024-02-03 04:40,3,+18.0,+24.9,+8.7,+9.5,+15.7,+21.2,+17.8,+18.2,+18.2,+18.5,+18.3,+18.6,+19.1
2024-02-03 05:40,3,+18.0,+24.9,+8.7,+9.5,+15.7,+21.2,+17.8,+18.2,+18.3,+18.5,+18.3,+18.6,+19.1
2024-02-03 06:40,3,+18.0,+24.9,+8.7,+9.3,+15.7,+21.2,+17.8,+18.2,+18.3,+18.5,+18.3,+18.7,+19.0
2024-02-03 07:40,3,+18.0,+24.9,+8.7,+9.5,+15.7,+21.2,+17.8,+18.2,+18.3,+18.6,+18.3,+18.7,+19.1
2024-02-03 08:40,3,+18.1,+25.0,+8.8,+9.5,+15.7,+21.2,+17.8,+18.2,+18.3,+18.6,+18.5,+18.7,+19.1
2024-02-03 09:40,3,+18.1,+25.0,+8.8,+9.4,+15.7,+21.2,+18.0,+18.2,+18.3,+18.6,+18.5,+18.7,+19.1
2024-02-03 10:40,3,+18.3,+25.0,+8.8,+9.5,+15.7,+21.2,+18.0,+18.2,+18.3,+18.6,+18.3,+18.7,+19.0
2024-02-03 11:40,3,+18.3,+25.0,+8.8,+9.5,+15.7,+21.2,+18.0,+18.2,+18.3,+18.6,+18.5,+18.7,+19.0
2024-02-03 12:40,3,+18.3,+25.0,+8.8,+9.3,+15.7,+21.2,+18.1,+18.3,+18.3,+18.6,+18.3,+18.7,+19.0
2024-02-03 13:40,3,+18.3,+25.0,+8.8,+9.3,+15.7,+21.2,+18.2,+18.3,+18.3,+18.6,+18.5,+18.7,+19.0
2024-02-03 14:40,3,+18.3,+25.0,+8.8,+9.4,+15.7,+21.2,+18.3,+18.3,+18.3,+18.6,+18.5,+18.7,+19.0
2024-02-03 15:40,3,+18.2,+25.0,+8.8,+9.5,+15.7,+21.2,+18.6,+18.5,+18.3,+18.6,+18.5,+18.7,+19.0
2024-02-03 16:40,3,+18.3,+25.0,+8.8,+9.3,+15.7,+21.2,+18.6,+18.6,+18.3,+18.6,+18.5,+18.7,+19.0
2024-02-03 17:40,3,+18.3,+25.0,+8.8,+9.5,+15.7,+21.2,+18.6,+18.6,+18.5,+18.6,+18.5,+18.7,+19.0
2024-02-03 18:40,3,+18.3,+25.0,+8.8,+9.4,+15.7,+21.2,+18.7,+18.7,+18.5,+18.6,+18.5,+18.7,+19.0
2024-02-03 19:40,3,+18.3,+25.1,+8.8,+9.3,+15.7,+21.2,+18.6,+18.7,+18.6,+18.6,+18.5,+18.7,+19.1
2024-02-03 20:40,3,+18.4,+25.1,+8.8,+9.3,+15.7,+21.2,+18.7,+18.7,+18.6,+18.7,+18.5,+18.7,+19.1
2024-02-03 21:40,3,+18.5,+25.1,+8.8,+9.4,+15.7,+21.2,+18.6,+18.7,+18.6,+18.6,+18.5,+18.7,+19.0
2024-02-03 22:40,3,+18.5,+25.1,+8.8,+9.3,+15.7,+21.2,+18.5,+18.7,+18.6,+18.6,+18.5,+18.7,+19.0
2024-02-03 23:40,3,+18.5,+25.1,+8.8,+9.5,+15.7,+21.2,+18.3,+18.7,+18.6,+18.7,+18.6,+18.7,+19.0
2024-02-04 00:40,3,+18.6,+25.2,+8.8,+9.5,+15.7,+21.2,+18.3,+18.7,+18.7,+18.7,+18.5,+18.7,+19.0
2024-02-04 01:40,3,+18.6,+25.2,+8.8,+9.3,+15.7,+21.2,+18.1,+18.7,+18.7,+18.7,+18.6,+18.7,+19.0
2024-02-04 02:40,3,+18.6,+25.2,+8.8,+9.5,+15.7,+21.2,+18.0,+18.7,+18.7,+18.7,+18.5,+18.7,+19.0
2024-02-04 03:40,3,+18.6,+25.2,+8.8,+9.4,+15.7,+21.2,+17.8,+18.6,+18.7,+18.7,+18.6,+18.7,+19.0
2024-02-04 04:40,3,+18.7,+25.2,+8.8,+9.4,+15.7,+21.2,+17.8,+18.6,+18.7,+18.7,+18.5,+18.7,+19.0
2024-02-04 05:40,3,+18.7,+25.2,+8.8,+9.5,+15.7,+21.2,+17.7,+18.6,+18.7,+18.7,+18.6,+18.7,+19.0
2024-02-04 06:40,3,+18.8,+25.2,+8.8,+9.3,+15.7,+21.2,+17.7,+18.5,+18.6,+18.8,+18.6,+18.7,+19.0
2024-02-04 07:40,3,+18.9,+25.2,+8.8,+9.3,+15.7,+21.2,+17.7,+18.5,+18.7,+18.8,+18.6,+18.7,+19.0
2024-02-04 08:40,3,+18.8,+25.2,+8.8,+9.4,+15.7,+21.2,+17.7,+18.5,+18.7,+18.8,+18.6,+18.7,+19.0
2024-02-04 09:40,3,+18.8,+25.2,+8.8,+9.5,+15.7,+21.2,+17.8,+18.5,+18.7,+18.8,+18.5,+18.7,+19.0
2024-02-04 10:40,3,+18.7,+25.2,+8.8,+9.4,+15.7,+21.2,+17.8,+18.3,+18.7,+18.7,+18.6,+18.8,+19.0
2024-02-04 11:40,3,+18.7,+25.1,+8.8,+9.4,+15.7,+21.2,+18.0,+18.5,+18.6,+18.8,+18.6,+18.7,+19.1
2024-02-04 12:40,3,+18.6,+25.1,+8.8,+9.4,+15.7,+21.2,+18.2,+18.5,+18.7,+18.8,+18.6,+18.7,+19.0
2024-02-04 13:40,3,+18.5,+25.0,+8.8,+9.3,+15.6,+21.2,+18.3,+18.5,+18.6,+18.7,+18.6,+18.7,+19.0
2024-02-04 14:40,3,+18.3,+25.0,+8.8,+9.3,+15.7,+21.2,+18.7,+18.6,+18.6,+18.8,+18.6,+18.7,+19.0
2024-02-04 15:40,3,+18.1,+24.9,+8.7,+9.4,+15.7,+21.2,+19.2,+18.6,+18.7,+18.8,+18.6,+18.8,+19.1
2024-02-04 16:40,3,+18.1,+24.9,+8.7,+9.3,+15.6,+21.2,+19.2,+18.8,+18.6,+18.8,+18.7,+18.8,+19.0
2024-02-04 17:40,3,+18.2,+24.9,+8.7,+9.3,+15.6,+21.2,+19.2,+19.0,+18.7,+18.8,+18.6,+18.8,+19.0
2024-02-04 18:40,3,+18.2,+24.9,+8.8,+9.3,+15.6,+21.2,+19.1,+19.0,+18.7,+18.8,+18.6,+18.8,+19.0
2024-02-04 19:40,3,+18.3,+24.9,+8.8,+9.3,+15.6,+21.1,+19.0,+19.1,+18.7,+18.8,+18.6,+18.8,+19.0
2024-02-04 20:40,3,+18.4,+24.9,+8.8,+9.4,+15.7,+21.2,+18.8,+19.1,+18.8,+18.8,+18.7,+18.8,+19.0
2024-02-04 21:40,3,+18.4,+24.9,+8.8,+9.4,+15.7,+21.2,+18.7,+19.1,+18.8,+18.8,+18.7,+18.8,+19.1
2024-02-04 22:40,3,+18.4,+24.9,+8.8,+9.3,+15.6,+21.1,+18.5,+19.1,+18.8,+18.8,+18.7,+18.7,+19.0
2024-02-04 23:40,3,+18.4,+24.9,+8.8,+9.3,+15.7,+21.1,+18.3,+19.0,+18.8,+18.8,+18.7,+18.8,+19.0
2024-02-05 00:40,3,+18.4,+24.9,+8.8,+9.4,+15.7,+21.2,+18.2,+19.0,+18.8,+19.0,+18.6,+18.8,+19.0
2024-02-05 01:40,3,+18.5,+24.9,+8.8,+9.4,+15.7,+21.2,+18.1,+19.0,+19.0,+19.0,+18.7,+18.8,+19.0
2024-02-05 02:40,3,+18.4,+24.9,+8.8,+9.3,+15.6,+21.2,+17.8,+18.8,+19.0,+19.0,+18.6,+18.8,+19.1
2024-02-05 03:40,3,+18.4,+24.9,+8.8,+9.3,+15.6,+21.2,+17.7,+18.8,+19.0,+19.0,+18.6,+18.8,+19.0
2024-02-05 04:40,3,+18.4,+24.9,+8.8,+9.3,+15.6,+21.2,+17.6,+18.7,+18.8,+19.0,+18.7,+18.8,+19.0
2024-02-05 05:40,3,+18.4,+24.9,+8.8,+9.3,+15.7,+21.2,+17.6,+18.6,+19.0,+19.0,+18.7,+18.8,+19.1
2024-02-05 06:40,3,+18.4,+24.9,+8.8,+9.2,+15.7,+21.1,+17.6,+18.6,+19.0,+19.0,+18.6,+18.8,+19.1
2024-02-05 07:40,3,+18.3,+24.9,+8.8,+9.2,+15.7,+21.1,+17.6,+18.6,+18.8,+19.0,+18.7,+18.8,+19.0
2024-02-05 08:40,3,+18.3,+24.9,+8.8,+9.2,+15.7,+21.1,+17.6,+18.5,+18.8,+19.0,+18.7,+18.8,+19.0
2024-02-05 09:40,3,+18.2,+24.9,+8.8,+9.2,+15.7,+21.1,+17.7,+18.5,+18.8,+19.0,+18.7,+18.8,+19.1
2024-02-05 10:40,3,+18.1,+24.9,+8.8,+9.2,+15.7,+21.2,+17.8,+18.5,+18.8,+19.0,+18.7,+18.8,+19.1
2024-02-05 11:40,3,+18.1,+24.9,+8.7,+9.2,+15.7,+21.1,+18.0,+18.5,+18.8,+19.0,+18.7,+18.8,+19.0
2024-02-05 12:40,3,+18.0,+24.8,+8.8,+9.3,+15.7,+21.2,+18.1,+18.5,+18.8,+19.0,+18.7,+18.8,+19.1
2024-02-05 13:40,3,+17.9,+24.8,+8.7,+9.3,+15.6,+21.2,+18.3,+18.6,+18.8,+19.0,+18.8,+18.8,+19.0
2024-02-05 14:40,3,+17.8,+24.7,+8.7,+9.2,+15.6,+21.1,+18.5,+18.6,+18.7,+19.0,+18.7,+19.0,+19.1
2024-02-05 15:40,3,+17.7,+24.7,+8.7,+9.2,+15.6,+21.1,+18.7,+18.6,+18.8,+19.0,+18.7,+18.8,+19.1
2024-02-05 16:40,3,+17.7,+24.7,+8.7,+9.2,+15.6,+21.1,+18.7,+18.7,+18.8,+19.0,+18.8,+19.0,+19.1
2024-02-05 17:40,3,+17.6,+24.7,+8.7,+9.2,+15.6,+21.1,+18.7,+18.8,+18.8,+19.0,+18.7,+19.0,+19.1
2024-02-05 18:40,3,+17.7,+24.7,+8.7,+9.3,+15.6,+21.2,+18.7,+18.8,+18.8,+19.0,+18.7,+18.8,+19.1
2024-02-05 19:40,3,+17.7,+24.7,+8.7,+9.2,+15.6,+21.1,+18.7,+18.8,+18.8,+19.0,+18.7,+19.0,+19.1
2024-02-05 20:40,3,+17.7,+24.7,+8.7,+9.3,+15.6,+21.2,+18.6,+19.0,+18.8,+19.0,+18.7,+18.8,+19.1
2024-02-05 21:40,3,+17.7,+24.7,+8.7,+9.3,+15.6,+21.1,+18.6,+18.8,+18.8,+19.0,+18.7,+19.0,+19.1
2024-02-05 22:40,3,+17.7,+24.7,+8.7,+9.2,+15.6,+21.1,+18.6,+19.0,+18.8,+19.0,+18.7,+18.8,+19.1
2024-02-05 23:40,3,+17.7,+24.7,+8.7,+9.3,+15.6,+21.2,+18.5,+18.8,+18.8,+19.0,+18.7,+18.8,+19.1
2024-02-06 00:40,3,+17.7,+24.7,+8.7,+9.3,+15.6,+21.1,+18.3,+18.8,+19.0,+19.0,+18.8,+19.0,+19.1
2024-02-06 01:40,3,+17.7,+24.7,+8.8,+9.2,+15.5,+21.1,+18.3,+19.0,+18.8,+19.1,+18.7,+19.0,+19.1
2024-02-06 02:40,3,+17.7,+24.7,+8.7,+9.3,+15.6,+21.1,+18.1,+18.8,+19.0,+19.0,+18.8,+19.0,+19.1
2024-02-06 03:40,3,+17.8,+24.8,+8.7,+9.2,+15.6,+21.1,+18.1,+18.8,+19.0,+19.1,+18.8,+18.8,+19.1
2024-02-06 04:40,3,+17.8,+24.8,+8.8,+9.2,+15.6,+21.1,+18.0,+18.7,+19.0,+19.1,+18.7,+19.0,+19.1
2024-02-06 05:40,3,+17.8,+24.8,+8.8,+9.3,+15.6,+21.2,+17.8,+18.7,+19.0,+19.1,+18.8,+18.8,+19.1
2024-02-06 06:40,3,+17.8,+24.8,+8.8,+9.2,+15.6,+21.1,+17.7,+18.6,+19.0,+19.1,+18.8,+19.0,+19.1
2024-02-06 07:40,3,+17.8,+24.8,+8.8,+9.2,+15.6,+21.1,+17.7,+18.6,+19.0,+19.1,+18.8,+19.0,+19.1
2024-02-06 08:40,3,+17.7,+24.8,+8.8,+9.2,+15.6,+21.1,+17.7,+18.6,+19.0,+19.1,+18.8,+19.0,+19.1
2024-02-06 09:40,3,+17.7,+24.7,+8.8,+9.2,+15.6,+21.1,+17.8,+18.6,+18.8,+19.1,+18.7,+19.0,+19.1
2024-02-06 10:40,3,+17.6,+24.7,+8.7,+9.3,+15.6,+21.1,+17.8,+18.5,+18.8,+19.1,+18.8,+19.0,+19.1
2024-02-06 11:40,3,+17.5,+24.7,+8.7,+9.3,+15.6,+21.2,+18.1,+18.6,+19.0,+19.1,+18.8,+19.0,+19.1
2024-02-06 12:40,3,+17.4,+24.6,+8.7,+9.1,+15.5,+21.1,+18.2,+18.6,+18.8,+19.1,+18.8,+19.0,+19.1
2024-02-06 13:40,3,+17.3,+24.6,+8.7,+9.1,+15.5,+21.1,+18.3,+18.6,+18.8,+19.1,+18.7,+19.0,+19.1
2024-02-06 14:40,3,+17.2,+24.5,+8.7,+9.3,+15.6,+21.2,+18.7,+18.6,+18.8,+19.1,+18.8,+19.0,+19.1
2024-02-06 15:40,3,+17.1,+24.5,+8.7,+9.2,+15.6,+21.1,+19.1,+18.7,+18.8,+19.1,+18.8,+19.0,+19.1
2024-02-06 16:40,3,+17.0,+24.5,+8.7,+9.1,+15.5,+21.1,+19.1,+18.8,+18.8,+19.1,+18.7,+19.0,+19.1
2024-02-06 17:40,3,+17.0,+24.5,+8.7,+9.1,+15.5,+21.1,+19.1,+19.0,+19.0,+19.1,+18.8,+19.0,+19.1
2024-02-06 18:40,3,+17.1,+24.5,+8.7,+9.2,+15.6,+21.1,+19.0,+19.0,+18.8,+19.1,+18.8,+19.0,+19.1
2024-02-06 19:40,3,+17.1,+24.5,+8.7,+9.1,+15.5,+21.1,+18.8,+19.1,+19.0,+19.1,+18.8,+19.0,+19.1
2024-02-06 20:40,3,+17.1,+24.5,+8.7,+9.2,+15.6,+21.1,+18.7,+19.1,+19.0,+19.1,+18.8,+19.0,+19.1
2024-02-06 21:40,3,+17.1,+24.5,+8.7,+9.1,+15.5,+21.1,+18.6,+19.1,+19.0,+19.1,+18.7,+19.0,+19.2
2024-02-06 22:40,3,+17.1,+24.5,+8.7,+9.2,+15.6,+21.1,+18.5,+19.1,+19.0,+19.1,+18.8,+19.0,+19.1
2024-02-06 23:40,3,+17.2,+24.6,+8.7,+9.1,+15.5,+21.1,+18.2,+19.0,+19.0,+19.1,+18.8,+19.0,+19.1
2024-02-07 00:40,3,+17.2,+24.6,+8.7,+9.1,+15.5,+21.1,+18.1,+19.0,+19.0,+19.1,+18.8,+19.0,+19.1
2024-02-07 01:40,3,+17.2,+24.6,+8.7,+9.2,+15.6,+21.1,+18.1,+18.8,+19.0,+19.1,+18.8,+19.0,+19.1
2024-02-07 02:40,3,+17.2,+24.6,+8.7,+9.2,+15.6,+21.1,+17.8,+18.8,+19.1,+19.1,+18.8,+19.0,+19.1
2024-02-07 03:40,3,+17.2,+24.6,+8.7,+9.1,+15.5,+21.1,+17.8,+18.8,+19.1,+19.1,+18.8,+19.0,+19.1
2024-02-07 04:40,3,+17.2,+24.6,+8.7,+9.1,+15.5,+21.1,+17.7,+18.8,+19.1,+19.1,+18.8,+19.0,+19.1
2024-02-07 05:40,3,+17.2,+24.6,+8.7,+9.3,+15.6,+21.1,+17.6,+18.7,+19.0,+19.1,+18.8,+19.0,+19.1
2024-02-07 06:40,3,+17.2,+24.6,+8.7,+9.1,+15.5,+21.1,+17.6,+18.6,+19.0,+19.1,+18.8,+19.0,+19.2
2024-02-07 07:40,3,+17.2,+24.6,+8.7,+9.2,+15.6,+21.1,+17.6,+18.6,+19.0,+19.2,+18.8,+19.0,+19.1
2024-02-07 08:40,3,+17.2,+24.6,+8.7,+9.3,+15.6,+21.1,+17.5,+18.5,+19.0,+19.1,+18.8,+19.0,+19.1
2024-02-07 09:40,3,+17.2,+24.6,+8.7,+9.3,+15.6,+21.1,+17.2,+18.5,+19.0,+19.2,+18.8,+19.1,+19.1
2024-02-07 10:40,3,+17.1,+24.6,+8.7,+9.2,+15.6,+21.1,+17.0,+18.3,+19.0,+19.1,+19.0,+19.0,+19.1
2024-02-07 11:40,3,+17.1,+24.5,+8.7,+9.1,+15.5,+21.1,+16.8,+18.2,+19.0,+19.1,+18.8,+19.0,+19.2
2024-02-07 12:40,3,+17.0,+24.5,+8.7,+9.2,+15.6,+21.1,+16.8,+18.2,+18.8,+19.1,+18.8,+19.0,+19.2
2024-02-07 13:40,3,+16.9,+24.5,+8.7,+9.2,+15.6,+21.1,+16.7,+18.1,+18.8,+19.1,+18.8,+19.0,+19.1
2024-02-07 14:40,3,+16.8,+24.4,+8.6,+9.2,+15.6,+21.1,+17.1,+18.1,+18.8,+19.1,+18.8,+19.1,+19.1
2024-02-07 15:40,3,+16.5,+24.3,+8.6,+9.1,+15.5,+21.1,+18.1,+18.1,+18.8,+19.1,+18.8,+19.0,+19.2
2024-02-07 16:40,3,+16.4,+24.2,+8.5,+9.1,+15.5,+21.1,+18.3,+18.1,+18.7,+19.1,+18.8,+19.0,+19.1
2024-02-07 17:40,3,+16.3,+24.2,+8.5,+9.1,+15.5,+21.1,+18.0,+18.2,+18.7,+19.0,+18.8,+19.0,+19.1
2024-02-07 18:40,3,+16.3,+24.2,+8.5,+9.1,+15.5,+21.1,+17.6,+18.3,+18.6,+19.1,+18.8,+19.0,+19.1
2024-02-07 19:40,3,+16.4,+24.2,+8.5,+9.2,+15.6,+21.1,+17.5,+18.3,+18.7,+19.1,+18.8,+19.0,+19.1
2024-02-07 20:40,3,+16.4,+24.2,+8.5,+9.2,+15.5,+21.1,+17.2,+18.3,+18.7,+19.0,+18.8,+19.0,+19.2
2024-02-07 21:40,3,+16.4,+24.2,+8.5,+9.2,+15.5,+21.1,+17.1,+18.2,+18.7,+19.0,+18.8,+19.0,+19.2
2024-02-07 22:40,3,+16.4,+24.1,+8.5,+9.2,+15.6,+21.1,+17.0,+18.2,+18.7,+19.0,+18.8,+19.0,+19.2
2024-02-07 23:40,3,+16.4,+24.1,+8.5,+9.1,+15.5,+21.1,+17.0,+18.1,+18.7,+19.1,+18.8,+19.0,+19.2
2024-02-08 00:40,3,+16.4,+24.2,+8.5,+9.2,+15.6,+21.1,+17.0,+18.1,+18.7,+19.0,+18.8,+19.0,+19.1
2024-02-08 01:40,3,+16.4,+24.1,+8.5,+9.2,+15.6,+21.1,+16.8,+18.0,+18.6,+19.0,+18.7,+19.0,+19.2
2024-02-08 02:40,3,+16.5,+24.1,+8.5,+9.1,+15.5,+21.1,+16.8,+18.0,+18.6,+19.0,+18.8,+19.0,+19.1
2024-02-08 03:40,3,+16.5,+24.2,+8.5,+9.1,+15.5,+21.1,+16.8,+17.8,+18.6,+19.0,+18.7,+19.0,+19.1
2024-02-08 04:40,3,+16.5,+24.1,+8.5,+9.1,+15.5,+21.1,+16.8,+18.0,+18.6,+19.0,+18.8,+19.0,+19.2
2024-02-08 05:40,3,+16.5,+24.1,+8.5,+9.2,+15.6,+21.1,+16.8,+17.8,+18.5,+19.0,+18.8,+19.0,+19.2
2024-02-08 06:40,3,+16.7,+24.1,+8.5,+9.1,+15.5,+21.1,+16.7,+17.8,+18.5,+19.0,+18.8,+19.0,+19.1
2024-02-08 07:40,3,+16.8,+24.1,+8.5,+9.1,+15.5,+21.1,+16.8,+17.8,+18.5,+19.0,+18.8,+19.0,+19.2
2024-02-08 08:40,3,+16.7,+24.1,+8.5,+9.1,+15.5,+21.1,+16.8,+17.8,+18.5,+19.0,+18.8,+19.0,+19.1
2024-02-08 09:40,3,+16.7,+24.1,+8.5,+9.2,+15.6,+21.1,+16.8,+17.8,+18.5,+19.0,+18.7,+19.0,+19.2
2024-02-08 10:40,3,+16.7,+24.1,+8.5,+9.2,+15.6,+21.1,+17.0,+17.7,+18.5,+18.8,+18.8,+19.0,+19.1
2024-02-08 11:40,3,+16.6,+24.1,+8.4,+9.2,+15.5,+21.1,+17.1,+17.8,+18.5,+19.0,+18.8,+19.0,+19.1
2024-02-08 12:40,3,+16.6,+24.0,+8.4,+9.1,+15.5,+21.1,+17.2,+17.7,+18.3,+18.8,+18.8,+19.0,+19.1
2024-02-08 13:40,3,+16.6,+24.0,+8.4,+9.2,+15.5,+21.1,+17.3,+17.8,+18.3,+19.0,+18.7,+19.0,+19.1
2024-02-08 14:40,3,+16.5,+23.9,+8.4,+9.2,+15.5,+21.1,+17.6,+17.8,+18.3,+18.8,+18.8,+19.0,+19.2
2024-02-08 15:40,3,+16.2,+23.9,+8.4,+9.2,+15.5,+21.1,+18.5,+18.0,+18.3,+18.8,+18.7,+19.0,+19.1
2024-02-08 16:40,3,+16.2,+23.8,+8.4,+9.1,+15.5,+21.1,+18.3,+18.0,+18.3,+18.8,+18.8,+19.0,+19.1
2024-02-08 17:40,3,+16.1,+23.8,+8.4,+9.1,+15.5,+21.1,+18.1,+18.2,+18.5,+18.8,+18.8,+18.8,+19.1
2024-02-08 18:40,3,+16.1,+23.8,+8.4,+9.2,+15.5,+21.1,+18.0,+18.2,+18.5,+18.8,+18.7,+19.0,+19.1
2024-02-08 19:40,3,+16.2,+23.8,+8.4,+9.1,+15.5,+21.1,+17.8,+18.2,+18.3,+18.8,+18.7,+19.0,+19.2
2024-02-08 20:40,3,+16.2,+23.8,+8.4,+9.1,+15.5,+21.1,+17.7,+18.2,+18.3,+18.8,+18.7,+19.0,+19.1
2024-02-08 21:40,3,+16.2,+23.9,+8.4,+9.0,+15.5,+21.1,+17.5,+18.2,+18.5,+18.8,+18.7,+19.0,+19.2
2024-02-08 22:40,3,+16.2,+23.8,+8.4,+9.2,+15.5,+21.1,+17.3,+18.2,+18.5,+18.8,+18.7,+19.0,+19.1
2024-02-08 23:40,3,+16.2,+23.9,+8.4,+9.1,+15.5,+21.1,+17.2,+18.2,+18.5,+18.8,+18.7,+19.0,+19.1
2024-02-09 00:40,3,+16.2,+23.9,+8.4,+9.1,+15.5,+21.1,+17.0,+18.1,+18.5,+18.8,+18.7,+19.0,+19.1
2024-02-09 01:40,3,+16.2,+23.9,+8.4,+9.1,+15.5,+21.1,+16.8,+18.1,+18.5,+18.8,+18.6,+18.8,+19.2
2024-02-09 02:40,3,+16.2,+23.9,+8.4,+9.1,+15.5,+21.1,+16.8,+18.0,+18.6,+18.7,+18.7,+19.0,+19.1
2024-02-09 03:40,3,+16.2,+23.8,+8.3,+9.2,+15.5,+21.1,+16.7,+18.0,+18.5,+18.8,+18.7,+18.8,+19.1
2024-02-09 04:40,3,+16.2,+23.9,+8.4,+9.0,+15.5,+21.1,+16.7,+17.8,+18.5,+18.8,+18.6,+18.8,+19.1
2024-02-09 05:40,3,+16.2,+23.8,+8.4,+9.0,+15.5,+21.1,+16.6,+17.8,+18.5,+18.8,+18.7,+18.8,+19.1
2024-02-09 06:40,3,+16.2,+23.8,+8.3,+9.1,+15.5,+21.1,+16.6,+17.7,+18.5,+18.8,+18.6,+18.8,+19.2
2024-02-09 07:40,3,+16.2,+23.8,+8.4,+9.2,+15.5,+21.1,+16.6,+17.7,+18.3,+18.8,+18.6,+18.8,+19.2
2024-02-09 08:40,3,+16.1,+23.8,+8.4,+9.1,+15.5,+21.1,+16.6,+17.7,+18.3,+18.8,+18.7,+18.8,+19.1
2024-02-09 09:40,3,+16.1,+23.8,+8.3,+9.0,+15.5,+21.1,+16.7,+17.6,+18.3,+18.7,+18.7,+18.8,+19.1
2024-02-09 10:40,3,+16.0,+23.8,+8.3,+9.1,+15.5,+21.1,+16.8,+17.7,+18.2,+18.7,+18.7,+18.8,+19.1
2024-02-09 11:40,3,+15.9,+23.7,+8.3,+9.0,+15.4,+21.1,+17.1,+17.6,+18.3,+18.7,+18.6,+18.8,+19.1
2024-02-09 12:40,3,+15.8,+23.7,+8.3,+9.0,+15.5,+21.1,+17.2,+17.7,+18.2,+18.7,+18.6,+18.8,+19.1
2024-02-09 13:40,3,+15.7,+23.6,+8.3,+9.0,+15.4,+21.1,+17.3,+17.7,+18.2,+18.7,+18.6,+18.8,+19.1
2024-02-09 14:40,3,+15.7,+23.5,+8.3,+9.1,+15.5,+21.1,+18.0,+17.8,+18.2,+18.7,+18.7,+18.8,+19.1
2024-02-09 15:40,3,+15.5,+23.5,+8.3,+9.0,+15.4,+21.1,+19.1,+18.0,+18.2,+18.7,+18.6,+18.8,+19.1
2024-02-09 16:40,3,+12.6,+21.4,+7.5,+8.7,+15.1,+20.8,+18.8,+19.0,+18.8,+19.0,+18.7,+18.8,+19.1
2024-02-09 17:40,3,+12.6,+21.4,+7.5,+8.7,+15.1,+20.8,+18.6,+19.0,+19.0,+19.0,+18.6,+18.8,+19.1
2024-02-09 18:40,3,+12.6,+21.4,+7.5,+8.7,+15.1,+20.8,+18.5,+19.0,+19.0,+19.0,+18.7,+18.8,+19.0
2024-02-09 19:40,3,+12.6,+21.4,+7.5,+8.6,+15.1,+20.8,+18.2,+19.0,+19.0,+19.0,+18.7,+18.8,+19.1
2024-02-09 20:40,3,+12.6,+21.3,+7.5,+8.7,+15.1,+20.8,+18.1,+18.8,+19.0,+19.0,+18.7,+18.8,+19.1
2024-02-09 21:40,3,+12.6,+21.3,+7.5,+8.7,+15.1,+20.8,+18.0,+18.8,+19.0,+19.0,+18.7,+18.8,+19.1
2024-02-09 22:40,3,+12.6,+21.3,+7.5,+8.7,+15.1,+20.8,+18.0,+18.7,+19.0,+19.0,+18.8,+18.8,+19.0
2024-02-09 23:40,3,+12.6,+21.3,+7.5,+8.7,+15.1,+20.8,+17.8,+18.7,+19.0,+19.0,+18.7,+18.8,+19.1
2024-02-10 00:40,3,+12.6,+21.3,+7.5,+8.7,+15.1,+20.8,+17.7,+18.6,+19.0,+19.1,+18.7,+19.0,+19.0
2024-02-10 01:40,3,+12.6,+21.3,+7.5,+8.7,+15.1,+20.8,+17.7,+18.6,+19.0,+19.1,+18.8,+18.8,+19.1
2024-02-10 02:40,3,+12.6,+21.3,+7.5,+8.5,+15.0,+20.8,+17.6,+18.6,+18.8,+19.0,+18.7,+18.8,+19.1
2024-02-10 03:40,3,+12.6,+21.3,+7.5,+8.5,+15.1,+20.7,+17.6,+18.5,+18.8,+19.0,+18.7,+18.8,+19.1
2024-02-10 04:40,3,+12.1,+20.8,+7.3,+8.6,+15.0,+20.7,+19.3,+18.3,+18.7,+19.0,+18.7,+19.0,+19.1
2024-02-10 05:40,3,+12.0,+20.8,+7.3,+8.6,+15.0,+20.7,+19.6,+18.5,+18.7,+19.0,+18.7,+19.0,+19.1
2024-02-10 06:40,3,+12.0,+20.7,+7.3,+8.6,+15.0,+20.7,+19.1,+18.6,+18.6,+19.0,+18.7,+18.8,+19.1
2024-02-10 07:40,3,+12.0,+20.7,+7.3,+8.5,+15.0,+20.7,+18.8,+18.8,+18.7,+19.0,+18.7,+19.0,+19.1
2024-02-10 08:40,3,+12.0,+20.7,+7.3,+8.6,+15.0,+20.7,+18.6,+18.8,+18.7,+19.0,+18.8,+19.0,+19.1
2024-02-10 09:40,3,+12.0,+20.7,+7.3,+8.5,+15.0,+20.7,+18.5,+19.0,+18.8,+19.0,+18.7,+19.0,+19.1
2024-02-10 10:40,3,+12.0,+20.7,+7.3,+8.6,+15.0,+20.7,+18.3,+18.8,+18.8,+19.0,+18.7,+18.8,+19.1
2024-02-10 11:40,3,+12.0,+20.7,+7.2,+8.5,+15.0,+20.7,+18.1,+18.8,+18.8,+19.0,+18.7,+18.8,+19.1
2024-02-10 12:40,3,+12.0,+20.7,+7.2,+8.5,+15.0,+20.7,+18.0,+18.7,+18.8,+19.0,+18.7,+19.0,+19.1
2024-02-10 13:40,3,+12.0,+20.7,+7.2,+8.4,+15.0,+20.7,+18.0,+18.7,+18.8,+19.0,+18.7,+19.0,+19.1
2024-02-10 14:40,3,+12.0,+20.7,+7.2,+8.4,+15.0,+20.7,+17.8,+18.7,+18.8,+19.0,+18.7,+19.0,+19.1
2024-02-10 15:40,3,+12.0,+20.7,+7.2,+8.5,+15.1,+20.7,+17.8,+18.6,+18.8,+19.0,+18.7,+18.8,+19.0
2024-02-10 16:40,3,+12.0,+20.7,+7.2,+8.4,+15.0,+20.7,+17.8,+18.6,+18.8,+19.0,+18.7,+19.0,+19.0
2024-02-10 17:40,3,+12.0,+20.7,+7.2,+8.4,+15.0,+20.7,+17.7,+18.5,+18.8,+19.0,+18.7,+18.8,+19.1
2024-02-10 18:40,3,+12.0,+20.7,+7.2,+8.4,+15.0,+20.7,+17.7,+18.5,+18.8,+19.0,+18.7,+19.0,+19.1
2024-02-10 19:40,3,+11.9,+20.7,+7.2,+8.4,+15.0,+20.6,+17.7,+18.5,+18.7,+19.0,+18.7,+19.0,+19.1
2024-02-10 20:40,3,+12.0,+20.7,+7.2,+8.5,+15.1,+20.7,+17.7,+18.5,+18.8,+19.0,+18.7,+19.0,+19.1
2024-02-10 21:40,3,+12.0,+20.7,+7.2,+8.4,+15.0,+20.7,+17.6,+18.3,+18.7,+19.0,+18.7,+19.0,+19.1
2024-02-10 22:40,3,+12.0,+20.7,+7.2,+8.4,+15.0,+20.7,+17.7,+18.3,+18.7,+19.0,+18.7,+18.8,+19.1
2024-02-10 23:40,3,+12.3,+20.7,+7.2,+8.4,+15.0,+20.7,+17.7,+18.3,+18.7,+19.0,+18.7,+19.0,+19.1
2024-02-11 00:40,3,+12.8,+20.7,+7.2,+8.5,+15.0,+20.7,+17.7,+18.3,+18.7,+19.1,+18.7,+19.0,+19.1
2024-02-11 01:40,3,+12.8,+20.7,+7.2,+8.5,+15.1,+20.7,+17.8,+18.3,+18.7,+19.0,+18.8,+18.8,+19.1
2024-02-11 02:40,3,+12.7,+20.6,+7.2,+8.4,+15.0,+20.7,+17.8,+18.3,+18.7,+19.0,+18.8,+18.8,+19.1
2024-02-11 03:40,3,+12.3,+20.6,+7.2,+8.4,+15.0,+20.7,+18.0,+18.3,+18.7,+19.0,+18.7,+18.8,+19.0
2024-02-11 04:40,3,+14.0,+21.9,+7.2,+8.5,+15.1,+20.7,+18.0,+18.3,+18.7,+19.0,+18.7,+19.0,+19.1
2024-02-11 05:40,3,+14.4,+23.0,+7.5,+8.4,+15.0,+20.7,+18.0,+18.3,+18.7,+19.0,+18.8,+19.0,+19.1
2024-02-11 06:40,3,+14.7,+23.3,+7.6,+8.4,+15.0,+20.7,+17.8,+18.5,+18.7,+19.0,+18.7,+18.8,+19.0
2024-02-11 07:40,3,+14.6,+23.0,+7.6,+8.5,+15.0,+20.7,+17.8,+18.3,+18.7,+19.0,+18.7,+19.0,+19.1
2024-02-11 08:40,3,+13.8,+22.5,+7.6,+8.4,+15.0,+20.7,+17.7,+18.5,+18.7,+19.0,+18.7,+18.8,+19.1
2024-02-11 09:40,3,+13.6,+22.4,+7.6,+8.5,+15.0,+20.7,+17.7,+18.3,+18.7,+19.0,+18.7,+18.8,+19.1
2024-02-11 10:40,3,+13.5,+22.3,+7.6,+8.4,+15.0,+20.6,+17.6,+18.3,+18.6,+19.0,+18.7,+19.0,+19.1
2024-02-11 11:40,3,+13.5,+22.2,+7.6,+8.4,+15.0,+20.7,+17.6,+18.3,+18.7,+19.0,+18.7,+18.8,+19.1
2024-02-11 12:40,3,+13.4,+22.1,+7.6,+8.5,+15.0,+20.7,+17.6,+18.3,+18.7,+19.0,+18.6,+18.8,+19.1
2024-02-11 13:40,3,+13.3,+22.0,+7.5,+8.5,+15.0,+20.7,+17.6,+18.3,+18.7,+19.0,+18.7,+18.8,+19.1
2024-02-11 14:40,3,+13.3,+22.0,+7.5,+8.4,+15.0,+20.7,+17.6,+18.3,+18.7,+19.0,+18.7,+18.8,+19.1
2024-02-11 15:40,3,+13.2,+22.0,+7.5,+8.4,+15.0,+20.6,+17.6,+18.3,+18.7,+19.0,+18.7,+18.8,+19.1
2024-02-11 16:40,3,+13.2,+21.9,+7.5,+8.5,+15.0,+20.7,+17.7,+18.3,+18.7,+18.8,+18.7,+19.0,+19.1
2024-02-11 17:40,3,+13.2,+21.9,+7.5,+8.5,+15.0,+20.7,+17.6,+18.3,+18.6,+18.8,+18.7,+18.8,+19.1
2024-02-11 18:40,3,+13.2,+21.9,+7.5,+8.5,+15.0,+20.7,+17.6,+18.3,+18.6,+19.0,+18.7,+18.8,+19.1
2024-02-11 19:40,3,+13.2,+21.8,+7.5,+8.4,+15.0,+20.7,+17.6,+18.2,+18.7,+19.0,+18.7,+19.0,+19.1
2024-02-11 20:40,3,+13.1,+21.8,+7.5,+8.5,+15.0,+20.7,+17.7,+18.2,+18.6,+18.8,+18.7,+18.8,+19.1
2024-02-11 21:40,3,+13.1,+21.7,+7.5,+8.4,+15.0,+20.7,+17.7,+18.3,+18.6,+19.0,+18.8,+18.8,+19.1
2024-02-11 22:40,3,+13.1,+21.7,+7.5,+8.5,+15.0,+20.7,+17.8,+18.2,+18.6,+18.8,+18.7,+18.8,+19.1
2024-02-11 23:40,3,+13.0,+21.7,+7.5,+8.4,+15.0,+20.6,+18.0,+18.3,+18.6,+18.8,+18.7,+19.0,+19.1
2024-02-12 00:40,3,+13.0,+21.6,+7.4,+8.4,+15.0,+20.7,+18.1,+18.3,+18.6,+18.8,+18.7,+18.8,+19.1
2024-02-12 01:40,3,+13.0,+21.6,+7.4,+8.4,+15.0,+20.6,+18.1,+18.3,+18.6,+18.8,+18.7,+18.8,+19.1
2024-02-12 02:40,3,+12.9,+21.5,+7.4,+8.4,+15.0,+20.7,+18.2,+18.5,+18.6,+18.8,+18.7,+18.8,+19.1
2024-02-12 03:40,3,+12.9,+21.5,+7.4,+8.5,+15.0,+20.7,+18.3,+18.5,+18.6,+18.8,+18.7,+18.8,+19.1
2024-02-12 04:40,3,+12.9,+21.4,+7.4,+8.4,+15.0,+20.6,+18.5,+18.6,+18.6,+18.8,+18.7,+18.8,+19.0
2024-02-12 05:40,3,+12.9,+21.4,+7.4,+8.4,+15.0,+20.6,+18.5,+18.6,+18.7,+18.8,+18.7,+19.0,+19.1
2024-02-12 06:40,3,+12.9,+21.4,+7.4,+8.4,+15.0,+20.6,+18.5,+18.6,+18.7,+18.8,+18.7,+18.8,+19.0
2024-02-12 07:40,3,+12.8,+21.4,+7.4,+8.4,+14.9,+20.6,+18.3,+18.7,+18.7,+19.0,+18.7,+18.8,+19.1
2024-02-12 08:40,3,+12.8,+21.4,+7.4,+8.5,+15.0,+20.7,+18.3,+18.7,+18.7,+18.8,+18.7,+18.8,+19.1
2024-02-12 09:40,3,+12.9,+21.4,+7.4,+8.5,+15.0,+20.7,+18.3,+18.7,+18.7,+19.0,+18.7,+18.8,+19.1
2024-02-12 10:40,3,+12.9,+21.4,+7.4,+8.5,+15.0,+20.7,+18.2,+18.7,+18.7,+18.8,+18.7,+18.8,+19.1
2024-02-12 11:40,3,+12.9,+21.3,+7.4,+8.4,+15.0,+20.6,+18.2,+18.7,+18.7,+19.0,+18.7,+18.8,+19.1
2024-02-12 12:40,3,+12.8,+21.3,+7.4,+8.4,+15.0,+20.6,+18.2,+18.7,+18.7,+18.8,+18.7,+18.8,+19.1
2024-02-12 13:40,3,+12.8,+21.3,+7.4,+8.5,+15.0,+20.7,+18.2,+18.7,+18.7,+19.0,+18.7,+18.8,+19.1
2024-02-12 14:40,3,+12.8,+21.3,+7.3,+8.5,+15.0,+20.7,+18.2,+18.7,+18.8,+19.0,+18.7,+18.8,+19.1
2024-02-12 15:40,3,+12.8,+21.3,+7.4,+8.5,+15.0,+20.7,+18.2,+18.7,+18.8,+19.0,+18.7,+18.8,+19.1
2024-02-12 16:40,3,+12.8,+21.3,+7.4,+8.5,+15.0,+20.7,+18.2,+18.7,+18.8,+19.0,+18.7,+18.8,+19.1
2024-02-12 17:40,3,+12.8,+21.3,+7.4,+8.5,+15.0,+20.7,+18.1,+18.7,+18.8,+19.0,+18.7,+19.0,+19.1
2024-02-12 18:40,3,+12.8,+21.3,+7.3,+8.4,+15.0,+20.6,+18.1,+18.7,+18.8,+19.0,+18.7,+18.8,+19.1
2024-02-12 19:40,3,+12.8,+21.3,+7.3,+8.5,+15.0,+20.7,+18.1,+18.7,+18.8,+19.0,+18.7,+19.0,+19.1
2024-02-12 20:40,3,+12.8,+21.3,+7.3,+8.5,+15.0,+20.7,+18.1,+18.6,+18.8,+19.0,+18.7,+18.8,+19.1
2024-02-12 21:40,3,+12.8,+21.3,+7.3,+8.5,+15.0,+20.7,+18.2,+18.6,+18.8,+19.0,+18.7,+18.8,+19.1
2024-02-12 22:40,3,+12.8,+21.3,+7.3,+8.4,+14.9,+20.6,+18.2,+18.7,+18.8,+19.0,+18.7,+18.8,+19.1
2024-02-12 23:40,3,+12.7,+21.2,+7.3,+8.5,+15.0,+20.7,+18.3,+18.6,+18.8,+19.0,+18.7,+18.8,+19.0
2024-02-13 00:40,3,+12.7,+21.2,+7.3,+8.4,+14.9,+20.6,+18.3,+18.6,+18.8,+19.0,+18.7,+18.8,+19.0
2024-02-13 01:40,3,+12.7,+21.2,+7.3,+8.3,+14.9,+20.6,+18.5,+18.7,+18.8,+19.0,+18.7,+18.8,+19.0
2024-02-13 02:40,3,+12.6,+21.1,+7.3,+8.5,+15.0,+20.7,+18.6,+18.7,+18.7,+19.0,+18.7,+18.8,+19.1
2024-02-13 03:40,3,+12.5,+21.0,+7.2,+8.4,+14.9,+20.6,+19.0,+18.7,+18.8,+19.0,+18.7,+18.8,+19.1
2024-02-13 04:40,3,+12.5,+21.0,+7.2,+8.5,+14.9,+20.6,+19.3,+19.0,+18.8,+19.0,+18.8,+19.0,+19.1
2024-02-13 05:40,3,+12.5,+20.9,+7.2,+8.3,+14.9,+20.6,+19.6,+19.0,+18.8,+19.0,+18.7,+18.8,+19.1
2024-02-13 06:40,3,+12.4,+20.9,+7.2,+8.5,+14.9,+20.6,+19.6,+19.1,+18.8,+19.0,+18.7,+18.8,+19.1
2024-02-13 07:40,3,+12.5,+20.8,+7.2,+8.4,+14.9,+20.7,+19.5,+19.2,+19.0,+19.0,+18.8,+18.8,+19.1
2024-02-13 08:40,3,+12.5,+20.8,+7.2,+8.5,+14.9,+20.6,+19.3,+19.3,+19.0,+19.0,+18.7,+19.0,+19.1
2024-02-13 09:40,3,+12.5,+20.8,+7.2,+8.3,+14.9,+20.6,+19.3,+19.3,+19.0,+19.0,+18.8,+18.8,+19.1
2024-02-13 10:40,3,+12.5,+20.8,+7.2,+8.5,+14.9,+20.6,+19.2,+19.3,+19.0,+19.0,+18.7,+18.8,+19.1
2024-02-13 11:40,3,+12.5,+20.8,+7.2,+8.3,+14.9,+20.6,+19.2,+19.3,+19.1,+19.0,+18.7,+19.0,+19.1
2024-02-13 12:40,3,+12.5,+20.8,+7.2,+8.5,+14.9,+20.6,+19.2,+19.3,+19.1,+19.0,+18.7,+18.8,+19.1
2024-02-13 13:40,3,+12.5,+20.9,+7.2,+8.5,+14.9,+20.6,+19.1,+19.3,+19.2,+19.1,+18.8,+18.8,+19.1
2024-02-13 14:40,3,+12.5,+20.8,+7.2,+8.3,+14.9,+20.6,+19.1,+19.3,+19.2,+19.1,+18.7,+19.0,+19.1
2024-02-13 15:40,3,+12.5,+20.8,+7.2,+8.5,+14.9,+20.6,+19.0,+19.3,+19.2,+19.1,+18.7,+19.0,+19.1
2024-02-13 16:40,3,+12.5,+20.8,+7.2,+8.4,+14.9,+20.6,+19.0,+19.3,+19.2,+19.1,+18.7,+19.0,+19.1
2024-02-13 17:40,3,+12.5,+20.8,+7.2,+8.3,+14.9,+20.6,+19.0,+19.3,+19.2,+19.1,+18.8,+19.0,+19.1
2024-02-13 18:40,3,+12.5,+20.8,+7.2,+8.3,+14.9,+20.6,+18.8,+19.3,+19.2,+19.1,+18.8,+19.0,+19.1
2024-02-13 19:40,3,+12.5,+20.9,+7.2,+8.5,+14.9,+20.6,+18.8,+19.3,+19.2,+19.1,+18.8,+19.0,+19.1
2024-02-13 20:40,3,+12.5,+20.8,+7.2,+8.3,+14.9,+20.6,+18.8,+19.3,+19.2,+19.1,+18.8,+19.0,+19.1
2024-02-13 21:40,3,+12.5,+20.8,+7.2,+8.5,+14.9,+20.6,+19.0,+19.3,+19.2,+19.1,+18.8,+19.0,+19.1
2024-02-13 22:40,3,+12.4,+20.8,+7.2,+8.5,+14.9,+20.6,+19.1,+19.3,+19.2,+19.2,+18.8,+19.0,+19.1
2024-02-13 23:40,3,+12.4,+20.8,+7.2,+8.4,+14.9,+20.6,+19.2,+19.3,+19.2,+19.2,+18.8,+19.0,+19.1
2024-02-14 00:40,3,+12.3,+20.7,+7.2,+8.4,+14.9,+20.6,+19.3,+19.3,+19.2,+19.2,+18.8,+19.0,+19.1
2024-02-14 01:40,3,+12.3,+20.7,+7.2,+8.3,+14.9,+20.6,+19.5,+19.3,+19.2,+19.2,+18.8,+19.0,+19.1
2024-02-14 02:40,3,+12.3,+20.7,+7.2,+8.3,+14.8,+20.6,+19.6,+19.5,+19.2,+19.2,+18.8,+19.0,+19.1
2024-02-14 03:40,3,+12.2,+20.6,+7.1,+8.3,+14.8,+20.6,+19.8,+19.5,+19.2,+19.2,+18.8,+19.0,+19.1
2024-02-14 04:40,3,+12.2,+20.5,+7.1,+8.4,+14.9,+20.6,+20.5,+19.6,+19.3,+19.2,+18.8,+19.0,+19.2
2024-02-14 05:40,3,(Error)