
2023-08-03 10:27,4,+5.4,+5.2,+8.2,+9.2,+13.0,+10.8,+18.8,+19.2,+18.8,+19.2,+19.0,+19.0,+18.7
2023-08-03 11:27,4,+5.5,+5.4,+8.3,+9.3,+13.1,+11.0,+18.6,+19.0,+18.6,+19.1,+19.0,+18.8,+18.6
2023-08-03 12:27,4,+5.6,+5.5,+8.4,+9.2,+13.1,+11.0,+18.7,+18.8,+18.6,+19.1,+19.0,+18.8,+18.6
2023-08-03 13:27,4,+5.6,+5.5,+8.4,+9.2,+13.1,+11.0,+18.8,+18.8,+18.6,+19.0,+19.0,+18.8,+18.6
2023-08-03 14:27,4,+5.6,+5.5,+8.4,+9.4,+13.2,+11.0,+18.8,+19.0,+18.6,+19.0,+19.0,+18.8,+18.6
2023-08-03 15:27,4,+5.6,+5.6,+8.4,+9.3,+13.2,+11.0,+18.8,+19.0,+18.5,+19.0,+19.0,+18.8,+18.6
2023-08-03 16:27,4,+5.7,+5.6,+8.4,+9.3,+13.2,+11.0,+19.0,+19.0,+18.5,+19.0,+19.0,+18.8,+18.6
2023-08-03 17:27,4,+5.7,+5.6,+8.4,+9.3,+13.2,+11.0,+19.0,+19.0,+18.6,+19.1,+18.8,+18.8,+18.6
2023-08-03 18:27,4,+5.7,+5.6,+8.4,+9.4,+13.3,+11.1,+19.1,+19.0,+18.6,+19.1,+18.8,+18.8,+18.6
2023-08-03 19:27,4,+5.7,+5.6,+8.4,+9.5,+13.3,+11.1,+19.0,+19.1,+18.6,+19.0,+18.8,+18.7,+18.6
2023-08-03 20:27,4,+5.7,+5.7,+8.5,+9.5,+13.3,+11.1,+19.1,+19.1,+18.6,+19.0,+18.8,+18.8,+18.6
2023-08-03 21:27,4,+5.8,+5.7,+8.5,+9.4,+13.3,+11.1,+19.1,+19.1,+18.6,+19.0,+18.8,+18.8,+18.6
2023-08-03 22:27,4,+5.9,+5.7,+8.5,+9.5,+13.3,+11.1,+19.0,+19.1,+18.6,+19.1,+18.8,+18.8,+18.6
2023-08-03 23:27,4,+5.9,+5.7,+8.5,+9.4,+13.3,+11.1,+18.8,+19.1,+18.5,+19.0,+18.8,+18.8,+18.6
2023-08-04 00:27,4,+5.9,+5.7,+8.5,+9.6,+13.4,+11.1,+18.8,+19.1,+18.6,+19.0,+18.8,+18.8,+18.7
2023-08-04 01:27,4,+5.9,+5.7,+8.6,+9.4,+13.3,+11.1,+18.7,+19.0,+18.6,+19.0,+18.8,+18.8,+18.6
2023-08-04 02:27,4,+5.9,+5.8,+8.6,+9.5,+13.3,+11.1,+18.7,+19.0,+18.6,+19.0,+18.8,+18.7,+18.6
2023-08-04 03:27,4,+6.0,+5.8,+8.6,+9.6,+13.4,+11.1,+18.7,+19.0,+18.6,+19.0,+18.8,+18.7,+18.6
2023-08-04 04:27,4,+6.0,+5.8,+8.6,+9.6,+13.4,+11.1,+18.6,+19.0,+18.6,+19.0,+18.8,+18.8,+18.6
2023-08-04 05:27,4,+6.0,+5.8,+8.6,+9.6,+13.4,+11.2,+18.6,+19.0,+18.6,+19.0,+18.8,+18.8,+18.6
2023-08-04 06:27,4,+6.1,+5.8,+8.6,+9.5,+13.4,+11.1,+18.7,+19.0,+18.6,+19.0,+18.8,+18.7,+18.6
2023-08-04 07:27,4,+6.2,+5.8,+8.6,+9.6,+13.4,+11.2,+18.7,+19.0,+18.6,+19.0,+18.8,+18.8,+18.6
2023-08-04 08:27,4,+6.3,+5.8,+8.6,+9.7,+13.4,+11.2,+18.7,+18.8,+18.6,+19.0,+18.8,+18.8,+18.6
2023-08-04 09:27,4,+6.3,+5.8,+8.6,+9.6,+13.4,+11.1,+18.6,+19.0,+18.5,+19.0,+18.8,+18.8,+18.6
2023-08-04 10:27,4,+6.4,+5.9,+8.7,+9.6,+13.4,+11.2,+18.7,+19.0,+18.5,+19.0,+18.8,+18.8,+18.6
2023-08-04 11:27,4,+6.4,+5.9,+8.7,+9.7,+13.5,+11.2,+18.7,+18.8,+18.5,+19.0,+18.8,+18.8,+18.6
2023-08-04 12:27,4,+6.4,+5.9,+8.7,+9.7,+13.5,+11.2,+18.8,+19.0,+18.5,+19.0,+18.8,+18.8,+18.6
2023-08-04 13:27,4,+6.4,+5.9,+8.7,+9.6,+13.4,+11.2,+19.0,+19.0,+18.5,+19.0,+19.0,+18.8,+18.6
2023-08-04 14:27,4,+6.4,+5.9,+8.7,+9.7,+13.5,+11.2,+19.2,+19.0,+18.6,+19.0,+18.8,+18.8,+18.6
2023-08-04 15:27,4,+6.4,+5.9,+8.7,+9.6,+13.5,+11.2,+19.2,+19.1,+18.5,+19.1,+18.8,+18.8,+18.6
2023-08-04 16:27,4,+6.4,+5.9,+8.7,+9.7,+13.5,+11.2,+19.2,+19.1,+18.6,+19.0,+18.8,+18.7,+18.6
2023-08-04 17:27,4,+6.4,+5.9,+8.7,+9.6,+13.5,+11.2,+19.1,+19.2,+18.6,+19.0,+18.8,+18.8,+18.7
2023-08-04 18:27,4,+6.4,+6.0,+8.7,+9.6,+13.5,+11.2,+19.2,+19.2,+18.6,+19.1,+18.8,+18.7,+18.6
2023-08-04 19:27,4,+6.4,+6.0,+8.7,+9.6,+13.5,+11.2,+19.1,+19.2,+18.6,+19.0,+18.8,+18.7,+18.6
2023-08-04 20:27,4,+6.4,+6.0,+8.7,+9.7,+13.6,+11.3,+19.0,+19.2,+18.6,+19.0,+18.8,+18.8,+18.6
2023-08-04 21:27,4,+6.4,+6.0,+8.7,+9.8,+13.6,+11.3,+19.0,+19.2,+18.6,+19.0,+18.8,+18.8,+18.6
2023-08-04 22:27,4,+6.4,+6.0,+8.7,+9.8,+13.6,+11.3,+19.0,+19.1,+18.6,+19.0,+18.8,+18.8,+18.7
2023-08-04 23:27,4,+6.5,+6.0,+8.7,+9.7,+13.6,+11.3,+19.0,+19.1,+18.6,+19.0,+18.8,+18.8,+18.6
2023-08-05 00:27,4,+8.8,+7.0,+8.8,+9.7,+13.6,+11.3,+18.8,+19.1,+18.6,+19.0,+18.8,+18.7,+18.6
2023-08-05 01:27,4,+8.2,+7.0,+8.8,+9.7,+13.6,+11.3,+18.7,+19.1,+18.7,+19.0,+19.0,+18.7,+18.6
2023-08-05 02:27,4,+8.1,+7.0,+8.9,+9.7,+13.6,+11.3,+18.7,+19.0,+18.6,+19.0,+18.8,+18.8,+18.6
2023-08-05 03:27,4,+8.0,+7.0,+8.9,+9.8,+13.6,+11.3,+18.6,+19.1,+18.6,+19.0,+18.8,+18.8,+18.6
2023-08-05 04:27,4,+7.9,+6.9,+9.0,+9.7,+13.6,+11.3,+18.6,+19.0,+18.6,+19.0,+18.8,+18.7,+18.6
2023-08-05 05:27,4,+7.8,+6.9,+9.0,+9.7,+13.6,+11.3,+18.6,+19.0,+18.6,+19.0,+18.8,+18.7,+18.7
2023-08-05 06:27,4,+7.8,+6.9,+9.1,+9.9,+13.7,+11.3,+18.5,+19.0,+18.6,+19.0,+18.8,+18.8,+18.6
2023-08-05 07:27,4,+7.9,+6.9,+9.1,+9.9,+13.7,+11.3,+18.5,+18.8,+18.6,+19.0,+18.8,+18.8,+18.6
2023-08-05 08:27,4,+7.9,+6.9,+9.2,+9.8,+13.6,+11.3,+18.5,+18.8,+18.6,+19.0,+18.8,+18.8,+18.6
2023-08-05 09:27,4,+7.9,+6.9,+9.2,+9.8,+13.6,+11.3,+18.5,+18.8,+18.6,+19.0,+18.8,+18.8,+18.6
2023-08-05 10:27,4,+7.9,+6.9,+9.2,+9.8,+13.7,+11.3,+18.5,+18.8,+18.5,+19.0,+18.8,+18.8,+18.6
2023-08-05 11:27,4,+7.9,+7.0,+9.2,+10.0,+13.7,+11.4,+18.6,+18.8,+18.5,+19.0,+18.8,+18.8,+18.6
2023-08-05 12:27,4,+7.8,+7.0,+9.2,+9.8,+13.7,+11.3,+18.7,+18.8,+18.6,+19.0,+18.8,+18.7,+18.6
2023-08-05 13:27,4,+7.8,+6.9,+9.2,+9.8,+13.7,+11.3,+18.8,+18.8,+18.5,+19.0,+18.8,+18.8,+18.6
2023-08-05 14:27,4,+7.8,+6.9,+9.3,+9.8,+13.7,+11.3,+18.8,+18.8,+18.6,+19.0,+18.8,+18.8,+18.7
2023-08-05 15:27,4,+7.7,+6.9,+9.3,+9.9,+13.7,+11.3,+18.8,+19.0,+18.5,+19.1,+18.8,+18.7,+18.6
2023-08-05 16:27,4,+7.7,+6.9,+9.3,+9.9,+13.7,+11.3,+19.0,+19.0,+18.6,+19.0,+18.8,+18.8,+18.7
2023-08-05 17:27,4,+7.7,+6.9,+9.3,+9.9,+13.7,+11.4,+18.8,+19.1,+18.6,+19.1,+18.8,+18.8,+18.6
2023-08-05 18:27,4,+7.7,+6.9,+9.4,+10.1,+13.8,+11.4,+18.8,+19.0,+18.5,+19.0,+18.8,+18.8,+18.7
2023-08-05 19:27,4,+7.6,+6.9,+9.4,+10.0,+13.7,+11.4,+18.7,+19.0,+18.5,+19.0,+18.8,+18.8,+18.6
2023-08-05 20:27,4,+7.6,+6.9,+9.4,+10.0,+13.7,+11.4,+18.7,+19.0,+18.6,+19.0,+19.0,+18.7,+18.6
2023-08-05 21:27,4,+7.6,+6.9,+9.4,+10.1,+13.8,+11.4,+18.7,+19.0,+18.5,+19.0,+18.8,+18.7,+18.6
2023-08-05 22:27,4,+7.6,+6.9,+9.4,+10.0,+13.8,+11.4,+18.6,+19.0,+18.5,+19.0,+18.8,+18.7,+18.7
2023-08-05 23:27,4,+7.6,+6.9,+9.4,+10.0,+13.8,+11.4,+18.5,+18.8,+18.6,+19.0,+18.8,+18.8,+18.6
2023-08-06 00:27,4,+7.6,+6.9,+9.4,+10.1,+13.8,+11.4,+18.5,+18.8,+18.5,+19.0,+18.8,+18.8,+18.6
2023-08-06 01:27,4,+7.6,+6.9,+9.4,+10.1,+13.8,+11.4,+18.3,+18.8,+18.6,+19.0,+18.8,+18.8,+18.6
2023-08-06 02:27,4,+7.6,+6.9,+9.4,+10.1,+13.9,+11.4,+18.5,+18.8,+18.6,+19.0,+18.8,+18.8,+18.6
2023-08-06 03:27,4,+7.7,+6.9,+9.5,+10.1,+13.9,+11.4,+18.3,+18.8,+18.5,+19.0,+18.8,+18.8,+18.6
2023-08-06 04:27,4,+8.1,+6.9,+9.5,+10.3,+13.9,+11.5,+18.5,+18.8,+18.5,+19.0,+18.8,+18.8,+18.6
2023-08-06 05:27,4,+8.1,+6.9,+9.5,+10.2,+13.9,+11.4,+18.3,+18.8,+18.5,+19.0,+18.8,+18.8,+18.6
2023-08-06 06:27,4,+8.1,+7.0,+9.5,+10.2,+13.9,+11.5,+18.3,+18.7,+18.5,+19.0,+18.8,+18.8,+18.6
2023-08-06 07:27,4,+8.2,+7.0,+9.6,+10.2,+13.9,+11.5,+18.2,+18.8,+18.5,+19.0,+18.8,+18.8,+18.6
2023-08-06 08:27,4,+8.4,+7.1,+9.6,+10.3,+14.0,+11.5,+18.2,+18.7,+18.3,+19.0,+18.8,+18.8,+18.6
2023-08-06 09:27,4,+8.6,+7.1,+9.6,+10.3,+14.0,+11.5,+18.2,+18.7,+18.5,+19.0,+18.8,+18.7,+18.6
2023-08-06 10:27,4,+8.7,+7.3,+9.7,+10.3,+14.0,+11.5,+18.3,+18.7,+18.5,+19.0,+18.8,+18.8,+18.6
2023-08-06 11:27,4,+8.5,+7.3,+9.7,+10.2,+14.0,+11.5,+18.2,+18.6,+18.5,+19.0,+18.8,+18.8,+18.6
2023-08-06 12:27,4,+8.5,+7.4,+9.7,+10.3,+14.1,+11.6,+18.2,+18.6,+18.5,+19.0,+18.8,+18.8,+18.7
2023-08-06 13:27,4,+8.3,+7.3,+9.7,+10.2,+14.1,+11.6,+18.3,+18.6,+18.5,+19.0,+18.8,+18.8,+18.7
2023-08-06 14:27,4,+8.2,+7.3,+9.7,+10.3,+14.1,+11.6,+18.3,+18.6,+18.3,+19.0,+18.8,+18.8,+18.6
2023-08-06 15:27,4,+8.2,+7.3,+9.7,+10.4,+14.1,+11.6,+18.5,+18.7,+18.3,+19.0,+18.8,+18.8,+18.6
2023-08-06 16:27,4,+8.2,+7.3,+9.7,+10.3,+14.1,+11.6,+18.5,+18.7,+18.3,+19.0,+18.8,+18.8,+18.6
2023-08-06 17:27,4,+8.1,+7.3,+9.8,+10.4,+14.1,+11.6,+18.5,+18.7,+18.3,+18.8,+18.8,+18.8,+18.7
2023-08-06 18:27,4,+8.1,+7.3,+9.8,+10.4,+14.1,+11.6,+18.3,+18.7,+18.5,+19.0,+18.8,+18.7,+18.6
2023-08-06 19:27,4,+8.0,+7.3,+9.8,+10.4,+14.2,+11.6,+18.3,+18.7,+18.3,+19.0,+18.8,+18.7,+18.6
2023-08-06 20:27,4,+8.0,+7.2,+9.8,+10.4,+14.2,+11.6,+18.3,+18.7,+18.5,+19.0,+18.8,+18.8,+18.6
2023-08-06 21:27,4,+8.0,+7.2,+9.9,+10.3,+14.1,+11.6,+18.3,+18.6,+18.3,+19.0,+18.8,+18.8,+18.6
2023-08-06 22:27,4,+8.0,+7.2,+9.9,+10.4,+14.1,+11.6,+18.3,+18.6,+18.3,+18.8,+18.8,+18.8,+18.6
2023-08-06 23:27,4,+8.0,+7.2,+9.9,+10.5,+14.2,+11.7,+18.1,+18.6,+18.3,+18.8,+18.8,+18.8,+18.6
2023-08-07 00:27,4,+8.0,+7.2,+9.9,+10.4,+14.2,+11.7,+18.2,+18.6,+18.3,+19.0,+18.8,+18.7,+18.6
2023-08-07 01:27,4,+7.9,+7.2,+9.9,+10.5,+14.2,+11.7,+18.2,+18.6,+18.3,+19.0,+18.8,+18.8,+18.7
2023-08-07 02:27,4,+7.9,+7.2,+9.9,+10.4,+14.2,+11.7,+18.2,+18.6,+18.3,+19.0,+18.8,+18.7,+18.6
2023-08-07 03:27,4,+7.9,+7.2,+9.9,+10.4,+14.2,+11.7,+18.2,+18.6,+18.3,+18.8,+18.8,+18.7,+18.6
2023-08-07 04:27,4,+7.9,+7.2,+9.9,+10.5,+14.3,+11.7,+18.2,+18.5,+18.3,+18.8,+18.8,+18.8,+18.6
2023-08-07 05:27,4,+7.8,+7.2,+9.9,+10.4,+14.2,+11.7,+18.2,+18.5,+18.3,+19.0,+18.8,+18.8,+18.6
2023-08-07 06:27,4,+7.8,+7.2,+9.9,+10.6,+14.3,+11.8,+18.3,+18.6,+18.3,+18.8,+18.8,+18.8,+18.6
2023-08-07 07:27,4,+7.8,+7.2,+10.0,+10.4,+14.3,+11.8,+18.3,+18.6,+18.3,+18.8,+18.8,+18.7,+18.6
2023-08-07 08:27,4,+7.8,+7.2,+10.0,+10.6,+14.3,+11.8,+18.3,+18.6,+18.3,+18.8,+18.8,+18.7,+18.6
2023-08-07 09:27,4,+7.8,+7.2,+10.0,+10.6,+14.4,+11.8,+18.3,+18.6,+18.2,+18.8,+18.8,+18.7,+18.7
2023-08-07 10:27,4,+7.8,+7.2,+10.0,+10.6,+14.4,+11.8,+18.5,+18.6,+18.3,+18.8,+18.8,+18.7,+18.6
2023-08-07 11:27,4,+10.4,+7.7,+10.0,+10.5,+14.3,+11.8,+18.3,+18.6,+18.3,+18.8,+18.8,+18.7,+18.7
2023-08-07 12:27,4,+10.0,+8.0,+10.0,+10.5,+14.3,+11.8,+18.3,+18.6,+18.3,+18.8,+18.8,+18.7,+18.6
2023-08-07 13:27,4,+9.3,+7.9,+10.1,+10.7,+14.4,+11.9,+18.3,+18.6,+18.2,+18.8,+18.8,+18.7,+18.6
2023-08-07 14:27,4,+9.0,+7.9,+10.2,+10.5,+14.4,+11.9,+18.2,+18.6,+18.2,+18.8,+18.8,+18.7,+18.7
2023-08-07 15:27,4,+8.9,+7.8,+10.3,+10.6,+14.4,+11.9,+18.2,+18.6,+18.2,+18.8,+18.8,+18.7,+18.6
2023-08-07 16:27,4,+8.8,+7.8,+10.4,+10.6,+14.4,+11.9,+18.2,+18.6,+18.3,+18.8,+18.8,+18.7,+18.6
2023-08-07 17:27,4,+8.7,+7.7,+10.4,+10.8,+14.4,+11.9,+18.1,+18.6,+18.3,+18.8,+18.8,+18.7,+18.7
2023-08-07 18:27,4,+8.7,+7.7,+10.4,+10.8,+14.5,+12.0,+18.0,+18.5,+18.2,+18.8,+18.8,+18.7,+18.6
2023-08-07 19:27,4,+8.7,+7.7,+10.4,+10.7,+14.4,+11.9,+18.0,+18.5,+18.3,+18.8,+18.7,+18.7,+18.6
2023-08-07 20:27,4,+8.6,+7.6,+10.4,+10.7,+14.5,+12.0,+18.0,+18.5,+18.2,+18.8,+18.8,+18.7,+18.6
2023-08-07 21:27,4,+8.6,+7.6,+10.4,+10.8,+14.5,+12.0,+17.8,+18.5,+18.2,+18.8,+18.8,+18.7,+18.7
2023-08-07 22:27,4,+8.5,+7.6,+10.4,+10.9,+14.6,+12.0,+17.8,+18.3,+18.2,+18.8,+18.8,+18.7,+18.6
2023-08-07 23:27,4,+8.5,+7.5,+10.4,+10.9,+14.7,+12.1,+17.7,+18.3,+18.2,+18.8,+18.7,+18.7,+18.6
2023-08-08 00:27,4,+8.5,+7.5,+10.4,+10.8,+14.7,+12.1,+17.7,+18.3,+18.2,+18.8,+18.8,+18.7,+18.6
2023-08-08 01:27,4,+8.4,+7.5,+10.4,+10.8,+14.7,+12.1,+17.6,+18.2,+18.2,+18.8,+18.7,+18.7,+18.6
2023-08-08 02:27,4,+8.4,+7.5,+10.4,+11.0,+14.8,+12.2,+17.6,+18.2,+18.1,+18.8,+18.8,+18.7,+18.6
2023-08-08 03:27,4,+8.4,+7.5,+10.4,+11.0,+14.8,+12.2,+17.6,+18.2,+18.2,+18.8,+18.8,+18.7,+18.6
2023-08-08 04:27,4,+8.3,+7.5,+10.4,+10.9,+14.8,+12.2,+17.6,+18.2,+18.1,+18.8,+18.8,+18.7,+18.6
2023-08-08 05:27,4,+8.3,+7.5,+10.4,+10.9,+14.8,+12.3,+17.6,+18.1,+18.1,+18.8,+18.8,+18.7,+18.6
2023-08-08 06:27,4,+8.3,+7.4,+10.4,+10.9,+14.8,+12.3,+17.6,+18.1,+18.1,+18.7,+18.7,+18.7,+18.6
2023-08-08 07:27,4,+8.3,+7.4,+10.4,+10.9,+14.8,+12.4,+17.6,+18.1,+18.1,+18.8,+18.8,+18.7,+18.6
2023-08-08 08:27,4,+8.2,+7.4,+10.4,+11.0,+14.9,+12.5,+17.8,+18.1,+18.1,+18.7,+18.8,+18.7,+18.6
2023-08-08 09:27,4,+8.2,+7.4,+10.4,+10.9,+14.8,+12.5,+17.8,+18.1,+18.1,+18.7,+18.7,+18.7,+18.6
2023-08-08 10:27,4,+8.2,+7.4,+10.4,+11.0,+14.9,+12.6,+18.1,+18.2,+18.1,+18.7,+18.8,+18.7,+18.6
2023-08-08 11:27,4,+8.2,+7.4,+10.4,+11.0,+14.9,+12.6,+18.2,+18.2,+18.1,+18.7,+18.7,+18.7,+18.6
2023-08-08 12:27,4,+8.2,+7.4,+10.4,+10.9,+14.9,+12.6,+18.2,+18.2,+18.1,+18.7,+18.7,+18.7,+18.6
2023-08-08 13:27,4,+8.2,+7.4,+10.4,+10.9,+14.8,+12.7,+18.2,+18.3,+18.0,+18.7,+18.7,+18.7,+18.6
2023-08-08 14:27,4,+8.4,+7.4,+10.4,+11.0,+14.9,+12.8,+18.2,+18.3,+18.1,+18.7,+18.7,+18.7,+18.6
2023-08-08 15:27,4,+9.1,+7.4,+10.4,+11.0,+14.9,+12.8,+18.1,+18.3,+18.1,+18.7,+18.7,+18.7,+18.6
2023-08-08 16:27,4,+9.1,+7.5,+10.4,+11.0,+14.9,+12.8,+18.0,+18.3,+18.1,+18.7,+18.7,+18.7,+18.6
2023-08-08 17:27,4,+9.1,+7.5,+10.4,+10.9,+14.9,+12.8,+17.8,+18.3,+18.1,+18.7,+18.7,+18.7,+18.6
2023-08-08 18:27,4,+9.1,+7.5,+10.4,+10.9,+14.9,+12.8,+17.7,+18.3,+18.1,+18.7,+18.7,+18.6,+18.6
2023-08-08 19:27,4,+9.0,+7.6,+10.4,+10.9,+14.9,+12.9,+17.7,+18.2,+18.1,+18.7,+18.7,+18.7,+18.6
2023-08-08 20:27,4,+8.9,+7.6,+10.4,+11.0,+14.9,+12.9,+17.7,+18.2,+18.1,+18.7,+18.7,+18.7,+18.6
2023-08-08 21:27,4,+8.9,+7.6,+10.4,+11.0,+14.9,+12.9,+17.7,+18.2,+18.1,+18.7,+18.7,+18.7,+18.6
2023-08-08 22:27,4,+8.9,+7.6,+10.4,+11.0,+14.9,+12.9,+17.6,+18.2,+18.0,+18.7,+18.7,+18.7,+18.6
2023-08-08 23:27,4,+8.8,+7.6,+10.5,+11.0,+15.0,+12.9,+17.6,+18.1,+18.1,+18.7,+18.7,+18.6,+18.6
2023-08-09 00:27,4,+8.8,+7.6,+10.5,+10.9,+14.9,+12.9,+17.5,+18.1,+18.0,+18.6,+18.7,+18.6,+18.6
2023-08-09 01:27,4,+8.8,+7.6,+10.5,+10.9,+14.9,+12.9,+17.6,+18.1,+18.0,+18.7,+18.7,+18.7,+18.6
2023-08-09 02:27,4,+8.7,+7.6,+10.5,+11.0,+15.0,+12.9,+17.5,+18.1,+18.0,+18.7,+18.7,+18.6,+18.5
2023-08-09 03:27,4,+8.7,+7.6,+10.5,+11.0,+15.0,+13.0,+17.5,+18.1,+18.0,+18.7,+18.6,+18.6,+18.5
2023-08-09 04:27,4,+8.7,+7.6,+10.5,+11.0,+15.0,+13.0,+17.5,+18.0,+18.0,+18.7,+18.7,+18.6,+18.5
2023-08-09 05:27,4,+8.7,+7.6,+10.5,+11.0,+15.0,+13.0,+17.5,+18.0,+18.0,+18.6,+18.6,+18.6,+18.6
2023-08-09 06:27,4,+8.7,+7.6,+10.5,+11.1,+15.0,+13.0,+17.5,+18.0,+18.0,+18.6,+18.7,+18.6,+18.6
2023-08-09 07:27,4,+8.7,+7.5,+10.5,+11.1,+15.0,+13.0,+17.5,+18.0,+18.0,+18.6,+18.7,+18.6,+18.5
2023-08-09 08:27,4,+8.6,+7.5,+10.5,+10.9,+14.9,+12.9,+17.5,+18.0,+17.8,+18.6,+18.7,+18.6,+18.5
2023-08-09 09:27,4,+8.6,+7.5,+10.5,+10.9,+14.9,+12.9,+17.7,+18.0,+18.0,+18.6,+18.6,+18.7,+18.5
2023-08-09 10:27,4,+8.6,+7.5,+10.5,+10.9,+14.9,+12.9,+17.8,+18.0,+17.8,+18.6,+18.7,+18.6,+18.6
2023-08-09 11:27,4,+8.5,+7.5,+10.5,+10.9,+14.9,+12.9,+18.0,+18.1,+17.8,+18.6,+18.6,+18.6,+18.5
2023-08-09 12:27,4,+8.5,+7.5,+10.5,+11.1,+15.0,+13.0,+18.2,+18.1,+18.0,+18.6,+18.6,+18.6,+18.5
2023-08-09 13:27,4,+8.5,+7.5,+10.5,+10.9,+14.9,+12.9,+18.3,+18.2,+18.0,+18.6,+18.6,+18.6,+18.5
2023-08-09 14:27,4,+8.5,+7.5,+10.5,+11.1,+15.0,+13.0,+18.6,+18.3,+17.8,+18.6,+18.6,+18.6,+18.5
2023-08-09 15:27,4,+8.5,+7.5,+10.5,+10.9,+14.9,+12.9,+18.6,+18.5,+18.0,+18.6,+18.6,+18.6,+18.5
2023-08-09 16:27,4,+8.5,+7.5,+10.5,+11.0,+14.9,+12.9,+18.7,+18.5,+18.0,+18.6,+18.6,+18.6,+18.5
2023-08-09 17:27,4,+8.4,+7.5,+10.5,+11.1,+15.0,+13.0,+18.7,+18.6,+18.0,+18.6,+18.6,+18.6,+18.5
2023-08-09 18:27,4,+8.4,+7.5,+10.5,+11.0,+14.9,+12.9,+18.7,+18.6,+18.0,+18.6,+18.6,+18.6,+18.5
2023-08-09 19:27,4,+8.4,+7.5,+10.6,+11.0,+14.9,+12.9,+18.7,+18.6,+18.0,+18.6,+18.6,+18.6,+18.5
2023-08-09 20:27,4,+8.4,+7.5,+10.6,+11.0,+15.0,+12.9,+18.7,+18.6,+18.1,+18.6,+18.6,+18.6,+18.5
2023-08-09 21:27,4,+8.4,+7.6,+10.6,+11.0,+15.0,+12.9,+18.7,+18.7,+18.1,+18.6,+18.6,+18.6,+18.5
2023-08-09 22:27,4,+8.4,+7.6,+10.6,+11.0,+15.0,+12.9,+18.7,+18.7,+18.1,+18.6,+18.6,+18.6,+18.6
2023-08-09 23:27,4,+8.4,+7.6,+10.6,+11.0,+15.0,+12.9,+18.6,+18.7,+18.1,+18.6,+18.6,+18.6,+18.5
2023-08-10 00:27,4,+8.4,+7.6,+10.6,+11.0,+15.0,+12.9,+18.6,+18.6,+18.2,+18.6,+18.6,+18.6,+18.5
2023-08-10 01:27,4,+8.4,+7.6,+10.6,+11.0,+15.0,+12.9,+18.6,+18.7,+18.1,+18.6,+18.6,+18.6,+18.5
2023-08-10 02:27,4,+8.4,+7.6,+10.6,+11.1,+15.0,+12.9,+18.5,+18.6,+18.2,+18.6,+18.6,+18.6,+18.5
2023-08-10 03:27,4,+8.4,+7.6,+10.6,+11.0,+15.0,+12.9,+18.5,+18.6,+18.2,+18.6,+18.6,+18.6,+18.5
2023-08-10 04:27,4,+8.4,+7.6,+10.7,+11.1,+15.0,+12.9,+18.5,+18.6,+18.2,+18.6,+18.6,+18.6,+18.5
2023-08-10 05:27,4,+8.4,+7.6,+10.7,+11.0,+15.0,+12.9,+18.3,+18.6,+18.1,+18.6,+18.6,+18.6,+18.5
2023-08-10 06:27,4,+8.4,+7.6,+10.7,+11.1,+15.0,+12.9,+18.3,+18.6,+18.1,+18.6,+18.6,+18.6,+18.5
2023-08-10 07:27,4,+8.4,+7.6,+10.7,+11.0,+15.0,+12.9,+18.3,+18.6,+18.1,+18.6,+18.6,+18.6,+18.6
2023-08-10 08:27,4,+8.4,+7.6,+10.7,+11.1,+15.0,+12.9,+18.5,+18.6,+18.2,+18.7,+18.6,+18.6,+18.5
2023-08-10 09:27,4,+8.3,+7.6,+10.7,+11.1,+15.0,+12.9,+18.5,+18.6,+18.2,+18.7,+18.6,+18.6,+18.5
2023-08-10 10:27,4,+8.3,+7.6,+10.7,+11.0,+15.0,+12.9,+18.7,+18.6,+18.2,+18.6,+18.6,+18.6,+18.5
2023-08-10 11:27,4,+8.3,+7.6,+10.7,+11.0,+15.0,+12.9,+18.7,+18.7,+18.2,+18.6,+18.6,+18.6,+18.5
2023-08-10 12:27,4,+8.3,+7.6,+10.7,+11.0,+15.0,+12.9,+18.8,+18.7,+18.2,+18.7,+18.6,+18.6,+18.5
2023-08-10 13:27,4,+8.2,+7.6,+10.7,+11.0,+15.0,+12.9,+19.1,+18.7,+18.2,+18.7,+18.6,+18.6,+18.5
2023-08-10 14:27,4,+8.2,+7.6,+10.7,+11.0,+15.0,+12.9,+19.2,+18.8,+18.2,+18.6,+18.6,+18.6,+18.5
2023-08-10 15:27,4,+8.2,+7.6,+10.7,+11.0,+15.0,+12.9,+19.2,+18.8,+18.2,+18.7,+18.6,+18.6,+18.5
2023-08-10 16:27,4,+8.2,+7.6,+10.7,+11.0,+15.0,+12.9,+19.3,+19.0,+18.2,+18.7,+18.6,+18.6,+18.5
2023-08-10 17:27,4,+8.2,+7.6,+10.7,+11.0,+15.0,+12.9,+19.2,+19.1,+18.2,+18.7,+18.6,+18.6,+18.5
2023-08-10 18:27,4,+8.2,+7.6,+10.7,+11.1,+15.0,+12.9,+19.2,+19.1,+18.3,+18.7,+18.6,+18.6,+18.5
2023-08-10 19:27,4,+8.2,+7.6,+10.7,+11.0,+15.0,+12.9,+19.2,+19.1,+18.3,+18.7,+18.6,+18.6,+18.5
2023-08-10 20:27,4,+8.2,+7.6,+10.7,+11.1,+15.0,+12.9,+19.2,+19.1,+18.3,+18.7,+18.6,+18.6,+18.5
2023-08-10 21:27,4,+8.2,+7.6,+10.7,+11.1,+15.0,+12.9,+19.2,+19.1,+18.3,+18.7,+18.6,+18.6,+18.5
2023-08-10 22:27,4,+8.2,+7.6,+10.7,+11.1,+15.0,+12.9,+19.2,+19.2,+18.5,+18.7,+18.6,+18.6,+18.5
2023-08-10 23:27,4,+8.2,+7.6,+10.8,+11.2,+15.0,+12.9,+19.2,+19.1,+18.3,+18.7,+18.6,+18.6,+18.5
2023-08-11 00:27,4,+8.2,+7.7,+10.8,+11.2,+15.1,+12.9,+19.1,+19.1,+18.5,+18.7,+18.6,+18.6,+18.5
2023-08-11 01:27,4,+8.2,+7.7,+10.8,+11.2,+15.0,+12.9,+19.0,+19.1,+18.5,+18.7,+18.6,+18.6,+18.5
2023-08-11 02:27,4,+8.2,+7.7,+10.8,+11.1,+15.0,+12.9,+19.0,+19.1,+18.3,+18.7,+18.7,+18.6,+18.5
2023-08-11 03:27,4,+8.2,+7.7,+10.8,+11.1,+15.0,+12.9,+19.0,+19.1,+18.6,+18.8,+18.7,+18.6,+18.5
2023-08-11 04:27,4,+8.2,+7.7,+10.8,+11.1,+15.0,+12.9,+18.8,+19.1,+18.5,+18.7,+18.6,+18.6,+18.5
2023-08-11 05:27,4,+8.2,+7.7,+10.8,+11.1,+15.0,+12.9,+18.8,+19.1,+18.5,+18.8,+18.7,+18.6,+18.5
2023-08-11 06:27,4,+8.2,+7.7,+10.8,+11.2,+15.1,+12.9,+18.8,+19.0,+18.5,+18.8,+18.7,+18.6,+18.5
2023-08-11 07:27,4,+8.2,+7.7,+10.7,+11.1,+15.0,+12.9,+18.7,+19.0,+18.5,+18.8,+18.6,+18.6,+18.5
2023-08-11 08:27,4,+8.3,+7.7,+10.7,+11.1,+15.0,+12.9,+18.7,+19.0,+18.5,+18.7,+18.7,+18.6,+18.5
2023-08-11 09:27,4,+8.3,+7.7,+10.7,+11.2,+15.1,+12.9,+18.7,+19.0,+18.5,+18.8,+18.7,+18.6,+18.5
2023-08-11 10:27,4,+8.2,+7.7,+10.7,+11.1,+15.0,+12.9,+18.8,+19.0,+18.5,+18.8,+18.7,+18.6,+18.5
2023-08-11 11:27,4,+8.2,+7.7,+10.6,+11.2,+15.1,+12.9,+19.0,+19.0,+18.5,+18.8,+18.7,+18.6,+18.6
2023-08-11 12:27,4,+8.2,+7.7,+10.6,+11.1,+15.0,+12.9,+19.1,+19.0,+18.5,+18.8,+18.7,+18.6,+18.5
2023-08-11 13:27,4,+8.2,+7.7,+10.6,+11.2,+15.1,+12.9,+19.1,+19.1,+18.5,+18.8,+18.7,+18.6,+18.5
2023-08-11 14:27,4,+8.2,+7.7,+10.6,+11.2,+15.1,+12.9,+19.2,+19.1,+18.5,+18.8,+18.7,+18.6,+18.5
2023-08-11 15:27,4,+8.2,+7.7,+10.6,+11.2,+15.1,+12.9,+19.2,+19.1,+18.5,+18.8,+18.7,+18.6,+18.5
2023-08-11 16:27,4,+8.2,+7.7,+10.6,+11.1,+15.0,+12.9,+19.3,+19.2,+18.5,+18.8,+18.7,+18.6,+18.5
2023-08-11 17:27,4,+8.2,+7.7,+10.7,+11.1,+15.0,+12.8,+19.3,+19.2,+18.5,+18.8,+18.7,+18.6,+18.5
2023-08-11 18:27,4,+12.6,+7.8,+10.7,+11.1,+15.0,+12.8,+19.5,+19.2,+18.5,+18.8,+18.7,+18.6,+18.5
2023-08-11 19:27,4,+10.8,+8.4,+10.7,+11.2,+15.1,+12.9,+19.3,+19.2,+18.5,+18.8,+18.7,+18.6,+18.5
2023-08-11 20:27,4,+10.9,+8.4,+10.7,+11.2,+15.1,+12.9,+19.3,+19.2,+18.5,+18.8,+18.7,+18.6,+18.5
2023-08-11 21:27,4,+11.1,+8.4,+10.7,+11.1,+15.1,+12.9,+19.2,+19.3,+18.5,+18.8,+18.7,+18.7,+18.5
2023-08-11 22:27,4,+11.0,+8.3,+10.8,+11.2,+15.1,+12.9,+19.0,+19.3,+18.6,+18.8,+18.7,+18.7,+18.5
2023-08-11 23:27,4,+10.9,+8.3,+10.8,+11.2,+15.1,+12.9,+18.8,+19.2,+18.6,+18.8,+18.7,+18.7,+18.5
2023-08-12 00:27,4,+10.9,+8.3,+10.8,+11.2,+15.1,+12.9,+18.7,+19.1,+18.6,+18.8,+18.7,+18.7,+18.5
2023-08-12 01:27,4,+10.7,+8.3,+10.8,+11.2,+15.1,+12.9,+18.7,+19.1,+18.6,+19.0,+18.7,+18.7,+18.5
2023-08-12 02:27,4,+10.6,+8.2,+10.8,+11.2,+15.1,+12.9,+18.3,+19.0,+18.6,+19.0,+18.7,+18.6,+18.5
2023-08-12 03:27,4,+10.5,+8.2,+10.9,+11.1,+15.1,+12.8,+18.3,+19.0,+18.6,+19.0,+18.7,+18.7,+18.5
2023-08-12 04:27,4,+10.5,+8.2,+10.9,+11.3,+15.1,+12.9,+18.2,+18.8,+18.5,+19.0,+18.7,+18.7,+18.5
2023-08-12 05:27,4,+10.5,+8.2,+10.9,+11.3,+15.1,+12.9,+18.2,+18.7,+18.5,+19.0,+18.8,+18.7,+18.5
2023-08-12 06:27,4,+10.5,+8.2,+10.9,+11.2,+15.1,+12.8,+18.1,+18.8,+18.6,+19.0,+18.7,+18.7,+18.5
2023-08-12 07:27,4,+10.3,+8.2,+10.9,+11.2,+15.1,+12.8,+18.1,+18.7,+18.5,+19.0,+18.7,+18.6,+18.5
2023-08-12 08:27,4,+10.4,+8.2,+10.9,+11.3,+15.1,+12.9,+18.1,+18.6,+18.5,+19.0,+18.7,+18.7,+18.5
2023-08-12 09:27,4,+10.3,+8.2,+10.9,+11.3,+15.2,+12.9,+18.1,+18.6,+18.5,+19.0,+18.7,+18.7,+18.6
2023-08-12 10:27,4,+10.2,+8.1,+10.9,+11.3,+15.1,+12.8,+18.2,+18.6,+18.5,+19.0,+18.7,+18.7,+18.5
2023-08-12 11:27,4,+10.2,+8.1,+10.9,+11.3,+15.2,+12.9,+18.5,+18.6,+18.3,+19.0,+18.7,+18.7,+18.6
2023-08-12 12:27,4,+10.4,+8.1,+10.9,+11.2,+15.1,+12.8,+18.5,+18.6,+18.3,+19.0,+18.7,+18.7,+18.6
2023-08-12 13:27,4,+10.4,+8.1,+10.9,+11.2,+15.1,+12.8,+18.6,+18.7,+18.3,+19.0,+18.8,+18.7,+18.6
2023-08-12 14:27,4,+10.3,+8.1,+10.9,+11.2,+15.1,+12.8,+18.7,+18.7,+18.3,+19.0,+18.8,+18.7,+18.6
2023-08-12 15:27,4,+10.3,+8.1,+10.9,+11.2,+15.1,+12.8,+18.8,+18.7,+18.3,+18.8,+18.7,+18.7,+18.5
2023-08-12 16:27,4,+10.3,+8.1,+10.9,+11.3,+15.2,+12.9,+18.8,+18.7,+18.5,+18.8,+18.7,+18.7,+18.5
2023-08-12 17:27,4,+10.3,+8.1,+10.9,+11.3,+15.2,+12.9,+19.0,+19.0,+18.3,+19.0,+18.8,+18.7,+18.6
2023-08-12 18:27,4,+10.3,+8.1,+10.9,+11.2,+15.1,+12.8,+18.8,+18.8,+18.5,+18.8,+18.7,+18.7,+18.5
2023-08-12 19:27,4,+10.3,+8.1,+10.9,+11.3,+15.2,+12.9,+18.8,+19.0,+18.5,+19.0,+18.8,+18.7,+18.5
2023-08-12 20:27,4,+10.2,+8.1,+10.9,+11.3,+15.2,+12.8,+18.8,+19.0,+18.5,+18.8,+18.8,+18.7,+18.6
2023-08-12 21:27,4,+10.2,+8.1,+10.9,+11.3,+15.2,+12.9,+18.7,+18.8,+18.5,+18.8,+18.8,+18.7,+18.5
2023-08-12 22:27,4,+10.1,+8.1,+10.9,+11.4,+15.2,+12.9,+18.7,+18.8,+18.5,+18.8,+18.8,+18.7,+18.6
2023-08-12 23:27,4,+10.1,+8.1,+10.9,+11.3,+15.2,+12.9,+18.7,+19.0,+18.3,+18.8,+18.8,+18.7,+18.5
2023-08-13 00:27,4,+10.1,+8.1,+10.9,+11.4,+15.2,+12.9,+18.6,+19.0,+18.3,+18.8,+18.7,+18.7,+18.5
2023-08-13 01:27,4,+10.1,+8.1,+10.9,+11.4,+15.2,+12.9,+18.7,+18.8,+18.5,+19.0,+18.7,+18.7,+18.5
2023-08-13 02:27,4,+10.2,+8.1,+10.9,+11.3,+15.2,+12.9,+18.6,+18.8,+18.3,+19.0,+18.7,+18.7,+18.6
2023-08-13 03:27,4,+10.1,+8.1,+10.9,+11.3,+15.2,+12.9,+18.6,+18.8,+18.5,+18.8,+18.8,+18.7,+18.5
2023-08-13 04:27,4,+10.9,+8.1,+10.9,+11.4,+15.3,+12.9,+18.6,+18.8,+18.5,+19.0,+18.8,+18.7,+18.6
2023-08-13 05:27,4,+11.0,+8.1,+10.8,+11.4,+15.3,+12.9,+18.6,+18.8,+18.5,+19.0,+18.8,+18.7,+18.6
2023-08-13 06:27,4,+10.4,+8.1,+10.8,+11.4,+15.3,+12.9,+18.5,+18.8,+18.5,+19.0,+18.8,+18.7,+18.6
2023-08-13 07:27,4,+10.4,+8.1,+10.9,+11.4,+15.3,+12.9,+18.5,+18.7,+18.3,+18.8,+18.7,+18.7,+18.5
2023-08-13 08:27,4,+10.7,+8.1,+10.8,+11.3,+15.2,+12.9,+18.5,+18.7,+18.5,+18.8,+18.8,+18.7,+18.5
2023-08-13 09:27,4,+10.5,+8.1,+10.8,+11.3,+15.2,+12.9,+18.6,+18.8,+18.3,+19.0,+18.7,+18.7,+18.6
2023-08-13 10:27,4,+10.5,+8.1,+10.8,+11.3,+15.2,+12.9,+18.7,+18.7,+18.5,+18.8,+18.7,+18.7,+18.5
2023-08-13 11:27,4,+10.5,+8.0,+10.8,+11.4,+15.3,+12.9,+18.8,+18.8,+18.5,+18.8,+18.7,+18.7,+18.5
2023-08-13 12:27,4,+10.5,+8.0,+10.8,+11.4,+15.3,+12.9,+18.8,+18.8,+18.5,+18.8,+18.8,+18.7,+18.5
2023-08-13 13:27,4,+10.9,+8.0,+10.8,+11.3,+15.3,+12.9,+19.0,+19.0,+18.5,+19.0,+18.7,+18.7,+18.6
2023-08-13 14:27,4,+17.6,+8.6,+10.9,+11.3,+15.3,+12.9,+18.8,+19.0,+18.5,+18.8,+18.8,+18.7,+18.6
2023-08-13 15:27,4,+18.9,+10.2,+11.0,+11.3,+15.3,+12.9,+18.6,+18.8,+18.5,+18.8,+18.8,+18.7,+18.6
2023-08-13 16:27,4,+17.2,+9.9,+12.1,+11.9,+15.3,+12.9,+18.6,+18.8,+18.5,+19.0,+18.7,+18.7,+18.6
2023-08-13 17:27,4,+16.1,+9.5,+11.8,+12.2,+16.0,+12.9,+18.5,+18.8,+18.5,+18.8,+18.8,+18.7,+18.6
2023-08-13 18:27,4,+15.6,+9.2,+11.7,+12.2,+16.4,+13.1,+18.5,+18.8,+18.5,+19.0,+18.8,+18.7,+18.5
2023-08-13 19:27,4,+15.3,+9.1,+11.6,+12.3,+16.4,+13.7,+18.5,+18.8,+18.5,+18.8,+18.8,+18.7,+18.6
2023-08-13 20:27,4,+15.2,+8.9,+11.5,+12.1,+16.4,+14.6,+18.3,+18.8,+18.5,+19.0,+18.8,+18.7,+18.6
2023-08-13 21:27,4,+15.0,+8.9,+11.5,+12.1,+16.3,+15.2,+18.2,+18.7,+18.5,+19.0,+18.8,+18.7,+18.6
2023-08-13 22:27,4,+14.9,+8.8,+11.4,+12.2,+16.4,+15.4,+18.3,+18.7,+18.3,+19.0,+18.7,+18.7,+18.6
2023-08-13 23:27,4,+14.8,+8.8,+11.4,+12.0,+16.3,+15.4,+18.2,+18.7,+18.3,+19.0,+18.8,+18.7,+18.5
2023-08-14 00:27,4,+14.8,+8.7,+11.3,+12.0,+16.2,+15.3,+18.2,+18.7,+18.5,+18.8,+18.8,+18.7,+18.6
2023-08-14 01:27,4,+14.7,+8.7,+11.3,+11.9,+16.2,+15.3,+18.3,+18.6,+18.3,+18.8,+18.8,+18.7,+18.6
2023-08-14 02:27,4,+14.7,+8.6,+11.3,+12.0,+16.2,+15.2,+18.2,+18.6,+18.3,+18.8,+18.8,+18.7,+18.6
2023-08-14 03:27,4,+14.6,+8.6,+11.3,+12.0,+16.2,+15.2,+18.2,+18.6,+18.5,+18.8,+18.8,+18.7,+18.6
2023-08-14 04:27,4,+14.6,+8.6,+11.3,+12.0,+16.2,+15.1,+18.2,+18.6,+18.3,+18.8,+18.8,+18.7,+18.6
2023-08-14 05:27,4,+14.5,+8.6,+11.2,+12.0,+16.2,+15.1,+18.2,+18.7,+18.3,+19.0,+18.7,+18.7,+18.6
2023-08-14 06:27,4,+14.5,+8.6,+11.2,+12.0,+16.1,+15.0,+18.2,+18.6,+18.3,+18.8,+18.8,+18.7,+18.5
2023-08-14 07:27,4,+14.5,+8.5,+11.2,+11.9,+16.1,+14.9,+18.1,+18.5,+18.3,+18.8,+18.7,+18.7,+18.6
2023-08-14 08:27,4,+14.4,+8.5,+11.2,+11.9,+16.1,+14.9,+18.2,+18.6,+18.3,+18.8,+18.7,+18.7,+18.6
2023-08-14 09:27,4,+14.4,+8.5,+11.2,+11.8,+16.1,+14.8,+18.2,+18.5,+18.3,+18.8,+18.8,+18.7,+18.6
2023-08-14 10:27,4,+14.3,+8.5,+11.2,+11.9,+16.1,+14.9,+18.3,+18.6,+18.3,+18.8,+18.8,+18.7,+18.6
2023-08-14 11:27,4,+14.3,+8.4,+11.2,+11.9,+16.1,+14.8,+18.5,+18.6,+18.3,+18.8,+18.8,+18.7,+18.5
2023-08-14 12:27,4,+14.2,+8.4,+11.2,+11.8,+16.0,+14.7,+18.6,+18.6,+18.3,+18.8,+18.7,+18.7,+18.5
2023-08-14 13:27,4,+14.2,+8.4,+11.1,+11.9,+16.0,+14.7,+18.7,+18.7,+18.3,+18.8,+18.8,+18.7,+18.5
2023-08-14 14:27,4,+14.2,+8.4,+11.1,+11.9,+16.0,+14.6,+18.8,+18.7,+18.3,+18.8,+18.8,+18.7,+18.6
2023-08-14 15:27,4,+19.5,+8.5,+11.2,+11.9,+16.0,+14.6,+18.6,+18.8,+18.3,+18.8,+18.7,+18.7,+18.6
2023-08-14 16:27,4,+19.0,+9.6,+11.2,+11.8,+15.9,+14.6,+18.3,+18.8,+18.3,+18.8,+18.7,+18.7,+18.6
2023-08-14 17:27,4,+21.6,+9.5,+11.5,+11.8,+15.9,+14.5,+18.3,+18.7,+18.3,+18.8,+18.7,+18.7,+18.6
2023-08-14 18:27,4,+18.4,+9.5,+11.7,+12.1,+16.0,+14.5,+18.2,+18.7,+18.3,+18.8,+18.8,+18.7,+18.6
2023-08-14 19:27,4,+19.2,+9.4,+11.7,+12.3,+16.2,+14.5,+18.2,+18.7,+18.3,+18.8,+18.7,+18.7,+18.6
2023-08-14 20:27,4,+18.2,+9.5,+11.7,+12.4,+16.4,+14.7,+18.1,+18.6,+18.2,+18.8,+18.7,+18.7,+18.6
2023-08-14 21:27,4,+17.8,+9.3,+11.7,+12.4,+16.5,+15.1,+18.1,+18.6,+18.3,+18.8,+18.8,+18.7,+18.5
2023-08-14 22:27,4,+17.5,+9.2,+11.7,+12.4,+16.5,+15.4,+18.0,+18.6,+18.3,+18.8,+18.7,+18.7,+18.6
2023-08-14 23:27,4,+17.4,+9.1,+11.6,+12.4,+16.5,+15.7,+18.0,+18.5,+18.3,+18.8,+18.7,+18.7,+18.6
2023-08-15 00:27,4,+17.1,+9.0,+11.6,+12.3,+16.5,+15.7,+18.0,+18.5,+18.2,+18.8,+18.7,+18.7,+18.6
2023-08-15 01:27,4,+16.9,+9.0,+11.6,+12.2,+16.5,+15.7,+17.8,+18.5,+18.2,+18.8,+18.7,+18.6,+18.6
2023-08-15 02:27,4,+16.8,+8.9,+11.5,+12.3,+16.5,+15.6,+17.8,+18.3,+18.2,+18.8,+18.7,+18.7,+18.6
2023-08-15 03:27,4,+16.7,+8.9,+11.5,+12.2,+16.4,+15.6,+17.8,+18.3,+18.2,+18.8,+18.8,+18.7,+18.6
2023-08-15 04:27,4,+16.6,+8.8,+11.5,+12.2,+16.4,+15.5,+17.8,+18.3,+18.2,+18.8,+18.7,+18.7,+18.5
2023-08-15 05:27,4,+16.5,+8.8,+11.4,+12.2,+16.4,+15.4,+17.7,+18.2,+18.2,+18.8,+18.7,+18.7,+18.6
2023-08-15 06:27,4,+16.6,+8.8,+11.4,+12.1,+16.3,+15.3,+17.7,+18.2,+18.2,+18.8,+18.7,+18.7,+18.5
2023-08-15 07:27,4,+16.5,+8.7,+11.4,+12.1,+16.3,+15.3,+17.7,+18.2,+18.1,+18.8,+18.7,+18.7,+18.6
2023-08-15 08:27,4,+16.5,+8.6,+11.4,+12.2,+16.3,+15.2,+17.7,+18.2,+18.2,+18.7,+18.7,+18.7,+18.6
2023-08-15 09:27,4,+16.5,+8.6,+11.4,+12.1,+16.3,+15.2,+17.8,+18.2,+18.1,+18.8,+18.7,+18.7,+18.6
2023-08-15 10:27,4,+16.2,+8.6,+11.4,+12.1,+16.3,+15.1,+18.1,+18.2,+18.1,+18.7,+18.7,+18.7,+18.6
2023-08-15 11:27,4,+16.4,+8.6,+11.3,+12.0,+16.2,+15.1,+18.2,+18.3,+18.1,+18.8,+18.7,+18.6,+18.6
2023-08-15 12:27,4,+15.8,+8.6,+11.3,+12.0,+16.2,+15.0,+18.3,+18.3,+18.1,+18.8,+18.7,+18.7,+18.6
2023-08-15 13:27,4,+15.8,+8.5,+11.3,+12.1,+16.2,+15.0,+18.3,+18.3,+18.1,+18.7,+18.7,+18.7,+18.5
2023-08-15 14:27,4,+15.8,+8.5,+11.3,+11.9,+16.1,+14.9,+18.5,+18.5,+18.1,+18.7,+18.7,+18.7,+18.6
2023-08-15 15:27,4,+15.8,+8.5,+11.3,+11.9,+16.1,+14.9,+18.5,+18.5,+18.1,+18.7,+18.7,+18.6,+18.6
2023-08-15 16:27,4,+15.9,+8.5,+11.3,+11.9,+16.1,+14.8,+18.5,+18.5,+18.1,+18.7,+18.7,+18.7,+18.6
2023-08-15 17:27,4,+15.9,+8.5,+11.3,+11.9,+16.1,+14.8,+18.3,+18.6,+18.1,+18.7,+18.7,+18.6,+18.6
2023-08-15 18:27,4,+15.7,+8.5,+11.3,+12.0,+16.1,+14.8,+18.1,+18.6,+18.1,+18.7,+18.7,+18.7,+18.5
2023-08-15 19:27,4,+16.0,+8.5,+11.2,+11.9,+16.1,+14.7,+18.0,+18.5,+18.2,+18.7,+18.7,+18.7,+18.6
2023-08-15 20:27,4,+15.6,+8.5,+11.3,+12.0,+16.1,+14.7,+17.7,+18.5,+18.2,+18.7,+18.7,+18.6,+18.5
2023-08-15 21:27,4,+15.7,+8.5,+11.2,+12.0,+16.1,+14.7,+17.6,+18.3,+18.1,+18.7,+18.7,+18.7,+18.6
2023-08-15 22:27,4,+15.7,+8.5,+11.2,+11.9,+16.1,+14.6,+17.6,+18.2,+18.1,+18.7,+18.7,+18.7,+18.6
2023-08-15 23:27,4,+15.7,+8.5,+11.2,+11.9,+16.1,+14.6,+17.6,+18.2,+18.2,+18.7,+18.7,+18.6,+18.6
2023-08-16 00:27,4,+15.2,+8.5,+11.3,+11.9,+16.0,+14.6,+17.5,+18.2,+18.1,+18.7,+18.7,+18.6,+18.5
2023-08-16 01:27,4,+14.8,+8.4,+11.3,+12.0,+16.1,+14.6,+17.5,+18.1,+18.1,+18.7,+18.7,+18.6,+18.6
2023-08-16 02:27,4,+14.7,+8.4,+11.2,+12.0,+16.1,+14.5,+17.5,+18.1,+18.0,+18.7,+18.7,+18.6,+18.6
2023-08-16 03:27,4,+14.8,+8.4,+11.2,+12.0,+16.1,+14.5,+17.5,+18.1,+18.0,+18.7,+18.6,+18.6,+18.6
2023-08-16 04:27,4,+14.9,+8.4,+11.2,+12.0,+16.1,+14.5,+17.5,+18.1,+18.0,+18.7,+18.7,+18.6,+18.5
2023-08-16 05:27,4,+14.9,+8.4,+11.2,+11.9,+16.0,+14.4,+17.6,+18.1,+18.0,+18.7,+18.6,+18.6,+18.6
2023-08-16 06:27,4,+14.9,+8.4,+11.2,+11.9,+16.0,+14.4,+17.6,+18.1,+18.0,+18.7,+18.7,+18.6,+18.5
2023-08-16 07:27,4,+14.9,+8.4,+11.2,+11.9,+16.0,+14.4,+17.6,+18.1,+18.0,+18.7,+18.7,+18.6,+18.6
2023-08-16 08:27,4,+15.0,+8.4,+11.2,+11.9,+16.0,+14.4,+17.6,+18.0,+18.0,+18.7,+18.7,+18.6,+18.6
2023-08-16 09:27,4,+15.0,+8.4,+11.2,+11.9,+16.0,+14.4,+17.7,+18.1,+18.0,+18.6,+18.6,+18.6,+18.6
2023-08-16 10:27,4,+15.5,+8.4,+11.2,+11.9,+16.0,+14.3,+17.7,+18.1,+18.0,+18.7,+18.7,+18.6,+18.5
2023-08-16 10:42,4,+15.3,+8.4,+11.2,+12.0,+16.0,+14.3,+17.8,+18.1,+18.0,+18.6,+18.6,+18.6,+18.6
2023-08-16 11:42,4,+15.3,+8.4,+11.2,+11.9,+16.0,+14.3,+17.8,+18.1,+18.0,+18.6,+18.7,+18.6,+18.5
2023-08-16 12:42,4,+15.3,+8.4,+11.2,+11.9,+16.0,+14.3,+18.0,+18.1,+17.8,+18.6,+18.6,+18.6,+18.5
2023-08-16 13:42,4,+15.3,+8.4,+11.2,+11.8,+15.9,+14.3,+18.1,+18.2,+17.8,+18.7,+18.7,+18.6,+18.5
2023-08-16 14:42,4,+15.3,+8.4,+11.2,+11.9,+16.0,+14.3,+18.1,+18.2,+17.8,+18.6,+18.6,+18.6,+18.5
2023-08-16 15:42,4,+15.2,+8.4,+11.2,+11.9,+16.0,+14.2,+18.2,+18.2,+18.0,+18.6,+18.6,+18.6,+18.5
2023-08-16 16:42,4,+15.2,+8.4,+11.2,+11.8,+15.9,+14.2,+18.3,+18.2,+18.0,+18.6,+18.6,+18.6,+18.5
2023-08-16 17:42,4,+15.2,+8.4,+11.2,+11.9,+16.0,+14.2,+18.3,+18.3,+18.0,+18.6,+18.6,+18.6,+18.5
2023-08-16 18:42,4,+15.1,+8.4,+11.2,+11.9,+16.0,+14.2,+18.3,+18.3,+18.0,+18.6,+18.6,+18.6,+18.5
2023-08-16 19:42,4,+15.3,+8.4,+11.2,+11.9,+15.9,+14.2,+18.3,+18.5,+18.0,+18.6,+18.6,+18.6,+18.5
2023-08-16 20:42,4,+15.3,+8.4,+11.2,+11.8,+15.9,+14.1,+18.3,+18.5,+18.0,+18.6,+18.6,+18.6,+18.6
2023-08-16 21:42,4,+15.4,+8.4,+11.2,+11.8,+15.9,+14.1,+18.2,+18.5,+18.0,+18.6,+18.6,+18.6,+18.5
2023-08-16 22:42,4,+15.5,+8.4,+11.2,+11.8,+15.9,+14.1,+18.2,+18.5,+18.0,+18.6,+18.6,+18.6,+18.5
2023-08-16 23:42,4,+15.6,+8.4,+11.2,+11.8,+15.9,+14.1,+18.2,+18.3,+18.1,+18.6,+18.6,+18.6,+18.5
2023-08-17 00:42,4,+15.7,+8.4,+11.2,+11.9,+15.9,+14.1,+18.1,+18.3,+18.1,+18.6,+18.6,+18.6,+18.5
2023-08-17 01:42,4,+15.7,+8.4,+11.2,+11.8,+15.9,+14.1,+18.1,+18.3,+18.0,+18.6,+18.6,+18.6,+18.5
2023-08-17 02:42,4,+15.7,+8.4,+11.2,+11.8,+15.9,+14.1,+18.1,+18.3,+18.1,+18.6,+18.6,+18.6,+18.5
2023-08-17 03:42,4,+15.7,+8.4,+11.2,+11.9,+15.9,+14.1,+18.1,+18.3,+18.1,+18.6,+18.6,+18.6,+18.5
2023-08-17 04:42,4,+15.7,+8.4,+11.2,+11.9,+15.9,+14.1,+18.0,+18.3,+18.1,+18.6,+18.6,+18.6,+18.5
2023-08-17 05:42,4,+15.7,+8.4,+11.2,+11.8,+15.9,+14.0,+18.0,+18.3,+18.0,+18.6,+18.6,+18.6,+18.5
2023-08-17 06:42,4,+15.7,+8.4,+11.2,+11.9,+15.9,+14.0,+18.0,+18.3,+18.1,+18.6,+18.6,+18.6,+18.5
2023-08-17 07:42,4,+15.7,+8.4,+11.2,+11.8,+15.9,+14.0,+18.0,+18.3,+18.1,+18.6,+18.6,+18.6,+18.5
2023-08-17 08:42,4,+15.7,+8.4,+11.2,+11.9,+15.9,+14.0,+18.0,+18.3,+18.0,+18.6,+18.6,+18.5,+18.5
2023-08-17 09:42,4,+15.9,+8.4,+11.2,+11.8,+15.9,+14.0,+18.1,+18.3,+18.0,+18.6,+18.6,+18.6,+18.5