
2023-08-16 10:03,3,+19.9,+27.4,+23.0,+40.7,+15.7,+38.2,+18.7,+19.0,+19.2,+19.3,+19.6,+19.0,+19.7
2023-08-16 11:03,3,+19.8,+27.4,+23.0,+40.8,+15.8,+38.2,+18.7,+19.0,+19.3,+19.3,+19.6,+19.0,+19.7
2023-08-16 12:03,3,+19.7,+27.4,+23.0,+40.7,+15.7,+38.1,+18.7,+19.0,+19.3,+19.3,+19.5,+19.0,+19.7
2023-08-16 13:03,3,+19.7,+27.4,+22.9,+40.7,+15.7,+38.1,+18.8,+19.0,+19.2,+19.3,+19.6,+19.0,+19.7
2023-08-16 14:03,3,+19.7,+27.4,+22.9,+40.7,+15.7,+38.0,+19.0,+19.0,+19.2,+19.3,+19.6,+19.1,+19.7
2023-08-16 15:03,3,+19.6,+27.4,+22.9,+40.7,+15.7,+38.0,+19.0,+19.0,+19.3,+19.3,+19.6,+19.0,+19.7
2023-08-16 16:03,3,+19.7,+27.4,+22.9,+40.7,+15.7,+38.0,+19.1,+19.0,+19.3,+19.3,+19.6,+19.1,+19.7
2023-08-16 17:03,3,+19.7,+27.4,+22.9,+40.8,+15.7,+38.0,+19.1,+19.1,+19.2,+19.3,+19.6,+19.0,+19.7
2023-08-16 18:03,3,+19.7,+27.4,+22.9,+40.7,+15.6,+37.9,+19.1,+19.1,+19.3,+19.3,+19.5,+19.0,+19.7
2023-08-16 19:03,3,+19.7,+27.4,+22.9,+40.7,+15.6,+37.9,+19.1,+19.1,+19.2,+19.3,+19.6,+19.0,+19.7
2023-08-16 20:03,3,+19.7,+27.4,+22.9,+40.7,+15.6,+37.9,+19.1,+19.1,+19.2,+19.3,+19.6,+19.0,+19.7
2023-08-16 21:03,3,+19.7,+27.4,+22.8,+40.8,+15.7,+37.9,+19.1,+19.1,+19.2,+19.2,+19.6,+19.0,+19.7
2023-08-16 22:03,3,+19.7,+27.4,+22.8,+40.8,+15.7,+37.9,+19.0,+19.2,+19.3,+19.3,+19.6,+19.0,+19.7
2023-08-16 23:03,3,+19.7,+27.4,+22.8,+40.8,+15.7,+37.9,+19.0,+19.1,+19.3,+19.2,+19.5,+19.0,+19.7
2023-08-17 00:03,3,+19.7,+27.4,+22.8,+40.8,+15.6,+37.9,+18.8,+19.1,+19.3,+19.3,+19.6,+19.0,+19.7
2023-08-17 01:03,3,+19.7,+27.4,+22.8,+40.8,+15.6,+37.9,+18.8,+19.1,+19.3,+19.3,+19.6,+19.0,+19.7
2023-08-17 02:03,3,+19.7,+27.4,+22.8,+40.8,+15.6,+37.8,+18.8,+19.1,+19.3,+19.3,+19.5,+19.1,+19.7
2023-08-17 03:03,3,+19.7,+27.4,+22.8,+40.6,+15.6,+37.8,+18.8,+19.1,+19.3,+19.3,+19.5,+19.0,+19.7
2023-08-17 04:03,3,+19.8,+27.4,+22.8,+40.8,+15.6,+37.8,+18.8,+19.1,+19.3,+19.3,+19.6,+19.0,+19.7
2023-08-17 05:03,3,+19.8,+27.2,+22.8,+40.6,+15.6,+37.7,+18.7,+19.1,+19.3,+19.3,+19.6,+19.1,+19.7
2023-08-17 06:03,3,+19.8,+27.2,+22.8,+40.6,+15.6,+37.7,+18.7,+19.1,+19.3,+19.3,+19.5,+19.0,+19.7
2023-08-17 07:03,3,+19.8,+27.3,+22.8,+40.8,+15.6,+37.8,+18.7,+19.1,+19.3,+19.3,+19.5,+19.0,+19.7
2023-08-17 08:03,3,+19.8,+27.3,+22.8,+40.8,+15.6,+37.7,+18.7,+19.1,+19.3,+19.3,+19.6,+19.0,+19.7
2023-08-17 09:03,3,+19.8,+27.2,+22.8,+40.7,+15.6,+37.7,+18.8,+19.1,+19.2,+19.3,+19.5,+19.0,+19.7
2023-08-17 10:03,3,+19.7,+27.1,+22.8,+40.6,+15.6,+37.7,+19.0,+19.1,+19.3,+19.3,+19.5,+19.0,+19.7
2023-08-17 11:03,3,+19.7,+27.0,+22.8,+40.7,+15.6,+37.7,+19.2,+19.1,+19.2,+19.3,+19.6,+19.1,+19.7
2023-08-17 12:03,3,+19.6,+27.0,+22.7,+40.7,+15.6,+37.7,+19.3,+19.1,+19.2,+19.3,+19.6,+19.0,+19.7
2023-08-17 13:03,3,+19.7,+27.0,+22.7,+40.7,+15.6,+37.7,+19.3,+19.2,+19.3,+19.3,+19.6,+19.0,+19.7
2023-08-17 14:03,3,+19.6,+27.0,+22.7,+40.7,+15.6,+37.7,+19.3,+19.2,+19.3,+19.2,+19.6,+19.0,+19.7
2023-08-17 15:03,3,+19.6,+27.0,+22.7,+40.7,+15.6,+37.7,+19.5,+19.2,+19.3,+19.3,+19.5,+19.0,+19.7
2023-08-17 16:03,3,+19.7,+27.0,+22.7,+40.7,+15.6,+37.6,+19.5,+19.3,+19.3,+19.3,+19.5,+19.0,+19.7
2023-08-17 17:03,3,+19.7,+27.0,+22.7,+40.8,+15.6,+37.6,+19.3,+19.3,+19.3,+19.3,+19.5,+19.0,+19.7
2023-08-17 18:03,3,+19.9,+27.0,+22.7,+40.6,+15.5,+37.6,+19.3,+19.3,+19.3,+19.3,+19.6,+19.0,+19.6
2023-08-17 19:03,3,+20.0,+27.0,+22.7,+40.7,+15.6,+37.6,+19.3,+19.3,+19.3,+19.3,+19.5,+19.1,+19.7
2023-08-17 20:03,3,+20.0,+27.0,+22.7,+40.6,+15.5,+37.6,+19.2,+19.3,+19.5,+19.3,+19.5,+19.0,+19.7
2023-08-17 21:03,3,+20.0,+27.0,+22.7,+40.7,+15.6,+37.6,+19.2,+19.3,+19.3,+19.3,+19.5,+19.0,+19.7
2023-08-17 22:03,3,+20.1,+27.0,+22.7,+40.6,+15.5,+37.6,+19.2,+19.3,+19.5,+19.3,+19.6,+19.0,+19.6
2023-08-17 23:03,3,+19.9,+27.0,+22.7,+40.7,+15.6,+37.6,+19.2,+19.3,+19.5,+19.3,+19.5,+19.0,+19.6
2023-08-18 00:03,3,+19.9,+27.0,+22.7,+40.6,+15.5,+37.5,+19.2,+19.3,+19.3,+19.3,+19.5,+19.0,+19.7
2023-08-18 01:03,3,+20.0,+27.0,+22.7,+40.7,+15.6,+37.5,+19.2,+19.3,+19.5,+19.3,+19.5,+19.0,+19.6
2023-08-18 02:03,3,+20.1,+27.0,+22.7,+40.7,+15.6,+37.5,+19.2,+19.3,+19.3,+19.3,+19.6,+19.0,+19.7
2023-08-18 03:03,3,+20.1,+27.0,+22.7,+40.6,+15.5,+37.5,+19.1,+19.3,+19.5,+19.3,+19.5,+19.0,+19.6
2023-08-18 04:03,3,+20.2,+27.0,+22.7,+40.7,+15.5,+37.5,+19.1,+19.3,+19.5,+19.3,+19.5,+19.0,+19.7
2023-08-18 05:03,3,+20.1,+27.0,+22.7,+40.6,+15.5,+37.5,+19.1,+19.3,+19.5,+19.3,+19.6,+19.1,+19.6
2023-08-18 06:03,3,+20.1,+27.0,+22.7,+40.6,+15.5,+37.5,+19.1,+19.3,+19.5,+19.3,+19.5,+19.0,+19.7
2023-08-18 07:03,3,+20.1,+27.0,+22.6,+40.6,+15.5,+37.5,+19.1,+19.3,+19.3,+19.3,+19.5,+19.0,+19.7
2023-08-18 08:03,3,+19.9,+27.0,+22.6,+40.7,+15.5,+37.5,+19.1,+19.3,+19.5,+19.3,+19.6,+19.0,+19.7
2023-08-18 09:03,3,+19.9,+27.0,+22.6,+40.7,+15.5,+37.5,+19.1,+19.2,+19.5,+19.3,+19.6,+19.0,+19.7
2023-08-18 10:03,3,+19.8,+27.0,+22.6,+40.6,+15.5,+37.4,+19.1,+19.3,+19.3,+19.3,+19.6,+19.1,+19.7
2023-08-18 11:03,3,+19.8,+27.0,+22.6,+40.7,+15.5,+37.5,+19.1,+19.2,+19.5,+19.3,+19.6,+19.0,+19.7
2023-08-18 12:03,3,+19.7,+27.0,+22.6,+40.7,+15.5,+37.5,+19.2,+19.3,+19.5,+19.3,+19.5,+19.0,+19.7
2023-08-18 13:03,3,+19.7,+27.0,+22.6,+40.7,+15.5,+37.5,+19.2,+19.3,+19.5,+19.3,+19.5,+19.0,+19.6
2023-08-18 14:03,3,+19.7,+27.0,+22.6,+40.7,+15.5,+37.4,+19.3,+19.3,+19.5,+19.5,+19.6,+19.0,+19.6
2023-08-18 15:03,3,+19.7,+27.0,+22.6,+40.6,+15.5,+37.4,+19.3,+19.3,+19.5,+19.3,+19.5,+19.0,+19.6
2023-08-18 16:03,3,+19.7,+27.0,+22.6,+40.7,+15.5,+37.4,+19.3,+19.3,+19.5,+19.3,+19.6,+19.0,+19.7
2023-08-18 17:03,3,+19.7,+27.0,+22.6,+40.7,+15.5,+37.4,+19.3,+19.3,+19.5,+19.3,+19.5,+19.0,+19.6
2023-08-18 18:03,3,+19.7,+27.0,+22.6,+40.6,+15.5,+37.4,+19.3,+19.3,+19.5,+19.5,+19.6,+19.0,+19.6
2023-08-18 19:03,3,+19.7,+27.0,+22.6,+40.6,+15.5,+37.4,+19.2,+19.3,+19.5,+19.3,+19.5,+19.0,+19.6
2023-08-18 20:03,3,+19.7,+27.0,+22.6,+40.6,+15.5,+37.4,+19.2,+19.3,+19.5,+19.3,+19.6,+19.0,+19.7
2023-08-18 21:03,3,+19.9,+27.0,+22.6,+40.7,+15.5,+37.4,+19.2,+19.3,+19.5,+19.3,+19.5,+19.0,+19.6
2023-08-18 22:03,3,+20.5,+27.1,+22.6,+40.6,+15.5,+37.4,+19.2,+19.3,+19.5,+19.3,+19.5,+19.0,+19.6
2023-08-18 23:03,3,+20.7,+27.0,+22.6,+40.6,+15.5,+37.4,+19.2,+19.3,+19.5,+19.3,+19.6,+19.1,+19.7
2023-08-19 00:03,3,+21.4,+27.1,+22.6,+40.7,+15.5,+37.4,+19.1,+19.3,+19.5,+19.3,+19.6,+19.0,+19.6
2023-08-19 01:03,3,+27.1,+30.0,+22.7,+40.7,+15.5,+37.4,+19.1,+19.3,+19.5,+19.5,+19.6,+19.0,+19.6
2023-08-19 02:03,3,+24.4,+30.0,+22.9,+40.7,+15.5,+37.4,+19.1,+19.3,+19.5,+19.5,+19.6,+19.0,+19.7
2023-08-19 03:03,3,+23.7,+29.7,+22.8,+40.6,+15.5,+37.4,+19.1,+19.2,+19.5,+19.5,+19.6,+19.0,+19.6
2023-08-19 04:03,3,+22.7,+29.6,+22.8,+40.8,+15.5,+37.4,+19.0,+19.3,+19.5,+19.5,+19.6,+19.0,+19.7
2023-08-19 05:03,3,+22.3,+29.4,+22.9,+40.8,+15.5,+37.4,+19.0,+19.3,+19.5,+19.3,+19.5,+19.0,+19.7
2023-08-19 06:03,3,+22.0,+29.2,+23.1,+40.8,+15.5,+37.4,+19.0,+19.2,+19.5,+19.5,+19.6,+19.0,+19.7
2023-08-19 07:03,3,+21.8,+29.2,+23.2,+40.6,+15.4,+37.4,+19.0,+19.2,+19.5,+19.3,+19.6,+19.0,+19.7
2023-08-19 08:03,3,+21.8,+29.1,+23.3,+40.8,+15.5,+37.4,+19.0,+19.2,+19.5,+19.3,+19.6,+19.1,+19.7
2023-08-19 09:03,3,+21.8,+29.0,+23.4,+40.8,+15.5,+37.4,+19.1,+19.2,+19.5,+19.5,+19.6,+19.0,+19.6
2023-08-19 10:03,3,+21.6,+29.0,+23.4,+40.8,+15.5,+37.4,+19.1,+19.2,+19.5,+19.5,+19.5,+19.1,+19.7
2023-08-19 11:03,3,+21.5,+28.9,+23.4,+40.7,+15.4,+37.3,+19.2,+19.2,+19.5,+19.3,+19.6,+19.0,+19.7
2023-08-19 12:03,3,+21.4,+28.9,+23.5,+40.7,+15.5,+37.3,+19.3,+19.3,+19.5,+19.3,+19.6,+19.0,+19.6
2023-08-19 13:03,3,+21.3,+28.9,+23.5,+40.7,+15.5,+37.3,+19.5,+19.3,+19.5,+19.5,+19.6,+19.1,+19.7
2023-08-19 14:03,3,+21.2,+28.8,+23.5,+40.7,+15.5,+37.3,+19.5,+19.3,+19.5,+19.5,+19.6,+19.1,+19.7
2023-08-19 15:03,3,+21.2,+28.8,+23.5,+40.8,+15.5,+37.4,+19.5,+19.3,+19.5,+19.3,+19.6,+19.0,+19.7
2023-08-19 16:03,3,+21.2,+28.7,+23.6,+40.7,+15.5,+37.3,+19.5,+19.3,+19.5,+19.5,+19.6,+19.1,+19.6
2023-08-19 17:03,3,+21.2,+28.6,+23.5,+40.8,+15.5,+37.4,+19.3,+19.3,+19.5,+19.5,+19.5,+19.1,+19.7
2023-08-19 18:03,3,+21.2,+28.6,+23.5,+40.8,+15.5,+37.4,+19.3,+19.5,+19.5,+19.3,+19.6,+19.1,+19.6
2023-08-19 19:03,3,+21.3,+28.6,+23.5,+40.7,+15.5,+37.3,+19.3,+19.5,+19.5,+19.3,+19.6,+19.0,+19.6
2023-08-19 20:03,3,+21.4,+28.6,+23.5,+40.7,+15.5,+37.3,+19.3,+19.5,+19.5,+19.5,+19.6,+19.0,+19.7
2023-08-19 21:03,3,+21.4,+28.6,+23.5,+40.7,+15.5,+37.3,+19.2,+19.5,+19.5,+19.5,+19.6,+19.0,+19.6
2023-08-19 22:03,3,+21.4,+28.6,+23.5,+40.8,+15.5,+37.3,+19.2,+19.5,+19.5,+19.3,+19.6,+19.1,+19.7
2023-08-19 23:03,3,+21.3,+28.6,+23.5,+40.9,+15.6,+37.4,+19.2,+19.5,+19.5,+19.5,+19.6,+19.1,+19.7
2023-08-20 00:03,3,+21.2,+28.6,+23.5,+40.9,+15.6,+37.4,+19.1,+19.5,+19.5,+19.5,+19.6,+19.0,+19.7
2023-08-20 01:03,3,+21.2,+28.5,+23.5,+40.8,+15.5,+37.3,+19.1,+19.3,+19.5,+19.3,+19.5,+19.0,+19.7
2023-08-20 02:03,3,+21.2,+28.5,+23.5,+40.9,+15.6,+37.4,+19.1,+19.3,+19.5,+19.5,+19.5,+19.0,+19.7
2023-08-20 03:03,3,+21.1,+28.5,+23.5,+40.9,+15.6,+37.4,+19.0,+19.5,+19.5,+19.3,+19.6,+19.0,+19.6
2023-08-20 04:03,3,+21.1,+28.5,+23.5,+40.8,+15.6,+37.3,+19.0,+19.3,+19.5,+19.5,+19.6,+19.0,+19.6
2023-08-20 05:03,3,+21.2,+28.5,+23.5,+40.9,+15.6,+37.4,+19.0,+19.3,+19.5,+19.5,+19.6,+19.0,+19.6
2023-08-20 06:03,3,+21.6,+28.5,+23.5,+40.8,+15.6,+37.3,+19.0,+19.2,+19.5,+19.5,+19.6,+19.1,+19.7
2023-08-20 07:03,3,+26.4,+31.6,+24.0,+40.9,+15.6,+37.4,+18.8,+19.2,+19.5,+19.5,+19.6,+19.0,+19.6
2023-08-20 08:03,3,+24.8,+31.0,+24.0,+40.9,+15.6,+37.4,+18.8,+19.2,+19.5,+19.3,+19.6,+19.1,+19.6
2023-08-20 09:03,3,+27.7,+33.6,+27.9,+42.4,+15.7,+37.4,+18.6,+19.0,+19.3,+19.5,+19.6,+19.0,+19.6
2023-08-20 10:03,3,+24.6,+32.4,+27.5,+42.6,+15.8,+37.4,+18.8,+19.1,+19.5,+19.5,+19.6,+19.1,+19.7
2023-08-20 11:03,3,+23.6,+30.8,+27.0,+42.3,+15.9,+37.4,+18.8,+19.1,+19.5,+19.5,+19.6,+19.0,+19.7
2023-08-20 12:03,3,+22.7,+30.1,+26.5,+41.7,+15.9,+37.4,+19.0,+19.2,+19.3,+19.5,+19.6,+19.1,+19.7
2023-08-20 13:03,3,+22.3,+29.7,+26.1,+41.7,+16.1,+37.5,+19.0,+19.1,+19.3,+19.5,+19.6,+19.1,+19.7
2023-08-20 14:03,3,+21.9,+29.4,+25.8,+41.5,+16.1,+37.6,+19.0,+19.1,+19.3,+19.5,+19.6,+19.0,+19.7
2023-08-20 15:03,3,+21.7,+29.2,+25.6,+41.5,+16.3,+37.7,+19.1,+19.2,+19.3,+19.5,+19.6,+19.0,+19.7
2023-08-20 16:03,3,+21.6,+29.1,+25.4,+41.5,+16.4,+37.9,+19.1,+19.2,+19.3,+19.5,+19.6,+19.1,+19.7
2023-08-20 17:03,3,+21.5,+28.9,+25.3,+41.6,+16.5,+38.0,+19.2,+19.2,+19.3,+19.3,+19.6,+19.0,+19.7
2023-08-20 18:03,3,+21.4,+28.8,+25.1,+41.6,+16.5,+38.1,+19.2,+19.2,+19.3,+19.5,+19.6,+19.0,+19.7
2023-08-20 19:03,3,+21.5,+28.7,+25.0,+41.5,+16.5,+38.2,+19.2,+19.2,+19.3,+19.5,+19.6,+19.1,+19.7
2023-08-20 20:03,3,+21.3,+28.6,+24.9,+41.5,+16.5,+38.2,+19.1,+19.2,+19.5,+19.3,+19.6,+19.0,+19.7
2023-08-20 21:03,3,+21.2,+28.6,+24.8,+41.5,+16.6,+38.3,+19.1,+19.2,+19.5,+19.3,+19.6,+19.1,+19.7
2023-08-20 22:03,3,+21.2,+28.5,+24.7,+41.4,+16.5,+38.4,+19.1,+19.2,+19.3,+19.3,+19.5,+19.1,+19.7
2023-08-20 23:03,3,+21.2,+28.5,+24.6,+41.4,+16.5,+38.4,+19.1,+19.3,+19.5,+19.3,+19.6,+19.1,+19.7
2023-08-21 00:03,3,+21.2,+28.5,+24.5,+41.4,+16.5,+38.5,+19.1,+19.2,+19.3,+19.3,+19.6,+19.0,+19.7
2023-08-21 01:03,3,+21.4,+28.5,+24.4,+41.5,+16.5,+38.5,+19.1,+19.2,+19.3,+19.3,+19.6,+19.0,+19.7
2023-08-21 02:03,3,+21.5,+28.4,+24.2,+41.4,+16.5,+38.6,+19.1,+19.2,+19.3,+19.3,+19.6,+19.0,+19.7
2023-08-21 03:03,3,+21.4,+28.4,+24.1,+41.3,+16.5,+38.5,+19.1,+19.2,+19.3,+19.5,+19.6,+19.0,+19.7
2023-08-21 04:03,3,+21.4,+28.4,+24.1,+41.3,+16.4,+38.6,+19.0,+19.3,+19.5,+19.3,+19.6,+19.0,+19.7
2023-08-21 05:03,3,+21.4,+28.4,+24.0,+41.4,+16.4,+38.6,+19.0,+19.2,+19.5,+19.5,+19.6,+19.0,+19.7
2023-08-21 06:03,3,+21.4,+28.4,+23.9,+41.3,+16.4,+38.6,+19.0,+19.2,+19.5,+19.3,+19.6,+19.0,+19.7
2023-08-21 07:03,3,+21.4,+28.4,+23.8,+41.3,+16.4,+38.6,+19.0,+19.2,+19.5,+19.3,+19.6,+19.0,+19.7
2023-08-21 08:03,3,+21.5,+28.4,+23.8,+41.3,+16.4,+38.6,+19.0,+19.2,+19.5,+19.5,+19.6,+19.1,+19.6
2023-08-21 09:03,3,+22.5,+28.4,+23.8,+41.3,+16.4,+38.6,+19.0,+19.2,+19.5,+19.3,+19.6,+19.0,+19.7
2023-08-21 10:03,3,+22.9,+28.5,+23.7,+41.2,+16.3,+38.5,+19.1,+19.2,+19.3,+19.5,+19.6,+19.0,+19.7
2023-08-21 11:03,3,+23.0,+28.7,+23.7,+41.2,+16.3,+38.5,+19.2,+19.2,+19.5,+19.3,+19.6,+19.1,+19.7
2023-08-21 12:03,3,+22.6,+28.8,+23.7,+41.3,+16.3,+38.5,+19.2,+19.2,+19.5,+19.3,+19.6,+19.1,+19.7
2023-08-21 13:03,3,+22.4,+28.8,+23.7,+41.3,+16.3,+38.5,+19.3,+19.2,+19.5,+19.3,+19.6,+19.1,+19.7
2023-08-21 14:03,3,+22.3,+28.8,+23.6,+41.2,+16.2,+38.4,+19.3,+19.3,+19.3,+19.3,+19.6,+19.1,+19.7
2023-08-21 15:03,3,+22.1,+28.8,+23.7,+41.3,+16.3,+38.4,+19.3,+19.3,+19.5,+19.3,+19.6,+19.0,+19.7
2023-08-21 16:03,3,+22.0,+28.8,+23.7,+41.1,+16.2,+38.4,+19.5,+19.3,+19.3,+19.3,+19.6,+19.1,+19.7
2023-08-21 17:03,3,+30.1,+32.7,+25.9,+41.3,+16.3,+38.4,+19.3,+19.5,+19.5,+19.3,+19.5,+19.0,+19.7
2023-08-21 18:03,3,+30.2,+32.7,+26.8,+41.5,+16.2,+38.4,+19.3,+19.5,+19.5,+19.5,+19.6,+19.0,+19.7
2023-08-21 19:03,3,+26.5,+32.4,+27.5,+42.1,+16.4,+38.4,+19.3,+19.5,+19.5,+19.3,+19.6,+19.1,+19.7
2023-08-21 20:03,3,+24.6,+31.0,+27.4,+42.7,+16.5,+38.4,+19.2,+19.5,+19.5,+19.3,+19.6,+19.0,+19.7
2023-08-21 21:03,3,+23.8,+30.4,+27.1,+42.1,+16.7,+38.4,+19.2,+19.5,+19.5,+19.3,+19.6,+19.0,+19.7
2023-08-21 22:03,3,+23.3,+30.0,+26.8,+42.1,+16.9,+38.5,+19.1,+19.3,+19.5,+19.3,+19.6,+19.0,+19.7
2023-08-21 23:03,3,+23.1,+29.8,+26.4,+41.9,+16.9,+38.8,+19.1,+19.3,+19.6,+19.5,+19.5,+19.0,+19.6
2023-08-22 00:03,3,+22.8,+29.6,+26.2,+42.0,+17.0,+39.1,+19.1,+19.3,+19.5,+19.5,+19.6,+19.0,+19.7
2023-08-22 01:03,3,+22.7,+29.5,+25.9,+41.9,+17.0,+39.2,+19.1,+19.3,+19.5,+19.5,+19.6,+19.0,+19.7
2023-08-22 02:03,3,+22.7,+29.4,+25.7,+41.8,+16.9,+39.3,+19.0,+19.3,+19.5,+19.5,+19.6,+19.0,+19.7
2023-08-22 03:03,3,+22.4,+29.3,+25.4,+41.7,+16.9,+39.4,+19.0,+19.3,+19.5,+19.5,+19.5,+19.1,+19.7
2023-08-22 04:03,3,+22.3,+29.2,+25.3,+41.8,+16.9,+39.4,+19.0,+19.3,+19.5,+19.5,+19.6,+19.1,+19.7
2023-08-22 05:03,3,+22.3,+29.2,+25.2,+41.7,+16.8,+39.4,+19.0,+19.3,+19.5,+19.5,+19.6,+19.0,+19.7
2023-08-22 06:03,3,+22.2,+29.1,+25.1,+41.6,+16.8,+39.4,+19.0,+19.2,+19.5,+19.5,+19.6,+19.0,+19.7
2023-08-22 07:03,3,+22.1,+29.0,+24.9,+41.7,+16.8,+39.4,+19.0,+19.2,+19.5,+19.3,+19.6,+19.0,+19.7
2023-08-22 08:03,3,+22.0,+29.0,+24.8,+41.6,+16.8,+39.3,+19.0,+19.2,+19.5,+19.3,+19.6,+19.0,+19.6
2023-08-22 09:03,3,+21.9,+28.9,+24.6,+41.5,+16.7,+39.3,+19.0,+19.2,+19.5,+19.5,+19.6,+19.0,+19.7
2023-08-22 10:03,3,+21.7,+28.8,+24.5,+41.5,+16.7,+39.3,+19.1,+19.2,+19.5,+19.3,+19.5,+19.1,+19.7
2023-08-22 11:03,3,+21.6,+28.8,+24.4,+41.6,+16.7,+39.3,+19.2,+19.2,+19.5,+19.5,+19.6,+19.1,+19.6
2023-08-22 12:03,3,+21.6,+28.8,+24.3,+41.5,+16.6,+39.2,+19.3,+19.2,+19.5,+19.5,+19.6,+19.0,+19.7
2023-08-22 13:03,3,+28.9,+32.2,+24.5,+41.5,+16.6,+39.2,+19.3,+19.3,+19.3,+19.5,+19.6,+19.0,+19.6
2023-08-22 14:03,3,+33.9,+33.4,+33.2,+42.7,+16.7,+39.2,+19.3,+19.5,+19.5,+19.5,+19.6,+19.0,+19.6
2023-08-22 15:03,3,+36.2,+33.4,+32.2,+43.0,+18.4,+43.9,+19.1,+19.3,+19.5,+19.5,+19.6,+19.0,+19.7
2023-08-22 16:03,3,+39.6,+33.8,+32.2,+43.1,+18.4,+43.9,+18.8,+19.1,+19.3,+19.3,+19.6,+19.0,+19.7
2023-08-22 17:03,3,+49.5,+33.8,+29.0,+42.9,+18.0,+43.6,+19.0,+19.2,+19.5,+19.3,+19.6,+19.1,+19.7
2023-08-22 18:03,3,+50.6,+34.1,+29.0,+42.9,+17.6,+43.0,+18.8,+19.2,+19.5,+19.3,+19.6,+19.0,+19.7
2023-08-22 19:03,3,+45.2,+34.1,+29.1,+43.1,+17.8,+43.1,+18.7,+19.1,+19.5,+19.3,+19.6,+19.1,+19.7
2023-08-22 20:03,3,+49.1,+33.9,+28.6,+43.1,+17.7,+43.0,+18.6,+19.1,+19.5,+19.5,+19.6,+19.1,+19.7
2023-08-22 21:03,3,+48.0,+34.4,+29.9,+43.1,+17.7,+43.0,+18.3,+19.0,+19.3,+19.5,+19.5,+19.1,+19.6
2023-08-22 22:03,3,+47.5,+34.3,+30.3,+43.3,+18.1,+43.3,+18.3,+18.8,+19.3,+19.5,+19.6,+19.0,+19.7
2023-08-22 23:03,3,+30.8,+33.3,+29.5,+43.2,+18.0,+43.3,+18.5,+19.0,+19.3,+19.3,+19.6,+19.0,+19.6
2023-08-23 00:03,3,+45.3,+34.0,+28.1,+42.6,+17.7,+43.0,+18.5,+19.0,+19.3,+19.5,+19.6,+19.1,+19.6
2023-08-23 01:03,3,+49.2,+34.5,+29.1,+42.6,+17.6,+42.8,+18.2,+18.7,+19.3,+19.3,+19.5,+19.0,+19.7
2023-08-23 02:03,3,+37.1,+33.6,+31.0,+42.9,+18.1,+43.2,+18.3,+18.8,+19.2,+19.3,+19.6,+19.0,+19.7
2023-08-23 03:03,3,+32.4,+33.2,+28.9,+42.9,+17.9,+43.1,+18.3,+18.8,+19.2,+19.3,+19.6,+19.0,+19.7
2023-08-23 04:03,3,+30.2,+31.9,+27.6,+42.4,+17.6,+42.8,+18.3,+18.8,+19.2,+19.3,+19.6,+19.0,+19.7
2023-08-23 05:03,3,+29.5,+31.4,+27.3,+42.2,+17.4,+42.6,+18.3,+18.8,+19.2,+19.3,+19.6,+19.1,+19.7
2023-08-23 06:03,3,+28.7,+30.8,+27.0,+42.3,+17.4,+41.9,+18.2,+18.8,+19.2,+19.3,+19.6,+19.0,+19.7
2023-08-23 07:03,3,+28.4,+30.4,+26.7,+42.2,+17.3,+41.4,+18.2,+18.8,+19.2,+19.3,+19.6,+19.0,+19.6
2023-08-23 08:03,3,+28.0,+30.2,+26.4,+42.0,+17.2,+41.2,+18.3,+18.8,+19.2,+19.3,+19.6,+19.0,+19.7
2023-08-23 09:03,3,+27.8,+30.0,+26.3,+42.0,+17.1,+41.1,+18.3,+18.7,+19.2,+19.3,+19.6,+19.1,+19.6
2023-08-23 10:03,3,+27.6,+29.9,+26.1,+42.0,+17.1,+41.0,+18.5,+18.8,+19.2,+19.3,+19.6,+19.1,+19.7
2023-08-23 11:03,3,+27.5,+29.8,+25.9,+42.1,+17.1,+40.9,+18.5,+18.8,+19.2,+19.3,+19.5,+19.0,+19.6
2023-08-23 12:03,3,+27.5,+29.7,+25.7,+41.9,+17.0,+40.6,+18.6,+18.8,+19.2,+19.3,+19.6,+19.0,+19.7
2023-08-23 13:03,3,+27.3,+29.7,+25.6,+41.9,+17.0,+40.5,+18.7,+18.8,+19.2,+19.3,+19.5,+19.0,+19.6
2023-08-23 14:03,3,+27.2,+29.6,+25.4,+41.9,+17.0,+40.4,+18.8,+18.8,+19.2,+19.3,+19.6,+19.0,+19.7
2023-08-23 15:03,3,+27.1,+29.5,+25.3,+41.8,+16.9,+40.3,+18.8,+18.8,+19.2,+19.2,+19.5,+19.0,+19.7
2023-08-23 16:03,3,+27.0,+29.5,+25.1,+41.8,+16.9,+40.1,+19.0,+19.0,+19.2,+19.3,+19.5,+19.0,+19.7
2023-08-23 17:03,3,+26.6,+29.5,+24.9,+41.8,+16.9,+40.1,+19.0,+19.0,+19.1,+19.3,+19.6,+19.0,+19.7
2023-08-23 18:03,3,+26.5,+29.4,+24.7,+41.8,+16.8,+40.0,+18.8,+19.0,+19.2,+19.3,+19.5,+19.0,+19.6
2023-08-23 19:03,3,+49.6,+31.2,+24.7,+41.7,+16.8,+39.9,+18.7,+19.0,+19.2,+19.2,+19.5,+19.0,+19.7
2023-08-23 20:03,3,+49.1,+32.4,+26.0,+41.7,+16.7,+39.8,+18.6,+19.0,+19.2,+19.2,+19.5,+19.0,+19.7
2023-08-23 21:03,3,+35.8,+32.2,+28.3,+42.1,+16.8,+39.7,+18.7,+19.0,+19.2,+19.2,+19.6,+19.0,+19.7
2023-08-23 22:03,3,+32.6,+32.0,+28.5,+42.6,+17.0,+39.7,+18.7,+19.0,+19.2,+19.2,+19.6,+19.0,+19.6
2023-08-23 23:03,3,+31.6,+31.5,+28.0,+42.4,+17.1,+39.9,+18.6,+19.0,+19.2,+19.2,+19.5,+19.0,+19.7
2023-08-24 00:03,3,+33.2,+31.3,+27.6,+42.4,+17.2,+40.1,+18.6,+19.0,+19.2,+19.2,+19.5,+18.8,+19.7
2023-08-24 01:03,3,+30.5,+31.5,+27.3,+42.2,+17.2,+40.2,+18.7,+19.0,+19.2,+19.2,+19.5,+19.0,+19.7
2023-08-24 02:03,3,+29.7,+31.3,+27.2,+42.3,+17.2,+40.2,+18.6,+19.0,+19.2,+19.2,+19.5,+19.0,+19.7
2023-08-24 03:03,3,+28.8,+30.9,+27.0,+42.2,+17.1,+40.2,+18.6,+19.0,+19.2,+19.2,+19.5,+19.0,+19.6
2023-08-24 04:03,3,+28.4,+30.6,+26.8,+42.3,+17.2,+40.2,+18.6,+19.0,+19.2,+19.2,+19.5,+19.0,+19.6
2023-08-24 05:03,3,+28.1,+30.4,+26.5,+42.1,+17.1,+40.2,+18.5,+19.0,+19.2,+19.2,+19.5,+18.8,+19.6
2023-08-24 06:03,3,+27.8,+30.2,+26.3,+42.1,+17.1,+40.1,+18.5,+18.8,+19.2,+19.2,+19.5,+19.0,+19.7
2023-08-24 07:03,3,+27.6,+30.1,+26.1,+42.0,+17.1,+40.1,+18.5,+18.8,+19.2,+19.2,+19.5,+19.0,+19.7
2023-08-24 08:03,3,+27.5,+30.0,+25.9,+42.1,+17.1,+40.1,+18.5,+18.8,+19.2,+19.2,+19.5,+19.0,+19.7
2023-08-24 09:03,3,+28.5,+30.0,+25.7,+42.0,+17.0,+40.0,+18.5,+18.8,+19.2,+19.2,+19.5,+19.0,+19.6
2023-08-24 10:03,3,+30.4,+30.8,+25.6,+42.1,+17.1,+40.0,+18.5,+18.8,+19.2,+19.2,+19.5,+19.0,+19.6
2023-08-24 11:03,3,+29.4,+30.8,+25.4,+42.0,+17.0,+39.9,+18.6,+18.8,+19.2,+19.2,+19.5,+19.0,+19.6
2023-08-24 12:03,3,+28.9,+30.6,+25.4,+42.0,+17.0,+39.9,+18.7,+18.8,+19.2,+19.2,+19.5,+19.0,+19.6
2023-08-24 13:03,3,+33.8,+31.2,+25.3,+41.9,+16.9,+39.8,+18.7,+18.8,+19.1,+19.2,+19.5,+19.0,+19.7
2023-08-24 14:03,3,+31.4,+31.5,+25.4,+41.9,+16.9,+39.8,+18.7,+18.8,+19.2,+19.2,+19.5,+19.0,+19.7
2023-08-24 15:03,3,+29.4,+31.5,+25.6,+41.9,+16.9,+39.7,+18.8,+19.0,+19.1,+19.2,+19.5,+18.8,+19.7
2023-08-24 16:03,3,+28.8,+31.1,+25.7,+42.0,+16.9,+39.7,+18.7,+19.0,+19.2,+19.2,+19.5,+19.0,+19.7
2023-08-24 17:03,3,+28.5,+30.8,+25.7,+42.0,+16.9,+39.6,+18.7,+19.0,+19.1,+19.2,+19.5,+19.0,+19.6
2023-08-24 18:03,3,+28.1,+30.5,+25.7,+41.9,+16.8,+39.6,+18.7,+19.0,+19.2,+19.2,+19.5,+18.8,+19.6
2023-08-24 19:03,3,+27.9,+30.3,+25.6,+41.9,+16.8,+39.5,+18.7,+19.0,+19.1,+19.2,+19.5,+19.0,+19.6
2023-08-24 20:03,3,+27.8,+30.1,+25.5,+42.0,+16.9,+39.5,+18.7,+19.0,+19.1,+19.2,+19.5,+19.0,+19.6
2023-08-24 21:03,3,+27.8,+30.0,+25.4,+41.9,+16.9,+39.5,+18.7,+19.0,+19.2,+19.2,+19.3,+19.0,+19.7
2023-08-24 22:03,3,+27.7,+29.9,+25.2,+41.9,+16.9,+39.5,+18.6,+19.0,+19.2,+19.2,+19.5,+19.0,+19.6
2023-08-24 23:03,3,+27.7,+29.9,+25.1,+41.9,+16.8,+39.5,+18.6,+19.0,+19.2,+19.2,+19.5,+19.0,+19.6
2023-08-25 00:03,3,+27.3,+29.8,+25.0,+41.8,+16.8,+39.4,+18.6,+18.8,+19.1,+19.2,+19.5,+19.0,+19.6
2023-08-25 01:03,3,+27.1,+29.7,+24.8,+41.9,+16.8,+39.5,+18.6,+19.0,+19.1,+19.2,+19.5,+18.8,+19.7
2023-08-25 02:03,3,+27.3,+29.7,+24.7,+41.9,+16.8,+39.4,+18.5,+19.0,+19.2,+19.2,+19.5,+19.0,+19.6
2023-08-25 03:03,3,+27.6,+29.6,+24.6,+41.8,+16.8,+39.4,+18.5,+18.8,+19.2,+19.2,+19.5,+19.0,+19.6
2023-08-25 04:03,3,+27.2,+29.6,+24.6,+41.7,+16.7,+39.3,+18.3,+18.8,+19.1,+19.2,+19.5,+19.0,+19.6
2023-08-25 05:03,3,+26.9,+29.6,+24.5,+41.7,+16.6,+39.3,+18.5,+18.8,+19.2,+19.2,+19.5,+18.8,+19.7
2023-08-25 06:03,3,+26.8,+29.5,+24.4,+41.8,+16.7,+39.3,+18.3,+18.8,+19.1,+19.2,+19.5,+19.0,+19.6
2023-08-25 07:03,3,+27.1,+29.5,+24.4,+41.7,+16.7,+39.2,+18.5,+18.8,+19.1,+19.2,+19.5,+19.0,+19.6
2023-08-25 08:03,3,+27.1,+29.5,+24.4,+41.6,+16.6,+39.2,+18.5,+18.8,+19.2,+19.2,+19.5,+19.0,+19.6
2023-08-25 09:03,3,+26.3,+29.5,+24.3,+41.6,+16.6,+39.2,+18.6,+18.8,+19.1,+19.2,+19.5,+19.0,+19.6
2023-08-25 10:03,3,+26.2,+29.5,+24.3,+41.6,+16.6,+39.1,+18.7,+18.8,+19.1,+19.2,+19.3,+18.8,+19.6
2023-08-25 11:03,3,+26.2,+29.4,+24.2,+41.6,+16.5,+39.1,+18.8,+18.8,+19.1,+19.2,+19.5,+19.0,+19.6
2023-08-25 12:03,3,+26.2,+29.4,+24.2,+41.6,+16.5,+39.0,+19.0,+19.0,+19.1,+19.2,+19.5,+18.8,+19.6
2023-08-25 13:03,3,+26.1,+29.4,+24.2,+41.7,+16.6,+39.0,+19.2,+19.0,+19.1,+19.2,+19.5,+19.0,+19.6
2023-08-25 14:03,3,+26.1,+29.4,+24.1,+41.5,+16.5,+39.0,+19.2,+19.0,+19.1,+19.2,+19.5,+19.0,+19.6
2023-08-25 15:03,3,+26.1,+29.4,+24.1,+41.5,+16.5,+38.9,+19.3,+19.1,+19.1,+19.2,+19.5,+18.8,+19.6
2023-08-25 16:03,3,+30.8,+29.5,+24.1,+41.6,+16.5,+39.0,+19.5,+19.1,+19.2,+19.2,+19.5,+18.8,+19.6
2023-08-25 17:03,3,+30.0,+29.5,+24.1,+41.6,+16.5,+38.9,+19.5,+19.2,+19.2,+19.2,+19.5,+19.0,+19.6
2023-08-25 18:03,3,+29.1,+29.7,+24.1,+41.6,+16.5,+38.9,+19.5,+19.1,+19.2,+19.2,+19.5,+19.0,+19.6
2023-08-25 19:03,3,+28.5,+29.8,+24.1,+41.5,+16.4,+38.8,+19.3,+19.2,+19.2,+19.2,+19.5,+18.8,+19.6
2023-08-25 20:03,3,+28.1,+29.9,+24.1,+41.5,+16.4,+38.8,+19.3,+19.2,+19.2,+19.2,+19.3,+18.8,+19.6
2023-08-25 21:03,3,+27.9,+29.9,+24.0,+41.5,+16.4,+38.7,+19.3,+19.3,+19.2,+19.2,+19.5,+18.8,+19.7
2023-08-25 22:03,3,+27.5,+29.9,+24.1,+41.6,+16.4,+38.8,+19.3,+19.3,+19.2,+19.2,+19.5,+19.0,+19.6
2023-08-25 23:03,3,+27.4,+29.9,+24.1,+41.6,+16.4,+38.7,+19.2,+19.2,+19.3,+19.2,+19.5,+19.0,+19.6
2023-08-26 00:03,3,+27.2,+29.9,+24.1,+41.6,+16.4,+38.7,+19.1,+19.2,+19.3,+19.2,+19.5,+18.8,+19.6
2023-08-26 01:03,3,+27.0,+29.9,+24.1,+41.5,+16.4,+38.7,+19.1,+19.3,+19.3,+19.2,+19.5,+19.0,+19.6
2023-08-26 02:03,3,+26.9,+29.9,+24.1,+41.5,+16.3,+38.6,+19.2,+19.3,+19.3,+19.2,+19.3,+18.8,+19.6
2023-08-26 03:03,3,+26.8,+29.8,+24.1,+41.6,+16.4,+38.6,+19.2,+19.2,+19.3,+19.2,+19.5,+18.8,+19.6
2023-08-26 04:03,3,+26.7,+29.8,+24.1,+41.5,+16.3,+38.6,+19.2,+19.2,+19.3,+19.2,+19.5,+18.8,+19.6
2023-08-26 05:03,3,+26.6,+29.8,+24.1,+41.6,+16.4,+38.6,+19.1,+19.3,+19.3,+19.2,+19.5,+19.0,+19.6
2023-08-26 06:03,3,+26.6,+29.8,+24.1,+41.5,+16.3,+38.5,+19.2,+19.2,+19.3,+19.2,+19.5,+19.0,+19.6
2023-08-26 07:03,3,+26.5,+29.7,+24.1,+41.5,+16.3,+38.5,+19.2,+19.2,+19.3,+19.2,+19.5,+19.0,+19.6
2023-08-26 08:03,3,+26.5,+29.7,+24.1,+41.5,+16.3,+38.5,+19.2,+19.2,+19.3,+19.3,+19.5,+18.8,+19.6
2023-08-26 09:03,3,+26.4,+29.7,+24.1,+41.5,+16.3,+38.5,+19.3,+19.2,+19.3,+19.2,+19.5,+18.8,+19.6
2023-08-26 10:03,3,+26.4,+29.7,+24.1,+41.5,+16.3,+38.5,+19.5,+19.3,+19.3,+19.3,+19.3,+18.8,+19.6
2023-08-26 11:03,3,+26.4,+29.7,+24.1,+41.6,+16.3,+38.5,+19.5,+19.3,+19.3,+19.3,+19.5,+19.0,+19.6
2023-08-26 12:03,3,+26.3,+29.6,+24.1,+41.5,+16.3,+38.5,+19.7,+19.3,+19.5,+19.3,+19.5,+19.0,+19.6
2023-08-26 13:03,3,+26.3,+29.6,+24.1,+41.5,+16.3,+38.4,+19.7,+19.5,+19.3,+19.2,+19.5,+18.8,+19.6
2023-08-26 14:03,3,+26.4,+29.6,+24.1,+41.6,+16.3,+38.4,+19.8,+19.5,+19.3,+19.3,+19.5,+18.8,+19.6
2023-08-26 15:03,3,+32.4,+31.7,+24.1,+41.5,+16.3,+38.4,+19.8,+19.5,+19.5,+19.3,+19.5,+18.8,+19.6
2023-08-26 16:03,3,+29.6,+31.3,+24.1,+41.5,+16.3,+38.4,+19.8,+19.6,+19.3,+19.3,+19.5,+19.0,+19.6
2023-08-26 17:03,3,+28.9,+31.0,+24.1,+41.5,+16.3,+38.4,+19.8,+19.6,+19.5,+19.3,+19.5,+19.0,+19.6
2023-08-26 18:03,3,+28.3,+30.7,+24.1,+41.6,+16.3,+38.4,+19.8,+19.6,+19.5,+19.3,+19.5,+19.0,+19.6
2023-08-26 19:03,3,+28.0,+30.7,+24.2,+41.6,+16.3,+38.4,+19.8,+19.6,+19.6,+19.3,+19.5,+18.8,+19.6
2023-08-26 20:03,3,+27.8,+30.6,+24.2,+41.6,+16.3,+38.4,+19.8,+19.7,+19.5,+19.3,+19.5,+19.0,+19.6
2023-08-26 21:03,3,+27.6,+30.6,+24.2,+41.6,+16.3,+38.3,+19.7,+19.7,+19.6,+19.3,+19.6,+19.0,+19.6
2023-08-26 22:03,3,+27.4,+30.5,+24.3,+41.5,+16.3,+38.3,+19.7,+19.7,+19.6,+19.3,+19.5,+18.8,+19.6
2023-08-26 23:03,3,+27.4,+30.5,+24.3,+41.5,+16.3,+38.3,+19.7,+19.7,+19.6,+19.3,+19.6,+19.0,+19.6
2023-08-27 00:03,3,+27.9,+30.4,+24.4,+41.6,+16.3,+38.3,+19.7,+19.7,+19.6,+19.5,+19.5,+19.0,+19.6
2023-08-27 01:03,3,+28.2,+30.4,+24.4,+41.6,+16.3,+38.3,+19.7,+19.7,+19.6,+19.5,+19.5,+19.0,+19.6
2023-08-27 02:03,3,+28.2,+30.5,+24.4,+41.5,+16.3,+38.3,+19.6,+19.7,+19.6,+19.3,+19.5,+18.8,+19.6
2023-08-27 03:03,3,+28.4,+30.5,+24.4,+41.6,+16.3,+38.3,+19.6,+19.7,+19.6,+19.5,+19.5,+18.8,+19.6
2023-08-27 04:03,3,+28.4,+30.5,+24.4,+41.6,+16.3,+38.3,+19.5,+19.7,+19.6,+19.5,+19.5,+19.0,+19.6
2023-08-27 05:03,3,+28.3,+30.5,+24.4,+41.6,+16.3,+38.3,+19.5,+19.7,+19.7,+19.5,+19.6,+19.0,+19.6
2023-08-27 06:03,3,+28.2,+30.5,+24.4,+41.5,+16.3,+38.2,+19.5,+19.6,+19.7,+19.5,+19.6,+19.0,+19.6
2023-08-27 07:03,3,+28.2,+30.4,+24.5,+41.5,+16.3,+38.2,+19.3,+19.6,+19.6,+19.5,+19.5,+19.0,+19.6
2023-08-27 08:03,3,+28.1,+30.4,+24.5,+41.5,+16.3,+38.2,+19.5,+19.6,+19.7,+19.5,+19.5,+19.0,+19.6
2023-08-27 09:03,3,+27.8,+30.3,+24.5,+41.5,+16.3,+38.2,+19.5,+19.6,+19.6,+19.5,+19.5,+19.0,+19.6
2023-08-27 10:03,3,+27.6,+30.2,+24.5,+41.5,+16.3,+38.2,+19.6,+19.6,+19.7,+19.5,+19.5,+19.0,+19.6
2023-08-27 11:03,3,+27.5,+30.2,+24.4,+41.5,+16.3,+38.2,+19.7,+19.6,+19.6,+19.5,+19.5,+19.0,+19.6
2023-08-27 12:03,3,+27.4,+30.1,+24.5,+41.6,+16.3,+38.2,+19.8,+19.6,+19.6,+19.5,+19.5,+19.0,+19.6
2023-08-27 13:03,3,+27.4,+30.1,+24.4,+41.6,+16.3,+38.2,+20.1,+19.6,+19.6,+19.5,+19.5,+19.1,+19.6
2023-08-27 14:03,3,+27.3,+30.0,+24.4,+41.5,+16.3,+38.2,+20.1,+19.7,+19.7,+19.5,+19.6,+19.0,+19.6
2023-08-27 15:03,3,+27.3,+30.0,+24.4,+41.5,+16.3,+38.2,+20.2,+19.7,+19.6,+19.5,+19.6,+19.0,+19.6
2023-08-27 16:03,3,+27.3,+29.9,+24.4,+41.6,+16.3,+38.2,+20.2,+19.8,+19.7,+19.5,+19.6,+19.0,+19.7
2023-08-27 17:03,3,+27.2,+29.9,+24.4,+41.6,+16.3,+38.2,+20.2,+19.8,+19.7,+19.6,+19.5,+19.0,+19.6
2023-08-27 18:03,3,+27.2,+29.8,+24.4,+41.6,+16.3,+38.2,+20.2,+19.8,+19.7,+19.5,+19.6,+19.0,+19.6
2023-08-27 19:03,3,+27.2,+29.8,+24.3,+41.6,+16.3,+38.2,+20.2,+20.0,+19.7,+19.5,+19.6,+19.0,+19.7
2023-08-27 20:03,3,+27.2,+29.8,+24.3,+41.5,+16.3,+38.2,+20.1,+20.0,+19.7,+19.5,+19.6,+19.0,+19.7
2023-08-27 21:03,3,+27.2,+29.8,+24.3,+41.6,+16.3,+38.2,+20.1,+20.0,+19.8,+19.5,+19.6,+19.1,+19.6
2023-08-27 22:03,3,+27.2,+29.8,+24.3,+41.6,+16.3,+38.2,+20.1,+20.0,+19.8,+19.6,+19.6,+19.0,+19.6
2023-08-27 23:03,3,+27.1,+29.7,+24.3,+41.5,+16.3,+38.2,+20.0,+20.0,+19.8,+19.6,+19.6,+19.0,+19.6
2023-08-28 00:03,3,+27.1,+29.7,+24.3,+41.6,+16.4,+38.2,+19.8,+20.0,+19.8,+19.5,+19.6,+19.1,+19.7
2023-08-28 01:03,3,+27.1,+29.7,+24.3,+41.6,+16.3,+38.2,+19.8,+20.0,+19.8,+19.6,+19.6,+19.0,+19.7
2023-08-28 02:03,3,+27.1,+29.7,+24.2,+41.6,+16.4,+38.2,+19.8,+20.0,+19.8,+19.6,+19.6,+19.1,+19.7
2023-08-28 03:03,3,+27.1,+29.7,+24.2,+41.5,+16.3,+38.2,+19.8,+20.0,+19.8,+19.6,+19.6,+19.0,+19.7
2023-08-28 04:03,3,+27.1,+29.7,+24.2,+41.6,+16.4,+38.2,+19.7,+20.0,+19.8,+19.6,+19.6,+19.1,+19.6
2023-08-28 05:03,3,+27.1,+29.7,+24.2,+41.5,+16.3,+38.2,+19.7,+20.0,+19.8,+19.6,+19.6,+19.0,+19.6
2023-08-28 06:03,3,+27.0,+29.6,+24.2,+41.6,+16.4,+38.2,+19.6,+19.8,+19.8,+19.6,+19.6,+19.1,+19.7
2023-08-28 07:03,3,+27.0,+29.6,+24.2,+41.6,+16.3,+38.2,+19.6,+19.8,+19.8,+19.6,+19.6,+19.0,+19.6
2023-08-28 08:03,3,+27.0,+29.6,+24.2,+41.6,+16.3,+38.2,+19.6,+19.8,+19.8,+19.6,+19.6,+19.1,+19.7
2023-08-28 09:03,3,+26.9,+29.6,+24.1,+41.6,+16.3,+38.2,+19.7,+19.8,+19.8,+19.6,+19.6,+19.1,+19.7
2023-08-28 10:03,3,+26.9,+29.6,+24.1,+41.6,+16.3,+38.2,+19.7,+19.8,+19.8,+19.6,+19.7,+19.1,+19.7
2023-08-28 11:03,3,+26.8,+29.5,+24.1,+41.5,+16.3,+38.2,+19.8,+19.8,+19.8,+19.6,+19.7,+19.1,+19.7
2023-08-28 12:03,3,+26.8,+29.5,+24.1,+41.6,+16.3,+38.2,+20.0,+19.8,+19.8,+19.6,+19.7,+19.1,+19.7
2023-08-28 13:03,3,+26.8,+29.5,+24.1,+41.6,+16.3,+38.2,+20.1,+19.8,+19.8,+19.6,+19.7,+19.1,+19.6
2023-08-28 14:03,3,+26.8,+29.5,+24.1,+41.6,+16.3,+38.2,+20.1,+19.8,+19.8,+19.6,+19.6,+19.1,+19.7
2023-08-28 15:03,3,+26.7,+29.5,+24.1,+41.6,+16.3,+38.2,+20.1,+20.0,+19.8,+19.7,+19.7,+19.1,+19.7
2023-08-28 16:03,3,+26.7,+29.3,+24.1,+41.5,+16.3,+38.2,+20.1,+20.0,+19.8,+19.6,+19.7,+19.1,+19.7
2023-08-28 17:03,3,+27.7,+29.3,+24.1,+41.6,+16.3,+38.2,+20.1,+20.0,+19.8,+19.6,+19.7,+19.1,+19.7
2023-08-28 18:03,3,+27.9,+29.3,+24.1,+41.6,+16.3,+38.2,+20.1,+20.0,+19.8,+19.6,+19.7,+19.1,+19.7
2023-08-28 19:03,3,+28.1,+29.3,+24.0,+41.5,+16.3,+38.2,+20.1,+20.0,+20.0,+19.6,+19.7,+19.1,+19.7
2023-08-28 20:03,3,+28.1,+29.3,+24.0,+41.6,+16.3,+38.2,+20.1,+20.0,+20.0,+19.6,+19.7,+19.2,+19.7
2023-08-28 21:03,3,+28.1,+29.3,+24.0,+41.5,+16.3,+38.2,+20.1,+20.0,+20.0,+19.6,+19.7,+19.1,+19.7
2023-08-28 22:03,3,+28.0,+29.2,+24.0,+41.6,+16.3,+38.2,+20.0,+20.1,+20.0,+19.6,+19.7,+19.1,+19.7
2023-08-28 23:03,3,+27.9,+29.2,+24.0,+41.6,+16.3,+38.2,+20.0,+20.0,+19.8,+19.7,+19.7,+19.1,+19.7
2023-08-29 00:03,3,+28.0,+29.0,+24.0,+41.5,+16.3,+38.2,+20.0,+20.1,+20.0,+19.7,+19.7,+19.1,+19.7
2023-08-29 01:03,3,+27.9,+29.0,+24.0,+41.6,+16.3,+38.2,+20.0,+20.0,+20.0,+19.7,+19.7,+19.1,+19.7
2023-08-29 02:03,3,+27.9,+28.9,+24.0,+41.5,+16.3,+38.2,+19.8,+20.0,+20.0,+19.7,+19.7,+19.1,+19.7
2023-08-29 03:03,3,+27.8,+28.9,+23.9,+41.5,+16.3,+38.2,+19.8,+20.0,+20.0,+19.7,+19.7,+19.1,+19.7
2023-08-29 04:03,3,+27.8,+28.9,+23.9,+41.6,+16.3,+38.2,+19.8,+20.0,+20.0,+19.7,+19.7,+19.1,+19.7
2023-08-29 05:03,3,+27.8,+28.9,+23.9,+41.5,+16.3,+38.2,+19.7,+20.0,+20.0,+19.7,+19.7,+19.1,+19.7
2023-08-29 06:03,3,+27.6,+28.9,+23.9,+41.6,+16.3,+38.2,+19.7,+20.0,+20.0,+19.7,+19.7,+19.1,+19.7
2023-08-29 07:03,3,+27.5,+28.8,+23.9,+41.6,+16.3,+38.2,+19.7,+20.0,+20.0,+19.7,+19.7,+19.1,+19.7
2023-08-29 08:03,3,+27.4,+28.8,+23.9,+41.5,+16.3,+38.1,+19.7,+20.0,+20.0,+19.7,+19.7,+19.2,+19.7
2023-08-29 09:03,3,+27.4,+28.8,+23.9,+41.5,+16.3,+38.1,+20.0,+20.0,+20.0,+19.7,+19.7,+19.1,+19.7
2023-08-29 10:03,3,+27.3,+28.8,+23.9,+41.6,+16.3,+38.2,+20.1,+20.0,+20.0,+19.7,+19.7,+19.2,+19.7
2023-08-29 11:03,3,+27.2,+28.8,+23.9,+41.5,+16.3,+38.2,+20.2,+20.0,+20.0,+19.7,+19.7,+19.1,+19.7
2023-08-29 12:03,3,+27.3,+28.7,+23.9,+41.5,+16.3,+38.2,+20.5,+20.0,+20.0,+19.7,+19.7,+19.2,+19.7
2023-08-29 13:03,3,+27.8,+28.7,+23.8,+41.4,+16.3,+38.1,+20.5,+20.1,+20.0,+19.7,+19.7,+19.2,+19.7
2023-08-29 14:03,3,+27.8,+28.7,+23.8,+41.4,+16.2,+38.1,+20.6,+20.1,+20.0,+19.7,+19.7,+19.2,+19.7
2023-08-29 15:03,3,+27.9,+28.7,+23.8,+41.4,+16.2,+38.1,+20.6,+20.2,+20.0,+19.7,+19.7,+19.1,+19.7
2023-08-29 16:03,3,+27.8,+28.6,+23.8,+41.5,+16.3,+38.1,+20.6,+20.2,+20.0,+19.7,+19.7,+19.2,+19.7
2023-08-29 17:03,3,+27.7,+28.7,+23.8,+41.4,+16.2,+38.1,+20.6,+20.2,+20.0,+19.7,+19.7,+19.2,+19.7
2023-08-29 18:03,3,+27.6,+28.6,+23.8,+41.5,+16.3,+38.1,+20.6,+20.2,+20.0,+19.7,+19.7,+19.2,+19.7
2023-08-29 19:03,3,+27.6,+28.6,+23.8,+41.5,+16.3,+38.1,+20.6,+20.3,+20.1,+19.7,+19.7,+19.2,+19.7
2023-08-29 20:03,3,+27.5,+28.5,+23.8,+41.5,+16.3,+38.1,+20.5,+20.3,+20.0,+19.7,+19.7,+19.2,+19.7
2023-08-29 21:03,3,+27.5,+28.5,+23.8,+41.4,+16.2,+38.1,+20.5,+20.3,+20.1,+19.7,+19.8,+19.2,+19.7
2023-08-29 22:03,3,+27.3,+28.5,+23.8,+41.4,+16.2,+38.1,+20.5,+20.3,+20.1,+19.7,+19.8,+19.2,+19.7
2023-08-29 23:03,3,+27.3,+28.5,+23.8,+41.4,+16.2,+38.1,+20.3,+20.3,+20.1,+19.8,+19.7,+19.2,+19.7
2023-08-30 00:03,3,+27.4,+28.5,+23.8,+41.4,+16.2,+38.1,+20.3,+20.3,+20.1,+19.8,+19.8,+19.2,+19.7
2023-08-30 01:03,3,+27.4,+28.5,+23.8,+41.4,+16.2,+38.0,+20.3,+20.3,+20.1,+19.8,+19.8,+19.2,+19.7
2023-08-30 02:03,3,+27.4,+28.5,+23.8,+41.5,+16.2,+38.1,+20.3,+20.3,+20.2,+19.8,+19.8,+19.2,+19.7
2023-08-30 03:03,3,+27.3,+28.5,+23.8,+41.4,+16.2,+38.0,+20.2,+20.2,+20.2,+19.8,+19.8,+19.2,+19.7
2023-08-30 04:03,3,+27.3,+28.5,+23.8,+41.5,+16.3,+38.1,+20.1,+20.2,+20.2,+19.8,+19.8,+19.2,+19.7
2023-08-30 05:03,3,+27.2,+28.5,+23.8,+41.5,+16.2,+38.1,+20.1,+20.2,+20.2,+19.8,+19.8,+19.2,+19.7
2023-08-30 06:03,3,+27.3,+28.5,+23.8,+41.5,+16.2,+38.1,+20.0,+20.2,+20.2,+19.8,+19.8,+19.2,+19.8
2023-08-30 07:03,3,+27.3,+28.4,+23.8,+41.4,+16.2,+38.0,+20.1,+20.2,+20.2,+19.8,+19.8,+19.2,+19.8
2023-08-30 08:03,3,+27.2,+28.4,+23.8,+41.5,+16.2,+38.0,+20.0,+20.2,+20.2,+19.8,+19.8,+19.2,+19.8
2023-08-30 09:03,3,+27.2,+28.4,+23.8,+41.4,+16.2,+38.0,+20.0,+20.2,+20.2,+19.8,+19.8,+19.2,+19.8
2023-08-30 10:03,3,+27.1,+28.4,+23.7,+41.4,+16.2,+38.0,+20.1,+20.2,+20.2,+19.8,+19.8,+19.2,+19.8
2023-08-30 11:03,3,+27.0,+28.4,+23.7,+41.4,+16.2,+38.0,+20.2,+20.2,+20.2,+20.0,+19.8,+19.2,+19.7
2023-08-30 12:03,3,+27.0,+28.4,+23.7,+41.5,+16.2,+38.0,+20.3,+20.2,+20.2,+19.8,+19.8,+19.2,+19.8
2023-08-30 13:03,3,+27.0,+28.4,+23.7,+41.5,+16.2,+38.0,+20.5,+20.2,+20.2,+20.0,+19.8,+19.2,+19.8
2023-08-30 14:03,3,+27.1,+28.4,+23.7,+41.5,+16.2,+38.0,+20.7,+20.2,+20.2,+19.8,+19.8,+19.2,+19.8
2023-08-30 15:03,3,+26.9,+28.4,+23.7,+41.5,+16.2,+38.0,+20.7,+20.3,+20.2,+19.8,+19.8,+19.2,+19.8
2023-08-30 16:03,3,+27.0,+28.4,+23.7,+41.4,+16.2,+38.0,+20.7,+20.3,+20.2,+19.8,+19.8,+19.2,+19.8
2023-08-30 17:03,3,+26.9,+28.3,+23.7,+41.4,+16.2,+38.0,+20.7,+20.5,+20.2,+19.8,+19.8,+19.2,+19.8
2023-08-30 18:03,3,+26.8,+28.4,+23.7,+41.5,+16.2,+38.0,+20.7,+20.3,+20.2,+19.8,+19.8,+19.2,+19.8
2023-08-30 19:03,3,+26.8,+28.6,+23.7,+41.4,+16.2,+38.0,+20.7,+20.5,+20.2,+19.8,+19.8,+19.2,+19.8
2023-08-30 20:03,3,+26.8,+28.5,+23.7,+41.5,+16.2,+38.0,+20.6,+20.5,+20.2,+19.8,+19.8,+19.3,+19.8
2023-08-30 21:03,3,+26.7,+28.3,+23.7,+41.5,+16.2,+38.0,+20.6,+20.5,+20.2,+20.0,+19.8,+19.2,+19.8
2023-08-30 22:03,3,+26.8,+28.2,+23.7,+41.5,+16.2,+38.0,+20.6,+20.5,+20.3,+20.0,+19.8,+19.2,+19.8
2023-08-30 23:03,3,+26.9,+28.2,+23.7,+41.4,+16.1,+38.0,+20.5,+20.5,+20.2,+20.0,+19.8,+19.3,+19.8
2023-08-31 00:03,3,+26.9,+28.2,+23.7,+41.4,+16.1,+38.0,+20.5,+20.5,+20.2,+20.0,+19.8,+19.2,+19.8
2023-08-31 01:03,3,+26.9,+28.2,+23.7,+41.5,+16.2,+38.0,+20.3,+20.5,+20.3,+20.0,+19.8,+19.2,+19.8
2023-08-31 02:03,3,+26.9,+28.2,+23.7,+41.4,+16.2,+37.9,+20.2,+20.5,+20.2,+20.0,+19.8,+19.3,+19.8
2023-08-31 03:03,3,+27.0,+28.2,+23.7,+41.4,+16.1,+37.9,+20.2,+20.3,+20.3,+20.0,+20.0,+19.3,+19.8
2023-08-31 04:03,3,+27.0,+28.2,+23.7,+41.4,+16.1,+37.9,+20.2,+20.5,+20.3,+20.0,+19.8,+19.3,+19.8
2023-08-31 05:03,3,+27.0,+28.2,+23.7,+41.5,+16.2,+38.0,+20.2,+20.3,+20.3,+20.0,+20.0,+19.3,+19.8
2023-08-31 06:03,3,+27.1,+28.2,+23.6,+41.5,+16.2,+38.0,+20.1,+20.3,+20.2,+20.0,+20.0,+19.3,+19.8
2023-08-31 07:03,3,+27.0,+28.2,+23.6,+41.4,+16.1,+37.9,+20.1,+20.3,+20.3,+20.0,+20.0,+19.3,+19.8
2023-08-31 08:03,3,+26.9,+28.2,+23.6,+41.4,+16.1,+37.9,+20.1,+20.3,+20.3,+20.0,+20.0,+19.3,+19.8
2023-08-31 09:03,3,+26.9,+28.2,+23.6,+41.4,+16.1,+37.9,+20.0,+20.2,+20.3,+20.0,+19.8,+19.3,+19.8
2023-08-31 10:03,3,+27.0,+28.2,+23.6,+41.4,+16.1,+37.9,+20.1,+20.2,+20.3,+20.0,+20.0,+19.3,+19.8
2023-08-31 11:03,3,+27.1,+28.2,+23.6,+41.4,+16.1,+37.9,+20.1,+20.2,+20.3,+20.0,+20.0,+19.3,+19.8
2023-08-31 12:03,3,+27.1,+28.2,+23.6,+41.5,+16.2,+37.9,+20.2,+20.2,+20.2,+20.0,+20.0,+19.3,+19.8
2023-08-31 13:03,3,+27.0,+28.1,+23.6,+41.5,+16.2,+37.9,+20.3,+20.3,+20.2,+20.0,+20.0,+19.3,+19.8
2023-08-31 14:03,3,+27.0,+28.1,+23.6,+41.5,+16.2,+37.9,+20.5,+20.3,+20.3,+20.0,+20.0,+19.3,+19.8
2023-08-31 15:03,3,+27.0,+28.1,+23.6,+41.5,+16.2,+37.9,+20.6,+20.3,+20.2,+20.0,+20.0,+19.3,+19.8
2023-08-31 16:03,3,+26.9,+28.1,+23.6,+41.4,+16.1,+37.9,+20.6,+20.3,+20.2,+20.0,+20.0,+19.3,+19.8
2023-08-31 17:03,3,+26.8,+28.1,+23.6,+41.5,+16.2,+37.9,+20.5,+20.3,+20.2,+20.0,+20.0,+19.3,+19.8
2023-08-31 18:03,3,+27.1,+28.1,+23.6,+41.5,+16.2,+37.9,+20.5,+20.3,+20.3,+20.0,+20.0,+19.3,+19.8
2023-08-31 19:03,3,+27.1,+28.1,+23.6,+41.5,+16.2,+37.9,+20.3,+20.3,+20.2,+20.0,+20.0,+19.3,+19.8
2023-08-31 20:03,3,+27.1,+28.1,+23.6,+41.4,+16.1,+37.9,+20.3,+20.3,+20.3,+20.0,+20.0,+19.3,+19.8
2023-08-31 21:03,3,+27.1,+28.1,+23.6,+41.5,+16.2,+37.9,+20.2,+20.3,+20.3,+20.0,+20.0,+19.3,+19.8
2023-08-31 22:03,3,+27.1,+28.1,+23.6,+41.4,+16.1,+37.9,+20.2,+20.3,+20.3,+20.0,+20.0,+19.3,+20.0
2023-08-31 23:03,3,+27.1,+28.1,+23.6,+41.5,+16.2,+37.9,+20.1,+20.3,+20.3,+20.0,+20.0,+19.3,+19.8
2023-09-01 00:03,3,+27.1,+28.1,+23.6,+41.4,+16.1,+37.9,+20.1,+20.3,+20.3,+20.0,+20.0,+19.3,+19.8
2023-09-01 01:03,3,+27.1,+28.1,+23.6,+41.4,+16.1,+37.9,+20.0,+20.2,+20.3,+20.0,+20.0,+19.3,+19.8
2023-09-01 02:03,3,+27.1,+28.1,+23.6,+41.4,+16.1,+37.9,+20.0,+20.3,+20.3,+20.1,+20.0,+19.5,+19.8
2023-09-01 03:03,3,+27.3,+28.1,+23.6,+41.4,+16.1,+37.9,+20.0,+20.2,+20.2,+20.0,+20.0,+19.3,+19.8
2023-09-01 04:03,3,+27.2,+28.1,+23.5,+41.5,+16.2,+37.9,+19.8,+20.2,+20.2,+20.1,+20.0,+19.3,+20.0
2023-09-01 05:03,3,+27.4,+28.1,+23.6,+41.4,+16.1,+37.9,+19.8,+20.2,+20.2,+20.0,+20.0,+19.5,+19.8
2023-09-01 06:03,3,+27.3,+28.0,+23.5,+41.5,+16.2,+37.9,+19.7,+20.2,+20.3,+20.1,+20.0,+19.5,+19.8
2023-09-01 07:03,3,+27.3,+28.0,+23.5,+41.5,+16.2,+37.9,+19.7,+20.1,+20.2,+20.0,+20.0,+19.3,+20.0
2023-09-01 08:03,3,+27.3,+28.0,+23.5,+41.4,+16.1,+37.9,+19.7,+20.1,+20.2,+20.0,+20.0,+19.3,+19.8
2023-09-01 09:03,3,+27.3,+28.0,+23.5,+41.4,+16.1,+37.9,+19.7,+20.1,+20.2,+20.0,+20.0,+19.5,+20.0
2023-09-01 10:03,3,+27.2,+28.0,+23.5,+41.4,+16.1,+37.9,+19.8,+20.1,+20.2,+20.0,+20.0,+19.5,+20.0
2023-09-01 11:03,3,+27.2,+28.0,+23.5,+41.4,+16.1,+37.9,+20.0,+20.1,+20.2,+20.0,+20.0,+19.5,+20.0
2023-09-01 12:03,3,+27.2,+28.0,+23.5,+41.5,+16.2,+37.9,+20.1,+20.1,+20.2,+20.0,+20.0,+19.5,+20.0
2023-09-01 13:03,3,+27.3,+28.0,+23.5,+41.5,+16.1,+37.9,+20.1,+20.1,+20.2,+20.0,+20.0,+19.5,+20.0
2023-09-01 14:03,3,+31.5,+28.2,+23.5,+41.4,+16.1,+37.9,+20.0,+20.1,+20.2,+20.0,+20.0,+19.5,+20.0
2023-09-01 15:03,3,+31.5,+28.3,+23.5,+41.4,+16.1,+37.9,+19.8,+20.1,+20.2,+20.0,+20.0,+19.5,+20.0
2023-09-01 16:03,3,+37.7,+32.1,+23.6,+41.4,+16.1,+37.9,+19.8,+20.1,+20.2,+20.0,+20.0,+19.5,+20.0
2023-09-01 17:03,3,+33.9,+32.1,+24.2,+41.4,+16.1,+37.9,+19.7,+20.1,+20.2,+20.0,+20.0,+19.3,+20.0
2023-09-01 18:03,3,+32.8,+31.5,+25.0,+41.5,+16.1,+37.9,+19.7,+20.0,+20.2,+20.0,+20.0,+19.5,+20.0
2023-09-01 19:03,3,+31.9,+31.1,+25.4,+41.5,+16.1,+37.9,+19.7,+20.1,+20.1,+20.0,+20.0,+19.5,+20.0
2023-09-01 20:03,3,+31.6,+30.7,+25.6,+41.5,+16.1,+37.9,+19.6,+20.0,+20.2,+20.0,+20.0,+19.3,+20.0
2023-09-01 21:03,3,+31.3,+30.5,+25.7,+41.6,+16.1,+37.9,+19.6,+20.0,+20.2,+20.0,+20.0,+19.5,+20.0
2023-09-01 22:03,3,+31.1,+30.3,+25.6,+41.6,+16.1,+37.9,+19.6,+20.0,+20.1,+20.0,+20.0,+19.5,+20.0
2023-09-01 23:03,3,+31.0,+30.2,+25.6,+41.5,+16.1,+37.9,+19.6,+20.0,+20.1,+20.0,+20.1,+19.5,+20.0
2023-09-02 00:03,3,+30.8,+30.1,+25.5,+41.5,+16.1,+37.9,+19.6,+20.0,+20.1,+20.0,+20.0,+19.5,+20.0
2023-09-02 01:03,3,+30.7,+30.0,+25.4,+41.7,+16.2,+37.9,+19.6,+19.8,+20.1,+20.0,+20.0,+19.5,+20.0
2023-09-02 02:03,3,+30.5,+29.9,+25.4,+41.7,+16.2,+37.9,+19.5,+20.0,+20.1,+20.0,+20.0,+19.5,+20.0
2023-09-02 03:03,3,+30.4,+29.8,+25.3,+41.5,+16.1,+37.9,+19.3,+20.0,+20.1,+20.0,+20.0,+19.5,+20.0
2023-09-02 04:03,3,+30.3,+29.7,+25.2,+41.7,+16.2,+37.9,+19.5,+19.8,+20.1,+20.0,+20.0,+19.5,+20.0
2023-09-02 05:03,3,+30.2,+29.7,+25.1,+41.5,+16.1,+37.9,+19.5,+19.8,+20.1,+20.0,+20.0,+19.3,+20.0
2023-09-02 06:03,3,+30.2,+29.7,+25.1,+41.5,+16.2,+37.9,+19.3,+19.8,+20.1,+20.0,+20.0,+19.3,+20.0
2023-09-02 07:03,3,+30.1,+29.6,+25.0,+41.7,+16.2,+37.9,+19.3,+19.8,+20.1,+20.0,+20.0,+19.5,+20.0
2023-09-02 08:03,3,+30.1,+29.6,+24.9,+41.5,+16.2,+37.8,+19.5,+19.7,+20.0,+20.0,+20.0,+19.3,+20.0
2023-09-02 09:03,3,+30.0,+29.5,+24.9,+41.7,+16.2,+37.9,+19.5,+19.7,+20.0,+20.0,+20.1,+19.5,+20.0
2023-09-02 10:03,3,+30.0,+29.5,+24.8,+41.7,+16.2,+37.9,+19.5,+19.7,+20.0,+20.0,+20.0,+19.3,+20.0
2023-09-02 11:03,3,+29.9,+29.5,+24.7,+41.7,+16.2,+37.9,+19.6,+19.7,+20.0,+19.8,+20.0,+19.5,+20.0
2023-09-02 12:03,3,+29.9,+29.5,+24.7,+41.7,+16.2,+37.9,+19.7,+19.7,+20.0,+20.0,+20.0,+19.5,+20.0
2023-09-02 13:03,3,+29.8,+29.5,+24.7,+41.7,+16.2,+37.9,+19.8,+19.8,+20.0,+19.8,+20.0,+19.5,+20.0
2023-09-02 14:03,3,+29.8,+29.5,+24.6,+41.5,+16.2,+37.9,+19.8,+19.8,+20.0,+20.0,+20.0,+19.5,+20.0
2023-09-02 15:03,3,+29.8,+29.5,+24.6,+41.5,+16.2,+37.8,+19.8,+19.8,+20.0,+19.8,+20.0,+19.5,+20.0
2023-09-02 16:03,3,+29.8,+29.4,+24.5,+41.7,+16.2,+37.9,+19.8,+19.8,+20.0,+19.8,+20.0,+19.5,+20.0
2023-09-02 17:03,3,+29.8,+29.4,+24.5,+41.6,+16.2,+37.9,+19.8,+19.8,+20.0,+19.8,+20.0,+19.3,+20.0
2023-09-02 18:03,3,+29.8,+29.4,+24.5,+41.5,+16.2,+37.8,+19.7,+19.8,+20.0,+19.8,+20.0,+19.5,+20.0
2023-09-02 19:03,3,+29.8,+29.4,+24.5,+41.6,+16.2,+37.9,+19.7,+19.8,+20.0,+19.8,+20.0,+19.3,+20.0
2023-09-02 20:03,3,+30.1,+29.4,+24.4,+41.5,+16.2,+37.9,+19.7,+19.8,+20.0,+19.8,+20.0,+19.5,+20.0
2023-09-02 21:03,3,+30.1,+29.4,+24.4,+41.5,+16.2,+37.9,+19.6,+19.8,+20.0,+19.8,+20.0,+19.5,+20.0
2023-09-02 22:03,3,+29.7,+29.4,+24.4,+41.7,+16.3,+37.9,+19.6,+19.8,+20.0,+19.8,+20.0,+19.3,+20.0
2023-09-02 23:03,3,+29.6,+29.4,+24.4,+41.7,+16.3,+37.9,+19.5,+19.8,+20.0,+19.8,+20.0,+19.5,+20.0
2023-09-03 00:03,3,+29.6,+29.4,+24.4,+41.5,+16.2,+37.8,+19.5,+19.8,+20.0,+19.8,+20.0,+19.3,+20.0
2023-09-03 01:03,3,+29.6,+29.4,+24.4,+41.6,+16.2,+37.9,+19.5,+19.8,+20.0,+19.8,+20.0,+19.3,+20.0
2023-09-03 02:03,3,+29.6,+29.4,+24.3,+41.6,+16.2,+37.9,+19.5,+19.7,+20.0,+19.8,+20.0,+19.5,+20.0
2023-09-03 03:03,3,+29.6,+29.4,+24.3,+41.5,+16.2,+37.9,+19.3,+19.7,+20.0,+19.8,+19.8,+19.5,+20.0
2023-09-03 04:03,3,+29.6,+29.4,+24.3,+41.6,+16.3,+37.9,+19.3,+19.7,+20.0,+19.8,+20.0,+19.3,+20.0
2023-09-03 05:03,3,+29.6,+29.3,+24.3,+41.6,+16.3,+37.9,+19.3,+19.7,+20.0,+19.8,+20.0,+19.5,+20.0
2023-09-03 06:03,3,+29.5,+29.3,+24.2,+41.5,+16.2,+37.9,+19.2,+19.7,+19.8,+19.8,+20.0,+19.5,+20.0
2023-09-03 07:03,3,+29.5,+29.3,+24.2,+41.5,+16.2,+37.8,+19.2,+19.7,+20.0,+19.8,+20.0,+19.5,+20.0
2023-09-03 08:03,3,+29.4,+29.3,+24.2,+41.6,+16.3,+37.9,+19.2,+19.6,+20.0,+19.8,+20.0,+19.3,+20.0
2023-09-03 09:03,3,+29.4,+29.3,+24.2,+41.5,+16.2,+37.9,+19.3,+19.6,+19.8,+19.8,+20.0,+19.3,+20.0
2023-09-03 10:03,3,+29.4,+29.3,+24.2,+41.6,+16.3,+37.9,+19.5,+19.6,+20.0,+19.8,+20.0,+19.5,+20.0
2023-09-03 11:03,3,+29.8,+29.3,+24.2,+41.5,+16.2,+37.9,+19.5,+19.6,+19.8,+19.8,+20.0,+19.3,+20.0
2023-09-03 12:03,3,+29.1,+29.2,+24.2,+41.5,+16.2,+37.8,+19.6,+19.7,+19.8,+19.8,+20.0,+19.3,+20.0
2023-09-03 13:03,3,+29.1,+29.2,+24.1,+41.5,+16.2,+37.9,+19.7,+19.7,+19.8,+19.8,+20.0,+19.3,+20.0
2023-09-03 14:03,3,+29.0,+29.2,+24.1,+41.5,+16.2,+37.8,+19.7,+19.7,+19.8,+19.8,+20.0,+19.3,+20.0
2023-09-03 15:03,3,+29.0,+29.2,+24.1,+41.5,+16.2,+37.9,+19.8,+19.7,+19.8,+19.8,+20.0,+19.3,+20.0
2023-09-03 16:03,3,+29.0,+29.2,+24.1,+41.6,+16.3,+37.9,+19.8,+19.7,+19.8,+19.8,+20.0,+19.3,+20.0
2023-09-03 17:03,3,+29.0,+29.2,+24.1,+41.6,+16.3,+37.9,+19.8,+19.7,+19.8,+19.8,+20.0,+19.3,+20.0
2023-09-03 18:03,3,+29.0,+29.2,+24.1,+41.6,+16.3,+37.9,+19.8,+19.8,+19.8,+19.8,+20.0,+19.3,+20.0
2023-09-03 19:03,3,+28.9,+29.0,+24.1,+41.5,+16.2,+37.8,+19.7,+19.8,+19.8,+19.8,+20.0,+19.5,+20.0
2023-09-03 20:03,3,+29.0,+29.0,+24.1,+41.5,+16.2,+37.8,+19.7,+19.8,+19.8,+19.8,+20.0,+19.3,+20.0
2023-09-03 21:03,3,+28.9,+29.0,+24.1,+41.6,+16.3,+37.9,+19.7,+19.8,+19.8,+19.7,+20.0,+19.3,+20.0
2023-09-03 22:03,3,+28.9,+29.0,+24.1,+41.6,+16.3,+37.9,+19.6,+19.8,+19.8,+19.8,+20.0,+19.5,+20.0
2023-09-03 23:03,3,+50.3,+35.2,+31.3,+44.1,+16.2,+37.9,+18.5,+19.3,+19.7,+19.7,+19.8,+19.3,+20.0
2023-09-04 00:03,3,+47.6,+34.4,+35.2,+44.9,+18.1,+44.7,+18.3,+19.1,+19.5,+19.7,+19.8,+19.3,+20.0
2023-09-04 01:03,3,+39.0,+33.9,+34.0,+44.9,+18.5,+44.5,+18.5,+19.0,+19.5,+19.7,+19.8,+19.3,+20.0
2023-09-04 02:03,3,+36.9,+33.0,+31.1,+45.1,+18.4,+44.0,+18.6,+19.1,+19.6,+19.7,+19.8,+19.3,+20.0
2023-09-04 03:03,3,+34.5,+32.3,+29.6,+45.0,+18.1,+43.6,+18.7,+19.2,+19.6,+19.7,+20.0,+19.3,+20.0
2023-09-04 04:03,3,+33.8,+31.2,+28.1,+42.9,+17.9,+42.1,+18.7,+19.2,+19.6,+19.7,+19.8,+19.2,+20.0
2023-09-04 05:03,3,+33.3,+30.8,+27.6,+42.9,+17.8,+41.8,+18.7,+19.2,+19.7,+19.7,+20.0,+19.3,+20.0
2023-09-04 06:03,3,+33.0,+30.6,+27.3,+42.7,+17.8,+41.6,+18.6,+19.2,+19.7,+19.7,+20.0,+19.3,+20.0
2023-09-04 07:03,3,+32.9,+30.4,+27.0,+42.7,+17.7,+41.2,+18.7,+19.3,+19.6,+19.7,+20.0,+19.3,+20.0
2023-09-04 08:03,3,+33.0,+30.2,+26.8,+42.6,+17.6,+41.1,+18.7,+19.2,+19.6,+19.7,+19.8,+19.3,+20.0
2023-09-04 09:03,3,+33.3,+30.2,+26.7,+42.6,+17.6,+41.0,+18.8,+19.3,+19.7,+19.6,+19.8,+19.3,+20.0
2023-09-04 10:03,3,+33.8,+30.1,+26.5,+42.6,+17.6,+40.9,+19.0,+19.2,+19.6,+19.7,+19.8,+19.3,+20.0
2023-09-04 11:03,3,+32.9,+30.0,+26.4,+42.5,+17.5,+40.7,+19.0,+19.2,+19.6,+19.7,+19.8,+19.3,+20.0
2023-09-04 12:03,3,+32.7,+30.0,+26.3,+42.4,+17.5,+40.6,+19.2,+19.3,+19.7,+19.7,+20.0,+19.3,+20.0
2023-09-04 13:03,3,+32.5,+29.9,+26.1,+42.4,+17.5,+40.6,+19.2,+19.3,+19.6,+19.7,+19.8,+19.3,+20.0
2023-09-04 14:03,3,+32.4,+29.9,+26.0,+42.4,+17.5,+40.5,+19.5,+19.3,+19.6,+19.6,+19.8,+19.3,+20.0
2023-09-04 15:03,3,+32.3,+29.8,+25.9,+42.4,+17.4,+40.5,+19.5,+19.5,+19.6,+19.7,+19.8,+19.3,+20.0
2023-09-04 16:03,3,+32.3,+29.8,+25.7,+42.3,+17.4,+40.4,+19.5,+19.5,+19.7,+19.7,+19.8,+19.3,+20.0
2023-09-04 17:03,3,+31.8,+29.8,+25.6,+42.4,+17.4,+40.4,+19.5,+19.5,+19.6,+19.7,+19.8,+19.3,+20.0
2023-09-04 18:03,3,+31.4,+29.7,+25.5,+42.4,+17.4,+40.3,+19.5,+19.5,+19.6,+19.7,+19.8,+19.3,+20.0
2023-09-04 19:03,3,+31.4,+29.7,+25.4,+42.2,+17.3,+40.2,+19.5,+19.6,+19.7,+19.6,+19.8,+19.3,+20.0
2023-09-04 20:03,3,+31.3,+29.7,+25.3,+42.3,+17.3,+40.2,+19.3,+19.6,+19.7,+19.7,+19.8,+19.3,+20.0
2023-09-04 21:03,3,+31.3,+29.7,+25.2,+42.2,+17.2,+40.1,+19.3,+19.5,+19.7,+19.6,+19.8,+19.3,+20.0
2023-09-04 22:03,3,+31.2,+29.7,+25.1,+42.2,+17.2,+40.0,+19.2,+19.6,+19.7,+19.7,+19.8,+19.3,+20.0
2023-09-04 23:03,3,+31.2,+29.7,+25.0,+42.1,+17.2,+40.0,+19.2,+19.5,+19.7,+19.7,+19.8,+19.3,+20.0
2023-09-05 00:03,3,+31.2,+29.6,+25.0,+42.1,+17.1,+40.0,+19.2,+19.5,+19.6,+19.7,+19.8,+19.3,+20.0
2023-09-05 01:03,3,+31.1,+29.6,+24.9,+42.1,+17.1,+39.9,+19.2,+19.5,+19.7,+19.7,+19.8,+19.3,+20.0
2023-09-05 02:03,3,+31.1,+29.6,+24.9,+42.1,+17.1,+39.9,+19.2,+19.5,+19.7,+19.6,+19.8,+19.3,+20.0
2023-09-05 03:03,3,+31.0,+29.6,+24.8,+42.2,+17.1,+39.8,+19.1,+19.5,+19.7,+19.7,+19.8,+19.2,+20.0
2023-09-05 04:03,3,+31.0,+29.6,+24.8,+42.1,+17.1,+39.8,+19.1,+19.5,+19.7,+19.7,+19.8,+19.3,+20.0
2023-09-05 05:03,3,+31.0,+29.6,+24.7,+42.2,+17.1,+39.7,+19.1,+19.5,+19.7,+19.7,+19.8,+19.3,+20.0
2023-09-05 06:03,3,+31.0,+29.6,+24.7,+42.2,+17.1,+39.7,+19.1,+19.5,+19.7,+19.6,+19.8,+19.3,+20.0
2023-09-05 07:03,3,+30.9,+29.6,+24.7,+42.0,+17.0,+39.6,+19.1,+19.5,+19.7,+19.6,+19.8,+19.3,+20.0
2023-09-05 08:03,3,+30.9,+29.6,+24.6,+42.0,+17.0,+39.6,+19.1,+19.5,+19.7,+19.7,+19.8,+19.3,+20.0
2023-09-05 09:03,3,+30.8,+29.5,+24.6,+42.2,+17.0,+39.6,+19.2,+19.5,+19.7,+19.7,+19.8,+19.3,+20.0
2023-09-05 10:03,3,+30.8,+29.5,+24.6,+42.0,+17.0,+39.5,+19.2,+19.5,+19.7,+19.6,+19.8,+19.3,+20.0
2023-09-05 11:03,3,+30.8,+29.5,+24.6,+42.0,+17.0,+39.5,+19.3,+19.5,+19.6,+19.7,+19.8,+19.3,+20.0
2023-09-05 12:03,3,+30.7,+29.5,+24.6,+42.1,+17.0,+39.5,+19.5,+19.5,+19.7,+19.7,+19.8,+19.3,+20.0
2023-09-05 13:03,3,+30.7,+29.5,+24.5,+42.1,+17.0,+39.5,+19.6,+19.5,+19.7,+19.7,+19.8,+19.3,+20.0
2023-09-05 14:03,3,+30.7,+29.5,+24.5,+42.1,+17.0,+39.4,+19.6,+19.5,+19.7,+19.7,+19.8,+19.2,+20.0
2023-09-05 15:03,3,+30.7,+29.5,+24.5,+42.0,+16.9,+39.4,+19.6,+19.5,+19.7,+19.6,+19.8,+19.3,+20.0
2023-09-05 16:03,3,+30.7,+29.4,+24.5,+42.0,+16.9,+39.3,+19.7,+19.6,+19.7,+19.7,+19.8,+19.3,+20.0
2023-09-05 17:03,3,+30.9,+29.4,+24.5,+41.9,+16.9,+39.3,+19.7,+19.6,+19.7,+19.7,+19.8,+19.2,+20.0
2023-09-05 18:03,3,+37.4,+31.1,+24.5,+42.0,+16.9,+39.3,+19.6,+19.6,+19.7,+19.6,+19.8,+19.3,+20.0
2023-09-05 19:03,3,+35.5,+31.3,+24.5,+41.9,+16.9,+39.3,+19.6,+19.6,+19.7,+19.6,+19.8,+19.3,+20.0
2023-09-05 20:03,3,+34.0,+30.4,+24.4,+41.9,+16.9,+39.3,+19.5,+19.6,+19.7,+19.6,+19.8,+19.3,+20.0
2023-09-05 21:03,3,+33.4,+30.3,+24.4,+41.9,+16.9,+39.2,+19.5,+19.6,+19.7,+19.7,+19.8,+19.3,+20.0
2023-09-05 22:03,3,+33.0,+30.3,+24.4,+41.9,+16.8,+39.2,+19.5,+19.7,+19.7,+19.7,+19.8,+19.2,+20.0
2023-09-05 23:03,3,+32.7,+30.4,+24.4,+42.0,+16.9,+39.2,+19.3,+19.6,+19.7,+19.7,+19.8,+19.3,+20.0
2023-09-06 00:03,3,+32.6,+30.4,+24.4,+42.0,+16.9,+39.2,+19.3,+19.6,+19.7,+19.7,+19.8,+19.2,+20.0
2023-09-06 01:03,3,+32.4,+30.4,+24.4,+41.9,+16.8,+39.1,+19.2,+19.6,+19.7,+19.7,+19.8,+19.3,+20.0
2023-09-06 02:03,3,+32.3,+30.4,+24.4,+41.9,+16.8,+39.1,+19.2,+19.6,+19.7,+19.7,+19.8,+19.2,+20.0
2023-09-06 03:03,3,+32.3,+30.4,+24.4,+42.0,+16.9,+39.1,+19.2,+19.6,+19.7,+19.7,+19.8,+19.3,+20.0
2023-09-06 04:03,3,+31.9,+30.4,+24.4,+41.9,+16.8,+39.1,+19.1,+19.6,+19.7,+19.7,+19.8,+19.3,+20.0
2023-09-06 05:03,3,+31.8,+30.3,+24.4,+42.0,+16.8,+39.1,+19.1,+19.5,+19.7,+19.7,+19.8,+19.2,+19.8
2023-09-06 06:03,3,+31.8,+30.3,+24.4,+42.0,+16.8,+39.1,+19.1,+19.5,+19.7,+19.6,+19.8,+19.2,+19.8
2023-09-06 07:03,3,+31.7,+30.3,+24.4,+42.0,+16.8,+39.0,+19.1,+19.5,+19.7,+19.6,+19.8,+19.3,+20.0
2023-09-06 08:03,3,+31.7,+30.2,+24.5,+41.9,+16.8,+39.0,+19.1,+19.5,+19.7,+19.7,+19.8,+19.3,+19.8
2023-09-06 09:03,3,+31.6,+30.2,+24.5,+42.0,+16.8,+39.0,+19.2,+19.5,+19.7,+19.7,+19.8,+19.2,+19.8
2023-09-06 10:03,3,+31.4,+30.2,+24.5,+41.9,+16.8,+39.0,+19.3,+19.5,+19.7,+19.6,+19.8,+19.3,+19.8
2023-09-06 11:03,3,+31.3,+30.1,+24.5,+42.0,+16.8,+39.0,+19.3,+19.5,+19.7,+19.6,+19.8,+19.3,+20.0
2023-09-06 12:03,3,+31.3,+30.1,+24.5,+42.0,+16.8,+39.0,+19.5,+19.5,+19.7,+19.7,+19.7,+19.3,+20.0
2023-09-06 13:03,3,+31.3,+30.1,+24.6,+41.9,+16.8,+38.9,+19.7,+19.5,+19.7,+19.7,+19.8,+19.2,+19.8
2023-09-06 14:03,3,+31.2,+30.1,+24.6,+42.0,+16.8,+38.9,+19.7,+19.6,+19.7,+19.6,+19.8,+19.3,+19.8
2023-09-06 15:03,3,+31.2,+30.1,+24.6,+42.0,+16.8,+38.9,+19.7,+19.6,+19.7,+19.6,+19.8,+19.3,+19.8
2023-09-06 16:03,3,+31.2,+30.0,+24.5,+41.9,+16.7,+38.9,+19.7,+19.6,+19.7,+19.6,+19.8,+19.2,+19.8
2023-09-06 17:03,3,+31.1,+30.0,+24.5,+41.9,+16.7,+38.8,+19.7,+19.6,+19.7,+19.7,+19.8,+19.3,+20.0
2023-09-06 18:03,3,+31.1,+30.0,+24.6,+41.9,+16.7,+38.8,+19.6,+19.6,+19.7,+19.6,+19.8,+19.3,+19.8
2023-09-06 19:03,3,+31.1,+30.0,+24.6,+42.0,+16.8,+38.8,+19.6,+19.7,+19.7,+19.6,+19.8,+19.2,+20.0
2023-09-06 20:03,3,+31.1,+30.0,+24.7,+42.0,+16.8,+38.8,+19.6,+19.7,+19.7,+19.7,+19.8,+19.2,+19.8
2023-09-06 21:03,3,+31.2,+30.0,+24.6,+42.0,+16.8,+38.8,+19.5,+19.7,+19.7,+19.6,+19.8,+19.2,+20.0
2023-09-06 22:03,3,+31.5,+30.0,+24.7,+42.0,+16.8,+38.8,+19.5,+19.7,+19.7,+19.6,+19.8,+19.3,+20.0
2023-09-06 23:03,3,+31.5,+29.9,+24.6,+42.0,+16.8,+38.8,+19.5,+19.7,+19.7,+19.7,+19.8,+19.3,+20.0
2023-09-07 00:03,3,+32.4,+29.9,+24.6,+42.0,+16.8,+38.8,+19.5,+19.7,+19.7,+19.7,+19.8,+19.3,+20.0
2023-09-07 01:03,3,+34.2,+30.0,+24.6,+41.9,+16.7,+38.7,+19.3,+19.6,+19.7,+19.7,+19.8,+19.3,+19.8
2023-09-07 02:03,3,+34.2,+30.1,+24.6,+42.0,+16.8,+38.7,+19.3,+19.6,+19.7,+19.7,+19.8,+19.3,+20.0
2023-09-07 03:03,3,+34.0,+30.3,+24.6,+41.9,+16.7,+38.7,+19.3,+19.6,+19.7,+19.7,+19.8,+19.3,+20.0
2023-09-07 04:03,3,+33.6,+30.6,+24.6,+42.0,+16.7,+38.7,+19.2,+19.6,+19.7,+19.6,+19.8,+19.3,+19.8
2023-09-07 05:03,3,+33.2,+30.7,+24.6,+42.0,+16.7,+38.7,+19.2,+19.6,+19.7,+19.7,+19.8,+19.2,+19.8
2023-09-07 06:03,3,+33.2,+30.8,+24.7,+42.0,+16.7,+38.7,+19.2,+19.6,+19.7,+19.6,+19.8,+19.3,+19.8
2023-09-07 07:03,3,+33.0,+30.8,+24.7,+41.9,+16.7,+38.7,+19.1,+19.5,+19.7,+19.7,+19.8,+19.3,+19.8
2023-09-07 08:03,3,+32.8,+30.8,+24.8,+41.9,+16.7,+38.7,+19.1,+19.5,+19.7,+19.7,+19.8,+19.3,+19.8
2023-09-07 09:03,3,+32.7,+30.8,+25.0,+42.1,+16.7,+38.7,+19.1,+19.5,+19.7,+19.7,+19.8,+19.3,+19.8
2023-09-07 10:03,3,+32.6,+30.8,+25.2,+42.0,+16.7,+38.7,+19.2,+19.5,+19.7,+19.7,+19.8,+19.2,+20.0
2023-09-07 11:03,3,+32.7,+30.8,+25.3,+41.9,+16.7,+38.7,+19.2,+19.5,+19.7,+19.7,+19.8,+19.2,+19.8
2023-09-07 12:03,3,+32.5,+30.7,+25.4,+42.0,+16.7,+38.6,+19.3,+19.5,+19.7,+19.6,+19.8,+19.2,+20.0
2023-09-07 13:03,3,+32.3,+30.7,+25.4,+42.0,+16.7,+38.6,+19.5,+19.5,+19.7,+19.7,+19.8,+19.3,+20.0
2023-09-07 14:03,3,+32.1,+30.6,+25.4,+42.1,+16.7,+38.7,+19.5,+19.5,+19.7,+19.7,+19.8,+19.3,+19.8
2023-09-07 15:03,3,+31.9,+30.6,+25.4,+42.0,+16.7,+38.6,+19.6,+19.5,+19.7,+19.7,+19.8,+19.3,+20.0
2023-09-07 16:03,3,+31.9,+30.6,+25.4,+42.1,+16.8,+38.6,+19.6,+19.6,+19.7,+19.6,+19.8,+19.2,+20.0
2023-09-07 17:03,3,+31.8,+30.5,+25.4,+42.1,+16.8,+38.6,+19.5,+19.6,+19.7,+19.7,+19.8,+19.3,+20.0
2023-09-07 18:03,3,+31.7,+30.5,+25.4,+42.0,+16.7,+38.6,+19.5,+19.6,+19.7,+19.6,+19.8,+19.2,+19.8
2023-09-07 19:03,3,+31.7,+30.5,+25.4,+42.1,+16.8,+38.6,+19.5,+19.6,+19.7,+19.6,+19.8,+19.3,+19.8
2023-09-07 20:03,3,+31.6,+30.4,+25.4,+42.0,+16.7,+38.6,+19.5,+19.6,+19.7,+19.7,+19.8,+19.2,+19.8
2023-09-07 21:03,3,+31.7,+30.4,+25.4,+42.0,+16.7,+38.6,+19.5,+19.6,+19.7,+19.7,+19.8,+19.3,+19.8
2023-09-07 22:03,3,+32.0,+30.4,+25.3,+42.0,+16.8,+38.6,+19.5,+19.6,+19.7,+19.7,+19.8,+19.2,+19.8
2023-09-07 23:03,3,+33.5,+30.4,+25.3,+42.0,+16.8,+38.6,+19.5,+19.6,+19.7,+19.6,+19.8,+19.2,+19.8
2023-09-08 00:03,3,+33.8,+30.5,+25.3,+42.0,+16.8,+38.6,+19.5,+19.6,+19.7,+19.7,+19.8,+19.2,+20.0
2023-09-08 01:03,3,+33.6,+30.8,+25.3,+42.0,+16.8,+38.6,+19.3,+19.6,+19.7,+19.6,+19.8,+19.2,+19.8
2023-09-08 02:03,3,+33.2,+30.9,+25.3,+42.0,+16.8,+38.6,+19.3,+19.6,+19.7,+19.7,+19.8,+19.3,+20.0
2023-09-08 03:03,3,+33.0,+31.0,+25.3,+42.1,+16.8,+38.6,+19.3,+19.6,+19.7,+19.7,+19.8,+19.3,+20.0
2023-09-08 04:03,3,+33.0,+31.0,+25.5,+42.2,+16.8,+38.6,+19.3,+19.6,+19.7,+19.6,+19.8,+19.2,+19.8
2023-09-08 05:03,3,+37.4,+32.2,+25.7,+42.2,+16.8,+38.6,+19.2,+19.6,+19.7,+19.7,+19.7,+19.2,+20.0
2023-09-08 06:03,3,+34.9,+32.7,+27.1,+42.1,+16.8,+38.6,+19.2,+19.5,+19.7,+19.6,+19.8,+19.3,+19.8
2023-09-08 07:03,3,+42.6,+34.7,+28.8,+42.4,+16.8,+38.6,+19.1,+19.5,+19.7,+19.7,+19.8,+19.2,+19.8
2023-09-08 08:03,3,+50.8,+35.3,+33.2,+44.3,+17.0,+38.6,+19.0,+19.3,+19.7,+19.7,+19.8,+19.2,+20.0
2023-09-08 09:03,3,+41.1,+34.0,+33.1,+44.7,+18.2,+42.5,+19.0,+19.3,+19.6,+19.6,+19.8,+19.2,+19.8
2023-09-08 10:03,3,+49.0,+34.7,+31.7,+44.8,+18.5,+42.5,+18.8,+19.2,+19.6,+19.6,+19.7,+19.2,+20.0
2023-09-08 11:03,3,+38.9,+33.5,+31.9,+44.8,+18.7,+42.6,+19.0,+19.2,+19.6,+19.6,+19.8,+19.2,+19.8
2023-09-08 12:03,3,+38.3,+33.4,+30.1,+44.7,+18.6,+42.5,+19.0,+19.3,+19.6,+19.6,+19.8,+19.2,+19.8
2023-09-08 13:03,3,+35.5,+32.6,+29.4,+44.5,+18.5,+42.2,+19.1,+19.3,+19.6,+19.6,+19.8,+19.3,+19.8
2023-09-08 14:03,3,+34.8,+31.8,+28.7,+43.3,+18.4,+42.0,+19.1,+19.3,+19.6,+19.6,+19.8,+19.2,+20.0
2023-09-08 15:03,3,+34.4,+31.4,+28.3,+43.1,+18.1,+41.8,+19.2,+19.3,+19.6,+19.6,+19.8,+19.2,+20.0
2023-09-08 16:03,3,+34.2,+31.2,+27.9,+43.0,+18.0,+41.6,+19.2,+19.3,+19.6,+19.6,+19.7,+19.3,+20.0
2023-09-08 17:03,3,+33.8,+31.1,+27.7,+42.9,+17.9,+41.5,+19.2,+19.3,+19.6,+19.6,+19.8,+19.2,+20.0
2023-09-08 18:03,3,+33.5,+31.0,+27.4,+42.9,+17.9,+41.4,+19.2,+19.3,+19.6,+19.7,+19.7,+19.2,+19.8
2023-09-08 19:03,3,+33.4,+30.9,+27.2,+42.9,+17.9,+41.3,+19.1,+19.3,+19.6,+19.6,+19.7,+19.2,+19.8
2023-09-08 20:03,3,+33.4,+30.8,+27.1,+42.8,+17.8,+41.2,+19.1,+19.5,+19.6,+19.6,+19.8,+19.2,+20.0
2023-09-08 21:03,3,+33.3,+30.8,+26.9,+42.7,+17.8,+41.1,+19.1,+19.3,+19.6,+19.6,+19.8,+19.2,+19.8
2023-09-08 22:03,3,+33.3,+30.7,+26.8,+42.7,+17.7,+40.8,+19.1,+19.3,+19.6,+19.6,+19.8,+19.2,+19.8
2023-09-08 23:03,3,+33.3,+30.6,+26.6,+42.8,+17.8,+40.8,+19.1,+19.3,+19.6,+19.6,+19.7,+19.2,+19.8
2023-09-09 00:03,3,+33.4,+30.6,+26.5,+42.8,+17.7,+40.7,+19.0,+19.3,+19.6,+19.6,+19.7,+19.3,+20.0
2023-09-09 01:03,3,+33.3,+30.5,+26.4,+42.8,+17.7,+40.6,+19.0,+19.3,+19.6,+19.6,+19.8,+19.3,+19.8
2023-09-09 02:03,3,+33.3,+30.5,+26.2,+42.7,+17.7,+40.6,+18.8,+19.3,+19.6,+19.6,+19.8,+19.2,+19.8
2023-09-09 03:03,3,+33.3,+30.5,+26.1,+42.7,+17.6,+40.5,+19.0,+19.3,+19.6,+19.6,+19.7,+19.2,+19.8
2023-09-09 04:03,3,+33.3,+30.4,+25.9,+42.6,+17.6,+40.5,+19.0,+19.3,+19.6,+19.6,+19.7,+19.2,+20.0
2023-09-09 05:03,3,+33.2,+30.4,+25.8,+42.5,+17.5,+40.4,+19.0,+19.3,+19.6,+19.6,+19.8,+19.2,+19.8
2023-09-09 06:03,3,+33.3,+30.4,+25.7,+42.6,+17.5,+40.4,+18.8,+19.3,+19.6,+19.6,+19.8,+19.2,+19.8
2023-09-09 07:03,3,+33.3,+30.4,+25.6,+42.6,+17.5,+40.3,+18.8,+19.2,+19.6,+19.6,+19.7,+19.2,+19.8
2023-09-09 08:03,3,+33.3,+30.3,+25.5,+42.4,+17.4,+40.2,+18.8,+19.3,+19.6,+19.6,+19.8,+19.2,+19.8
2023-09-09 09:03,3,+33.2,+30.3,+25.4,+42.4,+17.4,+40.2,+19.0,+19.2,+19.6,+19.6,+19.8,+19.2,+20.0
2023-09-09 10:03,3,+33.2,+30.3,+25.4,+42.4,+17.4,+40.1,+19.1,+19.2,+19.6,+19.6,+19.7,+19.2,+19.8
2023-09-09 11:03,3,+33.1,+30.3,+25.3,+42.4,+17.4,+40.1,+19.2,+19.2,+19.6,+19.5,+19.7,+19.2,+20.0
2023-09-09 12:03,3,+33.1,+30.3,+25.3,+42.4,+17.3,+40.0,+19.3,+19.3,+19.6,+19.6,+19.7,+19.2,+19.8
2023-09-09 13:03,3,+33.1,+30.2,+25.3,+42.5,+17.3,+40.0,+19.3,+19.3,+19.5,+19.5,+19.7,+19.2,+19.8
2023-09-09 14:03,3,+33.2,+30.2,+25.2,+42.4,+17.3,+40.0,+19.5,+19.3,+19.6,+19.6,+19.7,+19.2,+19.8
2023-09-09 15:03,3,+33.3,+30.2,+25.2,+42.4,+17.3,+39.9,+19.3,+19.3,+19.6,+19.6,+19.7,+19.2,+19.8
2023-09-09 16:03,3,+33.2,+30.2,+25.1,+42.3,+17.3,+39.8,+19.5,+19.5,+19.6,+19.6,+19.7,+19.2,+19.8
2023-09-09 17:03,3,+33.1,+30.2,+25.1,+42.3,+17.2,+39.8,+19.3,+19.3,+19.6,+19.6,+19.7,+19.2,+19.8
2023-09-09 18:03,3,+33.2,+30.2,+25.1,+42.4,+17.3,+39.8,+19.3,+19.5,+19.6,+19.6,+19.7,+19.2,+19.8
2023-09-09 19:03,3,+33.1,+30.2,+25.1,+42.3,+17.2,+39.7,+19.2,+19.5,+19.6,+19.6,+19.7,+19.2,+20.0
2023-09-09 20:03,3,+33.1,+30.2,+25.1,+42.4,+17.3,+39.7,+19.2,+19.5,+19.6,+19.6,+19.7,+19.2,+19.8
2023-09-09 21:03,3,+33.0,+30.2,+25.0,+42.3,+17.2,+39.7,+19.1,+19.5,+19.6,+19.6,+19.7,+19.2,+19.8
2023-09-09 22:03,3,+33.0,+30.1,+25.0,+42.3,+17.2,+39.6,+19.1,+19.5,+19.6,+19.6,+19.7,+19.2,+19.8
2023-09-09 23:03,3,+33.0,+30.1,+25.0,+42.4,+17.2,+39.6,+19.0,+19.3,+19.6,+19.6,+19.7,+19.2,+19.8
2023-09-10 00:03,3,+32.9,+30.1,+25.0,+42.2,+17.1,+39.6,+19.0,+19.3,+19.6,+19.6,+19.7,+19.2,+20.0
2023-09-10 01:03,3,+32.9,+30.1,+25.0,+42.4,+17.2,+39.6,+19.0,+19.3,+19.6,+19.6,+19.7,+19.2,+19.8
2023-09-10 02:03,3,+32.9,+30.1,+24.9,+42.4,+17.2,+39.5,+18.8,+19.3,+19.6,+19.6,+19.7,+19.2,+19.8
2023-09-10 03:03,3,+32.8,+30.1,+24.9,+42.4,+17.1,+39.5,+18.8,+19.3,+19.6,+19.6,+19.7,+19.1,+19.8
2023-09-10 04:03,3,+32.8,+30.1,+24.9,+42.3,+17.1,+39.5,+18.8,+19.3,+19.6,+19.6,+19.7,+19.2,+19.8
2023-09-10 05:03,3,+32.8,+30.1,+24.9,+42.4,+17.1,+39.5,+18.7,+19.2,+19.6,+19.6,+19.7,+19.2,+19.8
2023-09-10 06:03,3,+32.8,+30.1,+24.9,+42.2,+17.1,+39.4,+18.7,+19.2,+19.6,+19.6,+19.7,+19.2,+19.8
2023-09-10 07:03,3,+32.8,+30.1,+24.9,+42.2,+17.1,+39.4,+18.7,+19.2,+19.6,+19.6,+19.7,+19.2,+19.8
2023-09-10 08:03,3,+32.8,+30.0,+24.9,+42.2,+17.1,+39.4,+18.8,+19.3,+19.6,+19.5,+19.7,+19.2,+19.8
2023-09-10 09:03,3,+32.7,+30.0,+24.8,+42.2,+17.1,+39.4,+18.8,+19.2,+19.6,+19.6,+19.8,+19.2,+19.8
2023-09-10 10:03,3,+32.7,+30.0,+24.8,+42.3,+17.1,+39.3,+19.0,+19.2,+19.5,+19.6,+19.7,+19.2,+19.8
2023-09-10 11:03,3,+32.7,+30.0,+24.8,+42.3,+17.1,+39.3,+19.1,+19.2,+19.5,+19.6,+19.7,+19.2,+19.8
2023-09-10 12:03,3,+32.7,+30.0,+24.8,+42.3,+17.1,+39.3,+19.2,+19.2,+19.5,+19.5,+19.7,+19.2,+19.8
2023-09-10 13:03,3,+32.6,+30.0,+24.8,+42.3,+17.1,+39.3,+19.2,+19.2,+19.5,+19.6,+19.7,+19.2,+19.8
2023-09-10 14:03,3,+32.6,+30.0,+24.8,+42.3,+17.1,+39.3,+19.3,+19.2,+19.5,+19.5,+19.7,+19.2,+19.8
2023-09-10 15:03,3,+32.6,+29.9,+24.7,+42.2,+17.0,+39.2,+19.3,+19.3,+19.5,+19.5,+19.8,+19.2,+19.8
2023-09-10 16:03,3,+32.5,+30.0,+24.7,+42.3,+17.0,+39.2,+19.3,+19.3,+19.5,+19.5,+19.7,+19.2,+19.8
2023-09-10 17:03,3,+32.4,+30.0,+24.7,+42.3,+17.0,+39.2,+19.3,+19.3,+19.5,+19.5,+19.7,+19.2,+19.8
2023-09-10 18:03,3,+32.4,+29.9,+24.7,+42.2,+17.0,+39.2,+19.3,+19.3,+19.5,+19.5,+19.7,+19.2,+19.8
2023-09-10 19:03,3,+32.5,+29.9,+24.7,+42.3,+17.0,+39.2,+19.2,+19.3,+19.5,+19.6,+19.7,+19.2,+19.8
2023-09-10 20:03,3,+32.5,+29.9,+24.7,+42.3,+17.0,+39.2,+19.2,+19.3,+19.6,+19.5,+19.7,+19.2,+19.8
2023-09-10 21:03,3,+32.5,+29.9,+24.7,+42.3,+17.0,+39.1,+19.1,+19.3,+19.5,+19.5,+19.7,+19.2,+19.8
2023-09-10 22:03,3,+32.5,+29.9,+24.7,+42.3,+17.0,+39.1,+19.1,+19.3,+19.5,+19.5,+19.7,+19.2,+19.8
2023-09-10 23:03,3,+32.5,+29.9,+24.7,+42.2,+17.0,+39.1,+19.0,+19.3,+19.5,+19.5,+19.7,+19.2,+19.8
2023-09-11 00:03,3,+32.5,+29.9,+24.7,+42.3,+17.0,+39.1,+19.0,+19.3,+19.5,+19.5,+19.7,+19.2,+19.8
2023-09-11 01:03,3,+32.5,+29.9,+24.7,+42.2,+17.0,+39.0,+19.0,+19.3,+19.5,+19.5,+19.7,+19.2,+19.8
2023-09-11 02:03,3,+32.5,+29.9,+24.7,+42.3,+17.0,+39.1,+18.8,+19.3,+19.6,+19.6,+19.7,+19.2,+19.8
2023-09-11 03:03,3,+32.4,+29.9,+24.7,+42.2,+16.9,+39.0,+18.8,+19.3,+19.5,+19.5,+19.7,+19.2,+19.8
2023-09-11 04:03,3,+32.6,+29.9,+24.7,+42.2,+17.0,+39.0,+18.8,+19.3,+19.5,+19.5,+19.7,+19.2,+19.8
2023-09-11 05:03,3,+32.7,+29.9,+24.7,+42.2,+16.9,+39.0,+18.7,+19.2,+19.6,+19.5,+19.7,+19.2,+19.8
2023-09-11 06:03,3,+32.7,+29.9,+24.7,+42.2,+17.0,+39.0,+18.7,+19.2,+19.5,+19.5,+19.7,+19.2,+19.8
2023-09-11 07:03,3,+32.6,+29.9,+24.6,+42.1,+16.9,+39.0,+18.6,+19.1,+19.5,+19.5,+19.7,+19.2,+19.8
2023-09-11 08:03,3,+32.6,+29.9,+24.6,+42.2,+17.0,+39.0,+18.7,+19.2,+19.5,+19.5,+19.7,+19.2,+19.8
2023-09-11 09:03,3,+32.5,+29.9,+24.6,+42.2,+17.0,+39.0,+18.7,+19.2,+19.5,+19.5,+19.7,+19.1,+19.8
2023-09-11 10:03,3,+32.5,+29.8,+24.6,+42.2,+16.9,+38.9,+19.0,+19.1,+19.5,+19.5,+19.7,+19.1,+19.8
2023-09-11 11:03,3,+32.4,+29.8,+24.6,+42.1,+16.9,+38.9,+19.1,+19.1,+19.5,+19.5,+19.7,+19.2,+19.8
2023-09-11 12:03,3,+32.4,+29.9,+24.6,+42.2,+16.9,+38.9,+19.2,+19.2,+19.5,+19.5,+19.7,+19.2,+19.8
2023-09-11 13:03,3,+32.4,+29.7,+24.6,+42.2,+16.9,+38.9,+19.2,+19.2,+19.5,+19.5,+19.7,+19.2,+19.8
2023-09-11 14:03,3,+32.4,+29.7,+24.7,+42.2,+16.9,+38.9,+19.3,+19.2,+19.5,+19.5,+19.7,+19.2,+19.8
2023-09-11 15:03,3,+50.9,+35.8,+32.6,+42.9,+17.0,+38.9,+19.5,+19.3,+19.5,+19.5,+19.7,+19.2,+19.8
2023-09-11 16:03,3,+48.6,+34.6,+31.1,+43.4,+19.0,+44.3,+19.2,+19.3,+19.5,+19.5,+19.7,+19.2,+19.8
2023-09-11 17:03,3,+43.6,+33.7,+29.5,+43.1,+18.3,+43.1,+19.2,+19.3,+19.5,+19.5,+19.7,+19.2,+19.8
2023-09-11 18:03,3,+41.8,+32.8,+28.8,+43.0,+18.2,+42.2,+19.2,+19.3,+19.5,+19.5,+19.7,+19.2,+19.8
2023-09-11 19:03,3,+40.4,+32.0,+28.5,+43.1,+18.1,+41.9,+19.2,+19.3,+19.5,+19.5,+19.7,+19.2,+19.8
2023-09-11 20:03,3,+39.9,+31.7,+28.2,+43.1,+18.1,+41.7,+19.2,+19.3,+19.5,+19.5,+19.7,+19.2,+19.8
2023-09-11 21:03,3,+39.6,+31.5,+28.0,+42.9,+18.0,+41.5,+19.2,+19.3,+19.5,+19.5,+19.7,+19.2,+19.8
2023-09-11 22:03,3,+39.4,+31.3,+27.8,+43.0,+18.0,+41.4,+19.2,+19.3,+19.5,+19.5,+19.7,+19.2,+19.8
2023-09-11 23:03,3,+39.0,+31.2,+27.7,+42.9,+18.0,+41.3,+19.2,+19.3,+19.5,+19.5,+19.6,+19.2,+19.8
2023-09-12 00:03,3,+39.0,+31.1,+27.6,+42.9,+18.0,+41.2,+19.2,+19.3,+19.5,+19.5,+19.7,+19.2,+19.8
2023-09-12 01:03,3,+38.9,+31.0,+27.4,+43.0,+18.0,+41.1,+19.2,+19.3,+19.5,+19.5,+19.6,+19.2,+19.8
2023-09-12 02:03,3,+38.8,+30.9,+27.3,+42.9,+17.9,+41.0,+19.2,+19.3,+19.5,+19.5,+19.7,+19.1,+19.8
2023-09-12 03:03,3,+38.6,+30.8,+27.2,+42.9,+17.9,+41.0,+19.1,+19.3,+19.5,+19.5,+19.7,+19.1,+19.8
2023-09-12 04:03,3,+38.1,+30.8,+27.1,+42.9,+17.9,+40.9,+19.1,+19.3,+19.5,+19.5,+19.7,+19.1,+19.8
2023-09-12 05:03,3,+37.5,+30.8,+27.0,+42.9,+17.8,+40.9,+19.0,+19.3,+19.5,+19.5,+19.6,+19.1,+19.8
2023-09-12 06:03,3,+36.9,+30.7,+26.9,+42.9,+17.8,+40.8,+19.0,+19.3,+19.5,+19.5,+19.7,+19.1,+19.8
2023-09-12 07:03,3,+36.8,+30.6,+26.7,+42.8,+17.8,+40.8,+19.0,+19.3,+19.5,+19.5,+19.6,+19.1,+19.8
2023-09-12 08:03,3,+36.6,+30.6,+26.6,+42.7,+17.7,+40.7,+19.0,+19.2,+19.5,+19.5,+19.6,+19.2,+19.8
2023-09-12 09:03,3,+36.6,+30.5,+26.5,+42.6,+17.7,+40.6,+19.0,+19.3,+19.5,+19.5,+19.7,+19.2,+19.8
2023-09-12 10:03,3,+36.5,+30.5,+26.4,+42.6,+17.6,+40.5,+19.1,+19.2,+19.5,+19.5,+19.6,+19.2,+19.8
2023-09-12 11:03,3,+36.5,+30.4,+26.3,+42.7,+17.6,+40.5,+19.2,+19.2,+19.5,+19.5,+19.7,+19.1,+19.8
2023-09-12 12:03,3,+36.4,+30.4,+26.2,+42.7,+17.6,+40.5,+19.3,+19.3,+19.5,+19.5,+19.7,+19.1,+19.8
2023-09-12 13:03,3,+36.4,+30.4,+26.1,+42.7,+17.6,+40.4,+19.5,+19.3,+19.5,+19.5,+19.6,+19.1,+19.8
2023-09-12 14:03,3,+36.3,+30.4,+26.0,+42.6,+17.6,+40.3,+19.6,+19.3,+19.5,+19.5,+19.7,+19.2,+19.8
2023-09-12 15:03,3,+36.3,+30.3,+26.0,+42.6,+17.5,+40.3,+19.6,+19.5,+19.5,+19.5,+19.7,+19.2,+19.8
2023-09-12 16:03,3,+36.3,+30.3,+26.0,+42.6,+17.5,+40.3,+19.6,+19.5,+19.5,+19.5,+19.7,+19.1,+19.8
2023-09-12 17:03,3,+36.3,+30.3,+25.9,+42.5,+17.5,+40.2,+19.6,+19.5,+19.5,+19.5,+19.7,+19.1,+19.8
2023-09-12 18:03,3,+36.3,+30.3,+25.9,+42.6,+17.5,+40.2,+19.6,+19.6,+19.5,+19.5,+19.6,+19.1,+19.8
2023-09-12 19:03,3,+36.3,+30.2,+25.8,+42.6,+17.5,+40.1,+19.6,+19.6,+19.6,+19.5,+19.6,+19.2,+19.8
2023-09-12 20:03,3,+36.3,+30.2,+25.8,+42.4,+17.4,+40.0,+19.5,+19.6,+19.6,+19.5,+19.6,+19.2,+19.8
2023-09-12 21:03,3,+36.3,+30.2,+25.7,+42.6,+17.4,+40.0,+19.5,+19.5,+19.6,+19.5,+19.7,+19.1,+19.8
2023-09-12 22:03,3,+36.2,+30.2,+25.7,+42.4,+17.4,+40.0,+19.3,+19.5,+19.6,+19.5,+19.7,+19.1,+19.8
2023-09-12 23:03,3,+36.2,+30.2,+25.7,+42.4,+17.3,+39.9,+19.3,+19.5,+19.6,+19.5,+19.7,+19.1,+19.8
2023-09-13 00:03,3,+36.2,+30.1,+25.7,+42.5,+17.4,+39.9,+19.2,+19.5,+19.6,+19.6,+19.7,+19.1,+19.8
2023-09-13 01:03,3,+36.1,+30.1,+25.6,+42.4,+17.3,+39.8,+19.2,+19.5,+19.6,+19.6,+19.6,+19.1,+19.7
2023-09-13 02:03,3,+36.1,+30.1,+25.6,+42.5,+17.3,+39.8,+19.1,+19.5,+19.7,+19.6,+19.7,+19.2,+19.8
2023-09-13 03:03,3,+36.1,+30.1,+25.6,+42.5,+17.3,+39.8,+19.0,+19.5,+19.6,+19.6,+19.7,+19.1,+19.8
2023-09-13 04:03,3,+36.0,+30.1,+25.6,+42.4,+17.3,+39.7,+19.0,+19.5,+19.6,+19.5,+19.7,+19.2,+19.8
2023-09-13 05:03,3,+36.0,+30.0,+25.6,+42.4,+17.3,+39.7,+18.8,+19.3,+19.6,+19.5,+19.7,+19.1,+19.8
2023-09-13 06:03,3,+36.0,+30.0,+25.5,+42.5,+17.3,+39.7,+18.8,+19.3,+19.6,+19.6,+19.6,+19.2,+19.8
2023-09-13 07:03,3,+36.0,+30.0,+25.5,+42.4,+17.2,+39.6,+19.0,+19.3,+19.6,+19.5,+19.7,+19.1,+19.8
2023-09-13 08:03,3,+35.9,+30.0,+25.5,+42.5,+17.3,+39.6,+18.8,+19.3,+19.6,+19.6,+19.7,+19.2,+19.8
2023-09-13 09:03,3,+35.9,+30.0,+25.4,+42.5,+17.3,+39.6,+18.8,+19.3,+19.6,+19.6,+19.7,+19.2,+19.7
2023-09-13 10:03,3,+35.8,+30.0,+25.4,+42.4,+17.2,+39.5,+19.1,+19.3,+19.6,+19.5,+19.7,+19.1,+19.8
2023-09-13 11:03,3,+35.8,+30.0,+25.4,+42.3,+17.2,+39.5,+19.3,+19.3,+19.6,+19.6,+19.7,+19.1,+19.8
2023-09-13 12:03,3,+35.8,+29.9,+25.4,+42.3,+17.2,+39.5,+19.5,+19.3,+19.6,+19.6,+19.7,+19.2,+19.8
2023-09-13 13:03,3,+35.7,+29.9,+25.3,+42.3,+17.2,+39.5,+19.5,+19.3,+19.6,+19.6,+19.7,+19.1,+19.8
2023-09-13 14:03,3,+35.7,+29.9,+25.3,+42.3,+17.2,+39.5,+19.6,+19.5,+19.5,+19.6,+19.7,+19.2,+19.8
2023-09-13 15:03,3,+35.7,+29.9,+25.3,+42.3,+17.2,+39.4,+19.7,+19.5,+19.6,+19.5,+19.7,+19.2,+19.8
2023-09-13 16:03,3,+35.7,+29.9,+25.3,+42.4,+17.2,+39.4,+19.7,+19.6,+19.6,+19.5,+19.7,+19.1,+19.8
2023-09-13 17:03,3,+35.6,+29.9,+25.3,+42.3,+17.1,+39.4,+19.7,+19.6,+19.6,+19.5,+19.7,+19.2,+19.8
2023-09-13 18:03,3,+35.6,+29.9,+25.3,+42.3,+17.1,+39.4,+19.7,+19.6,+19.6,+19.5,+19.7,+19.1,+19.8
2023-09-13 19:03,3,+35.6,+29.8,+25.2,+42.3,+17.1,+39.3,+19.7,+19.6,+19.6,+19.5,+19.7,+19.1,+19.8
2023-09-13 20:03,3,+35.6,+29.9,+25.2,+42.3,+17.1,+39.3,+19.7,+19.6,+19.6,+19.5,+19.7,+19.2,+19.8
2023-09-13 21:03,3,+35.6,+29.9,+25.2,+42.4,+17.2,+39.3,+19.7,+19.6,+19.6,+19.5,+19.7,+19.1,+19.8
2023-09-13 22:03,3,+35.5,+29.9,+25.2,+42.3,+17.1,+39.3,+19.6,+19.7,+19.6,+19.5,+19.7,+19.2,+19.8
2023-09-13 23:03,3,+35.6,+29.9,+25.2,+42.3,+17.1,+39.2,+19.5,+19.6,+19.6,+19.5,+19.7,+19.2,+19.8
2023-09-14 00:03,3,+35.6,+29.9,+25.2,+42.3,+17.1,+39.2,+19.5,+19.7,+19.7,+19.6,+19.7,+19.1,+19.8
2023-09-14 01:03,3,+35.3,+29.8,+25.1,+42.3,+17.1,+39.2,+19.5,+19.6,+19.6,+19.6,+19.7,+19.2,+19.7
2023-09-14 02:03,3,+35.1,+29.8,+25.1,+42.3,+17.1,+39.2,+19.3,+19.6,+19.7,+19.6,+19.7,+19.2,+19.8
2023-09-14 03:03,3,+35.0,+29.8,+25.1,+42.3,+17.1,+39.2,+19.3,+19.5,+19.6,+19.6,+19.7,+19.1,+19.8
2023-09-14 04:03,3,+35.0,+29.8,+25.1,+42.4,+17.1,+39.2,+19.2,+19.6,+19.7,+19.6,+19.7,+19.1,+19.8
2023-09-14 05:03,3,+34.9,+29.8,+25.1,+42.4,+17.1,+39.2,+19.2,+19.5,+19.7,+19.6,+19.7,+19.2,+19.8
2023-09-14 06:03,3,+34.9,+29.8,+25.1,+42.3,+17.1,+39.2,+19.1,+19.5,+19.7,+19.6,+19.7,+19.2,+19.8
2023-09-14 07:03,3,+35.0,+29.8,+25.1,+42.4,+17.1,+39.2,+19.2,+19.6,+19.7,+19.6,+19.7,+19.1,+19.8
2023-09-14 08:03,3,+35.0,+29.8,+25.1,+42.3,+17.0,+39.1,+19.2,+19.5,+19.7,+19.6,+19.7,+19.2,+19.8
2023-09-14 09:03,3,+35.0,+29.8,+25.1,+42.3,+17.0,+39.1,+19.2,+19.5,+19.6,+19.6,+19.7,+19.2,+19.8
2023-09-14 10:03,3,+35.0,+29.7,+25.0,+42.3,+17.0,+39.1,+19.3,+19.5,+19.7,+19.6,+19.7,+19.2,+19.8
2023-09-14 11:03,3,+34.9,+29.7,+25.0,+42.2,+17.0,+39.1,+19.6,+19.5,+19.7,+19.6,+19.7,+19.2,+19.8
2023-09-14 12:03,3,+34.9,+29.7,+25.0,+42.3,+17.0,+39.1,+19.7,+19.5,+19.6,+19.6,+19.7,+19.2,+19.7
2023-09-14 13:03,3,+34.9,+29.5,+25.0,+42.3,+17.0,+39.0,+19.8,+19.6,+19.7,+19.6,+19.7,+19.2,+19.8
2023-09-14 14:03,3,+34.8,+29.5,+25.0,+42.2,+17.0,+39.0,+19.8,+19.6,+19.6,+19.6,+19.7,+19.2,+19.8
2023-09-14 15:03,3,+34.8,+29.4,+25.0,+42.4,+17.1,+39.0,+20.0,+19.7,+19.7,+19.6,+19.7,+19.2,+19.8
2023-09-14 16:03,3,+34.8,+29.4,+25.0,+42.2,+17.0,+39.0,+20.0,+19.7,+19.7,+19.6,+19.7,+19.2,+19.7
2023-09-14 17:03,3,+34.8,+29.4,+25.0,+42.2,+17.0,+39.0,+20.0,+19.7,+19.7,+19.6,+19.7,+19.2,+19.8
2023-09-14 18:03,3,+34.8,+29.4,+25.0,+42.2,+17.0,+39.0,+19.8,+19.7,+19.7,+19.6,+19.7,+19.2,+19.8
2023-09-14 19:03,3,+34.7,+29.3,+24.9,+42.3,+17.0,+39.0,+19.8,+19.7,+19.7,+19.6,+19.7,+19.2,+19.8
2023-09-14 20:03,3,+34.6,+29.3,+24.9,+42.2,+17.0,+39.0,+19.8,+19.8,+19.7,+19.6,+19.7,+19.2,+19.8
2023-09-14 21:03,3,+35.3,+29.3,+24.9,+42.3,+17.0,+39.0,+19.8,+19.8,+19.7,+19.6,+19.7,+19.2,+19.8
2023-09-14 22:03,3,+39.0,+29.4,+24.9,+42.2,+17.0,+38.9,+19.7,+19.8,+19.7,+19.6,+19.7,+19.2,+19.8
2023-09-14 23:03,3,+37.3,+29.4,+24.8,+42.4,+17.0,+39.0,+19.7,+19.8,+19.8,+19.6,+19.7,+19.2,+19.8
2023-09-15 00:03,3,+36.5,+29.4,+24.8,+42.2,+17.0,+38.9,+19.7,+19.8,+19.7,+19.6,+19.7,+19.2,+19.8
2023-09-15 01:03,3,+36.2,+29.4,+24.8,+42.4,+17.0,+38.9,+19.6,+19.7,+19.8,+19.6,+19.7,+19.2,+19.8
2023-09-15 02:03,3,+36.1,+29.4,+24.8,+42.2,+17.0,+38.9,+19.6,+19.7,+19.8,+19.6,+19.7,+19.1,+19.8
2023-09-15 03:03,3,+36.0,+29.4,+24.8,+42.2,+17.0,+38.9,+19.6,+19.7,+19.8,+19.6,+19.7,+19.2,+19.8
2023-09-15 04:03,3,+35.9,+29.4,+24.8,+42.3,+17.0,+38.9,+19.5,+19.7,+19.8,+19.6,+19.7,+19.2,+19.8
2023-09-15 05:03,3,+35.8,+29.4,+24.8,+42.3,+17.0,+38.9,+19.3,+19.7,+19.8,+19.7,+19.8,+19.2,+19.8
2023-09-15 06:03,3,+35.7,+29.4,+24.8,+42.4,+17.0,+38.9,+19.3,+19.7,+19.8,+19.6,+19.7,+19.2,+19.8
2023-09-15 07:03,3,+35.6,+29.4,+24.8,+42.3,+17.0,+38.9,+19.2,+19.7,+19.8,+19.7,+19.8,+19.2,+19.8
2023-09-15 08:03,3,+35.6,+29.4,+24.8,+42.3,+17.0,+38.9,+19.2,+19.6,+19.8,+19.7,+19.7,+19.2,+19.8
2023-09-15 09:03,3,+35.5,+29.4,+24.7,+42.2,+16.9,+38.8,+19.3,+19.6,+19.8,+19.7,+19.7,+19.2,+19.8
2023-09-15 10:03,3,+35.5,+29.4,+24.7,+42.2,+16.9,+38.8,+19.3,+19.6,+19.8,+19.6,+19.8,+19.2,+19.8
2023-09-15 11:03,3,+35.4,+29.4,+24.7,+42.2,+16.9,+38.8,+19.5,+19.6,+19.8,+19.6,+19.7,+19.2,+19.8
2023-09-15 12:03,3,+35.4,+29.4,+24.7,+42.3,+17.0,+38.8,+19.5,+19.6,+19.8,+19.7,+19.7,+19.2,+19.8
2023-09-15 13:03,3,+35.3,+29.4,+24.7,+42.3,+17.0,+38.8,+19.6,+19.6,+19.7,+19.6,+19.7,+19.2,+19.8
2023-09-15 14:03,3,+35.3,+29.4,+24.7,+42.2,+16.9,+38.8,+19.7,+19.6,+19.7,+19.7,+19.7,+19.2,+19.8
2023-09-15 15:03,3,+35.3,+29.4,+24.7,+42.2,+16.9,+38.8,+19.7,+19.6,+19.7,+19.7,+19.7,+19.2,+19.8
2023-09-15 16:03,3,+35.3,+29.4,+24.7,+42.3,+17.0,+38.8,+19.7,+19.7,+19.7,+19.6,+19.7,+19.2,+19.8
2023-09-15 17:03,3,+35.3,+29.4,+24.7,+42.3,+17.0,+38.8,+19.6,+19.7,+19.7,+19.6,+19.7,+19.2,+19.8
2023-09-15 18:03,3,+35.2,+29.4,+24.7,+42.2,+16.9,+38.8,+19.6,+19.7,+19.8,+19.7,+19.8,+19.2,+19.8
2023-09-15 19:03,3,+35.2,+29.4,+24.7,+42.2,+16.9,+38.7,+19.6,+19.7,+19.8,+19.6,+19.8,+19.2,+19.8
2023-09-15 20:03,3,+35.2,+29.4,+24.7,+42.2,+16.9,+38.7,+19.5,+19.7,+19.7,+19.7,+19.7,+19.2,+19.8
2023-09-15 21:03,3,+35.2,+29.4,+24.7,+42.2,+16.9,+38.7,+19.5,+19.7,+19.7,+19.7,+19.8,+19.2,+19.8
2023-09-15 22:03,3,+35.1,+29.4,+24.7,+42.2,+16.9,+38.7,+19.5,+19.7,+19.7,+19.7,+19.7,+19.2,+19.8
2023-09-15 23:03,3,+35.1,+29.4,+24.7,+42.3,+16.9,+38.7,+19.3,+19.6,+19.7,+19.7,+19.7,+19.2,+19.8
2023-09-16 00:03,3,+35.1,+29.4,+24.7,+42.2,+16.9,+38.7,+19.3,+19.6,+19.7,+19.7,+19.8,+19.2,+19.8
2023-09-16 01:03,3,+35.1,+29.4,+24.7,+42.3,+16.9,+38.7,+19.3,+19.6,+19.8,+19.7,+19.7,+19.2,+19.8
2023-09-16 02:03,3,+35.1,+29.4,+24.7,+42.3,+16.9,+38.7,+19.2,+19.6,+19.7,+19.7,+19.8,+19.2,+19.8
2023-09-16 03:03,3,+35.0,+29.4,+24.7,+42.3,+16.9,+38.7,+19.2,+19.6,+19.7,+19.7,+19.8,+19.2,+19.8
2023-09-16 04:03,3,+35.0,+29.4,+24.7,+42.2,+16.9,+38.7,+19.2,+19.6,+19.7,+19.6,+19.7,+19.2,+19.8
2023-09-16 05:03,3,+35.0,+29.3,+24.6,+42.1,+16.9,+38.7,+19.2,+19.6,+19.7,+19.7,+19.7,+19.2,+19.8
2023-09-16 06:03,3,+34.9,+29.3,+24.6,+42.2,+16.9,+38.7,+19.2,+19.6,+19.7,+19.7,+19.7,+19.2,+19.8
2023-09-16 07:03,3,+34.9,+29.3,+24.6,+42.1,+16.9,+38.7,+19.2,+19.6,+19.7,+19.6,+19.8,+19.2,+19.8
2023-09-16 08:03,3,+34.9,+29.3,+24.6,+42.1,+16.9,+38.7,+19.1,+19.5,+19.7,+19.6,+19.8,+19.2,+19.8
2023-09-16 09:03,3,+34.9,+29.3,+24.6,+42.1,+16.9,+38.7,+19.2,+19.5,+19.7,+19.7,+19.7,+19.2,+19.8
2023-09-16 10:03,3,+34.9,+29.3,+24.6,+42.2,+16.9,+38.7,+19.2,+19.5,+19.7,+19.6,+19.8,+19.2,+19.8
2023-09-16 11:03,3,+34.8,+29.3,+24.6,+42.1,+16.9,+38.7,+19.3,+19.5,+19.7,+19.6,+19.8,+19.2,+19.8
2023-09-16 12:03,3,+34.8,+29.3,+24.6,+42.2,+16.9,+38.7,+19.3,+19.5,+19.7,+19.6,+19.7,+19.2,+19.8
2023-09-16 13:03,3,+34.8,+29.3,+24.6,+42.1,+16.9,+38.7,+19.5,+19.5,+19.7,+19.6,+19.7,+19.2,+19.8
2023-09-16 14:03,3,+34.7,+29.3,+24.6,+42.2,+16.9,+38.7,+19.5,+19.5,+19.7,+19.6,+19.8,+19.2,+19.8
2023-09-16 15:03,3,+34.7,+29.3,+24.6,+42.1,+16.8,+38.7,+19.5,+19.6,+19.7,+19.6,+19.7,+19.2,+19.8
2023-09-16 16:03,3,+34.7,+29.3,+24.5,+42.1,+16.8,+38.7,+19.5,+19.6,+19.7,+19.6,+19.7,+19.2,+19.8
2023-09-16 17:03,3,+34.7,+29.2,+24.5,+42.1,+16.8,+38.7,+19.5,+19.6,+19.7,+19.6,+19.7,+19.2,+19.8
2023-09-16 18:03,3,+47.4,+29.4,+24.6,+42.1,+16.8,+38.7,+19.2,+19.6,+19.6,+19.6,+19.8,+19.2,+19.8
2023-09-16 19:03,3,+41.1,+31.3,+28.9,+42.8,+16.9,+38.7,+19.0,+19.5,+19.7,+19.6,+19.7,+19.2,+19.8
2023-09-16 20:03,3,+39.6,+30.8,+28.6,+42.8,+16.9,+38.7,+19.0,+19.5,+19.6,+19.7,+19.7,+19.2,+19.8
2023-09-16 21:03,3,+38.5,+30.6,+28.3,+42.7,+17.0,+38.8,+19.0,+19.3,+19.7,+19.6,+19.8,+19.2,+19.8
2023-09-16 22:03,3,+37.3,+30.5,+27.8,+42.8,+17.1,+39.0,+19.0,+19.3,+19.6,+19.6,+19.8,+19.2,+19.8
2023-09-16 23:03,3,+36.8,+30.4,+27.6,+42.8,+17.2,+39.0,+19.0,+19.3,+19.7,+19.7,+19.7,+19.2,+19.8
2023-09-17 00:03,3,+36.6,+30.3,+27.4,+42.7,+17.2,+39.0,+19.0,+19.3,+19.6,+19.6,+19.7,+19.2,+19.8
2023-09-17 01:03,3,+36.4,+30.2,+27.3,+42.8,+17.4,+39.1,+19.0,+19.3,+19.7,+19.6,+19.7,+19.2,+19.8
2023-09-17 02:03,3,+36.2,+30.2,+27.1,+42.9,+17.4,+39.1,+19.0,+19.3,+19.6,+19.6,+19.8,+19.2,+19.8
2023-09-17 03:03,3,+36.2,+30.1,+27.0,+42.9,+17.5,+39.2,+19.0,+19.3,+19.6,+19.6,+19.8,+19.2,+19.8
2023-09-17 04:03,3,+36.1,+30.1,+26.9,+42.7,+17.5,+39.2,+19.0,+19.3,+19.6,+19.6,+19.7,+19.2,+19.8
2023-09-17 05:03,3,+36.0,+30.0,+26.7,+42.8,+17.6,+39.2,+18.8,+19.3,+19.6,+19.6,+19.8,+19.2,+19.8
2023-09-17 06:03,3,+36.0,+30.0,+26.7,+42.7,+17.6,+39.2,+19.0,+19.2,+19.6,+19.6,+19.8,+19.2,+19.8
2023-09-17 07:03,3,+35.9,+30.0,+26.6,+42.8,+17.7,+39.3,+19.0,+19.3,+19.6,+19.6,+19.7,+19.2,+19.8
2023-09-17 08:03,3,+35.8,+30.0,+26.4,+42.7,+17.6,+39.3,+19.0,+19.2,+19.6,+19.5,+19.8,+19.2,+19.8
2023-09-17 09:03,3,+35.8,+29.9,+26.3,+42.8,+17.7,+39.3,+19.0,+19.2,+19.6,+19.6,+19.8,+19.2,+19.8
2023-09-17 10:03,3,+35.7,+29.9,+26.2,+42.6,+17.6,+39.3,+19.1,+19.3,+19.6,+19.5,+19.7,+19.2,+19.8
2023-09-17 11:03,3,+35.7,+29.9,+26.1,+42.6,+17.6,+39.4,+19.2,+19.3,+19.6,+19.6,+19.7,+19.2,+19.8
2023-09-17 12:03,3,+35.7,+29.9,+26.0,+42.7,+17.7,+39.4,+19.3,+19.3,+19.6,+19.5,+19.7,+19.2,+19.8
2023-09-17 13:03,3,+35.6,+29.9,+26.0,+42.6,+17.6,+39.4,+19.3,+19.3,+19.6,+19.6,+19.7,+19.2,+19.8
2023-09-17 14:03,3,+47.6,+31.4,+26.4,+42.6,+17.6,+39.4,+19.1,+19.3,+19.5,+19.5,+19.7,+19.2,+19.8
2023-09-17 15:03,3,+47.9,+32.6,+33.6,+44.1,+18.3,+39.5,+19.0,+19.3,+19.5,+19.6,+19.7,+19.2,+19.8
2023-09-17 16:03,3,+47.7,+32.7,+33.9,+44.1,+18.7,+40.1,+18.8,+19.3,+19.6,+19.6,+19.7,+19.2,+19.8
2023-09-17 17:03,3,+42.5,+32.0,+32.9,+44.2,+19.1,+41.7,+19.0,+19.3,+19.5,+19.5,+19.7,+19.2,+19.8
2023-09-17 18:03,3,+40.1,+31.5,+30.5,+44.2,+19.0,+41.8,+18.8,+19.3,+19.6,+19.5,+19.7,+19.2,+19.8
2023-09-17 19:03,3,+38.9,+31.3,+29.1,+43.9,+18.7,+41.7,+18.8,+19.2,+19.5,+19.5,+19.7,+19.2,+19.8
2023-09-17 20:03,3,+38.1,+31.0,+28.7,+43.6,+18.7,+41.5,+18.8,+19.3,+19.5,+19.5,+19.7,+19.2,+19.8
2023-09-17 21:03,3,+37.6,+30.9,+28.4,+43.3,+18.4,+41.4,+18.8,+19.2,+19.6,+19.5,+19.7,+19.2,+19.8
2023-09-17 22:03,3,+37.4,+30.8,+28.1,+43.3,+18.3,+41.3,+18.8,+19.2,+19.5,+19.5,+19.7,+19.2,+19.8
2023-09-17 23:03,3,+37.1,+30.6,+27.9,+43.1,+18.2,+41.2,+18.8,+19.2,+19.5,+19.5,+19.7,+19.1,+19.8
2023-09-18 00:03,3,+37.0,+30.6,+27.6,+43.1,+18.2,+41.2,+18.7,+19.2,+19.5,+19.6,+19.7,+19.2,+19.8
2023-09-18 01:03,3,+36.9,+30.5,+27.4,+43.0,+18.2,+41.1,+18.7,+19.2,+19.5,+19.5,+19.7,+19.2,+19.8
2023-09-18 02:03,3,+36.7,+30.4,+27.2,+43.0,+18.2,+41.0,+18.7,+19.2,+19.5,+19.5,+19.7,+19.2,+19.8
2023-09-18 03:03,3,+36.5,+30.3,+27.1,+43.1,+18.2,+41.0,+18.6,+19.1,+19.5,+19.5,+19.7,+19.2,+19.8
2023-09-18 04:03,3,+36.4,+30.3,+26.9,+42.9,+18.1,+40.9,+18.6,+19.1,+19.5,+19.5,+19.7,+19.2,+19.8
2023-09-18 05:03,3,+37.3,+30.3,+26.8,+42.9,+18.1,+40.9,+18.6,+19.1,+19.5,+19.5,+19.7,+19.2,+19.8
2023-09-18 06:03,3,+37.1,+30.3,+26.6,+42.9,+18.1,+40.8,+18.6,+19.1,+19.5,+19.5,+19.7,+19.1,+19.8
2023-09-18 07:03,3,+37.0,+30.2,+26.5,+43.0,+18.1,+40.8,+18.6,+19.1,+19.5,+19.5,+19.7,+19.2,+19.8
2023-09-18 08:03,3,+37.0,+30.2,+26.4,+42.8,+18.0,+40.7,+18.6,+19.1,+19.3,+19.5,+19.7,+19.2,+19.8
2023-09-18 09:03,3,+36.9,+30.1,+26.2,+42.9,+18.0,+40.7,+18.6,+19.1,+19.5,+19.5,+19.7,+19.1,+19.8
2023-09-18 10:03,3,+36.9,+30.1,+26.1,+42.9,+18.0,+40.6,+18.6,+19.1,+19.5,+19.5,+19.6,+19.2,+19.8
2023-09-18 11:03,3,+37.0,+30.1,+26.0,+42.7,+17.9,+40.5,+18.7,+19.0,+19.5,+19.5,+19.6,+19.2,+19.8
2023-09-18 12:03,3,+36.4,+30.1,+25.9,+42.7,+17.9,+40.5,+18.8,+19.0,+19.5,+19.5,+19.7,+19.2,+19.8
2023-09-18 13:03,3,+36.3,+30.1,+25.8,+42.7,+17.8,+40.4,+19.0,+19.1,+19.3,+19.5,+19.7,+19.2,+19.8
2023-09-18 14:03,3,+36.6,+30.0,+25.7,+42.7,+17.8,+40.4,+19.0,+19.1,+19.3,+19.5,+19.7,+19.1,+19.8
2023-09-18 15:03,3,+36.5,+30.0,+25.7,+42.6,+17.8,+40.3,+19.0,+19.1,+19.3,+19.5,+19.7,+19.2,+19.8
2023-09-18 16:03,3,+36.5,+30.0,+25.6,+42.6,+17.7,+40.3,+19.1,+19.1,+19.5,+19.5,+19.7,+19.1,+19.8
2023-09-18 17:03,3,+36.5,+30.0,+25.6,+42.7,+17.8,+40.3,+19.1,+19.2,+19.3,+19.5,+19.7,+19.2,+19.8
2023-09-18 18:03,3,+36.5,+30.0,+25.5,+42.6,+17.7,+40.2,+19.0,+19.2,+19.3,+19.5,+19.7,+19.2,+19.8
2023-09-18 19:03,3,+36.4,+30.0,+25.5,+42.7,+17.7,+40.2,+18.8,+19.1,+19.3,+19.5,+19.7,+19.2,+19.8
2023-09-18 20:03,3,+36.4,+30.0,+25.4,+42.6,+17.6,+40.1,+18.8,+19.2,+19.3,+19.5,+19.7,+19.2,+19.8
2023-09-18 21:03,3,+36.3,+29.9,+25.4,+42.6,+17.6,+40.1,+18.7,+19.2,+19.3,+19.5,+19.7,+19.2,+19.8
2023-09-18 22:03,3,+36.3,+29.9,+25.4,+42.5,+17.6,+40.0,+18.7,+19.1,+19.3,+19.5,+19.6,+19.2,+19.8
2023-09-18 23:03,3,+36.2,+29.9,+25.4,+42.6,+17.6,+40.0,+18.7,+19.1,+19.3,+19.5,+19.7,+19.2,+19.8
2023-09-19 00:03,3,+36.2,+29.9,+25.3,+42.6,+17.6,+40.0,+18.6,+19.1,+19.3,+19.5,+19.7,+19.2,+19.8
2023-09-19 01:03,3,+36.2,+29.9,+25.3,+42.5,+17.6,+39.9,+18.6,+19.1,+19.3,+19.5,+19.7,+19.1,+19.8
2023-09-19 02:03,3,+36.2,+29.9,+25.3,+42.5,+17.5,+39.9,+18.5,+19.1,+19.3,+19.5,+19.7,+19.1,+19.8
2023-09-19 03:03,3,+36.2,+29.9,+25.3,+42.5,+17.5,+39.9,+18.5,+19.0,+19.3,+19.5,+19.6,+19.2,+19.8
2023-09-19 04:03,3,+36.1,+29.9,+25.2,+42.6,+17.6,+39.9,+18.5,+19.0,+19.3,+19.3,+19.6,+19.1,+19.8
2023-09-19 05:03,3,+36.1,+29.9,+25.2,+42.6,+17.5,+39.8,+18.5,+19.0,+19.2,+19.3,+19.7,+19.1,+19.8
2023-09-19 06:03,3,+36.1,+29.8,+25.2,+42.5,+17.5,+39.7,+18.3,+19.0,+19.3,+19.5,+19.7,+19.1,+19.8
2023-09-19 07:03,3,+36.1,+29.8,+25.2,+42.6,+17.5,+39.7,+18.3,+19.0,+19.3,+19.5,+19.6,+19.1,+19.8
2023-09-19 08:03,3,+36.2,+29.8,+25.1,+42.6,+17.5,+39.7,+18.3,+18.8,+19.3,+19.3,+19.7,+19.1,+19.8
2023-09-19 09:03,3,+35.9,+29.7,+25.1,+42.4,+17.5,+39.7,+18.5,+19.0,+19.3,+19.5,+19.7,+19.1,+19.8
2023-09-19 10:03,3,+36.2,+29.7,+25.1,+42.4,+17.5,+39.6,+18.6,+18.8,+19.2,+19.5,+19.6,+19.1,+19.8
2023-09-19 11:03,3,+36.4,+29.7,+25.1,+42.4,+17.4,+39.6,+18.8,+19.0,+19.3,+19.3,+19.6,+19.2,+19.8
2023-09-19 12:03,3,+36.4,+29.7,+25.1,+42.4,+17.4,+39.6,+19.0,+19.0,+19.2,+19.3,+19.6,+19.1,+19.8
2023-09-19 13:03,3,+36.4,+29.7,+25.1,+42.4,+17.4,+39.6,+19.1,+19.0,+19.2,+19.3,+19.6,+19.1,+19.8
2023-09-19 14:03,3,+36.7,+29.7,+25.1,+42.4,+17.4,+39.5,+19.1,+19.0,+19.2,+19.3,+19.6,+19.1,+19.8
2023-09-19 15:03,3,+37.0,+29.7,+25.0,+42.4,+17.4,+39.5,+19.2,+19.1,+19.2,+19.3,+19.6,+19.1,+19.8
2023-09-19 16:03,3,+44.5,+33.1,+27.9,+42.5,+17.4,+39.5,+18.8,+19.1,+19.2,+19.3,+19.6,+19.1,+19.8
2023-09-19 17:03,3,+41.7,+31.9,+32.6,+44.9,+17.6,+39.5,+19.0,+19.1,+19.2,+19.2,+19.6,+19.1,+19.8
2023-09-19 18:03,3,+40.9,+31.4,+29.8,+44.9,+18.1,+39.7,+19.0,+19.1,+19.2,+19.3,+19.6,+19.1,+19.8
2023-09-19 19:03,3,+39.9,+31.1,+28.8,+44.6,+18.3,+39.9,+19.0,+19.1,+19.3,+19.3,+19.6,+19.1,+19.8
2023-09-19 20:03,3,+43.7,+31.0,+28.4,+43.4,+18.2,+40.2,+19.0,+19.1,+19.3,+19.3,+19.6,+19.1,+19.7
2023-09-19 21:03,3,+43.5,+31.9,+28.2,+43.3,+18.2,+40.3,+18.8,+19.1,+19.3,+19.2,+19.6,+19.1,+19.8
2023-09-19 22:03,3,+41.8,+31.7,+28.6,+43.3,+18.2,+40.4,+18.7,+19.1,+19.3,+19.3,+19.6,+19.1,+19.7
2023-09-19 23:03,3,+40.7,+31.5,+29.2,+43.4,+18.3,+40.5,+18.7,+19.1,+19.2,+19.3,+19.6,+19.1,+19.8
2023-09-20 00:03,3,+39.8,+31.3,+29.0,+43.5,+18.7,+40.7,+18.7,+19.1,+19.3,+19.3,+19.6,+19.1,+19.7
2023-09-20 01:03,3,+39.3,+31.1,+28.7,+43.3,+18.6,+40.9,+18.6,+19.1,+19.2,+19.3,+19.6,+19.1,+19.8
2023-09-20 02:03,3,+39.0,+30.9,+28.3,+43.4,+18.5,+41.0,+18.7,+19.1,+19.3,+19.3,+19.6,+19.1,+19.7
2023-09-20 03:03,3,+38.7,+30.8,+28.0,+43.3,+18.4,+41.0,+18.6,+19.0,+19.3,+19.3,+19.6,+19.1,+19.8
2023-09-20 04:03,3,+38.5,+30.7,+27.7,+43.2,+18.3,+40.9,+18.6,+19.0,+19.2,+19.3,+19.6,+19.1,+19.8
2023-09-20 05:03,3,+38.4,+30.7,+27.5,+43.1,+18.3,+40.9,+18.6,+19.1,+19.2,+19.3,+19.6,+19.0,+19.8
2023-09-20 06:03,3,+38.3,+30.6,+27.3,+43.1,+18.3,+40.9,+18.6,+19.1,+19.3,+19.3,+19.6,+19.1,+19.7
2023-09-20 07:03,3,+38.3,+30.5,+27.1,+43.1,+18.3,+40.8,+18.6,+19.0,+19.3,+19.3,+19.6,+19.0,+19.7
2023-09-20 08:03,3,+38.0,+30.5,+27.0,+43.1,+18.2,+40.8,+18.6,+19.0,+19.2,+19.3,+19.6,+19.1,+19.7
2023-09-20 09:03,3,+37.9,+30.4,+26.8,+42.9,+18.2,+40.7,+18.6,+19.0,+19.2,+19.3,+19.6,+19.0,+19.7
2023-09-20 10:03,3,+37.8,+30.4,+26.7,+43.0,+18.2,+40.7,+18.8,+19.0,+19.3,+19.3,+19.6,+19.1,+19.7
2023-09-20 11:03,3,+37.7,+30.4,+26.5,+43.0,+18.2,+40.6,+18.8,+19.0,+19.2,+19.3,+19.6,+19.0,+19.7
2023-09-20 12:03,3,+37.7,+30.3,+26.4,+42.9,+18.1,+40.5,+19.0,+19.1,+19.2,+19.3,+19.6,+19.1,+19.7
2023-09-20 13:03,3,+37.6,+30.3,+26.3,+42.8,+18.0,+40.5,+19.1,+19.0,+19.2,+19.3,+19.6,+19.1,+19.7
2023-09-20 14:03,3,+37.6,+30.3,+26.1,+42.8,+18.0,+40.4,+19.2,+19.1,+19.2,+19.3,+19.6,+19.1,+19.7
2023-09-20 15:03,3,+37.6,+30.2,+26.0,+42.7,+18.0,+40.4,+19.2,+19.1,+19.2,+19.3,+19.6,+19.1,+19.7
2023-09-20 16:03,3,+37.6,+30.2,+25.9,+42.8,+18.0,+40.3,+19.2,+19.1,+19.2,+19.3,+19.5,+19.1,+19.7
2023-09-20 17:03,3,+37.7,+30.2,+25.8,+42.8,+18.0,+40.3,+19.1,+19.2,+19.3,+19.2,+19.6,+19.0,+19.7
2023-09-20 18:03,3,+37.7,+30.2,+25.7,+42.8,+17.9,+40.3,+19.1,+19.2,+19.3,+19.3,+19.6,+19.0,+19.7
2023-09-20 19:03,3,+37.7,+30.2,+25.7,+42.6,+17.8,+40.2,+19.1,+19.2,+19.3,+19.3,+19.6,+19.1,+19.7
2023-09-20 20:03,3,+37.7,+30.2,+25.6,+42.6,+17.8,+40.1,+19.1,+19.2,+19.2,+19.3,+19.6,+19.1,+19.7
2023-09-20 21:03,3,+37.6,+30.2,+25.6,+42.7,+17.8,+40.1,+19.1,+19.2,+19.2,+19.3,+19.6,+19.1,+19.7
2023-09-20 22:03,3,+37.6,+30.2,+25.5,+42.6,+17.8,+40.0,+19.0,+19.2,+19.3,+19.3,+19.6,+19.1,+19.7
2023-09-20 23:03,3,+37.6,+30.2,+25.5,+42.6,+17.7,+40.0,+19.0,+19.2,+19.3,+19.3,+19.6,+19.1,+19.7
2023-09-21 00:03,3,+37.6,+30.2,+25.4,+42.6,+17.8,+40.0,+19.0,+19.2,+19.5,+19.3,+19.6,+19.1,+19.7
2023-09-21 01:03,3,+37.6,+30.2,+25.4,+42.6,+17.7,+39.9,+19.0,+19.2,+19.3,+19.3,+19.6,+19.1,+19.7
2023-09-21 02:03,3,+37.6,+30.2,+25.4,+42.6,+17.7,+39.9,+18.8,+19.2,+19.3,+19.3,+19.6,+19.0,+19.7
2023-09-21 03:03,3,+37.5,+30.2,+25.4,+42.5,+17.7,+39.8,+18.8,+19.2,+19.3,+19.3,+19.6,+19.1,+19.7
2023-09-21 04:03,3,+37.6,+30.2,+25.4,+42.6,+17.7,+39.8,+18.8,+19.2,+19.3,+19.3,+19.6,+19.0,+19.7
2023-09-21 05:03,3,+37.6,+30.2,+25.3,+42.6,+17.6,+39.7,+18.8,+19.1,+19.3,+19.3,+19.6,+19.1,+19.7
2023-09-21 06:03,3,+38.1,+30.2,+25.3,+42.4,+17.6,+39.7,+18.8,+19.1,+19.3,+19.3,+19.6,+19.0,+19.7
2023-09-21 07:03,3,+37.9,+30.2,+25.3,+42.5,+17.6,+39.7,+18.8,+19.1,+19.3,+19.3,+19.6,+19.1,+19.7
2023-09-21 08:03,3,+37.8,+30.2,+25.3,+42.4,+17.6,+39.6,+18.8,+19.1,+19.3,+19.3,+19.6,+19.1,+19.7
2023-09-21 09:03,3,+37.6,+30.2,+25.3,+42.4,+17.6,+39.6,+18.8,+19.1,+19.5,+19.3,+19.6,+19.1,+19.7
2023-09-21 10:03,3,+37.8,+30.2,+25.3,+42.5,+17.6,+39.6,+19.0,+19.1,+19.3,+19.3,+19.6,+19.1,+19.7