
2023-08-16 10:03,4,+13.4,+23.3,+8.5,+33.1,+22.5,+29.9,+18.7,+18.8,+19.0,+19.1,+19.2,+19.2,+19.2
2023-08-16 11:03,4,+13.5,+23.3,+8.5,+33.0,+22.5,+29.8,+18.8,+18.8,+19.0,+19.1,+19.2,+19.1,+19.2
2023-08-16 12:03,4,+13.6,+23.3,+8.5,+33.0,+22.5,+29.8,+19.0,+18.8,+19.0,+19.1,+19.2,+19.2,+19.2
2023-08-16 13:03,4,+13.5,+23.3,+8.5,+33.1,+22.5,+29.8,+19.1,+19.0,+19.0,+19.1,+19.2,+19.1,+19.2
2023-08-16 14:03,4,+13.4,+23.3,+8.5,+33.0,+22.5,+29.8,+19.2,+19.0,+19.0,+19.1,+19.2,+19.1,+19.2
2023-08-16 15:03,4,+13.4,+23.3,+8.5,+33.1,+22.5,+29.8,+19.2,+19.1,+19.0,+19.1,+19.2,+19.2,+19.2
2023-08-16 16:03,4,+13.4,+23.3,+8.5,+33.1,+22.5,+29.8,+19.3,+19.1,+19.0,+19.1,+19.2,+19.1,+19.2
2023-08-16 17:03,4,+13.4,+23.3,+8.5,+33.1,+22.5,+29.8,+19.3,+19.1,+19.0,+19.1,+19.2,+19.2,+19.2
2023-08-16 18:03,4,+13.3,+23.3,+8.5,+33.1,+22.5,+29.8,+19.2,+19.1,+19.0,+19.1,+19.2,+19.1,+19.2
2023-08-16 19:03,4,+13.4,+23.3,+8.4,+33.1,+22.5,+29.8,+19.3,+19.1,+19.0,+19.1,+19.2,+19.2,+19.2
2023-08-16 20:03,4,+13.3,+23.3,+8.4,+33.0,+22.5,+29.8,+19.2,+19.2,+19.0,+19.0,+19.2,+19.1,+19.2
2023-08-16 21:03,4,+13.3,+23.3,+8.4,+33.1,+22.5,+29.8,+19.1,+19.2,+19.0,+19.1,+19.2,+19.1,+19.2
2023-08-16 22:03,4,+13.3,+23.3,+8.4,+33.1,+22.5,+29.8,+19.1,+19.2,+19.0,+19.1,+19.2,+19.1,+19.1
2023-08-16 23:03,4,+13.3,+23.3,+8.4,+33.1,+22.5,+29.8,+19.0,+19.2,+19.0,+19.1,+19.2,+19.1,+19.2
2023-08-17 00:03,4,+13.3,+23.3,+8.4,+33.1,+22.5,+29.8,+19.0,+19.2,+19.1,+19.1,+19.2,+19.1,+19.2
2023-08-17 01:03,4,+12.6,+23.3,+8.4,+33.1,+22.5,+29.8,+19.0,+19.2,+19.0,+19.1,+19.2,+19.1,+19.2
2023-08-17 02:03,4,+12.5,+23.3,+8.4,+33.1,+22.5,+29.8,+18.8,+19.1,+19.1,+19.0,+19.2,+19.1,+19.2
2023-08-17 03:03,4,+12.4,+23.3,+8.4,+32.9,+22.5,+29.8,+18.8,+19.2,+19.1,+19.1,+19.2,+19.1,+19.2
2023-08-17 04:03,4,+12.4,+23.3,+8.4,+32.9,+22.4,+29.7,+18.8,+19.1,+19.1,+19.1,+19.2,+19.1,+19.2
2023-08-17 05:03,4,+12.3,+23.3,+8.4,+33.1,+22.5,+29.8,+18.8,+19.1,+19.1,+19.1,+19.2,+19.1,+19.2
2023-08-17 06:03,4,+12.3,+23.3,+8.4,+33.1,+22.5,+29.8,+18.7,+19.1,+19.1,+19.1,+19.2,+19.1,+19.2
2023-08-17 07:03,4,+12.2,+23.3,+8.4,+32.9,+22.4,+29.7,+18.7,+19.1,+19.1,+19.1,+19.2,+19.1,+19.2
2023-08-17 08:03,4,+12.3,+23.2,+8.4,+33.0,+22.5,+29.7,+18.7,+19.1,+19.1,+19.1,+19.2,+19.1,+19.2
2023-08-17 09:03,4,+12.1,+23.3,+8.4,+32.9,+22.4,+29.7,+18.8,+19.1,+19.1,+19.1,+19.2,+19.1,+19.2
2023-08-17 10:03,4,+11.9,+23.2,+8.4,+33.1,+22.5,+29.7,+19.1,+19.1,+19.1,+19.1,+19.2,+19.1,+19.2
2023-08-17 11:03,4,+11.8,+23.3,+8.4,+33.0,+22.5,+29.7,+19.5,+19.1,+19.1,+19.1,+19.2,+19.1,+19.2
2023-08-17 12:03,4,+12.0,+23.3,+8.4,+32.9,+22.4,+29.7,+19.7,+19.2,+19.1,+19.1,+19.2,+19.1,+19.1
2023-08-17 13:03,4,+12.0,+23.3,+8.4,+33.0,+22.5,+29.7,+19.8,+19.2,+19.1,+19.1,+19.2,+19.1,+19.2
2023-08-17 14:03,4,+12.0,+23.2,+8.4,+33.0,+22.5,+29.7,+19.8,+19.3,+19.1,+19.1,+19.1,+19.1,+19.2
2023-08-17 15:03,4,+12.0,+23.3,+8.4,+32.9,+22.4,+29.7,+19.8,+19.3,+19.1,+19.1,+19.2,+19.1,+19.1
2023-08-17 16:03,4,+12.1,+23.3,+8.4,+33.0,+22.4,+29.7,+19.8,+19.5,+19.1,+19.1,+19.1,+19.1,+19.1
2023-08-17 17:03,4,+12.1,+23.3,+8.4,+32.9,+22.4,+29.7,+19.7,+19.5,+19.1,+19.1,+19.2,+19.1,+19.2
2023-08-17 18:03,4,+12.2,+23.3,+8.4,+32.9,+22.4,+29.7,+19.6,+19.5,+19.1,+19.1,+19.2,+19.1,+19.2
2023-08-17 19:03,4,+12.3,+23.3,+8.4,+33.0,+22.4,+29.7,+19.6,+19.5,+19.1,+19.1,+19.2,+19.1,+19.2
2023-08-17 20:03,4,+12.3,+23.3,+8.4,+32.9,+22.4,+29.7,+19.5,+19.5,+19.1,+19.1,+19.2,+19.1,+19.2
2023-08-17 21:03,4,+12.3,+23.3,+8.4,+32.9,+22.4,+29.6,+19.5,+19.5,+19.2,+19.2,+19.2,+19.1,+19.2
2023-08-17 22:03,4,+12.3,+23.3,+8.4,+33.0,+22.4,+29.7,+19.3,+19.6,+19.2,+19.1,+19.2,+19.1,+19.2
2023-08-17 23:03,4,+12.3,+23.3,+8.4,+33.0,+22.4,+29.7,+19.3,+19.5,+19.2,+19.2,+19.2,+19.1,+19.2
2023-08-18 00:03,4,+12.3,+23.3,+8.4,+32.9,+22.4,+29.6,+19.3,+19.5,+19.3,+19.2,+19.2,+19.1,+19.1
2023-08-18 01:03,4,+12.2,+23.3,+8.4,+33.0,+22.4,+29.7,+19.3,+19.5,+19.2,+19.1,+19.2,+19.1,+19.1
2023-08-18 02:03,4,+12.3,+23.3,+8.4,+33.0,+22.4,+29.7,+19.2,+19.5,+19.3,+19.2,+19.2,+19.1,+19.1
2023-08-18 03:03,4,+12.2,+23.3,+8.4,+33.0,+22.4,+29.7,+19.2,+19.5,+19.2,+19.1,+19.2,+19.1,+19.2
2023-08-18 04:03,4,+12.2,+23.3,+8.4,+33.0,+22.4,+29.7,+19.2,+19.3,+19.3,+19.2,+19.2,+19.1,+19.2
2023-08-18 05:03,4,+12.2,+23.3,+8.4,+33.0,+22.4,+29.7,+19.1,+19.3,+19.2,+19.2,+19.2,+19.1,+19.1
2023-08-18 06:03,4,+12.2,+23.3,+8.4,+32.9,+22.4,+29.6,+19.1,+19.3,+19.2,+19.2,+19.2,+19.1,+19.2
2023-08-18 07:03,4,+12.2,+23.3,+8.4,+32.9,+22.4,+29.6,+19.1,+19.3,+19.3,+19.1,+19.2,+19.1,+19.1
2023-08-18 08:03,4,+12.2,+23.3,+8.4,+32.9,+22.4,+29.6,+19.0,+19.3,+19.2,+19.2,+19.2,+19.1,+19.2
2023-08-18 09:03,4,+12.2,+23.3,+8.4,+33.0,+22.4,+29.6,+19.1,+19.3,+19.2,+19.2,+19.2,+19.1,+19.2
2023-08-18 10:03,4,+12.3,+23.3,+8.4,+32.9,+22.4,+29.6,+19.2,+19.3,+19.2,+19.2,+19.2,+19.1,+19.2
2023-08-18 11:03,4,+12.3,+23.3,+8.4,+33.0,+22.4,+29.7,+19.2,+19.3,+19.2,+19.2,+19.2,+19.1,+19.2
2023-08-18 12:03,4,+12.4,+23.3,+8.4,+32.9,+22.4,+29.6,+19.3,+19.3,+19.2,+19.2,+19.2,+19.1,+19.2
2023-08-18 13:03,4,+12.4,+23.3,+8.4,+33.0,+22.4,+29.6,+19.3,+19.3,+19.2,+19.2,+19.2,+19.1,+19.1
2023-08-18 14:03,4,+12.3,+23.3,+8.4,+33.0,+22.4,+29.6,+19.5,+19.3,+19.2,+19.2,+19.2,+19.1,+19.2
2023-08-18 15:03,4,+12.3,+23.3,+8.4,+33.0,+22.4,+29.6,+19.6,+19.3,+19.2,+19.2,+19.3,+19.1,+19.1
2023-08-18 16:03,4,+12.3,+23.3,+8.4,+32.9,+22.4,+29.6,+19.5,+19.5,+19.2,+19.2,+19.2,+19.1,+19.1
2023-08-18 17:03,4,+12.3,+23.3,+8.4,+33.0,+22.4,+29.6,+19.5,+19.5,+19.2,+19.2,+19.2,+19.1,+19.2
2023-08-18 18:03,4,+12.4,+23.3,+8.4,+32.9,+22.4,+29.6,+19.5,+19.5,+19.2,+19.2,+19.2,+19.1,+19.2
2023-08-18 19:03,4,+12.4,+23.3,+8.4,+33.0,+22.4,+29.6,+19.3,+19.5,+19.3,+19.2,+19.2,+19.1,+19.2
2023-08-18 20:03,4,+12.5,+23.3,+8.4,+33.0,+22.4,+29.6,+19.3,+19.5,+19.2,+19.2,+19.3,+19.1,+19.2
2023-08-18 21:03,4,+13.4,+23.3,+8.4,+32.9,+22.4,+29.6,+19.2,+19.3,+19.3,+19.2,+19.2,+19.1,+19.1
2023-08-18 22:03,4,+14.5,+23.3,+8.4,+32.9,+22.4,+29.6,+19.2,+19.5,+19.2,+19.2,+19.2,+19.1,+19.1
2023-08-18 23:03,4,+14.5,+23.4,+8.4,+32.9,+22.4,+29.6,+19.2,+19.3,+19.2,+19.2,+19.2,+19.1,+19.2
2023-08-19 00:03,4,+14.8,+23.4,+8.4,+33.0,+22.4,+29.6,+19.2,+19.3,+19.2,+19.2,+19.2,+19.1,+19.2
2023-08-19 01:03,4,+16.9,+23.6,+8.4,+32.9,+22.3,+29.6,+19.1,+19.3,+19.3,+19.2,+19.2,+19.2,+19.2
2023-08-19 02:03,4,+15.4,+23.9,+8.4,+32.9,+22.3,+29.6,+19.1,+19.3,+19.3,+19.2,+19.2,+19.1,+19.2
2023-08-19 03:03,4,+14.7,+24.1,+8.4,+33.0,+22.4,+29.6,+19.1,+19.3,+19.2,+19.2,+19.2,+19.1,+19.2
2023-08-19 04:03,4,+14.3,+24.1,+8.4,+33.0,+22.4,+29.6,+19.0,+19.3,+19.3,+19.2,+19.3,+19.1,+19.1
2023-08-19 05:03,4,+14.0,+24.1,+8.4,+33.0,+22.4,+29.6,+19.0,+19.3,+19.3,+19.2,+19.3,+19.1,+19.2
2023-08-19 06:03,4,+13.9,+24.1,+8.5,+33.1,+22.4,+29.6,+19.0,+19.3,+19.2,+19.2,+19.2,+19.2,+19.2
2023-08-19 07:03,4,+13.8,+24.1,+8.5,+32.9,+22.4,+29.6,+19.0,+19.2,+19.2,+19.2,+19.2,+19.2,+19.2
2023-08-19 08:03,4,+14.0,+24.1,+8.5,+33.1,+22.4,+29.6,+19.0,+19.2,+19.2,+19.2,+19.2,+19.2,+19.2
2023-08-19 09:03,4,+14.0,+24.1,+8.6,+32.9,+22.4,+29.6,+19.0,+19.2,+19.2,+19.2,+19.3,+19.1,+19.2
2023-08-19 10:03,4,+13.8,+24.0,+8.6,+33.1,+22.4,+29.6,+19.3,+19.2,+19.2,+19.2,+19.2,+19.2,+19.1
2023-08-19 11:03,4,+13.7,+24.1,+8.7,+33.1,+22.4,+29.6,+19.5,+19.2,+19.2,+19.2,+19.3,+19.2,+19.1
2023-08-19 12:03,4,+13.5,+24.1,+8.7,+33.1,+22.5,+29.6,+19.7,+19.3,+19.2,+19.2,+19.2,+19.2,+19.1
2023-08-19 13:03,4,+13.4,+24.0,+8.7,+33.1,+22.5,+29.6,+19.7,+19.3,+19.2,+19.2,+19.2,+19.2,+19.2
2023-08-19 14:03,4,+13.5,+24.0,+8.8,+33.1,+22.5,+29.6,+19.7,+19.5,+19.2,+19.2,+19.2,+19.2,+19.2
2023-08-19 15:03,4,+13.7,+24.0,+8.8,+33.1,+22.5,+29.6,+19.7,+19.5,+19.2,+19.2,+19.2,+19.2,+19.2
2023-08-19 16:03,4,+14.0,+24.0,+8.8,+33.1,+22.5,+29.6,+19.7,+19.5,+19.3,+19.2,+19.3,+19.1,+19.2
2023-08-19 17:03,4,+14.0,+24.0,+8.9,+33.2,+22.5,+29.6,+19.6,+19.6,+19.2,+19.2,+19.3,+19.1,+19.2
2023-08-19 18:03,4,+14.1,+24.0,+8.9,+33.2,+22.5,+29.6,+19.6,+19.6,+19.2,+19.2,+19.2,+19.2,+19.2
2023-08-19 19:03,4,+14.4,+24.0,+8.9,+33.1,+22.5,+29.6,+19.5,+19.5,+19.3,+19.2,+19.2,+19.1,+19.1
2023-08-19 20:03,4,+14.6,+24.0,+8.9,+33.2,+22.5,+29.7,+19.5,+19.6,+19.3,+19.2,+19.2,+19.1,+19.2
2023-08-19 21:03,4,+14.6,+24.0,+8.9,+33.2,+22.5,+29.7,+19.3,+19.5,+19.3,+19.2,+19.3,+19.2,+19.2
2023-08-19 22:03,4,+14.8,+24.0,+8.9,+33.1,+22.5,+29.6,+19.3,+19.5,+19.3,+19.2,+19.3,+19.1,+19.2
2023-08-19 23:03,4,+14.8,+24.0,+8.9,+33.1,+22.5,+29.7,+19.2,+19.5,+19.3,+19.3,+19.3,+19.1,+19.2
2023-08-20 00:03,4,+14.7,+24.0,+8.9,+33.2,+22.6,+29.7,+19.2,+19.5,+19.3,+19.2,+19.2,+19.1,+19.1
2023-08-20 01:03,4,+14.7,+24.0,+8.9,+33.1,+22.5,+29.7,+19.1,+19.5,+19.3,+19.2,+19.3,+19.1,+19.2
2023-08-20 02:03,4,+14.6,+24.0,+8.9,+33.2,+22.6,+29.7,+19.0,+19.3,+19.3,+19.2,+19.3,+19.1,+19.2
2023-08-20 03:03,4,+14.6,+24.0,+9.0,+33.3,+22.6,+29.7,+19.0,+19.3,+19.3,+19.3,+19.3,+19.2,+19.2
2023-08-20 04:03,4,+14.6,+24.0,+9.0,+33.2,+22.6,+29.7,+18.8,+19.3,+19.3,+19.3,+19.2,+19.2,+19.2
2023-08-20 05:03,4,+15.1,+24.0,+9.0,+33.1,+22.6,+29.7,+19.0,+19.3,+19.2,+19.2,+19.2,+19.2,+19.2
2023-08-20 06:03,4,+16.3,+24.0,+9.0,+33.1,+22.5,+29.7,+18.8,+19.2,+19.3,+19.2,+19.3,+19.1,+19.2
2023-08-20 07:03,4,+18.9,+24.9,+9.0,+33.3,+22.6,+29.7,+18.7,+19.2,+19.3,+19.2,+19.2,+19.2,+19.1
2023-08-20 08:03,4,+17.9,+24.8,+9.0,+33.3,+22.6,+29.7,+18.7,+19.2,+19.3,+19.3,+19.3,+19.1,+19.2
2023-08-20 09:03,4,+19.8,+27.0,+12.0,+34.5,+22.6,+29.7,+18.7,+19.1,+19.2,+19.2,+19.3,+19.2,+19.2
2023-08-20 10:03,4,+18.3,+25.6,+11.3,+37.3,+24.3,+30.7,+18.8,+19.1,+19.1,+19.2,+19.3,+19.2,+19.2
2023-08-20 11:03,4,+17.0,+25.1,+10.7,+35.6,+24.1,+31.7,+18.8,+19.1,+19.2,+19.2,+19.3,+19.1,+19.1
2023-08-20 12:03,4,+16.5,+24.8,+10.3,+35.0,+23.9,+31.7,+19.0,+19.1,+19.2,+19.3,+19.3,+19.2,+19.2
2023-08-20 13:03,4,+16.2,+24.6,+10.1,+34.5,+23.7,+31.4,+19.1,+19.2,+19.2,+19.2,+19.3,+19.2,+19.2
2023-08-20 14:03,4,+16.1,+24.4,+9.9,+34.3,+23.6,+31.3,+19.2,+19.2,+19.2,+19.3,+19.3,+19.1,+19.2
2023-08-20 15:03,4,+16.0,+24.3,+9.7,+34.2,+23.5,+31.2,+19.3,+19.2,+19.2,+19.2,+19.2,+19.2,+19.2
2023-08-20 16:03,4,+15.9,+24.2,+9.7,+34.2,+23.5,+31.2,+19.3,+19.2,+19.2,+19.2,+19.3,+19.2,+19.2
2023-08-20 17:03,4,+15.8,+24.2,+9.6,+34.0,+23.4,+31.1,+19.3,+19.3,+19.2,+19.2,+19.2,+19.1,+19.2
2023-08-20 18:03,4,+15.8,+24.2,+9.5,+33.9,+23.3,+31.0,+19.3,+19.3,+19.2,+19.2,+19.2,+19.2,+19.2
2023-08-20 19:03,4,+15.8,+24.1,+9.4,+33.8,+23.3,+31.0,+19.3,+19.3,+19.2,+19.2,+19.2,+19.1,+19.2
2023-08-20 20:03,4,+15.7,+24.1,+9.4,+33.8,+23.2,+30.9,+19.3,+19.3,+19.2,+19.2,+19.2,+19.2,+19.2
2023-08-20 21:03,4,+15.7,+24.1,+9.4,+33.9,+23.2,+30.9,+19.2,+19.3,+19.2,+19.2,+19.2,+19.2,+19.2
2023-08-20 22:03,4,+15.7,+24.0,+9.3,+33.7,+23.2,+30.8,+19.2,+19.3,+19.2,+19.2,+19.3,+19.1,+19.2
2023-08-20 23:03,4,+15.8,+24.0,+9.3,+33.8,+23.2,+30.8,+19.2,+19.3,+19.2,+19.2,+19.2,+19.1,+19.2
2023-08-21 00:03,4,+15.8,+24.0,+9.3,+33.8,+23.2,+30.7,+19.2,+19.3,+19.2,+19.2,+19.2,+19.1,+19.2
2023-08-21 01:03,4,+15.9,+24.0,+9.2,+33.8,+23.2,+30.7,+19.2,+19.3,+19.2,+19.2,+19.3,+19.1,+19.2
2023-08-21 02:03,4,+15.9,+24.0,+9.2,+33.8,+23.1,+30.6,+19.2,+19.3,+19.2,+19.2,+19.2,+19.2,+19.2
2023-08-21 03:03,4,+15.8,+24.0,+9.2,+33.7,+23.1,+30.6,+19.1,+19.3,+19.2,+19.2,+19.3,+19.2,+19.1
2023-08-21 04:03,4,+15.7,+24.0,+9.2,+33.6,+23.0,+30.6,+19.0,+19.3,+19.2,+19.2,+19.2,+19.1,+19.2
2023-08-21 05:03,4,+15.7,+24.0,+9.2,+33.7,+23.1,+30.6,+19.0,+19.3,+19.2,+19.2,+19.3,+19.1,+19.2
2023-08-21 06:03,4,+15.6,+24.0,+9.1,+33.6,+23.0,+30.5,+19.0,+19.2,+19.2,+19.2,+19.2,+19.1,+19.1
2023-08-21 07:03,4,+15.7,+24.1,+9.1,+33.5,+23.0,+30.5,+19.0,+19.2,+19.2,+19.2,+19.3,+19.2,+19.1
2023-08-21 08:03,4,+16.3,+24.0,+9.1,+33.5,+23.0,+30.5,+19.0,+19.2,+19.2,+19.2,+19.2,+19.1,+19.2
2023-08-21 09:03,4,+17.3,+24.2,+9.1,+33.6,+23.0,+30.5,+19.0,+19.2,+19.2,+19.2,+19.3,+19.1,+19.2
2023-08-21 10:03,4,+17.1,+23.9,+9.1,+33.5,+23.0,+30.4,+19.2,+19.2,+19.2,+19.2,+19.3,+19.1,+19.2
2023-08-21 11:03,4,+16.7,+24.0,+9.1,+33.6,+23.0,+30.4,+19.5,+19.2,+19.2,+19.2,+19.2,+19.1,+19.2
2023-08-21 12:03,4,+16.4,+24.0,+9.1,+33.5,+23.0,+30.4,+19.7,+19.3,+19.2,+19.2,+19.2,+19.1,+19.2
2023-08-21 13:03,4,+16.2,+24.0,+9.1,+33.6,+23.0,+30.4,+19.7,+19.3,+19.2,+19.2,+19.2,+19.2,+19.2
2023-08-21 14:03,4,+16.0,+24.0,+9.1,+33.6,+23.0,+30.4,+19.7,+19.3,+19.2,+19.1,+19.2,+19.2,+19.2
2023-08-21 15:03,4,+15.9,+24.0,+9.1,+33.5,+22.9,+30.3,+19.7,+19.5,+19.2,+19.2,+19.2,+19.2,+19.2
2023-08-21 16:03,4,+15.9,+24.0,+9.1,+33.5,+22.9,+30.3,+19.7,+19.5,+19.2,+19.2,+19.2,+19.1,+19.2
2023-08-21 17:03,4,+18.9,+24.4,+9.2,+33.6,+23.0,+30.3,+19.6,+19.6,+19.2,+19.2,+19.2,+19.1,+19.2
2023-08-21 18:03,4,+19.0,+24.9,+9.2,+33.6,+23.0,+30.3,+19.6,+19.5,+19.3,+19.2,+19.2,+19.1,+19.2
2023-08-21 19:03,4,+18.3,+25.0,+9.4,+33.6,+23.0,+30.3,+19.5,+19.5,+19.2,+19.2,+19.3,+19.1,+19.2
2023-08-21 20:03,4,+17.6,+24.9,+9.8,+33.8,+23.0,+30.3,+19.3,+19.6,+19.3,+19.2,+19.2,+19.1,+19.1
2023-08-21 21:03,4,+17.1,+24.7,+10.1,+34.0,+23.1,+30.4,+19.3,+19.5,+19.3,+19.2,+19.3,+19.2,+19.2
2023-08-21 22:03,4,+16.8,+24.6,+10.2,+34.0,+23.2,+30.4,+19.3,+19.5,+19.3,+19.2,+19.3,+19.1,+19.2
2023-08-21 23:03,4,+16.8,+24.5,+10.1,+34.2,+23.3,+30.5,+19.2,+19.5,+19.3,+19.2,+19.3,+19.1,+19.2
2023-08-22 00:03,4,+16.6,+24.5,+10.0,+34.0,+23.3,+30.6,+19.1,+19.5,+19.3,+19.2,+19.2,+19.1,+19.2
2023-08-22 01:03,4,+16.5,+24.4,+9.9,+34.1,+23.4,+30.6,+19.1,+19.5,+19.3,+19.2,+19.2,+19.1,+19.1
2023-08-22 02:03,4,+16.3,+24.3,+9.9,+34.0,+23.3,+30.7,+19.0,+19.3,+19.3,+19.3,+19.3,+19.2,+19.1
2023-08-22 03:03,4,+16.2,+24.3,+9.8,+33.9,+23.3,+30.7,+19.0,+19.3,+19.3,+19.2,+19.2,+19.2,+19.1
2023-08-22 04:03,4,+16.1,+24.2,+9.7,+33.9,+23.3,+30.7,+19.0,+19.3,+19.2,+19.2,+19.2,+19.1,+19.2
2023-08-22 05:03,4,+16.0,+24.2,+9.7,+34.0,+23.3,+30.7,+18.8,+19.3,+19.2,+19.2,+19.2,+19.2,+19.2
2023-08-22 06:03,4,+16.0,+24.1,+9.6,+34.0,+23.3,+30.7,+18.8,+19.3,+19.3,+19.2,+19.2,+19.1,+19.2
2023-08-22 07:03,4,+15.9,+24.1,+9.6,+33.8,+23.2,+30.7,+18.8,+19.2,+19.2,+19.2,+19.3,+19.2,+19.2
2023-08-22 08:03,4,+15.9,+24.1,+9.6,+33.8,+23.2,+30.7,+19.0,+19.2,+19.2,+19.2,+19.3,+19.1,+19.2
2023-08-22 09:03,4,+15.8,+24.1,+9.5,+33.9,+23.2,+30.6,+19.0,+19.2,+19.2,+19.3,+19.2,+19.1,+19.2
2023-08-22 10:03,4,+15.8,+24.0,+9.5,+33.8,+23.2,+30.6,+19.2,+19.2,+19.2,+19.2,+19.2,+19.2,+19.1
2023-08-22 11:03,4,+15.7,+24.0,+9.5,+33.7,+23.2,+30.6,+19.5,+19.2,+19.2,+19.2,+19.3,+19.1,+19.2
2023-08-22 12:03,4,+15.9,+24.0,+9.4,+33.8,+23.2,+30.6,+19.6,+19.3,+19.2,+19.2,+19.3,+19.1,+19.2
2023-08-22 13:03,4,+18.9,+24.1,+9.4,+33.8,+23.2,+30.6,+19.6,+19.3,+19.2,+19.2,+19.2,+19.2,+19.2
2023-08-22 14:03,4,+21.9,+27.8,+12.6,+34.0,+23.2,+30.6,+19.6,+19.5,+19.2,+19.2,+19.3,+19.2,+19.1
2023-08-22 15:03,4,+22.3,+27.5,+13.4,+42.3,+26.9,+33.7,+19.5,+19.5,+19.2,+19.2,+19.2,+19.1,+19.2
2023-08-22 16:03,4,+22.2,+27.1,+12.7,+40.1,+25.7,+33.7,+19.3,+19.5,+19.2,+19.2,+19.3,+19.1,+19.2
2023-08-22 17:03,4,+21.7,+25.9,+11.8,+37.5,+24.9,+33.3,+19.2,+19.5,+19.2,+19.2,+19.3,+19.2,+19.2
2023-08-22 18:03,4,+21.7,+25.9,+11.7,+36.9,+24.6,+32.8,+19.2,+19.5,+19.2,+19.2,+19.3,+19.1,+19.2
2023-08-22 19:03,4,+21.8,+26.1,+11.9,+37.2,+24.7,+32.9,+19.1,+19.3,+19.3,+19.2,+19.3,+19.2,+19.2
2023-08-22 20:03,4,+22.0,+25.9,+11.7,+36.9,+24.6,+32.9,+19.0,+19.3,+19.3,+19.2,+19.2,+19.2,+19.2
2023-08-22 21:03,4,+23.1,+29.7,+12.8,+37.3,+24.6,+32.7,+18.7,+19.2,+19.2,+19.2,+19.3,+19.2,+19.1
2023-08-22 22:03,4,+23.0,+29.3,+12.6,+37.8,+24.8,+33.0,+18.6,+19.1,+19.2,+19.2,+19.2,+19.2,+19.2
2023-08-22 23:03,4,+21.9,+26.7,+12.2,+37.2,+24.7,+32.9,+18.7,+19.1,+19.2,+19.2,+19.3,+19.1,+19.1
2023-08-23 00:03,4,+22.6,+26.4,+12.1,+36.1,+24.4,+32.6,+18.6,+19.1,+19.2,+19.2,+19.3,+19.2,+19.2
2023-08-23 01:03,4,+23.5,+28.6,+13.7,+36.3,+24.4,+32.4,+18.5,+19.0,+19.1,+19.2,+19.2,+19.2,+19.2
2023-08-23 02:03,4,+22.3,+26.3,+12.2,+37.2,+24.6,+32.6,+18.6,+19.0,+19.2,+19.2,+19.3,+19.1,+19.2
2023-08-23 03:03,4,+21.0,+25.8,+11.5,+36.2,+24.4,+32.5,+18.5,+19.1,+19.1,+19.2,+19.2,+19.2,+19.2
2023-08-23 04:03,4,+19.9,+25.5,+11.1,+35.7,+24.2,+32.3,+18.6,+19.0,+19.1,+19.2,+19.3,+19.1,+19.2
2023-08-23 05:03,4,+19.3,+25.3,+10.9,+35.4,+24.0,+31.9,+18.5,+19.0,+19.1,+19.1,+19.2,+19.1,+19.2
2023-08-23 06:03,4,+18.8,+25.1,+10.7,+35.0,+23.8,+31.7,+18.3,+19.0,+19.1,+19.2,+19.3,+19.2,+19.2
2023-08-23 07:03,4,+18.5,+24.9,+10.6,+35.0,+23.8,+31.5,+18.3,+19.0,+19.1,+19.1,+19.2,+19.1,+19.2
2023-08-23 08:03,4,+18.4,+24.8,+10.4,+34.8,+23.7,+31.4,+18.2,+19.0,+19.1,+19.1,+19.2,+19.2,+19.2
2023-08-23 09:03,4,+18.3,+24.8,+10.4,+34.7,+23.6,+31.2,+18.3,+18.8,+19.1,+19.1,+19.2,+19.2,+19.2
2023-08-23 10:03,4,+18.1,+24.7,+10.3,+34.7,+23.6,+31.1,+18.5,+18.8,+19.0,+19.2,+19.2,+19.1,+19.1
2023-08-23 11:03,4,+18.2,+24.6,+10.2,+34.7,+23.5,+31.1,+18.6,+18.8,+19.0,+19.1,+19.2,+19.1,+19.2
2023-08-23 12:03,4,+18.3,+24.6,+10.2,+34.6,+23.5,+31.0,+18.7,+18.8,+19.0,+19.1,+19.3,+19.2,+19.2
2023-08-23 13:03,4,+18.3,+24.5,+10.2,+34.6,+23.5,+30.9,+19.0,+18.8,+19.0,+19.1,+19.2,+19.1,+19.2
2023-08-23 14:03,4,+18.2,+24.5,+10.1,+34.4,+23.4,+30.9,+19.1,+19.0,+19.0,+19.1,+19.2,+19.1,+19.2
2023-08-23 15:03,4,+18.2,+24.5,+10.1,+34.5,+23.4,+30.9,+19.2,+19.0,+19.0,+19.1,+19.3,+19.2,+19.2
2023-08-23 16:03,4,+18.1,+24.5,+10.0,+34.5,+23.4,+30.8,+19.2,+19.1,+19.0,+19.1,+19.2,+19.1,+19.2
2023-08-23 17:03,4,+18.0,+24.4,+10.0,+34.5,+23.4,+30.8,+19.2,+19.1,+19.0,+19.1,+19.2,+19.2,+19.2
2023-08-23 18:03,4,+18.1,+24.4,+10.0,+34.4,+23.4,+30.8,+19.1,+19.1,+19.0,+19.1,+19.2,+19.1,+19.1
2023-08-23 19:03,4,+23.9,+28.0,+12.2,+34.3,+23.3,+30.7,+18.8,+19.0,+19.1,+19.1,+19.2,+19.1,+19.2
2023-08-23 20:03,4,+22.3,+25.8,+10.5,+34.4,+23.3,+30.7,+18.8,+19.1,+19.0,+19.1,+19.2,+19.1,+19.1
2023-08-23 21:03,4,+21.5,+25.5,+10.4,+34.3,+23.3,+30.7,+18.8,+19.1,+19.0,+19.1,+19.2,+19.1,+19.2
2023-08-23 22:03,4,+20.5,+25.5,+10.5,+34.5,+23.4,+30.7,+18.8,+19.1,+19.1,+19.1,+19.2,+19.1,+19.2
2023-08-23 23:03,4,+20.2,+25.3,+10.6,+34.5,+23.4,+30.7,+18.8,+19.1,+19.0,+19.1,+19.2,+19.2,+19.2
2023-08-24 00:03,4,+19.8,+25.2,+10.7,+34.5,+23.4,+30.8,+18.8,+19.1,+19.1,+19.1,+19.2,+19.1,+19.2
2023-08-24 01:03,4,+19.5,+25.2,+10.7,+34.6,+23.4,+30.8,+18.7,+19.1,+19.0,+19.1,+19.2,+19.1,+19.2
2023-08-24 02:03,4,+19.2,+25.1,+10.7,+34.6,+23.4,+30.8,+18.7,+19.1,+19.1,+19.1,+19.2,+19.1,+19.2
2023-08-24 03:03,4,+19.0,+25.1,+10.7,+34.6,+23.5,+30.9,+18.6,+19.1,+19.0,+19.1,+19.2,+19.1,+19.2
2023-08-24 04:03,4,+18.5,+25.0,+10.6,+34.7,+23.5,+30.9,+18.6,+19.0,+19.1,+19.1,+19.2,+19.1,+19.1
2023-08-24 05:03,4,+18.3,+24.9,+10.6,+34.7,+23.5,+30.9,+18.5,+19.0,+19.0,+19.1,+19.2,+19.1,+19.1
2023-08-24 06:03,4,+18.1,+24.9,+10.5,+34.7,+23.5,+30.9,+18.5,+19.0,+19.0,+19.1,+19.2,+19.1,+19.2
2023-08-24 07:03,4,+18.0,+24.8,+10.5,+34.5,+23.5,+30.9,+18.5,+19.0,+19.0,+19.0,+19.2,+19.1,+19.1
2023-08-24 08:03,4,+17.9,+24.8,+10.4,+34.5,+23.4,+30.9,+18.5,+18.8,+19.0,+19.1,+19.2,+19.1,+19.2
2023-08-24 09:03,4,+18.1,+24.7,+10.4,+34.6,+23.5,+30.9,+18.5,+18.8,+19.0,+19.1,+19.2,+19.1,+19.1
2023-08-24 10:03,4,+18.3,+24.7,+10.4,+34.5,+23.4,+30.9,+18.6,+18.8,+19.0,+19.1,+19.2,+19.1,+19.2
2023-08-24 11:03,4,+18.3,+24.7,+10.3,+34.6,+23.4,+30.9,+18.6,+18.8,+19.0,+19.1,+19.2,+19.1,+19.2
2023-08-24 12:03,4,+18.2,+24.7,+10.3,+34.5,+23.4,+30.9,+18.7,+19.0,+19.0,+19.1,+19.1,+19.1,+19.1
2023-08-24 13:03,4,+18.5,+24.7,+10.2,+34.4,+23.4,+30.8,+18.8,+19.0,+19.0,+19.1,+19.2,+19.1,+19.1
2023-08-24 14:03,4,+18.6,+24.7,+10.2,+34.5,+23.4,+30.8,+19.0,+19.0,+18.8,+19.1,+19.1,+19.1,+19.2
2023-08-24 15:03,4,+18.4,+24.7,+10.2,+34.5,+23.4,+30.8,+19.0,+19.0,+19.0,+19.1,+19.2,+19.1,+19.1
2023-08-24 16:03,4,+18.2,+24.7,+10.2,+34.5,+23.4,+30.8,+19.0,+19.0,+19.0,+19.1,+19.1,+19.1,+19.1
2023-08-24 17:03,4,+18.1,+24.7,+10.2,+34.5,+23.4,+30.8,+19.0,+19.1,+19.0,+19.0,+19.2,+19.1,+19.2
2023-08-24 18:03,4,+17.9,+24.7,+10.2,+34.4,+23.3,+30.7,+18.8,+19.0,+19.0,+19.0,+19.2,+19.1,+19.1
2023-08-24 19:03,4,+17.9,+24.7,+10.2,+34.5,+23.3,+30.7,+18.8,+19.0,+19.0,+19.1,+19.1,+19.1,+19.1
2023-08-24 20:03,4,+17.8,+24.7,+10.2,+34.5,+23.4,+30.7,+18.8,+19.1,+19.0,+19.0,+19.2,+19.1,+19.1
2023-08-24 21:03,4,+17.7,+24.6,+10.2,+34.4,+23.3,+30.7,+18.7,+19.0,+19.0,+19.1,+19.2,+19.1,+19.1
2023-08-24 22:03,4,+17.6,+24.6,+10.2,+34.5,+23.3,+30.7,+18.6,+19.1,+19.0,+19.0,+19.1,+19.1,+19.1
2023-08-24 23:03,4,+17.5,+24.6,+10.1,+34.5,+23.3,+30.7,+18.6,+19.0,+19.0,+19.0,+19.1,+19.1,+19.1
2023-08-25 00:03,4,+17.5,+24.6,+10.1,+34.5,+23.3,+30.7,+18.5,+19.0,+19.0,+19.0,+19.2,+19.1,+19.1
2023-08-25 01:03,4,+17.5,+24.5,+10.1,+34.4,+23.3,+30.6,+18.5,+19.0,+19.0,+19.0,+19.1,+19.1,+19.1
2023-08-25 02:03,4,+17.4,+24.5,+10.1,+34.3,+23.3,+30.6,+18.3,+18.8,+19.0,+19.1,+19.1,+19.1,+19.1
2023-08-25 03:03,4,+17.3,+24.5,+10.1,+34.3,+23.2,+30.6,+18.3,+19.0,+19.0,+19.1,+19.2,+19.1,+19.1
2023-08-25 04:03,4,+17.1,+24.5,+10.0,+34.3,+23.3,+30.6,+18.2,+19.0,+19.0,+19.0,+19.1,+19.1,+19.1
2023-08-25 05:03,4,+17.2,+24.5,+10.0,+34.4,+23.3,+30.6,+18.2,+18.8,+19.0,+19.0,+19.1,+19.1,+19.1
2023-08-25 06:03,4,+17.3,+24.4,+10.0,+34.4,+23.3,+30.6,+18.1,+18.8,+19.0,+19.0,+19.1,+19.1,+19.1
2023-08-25 07:03,4,+17.1,+24.4,+10.0,+34.3,+23.2,+30.6,+18.1,+18.8,+19.0,+19.0,+19.1,+19.1,+19.1
2023-08-25 08:03,4,+17.1,+24.4,+10.0,+34.4,+23.3,+30.6,+18.3,+18.8,+19.0,+19.0,+19.2,+19.1,+19.1
2023-08-25 09:03,4,+18.7,+24.4,+10.0,+34.4,+23.3,+30.6,+18.7,+18.8,+18.8,+19.1,+19.2,+19.0,+19.1
2023-08-25 10:03,4,+18.8,+24.4,+9.9,+34.2,+23.2,+30.6,+19.0,+18.8,+18.8,+19.0,+19.2,+19.1,+19.1
2023-08-25 11:03,4,+18.4,+24.3,+9.9,+34.3,+23.2,+30.6,+19.1,+18.8,+18.8,+19.0,+19.1,+19.1,+19.1
2023-08-25 12:03,4,+16.8,+24.3,+9.9,+34.3,+23.2,+30.6,+19.3,+18.8,+19.0,+19.0,+19.1,+19.1,+19.1
2023-08-25 13:03,4,+16.6,+24.3,+9.9,+34.2,+23.2,+30.6,+19.6,+19.0,+19.0,+19.0,+19.1,+19.1,+19.1
2023-08-25 14:03,4,+16.5,+24.3,+9.9,+34.3,+23.2,+30.6,+19.7,+19.1,+18.8,+19.0,+19.1,+19.1,+19.1
2023-08-25 15:03,4,+16.6,+24.3,+9.9,+34.3,+23.2,+30.6,+19.8,+19.1,+19.0,+19.0,+19.2,+19.1,+19.1
2023-08-25 16:03,4,+16.9,+24.3,+9.9,+34.3,+23.2,+30.6,+20.0,+19.2,+19.0,+19.0,+19.1,+19.0,+19.1
2023-08-25 17:03,4,+17.4,+24.3,+9.9,+34.3,+23.2,+30.5,+19.8,+19.3,+19.0,+19.0,+19.1,+19.1,+19.1
2023-08-25 18:03,4,+17.2,+24.3,+9.8,+34.2,+23.1,+30.5,+19.8,+19.3,+19.0,+19.0,+19.1,+19.1,+19.1
2023-08-25 19:03,4,+17.6,+24.3,+9.8,+34.2,+23.1,+30.5,+19.7,+19.5,+19.0,+19.0,+19.1,+19.1,+19.1
2023-08-25 20:03,4,+16.9,+24.3,+9.8,+34.3,+23.2,+30.5,+19.6,+19.5,+19.0,+19.0,+19.1,+19.1,+19.1
2023-08-25 21:03,4,+16.8,+24.3,+9.8,+34.2,+23.1,+30.5,+19.6,+19.5,+19.1,+19.0,+19.1,+19.0,+19.1
2023-08-25 22:03,4,+16.8,+24.3,+9.8,+34.2,+23.2,+30.5,+19.3,+19.5,+19.1,+19.0,+19.1,+19.1,+19.1
2023-08-25 23:03,4,+16.7,+24.3,+9.8,+34.2,+23.1,+30.4,+19.3,+19.5,+19.1,+19.1,+19.1,+19.0,+19.1
2023-08-26 00:03,4,+16.8,+24.3,+9.8,+34.2,+23.1,+30.4,+19.3,+19.5,+19.1,+19.1,+19.1,+19.0,+19.1
2023-08-26 01:03,4,+17.1,+24.3,+9.8,+34.1,+23.1,+30.4,+19.2,+19.3,+19.2,+19.0,+19.1,+19.0,+19.1
2023-08-26 02:03,4,+17.1,+24.3,+9.8,+34.2,+23.1,+30.4,+19.3,+19.3,+19.1,+19.1,+19.1,+19.0,+19.1
2023-08-26 03:03,4,+17.1,+24.3,+9.8,+34.2,+23.1,+30.4,+19.3,+19.3,+19.2,+19.1,+19.1,+19.0,+19.1
2023-08-26 04:03,4,+17.1,+24.3,+9.8,+34.2,+23.1,+30.4,+19.3,+19.3,+19.2,+19.1,+19.2,+19.1,+19.1
2023-08-26 05:03,4,+17.1,+24.3,+9.8,+34.2,+23.1,+30.4,+19.3,+19.3,+19.2,+19.1,+19.1,+19.1,+19.1
2023-08-26 06:03,4,+17.1,+24.3,+9.8,+34.2,+23.1,+30.4,+19.3,+19.5,+19.2,+19.1,+19.2,+19.1,+19.1
2023-08-26 07:03,4,+17.1,+24.3,+9.8,+34.1,+23.0,+30.4,+19.3,+19.5,+19.2,+19.1,+19.2,+19.1,+19.1
2023-08-26 08:03,4,+17.1,+24.3,+9.8,+34.2,+23.1,+30.4,+19.3,+19.3,+19.2,+19.1,+19.1,+19.1,+19.1
2023-08-26 09:03,4,+17.1,+24.3,+9.8,+34.1,+23.0,+30.3,+19.6,+19.3,+19.2,+19.1,+19.2,+19.1,+19.1
2023-08-26 10:03,4,+17.2,+24.3,+9.8,+34.2,+23.1,+30.4,+19.7,+19.3,+19.2,+19.1,+19.1,+19.1,+19.1
2023-08-26 11:03,4,+17.2,+24.3,+9.8,+34.1,+23.0,+30.3,+20.1,+19.5,+19.2,+19.2,+19.2,+19.1,+19.1
2023-08-26 12:03,4,+17.3,+24.3,+9.8,+34.1,+23.0,+30.3,+20.3,+19.6,+19.2,+19.2,+19.2,+19.1,+19.1
2023-08-26 13:03,4,+17.4,+24.3,+9.7,+34.1,+23.0,+30.3,+20.5,+19.6,+19.2,+19.2,+19.2,+19.1,+19.1
2023-08-26 14:03,4,+17.5,+24.3,+9.8,+34.1,+23.0,+30.3,+20.5,+19.7,+19.2,+19.2,+19.2,+19.1,+19.1
2023-08-26 15:03,4,+18.9,+24.3,+9.8,+34.1,+23.0,+30.3,+20.3,+19.8,+19.2,+19.1,+19.2,+19.1,+19.1
2023-08-26 16:03,4,+18.4,+24.4,+9.8,+34.1,+23.0,+30.3,+20.3,+19.8,+19.3,+19.2,+19.2,+19.1,+19.2
2023-08-26 17:03,4,+18.3,+24.4,+9.8,+34.2,+23.0,+30.3,+20.3,+19.8,+19.3,+19.1,+19.2,+19.1,+19.1
2023-08-26 18:03,4,+18.4,+24.4,+9.7,+34.2,+23.0,+30.3,+20.2,+19.8,+19.3,+19.2,+19.2,+19.1,+19.1
2023-08-26 19:03,4,+20.1,+24.4,+9.8,+34.1,+23.0,+30.3,+20.2,+19.8,+19.5,+19.2,+19.2,+19.1,+19.1
2023-08-26 20:03,4,+19.7,+24.4,+9.8,+34.2,+23.0,+30.3,+20.1,+20.0,+19.5,+19.2,+19.2,+19.1,+19.1
2023-08-26 21:03,4,+19.6,+24.4,+9.7,+34.0,+23.0,+30.3,+20.1,+20.0,+19.5,+19.2,+19.2,+19.1,+19.1
2023-08-26 22:03,4,+19.5,+24.5,+9.7,+34.2,+23.0,+30.3,+20.0,+20.0,+19.5,+19.2,+19.2,+19.1,+19.1
2023-08-26 23:03,4,+19.6,+24.5,+9.8,+34.2,+23.0,+30.3,+20.0,+20.0,+19.5,+19.2,+19.2,+19.1,+19.1
2023-08-27 00:03,4,+19.7,+24.5,+9.8,+34.0,+23.0,+30.3,+20.0,+20.0,+19.5,+19.2,+19.2,+19.1,+19.1
2023-08-27 01:03,4,+20.0,+24.5,+9.8,+34.0,+23.0,+30.3,+19.8,+19.8,+19.6,+19.2,+19.2,+19.1,+19.1
2023-08-27 02:03,4,+20.7,+24.5,+9.8,+34.2,+23.0,+30.3,+19.8,+19.8,+19.5,+19.2,+19.2,+19.1,+19.1
2023-08-27 03:03,4,+19.6,+24.5,+9.8,+34.2,+23.0,+30.3,+19.7,+19.8,+19.6,+19.3,+19.3,+19.1,+19.1
2023-08-27 04:03,4,+20.5,+24.5,+9.8,+34.2,+23.0,+30.3,+19.6,+19.8,+19.6,+19.3,+19.3,+19.1,+19.1
2023-08-27 05:03,4,+20.4,+24.5,+9.8,+34.0,+23.0,+30.2,+19.5,+19.8,+19.6,+19.3,+19.2,+19.1,+19.1
2023-08-27 06:03,4,+19.6,+24.5,+9.7,+34.2,+23.0,+30.3,+19.5,+19.8,+19.6,+19.3,+19.3,+19.1,+19.1
2023-08-27 07:03,4,+19.1,+24.5,+9.8,+34.2,+23.0,+30.3,+19.3,+19.7,+19.6,+19.3,+19.2,+19.1,+19.2
2023-08-27 08:03,4,+19.6,+24.5,+9.8,+34.0,+23.0,+30.2,+19.5,+19.7,+19.6,+19.3,+19.2,+19.1,+19.2
2023-08-27 09:03,4,+20.0,+24.5,+9.8,+34.0,+23.0,+30.3,+19.6,+19.7,+19.5,+19.3,+19.3,+19.1,+19.1
2023-08-27 10:03,4,+20.2,+24.5,+9.8,+34.2,+23.0,+30.3,+19.8,+19.7,+19.6,+19.3,+19.3,+19.1,+19.2
2023-08-27 11:03,4,+20.2,+24.5,+9.8,+34.2,+23.0,+30.2,+20.1,+19.7,+19.5,+19.3,+19.3,+19.2,+19.1
2023-08-27 12:03,4,+20.4,+24.5,+9.8,+34.2,+23.0,+30.3,+20.3,+19.8,+19.5,+19.3,+19.3,+19.2,+19.1
2023-08-27 13:03,4,+20.4,+24.5,+9.8,+34.0,+23.0,+30.2,+20.5,+19.8,+19.6,+19.5,+19.3,+19.2,+19.2
2023-08-27 14:03,4,+20.5,+24.5,+9.8,+34.0,+23.0,+30.2,+20.6,+20.0,+19.5,+19.3,+19.3,+19.2,+19.2
2023-08-27 15:03,4,+20.1,+24.5,+9.8,+34.0,+23.0,+30.2,+20.7,+20.0,+19.6,+19.5,+19.3,+19.2,+19.2
2023-08-27 16:03,4,+20.0,+24.5,+9.8,+34.2,+23.0,+30.2,+20.8,+20.1,+19.6,+19.3,+19.3,+19.2,+19.2
2023-08-27 17:03,4,+20.0,+24.4,+9.8,+34.0,+23.0,+30.2,+20.8,+20.1,+19.6,+19.5,+19.3,+19.2,+19.2
2023-08-27 18:03,4,+20.0,+24.5,+9.8,+34.2,+23.0,+30.2,+20.7,+20.2,+19.6,+19.5,+19.3,+19.2,+19.2
2023-08-27 19:03,4,+20.0,+24.5,+9.8,+34.0,+23.0,+30.2,+20.7,+20.2,+19.7,+19.5,+19.3,+19.2,+19.1
2023-08-27 20:03,4,+20.2,+24.4,+9.8,+34.2,+23.0,+30.2,+20.6,+20.2,+19.7,+19.5,+19.3,+19.2,+19.2
2023-08-27 21:03,4,+20.4,+24.5,+9.8,+34.0,+23.0,+30.2,+20.5,+20.2,+19.7,+19.5,+19.2,+19.2,+19.2
2023-08-27 22:03,4,+20.5,+24.4,+9.8,+34.2,+23.0,+30.2,+20.3,+20.3,+19.7,+19.5,+19.5,+19.2,+19.2
2023-08-27 23:03,4,+20.8,+24.4,+9.8,+34.2,+23.0,+30.2,+20.2,+20.2,+19.7,+19.5,+19.3,+19.2,+19.1
2023-08-28 00:03,4,+20.9,+24.4,+9.7,+34.0,+23.0,+30.2,+20.1,+20.2,+19.7,+19.5,+19.3,+19.2,+19.1
2023-08-28 01:03,4,+20.9,+24.4,+9.8,+34.0,+23.0,+30.2,+20.1,+20.2,+19.8,+19.5,+19.5,+19.2,+19.2
2023-08-28 02:03,4,+20.8,+24.4,+9.7,+34.2,+23.0,+30.2,+20.0,+20.2,+19.8,+19.5,+19.3,+19.2,+19.2
2023-08-28 03:03,4,+20.8,+24.4,+9.7,+34.2,+23.0,+30.2,+19.8,+20.2,+19.8,+19.6,+19.5,+19.2,+19.2
2023-08-28 04:03,4,+20.8,+24.4,+9.7,+34.2,+23.0,+30.2,+19.7,+20.1,+19.8,+19.6,+19.3,+19.2,+19.2
2023-08-28 05:03,4,+20.7,+24.4,+9.7,+34.2,+23.0,+30.2,+19.7,+20.1,+19.8,+19.5,+19.5,+19.2,+19.2
2023-08-28 06:03,4,+20.7,+24.4,+9.7,+34.0,+23.0,+30.2,+19.6,+20.0,+19.8,+19.6,+19.5,+19.2,+19.2
2023-08-28 07:03,4,+20.7,+24.4,+9.7,+34.2,+23.0,+30.2,+19.6,+20.0,+19.8,+19.6,+19.5,+19.2,+19.2
2023-08-28 08:03,4,+20.7,+24.4,+9.7,+34.0,+23.0,+30.2,+19.6,+20.0,+19.8,+19.6,+19.5,+19.2,+19.2
2023-08-28 09:03,4,+20.5,+24.4,+9.7,+34.2,+23.0,+30.2,+19.8,+20.0,+19.7,+19.6,+19.5,+19.2,+19.2
2023-08-28 10:03,4,+20.5,+24.4,+9.7,+34.2,+23.0,+30.2,+20.0,+20.0,+19.7,+19.6,+19.5,+19.3,+19.2
2023-08-28 11:03,4,+20.6,+24.4,+9.7,+34.2,+23.0,+30.2,+20.1,+20.0,+19.7,+19.6,+19.5,+19.2,+19.2
2023-08-28 12:03,4,+20.4,+24.4,+9.7,+34.0,+23.0,+30.2,+20.3,+20.0,+19.7,+19.6,+19.5,+19.3,+19.2
2023-08-28 13:03,4,+20.4,+24.4,+9.7,+34.0,+23.0,+30.2,+20.3,+20.0,+19.7,+19.6,+19.5,+19.2,+19.2
2023-08-28 14:03,4,+20.8,+24.3,+9.7,+34.0,+23.0,+30.1,+20.5,+20.0,+19.7,+19.6,+19.5,+19.3,+19.2
2023-08-28 15:03,4,+20.8,+24.4,+9.7,+34.2,+23.0,+30.2,+20.5,+20.1,+19.7,+19.6,+19.5,+19.2,+19.2
2023-08-28 16:03,4,+21.1,+24.4,+9.7,+34.0,+23.0,+30.1,+20.5,+20.2,+19.7,+19.6,+19.5,+19.3,+19.2
2023-08-28 17:03,4,+20.4,+24.3,+9.7,+34.2,+23.0,+30.2,+20.3,+20.2,+19.8,+19.6,+19.5,+19.3,+19.2
2023-08-28 18:03,4,+20.1,+24.3,+9.7,+34.0,+23.0,+30.2,+20.3,+20.2,+19.7,+19.6,+19.5,+19.3,+19.2
2023-08-28 19:03,4,+20.1,+24.3,+9.7,+34.0,+23.0,+30.1,+20.3,+20.2,+19.8,+19.6,+19.5,+19.3,+19.2
2023-08-28 20:03,4,+20.6,+24.3,+9.7,+34.2,+23.0,+30.2,+20.2,+20.2,+19.8,+19.6,+19.5,+19.3,+19.2
2023-08-28 21:03,4,+20.2,+24.3,+9.7,+34.0,+23.0,+30.1,+20.2,+20.2,+19.8,+19.6,+19.5,+19.3,+19.2
2023-08-28 22:03,4,+20.2,+24.3,+9.7,+34.2,+23.0,+30.2,+20.2,+20.2,+19.8,+19.6,+19.5,+19.3,+19.2
2023-08-28 23:03,4,+20.0,+24.3,+9.7,+34.0,+23.0,+30.1,+20.1,+20.2,+19.8,+19.6,+19.6,+19.3,+19.2
2023-08-29 00:03,4,+20.1,+24.3,+9.6,+34.0,+23.0,+30.1,+20.1,+20.2,+19.8,+19.6,+19.5,+19.3,+19.2
2023-08-29 01:03,4,+20.2,+24.3,+9.6,+34.0,+23.0,+30.1,+20.1,+20.2,+19.8,+19.6,+19.5,+19.2,+19.2
2023-08-29 02:03,4,+20.2,+24.3,+9.6,+34.1,+23.0,+30.2,+20.0,+20.1,+20.0,+19.6,+19.6,+19.3,+19.3
2023-08-29 03:03,4,+20.2,+24.3,+9.6,+34.0,+23.0,+30.1,+20.0,+20.1,+19.8,+19.6,+19.6,+19.3,+19.2
2023-08-29 04:03,4,+20.2,+24.3,+9.6,+34.2,+23.0,+30.2,+20.0,+20.1,+19.8,+19.7,+19.6,+19.3,+19.2
2023-08-29 05:03,4,+20.1,+24.3,+9.6,+34.0,+23.0,+30.1,+19.8,+20.1,+19.8,+19.7,+19.5,+19.3,+19.3
2023-08-29 06:03,4,+20.1,+24.3,+9.6,+34.1,+23.0,+30.2,+19.8,+20.1,+19.8,+19.7,+19.6,+19.3,+19.3
2023-08-29 07:03,4,+20.1,+24.3,+9.6,+34.0,+23.0,+30.1,+19.8,+20.0,+19.8,+19.6,+19.6,+19.3,+19.3
2023-08-29 08:03,4,+20.0,+24.2,+9.6,+34.0,+23.0,+30.1,+20.0,+20.1,+19.8,+19.6,+19.5,+19.3,+19.3
2023-08-29 09:03,4,+20.0,+24.3,+9.6,+34.1,+23.0,+30.1,+20.2,+20.0,+19.8,+19.7,+19.6,+19.3,+19.2
2023-08-29 10:03,4,+20.0,+24.3,+9.6,+34.0,+23.0,+30.1,+20.5,+20.1,+19.8,+19.6,+19.6,+19.3,+19.2
2023-08-29 11:03,4,+19.9,+24.3,+9.6,+34.1,+23.0,+30.2,+20.8,+20.1,+19.8,+19.7,+19.6,+19.3,+19.3
2023-08-29 12:03,4,+20.0,+24.2,+9.6,+34.1,+23.0,+30.2,+21.1,+20.2,+19.8,+19.7,+19.6,+19.3,+19.3
2023-08-29 13:03,4,+19.9,+24.2,+9.6,+34.1,+23.0,+30.1,+21.1,+20.3,+19.8,+19.7,+19.6,+19.3,+19.2
2023-08-29 14:03,4,+19.9,+24.2,+9.6,+34.1,+23.0,+30.1,+21.2,+20.3,+19.8,+19.7,+19.6,+19.3,+19.2
2023-08-29 15:03,4,+20.0,+24.2,+9.6,+34.1,+23.0,+30.1,+21.2,+20.5,+20.0,+19.7,+19.5,+19.3,+19.3
2023-08-29 16:03,4,+20.0,+24.2,+9.6,+34.0,+23.0,+30.1,+21.2,+20.5,+19.8,+19.6,+19.6,+19.3,+19.3
2023-08-29 17:03,4,+20.0,+24.2,+9.6,+34.0,+23.0,+30.1,+21.1,+20.6,+20.0,+19.7,+19.6,+19.5,+19.3
2023-08-29 18:03,4,+20.1,+24.2,+9.6,+34.0,+23.0,+30.1,+21.0,+20.6,+20.0,+19.7,+19.6,+19.3,+19.3
2023-08-29 19:03,4,+20.0,+24.2,+9.6,+34.0,+23.0,+30.1,+21.0,+20.6,+20.0,+19.7,+19.6,+19.3,+19.3
2023-08-29 20:03,4,+20.0,+24.2,+9.5,+34.0,+22.9,+30.1,+20.8,+20.6,+20.1,+19.7,+19.6,+19.3,+19.3
2023-08-29 21:03,4,+19.9,+24.2,+9.5,+34.1,+23.0,+30.1,+20.8,+20.6,+20.1,+19.7,+19.6,+19.3,+19.3
2023-08-29 22:03,4,+20.0,+24.2,+9.5,+34.1,+23.0,+30.1,+20.7,+20.6,+20.1,+19.7,+19.6,+19.5,+19.3
2023-08-29 23:03,4,+20.0,+24.2,+9.5,+34.0,+23.0,+30.1,+20.7,+20.6,+20.1,+19.7,+19.6,+19.5,+19.3
2023-08-30 00:03,4,+20.1,+24.2,+9.6,+34.0,+23.0,+30.1,+20.6,+20.6,+20.1,+19.8,+19.6,+19.5,+19.3
2023-08-30 01:03,4,+20.0,+24.2,+9.5,+34.1,+23.0,+30.1,+20.6,+20.6,+20.1,+19.8,+19.6,+19.5,+19.3
2023-08-30 02:03,4,+19.9,+24.2,+9.5,+34.0,+23.0,+30.1,+20.5,+20.6,+20.1,+19.8,+19.6,+19.5,+19.3
2023-08-30 03:03,4,+19.9,+24.2,+9.5,+34.1,+23.0,+30.1,+20.3,+20.6,+20.1,+19.8,+19.7,+19.5,+19.3
2023-08-30 04:03,4,+19.9,+24.2,+9.5,+34.1,+23.0,+30.1,+20.2,+20.5,+20.1,+19.8,+19.6,+19.5,+19.3
2023-08-30 05:03,4,+19.9,+24.2,+9.5,+34.1,+23.0,+30.1,+20.2,+20.5,+20.1,+19.8,+19.6,+19.5,+19.3
2023-08-30 06:03,4,+19.9,+24.2,+9.5,+34.0,+23.0,+30.1,+20.1,+20.5,+20.1,+19.8,+19.6,+19.5,+19.3
2023-08-30 07:03,4,+19.9,+24.2,+9.5,+34.0,+23.0,+30.1,+20.1,+20.3,+20.1,+19.8,+19.7,+19.5,+19.3
2023-08-30 08:03,4,+19.9,+24.2,+9.5,+34.1,+23.0,+30.1,+20.1,+20.3,+20.1,+19.8,+19.7,+19.5,+19.3
2023-08-30 09:03,4,+19.9,+24.2,+9.5,+34.1,+23.0,+30.1,+20.2,+20.3,+20.1,+19.8,+19.7,+19.5,+19.3
2023-08-30 10:03,4,+19.9,+24.2,+9.5,+34.1,+23.0,+30.1,+20.3,+20.3,+20.1,+19.8,+19.6,+19.5,+19.3
2023-08-30 11:03,4,+19.8,+24.2,+9.5,+34.1,+23.0,+30.1,+20.5,+20.3,+20.1,+19.8,+19.7,+19.5,+19.5
2023-08-30 12:03,4,+19.8,+24.2,+9.5,+34.1,+23.0,+30.1,+20.8,+20.3,+20.1,+19.8,+19.7,+19.5,+19.5
2023-08-30 13:03,4,+19.8,+24.1,+9.5,+34.1,+23.0,+30.1,+21.0,+20.3,+20.1,+19.8,+19.7,+19.5,+19.3
2023-08-30 14:03,4,+19.7,+24.1,+9.5,+34.1,+23.0,+30.1,+21.1,+20.5,+20.1,+19.8,+19.7,+19.5,+19.5
2023-08-30 15:03,4,+19.7,+24.1,+9.5,+34.0,+23.0,+30.1,+21.1,+20.5,+20.1,+19.8,+19.7,+19.5,+19.3
2023-08-30 16:03,4,+19.7,+24.1,+9.5,+34.0,+22.9,+30.1,+21.1,+20.6,+20.1,+19.8,+19.7,+19.6,+19.3
2023-08-30 17:03,4,+19.7,+24.1,+9.5,+34.0,+23.0,+30.1,+21.1,+20.6,+20.1,+19.8,+19.7,+19.5,+19.3
2023-08-30 18:03,4,+19.7,+24.1,+9.5,+34.1,+23.0,+30.1,+21.0,+20.6,+20.1,+19.8,+19.7,+19.5,+19.3
2023-08-30 19:03,4,+19.7,+24.1,+9.5,+34.0,+22.9,+30.1,+21.0,+20.6,+20.1,+19.8,+19.7,+19.6,+19.3
2023-08-30 20:03,4,+19.7,+24.1,+9.5,+34.1,+23.0,+30.1,+20.8,+20.6,+20.2,+19.8,+19.7,+19.6,+19.5
2023-08-30 21:03,4,+19.8,+24.1,+9.5,+34.0,+22.9,+30.1,+20.8,+20.6,+20.2,+20.0,+19.7,+19.6,+19.3
2023-08-30 22:03,4,+19.8,+24.1,+9.4,+34.1,+23.0,+30.1,+20.7,+20.6,+20.2,+20.0,+19.7,+19.5,+19.5
2023-08-30 23:03,4,+19.8,+24.1,+9.4,+34.0,+22.9,+30.1,+20.6,+20.6,+20.2,+19.8,+19.7,+19.5,+19.5
2023-08-31 00:03,4,+19.8,+24.1,+9.4,+34.0,+22.9,+30.1,+20.5,+20.6,+20.2,+19.8,+19.7,+19.5,+19.5
2023-08-31 01:03,4,+19.8,+24.1,+9.4,+33.9,+22.9,+30.1,+20.5,+20.6,+20.2,+20.0,+19.7,+19.6,+19.5
2023-08-31 02:03,4,+19.8,+24.1,+9.4,+34.1,+23.0,+30.1,+20.3,+20.6,+20.2,+19.8,+19.8,+19.6,+19.3
2023-08-31 03:03,4,+19.8,+24.1,+9.4,+34.1,+23.0,+30.1,+20.2,+20.6,+20.2,+19.8,+19.8,+19.6,+19.5
2023-08-31 04:03,4,+19.8,+24.0,+9.4,+34.1,+23.0,+30.1,+20.2,+20.5,+20.2,+20.0,+19.7,+19.6,+19.5
2023-08-31 05:03,4,+19.7,+24.1,+9.4,+34.0,+22.9,+30.1,+20.1,+20.5,+20.2,+20.0,+19.7,+19.6,+19.3
2023-08-31 06:03,4,+19.7,+24.0,+9.4,+33.9,+22.9,+30.1,+20.1,+20.3,+20.2,+19.8,+19.7,+19.6,+19.5
2023-08-31 07:03,4,+19.7,+24.0,+9.4,+33.9,+23.0,+30.1,+20.0,+20.3,+20.2,+20.0,+19.7,+19.6,+19.5
2023-08-31 08:03,4,+19.7,+24.0,+9.4,+34.0,+23.0,+30.1,+20.1,+20.3,+20.2,+20.0,+19.8,+19.6,+19.5
2023-08-31 09:03,4,+19.6,+24.0,+9.4,+34.0,+23.0,+30.1,+20.1,+20.3,+20.2,+20.0,+19.8,+19.6,+19.5
2023-08-31 10:03,4,+19.6,+24.0,+9.4,+33.9,+22.9,+30.0,+20.1,+20.2,+20.1,+20.0,+19.8,+19.6,+19.5
2023-08-31 11:03,4,+19.6,+24.0,+9.4,+34.0,+23.0,+30.1,+20.3,+20.3,+20.1,+20.0,+19.8,+19.6,+19.5
2023-08-31 12:03,4,+19.6,+24.0,+9.4,+34.0,+23.0,+30.1,+20.6,+20.3,+20.1,+20.0,+19.8,+19.6,+19.5
2023-08-31 13:03,4,+19.6,+24.0,+9.4,+34.0,+23.0,+30.1,+20.7,+20.3,+20.1,+20.0,+19.8,+19.6,+19.5
2023-08-31 14:03,4,+19.6,+24.0,+9.4,+34.0,+23.0,+30.1,+20.8,+20.5,+20.1,+20.0,+19.7,+19.6,+19.5
2023-08-31 15:03,4,+19.5,+24.0,+9.4,+33.9,+22.9,+30.0,+20.8,+20.5,+20.1,+20.0,+19.7,+19.6,+19.5
2023-08-31 16:03,4,+19.6,+23.9,+9.4,+33.9,+22.9,+30.0,+20.7,+20.5,+20.1,+20.0,+19.8,+19.6,+19.5
2023-08-31 17:03,4,+19.6,+23.9,+9.4,+33.9,+22.9,+30.0,+20.6,+20.6,+20.2,+20.0,+19.7,+19.6,+19.5
2023-08-31 18:03,4,+19.6,+23.9,+9.4,+33.9,+22.9,+30.0,+20.6,+20.6,+20.1,+20.0,+19.8,+19.6,+19.5
2023-08-31 19:03,4,+19.6,+23.9,+9.4,+33.9,+22.9,+30.0,+20.3,+20.6,+20.1,+20.0,+19.7,+19.6,+19.5
2023-08-31 20:03,4,+19.6,+23.9,+9.4,+33.9,+22.9,+30.0,+20.3,+20.5,+20.1,+19.8,+19.8,+19.6,+19.5
2023-08-31 21:03,4,+19.6,+23.9,+9.4,+33.9,+22.9,+30.0,+20.2,+20.5,+20.1,+20.0,+19.7,+19.6,+19.5
2023-08-31 22:03,4,+19.6,+23.9,+9.4,+33.9,+22.9,+30.0,+20.2,+20.5,+20.2,+19.8,+19.8,+19.6,+19.5
2023-08-31 23:03,4,+19.6,+23.9,+9.4,+33.9,+22.9,+30.0,+20.1,+20.3,+20.1,+20.0,+19.8,+19.6,+19.5
2023-09-01 00:03,4,+19.6,+23.9,+9.4,+33.9,+22.9,+30.0,+20.1,+20.3,+20.2,+20.0,+19.7,+19.6,+19.5
2023-09-01 01:03,4,+19.6,+23.9,+9.4,+34.0,+23.0,+30.1,+20.0,+20.3,+20.1,+19.8,+19.8,+19.6,+19.5
2023-09-01 02:03,4,+19.5,+23.9,+9.4,+34.0,+23.0,+30.0,+19.8,+20.3,+20.1,+20.0,+19.8,+19.6,+19.5
2023-09-01 03:03,4,+19.5,+23.9,+9.4,+33.9,+22.9,+30.0,+19.8,+20.2,+20.1,+20.0,+19.8,+19.6,+19.5
2023-09-01 04:03,4,+19.5,+23.9,+9.4,+34.0,+23.0,+30.1,+19.8,+20.2,+20.1,+20.0,+19.8,+19.6,+19.5
2023-09-01 05:03,4,+19.5,+23.9,+9.4,+33.9,+22.9,+30.0,+19.7,+20.2,+20.1,+20.0,+19.8,+19.6,+19.5
2023-09-01 06:03,4,+19.5,+23.9,+9.4,+34.0,+23.0,+30.1,+19.6,+20.1,+20.1,+20.0,+19.8,+19.6,+19.5
2023-09-01 07:03,4,+19.5,+23.9,+9.4,+33.9,+22.9,+30.0,+19.6,+20.1,+20.1,+20.0,+19.8,+19.6,+19.5
2023-09-01 08:03,4,+19.4,+23.9,+9.4,+34.0,+23.0,+30.0,+19.6,+20.1,+20.1,+20.0,+19.8,+19.6,+19.5
2023-09-01 09:03,4,+19.4,+23.9,+9.4,+33.9,+22.9,+30.0,+19.7,+20.0,+20.1,+20.0,+19.7,+19.6,+19.5
2023-09-01 10:03,4,+19.4,+23.9,+9.4,+33.9,+22.9,+30.0,+19.8,+20.0,+20.0,+20.0,+19.8,+19.7,+19.6
2023-09-01 11:03,4,+19.3,+23.9,+9.4,+34.0,+23.0,+30.0,+20.0,+20.1,+20.0,+20.0,+19.8,+19.6,+19.5
2023-09-01 12:03,4,+19.4,+23.9,+9.4,+33.9,+22.9,+30.0,+20.2,+20.1,+20.0,+20.0,+19.8,+19.7,+19.5
2023-09-01 13:03,4,+19.2,+23.9,+9.4,+34.0,+22.9,+30.0,+20.2,+20.1,+20.0,+19.8,+19.8,+19.6,+19.5
2023-09-01 14:03,4,+23.0,+23.9,+9.4,+33.8,+22.9,+30.0,+20.1,+20.1,+20.0,+19.8,+19.8,+19.6,+19.6
2023-09-01 15:03,4,+20.7,+23.9,+9.4,+34.0,+23.0,+30.0,+20.0,+20.2,+20.0,+19.8,+19.8,+19.6,+19.5
2023-09-01 16:03,4,+24.8,+24.6,+9.4,+34.0,+22.9,+30.0,+19.8,+20.1,+20.0,+19.8,+19.8,+19.7,+19.6
2023-09-01 17:03,4,+23.3,+24.8,+9.4,+34.0,+23.0,+30.0,+19.7,+20.1,+20.0,+19.8,+19.8,+19.6,+19.5
2023-09-01 18:03,4,+22.5,+24.6,+9.4,+34.0,+23.0,+30.0,+19.7,+20.1,+20.0,+19.8,+19.8,+19.6,+19.5
2023-09-01 19:03,4,+22.0,+24.5,+9.4,+34.0,+23.0,+30.0,+19.7,+20.0,+20.0,+19.8,+19.8,+19.6,+19.5
2023-09-01 20:03,4,+21.7,+24.5,+9.3,+34.0,+23.0,+30.0,+19.6,+20.1,+20.0,+19.8,+19.8,+19.6,+19.6
2023-09-01 21:03,4,+21.4,+24.5,+9.4,+34.0,+23.0,+30.0,+19.6,+20.0,+20.0,+19.8,+19.8,+19.6,+19.5
2023-09-01 22:03,4,+21.0,+24.4,+9.4,+33.8,+22.9,+30.0,+19.6,+20.0,+20.0,+19.8,+19.7,+19.6,+19.5
2023-09-01 23:03,4,+20.9,+24.4,+9.4,+34.0,+23.0,+30.0,+19.6,+19.8,+20.0,+19.8,+19.8,+19.6,+19.6
2023-09-02 00:03,4,+20.8,+24.4,+9.4,+33.9,+22.9,+30.0,+19.5,+19.8,+19.8,+19.8,+19.8,+19.6,+19.6
2023-09-02 01:03,4,+20.7,+24.4,+9.4,+34.0,+23.0,+30.0,+19.5,+19.8,+20.0,+19.8,+19.8,+19.6,+19.5
2023-09-02 02:03,4,+20.6,+24.4,+9.4,+33.9,+22.9,+30.0,+19.3,+19.8,+19.8,+19.8,+19.7,+19.6,+19.5
2023-09-02 03:03,4,+20.5,+24.4,+9.4,+33.9,+22.9,+30.0,+19.3,+19.8,+19.8,+19.8,+19.7,+19.6,+19.6
2023-09-02 04:03,4,+20.5,+24.4,+9.4,+34.0,+23.0,+30.0,+19.3,+19.7,+19.8,+19.8,+19.8,+19.6,+19.5
2023-09-02 05:03,4,+20.4,+24.4,+9.4,+33.9,+22.9,+30.0,+19.3,+19.7,+19.8,+19.8,+19.7,+19.6,+19.6
2023-09-02 06:03,4,+20.4,+24.4,+9.4,+34.0,+23.0,+30.0,+19.2,+19.7,+19.8,+19.8,+19.7,+19.6,+19.6
2023-09-02 07:03,4,+20.3,+24.3,+9.4,+33.9,+22.9,+30.0,+19.2,+19.7,+19.8,+19.8,+19.7,+19.6,+19.6
2023-09-02 08:03,4,+20.2,+24.3,+9.4,+33.9,+22.9,+30.0,+19.3,+19.7,+19.8,+19.8,+19.7,+19.6,+19.6
2023-09-02 09:03,4,+20.2,+24.3,+9.4,+33.9,+22.9,+30.0,+19.5,+19.7,+19.8,+19.7,+19.7,+19.6,+19.5
2023-09-02 10:03,4,+20.2,+24.3,+9.4,+34.0,+23.0,+30.0,+19.6,+19.7,+19.8,+19.7,+19.8,+19.6,+19.5
2023-09-02 11:03,4,+20.2,+24.3,+9.4,+34.0,+23.0,+30.1,+19.7,+19.7,+19.7,+19.8,+19.8,+19.6,+19.5
2023-09-02 12:03,4,+20.1,+24.3,+9.4,+33.9,+22.9,+30.0,+19.8,+19.7,+19.7,+19.7,+19.7,+19.6,+19.6
2023-09-02 13:03,4,+20.1,+24.3,+9.5,+34.0,+23.0,+30.0,+20.0,+19.8,+19.7,+19.7,+19.7,+19.6,+19.6
2023-09-02 14:03,4,+20.1,+24.3,+9.5,+33.9,+22.9,+30.0,+20.0,+19.8,+19.7,+19.7,+19.8,+19.6,+19.5
2023-09-02 15:03,4,+20.1,+24.3,+9.5,+34.0,+23.0,+30.0,+20.0,+19.8,+19.7,+19.7,+19.7,+19.6,+19.6
2023-09-02 16:03,4,+20.2,+24.3,+9.5,+33.9,+23.0,+30.0,+20.0,+19.8,+19.7,+19.7,+19.7,+19.6,+19.6
2023-09-02 17:03,4,+20.3,+24.3,+9.5,+34.0,+23.0,+30.1,+19.8,+20.0,+19.7,+19.7,+19.7,+19.6,+19.6
2023-09-02 18:03,4,+20.2,+24.3,+9.5,+34.0,+23.0,+30.0,+19.8,+20.0,+19.7,+19.7,+19.7,+19.6,+19.5
2023-09-02 19:03,4,+20.2,+24.3,+9.5,+33.9,+23.0,+30.0,+19.7,+20.0,+19.7,+19.7,+19.7,+19.6,+19.5
2023-09-02 20:03,4,+20.2,+24.3,+9.5,+34.0,+23.0,+30.0,+19.6,+20.0,+19.8,+19.7,+19.7,+19.6,+19.6
2023-09-02 21:03,4,+20.2,+24.3,+9.5,+34.0,+23.0,+30.1,+19.6,+19.8,+19.7,+19.7,+19.7,+19.6,+19.6
2023-09-02 22:03,4,+20.2,+24.3,+9.5,+33.9,+22.9,+30.0,+19.5,+19.8,+19.7,+19.7,+19.7,+19.6,+19.6
2023-09-02 23:03,4,+20.1,+24.3,+9.5,+33.9,+23.0,+30.0,+19.5,+19.8,+19.7,+19.7,+19.7,+19.6,+19.5
2023-09-03 00:03,4,+20.1,+24.3,+9.5,+34.0,+23.0,+30.1,+19.3,+19.7,+19.7,+19.7,+19.7,+19.6,+19.5
2023-09-03 01:03,4,+20.1,+24.3,+9.5,+33.8,+22.9,+30.0,+19.5,+19.7,+19.7,+19.7,+19.7,+19.6,+19.6
2023-09-03 02:03,4,+20.0,+24.3,+9.5,+34.0,+23.0,+30.1,+19.3,+19.8,+19.7,+19.7,+19.7,+19.6,+19.5
2023-09-03 03:03,4,+20.0,+24.3,+9.5,+33.9,+23.0,+30.0,+19.3,+19.7,+19.7,+19.7,+19.7,+19.6,+19.5
2023-09-03 04:03,4,+20.0,+24.3,+9.5,+33.8,+23.0,+30.0,+19.2,+19.7,+19.7,+19.7,+19.7,+19.6,+19.5
2023-09-03 05:03,4,+20.0,+24.3,+9.5,+34.0,+23.0,+30.1,+19.2,+19.7,+19.7,+19.7,+19.7,+19.6,+19.6
2023-09-03 06:03,4,+20.0,+24.3,+9.5,+33.9,+23.0,+30.0,+19.1,+19.7,+19.7,+19.7,+19.7,+19.6,+19.5
2023-09-03 07:03,4,+20.0,+24.2,+9.5,+33.8,+23.0,+30.0,+19.1,+19.6,+19.7,+19.7,+19.7,+19.5,+19.5
2023-09-03 08:03,4,+19.9,+24.2,+9.5,+34.0,+23.0,+30.1,+19.1,+19.6,+19.7,+19.7,+19.7,+19.5,+19.5
2023-09-03 09:03,4,+19.9,+24.2,+9.5,+34.0,+23.0,+30.0,+19.2,+19.6,+19.6,+19.7,+19.7,+19.6,+19.5
2023-09-03 10:03,4,+19.9,+24.2,+9.5,+33.8,+23.0,+30.0,+19.3,+19.6,+19.6,+19.7,+19.7,+19.6,+19.5
2023-09-03 11:03,4,+19.8,+24.2,+9.5,+33.9,+23.0,+30.0,+19.6,+19.6,+19.6,+19.7,+19.7,+19.6,+19.5
2023-09-03 12:03,4,+19.8,+24.2,+9.5,+33.8,+23.0,+30.0,+19.7,+19.6,+19.6,+19.6,+19.7,+19.6,+19.5
2023-09-03 13:03,4,+19.8,+24.2,+9.5,+34.0,+23.0,+30.0,+19.8,+19.7,+19.6,+19.6,+19.7,+19.6,+19.5
2023-09-03 14:03,4,+19.7,+24.2,+9.5,+33.8,+23.0,+30.0,+20.0,+19.7,+19.6,+19.7,+19.7,+19.5,+19.5
2023-09-03 15:03,4,+19.7,+24.2,+9.5,+34.0,+23.0,+30.1,+20.0,+19.7,+19.6,+19.6,+19.7,+19.6,+19.6
2023-09-03 16:03,4,+19.7,+24.2,+9.5,+34.0,+23.0,+30.1,+20.0,+19.7,+19.6,+19.6,+19.7,+19.5,+19.5
2023-09-03 17:03,4,+19.7,+24.2,+9.5,+33.8,+23.0,+30.0,+20.0,+19.8,+19.6,+19.6,+19.7,+19.6,+19.5
2023-09-03 18:03,4,+19.7,+24.2,+9.5,+33.8,+23.0,+30.0,+19.8,+19.8,+19.6,+19.6,+19.7,+19.6,+19.5
2023-09-03 19:03,4,+19.6,+24.2,+9.5,+33.8,+23.0,+30.0,+19.8,+19.8,+19.7,+19.7,+19.7,+19.6,+19.5
2023-09-03 20:03,4,+19.7,+24.2,+9.5,+33.8,+23.0,+30.0,+19.7,+19.8,+19.7,+19.6,+19.7,+19.6,+19.5
2023-09-03 21:03,4,+19.6,+24.2,+9.5,+33.8,+23.0,+30.0,+19.7,+19.8,+19.6,+19.6,+19.7,+19.6,+19.5
2023-09-03 22:03,4,+19.6,+24.2,+9.5,+33.8,+23.0,+30.0,+19.7,+19.8,+19.7,+19.6,+19.7,+19.6,+19.5
2023-09-03 23:03,4,+28.1,+30.4,+15.2,+35.1,+23.1,+30.0,+19.1,+19.3,+19.5,+19.6,+19.6,+19.5,+19.5
2023-09-04 00:03,4,+28.2,+29.4,+14.7,+40.4,+24.3,+30.1,+18.8,+19.3,+19.5,+19.6,+19.6,+19.5,+19.5
2023-09-04 01:03,4,+27.2,+28.4,+14.0,+40.3,+25.7,+32.6,+19.0,+19.5,+19.5,+19.5,+19.6,+19.5,+19.5
2023-09-04 02:03,4,+24.8,+26.5,+12.5,+37.3,+25.1,+32.7,+19.0,+19.6,+19.6,+19.6,+19.7,+19.5,+19.5
2023-09-04 03:03,4,+23.6,+26.0,+11.9,+36.3,+24.7,+32.5,+19.0,+19.5,+19.6,+19.6,+19.7,+19.6,+19.6
2023-09-04 04:03,4,+23.1,+25.8,+11.6,+35.9,+24.6,+32.3,+19.0,+19.5,+19.6,+19.6,+19.6,+19.5,+19.6
2023-09-04 05:03,4,+22.7,+25.6,+11.4,+35.6,+24.4,+32.2,+18.8,+19.5,+19.6,+19.6,+19.7,+19.6,+19.5
2023-09-04 06:03,4,+22.5,+25.5,+11.3,+35.5,+24.3,+32.1,+18.7,+19.3,+19.5,+19.6,+19.7,+19.5,+19.5
2023-09-04 07:03,4,+22.3,+25.4,+11.2,+35.3,+24.2,+31.9,+18.8,+19.3,+19.6,+19.6,+19.7,+19.5,+19.5
2023-09-04 08:03,4,+22.1,+25.3,+11.1,+35.2,+24.2,+31.8,+18.8,+19.3,+19.5,+19.6,+19.6,+19.5,+19.5
2023-09-04 09:03,4,+22.0,+25.3,+11.0,+35.1,+24.1,+31.7,+19.0,+19.3,+19.5,+19.6,+19.7,+19.5,+19.6
2023-09-04 10:03,4,+21.9,+25.2,+10.9,+35.1,+24.1,+31.7,+19.0,+19.3,+19.5,+19.6,+19.6,+19.5,+19.6
2023-09-04 11:03,4,+21.9,+25.2,+10.9,+34.9,+24.0,+31.5,+19.2,+19.3,+19.5,+19.6,+19.6,+19.5,+19.5
2023-09-04 12:03,4,+21.8,+25.1,+10.8,+34.9,+24.0,+31.4,+19.5,+19.3,+19.5,+19.5,+19.6,+19.5,+19.5
2023-09-04 13:03,4,+21.7,+25.5,+10.8,+34.9,+24.0,+31.4,+19.6,+19.5,+19.5,+19.6,+19.6,+19.5,+19.5
2023-09-04 14:03,4,+21.7,+25.2,+10.7,+34.8,+23.9,+31.3,+19.7,+19.5,+19.5,+19.6,+19.7,+19.5,+19.5
2023-09-04 15:03,4,+21.6,+25.5,+10.7,+34.7,+23.9,+31.3,+19.8,+19.5,+19.5,+19.6,+19.6,+19.5,+19.5
2023-09-04 16:03,4,+21.5,+25.1,+10.7,+34.9,+23.9,+31.3,+19.8,+19.6,+19.3,+19.5,+19.6,+19.5,+19.5
2023-09-04 17:03,4,+21.5,+25.0,+10.7,+34.8,+23.9,+31.2,+19.8,+19.6,+19.5,+19.5,+19.6,+19.5,+19.6
2023-09-04 18:03,4,+21.4,+25.0,+10.6,+34.7,+23.8,+31.2,+19.7,+19.7,+19.5,+19.5,+19.6,+19.5,+19.5
2023-09-04 19:03,4,+21.4,+25.0,+10.6,+34.8,+23.8,+31.2,+19.6,+19.7,+19.5,+19.5,+19.6,+19.5,+19.5
2023-09-04 20:03,4,+21.4,+25.0,+10.6,+34.8,+23.8,+31.1,+19.5,+19.6,+19.5,+19.6,+19.6,+19.5,+19.5
2023-09-04 21:03,4,+21.4,+25.0,+10.5,+34.6,+23.7,+31.1,+19.5,+19.6,+19.5,+19.5,+19.6,+19.5,+19.5
2023-09-04 22:03,4,+21.3,+24.9,+10.5,+34.6,+23.7,+31.1,+19.3,+19.6,+19.5,+19.5,+19.6,+19.5,+19.5
2023-09-04 23:03,4,+21.3,+24.9,+10.5,+34.6,+23.7,+31.1,+19.3,+19.6,+19.5,+19.5,+19.6,+19.5,+19.5
2023-09-05 00:03,4,+21.2,+24.9,+10.5,+34.7,+23.7,+31.1,+19.2,+19.6,+19.5,+19.5,+19.6,+19.5,+19.5
2023-09-05 01:03,4,+21.2,+24.9,+10.4,+34.5,+23.7,+31.0,+19.1,+19.5,+19.6,+19.5,+19.6,+19.5,+19.5
2023-09-05 02:03,4,+21.2,+24.9,+10.4,+34.7,+23.7,+31.0,+19.1,+19.6,+19.5,+19.5,+19.6,+19.5,+19.5
2023-09-05 03:03,4,+21.2,+24.9,+10.4,+34.7,+23.7,+31.0,+19.0,+19.5,+19.5,+19.5,+19.6,+19.5,+19.5
2023-09-05 04:03,4,+21.1,+24.9,+10.4,+34.6,+23.7,+31.0,+19.0,+19.5,+19.5,+19.5,+19.6,+19.5,+19.5
2023-09-05 05:03,4,+21.1,+24.9,+10.4,+34.5,+23.7,+30.9,+19.0,+19.5,+19.5,+19.5,+19.6,+19.5,+19.5
2023-09-05 06:03,4,+21.1,+24.9,+10.4,+34.5,+23.6,+30.9,+19.0,+19.5,+19.5,+19.5,+19.6,+19.5,+19.5
2023-09-05 07:03,4,+21.0,+24.9,+10.4,+34.5,+23.6,+30.9,+19.0,+19.3,+19.5,+19.5,+19.6,+19.3,+19.5
2023-09-05 08:03,4,+21.0,+24.9,+10.3,+34.5,+23.6,+30.9,+19.0,+19.3,+19.5,+19.5,+19.6,+19.5,+19.5
2023-09-05 09:03,4,+21.0,+24.8,+10.3,+34.6,+23.6,+30.9,+19.2,+19.3,+19.5,+19.5,+19.6,+19.5,+19.5
2023-09-05 10:03,4,+21.0,+24.8,+10.3,+34.5,+23.6,+30.9,+19.3,+19.3,+19.5,+19.5,+19.6,+19.5,+19.5
2023-09-05 11:03,4,+21.0,+24.8,+10.3,+34.5,+23.6,+30.9,+19.5,+19.3,+19.5,+19.5,+19.6,+19.5,+19.5
2023-09-05 12:03,4,+20.9,+24.8,+10.3,+34.5,+23.6,+30.9,+19.6,+19.5,+19.5,+19.5,+19.6,+19.5,+19.5
2023-09-05 13:03,4,+20.9,+24.8,+10.3,+34.4,+23.6,+30.8,+19.7,+19.5,+19.5,+19.5,+19.6,+19.5,+19.5
2023-09-05 14:03,4,+20.9,+24.8,+10.3,+34.4,+23.6,+30.8,+19.8,+19.6,+19.3,+19.5,+19.6,+19.5,+19.5
2023-09-05 15:03,4,+20.9,+24.8,+10.3,+34.5,+23.6,+30.8,+19.8,+19.6,+19.5,+19.5,+19.6,+19.5,+19.5
2023-09-05 16:03,4,+20.9,+24.8,+10.2,+34.5,+23.6,+30.8,+19.8,+19.6,+19.5,+19.5,+19.6,+19.5,+19.5
2023-09-05 17:03,4,+22.5,+24.8,+10.2,+34.5,+23.6,+30.8,+19.8,+19.6,+19.5,+19.5,+19.6,+19.5,+19.5
2023-09-05 18:03,4,+25.3,+25.1,+10.3,+34.4,+23.5,+30.8,+19.7,+19.7,+19.5,+19.5,+19.6,+19.5,+19.5
2023-09-05 19:03,4,+24.2,+25.1,+10.2,+34.4,+23.5,+30.8,+19.6,+19.7,+19.5,+19.5,+19.6,+19.5,+19.5
2023-09-05 20:03,4,+23.3,+25.1,+10.2,+34.4,+23.5,+30.7,+19.6,+19.7,+19.5,+19.5,+19.5,+19.3,+19.5
2023-09-05 21:03,4,+22.8,+25.2,+10.2,+34.5,+23.5,+30.8,+19.5,+19.7,+19.5,+19.5,+19.6,+19.5,+19.5
2023-09-05 22:03,4,+22.8,+25.2,+10.2,+34.4,+23.5,+30.7,+19.5,+19.7,+19.5,+19.5,+19.6,+19.5,+19.5
2023-09-05 23:03,4,+22.7,+25.2,+10.2,+34.4,+23.5,+30.7,+19.3,+19.7,+19.5,+19.5,+19.6,+19.5,+19.5
2023-09-06 00:03,4,+22.5,+25.2,+10.2,+34.4,+23.5,+30.7,+19.2,+19.6,+19.6,+19.5,+19.5,+19.3,+19.5
2023-09-06 01:03,4,+22.4,+25.2,+10.2,+34.5,+23.5,+30.7,+19.2,+19.6,+19.5,+19.5,+19.5,+19.5,+19.5
2023-09-06 02:03,4,+22.3,+25.2,+10.2,+34.5,+23.5,+30.7,+19.2,+19.6,+19.5,+19.5,+19.5,+19.5,+19.5
2023-09-06 03:03,4,+22.3,+25.2,+10.2,+34.6,+23.6,+30.7,+19.1,+19.6,+19.5,+19.5,+19.6,+19.5,+19.5
2023-09-06 04:03,4,+21.5,+25.2,+10.3,+34.5,+23.5,+30.7,+19.1,+19.6,+19.5,+19.5,+19.6,+19.3,+19.5
2023-09-06 05:03,4,+21.4,+25.2,+10.2,+34.5,+23.5,+30.7,+19.1,+19.5,+19.5,+19.5,+19.5,+19.5,+19.5
2023-09-06 06:03,4,+21.6,+25.1,+10.3,+34.6,+23.6,+30.7,+19.0,+19.5,+19.6,+19.5,+19.5,+19.5,+19.5
2023-09-06 07:03,4,+21.5,+25.1,+10.3,+34.6,+23.6,+30.7,+19.0,+19.5,+19.5,+19.5,+19.6,+19.5,+19.5
2023-09-06 08:03,4,+21.5,+25.1,+10.3,+34.4,+23.5,+30.7,+19.1,+19.5,+19.5,+19.5,+19.5,+19.5,+19.5
2023-09-06 09:03,4,+21.4,+25.1,+10.3,+34.5,+23.5,+30.7,+19.2,+19.3,+19.5,+19.5,+19.6,+19.3,+19.5
2023-09-06 10:03,4,+21.2,+25.1,+10.3,+34.4,+23.5,+30.6,+19.3,+19.5,+19.5,+19.5,+19.6,+19.5,+19.5
2023-09-06 11:03,4,+21.1,+25.1,+10.3,+34.5,+23.5,+30.7,+19.6,+19.5,+19.5,+19.5,+19.6,+19.3,+19.5
2023-09-06 12:03,4,+21.1,+25.1,+10.3,+34.4,+23.5,+30.6,+19.7,+19.5,+19.5,+19.5,+19.5,+19.5,+19.5
2023-09-06 13:03,4,+21.3,+25.1,+10.3,+34.5,+23.5,+30.7,+19.8,+19.6,+19.5,+19.5,+19.6,+19.5,+19.5
2023-09-06 14:03,4,+21.3,+25.0,+10.3,+34.5,+23.5,+30.7,+20.0,+19.6,+19.5,+19.5,+19.6,+19.5,+19.5
2023-09-06 15:03,4,+21.3,+25.0,+10.3,+34.5,+23.5,+30.6,+20.0,+19.6,+19.5,+19.5,+19.6,+19.5,+19.5
2023-09-06 16:03,4,+21.3,+25.0,+10.3,+34.4,+23.5,+30.6,+20.0,+19.7,+19.5,+19.6,+19.6,+19.5,+19.5
2023-09-06 17:03,4,+21.3,+25.0,+10.3,+34.5,+23.5,+30.6,+19.8,+19.7,+19.5,+19.5,+19.5,+19.3,+19.5
2023-09-06 18:03,4,+21.3,+25.0,+10.3,+34.5,+23.5,+30.6,+19.7,+19.7,+19.5,+19.5,+19.6,+19.3,+19.5
2023-09-06 19:03,4,+21.3,+25.0,+10.3,+34.5,+23.5,+30.6,+19.7,+19.7,+19.5,+19.5,+19.5,+19.3,+19.5
2023-09-06 20:03,4,+21.2,+25.0,+10.3,+34.4,+23.5,+30.6,+19.7,+19.7,+19.5,+19.5,+19.5,+19.5,+19.5
2023-09-06 21:03,4,+21.4,+25.0,+10.3,+34.5,+23.5,+30.6,+19.6,+19.7,+19.5,+19.5,+19.5,+19.5,+19.5
2023-09-06 22:03,4,+23.0,+25.0,+10.3,+34.4,+23.5,+30.6,+19.6,+19.7,+19.6,+19.5,+19.5,+19.3,+19.5
2023-09-06 23:03,4,+22.9,+25.0,+10.3,+34.4,+23.5,+30.6,+19.5,+19.7,+19.6,+19.5,+19.5,+19.5,+19.5
2023-09-07 00:03,4,+24.3,+25.0,+10.3,+34.4,+23.5,+30.6,+19.5,+19.7,+19.5,+19.5,+19.6,+19.3,+19.5
2023-09-07 01:03,4,+24.2,+25.1,+10.3,+34.4,+23.5,+30.6,+19.3,+19.7,+19.6,+19.6,+19.6,+19.5,+19.5
2023-09-07 02:03,4,+24.2,+25.2,+10.3,+34.4,+23.5,+30.6,+19.3,+19.6,+19.5,+19.5,+19.5,+19.3,+19.5
2023-09-07 03:03,4,+24.0,+25.3,+10.3,+34.4,+23.5,+30.6,+19.2,+19.6,+19.5,+19.5,+19.6,+19.5,+19.5
2023-09-07 04:03,4,+23.7,+25.4,+10.3,+34.5,+23.5,+30.6,+19.2,+19.6,+19.6,+19.5,+19.5,+19.5,+19.5
2023-09-07 05:03,4,+23.6,+25.5,+10.3,+34.4,+23.5,+30.6,+19.1,+19.6,+19.6,+19.5,+19.5,+19.3,+19.5
2023-09-07 06:03,4,+23.9,+25.5,+10.4,+34.4,+23.5,+30.6,+19.1,+19.6,+19.5,+19.5,+19.6,+19.5,+19.5
2023-09-07 07:03,4,+23.9,+25.5,+10.4,+34.4,+23.5,+30.6,+19.1,+19.5,+19.6,+19.5,+19.6,+19.3,+19.5
2023-09-07 08:03,4,+23.7,+25.5,+10.4,+34.5,+23.5,+30.6,+19.0,+19.5,+19.5,+19.5,+19.5,+19.5,+19.3
2023-09-07 09:03,4,+23.5,+25.5,+10.4,+34.5,+23.5,+30.6,+19.1,+19.5,+19.5,+19.5,+19.6,+19.3,+19.5
2023-09-07 10:03,4,+23.4,+25.5,+10.5,+34.4,+23.5,+30.6,+19.2,+19.5,+19.5,+19.5,+19.6,+19.5,+19.5
2023-09-07 11:03,4,+23.3,+25.5,+10.5,+34.6,+23.5,+30.6,+19.3,+19.5,+19.5,+19.5,+19.6,+19.5,+19.5
2023-09-07 12:03,4,+23.2,+25.4,+10.6,+34.6,+23.5,+30.6,+19.6,+19.5,+19.5,+19.5,+19.6,+19.3,+19.5
2023-09-07 13:03,4,+23.1,+25.4,+10.6,+34.6,+23.5,+30.6,+19.6,+19.5,+19.5,+19.5,+19.5,+19.5,+19.5
2023-09-07 14:03,4,+23.0,+25.4,+10.6,+34.5,+23.5,+30.6,+19.7,+19.5,+19.5,+19.5,+19.6,+19.5,+19.5
2023-09-07 15:03,4,+23.2,+25.4,+10.6,+34.5,+23.5,+30.6,+19.6,+19.6,+19.5,+19.5,+19.5,+19.5,+19.5
2023-09-07 16:03,4,+23.2,+25.3,+10.6,+34.5,+23.5,+30.6,+19.7,+19.6,+19.5,+19.5,+19.5,+19.5,+19.3
2023-09-07 17:03,4,+23.1,+25.3,+10.7,+34.5,+23.5,+30.6,+19.6,+19.6,+19.5,+19.5,+19.5,+19.5,+19.5
2023-09-07 18:03,4,+23.1,+25.3,+10.6,+34.5,+23.5,+30.6,+19.6,+19.6,+19.5,+19.5,+19.5,+19.5,+19.5
2023-09-07 19:03,4,+23.0,+25.3,+10.6,+34.5,+23.5,+30.6,+19.6,+19.6,+19.5,+19.5,+19.5,+19.5,+19.5
2023-09-07 20:03,4,+23.1,+25.3,+10.6,+34.6,+23.6,+30.6,+19.5,+19.6,+19.5,+19.5,+19.6,+19.3,+19.5
2023-09-07 21:03,4,+23.3,+25.3,+10.7,+34.6,+23.5,+30.6,+19.6,+19.6,+19.5,+19.5,+19.5,+19.3,+19.5
2023-09-07 22:03,4,+23.9,+25.3,+10.6,+34.6,+23.6,+30.6,+19.6,+19.6,+19.5,+19.5,+19.6,+19.3,+19.5
2023-09-07 23:03,4,+25.2,+25.3,+10.6,+34.6,+23.6,+30.6,+19.5,+19.7,+19.5,+19.5,+19.6,+19.5,+19.5
2023-09-08 00:03,4,+24.8,+25.5,+10.6,+34.5,+23.5,+30.6,+19.5,+19.7,+19.5,+19.5,+19.5,+19.5,+19.5
2023-09-08 01:03,4,+24.5,+25.6,+10.6,+34.5,+23.5,+30.6,+19.5,+19.6,+19.5,+19.5,+19.5,+19.3,+19.5
2023-09-08 02:03,4,+24.2,+25.7,+10.7,+34.6,+23.6,+30.6,+19.3,+19.6,+19.5,+19.5,+19.5,+19.3,+19.3
2023-09-08 03:03,4,+24.3,+25.7,+10.7,+34.6,+23.6,+30.6,+19.3,+19.6,+19.5,+19.5,+19.5,+19.3,+19.5
2023-09-08 04:03,4,+24.1,+25.7,+10.7,+34.6,+23.6,+30.6,+19.3,+19.6,+19.5,+19.5,+19.5,+19.5,+19.5
2023-09-08 05:03,4,+29.0,+29.7,+13.2,+34.7,+23.6,+30.6,+19.1,+19.5,+19.5,+19.5,+19.5,+19.5,+19.5
2023-09-08 06:03,4,+26.0,+27.2,+11.7,+34.7,+23.6,+30.7,+19.2,+19.5,+19.5,+19.5,+19.5,+19.3,+19.3
2023-09-08 07:03,4,+29.2,+30.4,+14.5,+35.1,+23.6,+30.6,+19.1,+19.3,+19.5,+19.5,+19.5,+19.5,+19.5
2023-09-08 08:03,4,+32.4,+33.8,+18.8,+42.9,+26.9,+31.0,+19.1,+19.2,+19.2,+19.3,+19.5,+19.2,+19.3
2023-09-08 09:03,4,+29.2,+28.8,+14.0,+40.3,+26.3,+33.9,+19.1,+19.3,+19.3,+19.5,+19.6,+19.3,+19.5
2023-09-08 10:03,4,+31.5,+30.6,+15.6,+37.4,+25.3,+33.4,+19.0,+19.2,+19.3,+19.3,+19.5,+19.3,+19.3
2023-09-08 11:03,4,+28.4,+27.8,+13.4,+38.0,+25.4,+33.5,+19.1,+19.3,+19.3,+19.3,+19.5,+19.5,+19.5
2023-09-08 12:03,4,+27.0,+27.0,+12.6,+36.8,+25.1,+33.2,+19.2,+19.3,+19.5,+19.5,+19.5,+19.3,+19.3
2023-09-08 13:03,4,+25.7,+26.6,+12.2,+36.3,+24.8,+32.9,+19.2,+19.3,+19.3,+19.5,+19.5,+19.5,+19.3
2023-09-08 14:03,4,+25.1,+26.4,+11.9,+36.0,+24.7,+32.5,+19.3,+19.5,+19.3,+19.3,+19.5,+19.3,+19.5
2023-09-08 15:03,4,+24.8,+26.2,+11.8,+35.7,+24.5,+32.2,+19.3,+19.3,+19.3,+19.3,+19.5,+19.5,+19.5
2023-09-08 16:03,4,+24.6,+26.1,+11.7,+35.7,+24.4,+32.1,+19.3,+19.5,+19.3,+19.5,+19.5,+19.5,+19.5
2023-09-08 17:03,4,+24.5,+26.0,+11.5,+35.5,+24.3,+31.9,+19.3,+19.5,+19.5,+19.5,+19.5,+19.5,+19.5
2023-09-08 18:03,4,+24.3,+25.9,+11.4,+35.4,+24.2,+31.8,+19.3,+19.5,+19.3,+19.5,+19.6,+19.3,+19.5
2023-09-08 19:03,4,+24.2,+25.8,+11.4,+35.4,+24.2,+31.7,+19.2,+19.5,+19.3,+19.5,+19.5,+19.3,+19.5
2023-09-08 20:03,4,+24.1,+25.8,+11.3,+35.4,+24.2,+31.6,+19.1,+19.3,+19.3,+19.3,+19.5,+19.3,+19.3
2023-09-08 21:03,4,+24.0,+25.7,+11.3,+35.3,+24.2,+31.6,+19.1,+19.5,+19.3,+19.3,+19.5,+19.3,+19.3
2023-09-08 22:03,4,+24.0,+25.7,+11.2,+35.3,+24.1,+31.5,+19.0,+19.5,+19.3,+19.3,+19.5,+19.3,+19.5
2023-09-08 23:03,4,+23.9,+25.6,+11.2,+35.1,+24.0,+31.4,+19.0,+19.3,+19.5,+19.3,+19.5,+19.3,+19.5
2023-09-09 00:03,4,+23.9,+25.6,+11.2,+35.1,+24.0,+31.4,+18.8,+19.3,+19.3,+19.3,+19.5,+19.3,+19.3
2023-09-09 01:03,4,+23.8,+25.6,+11.2,+35.1,+24.0,+31.4,+18.8,+19.3,+19.3,+19.3,+19.5,+19.3,+19.5
2023-09-09 02:03,4,+23.7,+25.6,+11.1,+35.1,+24.0,+31.3,+18.8,+19.3,+19.5,+19.3,+19.5,+19.5,+19.3
2023-09-09 03:03,4,+23.7,+25.5,+11.1,+35.0,+24.0,+31.3,+19.0,+19.3,+19.3,+19.5,+19.5,+19.3,+19.3
2023-09-09 04:03,4,+23.7,+25.5,+11.0,+35.1,+24.0,+31.3,+18.8,+19.3,+19.3,+19.5,+19.5,+19.3,+19.3
2023-09-09 05:03,4,+23.6,+25.5,+11.0,+35.0,+23.9,+31.2,+18.8,+19.3,+19.3,+19.3,+19.5,+19.3,+19.3
2023-09-09 06:03,4,+23.6,+25.5,+11.0,+35.1,+24.0,+31.2,+18.8,+19.3,+19.3,+19.3,+19.5,+19.3,+19.5
2023-09-09 07:03,4,+23.6,+25.4,+11.0,+35.1,+23.9,+31.2,+18.8,+19.2,+19.3,+19.3,+19.5,+19.3,+19.5
2023-09-09 08:03,4,+23.6,+25.4,+10.9,+34.9,+23.9,+31.2,+18.8,+19.2,+19.3,+19.3,+19.5,+19.3,+19.3
2023-09-09 09:03,4,+23.5,+25.3,+10.9,+35.0,+23.9,+31.2,+19.0,+19.2,+19.3,+19.3,+19.5,+19.3,+19.3
2023-09-09 10:03,4,+23.5,+25.3,+10.9,+34.9,+23.9,+31.1,+19.1,+19.2,+19.2,+19.3,+19.5,+19.3,+19.5
2023-09-09 11:03,4,+23.5,+25.3,+10.8,+34.9,+23.9,+31.1,+19.2,+19.2,+19.2,+19.3,+19.5,+19.3,+19.5
2023-09-09 12:03,4,+23.5,+25.3,+10.8,+34.9,+23.9,+31.1,+19.6,+19.3,+19.3,+19.3,+19.5,+19.3,+19.3
2023-09-09 13:03,4,+23.5,+25.3,+10.8,+34.9,+23.9,+31.1,+19.6,+19.3,+19.3,+19.3,+19.5,+19.3,+19.3
2023-09-09 14:03,4,+23.5,+25.3,+10.8,+34.9,+23.8,+31.1,+19.5,+19.5,+19.3,+19.3,+19.5,+19.3,+19.3
2023-09-09 15:03,4,+23.5,+25.3,+10.8,+35.0,+23.9,+31.1,+19.6,+19.5,+19.3,+19.3,+19.5,+19.3,+19.3
2023-09-09 16:03,4,+23.5,+25.3,+10.7,+34.9,+23.9,+31.1,+19.5,+19.5,+19.3,+19.3,+19.5,+19.3,+19.5
2023-09-09 17:03,4,+23.6,+25.3,+10.7,+34.8,+23.8,+31.0,+19.5,+19.5,+19.2,+19.3,+19.5,+19.3,+19.3
2023-09-09 18:03,4,+23.7,+25.3,+10.7,+34.9,+23.8,+31.1,+19.5,+19.5,+19.3,+19.3,+19.5,+19.3,+19.5
2023-09-09 19:03,4,+23.7,+25.3,+10.7,+34.9,+23.8,+31.0,+19.3,+19.5,+19.3,+19.3,+19.3,+19.3,+19.3
2023-09-09 20:03,4,+23.6,+25.3,+10.7,+34.8,+23.8,+31.0,+19.2,+19.5,+19.3,+19.3,+19.5,+19.3,+19.3
2023-09-09 21:03,4,+23.5,+25.3,+10.7,+34.8,+23.8,+31.0,+19.1,+19.3,+19.3,+19.3,+19.5,+19.3,+19.3
2023-09-09 22:03,4,+23.5,+25.3,+10.7,+34.9,+23.8,+31.0,+19.0,+19.5,+19.3,+19.3,+19.5,+19.3,+19.3
2023-09-09 23:03,4,+23.5,+25.2,+10.7,+34.8,+23.7,+31.0,+19.0,+19.3,+19.3,+19.3,+19.5,+19.3,+19.3
2023-09-10 00:03,4,+23.5,+25.2,+10.7,+34.8,+23.7,+31.0,+18.8,+19.3,+19.3,+19.3,+19.5,+19.3,+19.3
2023-09-10 01:03,4,+23.4,+25.2,+10.6,+34.8,+23.7,+30.9,+18.7,+19.3,+19.3,+19.3,+19.5,+19.3,+19.3
2023-09-10 02:03,4,+23.3,+25.2,+10.6,+34.8,+23.7,+30.9,+18.7,+19.3,+19.3,+19.3,+19.3,+19.3,+19.3
2023-09-10 03:03,4,+23.3,+25.2,+10.6,+34.9,+23.7,+30.9,+18.7,+19.3,+19.3,+19.3,+19.5,+19.3,+19.3
2023-09-10 04:03,4,+23.3,+25.2,+10.6,+34.9,+23.8,+30.9,+18.6,+19.2,+19.3,+19.3,+19.5,+19.3,+19.5
2023-09-10 05:03,4,+23.2,+25.2,+10.6,+34.9,+23.8,+30.9,+18.6,+19.2,+19.3,+19.3,+19.5,+19.3,+19.3
2023-09-10 06:03,4,+23.2,+25.2,+10.6,+34.7,+23.7,+30.9,+18.5,+19.1,+19.2,+19.3,+19.5,+19.3,+19.3
2023-09-10 07:03,4,+23.2,+25.2,+10.6,+34.9,+23.7,+30.9,+18.6,+19.1,+19.2,+19.3,+19.5,+19.3,+19.3
2023-09-10 08:03,4,+23.2,+25.2,+10.6,+34.7,+23.7,+30.9,+18.7,+19.1,+19.3,+19.3,+19.5,+19.3,+19.3
2023-09-10 09:03,4,+23.1,+25.2,+10.6,+34.8,+23.7,+30.9,+18.8,+19.1,+19.2,+19.3,+19.5,+19.3,+19.3
2023-09-10 10:03,4,+23.1,+25.2,+10.5,+34.7,+23.7,+30.9,+19.0,+19.1,+19.2,+19.3,+19.5,+19.3,+19.3
2023-09-10 11:03,4,+23.1,+25.2,+10.5,+34.7,+23.7,+30.8,+19.2,+19.1,+19.2,+19.3,+19.5,+19.3,+19.3
2023-09-10 12:03,4,+23.1,+25.2,+10.5,+34.8,+23.7,+30.9,+19.3,+19.2,+19.2,+19.3,+19.5,+19.3,+19.3
2023-09-10 13:03,4,+23.1,+25.4,+10.5,+34.7,+23.7,+30.8,+19.5,+19.2,+19.2,+19.2,+19.5,+19.3,+19.3
2023-09-10 14:03,4,+23.0,+25.1,+10.5,+34.8,+23.7,+30.9,+19.5,+19.3,+19.2,+19.3,+19.5,+19.3,+19.3
2023-09-10 15:03,4,+23.0,+25.1,+10.5,+34.8,+23.7,+30.9,+19.5,+19.3,+19.2,+19.3,+19.3,+19.3,+19.3
2023-09-10 16:03,4,+23.0,+25.0,+10.5,+34.7,+23.6,+30.8,+19.5,+19.3,+19.1,+19.3,+19.5,+19.3,+19.5
2023-09-10 17:03,4,+23.0,+25.0,+10.5,+34.7,+23.6,+30.8,+19.5,+19.3,+19.2,+19.2,+19.3,+19.3,+19.3
2023-09-10 18:03,4,+22.9,+25.0,+10.5,+34.7,+23.6,+30.8,+19.3,+19.3,+19.2,+19.3,+19.5,+19.3,+19.3
2023-09-10 19:03,4,+22.9,+25.0,+10.5,+34.7,+23.6,+30.8,+19.3,+19.3,+19.2,+19.3,+19.3,+19.3,+19.5
2023-09-10 20:03,4,+22.9,+25.0,+10.4,+34.8,+23.7,+30.8,+19.2,+19.3,+19.2,+19.3,+19.5,+19.3,+19.3
2023-09-10 21:03,4,+22.9,+25.0,+10.4,+34.7,+23.6,+30.8,+19.1,+19.3,+19.2,+19.3,+19.5,+19.3,+19.3
2023-09-10 22:03,4,+23.0,+25.0,+10.4,+34.7,+23.6,+30.8,+19.0,+19.3,+19.2,+19.2,+19.5,+19.3,+19.3
2023-09-10 23:03,4,+22.6,+25.0,+10.4,+34.8,+23.6,+30.8,+19.0,+19.3,+19.2,+19.2,+19.3,+19.3,+19.3
2023-09-11 00:03,4,+23.0,+25.0,+10.4,+34.7,+23.6,+30.8,+19.0,+19.3,+19.2,+19.2,+19.3,+19.3,+19.3
2023-09-11 01:03,4,+23.2,+25.0,+10.4,+34.7,+23.7,+30.8,+18.8,+19.3,+19.2,+19.3,+19.3,+19.2,+19.3
2023-09-11 02:03,4,+22.3,+25.0,+10.4,+34.8,+23.6,+30.8,+18.7,+19.2,+19.2,+19.3,+19.3,+19.3,+19.3
2023-09-11 03:03,4,+22.3,+25.0,+10.4,+34.8,+23.6,+30.8,+18.7,+19.3,+19.2,+19.3,+19.3,+19.3,+19.3
2023-09-11 04:03,4,+22.3,+25.0,+10.4,+34.7,+23.6,+30.8,+18.7,+19.2,+19.3,+19.3,+19.5,+19.3,+19.3
2023-09-11 05:03,4,+22.3,+25.0,+10.4,+34.7,+23.6,+30.8,+18.6,+19.2,+19.2,+19.3,+19.3,+19.2,+19.3
2023-09-11 06:03,4,+22.6,+25.0,+10.4,+34.7,+23.6,+30.8,+18.6,+19.2,+19.2,+19.3,+19.3,+19.2,+19.3
2023-09-11 07:03,4,+22.2,+25.0,+10.4,+34.7,+23.6,+30.8,+18.5,+19.1,+19.2,+19.3,+19.3,+19.3,+19.3
2023-09-11 08:03,4,+22.2,+24.9,+10.4,+34.7,+23.6,+30.8,+18.6,+19.1,+19.2,+19.3,+19.3,+19.3,+19.3
2023-09-11 09:03,4,+22.1,+24.9,+10.4,+34.7,+23.6,+30.7,+18.7,+19.1,+19.2,+19.3,+19.5,+19.2,+19.3
2023-09-11 10:03,4,+22.1,+24.9,+10.4,+34.7,+23.6,+30.7,+18.8,+19.1,+19.2,+19.3,+19.3,+19.2,+19.3
2023-09-11 11:03,4,+22.1,+24.9,+10.4,+34.7,+23.6,+30.7,+19.2,+19.1,+19.2,+19.3,+19.3,+19.3,+19.3
2023-09-11 12:03,4,+22.1,+24.9,+10.4,+34.6,+23.5,+30.7,+19.5,+19.1,+19.2,+19.2,+19.3,+19.3,+19.3
2023-09-11 13:03,4,+22.1,+24.9,+10.4,+34.7,+23.6,+30.7,+19.5,+19.2,+19.1,+19.2,+19.3,+19.2,+19.3
2023-09-11 14:03,4,+22.1,+24.9,+10.4,+34.6,+23.5,+30.7,+19.6,+19.2,+19.2,+19.3,+19.3,+19.2,+19.3
2023-09-11 15:03,4,+34.5,+35.1,+18.6,+41.6,+24.9,+30.8,+19.6,+19.6,+19.3,+19.2,+19.3,+19.2,+19.3
2023-09-11 16:03,4,+29.5,+29.0,+14.2,+41.1,+26.7,+34.2,+19.5,+19.3,+19.2,+19.2,+19.3,+19.2,+19.3
2023-09-11 17:03,4,+27.4,+27.2,+12.8,+37.4,+25.4,+33.6,+19.5,+19.5,+19.2,+19.2,+19.3,+19.2,+19.3
2023-09-11 18:03,4,+26.5,+26.8,+12.3,+36.7,+25.0,+33.0,+19.5,+19.5,+19.2,+19.2,+19.3,+19.2,+19.3
2023-09-11 19:03,4,+26.1,+26.6,+12.0,+36.3,+24.8,+32.5,+19.5,+19.5,+19.2,+19.2,+19.3,+19.2,+19.3
2023-09-11 20:03,4,+25.9,+26.5,+11.9,+36.1,+24.6,+32.3,+19.3,+19.5,+19.2,+19.2,+19.3,+19.2,+19.3
2023-09-11 21:03,4,+25.8,+26.4,+11.7,+35.8,+24.5,+32.1,+19.3,+19.5,+19.2,+19.2,+19.3,+19.3,+19.3
2023-09-11 22:03,4,+25.6,+26.3,+11.7,+35.7,+24.4,+31.9,+19.3,+19.3,+19.2,+19.3,+19.3,+19.2,+19.3
2023-09-11 23:03,4,+25.8,+26.3,+11.6,+35.6,+24.4,+31.8,+19.3,+19.3,+19.2,+19.2,+19.3,+19.2,+19.3
2023-09-12 00:03,4,+25.7,+26.2,+11.5,+35.7,+24.4,+31.8,+19.3,+19.5,+19.3,+19.2,+19.3,+19.2,+19.3
2023-09-12 01:03,4,+25.6,+26.2,+11.4,+35.6,+24.3,+31.7,+19.2,+19.3,+19.3,+19.2,+19.3,+19.2,+19.3
2023-09-12 02:03,4,+25.6,+26.4,+11.4,+35.5,+24.2,+31.6,+19.2,+19.3,+19.2,+19.2,+19.3,+19.2,+19.3
2023-09-12 03:03,4,+25.5,+26.4,+11.4,+35.5,+24.2,+31.6,+19.1,+19.3,+19.2,+19.2,+19.3,+19.2,+19.3
2023-09-12 04:03,4,+25.4,+26.3,+11.3,+35.5,+24.2,+31.6,+19.0,+19.3,+19.3,+19.3,+19.3,+19.2,+19.3
2023-09-12 05:03,4,+25.4,+26.3,+11.3,+35.5,+24.2,+31.5,+18.8,+19.3,+19.3,+19.3,+19.3,+19.2,+19.3
2023-09-12 06:03,4,+25.3,+26.3,+11.3,+35.5,+24.2,+31.5,+18.8,+19.3,+19.3,+19.2,+19.5,+19.2,+19.2
2023-09-12 07:03,4,+25.2,+26.2,+11.2,+35.4,+24.1,+31.4,+18.8,+19.3,+19.2,+19.3,+19.3,+19.2,+19.2
2023-09-12 08:03,4,+25.2,+26.2,+11.2,+35.3,+24.1,+31.4,+18.8,+19.2,+19.3,+19.2,+19.3,+19.2,+19.3
2023-09-12 09:03,4,+25.2,+26.2,+11.2,+35.4,+24.1,+31.4,+19.1,+19.2,+19.3,+19.3,+19.3,+19.2,+19.3
2023-09-12 10:03,4,+25.1,+26.2,+11.2,+35.4,+24.1,+31.4,+19.2,+19.3,+19.2,+19.2,+19.3,+19.3,+19.3
2023-09-12 11:03,4,+25.0,+26.2,+11.2,+35.3,+24.0,+31.3,+19.5,+19.2,+19.2,+19.2,+19.3,+19.2,+19.3
2023-09-12 12:03,4,+25.0,+26.2,+11.2,+35.3,+24.0,+31.3,+19.6,+19.3,+19.2,+19.3,+19.3,+19.3,+19.3
2023-09-12 13:03,4,+25.0,+26.1,+11.1,+35.3,+24.0,+31.3,+19.7,+19.3,+19.2,+19.2,+19.3,+19.2,+19.2
2023-09-12 14:03,4,+25.0,+26.1,+11.1,+35.3,+24.0,+31.3,+19.8,+19.5,+19.2,+19.3,+19.3,+19.3,+19.3
2023-09-12 15:03,4,+24.9,+26.1,+11.1,+35.2,+24.0,+31.3,+19.8,+19.5,+19.2,+19.3,+19.3,+19.2,+19.3
2023-09-12 16:03,4,+24.9,+26.2,+11.1,+35.3,+24.0,+31.3,+19.8,+19.6,+19.3,+19.3,+19.3,+19.2,+19.2
2023-09-12 17:03,4,+25.2,+26.0,+11.0,+35.3,+24.0,+31.2,+19.8,+19.6,+19.3,+19.3,+19.3,+19.2,+19.2
2023-09-12 18:03,4,+25.3,+26.1,+11.0,+35.3,+24.0,+31.2,+19.7,+19.6,+19.3,+19.2,+19.3,+19.2,+19.3
2023-09-12 19:03,4,+25.3,+26.2,+11.0,+35.1,+23.9,+31.2,+19.7,+19.7,+19.3,+19.3,+19.3,+19.2,+19.3
2023-09-12 20:03,4,+25.2,+26.3,+11.0,+35.1,+23.9,+31.1,+19.6,+19.6,+19.3,+19.3,+19.3,+19.2,+19.3
2023-09-12 21:03,4,+25.2,+26.5,+11.0,+35.2,+24.0,+31.2,+19.5,+19.6,+19.3,+19.3,+19.5,+19.3,+19.3
2023-09-12 22:03,4,+25.9,+26.5,+11.0,+35.1,+23.9,+31.1,+19.3,+19.6,+19.3,+19.3,+19.3,+19.2,+19.3
2023-09-12 23:03,4,+25.4,+26.7,+11.0,+35.2,+23.9,+31.1,+19.3,+19.6,+19.5,+19.3,+19.5,+19.2,+19.3
2023-09-13 00:03,4,+25.4,+26.7,+10.9,+35.1,+23.9,+31.1,+19.2,+19.6,+19.3,+19.3,+19.3,+19.2,+19.3
2023-09-13 01:03,4,+25.4,+26.7,+10.9,+35.1,+23.9,+31.1,+19.2,+19.6,+19.5,+19.3,+19.3,+19.2,+19.3
2023-09-13 02:03,4,+25.2,+26.7,+10.9,+35.2,+23.9,+31.1,+19.1,+19.5,+19.5,+19.3,+19.3,+19.2,+19.2
2023-09-13 03:03,4,+25.2,+26.7,+10.9,+35.2,+23.9,+31.1,+18.8,+19.5,+19.5,+19.3,+19.5,+19.2,+19.2
2023-09-13 04:03,4,+25.1,+26.7,+10.9,+35.1,+23.9,+31.1,+18.8,+19.5,+19.3,+19.3,+19.5,+19.2,+19.3
2023-09-13 05:03,4,+25.1,+26.6,+10.9,+35.1,+23.9,+31.0,+18.8,+19.3,+19.3,+19.3,+19.3,+19.2,+19.3
2023-09-13 06:03,4,+25.0,+26.6,+10.9,+35.0,+23.8,+31.0,+18.7,+19.3,+19.3,+19.3,+19.3,+19.3,+19.3
2023-09-13 07:03,4,+25.0,+26.5,+10.9,+35.1,+23.9,+31.1,+18.7,+19.3,+19.3,+19.3,+19.5,+19.2,+19.3
2023-09-13 08:03,4,+25.0,+26.5,+10.9,+35.1,+23.9,+31.1,+18.8,+19.2,+19.3,+19.3,+19.3,+19.2,+19.3
2023-09-13 09:03,4,+25.0,+26.5,+10.9,+35.1,+23.9,+31.0,+19.0,+19.2,+19.3,+19.3,+19.5,+19.3,+19.3
2023-09-13 10:03,4,+25.1,+26.5,+10.8,+35.0,+23.8,+31.0,+19.1,+19.3,+19.3,+19.3,+19.5,+19.3,+19.3
2023-09-13 11:03,4,+25.1,+26.5,+10.9,+35.0,+23.8,+31.0,+19.3,+19.3,+19.3,+19.3,+19.3,+19.2,+19.3
2023-09-13 12:03,4,+25.0,+26.6,+10.8,+35.1,+23.8,+31.0,+19.6,+19.3,+19.3,+19.3,+19.3,+19.3,+19.3
2023-09-13 13:03,4,+25.1,+26.6,+10.8,+35.1,+23.8,+31.0,+19.7,+19.3,+19.3,+19.3,+19.3,+19.2,+19.3
2023-09-13 14:03,4,+25.0,+27.0,+10.8,+35.1,+23.8,+31.0,+19.8,+19.3,+19.2,+19.2,+19.5,+19.2,+19.3
2023-09-13 15:03,4,+25.0,+27.1,+10.8,+35.0,+23.8,+30.9,+20.0,+19.5,+19.3,+19.3,+19.5,+19.3,+19.3
2023-09-13 16:03,4,+25.0,+27.1,+10.8,+35.1,+23.8,+31.0,+20.0,+19.6,+19.3,+19.3,+19.3,+19.2,+19.3
2023-09-13 17:03,4,+25.0,+27.3,+10.8,+35.1,+23.8,+30.9,+20.0,+19.6,+19.3,+19.3,+19.3,+19.3,+19.2
2023-09-13 18:03,4,+25.0,+27.2,+10.8,+35.0,+23.7,+30.9,+19.8,+19.6,+19.3,+19.3,+19.3,+19.2,+19.3
2023-09-13 19:03,4,+25.0,+27.2,+10.8,+35.0,+23.7,+30.9,+19.8,+19.6,+19.3,+19.3,+19.3,+19.3,+19.3
2023-09-13 20:03,4,+25.0,+27.2,+10.8,+35.1,+23.8,+30.9,+19.8,+19.7,+19.3,+19.3,+19.5,+19.2,+19.3
2023-09-13 21:03,4,+24.9,+27.2,+10.8,+35.1,+23.8,+30.9,+19.8,+19.7,+19.3,+19.3,+19.3,+19.3,+19.2
2023-09-13 22:03,4,+24.9,+27.2,+10.7,+34.9,+23.7,+30.9,+19.7,+19.6,+19.3,+19.3,+19.3,+19.3,+19.3
2023-09-13 23:03,4,+24.8,+27.2,+10.7,+35.1,+23.8,+30.9,+19.6,+19.7,+19.5,+19.3,+19.5,+19.2,+19.3
2023-09-14 00:03,4,+24.8,+27.2,+10.7,+35.1,+23.8,+30.9,+19.5,+19.7,+19.5,+19.3,+19.3,+19.3,+19.3
2023-09-14 01:03,4,+24.7,+27.2,+10.7,+35.0,+23.8,+30.9,+19.3,+19.6,+19.5,+19.3,+19.3,+19.2,+19.3
2023-09-14 02:03,4,+24.7,+27.2,+10.7,+34.9,+23.7,+30.9,+19.3,+19.7,+19.5,+19.3,+19.5,+19.2,+19.2
2023-09-14 03:03,4,+24.7,+27.3,+10.7,+34.9,+23.7,+30.9,+19.2,+19.6,+19.5,+19.3,+19.3,+19.2,+19.3
2023-09-14 04:03,4,+24.7,+27.4,+10.7,+34.9,+23.7,+30.9,+19.2,+19.6,+19.5,+19.3,+19.5,+19.3,+19.3
2023-09-14 05:03,4,+24.7,+27.9,+10.7,+34.9,+23.7,+30.8,+19.1,+19.5,+19.5,+19.3,+19.5,+19.2,+19.2
2023-09-14 06:03,4,+24.7,+27.9,+10.7,+35.0,+23.7,+30.9,+19.1,+19.5,+19.5,+19.3,+19.5,+19.2,+19.3
2023-09-14 07:03,4,+24.6,+27.9,+10.7,+34.9,+23.7,+30.9,+19.1,+19.5,+19.5,+19.3,+19.3,+19.3,+19.3
2023-09-14 08:03,4,+24.6,+27.9,+10.7,+34.9,+23.7,+30.8,+19.1,+19.5,+19.3,+19.3,+19.5,+19.3,+19.2
2023-09-14 09:03,4,+24.6,+27.9,+10.7,+35.0,+23.7,+30.9,+19.3,+19.5,+19.5,+19.3,+19.5,+19.2,+19.3
2023-09-14 10:03,4,+24.6,+27.9,+10.7,+34.9,+23.7,+30.8,+19.5,+19.5,+19.3,+19.3,+19.5,+19.2,+19.2
2023-09-14 11:03,4,+24.6,+27.9,+10.7,+35.0,+23.7,+30.8,+19.7,+19.5,+19.5,+19.5,+19.5,+19.3,+19.3
2023-09-14 12:03,4,+24.4,+27.9,+10.7,+34.9,+23.7,+30.8,+19.8,+19.6,+19.3,+19.3,+19.5,+19.3,+19.3
2023-09-14 13:03,4,+24.3,+27.9,+10.7,+34.9,+23.7,+30.8,+20.0,+19.6,+19.3,+19.3,+19.5,+19.3,+19.3
2023-09-14 14:03,4,+24.3,+27.9,+10.7,+34.9,+23.7,+30.8,+20.1,+19.6,+19.5,+19.3,+19.5,+19.3,+19.3
2023-09-14 15:03,4,+24.3,+27.9,+10.7,+34.9,+23.7,+30.8,+20.2,+19.6,+19.3,+19.3,+19.3,+19.2,+19.2
2023-09-14 16:03,4,+24.3,+27.9,+10.6,+34.9,+23.7,+30.8,+20.1,+19.7,+19.3,+19.5,+19.5,+19.3,+19.2
2023-09-14 17:03,4,+24.3,+27.9,+10.7,+35.0,+23.7,+30.8,+20.1,+19.8,+19.5,+19.3,+19.5,+19.2,+19.3
2023-09-14 18:03,4,+24.3,+27.9,+10.7,+34.9,+23.7,+30.8,+20.0,+19.8,+19.5,+19.3,+19.5,+19.3,+19.3
2023-09-14 19:03,4,+24.3,+27.9,+10.6,+34.9,+23.6,+30.8,+20.0,+19.8,+19.5,+19.5,+19.3,+19.3,+19.3
2023-09-14 20:03,4,+24.3,+27.9,+10.6,+35.0,+23.7,+30.8,+20.0,+19.8,+19.5,+19.5,+19.5,+19.2,+19.3
2023-09-14 21:03,4,+24.5,+27.9,+10.6,+34.9,+23.6,+30.8,+19.8,+19.8,+19.5,+19.3,+19.5,+19.3,+19.3
2023-09-14 22:03,4,+26.9,+27.9,+10.7,+35.0,+23.7,+30.8,+19.8,+19.8,+19.5,+19.3,+19.5,+19.3,+19.3
2023-09-14 23:03,4,+26.2,+27.9,+10.6,+35.0,+23.7,+30.8,+19.7,+19.8,+19.6,+19.5,+19.5,+19.3,+19.3
2023-09-15 00:03,4,+25.9,+27.9,+10.6,+35.0,+23.7,+30.8,+19.7,+19.8,+19.5,+19.5,+19.5,+19.3,+19.3
2023-09-15 01:03,4,+25.7,+27.9,+10.6,+34.9,+23.7,+30.8,+19.6,+19.8,+19.6,+19.5,+19.5,+19.3,+19.3
2023-09-15 02:03,4,+25.5,+27.9,+10.6,+34.9,+23.6,+30.7,+19.5,+19.8,+19.6,+19.5,+19.5,+19.3,+19.3
2023-09-15 03:03,4,+25.4,+27.9,+10.6,+34.9,+23.6,+30.7,+19.5,+19.7,+19.6,+19.5,+19.5,+19.2,+19.3
2023-09-15 04:03,4,+25.3,+27.9,+10.6,+34.9,+23.7,+30.8,+19.3,+19.7,+19.6,+19.5,+19.5,+19.3,+19.3
2023-09-15 05:03,4,+25.2,+27.9,+10.6,+34.9,+23.7,+30.8,+19.3,+19.7,+19.6,+19.5,+19.5,+19.3,+19.3
2023-09-15 06:03,4,+25.2,+27.9,+10.6,+34.9,+23.7,+30.7,+19.2,+19.7,+19.6,+19.5,+19.5,+19.3,+19.3
2023-09-15 07:03,4,+25.1,+27.9,+10.6,+34.8,+23.6,+30.7,+19.1,+19.6,+19.6,+19.5,+19.5,+19.3,+19.3
2023-09-15 08:03,4,+25.0,+27.9,+10.6,+34.9,+23.7,+30.7,+19.1,+19.6,+19.6,+19.5,+19.5,+19.3,+19.3
2023-09-15 09:03,4,+25.0,+27.9,+10.6,+34.8,+23.6,+30.7,+19.2,+19.5,+19.5,+19.5,+19.5,+19.3,+19.3
2023-09-15 10:03,4,+25.0,+27.9,+10.6,+34.8,+23.6,+30.7,+19.3,+19.6,+19.6,+19.5,+19.5,+19.3,+19.3
2023-09-15 11:03,4,+24.9,+27.9,+10.6,+34.9,+23.7,+30.7,+19.5,+19.6,+19.5,+19.5,+19.5,+19.3,+19.3
2023-09-15 12:03,4,+24.9,+27.9,+10.6,+34.9,+23.7,+30.7,+19.6,+19.6,+19.6,+19.5,+19.5,+19.3,+19.3
2023-09-15 13:03,4,+24.8,+27.9,+10.5,+34.9,+23.7,+30.7,+19.7,+19.6,+19.5,+19.5,+19.5,+19.3,+19.3
2023-09-15 14:03,4,+24.8,+27.9,+10.6,+34.8,+23.6,+30.7,+19.8,+19.6,+19.5,+19.5,+19.5,+19.3,+19.3
2023-09-15 15:03,4,+25.0,+27.9,+10.6,+34.8,+23.6,+30.7,+19.8,+19.7,+19.5,+19.5,+19.5,+19.3,+19.3
2023-09-15 16:03,4,+25.0,+27.9,+10.5,+34.8,+23.6,+30.7,+19.8,+19.7,+19.5,+19.5,+19.5,+19.3,+19.3
2023-09-15 17:03,4,+25.0,+27.9,+10.5,+34.9,+23.6,+30.7,+19.7,+19.7,+19.5,+19.5,+19.5,+19.3,+19.3
2023-09-15 18:03,4,+24.9,+27.9,+10.5,+34.8,+23.6,+30.7,+19.6,+19.7,+19.5,+19.5,+19.5,+19.3,+19.3
2023-09-15 19:03,4,+24.9,+27.9,+10.5,+34.8,+23.6,+30.7,+19.6,+19.7,+19.5,+19.5,+19.5,+19.3,+19.3
2023-09-15 20:03,4,+24.9,+27.9,+10.5,+34.8,+23.6,+30.7,+19.5,+19.7,+19.6,+19.5,+19.5,+19.3,+19.3
2023-09-15 21:03,4,+24.8,+27.9,+10.5,+34.8,+23.6,+30.7,+19.5,+19.7,+19.5,+19.5,+19.5,+19.3,+19.3
2023-09-15 22:03,4,+24.8,+27.9,+10.5,+34.8,+23.6,+30.6,+19.3,+19.6,+19.5,+19.5,+19.5,+19.3,+19.3
2023-09-15 23:03,4,+24.7,+27.9,+10.5,+34.8,+23.6,+30.6,+19.3,+19.6,+19.5,+19.5,+19.5,+19.3,+19.3
2023-09-16 00:03,4,+24.7,+27.9,+10.5,+34.9,+23.6,+30.7,+19.2,+19.6,+19.5,+19.5,+19.5,+19.3,+19.3
2023-09-16 01:03,4,+24.7,+27.9,+10.5,+34.9,+23.6,+30.7,+19.2,+19.6,+19.5,+19.5,+19.5,+19.3,+19.3
2023-09-16 02:03,4,+24.7,+27.9,+10.5,+34.8,+23.6,+30.6,+19.2,+19.6,+19.5,+19.5,+19.5,+19.3,+19.3
2023-09-16 03:03,4,+24.6,+27.9,+10.5,+34.8,+23.6,+30.6,+19.1,+19.6,+19.5,+19.5,+19.5,+19.3,+19.3
2023-09-16 04:03,4,+24.6,+27.9,+10.5,+34.9,+23.6,+30.6,+19.1,+19.5,+19.5,+19.5,+19.5,+19.3,+19.3
2023-09-16 05:03,4,+24.6,+27.9,+10.5,+34.8,+23.6,+30.6,+19.1,+19.5,+19.5,+19.5,+19.5,+19.3,+19.3
2023-09-16 06:03,4,+24.6,+27.9,+10.5,+34.9,+23.6,+30.7,+19.1,+19.5,+19.5,+19.5,+19.5,+19.3,+19.3
2023-09-16 07:03,4,+24.5,+27.9,+10.5,+34.9,+23.6,+30.7,+19.0,+19.5,+19.5,+19.5,+19.5,+19.3,+19.3
2023-09-16 08:03,4,+24.5,+27.9,+10.5,+34.8,+23.6,+30.6,+19.1,+19.5,+19.5,+19.5,+19.5,+19.3,+19.3
2023-09-16 09:03,4,+24.5,+27.9,+10.5,+34.9,+23.6,+30.6,+19.1,+19.5,+19.5,+19.5,+19.5,+19.3,+19.3
2023-09-16 10:03,4,+24.5,+27.9,+10.5,+34.9,+23.6,+30.6,+19.2,+19.3,+19.5,+19.5,+19.5,+19.3,+19.3
2023-09-16 11:03,4,+24.5,+27.9,+10.5,+34.8,+23.6,+30.6,+19.3,+19.3,+19.5,+19.5,+19.5,+19.2,+19.3
2023-09-16 12:03,4,+24.5,+27.9,+10.5,+34.8,+23.5,+30.6,+19.5,+19.5,+19.3,+19.5,+19.5,+19.3,+19.3
2023-09-16 13:03,4,+24.5,+27.9,+10.5,+34.8,+23.5,+30.6,+19.5,+19.5,+19.3,+19.5,+19.5,+19.3,+19.3
2023-09-16 14:03,4,+24.4,+27.9,+10.5,+34.9,+23.6,+30.6,+19.5,+19.5,+19.3,+19.3,+19.5,+19.3,+19.3
2023-09-16 15:03,4,+24.4,+27.8,+10.5,+34.8,+23.5,+30.6,+19.5,+19.5,+19.3,+19.5,+19.5,+19.3,+19.3
2023-09-16 16:03,4,+24.4,+27.8,+10.5,+34.9,+23.6,+30.6,+19.5,+19.5,+19.3,+19.3,+19.5,+19.3,+19.3
2023-09-16 17:03,4,+24.5,+27.8,+10.5,+34.9,+23.6,+30.6,+19.5,+19.5,+19.3,+19.5,+19.5,+19.3,+19.3
2023-09-16 18:03,4,+32.6,+33.6,+15.0,+34.9,+23.6,+30.6,+19.1,+19.5,+19.3,+19.3,+19.5,+19.3,+19.3
2023-09-16 19:03,4,+28.6,+30.2,+13.3,+36.4,+23.7,+30.6,+19.0,+19.3,+19.2,+19.3,+19.5,+19.3,+19.3
2023-09-16 20:03,4,+27.4,+29.4,+12.9,+37.1,+24.0,+30.7,+19.1,+19.3,+19.3,+19.3,+19.5,+19.3,+19.3
2023-09-16 21:03,4,+26.8,+29.2,+12.5,+36.6,+24.4,+30.7,+19.0,+19.3,+19.3,+19.3,+19.5,+19.3,+19.3
2023-09-16 22:03,4,+26.5,+29.0,+12.2,+36.4,+24.6,+31.0,+19.0,+19.3,+19.5,+19.3,+19.5,+19.3,+19.3
2023-09-16 23:03,4,+26.2,+28.9,+12.1,+36.2,+24.6,+31.3,+19.0,+19.3,+19.3,+19.3,+19.5,+19.3,+19.3
2023-09-17 00:03,4,+26.1,+28.9,+11.9,+36.1,+24.6,+31.5,+19.0,+19.3,+19.3,+19.3,+19.5,+19.3,+19.3
2023-09-17 01:03,4,+26.0,+28.8,+11.8,+35.9,+24.5,+31.6,+19.0,+19.3,+19.3,+19.3,+19.5,+19.3,+19.3
2023-09-17 02:03,4,+25.9,+28.7,+11.7,+35.8,+24.5,+31.6,+19.0,+19.3,+19.3,+19.3,+19.5,+19.3,+19.3
2023-09-17 03:03,4,+25.8,+28.7,+11.7,+35.7,+24.4,+31.6,+19.0,+19.3,+19.3,+19.3,+19.5,+19.3,+19.3
2023-09-17 04:03,4,+25.7,+28.6,+11.6,+35.8,+24.4,+31.6,+19.0,+19.2,+19.3,+19.3,+19.5,+19.3,+19.3
2023-09-17 05:03,4,+25.7,+28.6,+11.6,+35.7,+24.4,+31.6,+19.0,+19.2,+19.3,+19.3,+19.5,+19.3,+19.3
2023-09-17 06:03,4,+25.6,+28.6,+11.5,+35.7,+24.4,+31.6,+19.0,+19.2,+19.2,+19.3,+19.5,+19.3,+19.3
2023-09-17 07:03,4,+25.6,+28.5,+11.5,+35.6,+24.4,+31.6,+19.0,+19.2,+19.3,+19.3,+19.5,+19.3,+19.3
2023-09-17 08:03,4,+25.5,+28.5,+11.4,+35.6,+24.3,+31.6,+19.0,+19.2,+19.3,+19.3,+19.5,+19.3,+19.3
2023-09-17 09:03,4,+25.5,+28.5,+11.4,+35.6,+24.3,+31.5,+19.1,+19.3,+19.3,+19.3,+19.5,+19.3,+19.3
2023-09-17 10:03,4,+25.4,+28.5,+11.4,+35.6,+24.3,+31.5,+19.1,+19.2,+19.2,+19.3,+19.5,+19.3,+19.3
2023-09-17 11:03,4,+25.4,+28.4,+11.4,+35.4,+24.2,+31.5,+19.3,+19.2,+19.2,+19.3,+19.5,+19.3,+19.3
2023-09-17 12:03,4,+25.4,+28.4,+11.4,+35.4,+24.2,+31.5,+19.5,+19.3,+19.3,+19.3,+19.5,+19.3,+19.3
2023-09-17 13:03,4,+25.4,+28.4,+11.3,+35.5,+24.2,+31.5,+19.5,+19.3,+19.2,+19.3,+19.3,+19.3,+19.3
2023-09-17 14:03,4,+32.5,+33.2,+16.8,+41.3,+25.1,+31.5,+19.3,+19.3,+19.2,+19.2,+19.3,+19.2,+19.3
2023-09-17 15:03,4,+32.7,+33.8,+16.8,+41.4,+26.4,+33.6,+19.1,+19.3,+19.2,+19.3,+19.3,+19.2,+19.3
2023-09-17 16:03,4,+31.5,+32.7,+15.2,+41.3,+26.4,+33.8,+19.1,+19.3,+19.2,+19.3,+19.3,+19.3,+19.3
2023-09-17 17:03,4,+29.2,+30.1,+13.5,+38.3,+25.7,+33.7,+19.0,+19.3,+19.2,+19.3,+19.3,+19.3,+19.3
2023-09-17 18:03,4,+28.6,+29.6,+12.8,+37.2,+25.3,+33.3,+19.0,+19.3,+19.2,+19.3,+19.5,+19.2,+19.3
2023-09-17 19:03,4,+28.0,+29.4,+12.5,+36.5,+25.0,+32.8,+19.0,+19.3,+19.2,+19.3,+19.5,+19.3,+19.3
2023-09-17 20:03,4,+27.4,+29.2,+12.3,+36.4,+24.9,+32.6,+18.8,+19.2,+19.2,+19.3,+19.3,+19.2,+19.3
2023-09-17 21:03,4,+27.0,+29.1,+12.2,+36.2,+24.8,+32.4,+18.8,+19.2,+19.2,+19.3,+19.3,+19.2,+19.3
2023-09-17 22:03,4,+26.8,+29.0,+12.1,+36.0,+24.6,+32.2,+18.7,+19.2,+19.2,+19.2,+19.5,+19.3,+19.2
2023-09-17 23:03,4,+26.6,+28.9,+11.9,+36.0,+24.6,+32.1,+18.7,+19.2,+19.3,+19.2,+19.5,+19.3,+19.3
2023-09-18 00:03,4,+26.4,+28.9,+11.9,+35.9,+24.6,+32.0,+18.7,+19.2,+19.2,+19.3,+19.3,+19.2,+19.3
2023-09-18 01:03,4,+26.3,+28.8,+11.8,+35.7,+24.5,+31.9,+18.6,+19.1,+19.2,+19.2,+19.3,+19.2,+19.3
2023-09-18 02:03,4,+26.2,+28.7,+11.8,+35.8,+24.5,+31.9,+18.6,+19.1,+19.2,+19.3,+19.5,+19.2,+19.3
2023-09-18 03:03,4,+26.1,+28.7,+11.7,+35.8,+24.4,+31.8,+18.6,+19.1,+19.2,+19.3,+19.3,+19.3,+19.3
2023-09-18 04:03,4,+26.0,+28.7,+11.7,+35.6,+24.4,+31.7,+18.5,+19.1,+19.2,+19.2,+19.5,+19.2,+19.3
2023-09-18 05:03,4,+26.0,+28.6,+11.6,+35.7,+24.4,+31.7,+18.5,+19.1,+19.2,+19.3,+19.3,+19.3,+19.3
2023-09-18 06:03,4,+25.9,+28.6,+11.6,+35.5,+24.3,+31.7,+18.3,+19.0,+19.2,+19.2,+19.3,+19.3,+19.3
2023-09-18 07:03,4,+25.8,+28.6,+11.5,+35.5,+24.3,+31.6,+18.3,+19.0,+19.1,+19.2,+19.3,+19.2,+19.3
2023-09-18 08:03,4,+25.8,+28.5,+11.5,+35.5,+24.3,+31.6,+18.3,+19.0,+19.1,+19.2,+19.3,+19.2,+19.3
2023-09-18 09:03,4,+25.8,+28.5,+11.5,+35.4,+24.2,+31.6,+18.5,+19.0,+19.2,+19.2,+19.3,+19.2,+19.3
2023-09-18 10:03,4,+25.7,+28.5,+11.4,+35.5,+24.3,+31.6,+18.5,+19.0,+19.1,+19.2,+19.3,+19.2,+19.3
2023-09-18 11:03,4,+25.7,+28.5,+11.4,+35.5,+24.2,+31.5,+18.7,+19.0,+19.1,+19.2,+19.3,+19.3,+19.2
2023-09-18 12:03,4,+25.6,+28.5,+11.4,+35.5,+24.2,+31.5,+19.0,+19.0,+19.1,+19.2,+19.3,+19.2,+19.3
2023-09-18 13:03,4,+25.6,+28.4,+11.4,+35.4,+24.2,+31.5,+19.1,+19.0,+19.1,+19.2,+19.3,+19.3,+19.3
2023-09-18 14:03,4,+25.6,+28.4,+11.4,+35.4,+24.2,+31.4,+19.2,+19.0,+19.1,+19.2,+19.3,+19.2,+19.3
2023-09-18 15:03,4,+25.5,+28.4,+11.4,+35.3,+24.2,+31.4,+19.2,+19.1,+19.1,+19.2,+19.3,+19.2,+19.3
2023-09-18 16:03,4,+25.5,+28.4,+11.3,+35.4,+24.2,+31.4,+19.2,+19.1,+19.1,+19.2,+19.3,+19.3,+19.3
2023-09-18 17:03,4,+25.5,+28.4,+11.3,+35.3,+24.1,+31.4,+19.1,+19.1,+19.1,+19.2,+19.3,+19.2,+19.3
2023-09-18 18:03,4,+25.4,+28.3,+11.3,+35.4,+24.2,+31.4,+19.1,+19.1,+19.1,+19.2,+19.3,+19.2,+19.2
2023-09-18 19:03,4,+25.4,+28.3,+11.3,+35.4,+24.2,+31.4,+19.0,+19.1,+19.1,+19.2,+19.3,+19.2,+19.3
2023-09-18 20:03,4,+25.4,+28.3,+11.2,+35.4,+24.1,+31.4,+18.8,+19.1,+19.1,+19.2,+19.3,+19.2,+19.3
2023-09-18 21:03,4,+25.3,+28.3,+11.2,+35.2,+24.1,+31.3,+18.7,+19.1,+19.1,+19.2,+19.3,+19.2,+19.3
2023-09-18 22:03,4,+25.3,+28.3,+11.2,+35.2,+24.1,+31.3,+18.7,+19.1,+19.1,+19.1,+19.3,+19.2,+19.3
2023-09-18 23:03,4,+25.3,+28.3,+11.2,+35.2,+24.1,+31.3,+18.6,+19.1,+19.1,+19.2,+19.3,+19.2,+19.3
2023-09-19 00:03,4,+25.3,+28.3,+11.2,+35.2,+24.0,+31.3,+18.5,+19.0,+19.1,+19.2,+19.3,+19.2,+19.2
2023-09-19 01:03,4,+25.2,+28.3,+11.2,+35.3,+24.1,+31.3,+18.3,+19.1,+19.1,+19.1,+19.3,+19.2,+19.3
2023-09-19 02:03,4,+25.2,+28.3,+11.1,+35.3,+24.1,+31.3,+18.3,+19.0,+19.1,+19.2,+19.3,+19.2,+19.3
2023-09-19 03:03,4,+25.2,+28.3,+11.1,+35.1,+24.0,+31.2,+18.2,+18.8,+19.1,+19.2,+19.3,+19.2,+19.2
2023-09-19 04:03,4,+25.2,+28.2,+11.1,+35.1,+24.0,+31.2,+18.2,+18.8,+19.1,+19.2,+19.3,+19.2,+19.3
2023-09-19 05:03,4,+25.1,+28.2,+11.1,+35.3,+24.0,+31.2,+18.2,+18.8,+19.1,+19.1,+19.3,+19.2,+19.2
2023-09-19 06:03,4,+25.1,+28.2,+11.1,+35.3,+24.0,+31.2,+18.2,+18.8,+19.1,+19.1,+19.3,+19.2,+19.3
2023-09-19 07:03,4,+25.1,+28.2,+11.1,+35.3,+24.1,+31.2,+18.2,+18.8,+19.0,+19.1,+19.3,+19.2,+19.3
2023-09-19 08:03,4,+25.1,+28.2,+11.0,+35.3,+24.0,+31.2,+18.3,+18.8,+19.0,+19.1,+19.3,+19.2,+19.3
2023-09-19 09:03,4,+25.1,+28.2,+11.0,+35.2,+24.0,+31.2,+18.5,+18.7,+19.0,+19.1,+19.3,+19.2,+19.3
2023-09-19 10:03,4,+25.1,+28.2,+11.0,+35.1,+24.0,+31.2,+18.6,+18.7,+19.0,+19.1,+19.3,+19.2,+19.2
2023-09-19 11:03,4,+25.0,+28.2,+11.0,+35.2,+24.0,+31.2,+18.8,+18.8,+19.0,+19.1,+19.3,+19.2,+19.3
2023-09-19 12:03,4,+25.0,+28.2,+11.0,+35.1,+23.9,+31.1,+19.1,+18.8,+18.8,+19.2,+19.2,+19.1,+19.2
2023-09-19 13:03,4,+25.0,+28.2,+11.0,+35.1,+24.0,+31.1,+19.2,+19.0,+19.0,+19.1,+19.2,+19.2,+19.3
2023-09-19 14:03,4,+25.0,+28.1,+11.0,+35.2,+24.0,+31.1,+19.3,+19.0,+18.8,+19.1,+19.3,+19.2,+19.3
2023-09-19 15:03,4,+31.4,+29.0,+12.1,+35.2,+24.0,+31.1,+19.2,+19.0,+19.0,+19.1,+19.3,+19.2,+19.2
2023-09-19 16:03,4,+32.5,+34.7,+15.6,+38.7,+24.4,+31.1,+19.1,+19.1,+19.0,+19.1,+19.2,+19.2,+19.2
2023-09-19 17:03,4,+29.5,+31.1,+12.4,+35.3,+23.9,+31.1,+19.1,+19.1,+19.0,+19.1,+19.2,+19.2,+19.2
2023-09-19 18:03,4,+28.2,+30.1,+12.4,+35.5,+24.0,+31.1,+19.1,+19.1,+19.0,+19.1,+19.2,+19.2,+19.2
2023-09-19 19:03,4,+27.8,+29.9,+12.5,+35.9,+24.2,+31.2,+19.1,+19.1,+19.0,+19.1,+19.3,+19.2,+19.2
2023-09-19 20:03,4,+29.5,+29.8,+12.4,+36.0,+24.4,+31.2,+19.0,+19.1,+19.0,+19.1,+19.3,+19.2,+19.2
2023-09-19 21:03,4,+30.6,+30.1,+12.4,+36.0,+24.5,+31.4,+18.8,+19.1,+19.0,+19.1,+19.2,+19.2,+19.2
2023-09-19 22:03,4,+29.5,+30.2,+12.5,+35.9,+24.5,+31.4,+18.8,+19.1,+19.1,+19.1,+19.2,+19.1,+19.2
2023-09-19 23:03,4,+28.4,+30.1,+12.7,+36.2,+24.6,+31.6,+18.7,+19.1,+19.0,+19.1,+19.2,+19.2,+19.2
2023-09-20 00:03,4,+27.6,+29.9,+12.7,+36.1,+24.7,+31.7,+18.7,+19.1,+19.0,+19.1,+19.2,+19.1,+19.2
2023-09-20 01:03,4,+27.1,+29.8,+12.5,+36.1,+24.7,+31.9,+18.6,+19.0,+19.0,+19.1,+19.2,+19.1,+19.2
2023-09-20 02:03,4,+26.8,+29.7,+12.4,+36.0,+24.7,+32.0,+18.6,+19.0,+19.0,+19.1,+19.2,+19.1,+19.2
2023-09-20 03:03,4,+26.6,+29.6,+12.3,+35.9,+24.7,+32.0,+18.6,+19.0,+19.0,+19.1,+19.2,+19.2,+19.2
2023-09-20 04:03,4,+26.5,+29.5,+12.2,+36.0,+24.7,+32.0,+18.5,+19.0,+19.0,+19.1,+19.2,+19.1,+19.2
2023-09-20 05:03,4,+26.4,+29.4,+12.2,+35.9,+24.6,+32.0,+18.5,+19.0,+19.1,+19.1,+19.2,+19.1,+19.2
2023-09-20 06:03,4,+26.2,+29.3,+12.0,+35.8,+24.6,+31.9,+18.5,+19.0,+19.1,+19.1,+19.2,+19.1,+19.2
2023-09-20 07:03,4,+26.2,+29.3,+11.9,+35.8,+24.6,+31.9,+18.5,+19.0,+19.0,+19.1,+19.2,+19.1,+19.2
2023-09-20 08:03,4,+26.1,+29.2,+11.9,+35.8,+24.5,+31.9,+18.5,+18.8,+19.0,+19.1,+19.2,+19.1,+19.2
2023-09-20 09:03,4,+26.0,+29.2,+11.9,+35.7,+24.5,+31.8,+18.7,+19.0,+19.0,+19.1,+19.2,+19.1,+19.2
2023-09-20 10:03,4,+26.0,+29.1,+11.8,+35.7,+24.5,+31.8,+18.8,+19.0,+19.0,+19.1,+19.2,+19.1,+19.2
2023-09-20 11:03,4,+25.9,+29.1,+11.7,+35.6,+24.4,+31.7,+19.0,+19.0,+19.0,+19.1,+19.2,+19.1,+19.2
2023-09-20 12:03,4,+25.9,+29.1,+11.7,+35.5,+24.4,+31.7,+19.1,+19.0,+19.0,+19.1,+19.2,+19.1,+19.2
2023-09-20 13:03,4,+25.8,+29.0,+11.7,+35.5,+24.3,+31.7,+19.2,+19.0,+19.0,+19.1,+19.2,+19.1,+19.2
2023-09-20 14:03,4,+25.8,+29.0,+11.7,+35.6,+24.4,+31.7,+19.3,+19.0,+19.0,+19.1,+19.2,+19.1,+19.2
2023-09-20 15:03,4,+25.8,+29.0,+11.6,+35.5,+24.3,+31.6,+19.3,+19.1,+19.0,+19.1,+19.2,+19.1,+19.2
2023-09-20 16:03,4,+25.8,+29.0,+11.6,+35.4,+24.3,+31.6,+19.3,+19.1,+19.0,+19.1,+19.2,+19.1,+19.2
2023-09-20 17:03,4,+26.0,+29.0,+11.6,+35.4,+24.2,+31.5,+19.3,+19.2,+19.0,+19.0,+19.2,+19.2,+19.2
2023-09-20 18:03,4,+26.0,+29.0,+11.5,+35.5,+24.3,+31.5,+19.2,+19.2,+19.0,+19.1,+19.2,+19.2,+19.2
2023-09-20 19:03,4,+25.9,+29.0,+11.5,+35.3,+24.2,+31.5,+19.2,+19.2,+19.1,+19.0,+19.2,+19.1,+19.2
2023-09-20 20:03,4,+25.9,+28.9,+11.5,+35.3,+24.2,+31.4,+19.2,+19.2,+19.1,+19.1,+19.2,+19.1,+19.2
2023-09-20 21:03,4,+25.9,+28.9,+11.5,+35.4,+24.2,+31.5,+19.1,+19.2,+19.1,+19.1,+19.2,+19.1,+19.2
2023-09-20 22:03,4,+25.8,+28.9,+11.4,+35.3,+24.2,+31.4,+19.0,+19.2,+19.1,+19.1,+19.2,+19.1,+19.2
2023-09-20 23:03,4,+25.8,+28.9,+11.4,+35.4,+24.2,+31.4,+19.0,+19.2,+19.1,+19.0,+19.2,+19.1,+19.2
2023-09-21 00:03,4,+25.8,+28.9,+11.4,+35.3,+24.1,+31.4,+18.8,+19.1,+19.1,+19.1,+19.2,+19.1,+19.1
2023-09-21 01:03,4,+25.7,+28.9,+11.4,+35.4,+24.2,+31.4,+18.8,+19.2,+19.1,+19.1,+19.2,+19.1,+19.2
2023-09-21 02:03,4,+25.7,+28.9,+11.4,+35.2,+24.1,+31.4,+18.8,+19.2,+19.1,+19.1,+19.2,+19.2,+19.2
2023-09-21 03:03,4,+25.7,+28.9,+11.4,+35.2,+24.1,+31.3,+18.8,+19.1,+19.2,+19.1,+19.2,+19.1,+19.2
2023-09-21 04:03,4,+25.8,+28.9,+11.3,+35.2,+24.1,+31.3,+18.8,+19.1,+19.1,+19.1,+19.2,+19.1,+19.2
2023-09-21 05:03,4,+25.8,+28.9,+11.3,+35.2,+24.1,+31.3,+18.8,+19.1,+19.1,+19.1,+19.2,+19.1,+19.2
2023-09-21 06:03,4,+25.8,+28.9,+11.3,+35.3,+24.1,+31.3,+18.7,+19.1,+19.1,+19.1,+19.2,+19.1,+19.2
2023-09-21 07:03,4,+25.7,+28.9,+11.3,+35.2,+24.1,+31.3,+18.7,+19.0,+19.1,+19.1,+19.2,+19.1,+19.2
2023-09-21 08:03,4,+25.7,+28.9,+11.3,+35.2,+24.1,+31.3,+18.8,+19.0,+19.1,+19.1,+19.2,+19.2,+19.2
2023-09-21 09:03,4,+25.7,+28.9,+11.3,+35.1,+24.1,+31.2,+18.8,+19.1,+19.1,+19.1,+19.2,+19.1,+19.2
2023-09-21 10:03,4,+25.7,+28.9,+11.3,+35.3,+24.1,+31.3,+19.1,+19.1,+19.0,+19.1,+19.2,+19.1,+19.2