
2023-07-27 10:56,2,+11.0,+15.1,+4.6,+42.1,+32.5,+29.6,+21.2,+20.6,+21.0,+21.3,+21.1,+21.0,+20.8
2023-07-27 11:56,2,+11.1,+15.3,+4.7,+42.2,+32.7,+29.8,+20.1,+19.5,+20.0,+20.3,+20.2,+20.3,+20.3
2023-07-27 12:56,2,+11.1,+15.4,+4.8,+42.2,+32.7,+29.8,+20.3,+19.5,+19.8,+20.2,+20.1,+20.2,+20.2
2023-07-27 13:56,2,+11.1,+15.4,+4.8,+42.1,+32.7,+29.8,+20.3,+19.5,+19.7,+20.2,+20.1,+20.2,+20.2
2023-07-27 14:56,2,+11.1,+15.4,+4.8,+42.1,+32.7,+29.8,+20.3,+19.5,+19.8,+20.2,+20.1,+20.1,+20.2
2023-07-27 15:56,2,+11.1,+15.4,+4.9,+42.3,+32.8,+29.9,+20.5,+19.6,+19.7,+20.2,+20.1,+20.2,+20.2
2023-07-27 16:56,2,+11.1,+15.5,+4.9,+42.2,+32.8,+29.9,+20.5,+19.7,+19.8,+20.2,+20.1,+20.2,+20.1
2023-07-27 17:56,2,+11.1,+15.5,+4.9,+42.2,+32.8,+29.9,+20.3,+19.7,+19.8,+20.2,+20.1,+20.1,+20.1
2023-07-27 18:56,2,+11.2,+15.5,+4.9,+42.4,+32.9,+30.0,+20.2,+19.7,+19.8,+20.2,+20.1,+20.1,+20.1
2023-07-27 19:56,2,+11.2,+15.5,+5.0,+42.3,+32.9,+30.0,+20.1,+19.7,+19.8,+20.2,+20.0,+20.1,+20.1
2023-07-27 20:56,2,+11.3,+15.5,+5.0,+42.4,+33.0,+30.0,+20.0,+19.7,+19.8,+20.2,+20.0,+20.1,+20.1
2023-07-27 21:56,2,+11.3,+15.5,+5.0,+42.3,+33.0,+30.0,+20.0,+19.7,+19.8,+20.2,+20.1,+20.1,+20.1
2023-07-27 22:56,2,+11.3,+15.5,+5.0,+42.5,+33.1,+30.1,+20.0,+19.7,+19.8,+20.2,+20.0,+20.1,+20.1
2023-07-27 23:56,2,+11.4,+15.5,+5.0,+42.5,+33.1,+30.1,+19.8,+19.7,+19.8,+20.2,+20.0,+20.1,+20.1
2023-07-28 00:56,2,+11.4,+15.5,+5.1,+42.4,+33.1,+30.1,+19.7,+19.6,+19.8,+20.1,+20.0,+20.1,+20.1
2023-07-28 01:56,2,+11.4,+15.5,+5.1,+42.5,+33.2,+30.2,+19.7,+19.6,+19.8,+20.2,+20.0,+20.1,+20.1
2023-07-28 02:56,2,+11.5,+15.5,+5.1,+42.5,+33.2,+30.2,+19.6,+19.5,+19.8,+20.1,+20.0,+20.1,+20.1
2023-07-28 03:56,2,+11.6,+15.5,+5.1,+42.6,+33.2,+30.2,+19.5,+19.5,+19.8,+20.2,+20.0,+20.1,+20.1
2023-07-28 04:56,2,+11.6,+15.6,+5.1,+42.6,+33.2,+30.2,+19.3,+19.5,+19.8,+20.2,+20.1,+20.1,+20.1
2023-07-28 05:56,2,+11.7,+15.6,+5.1,+42.5,+33.2,+30.2,+19.2,+19.3,+19.8,+20.2,+20.0,+20.1,+20.1
2023-07-28 06:56,2,+11.7,+15.6,+5.1,+42.5,+33.2,+30.2,+19.1,+19.3,+19.8,+20.2,+20.0,+20.1,+20.1
2023-07-28 07:56,2,+11.7,+15.6,+5.1,+42.6,+33.3,+30.3,+19.2,+19.2,+19.8,+20.2,+20.0,+20.1,+20.0
2023-07-28 08:56,2,+11.7,+15.6,+5.1,+42.5,+33.3,+30.2,+19.3,+19.2,+19.7,+20.2,+20.0,+20.1,+20.1
2023-07-28 09:56,2,+11.7,+15.6,+5.1,+42.6,+33.3,+30.3,+19.6,+19.2,+19.7,+20.2,+20.0,+20.1,+20.1
2023-07-28 10:56,2,+11.6,+15.6,+5.2,+42.6,+33.3,+30.3,+19.7,+19.2,+19.7,+20.1,+20.0,+20.1,+20.1
2023-07-28 11:56,2,+11.5,+15.6,+5.2,+42.6,+33.3,+30.3,+20.0,+19.2,+19.7,+20.1,+20.0,+20.1,+20.1
2023-07-28 12:56,2,+11.4,+15.6,+5.2,+42.7,+33.3,+30.4,+20.3,+19.3,+19.7,+20.1,+20.0,+20.1,+20.1
2023-07-28 13:56,2,+11.3,+15.6,+5.2,+42.7,+33.4,+30.4,+20.7,+19.5,+19.7,+20.1,+20.0,+20.1,+20.1
2023-07-28 14:56,2,+11.3,+15.6,+5.2,+42.6,+33.3,+30.4,+20.7,+19.6,+19.7,+20.2,+20.0,+20.1,+20.1
2023-07-28 15:56,2,+11.3,+15.6,+5.2,+42.7,+33.4,+30.4,+20.8,+19.7,+19.7,+20.1,+20.0,+20.1,+20.0
2023-07-28 16:56,2,+11.3,+15.6,+5.3,+42.7,+33.3,+30.4,+21.0,+19.8,+19.8,+20.1,+20.0,+20.1,+20.1
2023-07-28 17:56,2,+11.3,+15.6,+5.3,+42.7,+33.3,+30.4,+20.8,+19.8,+19.8,+20.1,+20.0,+20.1,+20.1
2023-07-28 18:56,2,+11.3,+15.6,+5.3,+42.7,+33.4,+30.4,+20.8,+20.0,+19.8,+20.1,+20.0,+20.1,+20.1
2023-07-28 19:56,2,+11.3,+15.6,+5.3,+42.8,+33.4,+30.4,+20.8,+20.1,+19.8,+20.2,+20.0,+20.1,+20.0
2023-07-28 20:56,2,+11.3,+15.6,+5.3,+42.8,+33.5,+30.4,+20.7,+20.0,+20.0,+20.1,+20.0,+20.1,+20.1
2023-07-28 21:56,2,+11.3,+15.6,+5.3,+42.8,+33.5,+30.4,+20.6,+20.1,+20.0,+20.1,+20.0,+20.1,+20.1
2023-07-28 22:56,2,+12.0,+15.7,+5.4,+42.9,+33.5,+30.5,+20.6,+20.1,+20.0,+20.2,+20.0,+20.1,+20.1
2023-07-28 23:56,2,+13.9,+15.9,+5.4,+42.8,+33.4,+30.5,+20.5,+20.1,+20.0,+20.2,+20.0,+20.1,+20.1
2023-07-29 00:56,2,+21.0,+18.8,+5.6,+42.8,+33.5,+30.5,+20.5,+20.1,+20.1,+20.2,+20.0,+20.1,+20.1
2023-07-29 01:56,2,+16.8,+17.4,+5.6,+42.8,+33.5,+30.5,+20.3,+20.0,+20.1,+20.2,+20.0,+20.1,+20.1
2023-07-29 02:56,2,+15.5,+17.3,+5.6,+42.8,+33.5,+30.5,+20.2,+20.0,+20.1,+20.2,+20.0,+20.1,+20.1
2023-07-29 03:56,2,+15.7,+17.2,+5.6,+42.9,+33.5,+30.5,+20.2,+20.0,+20.1,+20.2,+20.1,+20.1,+20.0
2023-07-29 04:56,2,+15.5,+17.2,+5.6,+43.0,+33.5,+30.6,+20.1,+20.0,+20.1,+20.2,+20.0,+20.1,+20.1
2023-07-29 05:56,2,+15.4,+17.2,+5.6,+43.0,+33.5,+30.6,+20.1,+20.0,+20.1,+20.2,+20.0,+20.1,+20.1
2023-07-29 06:56,2,+15.4,+17.1,+5.6,+42.9,+33.5,+30.5,+20.0,+19.8,+20.1,+20.2,+20.0,+20.1,+20.1
2023-07-29 07:56,2,+15.3,+17.1,+5.6,+42.9,+33.5,+30.5,+20.0,+19.8,+20.0,+20.2,+20.1,+20.1,+20.1
2023-07-29 08:56,2,+15.3,+17.1,+5.6,+43.0,+33.6,+30.6,+20.1,+19.8,+20.1,+20.2,+20.0,+20.1,+20.0
2023-07-29 09:56,2,+15.2,+17.1,+5.7,+43.1,+33.6,+30.6,+20.2,+19.8,+20.1,+20.2,+20.0,+20.1,+20.0
2023-07-29 10:56,2,+15.1,+17.1,+5.7,+42.9,+33.6,+30.6,+20.5,+19.8,+20.1,+20.2,+20.0,+20.1,+20.1
2023-07-29 11:56,2,+15.0,+17.1,+5.7,+43.1,+33.6,+30.6,+20.7,+19.8,+20.1,+20.2,+20.0,+20.1,+20.1
2023-07-29 12:56,2,+15.0,+17.0,+5.7,+43.1,+33.6,+30.6,+21.0,+20.0,+20.1,+20.2,+20.0,+20.1,+20.1
2023-07-29 13:56,2,+14.9,+17.1,+5.7,+43.0,+33.6,+30.6,+21.3,+20.0,+20.0,+20.2,+20.0,+20.1,+20.1
2023-07-29 14:56,2,+14.9,+17.0,+5.7,+43.2,+33.7,+30.7,+21.3,+20.1,+20.1,+20.3,+20.0,+20.1,+20.1
2023-07-29 15:56,2,+14.8,+17.0,+5.7,+43.2,+33.7,+30.7,+21.6,+20.2,+20.1,+20.3,+20.1,+20.1,+20.1
2023-07-29 16:56,2,+14.8,+17.0,+5.7,+43.2,+33.7,+30.7,+21.5,+20.3,+20.1,+20.3,+20.1,+20.1,+20.1
2023-07-29 17:56,2,+14.8,+17.0,+5.7,+43.2,+33.7,+30.7,+21.5,+20.5,+20.1,+20.2,+20.0,+20.1,+20.1
2023-07-29 18:56,2,+14.9,+17.0,+5.7,+43.1,+33.7,+30.7,+21.3,+20.5,+20.2,+20.2,+20.1,+20.1,+20.1
2023-07-29 19:56,2,+14.9,+17.0,+5.7,+43.2,+33.8,+30.7,+21.2,+20.6,+20.2,+20.2,+20.0,+20.1,+20.1
2023-07-29 20:56,2,+14.9,+17.0,+5.8,+43.1,+33.7,+30.7,+21.1,+20.5,+20.3,+20.3,+20.1,+20.1,+20.1
2023-07-29 21:56,2,+14.9,+17.0,+5.8,+43.3,+33.8,+30.8,+21.0,+20.6,+20.3,+20.3,+20.0,+20.2,+20.1
2023-07-29 22:56,2,+15.0,+17.1,+5.8,+43.3,+33.8,+30.8,+20.8,+20.5,+20.3,+20.2,+20.0,+20.1,+20.1
2023-07-29 23:56,2,+15.1,+17.1,+5.8,+43.3,+33.8,+30.8,+20.8,+20.5,+20.3,+20.3,+20.1,+20.1,+20.1
2023-07-30 00:56,2,+15.1,+17.1,+5.8,+43.2,+33.8,+30.8,+20.6,+20.3,+20.3,+20.3,+20.1,+20.1,+20.1
2023-07-30 01:56,2,+15.1,+17.1,+5.8,+43.2,+33.8,+30.8,+20.6,+20.3,+20.3,+20.3,+20.1,+20.1,+20.1
2023-07-30 02:56,2,+15.1,+17.1,+5.8,+43.2,+33.8,+30.8,+20.6,+20.2,+20.3,+20.3,+20.1,+20.1,+20.1
2023-07-30 03:56,2,+15.2,+17.1,+5.8,+43.3,+33.9,+30.8,+20.5,+20.2,+20.3,+20.3,+20.1,+20.1,+20.1
2023-07-30 04:56,2,+15.2,+17.1,+5.8,+43.2,+33.8,+30.8,+20.3,+20.2,+20.3,+20.3,+20.1,+20.1,+20.1
2023-07-30 05:56,2,+15.3,+17.1,+5.8,+43.2,+33.8,+30.8,+20.3,+20.2,+20.3,+20.3,+20.1,+20.1,+20.0
2023-07-30 06:56,2,+15.3,+17.1,+5.8,+43.4,+33.9,+30.9,+20.2,+20.1,+20.3,+20.5,+20.1,+20.1,+20.1
2023-07-30 07:56,2,+15.4,+17.1,+5.9,+43.2,+33.8,+30.9,+20.2,+20.1,+20.3,+20.3,+20.1,+20.1,+20.1
2023-07-30 08:56,2,+15.3,+17.1,+5.8,+43.3,+33.9,+30.9,+20.3,+20.1,+20.2,+20.5,+20.1,+20.2,+20.1
2023-07-30 09:56,2,+15.4,+17.1,+5.9,+43.4,+33.9,+30.9,+20.5,+20.0,+20.2,+20.5,+20.1,+20.1,+20.1
2023-07-30 10:56,2,+15.5,+17.1,+5.9,+43.4,+33.9,+30.9,+20.6,+20.1,+20.3,+20.5,+20.1,+20.1,+20.1
2023-07-30 11:56,2,+15.5,+17.2,+5.9,+43.3,+33.9,+30.9,+20.6,+20.0,+20.2,+20.5,+20.2,+20.2,+20.1
2023-07-30 12:56,2,+15.5,+17.2,+5.9,+43.4,+33.9,+30.9,+20.6,+20.1,+20.2,+20.5,+20.1,+20.2,+20.1
2023-07-30 13:56,2,+15.5,+17.2,+5.9,+43.3,+33.9,+30.9,+20.6,+20.1,+20.2,+20.5,+20.1,+20.2,+20.1
2023-07-30 14:56,2,+15.5,+17.2,+5.9,+43.4,+34.0,+31.0,+20.6,+20.1,+20.3,+20.5,+20.2,+20.2,+20.1
2023-07-30 15:56,2,+15.5,+17.2,+5.9,+43.5,+34.0,+31.0,+20.6,+20.2,+20.2,+20.3,+20.2,+20.2,+20.1
2023-07-30 16:56,2,+15.4,+17.2,+5.9,+43.5,+34.0,+31.0,+20.7,+20.1,+20.2,+20.3,+20.1,+20.2,+20.1
2023-07-30 17:56,2,+15.5,+17.2,+5.9,+43.5,+34.0,+31.0,+20.6,+20.1,+20.3,+20.5,+20.2,+20.2,+20.1
2023-07-30 18:56,2,+15.5,+17.2,+5.9,+43.4,+34.0,+31.0,+20.6,+20.1,+20.3,+20.5,+20.1,+20.1,+20.1
2023-07-30 19:56,2,+15.5,+17.2,+6.0,+43.5,+34.0,+31.0,+20.5,+20.2,+20.2,+20.5,+20.2,+20.2,+20.1
2023-07-30 20:56,2,+15.4,+17.3,+6.0,+43.4,+34.0,+31.0,+20.5,+20.2,+20.3,+20.5,+20.2,+20.2,+20.1
2023-07-30 21:56,2,+15.4,+17.3,+6.0,+43.4,+34.0,+31.0,+20.3,+20.1,+20.3,+20.5,+20.2,+20.2,+20.1
2023-07-30 22:56,2,+15.4,+17.2,+6.0,+43.5,+34.0,+31.0,+20.2,+20.2,+20.3,+20.5,+20.2,+20.2,+20.1
2023-07-30 23:56,2,+15.4,+17.3,+6.0,+43.4,+34.0,+31.0,+20.2,+20.1,+20.3,+20.5,+20.1,+20.2,+20.1
2023-07-31 00:56,2,+15.4,+17.3,+6.0,+43.4,+34.0,+31.0,+20.1,+20.0,+20.2,+20.5,+20.1,+20.2,+20.1
2023-07-31 01:56,2,+15.4,+17.3,+6.0,+43.4,+34.0,+31.0,+20.1,+20.0,+20.2,+20.5,+20.2,+20.2,+20.1
2023-07-31 02:56,2,+15.5,+17.3,+6.0,+43.6,+34.0,+31.0,+20.0,+20.0,+20.2,+20.5,+20.2,+20.2,+20.1
2023-07-31 03:56,2,+15.5,+17.3,+6.0,+43.5,+34.0,+31.0,+20.0,+19.8,+20.2,+20.5,+20.2,+20.2,+20.1
2023-07-31 04:56,2,+15.5,+17.3,+6.0,+43.6,+34.1,+31.1,+20.0,+19.8,+20.2,+20.5,+20.1,+20.2,+20.1
2023-07-31 05:56,2,+15.5,+17.3,+6.0,+43.6,+34.1,+31.1,+19.8,+19.8,+20.2,+20.5,+20.2,+20.2,+20.1
2023-07-31 06:56,2,+15.5,+17.3,+6.0,+43.6,+34.1,+31.1,+19.8,+19.8,+20.2,+20.5,+20.2,+20.2,+20.1
2023-07-31 07:56,2,+15.4,+17.3,+6.0,+43.6,+34.1,+31.1,+20.0,+19.8,+20.1,+20.5,+20.2,+20.2,+20.1
2023-07-31 08:56,2,+15.4,+17.3,+6.1,+43.6,+34.1,+31.1,+20.1,+19.7,+20.1,+20.5,+20.2,+20.2,+20.1
2023-07-31 09:56,2,+15.4,+17.3,+6.1,+43.7,+34.1,+31.1,+20.2,+19.7,+20.1,+20.5,+20.2,+20.2,+20.1
2023-07-31 10:56,2,+15.3,+17.3,+6.1,+43.6,+34.1,+31.1,+20.5,+19.8,+20.1,+20.5,+20.2,+20.2,+20.1
2023-07-31 11:56,2,+15.3,+17.3,+6.1,+43.6,+34.1,+31.1,+20.6,+19.8,+20.2,+20.5,+20.2,+20.2,+20.1
2023-07-31 12:56,2,+15.2,+17.3,+6.1,+43.7,+34.1,+31.1,+21.0,+19.8,+20.1,+20.5,+20.2,+20.2,+20.2
2023-07-31 13:56,2,+15.3,+17.3,+6.1,+43.6,+34.1,+31.1,+21.0,+20.0,+20.1,+20.5,+20.2,+20.2,+20.1
2023-07-31 14:56,2,+15.4,+17.3,+6.1,+43.6,+34.1,+31.1,+21.0,+20.1,+20.2,+20.3,+20.2,+20.2,+20.1
2023-07-31 15:56,2,+15.4,+17.3,+6.1,+43.7,+34.1,+31.1,+21.1,+20.2,+20.2,+20.3,+20.2,+20.3,+20.2
2023-07-31 16:56,2,+16.1,+17.3,+6.1,+43.6,+34.1,+31.1,+21.0,+20.2,+20.2,+20.5,+20.2,+20.2,+20.1
2023-07-31 17:56,2,+15.9,+17.3,+6.1,+43.7,+34.2,+31.2,+21.0,+20.3,+20.2,+20.5,+20.2,+20.2,+20.1
2023-07-31 18:56,2,+15.8,+17.3,+6.1,+43.7,+34.2,+31.2,+20.8,+20.3,+20.2,+20.5,+20.2,+20.2,+20.2
2023-07-31 19:56,2,+15.9,+17.3,+6.1,+43.8,+34.2,+31.2,+20.7,+20.2,+20.3,+20.5,+20.2,+20.2,+20.1
2023-07-31 20:56,2,+15.9,+17.3,+6.2,+43.8,+34.2,+31.2,+20.6,+20.2,+20.3,+20.3,+20.2,+20.2,+20.1
2023-07-31 21:56,2,+15.9,+17.4,+6.2,+43.6,+34.1,+31.2,+20.6,+20.2,+20.3,+20.3,+20.2,+20.2,+20.1
2023-07-31 22:56,2,+15.9,+17.4,+6.2,+43.7,+34.2,+31.2,+20.5,+20.2,+20.3,+20.5,+20.2,+20.2,+20.2
2023-07-31 23:56,2,+15.9,+17.4,+6.2,+43.8,+34.2,+31.2,+20.3,+20.2,+20.3,+20.5,+20.2,+20.2,+20.1
2023-08-01 00:56,2,+15.9,+17.4,+6.2,+43.8,+34.2,+31.2,+20.3,+20.2,+20.3,+20.5,+20.2,+20.3,+20.1
2023-08-01 01:56,2,+15.9,+17.4,+6.2,+43.7,+34.2,+31.2,+20.2,+20.1,+20.3,+20.5,+20.2,+20.2,+20.1
2023-08-01 02:56,2,+15.9,+17.4,+6.2,+43.7,+34.2,+31.2,+20.2,+20.0,+20.3,+20.5,+20.2,+20.2,+20.1
2023-08-01 03:56,2,+15.9,+17.4,+6.2,+43.8,+34.3,+31.3,+20.2,+20.0,+20.3,+20.5,+20.2,+20.2,+20.1
2023-08-01 04:56,2,+15.9,+17.4,+6.2,+43.8,+34.2,+31.3,+20.1,+20.0,+20.2,+20.5,+20.2,+20.2,+20.2
2023-08-01 05:56,2,+15.9,+17.4,+6.2,+43.8,+34.3,+31.3,+20.0,+20.0,+20.2,+20.5,+20.2,+20.2,+20.2
2023-08-01 06:56,2,+15.9,+17.4,+6.2,+43.9,+34.3,+31.3,+20.0,+20.0,+20.2,+20.5,+20.2,+20.2,+20.1
2023-08-01 07:56,2,+15.9,+17.4,+6.2,+43.9,+34.3,+31.3,+20.1,+19.8,+20.2,+20.5,+20.2,+20.2,+20.2
2023-08-01 08:56,2,+15.9,+17.4,+6.2,+43.8,+34.3,+31.3,+20.1,+19.8,+20.2,+20.5,+20.2,+20.2,+20.1
2023-08-01 09:56,2,+15.9,+17.4,+6.2,+43.8,+34.2,+31.3,+20.3,+19.8,+20.2,+20.5,+20.2,+20.3,+20.2
2023-08-01 10:56,2,+15.8,+17.4,+6.2,+43.8,+34.3,+31.3,+20.5,+19.8,+20.2,+20.5,+20.2,+20.2,+20.1
2023-08-01 11:56,2,+15.8,+17.4,+6.2,+43.8,+34.3,+31.3,+20.5,+20.0,+20.2,+20.5,+20.2,+20.3,+20.2
2023-08-01 12:56,2,+15.7,+17.4,+6.3,+43.8,+34.3,+31.3,+20.7,+20.0,+20.2,+20.5,+20.2,+20.2,+20.1
2023-08-01 13:56,2,+15.7,+17.4,+6.3,+43.9,+34.3,+31.3,+20.7,+20.0,+20.2,+20.5,+20.2,+20.2,+20.2
2023-08-01 14:56,2,+15.7,+17.4,+6.3,+43.9,+34.3,+31.3,+20.8,+20.1,+20.2,+20.5,+20.2,+20.2,+20.2
2023-08-01 15:56,2,+15.7,+17.4,+6.3,+43.9,+34.3,+31.3,+20.8,+20.2,+20.2,+20.5,+20.2,+20.2,+20.2
2023-08-01 16:56,2,+15.7,+17.4,+6.3,+43.8,+34.3,+31.3,+20.8,+20.1,+20.2,+20.5,+20.2,+20.2,+20.2
2023-08-01 17:56,2,+15.7,+17.5,+6.3,+43.8,+34.3,+31.3,+20.8,+20.2,+20.2,+20.5,+20.2,+20.2,+20.2
2023-08-01 18:56,2,+15.7,+17.4,+6.3,+43.8,+34.3,+31.3,+20.8,+20.3,+20.2,+20.5,+20.2,+20.2,+20.2
2023-08-01 19:56,2,+15.8,+17.5,+6.3,+43.9,+34.3,+31.3,+20.6,+20.2,+20.2,+20.5,+20.2,+20.3,+20.2
2023-08-01 20:56,2,+15.9,+17.5,+6.3,+43.9,+34.3,+31.3,+20.6,+20.2,+20.3,+20.5,+20.2,+20.3,+20.2
2023-08-01 21:56,2,+15.9,+17.5,+6.3,+44.0,+34.4,+31.4,+20.5,+20.2,+20.3,+20.5,+20.2,+20.3,+20.2
2023-08-01 22:56,2,+16.0,+17.5,+6.3,+43.9,+34.3,+31.3,+20.3,+20.2,+20.3,+20.5,+20.2,+20.2,+20.2
2023-08-01 23:56,2,+16.0,+17.5,+6.3,+43.9,+34.3,+31.3,+20.2,+20.1,+20.3,+20.5,+20.2,+20.2,+20.2
2023-08-02 00:56,2,+16.0,+17.5,+6.4,+43.9,+34.3,+31.3,+20.1,+20.1,+20.3,+20.5,+20.2,+20.2,+20.2
2023-08-02 01:56,2,+16.0,+17.5,+6.4,+43.9,+34.4,+31.4,+20.0,+20.1,+20.3,+20.5,+20.2,+20.2,+20.2
2023-08-02 02:56,2,+16.0,+17.5,+6.4,+43.9,+34.3,+31.4,+20.0,+20.0,+20.3,+20.5,+20.2,+20.3,+20.2
2023-08-02 03:56,2,+15.9,+17.5,+6.4,+43.9,+34.4,+31.4,+19.8,+20.0,+20.3,+20.5,+20.2,+20.3,+20.2
2023-08-02 04:56,2,+15.9,+17.5,+6.4,+43.9,+34.4,+31.4,+19.7,+19.8,+20.2,+20.5,+20.2,+20.3,+20.2
2023-08-02 05:56,2,+15.9,+17.5,+6.4,+44.0,+34.4,+31.4,+19.7,+19.8,+20.2,+20.5,+20.2,+20.2,+20.2
2023-08-02 06:56,2,+15.9,+17.5,+6.4,+44.0,+34.4,+31.4,+19.7,+19.8,+20.2,+20.5,+20.2,+20.2,+20.2
2023-08-02 07:56,2,+15.9,+17.5,+6.4,+44.0,+34.4,+31.4,+19.6,+19.6,+20.2,+20.5,+20.2,+20.3,+20.2
2023-08-02 08:56,2,+15.9,+17.5,+6.4,+44.1,+34.4,+31.4,+19.8,+19.6,+20.2,+20.5,+20.2,+20.3,+20.2
2023-08-02 09:56,2,+15.8,+17.5,+6.4,+44.1,+34.5,+31.4,+20.0,+19.7,+20.1,+20.5,+20.3,+20.2,+20.2
2023-08-02 10:56,2,+15.8,+17.5,+6.4,+44.0,+34.4,+31.4,+20.2,+19.6,+20.1,+20.5,+20.2,+20.2,+20.2
2023-08-02 11:56,2,+15.8,+17.5,+6.4,+44.1,+34.5,+31.4,+20.5,+19.7,+20.1,+20.5,+20.2,+20.3,+20.2
2023-08-02 12:56,2,+15.7,+17.5,+6.4,+44.1,+34.5,+31.4,+20.7,+19.7,+20.1,+20.5,+20.2,+20.3,+20.2
2023-08-02 13:56,2,+15.6,+17.5,+6.4,+44.0,+34.4,+31.4,+21.0,+19.8,+20.1,+20.5,+20.2,+20.2,+20.2
2023-08-02 14:56,2,+15.6,+17.5,+6.4,+44.1,+34.5,+31.5,+21.1,+20.0,+20.2,+20.5,+20.2,+20.2,+20.2
2023-08-02 15:56,2,+15.6,+17.6,+6.4,+44.0,+34.4,+31.4,+21.2,+20.1,+20.2,+20.5,+20.2,+20.2,+20.2
2023-08-02 16:56,2,+15.6,+17.6,+6.4,+44.1,+34.5,+31.5,+21.1,+20.2,+20.2,+20.5,+20.2,+20.3,+20.2
2023-08-02 17:56,2,+15.6,+17.6,+6.4,+44.1,+34.5,+31.5,+21.0,+20.2,+20.2,+20.5,+20.2,+20.3,+20.2
2023-08-02 18:56,2,+15.6,+17.6,+6.5,+44.2,+34.5,+31.5,+21.0,+20.3,+20.2,+20.3,+20.2,+20.3,+20.2
2023-08-02 19:56,2,+15.6,+17.6,+6.4,+44.0,+34.5,+31.5,+20.8,+20.3,+20.3,+20.5,+20.2,+20.3,+20.2
2023-08-02 20:56,2,+15.7,+17.6,+6.5,+44.0,+34.5,+31.5,+20.7,+20.3,+20.3,+20.5,+20.2,+20.3,+20.2
2023-08-02 21:56,2,+15.7,+17.6,+6.5,+44.2,+34.5,+31.5,+20.6,+20.3,+20.3,+20.5,+20.2,+20.2,+20.2
2023-08-02 22:56,2,+15.7,+17.6,+6.5,+44.2,+34.5,+31.5,+20.5,+20.2,+20.3,+20.5,+20.2,+20.2,+20.2
2023-08-02 23:56,2,+15.7,+17.6,+6.5,+44.2,+34.5,+31.5,+20.3,+20.2,+20.2,+20.5,+20.2,+20.2,+20.2
2023-08-03 00:56,2,+15.7,+17.6,+6.5,+44.1,+34.5,+31.5,+20.2,+20.2,+20.3,+20.5,+20.2,+20.3,+20.2
2023-08-03 01:56,2,+15.7,+17.6,+6.5,+44.2,+34.5,+31.5,+20.2,+20.1,+20.3,+20.5,+20.2,+20.2,+20.2
2023-08-03 02:56,2,+15.7,+17.6,+6.5,+44.2,+34.5,+31.5,+20.1,+20.0,+20.3,+20.5,+20.2,+20.3,+20.2
2023-08-03 03:56,2,+15.7,+17.6,+6.5,+44.1,+34.5,+31.5,+20.0,+20.0,+20.3,+20.5,+20.2,+20.3,+20.2
2023-08-03 04:56,2,+15.7,+17.6,+6.5,+44.1,+34.5,+31.5,+20.0,+20.0,+20.2,+20.5,+20.2,+20.3,+20.2
2023-08-03 05:56,2,+15.7,+17.6,+6.5,+44.1,+34.5,+31.5,+19.8,+19.8,+20.3,+20.5,+20.2,+20.3,+20.2
2023-08-03 06:56,2,+15.7,+17.6,+6.5,+44.1,+34.5,+31.5,+19.8,+19.8,+20.2,+20.5,+20.2,+20.2,+20.2
2023-08-03 07:56,2,+15.7,+17.6,+6.5,+44.2,+34.6,+31.5,+19.8,+19.8,+20.2,+20.5,+20.2,+20.3,+20.2
2023-08-03 08:56,2,+15.7,+17.6,+6.5,+44.2,+34.5,+31.5,+19.8,+19.8,+20.2,+20.5,+20.2,+20.2,+20.2
2023-08-03 09:56,2,+15.7,+17.6,+6.5,+44.1,+34.5,+31.5,+20.0,+19.7,+20.2,+20.5,+20.2,+20.2,+20.2
2023-08-03 10:56,2,+15.8,+17.6,+6.5,+44.3,+34.6,+31.6,+20.2,+19.7,+20.2,+20.5,+20.2,+20.3,+20.2
2023-08-03 11:56,2,+15.8,+17.6,+6.5,+44.1,+34.5,+31.5,+20.3,+19.7,+20.2,+20.5,+20.2,+20.3,+20.2
2023-08-03 12:56,2,+15.7,+17.6,+6.5,+44.3,+34.6,+31.6,+20.6,+19.8,+20.2,+20.5,+20.2,+20.2,+20.2
2023-08-03 13:56,2,+15.7,+17.6,+6.5,+44.3,+34.6,+31.6,+20.7,+19.8,+20.1,+20.5,+20.2,+20.3,+20.2
2023-08-03 14:56,2,+15.7,+17.6,+6.5,+44.3,+34.6,+31.6,+20.8,+20.0,+20.2,+20.5,+20.2,+20.2,+20.2
2023-08-03 15:56,2,+15.7,+17.6,+6.5,+44.2,+34.6,+31.6,+21.0,+20.1,+20.1,+20.5,+20.2,+20.3,+20.2
2023-08-03 16:56,2,+15.6,+17.6,+6.5,+44.3,+34.6,+31.6,+21.0,+20.1,+20.2,+20.5,+20.2,+20.3,+20.2
2023-08-03 17:56,2,+15.6,+17.6,+6.6,+44.2,+34.6,+31.5,+21.0,+20.2,+20.2,+20.5,+20.2,+20.3,+20.2
2023-08-03 18:56,2,+15.6,+17.7,+6.6,+44.2,+34.6,+31.5,+21.0,+20.2,+20.2,+20.5,+20.2,+20.3,+20.1
2023-08-03 19:56,2,+15.7,+17.7,+6.6,+44.3,+34.6,+31.6,+20.8,+20.2,+20.3,+20.5,+20.2,+20.3,+20.2
2023-08-03 20:56,2,+15.7,+17.7,+6.6,+44.2,+34.6,+31.6,+20.8,+20.3,+20.3,+20.5,+20.2,+20.3,+20.2
2023-08-03 21:56,2,+15.8,+17.7,+6.6,+44.3,+34.6,+31.6,+20.7,+20.3,+20.3,+20.5,+20.2,+20.3,+20.2
2023-08-03 22:56,2,+15.8,+17.7,+6.6,+44.2,+34.6,+31.6,+20.6,+20.2,+20.3,+20.5,+20.2,+20.3,+20.2
2023-08-03 23:56,2,+15.8,+17.7,+6.6,+44.2,+34.6,+31.6,+20.5,+20.2,+20.3,+20.5,+20.2,+20.3,+20.2
2023-08-04 00:56,2,+15.8,+17.7,+6.6,+44.3,+34.6,+31.6,+20.3,+20.2,+20.3,+20.5,+20.2,+20.2,+20.2
2023-08-04 01:56,2,+15.9,+17.7,+6.6,+44.4,+34.6,+31.6,+20.3,+20.2,+20.3,+20.5,+20.2,+20.2,+20.2
2023-08-04 02:56,2,+15.9,+17.7,+6.6,+44.4,+34.7,+31.6,+20.2,+20.1,+20.3,+20.5,+20.2,+20.3,+20.2
2023-08-04 03:56,2,+15.9,+17.7,+6.6,+44.4,+34.7,+31.6,+20.2,+20.1,+20.3,+20.5,+20.2,+20.3,+20.2
2023-08-04 04:56,2,+15.9,+17.7,+6.6,+44.4,+34.7,+31.6,+20.1,+20.0,+20.3,+20.5,+20.2,+20.3,+20.2
2023-08-04 05:56,2,+15.9,+17.7,+6.6,+44.4,+34.7,+31.6,+20.0,+20.0,+20.3,+20.5,+20.2,+20.3,+20.2
2023-08-04 06:56,2,+16.5,+17.8,+6.7,+44.3,+34.6,+31.6,+20.0,+20.0,+20.2,+20.5,+20.3,+20.3,+20.2
2023-08-04 07:56,2,+16.4,+17.8,+6.6,+44.3,+34.6,+31.6,+20.0,+20.0,+20.3,+20.5,+20.3,+20.3,+20.2
2023-08-04 08:56,2,+16.3,+17.8,+6.6,+44.3,+34.6,+31.6,+20.1,+19.8,+20.2,+20.5,+20.2,+20.3,+20.2
2023-08-04 09:56,2,+16.3,+17.8,+6.7,+44.4,+34.7,+31.7,+20.1,+19.8,+20.2,+20.5,+20.2,+20.3,+20.2
2023-08-04 10:56,2,+16.3,+17.8,+6.7,+44.3,+34.7,+31.7,+20.2,+19.8,+20.2,+20.5,+20.2,+20.3,+20.2
2023-08-04 11:56,2,+16.2,+17.8,+6.7,+44.3,+34.7,+31.6,+20.5,+19.8,+20.2,+20.5,+20.2,+20.3,+20.2
2023-08-04 12:56,2,+16.2,+17.8,+6.7,+44.3,+34.7,+31.6,+21.0,+20.0,+20.2,+20.6,+20.2,+20.3,+20.2
2023-08-04 13:56,2,+16.1,+17.8,+6.7,+44.3,+34.6,+31.7,+21.1,+20.0,+20.2,+20.5,+20.2,+20.3,+20.2
2023-08-04 14:56,2,+16.0,+17.8,+6.7,+44.3,+34.7,+31.7,+21.3,+20.1,+20.2,+20.5,+20.2,+20.3,+20.2
2023-08-04 15:56,2,+16.0,+17.8,+6.7,+44.3,+34.7,+31.7,+21.6,+20.2,+20.2,+20.5,+20.2,+20.3,+20.2
2023-08-04 16:56,2,+15.9,+17.8,+6.7,+44.4,+34.7,+31.7,+21.6,+20.3,+20.2,+20.5,+20.2,+20.3,+20.2
2023-08-04 17:56,2,+15.9,+17.8,+6.7,+44.4,+34.7,+31.7,+21.5,+20.5,+20.2,+20.5,+20.2,+20.3,+20.2
2023-08-04 18:56,2,+16.0,+17.8,+6.7,+44.5,+34.7,+31.7,+21.3,+20.5,+20.3,+20.5,+20.3,+20.3,+20.2
2023-08-04 19:56,2,+16.0,+17.8,+6.7,+44.3,+34.7,+31.7,+21.2,+20.6,+20.3,+20.5,+20.3,+20.3,+20.2
2023-08-04 20:56,2,+16.0,+17.8,+6.7,+44.5,+34.7,+31.7,+21.1,+20.6,+20.5,+20.5,+20.3,+20.3,+20.2
2023-08-04 21:56,2,+16.0,+17.8,+6.7,+44.4,+34.7,+31.7,+20.8,+20.6,+20.5,+20.5,+20.2,+20.3,+20.2
2023-08-04 22:56,2,+16.1,+17.8,+6.7,+44.3,+34.7,+31.7,+20.8,+20.5,+20.5,+20.5,+20.2,+20.3,+20.2
2023-08-04 23:56,2,+27.7,+37.3,+43.9,+45.0,+34.8,+31.8,+20.2,+20.2,+20.5,+20.6,+20.3,+20.3,+20.2
2023-08-05 00:56,2,+22.5,+21.7,+20.4,+44.7,+34.8,+31.7,+20.3,+20.2,+20.3,+20.6,+20.3,+20.3,+20.2
2023-08-05 01:56,2,+20.3,+21.0,+9.7,+44.7,+34.8,+31.8,+20.3,+20.2,+20.3,+20.6,+20.3,+20.3,+20.2
2023-08-05 02:56,2,+19.8,+20.8,+9.5,+44.7,+34.8,+31.8,+20.2,+20.2,+20.5,+20.6,+20.2,+20.3,+20.2
2023-08-05 03:56,2,+19.6,+20.7,+9.5,+44.6,+34.8,+31.8,+20.2,+20.2,+20.3,+20.6,+20.3,+20.3,+20.2
2023-08-05 04:56,2,+19.5,+20.6,+9.5,+44.6,+34.8,+31.8,+20.1,+20.1,+20.5,+20.6,+20.2,+20.3,+20.2
2023-08-05 05:56,2,+19.4,+20.5,+9.5,+44.8,+34.8,+31.8,+20.0,+20.1,+20.5,+20.5,+20.3,+20.3,+20.2
2023-08-05 06:56,2,+19.5,+20.5,+9.5,+44.8,+34.8,+31.8,+20.0,+20.0,+20.3,+20.6,+20.3,+20.3,+20.2
2023-08-05 07:56,2,+19.9,+20.5,+9.5,+44.8,+34.9,+31.8,+20.0,+20.0,+20.3,+20.6,+20.2,+20.3,+20.2
2023-08-05 08:56,2,+19.7,+20.5,+9.5,+44.7,+34.8,+31.8,+20.0,+20.0,+20.3,+20.6,+20.3,+20.3,+20.2
2023-08-05 09:56,2,+19.5,+20.5,+9.5,+44.8,+34.9,+31.8,+20.0,+19.8,+20.3,+20.6,+20.3,+20.3,+20.3
2023-08-05 10:56,2,+19.4,+20.5,+9.5,+44.7,+34.9,+31.8,+20.1,+19.8,+20.3,+20.6,+20.3,+20.3,+20.3
2023-08-05 11:56,2,+19.4,+20.4,+9.5,+44.8,+34.9,+31.8,+20.3,+20.0,+20.3,+20.6,+20.3,+20.3,+20.2
2023-08-05 12:56,2,+19.3,+20.4,+9.5,+44.9,+35.0,+31.8,+20.7,+20.0,+20.2,+20.6,+20.2,+20.3,+20.2
2023-08-05 13:56,2,+19.2,+20.4,+9.5,+44.8,+34.9,+31.8,+20.8,+20.0,+20.2,+20.5,+20.3,+20.3,+20.2
2023-08-05 14:56,2,+19.3,+20.4,+9.5,+44.8,+35.0,+31.9,+21.1,+20.1,+20.3,+20.6,+20.3,+20.3,+20.2
2023-08-05 15:56,2,+19.2,+20.3,+9.5,+44.8,+35.1,+31.9,+21.1,+20.2,+20.2,+20.6,+20.3,+20.3,+20.2
2023-08-05 16:56,2,+19.1,+20.3,+9.5,+44.9,+35.1,+31.9,+21.1,+20.3,+20.3,+20.6,+20.3,+20.3,+20.2
2023-08-05 17:56,2,+19.0,+20.3,+9.5,+44.9,+35.2,+32.0,+21.1,+20.3,+20.3,+20.6,+20.2,+20.3,+20.3
2023-08-05 18:56,2,+19.0,+20.3,+9.5,+44.9,+35.2,+32.0,+21.0,+20.3,+20.3,+20.6,+20.3,+20.3,+20.2
2023-08-05 19:56,2,+19.0,+20.3,+9.5,+44.9,+35.2,+32.0,+20.7,+20.3,+20.3,+20.6,+20.3,+20.3,+20.2
2023-08-05 20:56,2,+19.0,+20.3,+9.5,+44.9,+35.3,+32.1,+20.6,+20.3,+20.3,+20.6,+20.3,+20.3,+20.2
2023-08-05 21:56,2,+19.0,+20.3,+9.5,+44.9,+35.3,+32.1,+20.5,+20.3,+20.5,+20.6,+20.3,+20.3,+20.2
2023-08-05 22:56,2,+18.9,+20.2,+9.5,+44.9,+35.3,+32.1,+20.3,+20.3,+20.3,+20.6,+20.3,+20.3,+20.2
2023-08-05 23:56,2,+18.9,+20.2,+9.5,+44.8,+35.3,+32.1,+20.3,+20.2,+20.5,+20.6,+20.3,+20.3,+20.2
2023-08-06 00:56,2,+18.9,+20.2,+9.5,+44.8,+35.3,+32.1,+20.2,+20.2,+20.3,+20.6,+20.3,+20.5,+20.2
2023-08-06 01:56,2,+18.9,+20.2,+9.5,+44.8,+35.3,+32.1,+20.1,+20.1,+20.3,+20.6,+20.3,+20.3,+20.2
2023-08-06 02:56,2,+19.0,+20.2,+9.5,+44.8,+35.3,+32.2,+20.1,+20.1,+20.3,+20.6,+20.3,+20.3,+20.2
2023-08-06 03:56,2,+26.6,+21.7,+9.6,+45.0,+35.3,+32.2,+19.8,+20.0,+20.5,+20.6,+20.3,+20.3,+20.2
2023-08-06 04:56,2,+22.7,+20.8,+9.5,+45.0,+35.3,+32.2,+19.8,+20.0,+20.3,+20.6,+20.3,+20.3,+20.3
2023-08-06 05:56,2,+20.9,+20.7,+9.5,+44.9,+35.3,+32.2,+19.7,+19.8,+20.3,+20.6,+20.3,+20.3,+20.2
2023-08-06 06:56,2,+21.1,+20.6,+9.5,+45.0,+35.3,+32.2,+19.7,+19.8,+20.3,+20.6,+20.3,+20.3,+20.2
2023-08-06 07:56,2,+23.8,+20.7,+9.5,+44.9,+35.3,+32.2,+19.7,+19.7,+20.2,+20.6,+20.3,+20.3,+20.2
2023-08-06 08:56,2,+21.4,+20.7,+9.5,+44.9,+35.3,+32.2,+19.8,+19.7,+20.2,+20.6,+20.3,+20.3,+20.2
2023-08-06 09:56,2,+24.6,+21.0,+9.5,+44.9,+35.3,+32.2,+19.8,+19.7,+20.2,+20.6,+20.3,+20.3,+20.2
2023-08-06 10:56,2,+21.3,+20.9,+9.5,+44.9,+35.3,+32.2,+20.0,+19.7,+20.2,+20.6,+20.2,+20.3,+20.2
2023-08-06 11:56,2,+20.7,+20.8,+9.5,+45.0,+35.3,+32.3,+20.2,+19.7,+20.2,+20.6,+20.3,+20.3,+20.3
2023-08-06 12:56,2,+20.4,+20.7,+9.6,+44.9,+35.3,+32.2,+20.5,+19.7,+20.1,+20.6,+20.3,+20.5,+20.3
2023-08-06 13:56,2,+20.2,+20.7,+9.6,+44.9,+35.3,+32.2,+20.6,+19.7,+20.2,+20.6,+20.3,+20.3,+20.2
2023-08-06 14:56,2,+20.1,+20.6,+9.6,+44.9,+35.3,+32.2,+21.0,+19.8,+20.1,+20.6,+20.3,+20.3,+20.2
2023-08-06 15:56,2,+20.0,+20.6,+9.6,+45.0,+35.3,+32.3,+21.1,+20.0,+20.2,+20.5,+20.3,+20.3,+20.2
2023-08-06 16:56,2,+19.9,+20.5,+9.6,+45.1,+35.4,+32.3,+21.1,+20.1,+20.2,+20.5,+20.3,+20.3,+20.2
2023-08-06 17:56,2,+19.8,+20.5,+9.6,+45.0,+35.4,+32.3,+21.0,+20.2,+20.2,+20.5,+20.3,+20.3,+20.2
2023-08-06 18:56,2,+19.8,+20.5,+9.6,+45.0,+35.4,+32.3,+20.8,+20.2,+20.2,+20.5,+20.3,+20.5,+20.2
2023-08-06 19:56,2,+19.7,+20.5,+9.6,+45.1,+35.4,+32.3,+20.7,+20.2,+20.3,+20.5,+20.3,+20.3,+20.3
2023-08-06 20:56,2,+19.7,+20.4,+9.6,+45.1,+35.5,+32.4,+20.7,+20.3,+20.3,+20.5,+20.2,+20.3,+20.3
2023-08-06 21:56,2,+19.7,+20.4,+9.6,+45.0,+35.4,+32.3,+20.5,+20.2,+20.3,+20.5,+20.2,+20.3,+20.2
2023-08-06 22:56,2,+19.6,+20.4,+9.6,+45.0,+35.4,+32.3,+20.3,+20.2,+20.3,+20.6,+20.3,+20.3,+20.3
2023-08-06 23:56,2,+19.6,+20.4,+9.6,+45.0,+35.4,+32.3,+20.2,+20.2,+20.3,+20.6,+20.3,+20.3,+20.2
2023-08-07 00:56,2,+19.6,+20.4,+9.6,+45.0,+35.4,+32.4,+20.2,+20.1,+20.3,+20.6,+20.3,+20.3,+20.2
2023-08-07 01:56,2,+19.6,+20.4,+9.6,+45.0,+35.4,+32.4,+20.1,+20.1,+20.3,+20.6,+20.3,+20.3,+20.3
2023-08-07 02:56,2,+19.6,+20.3,+9.6,+45.0,+35.4,+32.4,+20.0,+20.0,+20.3,+20.5,+20.2,+20.5,+20.2
2023-08-07 03:56,2,+19.6,+20.3,+9.6,+45.1,+35.5,+32.4,+20.0,+20.0,+20.3,+20.6,+20.3,+20.3,+20.2
2023-08-07 04:56,2,+19.6,+20.3,+9.6,+45.1,+35.5,+32.4,+20.0,+19.8,+20.3,+20.5,+20.2,+20.3,+20.2
2023-08-07 05:56,2,+19.6,+20.3,+9.6,+45.1,+35.5,+32.4,+20.0,+19.8,+20.2,+20.6,+20.3,+20.3,+20.2
2023-08-07 06:56,2,+19.6,+20.3,+9.6,+45.0,+35.4,+32.4,+19.8,+19.8,+20.2,+20.6,+20.3,+20.3,+20.3
2023-08-07 07:56,2,+19.6,+20.3,+9.6,+45.1,+35.5,+32.4,+19.8,+19.8,+20.2,+20.6,+20.3,+20.3,+20.3
2023-08-07 08:56,2,+19.4,+20.3,+9.6,+45.0,+35.4,+32.4,+19.8,+19.7,+20.2,+20.6,+20.2,+20.3,+20.2
2023-08-07 09:56,2,+19.4,+20.3,+9.6,+45.1,+35.5,+32.4,+20.0,+19.7,+20.2,+20.6,+20.3,+20.5,+20.2
2023-08-07 10:56,2,+29.3,+27.4,+26.0,+45.2,+35.5,+32.4,+19.8,+19.7,+20.2,+20.5,+20.2,+20.3,+20.2
2023-08-07 11:56,2,+29.4,+30.7,+44.0,+45.5,+35.5,+32.4,+19.7,+19.6,+20.1,+20.5,+20.2,+20.3,+20.3
2023-08-07 12:56,2,+26.8,+22.8,+19.2,+45.3,+35.5,+32.4,+19.8,+19.7,+20.1,+20.5,+20.2,+20.3,+20.2
2023-08-07 13:56,2,+22.6,+22.1,+11.3,+45.2,+35.5,+32.4,+20.0,+19.7,+20.2,+20.5,+20.3,+20.3,+20.3
2023-08-07 14:56,2,+21.9,+21.8,+11.3,+45.2,+35.5,+32.4,+20.0,+19.7,+20.1,+20.5,+20.3,+20.3,+20.3
2023-08-07 15:56,2,+21.7,+21.7,+11.3,+45.3,+35.5,+32.4,+20.0,+19.7,+20.1,+20.5,+20.3,+20.3,+20.2
2023-08-07 16:56,2,+21.5,+21.6,+11.3,+45.3,+35.5,+32.4,+19.8,+19.7,+20.1,+20.5,+20.3,+20.3,+20.2
2023-08-07 17:56,2,+21.3,+21.5,+11.2,+45.3,+35.6,+32.5,+19.8,+19.7,+20.1,+20.5,+20.3,+20.3,+20.3
2023-08-07 18:56,2,+21.2,+21.5,+11.2,+45.2,+35.6,+32.4,+19.7,+19.7,+20.1,+20.5,+20.3,+20.3,+20.2
2023-08-07 19:56,2,+21.1,+21.4,+11.2,+45.2,+35.6,+32.4,+19.6,+19.6,+20.1,+20.5,+20.2,+20.3,+20.2
2023-08-07 20:56,2,+21.0,+21.4,+11.2,+45.3,+35.7,+32.5,+19.6,+19.6,+20.1,+20.5,+20.2,+20.3,+20.2
2023-08-07 21:56,2,+20.8,+21.3,+11.2,+45.3,+35.7,+32.5,+19.5,+19.6,+20.1,+20.5,+20.3,+20.3,+20.3
2023-08-07 22:56,2,+20.7,+21.3,+11.2,+45.3,+35.7,+32.6,+19.3,+19.6,+20.1,+20.5,+20.3,+20.3,+20.2
2023-08-07 23:56,2,+20.7,+21.2,+11.1,+45.2,+35.7,+32.6,+19.2,+19.5,+20.1,+20.5,+20.2,+20.3,+20.2
2023-08-08 00:56,2,+20.7,+21.2,+11.1,+45.2,+35.7,+32.6,+19.2,+19.5,+20.0,+20.5,+20.2,+20.3,+20.3
2023-08-08 01:56,2,+20.6,+21.2,+11.1,+45.3,+35.8,+32.6,+19.1,+19.3,+20.1,+20.5,+20.3,+20.3,+20.3
2023-08-08 02:56,2,+20.6,+21.2,+11.1,+45.2,+35.7,+32.6,+19.0,+19.3,+20.0,+20.5,+20.3,+20.3,+20.2
2023-08-08 03:56,2,+20.5,+21.1,+11.1,+45.3,+35.8,+32.6,+19.0,+19.3,+20.0,+20.5,+20.3,+20.3,+20.2
2023-08-08 04:56,2,+20.5,+21.1,+11.1,+45.3,+35.8,+32.6,+19.0,+19.2,+20.0,+20.5,+20.2,+20.3,+20.2
2023-08-08 05:56,2,+20.5,+21.1,+11.0,+45.2,+35.7,+32.6,+18.8,+19.1,+20.0,+20.5,+20.2,+20.3,+20.2
2023-08-08 06:56,2,+20.5,+21.1,+11.0,+45.3,+35.7,+32.6,+18.8,+19.1,+19.8,+20.5,+20.3,+20.3,+20.2
2023-08-08 07:56,2,+20.4,+21.0,+11.0,+45.2,+35.7,+32.6,+18.8,+19.1,+19.8,+20.5,+20.2,+20.3,+20.3
2023-08-08 08:56,2,+20.4,+21.0,+11.0,+45.3,+35.8,+32.6,+19.0,+19.1,+19.8,+20.3,+20.2,+20.3,+20.2
2023-08-08 09:56,2,+20.4,+21.0,+11.0,+45.3,+35.8,+32.6,+19.2,+19.0,+19.8,+20.5,+20.2,+20.3,+20.2
2023-08-08 10:56,2,+20.3,+21.0,+11.0,+45.3,+35.7,+32.6,+19.5,+19.0,+19.7,+20.3,+20.2,+20.3,+20.3
2023-08-08 11:56,2,+20.3,+21.0,+11.0,+45.2,+35.7,+32.6,+19.6,+19.1,+19.7,+20.3,+20.2,+20.3,+20.3
2023-08-08 12:56,2,+20.2,+21.0,+11.0,+45.3,+35.7,+32.6,+19.7,+19.1,+19.7,+20.3,+20.2,+20.3,+20.2
2023-08-08 13:56,2,+20.3,+21.0,+11.0,+45.2,+35.7,+32.6,+19.7,+19.2,+19.7,+20.3,+20.2,+20.3,+20.3
2023-08-08 14:56,2,+29.6,+26.3,+38.1,+45.4,+35.7,+32.6,+19.6,+19.2,+19.7,+20.2,+20.2,+20.2,+20.2
2023-08-08 15:56,2,+28.1,+23.0,+15.1,+45.3,+35.7,+32.6,+19.5,+19.2,+19.7,+20.2,+20.2,+20.3,+20.2
2023-08-08 16:56,2,+25.4,+22.2,+11.3,+45.4,+35.7,+32.6,+19.5,+19.2,+19.7,+20.3,+20.2,+20.2,+20.2
2023-08-08 17:56,2,+22.9,+21.9,+11.3,+45.4,+35.7,+32.6,+19.3,+19.3,+19.7,+20.2,+20.2,+20.3,+20.2
2023-08-08 18:56,2,+22.3,+21.8,+11.3,+45.4,+35.7,+32.6,+19.2,+19.2,+19.7,+20.3,+20.2,+20.3,+20.3
2023-08-08 19:56,2,+22.0,+21.7,+11.3,+45.4,+35.7,+32.6,+19.1,+19.2,+19.8,+20.2,+20.2,+20.3,+20.2
2023-08-08 20:56,2,+21.9,+21.6,+11.3,+45.3,+35.7,+32.6,+19.1,+19.2,+19.8,+20.2,+20.2,+20.3,+20.2
2023-08-08 21:56,2,+21.8,+21.6,+11.3,+45.4,+35.7,+32.7,+19.0,+19.1,+19.8,+20.2,+20.2,+20.2,+20.2
2023-08-08 22:56,2,+21.7,+21.5,+11.3,+45.3,+35.7,+32.6,+19.0,+19.1,+19.7,+20.2,+20.1,+20.2,+20.2
2023-08-08 23:56,2,+21.6,+21.5,+11.3,+45.3,+35.7,+32.6,+18.8,+19.0,+19.7,+20.2,+20.2,+20.2,+20.3
2023-08-09 00:56,2,+21.5,+21.5,+11.3,+45.3,+35.7,+32.6,+18.8,+19.0,+19.7,+20.2,+20.1,+20.2,+20.2
2023-08-09 01:56,2,+21.4,+21.4,+11.3,+45.3,+35.7,+32.6,+18.7,+19.0,+19.7,+20.2,+20.2,+20.3,+20.2
2023-08-09 02:56,2,+21.4,+21.4,+11.3,+45.5,+35.8,+32.7,+18.5,+18.8,+19.7,+20.2,+20.2,+20.2,+20.2
2023-08-09 03:56,2,+21.3,+21.4,+11.3,+45.3,+35.8,+32.7,+18.5,+18.8,+19.6,+20.2,+20.1,+20.2,+20.2
2023-08-09 04:56,2,+21.2,+21.3,+11.2,+45.3,+35.8,+32.6,+18.5,+18.7,+19.6,+20.2,+20.2,+20.2,+20.2
2023-08-09 05:56,2,+21.2,+21.3,+11.2,+45.3,+35.8,+32.6,+18.5,+18.7,+19.6,+20.2,+20.2,+20.2,+20.2
2023-08-09 06:56,2,+21.2,+21.3,+11.2,+45.3,+35.8,+32.6,+18.5,+18.7,+19.6,+20.2,+20.2,+20.2,+20.2
2023-08-09 07:56,2,+21.1,+21.3,+11.2,+45.5,+35.8,+32.7,+18.3,+18.6,+19.5,+20.1,+20.1,+20.2,+20.3
2023-08-09 08:56,2,+21.1,+21.3,+11.2,+45.5,+35.8,+32.7,+18.6,+18.6,+19.5,+20.2,+20.1,+20.2,+20.2
2023-08-09 09:56,2,+21.0,+21.2,+11.2,+45.3,+35.8,+32.7,+18.7,+18.6,+19.5,+20.2,+20.1,+20.2,+20.2
2023-08-09 10:56,2,+21.0,+21.2,+11.2,+45.4,+35.8,+32.7,+19.0,+18.7,+19.5,+20.1,+20.1,+20.2,+20.2
2023-08-09 11:56,2,+20.9,+21.2,+11.2,+45.5,+35.8,+32.7,+19.2,+18.6,+19.5,+20.1,+20.1,+20.2,+20.2
2023-08-09 12:56,2,+20.9,+21.2,+11.2,+45.5,+35.8,+32.7,+19.8,+18.8,+19.5,+20.1,+20.1,+20.2,+20.2
2023-08-09 13:56,2,+20.8,+21.2,+11.2,+45.4,+35.8,+32.7,+20.1,+19.0,+19.5,+20.1,+20.1,+20.2,+20.2
2023-08-09 14:56,2,+20.8,+21.2,+11.2,+45.5,+35.8,+32.7,+20.5,+19.1,+19.5,+20.1,+20.1,+20.2,+20.2
2023-08-09 15:56,2,+20.8,+21.2,+11.2,+45.4,+35.8,+32.7,+20.7,+19.2,+19.5,+20.1,+20.1,+20.2,+20.2
2023-08-09 16:56,2,+20.7,+21.2,+11.2,+45.5,+35.8,+32.7,+20.7,+19.5,+19.6,+20.1,+20.1,+20.2,+20.2
2023-08-09 17:56,2,+20.7,+21.2,+11.2,+45.5,+35.8,+32.7,+20.7,+19.6,+19.6,+20.1,+20.1,+20.2,+20.2
2023-08-09 18:56,2,+20.7,+21.2,+11.2,+45.5,+35.8,+32.7,+20.6,+19.7,+19.6,+20.1,+20.1,+20.2,+20.2
2023-08-09 19:56,2,+20.7,+21.1,+11.2,+45.3,+35.8,+32.7,+20.5,+19.7,+19.7,+20.1,+20.1,+20.2,+20.2
2023-08-09 20:56,2,+20.7,+21.2,+11.2,+45.3,+35.8,+32.7,+20.3,+19.8,+19.7,+20.1,+20.1,+20.2,+20.2
2023-08-09 21:56,2,+20.7,+21.2,+11.2,+45.3,+35.8,+32.7,+20.2,+19.8,+19.7,+20.1,+20.0,+20.1,+20.2
2023-08-09 22:56,2,+20.7,+21.1,+11.2,+45.5,+35.8,+32.7,+20.1,+19.8,+19.8,+20.1,+20.0,+20.1,+20.2
2023-08-09 23:56,2,+20.7,+21.1,+11.2,+45.5,+35.8,+32.7,+20.0,+19.7,+19.8,+20.1,+20.0,+20.2,+20.2
2023-08-10 00:56,2,+20.7,+21.1,+11.2,+45.4,+35.8,+32.7,+20.0,+19.7,+19.8,+20.1,+20.0,+20.1,+20.2
2023-08-10 01:56,2,+20.7,+21.1,+11.2,+45.4,+35.8,+32.7,+19.8,+19.7,+19.8,+20.1,+20.1,+20.1,+20.2
2023-08-10 02:56,2,+20.7,+21.1,+11.2,+45.4,+35.8,+32.7,+19.8,+19.7,+19.8,+20.1,+20.1,+20.2,+20.2
2023-08-10 03:56,2,+20.7,+21.1,+11.2,+45.5,+35.8,+32.7,+19.7,+19.6,+19.8,+20.2,+20.0,+20.1,+20.2
2023-08-10 04:56,2,+20.7,+21.1,+11.2,+45.5,+35.8,+32.7,+19.7,+19.5,+19.8,+20.2,+20.1,+20.2,+20.2
2023-08-10 05:56,2,+20.7,+21.1,+11.2,+45.5,+35.8,+32.7,+19.6,+19.5,+19.8,+20.2,+20.1,+20.2,+20.1
2023-08-10 06:56,2,+20.7,+21.1,+11.1,+45.5,+35.8,+32.7,+19.5,+19.6,+19.8,+20.2,+20.1,+20.2,+20.2
2023-08-10 07:56,2,+20.7,+21.1,+11.2,+45.4,+35.8,+32.7,+19.6,+19.5,+19.8,+20.2,+20.1,+20.1,+20.1
2023-08-10 08:56,2,+20.7,+21.1,+11.1,+45.4,+35.7,+32.7,+19.7,+19.3,+19.8,+20.2,+20.1,+20.1,+20.2
2023-08-10 09:56,2,+20.6,+21.1,+11.1,+45.5,+35.8,+32.7,+20.0,+19.5,+19.8,+20.2,+20.1,+20.1,+20.2
2023-08-10 10:56,2,+20.6,+21.1,+11.1,+45.4,+35.7,+32.7,+20.1,+19.5,+19.8,+20.2,+20.0,+20.2,+20.1
2023-08-10 11:56,2,+20.6,+21.1,+11.1,+45.5,+35.8,+32.7,+20.3,+19.6,+19.8,+20.1,+20.1,+20.1,+20.1
2023-08-10 12:56,2,+20.5,+21.1,+11.1,+45.5,+35.8,+32.7,+20.6,+19.6,+19.8,+20.2,+20.1,+20.1,+20.1
2023-08-10 13:56,2,+20.5,+21.1,+11.1,+45.5,+35.8,+32.7,+21.0,+19.7,+19.8,+20.2,+20.1,+20.2,+20.1
2023-08-10 14:56,2,+20.5,+21.1,+11.1,+45.5,+35.8,+32.7,+21.3,+19.8,+19.8,+20.1,+20.1,+20.1,+20.1
2023-08-10 15:56,2,+20.4,+21.1,+11.1,+45.5,+35.8,+32.7,+21.3,+20.0,+19.8,+20.1,+20.0,+20.1,+20.2
2023-08-10 16:56,2,+20.4,+21.0,+11.1,+45.5,+35.8,+32.7,+21.3,+20.1,+19.8,+20.1,+20.1,+20.2,+20.1
2023-08-10 17:56,2,+20.5,+21.1,+11.1,+45.5,+35.8,+32.7,+21.2,+20.2,+20.0,+20.2,+20.0,+20.2,+20.1
2023-08-10 18:56,2,+20.5,+21.1,+11.2,+45.5,+35.8,+32.7,+21.2,+20.3,+20.0,+20.2,+20.0,+20.2,+20.1
2023-08-10 19:56,2,+20.5,+21.1,+11.2,+45.5,+35.8,+32.7,+21.1,+20.3,+20.1,+20.2,+20.0,+20.2,+20.1
2023-08-10 20:56,2,+20.5,+21.1,+11.1,+45.4,+35.8,+32.7,+21.1,+20.3,+20.1,+20.2,+20.1,+20.1,+20.1
2023-08-10 21:56,2,+20.5,+21.1,+11.2,+45.4,+35.7,+32.7,+21.0,+20.3,+20.2,+20.2,+20.0,+20.2,+20.2
2023-08-10 22:56,2,+20.5,+21.1,+11.2,+45.4,+35.7,+32.7,+20.8,+20.3,+20.2,+20.2,+20.1,+20.1,+20.1
2023-08-10 23:56,2,+20.5,+21.1,+11.2,+45.6,+35.8,+32.7,+20.7,+20.3,+20.2,+20.2,+20.1,+20.1,+20.1
2023-08-11 00:56,2,+20.5,+21.1,+11.1,+45.4,+35.7,+32.7,+20.6,+20.2,+20.2,+20.3,+20.1,+20.2,+20.1
2023-08-11 01:56,2,+20.6,+21.1,+11.2,+45.6,+35.8,+32.7,+20.6,+20.3,+20.2,+20.3,+20.1,+20.1,+20.1
2023-08-11 02:56,2,+20.6,+21.1,+11.2,+45.4,+35.7,+32.7,+20.5,+20.2,+20.2,+20.2,+20.1,+20.2,+20.2
2023-08-11 03:56,2,+20.6,+21.1,+11.2,+45.6,+35.8,+32.7,+20.3,+20.2,+20.2,+20.3,+20.1,+20.2,+20.1
2023-08-11 04:56,2,+20.7,+21.1,+11.2,+45.4,+35.7,+32.7,+20.2,+20.1,+20.2,+20.2,+20.1,+20.2,+20.1
2023-08-11 05:56,2,+20.7,+21.1,+11.2,+45.6,+35.8,+32.7,+20.2,+20.1,+20.2,+20.3,+20.1,+20.1,+20.1
2023-08-11 06:56,2,+20.7,+21.1,+11.2,+45.6,+35.8,+32.7,+20.2,+20.1,+20.2,+20.3,+20.1,+20.2,+20.1
2023-08-11 07:56,2,+20.8,+21.1,+11.1,+45.6,+35.8,+32.7,+20.2,+20.0,+20.2,+20.3,+20.1,+20.1,+20.2
2023-08-11 08:56,2,+20.7,+21.1,+11.1,+45.4,+35.8,+32.7,+20.2,+20.0,+20.2,+20.3,+20.1,+20.2,+20.2
2023-08-11 09:56,2,+20.7,+21.1,+11.2,+45.4,+35.8,+32.7,+20.3,+20.0,+20.2,+20.3,+20.1,+20.2,+20.1
2023-08-11 10:56,2,+20.7,+21.1,+11.2,+45.6,+35.8,+32.7,+20.5,+20.0,+20.2,+20.3,+20.1,+20.2,+20.2
2023-08-11 11:56,2,+20.7,+21.1,+11.2,+45.6,+35.8,+32.7,+20.8,+20.0,+20.2,+20.3,+20.1,+20.2,+20.2
2023-08-11 12:56,2,+20.6,+21.1,+11.2,+45.6,+35.8,+32.7,+21.1,+20.1,+20.2,+20.3,+20.1,+20.2,+20.1
2023-08-11 13:56,2,+20.6,+21.1,+11.2,+45.4,+35.7,+32.7,+21.3,+20.1,+20.2,+20.3,+20.1,+20.2,+20.1
2023-08-11 14:56,2,+20.6,+21.1,+11.2,+45.6,+35.8,+32.7,+21.6,+20.2,+20.2,+20.3,+20.1,+20.2,+20.2
2023-08-11 15:56,2,+20.6,+21.1,+11.1,+45.5,+35.7,+32.7,+21.8,+20.3,+20.2,+20.3,+20.2,+20.2,+20.1
2023-08-11 16:56,2,+20.6,+21.1,+11.2,+45.5,+35.8,+32.7,+21.8,+20.5,+20.2,+20.3,+20.1,+20.2,+20.2
2023-08-11 17:56,2,+20.6,+21.1,+11.2,+45.6,+35.8,+32.7,+21.7,+20.6,+20.2,+20.3,+20.1,+20.2,+20.2
2023-08-11 18:56,2,+30.5,+29.2,+39.0,+45.7,+35.8,+32.7,+21.5,+20.7,+20.6,+20.5,+20.2,+20.2,+20.1
2023-08-11 19:56,2,+26.8,+23.3,+18.6,+45.6,+35.8,+32.7,+21.3,+20.8,+20.5,+20.5,+20.1,+20.2,+20.1
2023-08-11 20:56,2,+26.0,+23.0,+12.7,+45.6,+35.8,+32.7,+21.2,+20.8,+20.6,+20.5,+20.1,+20.2,+20.2
2023-08-11 21:56,2,+25.7,+22.9,+12.6,+45.6,+35.8,+32.7,+21.1,+20.7,+20.5,+20.5,+20.2,+20.2,+20.2
2023-08-11 22:56,2,+25.4,+22.8,+12.6,+45.7,+35.8,+32.7,+21.0,+20.7,+20.5,+20.5,+20.1,+20.2,+20.2
2023-08-11 23:56,2,+24.5,+22.7,+12.6,+45.6,+35.8,+32.7,+20.7,+20.6,+20.6,+20.5,+20.2,+20.2,+20.2
2023-08-12 00:56,2,+24.3,+22.6,+12.6,+45.7,+35.8,+32.7,+20.6,+20.6,+20.6,+20.5,+20.2,+20.2,+20.1
2023-08-12 01:56,2,+24.1,+22.6,+12.6,+45.6,+35.8,+32.7,+20.3,+20.5,+20.5,+20.5,+20.2,+20.2,+20.2
2023-08-12 02:56,2,+24.0,+22.6,+12.6,+45.6,+35.8,+32.7,+20.2,+20.3,+20.6,+20.5,+20.2,+20.2,+20.2
2023-08-12 03:56,2,+23.9,+22.5,+12.6,+45.7,+35.9,+32.7,+20.1,+20.3,+20.5,+20.5,+20.2,+20.2,+20.2
2023-08-12 04:56,2,+23.8,+22.5,+12.6,+45.6,+35.8,+32.7,+20.0,+20.2,+20.5,+20.6,+20.2,+20.2,+20.2
2023-08-12 05:56,2,+23.7,+22.4,+12.6,+45.8,+35.9,+32.8,+19.8,+20.1,+20.5,+20.6,+20.2,+20.2,+20.1
2023-08-12 06:56,2,+23.7,+22.4,+12.6,+45.6,+35.9,+32.7,+19.8,+20.1,+20.5,+20.6,+20.2,+20.2,+20.2
2023-08-12 07:56,2,+23.6,+22.4,+12.6,+45.7,+35.9,+32.8,+19.7,+20.0,+20.3,+20.6,+20.2,+20.2,+20.1
2023-08-12 08:56,2,+23.5,+22.4,+12.6,+45.7,+35.9,+32.8,+19.8,+19.8,+20.3,+20.6,+20.2,+20.2,+20.2
2023-08-12 09:56,2,+23.5,+22.3,+12.6,+45.7,+36.0,+32.8,+20.0,+19.8,+20.3,+20.5,+20.2,+20.3,+20.1
2023-08-12 10:56,2,+23.4,+22.3,+12.6,+45.8,+36.0,+32.9,+20.2,+19.8,+20.2,+20.6,+20.2,+20.2,+20.2
2023-08-12 11:56,2,+23.3,+22.3,+12.6,+45.8,+36.0,+32.9,+20.5,+19.8,+20.2,+20.6,+20.2,+20.2,+20.2
2023-08-12 12:56,2,+23.3,+22.2,+12.6,+45.8,+36.1,+32.9,+20.6,+19.8,+20.2,+20.5,+20.2,+20.3,+20.2
2023-08-12 13:56,2,+23.3,+22.2,+12.6,+45.8,+36.1,+32.9,+21.0,+20.0,+20.2,+20.5,+20.2,+20.2,+20.2
2023-08-12 14:56,2,+23.2,+22.2,+12.5,+45.8,+36.1,+32.9,+21.3,+20.1,+20.2,+20.5,+20.2,+20.2,+20.2
2023-08-12 15:56,2,+23.2,+22.2,+12.5,+45.8,+36.1,+32.9,+21.5,+20.2,+20.2,+20.5,+20.2,+20.2,+20.2
2023-08-12 16:56,2,+23.1,+22.2,+12.5,+45.7,+36.0,+32.9,+21.5,+20.3,+20.3,+20.5,+20.2,+20.2,+20.2
2023-08-12 17:56,2,+23.1,+22.2,+12.5,+45.6,+36.0,+32.9,+21.3,+20.5,+20.3,+20.6,+20.2,+20.2,+20.2
2023-08-12 18:56,2,+23.1,+22.2,+12.5,+45.8,+36.1,+32.9,+21.2,+20.5,+20.2,+20.5,+20.2,+20.2,+20.2
2023-08-12 19:56,2,+23.1,+22.2,+12.5,+45.7,+36.0,+32.9,+21.1,+20.6,+20.5,+20.5,+20.2,+20.3,+20.2
2023-08-12 20:56,2,+23.1,+22.2,+12.5,+45.8,+36.1,+32.9,+21.0,+20.6,+20.3,+20.5,+20.2,+20.3,+20.2
2023-08-12 21:56,2,+23.1,+22.2,+12.5,+45.8,+36.1,+32.9,+20.7,+20.6,+20.5,+20.6,+20.2,+20.3,+20.2
2023-08-12 22:56,2,+23.1,+22.2,+12.5,+45.7,+36.0,+32.9,+20.6,+20.5,+20.5,+20.6,+20.2,+20.3,+20.2
2023-08-12 23:56,2,+23.0,+22.1,+12.5,+45.7,+36.0,+32.9,+20.6,+20.5,+20.5,+20.6,+20.2,+20.3,+20.2
2023-08-13 00:56,2,+23.0,+22.1,+12.5,+45.8,+36.1,+32.9,+20.5,+20.3,+20.5,+20.6,+20.3,+20.3,+20.2
2023-08-13 01:56,2,+23.0,+22.1,+12.5,+45.8,+36.1,+32.9,+20.3,+20.3,+20.5,+20.6,+20.2,+20.3,+20.2
2023-08-13 02:56,2,+23.0,+22.1,+12.5,+45.8,+36.1,+32.9,+20.3,+20.2,+20.3,+20.6,+20.2,+20.3,+20.2
2023-08-13 03:56,2,+23.0,+22.1,+12.5,+45.7,+36.0,+32.9,+20.2,+20.2,+20.5,+20.5,+20.2,+20.3,+20.2
2023-08-13 04:56,2,+23.0,+22.1,+12.5,+45.8,+36.1,+32.9,+20.2,+20.1,+20.5,+20.6,+20.2,+20.3,+20.2
2023-08-13 05:56,2,+22.9,+22.1,+12.5,+45.8,+36.1,+32.9,+20.1,+20.1,+20.3,+20.6,+20.2,+20.3,+20.2
2023-08-13 06:56,2,+22.9,+22.1,+12.5,+45.7,+36.0,+32.9,+20.1,+20.1,+20.3,+20.6,+20.3,+20.3,+20.2
2023-08-13 07:56,2,+22.9,+22.1,+12.5,+45.8,+36.1,+33.0,+20.1,+20.0,+20.3,+20.6,+20.3,+20.3,+20.2
2023-08-13 08:56,2,+22.9,+22.1,+12.5,+45.7,+36.0,+33.0,+20.2,+20.0,+20.3,+20.5,+20.2,+20.3,+20.2
2023-08-13 09:56,2,+22.9,+22.1,+12.5,+45.8,+36.1,+32.9,+20.3,+20.0,+20.3,+20.6,+20.2,+20.3,+20.2
2023-08-13 10:56,2,+22.8,+22.1,+12.5,+45.7,+36.0,+32.9,+20.5,+20.0,+20.2,+20.6,+20.3,+20.3,+20.2
2023-08-13 11:56,2,+22.8,+22.1,+12.5,+45.7,+36.0,+32.9,+20.7,+20.1,+20.3,+20.5,+20.2,+20.3,+20.2
2023-08-13 12:56,2,+22.9,+22.1,+12.5,+45.7,+36.0,+32.9,+20.8,+20.1,+20.3,+20.5,+20.3,+20.3,+20.2
2023-08-13 13:56,2,+30.2,+23.3,+12.5,+45.7,+36.0,+32.9,+20.8,+20.2,+20.3,+20.6,+20.2,+20.3,+20.2
2023-08-13 14:56,2,+46.9,+30.1,+17.9,+45.9,+36.1,+33.0,+20.3,+20.0,+20.3,+20.5,+20.2,+20.3,+20.2
2023-08-13 15:56,2,+37.4,+40.1,+28.6,+45.9,+36.1,+33.0,+20.0,+19.7,+20.1,+20.6,+20.3,+20.3,+20.2
2023-08-13 16:56,2,+31.8,+27.6,+22.0,+46.2,+37.4,+34.3,+20.2,+20.1,+20.2,+20.5,+20.2,+20.3,+20.2
2023-08-13 17:56,2,+29.4,+24.9,+14.1,+46.2,+37.4,+34.7,+20.2,+20.1,+20.3,+20.6,+20.2,+20.3,+20.2
2023-08-13 18:56,2,+27.9,+23.8,+13.2,+46.0,+37.3,+34.7,+20.1,+20.1,+20.3,+20.5,+20.3,+20.3,+20.2
2023-08-13 19:56,2,+27.5,+23.4,+13.1,+46.1,+37.2,+34.6,+20.0,+20.1,+20.3,+20.6,+20.3,+20.3,+20.2
2023-08-13 20:56,2,+27.3,+23.3,+13.1,+46.1,+37.2,+34.5,+20.0,+20.0,+20.3,+20.6,+20.2,+20.3,+20.2
2023-08-13 21:56,2,+27.1,+23.2,+13.0,+46.0,+37.1,+34.3,+19.8,+20.0,+20.3,+20.5,+20.2,+20.3,+20.2
2023-08-13 22:56,2,+26.9,+23.1,+13.0,+46.1,+37.0,+34.2,+19.8,+19.8,+20.3,+20.6,+20.3,+20.3,+20.2
2023-08-13 23:56,2,+26.8,+23.1,+13.0,+46.0,+36.9,+34.1,+19.8,+19.8,+20.3,+20.6,+20.3,+20.3,+20.2
2023-08-14 00:56,2,+26.7,+23.0,+12.9,+46.0,+36.9,+34.1,+19.7,+19.8,+20.2,+20.5,+20.3,+20.5,+20.2
2023-08-14 01:56,2,+25.8,+22.9,+12.9,+46.1,+36.9,+34.0,+19.8,+19.7,+20.2,+20.6,+20.2,+20.3,+20.2
2023-08-14 02:56,2,+25.8,+22.9,+12.9,+46.0,+36.8,+33.9,+19.7,+19.7,+20.2,+20.5,+20.3,+20.3,+20.2
2023-08-14 03:56,2,+25.7,+22.9,+12.9,+46.0,+36.7,+33.9,+19.6,+19.7,+20.2,+20.5,+20.3,+20.3,+20.2
2023-08-14 04:56,2,+25.6,+22.8,+12.9,+46.0,+36.7,+33.9,+19.6,+19.6,+20.2,+20.5,+20.3,+20.3,+20.2
2023-08-14 05:56,2,+25.6,+22.8,+12.9,+45.9,+36.7,+33.8,+19.6,+19.6,+20.2,+20.5,+20.3,+20.3,+20.2
2023-08-14 06:56,2,+25.5,+22.8,+12.9,+45.9,+36.7,+33.7,+19.5,+19.6,+20.2,+20.5,+20.3,+20.3,+20.2
2023-08-14 07:56,2,+25.5,+22.8,+12.9,+45.9,+36.6,+33.6,+19.5,+19.5,+20.1,+20.5,+20.2,+20.3,+20.2
2023-08-14 08:56,2,+25.4,+22.7,+12.9,+46.0,+36.7,+33.6,+19.6,+19.6,+20.1,+20.5,+20.2,+20.3,+20.2
2023-08-14 09:56,2,+25.4,+22.7,+12.9,+45.9,+36.6,+33.6,+19.6,+19.5,+20.1,+20.5,+20.3,+20.3,+20.2
2023-08-14 10:56,2,+25.3,+22.7,+12.9,+46.0,+36.6,+33.6,+19.8,+19.5,+20.1,+20.6,+20.3,+20.3,+20.3
2023-08-14 11:56,2,+25.3,+22.7,+12.8,+45.9,+36.6,+33.6,+20.1,+19.6,+20.0,+20.5,+20.3,+20.3,+20.2
2023-08-14 12:56,2,+25.3,+22.7,+12.8,+45.9,+36.5,+33.5,+20.5,+19.6,+20.1,+20.5,+20.2,+20.3,+20.2
2023-08-14 13:56,2,+25.2,+22.7,+12.8,+46.0,+36.6,+33.5,+20.6,+19.7,+20.1,+20.3,+20.2,+20.3,+20.2
2023-08-14 14:56,2,+46.0,+27.9,+19.4,+45.9,+36.6,+33.5,+20.2,+19.8,+20.0,+20.5,+20.3,+20.3,+20.2
2023-08-14 15:56,2,+46.2,+28.7,+19.1,+46.0,+36.6,+33.5,+20.0,+19.7,+20.1,+20.5,+20.3,+20.3,+20.3
2023-08-14 16:56,2,+35.5,+28.5,+18.8,+46.0,+36.6,+33.5,+20.1,+19.8,+20.0,+20.5,+20.2,+20.3,+20.2
2023-08-14 17:56,2,+46.3,+27.2,+23.3,+46.0,+36.7,+33.5,+19.5,+19.6,+20.1,+20.3,+20.2,+20.3,+20.2
2023-08-14 18:56,2,+46.5,+26.4,+20.5,+46.2,+37.2,+33.8,+19.6,+19.6,+20.1,+20.5,+20.2,+20.3,+20.3
2023-08-14 19:56,2,+46.0,+28.5,+31.9,+46.2,+37.3,+34.5,+19.3,+19.5,+20.0,+20.5,+20.2,+20.3,+20.2
2023-08-14 20:56,2,+33.4,+25.7,+19.3,+46.3,+37.4,+34.7,+19.5,+19.6,+20.1,+20.3,+20.2,+20.3,+20.2
2023-08-14 21:56,2,+31.2,+24.6,+14.0,+46.3,+37.4,+34.8,+19.5,+19.6,+20.1,+20.5,+20.2,+20.3,+20.2
2023-08-14 22:56,2,+29.5,+23.9,+13.5,+46.2,+37.4,+34.7,+19.3,+19.5,+20.1,+20.3,+20.2,+20.3,+20.3
2023-08-14 23:56,2,+29.2,+23.7,+13.5,+46.2,+37.3,+34.6,+19.3,+19.5,+20.0,+20.3,+20.3,+20.3,+20.2
2023-08-15 00:56,2,+28.9,+23.5,+13.4,+46.2,+37.2,+34.5,+19.2,+19.5,+20.1,+20.3,+20.2,+20.3,+20.2
2023-08-15 01:56,2,+28.3,+23.4,+13.4,+46.1,+37.2,+34.4,+19.2,+19.3,+20.0,+20.5,+20.2,+20.3,+20.2
2023-08-15 02:56,2,+28.1,+23.3,+13.3,+46.2,+37.1,+34.3,+19.2,+19.3,+20.0,+20.5,+20.2,+20.3,+20.3
2023-08-15 03:56,2,+27.9,+23.3,+13.3,+46.2,+37.1,+34.3,+19.1,+19.3,+20.0,+20.3,+20.2,+20.3,+20.2
2023-08-15 04:56,2,+27.8,+23.2,+13.3,+46.2,+37.1,+34.2,+19.0,+19.2,+20.0,+20.3,+20.2,+20.3,+20.2
2023-08-15 05:56,2,+27.7,+23.2,+13.2,+46.0,+37.0,+34.1,+19.0,+19.2,+19.8,+20.3,+20.2,+20.3,+20.3
2023-08-15 06:56,2,+27.6,+23.1,+13.2,+46.0,+36.9,+34.0,+18.8,+19.2,+19.8,+20.3,+20.2,+20.3,+20.2
2023-08-15 07:56,2,+27.4,+23.1,+13.2,+46.2,+36.9,+34.1,+19.0,+19.1,+19.8,+20.3,+20.2,+20.3,+20.2
2023-08-15 08:56,2,+27.4,+23.1,+13.2,+46.2,+36.9,+34.0,+19.0,+19.0,+19.8,+20.3,+20.2,+20.2,+20.2
2023-08-15 09:56,2,+27.3,+23.0,+13.2,+46.2,+36.9,+33.9,+19.2,+19.1,+19.8,+20.3,+20.2,+20.3,+20.2
2023-08-15 10:56,2,+27.3,+23.0,+13.2,+46.2,+36.8,+33.8,+19.5,+19.1,+19.7,+20.3,+20.2,+20.3,+20.2
2023-08-15 11:56,2,+27.2,+23.0,+13.2,+46.2,+36.8,+33.8,+19.7,+19.1,+19.7,+20.3,+20.2,+20.3,+20.2
2023-08-15 12:56,2,+27.2,+22.9,+13.1,+46.0,+36.7,+33.7,+20.1,+19.2,+19.7,+20.3,+20.2,+20.3,+20.2
2023-08-15 13:56,2,+27.2,+22.9,+13.1,+46.2,+36.8,+33.7,+20.3,+19.3,+19.7,+20.3,+20.2,+20.2,+20.2
2023-08-15 14:56,2,+27.1,+22.9,+13.1,+46.2,+36.7,+33.7,+20.5,+19.5,+19.7,+20.3,+20.2,+20.2,+20.2
2023-08-15 15:56,2,+27.0,+22.9,+13.1,+46.2,+36.7,+33.7,+20.6,+19.6,+19.7,+20.2,+20.2,+20.3,+20.2
2023-08-15 16:56,2,+27.0,+22.9,+13.1,+46.0,+36.7,+33.7,+20.6,+19.7,+19.8,+20.2,+20.2,+20.2,+20.2
2023-08-15 17:56,2,+27.0,+22.9,+13.1,+46.0,+36.6,+33.6,+20.5,+19.7,+19.8,+20.2,+20.2,+20.2,+20.2
2023-08-15 18:56,2,+27.0,+22.9,+13.1,+46.2,+36.7,+33.7,+20.3,+19.8,+19.8,+20.2,+20.1,+20.2,+20.2
2023-08-15 19:56,2,+26.9,+22.9,+13.1,+46.1,+36.7,+33.6,+20.1,+19.8,+19.8,+20.2,+20.2,+20.2,+20.2
2023-08-15 20:56,2,+26.9,+22.9,+13.1,+46.2,+36.7,+33.6,+20.0,+19.8,+20.0,+20.2,+20.1,+20.2,+20.2
2023-08-15 21:56,2,+26.8,+22.9,+13.1,+46.0,+36.6,+33.6,+19.7,+19.7,+20.0,+20.3,+20.2,+20.2,+20.2
2023-08-15 22:56,2,+26.8,+22.8,+13.1,+46.0,+36.6,+33.6,+19.7,+19.7,+20.0,+20.3,+20.2,+20.2,+20.2
2023-08-15 23:56,2,+26.8,+22.8,+13.1,+46.0,+36.6,+33.5,+19.5,+19.6,+20.0,+20.3,+20.2,+20.3,+20.2
2023-08-16 00:56,2,+26.7,+22.8,+13.1,+46.1,+36.6,+33.6,+19.5,+19.6,+20.0,+20.3,+20.1,+20.2,+20.2
2023-08-16 01:56,2,+26.7,+22.8,+13.1,+46.0,+36.6,+33.5,+19.3,+19.5,+20.0,+20.3,+20.2,+20.3,+20.2
2023-08-16 02:56,2,+26.6,+22.8,+13.1,+46.0,+36.6,+33.5,+19.2,+19.3,+20.0,+20.3,+20.1,+20.2,+20.2
2023-08-16 03:56,2,+26.6,+22.8,+13.0,+46.0,+36.6,+33.5,+19.2,+19.3,+19.8,+20.3,+20.2,+20.2,+20.2
2023-08-16 04:56,2,+26.6,+22.8,+13.0,+46.1,+36.6,+33.5,+19.2,+19.3,+19.8,+20.2,+20.2,+20.2,+20.2
2023-08-16 05:56,2,+26.6,+22.7,+13.0,+46.1,+36.6,+33.5,+19.2,+19.2,+19.8,+20.2,+20.2,+20.2,+20.2
2023-08-16 06:56,2,+26.5,+22.7,+13.0,+46.0,+36.6,+33.5,+19.1,+19.2,+19.8,+20.3,+20.1,+20.2,+20.2
2023-08-16 07:56,2,+26.5,+22.7,+13.0,+46.1,+36.6,+33.5,+19.1,+19.2,+19.8,+20.3,+20.2,+20.2,+20.2
2023-08-16 08:56,2,+26.6,+22.7,+13.0,+46.0,+36.5,+33.5,+19.2,+19.1,+19.8,+20.3,+20.2,+20.2,+20.2
2023-08-16 09:56,2,+26.6,+22.7,+13.0,+46.0,+36.5,+33.5,+19.3,+19.2,+19.7,+20.2,+20.1,+20.2,+20.2
2023-08-16 10:56,2,+26.6,+22.7,+13.0,+46.1,+36.6,+33.5,+19.5,+19.2,+19.7,+20.2,+20.1,+20.2,+20.2