
2023-07-27 10:56,1,+9.2,+17.3,+12.8,+17.1,+32.6,+35.6,+24.1,+23.3,+23.2,+23.7,+23.1,+22.8,+23.0
2023-07-27 11:56,1,+9.5,+18.2,+13.4,+17.5,+32.9,+35.7,+20.5,+20.2,+20.3,+21.0,+20.7,+20.7,+21.0
2023-07-27 12:56,1,+9.6,+18.4,+13.5,+17.5,+33.0,+35.8,+21.2,+20.1,+20.2,+20.8,+20.6,+20.7,+20.8
2023-07-27 13:56,1,+9.7,+18.4,+13.4,+17.6,+33.1,+35.8,+21.2,+20.2,+20.2,+20.8,+20.7,+20.7,+20.8
2023-07-27 14:56,1,+9.7,+18.5,+13.4,+17.6,+33.2,+35.9,+21.0,+20.2,+20.2,+20.8,+20.6,+20.7,+20.8
2023-07-27 15:56,1,+9.6,+18.5,+13.4,+17.6,+33.2,+35.9,+21.0,+20.2,+20.2,+20.8,+20.6,+20.7,+20.7
2023-07-27 16:56,1,+9.5,+18.5,+13.4,+17.7,+33.3,+35.9,+21.0,+20.3,+20.1,+20.8,+20.6,+20.7,+20.7
2023-07-27 17:56,1,+9.4,+18.5,+13.4,+17.5,+33.3,+36.0,+20.7,+20.3,+20.2,+20.7,+20.6,+20.6,+20.7
2023-07-27 18:56,1,+9.3,+18.6,+13.4,+17.6,+33.3,+36.0,+20.6,+20.3,+20.2,+20.8,+20.6,+20.6,+20.7
2023-07-27 19:56,1,+9.3,+18.5,+13.4,+17.7,+33.4,+36.1,+20.5,+20.3,+20.2,+20.7,+20.6,+20.6,+20.7
2023-07-27 20:56,1,+9.3,+18.6,+13.3,+17.7,+33.4,+36.1,+20.3,+20.3,+20.2,+20.8,+20.6,+20.6,+20.7
2023-07-27 21:56,1,+9.2,+18.6,+13.3,+17.7,+33.4,+36.1,+20.3,+20.3,+20.2,+20.8,+20.6,+20.7,+20.7
2023-07-27 22:56,1,+9.2,+18.6,+13.4,+17.7,+33.4,+36.2,+20.3,+20.3,+20.2,+20.8,+20.6,+20.6,+20.7
2023-07-27 23:56,1,+9.2,+18.6,+13.3,+17.7,+33.5,+36.2,+20.2,+20.3,+20.3,+20.8,+20.6,+20.7,+20.7
2023-07-28 00:56,1,+9.2,+18.7,+13.4,+17.7,+33.5,+36.2,+20.2,+20.3,+20.2,+20.8,+20.6,+20.6,+20.7
2023-07-28 01:56,1,+9.2,+18.7,+13.3,+17.7,+33.5,+36.2,+20.1,+20.3,+20.3,+20.8,+20.6,+20.6,+20.7
2023-07-28 02:56,1,+9.2,+18.7,+13.4,+17.7,+33.5,+36.2,+20.0,+20.3,+20.3,+20.8,+20.6,+20.6,+20.7
2023-07-28 03:56,1,+9.3,+18.7,+13.4,+17.6,+33.5,+36.2,+20.0,+20.2,+20.3,+20.8,+20.6,+20.6,+20.7
2023-07-28 04:56,1,+9.3,+18.7,+13.4,+17.6,+33.5,+36.2,+19.8,+20.2,+20.3,+20.8,+20.6,+20.6,+20.7
2023-07-28 05:56,1,+9.3,+18.7,+13.4,+17.7,+33.6,+36.3,+19.8,+20.2,+20.3,+20.8,+20.6,+20.6,+20.7
2023-07-28 06:56,1,+9.3,+18.7,+13.4,+17.6,+33.5,+36.3,+19.8,+20.2,+20.3,+20.8,+20.6,+20.6,+20.7
2023-07-28 07:56,1,+9.3,+18.7,+13.4,+17.6,+33.5,+36.3,+19.8,+20.1,+20.2,+20.8,+20.6,+20.6,+20.7
2023-07-28 08:56,1,+9.3,+18.7,+13.3,+17.7,+33.6,+36.3,+20.0,+20.1,+20.2,+20.8,+20.6,+20.6,+20.7
2023-07-28 09:56,1,+9.2,+18.7,+13.4,+17.6,+33.6,+36.3,+20.2,+20.1,+20.2,+20.7,+20.6,+20.6,+20.7
2023-07-28 10:56,1,+9.2,+18.7,+13.4,+17.7,+33.6,+36.3,+20.5,+20.2,+20.3,+20.8,+20.6,+20.6,+20.7
2023-07-28 11:56,1,+9.1,+18.7,+13.4,+17.7,+33.6,+36.4,+21.0,+20.2,+20.2,+20.8,+20.6,+20.6,+20.7
2023-07-28 12:56,1,+9.0,+18.7,+13.4,+17.8,+33.6,+36.4,+21.8,+20.3,+20.2,+20.8,+20.6,+20.6,+20.7
2023-07-28 13:56,1,+8.9,+18.7,+13.4,+17.8,+33.7,+36.4,+22.7,+20.5,+20.3,+20.8,+20.6,+20.6,+20.7
2023-07-28 14:56,1,+8.8,+18.7,+13.4,+17.6,+33.6,+36.4,+22.1,+20.5,+20.2,+20.8,+20.6,+20.6,+20.7
2023-07-28 15:56,1,+8.8,+18.7,+13.4,+17.7,+33.6,+36.4,+22.0,+20.7,+20.3,+20.8,+20.6,+20.6,+20.7
2023-07-28 16:56,1,+8.7,+18.7,+13.4,+17.7,+33.6,+36.4,+22.0,+20.7,+20.3,+20.8,+20.6,+20.6,+20.7
2023-07-28 17:56,1,+8.7,+18.7,+13.4,+17.8,+33.7,+36.4,+21.8,+20.8,+20.3,+20.8,+20.6,+20.6,+20.7
2023-07-28 18:56,1,+8.7,+18.7,+13.4,+17.8,+33.7,+36.4,+21.6,+20.8,+20.5,+20.8,+20.6,+20.6,+20.7
2023-07-28 19:56,1,+8.7,+18.7,+13.4,+17.7,+33.7,+36.4,+21.5,+20.8,+20.5,+20.8,+20.6,+20.6,+20.7
2023-07-28 20:56,1,+8.8,+18.7,+13.4,+17.8,+33.7,+36.5,+21.3,+21.0,+20.5,+20.8,+20.6,+20.6,+20.7
2023-07-28 21:56,1,+8.8,+18.7,+13.4,+17.7,+33.7,+36.4,+21.2,+21.0,+20.5,+20.8,+20.6,+20.6,+20.7
2023-07-28 22:56,1,+9.0,+18.8,+13.4,+17.8,+33.7,+36.5,+21.2,+21.0,+20.6,+20.8,+20.6,+20.6,+20.7
2023-07-28 23:56,1,+11.1,+21.0,+13.5,+17.8,+33.8,+36.5,+21.0,+21.0,+20.6,+20.8,+20.6,+20.6,+20.7
2023-07-29 00:56,1,+12.7,+23.6,+14.3,+17.7,+33.7,+36.5,+20.6,+20.8,+20.6,+21.0,+20.6,+20.6,+20.7
2023-07-29 01:56,1,+11.4,+21.8,+14.4,+17.8,+33.8,+36.5,+20.7,+20.8,+20.6,+21.0,+20.6,+20.6,+20.7
2023-07-29 02:56,1,+11.1,+21.3,+14.4,+17.8,+33.7,+36.5,+20.7,+20.7,+20.6,+20.8,+20.6,+20.6,+20.7
2023-07-29 03:56,1,+11.0,+20.8,+14.4,+17.9,+33.8,+36.5,+20.7,+20.8,+20.6,+21.0,+20.6,+20.6,+20.7
2023-07-29 04:56,1,+11.0,+20.6,+14.4,+18.0,+33.9,+36.5,+20.6,+20.7,+20.6,+21.0,+20.6,+20.6,+20.7
2023-07-29 05:56,1,+10.9,+20.5,+14.3,+18.0,+33.9,+36.5,+20.6,+20.7,+20.6,+21.0,+20.6,+20.7,+20.7
2023-07-29 06:56,1,+10.8,+20.4,+14.2,+17.9,+33.8,+36.5,+20.6,+20.7,+20.6,+21.0,+20.6,+20.7,+20.7
2023-07-29 07:56,1,+10.8,+20.3,+14.2,+17.9,+33.9,+36.5,+20.6,+20.7,+20.6,+21.0,+20.6,+20.6,+20.7
2023-07-29 08:56,1,+10.7,+20.2,+14.1,+18.0,+33.9,+36.5,+20.7,+20.6,+20.6,+21.0,+20.6,+20.6,+20.7
2023-07-29 09:56,1,+10.7,+20.1,+14.1,+18.0,+33.9,+36.6,+21.0,+20.7,+20.6,+21.0,+20.6,+20.6,+20.7
2023-07-29 10:56,1,+10.6,+20.1,+14.1,+18.1,+34.0,+36.6,+21.1,+20.7,+20.6,+21.0,+20.6,+20.6,+20.7
2023-07-29 11:56,1,+10.5,+20.0,+14.1,+18.1,+34.0,+36.6,+21.5,+20.7,+20.6,+21.0,+20.6,+20.6,+20.7
2023-07-29 12:56,1,+10.3,+19.9,+14.0,+18.1,+34.0,+36.6,+21.8,+20.7,+20.6,+21.1,+20.6,+20.7,+20.7
2023-07-29 13:56,1,+10.2,+19.9,+14.0,+18.0,+34.0,+36.6,+22.2,+20.8,+20.6,+21.0,+20.7,+20.6,+20.7
2023-07-29 14:56,1,+10.2,+19.8,+14.0,+18.1,+34.1,+36.7,+22.2,+21.0,+20.6,+21.0,+20.7,+20.7,+20.7
2023-07-29 15:56,1,+10.1,+19.8,+14.0,+18.1,+34.0,+36.7,+22.3,+21.1,+20.6,+21.0,+20.6,+20.7,+20.7
2023-07-29 16:56,1,+10.1,+19.8,+14.0,+18.1,+34.1,+36.7,+22.1,+21.2,+20.7,+21.0,+20.7,+20.7,+20.7
2023-07-29 17:56,1,+10.1,+19.8,+14.0,+18.0,+34.0,+36.7,+22.0,+21.2,+20.6,+21.0,+20.7,+20.6,+20.7
2023-07-29 18:56,1,+10.1,+19.7,+14.0,+18.2,+34.1,+36.7,+21.8,+21.2,+20.7,+21.0,+20.7,+20.7,+20.7
2023-07-29 19:56,1,+10.2,+19.7,+14.0,+18.0,+34.0,+36.7,+21.6,+21.2,+20.7,+21.0,+20.7,+20.6,+20.7
2023-07-29 20:56,1,+10.2,+19.7,+14.0,+18.0,+34.1,+36.7,+21.5,+21.2,+20.7,+21.0,+20.7,+20.7,+20.7
2023-07-29 21:56,1,+10.2,+19.7,+14.0,+18.0,+34.1,+36.7,+21.3,+21.2,+20.7,+21.1,+20.7,+20.7,+20.8
2023-07-29 22:56,1,+10.3,+19.6,+14.0,+18.0,+34.1,+36.7,+21.2,+21.2,+20.8,+21.1,+20.7,+20.7,+20.7
2023-07-29 23:56,1,+10.3,+19.6,+13.9,+18.0,+34.1,+36.7,+21.2,+21.2,+20.8,+21.1,+20.7,+20.7,+20.7
2023-07-30 00:56,1,+10.4,+19.6,+13.9,+18.0,+34.1,+36.8,+21.2,+21.1,+20.8,+21.1,+20.7,+20.7,+20.7
2023-07-30 01:56,1,+10.4,+19.6,+13.9,+18.1,+34.1,+36.8,+21.1,+21.1,+20.8,+21.1,+20.7,+20.7,+20.7
2023-07-30 02:56,1,+10.5,+19.6,+13.9,+18.2,+34.2,+36.8,+21.0,+21.1,+20.8,+21.1,+20.7,+20.7,+20.7
2023-07-30 03:56,1,+10.5,+19.6,+13.9,+18.2,+34.2,+36.8,+20.8,+21.1,+20.8,+21.1,+20.7,+20.7,+20.7
2023-07-30 04:56,1,+10.5,+19.6,+13.9,+18.1,+34.2,+36.8,+20.7,+21.1,+20.8,+21.1,+20.7,+20.7,+20.7
2023-07-30 05:56,1,+10.6,+19.6,+13.9,+18.2,+34.2,+36.8,+20.8,+21.0,+20.8,+21.1,+20.7,+20.7,+20.7
2023-07-30 06:56,1,+10.8,+19.6,+13.9,+18.2,+34.2,+36.9,+20.8,+21.0,+20.8,+21.1,+20.7,+20.7,+20.7
2023-07-30 07:56,1,+10.8,+19.6,+13.9,+18.2,+34.2,+36.9,+20.8,+21.0,+20.8,+21.1,+20.7,+20.7,+20.7
2023-07-30 08:56,1,+10.9,+19.6,+13.9,+18.1,+34.2,+36.9,+21.0,+20.8,+20.8,+21.1,+20.8,+20.7,+20.7
2023-07-30 09:56,1,+10.9,+19.6,+13.9,+18.1,+34.2,+36.9,+21.1,+20.8,+20.8,+21.1,+20.7,+20.7,+20.8
2023-07-30 10:56,1,+10.9,+19.7,+13.9,+18.1,+34.2,+36.9,+21.2,+20.8,+20.8,+21.1,+20.7,+20.7,+20.8
2023-07-30 11:56,1,+11.0,+19.7,+13.9,+18.1,+34.2,+36.9,+21.2,+20.8,+20.8,+21.2,+20.8,+20.7,+20.7
2023-07-30 12:56,1,+11.0,+19.8,+13.9,+18.2,+34.3,+36.9,+21.2,+21.0,+20.8,+21.1,+20.7,+20.8,+20.7
2023-07-30 13:56,1,+11.0,+19.8,+13.9,+18.1,+34.2,+36.9,+21.2,+21.0,+20.8,+21.1,+20.7,+20.7,+20.7
2023-07-30 14:56,1,+11.0,+19.8,+13.9,+18.1,+34.3,+36.9,+21.1,+21.0,+20.8,+21.1,+20.7,+20.7,+20.8
2023-07-30 15:56,1,+11.0,+19.8,+13.9,+18.2,+34.3,+36.9,+21.2,+21.0,+20.7,+21.2,+20.7,+20.7,+20.7
2023-07-30 16:56,1,+10.9,+19.8,+13.9,+18.1,+34.3,+36.9,+21.1,+21.0,+20.7,+21.2,+20.7,+20.7,+20.7
2023-07-30 17:56,1,+10.9,+19.8,+13.9,+18.1,+34.3,+36.9,+21.1,+21.0,+20.8,+21.1,+20.7,+20.7,+20.7
2023-07-30 18:56,1,+10.9,+19.8,+14.0,+18.1,+34.3,+36.9,+21.1,+21.0,+20.7,+21.1,+20.7,+20.7,+20.7
2023-07-30 19:56,1,+10.9,+19.8,+13.9,+18.2,+34.3,+37.0,+21.0,+21.0,+20.8,+21.2,+20.8,+20.7,+20.7
2023-07-30 20:56,1,+10.9,+19.8,+14.0,+18.2,+34.3,+37.0,+20.8,+21.0,+20.8,+21.1,+20.8,+20.7,+20.8
2023-07-30 21:56,1,+10.9,+19.8,+14.0,+18.1,+34.3,+37.0,+20.8,+21.0,+20.8,+21.2,+20.7,+20.8,+20.7
2023-07-30 22:56,1,+10.9,+19.8,+14.0,+18.1,+34.3,+37.0,+20.7,+20.8,+20.8,+21.1,+20.7,+20.7,+20.8
2023-07-30 23:56,1,+11.0,+19.8,+14.0,+18.3,+34.3,+37.0,+20.7,+21.0,+20.8,+21.2,+20.7,+20.7,+20.7
2023-07-31 00:56,1,+10.9,+19.8,+14.0,+18.1,+34.3,+37.0,+20.7,+20.8,+20.8,+21.2,+20.8,+20.8,+20.8
2023-07-31 01:56,1,+10.9,+19.8,+14.0,+18.3,+34.4,+37.0,+20.6,+20.8,+20.8,+21.2,+20.8,+20.8,+20.8
2023-07-31 02:56,1,+10.9,+19.8,+14.0,+18.3,+34.4,+37.0,+20.6,+20.8,+20.8,+21.1,+20.8,+20.8,+20.8
2023-07-31 03:56,1,+10.9,+19.8,+14.0,+18.2,+34.3,+37.0,+20.6,+20.8,+20.8,+21.2,+20.7,+20.8,+20.8
2023-07-31 04:56,1,+10.9,+19.8,+14.0,+18.2,+34.4,+37.0,+20.6,+20.7,+20.8,+21.2,+20.8,+20.8,+20.7
2023-07-31 05:56,1,+10.9,+19.8,+14.0,+18.2,+34.4,+37.0,+20.5,+20.7,+20.8,+21.1,+20.8,+20.8,+20.8
2023-07-31 06:56,1,+10.9,+19.8,+14.0,+18.3,+34.4,+37.0,+20.6,+20.7,+20.8,+21.1,+20.8,+20.8,+20.7
2023-07-31 07:56,1,+10.9,+19.8,+14.0,+18.3,+34.4,+37.0,+20.6,+20.7,+20.7,+21.2,+20.8,+20.8,+20.8
2023-07-31 08:56,1,+10.9,+19.8,+14.0,+18.3,+34.4,+37.0,+20.7,+20.7,+20.7,+21.2,+20.8,+20.8,+20.7
2023-07-31 09:56,1,+10.9,+19.8,+14.0,+18.3,+34.5,+37.0,+21.0,+20.7,+20.7,+21.2,+20.8,+20.8,+20.8
2023-07-31 10:56,1,+10.8,+19.8,+14.0,+18.3,+34.5,+37.0,+21.2,+20.7,+20.7,+21.2,+20.8,+20.8,+20.8
2023-07-31 11:56,1,+10.7,+19.8,+14.0,+18.3,+34.5,+37.1,+21.5,+20.7,+20.7,+21.1,+20.8,+20.8,+20.8
2023-07-31 12:56,1,+10.7,+19.8,+14.0,+18.3,+34.5,+37.1,+22.1,+20.8,+20.7,+21.1,+20.8,+20.8,+20.8
2023-07-31 13:56,1,+10.6,+19.8,+14.0,+18.3,+34.5,+37.1,+21.8,+21.0,+20.7,+21.2,+20.8,+20.8,+20.8
2023-07-31 14:56,1,+10.6,+19.8,+14.0,+18.3,+34.5,+37.1,+21.7,+21.0,+20.7,+21.2,+20.8,+20.8,+20.8
2023-07-31 15:56,1,+10.6,+19.8,+14.0,+18.2,+34.5,+37.0,+21.6,+21.0,+20.8,+21.1,+20.8,+20.8,+20.8
2023-07-31 16:56,1,+11.0,+19.8,+14.0,+18.2,+34.5,+37.0,+21.5,+21.1,+20.8,+21.2,+20.7,+20.8,+20.8
2023-07-31 17:56,1,+11.3,+19.8,+14.0,+18.4,+34.5,+37.1,+21.3,+21.1,+20.7,+21.2,+20.8,+20.7,+20.8
2023-07-31 18:56,1,+11.4,+19.8,+14.0,+18.4,+34.5,+37.1,+21.2,+21.1,+20.8,+21.2,+20.8,+20.7,+20.8
2023-07-31 19:56,1,+11.4,+19.8,+14.0,+18.2,+34.5,+37.1,+21.1,+21.1,+20.8,+21.2,+20.8,+20.8,+20.8
2023-07-31 20:56,1,+11.4,+19.9,+14.0,+18.2,+34.5,+37.1,+21.1,+21.1,+20.8,+21.2,+20.8,+20.7,+20.8
2023-07-31 21:56,1,+11.4,+19.9,+14.0,+18.4,+34.5,+37.1,+21.0,+21.1,+20.8,+21.1,+20.8,+20.8,+20.8
2023-07-31 22:56,1,+11.4,+19.9,+14.0,+18.3,+34.5,+37.1,+21.0,+21.1,+20.8,+21.2,+20.8,+20.7,+20.8
2023-07-31 23:56,1,+11.4,+19.9,+14.0,+18.3,+34.5,+37.1,+20.8,+21.0,+20.8,+21.2,+20.8,+20.8,+20.8
2023-08-01 00:56,1,+11.4,+19.9,+14.0,+18.3,+34.5,+37.1,+21.0,+21.0,+20.8,+21.2,+20.8,+20.8,+20.8
2023-08-01 01:56,1,+11.4,+19.9,+14.0,+18.3,+34.5,+37.1,+20.8,+21.0,+20.8,+21.2,+20.8,+20.8,+20.8
2023-08-01 02:56,1,+11.4,+20.0,+14.0,+18.4,+34.6,+37.2,+20.7,+21.0,+20.8,+21.2,+20.8,+20.8,+20.8
2023-08-01 03:56,1,+11.4,+20.0,+14.0,+18.3,+34.5,+37.1,+20.7,+20.8,+20.8,+21.2,+20.7,+20.8,+20.8
2023-08-01 04:56,1,+11.4,+20.0,+14.0,+18.4,+34.6,+37.2,+20.7,+20.8,+20.8,+21.2,+20.8,+20.8,+20.8
2023-08-01 05:56,1,+11.4,+19.9,+14.0,+18.3,+34.6,+37.1,+20.6,+20.8,+20.8,+21.2,+20.8,+20.8,+20.8
2023-08-01 06:56,1,+11.4,+20.0,+14.1,+18.3,+34.6,+37.2,+20.6,+20.8,+20.8,+21.2,+20.8,+20.8,+20.8
2023-08-01 07:56,1,+11.4,+20.0,+14.1,+18.4,+34.6,+37.2,+20.7,+20.8,+20.8,+21.2,+20.8,+20.8,+20.8
2023-08-01 08:56,1,+11.4,+20.0,+14.1,+18.4,+34.6,+37.2,+21.0,+20.8,+20.8,+21.2,+20.8,+20.8,+20.8
2023-08-01 09:56,1,+11.3,+19.9,+14.1,+18.4,+34.6,+37.2,+21.1,+20.7,+20.8,+21.2,+20.8,+20.7,+20.8
2023-08-01 10:56,1,+11.3,+20.0,+14.1,+18.4,+34.6,+37.2,+21.2,+20.8,+20.8,+21.2,+20.8,+20.8,+20.8
2023-08-01 11:56,1,+11.3,+19.9,+14.1,+18.4,+34.6,+37.2,+21.3,+21.0,+20.7,+21.2,+20.8,+20.8,+20.8
2023-08-01 12:56,1,+11.2,+19.9,+14.1,+18.4,+34.6,+37.2,+21.3,+20.8,+20.8,+21.2,+20.8,+20.8,+20.8
2023-08-01 13:56,1,+11.2,+19.9,+14.1,+18.4,+34.6,+37.2,+21.5,+21.0,+20.8,+21.1,+20.8,+20.8,+20.8
2023-08-01 14:56,1,+11.1,+19.9,+14.1,+18.5,+34.6,+37.2,+21.5,+21.0,+20.8,+21.2,+20.8,+20.8,+20.8
2023-08-01 15:56,1,+11.1,+19.9,+14.1,+18.4,+34.7,+37.2,+21.5,+21.0,+20.8,+21.2,+20.8,+20.8,+20.8
2023-08-01 16:56,1,+11.1,+19.9,+14.1,+18.4,+34.6,+37.2,+21.5,+21.1,+20.8,+21.2,+20.8,+20.8,+20.8
2023-08-01 17:56,1,+11.1,+19.9,+14.1,+18.4,+34.6,+37.2,+21.5,+21.1,+20.8,+21.2,+20.8,+20.8,+20.8
2023-08-01 18:56,1,+11.1,+19.9,+14.1,+18.5,+34.7,+37.3,+21.3,+21.1,+20.8,+21.2,+20.8,+20.8,+20.8
2023-08-01 19:56,1,+11.2,+19.9,+14.1,+18.5,+34.7,+37.3,+21.2,+21.1,+20.8,+21.2,+20.8,+20.8,+20.8
2023-08-01 20:56,1,+11.2,+20.0,+14.1,+18.4,+34.6,+37.2,+21.1,+21.1,+20.8,+21.2,+20.8,+20.8,+20.8
2023-08-01 21:56,1,+11.2,+20.0,+14.1,+18.4,+34.7,+37.3,+21.0,+21.1,+20.8,+21.2,+20.8,+20.8,+20.8
2023-08-01 22:56,1,+11.3,+20.0,+14.1,+18.5,+34.7,+37.3,+20.8,+21.1,+20.8,+21.2,+20.8,+20.8,+20.8
2023-08-01 23:56,1,+11.3,+19.9,+14.1,+18.5,+34.7,+37.3,+20.7,+21.0,+20.8,+21.2,+20.8,+20.8,+20.8
2023-08-02 00:56,1,+11.4,+19.9,+14.1,+18.4,+34.7,+37.3,+20.6,+21.0,+20.8,+21.2,+20.8,+20.8,+20.8
2023-08-02 01:56,1,+11.4,+19.9,+14.1,+18.4,+34.7,+37.3,+20.6,+21.0,+20.8,+21.2,+20.8,+20.8,+20.8
2023-08-02 02:56,1,+11.4,+19.9,+14.1,+18.5,+34.8,+37.3,+20.6,+20.8,+20.8,+21.2,+20.8,+20.8,+20.8
2023-08-02 03:56,1,+11.4,+19.9,+14.1,+18.4,+34.7,+37.3,+20.5,+20.8,+20.8,+21.2,+20.8,+20.8,+20.8
2023-08-02 04:56,1,+11.4,+19.9,+14.1,+18.5,+34.8,+37.3,+20.3,+20.8,+20.8,+21.2,+20.8,+20.8,+20.8
2023-08-02 05:56,1,+11.5,+19.9,+14.1,+18.4,+34.7,+37.3,+20.3,+20.8,+20.8,+21.2,+20.8,+21.0,+21.0
2023-08-02 06:56,1,+11.5,+19.9,+14.1,+18.5,+34.8,+37.3,+20.3,+20.7,+20.8,+21.2,+20.8,+20.8,+20.8
2023-08-02 07:56,1,+11.6,+19.9,+14.1,+18.4,+34.7,+37.3,+20.5,+20.7,+20.8,+21.2,+20.8,+20.8,+20.8
2023-08-02 08:56,1,+11.5,+19.9,+14.1,+18.6,+34.8,+37.3,+20.6,+20.7,+20.8,+21.2,+20.8,+20.8,+20.8
2023-08-02 09:56,1,+11.5,+19.9,+14.1,+18.6,+34.8,+37.3,+20.8,+20.7,+20.8,+21.2,+20.8,+20.8,+20.8
2023-08-02 10:56,1,+11.4,+19.9,+14.1,+18.4,+34.8,+37.3,+21.1,+20.7,+20.8,+21.2,+20.8,+20.8,+20.8
2023-08-02 11:56,1,+11.3,+19.9,+14.2,+18.6,+34.8,+37.3,+21.2,+20.7,+20.7,+21.2,+20.8,+20.8,+21.0
2023-08-02 12:56,1,+11.3,+19.9,+14.2,+18.4,+34.8,+37.3,+21.8,+20.8,+20.7,+21.2,+20.8,+20.8,+21.0
2023-08-02 13:56,1,+11.2,+19.9,+14.1,+18.4,+34.8,+37.3,+22.1,+20.8,+20.7,+21.2,+20.8,+20.8,+20.8
2023-08-02 14:56,1,+11.1,+19.9,+14.2,+18.6,+34.8,+37.4,+22.1,+21.0,+20.7,+21.2,+20.8,+20.8,+21.0
2023-08-02 15:56,1,+11.4,+19.9,+14.2,+18.4,+34.8,+37.3,+22.0,+21.1,+20.8,+21.2,+20.8,+20.8,+20.8
2023-08-02 16:56,1,+11.3,+19.9,+14.2,+18.6,+34.8,+37.4,+21.8,+21.1,+20.7,+21.2,+20.8,+21.0,+20.8
2023-08-02 17:56,1,+11.3,+19.9,+14.2,+18.5,+34.8,+37.3,+21.7,+21.2,+20.8,+21.2,+20.8,+20.8,+20.8
2023-08-02 18:56,1,+11.2,+19.9,+14.2,+18.6,+34.8,+37.4,+21.5,+21.2,+20.8,+21.2,+20.8,+20.8,+21.0
2023-08-02 19:56,1,+11.2,+19.9,+14.2,+18.5,+34.8,+37.4,+21.3,+21.2,+20.8,+21.2,+20.8,+20.8,+21.0
2023-08-02 20:56,1,+11.2,+19.9,+14.2,+18.6,+34.8,+37.4,+21.2,+21.2,+20.8,+21.2,+20.8,+20.8,+20.8
2023-08-02 21:56,1,+11.2,+19.9,+14.2,+18.5,+34.8,+37.4,+21.1,+21.2,+20.8,+21.2,+21.0,+20.8,+20.8
2023-08-02 22:56,1,+11.1,+19.9,+14.2,+18.5,+34.8,+37.4,+21.0,+21.1,+20.8,+21.2,+20.8,+20.8,+20.8
2023-08-02 23:56,1,+11.2,+19.9,+14.2,+18.5,+34.8,+37.4,+21.0,+21.1,+21.0,+21.2,+20.8,+20.8,+20.8
2023-08-03 00:56,1,+11.2,+19.9,+14.2,+18.5,+34.8,+37.4,+20.8,+21.1,+21.0,+21.2,+20.8,+20.8,+20.8
2023-08-03 01:56,1,+11.2,+19.9,+14.2,+18.6,+34.9,+37.4,+20.7,+21.1,+21.0,+21.2,+21.0,+20.8,+20.8
2023-08-03 02:56,1,+11.2,+19.9,+14.2,+18.6,+34.9,+37.4,+20.7,+21.0,+20.8,+21.2,+20.8,+20.8,+20.8
2023-08-03 03:56,1,+11.2,+19.9,+14.2,+18.6,+34.9,+37.4,+20.7,+21.0,+21.0,+21.2,+21.0,+20.8,+20.8
2023-08-03 04:56,1,+11.2,+19.9,+14.2,+18.6,+34.9,+37.4,+20.6,+21.0,+20.8,+21.2,+20.8,+20.8,+20.8
2023-08-03 05:56,1,+11.2,+19.9,+14.2,+18.5,+34.9,+37.4,+20.6,+20.8,+20.8,+21.2,+20.8,+21.0,+20.8
2023-08-03 06:56,1,+11.2,+19.9,+14.2,+18.6,+34.9,+37.4,+20.6,+20.8,+20.8,+21.2,+21.0,+20.8,+20.8
2023-08-03 07:56,1,+11.2,+19.9,+14.2,+18.5,+34.9,+37.4,+20.6,+20.8,+20.8,+21.3,+21.0,+20.8,+20.8
2023-08-03 08:56,1,+11.2,+19.9,+14.2,+18.6,+34.9,+37.4,+20.7,+20.8,+20.8,+21.2,+21.0,+20.8,+21.0
2023-08-03 09:56,1,+11.2,+19.9,+14.2,+18.6,+34.9,+37.4,+20.7,+20.8,+20.8,+21.2,+21.0,+20.8,+20.8
2023-08-03 10:56,1,+11.2,+19.9,+14.2,+18.5,+34.9,+37.4,+21.0,+20.8,+20.8,+21.3,+21.0,+20.8,+21.0
2023-08-03 11:56,1,+11.1,+19.9,+14.2,+18.6,+34.9,+37.4,+21.1,+20.8,+20.8,+21.2,+21.0,+20.8,+20.8
2023-08-03 12:56,1,+11.1,+19.8,+14.2,+18.7,+34.9,+37.5,+21.3,+20.8,+20.8,+21.2,+21.0,+20.8,+21.0
2023-08-03 13:56,1,+11.0,+19.8,+14.2,+18.6,+34.9,+37.4,+21.6,+20.8,+20.8,+21.3,+21.0,+21.0,+21.0
2023-08-03 14:56,1,+10.9,+19.8,+14.2,+18.7,+34.9,+37.5,+21.7,+21.0,+20.8,+21.2,+21.0,+20.8,+20.8
2023-08-03 15:56,1,+10.9,+19.8,+14.2,+18.7,+34.9,+37.5,+21.7,+21.0,+20.8,+21.3,+21.0,+21.0,+20.8
2023-08-03 16:56,1,+10.9,+19.8,+14.2,+18.6,+34.9,+37.5,+21.6,+21.1,+20.8,+21.2,+21.0,+20.8,+21.0
2023-08-03 17:56,1,+10.9,+19.9,+14.2,+18.6,+34.9,+37.5,+21.6,+21.1,+20.8,+21.2,+20.8,+21.0,+20.8
2023-08-03 18:56,1,+10.9,+19.8,+14.2,+18.7,+34.9,+37.5,+21.5,+21.1,+20.8,+21.2,+21.0,+21.0,+20.8
2023-08-03 19:56,1,+10.9,+19.8,+14.2,+18.7,+35.0,+37.5,+21.3,+21.1,+20.8,+21.2,+20.8,+21.0,+21.0
2023-08-03 20:56,1,+10.9,+19.8,+14.2,+18.7,+35.0,+37.5,+21.3,+21.1,+20.8,+21.2,+21.0,+20.8,+20.8
2023-08-03 21:56,1,+11.0,+19.8,+14.2,+18.7,+35.0,+37.5,+21.2,+21.1,+20.8,+21.2,+20.8,+20.8,+20.8
2023-08-03 22:56,1,+11.0,+19.8,+14.2,+18.6,+34.9,+37.5,+21.0,+21.1,+20.8,+21.2,+20.8,+20.8,+20.8
2023-08-03 23:56,1,+11.1,+19.8,+14.2,+18.6,+34.9,+37.5,+21.0,+21.1,+21.0,+21.2,+21.0,+21.0,+21.0
2023-08-04 00:56,1,+11.1,+19.9,+14.2,+18.6,+34.9,+37.5,+20.8,+21.1,+21.0,+21.2,+20.8,+20.8,+21.0
2023-08-04 01:56,1,+11.1,+19.8,+14.2,+18.7,+35.0,+37.5,+20.8,+21.1,+21.0,+21.2,+21.0,+21.0,+21.0
2023-08-04 02:56,1,+11.1,+19.9,+14.2,+18.7,+35.0,+37.5,+20.8,+21.0,+21.0,+21.2,+21.0,+20.8,+20.8
2023-08-04 03:56,1,+11.1,+19.8,+14.2,+18.7,+35.0,+37.5,+20.7,+21.0,+21.0,+21.2,+21.0,+20.8,+21.0
2023-08-04 04:56,1,+11.2,+19.8,+14.2,+18.7,+35.0,+37.5,+20.7,+21.0,+20.8,+21.3,+21.0,+21.0,+21.0
2023-08-04 05:56,1,+11.2,+19.8,+14.2,+18.6,+35.0,+37.5,+20.7,+21.0,+20.8,+21.2,+21.0,+20.8,+21.0
2023-08-04 06:56,1,+11.7,+19.9,+14.2,+18.6,+35.0,+37.5,+20.6,+20.8,+20.8,+21.3,+20.8,+21.0,+20.8
2023-08-04 07:56,1,+12.2,+19.9,+14.2,+18.7,+35.0,+37.5,+20.6,+20.8,+21.0,+21.3,+21.0,+21.0,+21.0
2023-08-04 08:56,1,+12.2,+19.9,+14.2,+18.8,+35.0,+37.5,+20.7,+20.8,+21.0,+21.3,+21.0,+21.0,+21.0
2023-08-04 09:56,1,+12.2,+19.9,+14.2,+18.6,+35.0,+37.5,+20.8,+20.8,+20.8,+21.2,+21.0,+20.8,+21.0
2023-08-04 10:56,1,+12.1,+19.9,+14.2,+18.8,+35.1,+37.5,+21.0,+20.8,+20.8,+21.3,+21.0,+20.8,+21.0
2023-08-04 11:56,1,+12.2,+19.9,+14.2,+18.8,+35.1,+37.6,+21.3,+20.8,+20.8,+21.2,+20.8,+21.0,+21.0
2023-08-04 12:56,1,+12.1,+19.9,+14.2,+18.8,+35.1,+37.6,+22.0,+20.8,+20.8,+21.3,+21.0,+21.0,+20.8
2023-08-04 13:56,1,+11.9,+19.9,+14.2,+18.8,+35.1,+37.5,+22.3,+21.0,+20.8,+21.2,+21.0,+20.8,+20.8
2023-08-04 14:56,1,+11.8,+19.9,+14.2,+18.6,+35.0,+37.5,+22.7,+21.1,+20.8,+21.2,+21.0,+21.0,+21.0
2023-08-04 15:56,1,+11.7,+19.9,+14.2,+18.8,+35.1,+37.6,+22.7,+21.2,+20.8,+21.3,+21.0,+21.0,+21.0
2023-08-04 16:56,1,+11.7,+19.9,+14.3,+18.8,+35.1,+37.6,+22.6,+21.3,+20.8,+21.3,+20.8,+21.0,+20.8
2023-08-04 17:56,1,+11.6,+19.9,+14.2,+18.7,+35.0,+37.5,+22.3,+21.3,+21.0,+21.3,+21.0,+21.0,+21.0
2023-08-04 18:56,1,+11.7,+19.9,+14.3,+18.7,+35.0,+37.5,+22.0,+21.5,+21.0,+21.2,+21.0,+21.0,+21.0
2023-08-04 19:56,1,+11.7,+19.9,+14.3,+18.8,+35.1,+37.6,+21.8,+21.5,+21.0,+21.2,+21.0,+20.8,+21.0
2023-08-04 20:56,1,+11.7,+19.9,+14.3,+18.8,+35.1,+37.6,+21.6,+21.5,+21.0,+21.2,+21.0,+21.0,+21.0
2023-08-04 21:56,1,+11.7,+19.9,+14.3,+18.7,+35.1,+37.5,+21.5,+21.5,+21.1,+21.3,+20.8,+21.0,+20.8
2023-08-04 22:56,1,+11.7,+19.9,+14.3,+18.8,+35.1,+37.6,+21.3,+21.5,+21.0,+21.2,+21.0,+21.0,+21.0
2023-08-04 23:56,1,+20.4,+29.6,+19.0,+20.6,+35.2,+37.6,+20.6,+21.1,+21.0,+21.3,+21.0,+21.0,+21.0
2023-08-05 00:56,1,+15.2,+24.0,+17.6,+19.9,+35.4,+37.6,+20.5,+21.0,+21.0,+21.3,+21.0,+21.0,+21.0
2023-08-05 01:56,1,+14.0,+22.9,+16.6,+19.8,+35.5,+37.6,+20.6,+21.0,+21.1,+21.3,+21.0,+21.0,+21.0
2023-08-05 02:56,1,+13.8,+22.5,+16.1,+19.6,+35.5,+37.6,+20.6,+21.0,+21.1,+21.3,+21.0,+21.0,+21.0
2023-08-05 03:56,1,+13.5,+22.1,+15.8,+19.6,+35.5,+37.6,+20.6,+21.0,+21.1,+21.3,+21.0,+21.0,+21.0
2023-08-05 04:56,1,+13.3,+21.9,+15.7,+19.7,+35.6,+37.7,+20.5,+21.0,+21.0,+21.3,+21.0,+21.0,+21.0
2023-08-05 05:56,1,+13.3,+21.8,+15.6,+19.6,+35.6,+37.7,+20.5,+21.0,+21.0,+21.3,+21.0,+21.0,+21.0
2023-08-05 06:56,1,+14.5,+21.7,+15.4,+19.5,+35.7,+37.7,+20.5,+20.8,+21.0,+21.3,+21.0,+21.0,+21.0
2023-08-05 07:56,1,+14.8,+22.9,+15.4,+19.5,+35.7,+37.7,+20.5,+20.8,+21.0,+21.3,+21.0,+21.0,+21.0
2023-08-05 08:56,1,+14.4,+22.9,+15.6,+19.5,+35.7,+37.7,+20.5,+20.7,+21.0,+21.3,+21.0,+21.0,+21.0
2023-08-05 09:56,1,+14.0,+22.5,+15.7,+19.7,+35.7,+37.8,+20.6,+20.8,+21.0,+21.3,+21.0,+21.0,+21.0
2023-08-05 10:56,1,+13.7,+22.2,+15.7,+19.6,+35.7,+37.8,+20.7,+20.8,+21.0,+21.3,+21.0,+21.0,+21.0
2023-08-05 11:56,1,+13.6,+21.9,+15.6,+19.6,+35.7,+37.8,+21.2,+20.7,+20.8,+21.3,+21.0,+21.0,+21.0
2023-08-05 12:56,1,+13.4,+21.7,+15.5,+19.6,+35.8,+37.8,+22.0,+20.8,+21.0,+21.3,+21.0,+21.0,+21.0
2023-08-05 13:56,1,+13.1,+21.6,+15.4,+19.7,+35.8,+37.9,+22.2,+20.8,+20.8,+21.3,+21.0,+21.0,+21.0
2023-08-05 14:56,1,+13.0,+21.6,+15.4,+19.6,+35.8,+37.9,+22.1,+21.0,+20.8,+21.3,+21.0,+21.0,+21.0
2023-08-05 15:56,1,+12.9,+21.5,+15.3,+19.7,+35.8,+37.9,+22.0,+21.1,+20.8,+21.3,+21.0,+21.0,+21.0
2023-08-05 16:56,1,+12.9,+21.5,+15.3,+19.5,+35.8,+37.9,+22.0,+21.2,+20.8,+21.3,+21.0,+21.0,+21.0
2023-08-05 17:56,1,+12.9,+21.4,+15.2,+19.6,+35.9,+38.0,+21.7,+21.2,+20.8,+21.3,+21.0,+21.0,+21.0
2023-08-05 18:56,1,+12.9,+21.4,+15.2,+19.5,+35.8,+38.0,+21.6,+21.3,+20.8,+21.3,+21.0,+21.0,+21.1
2023-08-05 19:56,1,+12.9,+21.3,+15.2,+19.6,+35.9,+38.0,+21.5,+21.2,+21.0,+21.3,+21.0,+21.0,+21.0
2023-08-05 20:56,1,+12.9,+21.3,+15.2,+19.5,+35.8,+38.0,+21.2,+21.2,+21.0,+21.3,+21.0,+21.0,+21.0
2023-08-05 21:56,1,+12.9,+21.3,+15.2,+19.6,+35.9,+38.0,+21.1,+21.2,+21.0,+21.3,+21.0,+21.0,+21.0
2023-08-05 22:56,1,+12.9,+21.2,+15.1,+19.6,+35.9,+38.1,+21.0,+21.2,+21.0,+21.3,+21.0,+21.0,+21.0
2023-08-05 23:56,1,+12.9,+21.2,+15.1,+19.6,+35.9,+38.1,+21.0,+21.1,+21.0,+21.3,+21.0,+21.0,+21.0
2023-08-06 00:56,1,+12.9,+21.2,+15.1,+19.5,+35.9,+38.0,+20.7,+21.1,+21.0,+21.3,+21.0,+21.0,+21.0
2023-08-06 01:56,1,+12.9,+21.1,+15.1,+19.6,+35.9,+38.1,+20.7,+21.1,+21.0,+21.3,+21.0,+21.0,+21.0
2023-08-06 02:56,1,+13.0,+21.1,+15.0,+19.6,+35.9,+38.1,+20.7,+21.1,+21.0,+21.3,+21.0,+21.0,+21.0
2023-08-06 03:56,1,+18.0,+27.0,+15.3,+19.6,+35.9,+38.1,+20.3,+21.0,+21.0,+21.3,+21.0,+21.0,+21.0
2023-08-06 04:56,1,+15.2,+24.0,+15.2,+19.6,+35.9,+38.1,+20.5,+21.0,+21.0,+21.3,+21.0,+21.0,+21.0
2023-08-06 05:56,1,+14.9,+23.3,+15.5,+19.5,+35.9,+38.1,+20.3,+20.8,+21.0,+21.3,+21.0,+21.0,+21.0
2023-08-06 06:56,1,+15.0,+23.0,+15.6,+19.5,+35.9,+38.1,+20.3,+20.8,+21.0,+21.3,+21.0,+21.0,+21.0
2023-08-06 07:56,1,+15.6,+24.5,+15.8,+19.6,+35.9,+38.1,+20.3,+20.8,+21.0,+21.3,+21.0,+21.0,+21.0
2023-08-06 08:56,1,+15.0,+23.5,+16.2,+19.7,+35.9,+38.1,+20.5,+20.7,+21.0,+21.3,+21.0,+21.0,+21.0
2023-08-06 09:56,1,+15.8,+25.1,+16.5,+19.6,+35.9,+38.1,+20.5,+20.7,+20.8,+21.3,+21.0,+21.0,+21.0
2023-08-06 10:56,1,+15.0,+23.6,+16.6,+19.9,+36.0,+38.1,+20.6,+20.7,+20.8,+21.3,+21.0,+21.0,+21.0
2023-08-06 11:56,1,+14.6,+22.9,+16.4,+19.9,+36.0,+38.1,+21.1,+20.7,+20.8,+21.3,+21.0,+21.0,+21.0
2023-08-06 12:56,1,+14.3,+22.5,+16.1,+19.9,+36.1,+38.1,+21.6,+20.7,+20.8,+21.3,+21.0,+21.0,+21.0
2023-08-06 13:56,1,+13.9,+22.2,+15.9,+19.8,+36.1,+38.1,+21.7,+20.8,+20.8,+21.3,+21.0,+21.0,+21.0
2023-08-06 14:56,1,+13.7,+21.9,+15.7,+19.9,+36.2,+38.2,+22.1,+20.8,+20.8,+21.3,+21.0,+21.0,+21.0
2023-08-06 15:56,1,+13.5,+21.8,+15.6,+19.8,+36.1,+38.2,+22.1,+21.0,+20.7,+21.2,+21.0,+21.0,+21.0
2023-08-06 16:56,1,+13.4,+21.7,+15.5,+19.9,+36.2,+38.2,+22.0,+21.1,+20.8,+21.3,+21.0,+21.0,+21.0
2023-08-06 17:56,1,+13.4,+21.6,+15.4,+19.8,+36.2,+38.2,+21.7,+21.1,+20.8,+21.3,+21.1,+21.0,+21.0
2023-08-06 18:56,1,+13.4,+21.6,+15.4,+19.7,+36.2,+38.3,+21.5,+21.2,+20.8,+21.3,+21.0,+21.0,+21.0
2023-08-06 19:56,1,+13.4,+21.5,+15.4,+19.8,+36.2,+38.3,+21.3,+21.2,+20.8,+21.2,+21.0,+21.0,+21.0
2023-08-06 20:56,1,+13.3,+21.5,+15.3,+19.8,+36.2,+38.3,+21.1,+21.1,+20.8,+21.2,+21.0,+21.0,+21.0
2023-08-06 21:56,1,+13.3,+21.4,+15.3,+19.8,+36.2,+38.3,+21.0,+21.1,+21.0,+21.3,+21.0,+21.0,+21.0
2023-08-06 22:56,1,+13.4,+21.4,+15.3,+19.8,+36.2,+38.3,+20.8,+21.1,+21.0,+21.3,+21.0,+21.0,+21.0
2023-08-06 23:56,1,+13.4,+21.4,+15.2,+19.8,+36.2,+38.3,+20.8,+21.1,+21.0,+21.3,+21.0,+21.0,+21.0
2023-08-07 00:56,1,+13.5,+21.3,+15.2,+19.8,+36.2,+38.3,+20.7,+21.1,+21.0,+21.3,+21.0,+21.0,+21.0
2023-08-07 01:56,1,+13.5,+21.3,+15.2,+19.8,+36.2,+38.3,+20.7,+21.0,+21.0,+21.3,+21.0,+21.0,+21.0
2023-08-07 02:56,1,+13.5,+21.3,+15.2,+19.8,+36.2,+38.3,+20.7,+21.0,+21.0,+21.3,+21.0,+21.0,+21.0
2023-08-07 03:56,1,+13.5,+21.3,+15.2,+19.6,+36.1,+38.3,+20.6,+20.8,+21.0,+21.3,+21.0,+21.0,+21.0
2023-08-07 04:56,1,+13.5,+21.3,+15.2,+19.7,+36.2,+38.3,+20.6,+21.0,+21.0,+21.3,+21.0,+21.0,+21.0
2023-08-07 05:56,1,+13.4,+21.2,+15.1,+19.7,+36.2,+38.3,+20.6,+20.8,+21.0,+21.3,+21.0,+21.0,+21.0
2023-08-07 06:56,1,+13.4,+21.2,+15.1,+19.7,+36.2,+38.3,+20.6,+20.8,+21.0,+21.3,+21.0,+21.0,+21.0
2023-08-07 07:56,1,+13.4,+21.2,+15.1,+19.7,+36.2,+38.3,+20.6,+20.8,+20.8,+21.3,+21.0,+21.0,+21.0
2023-08-07 08:56,1,+13.4,+21.1,+15.1,+19.7,+36.2,+38.3,+20.6,+20.8,+20.8,+21.3,+21.0,+21.0,+21.0
2023-08-07 09:56,1,+13.3,+21.1,+15.1,+19.7,+36.2,+38.3,+20.7,+20.8,+20.8,+21.3,+21.0,+21.0,+21.0
2023-08-07 10:56,1,+21.3,+30.2,+17.6,+19.9,+36.2,+38.3,+20.1,+20.6,+20.8,+21.3,+21.0,+21.0,+21.0
2023-08-07 11:56,1,+19.1,+27.6,+19.3,+20.3,+36.1,+38.3,+19.7,+20.5,+20.7,+21.3,+21.1,+21.0,+21.0
2023-08-07 12:56,1,+15.9,+24.3,+18.1,+20.4,+36.2,+38.3,+20.1,+20.6,+20.8,+21.3,+21.0,+21.0,+21.0
2023-08-07 13:56,1,+15.2,+23.4,+17.2,+20.2,+36.3,+38.3,+20.3,+20.6,+20.7,+21.2,+21.0,+21.0,+21.0
2023-08-07 14:56,1,+14.9,+22.9,+16.7,+20.2,+36.5,+38.4,+20.3,+20.6,+20.8,+21.2,+21.0,+21.0,+21.0
2023-08-07 15:56,1,+14.7,+22.5,+16.3,+20.3,+36.7,+38.5,+20.3,+20.6,+20.7,+21.2,+21.0,+21.0,+21.0
2023-08-07 16:56,1,+14.7,+22.4,+16.0,+20.1,+36.6,+38.5,+20.3,+20.6,+20.8,+21.2,+21.0,+21.0,+21.0
2023-08-07 17:56,1,+14.6,+22.3,+15.8,+20.1,+36.6,+38.6,+20.3,+20.6,+20.7,+21.2,+21.0,+21.0,+21.1
2023-08-07 18:56,1,+14.5,+22.1,+15.8,+20.0,+36.6,+38.6,+20.2,+20.6,+20.7,+21.2,+21.0,+21.0,+21.0
2023-08-07 19:56,1,+14.3,+22.0,+15.6,+20.1,+36.6,+38.7,+20.2,+20.6,+20.7,+21.2,+21.0,+21.0,+21.0
2023-08-07 20:56,1,+14.3,+22.0,+15.6,+20.0,+36.6,+38.6,+20.1,+20.5,+20.7,+21.2,+21.0,+21.0,+21.0
2023-08-07 21:56,1,+14.2,+21.9,+15.5,+20.0,+36.6,+38.7,+20.0,+20.6,+20.7,+21.2,+21.0,+21.0,+21.1
2023-08-07 22:56,1,+14.2,+21.9,+15.5,+19.9,+36.5,+38.6,+20.0,+20.5,+20.7,+21.2,+21.0,+21.0,+21.1
2023-08-07 23:56,1,+14.1,+21.8,+15.4,+19.9,+36.5,+38.6,+19.8,+20.5,+20.7,+21.2,+20.8,+21.0,+21.0
2023-08-08 00:56,1,+14.1,+21.7,+15.4,+19.9,+36.5,+38.6,+19.8,+20.3,+20.7,+21.2,+21.0,+21.0,+21.0
2023-08-08 01:56,1,+14.1,+21.7,+15.4,+19.9,+36.5,+38.6,+19.7,+20.3,+20.6,+21.2,+21.0,+21.0,+21.0
2023-08-08 02:56,1,+14.0,+21.6,+15.4,+19.8,+36.5,+38.6,+19.7,+20.3,+20.7,+21.2,+21.0,+21.0,+21.1
2023-08-08 03:56,1,+14.0,+21.6,+15.3,+19.8,+36.4,+38.6,+19.7,+20.3,+20.6,+21.2,+21.0,+21.0,+21.0
2023-08-08 04:56,1,+13.9,+21.6,+15.3,+19.8,+36.4,+38.6,+19.7,+20.2,+20.6,+21.2,+21.0,+21.0,+21.0
2023-08-08 05:56,1,+13.9,+21.5,+15.3,+19.9,+36.5,+38.6,+19.6,+20.2,+20.6,+21.2,+21.0,+21.0,+21.0
2023-08-08 06:56,1,+13.9,+21.5,+15.3,+19.8,+36.4,+38.6,+19.6,+20.2,+20.6,+21.2,+21.0,+21.0,+21.0
2023-08-08 07:56,1,+13.9,+21.5,+15.3,+19.9,+36.5,+38.6,+19.7,+20.2,+20.6,+21.2,+21.0,+21.0,+21.0
2023-08-08 08:56,1,+13.8,+21.5,+15.2,+19.9,+36.4,+38.6,+20.0,+20.2,+20.5,+21.2,+21.0,+21.0,+21.0
2023-08-08 09:56,1,+13.7,+21.4,+15.2,+19.8,+36.4,+38.6,+20.1,+20.2,+20.5,+21.2,+21.0,+21.0,+21.0
2023-08-08 10:56,1,+13.7,+21.4,+15.2,+19.8,+36.4,+38.6,+20.3,+20.2,+20.6,+21.1,+20.8,+21.0,+21.0
2023-08-08 11:56,1,+13.7,+21.4,+15.2,+19.8,+36.4,+38.6,+20.5,+20.2,+20.5,+21.2,+21.0,+21.0,+21.0
2023-08-08 12:56,1,+13.6,+21.3,+15.2,+19.7,+36.4,+38.6,+20.6,+20.2,+20.5,+21.1,+20.8,+21.0,+21.0
2023-08-08 13:56,1,+13.6,+21.3,+15.2,+19.7,+36.4,+38.6,+20.5,+20.3,+20.5,+21.1,+21.0,+21.0,+21.0
2023-08-08 14:56,1,+18.9,+27.4,+16.7,+19.9,+36.4,+38.6,+19.8,+20.2,+20.3,+21.1,+20.8,+21.0,+21.0
2023-08-08 15:56,1,+17.2,+24.7,+16.9,+19.8,+36.4,+38.6,+19.8,+20.3,+20.5,+21.1,+20.8,+21.0,+21.0
2023-08-08 16:56,1,+16.9,+24.0,+17.1,+19.9,+36.4,+38.6,+19.8,+20.2,+20.5,+21.1,+20.8,+21.0,+21.0
2023-08-08 17:56,1,+16.3,+23.8,+16.9,+20.0,+36.4,+38.6,+19.8,+20.2,+20.5,+21.1,+21.0,+21.0,+21.0
2023-08-08 18:56,1,+15.8,+23.4,+16.7,+20.2,+36.5,+38.6,+19.7,+20.2,+20.5,+21.1,+20.8,+21.0,+21.0
2023-08-08 19:56,1,+15.4,+22.9,+16.5,+20.1,+36.5,+38.6,+19.7,+20.2,+20.5,+21.1,+20.8,+21.0,+21.0
2023-08-08 20:56,1,+15.4,+22.7,+16.2,+20.2,+36.6,+38.6,+19.7,+20.1,+20.5,+21.1,+20.8,+21.0,+21.0
2023-08-08 21:56,1,+15.2,+22.5,+16.0,+20.0,+36.6,+38.6,+19.6,+20.1,+20.3,+21.1,+20.8,+21.0,+21.0
2023-08-08 22:56,1,+15.1,+22.3,+15.9,+20.2,+36.6,+38.6,+19.5,+20.1,+20.3,+21.1,+20.8,+21.0,+21.0
2023-08-08 23:56,1,+15.0,+22.2,+15.8,+20.2,+36.6,+38.6,+19.5,+20.1,+20.5,+21.1,+20.8,+20.8,+21.0
2023-08-09 00:56,1,+14.9,+22.1,+15.7,+20.1,+36.6,+38.7,+19.5,+20.1,+20.3,+21.1,+20.8,+20.8,+21.0
2023-08-09 01:56,1,+14.8,+22.1,+15.6,+20.1,+36.6,+38.7,+19.3,+20.1,+20.3,+21.1,+20.8,+21.0,+21.0
2023-08-09 02:56,1,+14.8,+22.0,+15.6,+20.0,+36.6,+38.7,+19.3,+20.0,+20.3,+21.0,+20.8,+20.8,+21.0
2023-08-09 03:56,1,+14.8,+21.9,+15.5,+20.0,+36.6,+38.7,+19.3,+20.0,+20.3,+21.1,+20.8,+20.8,+21.0
2023-08-09 04:56,1,+14.7,+21.9,+15.5,+20.1,+36.6,+38.7,+19.3,+19.8,+20.3,+21.1,+20.8,+20.8,+21.0
2023-08-09 05:56,1,+14.7,+21.9,+15.5,+20.0,+36.6,+38.7,+19.2,+19.8,+20.3,+21.0,+20.8,+21.0,+21.0
2023-08-09 06:56,1,+14.6,+21.8,+15.4,+19.9,+36.6,+38.7,+19.2,+19.8,+20.3,+21.0,+20.8,+20.8,+21.0
2023-08-09 07:56,1,+14.6,+21.8,+15.4,+20.0,+36.6,+38.7,+19.3,+19.8,+20.2,+21.1,+20.8,+20.8,+21.0
2023-08-09 08:56,1,+14.6,+21.7,+15.4,+19.9,+36.6,+38.7,+19.6,+19.8,+20.2,+21.0,+20.8,+20.8,+21.0
2023-08-09 09:56,1,+14.5,+21.7,+15.4,+19.9,+36.5,+38.7,+19.7,+19.8,+20.2,+21.0,+20.8,+20.8,+21.0
2023-08-09 10:56,1,+14.4,+21.7,+15.4,+20.0,+36.6,+38.7,+20.0,+19.8,+20.2,+21.0,+20.8,+20.8,+21.0
2023-08-09 11:56,1,+14.4,+21.7,+15.4,+19.9,+36.5,+38.7,+20.5,+19.8,+20.2,+21.0,+20.8,+20.8,+21.0
2023-08-09 12:56,1,+14.3,+21.6,+15.4,+20.0,+36.6,+38.7,+21.7,+20.0,+20.2,+21.0,+20.8,+20.8,+21.0
2023-08-09 13:56,1,+14.1,+21.6,+15.3,+19.9,+36.5,+38.7,+21.7,+20.1,+20.2,+21.0,+20.8,+20.8,+21.0
2023-08-09 14:56,1,+14.1,+21.6,+15.3,+20.0,+36.6,+38.7,+21.8,+20.2,+20.2,+21.0,+20.8,+20.8,+21.0
2023-08-09 15:56,1,+14.0,+21.6,+15.3,+20.0,+36.6,+38.7,+22.0,+20.5,+20.2,+21.0,+20.7,+20.8,+21.0
2023-08-09 16:56,1,+14.0,+21.6,+15.3,+20.0,+36.6,+38.7,+21.8,+20.5,+20.3,+21.0,+20.8,+20.8,+21.0
2023-08-09 17:56,1,+14.0,+21.5,+15.3,+19.8,+36.5,+38.6,+21.6,+20.6,+20.3,+20.8,+20.8,+20.8,+21.0
2023-08-09 18:56,1,+14.0,+21.5,+15.3,+19.8,+36.5,+38.6,+21.5,+20.7,+20.3,+20.8,+20.7,+20.8,+21.0
2023-08-09 19:56,1,+14.0,+21.5,+15.3,+19.8,+36.5,+38.6,+21.2,+20.8,+20.3,+21.0,+20.7,+20.8,+21.0
2023-08-09 20:56,1,+14.1,+21.5,+15.3,+19.8,+36.5,+38.6,+21.1,+20.8,+20.5,+20.8,+20.7,+20.8,+20.8
2023-08-09 21:56,1,+14.1,+21.5,+15.3,+19.8,+36.5,+38.6,+20.8,+20.7,+20.5,+21.0,+20.8,+20.8,+21.0
2023-08-09 22:56,1,+14.1,+21.5,+15.3,+19.9,+36.5,+38.7,+20.7,+20.7,+20.5,+21.0,+20.7,+20.8,+21.0
2023-08-09 23:56,1,+14.1,+21.5,+15.3,+19.9,+36.5,+38.7,+20.7,+20.7,+20.5,+21.0,+20.7,+20.8,+21.0
2023-08-10 00:56,1,+14.1,+21.4,+15.3,+19.8,+36.5,+38.6,+20.6,+20.7,+20.5,+21.0,+20.7,+20.8,+21.0
2023-08-10 01:56,1,+14.1,+21.4,+15.3,+19.9,+36.5,+38.7,+20.5,+20.7,+20.6,+21.0,+20.7,+20.8,+20.8
2023-08-10 02:56,1,+14.1,+21.4,+15.2,+19.8,+36.5,+38.6,+20.5,+20.6,+20.6,+21.0,+20.7,+20.8,+21.0
2023-08-10 03:56,1,+14.1,+21.4,+15.2,+19.8,+36.4,+38.6,+20.5,+20.6,+20.6,+21.0,+20.8,+20.8,+21.0
2023-08-10 04:56,1,+14.1,+21.4,+15.2,+19.9,+36.5,+38.6,+20.3,+20.6,+20.6,+21.0,+20.7,+20.8,+21.0
2023-08-10 05:56,1,+14.1,+21.4,+15.2,+19.9,+36.5,+38.7,+20.3,+20.6,+20.6,+21.1,+20.7,+20.7,+21.0
2023-08-10 06:56,1,+14.1,+21.4,+15.2,+19.9,+36.5,+38.7,+20.2,+20.6,+20.6,+21.1,+20.7,+20.8,+20.8
2023-08-10 07:56,1,+14.1,+21.4,+15.2,+19.8,+36.4,+38.6,+20.3,+20.5,+20.6,+21.1,+20.8,+20.8,+21.0
2023-08-10 08:56,1,+14.0,+21.3,+15.2,+19.9,+36.5,+38.6,+20.5,+20.5,+20.6,+21.1,+20.7,+20.8,+20.8
2023-08-10 09:56,1,+14.0,+21.3,+15.2,+19.9,+36.5,+38.6,+20.7,+20.5,+20.5,+21.0,+20.7,+20.8,+21.0
2023-08-10 10:56,1,+13.9,+21.3,+15.2,+19.7,+36.4,+38.6,+21.0,+20.6,+20.6,+21.1,+20.8,+20.8,+20.8
2023-08-10 11:56,1,+13.9,+21.3,+15.2,+19.9,+36.5,+38.6,+21.2,+20.6,+20.5,+21.1,+20.7,+20.8,+20.8
2023-08-10 12:56,1,+13.8,+21.3,+15.2,+19.8,+36.4,+38.6,+21.6,+20.6,+20.6,+21.1,+20.7,+20.8,+21.0
2023-08-10 13:56,1,+13.7,+21.3,+15.2,+19.7,+36.4,+38.6,+22.3,+20.7,+20.6,+21.1,+20.7,+20.8,+21.0
2023-08-10 14:56,1,+13.6,+21.2,+15.2,+19.8,+36.5,+38.6,+22.3,+20.8,+20.6,+21.0,+20.7,+20.8,+20.8
2023-08-10 15:56,1,+13.6,+21.2,+15.2,+19.7,+36.4,+38.6,+22.2,+21.0,+20.6,+21.1,+20.8,+20.8,+21.0
2023-08-10 16:56,1,+13.6,+21.2,+15.2,+19.7,+36.4,+38.6,+22.0,+21.1,+20.6,+21.1,+20.7,+20.8,+21.0
2023-08-10 17:56,1,+13.6,+21.2,+15.2,+19.7,+36.4,+38.6,+21.8,+21.1,+20.6,+21.1,+20.8,+20.8,+20.8
2023-08-10 18:56,1,+13.7,+21.2,+15.2,+19.8,+36.4,+38.6,+21.7,+21.1,+20.7,+21.1,+20.8,+20.8,+20.8
2023-08-10 19:56,1,+13.7,+21.2,+15.2,+19.7,+36.4,+38.6,+21.6,+21.1,+20.6,+21.1,+20.8,+20.8,+20.8
2023-08-10 20:56,1,+13.7,+21.2,+15.2,+19.8,+36.4,+38.6,+21.5,+21.2,+20.7,+21.1,+20.8,+20.8,+21.0
2023-08-10 21:56,1,+13.7,+21.2,+15.2,+19.8,+36.4,+38.6,+21.5,+21.2,+20.7,+21.1,+20.7,+20.8,+21.0
2023-08-10 22:56,1,+13.8,+21.2,+15.2,+19.8,+36.4,+38.6,+21.3,+21.2,+20.8,+21.1,+20.7,+20.7,+21.0
2023-08-10 23:56,1,+13.9,+21.2,+15.2,+19.8,+36.4,+38.6,+21.2,+21.1,+20.8,+21.1,+20.8,+20.8,+21.0
2023-08-11 00:56,1,+13.9,+21.2,+15.2,+19.7,+36.4,+38.6,+21.1,+21.1,+20.8,+21.1,+20.7,+20.8,+20.8
2023-08-11 01:56,1,+14.0,+21.2,+15.2,+19.8,+36.4,+38.6,+21.1,+21.1,+20.7,+21.1,+20.8,+20.8,+21.0
2023-08-11 02:56,1,+14.0,+21.1,+15.2,+19.8,+36.4,+38.6,+21.0,+21.1,+20.8,+21.1,+20.8,+20.8,+21.0
2023-08-11 03:56,1,+14.0,+21.2,+15.2,+19.7,+36.4,+38.6,+21.0,+21.0,+20.8,+21.1,+20.8,+20.8,+20.8
2023-08-11 04:56,1,+14.1,+21.2,+15.2,+19.8,+36.4,+38.6,+20.8,+21.0,+20.8,+21.1,+20.8,+20.8,+21.0
2023-08-11 05:56,1,+14.5,+21.1,+15.2,+19.7,+36.4,+38.6,+20.8,+21.0,+20.8,+21.2,+20.8,+20.8,+20.8
2023-08-11 06:56,1,+14.5,+21.2,+15.2,+19.7,+36.4,+38.6,+20.7,+21.0,+20.8,+21.2,+20.8,+20.8,+20.8
2023-08-11 07:56,1,+14.5,+21.1,+15.2,+19.8,+36.4,+38.6,+20.8,+20.8,+20.8,+21.2,+20.7,+20.8,+20.8
2023-08-11 08:56,1,+14.5,+21.1,+15.2,+19.7,+36.4,+38.6,+20.8,+20.8,+20.8,+21.2,+20.8,+20.8,+21.0
2023-08-11 09:56,1,+14.4,+21.1,+15.2,+19.7,+36.4,+38.6,+21.1,+20.8,+20.8,+21.2,+20.8,+20.8,+21.0
2023-08-11 10:56,1,+14.3,+21.1,+15.2,+19.8,+36.4,+38.6,+21.2,+20.8,+20.8,+21.2,+20.8,+20.8,+20.8
2023-08-11 11:56,1,+14.2,+21.1,+15.2,+19.8,+36.4,+38.6,+21.5,+21.0,+20.8,+21.2,+20.8,+20.8,+21.0
2023-08-11 12:56,1,+14.1,+21.1,+15.2,+19.7,+36.4,+38.6,+21.8,+21.0,+20.8,+21.2,+20.8,+20.8,+21.0
2023-08-11 13:56,1,+14.0,+21.1,+15.2,+19.7,+36.4,+38.6,+22.2,+21.0,+20.8,+21.2,+20.8,+20.8,+21.0
2023-08-11 14:56,1,+13.9,+21.1,+15.2,+19.8,+36.4,+38.6,+22.3,+21.2,+20.8,+21.2,+20.8,+20.8,+20.8
2023-08-11 15:56,1,+13.9,+21.1,+15.2,+19.7,+36.4,+38.6,+22.6,+21.2,+20.8,+21.2,+20.8,+20.8,+21.0
2023-08-11 16:56,1,+13.9,+21.1,+15.2,+19.7,+36.4,+38.6,+22.5,+21.3,+20.8,+21.2,+20.8,+20.8,+20.8
2023-08-11 17:56,1,+13.9,+21.1,+15.2,+19.7,+36.4,+38.6,+22.2,+21.3,+20.8,+21.2,+20.8,+20.8,+21.0
2023-08-11 18:56,1,+17.9,+26.5,+18.1,+20.3,+36.7,+38.6,+21.2,+21.2,+21.0,+21.2,+21.0,+20.8,+21.0
2023-08-11 19:56,1,+16.7,+24.4,+17.7,+20.4,+36.6,+38.6,+21.5,+21.3,+21.0,+21.2,+20.8,+20.8,+21.0
2023-08-11 20:56,1,+16.3,+23.7,+17.2,+20.4,+36.6,+38.6,+21.3,+21.3,+21.0,+21.2,+20.8,+20.8,+21.0
2023-08-11 21:56,1,+16.0,+23.2,+16.8,+20.4,+36.7,+38.6,+21.2,+21.3,+21.1,+21.2,+20.8,+20.8,+20.8
2023-08-11 22:56,1,+15.8,+23.0,+16.5,+20.3,+36.7,+38.6,+21.1,+21.3,+21.0,+21.2,+20.8,+20.8,+21.0
2023-08-11 23:56,1,+15.7,+22.8,+16.3,+20.3,+36.7,+38.6,+21.0,+21.2,+21.0,+21.2,+20.8,+20.8,+21.0
2023-08-12 00:56,1,+15.6,+22.7,+16.2,+20.4,+36.8,+38.7,+20.8,+21.2,+21.1,+21.2,+20.8,+20.8,+21.0
2023-08-12 01:56,1,+15.5,+22.6,+16.1,+20.3,+36.8,+38.7,+20.7,+21.2,+21.0,+21.3,+20.8,+21.0,+20.8
2023-08-12 02:56,1,+15.4,+22.5,+16.0,+20.4,+36.9,+38.7,+20.6,+21.1,+21.0,+21.3,+21.0,+20.8,+21.0
2023-08-12 03:56,1,+15.3,+22.5,+15.9,+20.3,+36.8,+38.7,+20.5,+21.1,+21.0,+21.3,+20.8,+20.8,+20.8
2023-08-12 04:56,1,+15.3,+22.4,+15.9,+20.3,+36.8,+38.7,+20.5,+21.0,+21.0,+21.3,+21.0,+21.0,+20.8
2023-08-12 05:56,1,+15.2,+22.3,+15.8,+20.3,+36.9,+38.7,+20.3,+20.8,+21.0,+21.3,+20.8,+20.8,+21.0
2023-08-12 06:56,1,+15.2,+22.3,+15.8,+20.2,+36.9,+38.8,+20.3,+20.8,+21.0,+21.3,+21.0,+21.0,+21.0
2023-08-12 07:56,1,+15.2,+22.2,+15.8,+20.4,+36.9,+38.8,+20.3,+20.8,+21.0,+21.3,+21.0,+20.8,+21.0
2023-08-12 08:56,1,+15.1,+22.2,+15.8,+20.2,+36.9,+38.8,+20.5,+20.8,+21.0,+21.2,+21.0,+20.8,+21.0
2023-08-12 09:56,1,+15.0,+22.2,+15.7,+20.3,+36.9,+38.8,+20.6,+20.7,+21.0,+21.3,+20.8,+21.0,+21.0
2023-08-12 10:56,1,+14.9,+22.1,+15.7,+20.2,+36.9,+38.8,+20.8,+20.7,+21.0,+21.2,+21.0,+21.0,+21.0
2023-08-12 11:56,1,+14.8,+22.1,+15.7,+20.3,+36.9,+38.9,+21.1,+20.7,+20.8,+21.3,+21.0,+21.0,+21.0
2023-08-12 12:56,1,+14.8,+22.0,+15.6,+20.3,+36.9,+38.9,+21.3,+20.8,+20.8,+21.3,+21.0,+21.0,+21.0
2023-08-12 13:56,1,+14.7,+22.0,+15.6,+20.2,+36.9,+38.8,+21.6,+20.8,+20.8,+21.3,+21.0,+21.0,+21.0
2023-08-12 14:56,1,+14.6,+22.0,+15.6,+20.2,+36.9,+38.8,+22.0,+20.8,+20.8,+21.2,+21.0,+21.0,+20.8
2023-08-12 15:56,1,+14.5,+21.9,+15.6,+20.3,+36.9,+38.9,+22.0,+21.0,+20.7,+21.3,+21.0,+21.0,+21.0
2023-08-12 16:56,1,+14.5,+21.9,+15.6,+20.3,+36.9,+38.9,+21.8,+21.1,+20.8,+21.3,+21.0,+21.0,+21.0
2023-08-12 17:56,1,+14.5,+21.9,+15.6,+20.3,+36.9,+38.9,+21.7,+21.1,+20.8,+21.2,+21.0,+21.0,+21.0
2023-08-12 18:56,1,+14.5,+21.9,+15.6,+20.3,+36.9,+38.9,+21.5,+21.2,+20.8,+21.3,+21.0,+21.0,+21.0
2023-08-12 19:56,1,+14.6,+21.9,+15.6,+20.2,+36.9,+38.9,+21.3,+21.2,+20.8,+21.2,+21.0,+21.0,+21.0
2023-08-12 20:56,1,+14.6,+21.9,+15.6,+20.1,+36.8,+38.8,+21.2,+21.2,+20.8,+21.3,+20.8,+21.0,+21.0
2023-08-12 21:56,1,+14.6,+21.8,+15.6,+20.2,+36.9,+38.9,+21.1,+21.2,+21.0,+21.3,+20.8,+21.0,+21.0
2023-08-12 22:56,1,+14.6,+21.8,+15.6,+20.2,+36.9,+38.9,+21.0,+21.1,+21.0,+21.2,+21.0,+21.0,+21.0
2023-08-12 23:56,1,+14.6,+21.8,+15.6,+20.1,+36.8,+38.9,+20.8,+21.1,+21.0,+21.2,+21.0,+21.0,+21.0
2023-08-13 00:56,1,+14.6,+21.8,+15.5,+20.2,+36.9,+38.9,+20.8,+21.1,+21.0,+21.2,+21.0,+21.0,+21.0
2023-08-13 01:56,1,+14.6,+21.7,+15.5,+20.2,+36.9,+38.9,+20.8,+21.1,+21.0,+21.3,+21.0,+21.0,+21.0
2023-08-13 02:56,1,+14.5,+21.7,+15.5,+20.2,+36.9,+38.9,+20.7,+21.0,+21.0,+21.3,+21.0,+21.0,+21.0
2023-08-13 03:56,1,+14.5,+21.7,+15.5,+20.2,+36.9,+38.9,+20.7,+21.0,+21.0,+21.3,+21.0,+21.0,+21.0
2023-08-13 04:56,1,+14.5,+21.7,+15.5,+20.1,+36.8,+38.9,+20.7,+21.0,+21.0,+21.2,+21.0,+21.0,+21.0
2023-08-13 05:56,1,+14.5,+21.7,+15.5,+20.2,+36.9,+38.9,+20.6,+21.0,+21.0,+21.3,+21.0,+21.0,+21.0
2023-08-13 06:56,1,+14.5,+21.7,+15.5,+20.2,+36.9,+38.9,+20.6,+20.8,+21.0,+21.2,+21.0,+21.0,+21.0
2023-08-13 07:56,1,+14.5,+21.7,+15.5,+20.1,+36.8,+38.9,+20.7,+20.8,+20.8,+21.3,+21.0,+21.0,+21.0
2023-08-13 08:56,1,+14.5,+21.7,+15.5,+20.1,+36.8,+38.9,+20.8,+20.8,+20.8,+21.3,+21.0,+21.0,+21.0
2023-08-13 09:56,1,+14.4,+21.7,+15.5,+20.1,+36.8,+38.9,+21.1,+20.8,+21.0,+21.3,+20.8,+21.0,+21.0
2023-08-13 10:56,1,+14.4,+21.7,+15.5,+20.1,+36.8,+38.9,+21.2,+20.8,+20.8,+21.3,+21.0,+21.0,+21.0
2023-08-13 11:56,1,+14.4,+21.7,+15.5,+20.2,+36.9,+38.9,+21.5,+20.8,+20.8,+21.3,+21.0,+21.0,+21.0
2023-08-13 12:56,1,+14.3,+21.7,+15.4,+20.2,+36.9,+38.9,+21.5,+21.0,+20.8,+21.2,+21.0,+21.0,+21.0
2023-08-13 13:56,1,+18.6,+26.4,+15.8,+20.2,+36.9,+38.9,+21.3,+21.0,+20.8,+21.2,+21.0,+21.0,+21.0
2023-08-13 14:56,1,+25.5,+33.1,+22.7,+33.3,+43.1,+39.0,+19.8,+20.5,+20.7,+21.2,+21.0,+21.0,+21.0
2023-08-13 15:56,1,+19.6,+28.0,+20.9,+30.0,+44.5,+41.0,+19.2,+19.8,+20.3,+21.0,+20.8,+20.8,+20.8
2023-08-13 16:56,1,+17.8,+25.6,+18.0,+21.6,+39.5,+41.1,+19.7,+20.2,+20.6,+21.2,+20.8,+20.8,+21.0
2023-08-13 17:56,1,+16.9,+24.5,+17.4,+21.4,+39.3,+41.0,+19.7,+20.3,+20.7,+21.2,+21.0,+21.0,+21.0
2023-08-13 18:56,1,+16.5,+23.9,+17.0,+21.2,+38.9,+40.9,+19.8,+20.3,+20.7,+21.2,+21.0,+21.0,+21.0
2023-08-13 19:56,1,+16.2,+23.6,+16.7,+21.2,+38.5,+40.9,+19.8,+20.3,+20.7,+21.2,+20.8,+21.0,+21.0
2023-08-13 20:56,1,+16.0,+23.4,+16.5,+21.0,+38.4,+40.8,+19.8,+20.3,+20.7,+21.2,+21.0,+21.0,+21.0
2023-08-13 21:56,1,+15.8,+23.5,+16.4,+21.1,+38.4,+40.8,+19.8,+20.3,+20.6,+21.2,+21.0,+21.0,+21.0
2023-08-13 22:56,1,+15.8,+23.5,+16.3,+20.9,+38.2,+40.6,+20.0,+20.3,+20.7,+21.2,+21.0,+21.0,+21.0
2023-08-13 23:56,1,+15.7,+23.4,+16.2,+20.9,+38.2,+40.6,+20.0,+20.3,+20.7,+21.2,+21.0,+21.0,+21.0
2023-08-14 00:56,1,+15.8,+23.3,+16.2,+21.0,+38.2,+40.5,+20.0,+20.3,+20.6,+21.2,+21.0,+21.0,+21.0
2023-08-14 01:56,1,+15.8,+23.3,+16.1,+20.9,+38.2,+40.5,+20.0,+20.3,+20.7,+21.2,+21.0,+21.0,+21.0
2023-08-14 02:56,1,+15.8,+23.2,+16.1,+20.9,+38.1,+40.5,+19.8,+20.3,+20.6,+21.2,+21.0,+21.0,+21.0
2023-08-14 03:56,1,+15.8,+23.0,+16.0,+20.8,+37.5,+39.5,+20.0,+20.3,+20.6,+21.2,+21.0,+21.0,+21.0
2023-08-14 04:56,1,+15.8,+23.0,+16.0,+20.8,+37.5,+39.4,+20.0,+20.3,+20.6,+21.2,+21.0,+21.0,+21.0
2023-08-14 05:56,1,+15.7,+23.0,+16.0,+20.7,+37.4,+39.4,+19.8,+20.3,+20.6,+21.2,+21.0,+21.0,+21.0
2023-08-14 06:56,1,+15.7,+23.0,+16.0,+20.8,+37.4,+39.4,+19.8,+20.2,+20.6,+21.2,+21.0,+21.0,+21.1
2023-08-14 07:56,1,+15.6,+22.9,+15.9,+20.7,+37.4,+39.4,+19.8,+20.2,+20.6,+21.2,+21.0,+21.0,+21.0
2023-08-14 08:56,1,+15.6,+22.9,+15.9,+20.7,+37.4,+39.4,+20.1,+20.2,+20.5,+21.2,+21.0,+21.0,+21.0
2023-08-14 09:56,1,+15.6,+22.9,+15.9,+20.8,+37.4,+39.4,+20.2,+20.2,+20.6,+21.1,+21.0,+21.0,+21.0
2023-08-14 10:56,1,+15.5,+22.9,+15.9,+20.6,+37.3,+39.4,+20.3,+20.2,+20.6,+21.1,+21.0,+21.0,+21.0
2023-08-14 11:56,1,+15.4,+22.9,+15.8,+20.6,+37.3,+39.3,+20.6,+20.3,+20.5,+21.1,+21.0,+21.0,+21.0
2023-08-14 12:56,1,+15.3,+22.8,+15.8,+20.6,+37.3,+39.3,+21.0,+20.3,+20.6,+21.2,+21.0,+21.0,+21.1
2023-08-14 13:56,1,+15.3,+22.8,+15.8,+20.7,+37.3,+39.3,+21.1,+20.5,+20.5,+21.1,+20.8,+21.0,+21.0
2023-08-14 14:56,1,+23.1,+31.4,+18.9,+22.8,+41.4,+39.4,+20.1,+20.3,+20.5,+21.1,+20.8,+21.0,+21.0
2023-08-14 15:56,1,+21.3,+29.5,+22.3,+26.3,+42.7,+39.4,+19.8,+20.3,+20.5,+21.1,+20.8,+21.0,+21.0
2023-08-14 16:56,1,+19.5,+26.7,+19.7,+22.7,+40.6,+39.9,+19.8,+20.3,+20.5,+21.1,+20.8,+20.8,+21.0
2023-08-14 17:56,1,+19.5,+27.6,+20.6,+23.5,+40.3,+40.2,+19.7,+20.2,+20.5,+21.1,+20.8,+21.0,+21.0
2023-08-14 18:56,1,+21.1,+26.2,+18.3,+21.9,+39.4,+40.3,+19.6,+20.1,+20.5,+21.1,+20.8,+21.0,+21.0
2023-08-14 19:56,1,+20.0,+27.8,+18.7,+21.8,+39.3,+40.2,+19.5,+20.1,+20.5,+21.1,+21.0,+21.0,+21.0
2023-08-14 20:56,1,+18.0,+25.4,+18.0,+21.7,+39.3,+40.2,+19.6,+20.2,+20.5,+21.1,+20.8,+21.0,+21.0
2023-08-14 21:56,1,+17.4,+24.7,+17.5,+21.7,+39.2,+40.2,+19.6,+20.1,+20.5,+21.1,+20.8,+21.0,+21.0
2023-08-14 22:56,1,+17.5,+24.3,+17.2,+21.5,+39.0,+40.2,+19.6,+20.1,+20.5,+21.1,+20.8,+21.0,+21.0
2023-08-14 23:56,1,+17.2,+24.3,+17.0,+21.3,+38.7,+40.1,+19.6,+20.1,+20.3,+21.1,+20.8,+20.8,+21.0
2023-08-15 00:56,1,+16.7,+24.2,+16.8,+21.4,+38.4,+40.1,+19.5,+20.1,+20.3,+21.1,+20.8,+20.8,+21.0
2023-08-15 01:56,1,+16.5,+24.0,+16.7,+21.2,+38.3,+40.0,+19.6,+20.0,+20.3,+21.1,+20.8,+20.8,+21.0
2023-08-15 02:56,1,+16.2,+23.9,+16.6,+21.2,+38.2,+40.0,+19.6,+20.0,+20.5,+21.1,+20.8,+20.8,+21.0
2023-08-15 03:56,1,+16.0,+23.7,+16.4,+21.1,+38.2,+40.0,+19.5,+20.0,+20.3,+21.0,+20.8,+20.8,+21.0
2023-08-15 04:56,1,+15.9,+23.6,+16.3,+21.2,+38.2,+40.0,+19.3,+20.0,+20.3,+21.0,+20.8,+20.8,+21.0
2023-08-15 05:56,1,+15.9,+23.5,+16.3,+21.0,+38.1,+40.0,+19.5,+20.0,+20.3,+21.1,+20.8,+20.8,+21.0
2023-08-15 06:56,1,+15.7,+23.5,+16.2,+21.0,+37.8,+39.7,+19.3,+20.0,+20.3,+21.0,+20.8,+21.0,+21.0
2023-08-15 07:56,1,+15.7,+23.4,+16.2,+21.1,+37.7,+39.7,+19.6,+19.8,+20.3,+21.1,+20.8,+20.8,+21.0
2023-08-15 08:56,1,+15.7,+23.4,+16.1,+20.9,+37.6,+39.6,+19.6,+20.0,+20.3,+21.0,+20.8,+20.8,+21.0
2023-08-15 09:56,1,+15.7,+23.3,+16.1,+21.0,+37.7,+39.6,+19.7,+20.0,+20.3,+21.0,+20.8,+20.8,+21.0
2023-08-15 10:56,1,+15.7,+23.2,+16.1,+20.9,+37.6,+39.5,+20.1,+20.0,+20.2,+21.0,+20.8,+20.8,+21.0
2023-08-15 11:56,1,+15.7,+23.2,+16.0,+20.9,+37.6,+39.5,+20.3,+20.0,+20.2,+21.0,+20.8,+20.8,+21.0
2023-08-15 12:56,1,+15.6,+23.2,+16.0,+21.0,+37.6,+39.5,+20.7,+20.0,+20.2,+21.0,+20.8,+20.8,+21.0
2023-08-15 13:56,1,+15.6,+23.3,+16.0,+20.8,+37.5,+39.5,+21.1,+20.1,+20.2,+21.0,+20.8,+20.8,+21.0
2023-08-15 14:56,1,+15.5,+23.2,+16.0,+20.8,+37.5,+39.5,+21.1,+20.2,+20.2,+21.0,+20.8,+20.8,+21.0
2023-08-15 15:56,1,+15.5,+23.2,+16.0,+20.9,+37.6,+39.5,+21.1,+20.3,+20.2,+21.0,+20.7,+20.8,+21.0
2023-08-15 16:56,1,+15.5,+23.2,+16.0,+20.9,+37.5,+39.5,+20.8,+20.3,+20.2,+21.0,+20.7,+20.8,+21.0
2023-08-15 17:56,1,+15.5,+23.2,+16.0,+20.9,+37.5,+39.5,+20.7,+20.5,+20.3,+21.0,+20.8,+20.8,+21.0
2023-08-15 18:56,1,+15.5,+23.2,+15.9,+20.8,+37.5,+39.5,+20.5,+20.5,+20.3,+21.0,+20.8,+20.8,+21.0
2023-08-15 19:56,1,+15.6,+23.1,+15.9,+20.9,+37.5,+39.5,+20.3,+20.5,+20.3,+21.0,+20.8,+20.8,+21.0
2023-08-15 20:56,1,+15.7,+23.1,+15.9,+20.8,+37.5,+39.5,+20.2,+20.5,+20.3,+21.0,+20.8,+20.8,+21.0
2023-08-15 21:56,1,+15.7,+23.1,+15.9,+20.8,+37.5,+39.4,+20.1,+20.5,+20.3,+21.0,+20.8,+20.8,+21.0
2023-08-15 22:56,1,+15.6,+23.1,+15.9,+20.8,+37.5,+39.4,+20.0,+20.3,+20.3,+21.0,+20.8,+20.8,+21.0
2023-08-15 23:56,1,+15.6,+23.1,+15.9,+20.7,+37.4,+39.4,+19.8,+20.3,+20.3,+21.0,+20.8,+20.8,+21.0
2023-08-16 00:56,1,+15.6,+23.1,+15.9,+20.7,+37.4,+39.4,+19.8,+20.2,+20.3,+21.0,+20.8,+20.8,+21.0
2023-08-16 01:56,1,+15.6,+23.0,+15.9,+20.7,+37.4,+39.4,+19.7,+20.2,+20.5,+21.0,+20.8,+20.8,+21.0
2023-08-16 02:56,1,+15.6,+23.0,+15.9,+20.7,+37.4,+39.4,+19.8,+20.2,+20.5,+21.0,+20.7,+20.8,+21.0
2023-08-16 03:56,1,+15.5,+23.0,+15.8,+20.8,+37.4,+39.4,+19.7,+20.2,+20.5,+21.0,+20.7,+20.8,+21.0
2023-08-16 04:56,1,+15.5,+23.0,+15.8,+20.7,+37.4,+39.4,+19.7,+20.2,+20.3,+21.0,+20.7,+20.8,+21.0
2023-08-16 05:56,1,+15.5,+23.0,+15.8,+20.7,+37.4,+39.4,+19.7,+20.1,+20.5,+21.0,+20.7,+20.8,+21.0
2023-08-16 06:56,1,+15.5,+22.9,+15.8,+20.8,+37.4,+39.4,+19.7,+20.1,+20.3,+21.0,+20.8,+20.8,+21.0
2023-08-16 07:56,1,+15.4,+22.9,+15.8,+20.7,+37.3,+39.4,+19.7,+20.1,+20.3,+21.0,+20.7,+20.8,+21.0
2023-08-16 08:56,1,+15.4,+22.9,+15.8,+20.6,+37.3,+39.4,+19.8,+20.1,+20.3,+21.0,+20.8,+20.8,+21.0
2023-08-16 09:56,1,+15.4,+22.9,+15.8,+20.8,+37.4,+39.4,+20.1,+20.1,+20.3,+21.0,+20.7,+20.8,+21.0
2023-08-16 10:56,1,+15.4,+22.9,+15.8,+20.8,+37.4,+39.4,+20.1,+20.0,+20.3,+21.0,+20.7,+20.8,+20.8