
2023-07-27 10:22,3,+0.0,+8.0,+5.5,+20.2,+36.3,+27.0,+22.8,+22.8,+22.3,+22.2,+23.0,+23.2,+22.2
2023-07-27 10:59,3,+0.0,+8.0,+5.5,+20.3,+36.3,+27.1,+20.8,+21.1,+21.1,+21.1,+21.2,+21.1,+20.8
2023-07-27 11:59,3,+0.0,+8.1,+5.5,+20.2,+36.3,+27.1,+20.8,+21.0,+20.8,+20.8,+21.1,+21.0,+20.7
2023-07-27 12:59,3,+0.0,+8.2,+5.5,+20.4,+36.4,+27.2,+21.1,+21.0,+20.8,+21.0,+21.0,+21.0,+20.7
2023-07-27 13:59,3,+0.0,+8.3,+5.6,+20.4,+36.4,+27.2,+21.2,+21.0,+20.8,+20.8,+21.0,+21.0,+20.7
2023-07-27 14:59,3,+0.0,+8.3,+5.6,+20.3,+36.4,+27.2,+21.2,+21.0,+20.7,+20.8,+21.0,+20.8,+20.7
2023-07-27 15:59,3,+0.0,+8.3,+5.6,+20.5,+36.5,+27.3,+21.2,+21.1,+20.8,+20.8,+21.0,+20.8,+20.7
2023-07-27 16:59,3,+0.1,+8.4,+5.7,+20.5,+36.5,+27.3,+21.2,+21.1,+20.8,+20.8,+21.0,+20.8,+20.7
2023-07-27 17:59,3,+0.4,+8.4,+5.7,+20.4,+36.5,+27.3,+21.1,+21.2,+20.8,+20.8,+21.0,+21.0,+20.7
2023-07-27 18:59,3,+0.9,+8.5,+5.7,+20.4,+36.5,+27.3,+20.8,+21.2,+20.8,+20.8,+21.0,+20.8,+20.7
2023-07-27 19:59,3,+1.0,+8.5,+5.7,+20.5,+36.6,+27.3,+20.7,+21.2,+20.8,+20.8,+21.0,+20.8,+20.7
2023-07-27 20:59,3,+1.2,+8.6,+5.7,+20.4,+36.5,+27.3,+20.6,+21.1,+20.8,+20.8,+21.0,+21.0,+20.7
2023-07-27 21:59,3,+1.2,+8.6,+5.8,+20.6,+36.6,+27.4,+20.6,+21.1,+20.8,+20.8,+21.0,+20.8,+20.7
2023-07-27 22:59,3,+1.4,+8.6,+5.8,+20.6,+36.6,+27.4,+20.5,+21.1,+20.8,+20.8,+21.0,+20.8,+20.7
2023-07-27 23:59,3,+1.4,+8.6,+5.8,+20.6,+36.6,+27.4,+20.5,+21.1,+20.8,+20.8,+21.0,+20.8,+20.7
2023-07-28 00:59,3,+1.4,+8.7,+5.8,+20.6,+36.6,+27.4,+20.5,+21.1,+20.8,+20.8,+21.0,+20.8,+20.7
2023-07-28 01:59,3,+1.5,+8.7,+5.8,+20.6,+36.7,+27.4,+20.3,+21.1,+20.8,+20.8,+21.0,+20.8,+20.7
2023-07-28 02:59,3,+1.5,+8.7,+5.8,+20.5,+36.6,+27.4,+20.2,+21.0,+20.8,+20.8,+21.0,+20.8,+20.6
2023-07-28 03:59,3,+1.7,+8.8,+5.8,+20.5,+36.6,+27.4,+20.1,+21.0,+20.8,+20.8,+21.0,+20.8,+20.7
2023-07-28 04:59,3,+1.8,+8.8,+5.8,+20.6,+36.7,+27.5,+20.0,+20.8,+20.8,+20.8,+21.0,+20.8,+20.6
2023-07-28 05:59,3,+1.9,+8.8,+5.9,+20.7,+36.7,+27.5,+20.0,+20.8,+20.8,+20.8,+21.0,+20.8,+20.7
2023-07-28 06:59,3,+2.0,+8.8,+5.9,+20.7,+36.7,+27.5,+19.8,+20.8,+20.8,+20.8,+21.0,+20.8,+20.7
2023-07-28 07:59,3,+2.0,+8.8,+5.9,+20.6,+36.7,+27.5,+20.0,+20.7,+20.8,+20.8,+21.0,+20.8,+20.7
2023-07-28 08:59,3,+1.9,+8.9,+5.9,+20.7,+36.8,+27.5,+20.1,+20.7,+20.8,+20.8,+21.0,+20.8,+20.7
2023-07-28 09:59,3,+1.9,+9.0,+5.9,+20.6,+36.7,+27.5,+20.3,+20.7,+20.7,+20.8,+20.8,+20.8,+20.7
2023-07-28 10:59,3,+1.8,+9.2,+5.9,+20.7,+36.8,+27.5,+20.5,+20.7,+20.7,+20.8,+21.0,+20.8,+20.7
2023-07-28 11:59,3,+1.7,+9.3,+5.9,+20.8,+36.8,+27.5,+20.7,+20.7,+20.8,+20.8,+21.0,+20.8,+20.7
2023-07-28 12:59,3,+1.6,+9.4,+5.9,+20.7,+36.8,+27.5,+21.0,+20.8,+20.7,+20.8,+21.0,+20.8,+20.7
2023-07-28 13:59,3,+1.6,+9.6,+5.9,+20.7,+36.8,+27.5,+21.7,+21.0,+20.7,+20.8,+21.0,+20.8,+20.7
2023-07-28 14:59,3,+1.4,+9.6,+6.4,+20.8,+36.8,+27.6,+21.8,+21.1,+20.7,+20.8,+21.0,+20.8,+20.7
2023-07-28 15:59,3,+1.4,+9.6,+6.8,+20.8,+36.9,+27.6,+21.8,+21.1,+20.7,+20.8,+21.0,+20.8,+20.7
2023-07-28 16:59,3,+1.4,+9.6,+8.4,+21.0,+36.9,+27.6,+22.0,+21.2,+20.7,+20.7,+21.0,+20.8,+20.7
2023-07-28 17:59,3,+1.4,+9.6,+8.8,+21.0,+36.9,+27.6,+21.8,+21.3,+20.8,+20.8,+21.0,+20.8,+20.6
2023-07-28 18:59,3,+1.4,+9.7,+8.8,+20.9,+36.9,+27.6,+21.7,+21.3,+20.8,+20.8,+20.8,+20.8,+20.7
2023-07-28 19:59,3,+1.5,+9.7,+8.8,+21.0,+36.9,+27.6,+21.6,+21.5,+20.8,+20.8,+21.0,+20.8,+20.7
2023-07-28 20:59,3,+1.6,+9.7,+8.8,+21.1,+37.0,+27.7,+21.5,+21.5,+20.8,+20.8,+21.0,+20.8,+20.6
2023-07-28 21:59,3,+1.6,+9.7,+8.8,+21.1,+37.0,+27.7,+21.3,+21.5,+21.0,+20.8,+21.0,+20.8,+20.7
2023-07-28 22:59,3,+1.7,+9.7,+8.8,+21.1,+37.0,+27.7,+21.2,+21.5,+21.0,+20.8,+21.0,+20.8,+20.7
2023-07-28 23:59,3,+1.8,+9.8,+8.8,+21.0,+36.9,+27.7,+21.1,+21.5,+21.0,+20.8,+20.8,+20.8,+20.6
2023-07-29 00:59,3,+1.7,+9.8,+8.8,+21.0,+37.0,+27.7,+21.1,+21.3,+21.0,+20.8,+21.0,+20.8,+20.7
2023-07-29 01:59,3,+1.8,+9.8,+8.9,+21.1,+37.0,+27.7,+21.0,+21.3,+21.0,+20.8,+20.8,+20.8,+20.6
2023-07-29 02:59,3,+1.8,+9.8,+8.9,+21.0,+37.0,+27.7,+21.0,+21.3,+21.0,+20.8,+21.0,+20.8,+20.7
2023-07-29 03:59,3,+1.9,+9.9,+8.9,+21.1,+37.1,+27.7,+20.8,+21.3,+21.0,+20.8,+21.0,+20.8,+20.7
2023-07-29 04:59,3,+1.9,+9.9,+8.9,+21.1,+37.1,+27.7,+20.7,+21.3,+21.0,+20.8,+21.0,+20.8,+20.7
2023-07-29 05:59,3,+1.9,+9.9,+8.9,+21.2,+37.1,+27.7,+20.7,+21.3,+21.0,+20.8,+21.0,+20.8,+20.6
2023-07-29 06:59,3,+1.9,+10.1,+8.9,+21.1,+37.0,+27.7,+20.7,+21.2,+21.0,+20.8,+21.0,+20.8,+20.6
2023-07-29 07:59,3,+1.9,+10.2,+8.9,+21.2,+37.1,+27.8,+20.7,+21.2,+21.0,+20.8,+21.0,+20.8,+20.7
2023-07-29 08:59,3,+1.9,+10.1,+8.9,+21.1,+37.1,+27.7,+20.8,+21.2,+21.0,+21.0,+21.0,+20.8,+20.6
2023-07-29 09:59,3,+1.8,+10.2,+8.9,+21.2,+37.1,+27.8,+21.0,+21.2,+21.0,+20.8,+21.0,+20.8,+20.6
2023-07-29 10:59,3,+1.8,+10.2,+9.0,+21.1,+37.1,+27.7,+21.1,+21.2,+21.0,+20.8,+21.0,+20.8,+20.7
2023-07-29 11:59,3,+1.7,+10.2,+8.9,+21.1,+37.1,+27.8,+21.3,+21.3,+21.0,+21.0,+21.0,+20.8,+20.6
2023-07-29 12:59,3,+1.6,+10.2,+9.0,+21.3,+37.2,+27.8,+21.6,+21.3,+21.0,+21.0,+21.0,+20.8,+20.7
2023-07-29 13:59,3,+1.6,+10.2,+9.0,+21.3,+37.2,+27.8,+22.0,+21.3,+21.0,+20.8,+21.0,+20.8,+20.7
2023-07-29 14:59,3,+1.5,+10.2,+9.0,+21.2,+37.1,+27.8,+22.2,+21.5,+21.0,+20.8,+21.0,+20.8,+20.6
2023-07-29 15:59,3,+1.5,+10.2,+9.0,+21.2,+37.1,+27.8,+22.7,+21.6,+21.0,+21.0,+21.0,+20.8,+20.6
2023-07-29 16:59,3,+1.4,+10.2,+9.0,+21.3,+37.2,+27.8,+22.6,+21.7,+21.1,+21.0,+21.0,+20.8,+20.7
2023-07-29 17:59,3,+1.5,+10.2,+9.0,+21.3,+37.2,+27.9,+22.3,+21.7,+21.1,+21.0,+21.0,+21.0,+20.6
2023-07-29 18:59,3,+1.5,+10.2,+9.0,+21.3,+37.2,+27.9,+22.1,+21.8,+21.1,+21.0,+21.0,+20.8,+20.7
2023-07-29 19:59,3,+1.5,+10.2,+9.0,+21.2,+37.2,+27.8,+22.0,+21.8,+21.1,+21.0,+21.0,+21.0,+20.7
2023-07-29 20:59,3,+1.6,+10.2,+9.0,+21.2,+37.2,+27.9,+21.7,+21.8,+21.1,+21.0,+21.0,+20.8,+20.6
2023-07-29 21:59,3,+1.6,+10.3,+9.0,+21.2,+37.2,+27.9,+21.6,+21.8,+21.2,+21.0,+21.0,+20.8,+20.7
2023-07-29 22:59,3,+1.7,+10.5,+9.0,+21.3,+37.2,+27.9,+21.5,+21.8,+21.2,+21.0,+21.0,+20.8,+20.6
2023-07-29 23:59,3,+1.7,+10.5,+9.1,+21.2,+37.2,+27.9,+21.5,+21.7,+21.2,+21.0,+21.0,+20.8,+20.7
2023-07-30 00:59,3,+1.8,+10.6,+9.1,+21.4,+37.3,+27.9,+21.3,+21.7,+21.2,+21.0,+21.0,+20.8,+20.7
2023-07-30 01:59,3,+1.8,+10.7,+9.1,+21.3,+37.2,+27.9,+21.2,+21.7,+21.2,+21.0,+21.0,+20.8,+20.7
2023-07-30 02:59,3,+1.8,+10.7,+9.1,+21.3,+37.2,+27.9,+21.1,+21.6,+21.2,+21.0,+21.0,+20.8,+20.7
2023-07-30 03:59,3,+1.9,+10.7,+9.1,+21.3,+37.2,+27.9,+21.1,+21.6,+21.2,+21.0,+21.0,+20.8,+20.7
2023-07-30 04:59,3,+1.9,+10.8,+9.1,+21.4,+37.3,+28.0,+21.0,+21.6,+21.2,+21.0,+21.0,+21.0,+20.7
2023-07-30 05:59,3,+2.0,+10.8,+9.1,+21.3,+37.3,+27.9,+21.0,+21.6,+21.2,+21.1,+21.0,+20.8,+20.6
2023-07-30 06:59,3,+2.0,+10.8,+9.2,+21.3,+37.3,+28.0,+21.0,+21.5,+21.2,+21.1,+21.0,+20.8,+20.7
2023-07-30 07:59,3,+2.0,+10.9,+9.1,+21.3,+37.3,+28.0,+21.0,+21.5,+21.2,+21.0,+21.0,+21.0,+20.6
2023-07-30 08:59,3,+2.0,+10.9,+9.2,+21.3,+37.3,+28.0,+21.1,+21.5,+21.2,+21.1,+21.1,+21.0,+20.7
2023-07-30 09:59,3,+2.0,+10.9,+9.1,+21.5,+37.4,+28.0,+21.2,+21.5,+21.2,+21.0,+21.1,+20.8,+20.7
2023-07-30 10:59,3,+2.0,+10.9,+9.2,+21.5,+37.4,+28.0,+21.3,+21.5,+21.2,+21.1,+21.1,+20.8,+20.7
2023-07-30 11:59,3,+2.0,+10.9,+9.2,+21.4,+37.3,+28.0,+21.3,+21.5,+21.2,+21.1,+21.1,+20.8,+20.7
2023-07-30 12:59,3,+2.0,+10.9,+9.2,+21.4,+37.3,+28.0,+21.3,+21.5,+21.2,+21.1,+21.1,+21.0,+20.7
2023-07-30 13:59,3,+2.0,+10.9,+9.2,+21.4,+37.4,+28.0,+21.3,+21.5,+21.2,+21.1,+21.1,+21.0,+20.7
2023-07-30 14:59,3,+2.0,+10.9,+9.2,+21.5,+37.4,+28.0,+21.3,+21.6,+21.2,+21.1,+21.1,+21.0,+20.7
2023-07-30 15:59,3,+2.0,+11.0,+9.2,+21.4,+37.4,+28.0,+21.3,+21.6,+21.2,+21.1,+21.1,+20.8,+20.7
2023-07-30 16:59,3,+2.0,+11.0,+9.2,+21.4,+37.4,+28.0,+21.3,+21.6,+21.2,+21.1,+21.1,+20.8,+20.7
2023-07-30 17:59,3,+2.0,+11.0,+9.2,+21.4,+37.4,+28.0,+21.2,+21.6,+21.2,+21.1,+21.1,+21.0,+20.7
2023-07-30 18:59,3,+2.0,+11.0,+9.2,+21.4,+37.4,+28.0,+21.2,+21.5,+21.2,+21.1,+21.1,+21.0,+20.7
2023-07-30 19:59,3,+2.0,+11.0,+9.2,+21.6,+37.4,+28.1,+21.1,+21.6,+21.2,+21.1,+21.1,+21.0,+20.7
2023-07-30 20:59,3,+2.0,+11.0,+9.3,+21.6,+37.4,+28.1,+21.1,+21.6,+21.2,+21.1,+21.1,+21.0,+20.7
2023-07-30 21:59,3,+2.1,+11.0,+9.3,+21.6,+37.5,+28.1,+21.0,+21.5,+21.2,+21.1,+21.1,+21.0,+20.7
2023-07-30 22:59,3,+2.1,+11.0,+9.3,+21.6,+37.5,+28.1,+21.0,+21.5,+21.2,+21.1,+21.1,+21.0,+20.7
2023-07-30 23:59,3,+2.1,+11.0,+9.3,+21.6,+37.5,+28.1,+20.8,+21.5,+21.2,+21.1,+21.1,+21.0,+20.7
2023-07-31 00:59,3,+2.1,+11.0,+9.3,+21.6,+37.5,+28.1,+20.8,+21.3,+21.2,+21.0,+21.1,+21.0,+20.7
2023-07-31 01:59,3,+2.2,+11.0,+9.3,+21.6,+37.5,+28.1,+20.7,+21.3,+21.2,+21.1,+21.1,+21.0,+20.7
2023-07-31 02:59,3,+2.2,+11.0,+9.3,+21.6,+37.5,+28.1,+20.7,+21.3,+21.2,+21.1,+21.1,+21.0,+20.7
2023-07-31 03:59,3,+2.2,+11.0,+9.3,+21.5,+37.5,+28.1,+20.6,+21.3,+21.2,+21.1,+21.1,+21.0,+20.7
2023-07-31 04:59,3,+2.2,+11.0,+9.3,+21.6,+37.5,+28.1,+20.6,+21.3,+21.2,+21.1,+21.1,+21.0,+20.7
2023-07-31 05:59,3,+2.3,+11.0,+9.3,+21.5,+37.5,+28.1,+20.6,+21.3,+21.2,+21.1,+21.1,+21.0,+20.7
2023-07-31 06:59,3,+2.3,+11.0,+9.3,+21.5,+37.5,+28.1,+20.7,+21.2,+21.1,+21.1,+21.1,+21.0,+20.7
2023-07-31 07:59,3,+2.3,+11.0,+9.3,+21.7,+37.6,+28.1,+20.7,+21.2,+21.1,+21.1,+21.1,+21.0,+20.7
2023-07-31 08:59,3,+2.2,+11.0,+9.3,+21.6,+37.5,+28.1,+20.8,+21.2,+21.1,+21.1,+21.1,+21.0,+20.7
2023-07-31 09:59,3,+2.2,+11.0,+9.3,+21.6,+37.5,+28.1,+21.0,+21.2,+21.1,+21.1,+21.1,+21.0,+20.7
2023-07-31 10:59,3,+2.2,+11.0,+9.3,+21.6,+37.5,+28.1,+21.2,+21.3,+21.1,+21.1,+21.1,+21.0,+20.7
2023-07-31 11:59,3,+2.1,+11.0,+9.3,+21.7,+37.6,+28.2,+21.5,+21.3,+21.1,+21.1,+21.1,+21.0,+20.7
2023-07-31 12:59,3,+2.0,+11.0,+9.3,+21.7,+37.6,+28.2,+21.6,+21.3,+21.1,+21.1,+21.1,+21.0,+20.7
2023-07-31 13:59,3,+2.1,+11.0,+9.3,+21.6,+37.6,+28.2,+21.6,+21.5,+21.1,+21.1,+21.1,+21.0,+20.7
2023-07-31 14:59,3,+2.0,+11.0,+9.3,+21.7,+37.6,+28.2,+21.6,+21.5,+21.1,+21.1,+21.1,+21.0,+20.7
2023-07-31 15:59,3,+2.0,+11.0,+9.3,+21.7,+37.6,+28.2,+21.6,+21.5,+21.2,+21.0,+21.1,+21.0,+20.7
2023-07-31 16:59,3,+2.1,+11.0,+9.4,+21.7,+37.6,+28.2,+21.5,+21.5,+21.1,+21.1,+21.1,+21.0,+20.7
2023-07-31 17:59,3,+2.1,+11.0,+9.4,+21.7,+37.6,+28.2,+21.3,+21.6,+21.1,+21.1,+21.1,+21.0,+20.7
2023-07-31 18:59,3,+2.1,+11.1,+9.4,+21.8,+37.6,+28.2,+21.2,+21.6,+21.2,+21.1,+21.1,+21.0,+20.7
2023-07-31 19:59,3,+2.1,+11.0,+9.4,+21.7,+37.6,+28.2,+21.2,+21.6,+21.2,+21.1,+21.1,+21.0,+20.7
2023-07-31 20:59,3,+2.1,+11.0,+9.4,+21.7,+37.6,+28.2,+21.1,+21.6,+21.2,+21.0,+21.1,+21.0,+20.7
2023-07-31 21:59,3,+2.2,+11.1,+9.4,+21.8,+37.7,+28.3,+21.0,+21.5,+21.2,+21.1,+21.1,+21.0,+20.7
2023-07-31 22:59,3,+2.3,+11.1,+9.4,+21.7,+37.6,+28.2,+21.0,+21.5,+21.2,+21.1,+21.1,+21.0,+20.7
2023-07-31 23:59,3,+2.3,+11.1,+9.4,+21.8,+37.7,+28.3,+20.8,+21.5,+21.1,+21.1,+21.1,+21.0,+20.7
2023-08-01 00:59,3,+2.3,+11.1,+9.4,+21.8,+37.7,+28.3,+20.8,+21.5,+21.2,+21.1,+21.1,+21.0,+20.7
2023-08-01 01:59,3,+2.3,+11.1,+9.4,+21.7,+37.6,+28.3,+20.8,+21.3,+21.2,+21.1,+21.1,+21.0,+20.7
2023-08-01 02:59,3,+2.3,+11.1,+9.4,+21.7,+37.6,+28.3,+20.8,+21.3,+21.2,+21.1,+21.1,+21.0,+20.7
2023-08-01 03:59,3,+2.3,+11.1,+9.4,+21.7,+37.6,+28.3,+20.7,+21.3,+21.2,+21.1,+21.1,+21.0,+20.7
2023-08-01 04:59,3,+2.3,+11.1,+9.4,+21.7,+37.7,+28.3,+20.6,+21.3,+21.2,+21.1,+21.1,+21.1,+20.7
2023-08-01 05:59,3,+2.4,+11.1,+9.5,+21.7,+37.7,+28.3,+20.6,+21.3,+21.1,+21.1,+21.1,+21.0,+20.7
2023-08-01 06:59,3,+2.4,+11.1,+9.4,+21.9,+37.7,+28.3,+20.6,+21.3,+21.2,+21.1,+21.1,+21.0,+20.7
2023-08-01 07:59,3,+2.4,+11.1,+9.5,+21.9,+37.7,+28.3,+20.7,+21.2,+21.2,+21.1,+21.1,+21.0,+20.7
2023-08-01 08:59,3,+2.3,+11.1,+9.5,+21.8,+37.7,+28.3,+20.8,+21.2,+21.1,+21.1,+21.1,+21.0,+20.7
2023-08-01 09:59,3,+2.3,+11.1,+9.5,+21.9,+37.7,+28.3,+21.0,+21.3,+21.1,+21.1,+21.1,+21.0,+20.7
2023-08-01 10:59,3,+2.3,+11.1,+9.5,+21.9,+37.7,+28.3,+21.1,+21.2,+21.1,+21.1,+21.1,+21.0,+20.7
2023-08-01 11:59,3,+2.2,+11.1,+9.5,+21.8,+37.7,+28.3,+21.2,+21.3,+21.1,+21.1,+21.1,+21.0,+20.7
2023-08-01 12:59,3,+2.2,+11.1,+9.5,+21.9,+37.7,+28.3,+21.2,+21.3,+21.2,+21.1,+21.1,+21.0,+20.7
2023-08-01 13:59,3,+2.2,+11.1,+9.5,+21.9,+37.8,+28.3,+21.3,+21.3,+21.1,+21.1,+21.1,+21.0,+20.7
2023-08-01 14:59,3,+2.2,+11.1,+9.5,+21.8,+37.7,+28.3,+21.3,+21.5,+21.1,+21.1,+21.1,+21.0,+20.7
2023-08-01 15:59,3,+2.2,+11.1,+9.5,+21.9,+37.8,+28.4,+21.3,+21.5,+21.1,+21.1,+21.1,+21.0,+20.7
2023-08-01 16:59,3,+2.1,+11.1,+9.5,+21.9,+37.8,+28.3,+21.3,+21.5,+21.1,+21.1,+21.1,+21.0,+20.7
2023-08-01 17:59,3,+2.2,+11.1,+9.5,+21.8,+37.7,+28.3,+21.3,+21.5,+21.2,+21.1,+21.1,+21.0,+20.7
2023-08-01 18:59,3,+2.2,+11.1,+9.5,+21.9,+37.7,+28.3,+21.2,+21.5,+21.1,+21.1,+21.1,+21.0,+20.7
2023-08-01 19:59,3,+2.2,+11.1,+9.5,+21.8,+37.7,+28.3,+21.2,+21.5,+21.2,+21.1,+21.1,+21.0,+20.7
2023-08-01 20:59,3,+2.2,+11.1,+9.5,+22.0,+37.8,+28.4,+21.1,+21.5,+21.2,+21.1,+21.1,+21.1,+20.7
2023-08-01 21:59,3,+2.2,+11.1,+9.5,+22.0,+37.8,+28.4,+21.0,+21.5,+21.1,+21.1,+21.1,+21.0,+20.7
2023-08-01 22:59,3,+2.3,+11.1,+9.5,+21.9,+37.8,+28.3,+20.8,+21.5,+21.1,+21.1,+21.1,+21.0,+20.8
2023-08-01 23:59,3,+2.3,+11.2,+9.5,+22.0,+37.8,+28.4,+20.7,+21.5,+21.2,+21.1,+21.1,+21.1,+20.7
2023-08-02 00:59,3,+2.4,+11.1,+9.5,+22.0,+37.8,+28.4,+20.6,+21.3,+21.2,+21.1,+21.2,+21.0,+20.7
2023-08-02 01:59,3,+2.4,+11.1,+9.5,+22.0,+37.8,+28.4,+20.6,+21.3,+21.1,+21.1,+21.1,+21.0,+20.7
2023-08-02 02:59,3,+2.5,+11.2,+9.6,+22.0,+37.8,+28.4,+20.5,+21.3,+21.2,+21.1,+21.1,+21.0,+20.7
2023-08-02 03:59,3,+2.5,+11.1,+9.6,+22.0,+37.9,+28.4,+20.5,+21.3,+21.1,+21.1,+21.1,+21.0,+20.7
2023-08-02 04:59,3,+2.5,+11.2,+9.6,+22.0,+37.9,+28.4,+20.3,+21.2,+21.1,+21.1,+21.1,+21.0,+20.7
2023-08-02 05:59,3,+2.5,+11.1,+9.6,+22.0,+37.9,+28.4,+20.3,+21.2,+21.1,+21.1,+21.1,+21.1,+20.8
2023-08-02 06:59,3,+2.6,+11.2,+9.6,+22.0,+37.9,+28.4,+20.2,+21.1,+21.1,+21.1,+21.1,+21.0,+20.7
2023-08-02 07:59,3,+2.5,+11.2,+9.6,+21.9,+37.8,+28.4,+20.3,+21.1,+21.1,+21.1,+21.1,+21.0,+20.7
2023-08-02 08:59,3,+2.5,+11.2,+9.6,+21.9,+37.8,+28.4,+20.5,+21.1,+21.1,+21.1,+21.1,+21.0,+20.7
2023-08-02 09:59,3,+2.5,+11.2,+9.6,+22.1,+37.9,+28.4,+20.7,+21.1,+21.1,+21.1,+21.1,+21.0,+20.7
2023-08-02 10:59,3,+2.4,+11.2,+9.6,+22.1,+37.9,+28.5,+21.0,+21.1,+21.1,+21.1,+21.1,+21.0,+20.7
2023-08-02 11:59,3,+2.4,+11.2,+9.6,+22.1,+37.9,+28.5,+21.1,+21.2,+21.1,+21.1,+21.1,+21.0,+20.7
2023-08-02 12:59,3,+2.3,+11.2,+9.6,+22.0,+37.9,+28.4,+21.3,+21.2,+21.1,+21.1,+21.1,+21.0,+20.7
2023-08-02 13:59,3,+2.2,+11.2,+9.6,+22.1,+37.9,+28.5,+21.6,+21.3,+21.1,+21.1,+21.1,+21.0,+20.8
2023-08-02 14:59,3,+2.2,+11.2,+9.6,+22.1,+37.9,+28.5,+21.7,+21.3,+21.0,+21.1,+21.1,+21.0,+20.7
2023-08-02 15:59,3,+2.2,+11.2,+9.6,+22.1,+37.9,+28.5,+21.8,+21.5,+21.1,+21.1,+21.1,+21.0,+20.7
2023-08-02 16:59,3,+2.1,+11.2,+9.6,+22.0,+37.9,+28.5,+21.7,+21.5,+21.1,+21.1,+21.1,+21.0,+20.7
2023-08-02 17:59,3,+2.1,+11.2,+9.6,+22.1,+37.9,+28.5,+21.6,+21.5,+21.1,+21.1,+21.1,+21.0,+20.8
2023-08-02 18:59,3,+2.2,+11.2,+9.6,+22.1,+37.9,+28.5,+21.5,+21.5,+21.1,+21.1,+21.1,+21.0,+20.8
2023-08-02 19:59,3,+2.2,+11.2,+9.6,+22.1,+37.9,+28.5,+21.3,+21.6,+21.2,+21.1,+21.1,+21.1,+20.8
2023-08-02 20:59,3,+2.2,+11.2,+9.7,+22.0,+37.9,+28.5,+21.2,+21.6,+21.1,+21.1,+21.1,+21.0,+20.7
2023-08-02 21:59,3,+2.2,+11.2,+9.6,+22.0,+37.9,+28.5,+21.1,+21.5,+21.2,+21.1,+21.1,+21.0,+20.7
2023-08-02 22:59,3,+2.2,+11.2,+9.7,+22.1,+37.9,+28.5,+21.0,+21.5,+21.2,+21.1,+21.1,+21.0,+20.8
2023-08-02 23:59,3,+2.2,+11.2,+9.7,+22.1,+37.9,+28.5,+20.8,+21.5,+21.2,+21.1,+21.1,+21.1,+20.7
2023-08-03 00:59,3,+2.2,+11.2,+9.7,+22.0,+37.9,+28.5,+20.8,+21.5,+21.2,+21.1,+21.1,+21.0,+20.7
2023-08-03 01:59,3,+2.2,+11.2,+9.7,+22.1,+38.0,+28.5,+20.7,+21.3,+21.2,+21.1,+21.1,+21.0,+20.8
2023-08-03 02:59,3,+2.3,+11.2,+9.7,+22.1,+37.9,+28.5,+20.7,+21.5,+21.2,+21.1,+21.1,+21.0,+20.7
2023-08-03 03:59,3,+2.3,+11.2,+9.7,+22.1,+37.9,+28.5,+20.6,+21.3,+21.2,+21.1,+21.1,+21.0,+20.8
2023-08-03 04:59,3,+2.3,+11.2,+9.7,+22.2,+38.0,+28.6,+20.6,+21.3,+21.1,+21.1,+21.1,+21.1,+20.8
2023-08-03 05:59,3,+2.3,+11.2,+9.7,+22.1,+37.9,+28.5,+20.5,+21.2,+21.2,+21.1,+21.1,+21.0,+20.7
2023-08-03 06:59,3,+2.3,+11.2,+9.7,+22.2,+38.0,+28.6,+20.5,+21.2,+21.1,+21.1,+21.1,+21.1,+20.7
2023-08-03 07:59,3,+2.3,+11.2,+9.7,+22.2,+38.0,+28.6,+20.6,+21.2,+21.1,+21.1,+21.1,+21.0,+20.8
2023-08-03 08:59,3,+2.3,+11.2,+9.7,+22.2,+38.0,+28.6,+20.6,+21.2,+21.1,+21.1,+21.1,+21.0,+20.8
2023-08-03 09:59,3,+2.3,+11.2,+9.7,+22.2,+38.0,+28.6,+20.7,+21.2,+21.1,+21.1,+21.1,+21.0,+20.7
2023-08-03 10:59,3,+2.3,+11.2,+9.7,+22.1,+38.0,+28.6,+20.8,+21.2,+21.1,+21.1,+21.1,+21.0,+20.8
2023-08-03 11:59,3,+2.2,+11.2,+9.7,+22.2,+38.0,+28.6,+21.1,+21.2,+21.1,+21.1,+21.1,+21.0,+20.8
2023-08-03 12:59,3,+2.2,+11.2,+9.7,+22.1,+38.0,+28.6,+21.2,+21.3,+21.1,+21.1,+21.1,+21.1,+20.7
2023-08-03 13:59,3,+2.2,+11.2,+9.7,+22.2,+38.0,+28.6,+21.3,+21.3,+21.1,+21.1,+21.1,+21.1,+20.7
2023-08-03 14:59,3,+2.1,+11.2,+9.7,+22.2,+38.0,+28.6,+21.7,+21.3,+21.1,+21.1,+21.1,+21.0,+20.7
2023-08-03 15:59,3,+2.1,+11.2,+9.8,+22.1,+38.0,+28.6,+21.6,+21.5,+21.1,+21.1,+21.1,+21.1,+20.7
2023-08-03 16:59,3,+2.0,+11.2,+9.7,+22.3,+38.0,+28.6,+21.7,+21.5,+21.1,+21.1,+21.1,+21.1,+20.8
2023-08-03 17:59,3,+2.0,+11.2,+9.8,+22.1,+38.0,+28.6,+21.7,+21.5,+21.1,+21.1,+21.2,+21.0,+20.7
2023-08-03 18:59,3,+2.0,+11.2,+9.8,+22.3,+38.0,+28.6,+21.6,+21.6,+21.1,+21.1,+21.1,+21.0,+20.8
2023-08-03 19:59,3,+2.1,+11.3,+9.8,+22.3,+38.1,+28.6,+21.5,+21.6,+21.1,+21.1,+21.1,+21.0,+20.8
2023-08-03 20:59,3,+2.1,+11.2,+9.8,+22.2,+38.0,+28.6,+21.3,+21.6,+21.1,+21.1,+21.1,+21.0,+20.8
2023-08-03 21:59,3,+2.1,+11.3,+9.8,+22.3,+38.1,+28.6,+21.2,+21.6,+21.2,+21.1,+21.1,+21.0,+20.8
2023-08-03 22:59,3,+2.2,+11.3,+9.8,+22.2,+38.0,+28.6,+21.1,+21.6,+21.2,+21.1,+21.1,+21.0,+20.8
2023-08-03 23:59,3,+2.3,+11.3,+9.8,+22.2,+38.0,+28.6,+21.0,+21.6,+21.2,+21.1,+21.1,+21.0,+20.7
2023-08-04 00:59,3,+2.4,+11.3,+9.8,+22.2,+38.0,+28.6,+20.8,+21.5,+21.2,+21.1,+21.1,+21.1,+20.8
2023-08-04 01:59,3,+2.4,+11.3,+9.8,+22.3,+38.1,+28.6,+20.8,+21.5,+21.2,+21.1,+21.1,+21.0,+20.8
2023-08-04 02:59,3,+2.4,+11.3,+9.8,+22.2,+38.0,+28.6,+20.8,+21.5,+21.2,+21.1,+21.1,+21.0,+20.7
2023-08-04 03:59,3,+2.4,+11.3,+9.8,+22.2,+38.0,+28.6,+20.7,+21.3,+21.2,+21.1,+21.1,+21.1,+20.8
2023-08-04 04:59,3,+2.4,+11.3,+9.8,+22.2,+38.0,+28.6,+20.7,+21.3,+21.2,+21.1,+21.1,+21.0,+20.7
2023-08-04 05:59,3,+2.4,+11.3,+9.8,+22.2,+38.1,+28.6,+20.7,+21.3,+21.2,+21.1,+21.1,+21.1,+20.8
2023-08-04 06:59,3,+2.4,+11.3,+9.8,+22.2,+38.0,+28.6,+20.6,+21.3,+21.2,+21.1,+21.1,+21.0,+20.8
2023-08-04 07:59,3,+2.4,+11.3,+9.8,+22.2,+38.0,+28.6,+20.6,+21.2,+21.2,+21.1,+21.1,+21.0,+20.7
2023-08-04 08:59,3,+2.4,+11.3,+9.8,+22.2,+38.1,+28.6,+20.7,+21.2,+21.2,+21.1,+21.1,+21.0,+20.8
2023-08-04 09:59,3,+2.4,+11.3,+9.8,+22.3,+38.1,+28.7,+20.8,+21.3,+21.2,+21.1,+21.1,+21.1,+20.7
2023-08-04 10:59,3,+2.4,+11.3,+9.8,+22.2,+38.1,+28.6,+21.0,+21.3,+21.1,+21.1,+21.1,+21.1,+20.8
2023-08-04 11:59,3,+2.3,+11.3,+9.8,+22.2,+38.1,+28.6,+21.2,+21.3,+21.1,+21.1,+21.1,+21.1,+20.8
2023-08-04 12:59,3,+2.3,+11.3,+9.8,+22.4,+38.2,+28.7,+21.3,+21.3,+21.1,+21.1,+21.1,+21.1,+20.8
2023-08-04 13:59,3,+2.2,+11.3,+9.8,+22.3,+38.1,+28.6,+21.8,+21.3,+21.1,+21.1,+21.2,+21.0,+20.8
2023-08-04 14:59,3,+2.2,+11.3,+9.8,+22.3,+38.1,+28.6,+22.6,+21.5,+21.1,+21.1,+21.2,+21.1,+20.8
2023-08-04 15:59,3,+2.2,+11.3,+9.8,+22.4,+38.1,+28.7,+23.1,+21.6,+21.1,+21.1,+21.1,+21.1,+20.8
2023-08-04 16:59,3,+2.1,+11.3,+9.8,+22.3,+38.1,+28.7,+23.1,+21.7,+21.2,+21.1,+21.2,+21.0,+20.8
2023-08-04 17:59,3,+2.1,+11.3,+9.8,+22.4,+38.2,+28.7,+22.8,+21.8,+21.2,+21.1,+21.1,+21.0,+20.8
2023-08-04 18:59,3,+2.1,+11.3,+9.8,+22.4,+38.2,+28.7,+22.5,+22.0,+21.2,+21.1,+21.2,+21.0,+20.7
2023-08-04 19:59,3,+2.1,+11.3,+9.8,+22.4,+38.2,+28.7,+22.3,+22.1,+21.2,+21.1,+21.1,+21.1,+20.8
2023-08-04 20:59,3,+2.2,+11.3,+9.9,+22.4,+38.2,+28.7,+22.1,+22.0,+21.2,+21.1,+21.1,+21.0,+20.8
2023-08-04 21:59,3,+2.2,+11.3,+9.9,+22.3,+38.1,+28.7,+21.8,+22.1,+21.3,+21.1,+21.1,+21.1,+20.8
2023-08-04 22:59,3,+2.2,+11.3,+9.9,+22.3,+38.1,+28.7,+21.7,+22.1,+21.3,+21.1,+21.1,+21.1,+20.8
2023-08-04 23:59,3,+2.2,+11.3,+9.9,+22.4,+38.2,+28.7,+21.6,+22.0,+21.3,+21.1,+21.1,+21.1,+20.8
2023-08-05 00:59,3,+4.5,+11.3,+9.9,+22.3,+38.1,+28.7,+21.3,+22.0,+21.3,+21.1,+21.1,+21.1,+20.7
2023-08-05 01:59,3,+4.3,+11.4,+9.9,+22.4,+38.2,+28.7,+21.2,+21.8,+21.3,+21.1,+21.2,+21.1,+20.7
2023-08-05 02:59,3,+4.0,+11.4,+9.9,+22.3,+38.2,+28.7,+21.1,+21.8,+21.5,+21.2,+21.1,+21.1,+20.8
2023-08-05 03:59,3,+3.9,+11.4,+9.9,+22.3,+38.2,+28.7,+21.1,+21.8,+21.5,+21.2,+21.2,+21.1,+20.8
2023-08-05 04:59,3,+3.9,+11.4,+9.9,+22.3,+38.2,+28.7,+21.0,+21.7,+21.3,+21.2,+21.1,+21.1,+20.8
2023-08-05 05:59,3,+3.9,+11.4,+9.9,+22.5,+38.2,+28.8,+21.0,+21.7,+21.3,+21.2,+21.1,+21.0,+20.8
2023-08-05 06:59,3,+3.8,+11.4,+9.9,+22.5,+38.2,+28.8,+20.8,+21.6,+21.5,+21.2,+21.2,+21.1,+20.8
2023-08-05 07:59,3,+3.8,+11.4,+9.9,+22.3,+38.2,+28.7,+20.8,+21.6,+21.3,+21.2,+21.2,+21.1,+20.8
2023-08-05 08:59,3,+4.4,+11.4,+9.9,+22.5,+38.2,+28.8,+20.8,+21.6,+21.3,+21.2,+21.2,+21.1,+20.8
2023-08-05 09:59,3,+4.4,+11.4,+9.9,+22.3,+38.2,+28.7,+20.8,+21.5,+21.3,+21.2,+21.2,+21.1,+20.8
2023-08-05 10:59,3,+4.1,+11.4,+9.9,+22.3,+38.2,+28.7,+21.0,+21.5,+21.3,+21.2,+21.2,+21.1,+20.8
2023-08-05 11:59,3,+4.1,+11.4,+9.9,+22.4,+38.2,+28.7,+21.1,+21.5,+21.3,+21.2,+21.2,+21.1,+20.8
2023-08-05 12:59,3,+4.1,+11.4,+9.9,+22.5,+38.2,+28.8,+21.2,+21.5,+21.3,+21.2,+21.2,+21.1,+20.7
2023-08-05 13:59,3,+4.1,+11.4,+9.9,+22.5,+38.2,+28.8,+21.7,+21.5,+21.2,+21.2,+21.2,+21.1,+20.7
2023-08-05 14:59,3,+4.0,+11.4,+9.9,+22.4,+38.2,+28.8,+22.1,+21.6,+21.3,+21.2,+21.2,+21.1,+20.8
2023-08-05 15:59,3,+3.9,+11.4,+9.9,+22.4,+38.2,+28.7,+22.2,+21.7,+21.3,+21.2,+21.2,+21.1,+20.8
2023-08-05 16:59,3,+3.9,+11.4,+9.9,+22.4,+38.2,+28.8,+22.1,+21.7,+21.3,+21.2,+21.2,+21.1,+20.8
2023-08-05 17:59,3,+3.9,+11.4,+10.0,+22.5,+38.2,+28.8,+22.0,+21.8,+21.3,+21.2,+21.2,+21.1,+20.8
2023-08-05 18:59,3,+3.9,+11.4,+10.0,+22.5,+38.2,+28.8,+21.7,+21.8,+21.3,+21.2,+21.2,+21.1,+20.8
2023-08-05 19:59,3,+3.9,+11.4,+10.0,+22.4,+38.2,+28.8,+21.6,+21.8,+21.3,+21.2,+21.2,+21.1,+20.8
2023-08-05 20:59,3,+3.9,+11.4,+10.0,+22.5,+38.3,+28.8,+21.5,+21.8,+21.3,+21.2,+21.2,+21.1,+20.8
2023-08-05 21:59,3,+3.9,+11.4,+10.0,+22.4,+38.2,+28.8,+21.3,+21.8,+21.3,+21.2,+21.2,+21.1,+20.8
2023-08-05 22:59,3,+4.0,+11.5,+10.0,+22.4,+38.2,+28.8,+21.1,+21.8,+21.3,+21.2,+21.2,+21.1,+20.8
2023-08-05 23:59,3,+4.0,+11.5,+10.0,+22.5,+38.3,+28.8,+21.1,+21.7,+21.3,+21.2,+21.2,+21.1,+20.8
2023-08-06 00:59,3,+3.9,+11.4,+10.0,+22.4,+38.2,+28.8,+21.0,+21.7,+21.3,+21.2,+21.2,+21.1,+20.8
2023-08-06 01:59,3,+3.9,+11.5,+10.0,+22.5,+38.3,+28.8,+20.8,+21.7,+21.5,+21.2,+21.2,+21.1,+20.8
2023-08-06 02:59,3,+3.9,+11.5,+10.0,+22.5,+38.3,+28.8,+20.8,+21.6,+21.3,+21.2,+21.2,+21.1,+20.8
2023-08-06 03:59,3,+3.9,+11.5,+10.0,+22.4,+38.2,+28.8,+20.7,+21.6,+21.3,+21.2,+21.2,+21.1,+20.8
2023-08-06 04:59,3,+4.0,+11.5,+10.0,+22.5,+38.3,+28.8,+20.7,+21.5,+21.3,+21.2,+21.2,+21.1,+20.8
2023-08-06 05:59,3,+4.0,+11.5,+10.0,+22.4,+38.3,+28.8,+20.6,+21.5,+21.3,+21.2,+21.2,+21.1,+20.8
2023-08-06 06:59,3,+4.0,+11.5,+10.0,+22.6,+38.3,+28.9,+20.6,+21.5,+21.3,+21.2,+21.2,+21.1,+20.8
2023-08-06 07:59,3,+4.0,+11.5,+10.0,+22.6,+38.3,+28.9,+20.6,+21.5,+21.3,+21.2,+21.2,+21.1,+20.8
2023-08-06 08:59,3,+4.1,+11.5,+10.0,+22.6,+38.3,+28.9,+20.7,+21.3,+21.3,+21.2,+21.2,+21.1,+20.8
2023-08-06 09:59,3,+4.1,+11.5,+10.0,+22.6,+38.3,+28.9,+20.7,+21.3,+21.3,+21.2,+21.3,+21.1,+20.8
2023-08-06 10:59,3,+4.2,+11.5,+10.0,+22.5,+38.3,+28.8,+20.7,+21.3,+21.3,+21.2,+21.2,+21.1,+20.8
2023-08-06 11:59,3,+4.2,+11.5,+10.0,+22.5,+38.3,+28.9,+20.8,+21.3,+21.2,+21.2,+21.2,+21.1,+20.8
2023-08-06 12:59,3,+4.2,+11.5,+10.0,+22.6,+38.3,+28.9,+21.0,+21.3,+21.3,+21.2,+21.2,+21.1,+20.8
2023-08-06 13:59,3,+4.1,+11.5,+10.0,+22.6,+38.4,+28.9,+21.3,+21.3,+21.2,+21.2,+21.2,+21.1,+20.8
2023-08-06 14:59,3,+4.0,+11.5,+10.0,+22.6,+38.3,+28.9,+22.2,+21.5,+21.2,+21.2,+21.2,+21.1,+20.8
2023-08-06 15:59,3,+3.9,+11.5,+10.0,+22.6,+38.4,+28.9,+22.6,+21.6,+21.2,+21.2,+21.2,+21.1,+20.8
2023-08-06 16:59,3,+3.9,+11.5,+10.0,+22.6,+38.4,+28.9,+22.3,+21.7,+21.2,+21.2,+21.2,+21.1,+20.8
2023-08-06 17:59,3,+3.9,+11.5,+10.0,+22.5,+38.3,+28.9,+22.2,+21.8,+21.2,+21.2,+21.2,+21.2,+20.8
2023-08-06 18:59,3,+3.9,+11.5,+10.0,+22.6,+38.4,+28.9,+22.0,+21.8,+21.2,+21.2,+21.2,+21.1,+20.8
2023-08-06 19:59,3,+4.1,+11.5,+10.1,+22.6,+38.4,+28.9,+21.7,+21.8,+21.3,+21.2,+21.2,+21.1,+20.8
2023-08-06 20:59,3,+4.0,+11.5,+10.1,+22.6,+38.4,+28.9,+21.6,+21.8,+21.3,+21.2,+21.2,+21.1,+20.8
2023-08-06 21:59,3,+4.0,+11.5,+10.1,+22.5,+38.3,+28.9,+21.3,+21.8,+21.3,+21.2,+21.2,+21.1,+20.8
2023-08-06 22:59,3,+4.0,+11.5,+10.1,+22.5,+38.3,+28.9,+21.2,+21.8,+21.3,+21.2,+21.2,+21.1,+20.8
2023-08-06 23:59,3,+4.1,+11.5,+10.1,+22.5,+38.4,+28.9,+21.1,+21.7,+21.5,+21.2,+21.2,+21.1,+20.8
2023-08-07 00:59,3,+4.1,+11.5,+10.1,+22.5,+38.3,+28.9,+21.1,+21.7,+21.3,+21.2,+21.2,+21.1,+20.8
2023-08-07 01:59,3,+3.9,+11.5,+10.1,+22.7,+38.4,+28.9,+21.0,+21.7,+21.3,+21.2,+21.2,+21.1,+20.8
2023-08-07 02:59,3,+3.9,+11.5,+10.1,+22.7,+38.4,+28.9,+21.0,+21.6,+21.5,+21.2,+21.2,+21.1,+20.8
2023-08-07 03:59,3,+3.9,+11.5,+10.1,+22.7,+38.4,+28.9,+21.0,+21.6,+21.3,+21.2,+21.2,+21.2,+20.8
2023-08-07 04:59,3,+3.9,+11.5,+10.1,+22.7,+38.4,+28.9,+20.8,+21.6,+21.3,+21.2,+21.2,+21.1,+20.8
2023-08-07 05:59,3,+3.9,+11.5,+10.1,+22.7,+38.4,+28.9,+20.8,+21.5,+21.3,+21.2,+21.2,+21.1,+20.8
2023-08-07 06:59,3,+3.9,+11.5,+10.1,+22.7,+38.4,+28.9,+20.7,+21.5,+21.3,+21.2,+21.2,+21.1,+20.8
2023-08-07 07:59,3,+3.8,+11.5,+10.1,+22.7,+38.4,+28.9,+20.7,+21.5,+21.3,+21.2,+21.2,+21.1,+20.8
2023-08-07 08:59,3,+3.8,+11.5,+10.1,+22.6,+38.4,+28.9,+20.8,+21.5,+21.3,+21.2,+21.2,+21.1,+20.8
2023-08-07 09:59,3,+3.8,+11.5,+10.1,+22.7,+38.4,+28.9,+21.0,+21.3,+21.3,+21.2,+21.2,+21.1,+20.8
2023-08-07 10:59,3,+3.8,+11.5,+10.1,+22.7,+38.4,+28.9,+20.8,+21.5,+21.3,+21.2,+21.2,+21.1,+20.8
2023-08-07 11:59,3,+4.0,+11.6,+10.1,+22.6,+38.4,+28.9,+20.8,+21.5,+21.3,+21.2,+21.2,+21.1,+20.8
2023-08-07 12:59,3,+4.9,+11.6,+10.1,+22.6,+38.4,+28.9,+20.8,+21.3,+21.2,+21.2,+21.3,+21.2,+20.8
2023-08-07 13:59,3,+5.1,+11.6,+10.1,+22.6,+38.4,+28.9,+20.8,+21.3,+21.3,+21.2,+21.2,+21.2,+20.8
2023-08-07 14:59,3,+5.1,+11.6,+10.1,+22.6,+38.4,+28.9,+20.8,+21.3,+21.2,+21.2,+21.2,+21.1,+20.8
2023-08-07 15:59,3,+5.1,+11.6,+10.1,+22.6,+38.4,+28.9,+20.7,+21.3,+21.2,+21.2,+21.2,+21.1,+20.8
2023-08-07 16:59,3,+5.0,+11.6,+10.1,+22.6,+38.4,+28.9,+20.7,+21.3,+21.3,+21.2,+21.2,+21.2,+20.8
2023-08-07 17:59,3,+5.0,+11.6,+10.1,+22.6,+38.4,+28.9,+20.7,+21.3,+21.2,+21.2,+21.2,+21.1,+20.8
2023-08-07 18:59,3,+5.0,+11.6,+10.1,+22.8,+38.5,+29.0,+20.6,+21.3,+21.2,+21.2,+21.2,+21.2,+20.8
2023-08-07 19:59,3,+4.9,+11.6,+10.1,+22.8,+38.5,+29.0,+20.5,+21.2,+21.2,+21.2,+21.2,+21.1,+21.0
2023-08-07 20:59,3,+4.9,+11.6,+10.1,+22.6,+38.4,+28.9,+20.3,+21.2,+21.2,+21.2,+21.2,+21.1,+20.8
2023-08-07 21:59,3,+4.9,+11.6,+10.1,+22.6,+38.4,+29.0,+20.3,+21.2,+21.2,+21.2,+21.2,+21.1,+20.8
2023-08-07 22:59,3,+4.8,+11.6,+10.1,+22.8,+38.5,+29.0,+20.2,+21.2,+21.2,+21.2,+21.2,+21.1,+20.8
2023-08-07 23:59,3,+4.8,+11.6,+10.1,+22.8,+38.5,+29.0,+20.1,+21.1,+21.2,+21.2,+21.2,+21.1,+20.8
2023-08-08 00:59,3,+4.7,+11.6,+10.1,+22.8,+38.5,+29.0,+20.1,+21.1,+21.2,+21.2,+21.3,+21.2,+20.8
2023-08-08 01:59,3,+4.7,+11.6,+10.1,+22.6,+38.4,+29.0,+20.0,+21.1,+21.2,+21.2,+21.2,+21.1,+20.8
2023-08-08 02:59,3,+4.7,+11.6,+10.1,+22.7,+38.4,+29.0,+20.0,+21.0,+21.1,+21.2,+21.2,+21.1,+20.8
2023-08-08 03:59,3,+4.7,+11.6,+10.1,+22.8,+38.5,+29.0,+19.8,+21.0,+21.1,+21.2,+21.2,+21.2,+20.8
2023-08-08 04:59,3,+4.7,+11.6,+10.1,+22.8,+38.5,+29.0,+19.8,+21.0,+21.1,+21.2,+21.2,+21.1,+20.8
2023-08-08 05:59,3,+4.6,+11.6,+10.2,+22.8,+38.5,+29.0,+19.8,+20.8,+21.1,+21.2,+21.2,+21.2,+20.8
2023-08-08 06:59,3,+4.6,+11.6,+10.1,+22.7,+38.4,+29.0,+19.7,+21.0,+21.1,+21.1,+21.2,+21.1,+20.8
2023-08-08 07:59,3,+4.6,+11.6,+10.1,+22.7,+38.5,+29.0,+19.8,+20.8,+21.0,+21.1,+21.2,+21.1,+20.8
2023-08-08 08:59,3,+4.5,+11.6,+10.2,+22.8,+38.5,+29.0,+20.0,+20.8,+21.0,+21.1,+21.2,+21.1,+20.8
2023-08-08 09:59,3,+4.5,+11.6,+10.1,+22.8,+38.5,+29.0,+20.2,+20.7,+21.0,+21.1,+21.2,+21.1,+20.8
2023-08-08 10:59,3,+4.4,+11.6,+10.2,+22.7,+38.5,+29.0,+20.5,+20.8,+21.0,+21.1,+21.2,+21.1,+20.8
2023-08-08 11:59,3,+4.4,+11.6,+10.2,+22.7,+38.5,+29.0,+20.6,+20.8,+20.8,+21.1,+21.2,+21.1,+20.8
2023-08-08 12:59,3,+4.4,+11.7,+10.2,+22.8,+38.5,+29.0,+20.7,+21.0,+21.0,+21.1,+21.2,+21.1,+21.0
2023-08-08 13:59,3,+4.4,+11.7,+10.2,+22.7,+38.5,+29.0,+20.7,+21.0,+21.0,+21.1,+21.2,+21.1,+21.0
2023-08-08 14:59,3,+4.4,+11.7,+10.2,+22.8,+38.5,+29.0,+20.5,+21.0,+21.0,+21.1,+21.2,+21.1,+20.8
2023-08-08 15:59,3,+4.5,+11.7,+10.2,+22.8,+38.5,+29.0,+20.5,+21.0,+21.0,+21.1,+21.2,+21.1,+20.8
2023-08-08 16:59,3,+4.5,+11.7,+10.2,+22.7,+38.5,+29.0,+20.3,+21.0,+21.0,+21.1,+21.2,+21.1,+20.8
2023-08-08 17:59,3,+4.6,+11.7,+10.2,+22.7,+38.5,+29.0,+20.2,+21.0,+21.0,+21.0,+21.2,+21.1,+20.8
2023-08-08 18:59,3,+4.5,+11.7,+10.2,+22.8,+38.5,+29.0,+20.1,+21.0,+21.0,+21.1,+21.1,+21.1,+20.8
2023-08-08 19:59,3,+4.5,+11.7,+10.2,+22.7,+38.5,+29.0,+20.1,+21.0,+21.0,+21.1,+21.2,+21.1,+21.0
2023-08-08 20:59,3,+4.6,+11.7,+10.2,+22.7,+38.5,+29.0,+20.0,+20.8,+21.0,+21.0,+21.2,+21.1,+20.8
2023-08-08 21:59,3,+4.6,+11.7,+10.2,+22.8,+38.5,+29.0,+19.8,+20.8,+20.8,+21.1,+21.2,+21.1,+20.8
2023-08-08 22:59,3,+4.6,+11.7,+10.2,+22.9,+38.6,+29.1,+19.7,+20.8,+20.8,+21.1,+21.2,+21.1,+20.8
2023-08-08 23:59,3,+4.7,+11.7,+10.2,+22.9,+38.6,+29.1,+19.7,+20.7,+20.8,+21.0,+21.1,+21.1,+20.8
2023-08-09 00:59,3,+4.8,+11.7,+10.2,+22.9,+38.6,+29.1,+19.6,+20.7,+20.8,+21.1,+21.2,+21.1,+20.8
2023-08-09 01:59,3,+4.8,+11.7,+10.2,+22.9,+38.6,+29.1,+19.5,+20.6,+20.8,+21.0,+21.2,+21.1,+20.8
2023-08-09 02:59,3,+4.9,+11.7,+10.2,+22.9,+38.6,+29.1,+19.5,+20.6,+20.8,+21.0,+21.2,+21.1,+20.8
2023-08-09 03:59,3,+4.9,+11.7,+10.2,+22.8,+38.5,+29.0,+19.3,+20.6,+20.8,+21.0,+21.1,+21.1,+20.8
2023-08-09 04:59,3,+4.9,+11.7,+10.2,+22.8,+38.5,+29.0,+19.5,+20.6,+20.8,+21.0,+21.1,+21.1,+20.8
2023-08-09 05:59,3,+4.9,+11.7,+10.2,+22.9,+38.6,+29.1,+19.3,+20.5,+20.8,+21.0,+21.1,+21.1,+20.8
2023-08-09 06:59,3,+4.9,+11.7,+10.2,+22.8,+38.5,+29.1,+19.3,+20.5,+20.7,+21.0,+21.1,+21.1,+20.8
2023-08-09 07:59,3,+4.9,+11.7,+10.2,+22.9,+38.6,+29.1,+19.5,+20.5,+20.7,+21.0,+21.2,+21.1,+20.8
2023-08-09 08:59,3,+4.9,+11.8,+10.2,+22.9,+38.6,+29.1,+19.6,+20.5,+20.7,+21.0,+21.1,+21.1,+20.8
2023-08-09 09:59,3,+4.9,+11.8,+10.2,+22.9,+38.6,+29.1,+19.7,+20.5,+20.7,+21.0,+21.1,+21.1,+20.8
2023-08-09 10:59,3,+4.9,+11.8,+10.2,+22.8,+38.5,+29.1,+20.0,+20.5,+20.7,+21.0,+21.1,+21.1,+20.8
2023-08-09 11:59,3,+4.8,+11.7,+10.2,+22.9,+38.6,+29.1,+20.2,+20.5,+20.7,+21.0,+21.2,+21.1,+20.8
2023-08-09 12:59,3,+4.8,+11.8,+10.3,+22.9,+38.6,+29.1,+20.5,+20.6,+20.6,+20.8,+21.1,+21.0,+20.8
2023-08-09 13:59,3,+4.9,+11.8,+10.3,+22.8,+38.6,+29.1,+20.7,+20.6,+20.6,+20.8,+21.1,+21.1,+20.8
2023-08-09 14:59,3,+4.9,+11.9,+10.3,+22.9,+38.6,+29.1,+21.3,+20.7,+20.6,+21.0,+21.1,+21.1,+20.8
2023-08-09 15:59,3,+4.8,+12.4,+10.3,+22.8,+38.6,+29.1,+21.8,+20.8,+20.6,+20.8,+21.1,+21.0,+20.8
2023-08-09 16:59,3,+4.8,+12.4,+10.3,+22.8,+38.6,+29.1,+21.8,+21.0,+20.7,+20.8,+21.1,+21.1,+20.8
2023-08-09 17:59,3,+4.8,+12.6,+10.3,+22.9,+38.6,+29.1,+21.7,+21.1,+20.7,+20.8,+21.1,+21.1,+20.8
2023-08-09 18:59,3,+4.8,+12.3,+10.3,+22.9,+38.6,+29.1,+21.5,+21.2,+20.7,+20.8,+21.1,+21.1,+20.8
2023-08-09 19:59,3,+4.7,+12.1,+10.3,+22.9,+38.6,+29.1,+21.3,+21.2,+20.7,+20.8,+21.1,+21.1,+20.8
2023-08-09 20:59,3,+4.7,+12.1,+10.3,+22.9,+38.6,+29.1,+21.1,+21.3,+20.8,+20.8,+21.1,+21.0,+20.8
2023-08-09 21:59,3,+4.7,+12.1,+10.3,+23.0,+38.6,+29.1,+21.1,+21.2,+20.8,+20.8,+21.1,+21.0,+20.8
2023-08-09 22:59,3,+4.7,+12.1,+10.3,+22.8,+38.6,+29.1,+20.8,+21.3,+20.8,+20.8,+21.1,+21.0,+20.8
2023-08-09 23:59,3,+4.8,+12.2,+10.3,+22.8,+38.6,+29.1,+20.7,+21.2,+20.8,+20.8,+21.0,+21.0,+20.8
2023-08-10 00:59,3,+4.8,+12.2,+10.3,+22.8,+38.6,+29.1,+20.7,+21.2,+20.8,+20.8,+21.1,+21.0,+20.8
2023-08-10 01:59,3,+4.8,+12.2,+10.3,+22.8,+38.6,+29.1,+20.6,+21.2,+21.0,+20.8,+21.0,+21.0,+20.8
2023-08-10 02:59,3,+4.8,+12.2,+10.3,+22.8,+38.6,+29.1,+20.6,+21.1,+21.0,+20.8,+21.1,+21.0,+20.8
2023-08-10 03:59,3,+5.0,+12.2,+10.3,+22.9,+38.6,+29.1,+20.6,+21.1,+21.0,+21.0,+21.1,+21.0,+20.8
2023-08-10 04:59,3,+5.0,+12.2,+10.3,+22.8,+38.6,+29.1,+20.5,+21.1,+21.0,+21.0,+21.1,+21.0,+20.8
2023-08-10 05:59,3,+5.0,+12.2,+10.3,+22.9,+38.6,+29.1,+20.3,+21.1,+21.0,+21.0,+21.1,+21.0,+20.8
2023-08-10 06:59,3,+5.3,+12.2,+10.3,+23.0,+38.7,+29.1,+20.3,+21.0,+21.0,+21.0,+21.1,+21.0,+20.8
2023-08-10 07:59,3,+5.3,+12.2,+10.3,+22.9,+38.6,+29.1,+20.3,+21.1,+21.0,+21.0,+21.1,+21.0,+20.8
2023-08-10 08:59,3,+5.4,+12.2,+10.3,+23.0,+38.7,+29.1,+20.6,+21.0,+20.8,+21.0,+21.1,+21.0,+20.8
2023-08-10 09:59,3,+5.5,+12.2,+10.3,+23.0,+38.7,+29.1,+20.7,+21.1,+20.8,+21.0,+21.1,+21.0,+20.8
2023-08-10 10:59,3,+5.5,+12.2,+10.3,+23.0,+38.7,+29.1,+21.0,+21.0,+21.0,+21.0,+21.1,+21.0,+20.8
2023-08-10 11:59,3,+5.5,+12.2,+10.4,+22.9,+38.6,+29.1,+21.1,+21.1,+21.0,+21.0,+21.1,+21.0,+20.8
2023-08-10 12:59,3,+5.3,+12.2,+10.3,+22.9,+38.7,+29.1,+21.3,+21.2,+20.8,+21.0,+21.1,+21.0,+20.8
2023-08-10 13:59,3,+5.2,+12.2,+10.3,+23.0,+38.7,+29.1,+22.1,+21.2,+20.8,+21.0,+21.1,+21.0,+20.8
2023-08-10 14:59,3,+5.2,+12.1,+10.4,+22.9,+38.7,+29.1,+22.6,+21.3,+21.0,+21.0,+21.1,+21.0,+20.8
2023-08-10 15:59,3,+5.1,+12.2,+10.4,+22.9,+38.7,+29.1,+22.5,+21.5,+21.0,+21.0,+21.1,+21.0,+20.8
2023-08-10 16:59,3,+5.0,+12.2,+10.4,+23.0,+38.7,+29.1,+22.3,+21.6,+21.0,+21.0,+21.1,+21.0,+20.8
2023-08-10 17:59,3,+5.1,+12.2,+10.4,+22.9,+38.7,+29.1,+22.1,+21.6,+21.0,+21.0,+21.1,+21.0,+20.8
2023-08-10 18:59,3,+5.1,+12.2,+10.4,+23.0,+38.7,+29.2,+22.0,+21.7,+21.0,+21.0,+21.1,+21.0,+20.8
2023-08-10 19:59,3,+5.1,+12.2,+10.4,+22.9,+38.7,+29.1,+21.8,+21.7,+21.1,+21.0,+21.1,+21.0,+20.8
2023-08-10 20:59,3,+5.1,+12.2,+10.4,+22.9,+38.7,+29.1,+21.7,+21.7,+21.1,+21.0,+21.1,+21.0,+20.8
2023-08-10 21:59,3,+5.1,+12.2,+10.4,+22.9,+38.7,+29.1,+21.6,+21.7,+21.1,+21.0,+21.1,+21.0,+20.8
2023-08-10 22:59,3,+5.2,+12.2,+10.4,+23.0,+38.7,+29.2,+21.5,+21.7,+21.1,+21.0,+21.1,+21.0,+20.8
2023-08-10 23:59,3,+5.2,+12.2,+10.4,+22.9,+38.7,+29.1,+21.3,+21.7,+21.1,+21.0,+21.1,+21.0,+20.7
2023-08-11 00:59,3,+5.2,+12.2,+10.4,+22.9,+38.7,+29.1,+21.2,+21.6,+21.2,+21.1,+21.0,+21.0,+20.8
2023-08-11 01:59,3,+5.2,+12.2,+10.4,+22.9,+38.7,+29.1,+21.1,+21.6,+21.2,+21.1,+21.1,+21.0,+20.8
2023-08-11 02:59,3,+5.2,+12.2,+10.4,+22.9,+38.7,+29.1,+21.1,+21.6,+21.2,+21.0,+21.1,+21.0,+20.8
2023-08-11 03:59,3,+5.2,+12.2,+10.4,+23.0,+38.7,+29.2,+21.0,+21.6,+21.2,+21.0,+21.1,+21.0,+20.8
2023-08-11 04:59,3,+5.3,+12.2,+10.4,+23.0,+38.7,+29.2,+21.0,+21.6,+21.2,+21.1,+21.1,+21.0,+20.7
2023-08-11 05:59,3,+5.3,+12.2,+10.4,+23.0,+38.7,+29.2,+20.8,+21.5,+21.2,+21.1,+21.1,+21.0,+20.8
2023-08-11 06:59,3,+5.4,+12.2,+10.4,+22.9,+38.7,+29.2,+20.8,+21.5,+21.2,+21.1,+21.1,+21.0,+20.8
2023-08-11 07:59,3,+5.5,+12.2,+10.4,+23.0,+38.7,+29.2,+20.8,+21.5,+21.2,+21.0,+21.1,+21.0,+20.8
2023-08-11 08:59,3,+5.4,+12.2,+10.4,+23.1,+38.7,+29.2,+21.0,+21.5,+21.2,+21.1,+21.1,+21.0,+20.8
2023-08-11 09:59,3,+5.3,+12.2,+10.4,+23.0,+38.7,+29.2,+21.1,+21.3,+21.2,+21.1,+21.1,+21.1,+20.8
2023-08-11 10:59,3,+5.3,+12.2,+10.4,+23.0,+38.8,+29.2,+21.2,+21.3,+21.2,+21.1,+21.1,+21.0,+20.8
2023-08-11 11:59,3,+5.2,+12.2,+10.4,+23.0,+38.7,+29.2,+21.5,+21.3,+21.1,+21.1,+21.1,+21.0,+20.8
2023-08-11 12:59,3,+5.3,+12.2,+10.4,+23.0,+38.8,+29.2,+21.7,+21.5,+21.2,+21.1,+21.1,+21.1,+20.8
2023-08-11 13:59,3,+5.3,+12.2,+10.4,+23.0,+38.7,+29.2,+22.3,+21.6,+21.1,+21.1,+21.1,+21.0,+20.8
2023-08-11 14:59,3,+5.2,+12.2,+10.4,+23.0,+38.7,+29.2,+22.6,+21.6,+21.2,+21.1,+21.1,+21.0,+20.8
2023-08-11 15:59,3,+5.1,+12.2,+10.4,+23.0,+38.7,+29.2,+22.8,+21.7,+21.2,+21.1,+21.1,+21.1,+20.8
2023-08-11 16:59,3,+5.1,+12.2,+10.4,+23.1,+38.8,+29.2,+22.7,+21.8,+21.2,+21.1,+21.1,+21.0,+20.8
2023-08-11 17:59,3,+5.2,+12.2,+10.5,+23.0,+38.7,+29.2,+22.6,+22.0,+21.2,+21.2,+21.1,+21.0,+20.8
2023-08-11 18:59,3,+5.5,+12.2,+10.5,+23.0,+38.7,+29.2,+22.3,+22.0,+21.2,+21.1,+21.1,+21.1,+20.8
2023-08-11 19:59,3,+5.6,+12.2,+10.5,+23.1,+38.8,+29.2,+22.1,+22.0,+21.2,+21.1,+21.1,+21.1,+20.7
2023-08-11 20:59,3,+5.7,+12.2,+10.5,+23.1,+38.8,+29.2,+21.8,+22.0,+21.3,+21.1,+21.1,+21.1,+20.8
2023-08-11 21:59,3,+5.7,+12.2,+10.5,+23.1,+38.8,+29.2,+21.7,+22.0,+21.3,+21.1,+21.1,+21.0,+20.8
2023-08-11 22:59,3,+5.8,+12.2,+10.5,+23.1,+38.8,+29.3,+21.5,+22.0,+21.3,+21.1,+21.1,+21.1,+20.8
2023-08-11 23:59,3,+6.0,+12.2,+10.5,+23.0,+38.7,+29.2,+21.3,+22.0,+21.3,+21.1,+21.1,+21.1,+20.8
2023-08-12 00:59,3,+6.1,+12.2,+10.5,+23.1,+38.8,+29.2,+21.1,+21.8,+21.3,+21.1,+21.1,+21.1,+20.8
2023-08-12 01:59,3,+6.2,+12.2,+10.5,+23.0,+38.7,+29.2,+21.0,+21.8,+21.3,+21.1,+21.1,+21.1,+20.7
2023-08-12 02:59,3,+6.2,+12.2,+10.5,+23.0,+38.7,+29.2,+20.8,+21.8,+21.3,+21.2,+21.1,+21.0,+20.8
2023-08-12 03:59,3,+6.3,+12.2,+10.5,+23.1,+38.8,+29.3,+20.7,+21.6,+21.5,+21.2,+21.1,+21.1,+20.8
2023-08-12 04:59,3,+6.3,+12.2,+10.5,+23.0,+38.8,+29.2,+20.6,+21.6,+21.3,+21.2,+21.1,+21.1,+20.8
2023-08-12 05:59,3,+6.3,+12.2,+10.5,+23.1,+38.8,+29.3,+20.5,+21.6,+21.3,+21.2,+21.2,+21.0,+20.8
2023-08-12 06:59,3,+6.3,+12.2,+10.5,+23.0,+38.8,+29.2,+20.5,+21.5,+21.3,+21.1,+21.1,+21.1,+20.8
2023-08-12 07:59,3,+6.3,+12.2,+10.5,+23.0,+38.8,+29.2,+20.5,+21.5,+21.3,+21.2,+21.2,+21.0,+20.8
2023-08-12 08:59,3,+6.2,+12.2,+10.5,+23.1,+38.8,+29.3,+20.6,+21.3,+21.3,+21.2,+21.2,+21.1,+20.8
2023-08-12 09:59,3,+6.2,+12.2,+10.5,+23.1,+38.8,+29.3,+20.7,+21.3,+21.3,+21.2,+21.2,+21.1,+20.8
2023-08-12 10:59,3,+6.1,+12.2,+10.5,+23.1,+38.8,+29.3,+21.0,+21.3,+21.3,+21.2,+21.2,+21.1,+20.8
2023-08-12 11:59,3,+6.1,+12.2,+10.5,+23.2,+38.8,+29.3,+21.1,+21.3,+21.2,+21.2,+21.2,+21.1,+20.8
2023-08-12 12:59,3,+6.0,+12.2,+10.5,+23.1,+38.8,+29.3,+21.3,+21.3,+21.3,+21.2,+21.2,+21.1,+20.8
2023-08-12 13:59,3,+5.9,+12.2,+10.5,+23.0,+38.8,+29.3,+21.7,+21.5,+21.2,+21.2,+21.2,+21.1,+20.8
2023-08-12 14:59,3,+5.8,+12.2,+10.5,+23.0,+38.8,+29.2,+22.5,+21.5,+21.2,+21.2,+21.2,+21.1,+20.8
2023-08-12 15:59,3,+5.7,+12.2,+10.5,+23.1,+38.8,+29.3,+22.6,+21.6,+21.2,+21.1,+21.2,+21.1,+20.8
2023-08-12 16:59,3,+5.7,+12.2,+10.5,+23.0,+38.8,+29.3,+22.5,+21.7,+21.2,+21.1,+21.2,+21.1,+20.8
2023-08-12 17:59,3,+5.8,+12.2,+10.5,+23.2,+38.8,+29.3,+22.2,+21.8,+21.2,+21.2,+21.2,+21.1,+20.8
2023-08-12 18:59,3,+5.8,+12.2,+10.5,+23.0,+38.8,+29.3,+22.0,+21.8,+21.3,+21.1,+21.2,+21.1,+20.8
2023-08-12 19:59,3,+5.8,+12.2,+10.5,+23.2,+38.8,+29.3,+21.8,+22.0,+21.2,+21.1,+21.2,+21.0,+20.8
2023-08-12 20:59,3,+5.9,+12.2,+10.5,+23.2,+38.8,+29.3,+21.6,+21.8,+21.3,+21.2,+21.2,+21.1,+20.8
2023-08-12 21:59,3,+6.0,+12.2,+10.5,+23.2,+38.8,+29.3,+21.5,+21.8,+21.3,+21.2,+21.2,+21.1,+20.8
2023-08-12 22:59,3,+6.0,+12.2,+10.5,+23.0,+38.8,+29.3,+21.3,+21.8,+21.5,+21.2,+21.2,+21.1,+20.8
2023-08-12 23:59,3,+6.0,+12.2,+10.5,+23.0,+38.8,+29.3,+21.2,+21.8,+21.3,+21.2,+21.2,+21.1,+20.8
2023-08-13 00:59,3,+6.0,+12.2,+10.5,+23.2,+38.8,+29.3,+21.1,+21.8,+21.5,+21.2,+21.2,+21.1,+20.8
2023-08-13 01:59,3,+6.0,+12.2,+10.5,+23.0,+38.8,+29.3,+21.1,+21.7,+21.5,+21.2,+21.1,+21.1,+20.8
2023-08-13 02:59,3,+6.0,+12.2,+10.5,+23.1,+38.8,+29.3,+21.0,+21.7,+21.3,+21.2,+21.2,+21.1,+20.8
2023-08-13 03:59,3,+6.0,+12.2,+10.5,+23.1,+38.8,+29.3,+21.0,+21.6,+21.3,+21.2,+21.2,+21.1,+20.8
2023-08-13 04:59,3,+6.0,+12.2,+10.5,+23.1,+38.8,+29.3,+20.8,+21.6,+21.3,+21.2,+21.2,+21.1,+20.8
2023-08-13 05:59,3,+6.0,+12.2,+10.5,+23.2,+38.9,+29.3,+20.8,+21.6,+21.3,+21.2,+21.2,+21.1,+20.8
2023-08-13 06:59,3,+6.0,+12.2,+10.5,+23.1,+38.8,+29.3,+20.8,+21.6,+21.3,+21.2,+21.2,+21.1,+20.8
2023-08-13 07:59,3,+6.0,+12.2,+10.5,+23.2,+38.9,+29.3,+20.8,+21.5,+21.3,+21.2,+21.2,+21.1,+20.8
2023-08-13 08:59,3,+5.9,+12.2,+10.5,+23.2,+38.9,+29.3,+21.0,+21.5,+21.3,+21.2,+21.2,+21.1,+20.8
2023-08-13 09:59,3,+5.8,+12.2,+10.5,+23.1,+38.8,+29.3,+21.1,+21.5,+21.3,+21.2,+21.2,+21.1,+20.8
2023-08-13 10:59,3,+5.8,+12.2,+10.6,+23.1,+38.8,+29.3,+21.3,+21.5,+21.3,+21.2,+21.2,+21.1,+20.8
2023-08-13 11:59,3,+5.7,+12.2,+10.6,+23.1,+38.8,+29.3,+21.5,+21.6,+21.3,+21.2,+21.2,+21.1,+20.8
2023-08-13 12:59,3,+5.7,+12.2,+10.5,+23.1,+38.8,+29.3,+21.6,+21.6,+21.2,+21.2,+21.2,+21.1,+20.8
2023-08-13 13:59,3,+5.6,+12.2,+10.6,+23.1,+38.8,+29.3,+21.6,+21.6,+21.3,+21.2,+21.2,+21.1,+20.8
2023-08-13 14:59,3,+8.3,+12.3,+10.6,+23.1,+38.8,+29.3,+21.5,+21.6,+21.3,+21.2,+21.2,+21.1,+20.8
2023-08-13 15:59,3,+12.8,+18.1,+13.0,+23.3,+38.9,+29.4,+19.7,+20.8,+21.1,+21.2,+21.2,+21.1,+20.8
2023-08-13 16:59,3,+10.8,+16.0,+12.6,+23.2,+38.9,+29.3,+20.1,+21.2,+21.2,+21.2,+21.3,+21.1,+20.8
2023-08-13 17:59,3,+10.2,+15.5,+12.3,+23.3,+38.9,+29.3,+20.3,+21.2,+21.2,+21.2,+21.2,+21.2,+20.8
2023-08-13 18:59,3,+9.9,+15.1,+12.1,+23.6,+39.0,+29.4,+20.3,+21.2,+21.2,+21.2,+21.3,+21.1,+20.8
2023-08-13 19:59,3,+9.7,+14.9,+12.0,+23.6,+39.0,+29.4,+20.3,+21.2,+21.3,+21.2,+21.2,+21.1,+20.8
2023-08-13 20:59,3,+9.5,+14.8,+11.9,+23.6,+39.1,+29.4,+20.2,+21.2,+21.2,+21.2,+21.2,+21.1,+20.8
2023-08-13 21:59,3,+9.7,+14.7,+11.8,+23.6,+39.1,+29.4,+20.2,+21.2,+21.2,+21.2,+21.2,+21.1,+20.8
2023-08-13 22:59,3,+9.4,+14.6,+11.7,+23.7,+39.2,+29.4,+20.2,+21.2,+21.2,+21.2,+21.2,+21.1,+20.8
2023-08-13 23:59,3,+9.4,+14.5,+11.6,+23.6,+39.2,+29.4,+20.2,+21.1,+21.2,+21.2,+21.2,+21.1,+20.8
2023-08-14 00:59,3,+9.3,+14.5,+11.6,+23.6,+39.2,+29.4,+20.2,+21.1,+21.2,+21.2,+21.2,+21.1,+20.8
2023-08-14 01:59,3,+9.2,+14.4,+11.5,+23.7,+39.3,+29.4,+20.2,+21.1,+21.2,+21.2,+21.2,+21.1,+20.8
2023-08-14 02:59,3,+9.2,+14.3,+11.5,+23.7,+39.3,+29.5,+20.2,+21.1,+21.1,+21.2,+21.2,+21.1,+20.8
2023-08-14 03:59,3,+9.2,+14.3,+11.5,+23.7,+39.3,+29.5,+20.2,+21.1,+21.2,+21.2,+21.2,+21.1,+20.8
2023-08-14 04:59,3,+9.2,+14.3,+11.5,+23.7,+39.4,+29.6,+20.1,+21.0,+21.1,+21.2,+21.2,+21.1,+20.8
2023-08-14 05:59,3,+9.1,+14.2,+11.4,+23.7,+39.4,+29.6,+20.1,+21.0,+21.1,+21.2,+21.2,+21.1,+20.8
2023-08-14 06:59,3,+9.1,+14.2,+11.4,+23.6,+39.4,+29.6,+20.1,+21.0,+21.1,+21.2,+21.2,+21.1,+21.0
2023-08-14 07:59,3,+9.1,+14.1,+11.4,+23.6,+39.4,+29.6,+20.1,+21.1,+21.1,+21.1,+21.2,+21.1,+20.8
2023-08-14 08:59,3,+9.1,+14.1,+11.4,+23.7,+39.4,+29.7,+20.2,+21.0,+21.1,+21.2,+21.2,+21.2,+21.0
2023-08-14 09:59,3,+9.0,+14.1,+11.3,+23.7,+39.4,+29.7,+20.3,+21.0,+21.1,+21.1,+21.2,+21.1,+20.8
2023-08-14 10:59,3,+8.8,+14.0,+11.3,+23.6,+39.4,+29.7,+20.5,+21.0,+21.1,+21.1,+21.2,+21.1,+21.0
2023-08-14 11:59,3,+8.9,+14.0,+11.3,+23.7,+39.5,+29.7,+20.6,+21.0,+21.0,+21.1,+21.2,+21.1,+20.8
2023-08-14 12:59,3,+8.8,+14.0,+11.3,+23.7,+39.5,+29.8,+20.8,+21.0,+21.0,+21.1,+21.2,+21.1,+20.8
2023-08-14 13:59,3,+8.7,+14.0,+11.3,+23.7,+39.5,+29.8,+21.0,+21.0,+21.0,+21.1,+21.2,+21.1,+20.8
2023-08-14 14:59,3,+8.8,+13.9,+11.3,+23.6,+39.4,+29.8,+21.0,+21.1,+21.0,+21.1,+21.2,+21.1,+20.8
2023-08-14 15:59,3,+11.9,+14.0,+11.3,+23.7,+39.5,+29.9,+20.8,+21.1,+21.0,+21.1,+21.2,+21.1,+20.8
2023-08-14 16:59,3,+13.1,+17.2,+11.6,+23.7,+39.5,+29.9,+20.5,+21.1,+21.0,+21.1,+21.2,+21.1,+20.8
2023-08-14 17:59,3,+14.0,+17.9,+12.5,+23.7,+39.5,+29.9,+20.1,+21.1,+21.0,+21.1,+21.2,+21.1,+20.8
2023-08-14 18:59,3,+13.0,+16.8,+12.8,+23.8,+39.5,+29.9,+19.8,+21.0,+21.0,+21.1,+21.2,+21.1,+20.8
2023-08-14 19:59,3,+13.8,+17.2,+13.0,+24.1,+39.6,+29.9,+19.7,+20.8,+21.0,+21.1,+21.2,+21.1,+21.0
2023-08-14 20:59,3,+12.8,+16.6,+13.0,+24.2,+39.7,+30.0,+19.5,+20.7,+21.0,+21.1,+21.2,+21.1,+20.8
2023-08-14 21:59,3,+12.3,+16.1,+12.8,+24.2,+39.8,+30.0,+19.6,+20.7,+21.0,+21.1,+21.2,+21.1,+20.8
2023-08-14 22:59,3,+12.0,+15.8,+12.6,+24.2,+39.9,+30.3,+19.6,+20.7,+20.8,+21.1,+21.2,+21.1,+20.8
2023-08-14 23:59,3,+11.7,+15.6,+12.4,+24.1,+39.8,+30.6,+19.5,+20.7,+21.0,+21.1,+21.2,+21.1,+20.8
2023-08-15 00:59,3,+11.6,+15.4,+12.3,+24.2,+39.9,+30.9,+19.6,+20.6,+20.8,+21.0,+21.2,+21.1,+20.8
2023-08-15 01:59,3,+11.4,+15.6,+12.1,+24.2,+39.9,+31.1,+19.5,+20.6,+20.8,+21.1,+21.2,+21.1,+20.8
2023-08-15 02:59,3,+11.5,+15.5,+12.1,+24.0,+39.9,+31.3,+19.5,+20.6,+20.8,+21.1,+21.1,+21.1,+20.8
2023-08-15 03:59,3,+11.5,+15.5,+12.0,+24.0,+39.9,+31.4,+19.5,+20.6,+20.8,+21.0,+21.2,+21.1,+20.8
2023-08-15 04:59,3,+10.9,+15.3,+11.9,+24.1,+39.9,+31.4,+19.5,+20.5,+20.8,+21.0,+21.2,+21.1,+21.0
2023-08-15 05:59,3,+10.9,+15.2,+11.8,+24.0,+39.9,+31.4,+19.3,+20.5,+20.8,+21.0,+21.1,+21.1,+20.8
2023-08-15 06:59,3,+10.8,+15.1,+11.8,+24.0,+39.9,+31.5,+19.5,+20.5,+20.7,+21.0,+21.1,+21.1,+21.0
2023-08-15 07:59,3,+10.7,+15.1,+11.8,+24.0,+39.9,+31.5,+19.5,+20.5,+20.7,+21.0,+21.1,+21.1,+20.8
2023-08-15 08:59,3,+10.7,+15.1,+11.8,+23.9,+39.9,+31.4,+19.6,+20.5,+20.7,+21.0,+21.2,+21.1,+21.0
2023-08-15 09:59,3,+10.6,+15.0,+11.7,+24.0,+39.9,+31.5,+19.8,+20.5,+20.7,+21.0,+21.2,+21.1,+20.8
2023-08-15 10:59,3,+10.5,+15.0,+11.7,+24.0,+39.9,+31.4,+20.1,+20.5,+20.7,+21.0,+21.1,+21.1,+20.8
2023-08-15 11:59,3,+10.4,+14.9,+11.7,+24.0,+39.9,+31.4,+20.3,+20.5,+20.7,+20.8,+21.1,+21.1,+20.8
2023-08-15 12:59,3,+10.3,+14.9,+11.6,+24.0,+39.9,+31.4,+20.6,+20.6,+20.6,+21.0,+21.1,+21.1,+20.8
2023-08-15 13:59,3,+10.3,+14.8,+11.6,+24.0,+39.9,+31.4,+21.0,+20.6,+20.7,+21.0,+21.1,+21.1,+21.0
2023-08-15 14:59,3,+10.2,+14.8,+11.6,+23.9,+39.8,+31.3,+21.1,+20.7,+20.6,+20.8,+21.1,+21.1,+20.8
2023-08-15 15:59,3,+10.2,+14.8,+11.6,+23.9,+39.8,+31.3,+21.2,+20.8,+20.7,+20.8,+21.1,+21.1,+20.8
2023-08-15 16:59,3,+10.3,+14.8,+11.6,+24.0,+39.9,+31.3,+21.1,+21.0,+20.7,+21.0,+21.1,+21.1,+21.0
2023-08-15 17:59,3,+10.6,+14.7,+11.6,+24.0,+39.9,+31.3,+20.8,+21.0,+20.7,+20.8,+21.1,+21.1,+20.8
2023-08-15 18:59,3,+10.5,+14.7,+11.6,+23.9,+39.8,+31.2,+20.7,+21.0,+20.7,+20.8,+21.1,+21.1,+20.8
2023-08-15 19:59,3,+10.5,+14.7,+11.6,+23.9,+39.8,+31.2,+20.5,+21.0,+20.7,+20.8,+21.1,+21.1,+20.8
2023-08-15 20:59,3,+10.5,+14.7,+11.6,+23.9,+39.8,+31.2,+20.3,+21.0,+20.7,+20.8,+21.1,+21.1,+20.8
2023-08-15 21:59,3,+10.5,+14.7,+11.6,+24.0,+39.9,+31.2,+20.2,+21.0,+20.7,+20.8,+21.1,+21.1,+20.8
2023-08-15 22:59,3,+10.5,+14.7,+11.6,+23.8,+39.8,+31.2,+20.1,+20.8,+20.8,+20.8,+21.1,+21.0,+20.8
2023-08-15 23:59,3,+10.9,+14.7,+11.6,+23.8,+39.8,+31.2,+20.0,+20.8,+20.7,+20.8,+21.1,+21.1,+20.8
2023-08-16 00:59,3,+10.8,+14.6,+11.5,+24.0,+39.8,+31.2,+20.0,+20.8,+20.8,+20.8,+21.1,+21.0,+20.8
2023-08-16 01:59,3,+10.8,+14.6,+11.5,+23.8,+39.8,+31.1,+19.8,+20.8,+20.7,+20.8,+21.1,+21.0,+20.8
2023-08-16 02:59,3,+10.8,+14.6,+11.5,+24.0,+39.8,+31.1,+19.8,+20.7,+20.7,+21.0,+21.1,+21.1,+20.8
2023-08-16 03:59,3,+10.8,+14.6,+11.5,+23.8,+39.8,+31.1,+19.8,+20.7,+20.7,+21.0,+21.1,+21.0,+20.8
2023-08-16 04:59,3,+10.8,+14.6,+11.5,+24.0,+39.8,+31.1,+19.7,+20.7,+20.7,+20.8,+21.1,+21.0,+20.8
2023-08-16 05:59,3,+10.6,+14.6,+11.5,+23.8,+39.8,+31.1,+19.7,+20.7,+20.7,+20.8,+21.1,+21.1,+20.8
2023-08-16 06:59,3,+10.6,+14.6,+11.5,+24.0,+39.8,+31.1,+19.7,+20.7,+20.7,+21.0,+21.1,+21.0,+20.8
2023-08-16 07:59,3,+10.6,+14.5,+11.5,+24.0,+39.8,+31.1,+19.8,+20.6,+20.7,+20.8,+21.1,+21.1,+20.8
2023-08-16 08:59,3,+10.4,+14.5,+11.5,+24.0,+39.8,+31.1,+20.0,+20.6,+20.7,+20.8,+21.1,+21.0,+20.8
2023-08-16 09:59,3,+10.3,+14.5,+11.5,+24.0,+39.8,+31.1,+20.1,+20.6,+20.7,+20.8,+21.1,+21.1,+20.8
2023-08-16 10:59,3,+10.3,+14.5,+11.5,+24.0,+39.8,+31.0,+20.2,+20.7,+20.6,+20.8,+21.0,+21.0,+20.8