
2023-08-03 11:52,3,+2.0,+18.7,+20.2,+18.4,+38.7,+29.0,+21.2,+20.8,+20.8,+20.7,+20.3,+21.0,+20.5
2023-08-03 12:52,3,+1.7,+18.9,+20.1,+18.2,+38.3,+28.8,+19.8,+19.8,+20.1,+20.0,+19.8,+20.3,+20.0
2023-08-03 13:52,3,+1.8,+18.9,+20.1,+18.2,+38.2,+28.8,+20.1,+19.8,+20.1,+19.8,+19.8,+20.2,+19.8
2023-08-03 14:52,3,+1.7,+18.9,+20.1,+18.2,+38.2,+28.8,+20.2,+19.8,+20.1,+19.8,+19.8,+20.2,+19.8
2023-08-03 15:52,3,+1.7,+18.9,+20.1,+18.3,+38.2,+28.8,+20.2,+19.8,+20.1,+19.8,+19.7,+20.2,+19.8
2023-08-03 16:52,3,+1.8,+18.8,+20.1,+18.2,+38.2,+28.8,+20.2,+20.0,+20.1,+19.8,+19.7,+20.2,+20.0
2023-08-03 17:52,3,+1.8,+18.8,+20.1,+18.3,+38.3,+28.8,+20.3,+20.0,+20.1,+19.8,+19.7,+20.2,+19.8
2023-08-03 18:52,3,+1.8,+18.8,+20.1,+18.2,+38.2,+28.8,+20.2,+20.1,+20.0,+19.8,+19.7,+20.2,+19.8
2023-08-03 19:52,3,+1.7,+18.8,+20.1,+18.3,+38.3,+28.8,+20.1,+20.1,+20.1,+19.8,+19.7,+20.2,+19.8
2023-08-03 20:52,3,+1.8,+18.8,+20.1,+18.3,+38.3,+28.8,+20.0,+20.1,+20.1,+19.8,+19.7,+20.2,+19.8
2023-08-03 21:52,3,+1.9,+18.8,+20.1,+18.2,+38.2,+28.8,+19.8,+20.1,+20.1,+19.8,+19.7,+20.2,+19.8
2023-08-03 22:52,3,+2.0,+18.8,+20.1,+18.2,+38.3,+28.9,+19.8,+20.1,+20.2,+19.8,+19.7,+20.2,+19.8
2023-08-03 23:52,3,+1.9,+18.9,+20.2,+18.3,+38.3,+28.9,+19.7,+20.1,+20.2,+19.8,+19.7,+20.2,+19.8
2023-08-04 00:52,3,+2.0,+18.9,+20.2,+18.3,+38.3,+28.9,+19.6,+20.0,+20.2,+20.0,+19.7,+20.2,+19.8
2023-08-04 01:52,3,+2.1,+18.9,+20.2,+18.3,+38.3,+28.9,+19.6,+20.0,+20.2,+19.8,+19.7,+20.2,+19.8
2023-08-04 02:52,3,+2.1,+18.9,+20.2,+18.4,+38.4,+28.9,+19.5,+20.0,+20.2,+19.8,+19.7,+20.2,+19.8
2023-08-04 03:52,3,+2.1,+18.9,+20.2,+18.4,+38.4,+28.9,+19.5,+20.0,+20.1,+19.8,+19.7,+20.2,+19.8
2023-08-04 04:52,3,+2.1,+18.9,+20.2,+18.2,+38.3,+28.9,+19.5,+19.8,+20.2,+20.0,+19.7,+20.2,+19.8
2023-08-04 05:52,3,+2.3,+18.9,+20.2,+18.4,+38.4,+29.0,+19.5,+19.8,+20.1,+19.8,+19.7,+20.2,+19.8
2023-08-04 06:52,3,+2.3,+18.9,+20.2,+18.2,+38.4,+28.9,+19.5,+19.8,+20.1,+20.0,+19.7,+20.2,+19.8
2023-08-04 07:52,3,+2.4,+18.9,+20.3,+18.3,+38.4,+28.9,+19.3,+19.8,+20.1,+19.8,+19.8,+20.2,+19.8
2023-08-04 08:52,3,+2.4,+19.0,+20.3,+18.3,+38.4,+29.0,+19.5,+19.7,+20.1,+19.8,+19.7,+20.3,+19.8
2023-08-04 09:52,3,+2.4,+19.0,+20.3,+18.4,+38.4,+29.0,+19.7,+19.8,+20.1,+19.8,+19.7,+20.2,+20.0
2023-08-04 10:52,3,+2.5,+19.0,+20.3,+18.3,+38.4,+29.0,+20.0,+19.8,+20.1,+20.0,+19.7,+20.2,+19.8
2023-08-04 11:52,3,+2.5,+19.0,+20.3,+18.3,+38.4,+29.0,+20.2,+19.8,+20.1,+19.8,+19.7,+20.2,+19.8
2023-08-04 12:52,3,+2.3,+19.1,+20.3,+18.4,+38.5,+29.0,+20.3,+20.0,+20.1,+19.8,+19.7,+20.2,+19.8
2023-08-04 13:52,3,+2.3,+19.1,+20.3,+18.4,+38.5,+29.0,+20.5,+20.1,+20.1,+19.8,+19.7,+20.2,+19.8
2023-08-04 14:52,3,+2.4,+19.1,+20.4,+18.5,+38.5,+29.0,+20.6,+20.1,+20.1,+19.8,+19.7,+20.2,+19.8
2023-08-04 15:52,3,+2.4,+19.1,+20.4,+18.4,+38.5,+29.0,+20.6,+20.2,+20.2,+19.8,+19.7,+20.2,+19.8
2023-08-04 16:52,3,+2.5,+19.1,+20.4,+18.5,+38.5,+29.0,+20.5,+20.2,+20.2,+19.8,+19.7,+20.2,+19.8
2023-08-04 17:52,3,+2.4,+19.1,+20.5,+18.5,+38.5,+29.0,+20.3,+20.3,+20.2,+19.8,+19.8,+20.2,+19.8
2023-08-04 18:52,3,+2.4,+19.1,+20.5,+18.5,+38.5,+29.0,+20.2,+20.2,+20.2,+19.8,+19.8,+20.2,+19.8
2023-08-04 19:52,3,+2.4,+19.1,+20.5,+18.5,+38.6,+29.1,+20.1,+20.2,+20.2,+19.8,+19.7,+20.2,+19.8
2023-08-04 20:52,3,+2.4,+19.1,+20.5,+18.4,+38.5,+29.0,+20.0,+20.2,+20.2,+19.8,+19.7,+20.2,+19.8
2023-08-04 21:52,3,+2.4,+19.1,+20.5,+18.4,+38.5,+29.1,+19.8,+20.2,+20.2,+19.8,+19.7,+20.2,+19.8
2023-08-04 22:52,3,+2.5,+19.1,+20.5,+18.4,+38.5,+29.1,+19.7,+20.2,+20.2,+20.0,+19.8,+20.2,+19.8
2023-08-04 23:52,3,+5.6,+19.5,+20.6,+18.4,+38.6,+29.1,+19.7,+20.1,+20.2,+20.0,+19.7,+20.3,+19.8
2023-08-05 00:52,3,+26.3,+30.2,+33.2,+20.7,+38.7,+29.1,+19.1,+19.7,+20.2,+19.8,+19.7,+20.2,+19.8
2023-08-05 01:52,3,+24.1,+24.5,+33.3,+22.9,+40.0,+29.7,+19.1,+19.7,+20.2,+19.8,+19.7,+20.2,+19.8
2023-08-05 02:52,3,+23.5,+23.0,+27.4,+22.9,+40.5,+30.3,+19.1,+19.7,+20.2,+20.0,+19.7,+20.2,+20.0
2023-08-05 03:52,3,+23.3,+22.8,+26.4,+22.6,+40.6,+30.5,+19.1,+19.7,+20.2,+19.8,+19.8,+20.2,+19.8
2023-08-05 04:52,3,+23.1,+22.7,+26.0,+22.4,+40.6,+30.6,+19.1,+19.6,+20.2,+19.8,+19.8,+20.2,+19.8
2023-08-05 05:52,3,+22.9,+22.5,+25.8,+22.4,+40.6,+30.6,+19.1,+19.6,+20.1,+20.0,+19.7,+20.2,+19.8
2023-08-05 06:52,3,+22.8,+22.5,+25.7,+22.3,+40.6,+30.6,+19.1,+19.6,+20.1,+20.0,+19.8,+20.3,+20.0
2023-08-05 07:52,3,+22.9,+22.5,+25.6,+22.2,+40.6,+30.7,+19.1,+19.6,+20.1,+20.0,+19.8,+20.3,+19.8
2023-08-05 08:52,3,+22.9,+22.5,+25.6,+22.1,+40.6,+30.7,+19.1,+19.6,+20.1,+20.0,+19.7,+20.2,+19.8
2023-08-05 09:52,3,+22.8,+22.5,+25.5,+22.1,+40.6,+30.7,+19.2,+19.6,+20.0,+20.0,+19.7,+20.2,+19.8
2023-08-05 10:52,3,+22.7,+22.5,+25.5,+21.9,+40.6,+30.7,+19.6,+19.6,+20.1,+19.8,+19.7,+20.3,+19.8
2023-08-05 11:52,3,+22.6,+22.4,+25.5,+21.8,+40.6,+30.7,+20.0,+19.6,+20.0,+19.8,+19.8,+20.2,+20.0
2023-08-05 12:52,3,+22.6,+22.4,+25.5,+21.8,+40.6,+30.7,+20.0,+19.7,+20.0,+19.8,+19.8,+20.3,+20.0
2023-08-05 13:52,3,+22.5,+22.4,+25.3,+21.7,+40.6,+30.7,+20.2,+19.8,+20.0,+19.8,+19.7,+20.2,+20.0
2023-08-05 14:52,3,+22.5,+22.4,+25.3,+21.8,+40.6,+30.7,+20.2,+20.0,+20.0,+19.8,+19.7,+20.2,+20.0
2023-08-05 15:52,3,+22.5,+22.4,+25.3,+21.6,+40.6,+30.7,+20.2,+20.0,+20.0,+19.8,+19.8,+20.2,+19.8
2023-08-05 16:52,3,+22.4,+22.4,+25.3,+21.7,+40.6,+30.7,+20.2,+20.1,+20.1,+19.8,+19.7,+20.2,+20.0
2023-08-05 17:52,3,+22.3,+22.4,+25.3,+21.6,+40.6,+30.7,+20.1,+20.1,+20.1,+19.8,+19.7,+20.2,+19.8
2023-08-05 18:52,3,+22.3,+22.4,+25.3,+21.6,+40.5,+30.7,+20.0,+20.1,+20.1,+19.8,+19.7,+20.2,+20.0
2023-08-05 19:52,3,+22.3,+22.4,+25.2,+21.5,+40.5,+30.7,+19.7,+20.0,+20.1,+19.8,+19.7,+20.2,+19.8
2023-08-05 20:52,3,+22.2,+22.3,+25.2,+21.5,+40.5,+30.7,+19.6,+20.0,+20.1,+19.8,+19.7,+20.2,+20.0
2023-08-05 21:52,3,+22.1,+22.3,+25.2,+21.3,+40.4,+30.6,+19.5,+20.0,+20.1,+20.0,+19.7,+20.2,+20.0
2023-08-05 22:52,3,+22.1,+22.3,+25.2,+21.4,+40.5,+30.6,+19.5,+19.8,+20.2,+19.8,+19.7,+20.2,+19.8
2023-08-05 23:52,3,+22.0,+22.3,+25.2,+21.4,+40.4,+30.6,+19.3,+19.8,+20.2,+19.8,+19.7,+20.2,+19.8
2023-08-06 00:52,3,+22.0,+22.3,+25.2,+21.2,+40.4,+30.6,+19.2,+19.8,+20.1,+20.0,+19.7,+20.2,+20.0
2023-08-06 01:52,3,+22.0,+22.3,+25.1,+21.2,+40.4,+30.6,+19.2,+19.8,+20.1,+19.8,+19.7,+20.2,+20.0
2023-08-06 02:52,3,+22.0,+22.3,+25.1,+21.3,+40.4,+30.6,+19.2,+19.7,+20.1,+19.8,+19.7,+20.3,+20.0
2023-08-06 03:52,3,+24.1,+23.0,+25.1,+21.2,+40.4,+30.6,+19.0,+19.7,+20.1,+19.8,+19.7,+20.2,+19.8
2023-08-06 04:52,3,+23.2,+22.5,+25.1,+21.2,+40.4,+30.6,+19.1,+19.7,+20.0,+19.8,+19.8,+20.2,+19.8
2023-08-06 05:52,3,+23.0,+22.6,+25.2,+21.1,+40.3,+30.6,+19.0,+19.6,+20.1,+19.8,+19.8,+20.2,+19.8
2023-08-06 06:52,3,+22.9,+22.6,+25.3,+21.2,+40.4,+30.6,+19.0,+19.5,+20.1,+19.8,+19.7,+20.2,+19.8
2023-08-06 07:52,3,+23.1,+22.7,+25.3,+21.2,+40.4,+30.6,+19.0,+19.5,+20.0,+19.8,+19.8,+20.3,+19.8
2023-08-06 08:52,3,+23.0,+22.7,+25.3,+21.4,+40.4,+30.7,+19.2,+19.5,+20.1,+19.8,+19.8,+20.2,+19.8
2023-08-06 09:52,3,+23.4,+22.8,+25.4,+21.3,+40.4,+30.7,+19.3,+19.6,+20.0,+19.8,+19.7,+20.2,+20.0
2023-08-06 10:52,3,+23.2,+22.8,+25.5,+21.4,+40.5,+30.8,+19.5,+19.6,+20.0,+19.8,+19.7,+20.2,+19.8
2023-08-06 11:52,3,+23.1,+22.8,+25.5,+21.6,+40.6,+30.8,+19.6,+19.6,+19.8,+19.8,+19.7,+20.2,+20.0
2023-08-06 12:52,3,+22.9,+22.8,+25.5,+21.7,+40.7,+30.9,+19.7,+19.7,+20.0,+19.8,+19.7,+20.2,+19.8
2023-08-06 13:52,3,+22.8,+22.8,+25.5,+21.7,+40.7,+30.9,+19.8,+19.7,+20.0,+19.8,+19.7,+20.2,+19.8
2023-08-06 14:52,3,+22.7,+22.7,+25.5,+21.6,+40.6,+30.9,+19.8,+19.7,+20.0,+19.8,+19.7,+20.2,+19.8
2023-08-06 15:52,3,+22.7,+22.7,+25.5,+21.7,+40.7,+30.9,+19.7,+19.7,+20.0,+19.8,+19.7,+20.2,+20.0
2023-08-06 16:52,3,+22.6,+22.7,+25.5,+21.7,+40.7,+30.9,+19.7,+19.8,+20.0,+19.8,+19.7,+20.2,+20.0
2023-08-06 17:52,3,+22.5,+22.7,+25.4,+21.6,+40.7,+30.9,+19.7,+19.8,+20.0,+19.8,+19.7,+20.2,+20.0
2023-08-06 18:52,3,+22.5,+22.7,+25.4,+21.5,+40.6,+30.9,+19.6,+19.8,+20.0,+19.8,+19.7,+20.2,+20.0
2023-08-06 19:52,3,+22.5,+22.7,+25.4,+21.5,+40.6,+30.9,+19.5,+19.8,+20.0,+19.8,+19.7,+20.2,+20.0
2023-08-06 20:52,3,+22.4,+22.6,+25.4,+21.6,+40.7,+30.9,+19.3,+19.8,+20.0,+19.8,+19.7,+20.2,+20.0
2023-08-06 21:52,3,+22.4,+22.6,+25.4,+21.5,+40.6,+30.9,+19.2,+19.7,+20.0,+19.8,+19.7,+20.2,+20.0
2023-08-06 22:52,3,+22.3,+22.6,+25.4,+21.4,+40.6,+30.8,+19.1,+19.7,+20.0,+19.8,+19.7,+20.2,+20.0
2023-08-06 23:52,3,+22.3,+22.6,+25.4,+21.4,+40.6,+30.8,+19.1,+19.7,+20.0,+19.8,+19.7,+20.2,+19.8
2023-08-07 00:52,3,+22.3,+22.6,+25.4,+21.3,+40.6,+30.8,+19.0,+19.6,+20.0,+19.8,+19.7,+20.2,+19.8
2023-08-07 01:52,3,+22.3,+22.6,+25.3,+21.4,+40.6,+30.8,+19.0,+19.6,+20.0,+19.7,+19.7,+20.2,+20.0
2023-08-07 02:52,3,+22.2,+22.6,+25.3,+21.4,+40.6,+30.8,+19.1,+19.6,+20.0,+19.8,+19.7,+20.2,+19.8
2023-08-07 03:52,3,+22.2,+22.6,+25.3,+21.3,+40.6,+30.8,+19.0,+19.6,+20.0,+19.8,+19.7,+20.2,+20.0
2023-08-07 04:52,3,+22.2,+22.5,+25.3,+21.2,+40.6,+30.8,+19.0,+19.5,+20.0,+19.7,+19.7,+20.2,+19.8
2023-08-07 05:52,3,+22.1,+22.6,+25.3,+21.3,+40.6,+30.8,+19.0,+19.5,+20.0,+19.8,+19.7,+20.2,+19.8
2023-08-07 06:52,3,+22.1,+22.6,+25.3,+21.2,+40.5,+30.8,+19.1,+19.5,+19.8,+19.7,+19.7,+20.2,+19.8
2023-08-07 07:52,3,+22.1,+22.5,+25.3,+21.2,+40.5,+30.8,+19.1,+19.5,+19.8,+19.7,+19.7,+20.2,+20.0
2023-08-07 08:52,3,+22.1,+22.5,+25.3,+21.2,+40.5,+30.8,+19.2,+19.5,+19.8,+19.7,+19.7,+20.2,+19.8
2023-08-07 09:52,3,+22.1,+22.5,+25.3,+21.1,+40.5,+30.8,+19.2,+19.5,+19.8,+19.8,+19.7,+20.2,+20.0
2023-08-07 10:52,3,+28.0,+23.9,+25.3,+21.1,+40.5,+30.7,+19.1,+19.5,+19.8,+19.7,+19.7,+20.2,+19.8
2023-08-07 11:52,3,+44.0,+29.2,+33.7,+22.0,+40.5,+30.7,+18.5,+19.1,+19.7,+19.7,+19.6,+20.1,+19.8
2023-08-07 12:52,3,+27.1,+27.6,+30.8,+22.7,+41.3,+31.2,+18.8,+19.3,+19.8,+19.7,+19.6,+20.2,+19.8
2023-08-07 13:52,3,+25.9,+26.4,+30.2,+23.8,+42.4,+32.1,+19.1,+19.3,+19.8,+19.7,+19.7,+20.2,+19.8
2023-08-07 14:52,3,+25.3,+24.6,+27.8,+23.7,+42.6,+32.5,+19.1,+19.5,+19.8,+19.7,+19.7,+20.2,+19.8
2023-08-07 15:52,3,+25.0,+23.8,+27.1,+23.5,+42.6,+32.6,+19.1,+19.5,+19.8,+19.7,+19.7,+20.2,+19.8
2023-08-07 16:52,3,+24.8,+23.7,+27.0,+23.3,+42.5,+32.5,+19.1,+19.5,+19.8,+19.7,+19.7,+20.2,+19.8
2023-08-07 17:52,3,+24.6,+23.6,+26.7,+23.0,+42.4,+32.5,+19.0,+19.5,+19.8,+19.7,+19.7,+20.2,+19.8
2023-08-07 18:52,3,+24.4,+23.5,+26.6,+23.0,+42.4,+32.6,+18.8,+19.5,+19.8,+19.7,+19.7,+20.1,+19.8
2023-08-07 19:52,3,+24.3,+23.4,+26.5,+22.8,+42.1,+32.5,+18.8,+19.5,+19.8,+19.7,+19.6,+20.2,+19.8
2023-08-07 20:52,3,+24.2,+23.4,+26.5,+22.6,+42.1,+32.6,+18.7,+19.3,+19.7,+19.7,+19.6,+20.2,+19.8
2023-08-07 21:52,3,+24.1,+23.3,+26.4,+22.4,+42.0,+32.6,+18.6,+19.2,+19.7,+19.7,+19.7,+20.1,+19.8
2023-08-07 22:52,3,+24.1,+23.3,+26.3,+22.4,+41.9,+32.6,+18.6,+19.3,+19.7,+19.7,+19.7,+20.1,+19.8
2023-08-07 23:52,3,+24.0,+23.2,+26.3,+22.3,+41.6,+32.2,+18.5,+19.2,+19.7,+19.7,+19.6,+20.1,+19.8
2023-08-08 00:52,3,+23.9,+23.2,+26.3,+22.2,+41.5,+32.0,+18.3,+19.2,+19.7,+19.6,+19.6,+20.1,+19.8
2023-08-08 01:52,3,+23.9,+23.2,+26.2,+22.1,+41.4,+32.0,+18.3,+19.1,+19.7,+19.7,+19.6,+20.1,+19.8
2023-08-08 02:52,3,+23.8,+23.2,+26.2,+22.0,+41.3,+31.9,+18.3,+19.1,+19.7,+19.6,+19.6,+20.2,+19.8
2023-08-08 03:52,3,+23.8,+23.2,+26.1,+21.8,+41.2,+31.8,+18.2,+19.1,+19.7,+19.6,+19.6,+20.1,+19.8
2023-08-08 04:52,3,+23.7,+23.1,+26.1,+21.9,+41.2,+31.8,+18.2,+19.0,+19.6,+19.6,+19.6,+20.1,+19.8
2023-08-08 05:52,3,+23.7,+23.1,+26.1,+21.8,+41.1,+31.7,+18.2,+19.0,+19.6,+19.6,+19.6,+20.1,+19.8
2023-08-08 06:52,3,+23.6,+23.1,+26.1,+21.8,+41.1,+31.7,+18.3,+19.0,+19.6,+19.6,+19.6,+20.1,+19.8
2023-08-08 07:52,3,+23.6,+23.1,+26.0,+21.8,+41.1,+31.6,+18.5,+19.0,+19.6,+19.7,+19.6,+20.1,+19.8
2023-08-08 08:52,3,+23.6,+23.1,+26.0,+21.6,+41.0,+31.5,+19.1,+19.0,+19.6,+19.6,+19.6,+20.1,+19.8
2023-08-08 09:52,3,+23.6,+23.1,+26.0,+21.6,+41.0,+31.5,+20.0,+19.1,+19.6,+19.6,+19.6,+20.1,+19.8
2023-08-08 10:52,3,+23.6,+23.1,+25.9,+21.5,+40.9,+31.5,+20.2,+19.2,+19.5,+19.6,+19.6,+20.1,+19.8
2023-08-08 11:52,3,+23.6,+23.0,+25.9,+21.5,+40.9,+31.4,+20.2,+19.5,+19.6,+19.6,+19.6,+20.1,+19.8
2023-08-08 12:52,3,+23.6,+23.0,+25.9,+21.6,+40.9,+31.4,+20.3,+19.6,+19.6,+19.6,+19.6,+20.1,+19.8
2023-08-08 13:52,3,+23.6,+23.1,+25.9,+21.4,+40.8,+31.3,+20.1,+19.7,+19.6,+19.6,+19.6,+20.1,+19.7
2023-08-08 14:52,3,+38.8,+32.9,+36.7,+22.8,+40.9,+31.3,+19.0,+19.5,+19.6,+19.5,+19.5,+20.1,+19.8
2023-08-08 15:52,3,+26.0,+23.7,+26.3,+21.6,+40.8,+31.3,+19.3,+19.7,+19.7,+19.6,+19.6,+20.1,+19.8
2023-08-08 16:52,3,+25.6,+23.8,+26.3,+21.6,+40.9,+31.3,+19.2,+19.6,+19.7,+19.6,+19.6,+20.1,+19.8
2023-08-08 17:52,3,+25.4,+23.8,+26.4,+21.7,+40.9,+31.3,+19.1,+19.6,+19.7,+19.6,+19.6,+20.1,+19.8
2023-08-08 18:52,3,+25.1,+23.8,+26.4,+21.8,+41.0,+31.3,+19.0,+19.6,+19.8,+19.6,+19.5,+20.1,+19.8
2023-08-08 19:52,3,+25.0,+23.8,+26.5,+21.7,+40.9,+31.3,+18.8,+19.5,+19.7,+19.6,+19.6,+20.1,+19.8
2023-08-08 20:52,3,+24.8,+23.7,+26.5,+21.9,+41.0,+31.4,+18.7,+19.5,+19.7,+19.6,+19.5,+20.1,+19.8
2023-08-08 21:52,3,+24.7,+23.7,+26.4,+21.8,+41.0,+31.4,+18.7,+19.3,+19.7,+19.6,+19.6,+20.1,+19.8
2023-08-08 22:52,3,+24.6,+23.7,+26.4,+21.9,+41.0,+31.4,+18.6,+19.2,+19.7,+19.6,+19.5,+20.1,+19.8
2023-08-08 23:52,3,+24.5,+23.6,+26.4,+21.8,+41.0,+31.4,+18.5,+19.2,+19.7,+19.6,+19.6,+20.0,+19.8
2023-08-09 00:52,3,+24.4,+23.6,+26.4,+21.8,+41.0,+31.4,+18.3,+19.2,+19.7,+19.6,+19.6,+20.0,+19.8
2023-08-09 01:52,3,+24.4,+23.5,+26.4,+21.8,+41.0,+31.4,+18.2,+19.1,+19.7,+19.6,+19.5,+20.1,+19.7
2023-08-09 02:52,3,+24.3,+23.5,+26.4,+21.9,+41.1,+31.5,+18.2,+19.1,+19.6,+19.6,+19.5,+20.1,+19.7
2023-08-09 03:52,3,+24.2,+23.5,+26.3,+21.8,+41.1,+31.5,+18.1,+19.0,+19.6,+19.6,+19.6,+20.1,+19.8
2023-08-09 04:52,3,+24.2,+23.5,+26.3,+21.7,+41.0,+31.4,+18.1,+19.0,+19.6,+19.6,+19.6,+20.1,+19.7
2023-08-09 05:52,3,+24.2,+23.4,+26.3,+21.7,+41.0,+31.4,+18.1,+19.0,+19.6,+19.6,+19.5,+20.1,+19.8
2023-08-09 06:52,3,+24.1,+23.4,+26.3,+21.8,+41.0,+31.4,+18.1,+18.8,+19.6,+19.5,+19.5,+20.1,+19.8
2023-08-09 07:52,3,+24.0,+23.4,+26.3,+21.8,+41.0,+31.4,+18.2,+18.8,+19.5,+19.5,+19.5,+20.1,+19.8
2023-08-09 08:52,3,+24.0,+23.4,+26.2,+21.6,+41.0,+31.4,+18.6,+18.8,+19.5,+19.5,+19.5,+20.0,+19.7
2023-08-09 09:52,3,+24.0,+23.4,+26.2,+21.6,+41.0,+31.4,+19.8,+19.0,+19.5,+19.5,+19.5,+20.1,+19.8
2023-08-09 10:52,3,+24.0,+23.4,+26.2,+21.7,+41.0,+31.4,+20.5,+19.2,+19.5,+19.5,+19.5,+20.0,+19.8
2023-08-09 11:52,3,+24.0,+23.4,+26.2,+21.6,+41.0,+31.3,+20.7,+19.3,+19.5,+19.5,+19.5,+20.1,+19.7
2023-08-09 12:52,3,+24.0,+23.4,+26.1,+21.5,+41.0,+31.3,+20.7,+19.6,+19.5,+19.5,+19.5,+20.0,+19.8
2023-08-09 13:52,3,+24.0,+23.3,+26.1,+21.6,+41.0,+31.3,+20.7,+19.7,+19.6,+19.5,+19.5,+20.0,+19.8
2023-08-09 14:52,3,+24.0,+23.3,+26.1,+21.6,+40.9,+31.3,+20.8,+19.8,+19.6,+19.5,+19.5,+20.1,+19.8
2023-08-09 15:52,3,+23.9,+23.3,+26.1,+21.4,+40.8,+31.3,+20.7,+20.0,+19.7,+19.5,+19.5,+20.0,+19.7
2023-08-09 16:52,3,+23.9,+23.3,+26.1,+21.4,+40.7,+31.3,+20.6,+20.1,+19.7,+19.5,+19.5,+20.0,+19.8
2023-08-09 17:52,3,+23.9,+23.3,+26.1,+21.5,+40.8,+31.3,+20.5,+20.1,+19.8,+19.5,+19.5,+20.0,+19.7
2023-08-09 18:52,3,+23.9,+23.3,+26.1,+21.5,+40.8,+31.2,+20.3,+20.1,+20.0,+19.5,+19.5,+20.0,+19.7
2023-08-09 19:52,3,+23.8,+23.3,+26.1,+21.4,+40.7,+31.2,+20.1,+20.1,+19.8,+19.6,+19.5,+20.0,+19.7
2023-08-09 20:52,3,+23.8,+23.3,+26.1,+21.5,+40.8,+31.2,+19.8,+20.1,+20.0,+19.5,+19.5,+20.0,+19.7
2023-08-09 21:52,3,+23.8,+23.3,+26.1,+21.5,+40.8,+31.2,+19.8,+20.0,+20.0,+19.6,+19.5,+20.0,+19.7
2023-08-09 22:52,3,+23.8,+23.3,+26.1,+21.5,+40.7,+31.2,+19.6,+20.0,+20.0,+19.6,+19.5,+20.0,+19.7
2023-08-09 23:52,3,+23.8,+23.3,+26.1,+21.4,+40.7,+31.2,+19.5,+19.8,+20.0,+19.5,+19.5,+20.0,+19.7
2023-08-10 00:52,3,+23.7,+23.3,+26.1,+21.3,+40.7,+31.1,+19.5,+19.7,+20.0,+19.6,+19.5,+20.0,+19.8
2023-08-10 01:52,3,+23.7,+23.3,+26.1,+21.3,+40.7,+31.1,+19.3,+19.8,+20.0,+19.6,+19.5,+20.0,+19.7
2023-08-10 02:52,3,+23.7,+23.3,+26.0,+21.4,+40.7,+31.2,+19.3,+19.7,+20.0,+19.6,+19.5,+20.0,+19.7
2023-08-10 03:52,3,+23.7,+23.2,+26.1,+21.4,+40.7,+31.1,+19.3,+19.7,+20.0,+19.6,+19.5,+20.0,+19.7
2023-08-10 04:52,3,+23.7,+23.2,+26.0,+21.4,+40.7,+31.1,+19.2,+19.6,+20.0,+19.7,+19.5,+20.1,+19.7
2023-08-10 05:52,3,+23.6,+23.2,+26.0,+21.3,+40.6,+31.1,+19.1,+19.7,+19.8,+19.6,+19.5,+20.0,+19.7
2023-08-10 06:52,3,+23.6,+23.2,+26.0,+21.4,+40.6,+31.1,+19.1,+19.6,+19.8,+19.6,+19.5,+20.0,+19.7
2023-08-10 07:52,3,+23.6,+23.2,+26.0,+21.4,+40.7,+31.1,+19.5,+19.6,+19.8,+19.6,+19.6,+20.0,+19.7
2023-08-10 08:52,3,+23.6,+23.2,+26.0,+21.2,+40.6,+31.1,+20.1,+19.6,+19.8,+19.6,+19.6,+20.0,+19.7
2023-08-10 09:52,3,+23.6,+23.2,+26.0,+21.4,+40.6,+31.1,+20.8,+19.7,+19.8,+19.6,+19.5,+20.1,+19.7
2023-08-10 10:52,3,+23.6,+23.2,+26.0,+21.3,+40.6,+31.1,+21.1,+20.0,+19.8,+19.6,+19.6,+20.1,+19.7
2023-08-10 11:52,3,+23.6,+23.2,+25.9,+21.2,+40.6,+31.1,+21.2,+20.1,+20.0,+19.6,+19.6,+20.0,+19.7
2023-08-10 12:52,3,+23.6,+23.2,+25.9,+21.2,+40.6,+31.1,+21.3,+20.2,+20.0,+19.6,+19.6,+20.1,+19.8
2023-08-10 13:52,3,+23.6,+23.2,+25.9,+21.3,+40.6,+31.1,+21.3,+20.3,+20.0,+19.7,+19.6,+20.0,+19.7
2023-08-10 14:52,3,+23.6,+23.2,+25.9,+21.1,+40.6,+31.0,+21.3,+20.5,+20.1,+19.6,+19.6,+20.1,+19.8
2023-08-10 15:52,3,+23.5,+23.2,+25.9,+21.1,+40.6,+31.0,+21.3,+20.5,+20.1,+19.7,+19.6,+20.0,+19.8
2023-08-10 16:52,3,+23.5,+23.2,+25.9,+21.1,+40.5,+31.0,+21.2,+20.6,+20.1,+19.7,+19.6,+20.0,+19.7
2023-08-10 17:52,3,+23.5,+23.2,+25.9,+21.2,+40.6,+31.0,+21.0,+20.6,+20.2,+19.7,+19.5,+20.1,+19.7
2023-08-10 18:52,3,+23.5,+23.2,+25.9,+21.3,+40.6,+31.0,+20.8,+20.5,+20.2,+19.7,+19.6,+20.1,+19.7
2023-08-10 19:52,3,+23.5,+23.2,+25.9,+21.1,+40.6,+31.0,+20.7,+20.6,+20.2,+19.7,+19.6,+20.1,+19.7
2023-08-10 20:52,3,+23.4,+23.2,+25.9,+21.1,+40.6,+31.0,+20.6,+20.6,+20.2,+19.7,+19.6,+20.1,+19.7
2023-08-10 21:52,3,+23.4,+23.2,+25.9,+21.2,+40.6,+31.0,+20.5,+20.5,+20.2,+19.7,+19.6,+20.1,+19.7
2023-08-10 22:52,3,+23.4,+23.2,+25.9,+21.1,+40.5,+31.0,+20.3,+20.5,+20.3,+19.8,+19.6,+20.1,+19.7
2023-08-10 23:52,3,+23.4,+23.2,+25.9,+21.1,+40.5,+31.0,+20.2,+20.5,+20.3,+19.8,+19.6,+20.1,+19.8
2023-08-11 00:52,3,+23.4,+23.2,+25.9,+21.2,+40.6,+31.0,+20.1,+20.3,+20.3,+19.8,+19.6,+20.1,+19.7
2023-08-11 01:52,3,+23.4,+23.2,+25.8,+21.1,+40.5,+31.0,+20.0,+20.3,+20.2,+19.8,+19.6,+20.1,+19.8
2023-08-11 02:52,3,+23.4,+23.1,+25.8,+21.1,+40.5,+31.0,+20.0,+20.2,+20.3,+19.8,+19.6,+20.1,+19.7
2023-08-11 03:52,3,+23.3,+23.1,+25.8,+21.2,+40.6,+31.0,+19.8,+20.2,+20.2,+19.8,+19.6,+20.1,+19.7
2023-08-11 04:52,3,+23.3,+23.1,+25.8,+21.1,+40.5,+30.9,+19.8,+20.1,+20.3,+19.8,+19.6,+20.1,+19.7
2023-08-11 05:52,3,+23.3,+23.1,+25.8,+21.2,+40.6,+31.0,+19.7,+20.1,+20.3,+19.8,+19.6,+20.1,+19.7
2023-08-11 06:52,3,+23.4,+23.1,+25.8,+21.2,+40.6,+31.0,+19.7,+20.1,+20.2,+19.8,+19.6,+20.1,+19.7
2023-08-11 07:52,3,+23.4,+23.1,+25.8,+21.2,+40.6,+31.0,+19.7,+20.0,+20.2,+19.8,+19.7,+20.1,+19.7
2023-08-11 08:52,3,+23.4,+23.1,+25.8,+21.1,+40.5,+31.0,+19.8,+20.0,+20.2,+19.8,+19.6,+20.1,+19.8
2023-08-11 09:52,3,+23.4,+23.1,+25.8,+21.2,+40.6,+31.0,+20.2,+20.1,+20.2,+19.8,+19.7,+20.1,+19.7
2023-08-11 10:52,3,+23.4,+23.1,+25.8,+21.1,+40.5,+30.9,+20.6,+20.1,+20.2,+19.8,+19.7,+20.1,+19.7
2023-08-11 11:52,3,+23.4,+23.1,+25.8,+21.1,+40.5,+30.9,+20.8,+20.2,+20.2,+20.0,+19.7,+20.1,+19.8
2023-08-11 12:52,3,+23.4,+23.1,+25.8,+21.1,+40.5,+30.9,+21.1,+20.3,+20.2,+19.8,+19.7,+20.2,+19.7
2023-08-11 13:52,3,+23.4,+23.1,+25.8,+21.1,+40.5,+30.9,+21.2,+20.3,+20.2,+19.8,+19.7,+20.1,+19.8
2023-08-11 14:52,3,+23.4,+23.1,+25.8,+21.0,+40.5,+30.9,+21.3,+20.5,+20.2,+19.8,+19.7,+20.1,+19.8
2023-08-11 15:52,3,+23.4,+23.1,+25.8,+21.0,+40.5,+30.9,+21.3,+20.6,+20.2,+19.8,+19.7,+20.2,+19.8
2023-08-11 16:52,3,+23.4,+23.1,+25.8,+21.1,+40.6,+30.9,+21.2,+20.6,+20.2,+19.8,+19.7,+20.2,+19.8
2023-08-11 17:52,3,+23.4,+23.1,+25.8,+21.0,+40.5,+30.9,+21.1,+20.7,+20.3,+19.8,+19.7,+20.2,+19.8
2023-08-11 18:52,3,+36.6,+27.0,+32.2,+22.0,+40.6,+30.9,+20.2,+20.6,+20.5,+20.0,+19.7,+20.2,+19.8
2023-08-11 19:52,3,+27.6,+24.8,+26.6,+21.4,+40.6,+31.0,+20.3,+20.6,+20.5,+20.0,+19.7,+20.2,+19.8
2023-08-11 20:52,3,+26.8,+24.7,+26.8,+21.6,+40.9,+31.3,+20.3,+20.5,+20.5,+20.0,+19.7,+20.2,+19.8
2023-08-11 21:52,3,+26.3,+24.6,+27.0,+21.8,+41.0,+31.4,+20.2,+20.5,+20.5,+20.0,+19.7,+20.1,+19.8
2023-08-11 22:52,3,+26.0,+24.5,+27.1,+21.8,+41.0,+31.4,+20.0,+20.5,+20.5,+20.0,+19.7,+20.2,+19.8
2023-08-11 23:52,3,+25.8,+24.4,+27.1,+22.0,+41.1,+31.5,+19.8,+20.3,+20.5,+20.0,+19.7,+20.2,+19.8
2023-08-12 00:52,3,+25.7,+24.4,+27.1,+22.2,+41.2,+31.5,+19.7,+20.3,+20.5,+20.0,+19.7,+20.2,+19.8
2023-08-12 01:52,3,+25.5,+24.3,+27.1,+22.2,+41.2,+31.5,+19.6,+20.2,+20.5,+20.0,+19.7,+20.2,+19.8
2023-08-12 02:52,3,+25.4,+24.2,+27.1,+22.3,+41.2,+31.5,+19.5,+20.1,+20.5,+20.0,+19.7,+20.2,+19.8
2023-08-12 03:52,3,+25.3,+24.2,+27.0,+22.2,+41.2,+31.5,+19.2,+20.0,+20.3,+20.0,+19.7,+20.2,+19.8
2023-08-12 04:52,3,+25.2,+24.1,+27.0,+22.3,+41.3,+31.6,+19.2,+20.0,+20.3,+20.0,+19.8,+20.2,+19.7
2023-08-12 05:52,3,+25.1,+24.1,+27.0,+22.3,+41.3,+31.6,+19.0,+20.0,+20.3,+20.0,+19.7,+20.2,+19.8
2023-08-12 06:52,3,+25.0,+24.1,+26.9,+22.1,+41.2,+31.6,+19.0,+19.8,+20.2,+20.0,+19.8,+20.2,+19.8
2023-08-12 07:52,3,+24.9,+24.0,+26.9,+22.1,+41.2,+31.6,+19.1,+19.7,+20.2,+20.0,+19.7,+20.2,+19.8
2023-08-12 08:52,3,+24.9,+24.0,+26.9,+22.1,+41.2,+31.6,+19.3,+19.7,+20.2,+20.0,+19.7,+20.2,+19.8
2023-08-12 09:52,3,+24.8,+24.0,+26.9,+22.2,+41.3,+31.6,+19.8,+19.8,+20.1,+20.0,+19.8,+20.2,+19.8
2023-08-12 10:52,3,+24.8,+24.0,+26.8,+22.2,+41.3,+31.6,+20.3,+19.8,+20.2,+20.0,+19.8,+20.2,+19.8
2023-08-12 11:52,3,+24.8,+23.9,+26.8,+22.0,+41.2,+31.5,+20.6,+20.0,+20.2,+20.0,+19.8,+20.2,+19.8
2023-08-12 12:52,3,+24.8,+23.9,+26.8,+22.0,+41.2,+31.5,+20.7,+20.1,+20.1,+20.0,+19.8,+20.2,+19.8
2023-08-12 13:52,3,+24.7,+23.9,+26.8,+22.1,+41.2,+31.5,+20.8,+20.2,+20.1,+20.0,+19.7,+20.2,+19.8
2023-08-12 14:52,3,+24.7,+23.9,+26.8,+22.0,+41.2,+31.6,+20.8,+20.3,+20.2,+20.0,+19.7,+20.2,+19.8
2023-08-12 15:52,3,+24.7,+23.8,+26.8,+22.0,+41.2,+31.5,+20.8,+20.3,+20.2,+20.0,+19.7,+20.2,+19.8
2023-08-12 16:52,3,+24.6,+23.8,+26.7,+22.0,+41.2,+31.5,+20.7,+20.3,+20.2,+20.0,+19.8,+20.2,+19.8
2023-08-12 17:52,3,+24.6,+23.8,+26.8,+21.9,+41.1,+31.5,+20.6,+20.5,+20.2,+20.0,+19.8,+20.2,+19.8
2023-08-12 18:52,3,+24.6,+23.8,+26.7,+22.0,+41.2,+31.5,+20.5,+20.5,+20.3,+20.0,+19.7,+20.2,+19.8
2023-08-12 19:52,3,+24.6,+23.8,+26.7,+22.0,+41.2,+31.5,+20.2,+20.3,+20.3,+20.0,+19.8,+20.2,+19.8
2023-08-12 20:52,3,+24.5,+23.8,+26.7,+21.9,+41.1,+31.5,+20.1,+20.3,+20.3,+19.8,+19.7,+20.2,+20.0
2023-08-12 21:52,3,+24.5,+23.8,+26.7,+21.8,+41.1,+31.5,+20.0,+20.3,+20.3,+20.0,+19.8,+20.2,+19.8
2023-08-12 22:52,3,+24.5,+23.8,+26.7,+21.8,+41.1,+31.5,+19.8,+20.2,+20.3,+20.0,+19.7,+20.2,+19.8
2023-08-12 23:52,3,+24.4,+23.8,+26.7,+21.9,+41.1,+31.5,+19.7,+20.2,+20.3,+20.0,+19.8,+20.2,+20.0
2023-08-13 00:52,3,+24.4,+23.8,+26.6,+21.9,+41.1,+31.5,+19.7,+20.2,+20.3,+20.0,+19.8,+20.2,+19.8
2023-08-13 01:52,3,+24.4,+23.8,+26.7,+21.9,+41.1,+31.5,+19.6,+20.1,+20.3,+20.0,+19.8,+20.2,+19.8
2023-08-13 02:52,3,+24.4,+23.8,+26.6,+21.8,+41.1,+31.5,+19.6,+20.0,+20.3,+20.0,+19.8,+20.2,+20.0
2023-08-13 03:52,3,+24.4,+23.7,+26.6,+21.8,+41.1,+31.5,+19.5,+20.1,+20.3,+20.0,+19.7,+20.2,+19.8
2023-08-13 04:52,3,+24.3,+23.8,+26.6,+21.8,+41.1,+31.4,+19.6,+20.0,+20.3,+20.0,+19.7,+20.2,+19.8
2023-08-13 05:52,3,+24.3,+23.7,+26.6,+21.7,+41.0,+31.4,+19.3,+20.0,+20.2,+20.0,+19.7,+20.2,+19.8
2023-08-13 06:52,3,+24.3,+23.7,+26.6,+21.8,+41.1,+31.4,+19.5,+20.0,+20.2,+20.0,+19.8,+20.2,+19.8
2023-08-13 07:52,3,+24.3,+23.7,+26.6,+21.7,+41.0,+31.4,+19.6,+19.8,+20.2,+20.0,+19.8,+20.2,+19.8
2023-08-13 08:52,3,+24.3,+23.7,+26.6,+21.8,+41.0,+31.4,+20.3,+19.8,+20.2,+20.0,+19.7,+20.3,+20.0
2023-08-13 09:52,3,+24.3,+23.7,+26.6,+21.6,+41.0,+31.4,+21.3,+20.1,+20.2,+20.0,+19.8,+20.2,+19.8
2023-08-13 10:52,3,+24.3,+23.7,+26.5,+21.8,+41.0,+31.4,+21.6,+20.3,+20.2,+20.0,+19.8,+20.3,+20.0
2023-08-13 11:52,3,+24.3,+23.7,+26.5,+21.6,+41.0,+31.4,+21.7,+20.5,+20.2,+20.0,+19.8,+20.3,+19.8
2023-08-13 12:52,3,+24.3,+23.7,+26.5,+21.6,+41.0,+31.3,+21.6,+20.6,+20.3,+20.0,+19.7,+20.2,+19.8
2023-08-13 13:52,3,+24.7,+23.7,+26.5,+21.7,+41.0,+31.4,+21.3,+20.7,+20.3,+20.0,+19.8,+20.2,+19.8
2023-08-13 14:52,3,+47.3,+29.0,+29.2,+21.9,+41.0,+31.3,+19.6,+20.6,+20.5,+20.0,+19.8,+20.3,+19.8
2023-08-13 15:52,3,+47.2,+29.5,+33.4,+44.3,+44.5,+34.1,+19.0,+20.3,+20.5,+20.0,+19.8,+20.2,+19.8
2023-08-13 16:52,3,+30.7,+28.9,+32.3,+44.4,+44.5,+34.3,+19.5,+20.3,+20.5,+20.1,+19.7,+20.2,+19.8
2023-08-13 17:52,3,+28.9,+25.8,+28.5,+30.9,+44.5,+34.4,+19.5,+20.2,+20.5,+20.0,+19.7,+20.2,+19.8
2023-08-13 18:52,3,+28.2,+25.0,+27.9,+28.0,+44.5,+34.4,+19.5,+20.1,+20.5,+20.1,+19.7,+20.2,+19.8
2023-08-13 19:52,3,+27.9,+24.8,+27.8,+25.6,+44.4,+34.4,+19.3,+20.1,+20.5,+20.0,+19.7,+20.2,+19.8
2023-08-13 20:52,3,+27.7,+24.7,+27.6,+24.7,+43.5,+34.5,+19.3,+20.1,+20.5,+20.1,+19.8,+20.2,+19.8
2023-08-13 21:52,3,+27.5,+24.7,+27.6,+24.3,+43.3,+34.5,+19.3,+20.0,+20.3,+20.0,+19.8,+20.2,+19.8
2023-08-13 22:52,3,+27.4,+24.6,+27.5,+23.9,+43.0,+34.5,+19.2,+20.0,+20.3,+20.1,+19.8,+20.3,+19.8
2023-08-13 23:52,3,+27.2,+24.5,+27.5,+23.8,+42.4,+33.1,+19.2,+19.8,+20.3,+20.0,+19.7,+20.2,+19.8
2023-08-14 00:52,3,+27.2,+24.5,+27.4,+23.5,+42.3,+32.9,+19.2,+19.8,+20.2,+20.1,+19.8,+20.2,+19.8
2023-08-14 01:52,3,+27.1,+24.5,+27.4,+23.4,+42.1,+32.7,+19.2,+19.8,+20.2,+20.0,+19.8,+20.2,+19.8
2023-08-14 02:52,3,+27.0,+24.5,+27.4,+23.4,+42.1,+32.6,+19.2,+19.7,+20.2,+20.0,+19.8,+20.3,+19.8
2023-08-14 03:52,3,+27.0,+24.4,+27.3,+23.3,+42.0,+32.5,+19.2,+19.7,+20.2,+20.0,+19.8,+20.3,+19.8
2023-08-14 04:52,3,+26.9,+24.4,+27.3,+23.3,+41.9,+32.4,+19.1,+19.7,+20.1,+20.0,+19.8,+20.2,+19.8
2023-08-14 05:52,3,+26.9,+24.4,+27.3,+23.1,+41.9,+32.3,+19.1,+19.7,+20.1,+20.0,+19.8,+20.2,+19.8
2023-08-14 06:52,3,+26.8,+24.4,+27.2,+23.0,+41.8,+32.3,+19.1,+19.7,+20.1,+20.0,+19.7,+20.2,+19.8
2023-08-14 07:52,3,+26.8,+24.3,+27.2,+23.0,+41.8,+32.2,+19.5,+19.7,+20.1,+20.0,+19.8,+20.3,+19.8
2023-08-14 08:52,3,+26.8,+24.3,+27.2,+22.9,+41.8,+32.2,+20.2,+19.7,+20.1,+20.0,+19.8,+20.2,+19.8
2023-08-14 09:52,3,+26.7,+24.3,+27.1,+22.9,+41.7,+32.1,+21.1,+19.8,+20.1,+19.8,+19.8,+20.2,+19.8
2023-08-14 10:52,3,+26.7,+24.3,+27.1,+22.9,+41.7,+32.1,+21.5,+20.1,+20.1,+20.0,+19.8,+20.2,+19.8
2023-08-14 11:52,3,+26.7,+24.3,+27.1,+22.9,+41.7,+32.1,+21.5,+20.3,+20.1,+19.8,+19.8,+20.2,+19.8
2023-08-14 12:52,3,+26.7,+24.3,+27.1,+22.8,+41.7,+32.1,+21.3,+20.5,+20.2,+19.8,+19.8,+20.3,+19.8
2023-08-14 13:52,3,+26.6,+24.2,+27.1,+22.8,+41.7,+32.0,+21.3,+20.6,+20.2,+20.0,+19.8,+20.2,+20.0
2023-08-14 14:52,3,+43.1,+26.5,+27.1,+22.6,+41.6,+32.0,+21.0,+20.6,+20.2,+19.8,+19.7,+20.3,+19.8
2023-08-14 15:52,3,+45.6,+27.4,+29.1,+22.8,+41.6,+31.9,+19.7,+20.3,+20.3,+19.8,+19.8,+20.2,+19.8
2023-08-14 16:52,3,+34.8,+29.7,+34.0,+23.1,+41.7,+32.0,+19.7,+20.3,+20.3,+19.8,+19.7,+20.2,+19.8
2023-08-14 17:52,3,+43.4,+30.3,+33.1,+24.9,+42.6,+32.4,+19.3,+20.2,+20.3,+19.8,+19.7,+20.2,+19.8
2023-08-14 18:52,3,+32.2,+30.0,+33.1,+29.6,+43.9,+33.5,+19.6,+20.2,+20.3,+20.0,+19.7,+20.2,+19.8
2023-08-14 19:52,3,+30.5,+28.8,+32.9,+29.4,+43.9,+33.6,+19.3,+20.2,+20.3,+20.0,+19.7,+20.2,+19.8
2023-08-14 20:52,3,+29.9,+28.7,+32.8,+29.4,+44.0,+33.7,+19.3,+20.0,+20.3,+20.0,+19.8,+20.2,+19.8
2023-08-14 21:52,3,+29.5,+28.0,+32.7,+29.0,+43.9,+33.7,+19.3,+20.0,+20.3,+20.0,+19.7,+20.2,+19.8
2023-08-14 22:52,3,+29.2,+25.4,+28.5,+28.5,+44.0,+33.7,+19.2,+19.8,+20.2,+20.0,+19.7,+20.2,+20.0
2023-08-14 23:52,3,+28.9,+25.2,+28.3,+27.3,+44.0,+33.7,+19.1,+19.8,+20.3,+20.0,+19.8,+20.2,+19.8
2023-08-15 00:52,3,+28.7,+25.1,+28.2,+26.4,+44.0,+33.7,+19.1,+19.7,+20.2,+20.0,+19.8,+20.2,+19.8
2023-08-15 01:52,3,+28.5,+25.0,+28.1,+25.4,+43.7,+33.6,+19.0,+19.7,+20.2,+20.0,+19.8,+20.2,+19.8
2023-08-15 02:52,3,+28.4,+24.9,+27.9,+24.8,+43.6,+33.6,+18.8,+19.6,+20.2,+20.0,+19.8,+20.2,+19.8
2023-08-15 03:52,3,+28.3,+24.9,+27.8,+24.5,+43.4,+33.7,+18.8,+19.6,+20.1,+20.0,+19.8,+20.3,+19.8
2023-08-15 04:52,3,+28.2,+24.8,+27.8,+24.2,+43.3,+33.6,+18.7,+19.6,+20.1,+20.0,+19.8,+20.2,+19.8
2023-08-15 05:52,3,+28.0,+24.8,+27.7,+24.1,+43.3,+33.7,+18.6,+19.6,+20.1,+20.0,+19.7,+20.2,+19.8
2023-08-15 06:52,3,+28.0,+24.7,+27.6,+23.9,+42.6,+33.0,+18.6,+19.5,+20.0,+19.8,+19.7,+20.2,+19.8
2023-08-15 07:52,3,+27.9,+24.7,+27.6,+23.7,+42.5,+32.9,+18.7,+19.5,+20.0,+20.0,+19.7,+20.2,+19.8
2023-08-15 08:52,3,+27.9,+24.6,+27.6,+23.6,+42.4,+32.7,+20.0,+19.5,+20.0,+19.8,+19.7,+20.2,+19.8
2023-08-15 09:52,3,+27.9,+24.6,+27.5,+23.5,+42.3,+32.7,+21.3,+19.6,+20.0,+19.8,+19.7,+20.2,+19.8
2023-08-15 10:52,3,+27.8,+24.5,+27.5,+23.3,+42.2,+32.5,+21.7,+20.0,+19.8,+19.8,+19.7,+20.2,+19.8
2023-08-15 11:52,3,+27.8,+24.5,+27.5,+23.2,+42.1,+32.5,+21.6,+20.2,+20.0,+19.8,+19.7,+20.2,+20.0
2023-08-15 12:52,3,+27.7,+24.5,+27.4,+23.3,+42.1,+32.4,+21.5,+20.3,+20.0,+19.7,+19.7,+20.2,+19.8
2023-08-15 13:52,3,+27.7,+24.5,+27.4,+23.1,+42.0,+32.3,+21.3,+20.5,+20.1,+19.8,+19.7,+20.2,+19.8
2023-08-15 14:52,3,+27.7,+24.5,+27.4,+23.0,+41.9,+32.3,+21.2,+20.6,+20.1,+19.7,+19.7,+20.2,+19.8
2023-08-15 15:52,3,+27.6,+24.5,+27.4,+23.1,+42.0,+32.3,+21.1,+20.6,+20.2,+19.8,+19.7,+20.2,+19.8
2023-08-15 16:52,3,+27.6,+24.5,+27.4,+23.0,+42.0,+32.2,+20.8,+20.6,+20.2,+19.8,+19.7,+20.2,+19.8
2023-08-15 17:52,3,+27.6,+24.5,+27.4,+22.9,+41.9,+32.2,+20.6,+20.6,+20.3,+19.8,+19.7,+20.2,+19.8
2023-08-15 18:52,3,+27.5,+24.4,+27.3,+22.8,+41.8,+32.1,+20.2,+20.5,+20.3,+19.8,+19.7,+20.2,+19.8
2023-08-15 19:52,3,+27.5,+24.5,+27.3,+22.8,+41.8,+32.1,+19.8,+20.3,+20.3,+19.8,+19.7,+20.2,+19.8
2023-08-15 20:52,3,+27.4,+24.4,+27.3,+22.9,+41.8,+32.1,+19.6,+20.3,+20.3,+20.0,+19.7,+20.2,+19.8
2023-08-15 21:52,3,+27.4,+24.4,+27.3,+22.9,+41.8,+32.1,+19.5,+20.1,+20.3,+20.0,+19.7,+20.2,+19.8
2023-08-15 22:52,3,+27.4,+24.4,+27.2,+22.8,+41.8,+32.0,+19.2,+20.1,+20.3,+19.8,+19.7,+20.2,+19.8
2023-08-15 23:52,3,+27.3,+24.4,+27.2,+22.7,+41.7,+32.0,+19.1,+20.0,+20.3,+20.0,+19.7,+20.2,+19.8
2023-08-16 00:52,3,+27.3,+24.4,+27.2,+22.7,+41.7,+32.0,+19.0,+19.8,+20.2,+19.8,+19.7,+20.2,+19.8
2023-08-16 01:52,3,+27.2,+24.4,+27.2,+22.8,+41.6,+32.0,+19.0,+19.7,+20.2,+19.8,+19.7,+20.2,+19.8
2023-08-16 02:52,3,+27.2,+24.4,+27.2,+22.6,+41.6,+31.9,+18.8,+19.7,+20.2,+19.8,+19.8,+20.2,+19.8
2023-08-16 03:52,3,+27.2,+24.3,+27.2,+22.7,+41.6,+31.9,+18.8,+19.7,+20.1,+19.8,+19.7,+20.2,+19.8
2023-08-16 04:52,3,+27.2,+24.3,+27.1,+22.7,+41.6,+31.9,+18.8,+19.6,+20.1,+20.0,+19.7,+20.2,+19.8
2023-08-16 05:52,3,+27.2,+24.3,+27.1,+22.7,+41.6,+31.9,+18.8,+19.5,+20.0,+19.8,+19.7,+20.2,+19.8
2023-08-16 06:52,3,+27.1,+24.3,+27.1,+22.7,+41.6,+31.9,+18.8,+19.5,+20.1,+19.8,+19.7,+20.2,+19.8
2023-08-16 07:52,3,+27.1,+24.3,+27.1,+22.5,+41.5,+31.9,+18.8,+19.5,+20.0,+19.8,+19.7,+20.2,+19.8
2023-08-16 08:52,3,+27.1,+24.3,+27.1,+22.5,+41.5,+31.8,+18.8,+19.5,+20.0,+19.8,+19.7,+20.2,+19.8
2023-08-16 09:52,3,+27.2,+24.3,+27.1,+22.6,+41.6,+31.8,+19.5,+19.5,+20.0,+19.8,+19.7,+20.2,+19.8