
2023-08-03 10:27,3,+4.3,+10.6,+9.9,+15.8,+31.2,+40.8,+19.8,+19.1,+19.2,+19.2,+19.2,+19.2,+18.8
2023-08-03 11:27,3,+4.5,+10.7,+10.0,+15.9,+31.3,+40.9,+18.7,+18.5,+18.8,+18.7,+19.0,+19.0,+18.6
2023-08-03 12:27,3,+4.5,+10.7,+10.1,+15.9,+31.3,+40.9,+18.7,+18.5,+18.8,+18.6,+19.0,+19.0,+18.5
2023-08-03 13:27,3,+4.5,+10.6,+10.1,+15.8,+31.3,+40.9,+18.7,+18.3,+18.8,+18.6,+19.0,+19.0,+18.6
2023-08-03 14:27,3,+4.5,+10.6,+10.1,+15.9,+31.3,+40.9,+18.8,+18.5,+18.8,+18.6,+19.0,+19.0,+18.6
2023-08-03 15:27,3,+4.5,+10.6,+10.1,+16.0,+31.4,+41.0,+18.8,+18.5,+18.8,+18.6,+19.0,+19.0,+18.6
2023-08-03 16:27,3,+4.5,+10.6,+10.2,+15.9,+31.3,+41.0,+19.0,+18.5,+18.8,+18.6,+19.0,+19.0,+18.6
2023-08-03 17:27,3,+4.6,+10.7,+10.2,+15.9,+31.4,+41.0,+19.0,+18.5,+18.7,+18.6,+19.0,+18.8,+18.5
2023-08-03 18:27,3,+4.6,+10.7,+10.2,+16.0,+31.4,+41.1,+19.0,+18.6,+18.8,+18.6,+19.0,+19.0,+18.6
2023-08-03 19:27,3,+4.6,+10.7,+10.2,+16.1,+31.4,+41.1,+19.1,+18.5,+18.8,+18.6,+19.0,+19.0,+18.6
2023-08-03 20:27,3,+4.7,+10.8,+10.2,+15.9,+31.4,+41.1,+19.0,+18.6,+18.8,+18.6,+19.0,+19.0,+18.6
2023-08-03 21:27,3,+4.7,+10.8,+10.3,+16.1,+31.5,+41.1,+19.0,+18.6,+18.8,+18.6,+19.0,+19.0,+18.6
2023-08-03 22:27,3,+4.8,+10.8,+10.3,+16.0,+31.4,+41.1,+19.0,+18.6,+18.8,+18.6,+19.0,+19.0,+18.6
2023-08-03 23:27,3,+4.8,+10.9,+10.3,+16.1,+31.5,+41.1,+19.0,+18.7,+18.8,+18.6,+19.0,+19.0,+18.5
2023-08-04 00:27,3,+4.9,+11.0,+10.3,+16.1,+31.5,+41.2,+18.8,+18.6,+18.8,+18.6,+19.0,+18.8,+18.5
2023-08-04 01:27,3,+4.9,+11.0,+10.4,+16.1,+31.5,+41.2,+18.8,+18.6,+19.0,+18.6,+19.0,+19.0,+18.6
2023-08-04 02:27,3,+4.9,+11.0,+10.4,+16.1,+31.5,+41.2,+18.8,+18.6,+18.8,+18.6,+19.0,+18.8,+18.5
2023-08-04 03:27,3,+5.0,+11.0,+10.4,+16.2,+31.6,+41.2,+18.8,+18.6,+18.8,+18.6,+19.0,+19.0,+18.6
2023-08-04 04:27,3,+5.0,+11.1,+10.4,+16.2,+31.6,+41.2,+18.8,+18.6,+18.8,+18.6,+19.0,+19.0,+18.6
2023-08-04 05:27,3,+5.1,+11.1,+10.4,+16.1,+31.5,+41.2,+18.8,+18.6,+19.0,+18.6,+19.0,+18.8,+18.6
2023-08-04 06:27,3,+5.1,+11.1,+10.4,+16.3,+31.6,+41.3,+18.7,+18.6,+18.8,+18.7,+19.0,+19.0,+18.6
2023-08-04 07:27,3,+5.6,+11.1,+10.5,+16.2,+31.6,+41.3,+18.7,+18.5,+18.8,+18.6,+19.0,+19.0,+18.5
2023-08-04 08:27,3,+5.5,+11.2,+10.5,+16.3,+31.6,+41.3,+18.7,+18.6,+18.8,+18.6,+19.0,+19.0,+18.6
2023-08-04 09:27,3,+5.6,+11.2,+10.5,+16.2,+31.6,+41.3,+18.8,+18.5,+19.0,+18.6,+19.0,+19.0,+18.6
2023-08-04 10:27,3,+5.5,+11.3,+10.5,+16.2,+31.6,+41.3,+18.7,+18.5,+18.8,+18.6,+19.0,+19.0,+18.6
2023-08-04 11:27,3,+5.5,+11.3,+10.5,+16.4,+31.7,+41.3,+18.8,+18.5,+18.8,+18.6,+19.0,+19.0,+18.6
2023-08-04 12:27,3,+5.5,+11.3,+10.5,+16.3,+31.7,+41.3,+18.8,+18.5,+18.8,+18.7,+19.0,+18.8,+18.5
2023-08-04 13:27,3,+5.5,+11.4,+10.5,+16.4,+31.7,+41.3,+19.0,+18.6,+18.8,+18.6,+19.0,+19.0,+18.6
2023-08-04 14:27,3,+5.5,+11.4,+10.5,+16.3,+31.7,+41.3,+19.0,+18.6,+18.8,+18.6,+19.0,+18.8,+18.6
2023-08-04 15:27,3,+5.5,+11.4,+10.6,+16.3,+31.7,+41.4,+19.1,+18.6,+18.8,+18.6,+19.0,+18.8,+18.6
2023-08-04 16:27,3,+5.5,+11.4,+10.6,+16.5,+31.7,+41.4,+19.1,+18.6,+18.8,+18.6,+19.0,+19.0,+18.6
2023-08-04 17:27,3,+5.6,+11.5,+10.6,+16.4,+31.7,+41.4,+19.1,+18.6,+18.8,+18.6,+19.0,+19.0,+18.5
2023-08-04 18:27,3,+5.5,+11.5,+10.6,+16.5,+31.7,+41.4,+19.2,+18.7,+18.8,+18.6,+19.0,+19.0,+18.5
2023-08-04 19:27,3,+5.7,+11.5,+10.6,+16.4,+31.7,+41.4,+19.1,+18.7,+19.0,+18.6,+19.0,+19.0,+18.6
2023-08-04 20:27,3,+5.8,+11.5,+10.6,+16.4,+31.7,+41.5,+19.1,+18.7,+18.8,+18.7,+19.0,+19.0,+18.6
2023-08-04 21:27,3,+6.0,+11.6,+10.6,+16.5,+31.8,+41.5,+19.1,+18.7,+19.0,+18.7,+19.0,+18.8,+18.6
2023-08-04 22:27,3,+6.0,+11.5,+10.6,+16.5,+31.8,+41.5,+19.0,+18.8,+19.0,+18.6,+19.0,+19.0,+18.5
2023-08-04 23:27,3,+6.2,+11.6,+10.7,+16.5,+31.8,+41.5,+19.0,+18.7,+18.8,+18.6,+19.0,+19.0,+18.5
2023-08-05 00:27,3,+9.3,+16.7,+11.8,+16.6,+31.8,+41.5,+19.0,+18.7,+19.0,+18.6,+19.0,+18.8,+18.5
2023-08-05 01:27,3,+8.2,+15.2,+12.0,+16.6,+31.9,+41.6,+19.0,+18.7,+19.0,+18.6,+19.0,+19.0,+18.6
2023-08-05 02:27,3,+7.8,+14.8,+12.0,+16.8,+31.9,+41.5,+18.8,+18.7,+19.0,+18.6,+19.0,+19.0,+18.6
2023-08-05 03:27,3,+7.7,+14.6,+11.9,+17.1,+31.9,+41.6,+18.8,+18.6,+19.0,+18.6,+19.0,+19.0,+18.6
2023-08-05 04:27,3,+7.5,+14.5,+11.9,+17.1,+32.0,+41.6,+18.7,+18.6,+19.0,+18.7,+19.0,+18.8,+18.6
2023-08-05 05:27,3,+7.5,+14.3,+11.9,+17.3,+32.1,+41.7,+18.7,+18.6,+19.0,+18.6,+19.0,+19.0,+18.6
2023-08-05 06:27,3,+7.5,+14.1,+11.8,+17.4,+32.2,+41.7,+18.7,+18.6,+19.0,+18.7,+19.0,+19.0,+18.6
2023-08-05 07:27,3,+7.5,+14.1,+11.8,+17.3,+32.4,+41.8,+18.7,+18.5,+19.0,+18.6,+19.0,+19.0,+18.6
2023-08-05 08:27,3,+7.5,+14.1,+11.8,+17.3,+32.4,+41.8,+18.7,+18.5,+18.8,+18.6,+19.0,+19.0,+18.5
2023-08-05 09:27,3,+7.7,+14.1,+11.8,+17.5,+32.6,+41.8,+18.6,+18.5,+18.8,+18.6,+19.0,+19.0,+18.6
2023-08-05 10:27,3,+7.7,+14.0,+11.8,+17.4,+32.7,+41.9,+18.6,+18.5,+18.8,+18.6,+19.0,+19.0,+18.6
2023-08-05 11:27,3,+7.6,+14.0,+11.8,+17.4,+32.7,+41.9,+18.7,+18.5,+18.8,+18.6,+19.0,+19.0,+18.5
2023-08-05 12:27,3,+7.6,+14.0,+11.8,+17.6,+32.9,+42.0,+18.7,+18.5,+18.8,+18.6,+19.0,+19.0,+18.6
2023-08-05 13:27,3,+7.6,+14.0,+11.8,+17.6,+32.9,+42.0,+18.8,+18.5,+18.8,+18.6,+19.0,+19.0,+18.6
2023-08-05 14:27,3,+7.7,+13.9,+11.8,+17.6,+32.9,+42.0,+18.8,+18.5,+18.8,+18.7,+19.0,+19.0,+18.6
2023-08-05 15:27,3,+8.0,+13.9,+11.8,+17.6,+32.9,+42.1,+18.8,+18.5,+18.8,+18.6,+19.0,+19.0,+18.6
2023-08-05 16:27,3,+7.9,+13.8,+11.7,+17.5,+32.9,+42.1,+18.8,+18.5,+18.8,+18.6,+19.0,+19.0,+18.6
2023-08-05 17:27,3,+7.9,+13.8,+11.7,+17.6,+33.0,+42.1,+18.8,+18.6,+18.8,+18.6,+19.0,+19.0,+18.6
2023-08-05 18:27,3,+7.9,+13.8,+11.7,+17.6,+33.0,+42.1,+18.8,+18.6,+18.8,+18.6,+19.0,+19.0,+18.6
2023-08-05 19:27,3,+7.9,+13.8,+11.7,+17.6,+33.0,+42.2,+18.8,+18.6,+18.8,+18.6,+19.0,+19.0,+18.6
2023-08-05 20:27,3,+7.9,+13.7,+11.7,+17.5,+32.9,+42.2,+18.7,+18.6,+18.8,+18.6,+19.0,+19.0,+18.6
2023-08-05 21:27,3,+7.9,+13.7,+11.7,+17.5,+32.9,+42.2,+18.7,+18.6,+18.8,+18.6,+19.0,+19.0,+18.6
2023-08-05 22:27,3,+7.9,+13.7,+11.7,+17.5,+32.9,+42.2,+18.6,+18.5,+18.8,+18.6,+19.0,+19.0,+18.6
2023-08-05 23:27,3,+8.0,+13.6,+11.7,+17.6,+33.0,+42.2,+18.7,+18.5,+18.8,+18.6,+19.0,+19.0,+18.6
2023-08-06 00:27,3,+8.0,+13.6,+11.7,+17.5,+32.9,+42.2,+18.5,+18.5,+19.0,+18.6,+19.0,+19.0,+18.6
2023-08-06 01:27,3,+8.0,+13.6,+11.7,+17.5,+32.9,+42.2,+18.6,+18.5,+18.8,+18.6,+19.0,+19.0,+18.6
2023-08-06 02:27,3,+8.0,+13.6,+11.7,+17.5,+32.9,+42.3,+18.6,+18.5,+18.8,+18.6,+19.0,+19.0,+18.6
2023-08-06 03:27,3,+8.2,+13.6,+11.7,+17.6,+33.0,+42.3,+18.6,+18.5,+18.8,+18.6,+19.0,+19.0,+18.6
2023-08-06 04:27,3,+8.6,+13.6,+11.7,+17.5,+33.0,+42.3,+18.5,+18.3,+18.8,+18.6,+19.0,+19.0,+18.6
2023-08-06 05:27,3,+8.7,+13.6,+11.7,+17.5,+32.9,+42.3,+18.6,+18.3,+18.7,+18.6,+19.0,+19.0,+18.6
2023-08-06 06:27,3,+8.7,+13.7,+11.7,+17.7,+33.0,+42.4,+18.5,+18.3,+18.7,+18.6,+19.0,+19.0,+18.6
2023-08-06 07:27,3,+8.8,+13.8,+11.7,+17.7,+33.1,+42.4,+18.5,+18.3,+18.8,+18.6,+19.0,+19.0,+18.6
2023-08-06 08:27,3,+8.9,+13.9,+11.7,+17.6,+33.0,+42.4,+18.5,+18.3,+18.7,+18.6,+19.0,+19.0,+18.6
2023-08-06 09:27,3,+9.1,+14.1,+11.8,+17.6,+33.0,+42.4,+18.5,+18.3,+18.8,+18.6,+19.0,+19.0,+18.6
2023-08-06 10:27,3,+9.4,+14.3,+11.8,+17.6,+33.1,+42.4,+18.5,+18.3,+18.7,+18.6,+19.0,+19.0,+18.6
2023-08-06 11:27,3,+9.3,+14.4,+11.9,+17.7,+33.1,+42.4,+18.3,+18.3,+18.7,+18.6,+19.0,+19.0,+18.6
2023-08-06 12:27,3,+9.2,+14.5,+11.9,+17.8,+33.1,+42.4,+18.3,+18.2,+18.7,+18.6,+19.0,+18.8,+18.6
2023-08-06 13:27,3,+9.1,+14.5,+11.9,+17.8,+33.2,+42.4,+18.3,+18.2,+18.7,+18.6,+19.0,+19.0,+18.6
2023-08-06 14:27,3,+9.0,+14.5,+11.9,+17.8,+33.2,+42.5,+18.3,+18.2,+18.7,+18.6,+19.0,+19.0,+18.6
2023-08-06 15:27,3,+9.0,+14.4,+11.9,+17.7,+33.1,+42.4,+18.3,+18.2,+18.7,+18.6,+19.0,+19.0,+18.6
2023-08-06 16:27,3,+9.0,+14.4,+11.9,+17.8,+33.2,+42.5,+18.5,+18.2,+18.7,+18.6,+18.8,+19.0,+18.6
2023-08-06 17:27,3,+9.0,+14.3,+11.9,+17.8,+33.2,+42.5,+18.5,+18.2,+18.7,+18.5,+19.0,+19.0,+18.6
2023-08-06 18:27,3,+8.9,+14.3,+11.9,+17.7,+33.1,+42.5,+18.5,+18.2,+18.6,+18.5,+19.0,+18.8,+18.5
2023-08-06 19:27,3,+8.9,+14.3,+11.9,+17.8,+33.2,+42.5,+18.5,+18.2,+18.7,+18.5,+19.0,+19.0,+18.6
2023-08-06 20:27,3,+8.9,+14.2,+11.9,+17.7,+33.1,+42.5,+18.3,+18.2,+18.6,+18.5,+19.0,+18.8,+18.6
2023-08-06 21:27,3,+8.9,+14.2,+11.9,+17.7,+33.1,+42.5,+18.3,+18.2,+18.7,+18.5,+19.0,+18.8,+18.6
2023-08-06 22:27,3,+8.9,+14.2,+11.9,+17.8,+33.2,+42.5,+18.2,+18.2,+18.7,+18.5,+18.8,+19.0,+18.6
2023-08-06 23:27,3,+8.9,+14.1,+11.9,+17.7,+33.1,+42.5,+18.2,+18.2,+18.7,+18.5,+19.0,+19.0,+18.5
2023-08-07 00:27,3,+8.9,+14.1,+11.9,+17.7,+33.1,+42.5,+18.2,+18.2,+18.6,+18.5,+19.0,+18.8,+18.5
2023-08-07 01:27,3,+8.9,+14.1,+11.9,+17.8,+33.2,+42.6,+18.2,+18.2,+18.6,+18.5,+18.8,+18.8,+18.6
2023-08-07 02:27,3,+8.9,+14.1,+11.9,+17.8,+33.2,+42.6,+18.3,+18.2,+18.6,+18.5,+19.0,+18.8,+18.6
2023-08-07 03:27,3,+8.9,+14.0,+11.9,+17.7,+33.1,+42.5,+18.3,+18.2,+18.6,+18.5,+18.8,+18.8,+18.6
2023-08-07 04:27,3,+8.9,+14.0,+11.9,+17.8,+33.2,+42.6,+18.3,+18.1,+18.6,+18.5,+18.8,+19.0,+18.6
2023-08-07 05:27,3,+8.9,+14.0,+11.9,+17.8,+33.2,+42.6,+18.3,+18.2,+18.6,+18.5,+18.8,+19.0,+18.5
2023-08-07 06:27,3,+8.9,+14.0,+11.9,+17.8,+33.2,+42.6,+18.5,+18.2,+18.6,+18.5,+19.0,+18.8,+18.6
2023-08-07 07:27,3,+8.9,+14.0,+11.9,+17.7,+33.2,+42.6,+18.5,+18.2,+18.6,+18.5,+18.8,+18.8,+18.6
2023-08-07 08:27,3,+8.9,+14.0,+11.9,+17.7,+33.2,+42.6,+18.3,+18.2,+18.6,+18.5,+18.8,+19.0,+18.6
2023-08-07 09:27,3,+8.9,+14.0,+11.9,+17.7,+33.2,+42.6,+18.5,+18.2,+18.6,+18.5,+19.0,+18.8,+18.6
2023-08-07 10:27,3,+9.0,+13.9,+11.9,+17.7,+33.2,+42.6,+18.5,+18.2,+18.6,+18.5,+19.0,+18.8,+18.6
2023-08-07 11:27,3,+14.6,+18.5,+12.4,+17.9,+33.2,+42.7,+18.3,+18.2,+18.6,+18.5,+18.8,+18.8,+18.6
2023-08-07 12:27,3,+12.6,+17.4,+13.7,+18.7,+33.3,+42.7,+18.2,+18.1,+18.6,+18.5,+18.8,+18.8,+18.6
2023-08-07 13:27,3,+11.4,+16.3,+13.3,+19.1,+33.6,+42.7,+18.2,+18.1,+18.6,+18.5,+18.8,+19.0,+18.5
2023-08-07 14:27,3,+11.4,+15.8,+13.0,+19.0,+34.1,+42.8,+18.2,+18.1,+18.6,+18.3,+18.8,+18.8,+18.5
2023-08-07 15:27,3,+11.3,+15.6,+12.9,+18.7,+34.2,+42.9,+18.2,+18.1,+18.5,+18.5,+18.8,+18.8,+18.5
2023-08-07 16:27,3,+11.2,+15.4,+12.7,+18.8,+34.3,+43.0,+18.2,+18.1,+18.6,+18.5,+18.8,+18.8,+18.5
2023-08-07 17:27,3,+11.2,+15.3,+12.6,+18.6,+34.2,+43.0,+18.1,+18.1,+18.5,+18.5,+18.8,+18.8,+18.5
2023-08-07 18:27,3,+11.2,+15.1,+12.6,+18.5,+34.2,+43.0,+17.8,+18.1,+18.6,+18.5,+18.8,+18.8,+18.6
2023-08-07 19:27,3,+11.1,+15.0,+12.5,+18.5,+34.1,+43.0,+18.0,+18.1,+18.6,+18.5,+18.8,+18.8,+18.5
2023-08-07 20:27,3,+11.0,+14.9,+12.5,+18.6,+34.1,+43.0,+17.8,+18.0,+18.5,+18.3,+18.8,+18.8,+18.5
2023-08-07 21:27,3,+11.0,+14.8,+12.5,+18.4,+34.1,+43.0,+17.7,+18.0,+18.5,+18.3,+18.8,+18.8,+18.6
2023-08-07 22:27,3,+10.9,+14.7,+12.4,+18.5,+34.1,+43.0,+17.8,+18.0,+18.5,+18.5,+18.8,+18.8,+18.5
2023-08-07 23:27,3,+10.9,+14.6,+12.4,+18.3,+34.0,+43.0,+17.7,+17.8,+18.5,+18.3,+18.8,+18.8,+18.5
2023-08-08 00:27,3,+10.8,+14.6,+12.3,+18.4,+34.0,+43.0,+17.6,+17.8,+18.5,+18.3,+18.8,+18.8,+18.6
2023-08-08 01:27,3,+10.8,+14.5,+12.3,+18.3,+33.9,+43.0,+17.6,+17.8,+18.5,+18.3,+18.8,+18.8,+18.5
2023-08-08 02:27,3,+10.9,+14.5,+12.3,+18.3,+33.9,+43.0,+17.6,+17.7,+18.3,+18.3,+18.8,+18.8,+18.6
2023-08-08 03:27,3,+10.8,+14.5,+12.3,+18.3,+33.9,+43.0,+17.6,+17.7,+18.5,+18.3,+18.8,+19.0,+18.5
2023-08-08 04:27,3,+11.1,+14.4,+12.3,+18.4,+33.9,+43.0,+17.6,+17.7,+18.3,+18.3,+18.8,+18.8,+18.5
2023-08-08 05:27,3,+10.9,+14.3,+12.3,+18.3,+33.9,+43.0,+17.7,+17.7,+18.3,+18.3,+18.8,+18.8,+18.6
2023-08-08 06:27,3,+11.1,+14.3,+12.2,+18.2,+33.8,+43.0,+17.6,+17.7,+18.3,+18.3,+18.8,+18.8,+18.5
2023-08-08 07:27,3,+11.1,+14.3,+12.2,+18.2,+33.8,+43.0,+17.7,+17.6,+18.3,+18.2,+18.8,+18.8,+18.5
2023-08-08 08:27,3,+11.2,+14.3,+12.2,+18.3,+33.8,+43.0,+17.7,+17.6,+18.2,+18.3,+18.8,+18.8,+18.5
2023-08-08 09:27,3,+11.2,+14.2,+12.2,+18.2,+33.8,+43.0,+17.8,+17.7,+18.3,+18.3,+18.8,+18.8,+18.5
2023-08-08 10:27,3,+11.2,+14.2,+12.2,+18.1,+33.7,+43.0,+18.0,+17.7,+18.3,+18.3,+18.7,+18.8,+18.5
2023-08-08 11:27,3,+11.5,+14.1,+12.2,+18.2,+33.8,+43.0,+18.2,+17.7,+18.2,+18.2,+18.8,+18.8,+18.5
2023-08-08 12:27,3,+11.5,+14.1,+12.2,+18.2,+33.8,+43.0,+18.2,+17.7,+18.2,+18.3,+18.7,+18.8,+18.5
2023-08-08 13:27,3,+11.5,+14.1,+12.2,+18.2,+33.7,+43.0,+18.2,+17.8,+18.3,+18.2,+18.7,+18.8,+18.5
2023-08-08 14:27,3,+12.7,+14.1,+12.2,+18.1,+33.7,+43.0,+18.2,+17.8,+18.2,+18.2,+18.8,+18.7,+18.5
2023-08-08 15:27,3,+15.5,+14.6,+12.2,+18.2,+33.7,+43.0,+18.0,+17.8,+18.3,+18.2,+18.7,+18.8,+18.5
2023-08-08 16:27,3,+14.3,+15.1,+12.2,+18.2,+33.7,+43.0,+17.8,+17.8,+18.3,+18.2,+18.7,+18.7,+18.6
2023-08-08 17:27,3,+13.7,+15.3,+12.3,+18.2,+33.7,+43.0,+17.7,+17.8,+18.3,+18.2,+18.7,+18.8,+18.5
2023-08-08 18:27,3,+13.5,+15.4,+12.4,+18.2,+33.7,+43.0,+17.6,+17.7,+18.2,+18.2,+18.8,+18.8,+18.5
2023-08-08 19:27,3,+13.5,+15.4,+12.4,+18.2,+33.7,+43.0,+17.6,+17.7,+18.3,+18.2,+18.7,+18.8,+18.5
2023-08-08 20:27,3,+13.4,+15.3,+12.4,+18.2,+33.7,+43.0,+17.6,+17.7,+18.3,+18.2,+18.7,+18.7,+18.5
2023-08-08 21:27,3,+13.3,+15.2,+12.4,+18.3,+33.7,+43.0,+17.5,+17.7,+18.3,+18.2,+18.7,+18.7,+18.6
2023-08-08 22:27,3,+13.3,+15.1,+12.4,+18.3,+33.7,+43.0,+17.5,+17.7,+18.2,+18.2,+18.7,+18.7,+18.5
2023-08-08 23:27,3,+13.2,+15.1,+12.4,+18.3,+33.7,+43.1,+17.3,+17.6,+18.2,+18.2,+18.7,+18.8,+18.5
2023-08-09 00:27,3,+13.2,+15.0,+12.4,+18.3,+33.7,+43.1,+17.3,+17.6,+18.2,+18.2,+18.7,+18.7,+18.5
2023-08-09 01:27,3,+13.2,+15.0,+12.4,+18.2,+33.7,+43.1,+17.3,+17.5,+18.2,+18.2,+18.7,+18.7,+18.5
2023-08-09 02:27,3,+13.2,+14.9,+12.4,+18.2,+33.7,+43.0,+17.3,+17.5,+18.2,+18.2,+18.7,+18.8,+18.5
2023-08-09 03:27,3,+13.2,+14.9,+12.4,+18.3,+33.7,+43.1,+17.3,+17.5,+18.2,+18.2,+18.7,+18.7,+18.5
2023-08-09 04:27,3,+13.2,+14.8,+12.4,+18.1,+33.7,+43.0,+17.3,+17.5,+18.1,+18.2,+18.7,+18.7,+18.5
2023-08-09 05:27,3,+13.2,+14.8,+12.4,+18.2,+33.6,+43.0,+17.3,+17.5,+18.1,+18.2,+18.7,+18.7,+18.5
2023-08-09 06:27,3,+13.1,+14.7,+12.4,+18.3,+33.7,+43.1,+17.3,+17.5,+18.1,+18.2,+18.7,+18.7,+18.5
2023-08-09 07:27,3,+13.1,+14.7,+12.4,+18.3,+33.7,+43.1,+17.5,+17.5,+18.1,+18.2,+18.7,+18.7,+18.5
2023-08-09 08:27,3,+13.1,+14.6,+12.4,+18.2,+33.7,+43.1,+17.5,+17.5,+18.1,+18.1,+18.7,+18.7,+18.5
2023-08-09 09:27,3,+13.4,+14.6,+12.4,+18.1,+33.6,+43.1,+17.6,+17.5,+18.1,+18.1,+18.7,+18.7,+18.5
2023-08-09 10:27,3,+13.7,+14.6,+12.3,+18.1,+33.6,+43.1,+17.7,+17.5,+18.1,+18.1,+18.6,+18.7,+18.5
2023-08-09 11:27,3,+13.7,+14.5,+12.3,+18.2,+33.7,+43.1,+17.8,+17.5,+18.1,+18.1,+18.7,+18.7,+18.5
2023-08-09 12:27,3,+13.6,+14.5,+12.4,+18.2,+33.7,+43.1,+18.1,+17.6,+18.1,+18.1,+18.7,+18.7,+18.3
2023-08-09 13:27,3,+13.6,+14.5,+12.3,+18.1,+33.6,+43.1,+18.2,+17.6,+18.1,+18.1,+18.7,+18.7,+18.5
2023-08-09 14:27,3,+13.5,+14.4,+12.3,+18.1,+33.6,+43.1,+18.3,+17.7,+18.1,+18.1,+18.6,+18.7,+18.5
2023-08-09 15:27,3,+13.5,+14.4,+12.4,+18.1,+33.6,+43.1,+18.5,+17.8,+18.1,+18.1,+18.7,+18.7,+18.5
2023-08-09 16:27,3,+13.7,+14.4,+12.4,+18.1,+33.6,+43.1,+18.5,+17.8,+18.1,+18.1,+18.7,+18.7,+18.3
2023-08-09 17:27,3,+13.5,+14.4,+12.4,+18.2,+33.6,+43.1,+18.6,+18.0,+18.2,+18.1,+18.7,+18.7,+18.3
2023-08-09 18:27,3,+13.4,+14.3,+12.4,+18.2,+33.6,+43.1,+18.6,+18.0,+18.2,+18.1,+18.6,+18.7,+18.5
2023-08-09 19:27,3,+13.4,+14.3,+12.4,+18.2,+33.6,+43.1,+18.6,+18.1,+18.2,+18.1,+18.6,+18.6,+18.5
2023-08-09 20:27,3,+13.4,+14.3,+12.4,+18.1,+33.6,+43.1,+18.6,+18.2,+18.3,+18.1,+18.6,+18.6,+18.5
2023-08-09 21:27,3,+13.4,+14.3,+12.5,+18.6,+33.6,+43.1,+18.6,+18.1,+18.3,+18.1,+18.7,+18.6,+18.5
2023-08-09 22:27,3,+13.4,+14.3,+12.8,+19.4,+33.6,+43.1,+18.6,+18.2,+18.3,+18.1,+18.6,+18.7,+18.3
2023-08-09 23:27,3,+13.4,+14.3,+12.8,+20.0,+33.4,+43.1,+18.6,+18.2,+18.5,+18.2,+18.6,+18.7,+18.3
2023-08-10 00:27,3,+13.4,+14.2,+13.1,+20.5,+33.4,+43.1,+18.6,+18.2,+18.5,+18.2,+18.6,+18.7,+18.5
2023-08-10 01:27,3,+13.5,+14.2,+13.1,+21.0,+33.4,+43.1,+18.6,+18.2,+18.5,+18.2,+18.6,+18.6,+18.5
2023-08-10 02:27,3,+13.5,+14.2,+13.1,+21.2,+33.4,+43.1,+18.5,+18.2,+18.5,+18.2,+18.6,+18.7,+18.3
2023-08-10 03:27,3,+13.5,+14.2,+13.1,+21.4,+33.4,+43.3,+18.5,+18.2,+18.5,+18.2,+18.7,+18.6,+18.3
2023-08-10 04:27,3,+13.5,+14.2,+13.1,+21.6,+33.4,+43.3,+18.5,+18.2,+18.5,+18.2,+18.7,+18.6,+18.3
2023-08-10 05:27,3,+13.5,+14.1,+13.1,+21.7,+33.5,+43.3,+18.5,+18.2,+18.5,+18.2,+18.7,+18.6,+18.5
2023-08-10 06:27,3,+13.5,+14.1,+13.1,+21.7,+33.5,+43.4,+18.3,+18.2,+18.5,+18.2,+18.6,+18.6,+18.3
2023-08-10 07:27,3,+13.7,+14.1,+13.1,+21.6,+33.5,+43.4,+18.5,+18.2,+18.5,+18.2,+18.7,+18.7,+18.3
2023-08-10 08:27,3,+13.8,+14.1,+13.1,+21.8,+33.6,+43.4,+18.5,+18.2,+18.5,+18.2,+18.7,+18.7,+18.3
2023-08-10 09:27,3,+13.9,+14.1,+13.1,+21.6,+33.6,+43.3,+18.6,+18.2,+18.5,+18.2,+18.6,+18.7,+18.3
2023-08-10 10:27,3,+13.9,+14.1,+13.1,+21.7,+33.7,+43.3,+18.6,+18.2,+18.5,+18.2,+18.6,+18.6,+18.3
2023-08-10 11:27,3,+14.9,+14.1,+13.1,+21.6,+33.7,+43.2,+18.7,+18.2,+18.5,+18.2,+18.6,+18.7,+18.5
2023-08-10 12:27,3,+15.9,+14.1,+13.1,+21.6,+33.6,+43.2,+18.8,+18.2,+18.5,+18.2,+18.7,+18.7,+18.5
2023-08-10 13:27,3,+16.9,+14.0,+13.1,+21.8,+33.7,+43.3,+19.0,+18.3,+18.5,+18.3,+18.7,+18.7,+18.5
2023-08-10 14:27,3,+16.9,+14.0,+13.1,+21.7,+33.7,+43.2,+19.1,+18.3,+18.6,+18.2,+18.7,+18.6,+18.3
2023-08-10 15:27,3,+16.9,+14.0,+13.1,+21.8,+33.7,+43.3,+19.1,+18.5,+18.6,+18.3,+18.7,+18.7,+18.3
2023-08-10 16:27,3,+16.9,+14.0,+13.1,+21.6,+33.6,+43.2,+19.1,+18.5,+18.6,+18.3,+18.7,+18.7,+18.3
2023-08-10 17:27,3,+16.9,+13.9,+13.1,+21.7,+33.7,+43.2,+19.2,+18.6,+18.7,+18.3,+18.7,+18.7,+18.3
2023-08-10 18:27,3,+17.0,+13.9,+13.1,+21.6,+33.6,+43.2,+19.2,+18.6,+18.6,+18.3,+18.7,+18.7,+18.3
2023-08-10 19:27,3,+17.1,+13.9,+13.1,+21.7,+33.7,+43.2,+19.2,+18.7,+18.6,+18.3,+18.7,+18.7,+18.3
2023-08-10 20:27,3,+17.2,+13.9,+13.1,+21.7,+33.7,+43.2,+19.2,+18.7,+18.7,+18.3,+18.7,+18.7,+18.3
2023-08-10 21:27,3,+17.1,+13.9,+13.1,+21.6,+33.6,+43.2,+19.2,+18.7,+18.7,+18.3,+18.7,+18.7,+18.5
2023-08-10 22:27,3,+17.1,+13.9,+13.1,+21.6,+33.6,+43.2,+19.2,+18.7,+18.7,+18.3,+18.7,+18.7,+18.3
2023-08-10 23:27,3,+17.1,+13.9,+13.1,+21.6,+33.6,+43.2,+19.2,+18.7,+18.7,+18.3,+18.7,+18.7,+18.3
2023-08-11 00:27,3,+17.1,+13.9,+13.1,+21.6,+33.6,+43.2,+19.2,+18.7,+18.8,+18.3,+18.7,+18.7,+18.3
2023-08-11 01:27,3,+17.4,+13.9,+13.1,+21.7,+33.7,+43.3,+19.1,+18.7,+18.8,+18.5,+18.7,+18.7,+18.3
2023-08-11 02:27,3,+17.9,+13.9,+13.1,+21.7,+33.6,+43.3,+19.1,+18.7,+18.8,+18.3,+18.7,+18.7,+18.3
2023-08-11 03:27,3,+17.9,+13.9,+13.1,+21.6,+33.6,+43.2,+19.1,+18.7,+18.8,+18.5,+18.7,+18.7,+18.3
2023-08-11 04:27,3,+17.9,+13.9,+13.1,+21.6,+33.6,+43.2,+19.0,+18.7,+18.8,+18.5,+18.7,+18.7,+18.3
2023-08-11 05:27,3,+18.3,+13.9,+13.1,+21.7,+33.7,+43.3,+19.0,+18.7,+18.8,+18.5,+18.7,+18.7,+18.3
2023-08-11 06:27,3,+17.9,+13.9,+13.1,+21.6,+33.6,+43.3,+19.0,+18.7,+18.8,+18.5,+18.7,+18.7,+18.3
2023-08-11 07:27,3,+17.5,+13.9,+13.1,+21.6,+33.6,+43.3,+18.8,+18.7,+18.8,+18.5,+18.7,+18.8,+18.3
2023-08-11 08:27,3,+17.4,+13.9,+13.1,+21.8,+33.7,+43.3,+18.8,+18.6,+18.8,+18.5,+18.8,+18.7,+18.5
2023-08-11 09:27,3,+17.5,+13.9,+13.1,+21.7,+33.7,+43.3,+18.8,+18.6,+18.8,+18.5,+18.7,+18.7,+18.3
2023-08-11 10:27,3,+17.5,+13.9,+13.1,+21.6,+33.6,+43.3,+19.0,+18.6,+18.8,+18.5,+18.7,+18.7,+18.3
2023-08-11 11:27,3,+17.5,+13.9,+13.1,+21.6,+33.6,+43.3,+19.0,+18.6,+18.8,+18.5,+18.7,+18.7,+18.3
2023-08-11 12:27,3,+17.4,+13.8,+13.1,+21.7,+33.7,+43.3,+19.0,+18.6,+18.8,+18.5,+18.8,+18.7,+18.5
2023-08-11 13:27,3,+17.4,+13.8,+13.1,+21.6,+33.6,+43.3,+19.1,+18.6,+18.8,+18.5,+18.8,+18.8,+18.5
2023-08-11 14:27,3,+17.4,+13.8,+13.1,+21.6,+33.6,+43.3,+19.2,+18.7,+18.8,+18.5,+18.8,+18.7,+18.3
2023-08-11 15:27,3,+17.4,+13.8,+13.1,+21.7,+33.7,+43.3,+19.2,+18.7,+18.8,+18.6,+18.8,+18.7,+18.5
2023-08-11 16:27,3,+17.4,+13.8,+13.1,+21.7,+33.6,+43.3,+19.3,+18.7,+18.8,+18.5,+18.7,+18.7,+18.3
2023-08-11 17:27,3,+17.4,+13.8,+13.1,+21.7,+33.6,+43.3,+19.3,+18.8,+19.0,+18.5,+18.8,+18.7,+18.5
2023-08-11 18:27,3,+30.1,+22.8,+14.4,+21.7,+33.7,+43.4,+19.5,+19.0,+19.0,+18.5,+18.7,+18.8,+18.5
2023-08-11 19:27,3,+23.3,+18.8,+15.7,+22.5,+33.6,+43.3,+19.5,+19.0,+19.1,+18.6,+18.8,+18.7,+18.3
2023-08-11 20:27,3,+21.7,+17.9,+15.2,+22.7,+33.7,+43.3,+19.3,+19.0,+19.1,+18.6,+18.8,+18.8,+18.5
2023-08-11 21:27,3,+21.2,+17.5,+15.0,+22.9,+33.9,+43.3,+19.3,+18.8,+19.1,+18.6,+18.8,+18.8,+18.5
2023-08-11 22:27,3,+21.1,+17.2,+14.8,+22.9,+34.0,+43.3,+19.2,+19.0,+19.1,+18.6,+18.8,+18.8,+18.5
2023-08-11 23:27,3,+20.9,+17.0,+14.7,+22.8,+34.2,+43.3,+19.1,+19.0,+19.1,+18.6,+18.8,+18.8,+18.5
2023-08-12 00:27,3,+20.8,+16.8,+14.7,+22.9,+34.3,+43.4,+19.0,+19.0,+19.0,+18.6,+18.8,+18.8,+18.5
2023-08-12 01:27,3,+20.7,+16.7,+14.6,+22.9,+34.4,+43.5,+18.7,+18.8,+19.1,+18.6,+18.8,+18.8,+18.5
2023-08-12 02:27,3,+20.5,+16.6,+14.5,+22.7,+34.4,+43.5,+18.6,+18.7,+19.1,+18.6,+18.8,+18.8,+18.5
2023-08-12 03:27,3,+20.5,+16.5,+14.4,+22.7,+34.4,+43.5,+18.5,+18.7,+19.0,+18.6,+18.8,+18.8,+18.5
2023-08-12 04:27,3,+20.4,+16.4,+14.4,+22.7,+34.4,+43.5,+18.5,+18.6,+19.0,+18.6,+19.0,+18.8,+18.3
2023-08-12 05:27,3,+20.4,+16.3,+14.4,+22.7,+34.4,+43.5,+18.5,+18.5,+19.0,+18.6,+18.8,+18.8,+18.5
2023-08-12 06:27,3,+20.3,+16.2,+14.4,+22.7,+34.4,+43.6,+18.3,+18.5,+19.0,+18.6,+18.8,+18.8,+18.5
2023-08-12 07:27,3,+20.2,+16.2,+14.3,+22.6,+34.4,+43.6,+18.3,+18.5,+18.8,+18.6,+18.8,+18.8,+18.5
2023-08-12 08:27,3,+20.1,+16.1,+14.3,+22.6,+34.4,+43.6,+18.3,+18.3,+18.8,+18.6,+18.8,+18.8,+18.5
2023-08-12 09:27,3,+20.1,+16.0,+14.2,+22.6,+34.4,+43.6,+18.3,+18.3,+18.8,+18.6,+18.8,+18.8,+18.5
2023-08-12 10:27,3,+20.0,+16.0,+14.2,+22.7,+34.4,+43.6,+18.3,+18.3,+18.7,+18.6,+19.0,+18.8,+18.5
2023-08-12 11:27,3,+19.9,+15.9,+14.2,+22.6,+34.4,+43.6,+18.5,+18.3,+18.7,+18.6,+19.0,+18.8,+18.5
2023-08-12 12:27,3,+19.8,+15.8,+14.1,+22.6,+34.4,+43.6,+18.5,+18.2,+18.7,+18.6,+18.8,+18.8,+18.5
2023-08-12 13:27,3,+19.8,+15.8,+14.1,+22.5,+34.4,+43.6,+18.6,+18.3,+18.7,+18.6,+18.8,+18.8,+18.5
2023-08-12 14:27,3,+19.9,+15.8,+14.1,+22.5,+34.4,+43.6,+18.7,+18.2,+18.7,+18.5,+18.8,+18.8,+18.5
2023-08-12 15:27,3,+20.0,+15.7,+14.1,+22.4,+34.3,+43.6,+18.7,+18.3,+18.7,+18.5,+19.0,+18.8,+18.5
2023-08-12 16:27,3,+20.0,+15.7,+14.1,+22.4,+34.3,+43.6,+18.8,+18.3,+18.7,+18.5,+19.0,+18.8,+18.5
2023-08-12 17:27,3,+20.0,+15.6,+14.1,+22.4,+34.3,+43.6,+18.8,+18.5,+18.7,+18.5,+19.0,+18.8,+18.5
2023-08-12 18:27,3,+20.0,+15.6,+14.0,+22.5,+34.3,+43.6,+18.8,+18.3,+18.7,+18.5,+18.8,+18.8,+18.5
2023-08-12 19:27,3,+19.9,+15.6,+14.0,+22.4,+34.3,+43.6,+18.8,+18.5,+18.7,+18.5,+18.8,+18.8,+18.5
2023-08-12 20:27,3,+19.9,+15.5,+14.0,+22.5,+34.3,+43.6,+18.7,+18.5,+18.7,+18.6,+19.0,+18.8,+18.5
2023-08-12 21:27,3,+19.9,+15.5,+14.0,+22.3,+34.3,+43.6,+18.7,+18.5,+18.8,+18.5,+19.0,+18.8,+18.5
2023-08-12 22:27,3,+19.9,+15.5,+14.0,+22.3,+34.3,+43.6,+18.7,+18.5,+18.8,+18.5,+18.8,+18.8,+18.5
2023-08-12 23:27,3,+19.8,+15.5,+14.0,+22.3,+34.2,+43.6,+18.7,+18.6,+18.7,+18.5,+18.8,+18.8,+18.5
2023-08-13 00:27,3,+19.8,+15.4,+14.0,+22.4,+34.3,+43.6,+18.7,+18.5,+18.8,+18.5,+18.8,+18.8,+18.5
2023-08-13 01:27,3,+19.9,+15.4,+14.0,+22.4,+34.3,+43.6,+18.6,+18.5,+18.7,+18.6,+19.0,+19.0,+18.5
2023-08-13 02:27,3,+19.9,+15.4,+14.0,+22.3,+34.2,+43.6,+18.6,+18.5,+18.7,+18.5,+19.0,+18.8,+18.5
2023-08-13 03:27,3,+19.9,+15.4,+14.0,+22.3,+34.2,+43.6,+18.7,+18.5,+18.8,+18.5,+18.8,+18.8,+18.5
2023-08-13 04:27,3,+19.9,+15.3,+14.0,+22.3,+34.2,+43.6,+18.7,+18.5,+18.8,+18.6,+18.8,+18.8,+18.5
2023-08-13 05:27,3,+19.9,+15.3,+14.0,+22.3,+34.2,+43.6,+18.6,+18.5,+18.7,+18.5,+18.8,+19.0,+18.5
2023-08-13 06:27,3,+19.9,+15.3,+14.0,+22.4,+34.3,+43.6,+18.6,+18.5,+18.7,+18.5,+19.0,+18.8,+18.5
2023-08-13 07:27,3,+19.9,+15.3,+14.0,+22.2,+34.2,+43.6,+18.6,+18.3,+18.7,+18.5,+18.8,+18.8,+18.6
2023-08-13 08:27,3,+19.9,+15.3,+13.9,+22.4,+34.2,+43.6,+18.6,+18.5,+18.7,+18.5,+18.8,+18.8,+18.5
2023-08-13 09:27,3,+19.9,+15.3,+13.9,+22.2,+34.2,+43.6,+18.7,+18.3,+18.7,+18.5,+18.8,+18.8,+18.6
2023-08-13 10:27,3,+19.9,+15.2,+13.9,+22.4,+34.2,+43.6,+18.7,+18.3,+18.7,+18.5,+18.8,+18.8,+18.5
2023-08-13 11:27,3,+19.9,+15.2,+13.9,+22.3,+34.2,+43.6,+18.7,+18.3,+18.7,+18.5,+18.8,+18.8,+18.5
2023-08-13 12:27,3,+19.9,+15.2,+13.9,+22.3,+34.2,+43.6,+18.8,+18.3,+18.7,+18.5,+18.8,+18.8,+18.5
2023-08-13 13:27,3,+20.5,+15.2,+13.9,+22.3,+34.2,+43.7,+18.8,+18.5,+18.7,+18.5,+18.8,+19.0,+18.5
2023-08-13 14:27,3,+32.9,+26.8,+23.3,+29.4,+34.3,+43.8,+18.8,+18.5,+18.8,+18.5,+18.8,+18.8,+18.5
2023-08-13 15:27,3,+33.7,+27.2,+23.1,+34.7,+43.0,+46.7,+18.3,+18.2,+18.5,+18.2,+18.7,+18.6,+18.3
2023-08-13 16:27,3,+33.9,+22.8,+17.5,+26.9,+41.2,+46.1,+18.2,+18.2,+18.6,+18.2,+18.7,+18.7,+18.5
2023-08-13 17:27,3,+28.3,+21.3,+16.7,+25.7,+40.2,+45.6,+18.3,+18.2,+18.6,+18.3,+18.7,+18.7,+18.5
2023-08-13 18:27,3,+25.3,+20.6,+16.3,+25.2,+39.0,+45.0,+18.3,+18.2,+18.6,+18.3,+18.7,+18.8,+18.5
2023-08-13 19:27,3,+24.6,+20.2,+16.1,+25.0,+38.7,+44.9,+18.3,+18.2,+18.6,+18.5,+18.7,+18.7,+18.5
2023-08-13 20:27,3,+24.2,+19.9,+15.9,+24.8,+38.5,+44.8,+18.2,+18.2,+18.6,+18.3,+18.8,+18.7,+18.5
2023-08-13 21:27,3,+24.0,+19.7,+15.8,+24.7,+38.4,+44.8,+18.2,+18.2,+18.6,+18.3,+18.7,+18.7,+18.5
2023-08-13 22:27,3,+23.8,+19.5,+15.7,+24.4,+38.2,+44.7,+18.2,+18.2,+18.6,+18.5,+18.8,+18.8,+18.5
2023-08-13 23:27,3,+23.8,+19.4,+15.6,+24.5,+38.1,+44.7,+18.3,+18.2,+18.6,+18.5,+18.8,+18.7,+18.5
2023-08-14 00:27,3,+23.4,+19.3,+15.6,+24.4,+38.0,+44.7,+18.3,+18.2,+18.6,+18.5,+18.7,+18.8,+18.5
2023-08-14 01:27,3,+23.3,+19.2,+15.5,+24.3,+38.0,+44.6,+18.3,+18.2,+18.6,+18.5,+18.8,+18.8,+18.5
2023-08-14 02:27,3,+23.2,+19.1,+15.4,+24.1,+37.8,+44.6,+18.2,+18.2,+18.6,+18.5,+18.8,+18.8,+18.5
2023-08-14 03:27,3,+23.2,+19.0,+15.4,+24.1,+37.8,+44.6,+18.3,+18.2,+18.6,+18.5,+18.8,+18.8,+18.5
2023-08-14 04:27,3,+23.2,+19.0,+15.3,+24.0,+37.8,+44.6,+18.2,+18.2,+18.6,+18.3,+18.8,+18.8,+18.5
2023-08-14 05:27,3,+23.1,+18.9,+15.3,+24.0,+37.7,+44.6,+18.2,+18.2,+18.6,+18.5,+18.8,+18.8,+18.5
2023-08-14 06:27,3,+23.0,+18.8,+15.3,+24.0,+37.6,+44.6,+18.2,+18.1,+18.6,+18.3,+18.8,+18.7,+18.5
2023-08-14 07:27,3,+22.9,+18.8,+15.3,+23.9,+37.6,+44.5,+18.2,+18.1,+18.6,+18.3,+18.8,+18.8,+18.5
2023-08-14 08:27,3,+22.9,+18.7,+15.2,+24.0,+37.6,+44.6,+18.2,+18.1,+18.5,+18.3,+18.8,+18.7,+18.5
2023-08-14 09:27,3,+22.9,+18.7,+15.2,+24.0,+37.6,+44.6,+18.3,+18.1,+18.6,+18.3,+18.8,+18.8,+18.5
2023-08-14 10:27,3,+22.8,+18.6,+15.2,+23.9,+37.5,+44.6,+18.3,+18.1,+18.5,+18.5,+18.7,+18.8,+18.5
2023-08-14 11:27,3,+22.7,+18.6,+15.2,+23.9,+37.5,+44.5,+18.5,+18.1,+18.6,+18.3,+18.8,+18.8,+18.5
2023-08-14 12:27,3,+22.7,+18.5,+15.1,+23.8,+37.4,+44.5,+18.5,+18.1,+18.5,+18.3,+18.8,+18.8,+18.5
2023-08-14 13:27,3,+22.6,+18.4,+15.1,+23.7,+37.4,+44.5,+18.6,+18.2,+18.5,+18.3,+18.8,+18.8,+18.5
2023-08-14 14:27,3,+22.6,+18.4,+15.1,+23.8,+37.4,+44.5,+18.7,+18.2,+18.6,+18.5,+18.8,+18.8,+18.5
2023-08-14 15:27,3,+35.4,+29.7,+16.5,+23.7,+37.3,+44.6,+18.5,+18.2,+18.5,+18.3,+18.7,+18.8,+18.5
2023-08-14 16:27,3,+33.4,+26.7,+20.0,+26.0,+37.6,+44.6,+18.1,+18.0,+18.3,+18.1,+18.7,+18.7,+18.5
2023-08-14 17:27,3,+36.2,+30.7,+18.6,+25.6,+38.6,+44.9,+18.0,+18.0,+18.3,+18.2,+18.7,+18.7,+18.5
2023-08-14 18:27,3,+30.2,+22.6,+17.4,+25.7,+39.0,+45.0,+18.0,+18.0,+18.5,+18.2,+18.7,+18.7,+18.5
2023-08-14 19:27,3,+35.4,+27.8,+17.1,+25.4,+38.8,+45.1,+17.7,+18.0,+18.5,+18.2,+18.7,+18.7,+18.5
2023-08-14 20:27,3,+29.6,+22.7,+17.3,+25.5,+38.9,+45.1,+17.8,+17.8,+18.3,+18.2,+18.7,+18.7,+18.5
2023-08-14 21:27,3,+27.6,+21.5,+16.8,+25.3,+38.8,+45.1,+17.8,+18.0,+18.3,+18.2,+18.7,+18.7,+18.5
2023-08-14 22:27,3,+26.7,+21.1,+16.5,+25.1,+38.6,+45.0,+17.8,+17.8,+18.3,+18.3,+18.7,+18.7,+18.5
2023-08-14 23:27,3,+26.2,+20.8,+16.3,+24.8,+38.5,+44.9,+17.8,+17.8,+18.3,+18.2,+18.7,+18.7,+18.5
2023-08-15 00:27,3,+25.8,+20.5,+16.1,+24.7,+38.3,+44.9,+17.7,+17.8,+18.3,+18.2,+18.7,+18.7,+18.5
2023-08-15 01:27,3,+25.5,+20.4,+16.0,+24.6,+38.3,+44.9,+17.7,+17.8,+18.3,+18.2,+18.7,+18.7,+18.5
2023-08-15 02:27,3,+25.4,+20.2,+15.9,+24.6,+38.2,+44.9,+17.7,+17.8,+18.3,+18.2,+18.7,+18.7,+18.5
2023-08-15 03:27,3,+25.2,+20.1,+15.8,+24.6,+38.1,+44.8,+17.7,+17.7,+18.3,+18.2,+18.7,+18.7,+18.5
2023-08-15 04:27,3,+24.7,+19.9,+15.8,+24.5,+38.1,+44.8,+17.7,+17.7,+18.3,+18.2,+18.7,+18.7,+18.3
2023-08-15 05:27,3,+24.6,+19.8,+15.7,+24.3,+38.0,+44.8,+17.6,+17.7,+18.2,+18.2,+18.7,+18.7,+18.3
2023-08-15 06:27,3,+24.5,+19.7,+15.6,+24.2,+37.9,+44.7,+17.6,+17.7,+18.3,+18.2,+18.7,+18.7,+18.5
2023-08-15 07:27,3,+24.4,+19.6,+15.6,+24.3,+37.9,+44.7,+17.6,+17.7,+18.2,+18.2,+18.7,+18.7,+18.3
2023-08-15 08:27,3,+24.2,+19.5,+15.6,+24.3,+37.8,+44.7,+17.7,+17.7,+18.2,+18.2,+18.7,+18.7,+18.3
2023-08-15 09:27,3,+24.1,+19.5,+15.5,+24.2,+37.8,+44.7,+17.8,+17.7,+18.2,+18.2,+18.7,+18.7,+18.3
2023-08-15 10:27,3,+24.0,+19.4,+15.5,+24.1,+37.7,+44.7,+17.8,+17.7,+18.2,+18.2,+18.7,+18.7,+18.3
2023-08-15 11:27,3,+24.0,+19.3,+15.4,+24.1,+37.7,+44.7,+18.0,+17.7,+18.2,+18.1,+18.7,+18.7,+18.3
2023-08-15 12:27,3,+23.8,+19.2,+15.4,+24.0,+37.6,+44.7,+18.1,+17.7,+18.2,+18.2,+18.6,+18.7,+18.3
2023-08-15 13:27,3,+23.6,+19.2,+15.3,+24.1,+37.6,+44.7,+18.2,+17.8,+18.2,+18.2,+18.6,+18.7,+18.3
2023-08-15 14:27,3,+23.5,+19.1,+15.3,+24.0,+37.6,+44.6,+18.3,+17.8,+18.2,+18.2,+18.7,+18.7,+18.5
2023-08-15 15:27,3,+23.4,+19.1,+15.3,+23.9,+37.5,+44.6,+18.3,+18.0,+18.2,+18.2,+18.6,+18.7,+18.3
2023-08-15 16:27,3,+23.4,+19.0,+15.3,+23.9,+37.5,+44.6,+18.3,+18.0,+18.3,+18.2,+18.6,+18.7,+18.3
2023-08-15 17:27,3,+23.4,+19.0,+15.3,+23.8,+37.5,+44.6,+18.3,+18.0,+18.3,+18.1,+18.6,+18.7,+18.5
2023-08-15 18:27,3,+23.4,+18.9,+15.2,+23.9,+37.5,+44.6,+18.2,+18.0,+18.3,+18.2,+18.6,+18.6,+18.3
2023-08-15 19:27,3,+23.4,+18.9,+15.2,+23.8,+37.4,+44.6,+18.0,+18.0,+18.3,+18.2,+18.7,+18.7,+18.5
2023-08-15 20:27,3,+23.4,+18.8,+15.2,+23.9,+37.4,+44.6,+17.8,+18.0,+18.3,+18.2,+18.6,+18.7,+18.3
2023-08-15 21:27,3,+23.3,+18.8,+15.2,+23.8,+37.4,+44.6,+17.7,+17.8,+18.3,+18.2,+18.6,+18.6,+18.3
2023-08-15 22:27,3,+23.3,+18.8,+15.2,+23.7,+37.3,+44.6,+17.7,+17.8,+18.3,+18.2,+18.6,+18.6,+18.3
2023-08-15 23:27,3,+23.2,+18.7,+15.2,+23.7,+37.3,+44.6,+17.6,+17.7,+18.3,+18.2,+18.6,+18.7,+18.3
2023-08-16 00:27,3,+23.4,+18.7,+15.1,+23.8,+37.3,+44.6,+17.6,+17.7,+18.3,+18.2,+18.6,+18.6,+18.3
2023-08-16 01:27,3,+23.4,+18.6,+15.1,+23.7,+37.3,+44.6,+17.6,+17.6,+18.3,+18.2,+18.6,+18.7,+18.3
2023-08-16 02:27,3,+23.4,+18.6,+15.1,+23.8,+37.3,+44.6,+17.6,+17.6,+18.2,+18.2,+18.7,+18.7,+18.3
2023-08-16 03:27,3,+23.4,+18.6,+15.1,+23.6,+37.3,+44.6,+17.6,+17.6,+18.2,+18.2,+18.6,+18.6,+18.3
2023-08-16 04:27,3,+23.4,+18.5,+15.1,+23.8,+37.3,+44.6,+17.6,+17.6,+18.2,+18.2,+18.7,+18.6,+18.3
2023-08-16 05:27,3,+23.4,+18.5,+15.1,+23.7,+37.3,+44.6,+17.6,+17.6,+18.1,+18.2,+18.7,+18.7,+18.3
2023-08-16 06:27,3,+23.4,+18.5,+15.0,+23.6,+37.2,+44.6,+17.6,+17.6,+18.2,+18.1,+18.6,+18.6,+18.3
2023-08-16 07:27,3,+23.4,+18.5,+15.0,+23.6,+37.2,+44.6,+17.6,+17.6,+18.1,+18.1,+18.6,+18.6,+18.3
2023-08-16 08:27,3,+23.4,+18.4,+15.0,+23.6,+37.1,+44.6,+17.7,+17.6,+18.1,+18.1,+18.7,+18.6,+18.3
2023-08-16 09:27,3,+23.4,+18.4,+15.0,+23.7,+37.2,+44.6,+17.7,+17.6,+18.1,+18.1,+18.6,+18.6,+18.3
2023-08-16 10:27,3,+23.4,+18.4,+15.0,+23.6,+37.1,+44.6,+17.7,+17.6,+18.1,+18.1,+18.7,+18.7,+18.3