
2023-01-24 09:54,4,+66.0,+60.9,+73.0,+73.0,+71.8,+71.9,+18.5,+18.7,+18.7,+18.8,+18.7,+19.1,+18.7
2023-01-24 10:54,4,+66.0,+60.8,+73.0,+73.0,+71.9,+71.9,+18.7,+18.7,+18.7,+18.8,+18.7,+19.1,+18.7
2023-01-24 11:54,4,+65.9,+60.8,+73.0,+73.1,+72.0,+72.0,+19.0,+18.7,+18.7,+18.8,+18.7,+19.1,+18.7
2023-01-24 12:54,4,+65.9,+60.8,+73.1,+73.1,+72.0,+72.0,+19.2,+18.8,+18.7,+18.7,+18.7,+19.2,+18.7
2023-01-24 13:54,4,+65.9,+60.7,+73.0,+73.0,+71.9,+71.9,+19.3,+19.0,+18.7,+18.8,+18.7,+19.2,+18.7
2023-01-24 14:54,4,+65.8,+60.7,+73.0,+73.0,+71.9,+71.9,+19.6,+19.1,+18.7,+18.8,+18.7,+19.1,+18.7
2023-01-24 15:54,4,+65.8,+60.7,+73.0,+73.0,+71.8,+71.9,+19.6,+19.2,+18.7,+18.8,+18.7,+19.1,+18.7
2023-01-24 16:54,4,+65.8,+60.7,+73.0,+73.0,+71.8,+71.9,+19.6,+19.2,+18.8,+18.8,+18.7,+19.2,+18.7
2023-01-24 17:54,4,+65.8,+60.7,+73.0,+73.0,+71.8,+71.8,+19.5,+19.2,+19.0,+18.7,+18.7,+19.1,+18.7
2023-01-24 18:54,4,+65.8,+60.7,+72.9,+73.0,+71.8,+71.8,+19.3,+19.2,+19.0,+18.7,+18.7,+19.1,+18.7
2023-01-24 19:54,4,+65.9,+60.7,+72.9,+73.0,+71.8,+71.8,+19.2,+19.3,+19.0,+18.8,+18.7,+19.1,+18.7
2023-01-24 20:54,4,+66.2,+60.7,+72.9,+73.0,+71.8,+71.8,+19.1,+19.2,+19.0,+18.8,+18.7,+19.1,+18.7
2023-01-24 21:54,4,+66.4,+60.7,+72.9,+73.0,+71.8,+71.8,+19.0,+19.2,+19.0,+18.8,+18.7,+19.1,+18.7
2023-01-24 22:54,4,+66.5,+60.7,+72.9,+73.0,+71.8,+71.8,+19.0,+19.2,+19.1,+18.8,+18.7,+19.1,+18.7
2023-01-24 23:54,4,+66.6,+60.8,+72.9,+73.0,+71.8,+71.8,+19.0,+19.2,+19.0,+18.8,+18.7,+19.1,+18.7
2023-01-25 00:54,4,+66.6,+60.8,+72.9,+73.0,+71.8,+71.8,+18.8,+19.1,+19.0,+18.8,+18.7,+19.2,+18.7
2023-01-25 01:54,4,+66.5,+60.8,+72.9,+73.0,+71.8,+71.8,+18.8,+19.1,+19.0,+19.0,+18.7,+19.2,+18.7
2023-01-25 02:54,4,+66.5,+60.8,+72.9,+73.0,+71.8,+71.8,+18.8,+19.1,+19.0,+18.8,+18.7,+19.1,+18.7
2023-01-25 03:54,4,+66.4,+60.8,+72.9,+73.0,+71.8,+71.8,+18.7,+19.1,+19.0,+19.0,+19.0,+19.2,+18.7
2023-01-25 04:54,4,+66.3,+60.8,+73.0,+73.0,+71.8,+71.8,+18.6,+19.1,+19.0,+18.8,+18.7,+19.2,+18.7
2023-01-25 05:54,4,+66.3,+60.8,+72.9,+73.0,+71.8,+71.9,+18.6,+19.0,+19.0,+18.8,+18.7,+19.2,+18.7
2023-01-25 06:54,4,+66.2,+60.7,+72.9,+73.0,+71.8,+71.9,+18.6,+19.0,+18.8,+19.0,+18.7,+19.2,+18.7
2023-01-25 07:54,4,+66.1,+60.7,+73.0,+73.0,+71.8,+71.9,+18.6,+19.0,+19.0,+18.8,+18.7,+19.2,+18.7
2023-01-25 08:54,4,+66.1,+60.6,+73.0,+73.0,+71.8,+71.9,+18.6,+19.0,+19.0,+18.8,+18.7,+19.2,+18.7
2023-01-25 09:54,4,+66.0,+60.6,+73.0,+73.0,+71.8,+71.9,+18.8,+19.0,+18.8,+18.8,+18.7,+19.1,+18.7
2023-01-25 10:54,4,+66.0,+60.6,+73.0,+73.0,+71.9,+71.9,+19.1,+19.0,+18.8,+19.0,+18.7,+19.1,+18.7
2023-01-25 11:54,4,+65.9,+60.5,+73.0,+73.0,+71.9,+72.0,+19.3,+19.1,+19.0,+18.8,+18.7,+19.2,+18.7
2023-01-25 12:54,4,+65.9,+60.5,+73.0,+73.0,+71.9,+72.0,+19.5,+19.1,+19.0,+18.8,+18.7,+19.2,+18.7
2023-01-25 13:54,4,+66.0,+60.5,+73.0,+73.0,+71.8,+71.9,+19.6,+19.1,+19.0,+19.0,+18.7,+19.2,+18.7
2023-01-25 14:54,4,+66.0,+60.5,+73.0,+73.0,+71.8,+71.9,+19.5,+19.3,+19.0,+19.0,+18.7,+19.2,+18.7
2023-01-25 15:54,4,+68.9,+63.2,+73.0,+73.0,+71.8,+71.9,+19.5,+19.3,+19.0,+18.8,+19.0,+19.2,+18.7
2023-01-25 16:54,4,+69.9,+61.2,+73.0,+73.0,+71.8,+71.9,+19.5,+19.3,+19.1,+18.8,+18.7,+19.2,+18.7
2023-01-25 17:54,4,+68.6,+62.5,+73.0,+73.0,+71.8,+71.8,+19.5,+19.3,+19.1,+19.0,+18.7,+19.2,+18.7
2023-01-25 18:54,4,+69.5,+63.8,+73.0,+73.0,+71.8,+71.8,+19.2,+19.5,+19.1,+19.0,+19.0,+19.2,+18.7
2023-01-25 19:54,4,+70.5,+74.2,+72.9,+73.0,+71.8,+71.8,+19.2,+19.3,+19.1,+19.0,+19.0,+19.2,+18.7
2023-01-25 20:54,4,+69.2,+74.2,+73.0,+73.0,+71.8,+71.8,+19.2,+19.3,+19.1,+19.0,+18.7,+19.2,+18.7
2023-01-25 21:54,4,+68.9,+74.2,+73.0,+73.0,+71.8,+71.8,+19.2,+19.3,+19.1,+19.0,+19.0,+19.2,+18.7
2023-01-25 22:54,4,+70.4,+74.2,+73.0,+73.0,+71.8,+71.8,+19.1,+19.3,+19.1,+19.0,+19.0,+19.2,+18.7
2023-01-25 23:54,4,+74.1,+74.2,+73.0,+73.0,+71.8,+71.8,+19.0,+19.3,+19.2,+19.0,+19.0,+19.2,+18.7
2023-01-26 00:54,4,+74.1,+74.2,+72.9,+73.0,+71.8,+71.8,+19.1,+19.2,+19.1,+19.0,+19.0,+19.2,+18.7
2023-01-26 01:54,4,+74.1,+74.1,+72.9,+73.0,+71.8,+71.8,+19.0,+19.2,+19.1,+19.0,+19.0,+19.2,+18.7
2023-01-26 02:54,4,+73.9,+74.1,+72.9,+73.0,+71.8,+71.8,+19.0,+19.2,+19.1,+19.0,+19.0,+19.2,+18.7
2023-01-26 03:54,4,+72.6,+74.1,+72.9,+73.0,+71.5,+71.8,+18.7,+19.2,+19.1,+19.0,+19.0,+19.2,+18.7
2023-01-26 04:54,4,+71.3,+74.1,+72.9,+73.0,+71.5,+71.8,+18.8,+19.2,+19.1,+19.0,+19.0,+19.2,+18.7
2023-01-26 05:54,4,+70.2,+74.1,+72.9,+72.9,+71.5,+71.8,+18.7,+19.1,+19.0,+19.0,+19.0,+19.2,+18.7
2023-01-26 06:54,4,+69.3,+74.1,+72.9,+73.0,+71.5,+71.8,+18.6,+19.1,+19.1,+19.0,+19.0,+19.2,+18.7
2023-01-26 07:54,4,+68.8,+74.1,+72.9,+73.0,+71.5,+71.8,+18.5,+19.1,+19.0,+19.0,+19.0,+19.2,+19.0
2023-01-26 08:54,4,+68.6,+74.1,+72.9,+73.0,+71.5,+71.8,+18.5,+19.0,+19.0,+19.1,+19.0,+19.2,+19.0
2023-01-26 09:54,4,+68.5,+74.1,+73.0,+73.0,+71.8,+71.8,+18.5,+19.0,+19.0,+19.0,+19.0,+19.2,+18.7
2023-01-26 10:54,4,+68.4,+74.2,+73.0,+73.0,+71.8,+71.8,+18.6,+19.0,+19.0,+19.0,+19.0,+19.2,+18.7
2023-01-26 11:54,4,+68.2,+74.1,+72.9,+73.0,+71.8,+71.8,+18.6,+19.0,+19.0,+19.0,+19.0,+19.2,+18.7
2023-01-26 12:54,4,+68.6,+74.1,+73.0,+73.0,+71.8,+71.8,+18.6,+18.8,+19.0,+19.0,+19.0,+19.2,+18.7
2023-01-26 13:54,4,+70.9,+74.2,+73.0,+73.0,+71.8,+71.8,+18.7,+19.0,+18.8,+19.0,+19.0,+19.2,+19.0
2023-01-26 14:54,4,+71.4,+74.2,+73.0,+73.0,+71.8,+71.8,+18.8,+19.0,+19.0,+19.0,+19.0,+19.2,+19.0
2023-01-26 15:54,4,+70.4,+74.1,+73.0,+73.0,+71.8,+71.8,+18.7,+19.0,+19.0,+19.0,+19.0,+19.2,+19.0
2023-01-26 16:54,4,+69.8,+74.1,+72.9,+73.0,+71.8,+71.8,+18.7,+19.1,+18.8,+19.0,+19.0,+19.2,+19.0
2023-01-26 17:54,4,+69.3,+74.1,+72.9,+73.0,+71.5,+71.8,+18.7,+19.0,+19.0,+19.0,+19.0,+19.2,+19.0
2023-01-26 18:54,4,+69.0,+74.1,+72.9,+73.0,+71.5,+71.8,+18.6,+19.0,+18.8,+19.0,+19.0,+19.2,+19.0
2023-01-26 19:54,4,+68.7,+74.1,+72.9,+72.9,+71.5,+71.8,+18.5,+18.8,+19.0,+19.0,+19.0,+19.2,+18.7
2023-01-26 20:54,4,+68.8,+74.1,+72.9,+73.0,+71.5,+71.8,+18.5,+18.8,+18.8,+18.8,+19.0,+19.2,+18.7
2023-01-26 21:54,4,+68.9,+74.1,+73.0,+73.0,+71.5,+71.8,+18.3,+18.8,+19.0,+19.0,+19.0,+19.2,+19.0
2023-01-26 22:54,4,+69.2,+74.1,+72.9,+73.0,+71.5,+71.8,+18.3,+18.8,+19.0,+19.0,+19.0,+19.2,+19.0
2023-01-26 23:54,4,+69.2,+74.1,+72.9,+73.0,+71.8,+71.8,+18.3,+18.8,+18.8,+19.0,+19.0,+19.2,+19.0
2023-01-27 00:54,4,+69.2,+74.1,+72.9,+73.0,+71.5,+71.8,+18.2,+18.7,+18.8,+19.0,+19.0,+19.2,+19.0
2023-01-27 01:54,4,+69.1,+74.1,+72.9,+73.0,+71.5,+71.8,+18.2,+18.7,+18.7,+18.8,+19.0,+19.2,+19.0
2023-01-27 02:54,4,+68.9,+74.1,+72.9,+73.0,+71.5,+71.8,+18.2,+18.7,+18.7,+19.0,+19.0,+19.2,+19.0
2023-01-27 03:54,4,+68.8,+74.1,+72.9,+73.0,+71.5,+71.8,+18.2,+18.6,+18.8,+19.0,+19.0,+19.2,+19.0
2023-01-27 04:54,4,+68.6,+74.1,+72.9,+73.0,+71.5,+71.8,+18.2,+18.6,+18.7,+18.8,+19.0,+19.2,+19.0
2023-01-27 05:54,4,+68.5,+74.1,+72.9,+73.0,+71.5,+71.8,+18.2,+18.6,+18.8,+18.8,+19.0,+19.2,+19.0
2023-01-27 06:54,4,+68.3,+74.1,+72.9,+73.0,+71.5,+71.8,+18.1,+18.6,+18.7,+18.8,+19.0,+19.2,+19.0
2023-01-27 07:54,4,+68.2,+74.1,+72.9,+73.0,+71.5,+71.8,+18.1,+18.6,+18.7,+18.8,+19.0,+19.2,+19.0
2023-01-27 08:54,4,+68.3,+74.1,+72.9,+73.0,+71.5,+71.8,+18.1,+18.6,+18.7,+18.8,+19.0,+19.2,+18.7
2023-01-27 09:54,4,+68.7,+74.1,+72.9,+73.0,+71.5,+71.8,+18.1,+18.6,+18.7,+18.8,+19.0,+19.2,+19.0
2023-01-27 10:54,4,+69.0,+74.1,+72.9,+73.0,+71.8,+71.8,+18.2,+18.6,+18.7,+18.8,+19.0,+19.2,+19.0
2023-01-27 11:54,4,+70.6,+74.1,+72.9,+73.0,+71.5,+71.8,+18.2,+18.5,+18.7,+18.8,+19.0,+19.2,+19.0
2023-01-27 12:54,4,+69.8,+74.1,+72.9,+73.0,+71.8,+71.8,+18.2,+18.5,+18.6,+18.8,+19.0,+19.2,+18.7
2023-01-27 13:54,4,+69.4,+74.1,+73.0,+73.0,+71.8,+71.8,+18.3,+18.6,+18.6,+18.7,+19.0,+19.2,+19.0
2023-01-27 14:54,4,+69.8,+74.1,+73.0,+73.0,+71.8,+71.8,+18.5,+18.6,+18.7,+18.7,+19.0,+19.2,+19.0
2023-01-27 15:54,4,+69.5,+74.1,+72.9,+73.0,+71.8,+71.8,+18.5,+18.6,+18.6,+18.7,+18.7,+19.2,+18.7
2023-01-27 16:54,4,+69.4,+74.1,+72.9,+73.0,+71.5,+71.8,+18.5,+18.6,+18.6,+18.8,+18.7,+19.2,+18.7
2023-01-27 17:54,4,+69.2,+74.1,+72.9,+73.0,+71.5,+71.8,+18.3,+18.7,+18.6,+18.8,+18.7,+19.2,+19.0
2023-01-27 18:54,4,+69.0,+74.1,+72.9,+72.9,+71.5,+71.8,+18.3,+18.7,+18.7,+18.7,+19.0,+19.2,+19.0
2023-01-27 19:54,4,+68.8,+74.1,+72.9,+73.0,+71.5,+71.8,+18.2,+18.7,+18.6,+18.7,+18.7,+19.2,+19.0
2023-01-27 20:54,4,+68.5,+74.1,+72.9,+73.0,+71.5,+71.8,+18.1,+18.6,+18.6,+18.7,+19.0,+19.2,+19.0
2023-01-27 21:54,4,+68.4,+74.1,+72.9,+73.0,+71.5,+71.8,+18.0,+18.6,+18.6,+18.7,+19.0,+19.2,+19.0
2023-01-27 22:54,4,+68.2,+71.0,+72.9,+73.0,+71.5,+71.8,+17.8,+18.5,+18.6,+18.7,+18.7,+19.2,+19.0
2023-01-27 23:54,4,+68.1,+66.7,+72.9,+73.0,+71.5,+71.8,+17.8,+18.5,+18.6,+18.7,+18.7,+19.2,+19.0
2023-01-28 00:54,4,+68.1,+63.9,+72.9,+72.9,+71.5,+71.8,+17.8,+18.5,+18.6,+18.7,+19.0,+19.2,+19.0
2023-01-28 01:54,4,+68.1,+62.3,+72.9,+72.9,+71.5,+71.8,+17.7,+18.3,+18.6,+18.7,+18.7,+19.2,+19.0
2023-01-28 02:54,4,+68.1,+62.1,+72.9,+72.9,+71.5,+71.8,+17.7,+18.3,+18.6,+18.7,+18.7,+19.2,+19.0
2023-01-28 03:54,4,+68.1,+62.0,+72.9,+72.9,+71.5,+71.8,+17.6,+18.3,+18.5,+18.7,+18.7,+19.2,+19.0
2023-01-28 04:54,4,+68.0,+62.0,+72.9,+73.0,+71.5,+71.8,+17.6,+18.2,+18.5,+18.7,+18.7,+19.2,+18.7
2023-01-28 05:54,4,+68.5,+62.0,+72.9,+73.0,+71.5,+71.8,+17.5,+18.2,+18.5,+18.7,+18.7,+19.2,+18.7
2023-01-28 06:54,4,+70.7,+71.9,+72.9,+72.9,+71.5,+71.8,+17.5,+18.1,+18.3,+18.7,+18.7,+19.2,+18.7
2023-01-28 07:54,4,+70.8,+74.0,+72.8,+72.9,+71.5,+71.5,+17.5,+18.1,+18.3,+18.6,+18.7,+19.2,+19.0
2023-01-28 08:54,4,+69.8,+73.0,+72.9,+72.9,+71.5,+71.8,+17.3,+18.1,+18.3,+18.6,+18.7,+19.2,+19.0
2023-01-28 09:54,4,+69.3,+66.5,+72.9,+72.9,+71.5,+71.8,+17.3,+18.0,+18.3,+18.7,+18.7,+19.2,+18.7
2023-01-28 10:54,4,+69.0,+63.3,+72.9,+73.0,+71.8,+71.8,+17.3,+18.0,+18.3,+18.6,+18.7,+19.2,+19.0
2023-01-28 11:54,4,+68.8,+62.5,+73.0,+73.0,+71.8,+71.9,+17.5,+18.0,+18.3,+18.6,+18.7,+19.2,+18.7
2023-01-28 12:54,4,+68.6,+62.4,+73.0,+73.0,+71.5,+71.8,+17.6,+18.0,+18.2,+18.6,+18.7,+19.2,+19.0
2023-01-28 13:54,4,+68.4,+62.3,+73.0,+73.0,+71.8,+71.9,+17.7,+18.0,+18.2,+18.5,+18.7,+19.2,+19.0
2023-01-28 14:54,4,+68.3,+62.2,+73.0,+73.0,+71.8,+71.9,+17.8,+18.1,+18.2,+18.6,+18.7,+19.2,+18.7
2023-01-28 15:54,4,+68.2,+62.1,+73.0,+73.0,+71.8,+71.8,+17.8,+18.1,+18.2,+18.6,+18.7,+19.1,+19.0
2023-01-28 16:54,4,+68.1,+62.1,+72.9,+73.0,+71.5,+71.8,+17.8,+18.1,+18.2,+18.5,+18.7,+19.1,+18.7
2023-01-28 17:54,4,+68.0,+62.0,+72.9,+73.0,+71.5,+71.8,+17.8,+18.2,+18.2,+18.5,+18.7,+19.2,+18.7
2023-01-28 18:54,4,+67.8,+62.0,+72.9,+73.0,+71.5,+71.8,+17.7,+18.1,+18.2,+18.5,+18.7,+19.2,+18.7
2023-01-28 19:54,4,+67.7,+61.9,+72.9,+73.0,+71.5,+71.8,+17.6,+18.1,+18.2,+18.5,+18.7,+19.2,+18.7
2023-01-28 20:54,4,+67.6,+61.9,+72.9,+73.0,+71.5,+71.8,+17.5,+18.1,+18.2,+18.5,+18.7,+19.1,+19.0
2023-01-28 21:54,4,+67.5,+61.8,+72.9,+73.0,+71.5,+71.8,+17.5,+18.1,+18.2,+18.5,+18.7,+19.2,+18.7
2023-01-28 22:54,4,+67.5,+61.7,+73.0,+73.0,+71.5,+71.8,+17.3,+18.0,+18.2,+18.5,+18.7,+19.2,+18.7
2023-01-28 23:54,4,+67.4,+61.7,+73.0,+73.0,+71.5,+71.8,+17.2,+18.0,+18.2,+18.6,+18.7,+19.2,+18.7
2023-01-29 00:54,4,+67.3,+61.7,+73.0,+73.0,+71.5,+71.8,+17.1,+18.0,+18.2,+18.5,+18.7,+19.1,+18.7
2023-01-29 01:54,4,+67.2,+61.6,+73.0,+73.0,+71.5,+71.8,+17.0,+17.8,+18.2,+18.5,+18.7,+19.1,+18.7
2023-01-29 02:54,4,+67.1,+61.6,+73.0,+73.0,+71.5,+71.8,+16.8,+17.7,+18.1,+18.5,+18.7,+19.1,+18.7
2023-01-29 03:54,4,+67.0,+61.5,+73.0,+73.0,+71.5,+71.8,+16.6,+17.7,+18.1,+18.5,+18.7,+19.1,+18.7
2023-01-29 04:54,4,+66.9,+61.4,+73.0,+73.0,+71.5,+71.8,+16.6,+17.6,+18.1,+18.5,+18.7,+19.1,+18.7
2023-01-29 05:54,4,+66.8,+61.4,+73.0,+73.0,+71.5,+71.8,+16.6,+17.5,+18.1,+18.3,+18.7,+19.1,+18.7
2023-01-29 06:54,4,+66.7,+61.3,+73.0,+73.0,+71.5,+71.8,+16.6,+17.5,+18.0,+18.3,+18.7,+19.1,+18.7
2023-01-29 07:54,4,+66.7,+61.3,+72.4,+73.0,+71.8,+71.8,+16.6,+17.5,+18.0,+18.3,+18.6,+19.1,+18.7
2023-01-29 08:54,4,+66.6,+61.2,+71.8,+73.0,+71.8,+71.9,+16.7,+17.3,+17.8,+18.3,+18.7,+19.1,+18.7
2023-01-29 09:54,4,+66.6,+61.2,+71.1,+73.1,+71.9,+71.9,+17.2,+17.3,+17.8,+18.3,+18.7,+19.1,+18.7
2023-01-29 10:54,4,+66.6,+61.1,+70.6,+73.1,+71.9,+72.0,+17.6,+17.5,+17.8,+18.3,+18.6,+19.1,+18.7
2023-01-29 11:54,4,+66.6,+61.1,+70.5,+73.0,+71.8,+71.9,+17.8,+17.6,+17.8,+18.2,+18.7,+19.0,+18.7
2023-01-29 12:54,4,+66.6,+61.1,+70.3,+73.1,+71.9,+72.0,+18.0,+17.7,+17.8,+18.2,+18.6,+19.1,+18.7
2023-01-29 13:54,4,+66.6,+61.0,+70.1,+73.1,+71.9,+72.0,+18.1,+17.8,+17.8,+18.2,+18.6,+19.1,+18.7
2023-01-29 14:54,4,+66.6,+61.0,+70.1,+73.0,+71.8,+71.8,+18.3,+17.8,+17.8,+18.2,+18.6,+19.1,+18.7
2023-01-29 15:54,4,+67.5,+61.2,+70.5,+73.0,+71.5,+71.8,+18.2,+18.0,+18.0,+18.2,+18.6,+19.1,+18.7
2023-01-29 16:54,4,+68.3,+65.8,+73.0,+73.0,+71.5,+71.8,+18.1,+18.1,+18.0,+18.2,+18.6,+19.1,+18.7
2023-01-29 17:54,4,+69.2,+68.7,+73.0,+73.0,+71.5,+71.8,+18.0,+18.1,+18.0,+18.2,+18.6,+19.0,+18.7
2023-01-29 18:54,4,+70.7,+66.6,+73.0,+73.0,+71.5,+71.8,+18.0,+18.2,+18.1,+18.2,+18.6,+19.0,+18.7
2023-01-29 19:54,4,+70.6,+64.8,+73.0,+73.0,+71.5,+71.8,+17.8,+18.1,+18.1,+18.2,+18.5,+19.0,+18.7
2023-01-29 20:54,4,+71.0,+66.0,+73.0,+73.0,+71.5,+71.8,+17.8,+18.1,+18.1,+18.2,+18.6,+19.0,+18.7
2023-01-29 21:54,4,+70.7,+66.0,+72.9,+73.0,+71.5,+71.8,+17.7,+18.1,+18.1,+18.2,+18.5,+19.0,+18.7
2023-01-29 22:54,4,+70.5,+64.9,+72.9,+73.0,+71.5,+71.8,+17.7,+18.1,+18.1,+18.2,+18.6,+19.0,+18.7
2023-01-29 23:54,4,+70.8,+64.1,+72.9,+73.0,+71.5,+71.8,+17.6,+18.1,+18.1,+18.2,+18.6,+19.0,+18.7
2023-01-30 00:54,4,+70.8,+64.5,+72.9,+73.0,+71.5,+71.8,+17.5,+18.0,+18.1,+18.2,+18.5,+19.0,+18.7
2023-01-30 01:54,4,+69.8,+64.5,+72.9,+73.0,+71.5,+71.8,+17.5,+18.0,+18.1,+18.2,+18.5,+19.0,+18.7
2023-01-30 02:54,4,+69.4,+64.0,+72.9,+73.0,+71.5,+71.8,+17.3,+18.0,+18.1,+18.2,+18.5,+19.0,+18.7
2023-01-30 03:54,4,+69.1,+63.3,+73.0,+73.0,+71.5,+71.8,+17.3,+17.8,+18.1,+18.2,+18.5,+19.0,+18.7
2023-01-30 04:54,4,+68.9,+62.8,+73.0,+73.0,+71.5,+71.8,+17.2,+17.8,+18.0,+18.2,+18.5,+19.0,+18.7
2023-01-30 05:54,4,+68.6,+62.5,+73.0,+73.0,+71.5,+71.8,+17.2,+17.8,+18.0,+18.2,+18.6,+19.0,+18.7
2023-01-30 06:54,4,+68.5,+62.4,+73.0,+73.0,+71.5,+71.8,+17.1,+17.8,+18.0,+18.2,+18.5,+19.0,+18.7
2023-01-30 07:54,4,+68.3,+62.3,+73.0,+73.0,+71.8,+71.8,+17.2,+17.8,+18.0,+18.2,+18.5,+19.0,+18.7
2023-01-30 08:54,4,+68.1,+62.1,+73.0,+73.0,+71.9,+71.9,+17.3,+17.7,+18.0,+18.2,+18.5,+19.0,+18.7
2023-01-30 09:54,4,+68.0,+62.0,+73.0,+73.1,+71.9,+71.9,+17.7,+17.7,+18.0,+18.2,+18.5,+19.0,+18.7
2023-01-30 10:54,4,+67.9,+62.0,+73.1,+73.1,+71.9,+72.0,+18.1,+17.8,+18.0,+18.2,+18.5,+18.7,+18.7
2023-01-30 11:54,4,+67.9,+61.9,+73.3,+73.3,+72.0,+72.0,+18.5,+18.0,+17.8,+18.2,+18.5,+19.0,+18.7
2023-01-30 12:54,4,+67.8,+61.8,+73.3,+73.4,+72.0,+72.0,+18.7,+18.1,+18.0,+18.2,+18.5,+19.0,+18.7
2023-01-30 13:54,4,+67.7,+61.8,+73.1,+73.3,+72.0,+72.0,+18.8,+18.2,+18.0,+18.1,+18.5,+19.0,+18.7
2023-01-30 14:54,4,+67.7,+61.7,+72.5,+73.1,+71.9,+71.9,+19.0,+18.3,+18.1,+18.2,+18.5,+18.7,+18.7
2023-01-30 15:54,4,+67.7,+61.7,+71.9,+73.0,+71.8,+71.9,+19.1,+18.5,+18.1,+18.2,+18.5,+19.0,+18.7
2023-01-30 16:54,4,+67.6,+61.7,+71.5,+73.0,+71.8,+71.9,+18.8,+18.6,+18.1,+18.1,+18.5,+18.7,+18.7
2023-01-30 17:54,4,+67.6,+61.7,+71.1,+73.0,+71.8,+71.8,+18.7,+18.6,+18.2,+18.2,+18.5,+18.7,+18.7
2023-01-30 18:54,4,+67.6,+61.7,+70.8,+73.0,+71.5,+71.8,+18.6,+18.6,+18.2,+18.2,+18.5,+18.7,+18.7
2023-01-30 19:54,4,+67.5,+61.7,+70.6,+73.0,+71.5,+71.8,+18.5,+18.6,+18.3,+18.2,+18.5,+18.7,+18.6
2023-01-30 20:54,4,+67.5,+61.6,+70.5,+73.0,+71.5,+71.8,+18.3,+18.6,+18.3,+18.2,+18.5,+18.7,+18.7
2023-01-30 21:54,4,+67.4,+61.6,+70.0,+73.0,+71.5,+71.8,+18.2,+18.6,+18.3,+18.2,+18.5,+18.7,+18.7
2023-01-30 22:54,4,+67.4,+61.6,+69.8,+73.0,+71.5,+71.8,+18.2,+18.6,+18.3,+18.3,+18.2,+18.7,+18.7
2023-01-30 23:54,4,+67.3,+61.6,+69.6,+73.0,+71.5,+71.8,+18.1,+18.5,+18.3,+18.3,+18.5,+18.7,+18.7
2023-01-31 00:54,4,+67.3,+61.5,+69.5,+73.0,+71.5,+71.8,+18.0,+18.5,+18.3,+18.3,+18.5,+18.7,+18.6
2023-01-31 01:54,4,+67.2,+61.5,+69.3,+73.0,+71.5,+71.8,+18.0,+18.5,+18.3,+18.3,+18.5,+18.7,+18.6
2023-01-31 02:54,4,+67.2,+61.5,+70.0,+73.0,+71.5,+71.8,+17.8,+18.3,+18.3,+18.2,+18.5,+18.7,+18.7
2023-01-31 03:54,4,+67.2,+61.5,+69.6,+73.0,+71.5,+71.8,+17.8,+18.3,+18.2,+18.3,+18.5,+18.7,+18.7
2023-01-31 04:54,4,+67.2,+61.4,+69.5,+73.0,+71.5,+71.8,+17.8,+18.3,+18.3,+18.3,+18.5,+18.7,+18.7
2023-01-31 05:54,4,+67.2,+61.4,+69.3,+73.0,+71.5,+71.8,+17.7,+18.2,+18.3,+18.3,+18.5,+18.7,+18.6
2023-01-31 06:54,4,+67.1,+61.4,+69.0,+73.0,+71.5,+71.8,+17.6,+18.2,+18.3,+18.3,+18.5,+18.7,+18.6
2023-01-31 07:54,4,+67.1,+61.4,+69.6,+73.0,+71.8,+71.8,+17.6,+18.2,+18.2,+18.3,+18.5,+18.7,+18.6
2023-01-31 08:54,4,+67.1,+61.3,+69.5,+73.0,+71.8,+71.9,+17.6,+18.1,+18.2,+18.3,+18.5,+18.7,+18.6
2023-01-31 09:54,4,+67.0,+61.3,+69.3,+73.0,+71.9,+71.9,+18.0,+18.1,+18.2,+18.3,+18.5,+18.7,+18.6
2023-01-31 10:54,4,+67.0,+61.2,+69.3,+73.1,+71.9,+72.0,+18.3,+18.2,+18.2,+18.3,+18.5,+18.7,+18.7
2023-01-31 11:54,4,+67.0,+61.2,+69.1,+73.3,+72.0,+72.0,+18.6,+18.2,+18.2,+18.3,+18.5,+18.7,+18.6
2023-01-31 12:54,4,+66.9,+61.2,+69.0,+73.4,+72.0,+72.0,+19.0,+18.3,+18.2,+18.3,+18.6,+18.7,+18.6
2023-01-31 13:54,4,+66.9,+61.2,+68.8,+73.3,+72.0,+72.0,+19.1,+18.5,+18.2,+18.3,+18.5,+18.7,+18.6
2023-01-31 14:54,4,+66.9,+61.1,+68.5,+73.0,+71.8,+71.9,+19.2,+18.6,+18.2,+18.3,+18.5,+18.7,+18.6
2023-01-31 15:54,4,+66.9,+61.1,+68.5,+73.0,+71.8,+71.9,+19.1,+18.7,+18.2,+18.3,+18.5,+18.7,+18.6
2023-01-31 16:54,4,+66.9,+61.1,+68.5,+73.0,+71.8,+71.9,+19.1,+18.8,+18.3,+18.3,+18.5,+18.7,+18.6
2023-01-31 17:54,4,+66.9,+61.1,+68.4,+73.0,+71.5,+71.8,+19.0,+18.8,+18.5,+18.3,+18.5,+18.7,+18.7
2023-01-31 18:54,4,+66.8,+61.1,+68.1,+73.0,+71.5,+71.8,+18.8,+18.8,+18.5,+18.3,+18.5,+18.7,+18.6
2023-01-31 19:54,4,+66.8,+61.1,+68.0,+73.0,+71.5,+71.8,+18.6,+18.8,+18.5,+18.3,+18.5,+18.7,+18.6
2023-01-31 20:54,4,+66.7,+61.1,+68.0,+73.0,+71.5,+71.8,+18.5,+18.8,+18.6,+18.3,+18.5,+18.7,+18.6
2023-01-31 21:54,4,+66.6,+61.1,+67.9,+73.0,+71.5,+71.8,+18.3,+18.7,+18.5,+18.5,+18.5,+18.7,+18.6
2023-01-31 22:54,4,+66.6,+61.1,+67.6,+73.0,+71.5,+71.8,+18.2,+18.7,+18.6,+18.5,+18.5,+18.7,+18.6
2023-01-31 23:54,4,+66.6,+61.0,+67.5,+73.0,+71.5,+71.8,+18.1,+18.6,+18.5,+18.5,+18.5,+18.7,+18.6
2023-02-01 00:54,4,+66.6,+61.0,+67.5,+73.0,+71.5,+71.8,+18.0,+18.6,+18.5,+18.5,+18.6,+18.7,+18.6
2023-02-01 01:54,4,+66.5,+61.0,+67.4,+73.0,+71.5,+71.8,+18.0,+18.5,+18.5,+18.5,+18.5,+18.7,+18.6
2023-02-01 02:54,4,+66.5,+61.0,+67.4,+73.0,+71.5,+71.8,+18.0,+18.5,+18.5,+18.5,+18.6,+18.7,+18.6
2023-02-01 03:54,4,+66.4,+60.9,+67.1,+73.0,+71.5,+71.8,+17.8,+18.3,+18.5,+18.5,+18.6,+18.7,+18.6
2023-02-01 04:54,4,+66.4,+60.9,+67.1,+73.0,+71.5,+71.8,+17.8,+18.3,+18.5,+18.5,+18.5,+18.7,+18.6
2023-02-01 05:54,4,+66.4,+60.9,+67.0,+73.0,+71.5,+71.8,+17.7,+18.3,+18.5,+18.5,+18.6,+18.7,+18.6
2023-02-01 06:54,4,+66.4,+60.8,+67.0,+73.0,+71.5,+71.8,+17.6,+18.3,+18.3,+18.5,+18.5,+18.7,+18.6
2023-02-01 07:54,4,+66.3,+60.8,+66.8,+73.0,+71.5,+71.8,+17.6,+18.2,+18.3,+18.5,+18.6,+18.7,+18.6
2023-02-01 08:54,4,+66.3,+60.8,+66.8,+73.0,+71.8,+71.9,+17.6,+18.1,+18.3,+18.5,+18.6,+18.7,+18.7
2023-02-01 09:54,4,+66.3,+60.7,+66.5,+73.0,+71.8,+71.9,+18.2,+18.2,+18.3,+18.5,+18.6,+18.7,+18.6
2023-02-01 10:54,4,+66.2,+60.7,+66.5,+73.1,+71.9,+72.0,+18.5,+18.2,+18.2,+18.5,+18.6,+18.7,+18.6
2023-02-01 11:54,4,+66.2,+60.7,+66.5,+73.1,+71.9,+72.0,+18.7,+18.3,+18.2,+18.5,+18.6,+19.0,+18.6
2023-02-01 12:54,4,+66.2,+60.6,+66.5,+73.1,+71.9,+72.0,+19.0,+18.5,+18.3,+18.5,+18.6,+19.0,+18.6
2023-02-01 13:54,4,+66.2,+60.6,+66.4,+73.1,+71.9,+72.0,+19.1,+18.6,+18.3,+18.3,+18.5,+19.0,+18.6
2023-02-01 14:54,4,+66.2,+60.6,+66.3,+73.0,+71.9,+71.9,+19.1,+18.7,+18.3,+18.3,+18.6,+18.7,+18.6
2023-02-01 15:54,4,+66.2,+60.6,+66.1,+73.0,+71.8,+71.9,+19.1,+18.8,+18.5,+18.5,+18.6,+18.7,+18.6
2023-02-01 16:54,4,+66.1,+60.6,+66.0,+73.0,+71.8,+71.9,+19.0,+18.8,+18.5,+18.5,+18.5,+18.7,+18.6
2023-02-01 17:54,4,+66.1,+60.6,+66.0,+73.0,+71.8,+71.8,+18.8,+18.8,+18.6,+18.5,+18.6,+18.7,+18.6
2023-02-01 18:54,4,+66.1,+60.6,+66.0,+73.0,+71.5,+71.8,+18.7,+18.8,+18.6,+18.5,+18.6,+19.0,+18.6
2023-02-01 19:54,4,+66.8,+68.5,+67.0,+73.0,+71.5,+71.8,+18.6,+18.8,+18.6,+18.5,+18.6,+19.0,+18.6
2023-02-01 20:54,4,+66.6,+68.1,+69.9,+73.0,+71.5,+71.8,+18.5,+18.8,+18.6,+18.5,+18.6,+18.7,+18.6
2023-02-01 21:54,4,+66.6,+62.7,+70.0,+73.0,+71.5,+71.8,+18.5,+18.7,+18.6,+18.5,+18.6,+19.0,+18.7
2023-02-01 22:54,4,+66.8,+61.1,+70.0,+73.0,+71.5,+71.8,+18.2,+18.7,+18.6,+18.5,+18.6,+19.0,+18.6
2023-02-01 23:54,4,+66.8,+60.7,+69.8,+73.0,+71.5,+71.8,+18.2,+18.6,+18.6,+18.5,+18.6,+18.7,+18.6
2023-02-02 00:54,4,+66.8,+60.7,+68.9,+73.0,+71.5,+71.8,+18.1,+18.6,+18.5,+18.6,+18.6,+19.0,+18.6
2023-02-02 01:54,4,+66.8,+60.7,+68.0,+73.0,+71.5,+71.8,+18.1,+18.5,+18.5,+18.5,+18.6,+18.7,+18.6
2023-02-02 02:54,4,+66.7,+60.7,+68.0,+73.0,+71.5,+71.8,+18.0,+18.5,+18.6,+18.5,+18.6,+18.7,+18.6
2023-02-02 03:54,4,+67.3,+64.2,+70.4,+73.0,+71.5,+71.8,+18.0,+18.5,+18.5,+18.6,+18.6,+19.0,+18.6
2023-02-02 04:54,4,+71.4,+72.5,+71.8,+73.0,+71.5,+71.8,+17.8,+18.3,+18.5,+18.5,+18.6,+19.0,+18.6
2023-02-02 05:54,4,+71.1,+72.1,+72.9,+73.0,+71.5,+71.8,+17.8,+18.3,+18.5,+18.5,+18.6,+18.7,+18.6
2023-02-02 06:54,4,+69.7,+67.4,+72.3,+73.0,+71.5,+71.8,+17.7,+18.3,+18.5,+18.6,+18.6,+19.0,+18.6
2023-02-02 07:54,4,+70.4,+70.6,+72.6,+73.0,+71.5,+71.8,+17.7,+18.3,+18.5,+18.5,+18.6,+19.0,+18.7
2023-02-02 08:54,4,+70.3,+65.8,+72.9,+73.0,+71.5,+71.5,+17.7,+18.2,+18.3,+18.6,+18.6,+19.0,+18.6
2023-02-02 09:54,4,+69.9,+62.2,+72.9,+73.0,+71.5,+71.8,+17.6,+18.2,+18.3,+18.5,+18.6,+19.0,+18.7
2023-02-02 10:54,4,+69.5,+62.2,+73.0,+73.0,+71.5,+71.8,+17.7,+18.1,+18.3,+18.5,+18.6,+18.7,+18.6
2023-02-02 11:54,4,+69.1,+62.1,+73.0,+73.0,+71.8,+71.9,+17.8,+18.1,+18.3,+18.5,+18.6,+18.7,+18.7
2023-02-02 12:54,4,+68.8,+62.0,+73.1,+73.1,+71.9,+72.0,+18.1,+18.2,+18.2,+18.5,+18.6,+19.0,+18.7
2023-02-02 13:54,4,+68.6,+61.9,+70.6,+73.1,+71.9,+71.9,+18.3,+18.3,+18.2,+18.5,+18.6,+19.0,+18.7
2023-02-02 14:54,4,+68.4,+61.8,+69.0,+73.0,+71.8,+71.9,+18.5,+18.3,+18.2,+18.5,+18.6,+19.0,+18.6
2023-02-02 15:54,4,+68.3,+61.8,+68.5,+73.0,+71.8,+71.9,+18.5,+18.5,+18.2,+18.5,+18.6,+19.0,+18.7
2023-02-02 16:54,4,+68.1,+61.7,+68.0,+73.0,+71.8,+71.8,+18.6,+18.5,+18.3,+18.3,+18.6,+19.0,+18.7
2023-02-02 17:54,4,+68.0,+61.7,+67.8,+73.0,+71.8,+71.8,+18.5,+18.6,+18.3,+18.5,+18.6,+18.7,+18.6
2023-02-02 18:54,4,+68.0,+61.7,+67.8,+73.0,+71.5,+71.8,+18.3,+18.6,+18.3,+18.5,+18.6,+18.7,+18.7
2023-02-02 19:54,4,+67.9,+61.6,+67.4,+73.0,+71.5,+71.8,+18.3,+18.5,+18.5,+18.5,+18.6,+18.7,+18.6
2023-02-02 20:54,4,+67.9,+61.6,+67.3,+73.0,+71.5,+71.8,+18.2,+18.6,+18.3,+18.5,+18.6,+18.7,+18.7
2023-02-02 21:54,4,+67.9,+61.6,+67.1,+73.0,+71.5,+71.8,+18.1,+18.5,+18.5,+18.5,+18.6,+19.0,+18.7
2023-02-02 22:54,4,+67.9,+61.6,+67.1,+73.0,+71.5,+71.8,+18.1,+18.5,+18.3,+18.5,+18.6,+19.0,+18.7
2023-02-02 23:54,4,+67.9,+61.6,+67.0,+73.0,+71.5,+71.8,+18.0,+18.5,+18.5,+18.5,+18.6,+18.7,+18.6
2023-02-03 00:54,4,+67.8,+61.5,+67.0,+73.0,+71.5,+71.8,+17.8,+18.5,+18.3,+18.5,+18.6,+19.0,+18.6
2023-02-03 01:54,4,+67.7,+61.5,+66.9,+73.0,+71.5,+71.8,+17.8,+18.3,+18.3,+18.5,+18.6,+18.7,+18.7
2023-02-03 02:54,4,+67.6,+61.5,+66.6,+73.0,+71.5,+71.8,+17.7,+18.3,+18.3,+18.5,+18.6,+18.7,+18.6
2023-02-03 03:54,4,+67.6,+61.5,+66.8,+73.0,+71.5,+71.8,+17.6,+18.2,+18.3,+18.5,+18.6,+19.0,+18.6
2023-02-03 04:54,4,+67.6,+61.4,+66.6,+73.0,+71.5,+71.8,+17.6,+18.1,+18.3,+18.5,+18.6,+18.7,+18.6
2023-02-03 05:54,4,+67.5,+61.4,+66.5,+73.0,+71.5,+71.8,+17.6,+18.1,+18.3,+18.5,+18.6,+18.7,+18.6
2023-02-03 06:54,4,+67.5,+61.4,+66.5,+73.0,+71.5,+71.8,+17.5,+18.1,+18.2,+18.5,+18.6,+18.7,+18.7
2023-02-03 07:54,4,+67.5,+61.3,+66.5,+73.0,+71.5,+71.8,+17.5,+18.1,+18.2,+18.3,+18.6,+19.0,+18.6
2023-02-03 08:54,4,+67.6,+61.3,+66.5,+73.0,+71.5,+71.8,+17.6,+18.1,+18.2,+18.5,+18.6,+19.0,+18.6
2023-02-03 09:54,4,+67.6,+61.3,+66.5,+73.0,+71.8,+71.8,+17.6,+18.1,+18.2,+18.3,+18.5,+18.7,+18.6
2023-02-03 10:54,4,+67.6,+61.3,+66.5,+73.0,+71.8,+71.8,+17.8,+18.1,+18.2,+18.3,+18.6,+18.7,+18.6
2023-02-03 11:54,4,+67.6,+61.3,+66.5,+73.1,+71.9,+71.9,+18.0,+18.1,+18.2,+18.3,+18.5,+18.7,+18.6
2023-02-03 12:54,4,+67.5,+61.2,+66.4,+73.1,+71.9,+72.0,+18.3,+18.2,+18.2,+18.3,+18.6,+19.0,+18.6
2023-02-03 13:54,4,+67.5,+61.2,+66.5,+73.1,+71.9,+71.9,+18.5,+18.2,+18.2,+18.3,+18.6,+18.7,+18.6
2023-02-03 14:54,4,+67.4,+61.2,+66.4,+73.0,+71.9,+71.9,+18.6,+18.3,+18.2,+18.3,+18.6,+18.7,+18.6
2023-02-03 15:54,4,+67.4,+61.1,+66.3,+73.0,+71.8,+71.9,+18.7,+18.5,+18.2,+18.3,+18.6,+18.7,+18.7
2023-02-03 16:54,4,+67.3,+61.1,+66.3,+73.0,+71.8,+71.8,+18.6,+18.5,+18.2,+18.3,+18.5,+19.0,+18.7
2023-02-03 17:54,4,+67.4,+61.1,+66.1,+73.0,+71.8,+71.8,+18.5,+18.6,+18.3,+18.3,+18.6,+18.7,+18.7
2023-02-03 18:54,4,+67.4,+61.1,+66.3,+73.0,+71.5,+71.8,+18.3,+18.6,+18.3,+18.3,+18.6,+19.0,+18.6
2023-02-03 19:54,4,+67.3,+61.1,+66.3,+73.0,+71.5,+71.8,+18.3,+18.6,+18.3,+18.5,+18.6,+18.7,+18.6
2023-02-03 20:54,4,+67.3,+61.1,+66.3,+73.0,+71.5,+71.8,+18.2,+18.6,+18.5,+18.3,+18.5,+19.0,+18.7
2023-02-03 21:54,4,+67.2,+61.1,+66.0,+73.0,+71.5,+71.8,+18.1,+18.5,+18.5,+18.3,+18.6,+18.7,+18.7
2023-02-03 22:54,4,+67.0,+61.1,+66.1,+73.0,+71.5,+71.8,+18.1,+18.5,+18.5,+18.3,+18.6,+19.0,+18.6
2023-02-03 23:54,4,+66.9,+61.0,+66.0,+73.0,+71.5,+71.8,+18.0,+18.5,+18.3,+18.3,+18.5,+18.7,+18.6
2023-02-04 00:54,4,+66.9,+61.0,+66.0,+73.0,+71.5,+71.8,+18.0,+18.5,+18.3,+18.3,+18.5,+18.7,+18.7
2023-02-04 01:54,4,+66.8,+61.0,+66.0,+73.0,+71.5,+71.8,+17.8,+18.3,+18.3,+18.5,+18.6,+18.7,+18.6
2023-02-04 02:54,4,+66.8,+61.0,+66.0,+73.0,+71.5,+71.8,+17.8,+18.3,+18.3,+18.5,+18.6,+18.7,+18.6
2023-02-04 03:54,4,+74.0,+73.4,+67.5,+73.0,+71.5,+71.8,+17.7,+18.3,+18.3,+18.5,+18.6,+18.7,+18.7
2023-02-04 04:54,4,+70.9,+63.0,+68.6,+73.0,+71.5,+71.5,+17.7,+18.2,+18.3,+18.5,+18.6,+19.0,+18.6
2023-02-04 05:54,4,+69.8,+62.9,+69.0,+73.0,+71.5,+71.5,+17.6,+18.2,+18.3,+18.5,+18.6,+18.7,+18.6
2023-02-04 06:54,4,+69.8,+63.2,+69.3,+73.0,+71.5,+71.5,+17.6,+18.1,+18.3,+18.5,+18.6,+18.7,+18.7
2023-02-04 07:54,4,+69.5,+62.2,+69.3,+73.0,+71.5,+71.5,+17.6,+18.1,+18.2,+18.5,+18.6,+18.7,+18.6
2023-02-04 08:54,4,+69.1,+61.9,+69.4,+73.0,+71.5,+71.8,+17.5,+18.1,+18.2,+18.3,+18.6,+18.7,+18.6
2023-02-04 09:54,4,+68.9,+61.8,+69.1,+73.0,+71.5,+71.8,+17.6,+18.1,+18.2,+18.3,+18.5,+19.0,+18.6
2023-02-04 10:54,4,+68.7,+61.7,+68.5,+73.0,+71.8,+71.8,+17.7,+18.1,+18.2,+18.3,+18.6,+18.7,+18.6
2023-02-04 11:54,4,+68.5,+61.7,+68.3,+73.0,+71.8,+71.9,+18.0,+18.1,+18.2,+18.3,+18.6,+18.7,+18.6
2023-02-04 12:54,4,+68.4,+61.6,+68.3,+73.0,+71.8,+71.9,+18.1,+18.1,+18.2,+18.3,+18.6,+18.7,+18.7
2023-02-04 13:54,4,+68.3,+61.6,+68.1,+73.0,+71.8,+71.8,+18.2,+18.1,+18.2,+18.3,+18.5,+18.7,+18.6
2023-02-04 14:54,4,+68.2,+61.6,+68.0,+73.0,+71.8,+71.9,+18.2,+18.2,+18.1,+18.3,+18.5,+18.7,+18.6
2023-02-04 15:54,4,+68.1,+61.6,+67.9,+73.0,+71.8,+71.8,+18.3,+18.3,+18.2,+18.3,+18.5,+18.7,+18.7
2023-02-04 16:54,4,+68.0,+61.5,+67.8,+73.0,+71.8,+71.8,+18.2,+18.3,+18.2,+18.3,+18.5,+18.7,+18.6
2023-02-04 17:54,4,+67.9,+61.5,+67.8,+73.0,+71.5,+71.8,+18.2,+18.3,+18.2,+18.3,+18.6,+18.7,+18.6
2023-02-04 18:54,4,+67.9,+61.5,+67.6,+73.0,+71.5,+71.8,+18.1,+18.3,+18.2,+18.3,+18.5,+18.7,+18.6
2023-02-04 19:54,4,+67.8,+61.5,+67.4,+73.0,+71.5,+71.8,+18.0,+18.3,+18.2,+18.3,+18.5,+18.7,+18.6
2023-02-04 20:54,4,+67.7,+61.5,+67.4,+73.0,+71.5,+71.8,+17.8,+18.3,+18.3,+18.3,+18.5,+18.7,+18.6
2023-02-04 21:54,4,+67.6,+61.4,+67.3,+73.0,+71.5,+71.8,+17.7,+18.2,+18.3,+18.3,+18.5,+18.7,+18.6
2023-02-04 22:54,4,+67.6,+61.4,+67.0,+73.0,+71.5,+71.8,+17.6,+18.2,+18.3,+18.3,+18.5,+18.7,+18.6
2023-02-04 23:54,4,+67.5,+61.4,+67.0,+73.0,+71.5,+71.8,+17.5,+18.2,+18.2,+18.3,+18.5,+18.7,+18.6
2023-02-05 00:54,4,+67.5,+61.4,+67.0,+73.0,+71.5,+71.8,+17.5,+18.1,+18.2,+18.3,+18.5,+18.7,+18.6
2023-02-05 01:54,4,+67.4,+61.3,+66.9,+73.0,+71.5,+71.8,+17.3,+18.1,+18.2,+18.3,+18.5,+18.7,+18.6
2023-02-05 02:54,4,+67.3,+61.3,+66.9,+73.0,+71.5,+71.5,+17.3,+18.0,+18.2,+18.3,+18.6,+19.0,+18.6
2023-02-05 03:54,4,+67.3,+61.3,+66.9,+73.0,+71.5,+71.5,+17.3,+18.0,+18.2,+18.3,+18.5,+18.7,+18.6
2023-02-05 04:54,4,+67.3,+61.2,+66.8,+73.0,+71.5,+71.8,+17.2,+18.0,+18.1,+18.3,+18.5,+18.7,+18.6
2023-02-05 05:54,4,+67.2,+61.2,+66.6,+73.0,+71.5,+71.5,+17.1,+17.8,+18.1,+18.3,+18.5,+18.7,+18.6
2023-02-05 06:54,4,+67.2,+61.1,+66.6,+73.0,+71.5,+71.5,+17.1,+17.8,+18.1,+18.3,+18.5,+18.7,+18.6
2023-02-05 07:54,4,+67.1,+61.1,+66.5,+73.0,+71.5,+71.8,+17.1,+17.7,+18.1,+18.3,+18.5,+18.7,+18.6
2023-02-05 08:54,4,+67.1,+61.1,+66.5,+73.0,+71.5,+71.8,+17.1,+17.7,+18.0,+18.3,+18.5,+18.7,+18.6
2023-02-05 09:54,4,+67.1,+61.0,+66.5,+73.0,+71.5,+71.8,+17.2,+17.7,+18.0,+18.2,+18.5,+18.7,+18.6
2023-02-05 10:54,4,+67.1,+61.0,+66.5,+73.0,+71.5,+71.8,+17.3,+17.7,+18.0,+18.3,+18.6,+18.7,+18.6
2023-02-05 11:54,4,+67.1,+61.0,+66.5,+73.0,+71.8,+71.9,+17.3,+17.7,+18.0,+18.2,+18.5,+18.7,+18.6
2023-02-05 12:54,4,+67.0,+60.9,+66.4,+73.0,+71.8,+71.9,+17.6,+17.7,+17.8,+18.2,+18.5,+18.7,+18.6
2023-02-05 13:54,4,+67.0,+60.9,+66.5,+73.0,+71.5,+71.8,+17.7,+17.8,+18.0,+18.2,+18.5,+18.7,+18.6
2023-02-05 14:54,4,+67.0,+60.9,+66.3,+73.0,+71.8,+71.8,+17.8,+17.8,+18.0,+18.2,+18.5,+18.7,+18.6
2023-02-05 15:54,4,+67.0,+60.9,+66.4,+73.0,+71.5,+71.8,+17.8,+18.0,+18.0,+18.2,+18.5,+18.7,+18.6
2023-02-05 16:54,4,+67.0,+60.9,+66.4,+73.0,+71.5,+71.8,+17.7,+18.0,+18.0,+18.2,+18.5,+18.7,+18.6
2023-02-05 17:54,4,+66.9,+60.9,+66.1,+73.0,+71.5,+71.8,+17.7,+18.0,+18.0,+18.2,+18.5,+18.7,+18.6
2023-02-05 18:54,4,+66.9,+60.9,+66.1,+73.0,+71.5,+71.8,+17.6,+18.0,+18.0,+18.2,+18.5,+18.7,+18.6
2023-02-05 19:54,4,+66.9,+60.8,+66.3,+73.0,+71.5,+71.8,+17.6,+18.0,+18.0,+18.2,+18.5,+18.7,+18.6
2023-02-05 20:54,4,+66.9,+60.8,+66.1,+73.0,+71.5,+71.8,+17.6,+18.0,+18.0,+18.2,+18.5,+18.7,+18.6
2023-02-05 21:54,4,+66.9,+60.8,+66.0,+73.0,+71.5,+71.8,+17.5,+18.0,+18.0,+18.2,+18.5,+18.7,+18.6
2023-02-05 22:54,4,+66.9,+60.8,+66.0,+73.0,+71.5,+71.8,+17.5,+18.0,+18.0,+18.1,+18.5,+18.7,+18.6
2023-02-05 23:54,4,+66.8,+60.8,+66.1,+73.0,+71.5,+71.8,+17.5,+18.0,+18.0,+18.2,+18.5,+18.7,+18.6
2023-02-06 00:54,4,+66.8,+60.8,+66.0,+73.0,+71.5,+71.8,+17.3,+17.8,+18.0,+18.2,+18.2,+18.7,+18.6
2023-02-06 01:54,4,+66.8,+60.7,+66.0,+73.0,+71.5,+71.8,+17.5,+17.8,+18.0,+18.2,+18.5,+18.7,+18.6
2023-02-06 02:54,4,+66.8,+60.7,+66.0,+73.0,+71.5,+71.8,+17.3,+17.8,+18.0,+18.1,+18.5,+18.7,+18.6
2023-02-06 03:54,4,+66.8,+60.7,+66.0,+73.0,+71.5,+71.8,+17.3,+17.8,+18.0,+18.1,+18.2,+18.7,+18.6
2023-02-06 04:54,4,+66.8,+60.7,+65.9,+73.0,+71.5,+71.8,+17.3,+17.8,+18.0,+18.2,+18.5,+18.7,+18.6
2023-02-06 05:54,4,+66.8,+60.7,+65.9,+73.0,+71.5,+71.8,+17.3,+17.8,+18.0,+18.2,+18.2,+18.7,+18.6
2023-02-06 06:54,4,+66.9,+60.7,+65.9,+73.0,+71.5,+71.8,+17.3,+17.8,+18.0,+18.2,+18.2,+18.7,+18.6
2023-02-06 07:54,4,+66.9,+60.6,+65.9,+73.0,+71.8,+71.8,+17.3,+17.8,+17.8,+18.2,+18.5,+18.7,+18.6
2023-02-06 08:54,4,+67.0,+60.6,+65.9,+73.0,+71.8,+71.8,+17.3,+17.7,+18.0,+18.1,+18.2,+18.7,+18.6
2023-02-06 09:54,4,+67.5,+61.3,+66.3,+73.0,+71.5,+71.8,+17.5,+17.8,+17.8,+18.1,+18.5,+18.7,+18.6
2023-02-06 10:54,4,+68.0,+61.4,+66.1,+73.0,+71.8,+71.8,+17.5,+17.8,+17.8,+18.2,+18.2,+18.7,+18.6
2023-02-06 11:54,4,+68.0,+61.2,+66.1,+73.0,+71.8,+71.8,+17.7,+17.8,+18.0,+18.2,+18.2,+18.7,+18.6
2023-02-06 12:54,4,+67.9,+60.8,+66.1,+73.0,+71.8,+71.8,+17.7,+17.8,+17.8,+18.1,+18.2,+18.7,+18.6
2023-02-06 13:54,4,+67.9,+60.9,+66.0,+73.0,+71.8,+71.8,+17.8,+18.0,+17.8,+18.1,+18.2,+18.7,+18.6
2023-02-06 14:54,4,+67.9,+60.9,+66.0,+73.0,+71.8,+71.8,+18.0,+18.0,+18.0,+18.1,+18.2,+18.7,+18.6
2023-02-06 15:54,4,+67.9,+60.9,+66.0,+73.0,+71.8,+71.8,+18.0,+18.0,+18.0,+18.1,+18.2,+18.7,+18.6
2023-02-06 16:54,4,+67.9,+60.9,+66.0,+73.0,+71.8,+71.8,+18.0,+18.1,+18.0,+18.1,+18.2,+18.7,+18.5
2023-02-06 17:54,4,+68.1,+60.9,+66.0,+73.0,+71.8,+71.8,+18.0,+18.1,+18.0,+18.1,+18.2,+18.7,+18.6
2023-02-06 18:54,4,+68.6,+66.3,+66.5,+73.0,+71.8,+71.8,+18.0,+18.1,+18.0,+18.1,+18.2,+18.7,+18.6
2023-02-06 19:54,4,+69.4,+61.5,+66.5,+73.0,+71.8,+71.8,+17.8,+18.2,+18.0,+18.1,+18.2,+18.7,+18.6
2023-02-06 20:54,4,+70.1,+61.5,+67.5,+73.0,+71.8,+71.8,+17.8,+18.1,+18.0,+18.1,+18.2,+18.7,+18.6
2023-02-06 21:54,4,+70.5,+61.6,+67.5,+73.0,+71.8,+71.8,+17.8,+18.1,+18.1,+18.1,+18.2,+18.7,+18.6
2023-02-06 22:54,4,+70.9,+61.8,+67.5,+73.0,+71.8,+71.8,+17.8,+18.1,+18.0,+18.1,+18.2,+18.7,+18.6
2023-02-06 23:54,4,+70.7,+62.8,+68.4,+73.0,+71.8,+71.8,+17.8,+18.1,+18.1,+18.1,+18.2,+18.7,+18.6
2023-02-07 00:54,4,+70.1,+62.2,+68.3,+73.0,+71.5,+71.8,+17.8,+18.2,+18.0,+18.1,+18.2,+18.7,+18.6
2023-02-07 01:54,4,+70.2,+62.3,+68.4,+73.0,+71.5,+71.8,+17.8,+18.1,+18.0,+18.1,+18.2,+18.7,+18.6
2023-02-07 02:54,4,+69.8,+62.3,+68.3,+73.0,+71.8,+71.8,+17.8,+18.1,+18.1,+18.2,+18.2,+18.7,+18.5
2023-02-07 03:54,4,+69.7,+62.2,+68.1,+73.0,+71.8,+71.8,+17.8,+18.1,+18.1,+18.2,+18.2,+18.7,+18.6
2023-02-07 04:54,4,+69.8,+62.2,+68.0,+73.0,+71.8,+71.8,+17.8,+18.1,+18.1,+18.1,+18.2,+18.7,+18.6
2023-02-07 05:54,4,+69.6,+62.2,+67.9,+73.0,+71.8,+71.8,+17.8,+18.1,+18.1,+18.1,+18.2,+18.7,+18.5
2023-02-07 06:54,4,+69.5,+62.1,+67.6,+73.0,+71.5,+71.8,+17.8,+18.1,+18.1,+18.1,+18.2,+18.7,+18.5
2023-02-07 07:54,4,+69.4,+62.1,+67.6,+73.0,+71.8,+71.8,+17.8,+18.1,+18.1,+18.1,+18.2,+18.7,+18.6
2023-02-07 08:54,4,+69.3,+62.1,+67.5,+73.0,+71.8,+71.8,+17.8,+18.1,+18.1,+18.1,+18.2,+18.7,+18.5
2023-02-07 09:54,4,+69.2,+62.0,+67.3,+73.0,+71.8,+71.8,+17.8,+18.1,+18.1,+18.1,+18.2,+18.7,+18.5
2023-02-07 10:54,4,+69.0,+61.9,+67.0,+73.0,+71.8,+71.9,+18.0,+18.2,+18.1,+18.1,+18.2,+18.7,+18.5
2023-02-07 11:54,4,+69.0,+61.9,+66.8,+73.0,+71.8,+71.8,+18.1,+18.2,+18.0,+18.1,+18.2,+18.7,+18.5
2023-02-07 12:54,4,+68.8,+61.8,+66.9,+73.1,+71.9,+71.9,+18.3,+18.2,+18.1,+18.1,+18.2,+18.7,+18.5
2023-02-07 13:54,4,+68.7,+61.8,+66.6,+73.0,+71.8,+71.9,+18.5,+18.2,+18.0,+18.1,+18.2,+18.7,+18.5
2023-02-07 14:54,4,+68.7,+61.7,+66.6,+73.0,+71.8,+71.9,+18.6,+18.3,+18.1,+18.2,+18.2,+18.7,+18.5
2023-02-07 15:54,4,+68.6,+61.7,+66.5,+73.0,+71.8,+71.9,+18.7,+18.5,+18.2,+18.1,+18.2,+18.7,+18.5
2023-02-07 16:54,4,+68.5,+61.7,+66.5,+73.0,+71.8,+71.8,+18.6,+18.5,+18.1,+18.1,+18.2,+18.7,+18.5
2023-02-07 17:54,4,+68.5,+61.6,+66.5,+73.0,+71.8,+71.8,+18.5,+18.6,+18.2,+18.1,+18.2,+18.7,+18.5
2023-02-07 18:54,4,+69.8,+61.9,+66.5,+73.0,+71.5,+71.8,+18.5,+18.6,+18.2,+18.2,+18.2,+18.7,+18.5
2023-02-07 19:54,4,+69.4,+61.8,+66.5,+73.0,+71.5,+71.8,+18.3,+18.6,+18.2,+18.1,+18.2,+18.7,+18.5
2023-02-07 20:54,4,+69.4,+61.8,+66.4,+73.0,+71.5,+71.8,+18.3,+18.6,+18.2,+18.2,+18.2,+18.7,+18.5
2023-02-07 21:54,4,+69.7,+61.9,+66.4,+73.0,+71.5,+71.5,+18.3,+18.6,+18.3,+18.2,+18.2,+18.7,+18.5
2023-02-07 22:54,4,+69.6,+62.0,+66.4,+73.0,+71.5,+71.5,+18.2,+18.6,+18.3,+18.2,+18.2,+18.7,+18.5
2023-02-07 23:54,4,+69.5,+62.0,+66.5,+73.0,+71.5,+71.8,+18.1,+18.6,+18.3,+18.2,+18.2,+18.7,+18.5
2023-02-08 00:54,4,+69.4,+62.0,+66.4,+73.0,+71.5,+71.5,+18.1,+18.5,+18.3,+18.2,+18.2,+18.7,+18.5
2023-02-08 01:54,4,+69.3,+61.9,+66.4,+73.0,+71.5,+71.8,+18.0,+18.5,+18.2,+18.2,+18.2,+18.7,+18.5
2023-02-08 02:54,4,+69.2,+61.9,+66.4,+73.0,+71.5,+71.5,+18.0,+18.5,+18.3,+18.2,+18.2,+18.7,+18.5
2023-02-08 03:54,4,+69.1,+61.9,+66.3,+73.0,+71.5,+71.5,+18.0,+18.3,+18.2,+18.2,+18.2,+18.7,+18.5
2023-02-08 04:54,4,+69.1,+61.9,+66.4,+73.0,+71.5,+71.5,+17.8,+18.3,+18.3,+18.2,+18.2,+18.7,+18.5
2023-02-08 05:54,4,+69.1,+61.8,+66.3,+73.0,+71.5,+71.5,+17.8,+18.3,+18.2,+18.2,+18.2,+18.7,+18.5
2023-02-08 06:54,4,+69.1,+61.8,+66.3,+73.0,+71.5,+71.8,+17.8,+18.3,+18.2,+18.3,+18.2,+18.7,+18.5
2023-02-08 07:54,4,+69.0,+61.7,+66.4,+73.0,+71.8,+71.8,+17.8,+18.3,+18.2,+18.2,+18.2,+18.7,+18.5
2023-02-08 08:54,4,+68.9,+61.7,+66.4,+73.0,+71.8,+71.8,+17.8,+18.2,+18.2,+18.2,+18.2,+18.7,+18.5
2023-02-08 09:54,4,+68.8,+61.7,+66.3,+73.0,+71.8,+71.8,+17.8,+18.2,+18.2,+18.2,+18.2,+18.7,+18.5
2023-02-08 10:54,4,+68.7,+61.6,+66.3,+73.0,+71.8,+71.9,+18.0,+18.2,+18.1,+18.3,+18.2,+18.7,+18.5
2023-02-08 11:54,4,+68.6,+61.5,+66.1,+73.0,+71.9,+71.9,+18.2,+18.2,+18.2,+18.2,+18.2,+18.7,+18.5
2023-02-08 12:54,4,+68.5,+61.5,+66.1,+73.1,+71.9,+72.0,+18.6,+18.3,+18.1,+18.2,+18.2,+18.7,+18.5
2023-02-08 13:54,4,+68.4,+61.4,+66.1,+73.0,+71.9,+72.0,+18.7,+18.5,+18.2,+18.2,+18.2,+18.7,+18.5
2023-02-08 14:54,4,+68.4,+61.4,+66.0,+73.0,+71.9,+71.9,+19.0,+18.5,+18.2,+18.2,+18.5,+18.7,+18.5
2023-02-08 15:54,4,+68.4,+61.4,+66.0,+73.0,+71.9,+71.9,+19.0,+18.7,+18.2,+18.2,+18.2,+18.7,+18.5
2023-02-08 16:54,4,+68.4,+61.4,+66.0,+73.0,+71.8,+71.8,+19.0,+18.7,+18.2,+18.2,+18.2,+18.7,+18.5
2023-02-08 17:54,4,+68.4,+61.4,+66.0,+73.0,+71.5,+71.8,+18.8,+18.8,+18.3,+18.2,+18.2,+18.7,+18.5
2023-02-08 18:54,4,+68.5,+61.4,+66.0,+73.0,+71.8,+71.8,+18.7,+18.8,+18.3,+18.2,+18.5,+18.7,+18.5
2023-02-08 19:54,4,+68.6,+61.4,+65.9,+72.8,+71.8,+71.8,+18.6,+18.8,+18.3,+18.2,+18.2,+18.7,+18.5
2023-02-08 20:54,4,+68.7,+61.4,+66.0,+72.8,+71.8,+71.8,+18.6,+18.8,+18.5,+18.3,+18.2,+18.7,+18.5
2023-02-08 21:54,4,+68.8,+61.4,+65.9,+72.6,+71.8,+71.8,+18.5,+18.8,+18.5,+18.3,+18.2,+18.7,+18.6
2023-02-08 22:54,4,+68.7,+61.4,+66.0,+72.6,+71.8,+71.8,+18.3,+18.7,+18.5,+18.3,+18.2,+18.7,+18.5
2023-02-08 23:54,4,+68.7,+61.4,+65.9,+72.5,+71.8,+71.8,+18.2,+18.7,+18.5,+18.3,+18.5,+18.7,+18.5
2023-02-09 00:54,4,+68.6,+61.4,+66.0,+72.5,+71.8,+71.8,+18.1,+18.7,+18.5,+18.3,+18.2,+18.7,+18.5
2023-02-09 01:54,4,+68.5,+61.3,+66.0,+72.5,+71.8,+71.8,+18.1,+18.6,+18.5,+18.3,+18.5,+18.7,+18.5
2023-02-09 02:54,4,+68.4,+61.3,+65.8,+72.3,+71.8,+71.8,+18.0,+18.6,+18.5,+18.3,+18.5,+18.7,+18.5
2023-02-09 03:54,4,+68.4,+61.3,+65.8,+72.1,+71.8,+71.8,+18.0,+18.5,+18.3,+18.3,+18.5,+18.7,+18.5
2023-02-09 04:54,4,+68.3,+61.2,+65.8,+72.0,+71.8,+71.8,+17.8,+18.5,+18.5,+18.3,+18.5,+18.7,+18.5
2023-02-09 05:54,4,+68.2,+61.2,+65.9,+72.1,+71.5,+71.8,+17.8,+18.5,+18.5,+18.3,+18.5,+18.7,+18.5
2023-02-09 06:54,4,+68.2,+61.2,+65.6,+72.0,+71.8,+71.8,+17.7,+18.3,+18.3,+18.3,+18.5,+18.7,+18.5
2023-02-09 07:54,4,+68.1,+61.1,+65.8,+72.0,+71.5,+71.8,+17.7,+18.3,+18.3,+18.3,+18.2,+18.7,+18.5
2023-02-09 08:54,4,+68.1,+61.1,+65.6,+71.9,+71.8,+71.8,+17.8,+18.3,+18.3,+18.3,+18.5,+18.7,+18.5
2023-02-09 09:54,4,+68.1,+61.1,+65.6,+71.9,+71.8,+71.9,+17.8,+18.3,+18.2,+18.3,+18.5,+18.7,+18.5
2023-02-09 10:54,4,+67.8,+61.0,+65.5,+71.6,+72.0,+72.0,+18.5,+18.3,+18.2,+18.3,+18.5,+18.7,+18.5
2023-02-09 11:54,4,+67.8,+61.0,+65.6,+71.6,+72.0,+72.0,+18.8,+18.5,+18.3,+18.3,+18.5,+18.7,+18.5
2023-02-09 12:54,4,+67.8,+60.9,+65.5,+71.5,+71.9,+72.0,+19.1,+18.6,+18.2,+18.3,+18.5,+18.7,+18.5
2023-02-09 13:54,4,+67.7,+60.9,+65.6,+71.4,+71.9,+71.9,+19.1,+18.7,+18.3,+18.3,+18.5,+18.7,+18.5
2023-02-09 14:54,4,+67.6,+60.8,+65.5,+71.1,+71.8,+71.9,+19.2,+18.8,+18.3,+18.3,+18.5,+18.7,+18.5
2023-02-09 15:54,4,+67.6,+60.8,+65.5,+71.0,+71.8,+71.9,+19.1,+19.0,+18.3,+18.3,+18.5,+18.7,+18.5
2023-02-09 16:54,4,+67.6,+60.8,+65.5,+71.0,+71.8,+71.8,+19.0,+19.0,+18.5,+18.3,+18.5,+18.7,+18.5
2023-02-09 17:54,4,+67.6,+60.8,+65.4,+70.9,+71.5,+71.8,+18.8,+19.0,+18.5,+18.3,+18.5,+18.7,+18.5
2023-02-09 18:54,4,+67.6,+60.8,+65.5,+70.8,+71.8,+71.8,+18.7,+19.0,+18.5,+18.3,+18.5,+18.7,+18.5
2023-02-09 19:54,4,+67.5,+60.8,+65.5,+70.5,+71.8,+71.8,+18.6,+18.8,+18.5,+18.3,+18.2,+18.7,+18.5
2023-02-09 20:54,4,+67.5,+60.8,+65.4,+70.3,+71.5,+71.8,+18.5,+19.0,+18.6,+18.3,+18.5,+18.7,+18.5
2023-02-09 21:54,4,+67.4,+60.8,+65.4,+70.1,+71.5,+71.5,+18.3,+18.8,+18.6,+18.5,+18.5,+18.7,+18.5
2023-02-09 22:54,4,+67.4,+60.8,+65.5,+70.0,+71.5,+71.5,+18.3,+18.8,+18.6,+18.5,+18.5,+18.7,+18.6
2023-02-09 23:54,4,+67.3,+60.7,+65.3,+69.9,+71.5,+71.5,+18.2,+18.8,+18.5,+18.5,+18.5,+18.7,+18.5
2023-02-10 00:54,4,+67.3,+60.7,+65.5,+69.9,+71.5,+71.5,+18.2,+18.7,+18.5,+18.5,+18.5,+18.7,+18.5
2023-02-10 01:54,4,+67.3,+60.7,+65.3,+69.5,+71.8,+71.5,+18.1,+18.7,+18.5,+18.5,+18.5,+18.7,+18.6
2023-02-10 02:54,4,+67.2,+60.7,+65.4,+69.4,+71.5,+71.5,+18.1,+18.6,+18.6,+18.5,+18.5,+18.7,+18.5
2023-02-10 03:54,4,+67.2,+60.6,+65.4,+69.3,+71.8,+71.8,+18.0,+18.6,+18.5,+18.5,+18.5,+18.7,+18.5
2023-02-10 04:54,4,+67.2,+60.6,+65.4,+69.1,+71.8,+71.8,+18.0,+18.5,+18.5,+18.5,+18.5,+18.7,+18.5
2023-02-10 05:54,4,+67.2,+60.6,+65.1,+68.9,+71.5,+71.5,+18.0,+18.5,+18.5,+18.5,+18.5,+18.7,+18.5
2023-02-10 06:54,4,+67.2,+60.6,+65.4,+68.9,+71.5,+71.8,+18.0,+18.5,+18.5,+18.5,+18.5,+18.7,+18.5
2023-02-10 07:54,4,+67.3,+60.5,+65.1,+68.6,+71.8,+71.8,+18.0,+18.5,+18.5,+18.5,+18.5,+18.7,+18.5
2023-02-10 08:54,4,+67.3,+60.5,+65.1,+68.5,+71.8,+71.8,+18.0,+18.5,+18.3,+18.5,+18.5,+18.7,+18.5
2023-02-10 09:54,4,+67.3,+60.5,+65.3,+68.5,+71.8,+71.8,+18.1,+18.5,+18.3,+18.5,+18.5,+18.7,+18.5
2023-02-10 10:54,4,+67.4,+60.5,+65.3,+68.3,+71.8,+71.8,+18.2,+18.5,+18.3,+18.5,+18.5,+18.7,+18.6
2023-02-10 11:54,4,+67.2,+60.5,+65.3,+68.0,+71.9,+71.9,+18.5,+18.5,+18.3,+18.3,+18.5,+18.7,+18.5
2023-02-10 12:54,4,+67.3,+60.4,+65.1,+68.0,+71.8,+71.9,+18.6,+18.6,+18.3,+18.3,+18.5,+18.7,+18.5
2023-02-10 13:54,4,+67.3,+60.4,+65.1,+67.9,+71.8,+71.8,+18.7,+18.6,+18.3,+18.5,+18.6,+18.7,+18.6
2023-02-10 14:54,4,+69.2,+61.3,+65.6,+73.0,+71.5,+71.8,+18.6,+18.7,+18.3,+18.3,+18.5,+18.7,+18.6
2023-02-10 15:54,4,+69.2,+60.7,+65.5,+70.8,+71.5,+71.8,+18.6,+18.7,+18.3,+18.5,+18.5,+18.7,+18.5
2023-02-10 16:54,4,+69.5,+60.6,+65.5,+71.0,+71.5,+71.8,+18.5,+18.8,+18.5,+18.5,+18.5,+18.7,+18.5
2023-02-10 17:54,4,+69.5,+60.7,+65.5,+72.6,+71.5,+71.5,+18.5,+18.7,+18.5,+18.5,+18.5,+18.7,+18.6
2023-02-10 18:54,4,+68.8,+60.7,+65.5,+72.9,+71.5,+71.8,+18.3,+18.7,+18.5,+18.5,+18.6,+18.7,+18.5
2023-02-10 19:54,4,+69.0,+60.8,+65.5,+72.6,+71.5,+71.5,+18.2,+18.7,+18.5,+18.5,+18.5,+18.7,+18.5
2023-02-10 20:54,4,+69.5,+61.1,+65.6,+72.6,+71.8,+71.8,+18.2,+18.7,+18.5,+18.5,+18.5,+18.7,+18.5
2023-02-10 21:54,4,+69.7,+61.2,+65.5,+72.8,+71.8,+71.8,+18.1,+18.6,+18.5,+18.3,+18.5,+18.7,+18.6
2023-02-10 22:54,4,+69.8,+61.3,+65.5,+72.6,+71.8,+71.8,+18.1,+18.7,+18.5,+18.5,+18.5,+18.7,+18.5
2023-02-10 23:54,4,+69.8,+61.3,+65.5,+72.6,+71.8,+71.5,+18.1,+18.5,+18.5,+18.5,+18.5,+18.7,+18.5
2023-02-11 00:54,4,+69.7,+61.3,+65.5,+72.6,+71.5,+71.5,+18.0,+18.6,+18.3,+18.5,+18.5,+18.7,+18.6
2023-02-11 01:54,4,+69.6,+61.3,+65.5,+72.5,+71.5,+71.5,+18.0,+18.5,+18.5,+18.5,+18.5,+18.7,+18.6
2023-02-11 02:54,4,+69.5,+61.3,+65.4,+72.4,+71.5,+71.5,+17.8,+18.5,+18.3,+18.5,+18.5,+18.7,+18.5
2023-02-11 03:54,4,+69.4,+61.3,+65.5,+72.5,+71.5,+71.8,+17.8,+18.5,+18.5,+18.5,+18.5,+18.7,+18.5
2023-02-11 04:54,4,+69.4,+61.3,+65.4,+72.3,+71.8,+71.8,+17.8,+18.3,+18.3,+18.5,+18.6,+18.7,+18.5
2023-02-11 05:54,4,+69.3,+61.3,+65.4,+72.0,+71.5,+71.8,+17.7,+18.3,+18.3,+18.5,+18.5,+18.7,+18.6
2023-02-11 06:54,4,+69.2,+61.3,+65.4,+72.0,+71.5,+71.8,+17.7,+18.3,+18.3,+18.5,+18.6,+18.7,+18.5
2023-02-11 07:54,4,+69.2,+61.3,+65.5,+72.1,+71.8,+71.5,+17.8,+18.3,+18.3,+18.5,+18.6,+18.7,+18.6
2023-02-11 08:54,4,+69.5,+61.3,+65.4,+72.0,+71.8,+71.5,+18.0,+18.3,+18.2,+18.5,+18.5,+18.7,+18.6
2023-02-11 09:54,4,+69.6,+61.3,+65.5,+72.0,+71.8,+71.8,+18.0,+18.3,+18.3,+18.5,+18.6,+18.7,+18.6
2023-02-11 10:54,4,+69.4,+61.3,+65.5,+72.0,+71.9,+71.9,+18.2,+18.3,+18.2,+18.5,+18.5,+18.7,+18.6
2023-02-11 11:54,4,+69.4,+61.3,+65.5,+72.0,+71.9,+71.9,+18.3,+18.5,+18.2,+18.5,+18.5,+18.7,+18.5
2023-02-11 12:54,4,+69.3,+61.2,+65.5,+72.0,+71.9,+71.9,+18.6,+18.5,+18.2,+18.3,+18.5,+18.7,+18.5
2023-02-11 13:54,4,+69.2,+61.2,+65.4,+71.8,+71.9,+71.9,+18.8,+18.6,+18.2,+18.5,+18.5,+18.7,+18.5
2023-02-11 14:54,4,+69.1,+61.2,+65.3,+71.6,+71.8,+71.8,+18.8,+18.7,+18.3,+18.3,+18.5,+18.7,+18.5
2023-02-11 15:54,4,+69.1,+61.2,+65.3,+71.6,+71.8,+71.9,+18.8,+18.8,+18.3,+18.3,+18.5,+18.7,+18.6
2023-02-11 16:54,4,+69.0,+61.1,+65.5,+71.8,+71.8,+71.8,+18.8,+18.8,+18.3,+18.3,+18.5,+18.7,+18.5
2023-02-11 17:54,4,+68.9,+61.1,+65.3,+71.5,+71.5,+71.8,+18.6,+18.8,+18.3,+18.3,+18.5,+18.7,+18.6
2023-02-11 18:54,4,+68.9,+61.1,+65.5,+71.6,+71.5,+71.8,+18.6,+18.8,+18.5,+18.5,+18.5,+18.7,+18.6
2023-02-11 19:54,4,+68.8,+61.1,+65.3,+71.5,+71.5,+71.8,+18.3,+18.8,+18.5,+18.3,+18.6,+18.7,+18.5
2023-02-11 20:54,4,+68.6,+61.1,+65.4,+71.5,+71.5,+71.8,+18.2,+18.8,+18.5,+18.3,+18.5,+18.7,+18.5
2023-02-11 21:54,4,+68.6,+61.0,+65.3,+71.5,+71.5,+71.8,+18.1,+18.7,+18.5,+18.5,+18.5,+18.7,+18.5
2023-02-11 22:54,4,+68.5,+61.0,+65.4,+71.5,+71.5,+71.8,+18.1,+18.7,+18.5,+18.5,+18.5,+18.7,+18.6
2023-02-11 23:54,4,+68.4,+61.0,+65.3,+71.3,+71.8,+71.8,+18.0,+18.6,+18.5,+18.5,+18.5,+18.7,+18.5
2023-02-12 00:54,4,+68.4,+60.9,+65.3,+71.3,+71.8,+71.8,+18.0,+18.6,+18.5,+18.5,+18.5,+18.7,+18.5
2023-02-12 01:54,4,+68.3,+60.9,+65.4,+71.3,+71.5,+71.8,+18.0,+18.6,+18.5,+18.5,+18.5,+18.7,+18.6
2023-02-12 02:54,4,+68.3,+60.9,+65.3,+71.0,+71.8,+71.8,+17.8,+18.5,+18.3,+18.5,+18.5,+18.7,+18.6
2023-02-12 03:54,4,+68.2,+60.9,+65.1,+71.0,+71.5,+71.8,+17.8,+18.5,+18.3,+18.5,+18.6,+18.7,+18.5
2023-02-12 04:54,4,+68.1,+60.8,+65.1,+70.8,+71.5,+71.8,+17.8,+18.5,+18.3,+18.3,+18.5,+18.7,+18.5
2023-02-12 05:54,4,+68.1,+60.8,+65.1,+70.8,+71.8,+71.8,+17.7,+18.5,+18.3,+18.3,+18.5,+18.7,+18.5
2023-02-12 06:54,4,+68.2,+60.8,+65.3,+70.8,+71.8,+71.8,+17.7,+18.3,+18.3,+18.5,+18.5,+18.7,+18.5
2023-02-12 07:54,4,+68.1,+60.7,+65.1,+70.5,+71.8,+71.9,+17.7,+18.3,+18.3,+18.5,+18.5,+18.7,+18.6
2023-02-12 08:54,4,+68.1,+60.7,+65.1,+70.3,+71.8,+71.9,+17.8,+18.3,+18.3,+18.3,+18.5,+18.7,+18.6
2023-02-12 09:54,4,+68.0,+60.7,+65.3,+70.3,+71.9,+71.9,+18.0,+18.3,+18.3,+18.3,+18.5,+18.7,+18.5
2023-02-12 10:54,4,+67.9,+60.6,+65.0,+69.9,+71.9,+71.9,+18.3,+18.3,+18.2,+18.3,+18.6,+18.7,+18.6
2023-02-12 11:54,4,+67.9,+60.6,+65.1,+69.8,+71.9,+72.0,+18.6,+18.5,+18.2,+18.3,+18.5,+18.7,+18.5
2023-02-12 12:54,4,+67.8,+60.6,+65.1,+69.6,+71.9,+71.9,+18.7,+18.6,+18.2,+18.3,+18.5,+18.7,+18.6
2023-02-12 13:54,4,+67.8,+60.5,+65.1,+69.5,+71.8,+71.9,+18.8,+18.7,+18.2,+18.5,+18.5,+18.7,+18.6
2023-02-12 14:54,4,+67.8,+60.5,+65.0,+69.4,+71.8,+71.9,+18.8,+18.7,+18.3,+18.3,+18.5,+18.7,+18.5
2023-02-12 15:54,4,+67.8,+60.5,+65.0,+69.3,+71.8,+71.9,+18.7,+18.7,+18.3,+18.5,+18.5,+18.7,+18.6
2023-02-12 16:54,4,+67.8,+60.5,+65.0,+69.0,+71.8,+71.8,+18.6,+18.8,+18.5,+18.3,+18.6,+18.7,+18.5
2023-02-12 17:54,4,+67.8,+60.5,+65.0,+69.0,+71.5,+71.5,+18.6,+18.8,+18.5,+18.3,+18.5,+18.7,+18.6
2023-02-12 18:54,4,+67.8,+60.5,+65.0,+68.8,+71.8,+71.8,+18.3,+18.7,+18.5,+18.5,+18.5,+18.7,+18.6
2023-02-12 19:54,4,+69.4,+61.0,+65.6,+68.9,+71.5,+71.5,+18.3,+18.7,+18.5,+18.3,+18.5,+18.7,+18.6
2023-02-12 20:54,4,+68.5,+60.7,+65.0,+68.6,+71.5,+71.5,+18.2,+18.7,+18.5,+18.5,+18.5,+18.7,+18.6
2023-02-12 21:54,4,+69.2,+60.8,+65.1,+68.6,+71.5,+71.8,+18.1,+18.6,+18.5,+18.5,+18.6,+18.7,+18.6
2023-02-12 22:54,4,+71.6,+61.8,+66.0,+69.1,+71.5,+71.5,+18.1,+18.6,+18.5,+18.5,+18.5,+19.0,+18.6
2023-02-12 23:54,4,+70.1,+60.9,+65.3,+68.5,+71.5,+71.5,+18.0,+18.6,+18.5,+18.5,+18.5,+18.7,+18.5
2023-02-13 00:54,4,+71.5,+61.1,+65.4,+69.0,+71.5,+71.5,+18.0,+18.5,+18.5,+18.5,+18.5,+18.7,+18.6
2023-02-13 01:54,4,+73.7,+64.1,+72.9,+72.9,+71.5,+71.5,+17.8,+18.5,+18.5,+18.3,+18.5,+18.7,+18.6
2023-02-13 02:54,4,+71.9,+63.7,+72.9,+72.9,+71.5,+71.5,+17.8,+18.5,+18.5,+18.5,+18.6,+18.7,+18.6
2023-02-13 03:54,4,+72.2,+74.0,+72.9,+72.9,+71.5,+71.5,+17.8,+18.3,+18.3,+18.5,+18.5,+18.7,+18.6
2023-02-13 04:54,4,+71.0,+67.5,+72.9,+72.9,+71.5,+71.5,+17.7,+18.5,+18.3,+18.5,+18.6,+18.7,+18.6
2023-02-13 05:54,4,+70.8,+62.2,+72.9,+72.9,+71.5,+71.5,+17.7,+18.3,+18.3,+18.5,+18.5,+18.7,+18.6
2023-02-13 06:54,4,+70.8,+62.0,+72.9,+72.9,+71.5,+71.5,+17.7,+18.3,+18.3,+18.5,+18.5,+18.7,+18.6
2023-02-13 07:54,4,+70.6,+62.0,+72.9,+72.9,+71.5,+71.5,+17.7,+18.2,+18.3,+18.5,+18.5,+18.7,+18.6
2023-02-13 08:54,4,+70.4,+61.9,+72.9,+73.0,+71.5,+71.8,+17.8,+18.2,+18.2,+18.5,+18.5,+18.7,+18.6
2023-02-13 09:54,4,+70.2,+61.9,+70.8,+73.0,+71.5,+71.8,+18.0,+18.2,+18.2,+18.3,+18.6,+18.7,+18.6
2023-02-13 10:54,4,+70.1,+61.8,+66.5,+73.0,+71.8,+71.8,+18.1,+18.2,+18.2,+18.3,+18.5,+18.7,+18.6
2023-02-13 11:54,4,+69.9,+61.7,+66.0,+73.0,+71.8,+71.9,+18.3,+18.3,+18.2,+18.3,+18.6,+18.7,+18.5
2023-02-13 12:54,4,+69.9,+61.7,+66.0,+73.0,+71.5,+71.8,+18.5,+18.3,+18.2,+18.3,+18.5,+18.7,+18.6
2023-02-13 13:54,4,+69.8,+61.7,+66.0,+73.0,+71.8,+71.8,+18.6,+18.5,+18.3,+18.3,+18.5,+18.7,+18.6
2023-02-13 14:54,4,+69.8,+61.6,+66.0,+73.0,+71.5,+71.8,+18.5,+18.6,+18.3,+18.3,+18.5,+18.7,+18.6
2023-02-13 15:54,4,+69.7,+61.6,+65.9,+73.0,+71.5,+71.8,+18.5,+18.6,+18.3,+18.3,+18.5,+18.7,+18.6
2023-02-13 16:54,4,+70.6,+61.9,+66.4,+73.0,+71.5,+71.5,+18.5,+18.6,+18.3,+18.3,+18.5,+18.7,+18.6
2023-02-13 17:54,4,+73.0,+63.8,+72.9,+72.9,+71.5,+71.5,+18.3,+18.6,+18.3,+18.3,+18.5,+18.7,+18.6
2023-02-13 18:54,4,+72.2,+62.3,+72.9,+72.9,+71.5,+71.5,+18.2,+18.6,+18.3,+18.3,+18.5,+18.7,+18.6
2023-02-13 19:54,4,+71.1,+62.3,+72.9,+72.9,+71.5,+71.5,+18.2,+18.6,+18.5,+18.3,+18.5,+18.7,+18.6
2023-02-13 20:54,4,+71.3,+62.5,+72.9,+72.9,+71.5,+71.5,+18.1,+18.6,+18.3,+18.3,+18.5,+18.7,+18.6
2023-02-13 21:54,4,+71.1,+62.4,+72.9,+72.9,+71.5,+71.5,+18.1,+18.6,+18.5,+18.3,+18.5,+18.7,+18.5
2023-02-13 22:54,4,+70.9,+62.4,+72.9,+72.9,+71.5,+71.5,+18.0,+18.5,+18.5,+18.3,+18.5,+18.7,+18.6
2023-02-13 23:54,4,+70.8,+62.4,+72.9,+72.9,+71.5,+71.5,+18.0,+18.5,+18.3,+18.3,+18.5,+18.7,+18.6
2023-02-14 00:54,4,+70.8,+62.3,+72.9,+72.9,+71.5,+71.5,+18.0,+18.5,+18.3,+18.3,+18.6,+18.7,+18.5
2023-02-14 01:54,4,+70.8,+62.3,+72.9,+72.9,+71.5,+71.5,+17.8,+18.3,+18.3,+18.5,+18.5,+18.7,+18.6
2023-02-14 02:54,4,+70.6,+62.3,+72.9,+72.9,+71.5,+71.5,+17.7,+18.3,+18.3,+18.3,+18.5,+18.7,+18.6
2023-02-14 03:54,4,+70.5,+62.2,+72.9,+72.9,+71.5,+71.5,+17.7,+18.3,+18.3,+18.3,+18.5,+18.7,+18.6
2023-02-14 04:54,4,+70.4,+62.1,+72.9,+73.0,+71.5,+71.5,+17.7,+18.2,+18.3,+18.3,+18.5,+18.7,+18.5
2023-02-14 05:54,4,+70.2,+62.1,+72.3,+72.9,+71.5,+71.5,+17.6,+18.2,+18.2,+18.3,+18.5,+18.7,+18.5
2023-02-14 06:54,4,+70.2,+62.0,+71.9,+72.9,+71.5,+71.5,+17.7,+18.2,+18.3,+18.5,+18.5,+18.7,+18.6
2023-02-14 07:54,4,+70.2,+62.0,+71.5,+73.0,+71.5,+71.5,+17.7,+18.2,+18.2,+18.3,+18.5,+18.7,+18.6
2023-02-14 08:54,4,+70.3,+61.9,+71.0,+73.0,+71.5,+71.8,+17.7,+18.2,+18.2,+18.5,+18.5,+18.7,+18.5
2023-02-14 09:54,4,+70.2,+61.9,+70.5,+73.0,+71.5,+71.8,+18.0,+18.1,+18.2,+18.3,+18.5,+18.7,+18.5
2023-02-14 10:54,4,+70.2,+61.8,+70.1,+73.0,+71.8,+71.8,+18.2,+18.2,+18.2,+18.3,+18.5,+18.7,+18.6
2023-02-14 11:54,4,+70.1,+61.8,+69.5,+73.0,+71.8,+71.9,+18.5,+18.3,+18.2,+18.3,+18.5,+18.7,+18.6
2023-02-14 12:54,4,+70.0,+61.7,+69.0,+73.0,+71.8,+71.8,+18.6,+18.3,+18.2,+18.3,+18.5,+18.7,+18.6
2023-02-14 13:54,4,+69.9,+61.7,+68.6,+73.0,+71.8,+71.8,+18.7,+18.5,+18.2,+18.3,+18.5,+18.7,+18.5
2023-02-14 14:54,4,+69.8,+61.7,+68.3,+73.0,+71.8,+71.8,+18.8,+18.6,+18.3,+18.3,+18.5,+18.7,+18.6
2023-02-14 15:54,4,+69.8,+61.6,+68.0,+73.0,+71.5,+71.8,+18.7,+18.6,+18.3,+18.3,+18.5,+18.7,+18.6
2023-02-14 16:54,4,+69.7,+61.6,+68.0,+73.0,+71.5,+71.5,+18.7,+18.6,+18.3,+18.3,+18.5,+18.7,+18.6
2023-02-14 17:54,4,+69.7,+61.6,+67.8,+73.0,+71.5,+71.5,+18.6,+18.6,+18.3,+18.3,+18.5,+18.7,+18.6
2023-02-14 18:54,4,+69.6,+61.6,+67.4,+73.0,+71.5,+71.5,+18.5,+18.7,+18.5,+18.3,+18.5,+18.7,+18.5
2023-02-14 19:54,4,+69.6,+61.6,+67.0,+73.0,+71.5,+71.5,+18.3,+18.6,+18.5,+18.3,+18.5,+18.7,+18.6
2023-02-14 20:54,4,+69.6,+61.5,+66.5,+73.0,+71.5,+71.5,+18.3,+18.6,+18.5,+18.3,+18.5,+18.7,+18.5
2023-02-14 21:54,4,+69.6,+61.5,+66.1,+73.0,+71.5,+71.5,+18.2,+18.6,+18.5,+18.3,+18.5,+18.7,+18.6
2023-02-14 22:54,4,+69.6,+61.5,+66.3,+73.0,+71.5,+71.5,+18.2,+18.6,+18.5,+18.3,+18.5,+18.7,+18.6
2023-02-14 23:54,4,+69.6,+61.5,+66.0,+73.0,+71.5,+71.5,+18.1,+18.6,+18.5,+18.3,+18.5,+18.7,+18.5
2023-02-15 00:54,4,+69.6,+61.5,+66.0,+73.0,+71.5,+71.5,+18.0,+18.5,+18.5,+18.5,+18.5,+18.7,+18.6
2023-02-15 01:54,4,+69.6,+61.5,+66.1,+73.0,+71.5,+71.5,+18.1,+18.5,+18.5,+18.5,+18.5,+18.7,+18.6
2023-02-15 02:54,4,+69.5,+61.4,+66.0,+73.0,+71.5,+71.5,+18.0,+18.5,+18.3,+18.3,+18.5,+18.7,+18.5
2023-02-15 03:54,4,+69.5,+61.4,+66.0,+72.9,+71.5,+71.5,+17.8,+18.5,+18.3,+18.3,+18.6,+18.7,+18.6
2023-02-15 04:54,4,+69.5,+61.8,+66.0,+72.9,+71.5,+71.5,+17.8,+18.3,+18.3,+18.3,+18.5,+18.7,+18.5
2023-02-15 05:54,4,+69.5,+61.6,+66.0,+73.0,+71.5,+71.5,+17.8,+18.3,+18.3,+18.3,+18.5,+18.7,+18.5
2023-02-15 06:54,4,+69.5,+61.6,+66.0,+73.0,+71.5,+71.5,+17.8,+18.3,+18.3,+18.5,+18.5,+18.7,+18.5
2023-02-15 07:54,4,+69.5,+61.6,+66.0,+73.0,+71.5,+71.5,+17.8,+18.3,+18.3,+18.3,+18.6,+18.7,+18.6
2023-02-15 08:54,4,+69.5,+61.6,+66.0,+73.0,+71.5,+71.8,+18.0,+18.2,+18.2,+18.3,+18.5,+18.7,+18.6
2023-02-15 09:54,4,+69.5,+61.5,+66.0,+73.0,+71.5,+71.8,+18.1,+18.3,+18.3,+18.3,+18.6,+18.7,+18.5
2023-02-15 10:54,4,+69.4,+61.5,+65.8,+73.0,+71.5,+71.8,+18.2,+18.3,+18.3,+18.3,+18.5,+18.7,+18.6
2023-02-15 11:54,4,+69.4,+61.5,+65.8,+73.0,+71.5,+71.8,+18.3,+18.3,+18.3,+18.3,+18.5,+18.7,+18.6
2023-02-15 12:54,4,+69.4,+61.5,+65.9,+71.5,+71.5,+71.8,+18.5,+18.5,+18.3,+18.3,+18.5,+18.7,+18.6
2023-02-15 13:54,4,+69.4,+61.5,+65.9,+68.9,+71.5,+71.8,+18.6,+18.5,+18.2,+18.3,+18.6,+18.7,+18.5
2023-02-15 14:54,4,+69.5,+61.5,+65.9,+67.0,+71.5,+71.8,+18.6,+18.6,+18.3,+18.3,+18.5,+18.7,+18.6
2023-02-15 15:54,4,+69.5,+61.5,+65.9,+66.8,+71.5,+71.5,+18.6,+18.6,+18.3,+18.3,+18.5,+18.7,+18.6
2023-02-15 16:54,4,+69.7,+61.7,+65.9,+66.6,+71.5,+71.5,+18.5,+18.6,+18.3,+18.3,+18.5,+18.7,+18.6
2023-02-15 17:54,4,+69.9,+61.8,+65.6,+66.5,+71.5,+71.5,+18.5,+18.6,+18.3,+18.3,+18.5,+18.7,+18.6
2023-02-15 18:54,4,+70.0,+61.8,+65.6,+66.0,+71.5,+71.5,+18.3,+18.6,+18.5,+18.3,+18.5,+18.7,+18.5
2023-02-15 19:54,4,+70.0,+61.8,+65.8,+65.9,+71.5,+71.5,+18.2,+18.6,+18.5,+18.5,+18.6,+18.7,+18.5
2023-02-15 20:54,4,+69.9,+61.8,+65.8,+65.0,+71.5,+71.5,+18.2,+18.6,+18.5,+18.3,+18.5,+18.7,+18.6
2023-02-15 21:54,4,+69.8,+61.8,+65.8,+64.3,+71.5,+71.5,+18.1,+18.6,+18.5,+18.5,+18.6,+18.7,+18.6
2023-02-15 22:54,4,+69.8,+61.8,+65.8,+63.4,+71.5,+71.5,+18.1,+18.5,+18.3,+18.3,+18.5,+18.7,+18.5
2023-02-15 23:54,4,+69.7,+61.8,+65.6,+62.7,+71.5,+71.5,+18.0,+18.5,+18.5,+18.3,+18.5,+18.7,+18.5
2023-02-16 00:54,4,+69.7,+61.7,+65.5,+62.5,+71.5,+71.5,+18.0,+18.5,+18.5,+18.5,+18.6,+18.7,+18.6
2023-02-16 01:54,4,+69.6,+61.7,+65.5,+62.5,+71.5,+71.5,+18.0,+18.5,+18.3,+18.5,+18.5,+18.7,+18.6
2023-02-16 02:54,4,+69.6,+61.7,+65.5,+62.5,+71.5,+71.5,+18.0,+18.5,+18.3,+18.5,+18.5,+18.7,+18.6
2023-02-16 03:54,4,+69.5,+61.9,+65.5,+62.5,+71.5,+71.8,+17.8,+18.3,+18.3,+18.5,+18.6,+18.7,+18.5
2023-02-16 04:54,4,+69.5,+61.8,+65.6,+62.5,+71.5,+71.8,+18.0,+18.3,+18.3,+18.3,+18.5,+18.7,+18.5
2023-02-16 05:54,4,+69.4,+61.8,+65.5,+62.4,+71.5,+71.8,+17.8,+18.3,+18.3,+18.3,+18.5,+18.7,+18.6
2023-02-16 06:54,4,+69.4,+61.6,+65.6,+62.5,+71.5,+71.8,+17.8,+18.3,+18.3,+18.5,+18.5,+18.7,+18.5
2023-02-16 07:54,4,+69.3,+61.6,+65.6,+62.5,+71.8,+71.8,+18.0,+18.2,+18.3,+18.5,+18.5,+18.7,+18.5
2023-02-16 08:54,4,+69.4,+61.6,+65.5,+62.2,+71.8,+71.9,+18.0,+18.2,+18.3,+18.5,+18.6,+18.7,+18.6
2023-02-16 09:54,4,+69.3,+61.5,+65.5,+62.5,+71.8,+71.9,+18.3,+18.2,+18.3,+18.3,+18.6,+18.7,+18.6
2023-02-16 10:54,4,+69.2,+61.5,+65.5,+62.2,+71.9,+72.0,+18.5,+18.5,+18.3,+18.5,+18.6,+18.7,+18.6
2023-02-16 11:54,4,+69.3,+61.5,+65.4,+62.2,+71.9,+72.0,+18.8,+18.5,+18.3,+18.3,+18.5,+18.7,+18.5
2023-02-16 12:54,4,+69.3,+61.4,+65.4,+62.2,+71.9,+71.9,+19.0,+18.6,+18.3,+18.3,+18.6,+18.7,+18.6
2023-02-16 13:54,4,+69.3,+61.4,+65.4,+62.2,+71.9,+71.9,+19.1,+18.7,+18.3,+18.3,+18.5,+18.7,+18.6
2023-02-16 14:54,4,+69.3,+61.4,+65.5,+62.4,+71.8,+71.9,+19.1,+18.7,+18.5,+18.3,+18.5,+18.7,+18.6
2023-02-16 15:54,4,+69.2,+61.4,+65.4,+62.2,+71.8,+71.8,+19.1,+18.8,+18.3,+18.3,+18.6,+18.7,+18.6
2023-02-16 16:54,4,+71.4,+62.9,+65.8,+62.2,+71.8,+71.8,+19.1,+19.0,+18.5,+18.3,+18.5,+18.7,+18.5
2023-02-16 17:54,4,+71.7,+62.4,+65.8,+63.9,+71.5,+71.5,+19.0,+19.0,+18.6,+18.5,+18.5,+18.7,+18.5
2023-02-16 18:54,4,+71.7,+62.4,+65.9,+73.0,+71.5,+71.5,+18.8,+19.0,+18.6,+18.3,+18.6,+18.7,+18.6
2023-02-16 19:54,4,+73.2,+62.5,+72.9,+72.9,+71.5,+71.5,+18.8,+19.0,+18.6,+18.5,+18.5,+18.7,+18.5
2023-02-16 20:54,4,+72.1,+62.5,+72.9,+72.9,+71.5,+71.5,+18.7,+19.0,+18.6,+18.5,+18.6,+18.7,+18.6
2023-02-16 21:54,4,+71.8,+62.5,+72.9,+72.9,+71.5,+71.5,+18.6,+19.0,+18.6,+18.5,+18.5,+18.7,+18.5
2023-02-16 22:54,4,+72.1,+62.7,+72.9,+72.9,+71.5,+71.5,+18.6,+18.8,+18.6,+18.5,+18.6,+18.7,+18.5
2023-02-16 23:54,4,+71.8,+62.7,+72.9,+72.9,+71.5,+71.5,+18.5,+18.8,+18.6,+18.5,+18.6,+18.7,+18.5
2023-02-17 00:54,4,+71.6,+62.7,+72.9,+72.9,+71.5,+71.5,+18.6,+18.8,+18.6,+18.5,+18.6,+18.7,+18.5
2023-02-17 01:54,4,+71.4,+62.7,+72.9,+73.0,+71.5,+71.5,+18.5,+18.7,+18.6,+18.6,+18.6,+18.7,+18.6
2023-02-17 02:54,4,+71.4,+62.6,+70.5,+73.0,+71.5,+71.5,+18.5,+18.8,+18.7,+18.5,+18.6,+18.7,+18.6
2023-02-17 03:54,4,+71.4,+62.7,+67.6,+73.0,+71.5,+71.5,+18.5,+18.7,+18.7,+18.5,+18.6,+18.7,+18.6
2023-02-17 04:54,4,+73.2,+66.4,+72.3,+73.0,+71.5,+71.5,+18.5,+18.7,+18.7,+18.5,+18.6,+18.7,+18.6
2023-02-17 05:54,4,+72.5,+63.2,+72.9,+72.9,+71.5,+71.5,+18.3,+18.7,+18.6,+18.6,+18.6,+18.7,+18.6
2023-02-17 06:54,4,+72.5,+63.2,+72.9,+72.9,+71.5,+71.5,+18.3,+18.7,+18.6,+18.6,+18.6,+18.7,+18.6
2023-02-17 07:54,4,+72.2,+63.1,+72.9,+73.0,+71.5,+71.5,+18.3,+18.7,+18.6,+18.5,+18.5,+18.7,+18.6
2023-02-17 08:54,4,+72.2,+63.1,+73.0,+73.0,+71.5,+71.5,+18.5,+18.7,+18.6,+18.6,+18.6,+18.7,+18.5
2023-02-17 09:54,4,+72.0,+63.1,+70.8,+73.0,+71.5,+71.8,+18.6,+18.7,+18.6,+18.5,+18.6,+18.7,+18.6
2023-02-17 10:54,4,+71.9,+63.0,+67.6,+73.0,+71.5,+71.8,+18.8,+18.7,+18.6,+18.6,+18.6,+18.7,+18.5
2023-02-17 11:54,4,+71.7,+63.0,+66.5,+73.0,+71.5,+71.8,+19.0,+18.8,+18.6,+18.5,+18.6,+18.7,+18.6
2023-02-17 12:54,4,+71.7,+63.0,+66.3,+73.0,+71.5,+71.5,+19.1,+18.8,+18.6,+18.6,+18.6,+18.7,+18.5
2023-02-17 13:54,4,+71.8,+63.0,+66.3,+73.0,+71.5,+71.5,+19.1,+18.8,+18.6,+18.5,+18.6,+18.7,+18.5
2023-02-17 14:54,4,+71.9,+63.1,+66.5,+73.0,+71.5,+71.5,+19.1,+19.0,+18.7,+18.6,+18.6,+18.7,+18.5
2023-02-17 15:54,4,+72.2,+63.2,+66.4,+72.0,+71.5,+71.5,+19.0,+19.0,+18.7,+18.6,+18.6,+19.0,+18.6
2023-02-17 16:54,4,+72.8,+63.7,+72.9,+72.9,+71.5,+71.5,+18.8,+19.0,+18.7,+18.6,+18.6,+18.7,+18.6
2023-02-17 17:54,4,+73.3,+74.0,+72.8,+72.9,+71.5,+71.5,+18.7,+19.0,+18.7,+18.6,+18.6,+18.7,+18.6
2023-02-17 18:54,4,+74.0,+74.1,+72.9,+72.9,+71.5,+71.5,+18.6,+19.0,+18.8,+18.6,+18.6,+18.7,+18.6
2023-02-17 19:54,4,+74.0,+74.0,+72.8,+72.9,+71.5,+71.5,+18.5,+19.0,+18.7,+18.6,+18.6,+18.7,+18.6
2023-02-17 20:54,4,+72.6,+74.0,+72.9,+72.9,+71.5,+71.5,+18.5,+18.8,+18.7,+18.6,+18.6,+18.7,+18.6
2023-02-17 21:54,4,+72.2,+74.0,+72.8,+72.9,+71.5,+71.5,+18.2,+18.8,+18.7,+18.6,+18.6,+18.7,+18.6
2023-02-17 22:54,4,+71.9,+66.0,+72.8,+72.9,+71.5,+71.5,+18.2,+18.7,+18.7,+18.6,+18.6,+18.7,+18.6
2023-02-17 23:54,4,+71.7,+63.6,+72.8,+72.9,+71.5,+71.5,+18.1,+18.7,+18.7,+18.6,+18.6,+18.7,+18.6
2023-02-18 00:54,4,+71.5,+63.4,+72.8,+72.9,+71.5,+71.5,+18.1,+18.6,+18.7,+18.6,+18.6,+18.7,+18.6
2023-02-18 01:54,4,+71.4,+63.3,+72.8,+72.9,+71.5,+71.5,+18.0,+18.6,+18.6,+18.6,+18.7,+18.7,+18.6
2023-02-18 02:54,4,+71.4,+63.2,+72.9,+72.9,+71.5,+71.5,+17.8,+18.5,+18.6,+18.6,+18.6,+18.7,+18.6
2023-02-18 03:54,4,+71.3,+63.1,+68.8,+72.9,+71.5,+71.5,+17.7,+18.5,+18.6,+18.6,+18.6,+18.7,+18.5
2023-02-18 04:54,4,+71.3,+63.0,+66.9,+72.9,+71.5,+71.5,+17.7,+18.3,+18.6,+18.6,+18.6,+18.7,+18.6
2023-02-18 05:54,4,+71.2,+63.0,+66.5,+72.9,+71.5,+71.5,+17.6,+18.3,+18.5,+18.6,+18.7,+18.7,+18.6
2023-02-18 06:54,4,+71.0,+62.9,+66.6,+72.9,+71.5,+71.5,+17.6,+18.3,+18.6,+18.6,+18.7,+18.7,+18.5
2023-02-18 07:54,4,+70.9,+62.8,+66.5,+73.0,+71.5,+71.5,+17.6,+18.2,+18.5,+18.5,+18.6,+18.7,+18.6
2023-02-18 08:54,4,+70.8,+62.7,+66.6,+71.8,+71.5,+71.8,+17.7,+18.2,+18.5,+18.6,+18.6,+18.7,+18.6
2023-02-18 09:54,4,+70.8,+62.6,+66.5,+69.4,+71.8,+71.8,+18.1,+18.1,+18.3,+18.6,+18.6,+18.7,+18.6
2023-02-18 10:54,4,+70.8,+62.6,+66.5,+67.5,+71.5,+71.5,+18.2,+18.2,+18.3,+18.6,+18.6,+18.7,+18.6
2023-02-18 11:54,4,+71.2,+62.7,+66.5,+73.0,+71.5,+71.8,+18.2,+18.2,+18.3,+18.5,+18.7,+19.0,+18.6
2023-02-18 12:54,4,+70.9,+62.6,+66.5,+73.0,+71.5,+71.8,+18.3,+18.3,+18.3,+18.5,+18.7,+19.0,+18.6
2023-02-18 13:54,4,+70.8,+62.5,+66.5,+70.9,+71.5,+71.5,+18.2,+18.5,+18.3,+18.5,+18.7,+19.0,+18.6
2023-02-18 14:54,4,+71.6,+63.0,+72.9,+72.9,+71.5,+71.5,+18.2,+18.5,+18.3,+18.5,+18.6,+18.7,+18.6
2023-02-18 15:54,4,+71.5,+62.6,+70.0,+72.9,+71.5,+71.5,+18.0,+18.5,+18.3,+18.5,+18.6,+19.0,+18.6
2023-02-18 16:54,4,+71.4,+62.6,+66.6,+72.9,+71.5,+71.5,+18.0,+18.5,+18.5,+18.5,+18.6,+18.7,+18.6
2023-02-18 17:54,4,+71.3,+62.6,+66.5,+72.9,+71.5,+71.5,+17.8,+18.5,+18.3,+18.5,+18.7,+18.7,+18.6
2023-02-18 18:54,4,+71.2,+62.5,+66.5,+72.9,+71.5,+71.5,+17.7,+18.3,+18.3,+18.5,+18.6,+18.7,+18.6
2023-02-18 19:54,4,+71.1,+62.5,+66.5,+72.9,+71.5,+71.5,+17.6,+18.3,+18.3,+18.5,+18.6,+18.7,+18.6
2023-02-18 20:54,4,+71.0,+62.5,+66.5,+71.5,+71.5,+71.5,+17.6,+18.2,+18.3,+18.5,+18.6,+18.7,+18.6
2023-02-18 21:54,4,+70.9,+62.5,+66.4,+69.5,+71.5,+71.5,+17.5,+18.2,+18.3,+18.5,+18.6,+18.7,+18.6
2023-02-18 22:54,4,+70.9,+62.5,+66.4,+67.6,+71.5,+71.5,+17.5,+18.1,+18.3,+18.5,+18.6,+19.0,+18.6
2023-02-18 23:54,4,+70.8,+62.5,+66.3,+66.1,+71.5,+71.5,+17.3,+18.1,+18.3,+18.5,+18.6,+18.7,+18.6
2023-02-19 00:54,4,+70.8,+62.5,+66.5,+64.8,+71.5,+71.5,+17.3,+18.1,+18.2,+18.3,+18.6,+18.7,+18.6
2023-02-19 01:54,4,+70.8,+62.4,+66.3,+63.5,+71.5,+71.5,+17.2,+18.0,+18.2,+18.5,+18.6,+18.7,+18.6
2023-02-19 02:54,4,+70.8,+62.4,+66.3,+62.7,+71.5,+71.5,+17.1,+17.8,+18.2,+18.3,+18.6,+19.0,+18.6
2023-02-19 03:54,4,+70.7,+62.3,+66.3,+62.5,+71.5,+71.5,+17.1,+17.8,+18.2,+18.3,+18.6,+18.7,+18.6
2023-02-19 04:54,4,+70.6,+62.3,+66.4,+62.7,+71.5,+71.5,+17.0,+17.8,+18.2,+18.3,+18.6,+18.7,+18.6
2023-02-19 05:54,4,+70.5,+62.2,+66.4,+62.7,+71.5,+71.5,+17.0,+17.8,+18.1,+18.3,+18.6,+18.7,+18.6
2023-02-19 06:54,4,+70.5,+62.2,+66.1,+62.5,+71.5,+71.5,+17.0,+17.7,+18.1,+18.3,+18.6,+18.7,+18.6
2023-02-19 07:54,4,+70.4,+62.2,+66.1,+62.5,+71.5,+71.5,+17.1,+17.7,+18.1,+18.3,+18.6,+18.7,+18.6
2023-02-19 08:54,4,+70.3,+62.1,+66.3,+62.5,+71.8,+71.8,+17.2,+17.7,+18.0,+18.3,+18.6,+18.7,+18.6
2023-02-19 09:54,4,+70.2,+62.0,+66.3,+62.5,+71.8,+71.9,+17.5,+17.7,+18.0,+18.3,+18.6,+18.7,+18.6
2023-02-19 10:54,4,+70.2,+62.0,+66.3,+62.5,+71.8,+71.9,+17.7,+17.7,+18.0,+18.2,+18.6,+18.7,+18.6
2023-02-19 11:54,4,+70.2,+62.0,+66.1,+62.5,+71.8,+71.8,+17.8,+17.8,+18.0,+18.2,+18.6,+18.7,+18.6
2023-02-19 12:54,4,+70.1,+61.9,+66.0,+62.5,+71.8,+71.8,+18.0,+18.0,+18.0,+18.2,+18.6,+18.7,+18.6
2023-02-19 13:54,4,+70.2,+61.9,+66.0,+62.4,+71.5,+71.8,+18.0,+18.0,+18.0,+18.2,+18.6,+18.7,+18.6
2023-02-19 14:54,4,+70.1,+61.9,+66.1,+62.5,+71.8,+71.8,+17.8,+18.1,+18.0,+18.2,+18.6,+18.7,+18.6
2023-02-19 15:54,4,+70.2,+61.9,+66.0,+62.5,+71.5,+71.8,+17.8,+18.0,+18.1,+18.2,+18.5,+18.7,+18.6
2023-02-19 16:54,4,+70.2,+61.9,+66.0,+62.4,+71.5,+71.8,+17.8,+18.1,+18.1,+18.2,+18.5,+18.7,+18.6
2023-02-19 17:54,4,+70.2,+61.9,+66.0,+62.2,+71.5,+71.8,+17.7,+18.1,+18.1,+18.2,+18.5,+18.7,+18.5
2023-02-19 18:54,4,+70.2,+61.9,+65.9,+62.2,+71.5,+71.5,+17.7,+18.1,+18.1,+18.2,+18.5,+18.7,+18.6
2023-02-19 19:54,4,+70.8,+62.4,+66.3,+62.4,+71.5,+71.5,+17.7,+18.1,+18.1,+18.2,+18.5,+18.7,+18.6
2023-02-19 20:54,4,+70.6,+62.0,+66.0,+62.5,+71.5,+71.5,+17.6,+18.1,+18.2,+18.2,+18.5,+18.7,+18.6
2023-02-19 21:54,4,+71.0,+62.5,+66.5,+63.2,+71.5,+71.5,+17.6,+18.0,+18.1,+18.2,+18.5,+18.7,+18.5
2023-02-19 22:54,4,+71.5,+62.6,+66.3,+71.5,+71.5,+71.5,+17.5,+18.0,+18.1,+18.2,+18.5,+18.7,+18.6
2023-02-19 23:54,4,+73.5,+70.6,+72.4,+72.9,+71.5,+71.5,+17.5,+18.0,+18.1,+18.2,+18.5,+18.7,+18.5
2023-02-20 00:54,4,+73.6,+68.5,+72.8,+72.9,+71.5,+71.5,+17.5,+18.0,+18.1,+18.2,+18.5,+18.7,+18.6
2023-02-20 01:54,4,+73.5,+74.0,+72.8,+72.9,+71.5,+71.5,+17.5,+17.8,+18.1,+18.2,+18.5,+18.7,+18.5
2023-02-20 02:54,4,+72.9,+68.3,+72.8,+72.9,+71.5,+71.5,+17.3,+17.8,+18.1,+18.2,+18.5,+18.7,+18.6
2023-02-20 03:54,4,+72.3,+62.9,+72.8,+72.9,+71.5,+71.5,+17.3,+17.8,+18.0,+18.2,+18.5,+18.7,+18.6
2023-02-20 04:54,4,+72.0,+62.5,+72.8,+72.9,+71.5,+71.5,+17.3,+17.8,+18.0,+18.2,+18.5,+18.7,+18.5
2023-02-20 05:54,4,+71.8,+62.5,+72.8,+72.9,+71.5,+71.5,+17.3,+17.8,+18.0,+18.2,+18.5,+18.7,+18.5
2023-02-20 06:54,4,+71.6,+62.5,+72.9,+72.9,+71.5,+71.5,+17.3,+17.8,+18.0,+18.2,+18.5,+18.7,+18.5
2023-02-20 07:54,4,+71.5,+62.5,+72.9,+73.0,+71.5,+71.8,+17.3,+17.7,+18.0,+18.2,+18.5,+18.7,+18.6
2023-02-20 08:54,4,+71.4,+62.5,+72.6,+73.0,+71.5,+71.8,+17.6,+17.7,+18.0,+18.2,+18.5,+18.7,+18.5
2023-02-20 09:54,4,+71.2,+62.4,+69.4,+73.0,+71.8,+71.8,+17.8,+17.8,+18.0,+18.2,+18.5,+18.7,+18.5
2023-02-20 10:54,4,+71.1,+62.4,+66.8,+73.1,+71.9,+71.9,+18.2,+17.8,+18.0,+18.1,+18.5,+18.7,+18.5
2023-02-20 11:54,4,+71.1,+62.3,+66.5,+73.1,+71.9,+71.9,+18.6,+18.0,+18.0,+18.1,+18.5,+18.7,+18.5
2023-02-20 12:54,4,+71.0,+62.3,+66.3,+73.0,+71.8,+71.9,+19.0,+18.1,+18.0,+18.1,+18.5,+18.7,+18.5
2023-02-20 13:54,4,+71.0,+62.3,+66.4,+73.0,+71.8,+71.8,+19.0,+18.3,+18.0,+18.1,+18.5,+18.7,+18.5
2023-02-20 14:54,4,+70.9,+62.3,+66.3,+73.0,+71.8,+71.8,+19.1,+18.5,+18.1,+18.1,+18.5,+18.7,+18.5
2023-02-20 15:54,4,+70.9,+62.3,+66.1,+73.0,+71.5,+71.8,+19.0,+18.6,+18.1,+18.1,+18.5,+18.7,+18.5
2023-02-20 16:54,4,+70.9,+62.3,+66.0,+72.0,+71.5,+71.5,+19.0,+18.7,+18.2,+18.1,+18.5,+18.7,+18.5
2023-02-20 17:54,4,+70.9,+62.3,+66.0,+70.4,+71.5,+71.5,+18.8,+18.7,+18.3,+18.2,+18.2,+18.7,+18.5
2023-02-20 18:54,4,+70.8,+62.3,+66.0,+68.8,+71.5,+71.5,+18.7,+18.7,+18.3,+18.2,+18.5,+18.7,+18.5
2023-02-20 19:54,4,+74.0,+72.1,+72.8,+72.9,+71.5,+71.5,+18.6,+18.7,+18.3,+18.2,+18.2,+18.7,+18.5
2023-02-20 20:54,4,+74.0,+74.0,+72.8,+72.9,+71.5,+71.5,+18.5,+18.7,+18.3,+18.2,+18.2,+18.7,+18.5
2023-02-20 21:54,4,+74.0,+65.3,+72.8,+72.9,+71.5,+71.5,+18.3,+18.6,+18.5,+18.2,+18.5,+18.7,+18.5
2023-02-20 22:54,4,+73.6,+63.2,+72.8,+72.9,+71.5,+71.5,+18.2,+18.6,+18.5,+18.2,+18.5,+18.7,+18.5
2023-02-20 23:54,4,+73.2,+63.2,+72.8,+72.9,+71.5,+71.5,+18.2,+18.6,+18.5,+18.2,+18.5,+18.7,+18.5
2023-02-21 00:54,4,+72.8,+63.2,+72.8,+72.9,+71.5,+71.5,+18.1,+18.6,+18.5,+18.3,+18.5,+18.7,+18.5
2023-02-21 01:54,4,+72.6,+63.2,+72.9,+72.9,+71.5,+71.5,+18.0,+18.5,+18.5,+18.3,+18.5,+18.7,+18.5
2023-02-21 02:54,4,+72.4,+63.1,+69.0,+72.9,+71.5,+71.5,+18.0,+18.3,+18.5,+18.3,+18.5,+18.7,+18.5
2023-02-21 03:54,4,+72.2,+63.0,+66.6,+72.9,+71.5,+71.5,+17.8,+18.3,+18.3,+18.3,+18.5,+18.7,+18.5
2023-02-21 04:54,4,+72.1,+63.0,+66.5,+72.9,+71.5,+71.5,+17.8,+18.3,+18.3,+18.3,+18.5,+18.7,+18.5
2023-02-21 05:54,4,+71.9,+63.0,+66.5,+72.9,+71.5,+71.5,+17.7,+18.3,+18.3,+18.3,+18.5,+18.7,+18.5
2023-02-21 06:54,4,+71.8,+62.9,+66.5,+73.0,+71.5,+71.8,+17.7,+18.2,+18.3,+18.3,+18.5,+18.7,+18.5
2023-02-21 07:54,4,+71.7,+62.9,+66.5,+73.0,+71.8,+71.8,+17.8,+18.2,+18.3,+18.3,+18.5,+18.7,+18.5
2023-02-21 08:54,4,+71.5,+62.8,+66.5,+73.0,+71.8,+71.8,+18.1,+18.2,+18.3,+18.3,+18.5,+18.7,+18.5
2023-02-21 09:54,4,+71.5,+62.8,+66.5,+71.6,+71.8,+71.9,+18.5,+18.3,+18.2,+18.3,+18.5,+18.7,+18.5
2023-02-21 10:54,4,+71.4,+62.7,+66.5,+70.0,+71.9,+72.0,+19.0,+18.3,+18.2,+18.3,+18.5,+18.7,+18.5
2023-02-21 11:54,4,+71.3,+62.7,+66.5,+68.3,+71.9,+71.9,+19.2,+18.5,+18.2,+18.3,+18.5,+18.7,+18.5
2023-02-21 12:54,4,+71.2,+62.7,+66.5,+66.5,+71.8,+71.9,+19.5,+18.7,+18.3,+18.3,+18.5,+18.7,+18.5
2023-02-21 13:54,4,+71.2,+62.6,+66.5,+65.0,+71.8,+71.9,+19.5,+18.8,+18.3,+18.3,+18.5,+18.7,+18.5
2023-02-21 14:54,4,+71.2,+62.6,+66.5,+63.9,+71.5,+71.8,+19.5,+18.8,+18.5,+18.3,+18.5,+18.7,+18.5
2023-02-21 15:54,4,+71.2,+62.6,+66.5,+63.0,+71.5,+71.8,+19.5,+19.1,+18.5,+18.3,+18.5,+18.7,+18.5
2023-02-21 16:54,4,+71.1,+62.6,+66.5,+62.7,+71.5,+71.5,+19.2,+19.1,+18.6,+18.3,+18.5,+18.7,+18.5
2023-02-21 17:54,4,+71.1,+62.6,+66.4,+62.5,+71.5,+71.5,+19.1,+19.1,+18.6,+18.3,+18.5,+18.7,+18.5
2023-02-21 18:54,4,+71.1,+62.6,+66.5,+62.7,+71.5,+71.5,+19.0,+19.0,+18.7,+18.3,+18.5,+18.7,+18.5
2023-02-21 19:54,4,+71.1,+62.6,+66.4,+62.5,+71.5,+71.5,+18.7,+19.1,+18.7,+18.3,+18.5,+18.7,+18.5
2023-02-21 20:54,4,+71.1,+62.6,+66.5,+62.7,+71.5,+71.5,+18.7,+19.0,+18.7,+18.5,+18.5,+18.7,+18.5
2023-02-21 21:54,4,+71.0,+62.6,+66.5,+62.5,+71.5,+71.5,+18.5,+19.0,+18.7,+18.5,+18.5,+18.7,+18.5
2023-02-21 22:54,4,+71.0,+62.6,+66.4,+62.5,+71.5,+71.5,+18.5,+18.8,+18.7,+18.5,+18.5,+18.7,+18.5
2023-02-21 23:54,4,+71.0,+62.6,+66.5,+62.5,+71.5,+71.5,+18.3,+18.8,+18.7,+18.5,+18.5,+18.7,+18.5
2023-02-22 00:54,4,+71.0,+62.6,+66.5,+62.5,+71.5,+71.5,+18.3,+18.7,+18.7,+18.5,+18.6,+18.7,+18.5
2023-02-22 01:54,4,+70.9,+62.6,+66.4,+62.5,+71.5,+71.5,+18.2,+18.7,+18.6,+18.5,+18.6,+18.7,+18.5
2023-02-22 02:54,4,+70.9,+62.6,+66.4,+62.5,+71.5,+71.5,+18.1,+18.6,+18.6,+18.5,+18.6,+18.7,+18.5
2023-02-22 03:54,4,+70.8,+62.6,+66.4,+62.5,+71.5,+71.5,+18.0,+18.6,+18.6,+18.5,+18.6,+18.7,+18.5
2023-02-22 04:54,4,+70.8,+62.5,+66.5,+62.5,+71.5,+71.5,+17.8,+18.6,+18.6,+18.5,+18.6,+18.7,+18.5
2023-02-22 05:54,4,+70.8,+62.5,+66.4,+62.5,+71.5,+71.5,+17.8,+18.5,+18.6,+18.5,+18.6,+18.7,+18.6
2023-02-22 06:54,4,+70.8,+62.5,+66.3,+62.4,+71.5,+71.8,+17.7,+18.3,+18.6,+18.5,+18.6,+18.7,+18.5
2023-02-22 07:54,4,+70.7,+62.5,+66.3,+62.4,+71.8,+71.8,+17.7,+18.3,+18.5,+18.5,+18.6,+18.7,+18.5
2023-02-22 08:54,4,+70.7,+62.5,+66.3,+62.4,+71.8,+71.9,+18.0,+18.2,+18.5,+18.5,+18.6,+18.7,+18.5
2023-02-22 09:54,4,+70.6,+62.4,+66.5,+62.5,+71.8,+71.8,+18.3,+18.3,+18.3,+18.5,+18.6,+18.7,+18.5
2023-02-22 10:54,4,+70.6,+62.4,+66.3,+62.2,+71.8,+71.9,+18.5,+18.3,+18.5,+18.5,+18.6,+18.7,+18.5
2023-02-22 11:54,4,+70.6,+62.4,+66.4,+62.5,+71.8,+71.9,+18.6,+18.5,+18.5,+18.5,+18.6,+18.7,+18.5
2023-02-22 12:54,4,+70.6,+62.3,+66.4,+62.5,+71.8,+71.9,+18.8,+18.6,+18.5,+18.5,+18.6,+18.7,+18.5
2023-02-22 13:54,4,+70.6,+62.3,+66.4,+62.5,+71.8,+71.9,+18.8,+18.6,+18.3,+18.5,+18.6,+18.7,+18.5
2023-02-22 14:54,4,+70.5,+62.3,+66.4,+62.4,+71.8,+71.8,+18.8,+18.7,+18.5,+18.5,+18.6,+18.7,+18.5
2023-02-22 15:54,4,+70.5,+62.3,+66.4,+62.4,+71.5,+71.8,+18.7,+18.7,+18.5,+18.5,+18.6,+18.7,+18.5
2023-02-22 16:54,4,+70.5,+62.3,+66.4,+62.4,+71.5,+71.8,+18.6,+18.7,+18.6,+18.5,+18.6,+18.7,+18.5
2023-02-22 17:54,4,+70.4,+62.3,+66.3,+62.4,+71.5,+71.5,+18.5,+18.7,+18.6,+18.5,+18.6,+18.7,+18.5
2023-02-22 18:54,4,+70.4,+62.3,+66.1,+62.2,+71.5,+71.5,+18.5,+18.7,+18.6,+18.5,+18.6,+18.7,+18.5
2023-02-22 19:54,4,+70.3,+62.3,+66.0,+62.2,+71.5,+71.5,+18.3,+18.7,+18.6,+18.5,+18.6,+18.7,+18.5
2023-02-22 20:54,4,+70.3,+62.2,+66.3,+62.2,+71.5,+71.5,+18.2,+18.7,+18.6,+18.5,+18.6,+18.7,+18.6
2023-02-22 21:54,4,+70.2,+62.2,+66.0,+62.2,+71.5,+71.5,+18.1,+18.6,+18.6,+18.5,+18.6,+18.7,+18.5
2023-02-22 22:54,4,+70.2,+62.2,+66.3,+62.2,+71.5,+71.5,+18.0,+18.6,+18.6,+18.5,+18.6,+18.7,+18.5
2023-02-22 23:54,4,+70.1,+62.2,+66.0,+62.0,+71.5,+71.5,+18.0,+18.5,+18.6,+18.5,+18.6,+18.7,+18.5
2023-02-23 00:54,4,+70.0,+62.2,+66.0,+62.0,+71.5,+71.5,+17.7,+18.5,+18.5,+18.5,+18.6,+18.7,+18.5
2023-02-23 01:54,4,+70.0,+62.1,+66.0,+62.0,+71.5,+71.5,+17.7,+18.5,+18.6,+18.5,+18.6,+18.7,+18.5
2023-02-23 02:54,4,+69.9,+62.1,+66.0,+62.0,+71.5,+71.5,+17.6,+18.3,+18.5,+18.5,+18.6,+18.7,+18.5
2023-02-23 03:54,4,+70.0,+62.1,+66.0,+62.0,+71.5,+71.5,+17.5,+18.2,+18.5,+18.5,+18.6,+18.7,+18.6
2023-02-23 04:54,4,+69.9,+62.1,+66.0,+62.0,+71.5,+71.5,+17.3,+18.2,+18.3,+18.5,+18.6,+18.7,+18.5
2023-02-23 05:54,4,+70.0,+62.0,+66.1,+62.2,+71.5,+71.5,+17.5,+18.2,+18.3,+18.5,+18.6,+18.7,+18.5
2023-02-23 06:54,4,+69.9,+62.0,+66.0,+62.0,+71.5,+71.8,+17.5,+18.1,+18.3,+18.3,+18.6,+18.7,+18.5
2023-02-23 07:54,4,+69.8,+61.9,+66.0,+62.0,+71.8,+71.8,+17.5,+18.1,+18.3,+18.5,+18.6,+18.7,+18.5
2023-02-23 08:54,4,+69.8,+61.9,+66.0,+62.0,+71.8,+71.8,+17.7,+18.0,+18.2,+18.5,+18.6,+18.7,+18.5