
2022-07-12 13:14,2,+18.2,+19.3,+16.7,+13.6,+25.6,+21.6,+19.0,+19.5,+19.5,+19.5,+19.0,+20.0,+18.5
2022-07-12 14:14,2,+18.4,+19.3,+16.7,+13.6,+25.7,+21.6,+19.0,+19.0,+19.5,+19.5,+19.0,+20.0,+18.5
2022-07-12 15:14,2,+18.4,+19.4,+16.8,+13.6,+25.7,+21.7,+19.0,+19.0,+19.5,+19.5,+19.0,+20.0,+18.5
2022-07-12 16:14,2,+18.4,+19.4,+16.8,+13.6,+25.7,+21.7,+19.0,+19.0,+19.5,+19.5,+19.0,+20.0,+18.5
2022-07-12 17:14,2,+18.6,+19.4,+16.8,+13.6,+25.7,+21.7,+19.0,+19.0,+19.5,+19.5,+19.0,+20.0,+18.5
2022-07-12 18:14,2,+18.7,+19.4,+16.8,+13.6,+25.7,+21.7,+19.0,+19.0,+19.0,+19.5,+19.0,+20.0,+19.0
2022-07-12 19:14,2,+18.7,+19.4,+16.8,+13.6,+25.7,+21.7,+19.0,+19.0,+19.0,+19.5,+19.0,+20.0,+19.0
2022-07-12 20:14,2,+18.7,+19.4,+16.8,+13.6,+25.7,+21.7,+19.0,+19.0,+19.5,+19.5,+19.0,+20.0,+19.0
2022-07-12 21:14,2,+18.7,+19.4,+16.8,+13.6,+25.7,+21.7,+19.0,+19.0,+19.5,+19.5,+19.0,+20.0,+18.5
2022-07-12 22:14,2,+18.7,+19.4,+16.8,+13.8,+25.7,+21.7,+19.0,+19.5,+19.5,+19.5,+19.0,+20.0,+18.5
2022-07-12 23:14,2,+18.7,+19.4,+16.8,+13.8,+25.7,+21.7,+18.5,+19.0,+19.5,+19.5,+19.0,+20.0,+18.5
2022-07-13 00:14,2,+18.6,+19.4,+16.8,+13.8,+25.7,+21.7,+18.5,+19.0,+19.5,+19.5,+19.0,+20.0,+18.5
2022-07-13 01:14,2,+18.8,+19.4,+16.8,+13.8,+25.7,+21.7,+18.5,+19.0,+19.5,+19.5,+19.0,+20.0,+18.5
2022-07-13 02:14,2,+18.8,+19.4,+16.8,+13.8,+25.7,+21.7,+18.5,+19.0,+19.5,+19.5,+19.0,+20.0,+18.5
2022-07-13 03:14,2,+18.9,+19.4,+16.8,+13.8,+25.7,+21.7,+18.5,+19.0,+19.5,+19.5,+19.0,+20.0,+18.5
2022-07-13 04:14,2,+18.9,+19.4,+16.8,+13.8,+25.7,+21.7,+18.5,+19.0,+19.5,+19.5,+19.0,+20.0,+19.0
2022-07-13 05:14,2,+18.8,+19.4,+16.8,+13.8,+25.7,+21.7,+18.5,+19.0,+19.5,+19.5,+19.0,+20.0,+18.5
2022-07-13 06:14,2,+18.9,+19.4,+16.8,+13.8,+25.7,+21.7,+18.5,+19.0,+19.0,+19.5,+19.0,+20.0,+18.5
2022-07-13 07:14,2,+18.7,+19.4,+16.8,+13.8,+25.7,+21.7,+18.5,+19.5,+19.0,+19.5,+19.0,+20.0,+19.0
2022-07-13 08:14,2,+18.6,+19.4,+16.8,+13.8,+25.7,+21.7,+18.5,+19.0,+19.0,+19.5,+19.0,+20.0,+18.5
2022-07-13 09:14,2,+18.5,+19.4,+16.8,+13.8,+25.7,+21.7,+19.0,+19.0,+19.0,+19.5,+19.0,+20.0,+18.5
2022-07-13 10:14,2,+18.5,+19.3,+16.8,+13.8,+25.7,+21.7,+19.0,+19.0,+19.5,+19.5,+19.0,+20.0,+18.5
2022-07-13 11:14,2,+18.4,+19.9,+16.8,+13.8,+25.7,+21.7,+19.0,+19.0,+19.0,+19.5,+19.0,+20.0,+18.5
2022-07-13 12:14,2,+18.4,+19.3,+16.8,+13.8,+25.7,+21.7,+19.5,+19.0,+19.0,+19.5,+19.0,+20.0,+18.5
2022-07-13 13:14,2,+18.4,+19.3,+17.0,+13.8,+25.7,+21.7,+19.5,+19.0,+19.0,+19.5,+19.0,+20.0,+18.5
2022-07-13 14:14,2,+18.5,+19.3,+17.0,+13.8,+25.7,+21.7,+19.5,+19.5,+19.0,+19.5,+19.0,+20.0,+18.5
2022-07-13 15:14,2,+25.3,+20.4,+17.0,+13.8,+25.7,+21.7,+19.0,+19.5,+19.0,+19.5,+19.0,+20.0,+19.0
2022-07-13 16:14,2,+21.2,+21.9,+18.0,+13.8,+25.7,+21.7,+19.0,+19.5,+19.5,+19.5,+19.0,+20.0,+19.0
2022-07-13 17:14,2,+22.1,+22.0,+18.2,+14.5,+26.0,+21.7,+19.0,+19.5,+19.5,+19.5,+19.0,+20.0,+18.5
2022-07-13 18:14,2,+21.5,+22.1,+18.2,+14.8,+26.2,+21.7,+18.5,+19.5,+19.5,+19.5,+19.0,+20.0,+18.5
2022-07-13 19:14,2,+21.0,+21.8,+18.2,+15.1,+26.7,+22.1,+18.5,+19.5,+19.5,+19.5,+19.0,+20.0,+18.5
2022-07-13 20:14,2,+20.8,+21.5,+18.2,+15.1,+26.7,+22.6,+18.5,+19.0,+19.5,+19.5,+19.0,+20.0,+18.5
2022-07-13 21:14,2,+20.6,+21.3,+18.1,+15.0,+26.7,+22.7,+18.5,+19.0,+19.5,+19.5,+19.0,+20.0,+18.5
2022-07-13 22:14,2,+20.5,+21.1,+18.0,+14.8,+26.7,+23.0,+18.5,+19.5,+19.5,+19.5,+19.0,+20.0,+18.5
2022-07-13 23:14,2,+20.4,+21.0,+17.8,+14.8,+26.7,+22.7,+18.5,+19.5,+19.5,+19.5,+19.0,+20.0,+19.0
2022-07-14 00:14,2,+20.5,+21.0,+17.8,+14.8,+26.7,+22.7,+18.5,+19.0,+19.5,+19.5,+19.0,+20.0,+18.5
2022-07-14 01:14,2,+20.7,+20.9,+17.7,+14.8,+26.7,+22.7,+18.5,+19.5,+19.5,+19.5,+19.0,+20.0,+18.5
2022-07-14 02:14,2,+20.6,+20.9,+17.7,+14.6,+26.7,+22.7,+18.5,+19.0,+19.5,+19.5,+19.0,+20.0,+18.5
2022-07-14 03:14,2,+20.5,+20.8,+17.7,+14.6,+26.7,+22.7,+18.5,+19.0,+19.5,+19.5,+19.0,+20.0,+18.5
2022-07-14 04:14,2,+20.5,+20.8,+17.7,+14.6,+26.7,+22.7,+18.5,+19.5,+19.5,+19.5,+19.0,+20.0,+18.5
2022-07-14 05:14,2,+20.4,+20.8,+17.7,+14.6,+26.7,+22.7,+18.5,+19.5,+19.0,+19.5,+19.0,+20.0,+18.5
2022-07-14 06:14,2,+20.4,+20.8,+17.7,+14.6,+26.6,+22.7,+18.5,+19.5,+19.5,+19.5,+19.0,+20.0,+18.5
2022-07-14 07:14,2,+20.3,+20.7,+17.7,+14.5,+26.6,+22.7,+18.5,+19.0,+19.0,+19.5,+19.0,+20.0,+18.5
2022-07-14 08:14,2,+20.4,+20.7,+17.6,+14.5,+26.6,+22.6,+18.5,+19.0,+19.5,+19.5,+19.0,+20.0,+18.5
2022-07-14 09:14,2,+20.3,+20.6,+17.6,+14.5,+26.6,+22.6,+18.5,+19.5,+19.0,+19.5,+19.0,+20.0,+18.5
2022-07-14 10:14,2,+20.2,+20.6,+17.6,+14.5,+26.6,+22.6,+19.0,+19.5,+19.0,+19.5,+19.0,+20.0,+18.5
2022-07-14 11:14,2,+20.2,+20.5,+17.6,+14.5,+26.6,+22.6,+19.0,+19.5,+19.0,+19.5,+19.0,+20.0,+18.5
2022-07-14 12:14,2,+20.2,+20.5,+17.6,+14.3,+26.5,+22.6,+19.0,+19.5,+19.0,+19.5,+19.0,+20.0,+18.5
2022-07-14 11:58,2,+20.1,+20.5,+17.6,+14.3,+26.6,+22.6,,,,,,,
2022-07-14 12:58,2,+20.1,+20.5,+17.5,+14.3,+26.5,+22.5,+19.5,+19.0,+19.0,+19.5,+19.0,+20.0,+18.5
2022-07-14 13:58,2,+20.0,+20.5,+17.5,+14.3,+26.6,+22.5,+19.5,+19.5,+19.0,+19.5,+19.0,+20.0,+18.5
2022-07-14 14:58,2,+20.7,+20.5,+17.5,+14.3,+26.6,+22.5,+19.5,+19.5,+19.5,+19.5,+19.0,+20.0,+19.0
2022-07-14 15:58,2,+20.7,+20.8,+17.5,+14.3,+26.5,+22.5,+19.5,+19.5,+19.5,+19.5,+19.0,+20.0,+18.5
2022-07-14 16:58,2,+20.6,+20.7,+17.5,+14.3,+26.5,+22.5,+19.0,+19.5,+19.5,+19.5,+19.0,+20.0,+18.5
2022-07-14 17:58,2,+20.6,+20.7,+17.5,+14.3,+26.5,+22.5,+19.0,+20.0,+19.5,+19.5,+19.0,+20.0,+18.5
2022-07-14 18:58,2,+20.6,+20.8,+17.5,+14.3,+26.5,+22.2,+19.0,+19.5,+19.5,+19.5,+19.0,+20.0,+18.5
2022-07-14 19:58,2,+20.7,+20.8,+17.5,+14.3,+26.5,+22.2,+19.0,+19.5,+19.5,+19.5,+19.0,+20.0,+18.5
2022-07-14 20:58,2,+20.9,+20.5,+17.5,+14.3,+26.5,+22.2,+19.0,+19.5,+19.5,+19.5,+19.0,+20.0,+19.0
2022-07-14 21:58,2,+20.8,+20.5,+17.5,+14.3,+26.5,+22.2,+19.0,+19.5,+19.5,+19.5,+19.0,+20.0,+18.5
2022-07-14 22:58,2,+20.8,+20.2,+17.5,+14.3,+26.5,+22.2,+19.0,+19.5,+19.5,+19.5,+19.0,+20.0,+18.5
2022-07-14 23:58,2,+20.8,+20.3,+17.5,+14.3,+26.5,+22.2,+18.5,+19.0,+19.5,+19.5,+19.0,+20.0,+18.5
2022-07-15 00:58,2,+20.8,+20.3,+17.5,+14.3,+26.5,+22.2,+18.5,+19.5,+19.5,+19.5,+19.0,+20.0,+19.0
2022-07-15 01:58,2,+20.8,+20.2,+17.5,+14.3,+26.5,+22.2,+18.5,+19.5,+19.5,+19.5,+19.0,+20.0,+18.5
2022-07-15 02:58,2,+20.8,+20.2,+17.5,+14.3,+26.5,+22.2,+18.5,+19.5,+19.5,+19.5,+19.0,+20.0,+18.5
2022-07-15 03:58,2,+20.7,+20.3,+17.5,+14.3,+26.5,+22.2,+18.5,+19.0,+19.5,+19.5,+19.0,+20.0,+19.0
2022-07-15 04:58,2,+20.7,+20.3,+17.5,+14.3,+26.5,+22.2,+18.5,+19.0,+19.5,+19.5,+19.0,+20.0,+18.5
2022-07-15 05:58,2,+20.7,+20.4,+17.5,+14.3,+26.5,+22.2,+18.5,+19.0,+19.5,+19.5,+19.0,+20.0,+18.5
2022-07-15 06:58,2,+20.6,+20.1,+17.5,+14.3,+26.5,+22.2,+18.5,+19.0,+19.0,+19.5,+19.0,+20.0,+18.5
2022-07-15 07:58,2,+20.9,+20.2,+17.5,+14.3,+26.5,+22.2,+18.5,+19.5,+19.5,+19.5,+19.0,+20.0,+18.5
2022-07-15 08:58,2,+20.8,+20.1,+17.5,+14.3,+26.5,+22.2,+18.5,+19.0,+19.0,+19.5,+19.0,+20.0,+18.5
2022-07-15 09:58,2,+20.8,+20.1,+17.5,+14.3,+26.5,+22.2,+18.5,+19.0,+19.5,+19.5,+19.0,+20.0,+18.5
2022-07-15 10:58,2,+20.9,+20.0,+17.5,+14.3,+26.5,+22.2,+18.5,+19.5,+19.0,+19.5,+19.0,+20.0,+18.5
2022-07-15 11:58,2,+20.9,+20.0,+17.5,+14.3,+26.5,+22.2,+18.5,+19.0,+19.0,+19.5,+19.0,+20.0,+18.5
2022-07-15 12:58,2,+20.9,+20.0,+17.5,+14.3,+26.5,+22.2,+19.0,+19.0,+19.0,+19.5,+19.0,+20.0,+18.5
2022-07-15 13:58,2,+20.8,+20.2,+17.5,+14.3,+26.5,+22.2,+19.0,+19.0,+19.5,+19.5,+19.0,+20.0,+19.0
2022-07-15 14:58,2,+20.8,+20.2,+17.5,+14.3,+26.5,+22.2,+19.0,+19.0,+19.5,+19.5,+19.0,+20.0,+19.0
2022-07-15 15:58,2,+20.8,+20.2,+17.6,+14.3,+26.5,+22.2,+19.0,+19.0,+19.5,+19.5,+19.0,+20.0,+19.0
2022-07-15 16:58,2,+20.8,+20.2,+17.6,+14.3,+26.5,+22.2,+19.0,+19.0,+19.0,+19.5,+19.0,+20.0,+18.5
2022-07-15 17:58,2,+20.8,+20.1,+17.6,+14.3,+26.5,+22.2,+19.0,+19.5,+19.5,+19.5,+19.0,+20.0,+18.5
2022-07-15 18:58,2,+21.0,+20.1,+17.6,+14.3,+26.5,+22.2,+18.5,+19.5,+19.0,+19.5,+19.0,+20.0,+18.5
2022-07-15 19:58,2,+21.3,+20.1,+17.6,+14.3,+26.5,+22.2,+18.5,+19.5,+19.5,+19.5,+19.0,+20.0,+18.5
2022-07-15 20:58,2,+21.2,+20.1,+17.6,+14.3,+26.5,+22.2,+18.5,+19.0,+19.0,+19.5,+19.0,+20.0,+18.5
2022-07-15 21:58,2,+21.4,+20.1,+17.6,+14.3,+26.5,+22.2,+18.5,+19.0,+19.5,+19.5,+19.0,+20.0,+18.5
2022-07-15 22:58,2,+21.7,+20.1,+17.6,+14.3,+26.5,+22.2,+18.5,+19.5,+19.5,+19.5,+19.0,+20.0,+19.0
2022-07-15 23:58,2,+21.8,+20.0,+17.6,+14.3,+26.5,+22.2,+18.5,+19.5,+19.5,+19.5,+19.0,+20.0,+18.5
2022-07-16 00:58,2,+21.7,+20.0,+17.6,+14.3,+26.5,+22.2,+18.5,+19.5,+19.0,+19.5,+19.0,+20.0,+18.5
2022-07-16 01:58,2,+21.9,+20.0,+17.6,+14.3,+26.6,+22.2,+18.5,+19.0,+19.0,+19.5,+19.0,+20.0,+18.5
2022-07-16 02:58,2,+21.6,+20.0,+17.6,+14.3,+26.6,+22.2,+18.5,+19.5,+19.5,+19.5,+19.0,+20.0,+18.5
2022-07-16 03:58,2,+21.6,+20.0,+17.6,+14.3,+26.5,+22.2,+18.5,+19.5,+19.0,+19.5,+19.0,+20.0,+18.5
2022-07-16 04:58,2,+21.5,+19.8,+17.6,+14.3,+26.6,+22.2,+18.5,+19.5,+19.0,+19.5,+19.0,+20.0,+18.5
2022-07-16 05:58,2,+21.7,+19.8,+17.6,+14.3,+26.6,+22.2,+18.5,+19.5,+19.0,+19.5,+19.0,+20.0,+18.5
2022-07-16 06:58,2,+22.0,+19.9,+17.6,+14.3,+26.6,+22.2,+18.5,+19.5,+19.0,+19.5,+19.0,+20.0,+18.5
2022-07-16 07:58,2,+21.5,+20.1,+17.6,+14.3,+26.5,+22.2,+18.5,+19.5,+19.0,+19.5,+19.0,+20.0,+18.5
2022-07-16 08:58,2,+21.5,+20.0,+17.6,+14.3,+26.6,+22.2,+18.5,+19.5,+19.0,+19.5,+19.0,+20.0,+18.5
2022-07-16 09:58,2,+21.5,+20.0,+17.6,+14.3,+26.6,+22.2,+18.5,+19.0,+19.0,+19.5,+19.0,+20.0,+18.5
2022-07-16 10:58,2,+21.4,+20.0,+17.6,+14.3,+26.6,+22.2,+18.5,+19.0,+19.0,+19.5,+19.0,+20.0,+18.5
2022-07-16 11:58,2,+21.2,+19.8,+17.6,+14.3,+26.6,+22.2,+18.5,+19.5,+19.0,+19.5,+19.0,+20.0,+18.5
2022-07-16 12:58,2,+21.3,+20.0,+17.6,+14.3,+26.6,+22.2,+19.0,+19.0,+19.0,+19.5,+19.0,+20.0,+18.5
2022-07-16 13:58,2,+21.3,+20.0,+17.6,+14.3,+26.6,+22.2,+19.0,+19.5,+19.0,+19.5,+19.0,+20.0,+18.5
2022-07-16 14:58,2,+21.3,+19.9,+17.6,+14.3,+26.6,+22.2,+19.0,+19.5,+19.0,+19.5,+19.0,+20.0,+18.5
2022-07-16 15:58,2,+21.2,+20.0,+17.6,+14.3,+26.6,+22.2,+19.0,+19.5,+19.0,+19.5,+19.0,+20.0,+18.5
2022-07-16 16:58,2,+21.9,+20.0,+17.6,+14.3,+26.6,+22.2,+19.0,+19.5,+19.0,+19.5,+19.0,+20.0,+18.5
2022-07-16 17:58,2,+21.6,+20.0,+17.6,+14.3,+26.6,+22.2,+19.0,+19.5,+19.0,+19.5,+19.0,+20.0,+18.5
2022-07-16 18:58,2,+22.8,+20.0,+17.6,+14.3,+26.6,+22.2,+19.0,+19.0,+19.0,+19.5,+19.0,+20.0,+18.5
2022-07-16 19:58,2,+22.6,+20.0,+17.6,+14.3,+26.6,+22.2,+19.0,+19.0,+19.0,+19.5,+19.0,+20.0,+18.5
2022-07-16 20:58,2,+22.7,+20.1,+17.6,+14.3,+26.6,+22.2,+19.0,+19.0,+19.0,+19.5,+19.0,+20.0,+18.5
2022-07-16 21:58,2,+22.6,+20.1,+17.6,+14.5,+26.6,+22.2,+18.5,+19.0,+19.5,+19.5,+19.0,+20.0,+18.5
2022-07-16 22:58,2,+22.7,+20.2,+17.6,+14.5,+26.6,+22.2,+18.5,+19.0,+19.0,+19.5,+19.0,+20.0,+19.0
2022-07-16 23:58,2,+22.7,+20.2,+17.7,+14.8,+26.6,+22.2,+18.5,+19.0,+19.0,+19.5,+19.0,+20.0,+18.5
2022-07-17 00:58,2,+22.6,+20.3,+17.7,+14.8,+26.6,+22.2,+18.5,+19.0,+19.0,+19.5,+19.0,+20.0,+18.5
2022-07-17 01:58,2,+22.6,+20.3,+17.7,+15.0,+26.6,+22.2,+18.5,+19.5,+19.0,+19.5,+19.0,+20.0,+19.0
2022-07-17 02:58,2,+22.6,+20.3,+17.7,+15.3,+26.6,+22.2,+18.5,+19.0,+19.0,+19.5,+19.0,+20.0,+19.0
2022-07-17 03:58,2,+22.4,+20.4,+17.7,+15.3,+26.6,+22.2,+18.5,+19.0,+19.5,+19.5,+19.0,+20.0,+18.5
2022-07-17 04:58,2,+22.4,+20.4,+17.7,+15.6,+26.6,+22.2,+18.5,+19.0,+19.0,+19.5,+19.0,+20.0,+18.5
2022-07-17 05:58,2,+22.4,+20.4,+17.8,+15.6,+26.7,+22.2,+18.5,+19.0,+19.0,+19.5,+19.0,+20.0,+18.5
2022-07-17 06:58,2,+22.4,+20.4,+18.0,+15.6,+26.6,+22.2,+18.0,+19.0,+19.0,+19.5,+19.0,+20.0,+19.0
2022-07-17 07:58,2,+22.3,+20.4,+18.2,+15.6,+26.7,+22.2,+18.5,+19.0,+19.0,+19.5,+19.0,+20.0,+19.0
2022-07-17 08:58,2,+22.3,+20.4,+18.2,+15.8,+26.7,+22.2,+18.5,+19.0,+19.0,+19.5,+19.0,+20.0,+18.5
2022-07-17 09:58,2,+22.2,+20.4,+18.2,+15.8,+26.6,+22.2,+18.5,+19.0,+19.0,+19.5,+19.0,+20.0,+18.5
2022-07-17 10:58,2,+22.1,+20.4,+18.2,+15.8,+26.6,+22.2,+18.5,+19.0,+19.0,+19.5,+19.0,+20.0,+18.5
2022-07-17 11:58,2,+22.0,+20.3,+18.2,+15.8,+26.7,+22.5,+18.5,+19.0,+19.0,+19.5,+19.0,+20.0,+18.5
2022-07-17 12:58,2,+22.0,+20.4,+18.2,+15.8,+26.7,+22.5,+19.0,+19.5,+19.0,+19.5,+19.0,+20.0,+18.5
2022-07-17 13:58,2,+21.8,+20.3,+18.2,+15.8,+26.7,+22.5,+19.0,+19.0,+19.0,+19.5,+19.0,+20.0,+19.0
2022-07-17 14:58,2,+22.0,+20.3,+18.2,+15.8,+26.7,+22.5,+19.0,+19.0,+19.0,+19.5,+19.0,+20.0,+18.5
2022-07-17 15:58,2,+22.0,+20.4,+18.2,+15.8,+26.7,+22.5,+19.0,+19.5,+19.0,+19.5,+19.0,+20.0,+19.0
2022-07-17 16:58,2,+22.1,+20.4,+18.6,+15.8,+26.7,+22.5,+19.0,+19.5,+19.0,+19.5,+19.0,+20.0,+18.5
2022-07-17 17:58,2,+22.1,+20.5,+18.6,+15.8,+26.7,+22.5,+19.0,+19.5,+19.0,+19.5,+19.0,+20.0,+19.0
2022-07-17 18:58,2,+22.2,+20.5,+18.6,+15.8,+26.7,+22.5,+19.0,+19.0,+19.0,+19.5,+19.0,+20.0,+18.5
2022-07-17 19:58,2,+22.2,+20.4,+18.6,+15.8,+26.7,+22.5,+18.5,+19.0,+19.0,+19.5,+19.0,+20.0,+19.0
2022-07-17 20:58,2,+22.1,+20.4,+18.6,+16.0,+26.7,+22.5,+19.0,+19.0,+19.0,+19.5,+19.0,+20.0,+18.5
2022-07-17 21:58,2,+22.0,+20.4,+18.6,+16.0,+26.7,+22.5,+18.5,+19.0,+19.0,+19.5,+19.0,+20.0,+18.5
2022-07-17 22:58,2,+22.1,+20.4,+18.6,+16.0,+26.7,+22.5,+18.5,+19.0,+19.0,+19.5,+19.0,+20.0,+18.5
2022-07-17 23:58,2,+22.2,+20.5,+18.6,+16.0,+26.7,+22.5,+18.5,+19.5,+19.0,+19.5,+19.0,+20.0,+19.0
2022-07-18 00:58,2,+22.3,+20.5,+18.6,+16.0,+26.7,+22.5,+18.5,+19.5,+19.0,+19.5,+19.0,+20.0,+19.0
2022-07-18 01:58,2,+21.9,+20.5,+18.6,+16.0,+26.7,+22.5,+18.5,+19.5,+19.0,+19.5,+19.0,+20.0,+18.5
2022-07-18 02:58,2,+22.7,+20.5,+18.6,+16.0,+26.7,+22.5,+18.5,+19.5,+19.0,+19.5,+19.0,+20.0,+18.5
2022-07-18 03:58,2,+22.7,+20.5,+18.6,+16.0,+26.7,+22.5,+18.5,+19.5,+19.0,+19.5,+19.0,+20.0,+19.0
2022-07-18 04:58,2,+22.8,+20.5,+18.6,+16.0,+26.7,+22.5,+18.5,+19.0,+19.0,+19.5,+19.0,+20.0,+18.5
2022-07-18 05:58,2,+22.6,+20.5,+18.6,+16.0,+26.7,+22.5,+18.5,+19.0,+19.0,+19.5,+19.0,+20.0,+18.5
2022-07-18 06:58,2,+22.7,+20.5,+18.7,+16.0,+26.7,+22.5,+18.5,+19.5,+19.0,+19.5,+19.0,+20.0,+18.5
2022-07-18 07:58,2,+22.8,+20.6,+18.7,+16.1,+26.7,+22.5,+18.5,+19.0,+19.0,+19.5,+19.0,+20.0,+18.5
2022-07-18 08:58,2,+22.8,+20.6,+18.7,+16.1,+26.7,+22.5,+18.5,+19.0,+19.0,+19.5,+19.0,+20.0,+19.0
2022-07-18 09:58,2,+22.8,+20.6,+18.7,+16.1,+26.7,+22.5,+19.0,+19.5,+19.0,+19.5,+19.0,+20.0,+18.5
2022-07-18 10:58,2,+22.4,+20.7,+18.7,+16.1,+26.7,+22.6,+19.0,+19.5,+19.0,+19.5,+19.0,+20.0,+18.5
2022-07-18 11:58,2,+22.4,+20.7,+18.7,+16.1,+26.7,+22.6,+19.0,+19.5,+19.0,+19.5,+19.0,+20.0,+18.5
2022-07-18 12:58,2,+22.6,+20.7,+18.7,+16.1,+26.7,+22.6,+19.0,+19.0,+19.0,+19.5,+19.0,+20.0,+18.5
2022-07-18 13:58,2,+22.7,+20.7,+18.7,+16.1,+26.7,+22.6,+19.0,+19.5,+19.0,+19.5,+19.0,+20.0,+18.5
2022-07-18 14:58,2,+22.7,+20.7,+18.7,+16.1,+26.7,+22.6,+19.0,+19.0,+19.0,+19.5,+19.0,+20.0,+18.5
2022-07-18 15:58,2,+22.9,+20.7,+18.7,+16.1,+26.7,+22.6,+19.0,+19.0,+19.0,+19.5,+19.0,+20.0,+19.0
2022-07-18 16:58,2,+23.0,+20.7,+18.7,+16.1,+26.7,+22.6,+19.0,+19.0,+19.0,+19.5,+19.0,+20.0,+19.0
2022-07-18 17:58,2,+23.0,+20.6,+18.7,+16.1,+26.7,+22.6,+19.0,+19.5,+19.0,+19.5,+19.0,+20.0,+18.5
2022-07-18 18:58,2,+23.0,+20.7,+18.7,+16.1,+26.7,+22.6,+19.0,+19.5,+19.5,+19.5,+19.0,+20.0,+18.5
2022-07-18 19:58,2,+22.9,+20.6,+18.7,+16.1,+26.7,+22.6,+19.0,+19.5,+19.0,+19.5,+19.0,+20.0,+18.5
2022-07-18 20:58,2,+26.5,+20.8,+18.7,+16.1,+26.7,+22.6,+19.0,+19.5,+19.5,+19.5,+19.0,+20.0,+18.5
2022-07-18 21:58,2,+25.7,+21.4,+18.7,+16.1,+26.7,+22.6,+19.0,+19.5,+19.5,+19.5,+19.0,+20.0,+18.5
2022-07-18 22:58,2,+24.8,+22.1,+18.7,+16.1,+26.7,+22.6,+19.0,+19.5,+19.5,+19.5,+19.0,+20.0,+18.5
2022-07-18 23:58,2,+24.5,+22.4,+18.8,+16.1,+26.7,+22.6,+19.0,+19.5,+19.5,+19.5,+19.0,+20.0,+19.0
2022-07-19 00:58,2,+24.7,+22.1,+19.0,+16.2,+26.7,+22.6,+19.0,+19.5,+19.5,+19.5,+19.0,+20.0,+18.5
2022-07-19 01:58,2,+24.6,+21.9,+19.0,+16.2,+26.7,+22.6,+19.0,+20.0,+19.5,+19.5,+19.0,+20.0,+19.0
2022-07-19 02:58,2,+24.6,+21.8,+19.1,+16.2,+26.7,+22.6,+19.0,+19.5,+19.5,+19.5,+19.0,+20.0,+18.5
2022-07-19 03:58,2,+24.5,+21.8,+19.1,+16.2,+26.7,+22.6,+19.0,+19.5,+19.5,+19.5,+19.0,+20.0,+18.5
2022-07-19 04:58,2,+24.6,+22.1,+19.1,+16.2,+26.7,+22.6,+18.5,+19.0,+19.5,+19.5,+19.0,+20.0,+19.0
2022-07-19 05:58,2,+24.6,+21.7,+19.1,+16.2,+26.7,+22.6,+18.5,+19.5,+19.5,+19.5,+19.0,+20.0,+19.0
2022-07-19 06:58,2,+24.5,+21.8,+19.2,+16.2,+26.7,+22.7,+19.0,+19.0,+19.5,+19.5,+19.0,+20.0,+18.5
2022-07-19 07:58,2,+24.4,+21.5,+19.2,+16.2,+26.7,+22.7,+19.0,+19.0,+19.5,+19.5,+19.0,+20.0,+19.0
2022-07-19 08:58,2,+24.4,+21.3,+19.2,+16.3,+26.7,+22.7,+19.0,+19.0,+19.5,+19.5,+19.0,+20.0,+18.5
2022-07-19 09:58,2,+24.4,+21.3,+19.2,+16.3,+27.0,+22.7,+19.0,+19.5,+19.5,+19.5,+19.0,+20.0,+19.0
2022-07-19 10:58,2,+24.4,+21.2,+19.2,+16.3,+27.0,+22.7,+19.5,+19.5,+19.5,+19.5,+19.0,+20.0,+19.0
2022-07-19 11:58,2,+24.5,+21.2,+19.2,+16.3,+27.0,+22.7,+19.5,+19.5,+19.5,+19.5,+19.0,+20.0,+18.5
2022-07-19 12:58,2,+25.0,+21.1,+19.2,+16.3,+27.0,+22.7,+19.5,+19.5,+19.5,+19.5,+19.0,+20.0,+19.0
2022-07-19 13:58,2,+25.1,+21.1,+19.2,+16.3,+27.0,+22.7,+19.5,+19.5,+19.5,+19.5,+19.0,+20.0,+18.5
2022-07-19 14:58,2,+33.2,+21.9,+19.2,+16.3,+27.0,+22.7,+19.5,+19.5,+19.5,+19.5,+19.0,+20.0,+19.0
2022-07-19 15:58,2,+27.6,+23.0,+19.7,+16.5,+27.1,+22.7,+19.5,+19.5,+19.5,+19.5,+19.0,+20.0,+19.0
2022-07-19 16:58,2,+29.7,+22.5,+20.1,+16.7,+27.1,+22.7,+19.5,+19.5,+19.5,+19.5,+19.0,+20.0,+18.5
2022-07-19 17:58,2,+27.4,+22.8,+20.2,+17.1,+27.1,+22.7,+19.5,+19.5,+19.5,+19.5,+19.0,+20.0,+19.0
2022-07-19 18:58,2,+26.8,+22.4,+20.2,+17.5,+27.2,+22.7,+19.0,+19.5,+19.5,+19.5,+19.0,+20.0,+18.5
2022-07-19 19:58,2,+26.5,+22.2,+20.1,+17.6,+27.7,+22.7,+19.0,+19.5,+19.5,+19.5,+19.0,+20.0,+18.5
2022-07-19 20:58,2,+26.4,+22.1,+20.1,+17.5,+27.7,+23.2,+19.0,+19.5,+19.5,+19.5,+19.0,+20.0,+18.5
2022-07-19 21:58,2,+26.3,+22.0,+20.0,+17.5,+27.7,+23.5,+19.0,+19.5,+19.5,+19.5,+19.0,+20.0,+18.5
2022-07-19 22:58,2,+26.3,+21.9,+19.8,+17.3,+27.7,+23.7,+19.0,+19.5,+19.5,+19.5,+19.0,+20.0,+18.5
2022-07-19 23:58,2,+26.2,+21.8,+19.8,+17.3,+27.7,+23.7,+19.0,+19.5,+19.5,+19.5,+19.0,+20.0,+18.5
2022-07-20 00:58,2,+26.1,+21.7,+19.7,+17.2,+27.7,+23.7,+19.0,+19.5,+19.5,+19.5,+19.0,+20.0,+18.5
2022-07-20 01:58,2,+26.1,+21.7,+19.7,+17.2,+27.7,+23.7,+19.0,+19.5,+19.5,+19.5,+19.0,+20.0,+19.0
2022-07-20 02:58,2,+26.1,+21.6,+19.7,+17.2,+27.7,+23.7,+19.0,+19.5,+19.5,+19.5,+19.0,+20.0,+18.5
2022-07-20 03:58,2,+26.2,+21.6,+19.7,+17.2,+27.7,+23.7,+19.0,+19.5,+19.5,+19.5,+19.0,+20.0,+18.5
2022-07-20 04:58,2,+26.2,+21.6,+19.7,+17.2,+27.7,+23.7,+19.0,+19.5,+19.5,+19.5,+19.0,+20.0,+18.5
2022-07-20 05:58,2,+26.2,+21.6,+19.7,+17.2,+27.7,+23.7,+19.0,+19.5,+19.5,+19.5,+19.0,+20.0,+18.5
2022-07-20 06:58,2,+26.1,+21.5,+19.7,+17.1,+27.7,+23.7,+19.0,+19.5,+19.5,+19.5,+19.0,+20.0,+19.0
2022-07-20 07:58,2,+26.1,+21.5,+19.7,+17.1,+27.7,+23.7,+19.0,+19.5,+19.5,+19.5,+19.0,+20.0,+19.0
2022-07-20 08:58,2,+26.1,+21.5,+19.7,+17.1,+27.7,+23.7,+19.0,+19.5,+19.5,+19.5,+19.0,+20.0,+19.0
2022-07-20 09:58,2,+26.2,+21.4,+19.6,+17.1,+27.7,+23.7,+19.0,+20.0,+19.5,+19.5,+19.0,+20.0,+19.0
2022-07-20 10:58,2,+26.1,+21.4,+19.6,+17.1,+27.7,+23.7,+19.0,+19.5,+19.5,+19.5,+19.0,+20.0,+18.5
2022-07-20 11:58,2,+26.1,+21.4,+19.6,+17.0,+27.7,+23.7,+19.0,+19.5,+19.5,+19.5,+19.0,+20.0,+18.5
2022-07-20 12:58,2,+26.1,+21.4,+19.6,+17.0,+27.7,+23.7,+19.0,+19.5,+19.5,+19.5,+19.0,+20.0,+18.5
2022-07-20 13:58,2,+26.1,+21.3,+19.6,+17.0,+27.7,+23.7,+19.0,+19.5,+19.5,+19.5,+19.0,+20.0,+19.0
2022-07-20 14:58,2,+26.2,+21.3,+19.6,+17.0,+27.7,+23.7,+19.0,+19.5,+19.5,+19.5,+19.0,+20.0,+18.5
2022-07-20 15:58,2,+26.3,+21.3,+19.6,+17.0,+27.7,+23.7,+19.0,+19.5,+19.5,+19.5,+19.0,+20.0,+18.5
2022-07-20 16:58,2,+26.5,+21.3,+19.6,+17.0,+27.7,+23.6,+19.0,+20.0,+19.5,+19.5,+19.0,+20.0,+19.0
2022-07-20 17:58,2,+26.5,+21.3,+19.6,+17.0,+27.7,+23.6,+19.0,+20.0,+19.5,+19.5,+19.0,+20.0,+19.0
2022-07-20 18:58,2,+27.6,+21.3,+19.6,+17.0,+27.7,+23.6,+19.0,+19.5,+19.5,+19.5,+19.0,+20.0,+18.5
2022-07-20 19:58,2,+28.4,+21.4,+19.6,+16.8,+27.7,+23.6,+19.0,+19.5,+19.5,+19.5,+19.0,+20.0,+18.5
2022-07-20 20:58,2,+33.9,+22.0,+19.6,+16.8,+27.7,+23.6,+19.0,+19.5,+19.5,+19.5,+19.0,+20.0,+18.5
2022-07-20 21:58,2,+28.7,+23.3,+20.0,+17.0,+27.7,+23.6,+19.0,+19.5,+19.5,+19.5,+19.0,+20.0,+19.0
2022-07-20 22:58,2,+28.0,+22.9,+20.2,+17.1,+27.7,+23.6,+19.0,+20.0,+19.5,+19.5,+19.0,+20.0,+19.0
2022-07-20 23:58,2,+27.8,+22.7,+20.2,+17.2,+27.7,+23.6,+19.0,+19.5,+19.5,+19.5,+19.0,+20.0,+18.5
2022-07-21 00:58,2,+28.5,+22.9,+20.2,+17.3,+27.7,+23.6,+19.0,+19.5,+19.5,+19.5,+19.0,+20.0,+19.0
2022-07-21 01:58,2,+28.5,+23.0,+20.2,+17.5,+27.7,+23.7,+18.5,+19.5,+19.5,+19.5,+19.0,+20.0,+19.0
2022-07-21 02:58,2,+28.1,+23.0,+20.3,+17.6,+28.0,+23.7,+18.5,+19.5,+19.5,+19.5,+19.0,+20.0,+19.0
2022-07-21 03:58,2,+28.3,+22.9,+20.3,+17.7,+28.1,+23.7,+18.5,+19.0,+19.5,+19.5,+19.0,+20.0,+19.0
2022-07-21 04:58,2,+28.6,+23.0,+20.3,+17.7,+28.1,+24.0,+18.5,+19.0,+19.5,+19.5,+19.0,+20.0,+18.5
2022-07-21 05:58,2,+28.4,+23.0,+20.3,+17.7,+28.2,+24.1,+18.5,+19.0,+19.5,+19.5,+19.0,+20.0,+18.5
2022-07-21 06:58,2,+29.5,+23.2,+20.3,+17.7,+28.2,+24.1,+18.5,+19.0,+19.5,+19.5,+19.0,+20.0,+19.0
2022-07-21 07:58,2,+28.8,+23.4,+20.5,+17.7,+28.2,+24.2,+18.5,+19.0,+19.5,+19.5,+19.0,+20.0,+19.0
2022-07-21 08:58,2,+28.6,+23.6,+20.5,+17.7,+28.2,+24.2,+18.5,+19.0,+19.5,+19.5,+19.0,+20.0,+19.0
2022-07-21 09:58,2,+28.8,+24.0,+20.3,+17.7,+28.2,+24.2,+18.5,+19.0,+19.5,+19.5,+19.0,+20.0,+19.0
2022-07-21 10:58,2,+28.7,+23.8,+20.3,+17.7,+28.2,+24.2,+18.5,+19.0,+19.5,+19.5,+19.0,+20.0,+18.5
2022-07-21 11:58,2,+28.7,+23.6,+20.2,+17.7,+28.2,+24.2,+18.5,+19.5,+19.5,+19.5,+19.5,+20.0,+18.5
2022-07-21 12:58,2,+28.6,+23.6,+20.2,+17.7,+28.2,+24.2,+18.5,+19.5,+19.5,+19.5,+19.0,+20.0,+18.5
2022-07-21 13:58,2,+28.5,+22.7,+20.2,+17.7,+28.2,+24.2,+19.0,+19.5,+19.5,+19.5,+19.0,+20.0,+19.0
2022-07-21 14:58,2,+28.6,+22.6,+20.2,+17.6,+28.2,+24.2,+19.0,+19.0,+19.5,+19.5,+19.0,+20.0,+19.0
2022-07-21 15:58,2,+28.5,+22.5,+20.2,+17.6,+28.2,+24.2,+19.0,+19.0,+19.5,+19.5,+19.0,+20.0,+18.5
2022-07-21 16:58,2,+28.5,+22.4,+20.1,+17.5,+28.2,+24.2,+19.0,+19.0,+19.5,+19.5,+19.0,+20.0,+19.0
2022-07-21 17:58,2,+28.5,+22.4,+20.1,+17.5,+28.2,+24.2,+18.5,+19.0,+19.5,+19.5,+19.0,+20.0,+18.5
2022-07-21 18:58,2,+28.5,+22.4,+20.1,+17.5,+28.2,+24.1,+18.5,+19.0,+19.5,+19.5,+19.0,+20.0,+18.5
2022-07-21 19:58,2,+28.5,+22.4,+20.0,+17.5,+28.2,+24.1,+18.5,+19.0,+19.5,+19.5,+19.0,+20.0,+19.0
2022-07-21 20:58,2,+28.8,+22.3,+20.0,+17.3,+28.1,+24.1,+18.5,+19.5,+19.5,+19.5,+19.0,+20.0,+18.5
2022-07-21 21:58,2,+28.9,+22.3,+20.0,+17.3,+28.1,+24.1,+18.5,+19.5,+19.5,+19.5,+19.0,+20.0,+18.5
2022-07-21 22:58,2,+28.6,+22.2,+20.0,+17.3,+28.1,+24.0,+18.5,+19.0,+19.5,+19.5,+19.0,+20.0,+19.0
2022-07-21 23:58,2,+28.8,+22.2,+20.0,+17.3,+28.1,+24.0,+18.5,+19.0,+19.5,+19.5,+19.0,+20.0,+18.5
2022-07-22 00:58,2,+28.8,+22.2,+20.0,+17.3,+28.1,+24.0,+18.5,+19.5,+19.5,+19.5,+19.0,+20.0,+19.0
2022-07-22 01:58,2,+28.9,+22.1,+19.8,+17.2,+28.1,+24.0,+18.5,+19.0,+19.5,+19.5,+19.0,+20.0,+19.0
2022-07-22 02:58,2,+28.9,+22.1,+19.8,+17.2,+28.1,+24.0,+18.5,+19.0,+19.0,+19.5,+19.0,+20.0,+18.5
2022-07-22 03:58,2,+28.8,+22.1,+19.8,+17.2,+28.1,+24.0,+18.5,+19.0,+19.0,+19.5,+19.0,+20.0,+18.5
2022-07-22 04:58,2,+28.9,+22.1,+19.8,+17.2,+28.1,+24.0,+18.5,+19.5,+19.0,+19.5,+19.0,+20.0,+19.0
2022-07-22 05:58,2,+28.7,+22.0,+19.8,+17.2,+28.1,+24.0,+18.5,+19.0,+19.0,+19.5,+19.0,+20.0,+19.0
2022-07-22 06:58,2,+28.7,+22.0,+19.8,+17.2,+28.0,+23.7,+18.5,+19.0,+19.0,+19.5,+19.0,+20.0,+18.5
2022-07-22 07:58,2,+28.9,+22.0,+19.8,+17.2,+28.1,+23.7,+18.5,+19.0,+19.5,+19.5,+19.0,+20.0,+19.0
2022-07-22 08:58,2,+29.1,+21.9,+19.8,+17.2,+28.1,+23.7,+19.0,+19.5,+19.0,+19.5,+19.0,+20.0,+18.5
2022-07-22 09:58,2,+29.1,+21.9,+19.8,+17.2,+28.0,+23.7,+19.0,+19.0,+19.0,+19.5,+19.0,+20.0,+18.5
2022-07-22 10:58,2,+29.1,+21.9,+19.7,+17.2,+28.0,+23.7,+19.0,+19.0,+19.0,+19.5,+19.0,+20.0,+18.5
2022-07-22 11:58,2,+29.1,+21.9,+19.7,+17.2,+28.0,+23.7,+19.0,+19.0,+19.5,+19.5,+19.0,+20.0,+18.5
2022-07-22 13:52,2,+29.1,+21.8,+19.7,+17.2,+28.0,+23.7,+19.0,+19.0,+19.0,+19.5,+19.0,+20.0,+18.5
2022-07-22 14:52,2,+29.1,+21.8,+19.7,+17.2,+28.0,+23.7,+19.5,+19.5,+19.5,+19.5,+19.0,+20.0,+18.5
2022-07-22 15:52,2,+29.1,+21.8,+19.7,+17.2,+28.0,+23.7,+19.5,+19.5,+19.0,+19.5,+19.0,+20.0,+18.5
2022-07-22 16:52,2,+29.1,+21.8,+19.7,+17.2,+28.0,+23.7,+19.0,+19.5,+19.0,+19.5,+19.0,+20.0,+18.5
2022-07-22 17:52,2,+29.1,+21.7,+19.7,+17.2,+28.0,+23.7,+19.0,+19.5,+19.5,+19.5,+19.0,+20.0,+18.5
2022-07-22 18:52,2,+29.1,+21.7,+19.7,+17.2,+28.0,+23.7,+19.0,+19.5,+19.5,+19.5,+19.0,+20.0,+18.5
2022-07-22 19:52,2,+29.2,+21.7,+19.7,+17.2,+28.0,+23.7,+19.0,+19.5,+19.5,+19.5,+19.0,+20.0,+18.5
2022-07-22 20:52,2,+29.2,+21.7,+19.7,+17.2,+28.0,+23.7,+19.0,+19.5,+19.5,+19.5,+19.0,+20.0,+18.5
2022-07-22 21:52,2,+29.2,+21.8,+19.7,+17.2,+28.0,+23.7,+19.0,+19.5,+19.5,+19.5,+19.0,+20.0,+18.5
2022-07-22 22:52,2,+29.2,+21.7,+19.7,+17.2,+28.0,+23.7,+19.0,+19.5,+19.5,+19.5,+19.0,+20.0,+18.5
2022-07-22 23:52,2,+29.3,+21.7,+19.7,+17.2,+28.0,+23.7,+19.0,+19.5,+19.5,+19.5,+19.0,+20.0,+18.5
2022-07-23 00:52,2,+29.1,+21.7,+19.7,+17.2,+28.0,+23.7,+19.0,+19.5,+19.5,+19.5,+19.0,+20.0,+18.5
2022-07-23 01:52,2,+29.2,+21.8,+19.7,+17.2,+28.0,+23.7,+19.0,+19.5,+19.5,+19.5,+19.0,+20.0,+19.0
2022-07-23 02:52,2,+29.2,+21.8,+19.7,+17.2,+28.0,+23.7,+19.0,+20.0,+19.5,+19.5,+19.0,+20.0,+18.5
2022-07-23 03:52,2,+29.4,+21.8,+19.7,+17.2,+28.0,+23.7,+19.0,+19.5,+19.5,+19.5,+19.0,+20.0,+18.5
2022-07-23 04:52,2,+29.5,+21.8,+19.7,+17.1,+28.0,+23.7,+18.5,+19.5,+19.5,+19.5,+19.0,+20.0,+18.5
2022-07-23 05:52,2,+29.7,+21.9,+19.7,+17.2,+28.0,+23.7,+18.5,+19.5,+19.5,+19.5,+19.0,+20.0,+19.0
2022-07-23 06:52,2,+29.8,+22.2,+19.7,+17.2,+28.0,+23.7,+18.5,+19.5,+19.5,+19.5,+19.0,+20.0,+18.5
2022-07-23 07:52,2,+30.2,+22.3,+19.7,+17.1,+28.0,+23.7,+18.5,+19.0,+19.5,+19.5,+19.0,+20.0,+18.5
2022-07-23 08:52,2,+30.2,+22.7,+19.7,+17.1,+28.0,+23.7,+18.5,+19.0,+19.5,+20.0,+19.0,+20.0,+18.5
2022-07-23 09:52,2,+30.1,+22.8,+19.7,+17.1,+28.0,+23.7,+18.5,+19.5,+19.5,+19.5,+19.0,+20.0,+18.5
2022-07-23 10:52,2,+30.1,+22.9,+19.7,+17.1,+28.0,+23.7,+19.0,+19.0,+19.5,+19.5,+19.0,+20.0,+18.5
2022-07-23 11:52,2,+30.0,+22.9,+19.7,+17.1,+28.0,+23.7,+19.0,+19.5,+19.5,+19.5,+19.0,+20.0,+18.5
2022-07-23 12:52,2,+30.0,+23.0,+19.7,+17.1,+28.0,+23.7,+19.0,+19.0,+19.5,+19.5,+19.0,+20.0,+18.5
2022-07-23 13:52,2,+30.3,+23.0,+19.7,+17.1,+28.0,+23.7,+19.0,+19.5,+19.5,+19.5,+19.0,+20.0,+18.5
2022-07-23 14:52,2,+29.9,+23.1,+19.7,+17.1,+28.0,+23.7,+19.0,+19.5,+19.5,+19.5,+19.0,+20.0,+18.5
2022-07-23 15:52,2,+29.9,+23.1,+19.7,+17.1,+28.0,+23.7,+19.0,+19.5,+19.5,+19.5,+19.0,+20.0,+18.5
2022-07-23 16:52,2,+29.9,+23.1,+19.7,+17.1,+28.0,+23.7,+19.0,+19.5,+19.5,+19.5,+19.0,+20.0,+18.5
2022-07-23 17:52,2,+30.0,+23.0,+19.7,+17.1,+28.0,+23.7,+19.0,+19.5,+19.5,+19.5,+19.0,+20.0,+18.5
2022-07-23 18:52,2,+30.0,+23.0,+19.7,+17.1,+28.0,+23.7,+19.0,+19.5,+19.5,+19.5,+19.0,+20.0,+18.5
2022-07-23 19:52,2,+30.1,+23.1,+19.7,+17.1,+28.0,+23.7,+19.0,+19.5,+19.5,+19.5,+19.0,+20.0,+18.5
2022-07-23 20:52,2,+30.1,+23.1,+19.7,+17.1,+28.0,+23.7,+19.0,+19.5,+19.5,+19.5,+19.0,+20.0,+18.5
2022-07-23 21:52,2,+30.2,+23.1,+19.7,+17.1,+28.0,+23.7,+19.0,+19.5,+19.5,+19.5,+19.0,+20.0,+19.0
2022-07-23 22:52,2,+30.4,+23.1,+19.7,+17.1,+28.0,+23.7,+19.0,+19.5,+19.5,+19.5,+19.0,+20.0,+18.5
2022-07-23 23:52,2,+30.5,+23.1,+19.7,+17.1,+28.0,+23.7,+19.0,+19.5,+19.5,+19.5,+19.0,+20.0,+19.0
2022-07-24 00:52,2,+30.5,+23.1,+19.7,+17.1,+28.0,+23.7,+19.0,+19.5,+19.5,+19.5,+19.0,+20.0,+18.5
2022-07-24 01:52,2,+30.5,+23.1,+19.7,+17.1,+28.0,+23.7,+19.0,+19.5,+19.5,+19.5,+19.0,+20.0,+18.5
2022-07-24 02:52,2,+30.7,+23.1,+19.7,+17.1,+28.0,+23.7,+19.0,+19.5,+19.5,+19.5,+19.0,+20.0,+18.5
2022-07-24 03:52,2,+30.8,+23.1,+19.7,+17.2,+28.0,+23.7,+18.5,+19.5,+19.5,+19.5,+19.0,+20.0,+18.5
2022-07-24 04:52,2,+31.3,+23.1,+19.7,+17.2,+28.0,+23.7,+18.5,+19.5,+19.5,+19.5,+19.0,+20.0,+18.5
2022-07-24 05:52,2,+31.6,+23.1,+19.7,+17.1,+28.0,+23.7,+18.5,+19.5,+19.5,+19.5,+19.0,+20.0,+18.5
2022-07-24 06:52,2,+31.8,+23.1,+19.7,+17.2,+28.0,+23.7,+18.5,+19.0,+19.5,+19.5,+19.0,+20.0,+18.5
2022-07-24 07:52,2,+31.8,+23.1,+19.7,+17.2,+28.0,+23.7,+18.5,+19.0,+19.5,+19.5,+19.0,+20.0,+19.0
2022-07-24 08:52,2,+32.4,+23.1,+19.7,+17.2,+28.0,+23.7,+18.5,+19.0,+19.5,+19.5,+19.0,+20.0,+19.0
2022-07-24 09:52,2,+32.5,+23.1,+19.7,+17.2,+28.0,+23.7,+18.5,+19.5,+19.5,+19.5,+19.0,+20.0,+18.5
2022-07-24 10:52,2,+32.0,+23.1,+19.7,+17.2,+28.0,+23.7,+18.5,+19.0,+19.5,+19.5,+19.0,+20.0,+18.5
2022-07-24 11:52,2,+32.0,+23.1,+19.7,+17.2,+28.1,+23.7,+18.5,+19.0,+19.5,+19.5,+19.0,+20.0,+18.5
2022-07-24 12:52,2,+31.9,+23.1,+19.7,+17.2,+28.1,+23.7,+18.5,+19.0,+19.5,+19.5,+19.0,+20.0,+18.5
2022-07-24 13:52,2,+31.9,+23.1,+19.7,+17.2,+28.0,+23.7,+18.5,+19.5,+19.5,+19.5,+19.0,+20.0,+18.5
2022-07-24 14:52,2,+31.9,+23.1,+19.7,+17.2,+28.0,+23.7,+18.5,+19.0,+19.5,+19.5,+19.0,+20.0,+18.5
2022-07-24 15:52,2,+31.9,+23.1,+19.7,+17.2,+28.0,+23.7,+19.0,+19.0,+19.5,+19.5,+19.0,+20.0,+18.5
2022-07-24 16:52,2,+32.0,+23.1,+19.7,+17.2,+28.0,+23.7,+19.0,+19.0,+19.5,+19.5,+19.0,+20.0,+18.5
2022-07-24 17:52,2,+32.0,+23.1,+19.8,+17.2,+28.0,+23.7,+19.0,+19.0,+19.5,+19.5,+19.0,+20.0,+18.5
2022-07-24 18:52,2,+32.0,+23.1,+19.8,+17.2,+28.1,+23.7,+18.5,+19.0,+19.5,+19.5,+19.0,+20.0,+19.0
2022-07-24 19:52,2,+32.1,+23.1,+19.8,+17.2,+28.0,+23.7,+18.5,+19.0,+19.5,+19.5,+19.0,+20.0,+18.5
2022-07-24 20:52,2,+32.1,+23.1,+19.8,+17.2,+28.1,+23.7,+18.5,+19.0,+19.5,+19.5,+19.0,+20.0,+19.0
2022-07-24 21:52,2,+32.1,+23.1,+19.8,+17.2,+28.1,+23.7,+18.5,+19.0,+19.5,+19.5,+19.0,+20.0,+19.0
2022-07-24 22:52,2,+32.1,+23.1,+19.8,+17.2,+28.1,+23.7,+18.5,+19.0,+19.5,+19.5,+19.0,+20.0,+18.5
2022-07-24 23:52,2,+32.1,+23.1,+19.8,+17.2,+28.1,+23.7,+18.5,+19.0,+19.5,+19.5,+19.0,+20.0,+18.5
2022-07-25 00:52,2,+32.1,+23.1,+19.8,+17.2,+28.1,+23.7,+18.5,+19.5,+19.5,+19.5,+19.0,+20.0,+18.5
2022-07-25 01:52,2,+32.1,+23.1,+19.8,+17.2,+28.1,+23.7,+18.5,+19.5,+19.5,+19.5,+19.0,+20.0,+18.5
2022-07-25 02:52,2,+32.0,+23.1,+19.8,+17.2,+28.1,+23.7,+18.5,+19.0,+19.5,+19.5,+19.0,+20.0,+18.5
2022-07-25 03:52,2,+32.0,+23.1,+19.8,+17.2,+28.1,+23.7,+18.0,+19.5,+19.5,+19.5,+19.0,+20.0,+18.5
2022-07-25 04:52,2,+32.0,+23.0,+19.8,+17.2,+28.1,+23.7,+18.0,+19.0,+19.0,+19.5,+19.0,+20.0,+19.0
2022-07-25 05:52,2,+32.0,+23.0,+19.8,+17.2,+28.1,+23.7,+18.0,+19.5,+19.0,+19.5,+19.0,+20.0,+18.5
2022-07-25 06:52,2,+32.0,+22.8,+19.8,+17.2,+28.1,+23.7,+18.0,+19.0,+19.0,+19.5,+19.0,+20.0,+18.5
2022-07-25 07:52,2,+31.9,+22.8,+19.8,+17.2,+28.1,+23.7,+18.0,+19.0,+19.0,+19.5,+19.0,+20.0,+19.0
2022-07-25 08:52,2,+31.8,+22.8,+19.8,+17.2,+28.1,+23.7,+18.5,+19.5,+19.0,+19.5,+19.0,+20.0,+19.0
2022-07-25 09:52,2,+31.7,+22.7,+19.8,+17.2,+28.1,+23.7,+18.5,+19.0,+19.0,+19.5,+19.0,+20.0,+18.5
2022-07-25 10:52,2,+31.7,+22.7,+19.8,+17.2,+28.1,+23.7,+18.5,+19.5,+19.0,+19.5,+19.0,+20.0,+19.0
2022-07-25 11:52,2,+31.7,+22.6,+19.8,+17.2,+28.1,+23.7,+19.0,+19.5,+19.0,+19.5,+19.0,+20.0,+18.5
2022-07-25 12:52,2,+31.7,+22.7,+19.8,+17.2,+28.1,+23.7,+19.0,+19.0,+19.0,+19.5,+19.0,+20.0,+18.5
2022-07-25 13:52,2,+31.7,+22.6,+19.8,+17.2,+28.1,+23.7,+19.0,+19.5,+19.0,+19.5,+19.0,+20.0,+18.5
2022-07-25 14:52,2,+31.7,+22.6,+19.8,+17.2,+28.1,+23.7,+19.5,+19.5,+19.0,+19.5,+19.0,+20.0,+18.5
2022-07-25 15:52,2,+31.6,+22.6,+19.8,+17.2,+28.1,+23.7,+19.5,+19.5,+19.0,+19.5,+19.0,+20.0,+19.0
2022-07-25 16:52,2,+31.6,+22.6,+19.8,+17.2,+28.1,+23.7,+19.5,+19.0,+19.0,+19.5,+19.0,+20.0,+18.5
2022-07-25 17:52,2,+31.5,+22.5,+19.8,+17.2,+28.1,+23.7,+19.5,+19.5,+19.0,+19.5,+19.0,+20.0,+19.0
2022-07-25 18:52,2,+33.4,+22.2,+19.8,+17.2,+28.1,+23.7,+19.0,+19.5,+19.0,+19.5,+19.0,+20.0,+19.0
2022-07-25 19:52,2,+32.3,+22.4,+19.8,+17.2,+28.1,+23.7,+19.0,+20.0,+19.5,+19.5,+19.0,+20.0,+18.5
2022-07-25 20:52,2,+32.1,+22.7,+19.8,+17.2,+28.1,+23.7,+19.0,+19.5,+19.0,+19.5,+19.0,+20.0,+18.5
2022-07-25 21:52,2,+32.0,+22.5,+19.8,+17.2,+28.1,+23.7,+19.0,+19.5,+19.5,+20.0,+19.0,+20.0,+18.5
2022-07-25 22:52,2,+32.0,+22.5,+19.8,+17.2,+28.1,+23.7,+19.0,+19.5,+19.5,+19.5,+19.0,+20.0,+19.0
2022-07-25 23:52,2,+32.0,+22.5,+19.8,+17.2,+28.2,+23.7,+19.0,+19.5,+19.5,+19.5,+19.0,+20.0,+18.5
2022-07-26 00:52,2,+32.0,+22.6,+19.8,+17.2,+28.2,+23.7,+18.5,+19.5,+19.5,+19.5,+19.0,+20.0,+18.5
2022-07-26 01:52,2,+31.9,+22.6,+19.8,+17.2,+28.1,+23.7,+19.0,+19.5,+19.5,+19.5,+19.0,+20.0,+18.5
2022-07-26 02:52,2,+31.9,+22.5,+19.8,+17.2,+28.1,+23.7,+18.5,+19.5,+19.5,+19.5,+19.0,+20.0,+18.5
2022-07-26 03:52,2,+32.0,+22.4,+19.8,+17.2,+28.2,+23.7,+18.5,+19.0,+19.5,+19.5,+19.0,+20.0,+18.5
2022-07-26 04:52,2,+32.0,+22.5,+19.8,+17.2,+28.2,+23.7,+18.5,+19.5,+19.5,+19.5,+19.0,+20.0,+18.5
2022-07-26 05:52,2,+32.1,+22.5,+19.8,+17.2,+28.2,+23.7,+18.5,+19.0,+19.5,+19.5,+19.0,+20.0,+18.5
2022-07-26 06:52,2,+32.0,+22.5,+19.8,+17.2,+28.2,+23.7,+18.5,+19.0,+19.5,+19.5,+19.0,+20.0,+18.5
2022-07-26 07:52,2,+32.0,+22.5,+19.8,+17.2,+28.2,+23.7,+18.5,+19.5,+19.5,+19.5,+19.0,+20.0,+18.5
2022-07-26 08:52,2,+32.0,+22.5,+19.8,+17.2,+28.2,+23.7,+19.0,+19.0,+19.5,+19.5,+19.0,+20.0,+18.5
2022-07-26 09:52,2,+31.9,+22.5,+19.8,+17.2,+28.2,+23.7,+19.0,+19.0,+19.5,+19.5,+19.0,+20.0,+18.5
2022-07-26 10:52,2,+31.9,+22.5,+19.8,+17.2,+28.2,+23.7,+19.0,+19.0,+19.5,+19.5,+19.0,+20.0,+18.5
2022-07-26 11:52,2,+31.9,+22.5,+20.0,+17.2,+28.2,+23.7,+19.0,+19.5,+19.5,+19.5,+19.0,+20.0,+18.5
2022-07-26 12:52,2,+31.9,+22.5,+20.0,+17.2,+28.2,+23.7,+19.0,+19.5,+19.5,+19.5,+19.0,+20.0,+18.5
2022-07-26 13:52,2,+31.8,+22.5,+20.0,+17.2,+28.2,+23.7,+19.0,+19.0,+19.0,+19.5,+19.0,+20.0,+18.5
2022-07-26 14:52,2,+31.9,+22.5,+20.0,+17.2,+28.2,+23.7,+19.5,+19.5,+19.5,+19.5,+19.0,+20.0,+18.5
2022-07-26 15:52,2,+31.9,+22.5,+20.0,+17.2,+28.2,+23.7,+19.5,+19.5,+19.5,+19.5,+19.0,+20.0,+18.5
2022-07-26 16:52,2,+31.9,+22.5,+20.0,+17.2,+28.2,+23.7,+19.0,+19.5,+19.5,+19.5,+19.0,+20.0,+18.5
2022-07-26 17:52,2,+32.4,+22.5,+20.0,+17.2,+28.2,+23.7,+19.5,+20.0,+19.5,+19.5,+19.0,+20.0,+18.5
2022-07-26 18:52,2,+35.7,+22.5,+20.0,+17.2,+28.2,+23.7,+19.0,+19.5,+19.5,+19.5,+19.0,+20.0,+18.5
2022-07-26 19:52,2,+34.6,+22.6,+20.0,+17.2,+28.2,+23.7,+19.0,+19.5,+19.5,+19.5,+19.0,+20.0,+18.5
2022-07-26 20:52,2,+34.4,+22.7,+20.0,+17.2,+28.2,+23.7,+19.0,+19.5,+19.5,+19.5,+19.0,+20.0,+18.5
2022-07-26 21:52,2,+34.2,+22.9,+20.0,+17.2,+28.2,+23.7,+19.0,+19.5,+19.5,+19.5,+19.0,+20.0,+18.5
2022-07-26 22:52,2,+33.9,+23.0,+20.0,+17.2,+28.2,+23.7,+18.5,+19.5,+19.5,+19.5,+19.0,+20.0,+18.5
2022-07-26 23:52,2,+33.7,+23.2,+20.0,+17.2,+28.2,+23.7,+18.5,+19.5,+19.5,+19.5,+19.0,+20.0,+18.5
2022-07-27 00:52,2,+33.6,+23.3,+20.0,+17.2,+28.2,+23.7,+18.5,+19.0,+19.5,+19.5,+19.0,+20.0,+18.5
2022-07-27 01:52,2,+33.5,+23.4,+20.1,+17.2,+28.2,+23.7,+18.5,+19.5,+19.5,+19.5,+19.0,+20.0,+18.5
2022-07-27 02:52,2,+33.5,+23.4,+20.1,+17.2,+28.2,+23.7,+18.5,+19.0,+19.5,+19.5,+19.0,+20.0,+18.5
2022-07-27 03:52,2,+33.4,+23.4,+20.1,+17.2,+28.2,+23.7,+18.5,+19.5,+19.5,+19.5,+19.0,+20.0,+19.0
2022-07-27 04:52,2,+33.4,+23.5,+20.1,+17.2,+28.2,+24.0,+18.5,+19.5,+19.5,+19.5,+19.0,+20.0,+18.5
2022-07-27 05:52,2,+33.5,+23.5,+20.1,+17.2,+28.2,+24.0,+18.5,+19.0,+19.5,+19.5,+19.0,+20.0,+19.0
2022-07-27 06:52,2,+33.5,+23.5,+20.1,+17.3,+28.2,+24.0,+18.5,+19.0,+19.5,+19.5,+19.0,+20.0,+18.5
2022-07-27 07:52,2,+33.5,+23.5,+20.1,+17.3,+28.2,+24.0,+18.5,+19.0,+19.5,+19.5,+19.0,+20.0,+18.5
2022-07-27 08:52,2,+33.4,+23.4,+20.1,+17.3,+28.2,+24.0,+18.5,+19.0,+19.0,+19.5,+19.0,+20.0,+18.5
2022-07-27 09:52,2,+33.5,+23.4,+20.1,+17.3,+28.2,+24.0,+19.0,+19.0,+19.5,+19.5,+19.0,+20.0,+18.5
2022-07-27 10:52,2,+33.5,+23.4,+20.1,+17.3,+28.2,+24.0,+19.0,+19.0,+19.0,+19.5,+19.0,+20.0,+18.5
2022-07-27 11:52,2,+33.5,+23.4,+20.2,+17.3,+28.2,+24.0,+19.0,+19.0,+19.0,+19.5,+19.0,+20.0,+18.5
2022-07-27 12:52,2,+33.5,+23.3,+20.2,+17.3,+28.2,+24.0,+19.0,+19.5,+19.0,+19.5,+19.0,+20.0,+18.5
2022-07-27 13:52,2,+33.5,+23.3,+20.2,+17.3,+28.2,+24.0,+19.0,+19.0,+19.5,+19.5,+19.0,+20.0,+18.5
2022-07-27 14:52,2,+33.4,+23.3,+20.2,+17.3,+28.2,+24.0,+19.5,+19.5,+19.5,+19.5,+19.0,+20.0,+18.5
2022-07-27 15:52,2,+34.3,+23.3,+20.2,+17.3,+28.2,+24.0,+19.5,+19.5,+19.5,+19.5,+19.0,+20.0,+18.5
2022-07-27 16:52,2,+34.0,+23.2,+20.2,+17.3,+28.2,+24.0,+19.0,+19.5,+19.5,+19.5,+19.0,+20.0,+18.5
2022-07-27 17:52,2,+34.2,+23.3,+20.2,+17.3,+28.2,+24.0,+19.0,+19.5,+19.5,+19.5,+19.0,+20.0,+18.5
2022-07-27 18:52,2,+35.5,+23.4,+20.2,+17.3,+28.2,+24.0,+19.0,+20.0,+19.5,+19.5,+19.0,+20.0,+18.5
2022-07-27 19:52,2,+36.7,+24.8,+20.2,+17.3,+28.2,+24.0,+19.0,+19.5,+19.5,+19.5,+19.0,+20.0,+19.0
2022-07-27 20:52,2,+35.5,+25.0,+20.3,+17.3,+28.2,+24.0,+19.0,+19.5,+19.5,+19.5,+19.0,+20.0,+18.5
2022-07-27 21:52,2,+35.2,+25.0,+20.6,+17.5,+28.2,+24.0,+19.0,+19.5,+19.5,+19.5,+19.0,+20.0,+18.5
2022-07-27 22:52,2,+35.1,+24.9,+20.7,+17.5,+28.2,+24.0,+19.0,+19.5,+19.5,+19.5,+19.0,+20.0,+18.5
2022-07-27 23:52,2,+35.2,+24.7,+20.7,+17.6,+28.2,+24.0,+19.0,+19.5,+19.5,+19.5,+19.0,+20.0,+19.0
2022-07-28 00:52,2,+35.1,+24.7,+20.7,+17.6,+28.2,+24.0,+18.5,+19.0,+19.5,+19.5,+19.0,+20.0,+18.5
2022-07-28 01:52,2,+35.0,+24.6,+20.7,+17.7,+28.2,+24.0,+18.5,+19.0,+19.5,+19.5,+19.0,+20.0,+18.5
2022-07-28 02:52,2,+34.9,+24.5,+20.7,+17.7,+28.2,+24.0,+18.5,+19.0,+19.5,+19.5,+19.0,+20.0,+18.5
2022-07-28 03:52,2,+34.9,+24.4,+20.7,+17.7,+28.2,+24.0,+18.5,+19.0,+19.5,+19.5,+19.0,+20.0,+18.5
2022-07-28 04:52,2,+34.9,+24.4,+20.7,+17.7,+28.2,+24.0,+18.5,+19.0,+19.5,+19.5,+19.0,+20.0,+18.5
2022-07-28 05:52,2,+34.9,+24.6,+20.7,+17.7,+28.5,+24.1,+18.5,+19.0,+19.5,+19.5,+19.0,+20.0,+18.5
2022-07-28 06:52,2,+34.7,+24.7,+20.7,+17.7,+28.2,+24.1,+18.5,+19.0,+19.5,+19.5,+19.0,+20.0,+19.0
2022-07-28 07:52,2,+34.9,+24.6,+20.7,+17.8,+28.5,+24.1,+18.5,+19.0,+19.5,+20.0,+19.0,+20.0,+18.5
2022-07-28 08:52,2,+34.7,+24.6,+20.7,+17.8,+28.5,+24.1,+18.5,+19.5,+19.5,+19.5,+19.0,+20.0,+18.5
2022-07-28 09:52,2,+34.7,+24.5,+20.7,+17.8,+28.5,+24.1,+18.5,+19.5,+19.5,+19.5,+19.0,+20.0,+18.5
2022-07-28 10:52,2,+34.6,+24.5,+20.7,+17.8,+28.5,+24.1,+19.0,+19.0,+19.5,+19.5,+19.0,+20.0,+18.5
2022-07-28 11:52,2,+34.8,+24.5,+20.7,+17.8,+28.5,+24.1,+19.0,+19.5,+19.0,+19.5,+19.0,+20.0,+18.5
2022-07-28 12:52,2,+34.8,+24.4,+20.7,+17.8,+28.6,+24.1,+19.0,+19.0,+19.5,+19.5,+19.0,+20.0,+18.5
2022-07-28 13:52,2,+34.8,+24.4,+20.7,+17.8,+28.6,+24.2,+19.0,+19.5,+19.5,+19.5,+19.0,+20.0,+18.5
2022-07-28 14:52,2,+34.8,+24.4,+20.7,+17.8,+28.6,+24.2,+19.0,+19.5,+19.5,+19.5,+19.0,+20.0,+18.5
2022-07-28 15:52,2,+34.9,+24.4,+20.7,+18.0,+28.6,+24.2,+19.0,+19.0,+19.5,+19.5,+19.0,+20.0,+18.5
2022-07-28 16:52,2,+34.9,+24.4,+20.7,+18.0,+28.6,+24.2,+19.0,+19.0,+19.5,+19.5,+19.0,+20.0,+18.5
2022-07-28 17:52,2,+34.9,+24.4,+20.7,+18.0,+28.6,+24.2,+19.0,+19.0,+19.5,+19.5,+19.0,+20.0,+18.5
2022-07-28 18:52,2,+34.9,+24.4,+20.7,+18.0,+28.7,+24.2,+19.0,+19.5,+19.5,+19.5,+19.0,+20.0,+18.5
2022-07-28 19:52,2,+34.8,+24.4,+20.7,+18.0,+28.7,+24.2,+19.0,+19.5,+19.5,+19.5,+19.0,+20.0,+18.5
2022-07-28 20:52,2,+34.8,+24.4,+20.7,+18.0,+28.7,+24.2,+18.5,+19.0,+19.5,+19.5,+19.0,+20.0,+19.0
2022-07-28 21:52,2,+34.8,+24.4,+20.7,+18.0,+28.7,+24.2,+18.5,+19.0,+19.5,+20.0,+19.0,+20.0,+18.5
2022-07-28 22:52,2,+34.8,+24.4,+20.7,+18.0,+28.7,+24.2,+18.5,+19.0,+19.5,+19.5,+19.0,+20.0,+18.5
2022-07-28 23:52,2,+34.8,+24.4,+20.7,+18.0,+28.7,+24.2,+18.5,+19.0,+19.5,+19.5,+19.0,+20.0,+18.5
2022-07-29 00:52,2,+34.9,+24.5,+20.7,+18.0,+28.7,+24.2,+18.5,+19.5,+19.5,+19.5,+19.0,+20.0,+18.5
2022-07-29 01:52,2,+35.2,+24.5,+20.7,+18.0,+28.7,+24.2,+18.5,+19.0,+19.0,+19.5,+19.0,+20.0,+18.5
2022-07-29 02:52,2,+35.3,+24.5,+20.7,+18.0,+28.7,+24.2,+18.0,+19.5,+19.5,+19.5,+19.0,+20.0,+18.5
2022-07-29 03:52,2,+35.3,+24.5,+20.7,+18.0,+28.7,+24.2,+18.5,+19.5,+19.5,+19.5,+19.0,+20.0,+18.5
2022-07-29 04:52,2,+35.7,+24.7,+20.7,+18.0,+28.7,+24.2,+18.0,+19.5,+19.5,+19.5,+19.0,+20.0,+19.0
2022-07-29 05:52,2,+36.1,+24.7,+20.7,+18.0,+28.7,+24.2,+18.0,+19.5,+19.0,+19.5,+19.0,+20.0,+18.5
2022-07-29 06:52,2,+36.1,+24.7,+20.7,+18.0,+28.7,+24.2,+18.0,+19.0,+19.5,+19.5,+19.0,+20.0,+18.5
2022-07-29 07:52,2,+36.1,+24.7,+20.7,+18.0,+28.7,+24.2,+18.5,+19.5,+19.0,+19.5,+19.0,+20.0,+18.5
2022-07-29 08:52,2,+36.1,+24.7,+20.7,+18.0,+28.7,+24.2,+18.5,+19.0,+19.0,+19.5,+19.0,+20.0,+18.5
2022-07-29 09:52,2,+36.1,+24.8,+20.7,+18.0,+28.7,+24.2,+18.5,+19.5,+19.0,+19.5,+19.0,+20.0,+18.5
2022-07-29 10:52,2,+36.0,+24.8,+20.7,+18.0,+28.7,+24.2,+18.5,+19.0,+19.0,+19.5,+19.0,+20.0,+18.5
2022-07-29 11:52,2,+36.1,+24.8,+20.7,+18.0,+28.7,+24.2,+19.0,+19.0,+19.0,+19.5,+19.0,+20.0,+18.5
2022-07-29 12:52,2,+35.9,+24.8,+20.7,+18.0,+28.7,+24.2,+19.0,+19.5,+19.0,+19.5,+19.0,+20.0,+19.0
2022-07-29 13:52,2,+35.8,+24.8,+20.7,+18.0,+28.7,+24.2,+19.0,+19.0,+19.0,+19.5,+19.0,+20.0,+18.5
2022-07-29 14:52,2,+35.8,+24.7,+20.7,+18.0,+28.7,+24.5,+19.0,+19.0,+19.0,+19.5,+19.0,+20.0,+19.0
2022-07-29 15:52,2,+35.8,+24.7,+20.7,+18.0,+28.7,+24.5,+19.0,+19.0,+19.0,+19.5,+19.0,+20.0,+18.5
2022-07-29 16:52,2,+35.7,+24.7,+20.7,+18.0,+28.7,+24.5,+19.0,+19.0,+19.0,+19.5,+19.0,+20.0,+19.0
2022-07-29 17:52,2,+35.7,+24.7,+20.7,+18.0,+28.7,+24.5,+19.0,+19.0,+19.0,+19.5,+19.0,+20.0,+18.5
2022-07-29 18:52,2,+35.7,+24.7,+20.7,+18.0,+28.7,+24.5,+19.0,+19.0,+19.0,+19.5,+19.0,+20.0,+18.5
2022-07-29 19:52,2,+35.6,+24.7,+20.7,+18.0,+28.7,+24.5,+19.0,+19.0,+19.0,+19.5,+19.0,+20.0,+19.0
2022-07-29 20:52,2,+35.6,+24.8,+20.7,+18.0,+28.7,+24.5,+19.0,+19.0,+19.0,+19.5,+19.0,+20.0,+19.0
2022-07-29 21:52,2,+35.7,+24.8,+20.7,+18.0,+28.7,+24.5,+19.0,+19.5,+19.0,+19.5,+19.0,+20.0,+18.5
2022-07-29 22:52,2,+35.8,+24.8,+20.7,+18.0,+28.7,+24.5,+19.0,+19.5,+19.5,+19.5,+19.0,+20.0,+18.5
2022-07-29 23:52,2,+35.8,+24.9,+20.7,+18.0,+28.7,+24.5,+19.0,+19.0,+19.5,+19.5,+19.0,+20.0,+18.5
2022-07-30 00:52,2,+35.8,+24.9,+20.7,+18.0,+28.7,+24.5,+19.0,+19.0,+19.0,+19.5,+19.0,+20.0,+19.0
2022-07-30 01:52,2,+35.7,+24.9,+20.7,+18.0,+28.7,+24.5,+18.5,+19.0,+19.5,+19.5,+19.0,+20.0,+18.5
2022-07-30 02:52,2,+36.2,+24.9,+20.7,+18.0,+28.7,+24.5,+18.5,+19.0,+19.5,+19.5,+19.0,+20.0,+19.0
2022-07-30 03:52,2,+36.2,+24.9,+20.7,+18.0,+28.7,+24.5,+18.5,+19.0,+19.5,+19.5,+19.0,+20.0,+18.5
2022-07-30 04:52,2,+36.5,+24.9,+20.7,+18.0,+28.7,+24.5,+18.5,+19.0,+19.5,+19.5,+19.0,+20.0,+18.5
2022-07-30 05:52,2,+36.6,+24.9,+20.7,+18.0,+28.7,+24.5,+18.5,+19.0,+19.0,+19.5,+19.0,+20.0,+18.5
2022-07-30 06:52,2,+36.6,+24.8,+20.7,+18.1,+28.7,+24.5,+18.5,+19.0,+19.5,+19.5,+19.0,+20.0,+18.5
2022-07-30 07:52,2,+36.6,+24.8,+20.7,+18.0,+28.7,+24.5,+18.5,+19.0,+19.5,+19.5,+19.0,+20.0,+18.5
2022-07-30 08:52,2,+36.6,+24.8,+20.7,+18.0,+28.7,+24.6,+18.5,+19.0,+19.0,+19.5,+19.0,+20.0,+18.5
2022-07-30 09:52,2,+36.6,+24.8,+20.7,+18.1,+28.7,+24.6,+18.5,+19.0,+19.5,+19.5,+19.0,+20.0,+18.5
2022-07-30 10:52,2,+36.8,+24.8,+20.7,+18.1,+28.7,+24.6,+19.0,+19.0,+19.0,+19.5,+19.0,+20.0,+18.5
2022-07-30 11:52,2,+36.7,+24.8,+20.7,+18.1,+28.7,+24.6,+19.0,+19.0,+19.5,+19.5,+19.0,+20.0,+18.5
2022-07-30 12:52,2,+36.7,+24.8,+20.7,+18.1,+28.7,+24.6,+19.0,+19.5,+19.0,+19.5,+19.0,+20.0,+19.0
2022-07-30 13:52,2,+36.7,+24.8,+20.7,+18.1,+28.7,+24.6,+19.0,+19.0,+19.0,+19.5,+19.0,+20.0,+18.5
2022-07-30 14:52,2,+36.6,+24.8,+20.7,+18.1,+28.7,+24.6,+19.0,+19.0,+19.0,+19.5,+19.0,+20.0,+18.5
2022-07-30 15:52,2,+36.7,+24.8,+20.7,+18.1,+28.7,+24.6,+19.0,+19.5,+19.0,+19.5,+19.0,+20.0,+18.5
2022-07-30 16:52,2,+36.9,+24.8,+20.7,+18.1,+28.7,+24.6,+19.0,+19.5,+19.5,+19.5,+19.0,+20.0,+18.5
2022-07-30 17:52,2,+43.2,+24.8,+20.7,+18.1,+28.7,+24.6,+19.5,+19.5,+19.5,+19.5,+19.0,+20.0,+18.5
2022-07-30 18:52,2,+42.1,+27.0,+20.7,+18.1,+28.7,+24.6,+19.0,+19.5,+19.5,+19.5,+19.0,+20.0,+18.5
2022-07-30 19:52,2,+40.3,+27.1,+21.0,+18.1,+28.7,+24.6,+19.0,+19.5,+19.5,+19.5,+19.0,+20.0,+18.5
2022-07-30 20:52,2,+39.8,+27.0,+21.2,+18.1,+28.7,+24.6,+19.0,+19.5,+19.5,+19.5,+19.0,+20.0,+18.5
2022-07-30 21:52,2,+39.6,+27.0,+21.2,+18.2,+28.7,+24.6,+19.0,+20.0,+19.5,+19.5,+19.0,+20.0,+18.5
2022-07-30 22:52,2,+39.9,+27.1,+21.3,+18.2,+29.0,+24.6,+19.0,+20.0,+19.5,+19.5,+19.0,+20.0,+18.5
2022-07-30 23:52,2,+39.5,+27.1,+21.3,+18.3,+29.0,+24.6,+19.0,+19.5,+19.5,+19.5,+19.0,+20.0,+18.5
2022-07-31 00:52,2,+39.3,+27.0,+21.5,+18.5,+29.0,+24.6,+19.0,+19.5,+19.5,+19.5,+19.0,+20.0,+18.5
2022-07-31 01:52,2,+39.1,+26.9,+21.5,+18.6,+29.1,+24.6,+19.0,+19.5,+19.5,+19.5,+19.0,+20.0,+18.5
2022-07-31 02:52,2,+39.0,+26.8,+21.5,+18.7,+29.1,+24.7,+19.0,+19.5,+19.5,+19.5,+19.0,+20.0,+18.5
2022-07-31 03:52,2,+39.0,+26.7,+21.5,+18.7,+29.1,+24.7,+18.5,+19.0,+19.5,+19.5,+19.0,+20.0,+18.5
2022-07-31 04:52,2,+38.9,+26.7,+21.3,+18.7,+29.1,+24.7,+18.5,+19.0,+19.5,+19.5,+19.0,+20.0,+18.5
2022-07-31 05:52,2,+38.8,+26.7,+21.3,+18.7,+29.2,+24.7,+18.5,+19.0,+19.5,+19.5,+19.0,+20.0,+19.0
2022-07-31 06:52,2,+38.8,+26.6,+21.3,+18.7,+29.2,+24.7,+18.5,+19.0,+19.5,+19.5,+19.0,+20.0,+18.5
2022-07-31 07:52,2,+38.7,+26.8,+21.3,+18.7,+29.2,+24.7,+18.5,+19.0,+19.5,+19.5,+19.0,+20.0,+18.5
2022-07-31 08:52,2,+38.7,+26.8,+21.3,+18.7,+29.2,+25.0,+18.5,+19.0,+19.5,+19.5,+19.0,+20.0,+18.5
2022-07-31 09:52,2,+38.7,+27.0,+21.3,+18.7,+29.2,+25.0,+18.5,+19.0,+19.5,+19.5,+19.0,+20.0,+18.5
2022-07-31 10:52,2,+38.7,+27.0,+21.3,+18.7,+29.2,+25.0,+18.5,+19.5,+19.5,+19.5,+19.0,+20.0,+18.5
2022-07-31 11:52,2,+38.7,+26.9,+21.2,+18.7,+29.2,+25.0,+18.5,+19.0,+19.5,+19.5,+19.0,+20.0,+18.5
2022-07-31 12:52,2,+38.6,+27.0,+21.2,+18.7,+29.2,+25.0,+18.5,+19.5,+19.5,+19.5,+19.0,+20.0,+18.5
2022-07-31 13:52,2,+38.5,+27.0,+21.2,+18.7,+29.2,+25.1,+19.0,+19.5,+19.5,+19.5,+19.0,+20.0,+18.5
2022-07-31 14:52,2,+38.5,+27.0,+21.2,+18.7,+29.2,+25.1,+19.0,+19.0,+19.5,+19.5,+19.0,+20.0,+18.5
2022-07-31 15:52,2,+38.4,+27.1,+21.2,+18.7,+29.2,+25.1,+19.0,+19.0,+19.5,+19.5,+19.0,+20.0,+18.5
2022-07-31 16:52,2,+38.4,+27.1,+21.2,+18.7,+29.2,+25.1,+19.0,+19.0,+19.5,+19.5,+19.0,+20.0,+18.5
2022-07-31 17:52,2,+38.4,+27.1,+21.2,+18.7,+29.2,+25.1,+19.0,+19.0,+19.0,+19.5,+19.0,+20.0,+18.5
2022-07-31 18:52,2,+38.3,+27.1,+21.2,+18.7,+29.2,+25.1,+19.0,+19.5,+19.5,+19.5,+19.0,+20.0,+18.5
2022-07-31 19:52,2,+38.3,+27.1,+21.2,+18.7,+29.2,+25.1,+19.0,+19.5,+19.5,+19.5,+19.0,+20.0,+18.5
2022-07-31 20:52,2,+38.3,+27.1,+21.2,+18.7,+29.2,+25.2,+19.0,+19.5,+19.5,+19.5,+19.0,+20.0,+18.5
2022-07-31 21:52,2,+38.3,+27.1,+21.2,+18.7,+29.2,+25.2,+19.0,+19.0,+19.5,+19.5,+19.0,+20.0,+18.5
2022-07-31 22:52,2,+38.3,+27.1,+21.2,+18.7,+29.2,+25.2,+19.0,+19.0,+19.5,+19.5,+19.0,+20.0,+18.5
2022-07-31 23:52,2,+38.2,+27.1,+21.2,+18.7,+29.2,+25.2,+19.0,+19.0,+19.5,+19.5,+19.0,+20.0,+18.5
2022-08-01 00:52,2,+38.2,+27.1,+21.2,+18.7,+29.2,+25.2,+18.5,+19.0,+19.5,+20.0,+19.0,+20.0,+19.0
2022-08-01 01:52,2,+38.2,+27.2,+21.2,+18.7,+29.2,+25.2,+18.5,+19.5,+19.5,+19.5,+19.0,+20.0,+19.0
2022-08-01 02:52,2,+38.3,+27.2,+21.2,+18.7,+29.2,+25.2,+18.5,+19.0,+19.5,+19.5,+19.0,+20.0,+18.5
2022-08-01 03:52,2,+38.3,+27.2,+21.2,+18.7,+29.2,+25.2,+18.5,+19.5,+19.5,+19.5,+19.0,+20.0,+19.0
2022-08-01 04:52,2,+38.3,+27.2,+21.2,+18.7,+29.2,+25.2,+18.5,+19.5,+19.5,+19.5,+19.0,+20.0,+18.5
2022-08-01 05:52,2,+38.3,+27.2,+21.2,+18.7,+29.2,+25.2,+18.5,+19.0,+19.5,+19.5,+19.0,+20.0,+19.0
2022-08-01 06:52,2,+38.2,+27.2,+21.2,+18.7,+29.2,+25.2,+18.5,+19.0,+19.0,+19.5,+19.0,+20.0,+18.5
2022-08-01 07:52,2,+38.2,+27.2,+21.2,+18.7,+29.2,+25.2,+18.5,+19.0,+19.0,+19.5,+19.0,+20.0,+18.5
2022-08-01 08:52,2,+38.2,+27.1,+21.2,+18.7,+29.2,+25.2,+18.5,+19.0,+19.0,+19.5,+19.0,+20.0,+18.5
2022-08-01 09:52,2,+38.1,+27.1,+21.2,+18.7,+29.2,+25.2,+18.5,+19.0,+19.5,+19.5,+19.0,+20.0,+18.5
2022-08-01 10:52,2,+38.0,+27.1,+21.2,+18.7,+29.2,+25.2,+18.5,+19.0,+19.0,+19.5,+19.0,+20.0,+19.0
2022-08-01 11:52,2,+38.0,+27.1,+21.2,+18.7,+29.2,+25.2,+18.5,+19.5,+19.0,+19.5,+19.0,+20.0,+18.5
2022-08-01 12:52,2,+37.9,+27.0,+21.2,+18.7,+29.2,+25.2,+19.0,+19.5,+19.0,+19.5,+19.0,+20.0,+19.0
2022-08-01 13:52,2,+37.9,+27.0,+21.2,+18.7,+29.2,+25.2,+19.0,+19.0,+19.0,+19.5,+19.0,+20.0,+19.0
2022-08-01 14:52,2,+38.0,+27.0,+21.2,+18.7,+29.2,+25.2,+19.0,+19.0,+19.0,+19.5,+19.0,+20.0,+18.5
2022-08-01 15:52,2,+40.2,+27.0,+21.2,+18.7,+29.2,+25.2,+19.0,+19.0,+19.0,+19.5,+19.0,+20.0,+19.0
2022-08-01 16:52,2,+40.9,+27.6,+21.2,+18.7,+29.2,+25.2,+19.0,+19.0,+19.5,+19.5,+19.0,+20.0,+19.0
2022-08-01 17:52,2,+40.2,+28.2,+21.2,+18.6,+29.2,+25.2,+19.0,+19.5,+19.5,+19.5,+19.0,+20.0,+18.5
2022-08-01 18:52,2,+40.4,+28.4,+21.2,+18.7,+29.2,+25.2,+19.0,+19.5,+19.5,+19.5,+19.0,+20.0,+19.0
2022-08-01 19:52,2,+40.4,+28.6,+21.3,+18.7,+29.2,+25.2,+19.0,+19.5,+19.5,+19.5,+19.0,+20.0,+18.5
2022-08-01 20:52,2,+40.0,+28.6,+21.5,+18.7,+29.2,+25.2,+19.0,+19.5,+19.5,+19.5,+19.0,+20.0,+18.5
2022-08-01 21:52,2,+40.1,+28.6,+21.5,+18.7,+29.2,+25.2,+19.0,+19.5,+19.5,+19.5,+19.0,+20.0,+18.5
2022-08-01 22:52,2,+39.9,+28.6,+21.6,+18.7,+29.2,+25.2,+19.0,+19.5,+19.5,+19.5,+19.0,+20.0,+18.5
2022-08-01 23:52,2,+39.8,+28.6,+21.6,+18.8,+29.2,+25.2,+19.0,+19.5,+19.5,+19.5,+19.0,+20.0,+18.5
2022-08-02 00:52,2,+39.6,+28.5,+21.6,+18.8,+29.5,+25.2,+18.5,+19.5,+19.5,+19.5,+19.0,+20.0,+18.5
2022-08-02 01:52,2,+39.5,+28.5,+21.6,+19.0,+29.5,+25.2,+18.5,+19.0,+19.5,+19.5,+19.0,+20.0,+18.5
2022-08-02 02:52,2,+39.4,+28.4,+21.6,+19.0,+29.6,+25.2,+18.5,+19.5,+19.5,+19.5,+19.0,+20.0,+19.0
2022-08-02 03:52,2,+39.4,+28.4,+21.6,+19.0,+29.5,+25.2,+18.5,+19.0,+19.5,+19.5,+19.0,+20.0,+18.5
2022-08-02 04:52,2,+39.4,+28.3,+21.6,+19.0,+29.6,+25.2,+18.5,+19.0,+19.5,+19.5,+19.0,+20.0,+18.5
2022-08-02 05:52,2,+39.7,+28.3,+21.6,+19.0,+29.6,+25.2,+18.5,+19.0,+19.5,+19.5,+19.0,+20.0,+19.0
2022-08-02 06:52,2,+40.2,+28.3,+21.6,+19.1,+29.6,+25.2,+18.5,+19.0,+19.5,+19.5,+19.0,+20.0,+19.0
2022-08-02 07:52,2,+40.2,+28.5,+21.6,+19.1,+29.6,+25.2,+18.5,+19.5,+19.5,+19.5,+19.0,+20.0,+19.0
2022-08-02 08:52,2,+40.1,+28.6,+21.6,+19.1,+29.7,+25.2,+18.5,+19.5,+19.5,+19.5,+19.0,+20.0,+19.0
2022-08-02 09:52,2,+40.0,+28.6,+21.7,+19.1,+29.7,+25.2,+18.5,+19.0,+19.5,+19.5,+19.0,+20.0,+19.0
2022-08-02 10:52,2,+40.0,+28.6,+21.7,+19.1,+29.7,+25.2,+18.5,+19.0,+19.0,+19.5,+19.0,+20.0,+18.5
2022-08-02 11:52,2,+39.9,+28.5,+21.7,+19.1,+29.7,+25.5,+18.5,+19.0,+19.0,+19.5,+19.0,+20.0,+19.0
2022-08-02 12:52,2,+39.8,+28.5,+21.7,+19.1,+29.7,+25.5,+19.0,+19.0,+19.0,+19.5,+19.0,+20.0,+18.5
2022-08-02 13:52,2,+39.8,+28.4,+21.7,+19.1,+29.7,+25.5,+19.0,+19.0,+19.5,+19.5,+19.0,+20.0,+18.5
2022-08-02 14:52,2,+45.6,+29.0,+21.7,+19.1,+29.7,+25.5,+19.0,+19.0,+19.5,+19.5,+19.0,+20.0,+18.5
2022-08-02 15:52,2,+44.7,+30.0,+23.2,+20.7,+29.7,+25.5,+18.5,+19.0,+19.0,+19.5,+19.0,+20.0,+18.5
2022-08-02 16:52,2,+41.8,+29.4,+22.8,+20.7,+30.7,+26.6,+18.5,+19.0,+19.5,+19.5,+19.0,+20.0,+19.0
2022-08-02 17:52,2,+43.1,+29.9,+22.7,+20.6,+30.7,+26.7,+18.5,+19.0,+19.0,+19.5,+19.0,+20.0,+19.0
2022-08-02 18:52,2,+42.0,+29.6,+22.7,+20.7,+30.7,+27.0,+18.5,+19.0,+19.5,+19.5,+19.0,+20.0,+18.5
2022-08-02 19:52,2,+41.5,+29.2,+22.6,+20.5,+30.7,+27.0,+18.5,+19.0,+19.5,+19.5,+19.0,+20.0,+19.0
2022-08-02 20:52,2,+41.0,+29.1,+22.3,+20.2,+30.6,+26.7,+18.5,+19.5,+19.0,+19.5,+19.0,+20.0,+18.5
2022-08-02 21:52,2,+40.7,+28.9,+22.2,+20.1,+30.5,+26.7,+18.5,+19.0,+19.0,+19.5,+19.0,+20.0,+18.5
2022-08-02 22:52,2,+40.5,+28.8,+22.2,+19.8,+30.5,+26.6,+18.5,+19.0,+19.0,+19.5,+19.0,+20.0,+18.5
2022-08-02 23:52,2,+40.4,+28.7,+22.1,+19.7,+30.2,+26.5,+18.5,+19.5,+19.0,+19.5,+19.0,+20.0,+19.0
2022-08-03 00:52,2,+40.3,+28.6,+22.0,+19.7,+30.2,+26.2,+18.0,+19.0,+19.0,+19.5,+19.0,+20.0,+19.0
2022-08-03 01:52,2,+40.2,+28.5,+22.0,+19.7,+30.2,+26.2,+18.0,+19.5,+19.0,+19.5,+19.0,+20.0,+18.5
2022-08-03 02:52,2,+40.2,+28.5,+21.8,+19.6,+30.2,+26.2,+18.0,+19.0,+19.0,+19.5,+19.0,+20.0,+18.5
2022-08-03 03:52,2,+40.2,+28.4,+21.8,+19.6,+30.2,+26.2,+18.0,+19.5,+19.0,+19.5,+19.0,+20.0,+19.0
2022-08-03 04:52,2,+40.3,+28.3,+21.8,+19.5,+30.2,+26.2,+18.0,+19.0,+19.0,+19.5,+19.0,+20.0,+18.5
2022-08-03 05:52,2,+40.2,+28.3,+21.7,+19.5,+30.2,+26.1,+18.0,+19.0,+19.0,+19.5,+19.0,+20.0,+18.5
2022-08-03 06:52,2,+40.4,+28.3,+21.7,+19.3,+30.1,+26.1,+18.0,+19.0,+19.0,+19.5,+19.0,+20.0,+19.0
2022-08-03 07:52,2,+40.4,+28.2,+21.7,+19.3,+30.1,+26.1,+18.0,+19.0,+19.0,+19.5,+19.0,+20.0,+18.5
2022-08-03 08:52,2,+40.4,+28.2,+21.7,+19.3,+30.1,+26.0,+18.0,+19.0,+19.0,+19.5,+19.0,+20.0,+18.5
2022-08-03 09:52,2,+40.4,+28.1,+21.7,+19.3,+30.1,+26.0,+18.0,+19.0,+19.0,+19.5,+19.0,+20.0,+18.5
2022-08-03 10:52,2,+40.4,+28.1,+21.7,+19.2,+30.1,+26.0,+18.0,+18.5,+19.0,+19.5,+19.0,+20.0,+19.0
2022-08-03 11:52,2,+40.4,+28.1,+21.7,+19.2,+30.0,+25.7,+18.0,+18.5,+19.0,+19.5,+19.0,+20.0,+18.5
2022-08-03 12:52,2,+40.4,+28.0,+21.7,+19.2,+30.0,+25.7,+18.5,+19.0,+19.0,+19.5,+19.0,+20.0,+18.5
2022-08-03 13:52,2,+40.4,+28.0,+21.7,+19.2,+30.0,+25.7,+18.0,+18.5,+19.0,+19.5,+19.0,+20.0,+18.5
2022-08-03 14:52,2,+40.4,+27.9,+21.6,+19.2,+30.0,+25.7,+18.0,+19.0,+19.0,+19.5,+19.0,+20.0,+18.5
2022-08-03 15:52,2,+40.4,+27.9,+21.6,+19.2,+30.0,+25.7,+18.0,+18.5,+19.0,+19.5,+19.0,+20.0,+18.5
2022-08-03 16:52,2,+40.4,+27.9,+21.6,+19.2,+30.0,+25.7,+18.0,+19.0,+19.0,+19.5,+19.0,+20.0,+18.5
2022-08-03 17:52,2,+40.5,+27.8,+21.6,+19.2,+29.7,+25.7,+18.0,+18.5,+19.0,+19.5,+19.0,+20.0,+18.5
2022-08-03 18:52,2,+40.3,+27.8,+21.6,+19.2,+30.0,+25.7,+18.0,+18.5,+19.0,+19.5,+19.0,+20.0,+18.5
2022-08-03 19:52,2,+40.4,+27.8,+21.6,+19.2,+30.0,+25.7,+18.0,+18.5,+19.0,+19.5,+19.0,+20.0,+18.5
2022-08-03 20:52,2,+40.6,+27.8,+21.6,+19.2,+29.7,+25.7,+18.0,+18.5,+19.0,+19.5,+19.0,+20.0,+18.5
2022-08-03 21:52,2,+40.7,+27.7,+21.6,+19.2,+29.7,+25.7,+18.0,+18.5,+19.0,+19.5,+19.0,+20.0,+18.5
2022-08-03 22:52,2,+40.9,+27.7,+21.6,+19.2,+29.7,+25.7,+18.0,+18.5,+19.0,+19.5,+19.0,+20.0,+18.5
2022-08-03 23:52,2,+40.4,+27.7,+21.6,+19.2,+29.7,+25.7,+18.0,+18.5,+19.0,+19.5,+19.0,+20.0,+18.5
2022-08-04 00:52,2,+40.4,+27.7,+21.6,+19.1,+29.7,+25.7,+18.0,+18.5,+19.0,+19.5,+19.0,+20.0,+18.5
2022-08-04 01:52,2,+40.4,+27.7,+21.5,+19.1,+29.7,+25.7,+18.0,+18.5,+19.0,+19.5,+19.0,+20.0,+18.5
2022-08-04 02:52,2,+40.3,+27.6,+21.5,+19.1,+29.7,+25.7,+18.0,+18.5,+19.0,+19.0,+19.0,+20.0,+19.0
2022-08-04 03:52,2,+40.3,+27.6,+21.5,+19.1,+29.7,+25.7,+18.0,+18.5,+19.0,+19.5,+19.0,+20.0,+18.5
2022-08-04 04:52,2,+40.3,+27.6,+21.5,+19.1,+29.7,+25.7,+18.0,+18.5,+19.0,+19.5,+19.0,+20.0,+18.5
2022-08-04 05:52,2,+40.3,+27.6,+21.5,+19.1,+29.7,+25.7,+18.0,+18.5,+19.0,+19.0,+19.0,+20.0,+19.0
2022-08-04 06:52,2,+40.3,+27.6,+21.5,+19.1,+29.7,+25.7,+18.0,+18.5,+19.0,+19.0,+19.0,+20.0,+18.5
2022-08-04 07:52,2,+40.2,+27.6,+21.5,+19.1,+29.7,+25.7,+18.0,+18.5,+19.0,+19.0,+19.0,+20.0,+18.5
2022-08-04 08:52,2,+40.2,+27.5,+21.5,+19.1,+29.7,+25.7,+18.0,+18.5,+19.0,+19.0,+19.0,+20.0,+18.5
2022-08-04 09:52,2,+40.2,+27.5,+21.5,+19.1,+29.7,+25.7,+18.0,+18.5,+19.0,+19.0,+19.0,+20.0,+18.5
2022-08-04 10:52,2,+40.2,+27.5,+21.5,+19.1,+29.7,+25.7,+18.0,+18.5,+19.0,+19.0,+19.0,+20.0,+18.5
2022-08-04 11:52,2,+40.2,+27.5,+21.5,+19.1,+29.7,+25.7,+18.0,+18.5,+19.0,+19.0,+19.0,+20.0,+18.5
2022-08-04 12:52,2,+40.2,+27.5,+21.5,+19.1,+29.7,+25.7,+18.5,+19.0,+19.0,+19.0,+19.0,+20.0,+18.5
2022-08-04 13:52,2,+40.1,+27.4,+21.5,+19.1,+29.7,+25.7,+18.5,+18.5,+19.0,+19.0,+19.0,+20.0,+18.5
2022-08-04 14:52,2,+40.1,+27.4,+21.5,+19.1,+29.7,+25.7,+18.5,+18.5,+19.0,+19.0,+19.0,+20.0,+18.5
2022-08-04 15:52,2,+40.2,+27.4,+21.5,+19.1,+29.7,+25.7,+18.5,+18.5,+19.0,+19.0,+19.0,+20.0,+18.5
2022-08-04 16:52,2,+40.2,+27.4,+21.5,+19.1,+29.7,+25.7,+18.5,+18.5,+19.0,+19.0,+19.0,+20.0,+18.5
2022-08-04 17:52,2,+40.2,+27.4,+21.5,+19.1,+29.7,+25.7,+18.5,+18.5,+19.0,+19.5,+19.0,+20.0,+18.5
2022-08-04 18:52,2,+40.2,+27.4,+21.3,+19.1,+29.7,+25.6,+18.5,+18.5,+19.0,+19.0,+19.0,+20.0,+18.5
2022-08-04 19:52,2,+40.2,+27.4,+21.3,+19.1,+29.7,+25.6,+18.5,+18.5,+19.0,+19.0,+19.0,+20.0,+18.5
2022-08-04 20:52,2,+40.2,+27.4,+21.3,+19.0,+29.7,+25.6,+18.5,+18.5,+19.0,+19.0,+19.0,+20.0,+18.5
2022-08-04 21:52,2,+40.2,+27.4,+21.3,+19.1,+29.7,+25.6,+18.5,+18.5,+19.0,+19.0,+19.0,+20.0,+19.0
2022-08-04 22:52,2,+40.2,+27.4,+21.3,+19.0,+29.7,+25.6,+18.5,+18.5,+19.0,+19.0,+19.0,+20.0,+19.0
2022-08-04 23:52,2,+40.2,+27.4,+21.3,+19.0,+29.7,+25.6,+18.0,+18.5,+19.0,+19.0,+19.0,+20.0,+19.0
2022-08-05 00:52,2,+40.2,+27.4,+21.3,+19.0,+29.7,+25.6,+18.0,+18.5,+19.0,+19.0,+19.0,+20.0,+18.5
2022-08-05 01:52,2,+40.2,+27.4,+21.3,+19.0,+29.7,+25.6,+18.0,+18.5,+19.0,+19.0,+19.0,+20.0,+18.5
2022-08-05 02:52,2,+40.4,+27.4,+21.3,+19.0,+29.7,+25.6,+18.0,+18.5,+19.0,+19.0,+19.0,+20.0,+18.5
2022-08-05 03:52,2,+41.1,+27.4,+21.3,+19.0,+29.7,+25.6,+18.0,+18.5,+19.0,+19.0,+19.0,+20.0,+18.5
2022-08-05 04:52,2,+40.9,+27.4,+21.3,+19.0,+29.7,+25.6,+18.0,+18.5,+19.0,+19.0,+19.0,+20.0,+19.0
2022-08-05 05:52,2,+40.9,+27.4,+21.3,+19.0,+29.7,+25.6,+18.0,+18.5,+19.0,+19.0,+19.0,+20.0,+18.5
2022-08-05 06:52,2,+41.5,+27.5,+21.3,+19.0,+29.7,+25.6,+18.0,+18.5,+19.0,+19.0,+19.0,+20.0,+18.5
2022-08-05 07:52,2,+41.5,+27.5,+21.3,+19.0,+29.7,+25.6,+18.0,+18.5,+19.0,+19.0,+19.0,+20.0,+18.5
2022-08-05 08:52,2,+41.4,+27.6,+21.3,+19.0,+29.7,+25.6,+18.0,+18.5,+19.0,+19.5,+19.0,+20.0,+18.5
2022-08-05 09:52,2,+41.3,+27.7,+21.3,+19.0,+29.7,+25.6,+18.0,+18.5,+19.0,+19.0,+19.0,+20.0,+18.5
2022-08-05 10:52,2,+41.3,+27.8,+21.3,+19.0,+29.7,+25.6,+18.5,+18.5,+19.0,+19.0,+19.0,+20.0,+18.5
2022-08-05 11:52,2,+41.3,+27.9,+21.3,+19.0,+29.7,+25.6,+18.5,+18.5,+19.0,+19.0,+19.0,+20.0,+18.5
2022-08-05 12:52,2,+41.2,+27.9,+21.5,+19.0,+29.7,+25.6,+18.5,+19.0,+19.0,+19.0,+19.0,+20.0,+18.5
2022-08-05 13:52,2,+41.2,+27.9,+21.5,+19.0,+29.7,+25.6,+18.5,+18.5,+19.0,+19.0,+19.0,+20.0,+18.5
2022-08-05 14:52,2,+41.2,+27.9,+21.5,+19.0,+29.7,+25.6,+18.5,+19.0,+19.0,+19.0,+19.0,+20.0,+18.5
2022-08-05 15:52,2,+41.1,+27.9,+21.5,+19.0,+29.7,+25.6,+18.5,+19.0,+19.0,+19.0,+19.0,+20.0,+18.5
2022-08-05 16:52,2,+41.7,+28.0,+21.5,+19.0,+29.7,+25.6,+18.5,+19.0,+19.0,+19.0,+19.0,+20.0,+18.5
2022-08-05 17:52,2,+42.1,+28.0,+21.5,+19.0,+29.7,+25.6,+18.5,+19.0,+19.0,+19.0,+19.0,+20.0,+18.5
2022-08-05 18:52,2,+42.2,+28.2,+21.5,+19.0,+29.7,+25.6,+18.5,+19.0,+19.0,+19.0,+19.0,+20.0,+18.5
2022-08-05 19:52,2,+42.4,+28.4,+21.5,+19.1,+29.7,+25.6,+18.5,+19.0,+19.0,+19.0,+19.0,+20.0,+18.5
2022-08-05 20:52,2,+42.2,+28.6,+21.6,+19.1,+29.7,+25.6,+18.5,+19.0,+19.0,+19.0,+19.0,+20.0,+19.0
2022-08-05 21:52,2,+42.3,+28.8,+21.6,+19.1,+29.7,+25.6,+18.5,+19.0,+19.0,+19.0,+19.0,+20.0,+18.5
2022-08-05 22:52,2,+42.6,+28.9,+21.6,+19.1,+29.7,+25.6,+18.5,+19.0,+19.0,+19.0,+19.0,+20.0,+19.0
2022-08-05 23:52,2,+42.1,+29.1,+21.7,+19.1,+29.7,+25.6,+18.5,+19.0,+19.0,+19.0,+19.0,+20.0,+18.5
2022-08-06 00:52,2,+41.9,+29.1,+21.7,+19.1,+29.7,+25.6,+18.5,+19.0,+19.0,+19.0,+19.0,+20.0,+18.5
2022-08-06 01:52,2,+41.8,+29.0,+21.7,+19.1,+29.7,+25.6,+18.5,+19.0,+19.0,+19.0,+19.0,+20.0,+18.5
2022-08-06 02:52,2,+41.8,+29.0,+21.7,+19.2,+29.7,+25.6,+18.5,+19.0,+19.0,+19.0,+19.0,+20.0,+19.0
2022-08-06 03:52,2,+42.0,+29.0,+21.7,+19.2,+29.7,+25.6,+18.5,+19.0,+19.0,+19.0,+19.0,+20.0,+18.5
2022-08-06 04:52,2,+41.9,+29.0,+21.7,+19.2,+29.7,+25.6,+18.0,+19.0,+19.0,+19.0,+19.0,+20.0,+18.5
2022-08-06 05:52,2,+41.8,+29.0,+21.8,+19.2,+29.7,+25.6,+18.0,+19.0,+19.0,+19.0,+19.0,+20.0,+18.5
2022-08-06 06:52,2,+41.7,+29.0,+21.8,+19.2,+29.7,+25.7,+18.0,+19.0,+19.0,+19.0,+19.0,+20.0,+19.0
2022-08-06 07:52,2,+41.7,+28.9,+21.8,+19.2,+29.7,+25.7,+18.5,+19.0,+19.0,+19.5,+19.0,+20.0,+18.5
2022-08-06 08:52,2,+42.4,+28.9,+21.8,+19.2,+29.7,+25.7,+18.0,+18.5,+19.0,+19.5,+19.0,+20.0,+18.5
2022-08-06 09:52,2,+42.5,+29.1,+21.8,+19.2,+30.0,+25.7,+18.0,+18.5,+19.0,+19.0,+19.0,+20.0,+18.5
2022-08-06 10:52,2,+43.9,+29.1,+22.0,+19.2,+30.0,+25.7,+18.5,+18.5,+19.0,+19.0,+19.0,+20.0,+19.0
2022-08-06 11:52,2,+43.1,+29.7,+22.1,+19.3,+30.0,+25.7,+18.5,+18.5,+19.0,+19.0,+19.0,+20.0,+18.5
2022-08-06 12:52,2,+44.4,+30.3,+22.7,+19.5,+30.0,+25.7,+18.5,+18.5,+19.0,+19.0,+19.0,+20.0,+18.5
2022-08-06 13:52,2,+42.9,+29.6,+22.8,+20.1,+30.1,+25.7,+18.5,+18.5,+19.0,+19.0,+19.0,+20.0,+18.5
2022-08-06 14:52,2,+42.7,+29.4,+22.7,+20.3,+30.2,+25.7,+18.5,+18.5,+19.0,+19.0,+19.0,+20.0,+18.5
2022-08-06 15:52,2,+42.4,+29.2,+22.7,+20.3,+30.6,+26.0,+18.5,+18.5,+19.0,+19.0,+19.0,+20.0,+18.5
2022-08-06 16:52,2,+42.1,+29.1,+22.6,+20.3,+30.7,+26.2,+18.5,+18.5,+19.0,+19.0,+19.0,+20.0,+18.5
2022-08-06 17:52,2,+41.9,+29.1,+22.6,+20.2,+30.7,+26.5,+18.0,+18.5,+19.0,+19.0,+19.0,+20.0,+18.5
2022-08-06 18:52,2,+41.7,+29.0,+22.5,+20.2,+30.7,+26.6,+18.0,+18.5,+19.0,+19.0,+19.0,+20.0,+18.5
2022-08-06 19:52,2,+41.7,+28.9,+22.3,+20.2,+30.7,+26.7,+18.0,+18.5,+19.0,+19.0,+19.0,+20.0,+18.5
2022-08-06 20:52,2,+41.6,+28.9,+22.3,+20.2,+30.7,+26.7,+18.0,+18.5,+19.0,+19.0,+19.0,+20.0,+18.5
2022-08-06 21:52,2,+41.6,+28.8,+22.2,+20.1,+30.6,+26.7,+18.0,+18.5,+19.0,+19.0,+19.0,+20.0,+19.0
2022-08-06 22:52,2,+41.5,+28.7,+22.2,+20.1,+30.7,+26.7,+18.0,+18.5,+19.0,+19.0,+19.0,+20.0,+18.5
2022-08-06 23:52,2,+41.6,+28.7,+22.2,+20.0,+30.6,+26.6,+18.0,+18.5,+19.0,+19.0,+19.0,+20.0,+18.5
2022-08-07 00:52,2,+41.6,+28.7,+22.2,+20.0,+30.6,+26.6,+18.0,+18.5,+19.0,+19.0,+19.0,+20.0,+18.5
2022-08-07 01:52,2,+41.6,+28.6,+22.2,+20.0,+30.6,+26.6,+18.0,+18.5,+19.0,+19.0,+19.0,+20.0,+19.0
2022-08-07 02:52,2,+41.6,+28.6,+22.2,+19.8,+30.6,+26.6,+18.0,+18.5,+19.0,+19.0,+19.0,+20.0,+18.5
2022-08-07 03:52,2,+41.6,+28.5,+22.1,+19.8,+30.6,+26.5,+18.0,+18.5,+19.0,+19.0,+19.0,+20.0,+18.5
2022-08-07 04:52,2,+41.5,+28.5,+22.1,+19.8,+30.6,+26.5,+18.0,+18.5,+19.0,+19.0,+19.0,+20.0,+18.5
2022-08-07 05:52,2,+41.5,+28.5,+22.1,+19.7,+30.5,+26.5,+18.0,+18.5,+19.0,+19.0,+19.0,+20.0,+18.5
2022-08-07 06:52,2,+41.4,+28.4,+22.1,+19.7,+30.5,+26.5,+18.0,+18.5,+19.0,+19.0,+19.0,+20.0,+18.5
2022-08-07 07:52,2,+41.4,+28.4,+22.0,+19.7,+30.5,+26.5,+18.0,+18.5,+19.0,+19.0,+19.0,+20.0,+18.5
2022-08-07 08:52,2,+41.3,+28.4,+22.0,+19.7,+30.5,+26.5,+18.0,+18.5,+19.0,+19.0,+19.0,+20.0,+18.5
2022-08-07 09:52,2,+41.3,+28.3,+22.0,+19.7,+30.5,+26.2,+18.0,+18.5,+19.0,+19.0,+19.0,+20.0,+18.5
2022-09-06 13:07,2,+42.7,+28.3,+22.7,+20.5,+31.7,+27.2,+19.0,+19.0,+19.5,+19.5,+19.5,+20.5,+19.0