
2022-07-12 13:14,1,+8.2,+6.5,+20.0,+6.1,+1.9,+23.7,+20.6,+20.3,+20.6,+20.6,+20.7,+20.6,+20.6
2022-07-12 14:14,1,+8.6,+6.6,+20.2,+6.3,+1.9,+23.7,+20.5,+20.2,+20.5,+20.5,+20.5,+20.2,+20.2
2022-07-12 15:14,1,+8.8,+6.6,+20.2,+6.3,+1.9,+23.7,+20.3,+20.2,+20.3,+20.5,+20.5,+20.2,+20.2
2022-07-12 16:14,1,+9.0,+6.6,+20.2,+6.4,+1.9,+23.7,+20.3,+20.2,+20.3,+20.3,+20.5,+20.2,+20.2
2022-07-12 17:14,1,+9.0,+6.6,+20.2,+6.4,+1.7,+23.7,+20.3,+20.3,+20.3,+20.3,+20.5,+20.2,+20.2
2022-07-12 18:14,1,+9.1,+6.6,+20.2,+6.4,+1.9,+23.7,+20.5,+20.2,+20.3,+20.3,+20.2,+20.2,+20.2
2022-07-12 19:14,1,+9.1,+6.6,+20.2,+6.4,+2.0,+23.7,+20.3,+20.3,+20.3,+20.3,+20.5,+20.2,+20.2
2022-07-12 20:14,1,+9.1,+6.7,+20.2,+6.4,+1.7,+23.7,+20.2,+20.3,+20.3,+20.3,+20.2,+20.2,+20.2
2022-07-12 21:14,1,+9.2,+6.7,+20.2,+6.4,+1.9,+23.7,+20.2,+20.2,+20.3,+20.3,+20.2,+20.2,+20.2
2022-07-12 22:14,1,+9.2,+6.7,+20.2,+6.4,+2.0,+23.7,+20.2,+20.3,+20.3,+20.3,+20.2,+20.2,+20.2
2022-07-12 23:14,1,+9.3,+6.7,+20.2,+6.4,+1.9,+23.7,+20.1,+20.3,+20.3,+20.3,+20.2,+20.2,+20.2
2022-07-13 00:14,1,+9.3,+6.7,+20.2,+6.4,+2.0,+23.7,+20.1,+20.2,+20.3,+20.3,+20.5,+20.2,+20.2
2022-07-13 01:14,1,+9.3,+6.7,+20.2,+6.5,+1.9,+23.7,+20.0,+20.2,+20.3,+20.3,+20.5,+20.2,+20.2
2022-07-13 02:14,1,+9.3,+6.7,+20.2,+6.5,+1.9,+23.7,+20.0,+20.2,+20.3,+20.5,+20.2,+20.2,+20.2
2022-07-13 03:14,1,+9.4,+6.7,+20.2,+6.5,+2.0,+23.7,+20.0,+20.1,+20.3,+20.5,+20.2,+20.2,+20.2
2022-07-13 04:14,1,+9.4,+6.7,+20.2,+6.5,+2.0,+23.7,+20.0,+20.1,+20.3,+20.3,+20.2,+20.2,+20.2
2022-07-13 05:14,1,+9.4,+6.7,+20.2,+6.5,+2.0,+23.7,+19.8,+20.1,+20.3,+20.3,+20.2,+20.2,+20.2
2022-07-13 06:14,1,+9.6,+6.7,+20.2,+6.5,+2.0,+23.7,+19.8,+20.1,+20.3,+20.3,+20.2,+20.2,+20.2
2022-07-13 07:14,1,+9.7,+6.8,+20.2,+6.5,+2.0,+23.7,+19.7,+20.1,+20.3,+20.5,+20.5,+20.2,+20.2
2022-07-13 08:14,1,+9.5,+6.7,+20.2,+6.5,+1.9,+23.7,+20.0,+20.1,+20.3,+20.3,+20.5,+20.2,+20.2
2022-07-13 09:14,1,+9.4,+6.7,+20.2,+6.5,+2.0,+23.7,+20.2,+20.1,+20.3,+20.3,+20.5,+20.2,+20.2
2022-07-13 10:14,1,+9.3,+6.7,+20.2,+6.5,+2.0,+23.7,+20.6,+20.1,+20.3,+20.3,+20.5,+20.2,+20.2
2022-07-13 11:14,1,+9.1,+6.7,+20.2,+6.5,+2.0,+23.7,+20.7,+20.2,+20.3,+20.5,+20.5,+20.2,+20.2
2022-07-13 12:14,1,+9.1,+6.7,+20.2,+6.5,+1.9,+23.7,+20.8,+20.2,+20.3,+20.5,+20.2,+20.2,+20.2
2022-07-13 13:14,1,+9.1,+6.7,+20.2,+6.5,+2.0,+23.7,+20.8,+20.2,+20.3,+20.3,+20.5,+20.2,+20.2
2022-07-13 14:14,1,+9.2,+6.7,+20.2,+6.5,+2.0,+23.7,+21.0,+20.3,+20.3,+20.3,+20.5,+20.2,+20.2
2022-07-13 15:14,1,+12.5,+7.6,+20.2,+6.5,+2.0,+23.7,+20.7,+20.5,+20.3,+20.3,+20.5,+20.2,+20.2
2022-07-13 16:14,1,+11.7,+8.5,+21.2,+6.5,+1.9,+23.7,+20.3,+20.5,+20.3,+20.3,+20.5,+20.2,+20.2
2022-07-13 17:14,1,+11.7,+8.3,+22.2,+6.9,+2.0,+23.7,+20.2,+20.5,+20.5,+20.3,+20.5,+20.2,+20.2
2022-07-13 18:14,1,+11.7,+8.5,+22.7,+7.3,+2.0,+23.7,+20.1,+20.3,+20.5,+20.3,+20.5,+20.2,+20.2
2022-07-13 19:14,1,+11.3,+8.3,+22.6,+7.4,+2.2,+24.2,+20.1,+20.3,+20.5,+20.3,+20.2,+20.2,+20.2
2022-07-13 20:14,1,+10.9,+8.1,+22.5,+7.4,+2.4,+24.2,+20.0,+20.2,+20.5,+20.5,+20.5,+20.2,+20.2
2022-07-13 21:14,1,+10.7,+8.0,+22.2,+7.4,+2.4,+24.5,+19.8,+20.2,+20.5,+20.5,+20.5,+20.5,+20.2
2022-07-13 22:14,1,+10.6,+7.9,+22.1,+7.3,+2.4,+24.5,+20.0,+20.2,+20.5,+20.5,+20.5,+20.2,+20.2
2022-07-13 23:14,1,+10.6,+7.6,+21.8,+7.3,+2.4,+24.5,+19.8,+20.2,+20.5,+20.5,+20.5,+20.2,+20.2
2022-07-14 00:14,1,+10.5,+7.5,+21.7,+7.3,+2.5,+24.2,+19.7,+20.1,+20.5,+20.5,+20.2,+20.2,+20.2
2022-07-14 01:14,1,+10.4,+7.4,+21.7,+7.1,+2.2,+24.2,+19.7,+20.1,+20.3,+20.3,+20.5,+20.2,+20.2
2022-07-14 02:14,1,+10.3,+7.4,+21.6,+7.1,+2.5,+24.2,+19.7,+20.1,+20.3,+20.3,+20.5,+20.2,+20.2
2022-07-14 03:14,1,+10.3,+7.4,+21.6,+7.1,+2.4,+24.2,+19.7,+20.1,+20.5,+20.3,+20.5,+20.2,+20.5
2022-07-14 04:14,1,+10.3,+7.4,+21.5,+7.1,+2.2,+24.2,+19.6,+20.1,+20.3,+20.5,+20.5,+20.2,+20.2
2022-07-14 05:14,1,+10.5,+7.5,+21.5,+7.1,+2.2,+24.2,+19.5,+20.0,+20.3,+20.5,+20.5,+20.2,+20.2
2022-07-14 06:14,1,+10.6,+7.5,+21.3,+7.1,+2.4,+24.2,+19.5,+20.0,+20.3,+20.3,+20.5,+20.2,+20.2
2022-07-14 07:14,1,+10.7,+7.5,+21.3,+7.1,+2.2,+24.2,+19.5,+20.0,+20.3,+20.5,+20.5,+20.2,+20.5
2022-07-14 08:14,1,+10.5,+7.4,+21.2,+7.1,+2.2,+24.2,+19.6,+20.0,+20.3,+20.5,+20.5,+20.5,+20.2
2022-07-14 09:14,1,+10.5,+7.4,+21.2,+7.0,+2.4,+24.2,+20.0,+20.0,+20.3,+20.5,+20.5,+20.2,+20.2
2022-07-14 10:14,1,+10.5,+7.4,+21.2,+7.0,+2.4,+24.2,+20.2,+20.0,+20.3,+20.3,+20.5,+20.2,+20.5
2022-07-14 11:14,1,+10.4,+7.3,+21.2,+7.0,+2.2,+24.2,+20.2,+20.0,+20.3,+20.3,+20.5,+20.2,+20.2
2022-07-14 12:14,1,+10.4,+7.3,+21.1,+7.0,+2.2,+24.2,+20.3,+20.0,+20.2,+20.3,+20.5,+20.5,+20.5
2022-07-14 11:58,1,+10.3,+7.2,+21.1,+7.0,+2.4,+24.2,+20.6,+20.1,+20.2,+20.3,+20.5,+20.5,+20.5
2022-07-14 12:58,1,,,,,,,+20.7,+20.2,+20.2,+20.5,+20.5,+20.2,+20.2
2022-07-14 13:58,1,+10.4,+7.2,+21.1,+7.0,+2.2,+24.2,+20.8,+20.2,+20.3,+20.5,+20.5,+20.5,+20.2
2022-07-14 14:58,1,+10.7,+7.2,+21.1,+7.0,+2.2,+24.2,+20.8,+20.3,+20.2,+20.3,+20.5,+20.5,+20.2
2022-07-14 15:58,1,+11.1,+7.2,+21.1,+7.0,+2.2,+24.2,+20.7,+20.3,+20.3,+20.3,+20.5,+20.2,+20.5
2022-07-14 16:58,1,+11.5,+7.2,+21.1,+7.0,+2.2,+24.2,+20.6,+20.3,+20.3,+20.3,+20.5,+20.5,+20.5
2022-07-14 17:58,1,+11.6,+7.3,+21.0,+7.0,+2.2,+24.2,+20.5,+20.3,+20.3,+20.3,+20.5,+20.2,+20.5
2022-07-14 18:58,1,+11.6,+7.3,+21.0,+7.0,+2.4,+24.2,+20.3,+20.3,+20.3,+20.3,+20.5,+20.5,+20.2
2022-07-14 19:58,1,+11.6,+7.3,+21.0,+7.0,+2.2,+24.2,+20.2,+20.3,+20.3,+20.3,+20.5,+20.2,+20.5
2022-07-14 20:58,1,+11.9,+7.4,+21.0,+7.1,+2.2,+24.2,+20.2,+20.3,+20.5,+20.3,+20.5,+20.2,+20.5
2022-07-14 21:58,1,+11.9,+7.4,+21.0,+7.1,+2.2,+24.2,+20.1,+20.3,+20.3,+20.5,+20.5,+20.5,+20.5
2022-07-14 22:58,1,+12.2,+7.4,+21.0,+7.1,+2.2,+24.2,+20.1,+20.3,+20.5,+20.3,+20.5,+20.2,+20.2
2022-07-14 23:58,1,+12.2,+7.4,+21.1,+7.1,+2.2,+24.2,+20.1,+20.2,+20.3,+20.3,+20.5,+20.5,+20.5
2022-07-15 00:58,1,+12.2,+7.4,+21.1,+7.1,+2.4,+24.2,+20.0,+20.2,+20.3,+20.5,+20.5,+20.5,+20.5
2022-07-15 01:58,1,+12.2,+7.4,+21.1,+7.1,+2.2,+24.2,+20.0,+20.2,+20.5,+20.3,+20.5,+20.5,+20.5
2022-07-15 02:58,1,+12.2,+7.5,+21.1,+7.1,+2.4,+24.2,+20.0,+20.2,+20.5,+20.5,+20.5,+20.5,+20.5
2022-07-15 03:58,1,+12.2,+7.5,+21.1,+7.1,+2.4,+24.2,+20.0,+20.2,+20.5,+20.5,+20.5,+20.5,+20.5
2022-07-15 04:58,1,+12.5,+7.5,+21.1,+7.1,+2.4,+24.2,+19.8,+20.2,+20.5,+20.5,+20.5,+20.5,+20.5
2022-07-15 05:58,1,+12.6,+7.5,+21.1,+7.1,+2.2,+24.2,+19.7,+20.1,+20.5,+20.5,+20.5,+20.5,+20.5
2022-07-15 06:58,1,+12.5,+7.5,+21.1,+7.1,+2.4,+24.2,+19.8,+20.2,+20.5,+20.5,+20.5,+20.5,+20.5
2022-07-15 07:58,1,+12.5,+7.5,+21.1,+7.1,+2.4,+24.2,+19.8,+20.1,+20.3,+20.5,+20.5,+20.5,+20.2
2022-07-15 08:58,1,+12.5,+7.5,+21.1,+7.1,+2.5,+24.2,+19.8,+20.1,+20.3,+20.5,+20.5,+20.2,+20.5
2022-07-15 09:58,1,+12.5,+7.5,+21.1,+7.1,+2.4,+24.2,+20.0,+20.1,+20.3,+20.5,+20.5,+20.5,+20.5
2022-07-15 10:58,1,+12.5,+7.5,+21.1,+7.1,+2.5,+24.2,+20.1,+20.1,+20.3,+20.5,+20.5,+20.5,+20.5
2022-07-15 11:58,1,+12.5,+7.5,+21.1,+7.1,+2.5,+24.2,+20.1,+20.1,+20.3,+20.3,+20.5,+20.5,+20.5
2022-07-15 12:58,1,+12.4,+7.5,+21.1,+7.3,+2.5,+24.2,+20.2,+20.1,+20.3,+20.5,+20.5,+20.5,+20.2
2022-07-15 13:58,1,+12.5,+7.5,+21.1,+7.3,+2.5,+24.2,+20.3,+20.1,+20.3,+20.5,+20.5,+20.2,+20.2
2022-07-15 14:58,1,+12.5,+7.5,+21.1,+7.3,+2.5,+24.2,+20.3,+20.2,+20.3,+20.5,+20.5,+20.5,+20.5
2022-07-15 15:58,1,+12.4,+7.5,+21.1,+7.3,+2.5,+24.2,+20.2,+20.2,+20.3,+20.5,+20.5,+20.5,+20.5
2022-07-15 16:58,1,+12.5,+7.5,+21.1,+7.3,+2.5,+24.2,+20.2,+20.2,+20.3,+20.5,+20.6,+20.5,+20.5
2022-07-15 17:58,1,+12.6,+7.5,+21.1,+7.3,+2.5,+24.2,+20.1,+20.2,+20.3,+20.3,+20.5,+20.5,+20.5
2022-07-15 18:58,1,+12.5,+7.5,+21.1,+7.3,+2.5,+24.2,+20.1,+20.2,+20.3,+20.3,+20.5,+20.5,+20.5
2022-07-15 19:58,1,+12.6,+7.5,+21.1,+7.3,+2.4,+24.2,+20.0,+20.2,+20.3,+20.5,+20.5,+20.5,+20.5
2022-07-15 20:58,1,+12.6,+7.5,+21.1,+7.3,+2.5,+24.2,+20.0,+20.2,+20.3,+20.3,+20.5,+20.5,+20.5
2022-07-15 21:58,1,+12.8,+7.5,+21.2,+7.4,+2.5,+24.2,+20.0,+20.2,+20.3,+20.5,+20.5,+20.5,+20.5
2022-07-15 22:58,1,+12.4,+7.3,+21.2,+7.4,+2.5,+24.2,+19.8,+20.2,+20.3,+20.5,+20.5,+20.5,+20.5
2022-07-15 23:58,1,+12.0,+7.3,+21.2,+7.4,+2.5,+24.2,+19.8,+20.1,+20.3,+20.5,+20.5,+20.5,+20.5
2022-07-16 00:58,1,+12.1,+7.4,+21.2,+7.4,+2.4,+24.2,+19.8,+20.1,+20.3,+20.5,+20.5,+20.2,+20.5
2022-07-16 01:58,1,+12.2,+7.4,+21.2,+7.4,+2.5,+24.2,+19.8,+20.1,+20.5,+20.5,+20.5,+20.5,+20.5
2022-07-16 02:58,1,+12.3,+7.4,+21.2,+7.4,+2.5,+24.2,+19.7,+20.1,+20.3,+20.5,+20.5,+20.5,+20.5
2022-07-16 03:58,1,+12.4,+7.4,+21.2,+7.4,+2.5,+24.2,+19.7,+20.1,+20.3,+20.5,+20.5,+20.5,+20.5
2022-07-16 04:58,1,+12.8,+7.8,+21.2,+7.4,+2.5,+24.2,+19.6,+20.1,+20.3,+20.5,+20.5,+20.5,+20.5
2022-07-16 05:58,1,+12.8,+7.7,+21.2,+7.4,+2.5,+24.2,+19.6,+20.0,+20.3,+20.5,+20.5,+20.5,+20.5
2022-07-16 06:58,1,+12.5,+7.5,+21.2,+7.4,+2.5,+24.2,+19.6,+20.0,+20.3,+20.5,+20.5,+20.5,+20.5
2022-07-16 07:58,1,+12.3,+7.5,+21.2,+7.4,+2.5,+24.2,+19.7,+20.0,+20.3,+20.5,+20.5,+20.5,+20.5
2022-07-16 08:58,1,+12.5,+7.5,+21.2,+7.4,+2.5,+24.2,+19.8,+20.0,+20.3,+20.5,+20.5,+20.5,+20.5
2022-07-16 09:58,1,+12.6,+7.5,+21.2,+7.5,+2.5,+24.2,+20.1,+20.0,+20.3,+20.3,+20.5,+20.5,+20.5
2022-07-16 10:58,1,+12.5,+7.5,+21.2,+7.4,+2.5,+24.2,+20.2,+20.0,+20.3,+20.5,+20.5,+20.5,+20.5
2022-07-16 11:58,1,+12.9,+7.5,+21.2,+7.4,+2.5,+24.2,+20.2,+20.0,+20.3,+20.5,+20.5,+20.5,+20.5
2022-07-16 12:58,1,+12.8,+7.5,+21.2,+7.4,+2.5,+24.2,+20.5,+20.1,+20.2,+20.3,+20.5,+20.5,+20.5
2022-07-16 13:58,1,+12.8,+7.5,+21.2,+7.5,+2.5,+24.2,+20.6,+20.1,+20.2,+20.5,+20.5,+20.5,+20.5
2022-07-16 14:58,1,+12.9,+7.5,+21.2,+7.5,+2.7,+24.2,+20.5,+20.2,+20.3,+20.3,+20.5,+20.5,+20.5
2022-07-16 15:58,1,+12.9,+7.4,+21.2,+7.5,+2.5,+24.2,+20.6,+20.2,+20.3,+20.5,+20.6,+20.5,+20.5
2022-07-16 16:58,1,+12.9,+7.5,+21.2,+7.5,+2.5,+24.5,+20.6,+20.3,+20.3,+20.3,+20.5,+20.5,+20.5
2022-07-16 17:58,1,+12.9,+7.5,+21.2,+7.5,+2.5,+24.5,+20.5,+20.3,+20.3,+20.5,+20.5,+20.2,+20.5
2022-07-16 18:58,1,+13.5,+7.4,+21.2,+7.5,+2.7,+24.5,+20.5,+20.3,+20.3,+20.3,+20.5,+20.5,+20.5
2022-07-16 19:58,1,+14.3,+7.4,+21.2,+7.5,+2.7,+24.5,+20.2,+20.2,+20.3,+20.5,+20.5,+20.2,+20.2
2022-07-16 20:58,1,+14.3,+7.5,+21.2,+7.5,+2.7,+24.5,+20.2,+20.2,+20.3,+20.5,+20.6,+20.5,+20.5
2022-07-16 21:58,1,+14.3,+7.6,+21.2,+7.5,+2.5,+24.5,+20.1,+20.2,+20.3,+20.5,+20.6,+20.5,+20.5
2022-07-16 22:58,1,+14.2,+7.6,+21.2,+7.5,+2.5,+24.5,+20.0,+20.2,+20.3,+20.5,+20.5,+20.5,+20.5
2022-07-16 23:58,1,+14.1,+7.7,+21.2,+7.5,+2.5,+24.5,+19.8,+20.2,+20.5,+20.5,+20.5,+20.5,+20.5
2022-07-17 00:58,1,+14.1,+7.7,+21.2,+7.5,+2.7,+24.5,+19.8,+20.2,+20.3,+20.3,+20.5,+20.2,+20.5
2022-07-17 01:58,1,+14.1,+7.8,+21.2,+7.5,+2.5,+24.5,+19.8,+20.1,+20.3,+20.5,+20.5,+20.5,+20.5
2022-07-17 02:58,1,+14.0,+7.8,+21.2,+7.5,+2.7,+24.5,+19.6,+20.1,+20.3,+20.5,+20.5,+20.5,+20.5
2022-07-17 03:58,1,+14.1,+7.8,+21.2,+7.5,+2.5,+24.5,+19.7,+20.1,+20.3,+20.5,+20.6,+20.5,+20.5
2022-07-17 04:58,1,+14.1,+7.8,+21.2,+7.5,+2.7,+24.5,+19.6,+20.1,+20.3,+20.5,+20.5,+20.5,+20.5
2022-07-17 05:58,1,+14.2,+7.8,+21.2,+7.6,+2.7,+24.5,+19.6,+20.0,+20.5,+20.5,+20.5,+20.5,+20.2
2022-07-17 06:58,1,+14.3,+7.9,+21.3,+7.6,+2.7,+24.5,+19.5,+20.1,+20.3,+20.5,+20.5,+20.5,+20.5
2022-07-17 07:58,1,+14.3,+7.8,+21.3,+7.6,+2.7,+24.6,+19.6,+20.0,+20.3,+20.5,+20.6,+20.5,+20.5
2022-07-17 08:58,1,+14.2,+7.8,+21.3,+7.6,+2.7,+24.6,+19.8,+20.0,+20.3,+20.5,+20.5,+20.5,+20.5
2022-07-17 09:58,1,+14.3,+7.7,+21.3,+7.6,+2.7,+24.6,+20.0,+20.0,+20.3,+20.5,+20.5,+20.5,+20.5
2022-07-17 10:58,1,+14.2,+7.7,+21.3,+7.6,+2.7,+24.6,+20.2,+20.0,+20.2,+20.5,+20.6,+20.5,+20.5
2022-07-17 11:58,1,+14.3,+7.7,+21.3,+7.6,+2.7,+24.6,+20.2,+20.0,+20.3,+20.5,+20.5,+20.5,+20.5
2022-07-17 12:58,1,+14.3,+7.7,+21.3,+7.6,+2.7,+24.6,+20.3,+20.1,+20.2,+20.5,+20.5,+20.5,+20.5
2022-07-17 13:58,1,+14.3,+7.7,+21.3,+7.6,+2.7,+24.6,+20.3,+20.1,+20.2,+20.3,+20.5,+20.5,+20.5
2022-07-17 14:58,1,+14.3,+7.7,+21.3,+7.6,+2.7,+24.6,+20.3,+20.1,+20.2,+20.3,+20.5,+20.5,+20.5
2022-07-17 15:58,1,+14.0,+7.7,+21.3,+7.6,+2.7,+24.6,+20.3,+20.1,+20.3,+20.5,+20.5,+20.5,+20.5
2022-07-17 16:58,1,+14.1,+7.7,+21.3,+7.8,+2.7,+24.6,+20.3,+20.2,+20.3,+20.3,+20.5,+20.5,+20.5
2022-07-17 17:58,1,+14.0,+7.7,+21.3,+7.8,+2.7,+24.6,+20.3,+20.2,+20.3,+20.5,+20.5,+20.5,+20.5
2022-07-17 18:58,1,+14.0,+7.7,+21.5,+7.8,+2.7,+24.6,+20.2,+20.2,+20.3,+20.5,+20.5,+20.5,+20.5
2022-07-17 19:58,1,+14.0,+7.7,+21.5,+7.8,+2.9,+24.6,+20.3,+20.2,+20.3,+20.5,+20.5,+20.5,+20.5
2022-07-17 20:58,1,+14.0,+7.7,+21.5,+7.8,+2.9,+24.6,+20.2,+20.2,+20.3,+20.5,+20.5,+20.5,+20.5
2022-07-17 21:58,1,+14.0,+7.8,+21.5,+7.8,+2.7,+24.6,+20.2,+20.2,+20.3,+20.3,+20.5,+20.5,+20.5
2022-07-17 22:58,1,+13.9,+7.8,+21.5,+7.8,+2.7,+24.7,+20.1,+20.2,+20.3,+20.5,+20.5,+20.5,+20.5
2022-07-17 23:58,1,+14.0,+7.8,+21.5,+7.8,+2.9,+24.7,+20.1,+20.2,+20.3,+20.3,+20.5,+20.5,+20.5
2022-07-18 00:58,1,+13.9,+7.8,+21.5,+7.8,+2.7,+24.7,+20.1,+20.2,+20.5,+20.5,+20.5,+20.5,+20.5
2022-07-18 01:58,1,+14.0,+7.8,+21.6,+7.8,+2.9,+24.7,+20.1,+20.2,+20.3,+20.5,+20.5,+20.5,+20.5
2022-07-18 02:58,1,+14.0,+7.8,+21.6,+7.8,+2.9,+24.7,+20.1,+20.2,+20.3,+20.3,+20.5,+20.5,+20.5
2022-07-18 03:58,1,+14.0,+7.8,+21.6,+7.9,+2.7,+24.7,+20.0,+20.1,+20.3,+20.5,+20.5,+20.5,+20.5
2022-07-18 04:58,1,+14.0,+7.8,+21.6,+7.9,+2.9,+24.7,+20.0,+20.1,+20.3,+20.3,+20.5,+20.5,+20.5
2022-07-18 05:58,1,+14.1,+7.8,+21.6,+8.1,+2.7,+24.7,+20.0,+20.2,+20.3,+20.5,+20.5,+20.5,+20.5
2022-07-18 06:58,1,+14.2,+7.8,+21.6,+8.6,+3.0,+24.7,+20.1,+20.2,+20.3,+20.5,+20.5,+20.5,+20.5
2022-07-18 07:58,1,+13.9,+7.8,+21.6,+8.6,+2.9,+24.7,+20.1,+20.2,+20.3,+20.5,+20.5,+20.5,+20.5
2022-07-18 08:58,1,+13.8,+7.8,+21.6,+8.8,+2.9,+24.7,+20.2,+20.1,+20.3,+20.5,+20.5,+20.5,+20.5
2022-07-18 09:58,1,+13.8,+7.8,+21.6,+9.3,+3.9,+24.7,+20.3,+20.2,+20.3,+20.5,+20.5,+20.5,+20.5
2022-07-18 10:58,1,+13.8,+7.8,+21.6,+9.5,+5.0,+24.7,+20.5,+20.2,+20.3,+20.5,+20.5,+20.5,+20.5
2022-07-18 11:58,1,+13.8,+7.8,+21.6,+9.5,+7.0,+25.0,+20.5,+20.2,+20.3,+20.5,+20.5,+20.5,+20.5
2022-07-18 12:58,1,+13.8,+7.8,+21.6,+9.5,+7.0,+25.7,+20.6,+20.2,+20.3,+20.5,+20.5,+20.5,+20.5
2022-07-18 13:58,1,+13.8,+7.8,+21.6,+9.5,+7.4,+25.7,+20.6,+20.3,+20.3,+20.5,+20.5,+20.5,+20.5
2022-07-18 14:58,1,+13.8,+7.9,+21.6,+9.5,+7.5,+26.6,+20.7,+20.3,+20.3,+20.5,+20.5,+20.5,+20.5
2022-07-18 15:58,1,+13.7,+7.9,+21.6,+9.5,+7.5,+27.0,+20.7,+20.3,+20.3,+20.5,+20.5,+20.5,+20.5
2022-07-18 16:58,1,+13.7,+7.9,+21.6,+9.5,+7.5,+27.2,+20.7,+20.5,+20.3,+20.5,+20.5,+20.5,+20.5
2022-07-18 17:58,1,+13.8,+7.9,+21.7,+9.5,+7.5,+27.2,+20.6,+20.5,+20.5,+20.5,+20.5,+20.5,+20.5
2022-07-18 18:58,1,+13.8,+7.9,+21.7,+9.5,+7.5,+27.2,+20.6,+20.5,+20.5,+20.5,+20.5,+20.5,+20.5
2022-07-18 19:58,1,+13.8,+7.9,+21.7,+9.5,+7.5,+27.2,+20.6,+20.5,+20.5,+20.5,+20.5,+20.5,+20.5
2022-07-18 20:58,1,+15.5,+7.9,+21.7,+9.5,+7.8,+27.2,+20.6,+20.5,+20.5,+20.5,+20.5,+20.5,+20.5
2022-07-18 21:58,1,+16.5,+8.5,+21.7,+9.5,+7.8,+27.2,+20.5,+20.5,+20.5,+20.5,+20.6,+20.5,+20.5
2022-07-18 22:58,1,+15.7,+8.4,+21.7,+9.5,+7.8,+27.2,+20.3,+20.5,+20.6,+20.5,+20.5,+20.5,+20.5
2022-07-18 23:58,1,+15.4,+8.5,+21.7,+9.5,+7.8,+27.2,+20.5,+20.5,+20.5,+20.5,+20.5,+20.5,+20.5
2022-07-19 00:58,1,+15.4,+8.5,+21.7,+9.5,+7.5,+27.2,+20.3,+20.5,+20.6,+20.5,+20.5,+20.5,+20.5
2022-07-19 01:58,1,+15.3,+8.6,+21.7,+9.6,+7.8,+27.2,+20.3,+20.5,+20.6,+20.5,+20.5,+20.5,+20.5
2022-07-19 02:58,1,+15.2,+8.6,+21.7,+9.6,+7.8,+27.2,+20.2,+20.5,+20.5,+20.5,+20.5,+20.5,+20.5
2022-07-19 03:58,1,+15.1,+8.6,+21.8,+9.6,+7.8,+27.2,+20.2,+20.5,+20.5,+20.5,+20.6,+20.5,+20.5
2022-07-19 04:58,1,+15.0,+8.6,+21.8,+9.6,+7.5,+27.2,+20.1,+20.3,+20.5,+20.5,+20.5,+20.5,+20.5
2022-07-19 05:58,1,+15.0,+8.6,+21.8,+9.6,+7.8,+27.2,+20.0,+20.3,+20.6,+20.5,+20.6,+20.5,+20.5
2022-07-19 06:58,1,+14.9,+8.6,+22.0,+9.6,+7.9,+27.2,+20.1,+20.3,+20.6,+20.5,+20.5,+20.5,+20.5
2022-07-19 07:58,1,+14.8,+8.6,+22.0,+9.6,+7.9,+27.2,+20.3,+20.3,+20.6,+20.5,+20.6,+20.5,+20.5
2022-07-19 08:58,1,+14.8,+8.6,+22.0,+9.6,+7.9,+27.2,+20.6,+20.3,+20.5,+20.6,+20.5,+20.5,+20.5
2022-07-19 09:58,1,+14.6,+8.5,+22.0,+9.6,+8.0,+27.2,+20.7,+20.3,+20.5,+20.5,+20.6,+20.5,+20.5
2022-07-19 10:58,1,+14.6,+8.5,+22.1,+9.6,+7.9,+27.5,+20.8,+20.3,+20.5,+20.6,+20.5,+20.5,+20.5
2022-07-19 11:58,1,+14.5,+8.5,+22.1,+9.6,+7.9,+27.5,+21.0,+20.5,+20.5,+20.5,+20.6,+20.5,+20.5
2022-07-19 12:58,1,+14.5,+8.5,+22.1,+9.8,+7.9,+27.5,+21.0,+20.5,+20.5,+20.5,+20.6,+20.5,+20.5
2022-07-19 13:58,1,+14.5,+8.5,+22.1,+9.8,+8.0,+27.5,+21.0,+20.5,+20.6,+20.5,+20.5,+20.5,+20.5
2022-07-19 14:58,1,+18.7,+10.1,+22.1,+9.8,+8.0,+27.5,+21.0,+20.6,+20.5,+20.5,+20.6,+20.5,+20.5
2022-07-19 15:58,1,+16.3,+10.1,+23.5,+9.8,+8.0,+27.5,+20.8,+20.7,+20.6,+20.6,+20.6,+20.6,+20.5
2022-07-19 16:58,1,+17.0,+9.7,+24.0,+10.1,+8.0,+27.6,+20.8,+20.7,+20.6,+20.6,+20.6,+20.5,+20.5
2022-07-19 17:58,1,+16.1,+10.0,+24.2,+10.6,+8.3,+27.7,+20.7,+20.7,+20.6,+20.6,+20.6,+20.5,+20.5
2022-07-19 18:58,1,+15.7,+9.6,+24.1,+10.6,+8.5,+28.2,+20.6,+20.7,+20.7,+20.6,+20.6,+20.6,+20.5
2022-07-19 19:58,1,+15.5,+9.4,+23.8,+10.6,+8.6,+28.2,+20.6,+20.6,+20.7,+20.6,+20.6,+20.5,+20.5
2022-07-19 20:58,1,+15.4,+9.3,+23.7,+10.6,+8.6,+28.2,+20.5,+20.6,+20.7,+20.6,+20.6,+20.5,+20.5
2022-07-19 21:58,1,+15.3,+9.3,+23.7,+10.6,+8.6,+28.2,+20.5,+20.6,+20.7,+20.6,+20.6,+20.5,+20.5
2022-07-19 22:58,1,+15.2,+9.2,+23.6,+10.5,+8.6,+28.2,+20.5,+20.6,+20.7,+20.6,+20.6,+20.5,+20.5
2022-07-19 23:58,1,+15.2,+9.2,+23.5,+10.5,+8.6,+28.2,+20.3,+20.6,+20.7,+20.6,+20.6,+20.5,+20.5
2022-07-20 00:58,1,+15.1,+9.2,+23.3,+10.5,+8.6,+28.2,+20.2,+20.5,+20.6,+20.6,+20.6,+20.5,+20.5
2022-07-20 01:58,1,+15.1,+9.1,+23.3,+10.5,+8.5,+28.2,+20.2,+20.5,+20.6,+20.6,+20.6,+20.6,+20.5
2022-07-20 02:58,1,+15.1,+9.1,+23.2,+10.5,+8.5,+28.2,+20.3,+20.5,+20.6,+20.6,+20.6,+20.5,+20.5
2022-07-20 03:58,1,+15.1,+9.1,+23.2,+10.3,+8.5,+28.2,+20.2,+20.5,+20.6,+20.6,+20.6,+20.5,+20.5
2022-07-20 04:58,1,+15.0,+9.2,+23.2,+10.3,+8.6,+28.2,+20.2,+20.5,+20.7,+20.6,+20.6,+20.5,+20.6
2022-07-20 05:58,1,+15.0,+9.2,+23.2,+10.5,+8.5,+28.2,+20.2,+20.5,+20.6,+20.6,+20.6,+20.6,+20.5
2022-07-20 06:58,1,+15.0,+9.2,+23.2,+10.5,+8.6,+28.2,+20.2,+20.3,+20.7,+20.6,+20.6,+20.5,+20.6
2022-07-20 07:58,1,+15.0,+9.2,+23.2,+10.8,+9.1,+28.6,+20.2,+20.5,+20.6,+20.6,+20.6,+20.6,+20.5
2022-07-20 08:58,1,+15.0,+9.2,+23.2,+11.0,+9.3,+28.7,+20.2,+20.5,+20.6,+20.6,+20.6,+20.5,+20.6
2022-07-20 09:58,1,+14.9,+9.2,+23.2,+11.3,+9.3,+28.7,+20.3,+20.3,+20.6,+20.6,+20.6,+20.6,+20.5
2022-07-20 10:58,1,+14.9,+9.2,+23.2,+11.3,+9.3,+28.7,+20.3,+20.5,+20.6,+20.6,+20.7,+20.5,+20.6
2022-07-20 11:58,1,+14.9,+9.2,+23.1,+11.3,+9.3,+28.7,+20.5,+20.5,+20.6,+20.6,+20.6,+20.6,+20.6
2022-07-20 12:58,1,+14.9,+9.2,+23.1,+11.3,+9.5,+28.7,+20.5,+20.5,+20.6,+20.6,+20.6,+20.6,+20.6
2022-07-20 13:58,1,+14.8,+9.1,+23.1,+11.3,+9.3,+28.7,+20.6,+20.5,+20.6,+20.6,+20.6,+20.5,+20.6
2022-07-20 14:58,1,+14.9,+9.1,+23.1,+11.3,+9.3,+28.7,+20.6,+20.5,+20.6,+20.7,+20.6,+20.6,+20.5
2022-07-20 15:58,1,+15.0,+9.1,+23.1,+11.3,+9.3,+28.7,+20.6,+20.5,+20.6,+20.6,+20.7,+20.6,+20.6
2022-07-20 16:58,1,+15.0,+9.1,+23.1,+11.3,+9.3,+28.7,+20.5,+20.5,+20.6,+20.6,+20.6,+20.6,+20.5
2022-07-20 17:58,1,+15.2,+9.1,+23.1,+11.3,+9.3,+28.7,+20.5,+20.5,+20.6,+20.6,+20.6,+20.6,+20.6
2022-07-20 18:58,1,+16.0,+9.2,+23.1,+11.3,+9.3,+28.7,+20.5,+20.6,+20.6,+20.6,+20.6,+20.6,+20.6
2022-07-20 19:58,1,+16.6,+9.2,+23.1,+11.3,+9.3,+28.7,+20.5,+20.5,+20.6,+20.6,+20.6,+20.6,+20.6
2022-07-20 20:58,1,+17.7,+9.5,+23.1,+11.3,+9.3,+28.7,+20.3,+20.5,+20.6,+20.6,+20.7,+20.5,+20.6
2022-07-20 21:58,1,+16.8,+10.7,+23.8,+11.3,+9.5,+28.7,+20.2,+20.5,+20.6,+20.6,+20.6,+20.6,+20.5
2022-07-20 22:58,1,+16.4,+10.4,+24.6,+11.6,+9.5,+28.7,+20.2,+20.5,+20.6,+20.6,+20.7,+20.6,+20.6
2022-07-20 23:58,1,+16.3,+10.2,+24.5,+11.8,+9.8,+29.1,+20.2,+20.5,+20.6,+20.6,+20.6,+20.6,+20.6
2022-07-21 00:58,1,+16.8,+10.4,+24.6,+11.8,+9.8,+29.1,+20.1,+20.3,+20.6,+20.6,+20.6,+20.6,+20.6
2022-07-21 01:58,1,+16.8,+10.5,+24.7,+12.0,+9.8,+29.2,+20.1,+20.3,+20.6,+20.7,+20.6,+20.6,+20.6
2022-07-21 02:58,1,+16.6,+10.4,+24.7,+12.1,+9.8,+29.2,+20.1,+20.3,+20.6,+20.7,+20.7,+20.6,+20.6
2022-07-21 03:58,1,+16.8,+10.3,+24.7,+12.1,+10.1,+29.2,+20.1,+20.3,+20.6,+20.7,+20.7,+20.6,+20.6
2022-07-21 04:58,1,+17.1,+10.6,+24.8,+12.1,+10.0,+29.2,+20.0,+20.2,+20.6,+20.6,+20.7,+20.6,+20.6
2022-07-21 05:58,1,+16.6,+10.4,+25.0,+12.1,+10.1,+29.5,+20.0,+20.2,+20.6,+20.6,+20.7,+20.6,+20.6
2022-07-21 06:58,1,+17.4,+10.7,+25.0,+12.1,+10.1,+29.5,+19.8,+20.2,+20.6,+20.6,+20.6,+20.6,+20.6
2022-07-21 07:58,1,+16.7,+10.6,+25.1,+12.3,+10.1,+29.6,+19.8,+20.2,+20.5,+20.6,+20.6,+20.6,+20.6
2022-07-21 08:58,1,+16.4,+10.3,+25.0,+12.3,+10.3,+29.6,+20.0,+20.2,+20.6,+20.6,+20.6,+20.6,+20.6
2022-07-21 09:58,1,+16.5,+10.2,+24.8,+12.1,+10.1,+29.6,+19.8,+20.2,+20.5,+20.6,+20.7,+20.6,+20.6
2022-07-21 10:58,1,+16.4,+10.2,+24.7,+12.1,+10.1,+29.5,+20.0,+20.2,+20.5,+20.6,+20.7,+20.6,+20.6
2022-07-21 11:58,1,+16.2,+10.1,+24.6,+12.1,+10.1,+29.5,+20.1,+20.1,+20.5,+20.6,+20.7,+20.6,+20.6
2022-07-21 12:58,1,+16.0,+10.0,+24.5,+12.1,+10.1,+29.2,+20.1,+20.2,+20.5,+20.6,+20.7,+20.6,+20.6
2022-07-21 13:58,1,+16.0,+10.0,+24.3,+12.1,+10.0,+29.2,+20.2,+20.2,+20.5,+20.6,+20.7,+20.6,+20.6
2022-07-21 14:58,1,+15.9,+9.9,+24.2,+12.0,+10.1,+29.2,+20.1,+20.2,+20.5,+20.6,+20.7,+20.6,+20.6
2022-07-21 15:58,1,+15.9,+9.9,+24.2,+12.0,+10.0,+29.2,+20.1,+20.2,+20.5,+20.6,+20.7,+20.6,+20.6
2022-07-21 16:58,1,+15.8,+9.9,+24.2,+12.0,+9.8,+29.2,+20.0,+20.2,+20.5,+20.6,+20.7,+20.7,+20.6
2022-07-21 17:58,1,+15.9,+9.8,+24.1,+12.0,+10.0,+29.2,+20.0,+20.1,+20.5,+20.6,+20.7,+20.6,+20.6
2022-07-21 18:58,1,+15.9,+9.8,+24.1,+11.8,+10.0,+29.2,+19.8,+20.2,+20.5,+20.6,+20.7,+20.6,+20.6
2022-07-21 19:58,1,+15.9,+9.8,+24.0,+11.8,+9.8,+29.2,+19.8,+20.2,+20.5,+20.6,+20.7,+20.6,+20.6
2022-07-21 20:58,1,+15.7,+9.8,+24.0,+11.8,+10.0,+29.2,+19.7,+20.2,+20.5,+20.5,+20.7,+20.7,+20.6
2022-07-21 21:58,1,+15.9,+9.8,+23.8,+11.8,+10.0,+29.2,+19.7,+20.1,+20.5,+20.6,+20.7,+20.6,+20.6
2022-07-21 22:58,1,+16.0,+9.8,+23.8,+11.8,+10.0,+29.2,+19.7,+20.1,+20.5,+20.6,+20.7,+20.6,+20.6
2022-07-21 23:58,1,+15.9,+9.7,+23.8,+11.8,+9.8,+29.2,+19.7,+20.1,+20.5,+20.6,+20.7,+20.6,+20.6
2022-07-22 00:58,1,+15.9,+9.7,+23.7,+11.8,+9.8,+29.2,+19.7,+20.1,+20.5,+20.6,+20.7,+20.7,+20.6
2022-07-22 01:58,1,+15.9,+9.7,+23.7,+11.8,+9.8,+29.2,+19.7,+20.1,+20.5,+20.6,+20.7,+20.6,+20.7
2022-07-22 02:58,1,+16.0,+9.7,+23.7,+11.8,+9.8,+29.1,+19.6,+20.1,+20.5,+20.6,+20.7,+20.6,+20.6
2022-07-22 03:58,1,+16.0,+9.7,+23.7,+11.8,+9.8,+29.1,+19.5,+20.0,+20.5,+20.6,+20.7,+20.6,+20.6
2022-07-22 04:58,1,+16.0,+9.7,+23.7,+11.8,+9.8,+29.1,+19.5,+20.0,+20.3,+20.6,+20.7,+20.6,+20.6
2022-07-22 05:58,1,+16.0,+9.7,+23.7,+11.8,+9.8,+29.1,+19.5,+20.0,+20.3,+20.5,+20.7,+20.6,+20.6
2022-07-22 06:58,1,+15.9,+9.7,+23.7,+11.8,+9.8,+29.1,+19.7,+19.8,+20.3,+20.6,+20.7,+20.6,+20.7
2022-07-22 07:58,1,+15.8,+9.6,+23.7,+11.8,+9.8,+29.1,+20.0,+20.0,+20.3,+20.5,+20.7,+20.6,+20.6
2022-07-22 08:58,1,+15.6,+9.6,+23.6,+11.8,+9.8,+29.1,+20.2,+20.0,+20.3,+20.6,+20.7,+20.6,+20.6
2022-07-22 09:58,1,+15.6,+9.6,+23.6,+11.8,+9.8,+29.1,+20.3,+20.0,+20.3,+20.5,+20.7,+20.7,+20.6
2022-07-22 10:58,1,+15.5,+9.6,+23.6,+11.8,+9.8,+29.1,+20.5,+20.1,+20.3,+20.5,+20.6,+20.6,+20.6
2022-07-22 11:58,1,+15.5,+9.6,+23.6,+11.8,+9.8,+29.1,+20.6,+20.1,+20.3,+20.5,+20.7,+20.6,+20.6
2022-07-22 13:52,1,+15.5,+9.6,+23.6,+11.8,+9.8,+29.1,+20.6,+20.2,+20.3,+20.5,+20.7,+20.6,+20.6
2022-07-22 14:52,1,+15.5,+9.6,+23.6,+11.8,+9.8,+29.1,+20.6,+20.2,+20.3,+20.5,+20.6,+20.6,+20.6
2022-07-22 15:52,1,+15.5,+9.5,+23.5,+11.8,+9.8,+29.1,+20.6,+20.3,+20.3,+20.5,+20.6,+20.6,+20.6
2022-07-22 16:52,1,+15.5,+9.5,+23.5,+11.8,+9.8,+29.1,+20.6,+20.3,+20.3,+20.5,+20.7,+20.6,+20.6
2022-07-22 17:52,1,+15.5,+9.5,+23.5,+11.8,+9.8,+29.1,+20.5,+20.3,+20.3,+20.5,+20.7,+20.6,+20.6
2022-07-22 18:52,1,+15.5,+9.5,+23.5,+11.8,+9.8,+29.1,+20.5,+20.3,+20.5,+20.5,+20.6,+20.6,+20.6
2022-07-22 19:52,1,+15.7,+9.7,+23.5,+11.8,+9.8,+29.1,+20.3,+20.3,+20.5,+20.5,+20.7,+20.6,+20.6
2022-07-22 20:52,1,+15.5,+9.6,+23.5,+11.8,+9.8,+29.1,+20.3,+20.3,+20.5,+20.5,+20.6,+20.6,+20.6
2022-07-22 21:52,1,+15.5,+9.6,+23.5,+11.8,+9.8,+29.1,+20.3,+20.3,+20.5,+20.5,+20.7,+20.6,+20.6
2022-07-22 22:52,1,+15.6,+9.6,+23.5,+11.8,+9.8,+29.1,+20.3,+20.3,+20.5,+20.6,+20.6,+20.6,+20.6
2022-07-22 23:52,1,+15.6,+9.6,+23.5,+11.8,+9.8,+29.1,+20.2,+20.3,+20.5,+20.6,+20.7,+20.6,+20.6
2022-07-23 00:52,1,+15.5,+10.0,+23.5,+11.8,+9.8,+29.1,+20.2,+20.3,+20.5,+20.5,+20.6,+20.6,+20.6
2022-07-23 01:52,1,+15.5,+10.5,+23.5,+11.8,+9.8,+29.1,+20.1,+20.3,+20.5,+20.5,+20.6,+20.6,+20.6
2022-07-23 02:52,1,+15.5,+10.6,+23.5,+11.8,+9.8,+29.1,+20.1,+20.3,+20.5,+20.6,+20.6,+20.6,+20.6
2022-07-23 03:52,1,+15.5,+10.3,+23.5,+11.8,+9.8,+29.1,+20.1,+20.3,+20.5,+20.5,+20.6,+20.6,+20.6
2022-07-23 04:52,1,+15.5,+10.5,+23.5,+11.8,+9.8,+29.1,+20.0,+20.2,+20.5,+20.6,+20.7,+20.6,+20.7
2022-07-23 05:52,1,+15.5,+10.7,+23.5,+11.8,+9.8,+29.1,+20.0,+20.2,+20.5,+20.5,+20.6,+20.6,+20.6
2022-07-23 06:52,1,+15.5,+11.0,+23.5,+11.8,+9.8,+29.1,+20.0,+20.2,+20.5,+20.5,+20.7,+20.6,+20.6
2022-07-23 07:52,1,+15.6,+10.6,+23.5,+11.8,+9.8,+29.1,+20.0,+20.2,+20.5,+20.6,+20.6,+20.6,+20.6
2022-07-23 08:52,1,+15.7,+10.5,+23.5,+11.8,+9.8,+29.1,+20.1,+20.2,+20.5,+20.6,+20.6,+20.6,+20.6
2022-07-23 09:52,1,+15.7,+10.5,+23.5,+11.8,+9.8,+29.1,+20.2,+20.2,+20.5,+20.6,+20.7,+20.6,+20.6
2022-07-23 10:52,1,+15.6,+10.5,+23.5,+11.8,+9.6,+29.1,+20.3,+20.2,+20.5,+20.5,+20.6,+20.6,+20.6
2022-07-23 11:52,1,+15.6,+10.4,+23.3,+11.8,+9.8,+29.1,+20.5,+20.2,+20.5,+20.6,+20.6,+20.6,+20.6
2022-07-23 12:52,1,+15.5,+10.4,+23.3,+11.8,+9.8,+29.1,+20.6,+20.2,+20.5,+20.6,+20.6,+20.6,+20.6
2022-07-23 13:52,1,+15.5,+10.5,+23.3,+11.8,+9.8,+29.1,+20.6,+20.3,+20.5,+20.6,+20.6,+20.6,+20.6
2022-07-23 14:52,1,+15.5,+10.5,+23.3,+11.8,+9.8,+29.1,+20.6,+20.3,+20.5,+20.5,+20.7,+20.6,+20.6
2022-07-23 15:52,1,+15.4,+10.5,+23.3,+11.8,+9.8,+29.1,+20.7,+20.3,+20.5,+20.6,+20.6,+20.6,+20.6
2022-07-23 16:52,1,+15.4,+10.6,+23.3,+11.8,+9.6,+29.1,+20.7,+20.5,+20.5,+20.5,+20.6,+20.6,+20.6
2022-07-23 17:52,1,+15.4,+10.7,+23.3,+11.8,+9.8,+29.1,+20.7,+20.3,+20.5,+20.6,+20.6,+20.6,+20.6
2022-07-23 18:52,1,+15.4,+10.7,+23.3,+11.8,+9.6,+29.1,+20.7,+20.5,+20.5,+20.6,+20.7,+20.6,+20.6
2022-07-23 19:52,1,+15.4,+10.7,+23.3,+11.8,+9.8,+29.1,+20.7,+20.5,+20.6,+20.5,+20.6,+20.6,+20.6
2022-07-23 20:52,1,+15.4,+10.7,+23.3,+11.8,+9.8,+29.1,+20.6,+20.5,+20.5,+20.5,+20.6,+20.6,+20.6
2022-07-23 21:52,1,+15.4,+10.7,+23.3,+11.8,+9.8,+29.1,+20.5,+20.5,+20.6,+20.6,+20.6,+20.5,+20.6
2022-07-23 22:52,1,+15.4,+10.7,+23.3,+11.8,+9.6,+29.1,+20.3,+20.5,+20.5,+20.6,+20.6,+20.6,+20.6
2022-07-23 23:52,1,+15.4,+10.7,+23.3,+11.8,+9.8,+29.1,+20.3,+20.5,+20.6,+20.6,+20.7,+20.6,+20.6
2022-07-24 00:52,1,+15.5,+10.7,+23.3,+11.8,+9.8,+29.1,+20.2,+20.5,+20.6,+20.6,+20.7,+20.6,+20.6
2022-07-24 01:52,1,+15.5,+10.7,+23.5,+11.8,+9.8,+29.1,+20.2,+20.5,+20.6,+20.6,+20.6,+20.6,+20.6
2022-07-24 02:52,1,+15.4,+10.7,+23.5,+11.8,+9.8,+29.1,+20.2,+20.5,+20.6,+20.6,+20.6,+20.6,+20.6
2022-07-24 03:52,1,+15.5,+10.7,+23.5,+11.8,+9.8,+29.1,+20.1,+20.3,+20.6,+20.6,+20.7,+20.6,+20.6
2022-07-24 04:52,1,+15.5,+10.7,+23.5,+11.8,+9.8,+29.1,+20.0,+20.3,+20.6,+20.6,+20.7,+20.6,+20.6
2022-07-24 05:52,1,+15.6,+10.7,+23.5,+11.8,+9.8,+29.1,+20.0,+20.3,+20.6,+20.6,+20.6,+20.6,+20.6
2022-07-24 06:52,1,+15.7,+10.7,+23.5,+11.8,+9.8,+29.1,+20.0,+20.3,+20.5,+20.6,+20.7,+20.6,+20.6
2022-07-24 07:52,1,+15.7,+10.7,+23.5,+11.8,+9.8,+29.1,+19.8,+20.2,+20.6,+20.6,+20.7,+20.6,+20.6
2022-07-24 08:52,1,+16.0,+10.7,+23.5,+11.8,+9.8,+29.2,+19.8,+20.2,+20.6,+20.6,+20.6,+20.6,+20.6
2022-07-24 09:52,1,+16.3,+10.7,+23.5,+11.8,+9.8,+29.1,+20.0,+20.2,+20.6,+20.6,+20.6,+20.6,+20.6
2022-07-24 10:52,1,+16.4,+10.7,+23.5,+11.8,+9.8,+29.1,+19.8,+20.2,+20.5,+20.6,+20.6,+20.6,+20.6
2022-07-24 11:52,1,+16.4,+10.7,+23.5,+11.8,+9.8,+29.2,+19.8,+20.2,+20.6,+20.6,+20.7,+20.6,+20.6
2022-07-24 12:52,1,+16.4,+10.7,+23.5,+11.8,+9.8,+29.2,+20.0,+20.2,+20.6,+20.6,+20.6,+20.6,+20.6
2022-07-24 13:52,1,+16.4,+10.7,+23.5,+11.8,+9.8,+29.2,+20.0,+20.2,+20.5,+20.6,+20.7,+20.6,+20.6
2022-07-24 14:52,1,+16.4,+10.7,+23.5,+11.8,+9.8,+29.2,+20.1,+20.2,+20.5,+20.6,+20.7,+20.6,+20.6
2022-07-24 15:52,1,+16.3,+10.7,+23.5,+11.8,+9.8,+29.2,+20.2,+20.2,+20.6,+20.6,+20.7,+20.6,+20.6
2022-07-24 16:52,1,+16.3,+10.7,+23.5,+11.8,+9.8,+29.2,+20.2,+20.2,+20.5,+20.6,+20.7,+20.6,+20.6
2022-07-24 17:52,1,+16.3,+10.7,+23.5,+11.8,+9.8,+29.2,+20.2,+20.2,+20.5,+20.6,+20.7,+20.6,+20.6
2022-07-24 18:52,1,+16.5,+10.7,+23.5,+11.8,+9.8,+29.2,+20.2,+20.2,+20.5,+20.6,+20.7,+20.6,+20.6
2022-07-24 19:52,1,+16.5,+10.7,+23.5,+11.8,+9.8,+29.2,+20.1,+20.3,+20.5,+20.6,+20.6,+20.7,+20.6
2022-07-24 20:52,1,+16.5,+10.7,+23.5,+11.8,+9.8,+29.2,+20.0,+20.2,+20.5,+20.6,+20.6,+20.6,+20.6
2022-07-24 21:52,1,+16.6,+10.7,+23.5,+11.8,+9.8,+29.2,+19.8,+20.2,+20.5,+20.6,+20.7,+20.7,+20.6
2022-07-24 22:52,1,+16.6,+10.7,+23.5,+11.8,+9.8,+29.2,+19.7,+20.2,+20.5,+20.6,+20.7,+20.6,+20.6
2022-07-24 23:52,1,+16.6,+10.7,+23.5,+11.8,+10.0,+29.2,+19.7,+20.2,+20.5,+20.6,+20.6,+20.6,+20.6
2022-07-25 00:52,1,+16.6,+10.7,+23.5,+11.8,+10.0,+29.2,+19.5,+20.1,+20.5,+20.6,+20.6,+20.6,+20.6
2022-07-25 01:52,1,+16.6,+10.7,+23.5,+11.8,+9.8,+29.2,+19.5,+20.1,+20.5,+20.6,+20.6,+20.7,+20.6
2022-07-25 02:52,1,+16.6,+10.7,+23.5,+11.8,+9.8,+29.2,+19.2,+20.1,+20.5,+20.5,+20.7,+20.6,+20.6
2022-07-25 03:52,1,+16.6,+10.8,+23.5,+11.8,+10.0,+29.2,+19.2,+20.0,+20.5,+20.6,+20.7,+20.6,+20.6
2022-07-25 04:52,1,+16.6,+10.8,+23.5,+11.8,+9.8,+29.2,+19.2,+20.0,+20.5,+20.6,+20.6,+20.6,+20.6
2022-07-25 05:52,1,+16.6,+10.8,+23.6,+11.8,+9.8,+29.2,+19.1,+19.8,+20.3,+20.6,+20.6,+20.6,+20.6
2022-07-25 06:52,1,+16.6,+10.8,+23.5,+11.8,+9.8,+29.2,+19.1,+19.8,+20.3,+20.6,+20.6,+20.6,+20.6
2022-07-25 07:52,1,+16.5,+10.7,+23.5,+11.8,+10.0,+29.2,+19.1,+19.8,+20.3,+20.6,+20.7,+20.6,+20.6
2022-07-25 08:52,1,+16.4,+10.7,+23.5,+12.0,+10.0,+29.2,+19.3,+19.8,+20.3,+20.5,+20.7,+20.6,+20.6
2022-07-25 09:52,1,+16.3,+10.7,+23.5,+11.8,+10.0,+29.2,+19.7,+19.7,+20.3,+20.5,+20.7,+20.6,+20.6
2022-07-25 10:52,1,+16.3,+10.7,+23.5,+11.8,+10.0,+29.2,+20.1,+19.8,+20.3,+20.5,+20.6,+20.6,+20.6
2022-07-25 11:52,1,+16.3,+10.7,+23.5,+12.0,+10.0,+29.2,+20.2,+19.8,+20.3,+20.5,+20.7,+20.6,+20.6
2022-07-25 12:52,1,+16.2,+10.6,+23.5,+12.0,+10.0,+29.2,+20.5,+19.8,+20.3,+20.5,+20.7,+20.6,+20.6
2022-07-25 13:52,1,+16.2,+10.6,+23.5,+12.0,+9.8,+29.2,+20.7,+20.0,+20.3,+20.5,+20.7,+20.6,+20.6
2022-07-25 14:52,1,+16.1,+10.6,+23.5,+11.8,+9.8,+29.2,+20.7,+20.1,+20.2,+20.5,+20.7,+20.6,+20.6
2022-07-25 15:52,1,+16.0,+10.6,+23.5,+11.8,+10.0,+29.2,+20.8,+20.2,+20.3,+20.5,+20.6,+20.6,+20.6
2022-07-25 16:52,1,+16.2,+10.6,+23.5,+11.8,+10.0,+29.2,+20.7,+20.3,+20.3,+20.5,+20.6,+20.6,+20.6
2022-07-25 17:52,1,+16.0,+10.6,+23.5,+12.0,+9.8,+29.2,+20.6,+20.3,+20.3,+20.5,+20.6,+20.6,+20.6
2022-07-25 18:52,1,+16.0,+10.5,+23.5,+12.0,+10.0,+29.2,+20.6,+20.2,+20.3,+20.5,+20.6,+20.6,+20.6
2022-07-25 19:52,1,+16.2,+10.5,+23.5,+12.0,+10.0,+29.2,+20.5,+20.3,+20.3,+20.5,+20.6,+20.6,+20.6
2022-07-25 20:52,1,+16.3,+10.6,+23.5,+12.0,+9.8,+29.2,+20.5,+20.3,+20.3,+20.5,+20.7,+20.6,+20.6
2022-07-25 21:52,1,+16.3,+10.6,+23.5,+12.0,+10.0,+29.2,+20.3,+20.3,+20.5,+20.5,+20.6,+20.6,+20.6
2022-07-25 22:52,1,+16.4,+10.6,+23.5,+12.0,+9.8,+29.2,+20.2,+20.3,+20.5,+20.5,+20.6,+20.6,+20.6
2022-07-25 23:52,1,+16.4,+10.6,+23.5,+12.0,+10.0,+29.2,+20.1,+20.3,+20.5,+20.5,+20.6,+20.6,+20.6
2022-07-26 00:52,1,+16.4,+10.6,+23.5,+12.0,+10.0,+29.2,+20.0,+20.3,+20.5,+20.5,+20.6,+20.6,+20.6
2022-07-26 01:52,1,+16.4,+10.6,+23.6,+12.0,+10.0,+29.2,+19.8,+20.2,+20.5,+20.5,+20.6,+20.6,+20.6
2022-07-26 02:52,1,+16.4,+10.6,+23.6,+12.0,+10.0,+29.2,+19.8,+20.2,+20.5,+20.5,+20.6,+20.6,+20.6
2022-07-26 03:52,1,+16.4,+10.6,+23.6,+12.0,+10.1,+29.2,+19.7,+20.2,+20.5,+20.5,+20.7,+20.6,+20.6
2022-07-26 04:52,1,+16.4,+10.6,+23.6,+12.0,+10.0,+29.2,+19.7,+20.2,+20.5,+20.5,+20.6,+20.6,+20.6
2022-07-26 05:52,1,+16.5,+10.6,+23.6,+12.0,+10.1,+29.2,+19.7,+20.1,+20.5,+20.5,+20.6,+20.6,+20.6
2022-07-26 06:52,1,+16.5,+10.6,+23.6,+12.0,+10.0,+29.2,+19.6,+20.1,+20.5,+20.5,+20.6,+20.6,+20.6
2022-07-26 07:52,1,+16.5,+10.6,+23.6,+12.0,+10.0,+29.2,+19.6,+20.1,+20.3,+20.6,+20.6,+20.6,+20.6
2022-07-26 08:52,1,+16.4,+10.6,+23.6,+12.0,+10.1,+29.2,+20.0,+20.1,+20.5,+20.5,+20.6,+20.6,+20.6
2022-07-26 09:52,1,+16.4,+10.6,+23.6,+12.0,+10.0,+29.2,+20.1,+20.1,+20.3,+20.6,+20.6,+20.6,+20.6
2022-07-26 10:52,1,+16.3,+10.6,+23.6,+12.0,+10.1,+29.2,+20.3,+20.1,+20.5,+20.5,+20.6,+20.6,+20.6
2022-07-26 11:52,1,+16.5,+10.6,+23.6,+12.0,+10.0,+29.2,+20.5,+20.1,+20.5,+20.5,+20.6,+20.6,+20.6
2022-07-26 12:52,1,+16.5,+10.6,+23.6,+12.0,+10.0,+29.2,+20.6,+20.2,+20.3,+20.6,+20.6,+20.6,+20.6
2022-07-26 13:52,1,+16.5,+10.6,+23.6,+12.0,+10.0,+29.2,+20.7,+20.2,+20.3,+20.5,+20.7,+20.6,+20.6
2022-07-26 14:52,1,+16.4,+10.5,+23.6,+12.0,+10.0,+29.2,+20.7,+20.2,+20.5,+20.5,+20.6,+20.6,+20.6
2022-07-26 15:52,1,+16.4,+10.5,+23.6,+12.0,+10.1,+29.2,+20.6,+20.3,+20.3,+20.5,+20.7,+20.6,+20.6
2022-07-26 16:52,1,+16.4,+10.5,+23.6,+12.1,+10.1,+29.2,+20.6,+20.3,+20.5,+20.5,+20.6,+20.6,+20.6
2022-07-26 17:52,1,+16.4,+10.6,+23.6,+12.1,+10.1,+29.2,+20.5,+20.5,+20.5,+20.5,+20.6,+20.6,+20.6
2022-07-26 18:52,1,+16.3,+10.6,+23.6,+12.1,+10.0,+29.2,+20.3,+20.3,+20.5,+20.5,+20.6,+20.6,+20.6
2022-07-26 19:52,1,+16.6,+10.6,+23.6,+12.1,+10.1,+29.2,+20.2,+20.3,+20.5,+20.5,+20.6,+20.6,+20.6
2022-07-26 20:52,1,+17.0,+10.6,+23.6,+12.1,+10.1,+29.2,+20.1,+20.3,+20.5,+20.5,+20.6,+20.6,+20.6
2022-07-26 21:52,1,+17.3,+10.6,+23.6,+12.1,+10.1,+29.2,+20.0,+20.3,+20.5,+20.6,+20.6,+20.6,+20.6
2022-07-26 22:52,1,+17.4,+10.6,+23.6,+12.1,+10.1,+29.2,+20.0,+20.3,+20.5,+20.5,+20.6,+20.6,+20.6
2022-07-26 23:52,1,+17.6,+10.6,+23.6,+12.1,+10.1,+29.2,+19.8,+20.2,+20.5,+20.5,+20.6,+20.6,+20.6
2022-07-27 00:52,1,+17.7,+10.6,+23.6,+12.1,+10.1,+29.2,+19.7,+20.2,+20.5,+20.5,+20.6,+20.6,+20.6
2022-07-27 01:52,1,+17.7,+10.6,+23.6,+12.1,+10.1,+29.2,+19.7,+20.2,+20.5,+20.5,+20.6,+20.5,+20.6
2022-07-27 02:52,1,+17.7,+10.7,+23.6,+12.1,+10.1,+29.2,+19.6,+20.2,+20.5,+20.5,+20.6,+20.6,+20.6
2022-07-27 03:52,1,+17.7,+10.7,+23.6,+12.1,+10.1,+29.2,+19.6,+20.1,+20.5,+20.5,+20.6,+20.6,+20.6
2022-07-27 04:52,1,+17.7,+10.7,+23.6,+12.1,+10.1,+29.2,+19.5,+20.1,+20.5,+20.5,+20.6,+20.6,+20.6
2022-07-27 05:52,1,+17.7,+10.7,+23.6,+12.1,+10.1,+29.2,+19.5,+20.1,+20.5,+20.5,+20.6,+20.6,+20.6
2022-07-27 06:52,1,+17.6,+10.7,+23.6,+12.1,+10.1,+29.2,+19.3,+20.0,+20.5,+20.6,+20.6,+20.6,+20.6
2022-07-27 07:52,1,+17.6,+10.7,+23.6,+12.1,+10.1,+29.2,+19.6,+20.0,+20.5,+20.6,+20.6,+20.6,+20.6
2022-07-27 08:52,1,+18.0,+10.7,+23.6,+12.1,+10.1,+29.2,+19.7,+20.0,+20.3,+20.5,+20.6,+20.6,+20.6
2022-07-27 09:52,1,+18.0,+10.7,+23.6,+12.1,+10.1,+29.2,+20.0,+20.0,+20.3,+20.5,+20.6,+20.6,+20.6
2022-07-27 10:52,1,+18.0,+10.7,+23.6,+12.1,+10.1,+29.2,+20.2,+20.0,+20.3,+20.5,+20.6,+20.6,+20.6
2022-07-27 11:52,1,+18.0,+10.7,+23.6,+12.1,+10.1,+29.2,+20.3,+20.0,+20.3,+20.5,+20.6,+20.6,+20.6
2022-07-27 12:52,1,+18.0,+10.7,+23.6,+12.1,+10.1,+29.5,+20.5,+20.1,+20.3,+20.5,+20.6,+20.6,+20.6
2022-07-27 13:52,1,+17.9,+10.7,+23.6,+12.1,+10.1,+29.5,+20.7,+20.2,+20.3,+20.5,+20.6,+20.6,+20.6
2022-07-27 14:52,1,+17.9,+10.7,+23.6,+12.1,+10.3,+29.5,+20.7,+20.2,+20.3,+20.5,+20.6,+20.6,+20.6
2022-07-27 15:52,1,+17.9,+10.7,+23.6,+12.1,+10.3,+29.5,+20.7,+20.2,+20.3,+20.6,+20.6,+20.6,+20.6
2022-07-27 16:52,1,+18.0,+10.7,+23.6,+12.1,+10.1,+29.5,+20.6,+20.3,+20.3,+20.5,+20.6,+20.6,+20.6
2022-07-27 17:52,1,+18.0,+10.7,+23.7,+12.1,+10.3,+29.5,+20.5,+20.3,+20.5,+20.5,+20.6,+20.6,+20.6
2022-07-27 18:52,1,+18.1,+10.7,+23.7,+12.1,+10.1,+29.5,+20.5,+20.3,+20.3,+20.5,+20.6,+20.6,+20.6
2022-07-27 19:52,1,+21.1,+10.8,+23.7,+12.1,+10.3,+29.5,+20.2,+20.5,+20.5,+20.5,+20.6,+20.6,+20.6
2022-07-27 20:52,1,+20.8,+11.0,+23.7,+12.3,+10.3,+29.5,+20.2,+20.3,+20.5,+20.5,+20.6,+20.6,+20.6
2022-07-27 21:52,1,+20.6,+11.2,+23.7,+12.3,+10.3,+29.5,+20.1,+20.3,+20.5,+20.5,+20.6,+20.6,+20.6
2022-07-27 22:52,1,+20.4,+11.3,+23.7,+12.3,+10.3,+29.5,+20.1,+20.3,+20.5,+20.5,+20.6,+20.6,+20.6
2022-07-27 23:52,1,+20.2,+11.4,+23.7,+12.3,+10.3,+29.5,+20.0,+20.3,+20.5,+20.5,+20.6,+20.6,+20.6
2022-07-28 00:52,1,+20.1,+11.4,+23.7,+12.3,+10.1,+29.5,+20.0,+20.2,+20.5,+20.5,+20.6,+20.6,+20.6
2022-07-28 01:52,1,+20.1,+11.5,+23.7,+12.3,+10.1,+29.6,+19.8,+20.2,+20.5,+20.6,+20.6,+20.6,+20.6
2022-07-28 02:52,1,+20.2,+11.5,+23.7,+12.3,+10.3,+29.6,+19.7,+20.2,+20.5,+20.5,+20.6,+20.6,+20.6
2022-07-28 03:52,1,+20.1,+11.5,+23.7,+12.3,+10.3,+29.6,+19.8,+20.2,+20.5,+20.5,+20.6,+20.6,+20.6
2022-07-28 04:52,1,+20.2,+11.6,+23.7,+12.3,+10.3,+29.6,+19.7,+20.2,+20.5,+20.6,+20.6,+20.6,+20.6
2022-07-28 05:52,1,+20.3,+11.6,+23.8,+12.3,+10.3,+29.6,+19.8,+20.1,+20.5,+20.5,+20.6,+20.6,+20.6
2022-07-28 06:52,1,+20.3,+11.6,+23.8,+12.3,+10.3,+29.6,+19.7,+20.1,+20.5,+20.5,+20.6,+20.6,+20.6
2022-07-28 07:52,1,+20.3,+11.6,+23.8,+12.3,+10.3,+29.6,+19.7,+20.1,+20.3,+20.5,+20.6,+20.6,+20.6
2022-07-28 08:52,1,+20.2,+11.7,+23.8,+12.3,+10.3,+29.6,+20.0,+20.1,+20.3,+20.5,+20.6,+20.6,+20.6
2022-07-28 09:52,1,+20.2,+11.7,+23.8,+12.3,+10.3,+29.7,+20.1,+20.1,+20.3,+20.5,+20.6,+20.6,+20.6
2022-07-28 10:52,1,+20.2,+11.7,+24.0,+12.5,+10.5,+29.7,+20.1,+20.1,+20.5,+20.5,+20.6,+20.6,+20.6
2022-07-28 11:52,1,+20.2,+11.7,+24.0,+12.5,+10.5,+29.7,+20.2,+20.1,+20.3,+20.5,+20.6,+20.6,+20.6
2022-07-28 12:52,1,+20.1,+11.7,+24.0,+12.5,+10.5,+29.7,+20.2,+20.1,+20.3,+20.5,+20.6,+20.6,+20.6
2022-07-28 13:52,1,+20.2,+11.7,+24.0,+12.5,+10.3,+29.7,+20.2,+20.2,+20.5,+20.5,+20.6,+20.6,+20.6
2022-07-28 14:52,1,+20.1,+11.7,+24.0,+12.5,+10.3,+29.7,+20.3,+20.2,+20.3,+20.6,+20.6,+20.6,+20.6
2022-07-28 15:52,1,+20.0,+11.7,+24.0,+12.5,+10.3,+29.7,+20.3,+20.2,+20.5,+20.5,+20.7,+20.6,+20.6
2022-07-28 16:52,1,+20.0,+11.7,+24.0,+12.5,+10.5,+29.7,+20.3,+20.2,+20.3,+20.5,+20.6,+20.6,+20.6
2022-07-28 17:52,1,+20.0,+11.7,+24.1,+12.5,+10.3,+29.7,+20.2,+20.2,+20.5,+20.5,+20.6,+20.6,+20.6
2022-07-28 18:52,1,+20.0,+11.7,+24.1,+12.5,+10.5,+29.7,+20.1,+20.2,+20.5,+20.5,+20.6,+20.6,+20.6
2022-07-28 19:52,1,+19.9,+11.7,+24.1,+12.5,+10.3,+29.7,+20.0,+20.2,+20.5,+20.6,+20.6,+20.6,+20.6
2022-07-28 20:52,1,+20.0,+11.7,+24.1,+12.5,+10.5,+29.7,+19.8,+20.2,+20.5,+20.5,+20.6,+20.6,+20.6
2022-07-28 21:52,1,+20.0,+11.7,+24.1,+12.5,+10.6,+29.7,+19.6,+20.2,+20.5,+20.5,+20.6,+20.6,+20.6
2022-07-28 22:52,1,+19.9,+11.7,+24.1,+12.5,+10.6,+29.7,+19.6,+20.2,+20.5,+20.5,+20.6,+20.6,+20.6
2022-07-28 23:52,1,+19.9,+11.8,+24.2,+12.5,+10.5,+29.7,+19.5,+20.1,+20.5,+20.6,+20.6,+20.6,+20.6
2022-07-29 00:52,1,+20.0,+11.8,+24.2,+12.5,+10.5,+29.7,+19.5,+20.1,+20.5,+20.5,+20.6,+20.6,+20.6
2022-07-29 01:52,1,+19.9,+11.8,+24.2,+12.5,+10.5,+29.7,+19.3,+20.1,+20.5,+20.5,+20.6,+20.6,+20.6
2022-07-29 02:52,1,+19.8,+11.8,+24.2,+12.5,+10.6,+29.7,+19.3,+20.0,+20.5,+20.5,+20.6,+20.6,+20.6
2022-07-29 03:52,1,+19.9,+11.8,+24.2,+12.5,+10.5,+29.7,+19.3,+20.0,+20.3,+20.6,+20.6,+20.6,+20.6
2022-07-29 04:52,1,+19.7,+11.8,+24.2,+12.5,+10.6,+29.7,+19.3,+19.8,+20.3,+20.6,+20.6,+20.6,+20.6
2022-07-29 05:52,1,+19.7,+11.8,+24.2,+12.5,+10.6,+29.7,+19.2,+19.8,+20.3,+20.5,+20.6,+20.6,+20.6
2022-07-29 06:52,1,+19.6,+11.8,+24.2,+12.5,+10.5,+29.7,+19.3,+19.8,+20.3,+20.5,+20.6,+20.6,+20.6
2022-07-29 07:52,1,+18.4,+11.8,+24.2,+12.5,+10.6,+29.7,+19.3,+19.8,+20.3,+20.5,+20.6,+20.5,+20.6
2022-07-29 08:52,1,+18.2,+11.8,+24.2,+12.5,+10.6,+29.7,+19.6,+19.8,+20.3,+20.6,+20.6,+20.6,+20.6
2022-07-29 09:52,1,+18.3,+11.8,+24.2,+12.5,+10.6,+29.7,+19.8,+19.8,+20.3,+20.5,+20.6,+20.6,+20.6
2022-07-29 10:52,1,+18.3,+11.8,+24.2,+12.5,+10.6,+29.7,+20.0,+19.8,+20.2,+20.5,+20.6,+20.6,+20.6
2022-07-29 11:52,1,+18.6,+11.8,+24.2,+12.5,+10.6,+29.7,+20.2,+19.8,+20.2,+20.5,+20.6,+20.6,+20.6
2022-07-29 12:52,1,+16.8,+11.7,+24.2,+12.5,+10.6,+29.7,+20.3,+20.0,+20.2,+20.5,+20.6,+20.6,+20.6
2022-07-29 13:52,1,+16.8,+11.7,+24.2,+12.5,+10.6,+29.7,+20.5,+20.0,+20.3,+20.5,+20.6,+20.6,+20.6
2022-07-29 14:52,1,+16.6,+11.7,+24.2,+12.5,+10.6,+29.7,+20.6,+20.1,+20.2,+20.3,+20.6,+20.6,+20.6
2022-07-29 15:52,1,+16.5,+11.7,+24.2,+12.5,+10.6,+29.7,+20.6,+20.1,+20.2,+20.5,+20.6,+20.6,+20.6
2022-07-29 16:52,1,+16.5,+11.7,+24.2,+12.5,+10.6,+29.7,+20.5,+20.2,+20.3,+20.5,+20.6,+20.6,+20.6
2022-07-29 17:52,1,+16.6,+11.7,+24.2,+12.5,+10.6,+29.7,+20.5,+20.3,+20.3,+20.5,+20.6,+20.6,+20.6
2022-07-29 18:52,1,+16.6,+11.7,+24.2,+12.5,+10.6,+29.7,+20.5,+20.2,+20.3,+20.3,+20.6,+20.6,+20.6
2022-07-29 19:52,1,+16.6,+11.7,+24.2,+12.5,+10.6,+29.7,+20.3,+20.3,+20.3,+20.5,+20.6,+20.6,+20.6
2022-07-29 20:52,1,+16.6,+11.7,+24.2,+12.5,+10.6,+29.7,+20.3,+20.3,+20.5,+20.5,+20.6,+20.5,+20.6
2022-07-29 21:52,1,+16.6,+11.7,+24.2,+12.5,+10.6,+29.7,+20.3,+20.3,+20.3,+20.5,+20.6,+20.6,+20.6
2022-07-29 22:52,1,+16.5,+11.7,+24.2,+12.5,+10.6,+29.7,+20.2,+20.3,+20.3,+20.3,+20.6,+20.5,+20.6
2022-07-29 23:52,1,+16.6,+11.7,+24.2,+12.5,+10.6,+29.7,+20.1,+20.3,+20.5,+20.5,+20.6,+20.6,+20.6
2022-07-30 00:52,1,+16.6,+11.7,+24.2,+12.6,+10.6,+29.7,+20.1,+20.2,+20.5,+20.5,+20.6,+20.6,+20.6
2022-07-30 01:52,1,+16.6,+11.7,+24.2,+12.6,+10.6,+29.7,+20.0,+20.3,+20.5,+20.5,+20.6,+20.6,+20.6
2022-07-30 02:52,1,+16.6,+11.8,+24.2,+12.6,+10.6,+29.7,+20.0,+20.2,+20.5,+20.5,+20.6,+20.6,+20.6
2022-07-30 03:52,1,+16.6,+11.8,+24.2,+12.6,+10.6,+29.7,+20.0,+20.2,+20.5,+20.5,+20.6,+20.5,+20.6
2022-07-30 04:52,1,+16.6,+11.8,+24.2,+12.6,+10.6,+29.7,+19.8,+20.2,+20.5,+20.5,+20.6,+20.6,+20.6
2022-07-30 05:52,1,+16.6,+11.8,+24.2,+12.6,+10.6,+29.7,+20.0,+20.2,+20.5,+20.5,+20.6,+20.6,+20.6
2022-07-30 06:52,1,+16.6,+11.8,+24.2,+12.6,+10.6,+29.7,+19.8,+20.2,+20.3,+20.5,+20.6,+20.6,+20.6
2022-07-30 07:52,1,+16.6,+11.8,+24.2,+12.6,+10.6,+29.7,+19.8,+20.1,+20.5,+20.5,+20.6,+20.6,+20.6
2022-07-30 08:52,1,+16.6,+11.8,+24.2,+12.6,+10.6,+29.7,+20.1,+20.1,+20.3,+20.5,+20.6,+20.6,+20.6
2022-07-30 09:52,1,+16.5,+11.8,+24.2,+12.6,+10.6,+30.0,+20.3,+20.1,+20.3,+20.5,+20.6,+20.5,+20.6
2022-07-30 10:52,1,+16.3,+11.8,+24.2,+12.6,+10.6,+30.0,+20.6,+20.2,+20.3,+20.5,+20.6,+20.6,+20.6
2022-07-30 11:52,1,+16.2,+11.8,+24.2,+12.6,+10.6,+30.0,+20.6,+20.2,+20.3,+20.5,+20.6,+20.5,+20.6
2022-07-30 12:52,1,+16.2,+11.7,+24.2,+12.6,+10.6,+30.0,+20.8,+20.2,+20.3,+20.5,+20.6,+20.5,+20.6
2022-07-30 13:52,1,+16.1,+11.7,+24.2,+12.6,+10.6,+30.0,+21.0,+20.3,+20.5,+20.5,+20.6,+20.6,+20.6
2022-07-30 14:52,1,+16.1,+11.8,+24.2,+12.6,+10.6,+30.0,+21.0,+20.3,+20.3,+20.5,+20.6,+20.6,+20.6
2022-07-30 15:52,1,+16.1,+11.8,+24.2,+12.6,+10.6,+30.0,+21.0,+20.5,+20.3,+20.5,+20.6,+20.6,+20.6
2022-07-30 16:52,1,+16.1,+11.7,+24.2,+12.6,+10.6,+30.0,+21.0,+20.5,+20.5,+20.5,+20.6,+20.6,+20.6
2022-07-30 17:52,1,+17.9,+12.0,+24.2,+12.6,+10.6,+30.0,+20.8,+20.5,+20.5,+20.5,+20.6,+20.6,+20.6
2022-07-30 18:52,1,+20.8,+13.7,+24.2,+12.6,+10.6,+30.0,+20.7,+20.6,+20.5,+20.5,+20.6,+20.6,+20.6
2022-07-30 19:52,1,+20.0,+13.9,+24.5,+12.6,+10.6,+30.0,+20.6,+20.6,+20.5,+20.5,+20.6,+20.6,+20.6
2022-07-30 20:52,1,+19.4,+13.8,+25.0,+12.6,+10.6,+30.0,+20.6,+20.6,+20.6,+20.5,+20.6,+20.6,+20.6
2022-07-30 21:52,1,+19.2,+13.6,+25.2,+12.6,+10.6,+30.1,+20.5,+20.6,+20.6,+20.5,+20.6,+20.6,+20.5
2022-07-30 22:52,1,+19.3,+13.5,+25.3,+12.8,+10.8,+30.1,+20.5,+20.5,+20.6,+20.6,+20.6,+20.6,+20.6
2022-07-30 23:52,1,+19.2,+13.5,+25.6,+12.8,+10.8,+30.2,+20.5,+20.6,+20.6,+20.5,+20.6,+20.6,+20.6
2022-07-31 00:52,1,+19.0,+13.5,+25.7,+12.8,+10.8,+30.2,+20.2,+20.5,+20.6,+20.6,+20.5,+20.6,+20.6
2022-07-31 01:52,1,+19.0,+13.4,+25.7,+13.0,+10.8,+30.2,+20.2,+20.5,+20.6,+20.6,+20.6,+20.6,+20.6
2022-07-31 02:52,1,+18.9,+13.3,+25.7,+13.1,+11.1,+30.2,+20.1,+20.3,+20.6,+20.6,+20.6,+20.6,+20.6
2022-07-31 03:52,1,+18.9,+13.3,+25.7,+13.1,+11.0,+30.2,+20.1,+20.3,+20.6,+20.6,+20.6,+20.5,+20.6
2022-07-31 04:52,1,+18.9,+13.2,+25.7,+13.1,+11.1,+30.2,+20.0,+20.3,+20.6,+20.6,+20.6,+20.6,+20.6
2022-07-31 05:52,1,+19.0,+13.2,+25.7,+13.1,+11.1,+30.2,+20.0,+20.3,+20.6,+20.6,+20.6,+20.6,+20.6
2022-07-31 06:52,1,+19.0,+13.2,+25.7,+13.1,+11.1,+30.2,+19.8,+20.3,+20.6,+20.6,+20.6,+20.6,+20.6
2022-07-31 07:52,1,+19.0,+13.2,+25.7,+13.1,+11.1,+30.5,+19.8,+20.3,+20.6,+20.6,+20.6,+20.6,+20.6
2022-07-31 08:52,1,+19.0,+13.1,+25.7,+13.3,+11.1,+30.5,+20.0,+20.2,+20.6,+20.6,+20.6,+20.5,+20.6
2022-07-31 09:52,1,+19.0,+13.1,+25.7,+13.3,+11.3,+30.5,+20.0,+20.2,+20.6,+20.6,+20.6,+20.6,+20.6
2022-07-31 10:52,1,+19.0,+13.1,+25.7,+13.3,+11.3,+30.5,+20.0,+20.2,+20.6,+20.6,+20.6,+20.6,+20.6
2022-07-31 11:52,1,+19.0,+13.1,+25.7,+13.3,+11.3,+30.5,+20.1,+20.2,+20.5,+20.6,+20.6,+20.6,+20.6
2022-07-31 12:52,1,+19.0,+13.1,+25.7,+13.3,+11.3,+30.5,+20.2,+20.2,+20.5,+20.6,+20.6,+20.6,+20.6
2022-07-31 13:52,1,+18.9,+13.1,+25.6,+13.3,+11.3,+30.6,+20.3,+20.2,+20.5,+20.6,+20.6,+20.6,+20.6
2022-07-31 14:52,1,+18.8,+13.0,+25.6,+13.3,+11.3,+30.6,+20.5,+20.2,+20.5,+20.6,+20.6,+20.6,+20.6
2022-07-31 15:52,1,+18.8,+13.0,+25.6,+13.3,+11.3,+30.6,+20.5,+20.3,+20.5,+20.6,+20.6,+20.6,+20.6
2022-07-31 16:52,1,+18.7,+12.9,+25.6,+13.3,+11.3,+30.6,+20.6,+20.3,+20.5,+20.6,+20.6,+20.5,+20.5
2022-07-31 17:52,1,+18.7,+12.9,+25.6,+13.3,+11.3,+30.6,+20.5,+20.3,+20.5,+20.6,+20.7,+20.5,+20.6
2022-07-31 18:52,1,+19.1,+12.9,+25.6,+13.3,+11.1,+30.6,+20.6,+20.3,+20.6,+20.6,+20.7,+20.6,+20.6
2022-07-31 19:52,1,+19.1,+12.9,+25.5,+13.3,+11.3,+30.6,+20.5,+20.5,+20.5,+20.6,+20.6,+20.6,+20.6
2022-07-31 20:52,1,+19.2,+12.9,+25.5,+13.3,+11.3,+30.6,+20.3,+20.3,+20.6,+20.6,+20.7,+20.6,+20.6
2022-07-31 21:52,1,+19.3,+12.8,+25.5,+13.3,+11.3,+30.6,+20.2,+20.3,+20.5,+20.5,+20.7,+20.6,+20.6
2022-07-31 22:52,1,+19.3,+12.8,+25.5,+13.3,+11.3,+30.6,+20.2,+20.3,+20.5,+20.6,+20.6,+20.6,+20.6
2022-07-31 23:52,1,+19.4,+12.9,+25.5,+13.3,+11.3,+30.6,+20.1,+20.3,+20.5,+20.6,+20.6,+20.6,+20.6
2022-08-01 00:52,1,+19.7,+12.8,+25.5,+13.3,+11.3,+30.6,+20.0,+20.3,+20.6,+20.6,+20.6,+20.6,+20.6
2022-08-01 01:52,1,+19.6,+12.8,+25.5,+13.3,+11.3,+30.6,+20.0,+20.3,+20.5,+20.6,+20.6,+20.6,+20.6
2022-08-01 02:52,1,+19.6,+12.8,+25.5,+13.3,+11.3,+30.6,+20.0,+20.2,+20.5,+20.6,+20.6,+20.6,+20.6
2022-08-01 03:52,1,+19.6,+12.8,+25.5,+13.3,+11.3,+30.6,+19.8,+20.3,+20.6,+20.6,+20.6,+20.6,+20.5
2022-08-01 04:52,1,+19.6,+12.8,+25.5,+13.3,+11.3,+30.6,+19.7,+20.2,+20.6,+20.6,+20.6,+20.6,+20.6
2022-08-01 05:52,1,+19.6,+12.8,+25.5,+13.3,+11.3,+30.7,+19.7,+20.2,+20.5,+20.6,+20.6,+20.6,+20.6
2022-08-01 06:52,1,+19.6,+12.8,+25.5,+13.3,+11.3,+30.7,+19.7,+20.2,+20.5,+20.6,+20.6,+20.6,+20.6
2022-08-01 07:52,1,+19.6,+12.9,+25.5,+13.3,+11.3,+30.7,+19.7,+20.1,+20.5,+20.6,+20.6,+20.6,+20.6
2022-08-01 08:52,1,+19.5,+12.8,+25.5,+13.3,+11.3,+30.7,+19.8,+20.1,+20.5,+20.6,+20.6,+20.6,+20.6
2022-08-01 09:52,1,+19.3,+12.8,+25.5,+13.3,+11.3,+30.7,+20.2,+20.1,+20.5,+20.5,+20.7,+20.6,+20.6
2022-08-01 10:52,1,+19.2,+12.8,+25.3,+13.3,+11.3,+30.6,+20.5,+20.1,+20.5,+20.5,+20.6,+20.6,+20.6
2022-08-01 11:52,1,+19.1,+12.8,+25.3,+13.3,+11.3,+30.6,+20.5,+20.2,+20.5,+20.6,+20.6,+20.6,+20.6
2022-08-01 12:52,1,+19.0,+12.7,+25.3,+13.3,+11.3,+30.7,+20.6,+20.2,+20.5,+20.6,+20.6,+20.6,+20.6
2022-08-01 13:52,1,+18.9,+12.7,+25.3,+13.3,+11.3,+30.7,+20.7,+20.2,+20.5,+20.5,+20.6,+20.6,+20.6
2022-08-01 14:52,1,+18.8,+12.7,+25.3,+13.3,+11.3,+30.7,+20.7,+20.3,+20.5,+20.6,+20.6,+20.6,+20.6
2022-08-01 15:52,1,+18.8,+12.7,+25.3,+13.3,+11.3,+30.7,+20.7,+20.3,+20.5,+20.6,+20.6,+20.6,+20.6
2022-08-01 16:52,1,+22.4,+13.6,+25.3,+13.3,+11.3,+30.7,+20.7,+20.5,+20.5,+20.5,+20.6,+20.6,+20.6
2022-08-01 17:52,1,+21.6,+13.8,+25.3,+13.3,+11.3,+30.7,+20.6,+20.5,+20.5,+20.6,+20.6,+20.6,+20.6
2022-08-01 18:52,1,+21.5,+13.8,+25.5,+13.3,+11.3,+30.7,+20.6,+20.5,+20.5,+20.6,+20.6,+20.6,+20.6
2022-08-01 19:52,1,+21.9,+14.1,+25.6,+13.3,+11.5,+30.7,+20.5,+20.5,+20.6,+20.6,+20.6,+20.6,+20.6
2022-08-01 20:52,1,+21.5,+14.1,+25.7,+13.3,+11.3,+30.7,+20.3,+20.5,+20.6,+20.5,+20.6,+20.6,+20.6
2022-08-01 21:52,1,+21.5,+14.1,+26.0,+13.5,+11.3,+30.7,+20.3,+20.5,+20.6,+20.6,+20.7,+20.6,+20.6
2022-08-01 22:52,1,+21.4,+14.0,+26.1,+13.5,+11.5,+30.7,+20.2,+20.5,+20.6,+20.6,+20.6,+20.6,+20.6
2022-08-01 23:52,1,+21.1,+13.9,+26.2,+13.6,+11.5,+30.7,+20.2,+20.5,+20.5,+20.6,+20.7,+20.6,+20.6
2022-08-02 00:52,1,+21.0,+13.8,+26.2,+13.6,+11.6,+30.7,+20.2,+20.3,+20.6,+20.6,+20.6,+20.6,+20.6
2022-08-02 01:52,1,+20.9,+13.8,+26.2,+13.6,+11.6,+30.7,+20.1,+20.3,+20.6,+20.6,+20.6,+20.6,+20.6
2022-08-02 02:52,1,+20.9,+13.7,+26.3,+13.6,+11.6,+30.7,+20.2,+20.3,+20.5,+20.6,+20.6,+20.6,+20.6
2022-08-02 03:52,1,+20.8,+13.7,+26.3,+13.6,+11.6,+30.7,+20.2,+20.3,+20.6,+20.6,+20.7,+20.6,+20.6
2022-08-02 04:52,1,+20.8,+13.7,+26.3,+13.6,+11.6,+30.7,+20.1,+20.3,+20.6,+20.6,+20.6,+20.6,+20.6
2022-08-02 05:52,1,+21.3,+13.6,+26.3,+13.8,+11.6,+31.0,+20.1,+20.2,+20.6,+20.6,+20.6,+20.6,+20.6
2022-08-02 06:52,1,+22.6,+13.9,+26.3,+13.8,+11.6,+31.0,+20.0,+20.2,+20.6,+20.6,+20.6,+20.6,+20.6
2022-08-02 07:52,1,+22.3,+14.2,+26.5,+13.8,+11.8,+31.0,+20.0,+20.2,+20.6,+20.6,+20.7,+20.6,+20.6
2022-08-02 08:52,1,+21.8,+14.2,+26.7,+13.8,+11.8,+31.0,+20.0,+20.2,+20.5,+20.6,+20.6,+20.6,+20.6
2022-08-02 09:52,1,+21.5,+14.1,+26.7,+13.8,+11.8,+31.1,+20.0,+20.2,+20.6,+20.6,+20.6,+20.6,+20.6
2022-08-02 10:52,1,+21.2,+14.0,+26.8,+13.8,+11.8,+31.2,+20.0,+20.2,+20.5,+20.6,+20.7,+20.6,+20.6
2022-08-02 11:52,1,+21.0,+13.9,+26.7,+14.0,+12.0,+31.2,+20.2,+20.2,+20.5,+20.6,+20.6,+20.6,+20.6
2022-08-02 12:52,1,+20.9,+13.9,+26.7,+14.0,+11.8,+31.2,+20.3,+20.2,+20.5,+20.6,+20.6,+20.6,+20.6
2022-08-02 13:52,1,+20.8,+13.8,+26.7,+14.0,+11.8,+31.2,+20.3,+20.2,+20.5,+20.6,+20.6,+20.6,+20.6
2022-08-02 14:52,1,+26.4,+16.4,+26.7,+14.0,+12.0,+31.2,+20.3,+20.2,+20.5,+20.6,+20.6,+20.6,+20.6
2022-08-02 15:52,1,+25.4,+15.9,+29.3,+15.5,+13.0,+32.2,+20.1,+20.2,+20.5,+20.6,+20.7,+20.6,+20.6
2022-08-02 16:52,1,+22.8,+14.9,+28.7,+15.1,+13.0,+32.5,+19.8,+20.2,+20.5,+20.6,+20.7,+20.6,+20.6
2022-08-02 17:52,1,+24.1,+15.4,+29.1,+15.0,+12.8,+32.4,+19.7,+20.1,+20.5,+20.6,+20.6,+20.6,+20.7
2022-08-02 18:52,1,+23.0,+15.0,+28.8,+15.1,+12.8,+32.5,+19.6,+20.0,+20.5,+20.6,+20.7,+20.6,+20.6
2022-08-02 19:52,1,+22.3,+14.6,+28.5,+14.8,+12.6,+32.2,+19.6,+20.0,+20.3,+20.6,+20.7,+20.6,+20.6
2022-08-02 20:52,1,+21.7,+14.3,+28.2,+14.8,+12.5,+32.2,+19.5,+20.0,+20.3,+20.5,+20.6,+20.6,+20.6
2022-08-02 21:52,1,+21.5,+14.2,+27.8,+14.6,+12.5,+32.0,+19.3,+20.0,+20.3,+20.6,+20.6,+20.6,+20.6
2022-08-02 22:52,1,+21.3,+14.0,+27.7,+14.6,+12.5,+31.7,+19.5,+20.0,+20.3,+20.5,+20.6,+20.7,+20.7
2022-08-02 23:52,1,+21.1,+14.0,+27.6,+14.5,+12.5,+31.7,+19.3,+19.8,+20.3,+20.5,+20.7,+20.6,+20.6
2022-08-03 00:52,1,+21.0,+13.9,+27.5,+14.3,+12.3,+31.7,+19.3,+19.8,+20.3,+20.5,+20.6,+20.6,+20.6
2022-08-03 01:52,1,+20.9,+13.8,+27.2,+14.3,+12.1,+31.7,+19.2,+19.8,+20.3,+20.5,+20.7,+20.6,+20.6
2022-08-03 02:52,1,+20.9,+13.8,+27.2,+14.3,+12.1,+31.7,+19.2,+19.8,+20.3,+20.5,+20.6,+20.6,+20.7
2022-08-03 03:52,1,+20.8,+13.7,+27.1,+14.3,+12.1,+31.7,+19.2,+19.8,+20.3,+20.5,+20.6,+20.6,+20.6
2022-08-03 04:52,1,+20.8,+13.7,+27.1,+14.3,+12.3,+31.6,+19.2,+19.7,+20.2,+20.5,+20.7,+20.6,+20.7
2022-08-03 05:52,1,+20.8,+13.6,+27.0,+14.3,+12.1,+31.6,+19.3,+19.7,+20.3,+20.5,+20.7,+20.6,+20.6
2022-08-03 06:52,1,+20.8,+13.6,+26.8,+14.1,+12.1,+31.6,+19.2,+19.7,+20.2,+20.5,+20.6,+20.6,+20.6
2022-08-03 07:52,1,+20.8,+13.6,+26.8,+14.1,+12.1,+31.6,+19.2,+19.7,+20.2,+20.5,+20.6,+20.6,+20.6
2022-08-03 08:52,1,+20.7,+13.6,+26.7,+14.1,+12.1,+31.5,+19.3,+19.7,+20.2,+20.5,+20.6,+20.6,+20.6
2022-08-03 09:52,1,+20.6,+13.5,+26.7,+14.1,+12.1,+31.5,+19.3,+19.7,+20.2,+20.5,+20.6,+20.6,+20.7
2022-08-03 10:52,1,+20.6,+13.5,+26.7,+14.1,+12.1,+31.5,+19.5,+19.7,+20.1,+20.5,+20.6,+20.6,+20.6
2022-08-03 11:52,1,+20.5,+13.5,+26.7,+14.1,+12.1,+31.5,+19.5,+19.7,+20.1,+20.3,+20.6,+20.6,+20.6
2022-08-03 12:52,1,+20.5,+13.4,+26.6,+14.1,+12.1,+31.5,+19.5,+19.7,+20.2,+20.5,+20.6,+20.6,+20.6
2022-08-03 13:52,1,+20.5,+13.4,+26.6,+14.1,+12.1,+31.5,+19.5,+19.7,+20.1,+20.3,+20.6,+20.6,+20.6
2022-08-03 14:52,1,+20.5,+13.4,+26.5,+14.1,+12.0,+31.5,+19.3,+19.7,+20.1,+20.3,+20.5,+20.6,+20.6
2022-08-03 15:52,1,+20.5,+13.4,+26.5,+14.1,+12.0,+31.5,+19.3,+19.7,+20.1,+20.3,+20.6,+20.6,+20.7
2022-08-03 16:52,1,+20.5,+13.4,+26.5,+14.1,+12.0,+31.2,+19.3,+19.7,+20.1,+20.3,+20.6,+20.6,+20.6
2022-08-03 17:52,1,+20.5,+13.3,+26.5,+14.1,+12.0,+31.2,+19.2,+19.7,+20.1,+20.3,+20.6,+20.6,+20.6
2022-08-03 18:52,1,+20.5,+13.3,+26.3,+14.1,+12.1,+31.2,+19.2,+19.7,+20.1,+20.3,+20.6,+20.6,+20.6
2022-08-03 19:52,1,+20.4,+13.3,+26.3,+14.1,+12.0,+31.2,+19.1,+19.6,+20.1,+20.3,+20.6,+20.5,+20.6
2022-08-03 20:52,1,+20.4,+13.3,+26.3,+14.1,+12.1,+31.2,+19.1,+19.6,+20.1,+20.3,+20.6,+20.6,+20.6
2022-08-03 21:52,1,+20.4,+13.3,+26.3,+14.1,+12.1,+31.2,+19.0,+19.6,+20.1,+20.3,+20.6,+20.5,+20.6
2022-08-03 22:52,1,+20.3,+13.3,+26.3,+14.0,+12.0,+31.2,+19.0,+19.6,+20.1,+20.3,+20.5,+20.6,+20.6
2022-08-03 23:52,1,+20.3,+13.3,+26.2,+14.0,+11.8,+31.2,+19.1,+19.6,+20.1,+20.3,+20.6,+20.6,+20.6
2022-08-04 00:52,1,+20.3,+13.3,+26.2,+14.0,+11.8,+31.2,+19.1,+19.6,+20.1,+20.3,+20.6,+20.5,+20.6
2022-08-04 01:52,1,+20.3,+13.3,+26.2,+14.0,+12.0,+31.2,+19.1,+19.6,+20.1,+20.3,+20.6,+20.6,+20.6
2022-08-04 02:52,1,+20.3,+13.3,+26.2,+14.0,+12.0,+31.2,+19.1,+19.5,+20.1,+20.3,+20.6,+20.5,+20.6
2022-08-04 03:52,1,+20.4,+13.3,+26.2,+14.0,+12.0,+31.2,+19.1,+19.5,+20.1,+20.3,+20.5,+20.6,+20.6
2022-08-04 04:52,1,+20.4,+13.3,+26.2,+14.0,+12.0,+31.2,+19.0,+19.5,+20.1,+20.3,+20.5,+20.5,+20.6
2022-08-04 05:52,1,+20.6,+13.3,+26.2,+14.0,+12.0,+31.2,+19.0,+19.5,+20.0,+20.3,+20.5,+20.6,+20.6
2022-08-04 06:52,1,+20.5,+13.2,+26.2,+14.0,+12.0,+31.2,+19.1,+19.5,+20.0,+20.2,+20.5,+20.6,+20.6
2022-08-04 07:52,1,+20.5,+13.2,+26.2,+14.0,+12.0,+31.2,+19.1,+19.5,+20.0,+20.2,+20.5,+20.6,+20.6
2022-08-04 08:52,1,+20.5,+13.2,+26.2,+14.0,+12.0,+31.2,+19.1,+19.5,+20.0,+20.2,+20.5,+20.5,+20.6
2022-08-04 09:52,1,+20.4,+13.2,+26.2,+14.0,+12.0,+31.2,+19.3,+19.5,+20.0,+20.2,+20.5,+20.6,+20.6
2022-08-04 10:52,1,+20.3,+13.2,+26.2,+14.0,+12.0,+31.2,+19.6,+19.5,+20.0,+20.2,+20.6,+20.6,+20.6
2022-08-04 11:52,1,+20.3,+13.2,+26.2,+14.0,+12.0,+31.2,+19.7,+19.6,+20.0,+20.2,+20.5,+20.5,+20.6
2022-08-04 12:52,1,+20.2,+13.2,+26.2,+14.0,+12.0,+31.2,+19.7,+19.6,+20.0,+20.2,+20.5,+20.5,+20.6
2022-08-04 13:52,1,+20.2,+13.2,+26.2,+14.0,+11.8,+31.2,+19.8,+19.7,+20.0,+20.2,+20.5,+20.5,+20.6
2022-08-04 14:52,1,+20.2,+13.1,+26.1,+14.0,+12.0,+31.2,+19.8,+19.7,+20.0,+20.2,+20.6,+20.5,+20.6
2022-08-04 15:52,1,+20.6,+13.1,+26.1,+14.0,+11.8,+31.2,+19.8,+19.7,+20.0,+20.2,+20.5,+20.5,+20.6
2022-08-04 16:52,1,+20.8,+13.1,+26.1,+14.0,+12.0,+31.2,+19.8,+19.7,+20.0,+20.2,+20.5,+20.5,+20.6
2022-08-04 17:52,1,+20.9,+13.1,+26.1,+14.0,+12.0,+31.2,+19.8,+19.8,+20.0,+20.2,+20.5,+20.5,+20.6
2022-08-04 18:52,1,+21.0,+13.1,+26.1,+14.0,+12.0,+31.2,+19.7,+19.8,+20.0,+20.2,+20.5,+20.5,+20.6
2022-08-04 19:52,1,+21.0,+13.1,+26.1,+14.0,+11.8,+31.2,+19.7,+19.8,+20.0,+20.2,+20.5,+20.5,+20.6
2022-08-04 20:52,1,+21.0,+13.1,+26.1,+14.0,+12.0,+31.2,+19.6,+19.8,+20.0,+20.2,+20.5,+20.5,+20.6
2022-08-04 21:52,1,+21.2,+13.2,+26.1,+14.0,+12.1,+31.2,+19.6,+19.8,+20.1,+20.2,+20.5,+20.5,+20.6
2022-08-04 22:52,1,+21.1,+13.2,+26.1,+14.0,+12.0,+31.2,+19.6,+19.8,+20.1,+20.2,+20.5,+20.5,+20.5
2022-08-04 23:52,1,+21.1,+13.2,+26.1,+14.0,+12.0,+31.2,+19.6,+19.8,+20.0,+20.2,+20.5,+20.5,+20.6
2022-08-05 00:52,1,+21.1,+13.2,+26.1,+14.0,+12.1,+31.2,+19.6,+19.7,+20.1,+20.2,+20.5,+20.5,+20.6
2022-08-05 01:52,1,+21.1,+13.2,+26.1,+14.0,+11.8,+31.2,+19.6,+19.8,+20.1,+20.2,+20.2,+20.5,+20.6
2022-08-05 02:52,1,+21.1,+13.2,+26.1,+14.0,+12.0,+31.2,+19.5,+19.7,+20.1,+20.2,+20.5,+20.5,+20.6
2022-08-05 03:52,1,+22.9,+13.2,+26.1,+14.0,+11.8,+31.2,+19.5,+19.7,+20.1,+20.2,+20.5,+20.5,+20.6
2022-08-05 04:52,1,+22.6,+13.3,+26.1,+14.0,+12.0,+31.2,+19.5,+19.7,+20.1,+20.2,+20.5,+20.5,+20.6
2022-08-05 05:52,1,+22.5,+13.5,+26.1,+14.0,+12.0,+31.2,+19.5,+19.7,+20.1,+20.2,+20.5,+20.5,+20.6
2022-08-05 06:52,1,+23.3,+13.6,+26.2,+14.0,+12.0,+31.2,+19.5,+19.7,+20.1,+20.2,+20.5,+20.5,+20.6
2022-08-05 07:52,1,+23.3,+13.8,+26.2,+14.0,+12.0,+31.2,+19.5,+19.7,+20.1,+20.2,+20.2,+20.5,+20.6
2022-08-05 08:52,1,+22.9,+14.0,+26.2,+14.0,+12.1,+31.2,+19.5,+19.7,+20.1,+20.2,+20.5,+20.5,+20.5
2022-08-05 09:52,1,+22.6,+14.1,+26.2,+14.0,+12.0,+31.2,+19.6,+19.7,+20.1,+20.2,+20.2,+20.5,+20.5
2022-08-05 10:52,1,+22.3,+14.1,+26.2,+14.0,+12.1,+31.2,+19.7,+19.7,+20.0,+20.2,+20.5,+20.5,+20.5
2022-08-05 11:52,1,+22.4,+14.1,+26.3,+14.1,+12.1,+31.2,+19.7,+19.7,+20.1,+20.2,+20.5,+20.5,+20.6
2022-08-05 12:52,1,+22.2,+14.1,+26.5,+14.1,+12.1,+31.5,+20.0,+19.8,+20.0,+20.2,+20.5,+20.5,+20.5
2022-08-05 13:52,1,+22.1,+14.1,+26.5,+14.1,+12.1,+31.5,+20.1,+19.8,+20.0,+20.2,+20.5,+20.5,+20.5
2022-08-05 14:52,1,+22.0,+14.1,+26.5,+14.1,+12.1,+31.5,+20.1,+19.8,+20.0,+20.2,+20.2,+20.5,+20.6
2022-08-05 15:52,1,+22.0,+14.1,+26.6,+14.1,+12.1,+31.5,+20.2,+19.8,+20.1,+20.2,+20.5,+20.5,+20.5
2022-08-05 16:52,1,+22.4,+14.1,+26.6,+14.1,+12.1,+31.5,+20.1,+19.8,+20.1,+20.2,+20.5,+20.5,+20.6
2022-08-05 17:52,1,+23.2,+14.1,+26.7,+14.1,+12.1,+31.6,+20.1,+20.0,+20.1,+20.2,+20.5,+20.5,+20.5
2022-08-05 18:52,1,+23.5,+14.2,+26.7,+14.1,+12.3,+31.6,+20.0,+20.0,+20.1,+20.2,+20.2,+20.5,+20.6
2022-08-05 19:52,1,+24.0,+14.4,+26.7,+14.1,+12.3,+31.6,+19.8,+20.0,+20.1,+20.2,+20.2,+20.5,+20.6
2022-08-05 20:52,1,+23.6,+14.6,+26.8,+14.3,+12.1,+31.6,+19.8,+20.0,+20.1,+20.2,+20.2,+20.2,+20.5
2022-08-05 21:52,1,+23.6,+14.6,+27.1,+14.3,+12.3,+31.6,+19.8,+20.0,+20.1,+20.2,+20.2,+20.5,+20.5
2022-08-05 22:52,1,+23.7,+14.6,+27.2,+14.3,+12.5,+31.7,+19.7,+20.0,+20.1,+20.2,+20.2,+20.5,+20.5
2022-08-05 23:52,1,+23.5,+14.6,+27.3,+14.5,+12.5,+31.7,+19.7,+19.8,+20.2,+20.2,+20.2,+20.5,+20.5
2022-08-06 00:52,1,+23.2,+14.6,+27.5,+14.5,+12.5,+31.7,+19.6,+19.8,+20.1,+20.2,+20.2,+20.2,+20.5
2022-08-06 01:52,1,+23.0,+14.5,+27.6,+14.6,+12.5,+31.7,+19.6,+19.8,+20.1,+20.2,+20.2,+20.5,+20.5
2022-08-06 02:52,1,+23.0,+14.5,+27.6,+14.6,+12.5,+31.7,+19.6,+19.8,+20.1,+20.2,+20.5,+20.2,+20.5
2022-08-06 03:52,1,+23.0,+14.5,+27.6,+14.6,+12.5,+32.0,+19.5,+19.8,+20.1,+20.2,+20.2,+20.2,+20.5
2022-08-06 04:52,1,+23.0,+14.4,+27.6,+14.6,+12.6,+32.0,+19.5,+19.8,+20.1,+20.2,+20.2,+20.5,+20.5
2022-08-06 05:52,1,+23.0,+14.4,+27.5,+14.6,+12.5,+32.0,+19.5,+19.7,+20.1,+20.2,+20.2,+20.2,+20.5
2022-08-06 06:52,1,+23.5,+14.4,+27.5,+14.6,+12.5,+32.0,+19.5,+19.7,+20.1,+20.2,+20.2,+20.2,+20.5
2022-08-06 07:52,1,+23.6,+14.4,+27.5,+14.6,+12.6,+32.0,+19.5,+19.8,+20.1,+20.2,+20.2,+20.5,+20.5
2022-08-06 08:52,1,+24.8,+14.4,+27.5,+14.6,+12.6,+32.0,+19.5,+19.7,+20.1,+20.2,+20.5,+20.2,+20.5
2022-08-06 09:52,1,+25.2,+14.6,+27.5,+14.6,+12.5,+32.0,+19.6,+19.7,+20.1,+20.2,+20.2,+20.2,+20.5
2022-08-06 10:52,1,+27.5,+14.7,+27.5,+14.6,+12.5,+32.0,+19.6,+19.7,+20.1,+20.2,+20.2,+20.2,+20.5
2022-08-06 11:52,1,+26.5,+15.5,+28.6,+14.6,+12.6,+32.0,+19.7,+19.7,+20.1,+20.2,+20.2,+20.2,+20.5
2022-08-06 12:52,1,+27.7,+16.2,+29.6,+15.1,+12.6,+32.2,+19.7,+19.7,+20.1,+20.2,+20.2,+20.2,+20.5
2022-08-06 13:52,1,+25.6,+15.4,+29.1,+15.5,+13.3,+32.7,+19.6,+19.7,+20.0,+20.2,+20.2,+20.2,+20.5
2022-08-06 14:52,1,+25.4,+15.2,+28.7,+15.3,+13.1,+32.7,+19.6,+19.7,+20.1,+20.2,+20.2,+20.2,+20.5
2022-08-06 15:52,1,+25.0,+15.0,+28.6,+15.1,+13.0,+32.7,+19.5,+19.7,+20.0,+20.2,+20.2,+20.2,+20.5
2022-08-06 16:52,1,+24.7,+14.9,+28.5,+15.1,+13.0,+32.5,+19.5,+19.7,+20.1,+20.1,+20.2,+20.2,+20.5
2022-08-06 17:52,1,+24.8,+14.8,+28.2,+15.1,+12.8,+32.5,+19.5,+19.7,+20.1,+20.2,+20.2,+20.2,+20.5
2022-08-06 18:52,1,+24.0,+14.7,+28.2,+15.0,+12.8,+32.5,+19.3,+19.7,+20.0,+20.2,+20.2,+20.2,+20.5
2022-08-06 19:52,1,+23.9,+14.6,+28.1,+15.0,+12.8,+32.5,+19.3,+19.7,+20.0,+20.1,+20.2,+20.2,+20.5
2022-08-06 20:52,1,+23.9,+14.6,+28.0,+14.8,+12.8,+32.4,+19.2,+19.6,+20.0,+20.2,+20.2,+20.2,+20.5
2022-08-06 21:52,1,+23.8,+14.5,+27.8,+14.8,+12.6,+32.4,+19.3,+19.6,+20.0,+20.2,+20.2,+20.2,+20.5
2022-08-06 22:52,1,+23.8,+14.5,+27.7,+14.8,+12.8,+32.2,+19.3,+19.6,+20.0,+20.1,+20.2,+20.2,+20.5
2022-08-06 23:52,1,+23.8,+14.4,+27.7,+14.8,+12.8,+32.2,+19.3,+19.6,+20.0,+20.1,+20.2,+20.5,+20.5
2022-08-07 00:52,1,+23.6,+14.4,+27.6,+14.8,+12.6,+32.2,+19.3,+19.6,+20.0,+20.2,+20.2,+20.2,+20.5
2022-08-07 01:52,1,+23.6,+14.4,+27.6,+14.8,+12.6,+32.2,+19.3,+19.6,+20.0,+20.1,+20.2,+20.5,+20.5
2022-08-07 02:52,1,+23.5,+14.3,+27.5,+14.6,+12.6,+32.2,+19.3,+19.6,+20.0,+20.2,+20.2,+20.2,+20.2
2022-08-07 03:52,1,+23.4,+14.3,+27.5,+14.6,+12.6,+32.2,+19.2,+19.5,+20.0,+20.1,+20.2,+20.2,+20.5
2022-08-07 04:52,1,+23.4,+14.3,+27.3,+14.6,+12.6,+32.2,+19.2,+19.6,+20.0,+20.1,+20.2,+20.2,+20.5
2022-08-07 05:52,1,+23.3,+14.3,+27.3,+14.6,+12.6,+32.2,+19.2,+19.6,+20.0,+20.1,+20.2,+20.2,+20.5
2022-08-07 06:52,1,+23.3,+14.3,+27.2,+14.6,+12.6,+32.2,+19.3,+19.5,+20.0,+20.1,+20.2,+20.2,+20.5
2022-08-07 07:52,1,+23.3,+14.2,+27.2,+14.6,+12.6,+32.0,+19.3,+19.6,+20.0,+20.1,+20.2,+20.2,+20.5
2022-08-07 08:52,1,+23.3,+14.2,+27.2,+14.6,+12.6,+32.0,+19.5,+19.6,+20.0,+20.1,+20.2,+20.2,+20.5
2022-08-07 09:52,1,+23.3,+14.2,+27.2,+14.6,+12.6,+32.0,+19.5,+19.6,+20.0,+20.1,+20.2,+20.2,+20.5
2022-09-06 13:07,1,+40.4,+27.8,+28.2,+16.3,+14.8,+35.5,+20.7,+20.3,+20.6,+20.7,+21.0,+20.7,+20.7