
2022-09-06 13:14,1,+40.3,+27.8,+28.2,+16.3,+14.8,+35.5,+20.7,+20.2,+20.6,+20.7,+21.0,+20.7,+20.7
2022-09-06 14:14,1,+40.1,+27.8,+28.2,+16.3,+14.6,+35.5,+20.7,+20.3,+20.6,+20.7,+21.0,+20.7,+20.7
2022-09-06 15:14,1,+39.9,+27.8,+28.2,+16.3,+14.8,+35.5,+20.7,+20.5,+20.6,+20.7,+20.7,+20.7,+20.7
2022-09-06 16:14,1,+39.8,+27.7,+28.2,+16.3,+14.8,+35.5,+20.7,+20.5,+20.6,+20.7,+20.7,+20.7,+20.7
2022-09-06 17:14,1,+39.7,+27.7,+28.2,+16.3,+14.8,+35.5,+20.8,+20.5,+20.6,+20.7,+20.7,+20.7,+20.7
2022-09-06 18:14,1,+39.6,+27.7,+28.2,+16.3,+14.8,+35.5,+20.8,+20.6,+20.6,+20.7,+20.7,+20.7,+20.7
2022-09-06 19:14,1,+39.5,+27.7,+28.2,+16.3,+14.6,+35.5,+20.7,+20.6,+20.6,+20.7,+20.7,+20.7,+20.7
2022-09-06 20:14,1,+39.5,+27.7,+28.2,+16.3,+14.8,+35.5,+20.7,+20.6,+20.7,+20.7,+20.7,+20.7,+20.7
2022-09-06 21:14,1,+39.4,+27.7,+28.2,+16.3,+14.8,+35.5,+20.8,+20.6,+20.7,+20.7,+20.7,+20.7,+20.7
2022-09-06 22:14,1,+39.4,+27.7,+28.2,+16.3,+14.8,+35.5,+20.7,+20.6,+20.7,+20.8,+20.7,+20.7,+20.7
2022-09-06 23:14,1,+39.3,+27.7,+28.2,+16.3,+14.6,+35.5,+20.6,+20.6,+20.7,+20.7,+21.0,+20.7,+20.7
2022-09-07 00:14,1,+39.3,+27.7,+28.2,+16.3,+14.8,+35.5,+20.6,+20.6,+20.7,+20.8,+20.7,+20.7,+20.7
2022-09-07 01:14,1,+39.2,+27.7,+28.2,+16.3,+14.6,+35.5,+20.6,+20.7,+20.7,+20.7,+20.7,+20.7,+20.7
2022-09-07 02:14,1,+39.1,+27.7,+28.2,+16.3,+14.8,+35.5,+20.5,+20.6,+20.7,+20.7,+20.7,+20.7,+20.7
2022-09-07 03:14,1,+39.0,+27.7,+28.2,+16.3,+14.6,+35.5,+20.5,+20.6,+20.7,+20.7,+20.7,+20.7,+20.7
2022-09-07 04:14,1,+39.0,+27.7,+28.2,+16.3,+14.8,+35.5,+20.3,+20.6,+20.7,+20.7,+20.7,+20.7,+20.7
2022-09-07 05:14,1,+39.0,+27.6,+28.2,+16.3,+14.8,+35.5,+20.3,+20.6,+20.7,+20.8,+20.7,+20.7,+20.7
2022-09-07 06:14,1,+38.9,+27.8,+28.2,+16.3,+14.8,+35.5,+20.3,+20.6,+20.8,+20.7,+20.7,+20.7,+20.7
2022-09-07 07:14,1,+38.8,+27.7,+28.2,+16.3,+14.6,+35.5,+20.3,+20.6,+20.7,+20.8,+20.7,+20.7,+20.7
2022-09-07 08:14,1,+38.6,+27.8,+28.2,+16.3,+14.6,+35.5,+20.3,+20.5,+20.7,+20.8,+20.7,+20.7,+20.7
2022-09-07 09:14,1,+38.3,+27.7,+28.2,+16.3,+14.6,+35.5,+20.6,+20.6,+20.7,+20.8,+20.7,+20.7,+20.7
2022-09-07 10:14,1,+38.0,+27.5,+28.2,+16.3,+14.8,+35.5,+20.8,+20.5,+20.8,+20.8,+20.7,+20.7,+20.7
2022-09-07 11:14,1,+37.8,+27.5,+28.2,+16.3,+14.8,+35.5,+21.0,+20.6,+20.7,+20.7,+20.7,+20.7,+20.7
2022-09-07 12:14,1,+37.6,+27.6,+28.1,+16.3,+14.8,+35.5,+21.1,+20.6,+20.7,+20.8,+20.7,+20.7,+20.7
2022-09-07 13:14,1,+37.5,+27.5,+28.1,+16.3,+14.8,+35.5,+21.2,+20.7,+20.7,+20.8,+20.7,+20.7,+20.7
2022-09-07 14:14,1,+37.3,+27.5,+28.1,+16.3,+14.6,+35.5,+21.3,+20.7,+20.7,+20.8,+20.7,+20.7,+20.7
2022-09-07 15:14,1,+37.2,+27.5,+28.1,+16.3,+14.8,+35.5,+21.3,+20.8,+20.7,+20.8,+20.7,+20.7,+20.7
2022-09-07 16:14,1,+40.2,+27.5,+28.1,+16.2,+14.6,+35.5,+21.2,+20.8,+20.8,+20.8,+21.0,+20.7,+20.7
2022-09-07 17:14,1,+40.4,+27.4,+28.1,+16.2,+14.6,+35.5,+21.1,+21.0,+20.8,+20.8,+20.7,+20.7,+20.7
2022-09-07 18:14,1,+40.4,+27.5,+28.1,+16.2,+14.8,+35.5,+21.0,+20.8,+20.8,+20.8,+20.7,+20.7,+20.7
2022-09-07 19:14,1,+40.4,+27.4,+28.1,+16.2,+14.6,+35.5,+21.0,+20.8,+20.8,+20.8,+20.7,+20.7,+20.7
2022-09-07 20:14,1,+40.4,+27.4,+28.1,+16.2,+14.6,+35.5,+20.8,+20.8,+20.8,+20.8,+20.7,+20.7,+20.7
2022-09-07 21:14,1,+40.4,+27.4,+28.1,+16.2,+14.6,+35.5,+20.8,+20.8,+21.0,+20.8,+20.7,+20.7,+20.7
2022-09-07 22:14,1,+40.3,+27.5,+28.1,+16.2,+14.8,+35.5,+20.8,+20.8,+21.0,+20.8,+20.7,+20.7,+20.7
2022-09-07 23:14,1,+40.3,+27.5,+28.1,+16.2,+14.8,+35.5,+20.7,+20.8,+20.8,+20.8,+20.7,+20.7,+20.7
2022-09-08 00:14,1,+40.3,+27.5,+28.1,+16.2,+14.6,+35.5,+20.6,+20.8,+21.0,+20.8,+20.7,+20.7,+20.7
2022-09-08 01:14,1,+40.2,+27.5,+28.1,+16.2,+14.8,+35.5,+20.6,+20.7,+21.0,+20.8,+21.0,+20.7,+20.7
2022-09-08 02:14,1,+40.2,+27.4,+28.1,+16.2,+14.6,+35.5,+20.5,+20.8,+20.8,+20.8,+20.7,+20.7,+20.7
2022-09-08 03:14,1,+40.2,+27.4,+28.1,+16.2,+14.8,+35.5,+20.5,+20.7,+21.0,+20.8,+21.0,+20.7,+20.7
2022-09-08 04:14,1,+40.2,+27.5,+28.1,+16.2,+14.8,+35.5,+20.3,+20.7,+21.0,+20.8,+20.7,+20.7,+20.7
2022-09-08 05:14,1,+40.1,+27.9,+28.1,+16.2,+14.6,+35.5,+20.3,+20.7,+21.0,+20.8,+21.0,+20.7,+20.7
2022-09-08 06:14,1,+40.1,+27.9,+28.1,+16.2,+14.6,+35.5,+20.3,+20.6,+20.8,+20.8,+20.7,+20.7,+20.7
2022-09-08 07:14,1,+39.9,+27.9,+28.1,+16.2,+14.8,+35.5,+20.5,+20.6,+20.8,+21.0,+21.0,+20.7,+20.7
2022-09-08 08:14,1,+39.8,+28.2,+28.1,+16.2,+14.6,+35.5,+20.5,+20.6,+20.8,+21.0,+20.7,+20.7,+20.7
2022-09-08 09:14,1,+39.8,+28.2,+28.1,+16.2,+14.8,+35.5,+20.6,+20.6,+20.8,+21.0,+21.0,+20.7,+20.7
2022-09-08 10:14,1,+39.7,+28.2,+28.1,+16.2,+14.8,+35.5,+20.7,+20.6,+20.8,+20.8,+21.0,+20.7,+20.7
2022-09-08 11:14,1,+39.4,+28.3,+28.1,+16.2,+14.6,+35.5,+20.8,+20.6,+20.8,+20.8,+21.0,+20.7,+20.7
2022-09-08 12:14,1,+39.2,+28.4,+28.0,+16.2,+14.8,+35.5,+21.1,+20.7,+20.8,+21.0,+21.0,+20.7,+20.7
2022-09-08 13:14,1,+39.0,+27.9,+28.0,+16.2,+14.6,+35.5,+21.1,+20.7,+20.8,+20.8,+21.0,+20.7,+20.7
2022-09-08 14:14,1,+46.5,+27.8,+28.0,+16.2,+14.6,+35.5,+21.1,+20.8,+20.8,+20.8,+21.0,+20.7,+20.7
2022-09-08 15:14,1,+45.5,+28.3,+28.0,+16.2,+14.8,+35.5,+21.1,+20.8,+20.8,+20.8,+21.0,+20.7,+20.7
2022-09-08 16:14,1,+44.9,+28.6,+28.0,+16.2,+14.8,+35.5,+21.1,+20.8,+20.8,+20.8,+21.0,+20.7,+20.7
2022-09-08 17:14,1,+44.6,+28.7,+28.0,+16.2,+14.6,+35.5,+21.2,+20.8,+21.0,+21.0,+21.0,+20.7,+20.7
2022-09-08 18:14,1,+44.4,+28.8,+28.0,+16.2,+14.6,+35.5,+21.1,+20.8,+21.0,+20.8,+21.0,+20.7,+20.7
2022-09-08 19:14,1,+44.3,+28.8,+28.0,+16.2,+14.6,+35.5,+21.1,+21.0,+20.8,+20.8,+21.0,+20.7,+20.7
2022-09-08 20:14,1,+44.2,+28.8,+28.0,+16.2,+14.6,+35.5,+21.0,+21.0,+21.0,+20.8,+21.0,+20.7,+20.7
2022-09-08 21:14,1,+44.1,+28.9,+28.0,+16.2,+14.8,+35.5,+20.8,+21.0,+21.0,+20.8,+20.7,+20.7,+20.7
2022-09-08 22:14,1,+44.1,+29.0,+28.0,+16.2,+14.6,+35.5,+20.8,+21.0,+21.0,+21.0,+20.7,+20.7,+20.7
2022-09-08 23:14,1,+43.9,+29.0,+27.8,+16.2,+14.6,+35.5,+20.7,+20.8,+21.0,+21.0,+21.0,+20.7,+20.7
2022-09-09 00:14,1,+44.1,+29.0,+28.0,+16.2,+14.8,+35.5,+20.7,+20.8,+21.0,+21.0,+21.0,+20.7,+20.7
2022-09-09 01:14,1,+44.1,+28.8,+28.0,+16.3,+14.6,+35.5,+20.6,+20.8,+21.0,+21.0,+21.0,+20.7,+20.7
2022-09-09 02:14,1,+44.1,+28.9,+28.0,+16.3,+14.8,+35.5,+20.6,+20.8,+21.0,+21.0,+21.0,+20.7,+20.7
2022-09-09 03:14,1,+44.0,+28.6,+28.0,+16.3,+14.8,+35.5,+20.5,+20.8,+21.0,+21.0,+21.0,+20.7,+20.7
2022-09-09 04:14,1,+43.9,+28.6,+28.2,+16.3,+14.8,+35.7,+20.3,+20.7,+21.0,+20.8,+21.0,+20.7,+20.7
2022-09-09 05:14,1,+43.8,+28.6,+28.2,+16.3,+14.8,+35.7,+20.3,+20.7,+21.0,+21.0,+21.0,+20.7,+20.7
2022-09-09 06:14,1,+43.7,+28.5,+28.2,+16.3,+14.8,+35.7,+20.2,+20.7,+21.0,+21.0,+21.0,+20.7,+20.7
2022-09-09 07:14,1,+43.7,+28.5,+28.2,+16.3,+14.8,+35.7,+20.2,+20.6,+21.0,+21.0,+21.0,+20.7,+20.7
2022-09-09 08:14,1,+43.5,+28.6,+28.1,+16.3,+14.8,+35.7,+20.3,+20.6,+21.0,+21.0,+21.0,+20.7,+20.7
2022-09-09 09:14,1,+43.3,+28.6,+28.1,+16.3,+14.8,+35.7,+20.7,+20.6,+21.0,+21.0,+21.0,+20.7,+20.7
2022-09-09 10:14,1,+43.1,+28.6,+28.1,+16.3,+14.8,+35.7,+21.0,+20.6,+21.0,+21.0,+21.0,+21.0,+20.7
2022-09-09 11:14,1,+43.0,+28.7,+28.1,+16.3,+14.8,+35.7,+21.1,+20.7,+20.8,+21.0,+21.0,+20.7,+20.7
2022-09-09 12:14,1,+48.5,+30.9,+28.1,+16.3,+14.8,+35.7,+21.1,+20.7,+20.8,+21.0,+21.0,+21.0,+20.7
2022-09-09 13:14,1,+46.7,+31.6,+28.2,+16.3,+14.8,+35.7,+21.0,+20.8,+20.8,+21.0,+21.0,+20.7,+20.7
2022-09-09 14:14,1,+46.7,+31.4,+28.5,+16.3,+14.8,+35.7,+21.1,+20.8,+21.0,+21.0,+21.0,+20.7,+20.7
2022-09-09 15:14,1,+47.4,+32.9,+30.7,+16.5,+14.8,+35.7,+21.0,+20.8,+21.0,+21.0,+21.0,+21.0,+20.7
2022-09-09 16:14,1,+50.2,+35.2,+32.7,+17.7,+15.0,+35.7,+20.6,+20.8,+21.0,+21.0,+21.0,+20.7,+20.7
2022-09-09 17:14,1,+48.4,+33.3,+31.7,+18.1,+16.2,+37.0,+20.6,+20.8,+21.0,+21.0,+21.0,+21.0,+20.7
2022-09-09 18:14,1,+49.4,+34.0,+31.8,+18.0,+16.2,+37.2,+20.3,+20.7,+21.0,+21.0,+21.1,+21.0,+20.7
2022-09-09 19:14,1,+47.2,+32.9,+31.6,+18.0,+16.2,+37.2,+20.3,+20.7,+21.0,+21.0,+21.1,+21.0,+20.7
2022-09-09 20:14,1,+46.4,+32.2,+31.2,+17.7,+16.1,+37.2,+20.2,+20.6,+21.0,+21.0,+21.0,+21.0,+21.0
2022-09-09 21:14,1,+46.2,+31.8,+30.8,+17.7,+16.1,+37.0,+20.2,+20.6,+21.0,+21.0,+21.1,+21.0,+21.0
2022-09-09 22:14,1,+45.9,+31.6,+30.7,+17.6,+15.8,+36.9,+20.2,+20.6,+20.8,+21.0,+21.0,+20.7,+20.7
2022-09-09 23:14,1,+45.8,+31.4,+30.6,+17.5,+15.8,+36.9,+20.1,+20.5,+21.0,+21.0,+21.1,+21.0,+21.0
2022-09-10 00:14,1,+45.7,+31.3,+30.3,+17.3,+15.8,+36.7,+20.1,+20.6,+20.8,+21.0,+21.0,+21.0,+21.0
2022-09-10 01:14,1,+45.6,+31.2,+30.2,+17.3,+15.8,+36.7,+20.1,+20.5,+20.8,+21.0,+21.0,+21.0,+21.0
2022-09-10 02:14,1,+45.5,+31.0,+30.2,+17.2,+15.6,+36.7,+20.1,+20.5,+20.8,+21.0,+21.0,+21.0,+21.0
2022-09-10 03:14,1,+45.4,+30.9,+30.1,+17.2,+15.6,+36.7,+20.0,+20.5,+20.8,+20.8,+21.1,+21.0,+20.7
2022-09-10 04:14,1,+45.3,+30.9,+30.0,+17.2,+15.6,+36.7,+20.0,+20.5,+20.8,+21.0,+21.0,+21.0,+21.0
2022-09-10 05:14,1,+45.2,+30.8,+30.0,+17.2,+15.6,+36.5,+19.8,+20.3,+20.8,+21.0,+21.0,+21.0,+21.0
2022-09-10 06:14,1,+45.1,+30.7,+29.8,+17.2,+15.6,+36.5,+19.7,+20.3,+20.8,+21.0,+21.1,+20.7,+21.0
2022-09-10 07:14,1,+45.1,+30.7,+29.8,+17.2,+15.6,+36.5,+19.8,+20.3,+20.8,+21.0,+21.1,+21.0,+21.0
2022-09-10 08:14,1,+45.0,+30.4,+29.7,+17.1,+15.6,+36.5,+20.0,+20.3,+20.7,+21.0,+21.0,+21.0,+21.0
2022-09-10 09:14,1,+44.9,+30.3,+29.7,+17.1,+15.6,+36.5,+20.1,+20.3,+20.7,+21.0,+21.0,+21.0,+21.0
2022-09-10 10:14,1,+44.7,+30.3,+29.7,+17.1,+15.6,+36.5,+20.5,+20.3,+20.7,+20.8,+21.0,+21.0,+21.0
2022-09-10 11:14,1,+44.6,+30.3,+29.6,+17.1,+15.5,+36.5,+20.6,+20.3,+20.7,+20.8,+21.0,+21.0,+21.0
2022-09-10 12:14,1,+44.5,+30.2,+29.5,+17.0,+15.6,+36.5,+20.7,+20.3,+20.7,+20.8,+21.1,+21.0,+21.0
2022-09-10 13:14,1,+44.4,+30.1,+29.5,+17.0,+15.6,+36.5,+20.7,+20.5,+20.7,+20.8,+21.0,+21.0,+21.0
2022-09-10 14:14,1,+44.2,+30.0,+29.3,+17.0,+15.6,+36.5,+20.8,+20.5,+20.7,+20.8,+21.0,+21.0,+21.0
2022-09-10 15:14,1,+44.2,+30.0,+29.3,+17.0,+15.5,+36.5,+21.0,+20.6,+20.7,+20.8,+21.0,+21.0,+21.0
2022-09-10 16:14,1,+44.1,+30.2,+29.2,+17.0,+15.5,+36.4,+21.0,+20.6,+20.7,+20.8,+21.0,+21.0,+21.0
2022-09-10 17:14,1,+44.1,+30.1,+29.2,+16.8,+15.5,+36.4,+20.8,+20.6,+20.7,+20.8,+21.0,+21.0,+21.0
2022-09-10 18:14,1,+44.1,+30.1,+29.2,+16.8,+15.3,+36.4,+20.8,+20.7,+20.8,+20.8,+21.0,+21.0,+21.0
2022-09-10 19:14,1,+44.2,+30.2,+29.2,+16.8,+15.5,+36.4,+20.7,+20.7,+20.8,+20.8,+21.0,+21.0,+21.0
2022-09-10 20:14,1,+44.3,+30.1,+29.2,+16.8,+15.3,+36.4,+20.7,+20.7,+20.8,+20.8,+21.0,+21.0,+21.0
2022-09-10 21:14,1,+44.2,+30.1,+29.2,+16.8,+15.3,+36.4,+20.6,+20.7,+20.8,+20.8,+21.0,+21.0,+21.0
2022-09-10 22:14,1,+44.2,+30.1,+29.2,+16.8,+15.3,+36.4,+20.6,+20.7,+20.8,+20.8,+21.0,+20.7,+21.0
2022-09-10 23:14,1,+44.3,+30.1,+29.2,+16.8,+15.5,+36.4,+20.5,+20.7,+20.8,+20.8,+21.0,+21.0,+21.0
2022-09-11 00:14,1,+44.3,+30.1,+29.2,+16.8,+15.3,+36.4,+20.5,+20.7,+20.8,+20.8,+21.0,+21.0,+20.7
2022-09-11 01:14,1,+44.2,+30.0,+29.1,+16.8,+15.3,+36.4,+20.5,+20.7,+20.8,+20.8,+21.0,+21.0,+21.0
2022-09-11 02:14,1,+44.2,+30.0,+29.1,+16.8,+15.3,+36.4,+20.3,+20.6,+20.8,+20.8,+21.0,+21.0,+21.0
2022-09-11 03:14,1,+44.2,+30.0,+29.1,+16.8,+15.3,+36.4,+20.3,+20.6,+20.8,+20.8,+21.0,+21.0,+21.0
2022-09-11 04:14,1,+44.1,+30.2,+29.1,+16.8,+15.3,+36.4,+20.3,+20.6,+20.8,+21.0,+21.0,+21.0,+21.0
2022-09-11 05:14,1,+44.1,+30.2,+29.1,+16.8,+15.3,+36.4,+20.2,+20.5,+20.8,+20.8,+21.0,+21.0,+21.0
2022-09-11 06:14,1,+44.1,+30.2,+29.1,+16.8,+15.3,+36.4,+20.1,+20.5,+20.8,+21.0,+21.0,+21.0,+21.0
2022-09-11 07:14,1,+44.0,+30.1,+29.1,+16.7,+15.3,+36.4,+20.1,+20.5,+20.8,+20.8,+21.0,+21.0,+21.0
2022-09-11 08:14,1,+43.8,+30.1,+29.1,+16.7,+15.3,+36.4,+20.2,+20.5,+20.8,+21.0,+21.0,+21.0,+21.0
2022-09-11 09:14,1,+43.7,+30.1,+29.1,+16.7,+15.3,+36.4,+20.3,+20.5,+20.8,+20.8,+21.0,+21.0,+21.0
2022-09-11 10:14,1,+43.6,+30.2,+29.1,+16.7,+15.3,+36.4,+20.5,+20.5,+20.8,+20.8,+21.0,+21.0,+21.0
2022-09-11 11:14,1,+43.5,+30.2,+29.0,+16.7,+15.3,+36.4,+20.6,+20.6,+20.8,+20.8,+21.0,+21.0,+21.0
2022-09-11 12:14,1,+43.4,+30.2,+29.0,+16.7,+15.3,+36.2,+20.7,+20.6,+20.7,+20.8,+21.0,+21.0,+21.0
2022-09-11 13:14,1,+43.2,+30.1,+29.0,+16.7,+15.3,+36.2,+21.0,+20.6,+20.8,+20.8,+21.0,+21.0,+21.0
2022-09-11 14:14,1,+43.1,+30.0,+29.0,+16.7,+15.3,+36.2,+21.1,+20.6,+20.7,+20.8,+21.0,+21.0,+21.0
2022-09-11 15:14,1,+43.0,+30.0,+28.8,+16.7,+15.3,+36.2,+21.1,+20.7,+20.8,+20.8,+21.0,+21.0,+21.0
2022-09-11 16:14,1,+48.9,+31.7,+28.8,+16.7,+15.1,+36.2,+20.8,+20.7,+20.8,+20.8,+21.0,+21.0,+21.0
2022-09-11 17:14,1,+47.3,+32.3,+28.8,+16.7,+15.3,+36.2,+20.6,+20.7,+20.8,+20.8,+21.0,+20.7,+21.0
2022-09-11 18:14,1,+46.7,+32.2,+29.0,+16.7,+15.1,+36.2,+20.5,+20.7,+20.8,+20.8,+21.0,+21.0,+21.0
2022-09-11 19:14,1,+46.4,+32.1,+29.1,+16.7,+15.3,+36.2,+20.5,+20.7,+20.8,+20.8,+21.0,+21.0,+21.0
2022-09-11 20:14,1,+46.1,+32.0,+29.1,+16.7,+15.3,+36.2,+20.3,+20.6,+20.8,+20.8,+21.0,+21.0,+21.0
2022-09-11 21:14,1,+46.0,+31.9,+29.1,+16.7,+15.3,+36.2,+20.3,+20.6,+20.8,+20.8,+21.0,+21.0,+21.0
2022-09-11 22:14,1,+45.8,+31.9,+29.2,+16.7,+15.3,+36.4,+20.3,+20.6,+20.8,+20.8,+21.0,+21.0,+21.0
2022-09-11 23:14,1,+45.8,+31.9,+29.2,+16.8,+15.3,+36.4,+20.2,+20.6,+20.8,+20.8,+21.0,+21.0,+21.0
2022-09-12 00:14,1,+45.7,+31.8,+29.2,+16.8,+15.3,+36.4,+20.1,+20.6,+20.8,+20.8,+21.0,+21.0,+21.0
2022-09-12 01:14,1,+45.6,+31.7,+29.2,+16.8,+15.3,+36.4,+20.1,+20.6,+20.8,+21.0,+21.0,+21.0,+21.0
2022-09-12 02:14,1,+45.7,+31.7,+29.2,+16.8,+15.3,+36.4,+20.1,+20.5,+20.8,+21.0,+21.0,+21.0,+21.0
2022-09-12 03:14,1,+45.7,+31.7,+29.2,+16.8,+15.3,+36.4,+20.1,+20.5,+20.8,+20.8,+21.0,+21.0,+20.7
2022-09-12 04:14,1,+45.6,+31.7,+29.2,+16.8,+15.5,+36.5,+20.1,+20.5,+20.8,+20.8,+21.0,+20.7,+20.7
2022-09-12 05:14,1,+45.5,+31.7,+29.2,+16.8,+15.5,+36.5,+20.1,+20.5,+20.8,+21.0,+21.0,+20.7,+21.0
2022-09-12 06:14,1,+45.5,+31.7,+29.2,+16.8,+15.3,+36.5,+20.1,+20.5,+20.8,+20.8,+21.0,+20.7,+21.0
2022-09-12 07:14,1,+45.3,+31.7,+29.2,+16.8,+15.5,+36.5,+20.1,+20.5,+20.8,+20.8,+21.0,+21.0,+21.0
2022-09-12 08:14,1,+45.2,+31.6,+29.2,+16.8,+15.5,+36.5,+20.2,+20.3,+20.8,+20.8,+21.0,+21.0,+21.0
2022-09-12 09:14,1,+45.0,+31.6,+29.2,+16.8,+15.5,+36.5,+20.3,+20.5,+20.7,+20.8,+21.0,+21.0,+20.7
2022-09-12 10:14,1,+44.9,+31.5,+29.2,+16.8,+15.5,+36.5,+20.5,+20.3,+20.7,+21.0,+21.0,+21.0,+21.0
2022-09-12 11:14,1,+44.8,+31.4,+29.2,+16.8,+15.3,+36.5,+20.6,+20.5,+20.7,+20.8,+21.0,+21.0,+21.0
2022-09-12 12:14,1,+44.7,+31.4,+29.2,+16.8,+15.3,+36.5,+20.7,+20.5,+20.8,+20.8,+21.0,+21.0,+20.7
2022-09-12 13:14,1,+44.5,+31.3,+29.2,+16.8,+15.3,+36.5,+20.8,+20.6,+20.7,+20.8,+21.0,+21.0,+21.0
2022-09-12 14:14,1,+44.5,+31.3,+29.1,+16.8,+15.3,+36.4,+21.0,+20.6,+20.8,+20.8,+21.0,+21.0,+21.0
2022-09-12 15:14,1,+51.3,+36.8,+33.5,+18.1,+15.5,+36.5,+20.0,+20.6,+20.7,+20.8,+21.0,+21.0,+21.0
2022-09-12 16:14,1,+48.6,+34.8,+32.2,+18.3,+16.6,+37.9,+19.8,+20.5,+20.7,+20.8,+21.0,+21.0,+21.0
2022-09-12 17:14,1,+47.7,+33.9,+31.7,+18.1,+16.5,+37.5,+19.8,+20.3,+20.7,+20.8,+21.0,+21.0,+21.0
2022-09-12 18:14,1,+47.2,+33.5,+31.3,+17.8,+16.2,+37.5,+19.8,+20.3,+20.7,+20.8,+21.0,+21.0,+21.0
2022-09-12 19:14,1,+46.8,+33.3,+31.1,+17.7,+16.1,+37.4,+19.8,+20.3,+20.7,+20.7,+21.0,+21.0,+21.0
2022-09-12 20:14,1,+46.6,+33.1,+30.8,+17.7,+16.0,+37.2,+19.8,+20.3,+20.7,+20.8,+21.0,+21.0,+20.7
2022-09-12 21:14,1,+46.4,+33.0,+30.7,+17.6,+15.8,+37.2,+19.7,+20.2,+20.6,+20.8,+21.0,+20.7,+21.0
2022-09-12 22:14,1,+46.2,+32.8,+30.6,+17.5,+16.0,+37.2,+19.8,+20.2,+20.7,+20.8,+21.0,+21.0,+21.0
2022-09-12 23:14,1,+46.1,+32.8,+30.5,+17.5,+15.8,+37.0,+19.7,+20.2,+20.7,+20.8,+20.7,+21.0,+21.0
2022-09-13 00:14,1,+46.0,+32.7,+30.3,+17.5,+15.8,+37.0,+19.7,+20.2,+20.6,+20.8,+21.0,+20.7,+21.0
2022-09-13 01:14,1,+46.0,+32.7,+30.2,+17.3,+15.8,+37.0,+19.7,+20.2,+20.6,+20.8,+21.0,+20.7,+21.0
2022-09-13 02:14,1,+45.9,+32.7,+30.2,+17.3,+15.6,+37.0,+19.7,+20.1,+20.6,+20.8,+21.0,+21.0,+21.0
2022-09-13 03:14,1,+45.8,+32.7,+30.1,+17.3,+15.8,+37.0,+19.7,+20.1,+20.6,+20.7,+21.0,+21.0,+21.0
2022-09-13 04:14,1,+45.8,+32.6,+30.0,+17.2,+15.6,+37.0,+19.8,+20.2,+20.6,+20.7,+21.0,+21.0,+21.0
2022-09-13 05:14,1,+45.8,+32.5,+30.0,+17.2,+15.8,+36.9,+19.7,+20.1,+20.6,+20.8,+21.0,+21.0,+21.0
2022-09-13 06:14,1,+45.7,+32.4,+29.8,+17.2,+15.6,+36.9,+19.6,+20.1,+20.6,+20.7,+20.7,+20.7,+21.0
2022-09-13 07:14,1,+45.7,+32.3,+29.8,+17.2,+15.6,+36.9,+19.7,+20.1,+20.5,+20.7,+21.0,+20.7,+21.0
2022-09-13 08:14,1,+45.6,+32.3,+29.7,+17.2,+15.6,+36.9,+19.8,+20.1,+20.6,+20.7,+21.0,+20.7,+21.0
2022-09-13 09:14,1,+45.5,+32.2,+29.7,+17.2,+15.6,+36.9,+20.0,+20.1,+20.6,+20.7,+21.0,+20.7,+21.0
2022-09-13 10:14,1,+45.4,+32.1,+29.7,+17.2,+15.6,+36.9,+20.2,+20.1,+20.6,+20.7,+21.0,+20.7,+20.7
2022-09-13 11:14,1,+45.3,+32.1,+29.7,+17.2,+15.6,+36.7,+20.3,+20.1,+20.6,+20.7,+20.7,+21.0,+21.0
2022-09-13 12:14,1,+45.5,+32.0,+29.6,+17.2,+15.6,+36.7,+20.3,+20.2,+20.5,+20.7,+20.7,+20.7,+21.0
2022-09-13 13:14,1,+51.2,+37.6,+32.2,+17.2,+15.6,+36.7,+20.2,+20.2,+20.5,+20.7,+21.0,+20.7,+21.0
2022-09-13 14:14,1,+50.8,+37.1,+33.2,+19.0,+16.7,+37.9,+19.8,+20.1,+20.5,+20.6,+20.7,+21.0,+21.0
2022-09-13 15:14,1,+49.0,+35.5,+32.2,+18.3,+16.6,+38.0,+19.7,+20.1,+20.5,+20.6,+20.7,+20.7,+21.0
2022-09-13 16:14,1,+49.7,+35.5,+32.0,+18.1,+16.5,+37.7,+19.7,+20.0,+20.5,+20.6,+20.7,+20.7,+20.7
2022-09-13 17:14,1,+49.3,+35.5,+32.2,+18.2,+16.2,+37.7,+19.7,+20.0,+20.3,+20.6,+20.7,+21.0,+21.0
2022-09-13 18:14,1,+48.3,+34.9,+31.8,+18.1,+16.2,+37.7,+19.6,+20.0,+20.3,+20.6,+20.7,+20.7,+20.7
2022-09-13 19:14,1,+47.7,+34.4,+31.6,+18.0,+16.2,+37.5,+19.5,+19.8,+20.3,+20.6,+20.7,+20.7,+21.0
2022-09-13 20:14,1,+47.6,+34.1,+31.2,+17.8,+16.2,+37.5,+19.5,+19.8,+20.3,+20.6,+20.7,+20.7,+20.7
2022-09-13 21:14,1,+47.3,+34.0,+31.1,+17.7,+16.1,+37.5,+19.5,+20.0,+20.3,+20.6,+20.7,+20.7,+20.7
2022-09-13 22:14,1,+47.0,+33.8,+31.0,+17.7,+16.1,+37.5,+19.3,+19.8,+20.3,+20.6,+20.7,+20.7,+20.7
2022-09-13 23:14,1,+46.8,+33.6,+30.7,+17.6,+16.1,+37.4,+19.3,+19.8,+20.3,+20.6,+20.7,+20.7,+20.7
2022-09-14 00:14,1,+46.7,+33.6,+30.7,+17.6,+16.0,+37.2,+19.3,+19.8,+20.3,+20.6,+20.7,+20.7,+20.7
2022-09-14 01:14,1,+46.6,+33.5,+30.6,+17.5,+15.8,+37.2,+19.3,+19.8,+20.3,+20.5,+20.7,+20.7,+20.7
2022-09-14 02:14,1,+46.4,+33.6,+30.5,+17.5,+16.0,+37.2,+19.2,+19.8,+20.3,+20.6,+20.7,+20.7,+20.7
2022-09-14 03:14,1,+46.3,+33.4,+30.3,+17.3,+15.8,+37.2,+19.2,+19.7,+20.3,+20.5,+20.7,+20.7,+20.7
2022-09-14 04:14,1,+46.2,+33.4,+30.2,+17.3,+15.8,+37.2,+19.1,+19.7,+20.3,+20.5,+20.7,+20.7,+20.7
2022-09-14 05:14,1,+46.1,+33.3,+30.2,+17.3,+15.8,+37.2,+19.1,+19.7,+20.2,+20.5,+20.7,+20.7,+20.7
2022-09-14 06:14,1,+46.0,+33.3,+30.1,+17.3,+15.8,+37.2,+19.1,+19.7,+20.2,+20.6,+20.7,+20.7,+20.7
2022-09-14 07:14,1,+46.0,+33.3,+30.0,+17.2,+15.8,+37.2,+19.2,+19.6,+20.2,+20.5,+20.7,+20.7,+20.7
2022-09-14 08:14,1,+45.8,+33.3,+30.0,+17.2,+15.8,+37.0,+19.3,+19.6,+20.2,+20.5,+20.7,+20.7,+20.7
2022-09-14 09:14,1,+45.8,+33.3,+29.8,+17.2,+15.6,+37.0,+19.5,+19.7,+20.2,+20.5,+20.7,+20.7,+20.7
2022-09-14 10:14,1,+45.7,+33.3,+29.8,+17.2,+15.6,+37.0,+19.8,+19.7,+20.2,+20.5,+20.7,+20.7,+20.7
2022-09-14 11:14,1,+45.6,+33.3,+29.7,+17.2,+15.6,+37.0,+20.0,+19.7,+20.2,+20.5,+20.7,+20.7,+20.7
2022-09-14 12:14,1,+50.0,+33.2,+29.7,+17.2,+15.6,+37.0,+20.1,+19.8,+20.1,+20.5,+20.7,+20.7,+20.7
2022-09-14 13:14,1,+49.2,+36.0,+31.6,+17.2,+15.6,+37.0,+20.0,+19.8,+20.1,+20.3,+20.7,+20.7,+20.7
2022-09-14 14:14,1,+48.2,+35.2,+31.7,+17.7,+15.8,+37.0,+20.2,+19.8,+20.1,+20.3,+20.7,+20.7,+20.7
2022-09-14 15:14,1,+50.0,+37.0,+33.0,+18.7,+16.7,+38.0,+20.0,+20.0,+20.1,+20.3,+20.7,+20.7,+20.7
2022-09-14 16:14,1,+48.9,+35.7,+32.0,+18.2,+16.6,+38.2,+20.0,+20.0,+20.1,+20.3,+20.6,+20.7,+20.7
2022-09-14 17:14,1,+48.5,+35.4,+31.7,+18.0,+16.2,+37.9,+20.0,+20.0,+20.1,+20.3,+20.6,+20.7,+20.7
2022-09-14 18:14,1,+48.2,+35.0,+31.5,+17.8,+16.2,+37.7,+20.0,+20.0,+20.1,+20.3,+20.6,+20.7,+20.7
2022-09-14 19:14,1,+48.4,+35.0,+31.2,+17.7,+16.1,+37.5,+19.8,+20.0,+20.1,+20.3,+20.6,+20.7,+20.7
2022-09-14 20:14,1,+48.0,+34.9,+31.2,+17.7,+16.1,+37.5,+19.8,+20.0,+20.2,+20.3,+20.6,+20.7,+20.7
2022-09-14 21:14,1,+47.7,+34.7,+31.2,+17.7,+16.0,+37.5,+19.7,+20.0,+20.2,+20.3,+20.6,+20.7,+20.7
2022-09-14 22:14,1,+47.5,+34.6,+31.0,+17.7,+16.0,+37.5,+19.7,+20.0,+20.2,+20.3,+20.6,+20.7,+20.7
2022-09-14 23:14,1,+47.2,+34.4,+30.7,+17.6,+16.0,+37.5,+19.7,+19.8,+20.2,+20.3,+20.6,+20.6,+20.7
2022-09-15 00:14,1,+47.1,+34.3,+30.7,+17.6,+15.8,+37.4,+19.6,+19.8,+20.2,+20.3,+20.6,+20.6,+20.7
2022-09-15 01:14,1,+47.0,+34.2,+30.6,+17.5,+16.0,+37.4,+19.6,+19.8,+20.2,+20.3,+20.6,+20.7,+20.7
2022-09-15 02:14,1,+46.8,+34.1,+30.5,+17.5,+15.8,+37.4,+19.5,+19.8,+20.2,+20.3,+20.6,+20.6,+20.7
2022-09-15 03:14,1,+46.8,+34.0,+30.3,+17.3,+15.8,+37.2,+19.5,+19.8,+20.2,+20.3,+20.6,+20.6,+20.7
2022-09-15 04:14,1,+46.8,+33.9,+30.2,+17.3,+15.8,+37.2,+19.5,+19.8,+20.2,+20.3,+20.6,+20.6,+20.7
2022-09-15 05:14,1,+46.7,+33.8,+30.2,+17.3,+15.8,+37.2,+19.3,+19.8,+20.1,+20.3,+20.6,+20.6,+20.7
2022-09-15 06:14,1,+46.5,+33.8,+30.1,+17.2,+15.8,+37.2,+19.3,+19.7,+20.2,+20.3,+20.6,+20.6,+20.7
2022-09-15 07:14,1,+46.4,+33.7,+30.0,+17.2,+15.8,+37.2,+19.3,+19.7,+20.1,+20.3,+20.6,+20.6,+20.7
2022-09-15 08:14,1,+46.3,+33.6,+30.0,+17.2,+15.8,+37.2,+19.5,+19.7,+20.2,+20.3,+20.6,+20.6,+20.7
2022-09-15 09:14,1,+46.2,+33.5,+29.8,+17.2,+15.8,+37.2,+19.7,+19.7,+20.2,+20.3,+20.5,+20.6,+20.7
2022-09-15 10:14,1,+46.1,+33.4,+29.7,+17.2,+15.6,+37.2,+20.0,+19.7,+20.1,+20.3,+20.6,+20.6,+20.7
2022-09-15 11:14,1,+46.2,+33.3,+29.7,+17.2,+15.6,+37.2,+20.1,+19.8,+20.1,+20.3,+20.6,+20.6,+20.7
2022-09-15 12:14,1,+46.3,+33.3,+29.7,+17.2,+15.6,+37.2,+20.2,+19.8,+20.1,+20.3,+20.6,+20.6,+20.7
2022-09-15 13:14,1,+46.2,+33.3,+29.6,+17.2,+15.6,+37.0,+20.2,+19.8,+20.2,+20.3,+20.6,+20.6,+20.7
2022-09-15 14:14,1,+46.1,+33.2,+29.6,+17.1,+15.6,+37.0,+20.3,+20.0,+20.1,+20.3,+20.6,+20.6,+20.7
2022-09-15 15:14,1,+52.3,+38.5,+34.5,+20.2,+18.7,+41.4,+19.2,+19.7,+20.1,+20.2,+20.5,+20.6,+20.7
2022-09-15 16:14,1,+49.3,+35.9,+32.5,+18.5,+16.7,+39.2,+19.3,+19.7,+20.1,+20.2,+20.5,+20.5,+20.6
2022-09-15 17:14,1,+48.7,+35.2,+31.7,+18.1,+16.6,+38.5,+19.3,+19.6,+20.1,+20.2,+20.5,+20.5,+20.6
2022-09-15 18:14,1,+48.3,+34.8,+31.5,+17.8,+16.2,+38.2,+19.5,+19.7,+20.1,+20.2,+20.2,+20.5,+20.6
2022-09-15 19:14,1,+48.5,+34.7,+31.2,+17.7,+16.2,+38.0,+19.5,+19.6,+20.0,+20.2,+20.5,+20.5,+20.6
2022-09-15 20:14,1,+48.3,+34.6,+31.0,+17.7,+16.2,+37.9,+19.5,+19.6,+20.1,+20.2,+20.2,+20.5,+20.6
2022-09-15 21:14,1,+48.0,+34.5,+30.8,+17.7,+16.1,+37.7,+19.3,+19.6,+20.0,+20.2,+20.2,+20.5,+20.6
2022-09-15 22:14,1,+47.9,+34.4,+30.7,+17.6,+16.0,+37.7,+19.3,+19.6,+20.0,+20.2,+20.5,+20.5,+20.6
2022-09-15 23:14,1,+47.7,+34.3,+30.7,+17.6,+16.1,+37.7,+19.3,+19.6,+20.0,+20.2,+20.5,+20.5,+20.6
2022-09-16 00:14,1,+47.6,+34.2,+30.6,+17.5,+16.1,+37.7,+19.2,+19.7,+20.0,+20.1,+20.2,+20.5,+20.6
2022-09-16 01:14,1,+47.4,+34.1,+30.5,+17.5,+16.0,+37.5,+19.2,+19.6,+20.0,+20.1,+20.2,+20.5,+20.6
2022-09-16 02:14,1,+47.3,+34.0,+30.3,+17.5,+15.8,+37.5,+19.2,+19.6,+20.0,+20.1,+20.2,+20.5,+20.6
2022-09-16 03:14,1,+47.2,+34.0,+30.2,+17.3,+15.8,+37.5,+19.1,+19.5,+20.0,+20.2,+20.2,+20.5,+20.6
2022-09-16 04:14,1,+47.1,+33.9,+30.2,+17.3,+15.8,+37.5,+19.1,+19.5,+20.0,+20.1,+20.5,+20.5,+20.5
2022-09-16 05:14,1,+47.1,+33.8,+30.2,+17.3,+15.8,+37.5,+19.1,+19.5,+20.0,+20.1,+20.2,+20.5,+20.5
2022-09-16 06:14,1,+47.0,+33.8,+30.1,+17.2,+15.8,+37.5,+19.2,+19.5,+20.0,+20.1,+20.2,+20.2,+20.6
2022-09-16 07:14,1,+46.9,+33.7,+30.0,+17.2,+15.8,+37.5,+19.2,+19.5,+19.8,+20.1,+20.2,+20.5,+20.5
2022-09-16 08:14,1,+46.7,+33.6,+30.0,+17.2,+15.8,+37.5,+19.3,+19.5,+19.8,+20.1,+20.2,+20.2,+20.5
2022-09-16 09:14,1,+46.6,+33.5,+29.8,+17.2,+15.6,+37.5,+19.5,+19.5,+20.0,+20.1,+20.2,+20.5,+20.6
2022-09-16 10:14,1,+46.5,+33.4,+29.7,+17.2,+15.8,+37.5,+19.7,+19.5,+19.8,+20.2,+20.2,+20.2,+20.6
2022-09-16 11:14,1,+46.4,+33.4,+29.7,+17.2,+15.6,+37.5,+20.0,+19.5,+19.8,+20.1,+20.2,+20.2,+20.5
2022-09-16 12:14,1,+46.2,+33.3,+29.7,+17.2,+15.8,+37.4,+20.1,+19.6,+19.8,+20.1,+20.2,+20.5,+20.5
2022-09-16 13:14,1,+46.1,+33.3,+29.6,+17.1,+15.6,+37.4,+20.2,+19.7,+19.8,+20.1,+20.2,+20.2,+20.6
2022-09-16 14:14,1,+46.0,+33.2,+29.6,+17.1,+15.8,+37.4,+20.2,+19.7,+19.8,+20.1,+20.2,+20.2,+20.6
2022-09-16 15:14,1,+46.1,+33.2,+29.6,+17.1,+15.6,+37.2,+20.3,+19.8,+19.8,+20.1,+20.2,+20.5,+20.5
2022-09-16 16:14,1,+46.0,+33.2,+29.5,+17.1,+15.6,+37.2,+20.3,+19.8,+20.0,+20.1,+20.2,+20.2,+20.5
2022-09-16 17:14,1,+46.1,+33.2,+29.5,+17.1,+15.6,+37.2,+20.2,+20.0,+20.0,+20.1,+20.2,+20.2,+20.5
2022-09-16 18:14,1,+46.3,+33.2,+29.5,+17.1,+15.6,+37.2,+20.0,+20.0,+20.0,+20.1,+20.2,+20.5,+20.5
2022-09-16 19:14,1,+46.8,+33.2,+29.3,+17.1,+15.6,+37.2,+20.1,+20.0,+20.0,+20.1,+20.2,+20.2,+20.5
2022-09-16 20:14,1,+47.0,+33.1,+29.3,+17.1,+15.6,+37.2,+19.8,+20.0,+20.0,+20.1,+20.2,+20.2,+20.5
2022-09-16 21:14,1,+47.1,+33.2,+29.3,+17.0,+15.6,+37.2,+19.8,+20.0,+20.1,+20.1,+20.2,+20.5,+20.5
2022-09-16 22:14,1,+47.2,+33.2,+29.3,+17.0,+15.6,+37.2,+19.8,+20.0,+20.1,+20.1,+20.2,+20.2,+20.6
2022-09-16 23:14,1,+47.2,+33.2,+29.2,+17.0,+15.5,+37.2,+19.8,+20.0,+20.1,+20.2,+20.2,+20.2,+20.5
2022-09-17 00:14,1,+47.1,+33.2,+29.2,+17.0,+15.5,+37.2,+19.7,+20.0,+20.1,+20.1,+20.2,+20.2,+20.5
2022-09-17 01:14,1,+47.1,+33.3,+29.2,+17.0,+15.6,+37.2,+19.7,+19.8,+20.1,+20.2,+20.2,+20.2,+20.5
2022-09-17 02:14,1,+47.2,+33.3,+29.2,+17.0,+15.6,+37.2,+19.7,+19.8,+20.1,+20.2,+20.2,+20.2,+20.5
2022-09-17 03:14,1,+47.2,+33.3,+29.2,+17.0,+15.5,+37.2,+19.6,+19.8,+20.1,+20.1,+20.2,+20.2,+20.5
2022-09-17 04:14,1,+47.1,+33.3,+29.2,+17.0,+15.5,+37.2,+19.5,+19.8,+20.1,+20.1,+20.2,+20.2,+20.5
2022-09-17 05:14,1,+47.0,+33.3,+29.2,+17.0,+15.6,+37.2,+19.5,+19.8,+20.1,+20.2,+20.2,+20.2,+20.5
2022-09-17 06:14,1,+47.0,+33.3,+29.2,+17.0,+15.6,+37.2,+19.5,+19.8,+20.1,+20.2,+20.2,+20.2,+20.5
2022-09-17 07:14,1,+46.9,+33.4,+29.2,+17.0,+15.5,+37.2,+19.5,+19.8,+20.1,+20.2,+20.2,+20.2,+20.6
2022-09-17 08:14,1,+46.8,+33.6,+29.2,+17.0,+15.5,+37.2,+19.6,+19.8,+20.1,+20.2,+20.2,+20.2,+20.5
2022-09-17 09:14,1,+46.8,+33.6,+29.2,+17.0,+15.6,+37.2,+19.7,+19.8,+20.1,+20.2,+20.2,+20.2,+20.5
2022-09-17 10:14,1,+46.7,+33.5,+29.2,+17.0,+15.5,+37.2,+20.0,+19.7,+20.1,+20.2,+20.2,+20.2,+20.5
2022-09-17 11:14,1,+46.6,+33.5,+29.2,+17.0,+15.6,+37.2,+20.1,+19.8,+20.1,+20.2,+20.2,+20.2,+20.5
2022-09-17 12:14,1,+46.5,+33.5,+29.2,+17.0,+15.6,+37.2,+20.3,+19.8,+20.1,+20.2,+20.2,+20.2,+20.5
2022-09-17 13:14,1,+46.4,+33.4,+29.2,+16.8,+15.6,+37.2,+20.5,+20.0,+20.1,+20.2,+20.2,+20.5,+20.5
2022-09-17 14:14,1,+46.4,+33.4,+29.2,+16.8,+15.5,+37.2,+20.5,+20.0,+20.1,+20.2,+20.2,+20.2,+20.5
2022-09-17 15:14,1,+46.8,+33.4,+29.2,+16.8,+15.3,+37.2,+20.6,+20.1,+20.1,+20.2,+20.2,+20.2,+20.5
2022-09-17 16:14,1,+51.7,+34.6,+29.2,+16.8,+15.3,+37.2,+20.6,+20.1,+20.1,+20.1,+20.2,+20.2,+20.5
2022-09-17 17:14,1,+51.4,+37.8,+32.7,+17.1,+15.5,+37.2,+20.3,+20.2,+20.2,+20.2,+20.2,+20.2,+20.5
2022-09-17 18:14,1,+49.8,+36.5,+32.2,+18.2,+16.2,+37.5,+20.2,+20.2,+20.2,+20.2,+20.2,+20.2,+20.5
2022-09-17 19:14,1,+50.0,+36.4,+31.8,+18.1,+16.5,+38.2,+20.1,+20.2,+20.2,+20.1,+20.2,+20.2,+20.5
2022-09-17 20:14,1,+49.3,+36.1,+31.7,+18.0,+16.2,+38.2,+19.8,+20.2,+20.2,+20.2,+20.2,+20.2,+20.5
2022-09-17 21:14,1,+48.9,+36.0,+31.5,+17.8,+16.2,+38.0,+19.8,+20.1,+20.2,+20.2,+20.2,+20.2,+20.5
2022-09-17 22:14,1,+48.6,+35.9,+31.2,+17.7,+16.2,+38.0,+19.8,+20.1,+20.2,+20.2,+20.2,+20.2,+20.5
2022-09-17 23:14,1,+48.4,+36.0,+31.1,+17.7,+16.2,+38.0,+19.7,+20.1,+20.2,+20.2,+20.2,+20.2,+20.5
2022-09-18 00:14,1,+48.2,+35.9,+30.8,+17.7,+16.2,+37.9,+19.7,+20.1,+20.2,+20.2,+20.2,+20.2,+20.5
2022-09-18 01:14,1,+48.1,+35.9,+30.7,+17.6,+16.0,+37.7,+19.6,+20.0,+20.3,+20.2,+20.2,+20.2,+20.5
2022-09-18 02:14,1,+47.9,+35.8,+30.6,+17.5,+16.1,+37.7,+19.6,+20.0,+20.2,+20.2,+20.2,+20.2,+20.5
2022-09-18 03:14,1,+47.8,+35.7,+30.5,+17.5,+16.0,+37.7,+19.5,+20.0,+20.2,+20.2,+20.2,+20.2,+20.5
2022-09-18 04:14,1,+47.7,+35.6,+30.3,+17.5,+15.8,+37.7,+19.3,+19.8,+20.2,+20.2,+20.2,+20.2,+20.5
2022-09-18 05:14,1,+47.6,+35.6,+30.2,+17.3,+16.0,+37.5,+19.3,+19.8,+20.2,+20.2,+20.2,+20.2,+20.5
2022-09-18 06:14,1,+47.5,+35.5,+30.2,+17.3,+16.0,+37.5,+19.2,+19.8,+20.2,+20.3,+20.5,+20.2,+20.5
2022-09-18 07:14,1,+47.3,+35.4,+30.2,+17.3,+15.8,+37.5,+19.2,+19.7,+20.2,+20.3,+20.2,+20.2,+20.5
2022-09-18 08:14,1,+47.2,+35.3,+30.1,+17.2,+15.8,+37.5,+19.2,+19.7,+20.2,+20.3,+20.2,+20.2,+20.5
2022-09-18 09:14,1,+47.0,+35.2,+30.0,+17.2,+15.8,+37.5,+19.2,+19.7,+20.2,+20.2,+20.5,+20.5,+20.5
2022-09-18 10:14,1,+46.9,+35.1,+30.0,+17.2,+15.8,+37.5,+19.5,+19.7,+20.1,+20.3,+20.2,+20.2,+20.5
2022-09-18 11:14,1,+46.8,+35.0,+29.8,+17.2,+15.6,+37.5,+19.6,+19.7,+20.2,+20.2,+20.2,+20.2,+20.5
2022-09-18 12:14,1,+46.7,+34.9,+29.7,+17.2,+15.6,+37.5,+19.8,+19.7,+20.1,+20.2,+20.5,+20.2,+20.5
2022-09-18 13:14,1,+46.7,+34.9,+29.7,+17.2,+15.6,+37.5,+20.1,+19.7,+20.1,+20.2,+20.5,+20.2,+20.5
2022-09-18 14:14,1,+46.7,+34.8,+29.7,+17.2,+15.8,+37.5,+20.2,+19.8,+20.1,+20.2,+20.2,+20.2,+20.5
2022-09-18 15:14,1,+46.7,+34.8,+29.7,+17.2,+15.8,+37.5,+20.2,+19.8,+20.1,+20.2,+20.5,+20.2,+20.5
2022-09-18 16:14,1,+46.5,+34.7,+29.6,+17.2,+15.6,+37.5,+20.2,+20.0,+20.1,+20.2,+20.5,+20.2,+20.5
2022-09-18 17:14,1,+46.5,+34.7,+29.6,+17.1,+15.6,+37.5,+20.1,+20.0,+20.2,+20.2,+20.5,+20.2,+20.2
2022-09-18 18:14,1,+46.6,+34.7,+29.6,+17.1,+15.6,+37.5,+20.1,+20.0,+20.1,+20.2,+20.2,+20.2,+20.5
2022-09-18 19:14,1,+46.3,+34.7,+29.6,+17.1,+15.6,+37.4,+20.1,+20.1,+20.1,+20.2,+20.2,+20.2,+20.5
2022-09-18 20:14,1,+46.3,+34.6,+29.5,+17.1,+15.6,+37.4,+20.1,+20.1,+20.2,+20.2,+20.2,+20.2,+20.5
2022-09-18 21:14,1,+46.2,+34.6,+29.5,+17.1,+15.6,+37.4,+20.0,+20.1,+20.2,+20.2,+20.2,+20.5,+20.5
2022-09-18 22:14,1,+46.4,+34.6,+29.5,+17.1,+15.6,+37.4,+20.0,+20.0,+20.2,+20.2,+20.2,+20.5,+20.5
2022-09-18 23:14,1,+46.4,+34.6,+29.5,+17.1,+15.6,+37.4,+19.8,+20.1,+20.2,+20.3,+20.2,+20.5,+20.5
2022-09-19 00:14,1,+46.3,+34.6,+29.5,+17.1,+15.6,+37.4,+19.8,+20.0,+20.2,+20.2,+20.2,+20.2,+20.5
2022-09-19 01:14,1,+46.3,+34.5,+29.3,+17.1,+15.6,+37.4,+19.7,+20.0,+20.2,+20.3,+20.2,+20.2,+20.5
2022-09-19 02:14,1,+46.3,+34.5,+29.3,+17.1,+15.6,+37.4,+19.7,+20.0,+20.2,+20.2,+20.5,+20.5,+20.5
2022-09-19 03:14,1,+46.3,+34.5,+29.3,+17.0,+15.6,+37.4,+19.6,+19.8,+20.2,+20.2,+20.2,+20.2,+20.5
2022-09-19 04:14,1,+46.3,+34.5,+29.3,+17.0,+15.6,+37.2,+19.6,+19.8,+20.2,+20.3,+20.2,+20.5,+20.5
2022-09-19 05:14,1,+46.3,+34.5,+29.3,+17.0,+15.6,+37.2,+19.6,+19.8,+20.2,+20.3,+20.2,+20.2,+20.5
2022-09-19 06:14,1,+46.3,+34.5,+29.3,+17.0,+15.6,+37.2,+19.3,+19.8,+20.2,+20.3,+20.2,+20.5,+20.5
2022-09-19 07:14,1,+46.2,+34.4,+29.2,+17.0,+15.5,+37.2,+19.5,+19.8,+20.2,+20.2,+20.2,+20.5,+20.5
2022-09-19 08:14,1,+46.1,+34.4,+29.2,+17.0,+15.5,+37.2,+19.6,+19.8,+20.2,+20.2,+20.5,+20.2,+20.5
2022-09-19 09:14,1,+46.0,+34.3,+29.2,+17.0,+15.5,+37.2,+19.8,+19.8,+20.2,+20.2,+20.2,+20.2,+20.5
2022-09-19 10:14,1,+45.9,+34.3,+29.2,+17.0,+15.5,+37.2,+20.0,+19.8,+20.2,+20.2,+20.5,+20.2,+20.5
2022-09-19 11:14,1,+45.8,+34.2,+29.2,+17.0,+15.5,+37.2,+20.2,+19.8,+20.2,+20.3,+20.2,+20.2,+20.5
2022-09-19 12:14,1,+45.8,+34.2,+29.2,+17.0,+15.5,+37.2,+20.2,+20.0,+20.1,+20.2,+20.5,+20.2,+20.5
2022-09-19 13:14,1,+45.7,+34.1,+29.2,+17.0,+15.5,+37.2,+20.5,+20.0,+20.1,+20.3,+20.2,+20.2,+20.5
2022-09-19 14:14,1,+45.5,+34.1,+29.2,+16.8,+15.5,+37.2,+20.7,+20.1,+20.2,+20.3,+20.5,+20.5,+20.5
2022-09-19 15:14,1,+45.3,+34.0,+29.1,+16.8,+15.6,+37.2,+20.8,+20.1,+20.2,+20.3,+20.2,+20.2,+20.5
2022-09-19 16:14,1,+45.2,+33.9,+29.1,+16.8,+15.5,+37.2,+20.8,+20.2,+20.2,+20.3,+20.2,+20.2,+20.5
2022-09-19 17:14,1,+51.3,+34.9,+29.1,+16.8,+15.5,+37.2,+20.6,+20.3,+20.2,+20.3,+20.5,+20.2,+20.5
2022-09-19 18:14,1,+50.4,+37.8,+31.6,+17.0,+15.3,+37.2,+20.3,+20.3,+20.2,+20.3,+20.5,+20.5,+20.5
2022-09-19 19:14,1,+51.6,+38.2,+32.0,+17.5,+15.6,+37.2,+20.2,+20.3,+20.3,+20.3,+20.5,+20.5,+20.5
2022-09-19 20:14,1,+49.9,+37.5,+32.4,+18.2,+16.1,+37.5,+20.1,+20.3,+20.3,+20.3,+20.5,+20.5,+20.5
2022-09-19 21:14,1,+49.6,+36.9,+31.8,+18.1,+16.2,+38.0,+20.0,+20.2,+20.3,+20.3,+20.5,+20.5,+20.5
2022-09-19 22:14,1,+49.4,+36.8,+31.7,+18.0,+16.5,+38.2,+20.0,+20.2,+20.3,+20.3,+20.5,+20.5,+20.5
2022-09-19 23:14,1,+48.9,+36.5,+31.5,+17.8,+16.2,+38.0,+20.0,+20.2,+20.3,+20.3,+20.5,+20.5,+20.5
2022-09-20 00:14,1,+48.6,+36.3,+31.2,+17.7,+16.2,+38.0,+19.8,+20.2,+20.3,+20.3,+20.5,+20.2,+20.5
2022-09-20 01:14,1,+48.4,+36.2,+31.1,+17.7,+16.2,+38.0,+19.7,+20.2,+20.3,+20.3,+20.5,+20.2,+20.5
2022-09-20 02:14,1,+48.2,+36.0,+31.0,+17.7,+16.2,+38.0,+19.8,+20.1,+20.3,+20.3,+20.5,+20.2,+20.5
2022-09-20 03:14,1,+48.0,+35.9,+30.7,+17.7,+16.2,+37.9,+19.7,+20.1,+20.3,+20.3,+20.5,+20.5,+20.5
2022-09-20 04:14,1,+47.9,+35.8,+30.7,+17.6,+16.1,+37.9,+19.7,+20.1,+20.3,+20.3,+20.5,+20.5,+20.5
2022-09-20 05:14,1,+47.8,+35.7,+30.6,+17.6,+16.1,+37.7,+19.6,+20.1,+20.3,+20.3,+20.5,+20.5,+20.5
2022-09-20 06:14,1,+47.7,+35.7,+30.5,+17.5,+16.1,+37.7,+19.7,+20.1,+20.2,+20.3,+20.5,+20.5,+20.2
2022-09-20 07:14,1,+47.7,+35.6,+30.3,+17.5,+16.0,+37.7,+19.7,+20.0,+20.3,+20.3,+20.5,+20.2,+20.5
2022-09-20 08:14,1,+47.5,+35.5,+30.3,+17.5,+16.0,+37.7,+19.7,+20.0,+20.3,+20.3,+20.5,+20.2,+20.5
2022-09-20 09:14,1,+47.4,+35.4,+30.2,+17.5,+16.0,+37.7,+19.8,+20.0,+20.3,+20.3,+20.5,+20.2,+20.5
2022-09-20 10:14,1,+47.3,+35.3,+30.2,+17.3,+15.8,+37.7,+20.0,+20.0,+20.3,+20.3,+20.5,+20.5,+20.5
2022-09-20 11:14,1,+47.1,+35.2,+30.2,+17.3,+15.8,+37.7,+20.2,+20.0,+20.3,+20.3,+20.5,+20.5,+20.5
2022-09-20 12:14,1,+47.0,+35.1,+30.1,+17.3,+16.0,+37.7,+20.2,+20.0,+20.2,+20.3,+20.5,+20.5,+20.5
2022-09-20 13:14,1,+46.9,+35.1,+30.0,+17.3,+15.8,+37.5,+20.3,+20.1,+20.2,+20.3,+20.5,+20.5,+20.5
2022-09-20 14:14,1,+47.0,+35.0,+30.0,+17.2,+15.8,+37.5,+20.5,+20.1,+20.3,+20.3,+20.5,+20.5,+20.5
2022-09-20 15:14,1,+47.0,+35.0,+29.8,+17.2,+15.8,+37.5,+20.5,+20.2,+20.3,+20.3,+20.5,+20.5,+20.5
2022-09-20 16:14,1,+46.9,+35.0,+29.8,+17.2,+15.8,+37.5,+20.5,+20.2,+20.3,+20.3,+20.5,+20.5,+20.5
2022-09-20 17:14,1,+46.9,+35.1,+29.7,+17.2,+15.8,+37.5,+20.5,+20.2,+20.3,+20.3,+20.5,+20.5,+20.5
2022-09-20 18:14,1,+46.8,+35.0,+29.7,+17.2,+15.6,+37.5,+20.3,+20.2,+20.3,+20.3,+20.5,+20.5,+20.5
2022-09-20 19:14,1,+46.8,+35.0,+29.7,+17.2,+15.8,+37.5,+20.3,+20.3,+20.3,+20.5,+20.5,+20.5,+20.5
2022-09-20 20:14,1,+46.7,+35.0,+29.7,+17.2,+15.8,+37.5,+20.2,+20.2,+20.3,+20.3,+20.5,+20.5,+20.5
2022-09-20 21:14,1,+46.7,+34.9,+29.7,+17.2,+15.8,+37.5,+20.2,+20.2,+20.3,+20.3,+20.5,+20.5,+20.5
2022-09-20 22:14,1,+46.7,+34.9,+29.7,+17.2,+15.6,+37.5,+20.1,+20.2,+20.3,+20.3,+20.5,+20.5,+20.5
2022-09-20 23:14,1,+46.6,+34.9,+29.6,+17.2,+15.8,+37.5,+20.1,+20.2,+20.3,+20.3,+20.5,+20.5,+20.5
2022-09-21 00:14,1,+46.7,+34.9,+29.6,+17.2,+15.6,+37.5,+20.1,+20.2,+20.3,+20.5,+20.5,+20.5,+20.5
2022-09-21 01:14,1,+46.6,+34.8,+29.6,+17.2,+15.6,+37.5,+20.0,+20.2,+20.5,+20.5,+20.5,+20.5,+20.5
2022-09-21 02:14,1,+46.6,+34.8,+29.6,+17.2,+15.6,+37.5,+20.0,+20.2,+20.3,+20.5,+20.5,+20.5,+20.5
2022-09-21 03:14,1,+46.6,+34.8,+29.6,+17.2,+15.8,+37.5,+20.0,+20.2,+20.5,+20.5,+20.5,+20.5,+20.5
2022-09-21 04:14,1,+46.6,+34.8,+29.6,+17.2,+15.6,+37.5,+20.0,+20.2,+20.3,+20.3,+20.5,+20.5,+20.5
2022-09-21 05:14,1,+46.6,+34.8,+29.5,+17.2,+15.6,+37.5,+19.8,+20.2,+20.3,+20.5,+20.5,+20.5,+20.5
2022-09-21 06:14,1,+46.5,+34.8,+29.5,+17.2,+15.6,+37.5,+19.8,+20.2,+20.3,+20.3,+20.5,+20.5,+20.5
2022-09-21 07:14,1,+46.4,+34.8,+29.5,+17.2,+15.6,+37.5,+19.8,+20.1,+20.5,+20.5,+20.5,+20.5,+20.5
2022-09-21 08:14,1,+46.3,+34.9,+29.5,+17.1,+15.6,+37.5,+20.0,+20.1,+20.3,+20.5,+20.6,+20.5,+20.5
2022-09-21 09:14,1,+46.2,+34.8,+29.5,+17.1,+15.6,+37.5,+20.2,+20.1,+20.3,+20.5,+20.5,+20.5,+20.5
2022-09-21 10:14,1,+46.0,+34.8,+29.3,+17.1,+15.6,+37.5,+20.5,+20.1,+20.3,+20.5,+20.5,+20.5,+20.5
2022-09-21 11:14,1,+45.8,+34.7,+29.3,+17.1,+15.6,+37.5,+20.6,+20.2,+20.3,+20.5,+20.6,+20.5,+20.5
2022-09-21 12:14,1,+45.6,+34.6,+29.3,+17.1,+15.6,+37.5,+20.6,+20.2,+20.5,+20.5,+20.6,+20.5,+20.5
2022-09-21 13:14,1,+45.4,+34.5,+29.2,+17.1,+15.6,+37.5,+20.7,+20.3,+20.3,+20.5,+20.5,+20.5,+20.5
2022-09-21 14:14,1,+45.2,+34.5,+29.2,+17.1,+15.6,+37.4,+21.0,+20.3,+20.3,+20.5,+20.5,+20.5,+20.5
2022-09-21 15:14,1,+45.1,+34.4,+29.2,+17.1,+15.6,+37.4,+21.0,+20.3,+20.3,+20.5,+20.6,+20.5,+20.6
2022-09-21 16:14,1,+45.1,+34.3,+29.2,+17.1,+15.6,+37.4,+20.8,+20.5,+20.3,+20.5,+20.6,+20.5,+20.6
2022-09-21 17:14,1,+45.0,+34.3,+29.2,+17.1,+15.6,+37.4,+20.8,+20.5,+20.5,+20.5,+20.5,+20.5,+20.5
2022-09-21 18:14,1,+45.0,+34.3,+29.2,+17.1,+15.6,+37.4,+20.7,+20.5,+20.5,+20.5,+20.6,+20.5,+20.6
2022-09-21 19:14,1,+44.9,+34.3,+29.2,+17.1,+15.6,+37.4,+20.7,+20.6,+20.5,+20.5,+20.6,+20.5,+20.5
2022-09-21 20:14,1,+44.9,+34.3,+29.2,+17.1,+15.6,+37.4,+20.6,+20.5,+20.5,+20.5,+20.5,+20.5,+20.5
2022-09-21 21:14,1,+45.0,+34.2,+29.2,+17.1,+15.6,+37.4,+20.6,+20.5,+20.5,+20.5,+20.6,+20.5,+20.6
2022-09-21 22:14,1,+45.1,+34.3,+29.2,+17.1,+15.5,+37.4,+20.6,+20.5,+20.6,+20.5,+20.6,+20.5,+20.5
2022-09-21 23:14,1,+45.2,+34.2,+29.2,+17.0,+15.5,+37.4,+20.5,+20.6,+20.5,+20.5,+20.5,+20.5,+20.5
2022-09-22 00:14,1,+45.8,+34.2,+29.2,+17.0,+15.6,+37.4,+20.5,+20.5,+20.6,+20.5,+20.6,+20.5,+20.5
2022-09-22 01:14,1,+45.9,+34.2,+29.2,+17.0,+15.5,+37.2,+20.3,+20.5,+20.6,+20.5,+20.6,+20.5,+20.5
2022-09-22 02:14,1,+46.0,+34.2,+29.2,+17.0,+15.6,+37.4,+20.2,+20.5,+20.6,+20.5,+20.6,+20.5,+20.6
2022-09-22 03:14,1,+46.2,+34.1,+29.2,+17.0,+15.5,+37.4,+20.1,+20.5,+20.6,+20.5,+20.6,+20.5,+20.6
2022-09-22 04:14,1,+46.2,+34.2,+29.2,+17.0,+15.5,+37.4,+20.1,+20.3,+20.6,+20.5,+20.6,+20.5,+20.5
2022-09-22 05:14,1,+46.2,+34.1,+29.2,+17.0,+15.6,+37.4,+19.8,+20.3,+20.6,+20.6,+20.6,+20.5,+20.6
2022-09-22 06:14,1,+46.2,+34.1,+29.2,+17.0,+15.5,+37.2,+19.8,+20.3,+20.6,+20.5,+20.6,+20.6,+20.6
2022-09-22 07:14,1,+46.3,+34.1,+29.2,+17.0,+15.5,+37.2,+20.0,+20.3,+20.6,+20.5,+20.6,+20.5,+20.6
2022-09-22 08:14,1,+46.2,+34.1,+29.2,+17.0,+15.5,+37.2,+20.1,+20.2,+20.5,+20.5,+20.6,+20.5,+20.5
2022-09-22 09:14,1,+46.2,+34.0,+29.1,+17.0,+15.6,+37.2,+20.3,+20.2,+20.6,+20.6,+20.6,+20.6,+20.5
2022-09-22 10:14,1,+46.0,+34.1,+29.1,+17.0,+15.5,+37.2,+20.5,+20.2,+20.6,+20.6,+20.6,+20.5,+20.6
2022-09-22 11:14,1,+46.1,+34.1,+29.1,+17.0,+15.6,+37.2,+20.6,+20.3,+20.5,+20.6,+20.6,+20.5,+20.6
2022-09-22 12:14,1,+46.0,+34.1,+29.1,+17.0,+15.5,+37.2,+20.7,+20.3,+20.5,+20.5,+20.6,+20.6,+20.6
2022-09-22 13:14,1,+46.0,+34.1,+29.1,+17.0,+15.5,+37.2,+20.7,+20.5,+20.5,+20.6,+20.6,+20.5,+20.6
2022-09-22 14:14,1,+46.4,+34.0,+29.1,+17.0,+15.5,+37.2,+20.8,+20.5,+20.5,+20.5,+20.6,+20.5,+20.6
2022-09-22 15:14,1,+53.8,+36.7,+29.1,+17.0,+15.3,+37.2,+20.6,+20.6,+20.5,+20.6,+20.6,+20.5,+20.6
2022-09-22 16:14,1,+51.5,+38.3,+32.2,+17.1,+15.5,+37.2,+20.3,+20.5,+20.6,+20.6,+20.6,+20.6,+20.6
2022-09-22 17:14,1,+51.0,+38.1,+32.2,+17.7,+15.6,+37.4,+20.3,+20.5,+20.6,+20.6,+20.6,+20.6,+20.6
2022-09-22 18:14,1,+50.1,+37.7,+32.0,+18.0,+16.0,+37.5,+20.3,+20.5,+20.6,+20.6,+20.6,+20.5,+20.6
2022-09-22 19:14,1,+49.9,+37.3,+31.8,+18.1,+16.2,+37.7,+20.3,+20.5,+20.6,+20.5,+20.6,+20.6,+20.5
2022-09-22 20:14,1,+50.3,+37.3,+31.6,+18.0,+16.2,+37.9,+20.3,+20.3,+20.6,+20.6,+20.6,+20.6,+20.6
2022-09-22 21:14,1,+50.0,+37.4,+31.6,+18.0,+16.2,+38.0,+20.2,+20.5,+20.6,+20.6,+20.6,+20.6,+20.6
2022-09-22 22:14,1,+49.6,+37.1,+31.6,+18.0,+16.2,+38.0,+20.2,+20.5,+20.6,+20.6,+20.6,+20.5,+20.6
2022-09-22 23:14,1,+49.4,+37.0,+31.5,+18.0,+16.2,+38.0,+20.1,+20.3,+20.6,+20.6,+20.6,+20.6,+20.6
2022-09-23 00:14,1,+49.2,+36.8,+31.2,+17.8,+16.2,+38.0,+20.0,+20.3,+20.6,+20.6,+20.6,+20.6,+20.6
2022-09-23 01:14,1,+49.0,+36.6,+31.2,+17.8,+16.2,+38.0,+20.0,+20.3,+20.6,+20.6,+20.6,+20.5,+20.6
2022-09-23 02:14,1,+48.9,+36.5,+31.1,+17.8,+16.2,+38.0,+20.0,+20.3,+20.6,+20.6,+20.6,+20.6,+20.6
2022-09-23 03:14,1,+48.9,+36.4,+30.8,+17.7,+16.2,+38.0,+19.8,+20.3,+20.6,+20.6,+20.6,+20.5,+20.6
2022-09-23 04:14,1,+48.9,+36.3,+30.7,+17.7,+16.2,+38.0,+19.8,+20.3,+20.6,+20.6,+20.6,+20.6,+20.6
2022-09-23 05:14,1,+48.9,+36.3,+30.7,+17.7,+16.2,+38.0,+19.8,+20.2,+20.6,+20.6,+20.6,+20.6,+20.6
2022-09-23 06:14,1,+48.8,+36.2,+30.7,+17.7,+16.1,+38.0,+19.7,+20.2,+20.6,+20.6,+20.6,+20.6,+20.6
2022-09-23 07:14,1,+48.7,+36.1,+30.6,+17.7,+16.2,+37.9,+19.7,+20.1,+20.5,+20.6,+20.7,+20.6,+20.6
2022-09-23 08:14,1,+48.6,+36.0,+30.5,+17.7,+16.1,+37.9,+19.8,+20.2,+20.5,+20.6,+20.6,+20.6,+20.6
2022-09-23 09:14,1,+48.5,+35.9,+30.3,+17.6,+16.2,+37.9,+20.2,+20.1,+20.5,+20.6,+20.6,+20.5,+20.6
2022-09-23 10:14,1,+48.4,+35.8,+30.3,+17.6,+16.1,+37.9,+20.3,+20.2,+20.5,+20.6,+20.6,+20.6,+20.6
2022-09-23 11:14,1,+48.3,+35.7,+30.2,+17.6,+16.0,+37.9,+20.5,+20.2,+20.5,+20.6,+20.6,+20.6,+20.6
2022-09-23 12:14,1,+48.1,+35.7,+30.2,+17.5,+16.0,+37.9,+20.6,+20.2,+20.5,+20.6,+20.6,+20.6,+20.6
2022-09-23 13:14,1,+47.9,+35.6,+30.1,+17.5,+16.0,+37.7,+20.7,+20.2,+20.5,+20.6,+20.7,+20.6,+20.6
2022-09-23 14:14,1,+47.1,+35.5,+30.1,+17.5,+16.0,+37.7,+20.7,+20.3,+20.5,+20.6,+20.6,+20.6,+20.6
2022-09-23 15:14,1,+47.2,+35.4,+30.0,+17.5,+16.0,+37.7,+21.0,+20.5,+20.5,+20.6,+20.7,+20.6,+20.6
2022-09-23 16:14,1,+47.2,+35.4,+30.0,+17.5,+15.8,+37.7,+21.0,+20.5,+20.5,+20.6,+20.6,+20.6,+20.6
2022-09-23 17:14,1,+47.4,+35.3,+29.8,+17.3,+15.8,+37.7,+20.8,+20.5,+20.5,+20.6,+20.7,+20.6,+20.6
2022-09-23 18:14,1,+47.4,+35.4,+29.8,+17.3,+15.8,+37.7,+20.8,+20.6,+20.5,+20.6,+20.6,+20.6,+20.6
2022-09-23 19:14,1,+47.4,+35.4,+29.8,+17.3,+15.8,+37.7,+20.7,+20.6,+20.6,+20.6,+20.6,+20.6,+20.6
2022-09-23 20:14,1,+47.4,+35.4,+29.7,+17.3,+15.8,+37.7,+20.7,+20.6,+20.6,+20.6,+20.6,+20.6,+20.6
2022-09-23 21:14,1,+47.5,+35.3,+29.7,+17.3,+15.8,+37.7,+20.7,+20.6,+20.6,+20.6,+20.6,+20.6,+20.6
2022-09-23 22:14,1,+47.6,+35.3,+29.7,+17.3,+15.8,+37.7,+20.6,+20.6,+20.6,+20.6,+20.6,+20.6,+20.6
2022-09-23 23:14,1,+47.7,+35.2,+29.7,+17.3,+15.8,+37.7,+20.6,+20.6,+20.7,+20.6,+20.6,+20.6,+20.6
2022-09-24 00:14,1,+47.8,+35.3,+29.7,+17.3,+15.8,+37.7,+20.5,+20.6,+20.7,+20.6,+20.7,+20.6,+20.6
2022-09-24 01:14,1,+47.8,+35.3,+29.7,+17.3,+15.8,+37.7,+20.5,+20.6,+20.7,+20.6,+20.7,+20.6,+20.6
2022-09-24 02:14,1,+47.7,+35.2,+29.7,+17.2,+15.8,+37.7,+20.3,+20.6,+20.6,+20.6,+20.6,+20.6,+20.6
2022-09-24 03:14,1,+47.8,+35.2,+29.7,+17.2,+15.8,+37.5,+20.2,+20.5,+20.6,+20.6,+20.7,+20.6,+20.6
2022-09-24 04:14,1,+47.7,+35.2,+29.7,+17.2,+15.8,+37.5,+20.1,+20.5,+20.7,+20.6,+20.7,+20.6,+20.6
2022-09-24 05:14,1,+47.8,+35.1,+29.7,+17.2,+15.8,+37.5,+20.1,+20.5,+20.7,+20.6,+20.7,+20.6,+20.6
2022-09-24 06:14,1,+47.8,+35.1,+29.6,+17.2,+15.8,+37.5,+20.0,+20.5,+20.6,+20.6,+20.7,+20.6,+20.6
2022-09-24 07:14,1,+47.7,+35.1,+29.6,+17.2,+15.8,+37.5,+20.0,+20.3,+20.6,+20.7,+20.7,+20.6,+20.6
2022-09-24 08:14,1,+47.5,+35.0,+29.6,+17.2,+15.8,+37.5,+20.1,+20.3,+20.6,+20.6,+20.7,+20.6,+20.6
2022-09-24 09:14,1,+47.2,+34.9,+29.6,+17.2,+15.8,+37.5,+20.3,+20.3,+20.6,+20.6,+20.7,+20.6,+20.6
2022-09-24 10:14,1,+47.1,+34.9,+29.5,+17.2,+15.8,+37.5,+20.5,+20.3,+20.6,+20.6,+20.7,+20.6,+20.6
2022-09-24 11:14,1,+46.9,+34.8,+29.5,+17.2,+15.8,+37.5,+20.6,+20.3,+20.6,+20.6,+20.7,+20.6,+20.7
2022-09-24 12:14,1,+46.7,+34.7,+29.5,+17.2,+15.6,+37.5,+20.6,+20.5,+20.6,+20.7,+20.7,+20.7,+20.6
2022-09-24 13:14,1,+46.4,+34.7,+29.3,+17.2,+15.6,+37.5,+20.7,+20.5,+20.6,+20.7,+20.7,+20.6,+20.6
2022-09-24 14:14,1,+46.2,+34.6,+29.3,+17.2,+15.6,+37.5,+20.8,+20.5,+20.6,+20.6,+20.7,+20.6,+20.6
2022-09-24 15:14,1,+45.9,+34.5,+29.3,+17.2,+15.6,+37.5,+21.0,+20.6,+20.6,+20.6,+20.7,+20.6,+20.6
2022-09-24 16:14,1,+45.9,+34.4,+29.3,+17.2,+15.6,+37.5,+21.1,+20.6,+20.6,+20.6,+20.7,+20.6,+20.6
2022-09-24 17:14,1,+45.8,+34.4,+29.3,+17.2,+15.6,+37.5,+21.1,+20.7,+20.6,+20.7,+20.7,+20.6,+20.6
2022-09-24 18:14,1,+45.8,+34.3,+29.2,+17.2,+15.8,+37.5,+21.1,+20.7,+20.7,+20.6,+20.7,+20.7,+20.6
2022-09-24 19:14,1,+45.8,+34.3,+29.2,+17.2,+15.6,+37.5,+21.1,+20.7,+20.6,+20.6,+20.7,+20.7,+20.7
2022-09-24 20:14,1,+48.3,+34.3,+29.2,+17.2,+15.6,+37.5,+21.0,+20.7,+20.7,+20.6,+20.7,+20.6,+20.7
2022-09-24 21:14,1,+48.9,+34.3,+29.2,+17.2,+15.6,+37.5,+20.8,+20.7,+20.7,+20.6,+20.7,+20.6,+20.6
2022-09-24 22:14,1,+49.6,+34.3,+29.2,+17.2,+15.6,+37.5,+20.7,+20.7,+20.7,+20.6,+20.7,+20.6,+20.6
2022-09-24 23:14,1,+49.5,+34.3,+29.2,+17.2,+15.6,+37.5,+20.6,+20.7,+20.7,+20.7,+20.7,+20.7,+20.6
2022-09-25 00:14,1,+49.4,+34.3,+29.2,+17.2,+15.6,+37.5,+20.5,+20.7,+20.7,+20.7,+20.7,+20.7,+20.6
2022-09-25 01:14,1,+49.3,+34.2,+29.2,+17.2,+15.6,+37.5,+20.3,+20.7,+20.7,+20.7,+20.7,+20.7,+20.6
2022-09-25 02:14,1,+49.3,+34.2,+29.2,+17.2,+15.6,+37.5,+20.3,+20.6,+20.7,+20.7,+20.7,+20.7,+20.7
2022-09-25 03:14,1,+49.2,+34.3,+29.2,+17.2,+15.6,+37.5,+20.2,+20.6,+20.7,+20.7,+20.7,+20.7,+20.6
2022-09-25 04:14,1,+49.1,+34.3,+29.2,+17.2,+15.6,+37.5,+20.1,+20.6,+20.7,+20.7,+20.7,+20.6,+20.6
2022-09-25 05:14,1,+49.1,+34.4,+29.2,+17.1,+15.6,+37.5,+20.1,+20.5,+20.7,+20.7,+20.7,+20.7,+20.6
2022-09-25 06:14,1,+49.0,+34.4,+29.2,+17.2,+15.6,+37.5,+20.1,+20.5,+20.7,+20.7,+20.7,+20.6,+20.7
2022-09-25 07:14,1,+49.0,+34.5,+29.2,+17.1,+15.6,+37.5,+20.1,+20.5,+20.7,+20.7,+20.7,+20.7,+20.7
2022-09-25 08:14,1,+49.0,+34.6,+29.2,+17.1,+15.6,+37.5,+20.2,+20.5,+20.7,+20.7,+20.7,+20.6,+20.7
2022-09-25 09:14,1,+48.9,+34.6,+29.2,+17.1,+15.6,+37.5,+20.5,+20.5,+20.7,+20.7,+20.7,+20.6,+20.6
2022-09-25 10:14,1,+48.7,+34.6,+29.2,+17.1,+15.6,+37.5,+20.6,+20.5,+20.7,+20.7,+20.7,+20.7,+20.6
2022-09-25 11:14,1,+48.6,+34.6,+29.2,+17.1,+15.6,+37.5,+20.7,+20.3,+20.7,+20.7,+20.7,+20.7,+20.7
2022-09-25 12:14,1,+48.4,+34.6,+29.2,+17.1,+15.6,+37.5,+20.8,+20.5,+20.7,+20.7,+20.7,+20.7,+20.7
2022-09-25 13:14,1,+48.2,+34.5,+29.2,+17.1,+15.6,+37.5,+21.1,+20.5,+20.7,+20.7,+20.7,+20.6,+20.6
2022-09-25 14:14,1,+48.1,+34.7,+29.2,+17.1,+15.6,+37.5,+21.1,+20.6,+20.7,+20.7,+20.7,+20.6,+20.7
2022-09-25 15:14,1,+52.8,+35.0,+29.2,+17.1,+15.6,+37.5,+21.1,+20.7,+20.7,+20.7,+20.7,+20.7,+20.7
2022-09-25 16:14,1,+52.2,+35.4,+29.2,+17.1,+15.6,+37.5,+21.0,+20.7,+20.7,+20.7,+20.7,+20.7,+20.7
2022-09-25 17:14,1,+51.8,+35.6,+29.2,+17.1,+15.6,+37.5,+21.1,+20.7,+20.7,+20.7,+20.7,+20.7,+20.6
2022-09-25 18:14,1,+51.5,+35.7,+29.2,+17.1,+15.6,+37.5,+20.8,+20.7,+20.7,+20.7,+20.7,+20.7,+20.7
2022-09-25 19:14,1,+51.3,+35.8,+29.2,+17.1,+15.6,+37.5,+20.8,+20.8,+20.7,+20.7,+20.7,+20.7,+20.6
2022-09-25 20:14,1,+50.7,+35.9,+29.2,+17.1,+15.6,+37.5,+20.7,+20.7,+20.8,+20.7,+20.7,+20.6,+20.7
2022-09-25 21:14,1,+50.5,+35.9,+29.2,+17.1,+15.6,+37.5,+20.6,+20.7,+20.7,+20.7,+20.7,+20.7,+20.7
2022-09-25 22:14,1,+50.5,+36.0,+29.2,+17.1,+15.6,+37.5,+20.6,+20.7,+20.8,+20.7,+20.7,+20.7,+20.7
2022-09-25 23:14,1,+50.4,+36.1,+29.2,+17.1,+15.6,+37.5,+20.5,+20.7,+20.8,+20.7,+20.7,+20.7,+20.7
2022-09-26 00:14,1,+50.4,+36.2,+29.2,+17.1,+15.6,+37.5,+20.5,+20.7,+20.8,+20.7,+20.7,+20.7,+20.6
2022-09-26 01:14,1,+50.3,+36.2,+29.2,+17.1,+15.6,+37.5,+20.5,+20.7,+20.8,+20.7,+20.7,+20.7,+20.7
2022-09-26 02:14,1,+50.2,+36.2,+29.2,+17.1,+15.6,+37.5,+20.3,+20.7,+20.8,+20.7,+20.7,+20.7,+20.7
2022-09-26 03:14,1,+50.2,+36.2,+29.2,+17.2,+15.6,+37.5,+20.2,+20.6,+20.8,+20.7,+20.7,+20.7,+20.7
2022-09-26 04:14,1,+50.1,+36.2,+29.3,+17.2,+15.6,+37.5,+20.2,+20.6,+20.7,+20.8,+20.7,+20.7,+20.7
2022-09-26 05:14,1,+50.0,+36.2,+29.3,+17.2,+15.6,+37.5,+20.1,+20.5,+20.8,+20.8,+20.7,+20.7,+20.7
2022-09-26 06:14,1,+50.0,+36.2,+29.3,+17.2,+15.6,+37.5,+20.0,+20.5,+20.8,+20.8,+20.7,+20.7,+20.7
2022-09-26 07:14,1,+49.8,+36.2,+29.3,+17.2,+15.6,+37.5,+20.0,+20.5,+20.7,+20.7,+20.7,+20.7,+20.7
2022-09-26 08:14,1,+49.6,+36.2,+29.3,+17.2,+15.6,+37.5,+20.1,+20.5,+20.7,+20.7,+20.7,+20.7,+20.7
2022-09-26 09:14,1,+49.4,+36.1,+29.3,+17.2,+15.6,+37.5,+20.2,+20.3,+20.7,+20.7,+20.7,+20.7,+20.7
2022-09-26 10:14,1,+49.2,+36.1,+29.3,+17.2,+15.6,+37.5,+20.5,+20.3,+20.7,+20.8,+20.7,+20.7,+20.7
2022-09-26 11:14,1,+49.0,+36.0,+29.2,+17.2,+15.6,+37.5,+20.6,+20.5,+20.7,+20.7,+20.7,+20.7,+20.7
2022-09-26 12:14,1,+48.8,+35.9,+29.2,+17.2,+15.6,+37.5,+20.7,+20.5,+20.7,+20.8,+20.7,+20.7,+20.7
2022-09-26 13:14,1,+48.7,+35.9,+29.2,+17.1,+15.6,+37.5,+21.0,+20.5,+20.7,+20.8,+20.7,+20.7,+20.7
2022-09-26 14:14,1,+48.6,+35.8,+29.2,+17.1,+15.6,+37.5,+21.0,+20.5,+20.7,+20.7,+20.7,+20.7,+20.7
2022-09-26 15:14,1,+48.5,+35.8,+29.2,+17.1,+15.6,+37.5,+20.8,+20.6,+20.7,+20.8,+20.7,+20.7,+20.7
2022-09-26 16:14,1,+48.7,+35.8,+29.2,+17.1,+15.6,+37.5,+20.8,+20.6,+20.7,+20.7,+20.7,+20.7,+20.7
2022-09-26 17:14,1,+48.8,+35.8,+29.2,+17.2,+15.6,+37.5,+20.8,+20.6,+20.7,+20.8,+20.7,+20.7,+20.7
2022-09-26 18:14,1,+48.9,+35.8,+29.2,+17.2,+15.6,+37.5,+20.7,+20.7,+20.7,+20.7,+20.7,+20.7,+20.7
2022-09-26 19:14,1,+48.9,+35.8,+29.2,+17.2,+15.6,+37.5,+20.6,+20.7,+20.7,+20.7,+20.7,+20.7,+20.7
2022-09-26 20:14,1,+48.9,+35.8,+29.2,+17.2,+15.6,+37.5,+20.6,+20.7,+20.7,+20.7,+20.7,+20.7,+20.7
2022-09-26 21:14,1,+48.9,+35.8,+29.2,+17.2,+15.6,+37.5,+20.6,+20.6,+20.8,+20.8,+20.7,+20.7,+20.7
2022-09-26 22:14,1,+48.9,+35.8,+29.2,+17.2,+15.6,+37.5,+20.5,+20.6,+20.7,+20.7,+20.7,+20.7,+20.7
2022-09-26 23:14,1,+49.0,+35.8,+29.2,+17.2,+15.6,+37.5,+20.5,+20.6,+20.7,+20.7,+20.7,+20.7,+20.7
2022-09-27 00:14,1,+49.2,+35.8,+29.2,+17.2,+15.6,+37.5,+20.5,+20.6,+20.7,+20.8,+20.7,+20.7,+20.7
2022-09-27 01:14,1,+49.3,+35.8,+29.2,+17.2,+15.6,+37.5,+20.3,+20.6,+20.8,+20.8,+20.7,+20.7,+20.7
2022-09-27 02:14,1,+49.4,+35.8,+29.2,+17.2,+15.6,+37.5,+20.2,+20.6,+20.8,+20.8,+20.7,+20.7,+20.7
2022-09-27 03:14,1,+49.4,+35.8,+29.2,+17.2,+15.6,+37.5,+20.2,+20.5,+20.7,+20.7,+20.7,+20.7,+20.7
2022-09-27 04:14,1,+49.4,+35.8,+29.2,+17.2,+15.6,+37.5,+20.2,+20.5,+20.8,+20.7,+20.7,+20.7,+20.7
2022-09-27 05:14,1,+49.4,+35.8,+29.2,+17.2,+15.6,+37.5,+20.2,+20.5,+20.8,+20.7,+20.7,+20.7,+20.7
2022-09-27 06:14,1,+49.4,+35.8,+29.2,+17.2,+15.6,+37.5,+20.2,+20.5,+20.8,+20.8,+20.7,+20.7,+20.7
2022-09-27 07:14,1,+49.5,+35.8,+29.2,+17.2,+15.6,+37.5,+20.2,+20.5,+20.8,+20.7,+20.7,+20.7,+20.7
2022-09-27 08:14,1,+49.4,+35.8,+29.2,+17.2,+15.6,+37.5,+20.2,+20.5,+20.7,+20.8,+20.7,+20.7,+20.7
2022-09-27 09:14,1,+49.3,+35.7,+29.2,+17.2,+15.6,+37.5,+20.5,+20.5,+20.7,+20.8,+20.7,+20.7,+20.7
2022-09-27 10:14,1,+49.1,+35.7,+29.2,+17.2,+15.6,+37.5,+20.6,+20.5,+20.7,+20.8,+20.7,+20.7,+20.7
2022-09-27 11:14,1,+49.0,+35.7,+29.2,+17.2,+15.6,+37.5,+20.7,+20.5,+20.7,+20.7,+20.7,+20.7,+20.7
2022-09-27 12:14,1,+49.0,+35.6,+29.2,+17.2,+15.6,+37.5,+20.8,+20.5,+20.7,+20.8,+20.7,+20.7,+20.7
2022-09-27 13:14,1,+48.9,+35.6,+29.2,+17.1,+15.6,+37.5,+20.8,+20.6,+20.7,+20.7,+20.7,+20.7,+20.7
2022-09-27 14:14,1,+48.9,+35.6,+29.2,+17.1,+15.6,+37.5,+20.8,+20.6,+20.7,+20.7,+20.7,+20.7,+20.7
2022-09-27 15:14,1,+48.9,+35.6,+29.2,+17.1,+15.6,+37.5,+20.8,+20.6,+20.7,+20.8,+20.7,+20.7,+20.7
2022-09-27 16:14,1,+48.8,+35.6,+29.2,+17.1,+15.6,+37.5,+20.8,+20.7,+20.7,+20.7,+20.7,+20.7,+20.7
2022-09-27 17:14,1,+48.8,+35.6,+29.2,+17.1,+15.6,+37.5,+20.8,+20.7,+20.7,+20.8,+20.7,+20.7,+20.7
2022-09-27 18:14,1,+48.8,+35.6,+29.2,+17.1,+15.6,+37.5,+20.8,+20.7,+20.8,+20.7,+20.7,+20.7,+20.7
2022-09-27 19:14,1,+48.7,+35.6,+29.2,+17.1,+15.6,+37.5,+20.8,+20.7,+20.8,+20.8,+20.7,+20.7,+20.7
2022-09-27 20:14,1,+48.7,+35.6,+29.2,+17.1,+15.6,+37.5,+20.7,+20.7,+20.7,+20.8,+20.7,+20.7,+20.7
2022-09-27 21:14,1,+48.6,+35.6,+29.2,+17.1,+15.6,+37.5,+20.6,+20.7,+20.8,+20.8,+20.7,+20.7,+20.7
2022-09-27 22:14,1,+48.6,+35.6,+29.2,+17.1,+15.6,+37.5,+20.6,+20.7,+20.8,+20.8,+20.7,+20.7,+20.7
2022-09-27 23:14,1,+48.6,+35.5,+29.2,+17.1,+15.6,+37.5,+20.5,+20.7,+20.8,+20.8,+20.7,+20.7,+20.7
2022-09-28 00:14,1,+48.5,+35.5,+29.2,+17.1,+15.6,+37.5,+20.5,+20.6,+20.8,+20.8,+20.7,+20.7,+20.7
2022-09-28 01:14,1,+48.5,+35.5,+29.2,+17.1,+15.6,+37.5,+20.3,+20.6,+20.8,+20.8,+20.7,+20.7,+20.7
2022-09-28 02:14,1,+48.5,+35.5,+29.2,+17.1,+15.6,+37.5,+20.3,+20.6,+20.8,+20.8,+20.7,+20.7,+20.7
2022-09-28 03:14,1,+48.4,+35.5,+29.2,+17.1,+15.6,+37.5,+20.3,+20.6,+20.8,+20.8,+20.7,+20.7,+20.7
2022-09-28 04:14,1,+48.4,+35.5,+29.2,+17.1,+15.6,+37.5,+20.2,+20.6,+20.8,+20.8,+20.7,+20.7,+20.7
2022-09-28 05:14,1,+48.3,+35.5,+29.2,+17.1,+15.6,+37.5,+20.2,+20.6,+20.8,+20.8,+20.7,+20.7,+20.7
2022-09-28 06:14,1,+48.3,+35.5,+29.2,+17.1,+15.6,+37.5,+20.2,+20.5,+20.8,+20.8,+20.7,+20.7,+20.7
2022-09-28 07:14,1,+48.3,+35.5,+29.2,+17.1,+15.6,+37.5,+20.2,+20.5,+20.8,+20.8,+20.7,+20.7,+20.7
2022-09-28 08:14,1,+48.1,+35.5,+29.2,+17.1,+15.6,+37.5,+20.3,+20.5,+20.8,+20.8,+20.7,+20.7,+20.7
2022-09-28 09:14,1,+47.8,+35.4,+29.2,+17.1,+15.6,+37.5,+20.5,+20.5,+20.7,+20.8,+20.7,+20.7,+20.7
2022-09-28 10:14,1,+47.2,+35.4,+29.2,+17.1,+15.6,+37.5,+20.6,+20.5,+20.7,+20.8,+20.7,+20.7,+20.7
2022-09-28 11:14,1,+46.8,+35.3,+29.2,+17.1,+15.6,+37.5,+20.8,+20.5,+20.7,+20.8,+20.7,+20.7,+20.7
2022-09-28 12:14,1,+46.4,+35.2,+29.2,+17.1,+15.6,+37.5,+21.0,+20.6,+20.7,+20.8,+20.7,+20.7,+20.7
2022-09-28 13:14,1,+45.8,+35.1,+29.1,+17.1,+15.6,+37.5,+21.1,+20.6,+20.7,+20.8,+20.7,+20.7,+20.7