
2023-01-24 09:52,1,+63.4,+60.1,+56.7,+44.2,+47.5,+63.7,+18.2,+18.3,+18.6,+18.7,+18.7,+18.7,+19.0
2023-01-24 10:52,1,+63.2,+60.0,+56.7,+44.2,+47.5,+63.7,+18.3,+18.3,+18.6,+18.7,+18.7,+18.7,+19.0
2023-01-24 11:52,1,+63.1,+59.9,+56.5,+44.2,+47.5,+63.7,+18.5,+18.3,+18.6,+18.7,+18.7,+18.7,+19.0
2023-01-24 12:52,1,+62.9,+59.8,+56.5,+44.2,+47.5,+63.7,+18.6,+18.3,+18.6,+18.7,+18.7,+18.7,+19.0
2023-01-24 13:52,1,+62.8,+59.8,+56.5,+44.0,+47.4,+63.7,+18.8,+18.5,+18.6,+18.7,+18.7,+18.7,+19.0
2023-01-24 14:52,1,+62.7,+59.7,+56.4,+44.0,+47.4,+63.7,+19.0,+18.5,+18.6,+18.7,+18.7,+18.7,+19.0
2023-01-24 15:52,1,+62.6,+59.6,+56.4,+44.0,+47.2,+63.5,+19.1,+18.5,+18.6,+18.7,+18.7,+18.7,+19.0
2023-01-24 16:52,1,+62.7,+59.6,+56.4,+44.0,+47.2,+63.7,+19.0,+18.6,+18.6,+18.7,+18.7,+18.7,+19.0
2023-01-24 17:52,1,+62.7,+59.6,+56.4,+44.0,+47.2,+63.5,+19.0,+18.7,+18.6,+18.7,+18.7,+18.7,+19.0
2023-01-24 18:52,1,+62.8,+59.6,+56.4,+44.0,+47.2,+63.5,+19.0,+18.7,+18.7,+18.7,+18.7,+18.7,+19.0
2023-01-24 19:52,1,+63.0,+59.6,+56.4,+44.0,+47.2,+63.5,+18.8,+18.7,+18.6,+18.7,+18.7,+18.7,+19.0
2023-01-24 20:52,1,+63.2,+59.6,+56.4,+43.9,+47.2,+63.5,+19.0,+18.7,+18.7,+18.7,+18.7,+18.7,+19.0
2023-01-24 21:52,1,+63.4,+59.6,+56.4,+43.9,+47.2,+63.5,+18.8,+18.7,+18.7,+18.7,+18.7,+18.7,+19.1
2023-01-24 22:52,1,+63.6,+59.6,+56.2,+43.9,+47.2,+63.5,+18.8,+18.7,+18.7,+18.7,+18.7,+19.0,+19.0
2023-01-24 23:52,1,+63.6,+59.6,+56.2,+43.7,+47.2,+63.5,+18.7,+18.7,+18.7,+18.7,+18.7,+19.0,+19.0
2023-01-25 00:52,1,+63.7,+59.5,+56.2,+43.7,+47.2,+63.5,+18.7,+18.7,+18.8,+18.7,+18.7,+18.7,+19.0
2023-01-25 01:52,1,+63.8,+59.5,+56.2,+43.7,+47.0,+63.5,+18.7,+18.7,+18.8,+18.8,+18.7,+18.7,+19.0
2023-01-25 02:52,1,+63.8,+59.5,+56.2,+43.7,+47.0,+63.5,+18.7,+18.7,+18.8,+18.8,+19.0,+18.7,+19.0
2023-01-25 03:52,1,+63.8,+59.5,+56.2,+43.7,+47.0,+63.5,+18.6,+18.7,+18.7,+18.7,+19.0,+18.7,+19.0
2023-01-25 04:52,1,+63.8,+59.4,+56.2,+43.5,+47.0,+63.5,+18.6,+18.7,+18.8,+18.8,+18.7,+19.0,+19.0
2023-01-25 05:52,1,+63.7,+59.4,+56.2,+43.5,+47.0,+63.5,+18.6,+18.7,+18.8,+18.7,+18.7,+18.7,+19.0
2023-01-25 06:52,1,+63.7,+59.4,+56.0,+43.5,+47.0,+63.4,+18.6,+18.6,+18.8,+18.8,+19.0,+18.7,+19.1
2023-01-25 07:52,1,+63.6,+59.3,+56.0,+43.5,+47.0,+63.4,+18.6,+18.6,+18.8,+18.8,+19.0,+19.0,+19.0
2023-01-25 08:52,1,+63.5,+59.3,+56.0,+43.4,+46.9,+63.4,+18.6,+18.6,+18.8,+18.8,+18.7,+18.7,+19.1
2023-01-25 09:52,1,+63.4,+59.2,+56.0,+43.4,+46.9,+63.4,+18.7,+18.6,+18.8,+18.8,+19.0,+19.0,+19.1
2023-01-25 10:52,1,+63.2,+59.1,+55.9,+43.2,+46.9,+63.4,+18.8,+18.6,+18.8,+18.8,+19.0,+19.0,+19.0
2023-01-25 11:52,1,+63.1,+59.1,+55.9,+43.2,+46.7,+63.2,+19.0,+18.7,+18.8,+18.8,+19.0,+19.0,+19.0
2023-01-25 12:52,1,+63.1,+59.0,+55.7,+43.2,+46.7,+63.2,+19.0,+18.7,+18.8,+18.8,+19.0,+19.0,+19.0
2023-01-25 13:52,1,+63.1,+59.0,+55.7,+43.2,+46.7,+63.2,+19.1,+18.8,+18.8,+18.8,+19.0,+19.0,+19.1
2023-01-25 14:52,1,+63.2,+59.0,+55.7,+43.2,+46.7,+63.2,+19.2,+18.8,+18.8,+18.8,+19.0,+18.7,+19.0
2023-01-25 15:52,1,+67.0,+61.9,+58.0,+43.4,+48.0,+63.7,+19.1,+18.8,+18.8,+18.8,+19.0,+19.0,+19.0
2023-01-25 16:52,1,+70.5,+65.3,+58.2,+46.4,+50.0,+64.5,+19.2,+18.8,+18.8,+18.8,+19.0,+19.0,+19.1
2023-01-25 17:52,1,+71.1,+60.0,+58.0,+45.5,+49.2,+66.0,+19.2,+19.0,+18.8,+18.8,+19.0,+19.0,+19.1
2023-01-25 18:52,1,+72.4,+68.1,+59.2,+45.9,+49.4,+66.5,+19.2,+19.0,+19.0,+18.8,+19.0,+19.0,+19.1
2023-01-25 19:52,1,+72.5,+63.4,+58.2,+46.0,+49.2,+66.0,+19.2,+19.0,+18.8,+18.8,+19.0,+19.0,+19.1
2023-01-25 20:52,1,+72.0,+64.4,+58.9,+46.2,+49.4,+65.5,+19.1,+18.8,+19.0,+18.8,+19.0,+19.0,+19.0
2023-01-25 21:52,1,+70.3,+65.5,+59.5,+46.0,+49.5,+65.5,+19.1,+19.0,+19.0,+18.8,+19.0,+19.0,+19.1
2023-01-25 22:52,1,+73.8,+67.3,+61.5,+46.4,+49.9,+66.0,+19.1,+19.0,+19.0,+19.0,+19.0,+19.0,+19.1
2023-01-25 23:52,1,+73.8,+73.9,+63.5,+47.4,+50.0,+67.8,+19.0,+19.0,+19.0,+18.8,+19.0,+19.0,+19.1
2023-01-26 00:52,1,+73.8,+73.9,+67.4,+48.2,+50.7,+67.8,+19.0,+19.0,+19.0,+19.0,+19.0,+19.0,+19.1
2023-01-26 01:52,1,+71.6,+68.7,+65.4,+48.2,+50.5,+67.5,+19.0,+19.0,+19.0,+19.0,+19.0,+19.0,+19.1
2023-01-26 02:52,1,+70.8,+68.3,+63.9,+47.7,+51.0,+67.8,+19.0,+19.0,+19.0,+19.0,+19.0,+19.0,+19.1
2023-01-26 03:52,1,+70.3,+68.1,+63.7,+47.2,+51.2,+67.9,+18.8,+18.8,+19.0,+19.1,+19.0,+19.1,+19.1
2023-01-26 04:52,1,+69.8,+67.9,+63.7,+47.0,+51.5,+68.0,+18.7,+18.8,+19.1,+19.0,+19.0,+19.0,+19.1
2023-01-26 05:52,1,+69.4,+67.7,+63.5,+47.0,+51.0,+67.5,+18.6,+18.8,+19.1,+19.0,+19.0,+19.0,+19.1
2023-01-26 06:52,1,+69.1,+67.6,+63.2,+47.0,+50.9,+67.5,+18.5,+18.8,+19.0,+19.0,+19.0,+19.0,+19.1
2023-01-26 07:52,1,+68.8,+67.4,+63.0,+47.0,+50.7,+67.5,+18.6,+18.8,+19.0,+19.0,+19.0,+19.0,+19.1
2023-01-26 08:52,1,+68.5,+67.3,+63.0,+47.0,+50.7,+67.5,+18.5,+18.8,+19.1,+19.0,+19.1,+19.0,+19.1
2023-01-26 09:52,1,+68.3,+66.9,+62.0,+47.0,+50.7,+68.3,+18.5,+18.7,+19.0,+19.0,+19.1,+19.0,+19.1
2023-01-26 10:52,1,+68.1,+66.8,+61.9,+47.0,+50.5,+68.0,+18.5,+18.7,+19.0,+19.0,+19.1,+19.0,+19.1
2023-01-26 11:52,1,+68.0,+66.6,+61.7,+47.0,+50.5,+67.9,+18.5,+18.7,+19.0,+19.0,+19.0,+19.0,+19.1
2023-01-26 12:52,1,+70.3,+73.8,+65.5,+47.0,+51.2,+67.9,+18.5,+18.7,+19.1,+19.0,+19.1,+19.0,+19.1
2023-01-26 13:52,1,+70.7,+69.1,+62.0,+47.0,+51.4,+68.5,+18.6,+18.7,+19.0,+19.0,+19.1,+19.0,+19.1
2023-01-26 14:52,1,+70.9,+73.8,+64.0,+47.5,+52.2,+68.9,+18.6,+18.7,+19.0,+19.1,+19.1,+19.0,+19.1
2023-01-26 15:52,1,+70.3,+68.2,+62.5,+47.4,+51.5,+68.5,+18.6,+18.7,+19.0,+19.1,+19.1,+19.1,+19.1
2023-01-26 16:52,1,+69.9,+68.3,+62.5,+47.4,+51.4,+68.5,+18.6,+18.7,+19.0,+19.0,+19.1,+19.1,+19.1
2023-01-26 17:52,1,+69.5,+68.2,+62.5,+47.4,+51.2,+68.4,+18.6,+18.7,+19.0,+19.0,+19.1,+19.1,+19.1
2023-01-26 18:52,1,+69.2,+68.1,+62.5,+47.5,+51.2,+68.0,+18.5,+18.7,+19.0,+19.0,+19.1,+19.1,+19.1
2023-01-26 19:52,1,+69.0,+68.0,+62.5,+47.5,+51.2,+68.0,+18.5,+18.7,+19.0,+19.1,+19.1,+19.0,+19.1
2023-01-26 20:52,1,+68.8,+67.9,+62.5,+47.5,+51.2,+68.0,+18.3,+18.6,+19.0,+19.0,+19.0,+19.0,+19.1
2023-01-26 21:52,1,+68.7,+67.8,+62.5,+47.5,+51.2,+68.0,+18.3,+18.6,+19.0,+19.0,+19.1,+19.1,+19.1
2023-01-26 22:52,1,+68.9,+67.8,+62.5,+47.5,+51.2,+68.0,+18.3,+18.6,+19.0,+19.0,+19.1,+19.0,+19.1
2023-01-26 23:52,1,+68.9,+67.8,+62.5,+47.5,+51.2,+68.0,+18.3,+18.6,+18.8,+19.0,+19.1,+19.1,+19.1
2023-01-27 00:52,1,+69.0,+67.8,+62.5,+47.5,+51.2,+68.0,+18.3,+18.6,+18.8,+19.0,+19.1,+19.1,+19.1
2023-01-27 01:52,1,+69.0,+67.8,+62.5,+47.5,+51.2,+68.0,+18.3,+18.6,+19.0,+19.0,+19.1,+19.1,+19.2
2023-01-27 02:52,1,+69.0,+67.9,+62.5,+47.7,+51.2,+68.0,+18.3,+18.6,+19.0,+19.0,+19.1,+19.1,+19.2
2023-01-27 03:52,1,+68.9,+67.8,+62.5,+47.7,+51.2,+68.0,+18.2,+18.6,+18.8,+19.0,+19.1,+19.1,+19.1
2023-01-27 04:52,1,+68.9,+67.8,+62.4,+47.7,+51.2,+68.0,+18.2,+18.6,+18.8,+19.0,+19.1,+19.1,+19.2
2023-01-27 05:52,1,+68.8,+67.8,+62.4,+47.7,+51.2,+68.0,+18.2,+18.5,+18.8,+19.1,+19.1,+19.1,+19.1
2023-01-27 06:52,1,+68.7,+67.7,+62.2,+47.7,+51.2,+68.0,+18.2,+18.5,+18.8,+19.1,+19.1,+19.1,+19.1
2023-01-27 07:52,1,+68.6,+67.7,+62.2,+47.7,+51.2,+68.0,+18.2,+18.5,+18.8,+19.0,+19.1,+19.1,+19.1
2023-01-27 08:52,1,+68.6,+67.6,+62.2,+47.7,+51.2,+68.0,+18.2,+18.5,+18.8,+19.0,+19.1,+19.1,+19.2
2023-01-27 09:52,1,+69.0,+67.8,+62.2,+47.7,+51.2,+68.0,+18.2,+18.5,+18.8,+19.0,+19.1,+19.1,+19.1
2023-01-27 10:52,1,+69.2,+68.1,+62.4,+47.7,+51.2,+68.0,+18.2,+18.5,+18.8,+19.0,+19.2,+19.1,+19.2
2023-01-27 11:52,1,+70.3,+68.1,+62.5,+47.9,+51.4,+68.0,+18.2,+18.5,+18.8,+19.0,+19.1,+19.1,+19.2
2023-01-27 12:52,1,+70.7,+68.7,+66.8,+47.9,+52.0,+69.0,+18.3,+18.5,+18.8,+19.0,+19.1,+19.1,+19.2
2023-01-27 13:52,1,+70.3,+68.6,+62.9,+48.0,+51.5,+68.8,+18.3,+18.5,+18.8,+19.0,+19.1,+19.1,+19.2
2023-01-27 14:52,1,+70.9,+68.9,+63.0,+48.2,+51.7,+68.8,+18.5,+18.5,+18.8,+19.0,+19.1,+19.1,+19.2
2023-01-27 15:52,1,+70.7,+68.9,+63.0,+48.2,+51.7,+69.0,+18.5,+18.5,+18.8,+19.0,+19.1,+19.1,+19.1
2023-01-27 16:52,1,+70.3,+68.9,+63.0,+48.2,+51.7,+69.0,+18.3,+18.5,+18.7,+19.0,+19.1,+19.1,+19.1
2023-01-27 17:52,1,+70.1,+68.8,+63.0,+48.2,+51.7,+68.9,+18.3,+18.5,+18.7,+19.0,+19.1,+19.1,+19.2
2023-01-27 18:52,1,+69.8,+68.8,+63.0,+48.2,+51.7,+68.9,+18.2,+18.5,+18.8,+19.0,+19.1,+19.1,+19.1
2023-01-27 19:52,1,+69.6,+68.8,+63.0,+48.4,+51.7,+69.3,+18.2,+18.5,+18.8,+19.0,+19.1,+19.1,+19.2
2023-01-27 20:52,1,+69.4,+68.7,+63.0,+48.2,+51.5,+69.0,+18.1,+18.5,+18.7,+19.0,+19.1,+19.1,+19.2
2023-01-27 21:52,1,+69.2,+68.6,+62.9,+48.4,+51.5,+69.0,+18.0,+18.3,+18.8,+19.0,+19.1,+19.1,+19.2
2023-01-27 22:52,1,+69.1,+68.5,+62.9,+48.4,+51.5,+68.9,+17.8,+18.3,+18.7,+18.8,+19.1,+19.1,+19.2
2023-01-27 23:52,1,+69.0,+68.5,+62.9,+48.4,+51.5,+68.8,+17.8,+18.3,+18.7,+19.0,+19.1,+19.1,+19.2
2023-01-28 00:52,1,+69.0,+68.4,+62.9,+48.4,+51.5,+68.8,+17.8,+18.3,+18.8,+19.0,+19.1,+19.1,+19.2
2023-01-28 01:52,1,+69.1,+68.4,+62.9,+48.4,+51.5,+68.5,+17.8,+18.2,+18.8,+18.8,+19.1,+19.1,+19.2
2023-01-28 02:52,1,+69.1,+68.4,+62.7,+48.5,+51.5,+68.5,+17.7,+18.2,+18.7,+19.0,+19.1,+19.1,+19.2
2023-01-28 03:52,1,+69.2,+68.4,+62.9,+48.5,+51.5,+68.5,+17.7,+18.2,+18.7,+19.0,+19.1,+19.1,+19.2
2023-01-28 04:52,1,+69.3,+68.4,+62.9,+48.5,+51.5,+68.5,+17.6,+18.2,+18.7,+18.8,+19.1,+19.1,+19.2
2023-01-28 05:52,1,+70.5,+68.5,+62.9,+48.5,+51.5,+68.5,+17.6,+18.2,+18.7,+19.0,+19.1,+19.1,+19.2
2023-01-28 06:52,1,+73.7,+73.8,+67.0,+48.7,+53.0,+69.9,+17.5,+18.1,+18.7,+19.0,+19.1,+19.1,+19.2
2023-01-28 07:52,1,+73.7,+73.7,+70.0,+49.7,+53.5,+71.0,+17.5,+18.1,+18.6,+19.0,+19.1,+19.1,+19.1
2023-01-28 08:52,1,+71.9,+70.4,+64.1,+49.5,+52.9,+70.4,+17.5,+18.0,+18.6,+18.8,+19.1,+19.1,+19.2
2023-01-28 09:52,1,+71.2,+70.1,+64.3,+49.2,+52.7,+70.0,+17.3,+18.0,+18.6,+18.7,+19.1,+19.1,+19.2
2023-01-28 10:52,1,+70.7,+69.8,+64.3,+49.0,+52.7,+70.0,+17.3,+18.0,+18.6,+18.8,+19.1,+19.1,+19.2
2023-01-28 11:52,1,+70.2,+69.6,+64.1,+49.0,+52.5,+70.0,+17.5,+18.0,+18.6,+18.8,+19.1,+19.1,+19.2
2023-01-28 12:52,1,+69.9,+69.4,+64.0,+49.0,+52.5,+70.0,+17.5,+17.8,+18.5,+18.8,+19.1,+19.1,+19.2
2023-01-28 13:52,1,+69.6,+69.2,+64.0,+49.0,+52.5,+69.9,+17.6,+18.0,+18.6,+18.8,+19.1,+19.1,+19.1
2023-01-28 14:52,1,+69.4,+69.1,+63.9,+49.0,+52.4,+69.5,+17.7,+18.0,+18.5,+18.8,+19.1,+19.1,+19.2
2023-01-28 15:52,1,+69.2,+69.0,+63.7,+49.0,+52.4,+69.5,+17.7,+18.0,+18.5,+18.8,+19.1,+19.1,+19.2
2023-01-28 16:52,1,+69.1,+68.9,+63.5,+49.0,+52.4,+69.5,+17.7,+18.0,+18.5,+18.8,+19.1,+19.1,+19.2
2023-01-28 17:52,1,+69.0,+68.8,-0.0,-0.0,-0.0,-0.0,+17.7,+18.0,+18.5,+18.8,+19.1,+19.1,+19.2
2023-01-28 18:52,1,+68.9,+68.7,+63.4,+49.0,+52.2,+69.5,+17.6,+18.0,+18.5,+18.8,+19.1,+19.1,+19.2
2023-01-28 19:52,1,+68.9,+68.6,+60.9,+48.9,+52.2,+69.4,+17.6,+18.0,+18.5,+18.7,+19.1,+19.1,+19.2
2023-01-28 20:52,1,+68.8,+68.5,+63.2,+49.0,+52.2,+69.4,+17.5,+18.0,+18.5,+18.8,+19.1,+19.1,+19.2
2023-01-28 21:52,1,+68.6,+68.5,+63.2,+49.0,+52.2,+69.3,+17.5,+18.0,+18.5,+18.7,+19.1,+19.1,+19.2
2023-01-28 22:52,1,+68.6,+68.4,+63.2,+49.0,+52.2,+69.3,+17.3,+18.0,+18.5,+18.7,+19.0,+19.1,+19.2
2023-01-28 23:52,1,+68.5,+68.4,+63.0,+48.9,+52.2,+69.3,+17.2,+17.8,+18.3,+18.7,+19.0,+19.1,+19.2
2023-01-29 00:52,1,+68.4,+68.3,+63.0,+48.9,+52.0,+69.3,+17.1,+17.8,+18.3,+18.7,+19.0,+19.1,+19.2
2023-01-29 01:52,1,+68.3,+68.2,+63.0,+48.9,+52.0,+69.0,+17.0,+17.7,+18.3,+18.7,+19.1,+19.1,+19.2
2023-01-29 02:52,1,+68.2,+68.1,+62.9,+48.9,+52.0,+69.0,+16.8,+17.7,+18.5,+18.7,+19.0,+19.1,+19.1
2023-01-29 03:52,1,+68.1,+68.1,+62.9,+48.9,+52.0,+69.0,+16.7,+17.7,+18.3,+18.7,+19.0,+19.1,+19.2
2023-01-29 04:52,1,+68.0,+68.0,+62.7,+48.9,+52.0,+69.0,+16.6,+17.6,+18.3,+18.7,+19.0,+19.1,+19.2
2023-01-29 05:52,1,+67.9,+67.9,+62.7,+48.9,+52.0,+69.0,+16.6,+17.6,+18.3,+18.7,+19.0,+19.1,+19.2
2023-01-29 06:52,1,+67.8,+67.8,+62.7,+48.9,+52.0,+69.0,+16.6,+17.5,+18.2,+18.6,+19.0,+19.1,+19.2
2023-01-29 07:52,1,+67.7,+67.7,+62.5,+48.7,+51.9,+69.0,+16.6,+17.5,+18.2,+18.6,+19.0,+19.1,+19.2
2023-01-29 08:52,1,+67.5,+67.5,+62.5,+48.7,+51.9,+69.0,+16.7,+17.3,+18.2,+18.6,+19.0,+19.1,+19.2
2023-01-29 09:52,1,+67.4,+67.3,+62.5,+48.7,+51.9,+69.0,+16.8,+17.3,+18.2,+18.6,+19.0,+19.1,+19.1
2023-01-29 10:52,1,+67.2,+67.2,+62.4,+48.7,+51.7,+69.0,+17.1,+17.3,+18.1,+18.6,+19.0,+19.0,+19.2
2023-01-29 11:52,1,+67.1,+67.0,+62.2,+48.7,+51.7,+69.0,+17.3,+17.3,+18.1,+18.6,+19.0,+19.1,+19.2
2023-01-29 12:52,1,+67.1,+66.9,+62.2,+48.7,+51.7,+69.0,+17.5,+17.5,+18.1,+18.6,+19.0,+19.0,+19.2
2023-01-29 13:52,1,+67.0,+66.7,+62.2,+48.5,+51.7,+69.0,+17.7,+17.5,+18.1,+18.6,+19.0,+19.1,+19.2
2023-01-29 14:52,1,+68.7,+66.6,+62.2,+48.5,+51.7,+69.0,+17.7,+17.6,+18.1,+18.6,+19.0,+19.1,+19.2
2023-01-29 15:52,1,+73.8,+71.1,+67.3,+50.0,+55.5,+71.5,+17.7,+17.6,+18.1,+18.5,+18.7,+19.0,+19.1
2023-01-29 16:52,1,+73.8,+73.8,+67.4,+50.0,+55.2,+71.5,+17.8,+17.6,+18.1,+18.5,+19.0,+19.0,+19.1
2023-01-29 17:52,1,+73.7,+72.5,+67.1,+50.5,+54.0,+71.5,+17.7,+17.7,+18.1,+18.5,+19.0,+19.0,+19.1
2023-01-29 18:52,1,+73.7,+73.8,+67.1,+51.4,+54.2,+71.5,+17.7,+17.7,+18.1,+18.5,+19.0,+19.0,+19.1
2023-01-29 19:52,1,+73.7,+73.8,+66.9,+50.7,+54.4,+71.5,+17.7,+17.7,+18.1,+18.5,+18.7,+19.0,+19.2
2023-01-29 20:52,1,+73.7,+73.8,+67.0,+51.0,+55.7,+71.5,+17.6,+17.7,+18.1,+18.3,+18.7,+19.0,+19.1
2023-01-29 21:52,1,+73.7,+73.8,+67.0,+51.7,+55.2,+71.5,+17.6,+17.7,+18.1,+18.5,+18.7,+19.0,+19.1
2023-01-29 22:52,1,+73.7,+72.9,+67.0,+51.7,+55.5,+71.5,+17.6,+17.7,+18.1,+18.3,+18.7,+19.0,+19.1
2023-01-29 23:52,1,+73.7,+73.2,+66.8,+52.0,+55.5,+71.5,+17.5,+17.7,+18.1,+18.3,+18.7,+19.0,+19.1
2023-01-30 00:52,1,+73.7,+73.1,+66.9,+52.0,+55.7,+71.5,+17.5,+17.7,+18.1,+18.3,+18.7,+19.0,+19.1
2023-01-30 01:52,1,+73.3,+72.0,+66.9,+51.9,+55.5,+71.5,+17.3,+17.7,+18.1,+18.5,+18.7,+19.0,+19.1
2023-01-30 02:52,1,+72.4,+71.4,+66.3,+52.0,+55.4,+71.5,+17.3,+17.7,+18.1,+18.3,+18.7,+19.0,+19.0
2023-01-30 03:52,1,+71.7,+70.9,+65.5,+50.5,+55.0,+71.5,+17.3,+17.6,+18.1,+18.3,+18.7,+18.7,+19.1
2023-01-30 04:52,1,+71.3,+70.7,+65.4,+50.4,+54.7,+71.5,+17.2,+17.6,+18.1,+18.3,+18.7,+18.7,+19.0
2023-01-30 05:52,1,+71.0,+70.6,+65.1,+50.2,+54.4,+71.5,+17.2,+17.6,+18.1,+18.3,+18.7,+19.0,+19.0
2023-01-30 06:52,1,+70.8,+70.4,+65.0,+50.2,+54.2,+71.5,+17.1,+17.6,+18.1,+18.5,+18.7,+18.7,+19.1
2023-01-30 07:52,1,+70.5,+70.2,+64.8,+50.0,+54.0,+71.5,+17.1,+17.6,+18.1,+18.3,+18.7,+18.7,+19.1
2023-01-30 08:52,1,+70.2,+70.0,+64.5,+50.0,+54.0,+71.5,+17.1,+17.5,+18.1,+18.3,+18.7,+18.7,+19.0
2023-01-30 09:52,1,+69.9,+69.8,+64.4,+50.0,+54.0,+71.5,+17.2,+17.5,+18.0,+18.3,+18.7,+18.7,+19.1
2023-01-30 10:52,1,+69.7,+69.6,+64.3,+50.0,+53.9,+71.4,+17.3,+17.5,+18.0,+18.3,+18.7,+18.7,+19.0
2023-01-30 11:52,1,+69.6,+69.4,+64.0,+50.0,+53.7,+71.4,+17.5,+17.5,+18.0,+18.3,+18.7,+18.7,+19.0
2023-01-30 12:52,1,+69.4,+69.2,+63.9,+49.9,+53.7,+71.3,+17.6,+17.6,+18.0,+18.3,+18.7,+18.7,+19.0
2023-01-30 13:52,1,+69.3,+69.1,+63.7,+49.7,+53.5,+71.0,+17.8,+17.6,+18.0,+18.3,+18.7,+18.7,+19.0
2023-01-30 14:52,1,+69.2,+68.9,+63.7,+49.7,+53.5,+71.0,+18.1,+17.6,+18.0,+18.3,+18.7,+18.7,+19.0
2023-01-30 15:52,1,+69.1,+68.9,+63.7,+49.7,+53.5,+71.0,+18.2,+17.7,+18.0,+18.3,+18.7,+18.7,+19.0
2023-01-30 16:52,1,+69.1,+68.8,+63.7,+49.7,+53.5,+71.0,+18.2,+17.7,+18.0,+18.2,+18.7,+18.7,+19.0
2023-01-30 17:52,1,+69.1,+68.8,+63.5,+49.7,+53.5,+71.0,+18.2,+17.8,+18.1,+18.3,+18.7,+18.7,+19.0
2023-01-30 18:52,1,+69.1,+68.8,+63.5,+49.7,+53.5,+71.0,+18.1,+17.8,+18.1,+18.2,+18.7,+18.7,+19.0
2023-01-30 19:52,1,+69.0,+68.8,+63.5,+49.7,+53.4,+71.0,+18.1,+17.8,+18.1,+18.3,+18.6,+18.7,+19.0
2023-01-30 20:52,1,+69.0,+68.7,+63.5,+49.7,+53.4,+70.9,+18.0,+17.8,+18.1,+18.3,+18.6,+18.7,+19.0
2023-01-30 21:52,1,+69.0,+68.7,+63.5,+49.7,+53.4,+70.9,+18.0,+18.0,+18.1,+18.2,+18.6,+18.7,+18.7
2023-01-30 22:52,1,+68.9,+68.7,+63.5,+49.7,+53.4,+70.9,+17.8,+18.0,+18.1,+18.3,+18.6,+18.7,+18.7
2023-01-30 23:52,1,+68.8,+68.6,+63.4,+49.7,+53.4,+70.9,+17.8,+18.0,+18.1,+18.2,+18.6,+18.7,+18.7
2023-01-31 00:52,1,+68.8,+68.6,+63.4,+49.7,+53.2,+70.8,+17.8,+18.0,+18.1,+18.3,+18.6,+18.7,+18.7
2023-01-31 01:52,1,+68.8,+68.5,+63.4,+49.7,+53.2,+70.8,+17.8,+17.8,+18.1,+18.3,+18.6,+18.7,+18.7
2023-01-31 02:52,1,+68.7,+68.5,+63.2,+49.7,+53.2,+70.8,+17.7,+18.0,+18.1,+18.3,+18.6,+18.7,+18.7
2023-01-31 03:52,1,+73.7,+73.4,+67.0,+50.2,+54.7,+71.5,+17.7,+18.0,+18.2,+18.3,+18.6,+18.7,+18.7
2023-01-31 04:52,1,+69.7,+70.5,+64.6,+50.0,+53.9,+71.5,+17.6,+18.0,+18.1,+18.3,+18.6,+18.7,+18.7
2023-01-31 05:52,1,+69.5,+69.2,+63.5,+50.0,+53.7,+71.5,+17.6,+17.8,+18.1,+18.3,+18.6,+18.7,+19.0
2023-01-31 06:52,1,+69.2,+68.9,+63.4,+49.9,+53.7,+71.3,+17.5,+17.8,+18.1,+18.3,+18.6,+18.7,+18.7
2023-01-31 07:52,1,+69.0,+68.8,+63.2,+49.9,+53.5,+71.0,+17.5,+17.8,+18.1,+18.3,+18.6,+18.7,+18.7
2023-01-31 08:52,1,+68.9,+68.6,+63.2,+49.7,+53.5,+71.0,+17.5,+17.8,+18.2,+18.3,+18.6,+18.7,+18.7
2023-01-31 09:52,1,+69.0,+68.4,+63.0,+49.7,+53.5,+71.0,+17.6,+17.8,+18.1,+18.3,+18.6,+18.7,+18.7
2023-01-31 10:52,1,+68.8,+68.3,+63.0,+49.7,+53.5,+71.0,+17.7,+17.7,+18.1,+18.3,+18.6,+18.7,+18.7
2023-01-31 11:52,1,+68.6,+68.1,+63.0,+49.7,+53.4,+70.9,+18.0,+17.7,+18.1,+18.3,+18.6,+18.7,+18.7
2023-01-31 12:52,1,+68.4,+67.9,+62.7,+49.7,+53.4,+70.8,+18.1,+17.8,+18.1,+18.3,+18.6,+18.7,+18.7
2023-01-31 13:52,1,+68.3,+67.7,+62.7,+49.5,+53.2,+70.8,+18.5,+17.8,+18.1,+18.3,+18.6,+18.6,+18.7
2023-01-31 14:52,1,+68.1,+67.6,+62.7,+49.5,+53.2,+70.8,+18.6,+18.0,+18.1,+18.3,+18.6,+18.7,+18.7
2023-01-31 15:52,1,+68.1,+67.5,+62.7,+49.5,+53.2,+70.8,+18.6,+18.1,+18.1,+18.3,+18.6,+18.7,+18.7
2023-01-31 16:52,1,+68.0,+67.5,+62.7,+49.5,+53.2,+70.8,+18.6,+18.1,+18.2,+18.3,+18.6,+18.7,+18.7
2023-01-31 17:52,1,+68.3,+67.5,+62.7,+49.5,+53.2,+70.8,+18.5,+18.1,+18.2,+18.3,+18.6,+18.7,+18.7
2023-01-31 18:52,1,+68.4,+67.5,+62.7,+49.5,+53.2,+70.8,+18.5,+18.1,+18.2,+18.3,+18.6,+18.7,+18.7
2023-01-31 19:52,1,+68.3,+67.5,+62.7,+49.5,+53.2,+70.5,+18.3,+18.1,+18.2,+18.3,+18.6,+18.7,+18.7
2023-01-31 20:52,1,+68.3,+67.5,+62.7,+49.5,+53.2,+70.5,+18.2,+18.2,+18.2,+18.3,+18.6,+18.7,+18.7
2023-01-31 21:52,1,+68.2,+67.5,+62.5,+49.5,+53.0,+70.5,+18.1,+18.2,+18.2,+18.3,+18.6,+18.7,+18.7
2023-01-31 22:52,1,+68.1,+67.4,+62.5,+49.5,+53.0,+70.5,+18.0,+18.1,+18.2,+18.3,+18.6,+18.7,+18.7
2023-01-31 23:52,1,+68.1,+67.4,+62.5,+49.5,+53.0,+70.5,+17.8,+18.1,+18.2,+18.3,+18.6,+18.6,+18.7
2023-02-01 00:52,1,+68.0,+67.4,+62.5,+49.5,+53.0,+70.5,+17.8,+18.1,+18.3,+18.3,+18.6,+18.7,+18.7
2023-02-01 01:52,1,+68.0,+67.3,+62.5,+49.5,+53.0,+70.5,+17.7,+18.1,+18.3,+18.3,+18.6,+18.7,+18.7
2023-02-01 02:52,1,+68.0,+67.3,+62.5,+49.5,+53.0,+70.5,+17.7,+18.0,+18.3,+18.5,+18.6,+18.6,+18.7
2023-02-01 03:52,1,+67.9,+67.3,+62.5,+49.5,+52.9,+70.5,+17.7,+18.0,+18.3,+18.3,+18.6,+18.7,+18.7
2023-02-01 04:52,1,+67.8,+67.3,+62.5,+49.5,+52.9,+70.4,+17.6,+18.0,+18.3,+18.3,+18.6,+18.6,+18.7
2023-02-01 05:52,1,+67.8,+67.2,+62.5,+49.4,+52.7,+70.3,+17.6,+18.0,+18.2,+18.3,+18.6,+18.6,+18.7
2023-02-01 06:52,1,+67.7,+67.2,+62.5,+49.4,+52.7,+70.3,+17.5,+18.0,+18.2,+18.3,+18.6,+18.6,+18.7
2023-02-01 07:52,1,+67.5,+67.0,+62.5,+49.4,+52.5,+70.3,+17.5,+17.8,+18.2,+18.5,+18.6,+18.7,+18.7
2023-02-01 08:52,1,+67.3,+66.9,+62.4,+49.4,+52.5,+70.3,+17.6,+17.8,+18.2,+18.3,+18.6,+18.7,+18.7
2023-02-01 09:52,1,+67.1,+66.8,+62.2,+49.2,+52.5,+70.0,+17.6,+17.8,+18.2,+18.3,+18.6,+18.7,+18.7
2023-02-01 10:52,1,+66.8,+66.6,+62.2,+49.2,+52.5,+70.0,+17.7,+17.8,+18.2,+18.3,+18.6,+18.6,+18.7
2023-02-01 11:52,1,+66.7,+66.6,+62.2,+49.2,+52.5,+70.0,+17.8,+17.8,+18.2,+18.3,+18.6,+18.6,+18.7
2023-02-01 12:52,1,+66.5,+66.5,+62.0,+49.2,+52.4,+70.0,+18.1,+17.8,+18.2,+18.3,+18.6,+18.6,+18.7
2023-02-01 13:52,1,+66.3,+66.3,+62.0,+49.0,+52.4,+70.0,+18.3,+17.8,+18.1,+18.3,+18.6,+18.6,+18.7
2023-02-01 14:52,1,+66.2,+66.2,+61.9,+49.0,+52.4,+70.0,+18.5,+18.0,+18.2,+18.3,+18.6,+18.7,+18.7
2023-02-01 15:52,1,+66.1,+66.1,+61.9,+49.0,+52.2,+70.0,+18.5,+18.0,+18.2,+18.3,+18.6,+18.6,+18.7
2023-02-01 16:52,1,+66.0,+66.1,+61.9,+49.0,+52.2,+70.0,+18.5,+18.1,+18.2,+18.3,+18.6,+18.7,+18.7
2023-02-01 17:52,1,+65.9,+66.1,+61.9,+49.0,+52.2,+70.0,+18.3,+18.1,+18.2,+18.3,+18.6,+18.7,+18.7
2023-02-01 18:52,1,+65.9,+66.1,+61.9,+49.0,+52.2,+70.0,+18.2,+18.2,+18.2,+18.3,+18.6,+18.7,+18.7
2023-02-01 19:52,1,+65.9,+66.1,+61.9,+49.0,+52.2,+70.0,+18.2,+18.2,+18.2,+18.3,+18.6,+18.7,+18.7
2023-02-01 20:52,1,+66.9,+68.2,+62.7,+49.2,+53.2,+71.5,+18.2,+18.1,+18.3,+18.3,+18.6,+18.7,+18.7
2023-02-01 21:52,1,+66.7,+66.8,+62.7,+49.4,+54.0,+70.8,+18.1,+18.2,+18.3,+18.3,+18.6,+18.7,+18.7
2023-02-01 22:52,1,+66.9,+66.2,+62.2,+49.2,+52.7,+70.5,+18.0,+18.2,+18.3,+18.3,+18.6,+18.7,+18.7
2023-02-01 23:52,1,+66.6,+66.6,+62.0,+49.0,+52.5,+70.4,+18.0,+18.1,+18.2,+18.5,+18.6,+18.6,+18.7
2023-02-02 00:52,1,+66.6,+66.3,+62.0,+49.0,+52.5,+70.3,+17.8,+18.1,+18.3,+18.3,+18.6,+18.7,+18.7
2023-02-02 01:52,1,+66.6,+66.3,+61.9,+49.0,+52.5,+70.3,+17.8,+18.1,+18.3,+18.5,+18.6,+18.6,+18.7
2023-02-02 02:52,1,+66.6,+66.1,+61.9,+49.0,+52.5,+70.3,+17.8,+18.1,+18.3,+18.3,+18.6,+18.7,+18.7
2023-02-02 03:52,1,+73.7,+73.8,+64.0,+50.4,+53.5,+71.5,+17.7,+18.1,+18.3,+18.3,+18.6,+18.6,+18.7
2023-02-02 04:52,1,+73.7,+73.8,+66.5,+51.0,+54.0,+71.5,+17.7,+18.1,+18.3,+18.3,+18.6,+18.6,+18.7
2023-02-02 05:52,1,+73.7,+73.8,+67.3,+52.0,+54.0,+71.5,+17.7,+18.0,+18.3,+18.5,+18.6,+18.7,+18.7
2023-02-02 06:52,1,+73.7,+71.2,+67.0,+50.7,+54.0,+71.5,+17.7,+18.0,+18.2,+18.3,+18.6,+18.6,+18.7
2023-02-02 07:52,1,+73.7,+73.1,+67.3,+51.7,+54.0,+71.5,+17.6,+18.0,+18.3,+18.3,+18.6,+18.6,+18.7
2023-02-02 08:52,1,+73.7,+73.8,+67.3,+51.7,+54.2,+71.5,+17.6,+18.0,+18.2,+18.5,+18.6,+18.7,+18.7
2023-02-02 09:52,1,+73.7,+71.6,+63.7,+50.7,+54.2,+71.5,+17.5,+17.8,+18.2,+18.5,+18.6,+18.7,+18.7
2023-02-02 10:52,1,+73.8,+72.0,+62.7,+50.4,+53.7,+71.5,+17.6,+17.8,+18.3,+18.5,+18.6,+18.7,+18.7
2023-02-02 11:52,1,+73.1,+71.6,+62.7,+50.2,+53.7,+71.5,+17.7,+17.8,+18.2,+18.5,+18.6,+18.6,+18.7
2023-02-02 12:52,1,+72.5,+70.9,+62.7,+50.0,+53.5,+71.5,+17.8,+17.8,+18.2,+18.5,+18.6,+18.6,+18.7
2023-02-02 13:52,1,+72.1,+70.8,+62.7,+50.0,+53.5,+71.5,+18.1,+17.8,+18.2,+18.5,+18.6,+18.7,+18.7
2023-02-02 14:52,1,+71.8,+70.7,+62.9,+50.0,+53.5,+71.5,+18.2,+17.8,+18.2,+18.3,+18.6,+18.6,+18.7
2023-02-02 15:52,1,+71.6,+70.6,+63.0,+50.0,+53.4,+71.5,+18.2,+18.0,+18.2,+18.3,+18.7,+18.7,+18.7
2023-02-02 16:52,1,+71.6,+70.5,+63.2,+50.0,+53.4,+71.5,+18.2,+18.0,+18.2,+18.3,+18.6,+18.6,+18.7
2023-02-02 17:52,1,+71.5,+70.4,+63.5,+50.0,+53.2,+71.5,+18.2,+18.0,+18.2,+18.5,+18.6,+18.7,+18.7
2023-02-02 18:52,1,+71.4,+70.4,+63.5,+50.0,+53.4,+71.5,+18.2,+18.1,+18.2,+18.5,+18.6,+18.7,+18.7
2023-02-02 19:52,1,+71.4,+70.4,+63.7,+50.0,+53.2,+71.5,+18.2,+18.1,+18.2,+18.3,+18.6,+18.7,+18.7
2023-02-02 20:52,1,+71.3,+70.3,+63.7,+50.0,+53.2,+71.5,+18.1,+18.1,+18.2,+18.3,+18.6,+18.7,+18.7
2023-02-02 21:52,1,+71.2,+70.3,+63.7,+50.0,+53.2,+71.5,+18.0,+18.1,+18.2,+18.5,+18.6,+18.7,+18.7
2023-02-02 22:52,1,+71.2,+70.3,+63.9,+50.0,+53.2,+71.5,+18.0,+18.1,+18.2,+18.3,+18.6,+18.7,+18.7
2023-02-02 23:52,1,+71.2,+70.3,+63.7,+50.0,+53.2,+71.5,+18.0,+18.1,+18.2,+18.3,+18.6,+18.6,+18.7
2023-02-03 00:52,1,+71.1,+70.2,+63.5,+50.0,+53.2,+71.5,+17.8,+18.1,+18.2,+18.3,+18.6,+18.7,+18.7
2023-02-03 01:52,1,+71.1,+70.2,+63.5,+50.0,+53.2,+71.5,+17.8,+18.1,+18.3,+18.5,+18.6,+18.7,+18.7
2023-02-03 02:52,1,+71.1,+70.2,+63.5,+50.0,+53.2,+71.5,+17.7,+18.0,+18.3,+18.5,+18.6,+18.6,+18.7
2023-02-03 03:52,1,+71.0,+70.2,+63.5,+50.0,+53.2,+71.5,+17.7,+18.0,+18.2,+18.5,+18.6,+18.7,+18.7
2023-02-03 04:52,1,+70.9,+70.1,+63.5,+50.0,+53.2,+71.5,+17.6,+18.0,+18.2,+18.5,+18.6,+18.7,+18.7
2023-02-03 05:52,1,+70.9,+70.1,+63.5,+50.0,+53.2,+71.5,+17.6,+17.8,+18.2,+18.3,+18.6,+18.7,+18.7
2023-02-03 06:52,1,+70.9,+70.1,+63.5,+50.0,+53.2,+71.5,+17.6,+17.8,+18.2,+18.5,+18.6,+18.7,+18.7
2023-02-03 07:52,1,+70.8,+70.1,+63.5,+50.0,+53.2,+71.4,+17.5,+17.8,+18.2,+18.3,+18.6,+18.7,+18.7
2023-02-03 08:52,1,+70.8,+70.0,+63.5,+50.0,+53.2,+71.4,+17.5,+17.8,+18.2,+18.3,+18.6,+18.7,+18.7
2023-02-03 09:52,1,+70.8,+70.0,+63.4,+50.0,+53.2,+71.4,+17.6,+17.8,+18.3,+18.3,+18.6,+18.7,+18.7
2023-02-03 10:52,1,+70.8,+69.8,+63.4,+50.0,+53.2,+71.3,+17.6,+17.8,+18.2,+18.3,+18.6,+18.6,+18.7
2023-02-03 11:52,1,+70.7,+69.7,+63.2,+50.0,+53.0,+71.3,+17.7,+17.8,+18.2,+18.3,+18.6,+18.7,+18.7
2023-02-03 12:52,1,+70.5,+69.6,+63.2,+50.0,+53.0,+71.3,+18.0,+17.8,+18.2,+18.3,+18.6,+18.7,+18.7
2023-02-03 13:52,1,+70.4,+69.4,+63.0,+50.0,+53.0,+71.0,+18.1,+17.8,+18.2,+18.3,+18.6,+18.6,+18.7
2023-02-03 14:52,1,+70.2,+69.3,+63.0,+50.0,+53.0,+71.0,+18.2,+18.0,+18.2,+18.3,+18.6,+18.7,+18.7
2023-02-03 15:52,1,+70.2,+69.2,+63.0,+50.0,+53.0,+71.0,+18.3,+18.0,+18.2,+18.3,+18.6,+18.6,+18.7
2023-02-03 16:52,1,+70.0,+69.2,+63.0,+50.0,+53.0,+71.0,+18.3,+18.1,+18.2,+18.5,+18.6,+18.7,+18.7
2023-02-03 17:52,1,+69.9,+69.1,+63.0,+50.0,+53.0,+71.0,+18.2,+18.1,+18.2,+18.3,+18.6,+18.7,+18.7
2023-02-03 18:52,1,+69.9,+69.1,+63.0,+50.0,+53.0,+71.0,+18.2,+18.1,+18.2,+18.3,+18.6,+18.7,+18.7
2023-02-03 19:52,1,+69.9,+69.1,+63.0,+50.0,+53.0,+71.0,+18.2,+18.1,+18.2,+18.5,+18.6,+18.7,+18.7
2023-02-03 20:52,1,+69.9,+69.1,+63.0,+50.0,+53.0,+71.0,+18.1,+18.1,+18.2,+18.3,+18.6,+18.6,+18.7
2023-02-03 21:52,1,+69.8,+69.1,+63.0,+49.9,+53.0,+71.0,+18.0,+18.1,+18.2,+18.5,+18.6,+18.7,+18.7
2023-02-03 22:52,1,+69.8,+69.1,+63.0,+49.9,+52.9,+71.0,+18.0,+18.1,+18.3,+18.3,+18.6,+18.7,+18.7
2023-02-03 23:52,1,+69.7,+69.1,+63.0,+49.9,+52.9,+71.0,+17.8,+18.1,+18.3,+18.5,+18.6,+18.7,+18.7
2023-02-04 00:52,1,+69.7,+69.1,+63.0,+49.9,+52.9,+71.0,+17.8,+18.0,+18.2,+18.3,+18.6,+18.6,+18.7
2023-02-04 01:52,1,+69.6,+69.1,+63.0,+49.9,+52.9,+71.0,+17.8,+18.1,+18.2,+18.3,+18.6,+18.7,+18.7
2023-02-04 02:52,1,+69.6,+69.0,+63.0,+49.7,+52.9,+70.9,+17.7,+18.0,+18.2,+18.5,+18.6,+18.7,+18.7
2023-02-04 03:52,1,+73.7,+73.8,+66.5,+54.0,+56.2,+71.5,+17.7,+18.0,+18.3,+18.3,+18.6,+18.7,+18.7
2023-02-04 04:52,1,+73.7,+72.8,+66.6,+54.9,+55.4,+71.5,+17.7,+18.0,+18.2,+18.3,+18.6,+18.7,+18.7
2023-02-04 05:52,1,+73.7,+72.3,+66.5,+51.9,+54.0,+71.5,+17.6,+18.0,+18.3,+18.5,+18.6,+18.7,+18.7
2023-02-04 06:52,1,+73.7,+72.6,+66.6,+52.2,+54.0,+71.5,+17.6,+18.0,+18.2,+18.5,+18.6,+18.7,+18.7
2023-02-04 07:52,1,+73.7,+71.5,+64.1,+50.5,+54.0,+71.5,+17.5,+17.8,+18.2,+18.5,+18.6,+18.7,+18.7
2023-02-04 08:52,1,+73.6,+71.5,+63.7,+50.4,+54.0,+71.5,+17.5,+17.8,+18.3,+18.5,+18.6,+18.7,+18.7
2023-02-04 09:52,1,+73.1,+71.4,+63.7,+50.2,+54.0,+71.5,+17.6,+17.8,+18.2,+18.3,+18.6,+18.7,+18.7
2023-02-04 10:52,1,+72.7,+71.3,+63.7,+50.2,+53.9,+71.5,+17.6,+17.8,+18.2,+18.3,+18.6,+18.7,+18.7
2023-02-04 11:52,1,+72.4,+71.1,+63.7,+50.0,+53.9,+71.5,+17.6,+17.8,+18.2,+18.3,+18.6,+18.6,+18.7
2023-02-04 12:52,1,+72.1,+71.0,+63.7,+50.0,+53.7,+71.5,+17.7,+17.7,+18.2,+18.5,+18.6,+18.7,+18.7
2023-02-04 13:52,1,+71.9,+70.9,+63.7,+50.0,+53.7,+71.5,+17.8,+17.8,+18.1,+18.3,+18.6,+18.7,+18.7
2023-02-04 14:52,1,+71.7,+70.8,+63.7,+50.0,+53.7,+71.5,+17.8,+17.8,+18.2,+18.5,+18.6,+18.6,+18.7
2023-02-04 15:52,1,+71.5,+70.8,+63.7,+50.0,+53.7,+71.5,+18.0,+17.8,+18.2,+18.3,+18.6,+18.6,+18.7
2023-02-04 16:52,1,+71.4,+70.7,+63.7,+50.0,+53.7,+71.5,+18.0,+17.8,+18.2,+18.3,+18.6,+18.7,+18.7
2023-02-04 17:52,1,+71.3,+70.7,+63.7,+50.0,+53.7,+71.5,+17.8,+18.0,+18.2,+18.3,+18.6,+18.7,+18.7
2023-02-04 18:52,1,+71.3,+70.6,+63.7,+50.0,+53.5,+71.5,+17.8,+18.0,+18.1,+18.3,+18.6,+18.6,+18.7
2023-02-04 19:52,1,+71.2,+70.6,+63.7,+50.0,+53.5,+71.5,+17.7,+18.0,+18.2,+18.3,+18.6,+18.7,+18.7
2023-02-04 20:52,1,+71.1,+70.5,+63.7,+50.0,+53.5,+71.5,+17.7,+18.0,+18.2,+18.3,+18.6,+18.7,+18.7
2023-02-04 21:52,1,+71.0,+70.5,+63.7,+50.0,+53.5,+71.5,+17.6,+17.8,+18.2,+18.3,+18.6,+18.7,+18.7
2023-02-04 22:52,1,+70.9,+70.5,+63.7,+50.0,+53.5,+71.5,+17.6,+17.8,+18.2,+18.3,+18.6,+18.6,+18.7
2023-02-04 23:52,1,+70.9,+70.4,+63.7,+50.0,+53.5,+71.5,+17.5,+17.8,+18.2,+18.3,+18.6,+18.7,+18.7
2023-02-05 00:52,1,+70.8,+70.4,+63.7,+50.0,+53.5,+71.5,+17.3,+17.8,+18.2,+18.3,+18.6,+18.6,+18.7
2023-02-05 01:52,1,+70.8,+70.3,+63.7,+50.0,+53.5,+71.5,+17.3,+17.8,+18.2,+18.3,+18.6,+18.7,+18.7
2023-02-05 02:52,1,+70.8,+70.3,+63.7,+50.0,+53.5,+71.5,+17.3,+17.7,+18.2,+18.3,+18.6,+18.6,+18.7
2023-02-05 03:52,1,+70.7,+70.2,+63.5,+50.0,+53.5,+71.5,+17.2,+17.7,+18.2,+18.3,+18.6,+18.7,+18.7
2023-02-05 04:52,1,+70.6,+70.2,+63.5,+50.0,+53.5,+71.5,+17.2,+17.7,+18.2,+18.3,+18.6,+18.6,+18.7
2023-02-05 05:52,1,+70.6,+70.2,+63.5,+50.0,+53.5,+71.5,+17.2,+17.7,+18.2,+18.3,+18.6,+18.6,+18.7
2023-02-05 06:52,1,+70.5,+70.1,+63.5,+50.0,+53.4,+71.5,+17.1,+17.6,+18.1,+18.3,+18.6,+18.7,+18.7
2023-02-05 07:52,1,+70.4,+70.0,+63.5,+50.0,+53.4,+71.5,+17.1,+17.6,+18.1,+18.3,+18.6,+18.7,+18.7
2023-02-05 08:52,1,+70.3,+69.9,+63.5,+50.0,+53.4,+71.5,+17.1,+17.6,+18.1,+18.3,+18.6,+18.7,+18.7
2023-02-05 09:52,1,+70.2,+69.9,+63.4,+50.0,+53.4,+71.5,+17.2,+17.6,+18.1,+18.3,+18.6,+18.7,+18.7
2023-02-05 10:52,1,+70.2,+69.9,+63.4,+50.0,+53.4,+71.5,+17.1,+17.6,+18.1,+18.3,+18.6,+18.6,+18.7
2023-02-05 11:52,1,+70.2,+69.8,+63.4,+50.0,+53.2,+71.5,+17.2,+17.6,+18.1,+18.3,+18.6,+18.6,+18.7
2023-02-05 12:52,1,+70.0,+69.6,+63.2,+49.9,+53.2,+71.4,+17.3,+17.5,+18.0,+18.3,+18.6,+18.6,+18.7
2023-02-05 13:52,1,+70.0,+69.5,+63.2,+49.9,+53.2,+71.4,+17.5,+17.6,+18.0,+18.3,+18.6,+18.6,+18.7
2023-02-05 14:52,1,+69.8,+69.4,+63.2,+49.9,+53.2,+71.4,+17.5,+17.6,+18.0,+18.2,+18.6,+18.7,+18.7
2023-02-05 15:52,1,+69.8,+69.4,+63.2,+49.9,+53.2,+71.4,+17.5,+17.6,+18.0,+18.3,+18.6,+18.6,+18.7
2023-02-05 16:52,1,+69.8,+69.4,+63.2,+49.7,+53.2,+71.4,+17.6,+17.6,+18.0,+18.2,+18.6,+18.7,+18.7
2023-02-05 17:52,1,+69.7,+69.3,+63.2,+49.7,+53.2,+71.4,+17.5,+17.6,+18.0,+18.3,+18.6,+18.6,+18.7
2023-02-05 18:52,1,+69.7,+69.3,+63.0,+49.7,+53.2,+71.4,+17.5,+17.6,+18.0,+18.2,+18.6,+18.6,+18.7
2023-02-05 19:52,1,+69.7,+69.3,+63.0,+49.7,+53.2,+71.3,+17.5,+17.6,+18.0,+18.2,+18.6,+18.7,+18.7
2023-02-05 20:52,1,+69.6,+69.3,+63.0,+49.7,+53.2,+71.4,+17.5,+17.6,+18.0,+18.3,+18.6,+18.6,+18.7
2023-02-05 21:52,1,+69.6,+69.2,+63.0,+49.7,+53.2,+71.3,+17.3,+17.6,+18.0,+18.2,+18.6,+18.6,+18.7
2023-02-05 22:52,1,+69.6,+69.2,+63.0,+49.7,+53.0,+71.3,+17.5,+17.6,+18.0,+18.2,+18.6,+18.6,+18.7
2023-02-05 23:52,1,+69.5,+69.1,+63.0,+49.7,+53.0,+71.3,+17.5,+17.6,+18.0,+18.2,+18.6,+18.6,+18.7
2023-02-06 00:52,1,+69.5,+69.1,+63.0,+49.7,+53.0,+71.3,+17.3,+17.6,+18.1,+18.2,+18.6,+18.6,+18.7
2023-02-06 01:52,1,+69.5,+69.1,+63.0,+49.5,+53.0,+71.3,+17.3,+17.7,+18.0,+18.3,+18.6,+18.6,+18.7
2023-02-06 02:52,1,+69.4,+69.1,+63.0,+49.5,+53.0,+71.3,+17.3,+17.6,+18.0,+18.2,+18.5,+18.6,+18.7
2023-02-06 03:52,1,+69.4,+69.0,+62.9,+49.5,+53.0,+71.3,+17.5,+17.6,+18.0,+18.2,+18.6,+18.6,+18.7
2023-02-06 04:52,1,+69.4,+69.0,+62.9,+49.5,+53.0,+71.0,+17.3,+17.6,+18.0,+18.3,+18.6,+18.6,+18.7
2023-02-06 05:52,1,+69.4,+69.0,+62.9,+49.5,+53.0,+71.3,+17.5,+17.6,+18.0,+18.3,+18.6,+18.6,+18.7
2023-02-06 06:52,1,+69.3,+69.0,+62.9,+49.5,+53.0,+71.3,+17.3,+17.6,+18.0,+18.2,+18.5,+18.6,+18.7
2023-02-06 07:52,1,+69.3,+68.9,+62.7,+49.5,+52.9,+71.0,+17.5,+17.6,+18.0,+18.2,+18.6,+18.6,+18.7
2023-02-06 08:52,1,+69.7,+73.8,+63.7,+49.7,+54.0,+71.0,+17.5,+17.6,+18.0,+18.2,+18.5,+18.6,+18.7
2023-02-06 09:52,1,+73.7,+73.7,+67.3,+51.0,+55.7,+71.5,+17.5,+17.6,+18.1,+18.2,+18.6,+18.7,+18.7
2023-02-06 10:52,1,+73.7,+72.4,+66.5,+51.9,+54.5,+71.5,+17.5,+17.7,+18.0,+18.2,+18.6,+18.6,+18.7
2023-02-06 11:52,1,+72.8,+69.9,+63.4,+52.0,+54.0,+71.5,+17.6,+17.7,+18.0,+18.2,+18.5,+18.6,+18.7
2023-02-06 12:52,1,+72.3,+69.7,+63.2,+51.9,+54.0,+71.5,+17.7,+17.7,+18.0,+18.2,+18.5,+18.6,+18.7
2023-02-06 13:52,1,+72.1,+69.7,+63.2,+51.7,+54.0,+71.5,+17.7,+17.7,+18.0,+18.2,+18.6,+18.6,+18.7
2023-02-06 14:52,1,+72.0,+69.7,+63.2,+51.2,+53.9,+71.5,+17.8,+17.7,+18.0,+18.2,+18.5,+18.6,+18.7
2023-02-06 15:52,1,+71.8,+69.7,+63.0,+50.5,+53.7,+71.5,+17.8,+17.7,+18.0,+18.2,+18.5,+18.6,+18.7
2023-02-06 16:52,1,+71.7,+69.8,+63.0,+50.0,+53.7,+71.5,+17.8,+17.7,+18.0,+18.2,+18.5,+18.6,+18.7
2023-02-06 17:52,1,+71.7,+69.8,+63.0,+50.0,+53.7,+71.5,+17.8,+17.7,+18.0,+18.2,+18.6,+18.6,+18.7
2023-02-06 18:52,1,+73.7,+73.4,+68.0,+54.2,+55.5,+71.5,+18.0,+17.8,+18.0,+18.2,+18.5,+18.6,+18.7
2023-02-06 19:52,1,+73.8,+73.8,+67.3,+54.0,+56.2,+71.5,+17.8,+17.8,+18.1,+18.2,+18.6,+18.6,+18.7
2023-02-06 20:52,1,+73.8,+73.8,+66.8,+52.7,+56.2,+71.5,+18.0,+17.8,+18.0,+18.2,+18.5,+18.6,+18.7
2023-02-06 21:52,1,+73.7,+73.8,+67.0,+52.5,+56.7,+71.5,+17.8,+17.8,+18.0,+18.2,+18.6,+18.6,+18.7
2023-02-06 22:52,1,+73.7,+73.8,+68.5,+52.9,+55.5,+71.5,+18.0,+17.8,+18.1,+18.2,+18.5,+18.6,+18.7
2023-02-06 23:52,1,+73.7,+73.8,+69.1,+53.0,+55.7,+71.5,+17.8,+17.8,+18.1,+18.2,+18.5,+18.6,+18.7
2023-02-07 00:52,1,+73.8,+73.8,+67.4,+51.7,+56.4,+71.5,+18.0,+17.8,+18.1,+18.2,+18.5,+18.6,+18.7
2023-02-07 01:52,1,+73.8,+73.8,+67.5,+51.5,+56.0,+71.5,+18.0,+17.8,+18.1,+18.2,+18.5,+18.6,+18.7
2023-02-07 02:52,1,+73.8,+73.8,+67.4,+51.5,+55.7,+71.5,+18.0,+18.0,+18.1,+18.2,+18.6,+18.6,+18.7
2023-02-07 03:52,1,+73.8,+73.3,+67.6,+52.2,+55.7,+71.5,+18.0,+17.8,+18.1,+18.2,+18.5,+18.6,+18.7
2023-02-07 04:52,1,+73.8,+73.4,+67.1,+52.5,+55.2,+71.5,+18.0,+18.0,+18.1,+18.2,+18.5,+18.6,+18.7
2023-02-07 05:52,1,+73.8,+73.0,+66.5,+51.9,+55.2,+71.5,+18.0,+18.0,+18.1,+18.2,+18.6,+18.6,+18.7
2023-02-07 06:52,1,+73.8,+73.0,+66.3,+51.4,+55.0,+71.5,+18.0,+17.8,+18.1,+18.2,+18.5,+18.6,+18.7
2023-02-07 07:52,1,+73.8,+72.8,+66.1,+51.4,+55.0,+71.5,+18.0,+17.8,+18.1,+18.3,+18.5,+18.6,+18.7
2023-02-07 08:52,1,+73.6,+72.7,+66.0,+51.2,+55.0,+71.5,+18.0,+18.0,+18.1,+18.2,+18.5,+18.6,+18.7
2023-02-07 09:52,1,+73.4,+72.6,+66.0,+51.2,+54.9,+71.5,+18.0,+18.0,+18.1,+18.2,+18.5,+18.6,+18.7
2023-02-07 10:52,1,+73.3,+72.4,+65.8,+51.2,+54.7,+71.5,+18.1,+18.0,+18.2,+18.2,+18.5,+18.6,+18.7
2023-02-07 11:52,1,+73.1,+72.3,+65.6,+51.2,+54.7,+71.5,+18.1,+18.0,+18.1,+18.2,+18.5,+18.6,+18.7
2023-02-07 12:52,1,+72.9,+72.2,+65.5,+51.2,+54.7,+71.5,+18.2,+18.0,+18.1,+18.2,+18.5,+18.6,+18.7
2023-02-07 13:52,1,+72.7,+72.0,+65.4,+51.0,+54.5,+71.5,+18.3,+18.1,+18.2,+18.2,+18.5,+18.6,+18.7
2023-02-07 14:52,1,+72.6,+71.9,+65.4,+51.0,+54.5,+71.5,+18.5,+18.1,+18.2,+18.3,+18.5,+18.6,+18.7
2023-02-07 15:52,1,+72.5,+71.8,+65.3,+51.0,+54.5,+71.5,+18.5,+18.1,+18.2,+18.3,+18.5,+18.6,+18.7
2023-02-07 16:52,1,+72.5,+71.8,+65.1,+51.0,+54.5,+71.5,+18.5,+18.1,+18.2,+18.3,+18.5,+18.6,+18.7
2023-02-07 17:52,1,+72.4,+71.7,+65.0,+51.0,+54.5,+71.5,+18.5,+18.1,+18.2,+18.2,+18.5,+18.6,+18.7
2023-02-07 18:52,1,+73.7,+71.7,+65.0,+51.0,+54.4,+71.5,+18.5,+18.2,+18.2,+18.3,+18.5,+18.5,+18.7
2023-02-07 19:52,1,+73.5,+73.8,+65.8,+51.2,+54.7,+71.5,+18.5,+18.2,+18.2,+18.2,+18.6,+18.6,+18.7
2023-02-07 20:52,1,+73.5,+73.5,+66.0,+51.2,+54.5,+71.5,+18.3,+18.2,+18.2,+18.2,+18.6,+18.6,+18.7
2023-02-07 21:52,1,+73.7,+73.8,+65.8,+51.2,+54.7,+71.5,+18.3,+18.2,+18.2,+18.3,+18.5,+18.6,+18.7
2023-02-07 22:52,1,+73.6,+72.5,+65.6,+51.2,+54.5,+71.5,+18.3,+18.2,+18.3,+18.3,+18.5,+18.6,+18.7
2023-02-07 23:52,1,+73.2,+72.2,+65.0,+51.0,+54.5,+71.5,+18.2,+18.2,+18.3,+18.2,+18.6,+18.6,+18.7
2023-02-08 00:52,1,+73.2,+72.2,+65.0,+51.0,+54.5,+71.5,+18.2,+18.2,+18.3,+18.3,+18.5,+18.6,+18.7
2023-02-08 01:52,1,+73.3,+72.2,+65.0,+51.0,+54.5,+71.5,+18.1,+18.2,+18.2,+18.3,+18.5,+18.6,+18.7
2023-02-08 02:52,1,+73.3,+72.2,+65.0,+51.0,+54.5,+71.5,+18.1,+18.2,+18.3,+18.3,+18.6,+18.6,+18.7
2023-02-08 03:52,1,+73.2,+72.1,+65.0,+51.0,+54.5,+71.5,+18.0,+18.2,+18.3,+18.3,+18.5,+18.6,+18.7
2023-02-08 04:52,1,+73.2,+72.1,+65.0,+51.0,+54.5,+71.5,+18.1,+18.1,+18.3,+18.3,+18.5,+18.6,+18.7
2023-02-08 05:52,1,+73.1,+72.1,+65.0,+51.0,+54.5,+71.5,+18.0,+18.1,+18.3,+18.3,+18.5,+18.6,+18.7
2023-02-08 06:52,1,+73.1,+72.0,+64.9,+51.0,+54.5,+71.5,+18.0,+18.1,+18.3,+18.3,+18.5,+18.6,+18.7
2023-02-08 07:52,1,+72.9,+72.0,+64.9,+51.0,+54.4,+71.5,+17.8,+18.1,+18.3,+18.3,+18.6,+18.6,+18.7
2023-02-08 08:52,1,+72.9,+71.9,+64.8,+51.0,+54.5,+71.5,+17.8,+18.1,+18.3,+18.3,+18.6,+18.6,+18.7
2023-02-08 09:52,1,+72.8,+71.9,+64.8,+51.0,+54.4,+71.5,+18.0,+18.1,+18.3,+18.3,+18.5,+18.6,+18.7
2023-02-08 10:52,1,+72.6,+71.7,+64.6,+51.0,+54.4,+71.5,+18.0,+18.1,+18.3,+18.3,+18.6,+18.6,+18.7
2023-02-08 11:52,1,+72.4,+71.5,+64.5,+51.0,+54.4,+71.5,+18.2,+18.1,+18.2,+18.3,+18.5,+18.6,+18.7
2023-02-08 12:52,1,+72.3,+71.4,+64.5,+50.9,+54.4,+71.5,+18.3,+18.1,+18.3,+18.3,+18.6,+18.6,+18.7
2023-02-08 13:52,1,+72.1,+71.2,+64.4,+50.9,+54.2,+71.5,+18.6,+18.1,+18.2,+18.3,+18.6,+18.6,+18.7
2023-02-08 14:52,1,+72.0,+71.0,+64.3,+50.9,+54.2,+71.5,+18.6,+18.1,+18.3,+18.3,+18.6,+18.6,+18.7
2023-02-08 15:52,1,+72.0,+70.9,+64.3,+50.9,+54.2,+71.5,+18.7,+18.2,+18.3,+18.3,+18.6,+18.6,+18.7
2023-02-08 16:52,1,+72.0,+70.9,+64.3,+50.9,+54.2,+71.5,+18.7,+18.3,+18.3,+18.3,+18.6,+18.6,+18.7
2023-02-08 17:52,1,+72.0,+70.8,+64.3,+50.9,+54.2,+71.5,+18.7,+18.3,+18.3,+18.3,+18.6,+18.6,+18.7
2023-02-08 18:52,1,+71.9,+70.9,+64.3,+50.9,+54.2,+71.5,+18.6,+18.3,+18.3,+18.5,+18.6,+18.6,+18.7
2023-02-08 19:52,1,+71.9,+70.8,+64.3,+50.9,+54.2,+71.5,+18.6,+18.3,+18.3,+18.3,+18.6,+18.6,+18.7
2023-02-08 20:52,1,+71.9,+70.8,+64.3,+50.9,+54.0,+71.5,+18.6,+18.5,+18.3,+18.3,+18.6,+18.6,+18.7
2023-02-08 21:52,1,+71.9,+70.8,+64.3,+50.9,+54.0,+71.5,+18.5,+18.3,+18.3,+18.5,+18.6,+18.6,+18.7
2023-02-08 22:52,1,+72.0,+70.8,+64.1,+50.7,+54.0,+71.5,+18.3,+18.5,+18.5,+18.5,+18.6,+18.6,+18.7
2023-02-08 23:52,1,+72.0,+70.8,+64.1,+50.7,+54.0,+71.5,+18.2,+18.3,+18.5,+18.5,+18.6,+18.6,+18.7
2023-02-09 00:52,1,+72.0,+70.8,+64.1,+50.7,+54.0,+71.5,+18.2,+18.3,+18.5,+18.5,+18.6,+18.6,+18.7
2023-02-09 01:52,1,+72.1,+70.7,+64.0,+50.7,+54.0,+71.5,+18.2,+18.3,+18.5,+18.5,+18.6,+18.6,+18.7
2023-02-09 02:52,1,+72.0,+70.7,+64.0,+50.7,+54.0,+71.5,+18.1,+18.3,+18.5,+18.5,+18.6,+18.7,+18.7
2023-02-09 03:52,1,+71.9,+70.7,+64.0,+50.7,+54.0,+71.5,+18.1,+18.3,+18.5,+18.5,+18.6,+18.6,+18.7
2023-02-09 04:52,1,+71.9,+70.6,+64.0,+50.7,+54.0,+71.5,+18.0,+18.2,+18.5,+18.5,+18.6,+18.6,+18.7
2023-02-09 05:52,1,+71.8,+70.6,+64.0,+50.7,+54.0,+71.5,+18.0,+18.2,+18.5,+18.5,+18.6,+18.6,+18.7
2023-02-09 06:52,1,+71.7,+70.5,+64.0,+50.7,+54.0,+71.5,+17.8,+18.2,+18.5,+18.5,+18.6,+18.6,+18.7
2023-02-09 07:52,1,+71.7,+70.5,+63.9,+50.5,+53.9,+71.5,+17.8,+18.2,+18.5,+18.5,+18.6,+18.6,+18.7
2023-02-09 08:52,1,+71.6,+70.4,+63.9,+50.5,+53.9,+71.5,+17.8,+18.1,+18.5,+18.5,+18.6,+18.6,+18.7
2023-02-09 09:52,1,+71.5,+70.3,+63.7,+50.5,+53.9,+71.5,+18.0,+18.2,+18.5,+18.5,+18.6,+18.6,+18.7
2023-02-09 10:52,1,+71.4,+70.2,+63.7,+50.5,+53.9,+71.5,+18.0,+18.1,+18.5,+18.5,+18.6,+18.6,+18.7
2023-02-09 11:52,1,+69.3,+70.0,+63.5,+50.5,+53.7,+71.5,+18.2,+18.1,+18.5,+18.5,+18.6,+18.6,+18.7
2023-02-09 12:52,1,+69.2,+69.9,+63.5,+50.4,+53.7,+71.5,+18.5,+18.1,+18.5,+18.5,+18.6,+18.6,+18.7
2023-02-09 13:52,1,+69.1,+69.7,+63.4,+50.4,+53.7,+71.5,+18.7,+18.2,+18.3,+18.5,+18.6,+18.6,+18.7
2023-02-09 14:52,1,+69.0,+69.6,+63.4,+50.2,+53.7,+71.5,+19.0,+18.2,+18.3,+18.5,+18.6,+18.6,+18.7
2023-02-09 15:52,1,+69.0,+69.5,+63.2,+50.2,+53.7,+71.5,+19.0,+18.3,+18.3,+18.5,+18.6,+18.6,+18.7
2023-02-09 16:52,1,+68.9,+69.5,+63.2,+50.2,+53.7,+71.5,+19.0,+18.5,+18.3,+18.5,+18.6,+18.7,+18.7
2023-02-09 17:52,1,+68.9,+69.5,+63.2,+50.2,+53.7,+71.5,+18.8,+18.3,+18.3,+18.5,+18.6,+18.6,+18.7
2023-02-09 18:52,1,+68.9,+69.4,+63.2,+50.2,+53.5,+71.5,+18.8,+18.5,+18.5,+18.5,+18.6,+18.6,+18.7
2023-02-09 19:52,1,+68.9,+69.4,+63.2,+50.2,+53.5,+71.5,+18.7,+18.5,+18.5,+18.5,+18.7,+18.6,+18.7
2023-02-09 20:52,1,+68.8,+69.4,+63.2,+50.2,+53.5,+71.5,+18.6,+18.5,+18.5,+18.5,+18.6,+18.6,+18.7
2023-02-09 21:52,1,+68.8,+69.4,+63.2,+50.2,+53.5,+71.5,+18.5,+18.5,+18.5,+18.5,+18.6,+18.7,+18.7
2023-02-09 22:52,1,+68.7,+69.4,+63.2,+50.2,+53.5,+71.5,+18.5,+18.5,+18.5,+18.5,+18.6,+18.7,+18.7
2023-02-09 23:52,1,+68.7,+69.3,+63.2,+50.2,+53.5,+71.5,+18.3,+18.5,+18.5,+18.6,+18.6,+18.6,+18.7
2023-02-10 00:52,1,+68.7,+69.3,+63.2,+50.2,+53.5,+71.5,+18.2,+18.5,+18.6,+18.6,+18.7,+18.7,+18.7
2023-02-10 01:52,1,+68.6,+69.2,+63.2,+50.0,+53.5,+71.5,+18.2,+18.5,+18.5,+18.6,+18.7,+18.7,+18.7
2023-02-10 02:52,1,+68.6,+69.2,+63.0,+50.0,+53.5,+71.5,+18.2,+18.5,+18.5,+18.5,+18.7,+18.6,+18.7
2023-02-10 03:52,1,+68.5,+69.2,+63.0,+50.0,+53.5,+71.5,+18.1,+18.3,+18.6,+18.6,+18.7,+18.6,+18.7
2023-02-10 04:52,1,+68.5,+69.1,+63.0,+50.0,+53.5,+71.5,+18.1,+18.3,+18.6,+18.6,+18.7,+18.6,+18.7
2023-02-10 05:52,1,+68.4,+69.1,+63.0,+50.0,+53.5,+71.5,+18.1,+18.2,+18.6,+18.6,+18.6,+18.7,+18.7
2023-02-10 06:52,1,+68.4,+69.1,+63.0,+50.0,+53.4,+71.5,+18.1,+18.3,+18.5,+18.6,+18.7,+18.7,+18.7
2023-02-10 07:52,1,+68.4,+69.1,+63.0,+50.0,+53.4,+71.5,+18.1,+18.2,+18.5,+18.6,+18.7,+18.7,+18.7
2023-02-10 08:52,1,+68.4,+69.0,+62.9,+50.0,+53.4,+71.5,+18.1,+18.2,+18.5,+18.6,+18.6,+18.7,+18.7
2023-02-10 09:52,1,+68.6,+69.2,+63.2,+50.0,+53.2,+71.5,+18.1,+18.2,+18.6,+18.6,+18.7,+18.7,+18.7
2023-02-10 10:52,1,+68.6,+69.0,+63.0,+50.0,+53.2,+71.5,+18.1,+18.2,+18.5,+18.6,+18.7,+18.7,+18.7
2023-02-10 11:52,1,+68.5,+68.9,+63.0,+50.0,+53.2,+71.4,+18.2,+18.2,+18.5,+18.6,+18.7,+18.7,+18.7
2023-02-10 12:52,1,+68.4,+68.7,+62.7,+50.0,+53.2,+71.4,+18.3,+18.2,+18.5,+18.6,+18.7,+18.7,+18.7
2023-02-10 13:52,1,+68.3,+68.6,+62.7,+50.0,+53.2,+71.4,+18.5,+18.2,+18.5,+18.6,+18.7,+18.7,+18.7
2023-02-10 14:52,1,+68.3,+68.6,+62.7,+49.9,+53.2,+71.4,+18.5,+18.2,+18.5,+18.6,+18.7,+18.7,+18.7
2023-02-10 15:52,1,+69.2,+69.2,+63.0,+50.0,+53.2,+71.4,+18.6,+18.3,+18.5,+18.6,+18.7,+18.7,+18.7
2023-02-10 16:52,1,+70.1,+69.1,+63.4,+50.0,+53.2,+71.4,+18.5,+18.3,+18.5,+18.6,+18.7,+18.7,+18.7
2023-02-10 17:52,1,+70.2,+68.8,+63.0,+50.0,+54.0,+71.5,+18.5,+18.3,+18.5,+18.6,+18.7,+18.7,+18.7
2023-02-10 18:52,1,+70.3,+68.8,+62.9,+50.0,+53.9,+71.5,+18.3,+18.3,+18.5,+18.6,+18.7,+18.7,+18.7
2023-02-10 19:52,1,+70.3,+68.7,+62.7,+50.0,+53.7,+71.5,+18.2,+18.3,+18.5,+18.6,+18.7,+18.7,+18.7
2023-02-10 20:52,1,+70.3,+68.7,+62.7,+50.0,+53.5,+71.5,+18.2,+18.3,+18.5,+18.6,+18.7,+18.7,+18.7
2023-02-10 21:52,1,+71.1,+68.7,+62.7,+50.0,+53.5,+71.5,+18.2,+18.3,+18.6,+18.6,+18.7,+18.7,+18.7
2023-02-10 22:52,1,+71.8,+68.7,+62.7,+50.0,+53.5,+71.5,+18.2,+18.3,+18.5,+18.6,+18.7,+18.7,+18.7
2023-02-10 23:52,1,+72.2,+68.7,+62.7,+50.0,+53.5,+71.5,+18.2,+18.3,+18.6,+18.6,+18.7,+18.7,+18.7
2023-02-11 00:52,1,+72.1,+68.7,+62.7,+50.0,+53.5,+71.5,+18.1,+18.2,+18.5,+18.5,+18.7,+18.7,+18.7
2023-02-11 01:52,1,+70.9,+69.5,+62.7,+49.9,+53.4,+71.5,+18.1,+18.2,+18.5,+18.6,+18.7,+18.7,+18.7
2023-02-11 02:52,1,+70.8,+69.7,+62.7,+49.9,+53.4,+71.5,+18.0,+18.2,+18.5,+18.6,+18.6,+18.7,+18.7
2023-02-11 03:52,1,+70.7,+69.3,+62.9,+49.9,+53.4,+71.5,+18.0,+18.3,+18.6,+18.6,+18.7,+18.7,+18.7
2023-02-11 04:52,1,+70.7,+69.0,+63.2,+49.7,+53.4,+71.5,+18.0,+18.2,+18.5,+18.6,+18.7,+18.7,+18.7
2023-02-11 05:52,1,+70.7,+68.9,+63.2,+49.9,+53.4,+71.5,+18.0,+18.2,+18.5,+18.6,+18.7,+18.7,+18.7
2023-02-11 06:52,1,+70.7,+68.9,+63.0,+49.9,+53.4,+71.5,+17.8,+18.2,+18.5,+18.6,+18.7,+18.7,+18.7
2023-02-11 07:52,1,+70.7,+68.9,+63.0,+49.9,+53.4,+71.5,+18.0,+18.2,+18.5,+18.6,+18.7,+18.7,+18.7
2023-02-11 08:52,1,+70.6,+68.9,+62.9,+49.9,+53.4,+71.5,+17.8,+18.1,+18.5,+18.6,+18.7,+18.7,+18.7
2023-02-11 09:52,1,+70.8,+69.1,+63.2,+50.0,+53.5,+71.5,+18.0,+18.1,+18.5,+18.6,+18.7,+18.7,+18.7
2023-02-11 10:52,1,+70.8,+69.0,+63.0,+50.0,+53.5,+71.5,+18.0,+18.2,+18.5,+18.7,+18.7,+18.7,+18.7
2023-02-11 11:52,1,+70.8,+68.9,+62.9,+49.9,+53.5,+71.5,+18.1,+18.1,+18.5,+18.6,+18.7,+18.7,+18.7
2023-02-11 12:52,1,+70.6,+68.8,+62.7,+49.9,+53.4,+71.5,+18.2,+18.2,+18.5,+18.6,+18.7,+18.7,+18.7
2023-02-11 13:52,1,+70.5,+68.7,+62.7,+49.9,+53.4,+71.5,+18.5,+18.2,+18.5,+18.6,+18.7,+18.7,+18.7
2023-02-11 14:52,1,+70.4,+68.7,+62.7,+49.7,+53.2,+71.5,+18.6,+18.2,+18.5,+18.6,+18.7,+18.7,+18.7
2023-02-11 15:52,1,+70.3,+68.6,+62.5,+49.7,+53.2,+71.5,+18.7,+18.3,+18.5,+18.6,+18.7,+18.7,+18.7
2023-02-11 16:52,1,+70.2,+68.6,+62.5,+49.7,+53.2,+71.5,+18.7,+18.3,+18.5,+18.6,+18.7,+18.7,+18.7
2023-02-11 17:52,1,+70.1,+68.6,+62.7,+49.7,+53.2,+71.5,+18.6,+18.3,+18.5,+18.6,+18.7,+18.7,+18.7
2023-02-11 18:52,1,+70.1,+68.6,+62.7,+49.7,+53.2,+71.5,+18.6,+18.3,+18.5,+18.6,+18.7,+18.7,+18.7
2023-02-11 19:52,1,+70.1,+68.6,+62.7,+49.7,+53.2,+71.5,+18.5,+18.5,+18.5,+18.6,+18.7,+18.7,+18.7
2023-02-11 20:52,1,+70.0,+68.6,+62.5,+49.7,+53.2,+71.5,+18.3,+18.5,+18.5,+18.6,+18.7,+18.7,+18.7
2023-02-11 21:52,1,+69.9,+68.7,+62.5,+49.7,+53.2,+71.5,+18.3,+18.5,+18.5,+18.6,+18.7,+18.7,+18.7
2023-02-11 22:52,1,+69.9,+68.7,+62.5,+49.7,+53.2,+71.5,+18.2,+18.3,+18.6,+18.6,+18.7,+18.7,+18.7
2023-02-11 23:52,1,+69.8,+68.7,+62.5,+49.7,+53.2,+71.5,+18.1,+18.3,+18.6,+18.6,+18.7,+18.7,+18.7
2023-02-12 00:52,1,+69.7,+68.6,+62.5,+49.7,+53.2,+71.5,+18.1,+18.3,+18.6,+18.6,+18.7,+18.7,+18.7
2023-02-12 01:52,1,+69.7,+68.6,+62.5,+49.7,+53.2,+71.5,+18.0,+18.3,+18.6,+18.6,+18.7,+18.7,+18.7
2023-02-12 02:52,1,+69.7,+68.6,+62.5,+49.7,+53.2,+71.5,+18.0,+18.3,+18.5,+18.7,+18.7,+18.7,+18.7
2023-02-12 03:52,1,+69.6,+68.6,+62.5,+49.7,+53.2,+71.5,+18.0,+18.2,+18.5,+18.6,+18.7,+18.7,+18.7
2023-02-12 04:52,1,+69.6,+68.6,+62.5,+49.7,+53.0,+71.5,+18.0,+18.2,+18.5,+18.6,+18.7,+18.7,+18.7
2023-02-12 05:52,1,+69.6,+68.6,+62.5,+49.7,+53.0,+71.5,+17.8,+18.2,+18.5,+18.6,+18.7,+18.7,+18.7
2023-02-12 06:52,1,+69.5,+68.6,+62.5,+49.7,+53.0,+71.5,+17.8,+18.2,+18.5,+18.6,+18.7,+18.7,+18.7
2023-02-12 07:52,1,+69.5,+68.5,+62.5,+49.5,+53.0,+71.5,+17.8,+18.2,+18.5,+18.6,+18.7,+18.7,+18.7
2023-02-12 08:52,1,+69.4,+68.5,+62.5,+49.5,+53.0,+71.5,+17.8,+18.1,+18.5,+18.6,+18.7,+18.7,+18.7
2023-02-12 09:52,1,+69.3,+68.4,+62.5,+49.5,+53.0,+71.4,+17.8,+18.2,+18.5,+18.6,+18.7,+18.7,+18.7
2023-02-12 10:52,1,+69.1,+68.3,+62.4,+49.5,+52.9,+71.3,+18.0,+18.1,+18.5,+18.6,+18.7,+18.7,+18.7
2023-02-12 11:52,1,+68.9,+68.2,+62.2,+49.5,+52.9,+71.3,+18.2,+18.1,+18.5,+18.6,+18.7,+18.7,+18.7
2023-02-12 12:52,1,+68.7,+68.1,+62.2,+49.4,+52.9,+71.0,+18.3,+18.1,+18.5,+18.6,+18.7,+18.7,+18.7
2023-02-12 13:52,1,+68.5,+67.9,+62.0,+49.4,+52.9,+71.0,+18.6,+18.2,+18.5,+18.6,+18.7,+18.7,+18.7
2023-02-12 14:52,1,+68.4,+67.9,+62.0,+49.4,+52.9,+71.0,+18.7,+18.2,+18.5,+18.6,+18.7,+18.7,+18.7
2023-02-12 15:52,1,+68.4,+67.8,+62.0,+49.2,+52.7,+71.0,+18.7,+18.2,+18.5,+18.6,+18.7,+18.7,+18.7
2023-02-12 16:52,1,+68.3,+67.7,+62.0,+49.2,+52.7,+71.0,+18.7,+18.3,+18.5,+18.6,+18.7,+18.7,+18.7
2023-02-12 17:52,1,+68.6,+67.7,+62.0,+49.2,+52.7,+70.9,+18.6,+18.3,+18.5,+18.6,+18.7,+18.7,+18.7
2023-02-12 18:52,1,+68.7,+67.7,+62.0,+49.2,+52.7,+70.9,+18.5,+18.5,+18.5,+18.6,+18.7,+18.7,+18.7
2023-02-12 19:52,1,+68.6,+67.7,+62.0,+49.2,+52.7,+70.9,+18.5,+18.5,+18.5,+18.6,+18.7,+18.7,+19.0
2023-02-12 20:52,1,+69.9,+67.6,+62.0,+49.2,+52.7,+70.8,+18.3,+18.5,+18.5,+18.6,+18.7,+18.7,+18.7
2023-02-12 21:52,1,+71.3,+67.6,+62.0,+49.2,+52.7,+70.8,+18.2,+18.5,+18.5,+18.6,+18.7,+18.7,+18.7
2023-02-12 22:52,1,+70.2,+68.3,+62.0,+49.2,+52.7,+70.8,+18.1,+18.3,+18.6,+18.6,+18.7,+18.7,+18.7
2023-02-12 23:52,1,+70.4,+68.8,+62.9,+49.2,+52.7,+70.5,+18.2,+18.3,+18.6,+18.6,+18.7,+18.7,+18.7
2023-02-13 00:52,1,+70.3,+68.9,+63.2,+49.2,+53.0,+70.5,+18.1,+18.3,+18.5,+18.6,+18.7,+18.7,+18.7
2023-02-13 01:52,1,+71.2,+68.9,+63.5,+49.4,+53.0,+71.3,+18.1,+18.3,+18.5,+18.6,+18.7,+18.7,+18.7
2023-02-13 02:52,1,+73.7,+70.6,+64.3,+53.2,+53.9,+71.5,+18.0,+18.2,+18.5,+18.6,+18.7,+18.7,+18.7
2023-02-13 03:52,1,+73.4,+68.8,+64.0,+52.7,+53.7,+71.5,+18.0,+18.2,+18.5,+18.6,+18.7,+18.7,+18.7
2023-02-13 04:52,1,+73.7,+68.8,+63.7,+51.2,+53.7,+71.5,+18.0,+18.2,+18.5,+18.6,+18.7,+18.7,+18.7
2023-02-13 05:52,1,+73.2,+68.9,+63.2,+50.2,+53.7,+71.5,+17.8,+18.2,+18.5,+18.6,+18.7,+18.7,+18.7
2023-02-13 06:52,1,+72.9,+69.2,+63.0,+50.0,+53.7,+71.5,+17.8,+18.2,+18.5,+18.6,+18.7,+18.7,+18.7
2023-02-13 07:52,1,+73.0,+69.5,+63.0,+50.0,+53.7,+71.5,+17.8,+18.2,+18.5,+18.6,+18.7,+18.7,+18.7
2023-02-13 08:52,1,+72.8,+69.7,+63.0,+50.2,+53.7,+71.5,+17.8,+18.1,+18.5,+18.6,+18.7,+18.7,+19.0
2023-02-13 09:52,1,+72.6,+69.9,+63.0,+50.2,+53.7,+71.5,+17.8,+18.1,+18.5,+18.6,+18.7,+18.7,+18.7
2023-02-13 10:52,1,+72.4,+70.0,+63.0,+50.2,+53.7,+71.5,+18.0,+18.1,+18.5,+18.6,+18.7,+18.7,+18.7
2023-02-13 11:52,1,+72.2,+70.1,+63.0,+50.2,+53.7,+71.5,+18.1,+18.1,+18.3,+18.6,+18.7,+18.7,+18.7
2023-02-13 12:52,1,+71.9,+70.1,+63.0,+50.2,+53.7,+71.5,+18.2,+18.1,+18.5,+18.6,+18.7,+18.7,+18.7
2023-02-13 13:52,1,+71.8,+70.1,+63.0,+50.2,+53.5,+71.5,+18.3,+18.1,+18.5,+18.6,+18.7,+18.7,+18.7
2023-02-13 14:52,1,+71.7,+70.1,+63.0,+50.2,+53.5,+71.5,+18.3,+18.2,+18.5,+18.6,+18.7,+18.7,+18.7
2023-02-13 15:52,1,+71.5,+70.1,+63.0,+50.2,+53.5,+71.5,+18.3,+18.2,+18.5,+18.6,+18.7,+18.7,+18.7
2023-02-13 16:52,1,+71.6,+70.1,+63.2,+50.4,+53.5,+71.5,+18.3,+18.3,+18.5,+18.6,+18.7,+18.7,+18.7
2023-02-13 17:52,1,+71.5,+70.1,+63.2,+50.4,+53.5,+71.5,+18.3,+18.2,+18.5,+18.6,+18.7,+18.7,+18.7
2023-02-13 18:52,1,+72.1,+70.3,+63.2,+50.4,+53.5,+71.5,+18.3,+18.2,+18.5,+18.6,+18.7,+18.7,+18.7
2023-02-13 19:52,1,+72.6,+70.3,+63.5,+50.5,+53.5,+71.5,+18.3,+18.3,+18.5,+18.6,+18.7,+18.7,+18.7
2023-02-13 20:52,1,+72.6,+70.4,+63.5,+50.5,+53.5,+71.5,+18.2,+18.3,+18.5,+18.6,+18.7,+18.7,+18.7
2023-02-13 21:52,1,+72.5,+70.5,+63.5,+50.5,+53.7,+71.5,+18.2,+18.3,+18.5,+18.6,+18.7,+18.7,+18.7
2023-02-13 22:52,1,+72.7,+70.6,+63.5,+50.5,+53.7,+71.5,+18.1,+18.2,+18.5,+18.6,+18.7,+18.7,+18.7
2023-02-13 23:52,1,+72.7,+70.7,+63.7,+50.7,+53.7,+71.5,+18.1,+18.2,+18.5,+18.6,+18.7,+18.7,+18.7
2023-02-14 00:52,1,+72.6,+70.8,+63.7,+50.7,+53.7,+71.5,+18.0,+18.2,+18.5,+18.6,+18.7,+18.7,+19.0
2023-02-14 01:52,1,+72.5,+70.8,+63.7,+50.7,+53.7,+71.5,+18.0,+18.2,+18.5,+18.6,+18.7,+18.7,+19.0
2023-02-14 02:52,1,+72.4,+70.8,+63.7,+50.7,+53.7,+71.5,+17.8,+18.2,+18.5,+18.6,+18.7,+18.7,+18.7
2023-02-14 03:52,1,+72.3,+70.8,+63.7,+50.7,+53.7,+71.5,+17.8,+18.1,+18.5,+18.6,+18.7,+18.7,+18.7
2023-02-14 04:52,1,+72.2,+70.8,+63.7,+50.7,+53.7,+71.5,+17.8,+18.2,+18.5,+18.6,+18.7,+18.7,+18.7
2023-02-14 05:52,1,+72.1,+70.8,+63.9,+50.7,+53.5,+71.5,+17.7,+18.1,+18.5,+18.6,+18.7,+18.7,+18.7
2023-02-14 06:52,1,+72.0,+70.8,+63.9,+50.7,+53.7,+71.5,+17.7,+18.1,+18.5,+18.6,+18.7,+18.7,+18.7
2023-02-14 07:52,1,+72.0,+70.8,+63.9,+50.7,+53.7,+71.5,+17.7,+18.1,+18.5,+18.6,+18.7,+18.7,+18.7
2023-02-14 08:52,1,+71.9,+70.8,+64.0,+50.7,+53.5,+71.5,+17.7,+18.1,+18.3,+18.6,+18.7,+18.7,+18.7
2023-02-14 09:52,1,+71.9,+70.8,+64.0,+50.7,+53.5,+71.5,+17.7,+18.0,+18.3,+18.6,+18.7,+18.7,+18.7
2023-02-14 10:52,1,+71.7,+70.7,+63.9,+50.7,+53.5,+71.5,+17.8,+18.0,+18.5,+18.6,+18.7,+18.7,+18.7
2023-02-14 11:52,1,+71.5,+70.6,+63.7,+50.7,+53.5,+71.5,+18.1,+18.1,+18.3,+18.6,+18.7,+18.7,+19.0
2023-02-14 12:52,1,+71.4,+70.5,+63.7,+50.7,+53.5,+71.5,+18.2,+18.1,+18.3,+18.6,+18.7,+18.7,+19.0
2023-02-14 13:52,1,+71.2,+70.3,+63.7,+50.7,+53.5,+71.5,+18.3,+18.1,+18.3,+18.6,+18.7,+18.7,+18.7
2023-02-14 14:52,1,+71.1,+70.2,+63.7,+50.7,+53.5,+71.5,+18.6,+18.1,+18.3,+18.6,+18.7,+18.7,+19.0
2023-02-14 15:52,1,+71.0,+70.2,+63.7,+50.7,+53.4,+71.5,+18.6,+18.2,+18.3,+18.6,+18.7,+18.7,+19.0
2023-02-14 16:52,1,+71.0,+70.1,+63.7,+50.7,+53.4,+71.5,+18.6,+18.2,+18.3,+18.6,+18.7,+18.7,+18.7
2023-02-14 17:52,1,+70.9,+70.1,+63.7,+50.7,+53.4,+71.5,+18.5,+18.3,+18.3,+18.5,+18.7,+18.7,+18.7
2023-02-14 18:52,1,+70.9,+70.1,+63.7,+50.7,+53.4,+71.5,+18.5,+18.3,+18.5,+18.6,+18.7,+18.7,+18.7
2023-02-14 19:52,1,+70.9,+70.1,+63.7,+50.7,+53.4,+71.5,+18.3,+18.3,+18.5,+18.6,+18.7,+18.7,+18.7
2023-02-14 20:52,1,+70.9,+70.1,+63.7,+50.7,+53.4,+71.5,+18.3,+18.2,+18.5,+18.6,+18.7,+18.7,+19.0
2023-02-14 21:52,1,+70.8,+70.0,+63.7,+50.7,+53.4,+71.5,+18.2,+18.3,+18.5,+18.6,+18.7,+18.7,+18.7
2023-02-14 22:52,1,+70.8,+70.0,+63.7,+50.7,+53.4,+71.5,+18.2,+18.2,+18.5,+18.6,+18.7,+18.7,+18.7
2023-02-14 23:52,1,+73.2,+70.0,+63.7,+50.7,+53.2,+71.5,+18.2,+18.3,+18.5,+18.6,+18.7,+18.7,+18.7
2023-02-15 00:52,1,+71.2,+70.1,+63.7,+50.7,+53.2,+71.5,+18.1,+18.2,+18.5,+18.6,+18.7,+18.7,+18.7
2023-02-15 01:52,1,+71.0,+70.2,+63.7,+50.7,+53.2,+71.5,+18.1,+18.3,+18.5,+18.6,+18.7,+18.7,+18.7
2023-02-15 02:52,1,+71.0,+70.1,+63.9,+50.7,+53.2,+71.5,+18.1,+18.2,+18.5,+18.6,+18.7,+18.7,+19.0
2023-02-15 03:52,1,+71.0,+70.1,+63.9,+50.7,+53.2,+71.5,+18.0,+18.2,+18.5,+18.6,+18.7,+18.7,+18.7
2023-02-15 04:52,1,+71.0,+70.1,+63.9,+50.7,+53.2,+71.5,+18.0,+18.2,+18.5,+18.6,+18.7,+18.7,+18.7
2023-02-15 05:52,1,+71.0,+70.1,+63.9,+50.7,+53.2,+71.5,+18.0,+18.2,+18.5,+18.6,+18.7,+18.7,+18.7
2023-02-15 06:52,1,+71.0,+70.1,+63.9,+50.7,+53.2,+71.5,+18.0,+18.2,+18.5,+18.6,+18.7,+18.7,+18.7
2023-02-15 07:52,1,+71.3,+70.2,+63.9,+50.7,+53.2,+71.5,+18.0,+18.2,+18.5,+18.6,+18.7,+18.7,+19.0
2023-02-15 08:52,1,+71.3,+70.2,+63.9,+50.7,+53.2,+71.5,+17.8,+18.1,+18.5,+18.5,+18.7,+18.7,+18.7
2023-02-15 09:52,1,+71.4,+70.1,+63.9,+50.7,+53.2,+71.5,+18.0,+18.2,+18.5,+18.6,+18.7,+18.7,+18.7
2023-02-15 10:52,1,+71.4,+70.1,+63.9,+50.7,+53.2,+71.5,+18.0,+18.1,+18.5,+18.6,+18.7,+18.7,+19.0
2023-02-15 11:52,1,+71.5,+70.1,+63.7,+50.7,+53.2,+71.5,+18.1,+18.2,+18.5,+18.6,+18.7,+18.7,+18.7
2023-02-15 12:52,1,+71.4,+70.2,+63.7,+50.7,+53.2,+71.5,+18.3,+18.1,+18.5,+18.6,+18.7,+18.7,+19.0
2023-02-15 13:52,1,+71.3,+70.1,+63.7,+50.7,+53.2,+71.5,+18.3,+18.2,+18.5,+18.6,+18.7,+18.7,+19.0
2023-02-15 14:52,1,+72.0,+70.4,+63.7,+50.5,+53.2,+71.5,+18.3,+18.2,+18.3,+18.6,+18.7,+18.7,+18.7
2023-02-15 15:52,1,+71.4,+70.2,+63.9,+50.7,+53.4,+71.5,+18.5,+18.2,+18.5,+18.6,+18.7,+18.7,+18.7
2023-02-15 16:52,1,+71.4,+70.1,+63.7,+50.7,+53.4,+71.5,+18.3,+18.2,+18.3,+18.6,+18.7,+18.7,+18.7
2023-02-15 17:52,1,+71.6,+70.2,+63.9,+50.7,+53.4,+71.5,+18.3,+18.2,+18.5,+18.6,+18.7,+18.7,+18.7
2023-02-15 18:52,1,+71.8,+70.3,+63.9,+50.7,+53.4,+71.5,+18.3,+18.3,+18.3,+18.5,+18.7,+18.7,+18.7
2023-02-15 19:52,1,+71.9,+70.3,+64.0,+50.7,+53.5,+71.5,+18.3,+18.3,+18.5,+18.6,+18.7,+18.7,+19.0
2023-02-15 20:52,1,+71.9,+70.3,-0.0,-0.0,-0.0,-0.0,+18.2,+18.3,+18.5,+18.5,+18.7,+18.7,+18.7
2023-02-15 21:52,1,+71.8,+70.3,+64.0,+50.7,+53.5,+71.5,+18.2,+18.3,+18.5,+18.6,+18.7,+18.7,+18.7
2023-02-15 22:52,1,+71.8,+70.3,+64.0,+50.7,+53.5,+71.5,+18.1,+18.3,+18.5,+18.6,+18.7,+18.7,+18.7
2023-02-15 23:52,1,+71.8,+70.3,+64.0,+50.7,+53.5,+71.5,+18.1,+18.3,+18.5,+18.6,+18.7,+18.7,+19.0
2023-02-16 00:52,1,+71.7,+70.3,+64.0,+50.7,+53.5,+71.5,+18.1,+18.2,+18.5,+18.6,+18.7,+18.7,+18.7
2023-02-16 01:52,1,+71.7,+70.3,+64.0,+50.7,+53.4,+71.5,+18.0,+18.2,+18.5,+18.6,+18.7,+18.7,+19.0
2023-02-16 02:52,1,+71.7,+70.3,+64.0,+50.7,+53.4,+71.5,+18.0,+18.2,+18.5,+18.6,+18.7,+18.7,+18.7
2023-02-16 03:52,1,+71.6,+70.3,+64.0,+50.7,+53.2,+71.5,+18.0,+18.2,+18.5,+18.6,+18.7,+18.7,+18.7
2023-02-16 04:52,1,+71.5,+70.3,+63.9,+50.7,+53.4,+71.5,+18.0,+18.2,+18.5,+18.6,+18.7,+18.7,+18.7
2023-02-16 05:52,1,+71.5,+70.3,+63.9,+50.7,+53.2,+71.5,+18.0,+18.2,+18.5,+18.6,+18.7,+18.7,+18.7
2023-02-16 06:52,1,+71.5,+70.2,+63.9,+50.7,+53.2,+71.5,+18.0,+18.2,+18.5,+18.6,+18.7,+18.7,+18.7
2023-02-16 07:52,1,+71.4,+70.2,+63.9,+50.7,+53.2,+71.5,+18.0,+18.2,+18.5,+18.6,+18.7,+18.7,+19.0
2023-02-16 08:52,1,+71.4,+70.2,+63.9,+50.7,+53.2,+71.5,+18.0,+18.2,+18.5,+18.6,+18.7,+18.7,+19.0
2023-02-16 09:52,1,+71.3,+70.1,+63.7,+50.7,+53.2,+71.5,+18.1,+18.2,+18.5,+18.6,+18.7,+18.7,+19.0
2023-02-16 10:52,1,+71.1,+70.0,+63.7,+50.5,+53.2,+71.5,+18.2,+18.2,+18.5,+18.6,+18.7,+18.7,+18.7
2023-02-16 11:52,1,+71.0,+69.9,+63.7,+50.5,+53.2,+71.5,+18.3,+18.1,+18.5,+18.6,+18.7,+18.7,+18.7
2023-02-16 12:52,1,+70.8,+69.7,+63.5,+50.5,+53.2,+71.5,+18.5,+18.2,+18.3,+18.6,+18.7,+18.7,+19.0
2023-02-16 13:52,1,+70.8,+69.6,+63.5,+50.5,+53.2,+71.5,+18.7,+18.3,+18.5,+18.6,+18.7,+18.7,+19.0
2023-02-16 14:52,1,+70.8,+69.6,+63.5,+50.5,+53.0,+71.5,+18.8,+18.3,+18.5,+18.6,+18.7,+18.7,+19.0
2023-02-16 15:52,1,+70.8,+69.6,+63.5,+50.5,+53.2,+71.5,+18.8,+18.3,+18.3,+18.6,+18.7,+18.7,+18.7
2023-02-16 16:52,1,+70.8,+69.5,+63.5,+50.5,+53.0,+71.5,+18.8,+18.3,+18.5,+18.6,+18.7,+18.7,+18.7
2023-02-16 17:52,1,+72.2,+69.5,+63.5,+50.5,+53.0,+71.5,+18.8,+18.5,+18.5,+18.6,+18.7,+18.7,+18.7
2023-02-16 18:52,1,+71.7,+70.6,+64.1,+50.5,+53.0,+71.5,+18.8,+18.5,+18.5,+18.6,+18.7,+18.7,+19.0
2023-02-16 19:52,1,+73.8,+70.3,+64.0,+51.2,+53.5,+71.5,+18.7,+18.5,+18.5,+18.6,+18.7,+18.7,+18.7
2023-02-16 20:52,1,+73.8,+72.6,+66.3,+51.4,+53.7,+71.5,+18.7,+18.6,+18.5,+18.6,+18.7,+18.7,+18.7
2023-02-16 21:52,1,+73.8,+70.9,+65.3,+51.2,+53.7,+71.5,+18.7,+18.6,+18.5,+18.6,+18.7,+18.7,+19.0
2023-02-16 22:52,1,+73.8,+71.2,+65.3,+51.2,+53.5,+71.5,+18.6,+18.5,+18.5,+18.6,+18.7,+18.7,+18.7
2023-02-16 23:52,1,+73.7,+71.2,+64.9,+51.4,+53.5,+71.5,+18.6,+18.6,+18.6,+18.6,+18.7,+18.7,+18.7
2023-02-17 00:52,1,+73.8,+71.3,+64.6,+51.4,+53.5,+71.5,+18.6,+18.6,+18.6,+18.6,+18.7,+18.7,+19.0
2023-02-17 01:52,1,+73.8,+71.5,+64.9,+51.5,+53.7,+71.5,+18.6,+18.5,+18.6,+18.6,+18.7,+18.7,+18.7
2023-02-17 02:52,1,+73.7,+71.6,+64.8,+51.5,+53.7,+71.5,+18.5,+18.5,+18.6,+18.6,+18.7,+18.7,+18.7
2023-02-17 03:52,1,+73.7,+71.7,+64.9,+51.5,+53.7,+71.5,+18.5,+18.6,+18.6,+18.6,+18.7,+18.7,+18.7
2023-02-17 04:52,1,+73.8,+71.8,+64.9,+51.5,+53.9,+71.5,+18.5,+18.5,+18.6,+18.6,+18.7,+18.7,+19.0
2023-02-17 05:52,1,+73.7,+71.8,+65.0,+51.7,+53.9,+71.5,+18.5,+18.5,+18.6,+18.6,+18.7,+18.7,+18.7
2023-02-17 06:52,1,+73.7,+72.1,+65.1,+51.7,+54.0,+71.5,+18.5,+18.5,+18.6,+18.7,+18.7,+18.7,+19.0
2023-02-17 07:52,1,+73.7,+72.2,+65.3,+51.7,+54.0,+71.5,+18.5,+18.5,+18.6,+18.6,+18.7,+18.7,+19.0
2023-02-17 08:52,1,+73.8,+72.3,+65.4,+51.9,+54.0,+71.5,+18.5,+18.5,+18.6,+18.6,+18.7,+18.7,+19.0
2023-02-17 09:52,1,+73.8,+72.4,+65.5,+51.9,+54.0,+71.5,+18.5,+18.5,+18.6,+18.7,+18.7,+18.7,+19.0
2023-02-17 10:52,1,+73.8,+72.5,+65.5,+52.0,+54.0,+71.5,+18.6,+18.5,+18.6,+18.7,+18.7,+18.7,+18.7
2023-02-17 11:52,1,+73.8,+72.5,+65.8,+52.0,+54.0,+71.5,+18.7,+18.5,+18.6,+18.7,+18.7,+18.7,+18.7
2023-02-17 12:52,1,+73.8,+72.5,+65.9,+52.0,+54.0,+71.5,+18.8,+18.5,+18.6,+18.7,+18.7,+18.7,+19.0
2023-02-17 13:52,1,+73.8,+72.5,+66.0,+52.2,+54.2,+71.5,+18.8,+18.6,+18.6,+18.7,+18.7,+18.7,+18.7
2023-02-17 14:52,1,+73.7,+72.5,+66.0,+52.2,+54.0,+71.5,+19.0,+18.6,+18.6,+18.7,+18.7,+18.7,+19.0
2023-02-17 15:52,1,+73.7,+72.5,+66.1,+52.2,+54.2,+71.5,+18.8,+18.6,+18.6,+18.7,+18.7,+18.7,+19.0
2023-02-17 16:52,1,+73.7,+72.7,+66.1,+52.2,+54.2,+71.4,+18.7,+18.7,+18.7,+18.7,+18.7,+18.7,+18.7
2023-02-17 17:52,1,+73.7,+73.0,+66.5,+52.5,+54.5,+71.4,+18.6,+18.6,+18.6,+18.7,+18.7,+18.7,+18.7
2023-02-17 18:52,1,+73.7,+73.2,+66.9,+52.5,+54.5,+71.4,+18.6,+18.6,+18.7,+18.7,+18.7,+18.7,+18.7
2023-02-17 19:52,1,+73.7,+73.2,+66.9,+52.5,+54.5,+71.4,+18.5,+18.6,+18.7,+18.7,+18.7,+18.7,+19.0
2023-02-17 20:52,1,+73.7,+73.4,+67.3,+52.7,+54.7,+71.4,+18.3,+18.6,+18.7,+18.7,+18.7,+18.7,+19.0
2023-02-17 21:52,1,+73.7,+73.3,+67.1,+52.7,+54.7,+71.4,+18.3,+18.6,+18.7,+18.7,+18.7,+18.7,+18.7
2023-02-17 22:52,1,+73.7,+73.2,+67.3,+52.7,+54.7,+71.4,+18.3,+18.5,+18.7,+18.7,+18.7,+18.7,+19.0
2023-02-17 23:52,1,+73.7,+73.1,+67.3,+52.7,+54.5,+71.4,+18.2,+18.5,+18.6,+18.7,+18.7,+18.7,+19.0
2023-02-18 00:52,1,+73.7,+72.9,+67.1,+52.9,+54.5,+71.4,+18.1,+18.5,+18.7,+18.7,+18.7,+18.7,+19.0
2023-02-18 01:52,1,+73.7,+72.8,+67.0,+52.9,+54.5,+71.4,+18.1,+18.5,+18.6,+18.7,+18.7,+18.7,+19.0
2023-02-18 02:52,1,+73.6,+72.7,+67.0,+52.9,+54.5,+71.4,+18.0,+18.3,+18.6,+18.7,+18.7,+18.7,+19.0
2023-02-18 03:52,1,+73.5,+72.6,+67.0,+52.7,+54.5,+71.4,+17.8,+18.3,+18.7,+18.7,+18.7,+18.7,+19.0
2023-02-18 04:52,1,+73.4,+72.5,+66.9,+52.7,+54.5,+71.4,+17.8,+18.3,+18.6,+18.7,+18.7,+18.7,+19.0
2023-02-18 05:52,1,+73.2,+72.5,+66.8,+52.7,+54.5,+71.4,+17.6,+18.2,+18.6,+18.7,+18.7,+18.7,+19.0
2023-02-18 06:52,1,+73.1,+72.3,+66.6,+52.7,+54.5,+71.4,+17.6,+18.2,+18.7,+18.7,+18.7,+18.7,+19.0
2023-02-18 07:52,1,+72.9,+72.2,+66.5,+52.7,+54.4,+71.4,+17.6,+18.2,+18.6,+18.7,+18.7,+18.7,+19.0
2023-02-18 08:52,1,+72.7,+72.1,+66.5,+52.7,+54.4,+71.5,+17.6,+18.1,+18.6,+18.7,+18.7,+18.7,+19.0
2023-02-18 09:52,1,+72.5,+71.9,+66.4,+52.5,+54.4,+71.5,+17.6,+18.1,+18.6,+18.7,+18.7,+18.7,+19.0
2023-02-18 10:52,1,+72.2,+71.7,+66.1,+52.5,+54.2,+71.5,+17.7,+18.1,+18.6,+18.7,+18.7,+18.7,+19.0
2023-02-18 11:52,1,+72.2,+71.5,+66.1,+52.5,+54.2,+71.5,+17.7,+18.1,+18.5,+18.7,+18.7,+18.7,+18.7
2023-02-18 12:52,1,+72.4,+71.8,+66.3,+52.5,+54.2,+71.5,+17.7,+18.1,+18.5,+18.7,+18.7,+18.7,+19.0
2023-02-18 13:52,1,+72.2,+71.4,+66.0,+52.5,+54.2,+71.5,+18.0,+18.0,+18.5,+18.7,+18.7,+18.7,+18.7
2023-02-18 14:52,1,+72.1,+71.2,+65.9,+52.5,+54.2,+71.5,+18.0,+18.0,+18.3,+18.7,+18.7,+18.7,+19.0
2023-02-18 15:52,1,+73.6,+71.9,+66.3,+52.7,+54.2,+71.4,+18.0,+18.1,+18.5,+18.7,+18.7,+18.7,+19.0
2023-02-18 16:52,1,+73.4,+71.5,+66.0,+52.7,+54.4,+71.4,+17.8,+18.1,+18.5,+18.6,+18.7,+18.7,+19.0
2023-02-18 17:52,1,+73.2,+71.4,+66.0,+52.5,+54.4,+71.5,+17.7,+18.1,+18.5,+18.7,+18.7,+18.7,+18.7
2023-02-18 18:52,1,+73.0,+71.4,+65.9,+52.5,+54.2,+71.5,+17.6,+18.1,+18.5,+18.6,+18.7,+18.7,+19.0
2023-02-18 19:52,1,+72.9,+71.4,+65.9,+52.5,+54.2,+71.5,+17.6,+18.1,+18.5,+18.6,+18.7,+18.7,+19.0
2023-02-18 20:52,1,+72.8,+71.4,+65.9,+52.5,+54.2,+71.5,+17.5,+18.0,+18.5,+18.7,+18.7,+18.7,+19.0
2023-02-18 21:52,1,+72.7,+71.3,+65.9,+52.5,+54.2,+71.5,+17.5,+18.0,+18.3,+18.6,+18.7,+18.7,+19.0
2023-02-18 22:52,1,+72.6,+71.3,+65.9,+52.5,+54.2,+71.4,+17.5,+18.0,+18.3,+18.6,+18.7,+18.7,+19.0
2023-02-18 23:52,1,+72.6,+71.3,+65.8,+52.5,+54.2,+71.4,+17.3,+17.8,+18.3,+18.6,+18.7,+18.7,+19.0
2023-02-19 00:52,1,+72.5,+71.3,+65.8,+52.5,+54.2,+71.5,+17.3,+17.8,+18.3,+18.6,+18.7,+18.7,+18.7
2023-02-19 01:52,1,+72.4,+71.2,+65.8,+52.5,+54.2,+71.5,+17.2,+17.8,+18.3,+18.6,+18.7,+18.7,+19.0
2023-02-19 02:52,1,+72.3,+71.2,+65.6,+52.5,+54.2,+71.5,+17.2,+17.8,+18.3,+18.6,+18.7,+18.7,+18.7
2023-02-19 03:52,1,+72.2,+71.2,+65.6,+52.5,+54.2,+71.5,+17.2,+17.7,+18.3,+18.6,+18.7,+18.7,+19.0
2023-02-19 04:52,1,+72.1,+71.1,+65.6,+52.5,+54.2,+71.5,+17.1,+17.7,+18.3,+18.6,+18.7,+18.7,+19.0
2023-02-19 05:52,1,+72.1,+71.1,+65.5,+52.5,+54.2,+71.5,+17.1,+17.7,+18.3,+18.6,+18.7,+18.7,+19.0
2023-02-19 06:52,1,+72.0,+71.0,+65.5,+52.4,+54.2,+71.5,+17.0,+17.7,+18.2,+18.6,+18.7,+18.7,+19.0
2023-02-19 07:52,1,+71.8,+70.9,+65.4,+52.4,+54.0,+71.5,+17.1,+17.6,+18.2,+18.5,+18.7,+18.7,+19.0
2023-02-19 08:52,1,+71.8,+70.8,+65.4,+52.4,+54.0,+71.4,+17.1,+17.6,+18.2,+18.5,+18.7,+18.7,+19.0
2023-02-19 09:52,1,+71.6,+70.8,+65.3,+52.2,+54.0,+71.5,+17.1,+17.6,+18.2,+18.6,+18.7,+18.7,+19.0
2023-02-19 10:52,1,+71.5,+70.6,+65.1,+52.2,+54.0,+71.5,+17.2,+17.6,+18.2,+18.5,+18.7,+18.7,+19.0
2023-02-19 11:52,1,+71.4,+70.5,+65.1,+52.2,+54.0,+71.5,+17.3,+17.6,+18.2,+18.5,+18.7,+18.7,+19.0
2023-02-19 12:52,1,+71.4,+70.4,+65.0,+52.2,+54.0,+71.5,+17.5,+17.6,+18.1,+18.5,+18.7,+18.7,+19.0
2023-02-19 13:52,1,+71.2,+70.3,+65.0,+52.2,+54.0,+71.5,+17.6,+17.6,+18.1,+18.5,+18.7,+18.7,+19.0
2023-02-19 14:52,1,+71.2,+70.3,+65.0,+52.2,+54.0,+71.5,+17.6,+17.6,+18.1,+18.5,+18.7,+18.7,+18.7
2023-02-19 15:52,1,+71.1,+70.1,+65.0,+52.0,+54.0,+71.5,+17.6,+17.7,+18.1,+18.5,+18.7,+18.7,+19.0
2023-02-19 16:52,1,+71.1,+70.1,+65.0,+52.0,+54.0,+71.5,+17.6,+17.7,+18.1,+18.3,+18.7,+18.7,+19.0
2023-02-19 17:52,1,+71.1,+70.1,+65.0,+52.0,+54.0,+71.5,+17.6,+17.7,+18.1,+18.5,+18.7,+18.7,+19.0
2023-02-19 18:52,1,+71.0,+70.0,+65.0,+52.0,+54.0,+71.5,+17.6,+17.7,+18.1,+18.3,+18.7,+18.7,+19.0
2023-02-19 19:52,1,+71.1,+70.0,+65.0,+52.0,+54.0,+71.5,+17.6,+17.7,+18.1,+18.3,+18.7,+18.7,+18.7
2023-02-19 20:52,1,+71.0,+70.0,+65.0,+52.0,+54.0,+71.5,+17.6,+17.8,+18.1,+18.5,+18.7,+18.7,+19.0
2023-02-19 21:52,1,+71.0,+70.0,+65.0,+52.0,+54.0,+71.5,+17.6,+17.7,+18.1,+18.3,+18.7,+18.7,+19.0
2023-02-19 22:52,1,+71.8,+69.9,+64.9,+52.0,+54.0,+71.5,+17.6,+17.7,+18.1,+18.3,+18.7,+18.7,+19.0
2023-02-19 23:52,1,+71.4,+70.2,+64.9,+52.0,+54.0,+71.5,+17.5,+17.7,+18.1,+18.3,+18.7,+18.7,+19.0
2023-02-20 00:52,1,+71.6,+70.0,+65.0,+52.0,+54.0,+71.5,+17.6,+17.7,+18.1,+18.3,+18.7,+18.7,+19.0
2023-02-20 01:52,1,+71.8,+70.1,+65.0,+52.0,+54.0,+71.5,+17.5,+17.7,+18.1,+18.3,+18.7,+18.7,+18.7
2023-02-20 02:52,1,+72.3,+70.0,+65.0,+52.0,+54.0,+71.5,+17.5,+17.7,+18.1,+18.3,+18.7,+18.7,+19.0
2023-02-20 03:52,1,+72.4,+70.0,+65.0,+52.0,+54.0,+71.5,+17.5,+17.7,+18.1,+18.3,+18.7,+18.7,+18.7
2023-02-20 04:52,1,+72.4,+70.0,+64.9,+52.0,+54.0,+71.5,+17.5,+17.7,+18.1,+18.5,+18.7,+18.7,+19.0
2023-02-20 05:52,1,+72.4,+69.9,+64.9,+52.0,+54.0,+71.5,+17.5,+17.7,+18.1,+18.3,+18.7,+18.7,+18.7
2023-02-20 06:52,1,+72.3,+69.9,+64.9,+52.0,+53.9,+71.5,+17.3,+17.7,+18.1,+18.3,+18.7,+18.7,+18.7
2023-02-20 07:52,1,+72.2,+69.9,+64.9,+52.0,+54.0,+71.5,+17.3,+17.7,+18.1,+18.3,+18.7,+18.7,+18.7
2023-02-20 08:52,1,+72.1,+69.8,+64.8,+51.9,+54.0,+71.5,+17.5,+17.7,+18.1,+18.3,+18.7,+18.7,+18.7
2023-02-20 09:52,1,+71.9,+69.8,+64.6,+51.9,+54.0,+71.5,+17.6,+17.7,+18.1,+18.3,+18.7,+18.7,+18.7
2023-02-20 10:52,1,+71.7,+69.7,+64.5,+51.7,+54.0,+71.5,+17.7,+17.7,+18.1,+18.5,+18.7,+18.7,+18.7
2023-02-20 11:52,1,+71.5,+69.5,+64.5,+51.7,+53.9,+71.5,+18.0,+17.7,+18.1,+18.3,+18.7,+18.7,+18.7
2023-02-20 12:52,1,+71.4,+69.4,+64.5,+51.7,+53.9,+71.5,+18.2,+17.7,+18.1,+18.3,+18.7,+18.7,+18.7
2023-02-20 13:52,1,+71.2,+69.3,+64.4,+51.7,+53.7,+71.5,+18.6,+17.8,+18.1,+18.3,+18.7,+18.7,+18.7
2023-02-20 14:52,1,+71.2,+69.2,+64.4,+51.7,+53.9,+71.5,+18.7,+17.8,+18.1,+18.3,+18.7,+18.7,+18.7
2023-02-20 15:52,1,+71.2,+69.1,+64.4,+51.7,+53.9,+71.5,+18.8,+17.8,+18.1,+18.3,+18.6,+18.7,+18.7
2023-02-20 16:52,1,+71.1,+69.1,+64.4,+51.7,+53.7,+71.5,+18.8,+18.1,+18.1,+18.3,+18.6,+18.7,+18.7
2023-02-20 17:52,1,+71.1,+69.1,+64.4,+51.7,+53.7,+71.5,+18.8,+18.1,+18.1,+18.3,+18.6,+18.7,+18.7
2023-02-20 18:52,1,+71.1,+69.1,+64.4,+51.5,+53.7,+71.5,+18.7,+18.2,+18.2,+18.3,+18.6,+18.7,+18.7
2023-02-20 19:52,1,+71.1,+69.1,+64.4,+51.5,+53.7,+71.5,+18.7,+18.2,+18.1,+18.3,+18.7,+18.7,+18.7
2023-02-20 20:52,1,+71.6,+69.1,+64.3,+51.5,+53.7,+71.5,+18.6,+18.2,+18.2,+18.3,+18.7,+18.7,+18.7
2023-02-20 21:52,1,+72.5,+69.5,+65.1,+52.0,+54.4,+71.5,+18.5,+18.2,+18.2,+18.3,+18.6,+18.7,+18.7
2023-02-20 22:52,1,+72.7,+69.3,+64.5,+51.9,+54.2,+71.5,+18.3,+18.2,+18.2,+18.3,+18.6,+18.7,+18.7
2023-02-20 23:52,1,+72.6,+69.3,+64.6,+52.0,+54.0,+71.5,+18.3,+18.2,+18.2,+18.3,+18.6,+18.7,+18.7
2023-02-21 00:52,1,+72.6,+69.3,+64.5,+51.9,+54.0,+71.5,+18.3,+18.2,+18.3,+18.3,+18.6,+18.7,+18.7
2023-02-21 01:52,1,+72.5,+69.3,+64.5,+51.7,+54.0,+71.5,+18.1,+18.2,+18.3,+18.5,+18.6,+18.7,+18.7
2023-02-21 02:52,1,+72.5,+69.3,+64.5,+51.7,+54.0,+71.5,+18.1,+18.2,+18.3,+18.3,+18.6,+18.6,+18.7
2023-02-21 03:52,1,+72.4,+69.3,+64.5,+51.7,+54.0,+71.5,+18.0,+18.2,+18.3,+18.5,+18.7,+18.7,+18.7
2023-02-21 04:52,1,+72.3,+69.3,+64.5,+51.7,+53.9,+71.5,+18.0,+18.2,+18.3,+18.3,+18.6,+18.7,+18.7
2023-02-21 05:52,1,+72.3,+69.3,+64.5,+51.7,+53.9,+71.5,+18.0,+18.2,+18.3,+18.5,+18.6,+18.7,+18.7
2023-02-21 06:52,1,+72.2,+69.3,+64.4,+51.5,+53.9,+71.5,+17.8,+18.1,+18.3,+18.5,+18.6,+18.7,+18.7
2023-02-21 07:52,1,+72.0,+69.2,+64.3,+51.5,+53.7,+71.5,+17.8,+18.1,+18.3,+18.5,+18.7,+18.7,+18.7
2023-02-21 08:52,1,+71.8,+69.1,+64.3,+51.5,+53.9,+71.5,+18.0,+18.1,+18.3,+18.5,+18.6,+18.7,+18.7
2023-02-21 09:52,1,+71.6,+69.0,+64.1,+51.5,+53.7,+71.5,+18.1,+18.1,+18.3,+18.5,+18.6,+18.7,+18.7
2023-02-21 10:52,1,+71.5,+68.9,+64.1,+51.5,+53.7,+71.5,+18.2,+18.0,+18.3,+18.5,+18.6,+18.7,+18.7
2023-02-21 11:52,1,+71.3,+68.8,+64.0,+51.5,+53.7,+71.5,+18.5,+18.1,+18.2,+18.5,+18.6,+18.7,+18.7
2023-02-21 12:52,1,+71.2,+68.7,+64.0,+51.4,+53.7,+71.5,+18.7,+18.1,+18.3,+18.5,+18.7,+18.7,+18.7
2023-02-21 13:52,1,+71.1,+68.5,+64.0,+51.4,+53.7,+71.5,+19.0,+18.2,+18.2,+18.3,+18.6,+18.7,+18.7
2023-02-21 14:52,1,+71.1,+68.4,+63.9,+51.2,+53.7,+71.5,+19.1,+18.2,+18.3,+18.5,+18.7,+18.7,+18.7
2023-02-21 15:52,1,+71.0,+68.4,+63.9,+51.2,+53.7,+71.5,+19.1,+18.3,+18.3,+18.5,+18.7,+18.7,+18.7
2023-02-21 16:52,1,+71.0,+68.4,+64.0,+51.2,+53.7,+71.5,+19.1,+18.3,+18.3,+18.3,+18.6,+18.7,+18.7
2023-02-21 17:52,1,+71.0,+68.4,+64.0,+51.2,+53.7,+71.5,+19.1,+18.5,+18.3,+18.5,+18.7,+18.7,+18.7
2023-02-21 18:52,1,+71.0,+68.4,+63.9,+51.2,+53.7,+71.5,+19.0,+18.5,+18.3,+18.5,+18.7,+18.7,+18.7
2023-02-21 19:52,1,+71.1,+68.4,+64.0,+51.2,+53.7,+71.4,+18.8,+18.5,+18.5,+18.5,+18.7,+18.7,+18.7
2023-02-21 20:52,1,+71.2,+68.4,+63.9,+51.2,+53.7,+71.4,+18.7,+18.5,+18.5,+18.5,+18.7,+18.7,+18.7
2023-02-21 21:52,1,+71.1,+68.4,+63.9,+51.2,+53.5,+71.4,+18.6,+18.5,+18.5,+18.5,+18.7,+18.7,+18.7
2023-02-21 22:52,1,+71.1,+68.4,+63.9,+51.2,+53.7,+71.4,+18.5,+18.5,+18.5,+18.5,+18.6,+18.7,+18.7
2023-02-21 23:52,1,+71.1,+68.4,+63.9,+51.2,+53.5,+71.4,+18.3,+18.5,+18.5,+18.5,+18.7,+18.7,+18.7
2023-02-22 00:52,1,+71.1,+68.4,+63.9,+51.2,+53.7,+71.4,+18.3,+18.3,+18.5,+18.5,+18.7,+18.7,+18.7
2023-02-22 01:52,1,+71.1,+68.3,+63.9,+51.2,+53.5,+71.4,+18.2,+18.3,+18.5,+18.6,+18.7,+18.7,+18.7
2023-02-22 02:52,1,+71.1,+68.3,+63.9,+51.2,+53.5,+71.4,+18.2,+18.3,+18.5,+18.5,+18.6,+18.7,+18.7
2023-02-22 03:52,1,+71.0,+68.3,+63.9,+51.2,+53.5,+71.4,+18.1,+18.2,+18.5,+18.5,+18.7,+18.7,+18.7
2023-02-22 04:52,1,+70.9,+68.2,+63.7,+51.0,+53.5,+71.4,+18.0,+18.2,+18.5,+18.5,+18.7,+18.7,+18.7
2023-02-22 05:52,1,+70.9,+68.2,+63.7,+51.0,+53.5,+71.4,+17.8,+18.2,+18.5,+18.6,+18.7,+18.7,+18.7
2023-02-22 06:52,1,+70.8,+68.2,+63.7,+51.0,+53.5,+71.4,+17.8,+18.2,+18.5,+18.6,+18.7,+18.7,+18.7
2023-02-22 07:52,1,+70.8,+68.1,+63.7,+51.0,+53.5,+71.5,+17.8,+18.2,+18.5,+18.6,+18.7,+18.7,+18.7
2023-02-22 08:52,1,+70.7,+68.0,+63.5,+51.0,+53.5,+71.5,+17.8,+18.1,+18.5,+18.5,+18.7,+18.7,+18.7
2023-02-22 09:52,1,+70.5,+67.9,+63.5,+51.0,+53.5,+71.5,+18.0,+18.1,+18.5,+18.6,+18.7,+18.7,+18.7
2023-02-22 10:52,1,+70.4,+67.8,+63.5,+50.9,+53.5,+71.5,+18.1,+18.1,+18.5,+18.5,+18.7,+18.7,+18.7
2023-02-22 11:52,1,+70.3,+67.7,+63.5,+50.9,+53.4,+71.5,+18.2,+18.1,+18.5,+18.6,+18.7,+18.7,+18.7
2023-02-22 12:52,1,+70.1,+67.6,+63.4,+50.9,+53.4,+71.5,+18.3,+18.1,+18.3,+18.5,+18.7,+18.7,+18.7
2023-02-22 13:52,1,+70.1,+67.5,+63.4,+50.7,+53.4,+71.5,+18.5,+18.1,+18.5,+18.6,+18.7,+18.7,+18.7
2023-02-22 14:52,1,+70.0,+67.5,+63.4,+50.7,+53.2,+71.5,+18.6,+18.2,+18.3,+18.6,+18.7,+18.7,+18.7
2023-02-22 15:52,1,+69.9,+67.4,+63.4,+50.7,+53.4,+71.5,+18.6,+18.2,+18.3,+18.5,+18.7,+18.7,+18.7
2023-02-22 16:52,1,+69.9,+67.4,+63.2,+50.7,+53.4,+71.5,+18.6,+18.2,+18.3,+18.6,+18.7,+18.7,+18.7
2023-02-22 17:52,1,+69.8,+67.3,+63.2,+50.7,+53.2,+71.5,+18.5,+18.2,+18.5,+18.5,+18.7,+18.7,+18.7
2023-02-22 18:52,1,+69.8,+67.3,+63.2,+50.7,+53.4,+71.4,+18.5,+18.3,+18.5,+18.5,+18.7,+18.7,+18.7
2023-02-22 19:52,1,+69.7,+67.3,+63.2,+50.7,+53.2,+71.4,+18.2,+18.2,+18.3,+18.5,+18.7,+18.7,+18.7
2023-02-22 20:52,1,+69.7,+67.3,+63.2,+50.7,+53.2,+71.4,+18.2,+18.2,+18.5,+18.6,+18.7,+18.7,+18.7
2023-02-22 21:52,1,+69.6,+67.2,+63.2,+50.7,+53.2,+71.4,+18.1,+18.2,+18.5,+18.6,+18.7,+18.7,+18.7
2023-02-22 22:52,1,+69.5,+67.2,+63.2,+50.7,+53.2,+71.4,+18.1,+18.2,+18.5,+18.5,+18.7,+18.7,+18.7
2023-02-22 23:52,1,+69.5,+67.2,+63.2,+50.5,+53.2,+71.4,+18.0,+18.2,+18.5,+18.6,+18.7,+18.7,+18.7
2023-02-23 00:52,1,+69.4,+67.1,+63.2,+50.5,+53.2,+71.4,+17.8,+18.2,+18.5,+18.5,+18.7,+18.7,+18.7
2023-02-23 01:52,1,+69.4,+67.1,+63.2,+50.5,+53.2,+71.4,+17.8,+18.1,+18.5,+18.6,+18.7,+18.7,+18.7
2023-02-23 02:52,1,+69.3,+67.0,+63.2,+50.5,+53.2,+71.4,+17.7,+18.1,+18.3,+18.6,+18.7,+18.7,+18.7
2023-02-23 03:52,1,+69.2,+67.0,+63.2,+50.5,+53.2,+71.4,+17.6,+18.1,+18.3,+18.5,+18.7,+18.7,+18.7
2023-02-23 04:52,1,+69.2,+67.0,+63.0,+50.5,+53.2,+71.4,+17.6,+18.0,+18.5,+18.5,+18.7,+18.7,+18.7
2023-02-23 05:52,1,+69.1,+66.9,+63.0,+50.5,+53.2,+71.4,+17.5,+18.0,+18.3,+18.6,+18.7,+18.7,+18.7
2023-02-23 06:52,1,+69.0,+66.9,+63.0,+50.4,+53.2,+71.4,+17.5,+17.8,+18.3,+18.5,+18.7,+18.7,+18.7
2023-02-23 07:52,1,+68.9,+66.8,+63.0,+50.4,+53.2,+71.5,+17.5,+18.0,+18.3,+18.6,+18.7,+18.7,+18.7
2023-02-23 08:52,1,+68.8,+66.7,+62.9,+50.4,+53.2,+71.5,+17.6,+17.8,+18.3,+18.6,+18.7,+18.7,+18.7
2023-02-23 09:52,1,+68.6,+66.6,+62.9,+50.2,+53.0,+71.5,+17.7,+18.0,+18.3,+18.6,+18.7,+18.7,+18.7