
2022-09-06 13:14,2,+42.7,+28.3,+22.7,+20.5,+31.7,+27.2,+19.0,+19.0,+19.5,+19.5,+19.5,+20.5,+19.0
2022-09-06 14:14,2,+42.6,+28.3,+22.7,+20.5,+31.7,+27.2,+19.0,+19.0,+19.5,+20.0,+19.5,+20.5,+19.0
2022-09-06 15:14,2,+42.6,+28.3,+22.7,+20.5,+31.7,+27.2,+19.0,+19.5,+19.5,+20.0,+19.5,+20.5,+19.0
2022-09-06 16:14,2,+42.6,+28.2,+22.7,+20.5,+31.7,+27.2,+19.0,+19.5,+19.5,+20.0,+19.5,+20.5,+19.0
2022-09-06 17:14,2,+42.6,+28.2,+22.7,+20.5,+31.7,+27.2,+19.0,+19.5,+19.5,+20.0,+19.5,+20.5,+19.0
2022-09-06 18:14,2,+42.6,+28.2,+22.7,+20.5,+31.7,+27.2,+19.0,+19.5,+19.5,+20.0,+19.5,+20.5,+19.0
2022-09-06 19:14,2,+42.6,+28.2,+22.7,+20.5,+31.7,+27.2,+19.0,+19.5,+19.5,+20.0,+19.5,+20.5,+19.0
2022-09-06 20:14,2,+42.6,+28.2,+22.7,+20.5,+31.7,+27.2,+19.0,+19.5,+19.5,+20.0,+19.5,+20.5,+19.0
2022-09-06 21:14,2,+42.6,+28.2,+22.7,+20.5,+31.7,+27.2,+19.0,+19.5,+19.5,+20.0,+19.5,+20.5,+19.0
2022-09-06 22:14,2,+42.6,+28.2,+22.7,+20.5,+31.7,+27.2,+19.0,+19.5,+19.5,+19.5,+19.5,+20.5,+19.0
2022-09-06 23:14,2,+42.6,+28.2,+22.7,+20.5,+31.7,+27.2,+19.0,+19.5,+19.5,+19.5,+19.5,+20.5,+19.0
2022-09-07 00:14,2,+42.6,+28.2,+22.7,+20.5,+31.7,+27.2,+19.0,+19.5,+19.5,+20.0,+19.5,+20.5,+19.0
2022-09-07 01:14,2,+42.6,+28.2,+22.7,+20.3,+31.7,+27.2,+19.0,+19.5,+19.5,+19.5,+19.5,+20.5,+19.0
2022-09-07 02:14,2,+42.5,+28.2,+22.7,+20.3,+31.7,+27.2,+19.0,+19.5,+19.5,+20.0,+19.5,+20.5,+19.0
2022-09-07 03:14,2,+42.5,+28.2,+22.7,+20.3,+31.7,+27.2,+19.0,+19.5,+19.5,+19.5,+19.5,+20.5,+19.0
2022-09-07 04:14,2,+42.5,+28.2,+22.7,+20.3,+31.7,+27.2,+19.0,+19.5,+19.5,+19.5,+19.5,+20.5,+19.0
2022-09-07 05:14,2,+42.5,+28.2,+22.7,+20.3,+31.7,+27.2,+19.0,+19.5,+19.5,+19.5,+19.5,+20.5,+19.0
2022-09-07 06:14,2,+42.5,+28.1,+22.7,+20.3,+31.7,+27.2,+19.0,+19.5,+19.5,+20.0,+19.5,+20.5,+19.0
2022-09-07 07:14,2,+42.5,+28.1,+22.7,+20.3,+31.7,+27.2,+19.0,+19.5,+19.5,+19.5,+19.5,+20.5,+19.0
2022-09-07 08:14,2,+42.5,+28.1,+22.7,+20.3,+31.7,+27.2,+19.0,+19.5,+19.5,+20.0,+19.5,+20.5,+19.0
2022-09-07 09:14,2,+42.4,+28.1,+22.7,+20.3,+31.7,+27.2,+19.0,+19.5,+19.5,+19.5,+19.5,+20.5,+19.0
2022-09-07 10:14,2,+42.4,+28.1,+22.7,+20.3,+31.7,+27.2,+19.0,+19.5,+19.5,+20.0,+19.5,+20.5,+19.0
2022-09-07 11:14,2,+42.4,+28.1,+22.7,+20.3,+31.7,+27.2,+19.0,+19.5,+19.5,+19.5,+19.5,+20.5,+19.0
2022-09-07 12:14,2,+42.4,+28.1,+22.7,+20.3,+31.7,+27.2,+19.5,+19.5,+19.5,+19.5,+19.5,+20.5,+19.0
2022-09-07 13:14,2,+42.3,+28.1,+22.7,+20.3,+31.7,+27.2,+19.5,+19.5,+19.5,+20.0,+19.5,+20.5,+19.0
2022-09-07 14:14,2,+42.3,+28.1,+22.7,+20.3,+31.7,+27.2,+19.5,+19.5,+19.5,+19.5,+19.5,+20.5,+19.0
2022-09-07 15:14,2,+42.3,+28.1,+22.7,+20.2,+31.7,+27.2,+19.5,+19.5,+19.5,+20.0,+19.5,+20.5,+19.0
2022-09-07 16:14,2,+43.7,+28.1,+22.7,+20.2,+31.7,+27.2,+19.5,+19.5,+19.5,+19.5,+19.5,+20.5,+19.0
2022-09-07 17:14,2,+43.6,+28.1,+22.7,+20.2,+31.7,+27.2,+19.5,+19.5,+19.5,+20.0,+19.5,+20.5,+19.0
2022-09-07 18:14,2,+43.4,+28.1,+22.7,+20.2,+31.7,+27.2,+19.5,+19.5,+19.5,+19.5,+19.5,+20.5,+19.0
2022-09-07 19:14,2,+43.3,+28.1,+22.7,+20.2,+31.7,+27.2,+19.5,+19.5,+19.5,+20.0,+19.5,+20.5,+19.0
2022-09-07 20:14,2,+43.3,+28.2,+22.7,+20.2,+31.7,+27.2,+19.5,+19.5,+19.5,+19.5,+19.5,+20.5,+19.0
2022-09-07 21:14,2,+43.2,+28.2,+22.7,+20.2,+31.7,+27.2,+19.5,+19.5,+19.5,+19.5,+19.5,+20.5,+19.0
2022-09-07 22:14,2,+43.1,+28.2,+22.7,+20.2,+31.7,+27.2,+19.5,+19.5,+19.5,+20.0,+19.5,+20.5,+19.0
2022-09-07 23:14,2,+43.1,+28.2,+22.7,+20.2,+31.7,+27.2,+19.0,+19.5,+19.5,+19.5,+19.5,+20.5,+19.0
2022-09-08 00:14,2,+43.1,+28.2,+22.7,+20.2,+31.7,+27.2,+19.0,+19.5,+19.5,+19.5,+19.5,+20.5,+19.0
2022-09-08 01:14,2,+43.1,+28.2,+22.7,+20.2,+31.7,+27.2,+19.0,+19.5,+19.5,+19.5,+19.5,+20.5,+19.0
2022-09-08 02:14,2,+43.0,+28.2,+22.7,+20.2,+31.7,+27.2,+19.0,+19.5,+19.5,+20.0,+19.5,+20.5,+19.0
2022-09-08 03:14,2,+43.0,+28.3,+22.7,+20.2,+31.7,+27.2,+19.0,+19.5,+19.5,+19.5,+19.5,+20.5,+19.0
2022-09-08 04:14,2,+43.0,+28.3,+22.7,+20.2,+31.7,+27.2,+19.0,+19.5,+19.5,+19.5,+19.5,+20.5,+19.0
2022-09-08 05:14,2,+43.0,+28.3,+22.7,+20.2,+31.7,+27.2,+19.0,+19.5,+19.5,+19.5,+19.5,+20.5,+19.0
2022-09-08 06:14,2,+43.0,+28.3,+22.7,+20.2,+31.7,+27.2,+19.0,+19.5,+19.5,+20.0,+19.5,+20.5,+19.5
2022-09-08 07:14,2,+42.9,+28.3,+22.7,+20.2,+31.7,+27.2,+19.0,+19.5,+19.5,+19.5,+19.5,+20.5,+19.0
2022-09-08 08:14,2,+42.9,+28.3,+22.7,+20.2,+31.7,+27.2,+19.0,+19.5,+19.5,+19.5,+19.5,+20.5,+19.0
2022-09-08 09:14,2,+42.9,+28.3,+22.7,+20.2,+31.7,+27.2,+19.0,+19.5,+19.5,+19.5,+19.5,+20.5,+19.0
2022-09-08 10:14,2,+42.9,+28.2,+22.7,+20.2,+31.7,+27.2,+19.0,+19.5,+19.5,+19.5,+19.5,+20.5,+19.0
2022-09-08 11:14,2,+42.8,+28.2,+22.7,+20.2,+31.6,+27.2,+19.0,+19.5,+19.5,+20.0,+19.5,+20.5,+19.0
2022-09-08 12:14,2,+42.8,+28.2,+22.7,+20.2,+31.7,+27.2,+19.5,+19.5,+19.5,+19.5,+19.5,+20.5,+19.0
2022-09-08 13:14,2,+42.8,+28.2,+22.7,+20.2,+31.7,+27.2,+19.5,+19.5,+19.5,+20.0,+19.5,+20.5,+19.0
2022-09-08 14:14,2,+48.1,+28.7,+22.7,+20.2,+31.7,+27.2,+19.5,+19.5,+19.5,+19.5,+19.5,+20.5,+19.0
2022-09-08 15:14,2,+45.1,+30.3,+22.7,+20.2,+31.6,+27.2,+19.5,+19.5,+19.5,+19.5,+19.5,+20.5,+19.0
2022-09-08 16:14,2,+44.6,+30.1,+23.0,+20.2,+31.7,+27.2,+19.5,+19.5,+19.5,+19.5,+19.5,+20.5,+19.5
2022-09-08 17:14,2,+44.4,+30.0,+23.1,+20.2,+31.6,+27.2,+19.5,+19.5,+19.5,+19.5,+19.5,+20.5,+19.0
2022-09-08 18:14,2,+44.3,+29.9,+23.2,+20.2,+31.7,+27.2,+19.5,+19.5,+19.5,+20.0,+19.5,+20.5,+19.0
2022-09-08 19:14,2,+44.2,+29.8,+23.2,+20.2,+31.7,+27.2,+19.5,+20.0,+19.5,+20.0,+19.5,+20.5,+19.0
2022-09-08 20:14,2,+44.2,+29.7,+23.2,+20.3,+31.6,+27.2,+19.5,+19.5,+19.5,+20.0,+19.5,+20.5,+19.0
2022-09-08 21:14,2,+44.1,+29.7,+23.2,+20.3,+31.7,+27.2,+19.5,+19.5,+19.5,+19.5,+19.5,+20.5,+19.0
2022-09-08 22:14,2,+44.1,+29.6,+23.2,+20.3,+31.6,+27.2,+19.5,+20.0,+19.5,+19.5,+19.5,+20.5,+19.0
2022-09-08 23:14,2,+44.0,+29.6,+23.2,+20.5,+31.6,+27.2,+19.5,+20.0,+19.5,+19.5,+19.5,+20.5,+19.0
2022-09-09 00:14,2,+44.0,+29.5,+23.2,+20.5,+31.7,+27.2,+19.0,+19.5,+19.5,+19.5,+19.5,+20.5,+19.0
2022-09-09 01:14,2,+43.9,+29.5,+23.2,+20.5,+31.7,+27.2,+19.0,+19.5,+19.5,+19.5,+19.5,+20.5,+19.5
2022-09-09 02:14,2,+43.9,+29.5,+23.2,+20.5,+31.7,+27.2,+19.0,+19.5,+19.5,+20.0,+19.5,+20.5,+19.0
2022-09-09 03:14,2,+43.9,+29.4,+23.2,+20.5,+31.7,+27.2,+19.0,+19.5,+19.5,+19.5,+19.5,+20.5,+19.5
2022-09-09 04:14,2,+43.8,+29.4,+23.2,+20.5,+31.7,+27.2,+19.0,+20.0,+19.5,+20.0,+19.5,+20.5,+19.0
2022-09-09 05:14,2,+43.8,+29.3,+23.2,+20.5,+31.7,+27.2,+19.0,+19.5,+19.5,+20.0,+19.5,+20.5,+19.0
2022-09-09 06:14,2,+43.8,+29.3,+23.2,+20.5,+31.7,+27.2,+19.0,+19.5,+19.5,+20.0,+19.5,+20.5,+19.0
2022-09-09 07:14,2,+43.7,+29.3,+23.1,+20.5,+31.7,+27.2,+19.0,+19.5,+19.5,+20.0,+19.5,+20.5,+19.0
2022-09-09 08:14,2,+43.7,+29.2,+23.1,+20.5,+31.7,+27.2,+19.0,+19.5,+19.5,+19.5,+19.5,+20.5,+19.0
2022-09-09 09:14,2,+43.6,+29.2,+23.1,+20.5,+31.7,+27.2,+19.0,+19.5,+19.5,+20.0,+19.5,+20.5,+19.0
2022-09-09 10:14,2,+43.6,+29.1,+23.1,+20.5,+31.7,+27.2,+19.5,+19.5,+19.5,+20.0,+19.5,+20.5,+19.0
2022-09-09 11:14,2,+43.6,+29.1,+23.1,+20.5,+31.7,+27.2,+19.5,+19.5,+19.5,+20.0,+19.5,+20.5,+19.0
2022-09-09 12:14,2,+46.4,+29.7,+23.1,+20.5,+31.7,+27.2,+19.5,+19.5,+19.5,+20.0,+19.5,+20.5,+19.5
2022-09-09 13:14,2,+45.1,+30.5,+23.2,+20.5,+31.7,+27.2,+19.5,+19.5,+19.5,+20.0,+19.5,+20.5,+19.0
2022-09-09 14:14,2,+46.6,+30.3,+23.6,+20.6,+31.7,+27.2,+19.5,+19.5,+19.5,+20.0,+19.5,+20.5,+19.0
2022-09-09 15:14,2,+45.4,+30.7,+24.1,+20.7,+31.7,+27.2,+19.5,+19.5,+19.5,+20.0,+19.5,+20.5,+19.0
2022-09-09 16:14,2,+47.2,+31.5,+25.0,+22.6,+32.2,+27.2,+19.0,+19.5,+19.5,+20.0,+19.5,+20.5,+19.0
2022-09-09 17:14,2,+45.8,+30.7,+24.5,+22.6,+33.2,+28.7,+19.0,+19.5,+19.5,+20.0,+19.5,+20.5,+19.0
2022-09-09 18:14,2,+46.6,+31.0,+24.3,+22.2,+33.0,+29.2,+19.0,+19.5,+19.5,+20.5,+19.5,+20.5,+19.0
2022-09-09 19:14,2,+45.2,+30.6,+24.3,+22.2,+33.2,+29.2,+19.0,+19.5,+19.5,+20.0,+19.5,+20.5,+19.0
2022-09-09 20:14,2,+44.8,+30.3,+24.2,+22.1,+33.0,+29.1,+19.0,+19.5,+19.5,+20.0,+19.5,+20.5,+19.0
2022-09-09 21:14,2,+44.6,+30.1,+24.0,+21.7,+33.0,+29.1,+19.0,+19.5,+19.5,+20.0,+19.5,+20.5,+19.0
2022-09-09 22:14,2,+44.5,+30.0,+23.8,+21.7,+32.9,+29.0,+19.0,+19.5,+19.5,+20.0,+19.5,+20.5,+19.0
2022-09-09 23:14,2,+44.3,+29.9,+23.7,+21.6,+32.7,+28.7,+19.0,+19.5,+19.5,+20.0,+19.5,+20.5,+19.0
2022-09-10 00:14,2,+44.2,+29.8,+23.7,+21.3,+32.7,+28.7,+19.0,+19.5,+19.5,+20.0,+19.5,+20.5,+19.0
2022-09-10 01:14,2,+44.0,+29.8,+23.7,+21.3,+32.7,+28.7,+18.5,+19.5,+19.5,+20.0,+19.5,+20.5,+19.0
2022-09-10 02:14,2,+44.0,+29.7,+23.6,+21.2,+32.5,+28.6,+18.5,+19.5,+19.5,+20.0,+19.5,+20.5,+19.0
2022-09-10 03:14,2,+43.9,+29.7,+23.6,+21.2,+32.5,+28.6,+18.5,+19.5,+19.5,+20.0,+19.5,+20.5,+19.0
2022-09-10 04:14,2,+43.9,+29.6,+23.5,+21.2,+32.5,+28.5,+18.5,+20.0,+19.5,+20.0,+19.5,+20.5,+19.0
2022-09-10 05:14,2,+43.9,+29.6,+23.5,+21.1,+32.5,+28.5,+18.5,+19.5,+19.5,+20.0,+19.5,+20.5,+19.0
2022-09-10 06:14,2,+43.9,+29.5,+23.5,+21.1,+32.4,+28.2,+18.5,+19.5,+19.5,+20.5,+19.5,+20.5,+19.0
2022-09-10 07:14,2,+43.8,+29.5,+23.3,+21.1,+32.4,+28.2,+18.5,+19.5,+19.5,+20.0,+19.5,+20.5,+19.0
2022-09-10 08:14,2,+43.8,+29.4,+23.3,+21.0,+32.4,+28.2,+18.5,+19.0,+19.5,+20.0,+19.5,+20.5,+19.0
2022-09-10 09:14,2,+43.7,+29.4,+23.3,+21.0,+32.4,+28.2,+18.5,+19.5,+19.5,+20.0,+19.5,+20.5,+19.0
2022-09-10 10:14,2,+43.7,+29.3,+23.3,+21.0,+32.2,+28.2,+19.0,+19.0,+19.5,+19.5,+19.5,+20.5,+19.0
2022-09-10 11:14,2,+43.7,+29.2,+23.2,+20.8,+32.2,+28.2,+19.0,+19.0,+19.5,+19.5,+19.5,+20.5,+19.0
2022-09-10 12:14,2,+43.6,+29.2,+23.2,+20.8,+32.2,+28.2,+19.0,+19.5,+19.5,+19.5,+19.5,+20.5,+19.0
2022-09-10 13:14,2,+43.6,+29.1,+23.2,+20.8,+32.2,+28.2,+19.0,+19.5,+19.5,+19.5,+19.5,+20.5,+19.0
2022-09-10 14:14,2,+43.5,+29.1,+23.2,+20.8,+32.2,+28.1,+19.5,+19.5,+19.5,+19.5,+19.5,+20.5,+19.0
2022-09-10 15:14,2,+43.5,+29.1,+23.2,+20.7,+32.2,+28.1,+19.5,+19.5,+19.5,+20.0,+19.5,+20.5,+19.0
2022-09-10 16:14,2,+43.4,+29.1,+23.2,+20.7,+32.2,+28.1,+19.5,+19.5,+19.5,+20.0,+19.5,+20.5,+19.0
2022-09-10 17:14,2,+43.5,+29.1,+23.2,+20.7,+32.2,+28.1,+19.5,+19.5,+19.5,+20.0,+19.5,+20.5,+19.0
2022-09-10 18:14,2,+43.7,+29.0,+23.2,+20.7,+32.2,+28.1,+19.5,+19.5,+19.5,+20.0,+19.5,+20.5,+19.0
2022-09-10 19:14,2,+43.7,+29.0,+23.2,+20.7,+32.2,+28.1,+19.5,+19.5,+19.5,+19.5,+19.5,+20.5,+19.0
2022-09-10 20:14,2,+43.7,+29.0,+23.2,+20.7,+32.2,+28.0,+19.0,+19.5,+19.5,+20.0,+19.5,+20.5,+19.0
2022-09-10 21:14,2,+43.7,+29.0,+23.2,+20.7,+32.2,+28.0,+19.0,+19.5,+19.5,+20.0,+19.5,+20.5,+19.0
2022-09-10 22:14,2,+43.7,+29.0,+23.2,+20.7,+32.2,+28.0,+19.0,+19.5,+19.5,+19.5,+19.5,+20.5,+19.0
2022-09-10 23:14,2,+43.6,+29.0,+23.1,+20.7,+32.2,+28.0,+19.0,+19.5,+19.5,+19.5,+19.5,+20.5,+19.0
2022-09-11 00:14,2,+43.6,+29.0,+23.1,+20.7,+32.0,+28.0,+19.0,+19.5,+19.5,+20.0,+19.5,+20.5,+19.0
2022-09-11 01:14,2,+43.6,+29.0,+23.1,+20.7,+32.0,+27.7,+19.0,+19.5,+19.5,+20.0,+19.5,+20.5,+19.0
2022-09-11 02:14,2,+43.5,+29.0,+23.1,+20.7,+32.0,+27.7,+19.0,+19.5,+19.5,+19.5,+19.5,+20.5,+19.0
2022-09-11 03:14,2,+43.5,+29.0,+23.1,+20.7,+32.0,+27.7,+19.0,+20.0,+19.5,+20.0,+19.5,+20.5,+19.0
2022-09-11 04:14,2,+43.5,+29.0,+23.1,+20.7,+32.0,+27.7,+19.0,+19.5,+19.5,+20.0,+19.5,+20.5,+19.0
2022-09-11 05:14,2,+43.4,+29.0,+23.1,+20.7,+32.0,+27.7,+19.0,+19.5,+19.5,+20.0,+19.5,+20.5,+19.0
2022-09-11 06:14,2,+43.4,+29.0,+23.1,+20.7,+32.0,+27.7,+19.0,+19.5,+19.5,+19.5,+19.5,+20.5,+19.0
2022-09-11 07:14,2,+43.4,+28.9,+23.1,+20.7,+32.0,+27.7,+19.0,+19.5,+19.5,+20.0,+19.5,+20.5,+19.0
2022-09-11 08:14,2,+43.3,+28.9,+23.1,+20.7,+32.0,+27.7,+19.0,+19.5,+19.5,+19.5,+19.5,+20.5,+19.0
2022-09-11 09:14,2,+43.3,+28.9,+23.1,+20.7,+32.0,+27.7,+19.0,+19.5,+19.5,+19.5,+19.5,+20.5,+19.0
2022-09-11 10:14,2,+43.3,+28.9,+23.1,+20.7,+32.0,+27.7,+19.0,+19.5,+19.5,+20.0,+19.5,+20.5,+19.0
2022-09-11 11:14,2,+43.2,+28.8,+23.0,+20.7,+32.0,+27.7,+19.0,+19.5,+19.5,+20.0,+19.5,+20.5,+19.0
2022-09-11 12:14,2,+43.2,+28.8,+23.0,+20.6,+32.0,+27.7,+19.0,+19.5,+19.5,+20.0,+19.5,+20.5,+19.0
2022-09-11 13:14,2,+43.2,+28.8,+23.0,+20.6,+32.0,+27.7,+19.5,+19.5,+19.5,+20.0,+19.5,+20.5,+19.0
2022-09-11 14:14,2,+43.1,+28.7,+23.0,+20.6,+32.0,+27.7,+19.5,+19.5,+19.5,+20.0,+19.5,+20.5,+19.0
2022-09-11 15:14,2,+43.1,+28.7,+23.0,+20.6,+32.0,+27.7,+19.5,+19.5,+19.5,+19.5,+19.5,+20.5,+19.0
2022-09-11 16:14,2,+45.8,+29.7,+23.0,+20.6,+32.0,+27.7,+19.5,+19.5,+19.5,+19.5,+19.5,+20.5,+19.0
2022-09-11 17:14,2,+44.9,+30.4,+23.2,+20.6,+32.0,+27.7,+19.0,+19.5,+19.5,+20.0,+19.5,+20.5,+19.0
2022-09-11 18:14,2,+44.5,+30.2,+23.3,+20.7,+32.0,+27.7,+19.0,+19.5,+19.5,+19.5,+19.5,+20.5,+19.0
2022-09-11 19:14,2,+44.3,+30.1,+23.5,+20.7,+32.0,+27.7,+19.0,+19.5,+19.5,+20.0,+19.5,+20.5,+19.0
2022-09-11 20:14,2,+44.2,+30.0,+23.5,+20.7,+32.0,+27.7,+19.0,+19.5,+19.5,+20.0,+19.5,+20.5,+19.0
2022-09-11 21:14,2,+44.1,+29.9,+23.5,+20.8,+32.0,+27.7,+19.0,+19.5,+19.5,+19.5,+19.5,+20.5,+19.0
2022-09-11 22:14,2,+44.0,+29.8,+23.5,+20.8,+32.0,+27.7,+19.0,+19.5,+19.5,+20.0,+19.5,+20.5,+19.0
2022-09-11 23:14,2,+43.9,+29.7,+23.5,+20.8,+32.2,+27.7,+19.0,+19.5,+19.5,+19.5,+19.5,+20.5,+19.0
2022-09-12 00:14,2,+43.9,+29.7,+23.5,+20.8,+32.2,+27.7,+19.0,+19.5,+19.5,+19.5,+19.5,+20.5,+19.5
2022-09-12 01:14,2,+43.8,+29.6,+23.5,+20.8,+32.2,+27.7,+19.0,+19.5,+19.5,+19.5,+19.5,+20.5,+19.0
2022-09-12 02:14,2,+43.8,+29.5,+23.3,+20.8,+32.2,+27.7,+19.0,+19.5,+19.5,+19.5,+19.5,+20.5,+19.0
2022-09-12 03:14,2,+43.8,+29.5,+23.3,+20.8,+32.2,+28.0,+18.5,+19.5,+19.5,+19.5,+19.5,+20.5,+19.0
2022-09-12 04:14,2,+43.7,+29.4,+23.3,+20.8,+32.2,+28.0,+18.5,+19.5,+19.5,+20.0,+19.5,+20.5,+19.0
2022-09-12 05:14,2,+43.7,+29.4,+23.3,+20.8,+32.2,+28.0,+18.5,+19.5,+19.5,+20.0,+19.5,+20.5,+19.0
2022-09-12 06:14,2,+43.6,+29.4,+23.3,+20.8,+32.2,+28.0,+18.5,+19.5,+19.5,+19.5,+19.5,+20.5,+19.0
2022-09-12 07:14,2,+43.6,+29.3,+23.2,+20.8,+32.2,+28.0,+18.5,+19.5,+19.5,+19.5,+19.5,+20.5,+19.0
2022-09-12 08:14,2,+43.5,+29.3,+23.2,+20.7,+32.2,+28.0,+19.0,+19.5,+19.5,+19.5,+19.5,+20.5,+19.0
2022-09-12 09:14,2,+43.7,+29.2,+23.2,+20.7,+32.2,+28.0,+19.0,+19.0,+19.5,+19.5,+19.5,+20.5,+19.0
2022-09-12 10:14,2,+43.6,+29.2,+23.2,+20.7,+32.2,+28.0,+19.0,+19.5,+19.5,+19.5,+19.5,+20.5,+19.5
2022-09-12 11:14,2,+43.6,+29.1,+23.2,+20.7,+32.2,+28.0,+19.0,+19.5,+19.5,+19.5,+19.5,+20.5,+19.0
2022-09-12 12:14,2,+43.4,+29.1,+23.2,+20.7,+32.2,+28.0,+19.0,+19.5,+19.5,+19.5,+19.5,+20.5,+19.0
2022-09-12 13:14,2,+43.3,+29.1,+23.2,+20.7,+32.2,+28.0,+19.5,+19.5,+19.5,+20.0,+19.5,+20.5,+19.0
2022-09-12 14:14,2,+43.4,+29.1,+23.2,+20.7,+32.2,+28.0,+19.5,+19.5,+19.5,+19.5,+19.5,+20.5,+19.0
2022-09-12 15:14,2,+47.4,+31.8,+25.5,+22.8,+32.4,+28.1,+18.5,+19.5,+19.5,+19.5,+19.5,+20.5,+19.0
2022-09-12 16:14,2,+45.7,+30.8,+24.7,+22.7,+33.4,+29.6,+18.5,+19.5,+19.5,+20.0,+19.5,+20.5,+19.0
2022-09-12 17:14,2,+45.1,+30.4,+24.2,+22.2,+33.2,+29.5,+18.5,+19.5,+19.5,+19.5,+19.5,+20.5,+19.0
2022-09-12 18:14,2,+44.8,+30.2,+24.1,+21.8,+33.0,+29.2,+18.5,+19.5,+19.5,+20.0,+19.5,+20.5,+19.0
2022-09-12 19:14,2,+44.6,+30.1,+24.0,+21.7,+33.0,+29.1,+18.5,+19.5,+19.5,+20.0,+19.5,+20.5,+19.0
2022-09-12 20:14,2,+44.6,+30.0,+23.8,+21.6,+32.9,+29.1,+18.5,+19.5,+19.5,+19.5,+19.5,+20.5,+19.0
2022-09-12 21:14,2,+44.6,+29.9,+23.7,+21.5,+32.7,+28.7,+18.5,+19.0,+19.5,+20.0,+19.5,+20.5,+19.0
2022-09-12 22:14,2,+44.5,+29.8,+23.7,+21.3,+32.7,+28.7,+18.5,+19.0,+19.5,+20.0,+19.5,+20.5,+19.0
2022-09-12 23:14,2,+44.4,+29.7,+23.6,+21.2,+32.7,+28.7,+18.5,+19.0,+19.5,+19.5,+19.5,+20.5,+19.0
2022-09-13 00:14,2,+44.3,+29.6,+23.6,+21.2,+32.7,+28.7,+18.5,+19.0,+19.5,+20.0,+19.5,+20.5,+19.0
2022-09-13 01:14,2,+44.3,+29.6,+23.6,+21.2,+32.5,+28.6,+18.5,+19.0,+19.5,+19.5,+19.5,+20.5,+19.0
2022-09-13 02:14,2,+44.2,+29.5,+23.5,+21.1,+32.5,+28.6,+18.5,+19.5,+19.5,+20.0,+19.5,+20.5,+19.0
2022-09-13 03:14,2,+44.2,+29.5,+23.5,+21.1,+32.5,+28.5,+18.5,+19.0,+19.5,+20.0,+19.5,+20.5,+19.0
2022-09-13 04:14,2,+44.1,+29.4,+23.3,+21.1,+32.5,+28.5,+18.5,+19.0,+19.5,+19.5,+19.5,+20.5,+19.0
2022-09-13 05:14,2,+44.1,+29.4,+23.3,+21.0,+32.5,+28.2,+18.5,+19.0,+19.5,+19.5,+19.5,+20.5,+19.0
2022-09-13 06:14,2,+44.0,+29.3,+23.3,+21.0,+32.4,+28.2,+18.5,+19.0,+19.5,+19.5,+19.5,+20.5,+19.0
2022-09-13 07:14,2,+44.0,+29.3,+23.3,+21.0,+32.4,+28.2,+18.5,+19.0,+19.5,+19.5,+19.5,+20.5,+19.0
2022-09-13 08:14,2,+44.0,+29.3,+23.2,+20.8,+32.4,+28.2,+18.5,+19.0,+19.5,+20.0,+19.5,+20.5,+19.0
2022-09-13 09:14,2,+43.9,+29.2,+23.2,+20.8,+32.4,+28.2,+18.5,+19.0,+19.5,+19.5,+19.5,+20.5,+19.0
2022-09-13 10:14,2,+43.9,+29.2,+23.2,+20.8,+32.4,+28.2,+18.5,+19.0,+19.5,+20.0,+19.5,+20.5,+19.0
2022-09-13 11:14,2,+44.2,+29.1,+23.2,+20.8,+32.2,+28.2,+18.5,+19.0,+19.5,+19.5,+19.5,+20.5,+19.0
2022-09-13 12:14,2,+44.6,+29.1,+23.2,+20.7,+32.2,+28.2,+19.0,+19.0,+19.5,+20.0,+19.5,+20.5,+19.0
2022-09-13 13:14,2,+47.7,+31.9,+24.7,+20.8,+32.2,+28.2,+18.5,+19.0,+19.0,+19.5,+19.5,+20.5,+19.0
2022-09-13 14:14,2,+47.1,+31.6,+25.2,+23.3,+33.5,+28.6,+18.5,+19.5,+19.0,+19.5,+19.5,+20.5,+19.0
2022-09-13 15:14,2,+45.9,+30.7,+24.6,+22.6,+33.4,+29.7,+18.5,+19.0,+19.0,+20.0,+19.5,+20.5,+19.0
2022-09-13 16:14,2,+46.6,+30.7,+24.2,+22.2,+33.2,+29.6,+18.5,+19.5,+19.0,+19.5,+19.5,+20.5,+19.0
2022-09-13 17:14,2,+46.2,+30.8,+24.3,+22.1,+33.2,+29.2,+18.5,+19.0,+19.5,+19.5,+19.5,+20.5,+19.0
2022-09-13 18:14,2,+45.6,+30.5,+24.2,+22.1,+33.0,+29.2,+18.5,+19.0,+19.0,+19.5,+19.5,+20.5,+19.0
2022-09-13 19:14,2,+45.3,+30.3,+24.1,+21.8,+33.0,+29.2,+18.5,+19.0,+19.0,+19.5,+19.0,+20.5,+19.0
2022-09-13 20:14,2,+45.2,+30.1,+24.0,+21.7,+33.0,+29.2,+18.5,+19.0,+19.0,+20.0,+19.0,+20.0,+19.0
2022-09-13 21:14,2,+45.0,+30.0,+23.8,+21.6,+32.9,+29.1,+18.5,+19.0,+19.0,+19.5,+19.0,+20.5,+19.0
2022-09-13 22:14,2,+45.0,+29.9,+23.7,+21.5,+32.7,+29.0,+18.0,+19.0,+19.0,+19.5,+19.0,+20.5,+19.0
2022-09-13 23:14,2,+44.9,+29.9,+23.7,+21.3,+32.7,+28.7,+18.0,+19.0,+19.0,+20.0,+19.0,+20.0,+19.0
2022-09-14 00:14,2,+44.9,+29.8,+23.6,+21.2,+32.7,+28.7,+18.0,+19.0,+19.0,+19.5,+19.0,+20.0,+19.0
2022-09-14 01:14,2,+44.8,+29.7,+23.6,+21.2,+32.7,+28.7,+18.0,+19.0,+19.0,+20.0,+19.0,+20.0,+19.0
2022-09-14 02:14,2,+44.7,+29.6,+23.6,+21.2,+32.7,+28.7,+18.0,+19.0,+19.0,+20.0,+19.0,+20.0,+19.0
2022-09-14 03:14,2,+44.6,+29.6,+23.5,+21.2,+32.5,+28.6,+18.0,+18.5,+19.0,+20.0,+19.0,+20.0,+19.0
2022-09-14 04:14,2,+44.6,+29.5,+23.5,+21.1,+32.5,+28.6,+18.0,+19.0,+19.0,+19.5,+19.0,+20.0,+19.0
2022-09-14 05:14,2,+44.6,+29.5,+23.3,+21.1,+32.5,+28.5,+18.0,+18.5,+19.0,+20.0,+19.0,+20.0,+19.0
2022-09-14 06:14,2,+44.5,+29.4,+23.3,+21.0,+32.5,+28.5,+18.0,+19.0,+19.0,+20.0,+19.0,+20.0,+19.0
2022-09-14 07:14,2,+44.5,+29.4,+23.3,+21.0,+32.5,+28.5,+18.0,+18.5,+19.0,+20.0,+19.0,+20.0,+19.0
2022-09-14 08:14,2,+44.4,+29.3,+23.2,+21.0,+32.4,+28.2,+18.0,+18.5,+19.0,+20.0,+19.0,+20.0,+19.0
2022-09-14 09:14,2,+44.4,+29.3,+23.2,+20.8,+32.4,+28.2,+18.0,+18.5,+19.0,+20.0,+19.0,+20.0,+19.0
2022-09-14 10:14,2,+44.3,+29.2,+23.2,+20.8,+32.4,+28.2,+18.5,+18.5,+19.0,+20.0,+19.0,+20.0,+19.0
2022-09-14 11:14,2,+44.3,+29.2,+23.2,+20.8,+32.4,+28.2,+18.5,+18.5,+19.0,+20.0,+19.0,+20.0,+19.0
2022-09-14 12:14,2,+47.5,+29.2,+23.2,+20.7,+32.2,+28.2,+18.5,+19.0,+19.0,+19.5,+19.0,+20.0,+19.0
2022-09-14 13:14,2,+46.1,+30.8,+24.2,+21.0,+32.2,+28.2,+18.5,+19.0,+19.0,+19.5,+19.0,+20.0,+19.5
2022-09-14 14:14,2,+45.6,+30.3,+24.2,+21.7,+32.5,+28.2,+18.5,+19.0,+19.0,+19.5,+19.0,+20.0,+19.0
2022-09-14 15:14,2,+46.8,+31.2,+25.1,+23.2,+33.5,+29.0,+18.5,+19.0,+19.0,+19.0,+19.0,+20.0,+19.0
2022-09-14 16:14,2,+46.0,+30.5,+24.3,+22.3,+33.2,+29.7,+18.5,+19.0,+19.0,+19.5,+19.0,+20.0,+19.0
2022-09-14 17:14,2,+45.6,+30.4,+24.1,+22.0,+33.2,+29.5,+18.5,+19.0,+19.0,+19.5,+19.0,+20.0,+19.0
2022-09-14 18:14,2,+45.4,+30.2,+24.0,+21.7,+33.0,+29.2,+18.5,+19.0,+19.0,+19.5,+19.0,+20.0,+19.0
2022-09-14 19:14,2,+45.4,+30.3,+23.8,+21.6,+32.9,+29.1,+18.5,+19.0,+19.0,+19.0,+19.0,+20.0,+18.5
2022-09-14 20:14,2,+45.1,+30.2,+23.7,+21.5,+32.9,+29.1,+18.5,+19.0,+19.0,+19.5,+19.0,+20.0,+18.5
2022-09-14 21:14,2,+44.9,+30.1,+23.7,+21.5,+32.7,+29.0,+18.5,+19.0,+19.0,+19.5,+19.0,+20.0,+19.0
2022-09-14 22:14,2,+44.8,+30.0,+23.7,+21.3,+32.7,+28.7,+18.5,+19.0,+19.0,+19.0,+19.0,+20.0,+19.0
2022-09-14 23:14,2,+44.8,+29.9,+23.7,+21.2,+32.7,+28.7,+18.5,+19.0,+19.0,+19.0,+19.0,+20.0,+19.0
2022-09-15 00:14,2,+44.6,+29.8,+23.6,+21.2,+32.7,+28.7,+18.5,+19.0,+19.0,+19.5,+19.0,+20.0,+19.0
2022-09-15 01:14,2,+44.5,+29.7,+23.6,+21.2,+32.7,+28.7,+18.5,+19.0,+19.0,+19.5,+19.0,+20.0,+18.5
2022-09-15 02:14,2,+44.5,+29.6,+23.5,+21.2,+32.5,+28.7,+18.0,+19.0,+19.0,+19.5,+19.0,+20.0,+18.5
2022-09-15 03:14,2,+44.5,+29.6,+23.5,+21.1,+32.5,+28.6,+18.5,+19.0,+19.0,+19.5,+19.0,+20.0,+18.5
2022-09-15 04:14,2,+44.7,+29.5,+23.3,+21.1,+32.5,+28.6,+18.0,+19.0,+19.0,+19.5,+19.0,+20.0,+18.5
2022-09-15 05:14,2,+44.9,+29.5,+23.3,+21.0,+32.5,+28.6,+18.0,+19.0,+19.0,+19.5,+19.0,+20.0,+18.5
2022-09-15 06:14,2,+45.0,+29.4,+23.3,+21.0,+32.5,+28.5,+18.0,+19.0,+19.0,+19.5,+19.0,+20.0,+18.5
2022-09-15 07:14,2,+44.9,+29.4,+23.2,+21.0,+32.5,+28.5,+18.0,+19.0,+19.0,+19.0,+19.0,+20.0,+18.5
2022-09-15 08:14,2,+44.9,+29.3,+23.2,+20.8,+32.4,+28.2,+18.0,+18.5,+19.0,+19.5,+19.0,+20.0,+19.0
2022-09-15 09:14,2,+45.0,+29.3,+23.2,+20.8,+32.4,+28.2,+18.5,+18.5,+19.0,+19.0,+19.0,+20.0,+19.0
2022-09-15 10:14,2,+45.1,+29.2,+23.2,+20.8,+32.4,+28.2,+18.5,+18.5,+19.0,+19.5,+19.0,+20.0,+18.5
2022-09-15 11:14,2,+45.1,+29.2,+23.2,+20.7,+32.4,+28.2,+18.5,+19.0,+19.0,+19.5,+19.0,+20.0,+18.5
2022-09-15 12:14,2,+45.0,+29.1,+23.2,+20.7,+32.4,+28.2,+18.5,+19.0,+19.0,+19.5,+19.0,+20.0,+18.5
2022-09-15 13:14,2,+45.1,+29.1,+23.2,+20.7,+32.2,+28.2,+19.0,+19.0,+19.0,+19.0,+19.0,+20.0,+18.5
2022-09-15 14:14,2,+45.1,+29.1,+23.2,+20.7,+32.2,+28.2,+19.0,+19.0,+19.0,+19.0,+19.0,+20.0,+18.5
2022-09-15 15:14,2,+48.8,+32.6,+26.5,+24.7,+33.9,+28.5,+18.0,+19.0,+19.0,+19.0,+19.0,+20.0,+18.5
2022-09-15 16:14,2,+46.6,+30.8,+24.7,+22.8,+33.5,+30.2,+18.0,+19.0,+19.0,+19.5,+19.0,+20.0,+18.5
2022-09-15 17:14,2,+46.2,+30.4,+24.2,+22.2,+33.2,+29.7,+18.5,+19.0,+19.0,+19.0,+19.0,+20.0,+18.5
2022-09-15 18:14,2,+46.2,+30.2,+24.0,+21.8,+33.0,+29.5,+18.5,+19.0,+19.0,+19.0,+19.0,+20.0,+18.5
2022-09-15 19:14,2,+46.2,+30.1,+23.8,+21.7,+33.0,+29.2,+18.0,+19.0,+19.0,+19.5,+19.0,+20.0,+19.0
2022-09-15 20:14,2,+46.0,+30.1,+23.7,+21.5,+32.9,+29.1,+18.0,+19.0,+19.0,+19.5,+19.0,+20.0,+18.5
2022-09-15 21:14,2,+45.8,+30.0,+23.7,+21.3,+32.7,+29.0,+18.0,+19.0,+19.0,+19.5,+19.0,+20.0,+18.5
2022-09-15 22:14,2,+45.8,+29.9,+23.7,+21.3,+32.7,+28.7,+18.0,+19.0,+19.0,+19.0,+19.0,+20.0,+18.5
2022-09-15 23:14,2,+45.7,+29.8,+23.6,+21.2,+32.7,+28.7,+18.0,+18.5,+19.0,+19.5,+19.0,+20.0,+18.5
2022-09-16 00:14,2,+45.6,+29.7,+23.6,+21.2,+32.7,+28.7,+18.0,+18.5,+19.0,+19.0,+19.0,+20.0,+18.5
2022-09-16 01:14,2,+45.6,+29.7,+23.5,+21.2,+32.5,+28.7,+18.0,+18.5,+19.0,+19.5,+19.0,+20.0,+18.5
2022-09-16 02:14,2,+45.5,+29.6,+23.5,+21.1,+32.5,+28.7,+18.0,+18.5,+19.0,+19.5,+19.0,+20.0,+18.5
2022-09-16 03:14,2,+45.5,+29.6,+23.3,+21.1,+32.5,+28.6,+18.0,+18.5,+19.0,+19.5,+19.0,+20.0,+18.5
2022-09-16 04:14,2,+45.5,+29.5,+23.3,+21.1,+32.5,+28.6,+18.0,+18.5,+19.0,+19.5,+19.0,+20.0,+18.5
2022-09-16 05:14,2,+45.4,+29.5,+23.3,+21.0,+32.5,+28.6,+18.0,+18.5,+19.0,+19.5,+19.0,+20.0,+18.5
2022-09-16 06:14,2,+45.4,+29.4,+23.3,+21.0,+32.4,+28.5,+18.0,+18.5,+19.0,+19.5,+19.0,+20.0,+18.5
2022-09-16 07:14,2,+45.4,+29.4,+23.2,+21.0,+32.4,+28.5,+18.0,+18.5,+19.0,+19.5,+19.0,+20.0,+18.5
2022-09-16 08:14,2,+45.3,+29.3,+23.2,+20.8,+32.4,+28.5,+18.0,+18.5,+19.0,+19.0,+19.0,+20.0,+18.5
2022-09-16 09:14,2,+45.3,+29.3,+23.2,+20.8,+32.4,+28.2,+18.0,+18.5,+19.0,+19.5,+19.0,+20.0,+18.5
2022-09-16 10:14,2,+45.3,+29.2,+23.2,+20.8,+32.4,+28.2,+18.5,+18.5,+19.0,+19.0,+19.0,+20.0,+18.5
2022-09-16 11:14,2,+45.2,+29.2,+23.2,+20.7,+32.4,+28.2,+18.5,+18.5,+19.0,+19.5,+19.0,+20.0,+18.5
2022-09-16 12:14,2,+45.2,+29.1,+23.2,+20.7,+32.2,+28.2,+18.5,+18.5,+19.0,+19.5,+19.0,+20.0,+18.5
2022-09-16 13:14,2,+45.1,+29.1,+23.2,+20.7,+32.2,+28.2,+19.0,+19.0,+19.0,+19.5,+19.0,+20.0,+18.5
2022-09-16 14:14,2,+45.1,+29.1,+23.2,+20.7,+32.2,+28.2,+19.0,+19.0,+19.0,+19.5,+19.0,+20.0,+18.5
2022-09-16 15:14,2,+45.1,+29.1,+23.1,+20.7,+32.2,+28.2,+19.0,+19.0,+19.0,+19.5,+19.0,+20.0,+18.5
2022-09-16 16:14,2,+45.1,+29.1,+23.1,+20.7,+32.2,+28.2,+19.0,+19.0,+19.0,+19.5,+19.0,+20.0,+18.5
2022-09-16 17:14,2,+45.6,+29.0,+23.1,+20.7,+32.2,+28.2,+19.0,+19.0,+19.0,+19.5,+19.0,+20.0,+18.5
2022-09-16 18:14,2,+46.2,+29.0,+23.1,+20.7,+32.2,+28.2,+19.0,+19.0,+19.0,+19.0,+19.0,+20.0,+18.5
2022-09-16 19:14,2,+46.1,+29.1,+23.1,+20.7,+32.2,+28.2,+18.5,+19.0,+19.0,+19.0,+19.0,+20.0,+18.5
2022-09-16 20:14,2,+46.0,+29.1,+23.1,+20.7,+32.2,+28.2,+18.5,+19.0,+19.0,+19.0,+19.0,+20.0,+18.5
2022-09-16 21:14,2,+45.9,+29.3,+23.1,+20.7,+32.2,+28.2,+18.5,+19.0,+19.0,+19.5,+19.0,+20.0,+18.5
2022-09-16 22:14,2,+45.9,+29.4,+23.1,+20.7,+32.2,+28.2,+18.5,+19.0,+19.0,+19.5,+19.0,+20.0,+18.5
2022-09-16 23:14,2,+45.8,+29.5,+23.1,+20.7,+32.2,+28.1,+18.5,+19.0,+19.0,+19.0,+19.0,+20.0,+18.5
2022-09-17 00:14,2,+45.8,+29.5,+23.1,+20.7,+32.2,+28.1,+18.5,+19.0,+19.0,+19.5,+19.0,+20.0,+18.5
2022-09-17 01:14,2,+45.8,+29.5,+23.1,+20.7,+32.2,+28.1,+18.5,+19.0,+19.0,+19.5,+19.0,+20.0,+18.5
2022-09-17 02:14,2,+45.7,+29.5,+23.1,+20.7,+32.2,+28.1,+18.5,+19.0,+19.0,+19.5,+19.0,+20.0,+18.5
2022-09-17 03:14,2,+45.7,+29.5,+23.1,+20.7,+32.2,+28.1,+18.5,+19.0,+19.5,+19.5,+19.0,+20.0,+18.5
2022-09-17 04:14,2,+45.6,+29.5,+23.1,+20.7,+32.2,+28.1,+18.5,+19.0,+19.0,+19.5,+19.0,+20.0,+18.5
2022-09-17 05:14,2,+45.6,+29.4,+23.1,+20.7,+32.0,+28.1,+18.5,+19.0,+19.0,+19.5,+19.0,+20.0,+18.5
2022-09-17 06:14,2,+45.5,+29.4,+23.1,+20.7,+32.0,+28.1,+18.5,+19.0,+19.0,+19.0,+19.0,+20.0,+19.0
2022-09-17 07:14,2,+45.5,+29.4,+23.1,+20.7,+32.0,+28.1,+18.0,+19.0,+19.0,+19.5,+19.0,+20.0,+18.5
2022-09-17 08:14,2,+45.5,+29.3,+23.1,+20.7,+32.0,+28.0,+18.5,+19.0,+19.0,+19.5,+19.0,+20.0,+18.5
2022-09-17 09:14,2,+45.4,+29.3,+23.1,+20.7,+32.0,+28.0,+18.5,+19.0,+19.0,+19.0,+19.0,+20.0,+19.0
2022-09-17 10:14,2,+45.4,+29.3,+23.1,+20.7,+32.0,+28.0,+18.5,+19.0,+19.0,+19.0,+19.0,+20.0,+18.5
2022-09-17 11:14,2,+45.3,+29.2,+23.1,+20.6,+32.0,+28.0,+18.5,+19.0,+19.0,+19.0,+19.0,+20.0,+18.5
2022-09-17 12:14,2,+45.3,+29.2,+23.0,+20.6,+32.0,+28.0,+19.0,+19.0,+19.0,+19.0,+19.0,+20.0,+18.5
2022-09-17 13:14,2,+45.3,+29.1,+23.0,+20.6,+32.0,+28.0,+19.0,+19.0,+19.0,+19.5,+19.0,+20.0,+18.5
2022-09-17 14:14,2,+47.4,+29.1,+23.0,+20.6,+32.0,+28.0,+19.0,+19.0,+19.0,+19.5,+19.0,+20.0,+18.5
2022-09-17 15:14,2,+46.1,+29.1,+23.0,+20.6,+32.0,+28.0,+19.0,+19.5,+19.0,+19.5,+19.0,+20.0,+18.5
2022-09-17 16:14,2,+48.5,+30.5,+23.0,+20.6,+32.0,+28.0,+19.0,+19.0,+19.0,+19.0,+19.0,+20.0,+18.5
2022-09-17 17:14,2,+48.2,+31.5,+24.7,+20.8,+32.0,+28.0,+19.0,+19.0,+19.0,+19.5,+19.0,+20.0,+18.5
2022-09-17 18:14,2,+46.9,+30.7,+24.6,+22.3,+32.7,+28.1,+19.0,+19.0,+19.0,+19.5,+19.0,+20.0,+18.5
2022-09-17 19:14,2,+46.9,+30.6,+24.2,+22.2,+33.0,+28.7,+19.0,+19.0,+19.0,+19.0,+19.0,+20.0,+18.5
2022-09-17 20:14,2,+46.5,+30.4,+24.1,+22.0,+33.0,+29.2,+18.5,+19.0,+19.0,+19.5,+19.0,+20.0,+18.5
2022-09-17 21:14,2,+46.3,+30.2,+24.0,+21.8,+33.0,+29.2,+18.5,+19.0,+19.0,+19.0,+19.0,+20.0,+18.5
2022-09-17 22:14,2,+46.1,+30.1,+23.7,+21.7,+33.0,+29.1,+18.5,+19.0,+19.0,+19.0,+19.0,+20.0,+18.5
2022-09-17 23:14,2,+46.0,+30.0,+23.7,+21.6,+32.9,+29.1,+18.5,+19.0,+19.0,+19.5,+19.0,+20.0,+19.0
2022-09-18 00:14,2,+45.9,+29.9,+23.7,+21.5,+32.7,+29.1,+18.5,+19.0,+19.0,+19.0,+19.0,+20.0,+18.5
2022-09-18 01:14,2,+45.8,+29.8,+23.6,+21.3,+32.7,+29.0,+18.5,+19.0,+19.0,+19.0,+19.0,+20.0,+18.5
2022-09-18 02:14,2,+45.8,+29.7,+23.5,+21.2,+32.7,+29.0,+18.5,+19.0,+19.0,+19.5,+19.0,+20.0,+18.5
2022-09-18 03:14,2,+45.8,+29.7,+23.5,+21.2,+32.7,+28.7,+18.5,+19.0,+19.0,+19.0,+19.0,+20.0,+18.5
2022-09-18 04:14,2,+45.7,+29.6,+23.3,+21.2,+32.5,+28.7,+18.5,+19.0,+19.0,+19.5,+19.0,+20.0,+18.5
2022-09-18 05:14,2,+45.7,+29.6,+23.3,+21.1,+32.5,+28.7,+18.0,+19.0,+19.0,+19.5,+19.0,+20.0,+18.5
2022-09-18 06:14,2,+45.6,+29.5,+23.3,+21.1,+32.5,+28.7,+18.0,+19.0,+19.0,+19.0,+19.0,+20.0,+18.5
2022-09-18 07:14,2,+45.6,+29.5,+23.2,+21.0,+32.5,+28.7,+18.0,+19.0,+19.0,+19.5,+19.0,+20.0,+18.5
2022-09-18 08:14,2,+45.5,+29.4,+23.2,+21.0,+32.5,+28.6,+18.0,+19.0,+19.0,+19.0,+19.0,+20.0,+18.5
2022-09-18 09:14,2,+45.5,+29.4,+23.2,+21.0,+32.5,+28.6,+18.0,+19.0,+19.0,+19.0,+19.0,+20.0,+19.0
2022-09-18 10:14,2,+45.5,+29.3,+23.2,+20.8,+32.4,+28.6,+18.0,+19.0,+19.0,+19.5,+19.0,+20.0,+18.5
2022-09-18 11:14,2,+45.4,+29.2,+23.2,+20.8,+32.4,+28.5,+18.5,+18.5,+19.0,+19.0,+19.0,+20.0,+18.5
2022-09-18 12:14,2,+45.4,+29.2,+23.2,+20.8,+32.4,+28.5,+18.5,+19.0,+19.0,+19.0,+19.0,+20.0,+18.5
2022-09-18 13:14,2,+45.3,+29.1,+23.2,+20.7,+32.4,+28.5,+18.5,+19.0,+19.0,+19.0,+19.0,+20.0,+18.5
2022-09-18 14:14,2,+45.3,+29.1,+23.2,+20.7,+32.4,+28.2,+18.5,+19.0,+19.0,+19.5,+19.0,+20.0,+18.5
2022-09-18 15:14,2,+45.3,+29.1,+23.1,+20.7,+32.4,+28.2,+18.5,+19.0,+19.0,+19.5,+19.0,+20.0,+18.5
2022-09-18 16:14,2,+45.3,+29.1,+23.1,+20.7,+32.2,+28.2,+18.5,+19.0,+19.0,+19.5,+19.0,+20.0,+18.5
2022-09-18 17:14,2,+45.3,+29.1,+23.1,+20.7,+32.2,+28.2,+19.0,+19.0,+19.0,+19.5,+19.0,+20.0,+18.5
2022-09-18 18:14,2,+45.3,+29.1,+23.1,+20.7,+32.2,+28.2,+19.0,+19.0,+19.0,+19.0,+19.0,+20.0,+18.5
2022-09-18 19:14,2,+45.3,+29.0,+23.1,+20.7,+32.2,+28.2,+19.0,+19.0,+19.0,+19.5,+19.0,+20.0,+18.5
2022-09-18 20:14,2,+45.2,+29.0,+23.1,+20.7,+32.2,+28.2,+18.5,+19.0,+19.0,+19.0,+19.0,+20.0,+18.5
2022-09-18 21:14,2,+45.2,+29.0,+23.0,+20.7,+32.2,+28.2,+18.5,+19.0,+19.0,+19.5,+19.0,+20.0,+18.5
2022-09-18 22:14,2,+45.2,+29.0,+23.0,+20.7,+32.2,+28.2,+18.5,+19.0,+19.0,+19.5,+19.0,+20.0,+18.5
2022-09-18 23:14,2,+45.2,+29.0,+23.0,+20.7,+32.2,+28.2,+18.5,+19.0,+19.0,+19.5,+19.0,+20.0,+18.5
2022-09-19 00:14,2,+45.2,+28.9,+23.0,+20.7,+32.2,+28.2,+18.5,+19.0,+19.0,+19.0,+19.0,+20.0,+18.5
2022-09-19 01:14,2,+45.1,+28.9,+23.0,+20.7,+32.2,+28.2,+18.5,+19.0,+19.0,+19.0,+19.0,+20.0,+18.5
2022-09-19 02:14,2,+45.1,+28.9,+23.0,+20.7,+32.2,+28.2,+18.5,+19.0,+19.0,+19.5,+19.0,+20.0,+18.5
2022-09-19 03:14,2,+45.1,+28.9,+23.0,+20.7,+32.2,+28.2,+18.5,+19.0,+19.0,+19.5,+19.0,+20.0,+18.5
2022-09-19 04:14,2,+45.1,+28.9,+23.0,+20.7,+32.2,+28.1,+18.5,+19.0,+19.0,+19.5,+19.0,+20.0,+19.0
2022-09-19 05:14,2,+45.1,+28.8,+22.8,+20.7,+32.2,+28.1,+18.5,+19.0,+19.0,+19.5,+19.0,+20.0,+18.5
2022-09-19 06:14,2,+45.0,+28.8,+22.8,+20.7,+32.2,+28.1,+18.5,+19.0,+19.0,+19.0,+19.0,+20.0,+19.0
2022-09-19 07:14,2,+45.0,+28.8,+22.8,+20.7,+32.2,+28.1,+18.0,+19.0,+19.0,+19.5,+19.0,+20.0,+18.5
2022-09-19 08:14,2,+45.0,+28.8,+22.8,+20.6,+32.0,+28.1,+18.5,+19.0,+19.0,+19.0,+19.0,+20.0,+18.5
2022-09-19 09:14,2,+45.0,+28.7,+22.8,+20.6,+32.0,+28.1,+18.5,+19.0,+19.0,+19.5,+19.0,+20.0,+18.5
2022-09-19 10:14,2,+44.9,+28.7,+22.8,+20.6,+32.0,+28.1,+18.5,+19.0,+19.0,+19.0,+19.0,+20.0,+18.5
2022-09-19 11:14,2,+44.9,+28.7,+22.8,+20.6,+32.0,+28.1,+18.5,+19.0,+19.0,+19.0,+19.0,+20.0,+18.5
2022-09-19 12:14,2,+44.9,+28.7,+22.8,+20.6,+32.0,+28.1,+19.0,+19.5,+19.0,+19.0,+19.0,+20.0,+18.5
2022-09-19 13:14,2,+44.9,+28.6,+22.7,+20.6,+32.0,+28.0,+19.0,+19.0,+19.0,+19.5,+19.0,+20.0,+18.5
2022-09-19 14:14,2,+44.8,+28.6,+22.7,+20.6,+32.0,+28.0,+19.0,+19.0,+19.0,+19.5,+19.0,+20.0,+18.5
2022-09-19 15:14,2,+44.8,+28.6,+22.7,+20.6,+32.0,+28.0,+19.0,+19.0,+19.0,+19.5,+19.0,+20.0,+18.5
2022-09-19 16:14,2,+44.8,+28.6,+22.7,+20.5,+32.0,+28.0,+19.0,+19.0,+19.0,+19.5,+19.0,+20.0,+18.5
2022-09-19 17:14,2,+48.4,+29.5,+22.7,+20.5,+32.0,+28.0,+19.0,+19.5,+19.0,+19.5,+19.0,+20.0,+18.5
2022-09-19 18:14,2,+47.4,+30.9,+24.0,+20.6,+32.0,+28.0,+19.0,+19.5,+19.0,+19.5,+19.0,+20.0,+18.5
2022-09-19 19:14,2,+48.4,+30.9,+24.1,+21.2,+32.0,+28.0,+19.0,+19.5,+19.0,+19.5,+19.0,+20.0,+18.5
2022-09-19 20:14,2,+46.9,+30.7,+24.2,+21.7,+32.4,+28.0,+19.0,+19.5,+19.0,+19.5,+19.0,+20.0,+18.5
2022-09-19 21:14,2,+46.7,+30.4,+24.1,+22.0,+32.7,+28.2,+19.0,+19.5,+19.5,+19.5,+19.0,+20.0,+18.5
2022-09-19 22:14,2,+46.4,+30.3,+24.0,+21.8,+32.9,+28.6,+19.0,+19.5,+19.0,+20.0,+19.0,+20.0,+18.5
2022-09-19 23:14,2,+46.2,+30.2,+23.8,+21.7,+32.9,+28.7,+18.5,+19.0,+19.0,+20.0,+19.0,+20.0,+18.5
2022-09-20 00:14,2,+46.0,+30.0,+23.7,+21.6,+32.9,+29.0,+18.5,+19.0,+19.5,+19.5,+19.0,+20.0,+18.5
2022-09-20 01:14,2,+45.9,+29.9,+23.7,+21.6,+32.7,+29.0,+18.5,+19.0,+19.0,+20.0,+19.0,+20.0,+18.5
2022-09-20 02:14,2,+45.8,+29.8,+23.6,+21.5,+32.7,+29.0,+18.5,+19.0,+19.5,+19.5,+19.0,+20.0,+18.5
2022-09-20 03:14,2,+45.8,+29.8,+23.6,+21.3,+32.7,+29.0,+18.5,+19.0,+19.0,+19.5,+19.0,+20.0,+18.5
2022-09-20 04:14,2,+45.8,+29.7,+23.5,+21.2,+32.7,+28.7,+18.5,+19.0,+19.0,+19.5,+19.0,+20.0,+19.0
2022-09-20 05:14,2,+45.7,+29.6,+23.5,+21.2,+32.7,+28.7,+18.5,+19.0,+19.0,+20.0,+19.0,+20.0,+18.5
2022-09-20 06:14,2,+45.7,+29.6,+23.3,+21.2,+32.5,+28.7,+18.5,+19.0,+19.0,+19.5,+19.0,+20.0,+18.5
2022-09-20 07:14,2,+45.7,+29.5,+23.3,+21.2,+32.5,+28.7,+18.5,+19.0,+19.0,+20.0,+19.0,+20.0,+18.5
2022-09-20 08:14,2,+45.6,+29.5,+23.2,+21.1,+32.5,+28.7,+18.5,+19.0,+19.0,+20.0,+19.0,+20.0,+18.5
2022-09-20 09:14,2,+45.6,+29.4,+23.2,+21.1,+32.5,+28.7,+18.5,+19.0,+19.0,+20.0,+19.0,+20.0,+18.5
2022-09-20 10:14,2,+45.5,+29.4,+23.2,+21.0,+32.5,+28.7,+18.5,+19.0,+19.0,+20.0,+19.0,+20.0,+18.5
2022-09-20 11:14,2,+45.5,+29.3,+23.2,+21.0,+32.5,+28.6,+19.0,+19.0,+19.0,+20.0,+19.0,+20.0,+18.5
2022-09-20 12:14,2,+45.5,+29.3,+23.2,+21.0,+32.5,+28.6,+19.0,+19.0,+19.0,+20.0,+19.0,+20.0,+18.5
2022-09-20 13:14,2,+45.4,+29.2,+23.2,+20.8,+32.5,+28.6,+19.0,+19.0,+19.0,+19.5,+19.0,+20.0,+18.5
2022-09-20 14:14,2,+45.4,+29.2,+23.2,+20.8,+32.5,+28.5,+19.0,+19.0,+19.0,+20.0,+19.0,+20.0,+18.5
2022-09-20 15:14,2,+45.4,+29.1,+23.2,+20.8,+32.4,+28.5,+19.0,+19.0,+19.0,+20.0,+19.0,+20.0,+18.5
2022-09-20 16:14,2,+45.3,+29.1,+23.1,+20.8,+32.4,+28.5,+19.0,+19.0,+19.0,+20.0,+19.0,+20.0,+18.5
2022-09-20 17:14,2,+45.3,+29.1,+23.1,+20.7,+32.4,+28.5,+19.0,+19.0,+19.0,+20.0,+19.0,+20.0,+18.5
2022-09-20 18:14,2,+45.3,+29.1,+23.1,+20.7,+32.4,+28.2,+19.0,+19.5,+19.0,+20.0,+19.0,+20.0,+18.5
2022-09-20 19:14,2,+45.3,+29.1,+23.1,+20.7,+32.4,+28.2,+19.0,+19.0,+19.0,+20.0,+19.0,+20.0,+18.5
2022-09-20 20:14,2,+45.3,+29.1,+23.1,+20.7,+32.4,+28.2,+19.0,+19.5,+19.0,+19.5,+19.0,+20.0,+18.5
2022-09-20 21:14,2,+45.3,+29.0,+23.1,+20.7,+32.2,+28.2,+19.0,+19.5,+19.0,+20.0,+19.0,+20.0,+18.5
2022-09-20 22:14,2,+45.3,+29.0,+23.0,+20.7,+32.2,+28.2,+19.0,+19.5,+19.5,+19.5,+19.0,+20.0,+18.5
2022-09-20 23:14,2,+45.2,+29.0,+23.0,+20.7,+32.2,+28.2,+19.0,+19.0,+19.5,+19.5,+19.0,+20.0,+18.5
2022-09-21 00:14,2,+45.2,+29.0,+23.0,+20.7,+32.2,+28.2,+19.0,+19.0,+19.0,+20.0,+19.0,+20.0,+18.5
2022-09-21 01:14,2,+45.2,+28.9,+23.0,+20.7,+32.2,+28.2,+18.5,+19.0,+19.0,+20.0,+19.0,+20.0,+18.5
2022-09-21 02:14,2,+45.2,+28.9,+23.0,+20.7,+32.2,+28.2,+18.5,+19.0,+19.5,+19.5,+19.0,+20.0,+18.5
2022-09-21 03:14,2,+45.2,+28.9,+23.0,+20.7,+32.2,+28.2,+18.5,+19.0,+19.5,+20.0,+19.0,+20.0,+18.5
2022-09-21 04:14,2,+45.2,+28.9,+23.0,+20.7,+32.2,+28.2,+18.5,+19.5,+19.5,+19.5,+19.0,+20.0,+18.5
2022-09-21 05:14,2,+45.2,+28.9,+23.0,+20.7,+32.2,+28.2,+18.5,+19.0,+19.5,+20.0,+19.0,+20.0,+18.5
2022-09-21 06:14,2,+45.1,+28.9,+23.0,+20.7,+32.2,+28.2,+18.5,+19.0,+19.0,+19.5,+19.0,+20.0,+18.5
2022-09-21 07:14,2,+45.1,+28.8,+22.8,+20.7,+32.2,+28.2,+18.5,+19.0,+19.0,+20.0,+19.0,+20.0,+18.5
2022-09-21 08:14,2,+45.1,+28.8,+22.8,+20.7,+32.2,+28.2,+18.5,+19.0,+19.0,+20.0,+19.0,+20.0,+18.5
2022-09-21 09:14,2,+45.1,+28.8,+22.8,+20.7,+32.2,+28.2,+18.5,+19.0,+19.5,+19.5,+19.0,+20.0,+18.5
2022-09-21 10:14,2,+45.1,+28.8,+22.8,+20.7,+32.2,+28.2,+19.0,+19.0,+19.0,+19.5,+19.0,+20.0,+19.0
2022-09-21 11:14,2,+45.0,+28.7,+22.8,+20.6,+32.2,+28.1,+19.0,+19.0,+19.0,+20.0,+19.0,+20.0,+18.5
2022-09-21 12:14,2,+45.0,+28.7,+22.8,+20.6,+32.2,+28.1,+19.0,+19.0,+19.0,+19.5,+19.0,+20.0,+18.5
2022-09-21 13:14,2,+44.9,+28.7,+22.8,+20.6,+32.0,+28.1,+19.0,+19.0,+19.0,+19.5,+19.0,+20.0,+18.5
2022-09-21 14:14,2,+44.9,+28.7,+22.8,+20.6,+32.0,+28.1,+19.5,+19.5,+19.0,+19.5,+19.0,+20.0,+18.5
2022-09-21 15:14,2,+44.9,+28.6,+22.7,+20.6,+32.0,+28.1,+19.5,+19.5,+19.0,+20.0,+19.0,+20.0,+18.5
2022-09-21 16:14,2,+44.9,+28.6,+22.7,+20.6,+32.0,+28.1,+19.5,+19.5,+19.0,+19.5,+19.0,+20.0,+18.5
2022-09-21 17:14,2,+44.9,+28.6,+22.7,+20.6,+32.0,+28.1,+19.5,+19.5,+19.5,+19.5,+19.0,+20.0,+18.5
2022-09-21 18:14,2,+44.9,+28.6,+22.7,+20.6,+32.0,+28.1,+19.0,+19.5,+19.5,+19.5,+19.0,+20.0,+19.0
2022-09-21 19:14,2,+44.9,+28.6,+22.7,+20.6,+32.0,+28.1,+19.0,+19.5,+19.5,+19.5,+19.0,+20.0,+18.5
2022-09-21 20:14,2,+44.9,+28.6,+22.7,+20.5,+32.0,+28.0,+19.0,+19.5,+19.5,+20.0,+19.0,+20.0,+18.5
2022-09-21 21:14,2,+45.5,+28.5,+22.7,+20.5,+32.0,+28.1,+19.0,+19.5,+19.5,+20.0,+19.0,+20.0,+18.5
2022-09-21 22:14,2,+45.2,+28.5,+22.7,+20.5,+32.0,+28.0,+19.0,+19.5,+19.5,+20.0,+19.0,+20.0,+18.5
2022-09-21 23:14,2,+45.3,+28.5,+22.7,+20.5,+32.0,+28.0,+19.0,+19.5,+19.5,+19.5,+19.0,+20.0,+19.0
2022-09-22 00:14,2,+45.7,+28.5,+22.7,+20.5,+32.0,+28.0,+19.0,+19.5,+19.5,+19.5,+19.0,+20.0,+19.0
2022-09-22 01:14,2,+45.6,+28.6,+22.7,+20.5,+32.0,+28.0,+19.0,+19.5,+19.5,+20.0,+19.0,+20.0,+18.5
2022-09-22 02:14,2,+45.6,+28.6,+22.7,+20.5,+32.0,+28.0,+19.0,+20.0,+19.5,+19.5,+19.0,+20.0,+18.5
2022-09-22 03:14,2,+45.5,+28.6,+22.7,+20.5,+32.0,+28.0,+19.0,+19.5,+19.5,+19.5,+19.0,+20.0,+18.5
2022-09-22 04:14,2,+45.5,+28.7,+22.7,+20.5,+32.0,+28.0,+19.0,+19.5,+19.5,+20.0,+19.0,+20.0,+18.5
2022-09-22 05:14,2,+45.4,+28.7,+22.7,+20.5,+32.0,+28.0,+18.5,+19.5,+19.5,+20.0,+19.0,+20.0,+18.5
2022-09-22 06:14,2,+45.4,+28.7,+22.7,+20.5,+32.0,+28.0,+18.5,+19.5,+19.5,+20.0,+19.0,+20.0,+19.0
2022-09-22 07:14,2,+45.4,+28.7,+22.7,+20.5,+32.0,+28.0,+18.5,+19.0,+19.5,+19.5,+19.0,+20.0,+18.5
2022-09-22 08:14,2,+45.3,+28.7,+22.7,+20.5,+32.0,+27.7,+18.5,+19.0,+19.5,+20.0,+19.0,+20.0,+19.0
2022-09-22 09:14,2,+45.3,+28.7,+22.7,+20.5,+32.0,+27.7,+19.0,+19.0,+19.5,+20.0,+19.0,+20.0,+18.5
2022-09-22 10:14,2,+45.3,+28.7,+22.7,+20.5,+32.0,+27.7,+19.0,+19.0,+19.5,+19.5,+19.0,+20.0,+18.5
2022-09-22 11:14,2,+45.2,+28.7,+22.7,+20.5,+32.0,+27.7,+19.0,+19.5,+19.5,+20.0,+19.0,+20.0,+18.5
2022-09-22 12:14,2,+45.2,+28.7,+22.7,+20.3,+32.0,+27.7,+19.0,+19.5,+19.5,+19.5,+19.0,+20.0,+18.5
2022-09-22 13:14,2,+45.2,+28.7,+22.7,+20.3,+32.0,+27.7,+19.0,+19.5,+19.5,+19.5,+19.0,+20.0,+18.5
2022-09-22 14:14,2,+46.7,+28.7,+22.7,+20.3,+32.0,+27.7,+19.5,+19.5,+19.5,+20.0,+19.0,+20.0,+18.5
2022-09-22 15:14,2,+49.7,+29.9,+22.7,+20.3,+32.0,+27.7,+19.0,+19.5,+19.5,+19.5,+19.0,+20.0,+18.5
2022-09-22 16:14,2,+47.6,+30.9,+24.1,+20.6,+32.0,+27.7,+19.0,+19.5,+19.5,+20.0,+19.0,+20.0,+18.5
2022-09-22 17:14,2,+47.2,+30.6,+24.2,+21.2,+32.0,+27.7,+19.0,+19.5,+19.5,+19.5,+19.0,+20.0,+18.5
2022-09-22 18:14,2,+46.6,+30.5,+24.1,+21.7,+32.2,+27.7,+19.0,+19.5,+19.5,+20.0,+19.0,+20.0,+18.5
2022-09-22 19:14,2,+46.5,+30.2,+24.0,+21.7,+32.5,+28.1,+19.0,+19.5,+19.5,+20.0,+19.0,+20.0,+18.5
2022-09-22 20:14,2,+46.7,+30.2,+23.8,+21.7,+32.7,+28.2,+19.0,+19.5,+19.5,+19.5,+19.0,+20.0,+18.5
2022-09-22 21:14,2,+46.5,+30.3,+23.7,+21.6,+32.7,+28.6,+19.0,+19.5,+19.5,+19.5,+19.0,+20.0,+18.5
2022-09-22 22:14,2,+46.2,+30.2,+23.7,+21.6,+32.7,+28.7,+19.0,+19.5,+19.5,+19.5,+19.0,+20.0,+18.5
2022-09-22 23:14,2,+46.1,+30.0,+23.7,+21.5,+32.7,+28.7,+19.0,+19.5,+19.5,+20.0,+19.0,+20.0,+18.5
2022-09-23 00:14,2,+46.0,+29.9,+23.7,+21.5,+32.7,+28.7,+19.0,+19.5,+19.5,+20.0,+19.0,+20.0,+18.5
2022-09-23 01:14,2,+45.9,+29.8,+23.7,+21.3,+32.7,+28.7,+19.0,+19.5,+19.5,+20.0,+19.0,+20.0,+18.5
2022-09-23 02:14,2,+45.8,+29.8,+23.7,+21.3,+32.7,+28.7,+18.5,+19.5,+19.5,+20.0,+19.0,+20.0,+19.0
2022-09-23 03:14,2,+45.8,+29.7,+23.7,+21.6,+32.7,+28.7,+18.5,+19.5,+19.5,+20.0,+19.0,+20.0,+18.5
2022-09-23 04:14,2,+45.8,+29.7,+23.7,+21.7,+32.7,+28.7,+18.5,+19.5,+19.5,+19.5,+19.0,+20.0,+18.5
2022-09-23 05:14,2,+45.8,+29.7,+23.7,+21.7,+32.7,+28.7,+18.5,+19.0,+19.5,+19.5,+19.0,+20.0,+19.0
2022-09-23 06:14,2,+45.7,+29.6,+23.7,+21.7,+32.7,+28.7,+18.5,+19.0,+19.5,+19.5,+19.0,+20.0,+18.5
2022-09-23 07:14,2,+45.7,+29.6,+23.6,+21.8,+32.5,+28.7,+18.5,+19.0,+19.5,+19.5,+19.0,+20.0,+18.5
2022-09-23 08:14,2,+45.6,+29.5,+23.6,+21.8,+32.5,+28.7,+18.5,+19.0,+19.5,+19.5,+19.0,+20.0,+18.5
2022-09-23 09:14,2,+45.6,+29.5,+23.6,+21.8,+32.5,+28.7,+18.5,+19.0,+19.5,+19.5,+19.0,+20.0,+18.5
2022-09-23 10:14,2,+45.6,+29.4,+23.6,+21.8,+32.5,+28.7,+19.0,+19.0,+19.5,+20.0,+19.0,+20.0,+18.5
2022-09-23 11:14,2,+45.5,+29.3,+23.5,+21.8,+32.5,+28.7,+19.0,+19.0,+19.5,+19.5,+19.0,+20.0,+18.5
2022-09-23 12:14,2,+45.5,+29.3,+23.5,+21.8,+32.5,+28.7,+19.0,+19.0,+19.5,+20.0,+19.0,+20.0,+18.5
2022-09-23 13:14,2,+45.4,+29.3,+23.5,+21.8,+32.5,+28.6,+19.0,+19.5,+19.5,+20.0,+19.0,+20.0,+18.5
2022-09-23 14:14,2,+45.4,+29.2,+23.3,+21.7,+32.5,+28.6,+19.0,+19.5,+19.5,+20.0,+19.0,+20.0,+18.5
2022-09-23 15:14,2,+45.4,+29.1,+23.3,+21.7,+32.5,+28.6,+19.5,+19.5,+19.5,+20.0,+19.0,+20.0,+18.5
2022-09-23 16:14,2,+45.4,+29.1,+23.3,+21.7,+32.5,+28.6,+19.5,+19.5,+19.5,+19.5,+19.0,+20.0,+18.5
2022-09-23 17:14,2,+45.3,+29.1,+23.3,+21.7,+32.4,+28.5,+19.5,+19.5,+19.5,+20.0,+19.0,+20.0,+18.5
2022-09-23 18:14,2,+45.3,+29.1,+23.3,+21.7,+32.4,+28.5,+19.5,+19.5,+19.5,+20.0,+19.0,+20.0,+18.5
2022-09-23 19:14,2,+45.3,+29.1,+23.3,+21.7,+32.4,+28.5,+19.5,+19.5,+19.5,+19.5,+19.0,+20.0,+18.5
2022-09-23 20:14,2,+45.3,+29.1,+23.2,+21.7,+32.4,+28.5,+19.0,+19.5,+19.5,+20.0,+19.0,+20.0,+18.5
2022-09-23 21:14,2,+45.3,+29.1,+23.2,+21.7,+32.4,+28.5,+19.0,+19.5,+19.5,+20.0,+19.0,+20.0,+18.5
2022-09-23 22:14,2,+45.3,+29.1,+23.2,+21.7,+32.4,+28.5,+19.0,+19.5,+19.5,+19.5,+19.0,+20.0,+18.5
2022-09-23 23:14,2,+45.3,+29.1,+23.2,+21.6,+32.4,+28.2,+19.0,+19.5,+19.5,+19.5,+19.0,+20.0,+18.5
2022-09-24 00:14,2,+45.2,+29.0,+23.2,+21.6,+32.4,+28.2,+19.0,+19.5,+19.5,+20.0,+19.0,+20.0,+18.5
2022-09-24 01:14,2,+45.2,+29.0,+23.2,+21.6,+32.4,+28.2,+19.0,+19.5,+19.5,+19.5,+19.0,+20.0,+18.5
2022-09-24 02:14,2,+45.2,+29.0,+23.2,+21.6,+32.2,+28.2,+19.0,+19.5,+19.5,+19.5,+19.5,+20.0,+18.5
2022-09-24 03:14,2,+45.2,+29.0,+23.2,+21.6,+32.2,+28.2,+19.0,+19.5,+19.5,+19.5,+19.0,+20.0,+18.5
2022-09-24 04:14,2,+45.2,+28.9,+23.2,+21.6,+32.2,+28.2,+19.0,+19.5,+19.5,+19.5,+19.0,+20.0,+18.5
2022-09-24 05:14,2,+45.1,+28.9,+23.2,+21.6,+32.2,+28.2,+19.0,+19.5,+19.5,+19.5,+19.0,+20.0,+18.5
2022-09-24 06:14,2,+45.1,+28.9,+23.2,+21.5,+32.2,+28.2,+19.0,+19.5,+19.5,+20.0,+19.0,+20.0,+18.5
2022-09-24 07:14,2,+45.1,+28.9,+23.2,+21.5,+32.2,+28.2,+18.5,+19.5,+19.5,+19.5,+19.0,+20.0,+18.5
2022-09-24 08:14,2,+45.1,+28.9,+23.2,+21.5,+32.2,+28.2,+19.0,+19.5,+19.5,+19.5,+19.0,+20.0,+18.5
2022-09-24 09:14,2,+45.0,+28.8,+23.2,+21.5,+32.2,+28.2,+19.0,+19.5,+19.5,+19.5,+19.0,+20.0,+19.0
2022-09-24 10:14,2,+45.0,+28.8,+23.2,+21.5,+32.2,+28.2,+19.0,+19.5,+19.5,+19.5,+19.0,+20.0,+18.5
2022-09-24 11:14,2,+44.9,+28.8,+23.2,+21.5,+32.2,+28.2,+19.0,+19.5,+19.5,+19.5,+19.5,+20.0,+18.5
2022-09-24 12:14,2,+44.9,+28.7,+23.2,+21.3,+32.2,+28.2,+19.0,+19.5,+19.5,+19.5,+19.0,+20.0,+19.0
2022-09-24 13:14,2,+44.9,+28.7,+23.2,+21.3,+32.2,+28.2,+19.0,+19.5,+19.5,+19.5,+19.0,+20.0,+18.5
2022-09-24 14:14,2,+44.8,+28.7,+23.2,+21.3,+32.2,+28.2,+19.5,+19.5,+19.5,+19.5,+19.5,+20.0,+18.5
2022-09-24 15:14,2,+44.8,+28.7,+23.1,+21.3,+32.2,+28.2,+19.5,+19.5,+19.5,+19.5,+19.0,+20.0,+18.5
2022-09-24 16:14,2,+44.8,+28.6,+23.1,+21.3,+32.2,+28.2,+19.5,+19.5,+19.5,+19.5,+19.0,+20.0,+18.5
2022-09-24 17:14,2,+44.8,+28.6,+23.1,+21.3,+32.2,+28.2,+19.5,+19.5,+19.5,+20.0,+19.5,+20.0,+18.5
2022-09-24 18:14,2,+44.8,+28.6,+23.1,+21.3,+32.2,+28.2,+19.5,+19.5,+19.5,+19.5,+19.0,+20.0,+18.5
2022-09-24 19:14,2,+44.8,+28.6,+23.1,+21.3,+32.2,+28.2,+19.5,+19.5,+19.5,+19.5,+19.0,+20.0,+19.0
2022-09-24 20:14,2,+45.9,+28.6,+23.1,+21.3,+32.2,+28.2,+19.5,+19.5,+19.5,+20.0,+19.0,+20.0,+18.5
2022-09-24 21:14,2,+45.9,+28.6,+23.1,+21.3,+32.2,+28.2,+19.5,+19.5,+19.5,+20.0,+19.5,+20.0,+18.5
2022-09-24 22:14,2,+46.0,+28.6,+23.1,+21.2,+32.2,+28.2,+19.5,+19.5,+19.5,+20.0,+19.5,+20.0,+18.5
2022-09-24 23:14,2,+45.8,+28.7,+23.1,+21.2,+32.2,+28.1,+19.0,+19.5,+19.5,+19.5,+19.5,+20.0,+18.5
2022-09-25 00:14,2,+45.8,+28.8,+23.1,+21.2,+32.2,+28.1,+19.0,+19.5,+19.5,+19.5,+19.5,+20.0,+18.5
2022-09-25 01:14,2,+45.7,+28.9,+23.1,+21.2,+32.2,+28.1,+19.0,+19.5,+19.5,+20.0,+19.5,+20.0,+18.5
2022-09-25 02:14,2,+45.7,+28.9,+23.1,+21.2,+32.0,+28.1,+19.0,+19.5,+19.5,+19.5,+19.5,+20.0,+18.5
2022-09-25 03:14,2,+45.6,+29.0,+23.1,+21.2,+32.0,+28.1,+19.0,+19.5,+19.5,+19.5,+19.5,+20.0,+19.0
2022-09-25 04:14,2,+45.6,+29.0,+23.1,+21.2,+32.0,+28.1,+19.0,+19.5,+19.5,+19.5,+19.5,+20.0,+18.5
2022-09-25 05:14,2,+45.6,+29.1,+23.1,+21.2,+32.0,+28.1,+19.0,+19.5,+19.5,+19.5,+19.5,+20.0,+18.5
2022-09-25 06:14,2,+45.6,+29.1,+23.1,+21.2,+32.0,+28.1,+19.0,+19.5,+19.5,+19.5,+19.5,+20.0,+18.5
2022-09-25 07:14,2,+45.5,+29.1,+23.1,+21.2,+32.0,+28.1,+19.0,+19.5,+19.5,+19.5,+19.0,+20.0,+18.5
2022-09-25 08:14,2,+45.5,+29.1,+23.1,+21.2,+32.0,+28.1,+19.0,+19.5,+19.5,+20.0,+19.5,+20.0,+18.5
2022-09-25 09:14,2,+45.5,+29.0,+23.1,+21.2,+32.0,+28.1,+19.0,+19.5,+19.5,+20.0,+19.5,+20.0,+19.0
2022-09-25 10:14,2,+45.4,+29.0,+23.1,+21.2,+32.0,+28.1,+19.0,+19.5,+19.5,+19.5,+19.5,+20.0,+18.5
2022-09-25 11:14,2,+45.4,+29.0,+23.1,+21.2,+32.0,+28.1,+19.0,+19.5,+19.5,+19.5,+19.5,+20.0,+19.0
2022-09-25 12:14,2,+45.3,+29.0,+23.1,+21.2,+32.0,+28.0,+19.5,+19.5,+19.5,+20.0,+19.5,+20.0,+19.0
2022-09-25 13:14,2,+45.3,+28.9,+23.1,+21.2,+32.0,+28.0,+19.5,+19.5,+19.5,+20.0,+19.5,+20.0,+18.5
2022-09-25 14:14,2,+45.3,+28.9,+23.1,+21.2,+32.0,+28.0,+19.5,+19.5,+19.5,+19.5,+19.5,+20.0,+18.5
2022-09-25 15:14,2,+47.2,+29.1,+23.1,+21.2,+32.0,+28.0,+19.5,+19.5,+19.5,+19.5,+19.5,+20.0,+19.0
2022-09-25 16:14,2,+46.6,+29.9,+23.1,+21.2,+32.0,+28.0,+19.5,+19.5,+19.5,+19.5,+19.5,+20.0,+19.0
2022-09-25 17:14,2,+46.3,+30.1,+23.2,+21.2,+32.0,+28.0,+19.5,+19.5,+19.5,+19.5,+19.5,+20.0,+18.5
2022-09-25 18:14,2,+46.1,+30.0,+23.2,+21.2,+32.0,+28.0,+19.5,+20.0,+19.5,+20.0,+19.5,+20.0,+18.5
2022-09-25 19:14,2,+46.0,+30.0,+23.2,+21.2,+32.0,+28.0,+19.5,+19.5,+19.5,+20.0,+19.5,+20.0,+19.0
2022-09-25 20:14,2,+45.9,+29.9,+23.3,+21.3,+32.0,+28.0,+19.5,+19.5,+19.5,+19.5,+19.5,+20.0,+18.5
2022-09-25 21:14,2,+45.9,+29.8,+23.3,+21.3,+32.0,+28.0,+19.5,+19.5,+19.5,+19.5,+19.5,+20.0,+19.0
2022-09-25 22:14,2,+45.8,+29.8,+23.3,+21.3,+32.0,+28.0,+19.5,+19.5,+19.5,+19.5,+19.5,+20.0,+19.0
2022-09-25 23:14,2,+45.8,+29.7,+23.3,+21.5,+32.0,+28.0,+19.0,+19.5,+19.5,+20.0,+19.5,+20.5,+19.0
2022-09-26 00:14,2,+45.8,+29.7,+23.3,+21.5,+32.0,+28.0,+19.0,+19.5,+19.5,+20.0,+19.5,+20.0,+19.0
2022-09-26 01:14,2,+45.8,+29.6,+23.3,+21.5,+32.0,+28.0,+19.0,+19.5,+19.5,+19.5,+19.5,+20.5,+19.0
2022-09-26 02:14,2,+45.7,+29.6,+23.3,+21.5,+32.0,+28.1,+19.0,+19.5,+19.5,+19.5,+19.5,+20.5,+19.0
2022-09-26 03:14,2,+45.7,+29.5,+23.3,+21.5,+32.2,+28.1,+19.0,+19.5,+19.5,+19.5,+19.5,+20.0,+19.0
2022-09-26 04:14,2,+45.7,+29.5,+23.3,+21.6,+32.2,+28.1,+19.0,+19.5,+19.5,+19.5,+19.5,+20.0,+19.0
2022-09-26 05:14,2,+45.5,+29.4,+23.3,+21.6,+32.2,+28.1,+19.0,+19.5,+19.5,+19.5,+19.5,+20.0,+19.0
2022-09-26 06:14,2,+45.5,+29.4,+23.3,+21.6,+32.2,+28.1,+19.0,+19.5,+19.5,+19.5,+19.5,+20.5,+19.0
2022-09-26 07:14,2,+45.5,+29.4,+23.3,+21.6,+32.2,+28.1,+19.0,+19.5,+19.5,+19.5,+19.5,+20.5,+19.0
2022-09-26 08:14,2,+45.4,+29.3,+23.3,+21.6,+32.2,+28.1,+19.0,+19.5,+19.5,+19.5,+19.5,+20.0,+19.0
2022-09-26 09:14,2,+45.4,+29.3,+23.3,+21.6,+32.2,+28.1,+19.0,+19.5,+19.5,+20.0,+19.5,+20.5,+19.0
2022-09-26 10:14,2,+45.3,+29.2,+23.3,+21.6,+32.2,+28.1,+19.0,+19.5,+19.5,+19.5,+19.5,+20.5,+19.0
2022-09-26 11:14,2,+45.2,+29.2,+23.3,+21.6,+32.2,+28.1,+19.0,+19.5,+19.5,+19.5,+19.5,+20.5,+19.0
2022-09-26 12:14,2,+45.2,+29.1,+23.2,+21.6,+32.2,+28.2,+19.0,+19.5,+19.5,+19.5,+19.5,+20.5,+19.0
2022-09-26 13:14,2,+45.2,+29.1,+23.2,+21.5,+32.2,+28.2,+19.5,+19.5,+19.5,+19.5,+19.5,+20.0,+19.0
2022-09-26 14:14,2,+45.1,+29.1,+23.2,+21.5,+32.2,+28.2,+19.5,+20.0,+19.5,+20.0,+19.5,+20.0,+19.0
2022-09-26 15:14,2,+46.8,+29.1,+23.2,+21.5,+32.2,+28.2,+19.5,+19.5,+19.5,+19.5,+19.5,+20.5,+19.0
2022-09-26 16:14,2,+45.9,+29.0,+23.2,+21.5,+32.2,+28.2,+19.5,+19.5,+19.5,+19.5,+19.5,+20.5,+19.0
2022-09-26 17:14,2,+45.8,+29.0,+23.2,+21.5,+32.2,+28.2,+19.5,+19.5,+19.5,+20.0,+19.5,+20.5,+19.0
2022-09-26 18:14,2,+45.7,+29.1,+23.2,+21.5,+32.2,+28.2,+19.5,+19.5,+19.5,+20.0,+19.5,+20.5,+19.0
2022-09-26 19:14,2,+45.6,+29.1,+23.2,+21.5,+32.2,+28.2,+19.0,+19.5,+19.5,+19.5,+19.5,+20.5,+19.0
2022-09-26 20:14,2,+45.6,+29.1,+23.2,+21.5,+32.2,+28.2,+19.0,+19.5,+19.5,+20.0,+19.5,+20.5,+19.0
2022-09-26 21:14,2,+45.5,+29.1,+23.2,+21.5,+32.2,+28.2,+19.0,+19.5,+19.5,+20.0,+19.5,+20.5,+19.0
2022-09-26 22:14,2,+45.8,+29.1,+23.2,+21.5,+32.2,+28.2,+19.0,+19.5,+19.5,+20.0,+19.5,+20.5,+19.0
2022-09-26 23:14,2,+45.8,+29.1,+23.2,+21.5,+32.2,+28.2,+19.0,+19.5,+19.5,+19.5,+19.5,+20.5,+19.5
2022-09-27 00:14,2,+45.8,+29.1,+23.2,+21.5,+32.2,+28.2,+19.0,+19.5,+19.5,+20.0,+19.5,+20.5,+19.0
2022-09-27 01:14,2,+45.7,+29.1,+23.2,+21.5,+32.2,+28.2,+19.0,+19.5,+19.5,+20.0,+19.5,+20.5,+19.0
2022-09-27 02:14,2,+45.7,+29.1,+23.2,+21.5,+32.2,+28.2,+19.0,+19.5,+19.5,+19.5,+19.5,+20.5,+19.0
2022-09-27 03:14,2,+45.6,+29.1,+23.2,+21.5,+32.2,+28.1,+19.0,+19.5,+19.5,+20.0,+19.5,+20.5,+19.0
2022-09-27 04:14,2,+45.6,+29.1,+23.2,+21.5,+32.2,+28.1,+19.0,+19.5,+19.5,+19.5,+19.5,+20.5,+19.0
2022-09-27 05:14,2,+45.6,+29.1,+23.2,+21.3,+32.2,+28.1,+19.0,+19.5,+19.5,+19.5,+19.5,+20.5,+19.0
2022-09-27 06:14,2,+45.6,+29.1,+23.2,+21.3,+32.2,+28.1,+19.0,+19.5,+19.5,+19.5,+19.5,+20.5,+19.0
2022-09-27 07:14,2,+45.5,+29.1,+23.2,+21.3,+32.2,+28.1,+19.0,+19.5,+19.5,+19.5,+19.5,+20.5,+19.0
2022-09-27 08:14,2,+45.5,+29.1,+23.2,+21.3,+32.2,+28.1,+19.0,+19.5,+19.5,+19.5,+19.5,+20.5,+19.0
2022-09-27 09:14,2,+45.4,+29.1,+23.2,+21.3,+32.2,+28.1,+19.0,+19.5,+19.5,+19.5,+19.5,+20.5,+19.0
2022-09-27 10:14,2,+45.4,+29.1,+23.2,+21.3,+32.2,+28.1,+19.0,+19.5,+19.5,+19.5,+19.5,+20.5,+19.0
2022-09-27 11:14,2,+45.4,+29.1,+23.2,+21.3,+32.2,+28.1,+19.0,+19.5,+19.5,+19.5,+19.5,+20.5,+19.0
2022-09-27 12:14,2,+45.3,+29.1,+23.2,+21.3,+32.2,+28.1,+19.0,+19.5,+19.5,+20.0,+19.5,+20.5,+19.0
2022-09-27 13:14,2,+45.3,+29.1,+23.2,+21.3,+32.0,+28.1,+19.5,+19.5,+19.5,+19.5,+19.5,+20.5,+19.0
2022-09-27 14:14,2,+45.3,+29.1,+23.2,+21.3,+32.2,+28.1,+19.5,+19.5,+19.5,+19.5,+19.5,+20.5,+19.0
2022-09-27 15:14,2,+45.3,+29.0,+23.2,+21.3,+32.2,+28.1,+19.5,+19.5,+19.5,+19.5,+19.5,+20.5,+19.0
2022-09-27 16:14,2,+45.2,+29.0,+23.2,+21.3,+32.2,+28.1,+19.5,+19.5,+19.5,+20.0,+19.5,+20.5,+19.5
2022-09-27 17:14,2,+45.2,+29.0,+23.2,+21.3,+32.2,+28.1,+19.5,+19.5,+19.5,+19.5,+19.5,+20.5,+19.5
2022-09-27 18:14,2,+45.2,+29.0,+23.2,+21.3,+32.2,+28.1,+19.5,+19.5,+19.5,+20.0,+19.5,+20.5,+19.0
2022-09-27 19:14,2,+45.2,+29.0,+23.2,+21.3,+32.0,+28.1,+19.5,+19.5,+19.5,+19.5,+19.5,+20.5,+19.0
2022-09-27 20:14,2,+45.2,+28.9,+23.2,+21.3,+32.0,+28.1,+19.0,+19.5,+19.5,+20.0,+19.5,+20.5,+19.0
2022-09-27 21:14,2,+45.2,+28.9,+23.2,+21.3,+32.2,+28.1,+19.0,+19.5,+19.5,+19.5,+19.5,+20.5,+19.0
2022-09-27 22:14,2,+45.2,+28.9,+23.2,+21.3,+32.2,+28.1,+19.0,+19.5,+19.5,+19.5,+19.5,+20.5,+19.0
2022-09-27 23:14,2,+45.1,+28.9,+23.2,+21.3,+32.0,+28.1,+19.0,+19.5,+19.5,+20.0,+19.5,+20.5,+19.0
2022-09-28 00:14,2,+45.1,+28.9,+23.2,+21.3,+32.0,+28.1,+19.0,+19.5,+19.5,+19.5,+19.5,+20.5,+19.0
2022-09-28 01:14,2,+45.1,+28.9,+23.2,+21.3,+32.0,+28.1,+19.0,+19.5,+19.5,+19.5,+19.5,+20.5,+19.0
2022-09-28 02:14,2,+45.1,+28.9,+23.2,+21.3,+32.0,+28.1,+19.0,+19.5,+19.5,+20.0,+19.5,+20.5,+19.0
2022-09-28 03:14,2,+45.0,+28.8,+23.2,+21.3,+32.0,+28.1,+19.0,+19.5,+19.5,+20.0,+19.5,+20.5,+19.0
2022-09-28 04:14,2,+45.0,+28.8,+23.2,+21.3,+32.0,+28.1,+19.0,+19.5,+19.5,+20.0,+19.5,+20.5,+19.0
2022-09-28 05:14,2,+45.0,+28.8,+23.2,+21.3,+32.0,+28.1,+19.0,+20.0,+19.5,+20.0,+19.5,+20.5,+19.0
2022-09-28 06:14,2,+45.0,+28.8,+23.2,+21.2,+32.0,+28.1,+19.0,+19.5,+19.5,+20.0,+19.5,+20.5,+19.0
2022-09-28 07:14,2,+45.0,+28.8,+23.2,+21.2,+32.0,+28.1,+19.0,+19.5,+19.5,+19.5,+19.5,+20.5,+19.0
2022-09-28 08:14,2,+44.9,+28.7,+23.2,+21.2,+32.0,+28.1,+19.0,+19.5,+19.5,+20.0,+19.5,+20.5,+19.0
2022-09-28 09:14,2,+44.9,+28.7,+23.1,+21.2,+32.0,+28.1,+19.0,+19.5,+19.5,+20.0,+19.5,+20.5,+19.0
2022-09-28 10:14,2,+44.9,+28.7,+23.1,+21.2,+32.0,+28.0,+19.0,+19.5,+19.5,+19.5,+19.5,+20.5,+19.0
2022-09-28 11:14,2,+44.9,+28.7,+23.1,+21.2,+32.0,+28.0,+19.0,+19.5,+19.5,+20.0,+19.5,+20.5,+19.0
2022-09-28 12:14,2,+44.8,+28.6,+23.1,+21.2,+32.0,+28.0,+19.5,+19.5,+19.5,+19.5,+19.5,+20.5,+19.0
2022-09-28 13:14,2,+44.8,+28.6,+23.1,+21.2,+32.0,+28.0,+19.5,+19.5,+19.5,+20.0,+19.5,+20.5,+19.0