
2022-09-06 10:27,1,+73.3,+68.4,+58.2,+46.0,+53.2,+48.2,+19.0,+18.5,+18.5,+19.0,+20.5,+19.5,+18.5
2022-09-06 11:27,1,+73.4,+68.1,+58.2,+45.9,+53.2,+48.2,+19.0,+18.5,+18.5,+19.0,+20.0,+19.5,+18.5
2022-09-06 12:27,1,+73.3,+68.0,+58.2,+45.9,+53.2,+48.2,+19.0,+19.0,+19.0,+19.0,+20.5,+19.5,+18.5
2022-09-06 13:27,1,+73.2,+67.9,+58.2,+45.9,+53.2,+48.2,+19.0,+19.0,+18.5,+19.0,+20.5,+19.5,+18.5
2022-09-06 14:27,1,+73.1,+67.8,+58.2,+45.9,+53.2,+48.2,+19.0,+19.0,+18.5,+19.0,+20.5,+19.5,+18.5
2022-09-06 15:27,1,+73.1,+67.7,+58.2,+45.9,+53.2,+48.4,+19.0,+19.0,+18.5,+19.0,+20.5,+19.5,+18.5
2022-09-06 16:27,1,+73.1,+67.6,+58.2,+45.9,+53.2,+48.4,+19.0,+19.0,+18.5,+19.0,+20.0,+19.5,+18.5
2022-09-06 17:27,1,+73.0,+67.5,+58.2,+45.9,+53.2,+48.4,+19.0,+19.0,+18.5,+19.0,+20.5,+19.5,+18.5
2022-09-06 18:27,1,+72.9,+67.4,+58.4,+45.9,+53.2,+48.4,+19.0,+19.0,+18.5,+19.0,+20.5,+19.5,+18.5
2022-09-06 19:27,1,+73.0,+67.4,+58.4,+45.9,+53.2,+48.5,+19.0,+19.0,+19.0,+19.0,+20.5,+19.5,+19.0
2022-09-06 20:27,1,+72.9,+67.3,+58.4,+45.9,+53.2,+48.5,+19.0,+19.0,+19.0,+19.0,+20.0,+19.5,+18.5
2022-09-06 21:27,1,+72.9,+66.5,+58.5,+45.7,+53.2,+48.5,+19.0,+19.0,+18.5,+19.0,+20.5,+19.5,+18.5
2022-09-06 22:27,1,+72.9,+66.3,+58.5,+45.7,+53.2,+48.5,+19.0,+19.5,+18.5,+19.0,+20.5,+19.5,+18.5
2022-09-06 23:27,1,+72.8,+66.0,+58.5,+45.7,+53.2,+48.5,+19.0,+19.0,+18.5,+19.0,+20.5,+19.5,+18.5
2022-09-07 00:27,1,+72.8,+65.8,+58.5,+45.7,+53.2,+48.5,+19.0,+19.0,+19.0,+19.0,+20.5,+19.5,+18.5
2022-09-07 01:27,1,+72.8,+65.6,+58.7,+45.7,+53.2,+48.5,+19.0,+19.0,+18.5,+19.0,+20.0,+19.5,+19.0
2022-09-07 02:27,1,+72.7,+65.4,+58.7,+45.7,+53.2,+48.5,+19.0,+19.0,+19.0,+19.0,+20.5,+19.5,+18.5
2022-09-07 03:27,1,+72.6,+65.3,+58.7,+45.7,+53.2,+48.7,+19.0,+19.0,+19.0,+19.0,+20.5,+19.5,+18.5
2022-09-07 04:27,1,+72.5,+65.1,+58.7,+45.7,+53.2,+48.7,+19.0,+19.0,+19.0,+19.0,+20.5,+19.5,+18.5
2022-09-07 05:27,1,+72.4,+64.9,+58.7,+45.7,+53.2,+48.7,+19.0,+19.0,+19.0,+19.0,+20.0,+19.5,+18.5
2022-09-07 06:27,1,+72.3,+64.7,+58.7,+45.7,+53.2,+48.7,+19.0,+19.0,+19.0,+19.0,+20.5,+19.5,+18.5
2022-09-07 07:27,1,+72.2,+64.5,+58.7,+45.7,+53.2,+48.7,+19.0,+19.0,+19.0,+19.0,+20.5,+19.5,+18.5
2022-09-07 08:27,1,+72.1,+64.4,+58.9,+45.9,+53.2,+48.7,+19.0,+19.0,+19.0,+19.0,+20.0,+19.5,+18.5
2022-09-07 09:27,1,+72.1,+64.1,+58.9,+45.9,+53.2,+48.7,+19.0,+19.0,+19.0,+19.0,+20.0,+19.5,+18.5
2022-09-07 10:27,1,+71.9,+64.0,+58.9,+45.9,+53.2,+48.7,+19.0,+19.0,+19.0,+19.0,+20.5,+19.5,+18.5
2022-09-07 11:27,1,+71.8,+63.9,+58.9,+46.0,+53.2,+48.7,+19.0,+19.0,+19.0,+19.0,+20.5,+19.5,+18.5
2022-09-07 12:27,1,+71.7,+63.7,+58.9,+46.0,+53.2,+48.7,+19.5,+19.0,+19.0,+19.0,+20.0,+19.5,+18.5
2022-09-07 13:27,1,+71.6,+63.6,+59.0,+46.0,+53.2,+48.7,+19.5,+19.0,+19.0,+19.0,+20.5,+19.5,+19.0
2022-09-07 14:27,1,+71.6,+63.5,+59.0,+46.0,+53.2,+48.7,+19.5,+19.0,+19.0,+19.0,+20.5,+19.5,+18.5
2022-09-07 15:27,1,+71.7,+63.4,+59.0,+46.2,+53.2,+48.7,+19.5,+19.5,+19.0,+19.0,+20.5,+19.5,+18.5
2022-09-07 16:27,1,+74.0,+64.1,+59.2,+46.2,+53.2,+48.7,+19.5,+19.5,+19.0,+19.0,+20.5,+19.5,+18.5
2022-09-07 17:27,1,+74.6,+64.3,+59.4,+46.4,+53.2,+48.7,+19.5,+19.5,+19.0,+19.0,+20.5,+19.5,+19.0
2022-09-07 18:27,1,+74.6,+64.5,+59.5,+46.5,+53.2,+48.7,+19.5,+19.5,+19.5,+19.0,+20.5,+19.5,+18.5
2022-09-07 19:27,1,+74.6,+64.7,+59.5,+46.5,+53.2,+48.7,+19.0,+19.5,+19.0,+19.0,+20.0,+19.5,+19.0
2022-09-07 20:27,1,+74.6,+64.9,+59.5,+46.5,+53.2,+48.7,+19.0,+19.5,+19.0,+19.5,+20.5,+19.5,+18.5
2022-09-07 21:27,1,+74.6,+65.0,+59.7,+46.5,+53.2,+48.7,+19.0,+19.5,+19.0,+19.5,+20.0,+19.5,+19.0
2022-09-07 22:27,1,+74.6,+65.0,+59.7,+46.5,+53.2,+48.9,+19.0,+19.5,+19.0,+19.5,+20.5,+19.5,+19.0
2022-09-07 23:27,1,+74.6,+65.0,+59.7,+46.7,+53.2,+48.9,+19.0,+19.5,+19.0,+19.5,+20.5,+19.5,+18.5
2022-09-08 00:27,1,+74.6,+64.9,+59.7,+46.7,+53.2,+48.9,+19.0,+19.5,+19.5,+19.5,+20.5,+19.5,+18.5
2022-09-08 01:27,1,+74.6,+64.8,+59.7,+46.7,+53.2,+48.9,+19.0,+19.5,+19.0,+19.5,+20.5,+19.5,+19.0
2022-09-08 02:27,1,+74.6,+64.5,+59.7,+47.0,+53.2,+49.0,+19.0,+19.5,+19.0,+19.5,+20.0,+19.5,+19.0
2022-09-08 03:27,1,+74.6,+64.2,+59.5,+47.2,+53.2,+49.0,+19.0,+19.5,+19.0,+19.5,+20.5,+19.5,+18.5
2022-09-08 04:27,1,+74.6,+64.1,+59.4,+47.2,+53.2,+49.0,+19.0,+19.5,+19.0,+19.5,+20.0,+19.5,+19.0
2022-09-08 05:27,1,+74.6,+64.1,+59.4,+47.4,+53.2,+49.2,+19.0,+19.5,+19.0,+19.5,+20.5,+19.5,+18.5
2022-09-08 06:27,1,+74.6,+64.1,+59.4,+47.4,+53.4,+49.2,+19.0,+19.0,+19.0,+19.5,+20.5,+19.5,+19.0
2022-09-08 07:27,1,+74.6,+64.1,+59.5,+47.5,+53.4,+49.2,+19.0,+19.0,+19.0,+19.5,+20.5,+19.5,+19.0
2022-09-08 08:27,1,+74.6,+64.1,+59.5,+47.5,+53.4,+49.2,+19.0,+19.0,+19.0,+19.5,+20.5,+19.5,+18.5
2022-09-08 09:27,1,+74.7,+64.1,+59.5,+47.5,+53.4,+49.2,+19.0,+19.0,+19.0,+19.5,+20.0,+19.5,+18.5
2022-09-08 10:27,1,+74.7,+64.1,+59.5,+47.5,+53.4,+49.2,+19.5,+19.0,+19.0,+19.5,+20.5,+19.5,+18.5
2022-09-08 11:27,1,+74.7,+64.1,+59.5,+47.7,+53.4,+49.2,+19.5,+19.0,+19.0,+19.5,+20.5,+19.5,+18.5
2022-09-08 12:27,1,+74.7,+64.1,+59.5,+47.7,+53.4,+49.2,+19.5,+19.5,+19.0,+19.0,+20.5,+19.5,+18.5
2022-09-08 13:27,1,+74.7,+64.0,+59.5,+47.7,+53.4,+49.2,+19.5,+19.5,+19.0,+19.5,+20.5,+19.5,+18.5
2022-09-08 14:27,1,+74.7,+64.8,+59.9,+47.9,+53.4,+49.2,+19.5,+19.5,+19.0,+19.5,+20.5,+19.5,+18.5
2022-09-08 15:27,1,+74.7,+65.6,+60.0,+48.0,+53.4,+49.4,+19.5,+19.5,+19.0,+19.5,+20.5,+19.5,+18.5
2022-09-08 16:27,1,+74.7,+65.6,+60.0,+48.0,+53.4,+49.5,+19.5,+19.5,+19.0,+19.5,+20.5,+19.5,+19.0
2022-09-08 17:27,1,+74.7,+65.6,+60.2,+48.2,+53.4,+49.5,+19.5,+19.5,+19.5,+19.5,+20.5,+19.5,+18.5
2022-09-08 18:27,1,+74.7,+65.6,+60.2,+48.2,+53.4,+49.5,+19.5,+19.5,+19.0,+19.5,+20.5,+19.5,+19.0
2022-09-08 19:27,1,+74.6,+65.9,+60.2,+48.2,+53.4,+49.5,+19.5,+19.5,+19.0,+19.5,+20.5,+19.5,+18.5
2022-09-08 20:27,1,+74.6,+65.9,+60.5,+48.4,+53.4,+49.7,+19.5,+19.5,+19.0,+19.5,+20.5,+19.5,+19.0
2022-09-08 21:27,1,+74.6,+65.7,+60.5,+48.4,+53.5,+49.7,+19.5,+19.5,+19.0,+19.5,+20.5,+19.5,+18.5
2022-09-08 22:27,1,+74.6,+65.7,+60.5,+48.5,+53.5,+49.7,+19.5,+19.5,+19.0,+19.5,+20.5,+19.5,+19.0
2022-09-08 23:27,1,+74.6,+65.7,+60.5,+48.5,+53.5,+49.7,+19.5,+19.5,+19.5,+19.5,+20.5,+19.5,+19.0
2022-09-09 00:27,1,+74.6,+65.7,+60.5,+48.5,+53.5,+49.7,+19.0,+19.5,+19.0,+19.5,+20.5,+19.5,+19.0
2022-09-09 01:27,1,+74.6,+65.7,+60.5,+48.5,+53.5,+49.9,+19.0,+19.5,+19.0,+19.5,+20.5,+19.5,+18.5
2022-09-09 02:27,1,+74.6,+65.9,+60.5,+48.7,+53.5,+49.9,+19.0,+19.5,+19.0,+19.5,+20.5,+19.5,+18.5
2022-09-09 03:27,1,+74.6,+65.9,+60.5,+48.7,+53.5,+49.9,+19.0,+19.5,+19.0,+19.5,+20.5,+19.5,+19.0
2022-09-09 04:27,1,+74.6,+65.8,+60.7,+48.7,+53.5,+50.0,+19.0,+19.5,+19.0,+19.5,+20.0,+19.5,+18.5
2022-09-09 05:27,1,+74.6,+65.9,+60.7,+48.7,+53.5,+50.0,+19.0,+19.5,+19.0,+19.5,+20.5,+19.5,+19.0
2022-09-09 06:27,1,+74.6,+65.8,+60.9,+48.9,+53.5,+50.0,+19.0,+19.5,+19.0,+19.5,+20.0,+19.5,+19.0
2022-09-09 07:27,1,+74.7,+65.9,+60.9,+48.9,+53.5,+50.0,+19.0,+19.5,+19.0,+19.5,+20.5,+19.5,+18.5
2022-09-09 08:27,1,+74.7,+65.9,+60.9,+49.0,+53.5,+50.0,+19.0,+19.5,+19.0,+19.5,+20.5,+19.5,+18.5
2022-09-09 09:27,1,+74.7,+65.8,+60.9,+49.0,+53.5,+50.0,+20.0,+19.5,+19.0,+19.5,+20.5,+20.0,+19.0
2022-09-09 10:27,1,+74.7,+65.8,+60.9,+49.0,+53.5,+50.0,+20.5,+19.5,+19.0,+19.5,+20.5,+19.5,+19.0
2022-09-09 11:27,1,+74.7,+65.8,+60.9,+49.0,+53.5,+50.0,+20.0,+19.5,+19.0,+19.5,+20.5,+19.5,+19.0
2022-09-09 12:27,1,+74.6,+66.9,+61.5,+49.5,+53.5,+50.0,+20.0,+19.5,+19.0,+19.5,+20.5,+19.5,+19.0
2022-09-09 13:27,1,+74.7,+66.9,+62.0,+49.5,+53.7,+50.2,+20.0,+20.0,+19.0,+19.5,+20.0,+19.5,+19.0
2022-09-09 14:27,1,+74.7,+70.1,+62.4,+49.7,+53.7,+50.2,+20.0,+20.0,+19.0,+19.5,+20.0,+19.5,+19.0
2022-09-09 15:27,1,+74.7,+68.3,+63.5,+50.2,+53.9,+50.2,+20.0,+20.0,+19.0,+19.5,+20.0,+19.5,+19.0
2022-09-09 16:27,1,+74.6,+69.8,+65.5,+52.0,+54.7,+50.7,+19.5,+20.0,+19.0,+19.5,+20.5,+19.5,+19.0
2022-09-09 17:27,1,+74.6,+68.9,+64.5,+51.5,+54.7,+51.9,+19.5,+20.0,+19.0,+19.5,+20.5,+19.5,+19.0
2022-09-09 18:27,1,+74.6,+69.8,+65.0,+51.9,+54.7,+52.0,+19.0,+19.5,+19.5,+19.5,+20.5,+20.0,+19.0
2022-09-09 19:27,1,+74.6,+68.9,+64.5,+51.7,+54.7,+52.2,+19.0,+19.5,+19.0,+19.5,+20.5,+20.0,+19.0
2022-09-09 20:27,1,+74.6,+68.6,+64.1,+51.5,+54.7,+52.2,+19.0,+19.5,+19.5,+19.5,+20.0,+20.0,+19.0
2022-09-09 21:27,1,+74.6,+68.5,+64.0,+51.4,+54.7,+52.2,+19.0,+19.5,+19.5,+19.5,+20.5,+20.0,+19.0
2022-09-09 22:27,1,+74.6,+68.4,+63.9,+51.2,+54.7,+52.0,+19.0,+19.5,+19.0,+19.5,+20.0,+20.0,+19.0
2022-09-09 23:27,1,+74.6,+68.3,+63.9,+51.2,+54.5,+52.0,+19.0,+19.5,+19.5,+19.5,+20.0,+20.0,+19.0
2022-09-10 00:27,1,+74.6,+68.2,+63.7,+51.2,+54.5,+52.0,+19.0,+19.5,+19.0,+19.5,+20.5,+20.0,+19.0
2022-09-10 01:27,1,+74.6,+68.2,+63.7,+51.2,+54.5,+52.0,+19.0,+19.5,+19.0,+19.5,+20.0,+20.0,+19.0
2022-09-10 02:27,1,+74.6,+68.1,+63.7,+51.2,+54.7,+52.0,+19.0,+19.5,+19.0,+19.5,+20.0,+20.0,+19.0
2022-09-10 03:27,1,+74.6,+68.1,+63.7,+51.2,+54.7,+52.0,+19.0,+19.5,+19.5,+19.5,+20.5,+20.0,+19.0
2022-09-10 04:27,1,+74.6,+68.0,+63.7,+51.2,+54.7,+52.0,+19.0,+19.5,+19.0,+19.5,+20.0,+20.0,+19.0
2022-09-10 05:27,1,+74.6,+68.0,+63.7,+51.2,+54.7,+52.0,+18.5,+19.5,+19.0,+19.5,+20.5,+20.0,+19.0
2022-09-10 06:27,1,+74.6,+67.9,+63.7,+51.2,+54.7,+52.0,+18.5,+19.0,+19.0,+19.5,+20.0,+20.0,+19.0
2022-09-10 07:27,1,+74.7,+67.8,+63.7,+51.2,+54.7,+52.0,+18.5,+19.0,+19.0,+19.5,+20.0,+20.0,+18.5
2022-09-10 08:27,1,+74.7,+67.7,+63.7,+51.2,+54.7,+52.2,+18.5,+19.0,+19.0,+19.5,+20.0,+20.0,+19.0
2022-09-10 09:27,1,+74.7,+67.6,+63.7,+51.2,+54.7,+52.2,+19.0,+19.0,+19.0,+19.5,+20.0,+20.0,+19.0
2022-09-10 10:27,1,+74.7,+67.6,+63.7,+51.2,+54.7,+52.2,+19.5,+19.0,+19.0,+19.5,+20.0,+20.0,+19.0
2022-09-10 11:27,1,+74.7,+67.5,+63.7,+51.2,+54.7,+52.2,+19.5,+19.5,+19.0,+19.5,+20.0,+20.0,+19.0
2022-09-10 12:27,1,+74.7,+67.5,+63.7,+51.2,+54.7,+52.2,+19.5,+19.5,+19.0,+19.5,+20.5,+20.0,+19.0
2022-09-10 13:27,1,+74.7,+67.4,+63.7,+51.2,+54.7,+52.2,+19.5,+19.5,+19.0,+19.5,+20.0,+20.0,+19.0
2022-09-10 14:27,1,+74.7,+67.4,+63.7,+51.2,+54.9,+52.2,+19.5,+19.5,+19.0,+19.5,+20.5,+20.0,+19.0
2022-09-10 15:27,1,+74.7,+67.4,+63.7,+51.2,+54.9,+52.2,+19.5,+19.5,+19.0,+19.5,+20.5,+20.0,+19.0
2022-09-10 16:27,1,+74.7,+67.4,+63.7,+51.2,+55.0,+52.2,+19.5,+19.5,+19.5,+19.5,+20.0,+20.0,+19.0
2022-09-10 17:27,1,+74.7,+67.4,+63.7,+51.2,+55.0,+52.2,+19.5,+19.5,+19.0,+19.5,+20.5,+20.0,+19.0
2022-09-10 18:27,1,+74.7,+67.4,+63.7,+51.2,+55.0,+52.4,+19.5,+19.5,+19.0,+19.5,+20.5,+20.0,+19.0
2022-09-10 19:27,1,+74.7,+67.4,+63.7,+51.2,+55.2,+52.4,+19.5,+19.5,+19.0,+19.5,+20.5,+20.0,+19.0
2022-09-10 20:27,1,+74.6,+67.4,+63.7,+51.2,+55.2,+52.5,+19.5,+19.5,+19.0,+19.5,+20.0,+20.0,+19.0
2022-09-10 21:27,1,+74.6,+67.4,+63.9,+51.2,+55.4,+52.5,+19.5,+19.5,+19.0,+19.5,+20.5,+20.0,+19.0
2022-09-10 22:27,1,+74.6,+67.4,+63.9,+51.2,+55.4,+52.5,+19.0,+19.5,+19.0,+19.5,+20.5,+20.0,+19.0
2022-09-10 23:27,1,+74.6,+67.4,+63.9,+51.2,+55.5,+52.5,+19.0,+19.5,+19.0,+19.5,+20.5,+20.0,+19.0
2022-09-11 00:27,1,+74.6,+67.4,+63.9,+51.2,+55.5,+52.7,+19.0,+19.5,+19.0,+19.5,+20.5,+20.0,+19.0
2022-09-11 01:27,1,+74.6,+67.4,+63.9,+51.2,+55.5,+52.7,+19.0,+19.5,+19.0,+19.5,+20.5,+20.0,+19.0
2022-09-11 02:27,1,+74.6,+67.4,+63.9,+51.4,+55.5,+52.7,+19.0,+19.5,+19.0,+19.5,+20.5,+20.0,+19.0
2022-09-11 03:27,1,+74.6,+67.4,+63.9,+51.4,+55.7,+52.7,+19.0,+19.5,+19.5,+19.5,+20.5,+20.0,+19.0
2022-09-11 04:27,1,+74.6,+67.4,+64.0,+51.4,+55.7,+52.7,+19.0,+19.5,+19.0,+19.5,+20.5,+20.0,+19.0
2022-09-11 05:27,1,+74.6,+67.4,+64.0,+51.4,+55.7,+52.7,+19.0,+19.5,+19.0,+19.5,+20.5,+20.0,+18.5
2022-09-11 06:27,1,+74.6,+67.4,+64.0,+51.4,+55.7,+52.9,+19.0,+19.5,+19.0,+19.5,+20.5,+20.0,+18.5
2022-09-11 07:27,1,+74.7,+67.4,+64.0,+51.4,+55.7,+52.9,+18.5,+19.5,+19.0,+19.5,+20.5,+20.0,+19.0
2022-09-11 08:27,1,+74.7,+67.4,+64.0,+51.4,+55.9,+52.9,+19.0,+19.5,+19.0,+19.5,+20.5,+20.0,+19.0
2022-09-11 09:27,1,+74.7,+67.4,+64.0,+51.5,+55.9,+52.9,+19.0,+19.0,+19.0,+19.5,+20.5,+20.0,+19.0
2022-09-11 10:27,1,+74.7,+67.3,+64.0,+51.5,+55.9,+52.9,+19.0,+19.0,+19.0,+19.5,+20.5,+20.0,+19.0
2022-09-11 11:27,1,+74.7,+67.3,+64.0,+51.5,+56.0,+53.0,+19.0,+19.5,+19.0,+19.5,+20.0,+20.0,+19.0
2022-09-11 12:27,1,+74.7,+67.2,+64.0,+51.5,+56.0,+53.0,+19.0,+19.5,+19.0,+19.5,+20.5,+20.0,+19.0
2022-09-11 13:27,1,+74.7,+67.2,+64.0,+51.5,+56.0,+52.9,+19.5,+19.5,+19.0,+19.5,+20.0,+20.0,+19.0
2022-09-11 14:27,1,+74.7,+67.1,+64.0,+51.5,+56.0,+52.9,+19.5,+19.5,+19.0,+19.5,+20.0,+20.0,+19.0
2022-09-11 15:27,1,+74.7,+67.2,+64.3,+51.7,+56.0,+53.0,+19.5,+19.5,+19.0,+19.5,+20.5,+20.0,+19.0
2022-09-11 16:27,1,+74.6,+68.8,+65.4,+52.0,+56.2,+53.2,+19.0,+19.5,+19.0,+19.5,+20.0,+20.0,+19.0
2022-09-11 17:27,1,+74.6,+69.0,+65.8,+52.2,+56.4,+53.5,+19.0,+19.5,+19.0,+19.5,+20.5,+20.0,+19.0
2022-09-11 18:27,1,+74.6,+69.0,+66.0,+52.4,+56.5,+53.5,+19.0,+19.5,+19.0,+19.5,+20.5,+20.0,+19.0
2022-09-11 19:27,1,+74.6,+68.9,+66.0,+52.5,+56.5,+53.7,+19.0,+19.5,+19.5,+19.5,+20.5,+19.5,+19.0
2022-09-11 20:27,1,+74.6,+68.9,+66.0,+52.5,+56.7,+53.7,+19.0,+19.5,+19.0,+19.5,+20.0,+20.0,+19.0
2022-09-11 21:27,1,+74.6,+68.8,+66.1,+52.5,+56.7,+54.0,+19.0,+19.5,+19.0,+19.5,+20.5,+20.0,+19.0
2022-09-11 22:27,1,+74.6,+68.7,+66.1,+52.5,+56.7,+54.0,+19.0,+19.5,+19.0,+19.5,+20.0,+20.0,+19.0
2022-09-11 23:27,1,+74.6,+68.7,+66.1,+52.5,+56.7,+54.0,+19.0,+19.5,+19.0,+19.5,+20.5,+20.0,+18.5
2022-09-12 00:27,1,+74.5,+68.6,+66.3,+52.5,+56.9,+54.0,+18.5,+19.0,+19.0,+19.5,+20.0,+20.0,+19.0
2022-09-12 01:27,1,+74.6,+68.6,+66.3,+52.5,+56.9,+54.0,+18.5,+19.0,+19.0,+19.5,+20.5,+20.0,+19.0
2022-09-12 02:27,1,+74.6,+68.6,+66.3,+52.5,+57.0,+54.2,+18.5,+19.0,+19.0,+19.5,+20.0,+20.0,+19.0
2022-09-12 03:27,1,+74.6,+68.6,+66.3,+52.5,+57.0,+54.2,+18.5,+19.0,+19.0,+19.5,+20.5,+20.0,+19.0
2022-09-12 04:27,1,+74.6,+68.5,+66.3,+52.5,+57.0,+54.2,+18.5,+19.0,+19.0,+19.5,+20.5,+20.0,+19.0
2022-09-12 05:27,1,+74.6,+68.5,+66.3,+52.5,+57.0,+54.2,+18.5,+19.0,+19.0,+19.5,+20.5,+20.0,+19.0
2022-09-12 06:27,1,+74.6,+68.4,+66.3,+52.5,+57.0,+54.2,+18.5,+19.0,+19.0,+19.5,+20.5,+20.0,+19.0
2022-09-12 07:27,1,+74.6,+68.3,+66.3,+52.5,+57.0,+54.2,+18.5,+19.0,+19.0,+19.5,+20.5,+20.0,+18.5
2022-09-12 08:27,1,+74.6,+68.3,+66.3,+52.5,+57.0,+54.2,+18.5,+19.0,+19.0,+19.5,+20.0,+20.0,+19.0
2022-09-12 09:27,1,+74.6,+68.3,+66.3,+52.5,+57.2,+54.4,+19.0,+19.0,+19.0,+19.5,+20.5,+20.0,+19.0
2022-09-12 10:27,1,+74.6,+68.3,+66.3,+52.5,+57.2,+54.4,+19.0,+19.0,+19.0,+19.5,+20.0,+19.5,+18.5
2022-09-12 11:27,1,+74.6,+68.3,+66.3,+52.5,+57.2,+54.4,+19.0,+19.0,+19.5,+19.5,+20.5,+20.0,+19.0
2022-09-12 12:27,1,+74.7,+68.3,+66.3,+52.7,+57.2,+54.4,+19.0,+19.0,+19.0,+19.5,+20.5,+19.5,+19.0
2022-09-12 13:27,1,+74.7,+68.2,+66.3,+52.7,+57.2,+54.4,+19.0,+19.0,+19.0,+19.5,+20.0,+20.0,+19.0
2022-09-12 14:27,1,+74.6,+68.3,+66.5,+52.9,+57.2,+54.5,+19.0,+19.0,+19.5,+19.5,+20.0,+20.0,+19.0
2022-09-12 15:27,1,+74.6,+71.5,+69.4,+54.5,+58.0,+54.9,+19.0,+19.0,+19.0,+19.5,+20.5,+20.0,+19.0
2022-09-12 16:27,1,+74.6,+70.7,+68.5,+54.2,+58.0,+55.9,+18.5,+19.0,+19.0,+19.5,+20.0,+20.0,+19.0
2022-09-12 17:27,1,+74.6,+70.6,+68.3,+54.2,+58.0,+55.9,+18.5,+19.0,+19.0,+19.0,+20.5,+20.0,+19.0
2022-09-12 18:27,1,+74.6,+70.6,+68.0,+54.0,+58.0,+56.0,+18.5,+19.0,+19.0,+19.5,+20.5,+20.0,+19.0
2022-09-12 19:27,1,+74.6,+70.5,+68.0,+54.0,+58.0,+55.9,+18.5,+19.0,+19.0,+19.5,+20.5,+20.0,+19.0
2022-09-12 20:27,1,+74.6,+70.4,+68.0,+54.0,+58.0,+55.9,+18.5,+19.0,+19.0,+19.5,+20.0,+20.0,+19.0
2022-09-12 21:27,1,+74.6,+70.3,+68.0,+54.0,+58.0,+55.9,+18.5,+19.0,+19.0,+19.0,+20.5,+20.0,+19.0
2022-09-12 22:27,1,+74.6,+70.3,+67.9,+53.9,+58.0,+55.9,+18.5,+19.0,+19.0,+19.5,+20.0,+19.5,+18.5
2022-09-12 23:27,1,+74.6,+70.2,+67.9,+53.9,+58.0,+55.9,+18.5,+19.0,+18.5,+19.5,+20.0,+20.0,+19.0
2022-09-13 00:27,1,+74.6,+70.2,+67.9,+53.9,+58.0,+55.9,+18.5,+19.0,+19.0,+19.5,+20.5,+20.0,+19.0
2022-09-13 01:27,1,+74.6,+70.1,+67.8,+53.9,+58.0,+55.9,+18.5,+19.0,+18.5,+19.5,+20.0,+20.0,+19.0
2022-09-13 02:27,1,+74.6,+70.0,+67.8,+53.7,+58.0,+55.9,+18.5,+19.0,+18.5,+19.0,+20.5,+19.5,+19.0
2022-09-13 03:27,1,+74.6,+70.0,+67.8,+53.7,+58.0,+55.9,+18.5,+19.0,+19.0,+19.0,+20.0,+20.0,+19.0
2022-09-13 04:27,1,+74.6,+70.0,+67.8,+53.7,+58.0,+55.9,+18.5,+19.0,+18.5,+19.0,+20.5,+20.0,+19.0
2022-09-13 05:27,1,+74.6,+69.9,+67.6,+53.7,+58.0,+55.9,+18.5,+19.0,+19.0,+19.0,+20.5,+19.5,+19.0
2022-09-13 06:27,1,+74.6,+69.9,+67.6,+53.7,+58.0,+56.0,+18.5,+19.0,+18.5,+19.0,+20.5,+20.0,+19.0
2022-09-13 07:27,1,+74.6,+69.9,+67.6,+53.7,+58.0,+56.0,+18.5,+19.0,+18.5,+19.0,+20.0,+20.0,+19.0
2022-09-13 08:27,1,+74.6,+69.8,+67.6,+53.7,+58.0,+56.0,+18.5,+19.0,+19.0,+19.0,+20.0,+20.0,+19.0
2022-09-13 09:27,1,+74.7,+69.7,+67.6,+53.7,+58.0,+55.9,+19.0,+19.0,+19.0,+19.0,+20.0,+20.0,+19.0
2022-09-13 10:27,1,+74.6,+69.7,+67.6,+53.7,+58.0,+55.9,+19.0,+19.0,+18.5,+19.0,+20.5,+20.0,+19.0
2022-09-13 11:27,1,+74.6,+69.7,+67.6,+53.7,+58.0,+56.0,+19.0,+19.0,+18.5,+19.0,+20.0,+19.5,+19.0
2022-09-13 12:27,1,+74.6,+69.9,+68.0,+54.0,+58.2,+56.0,+19.0,+19.0,+18.5,+19.0,+20.0,+19.5,+19.0
2022-09-13 13:27,1,+74.6,+73.1,+70.9,+55.2,+58.4,+56.2,+19.0,+19.0,+19.0,+19.0,+20.5,+19.5,+19.0
2022-09-13 14:27,1,+74.6,+72.9,+71.3,+56.2,+59.0,+57.4,+19.0,+19.0,+18.5,+19.0,+20.0,+19.5,+19.0
2022-09-13 15:27,1,+74.6,+71.9,+70.0,+55.5,+58.9,+57.5,+19.0,+19.0,+18.5,+19.0,+20.0,+19.5,+19.0
2022-09-13 16:27,1,+74.5,+71.9,+70.0,+55.2,+58.7,+57.5,+18.5,+19.0,+19.0,+19.0,+20.5,+19.5,+19.0
2022-09-13 17:27,1,+74.6,+72.1,+70.1,+55.2,+58.7,+57.5,+18.5,+19.0,+18.5,+19.0,+20.0,+19.5,+19.0
2022-09-13 18:27,1,+74.5,+71.8,+70.3,+55.2,+58.7,+57.5,+18.5,+19.0,+19.0,+19.0,+20.0,+19.5,+19.0
2022-09-13 19:27,1,+74.6,+71.6,+70.3,+55.0,+58.7,+57.5,+18.5,+19.0,+18.5,+19.0,+20.5,+19.5,+19.0
2022-09-13 20:27,1,+74.5,+71.4,+70.1,+55.0,+58.7,+57.5,+18.5,+19.0,+18.5,+19.0,+20.0,+19.5,+19.0
2022-09-13 21:27,1,+74.5,+71.3,+70.0,+55.0,+58.7,+57.5,+18.5,+19.0,+19.0,+19.0,+20.5,+19.5,+19.0
2022-09-13 22:27,1,+74.5,+71.2,+70.0,+54.9,+58.5,+57.5,+18.5,+19.0,+18.5,+19.0,+20.5,+19.5,+19.0
2022-09-13 23:27,1,+74.5,+71.2,+69.9,+54.7,+58.5,+57.5,+18.0,+19.0,+18.5,+19.0,+20.5,+19.5,+19.0
2022-09-14 00:27,1,+74.5,+71.1,+69.9,+54.7,+58.5,+57.5,+18.0,+19.0,+18.5,+19.0,+20.5,+19.5,+19.0
2022-09-14 01:27,1,+74.5,+71.0,+69.9,+54.7,+58.5,+57.5,+18.0,+19.0,+19.0,+19.0,+20.0,+19.5,+19.0
2022-09-14 02:27,1,+74.5,+71.3,+70.5,+54.7,+58.5,+57.5,+18.0,+19.0,+18.5,+19.0,+20.0,+19.5,+19.0
2022-09-14 03:27,1,+74.5,+71.2,+70.5,+54.7,+58.5,+57.5,+18.0,+18.5,+18.5,+19.0,+20.5,+19.5,+19.0
2022-09-14 04:27,1,+74.5,+71.2,+70.5,+54.5,+58.5,+57.5,+18.0,+18.5,+18.5,+19.0,+20.5,+19.5,+19.0
2022-09-14 05:27,1,+74.5,+71.2,+70.5,+54.5,+58.5,+57.5,+18.0,+18.5,+19.0,+19.0,+20.5,+19.5,+19.0
2022-09-14 06:27,1,+74.5,+71.1,+70.5,+54.5,+58.5,+57.5,+18.0,+18.5,+18.5,+19.0,+20.0,+19.5,+19.0
2022-09-14 07:27,1,+74.6,+71.1,+70.5,+54.5,+58.5,+57.5,+18.0,+18.5,+18.5,+19.0,+20.0,+19.5,+19.0
2022-09-14 08:27,1,+74.6,+71.1,+70.4,+54.5,+58.5,+57.5,+18.5,+18.5,+18.5,+19.0,+20.5,+19.5,+19.0
2022-09-14 09:27,1,+74.6,+71.0,+70.4,+54.5,+58.5,+57.5,+19.0,+18.5,+18.5,+19.0,+20.0,+19.5,+19.0
2022-09-14 10:27,1,+74.6,+71.0,+70.4,+54.5,+58.5,+57.5,+19.0,+18.5,+18.5,+19.0,+20.5,+19.5,+19.0
2022-09-14 11:27,1,+74.6,+71.0,+70.4,+54.5,+58.5,+57.5,+19.0,+19.0,+18.5,+19.0,+20.0,+19.5,+19.0
2022-09-14 12:27,1,+74.6,+71.3,+70.6,+54.7,+58.5,+57.5,+19.0,+19.0,+19.0,+19.0,+20.5,+19.5,+19.0
2022-09-14 13:27,1,+74.6,+72.7,+71.8,+55.2,+58.7,+57.7,+19.0,+19.0,+18.5,+19.0,+20.5,+19.5,+19.0
2022-09-14 14:27,1,+74.6,+72.5,+71.6,+55.4,+58.7,+57.9,+19.0,+19.0,+18.5,+19.0,+20.5,+19.5,+19.0
2022-09-14 15:27,1,+74.6,+73.6,+73.1,+56.5,+59.2,+58.2,+19.0,+19.0,+18.5,+19.0,+20.0,+19.5,+18.5
2022-09-14 16:27,1,+74.6,+73.0,+72.4,+56.2,+59.2,+58.9,+19.0,+19.0,+18.5,+19.0,+20.5,+19.5,+19.0
2022-09-14 17:27,1,+74.6,+72.9,+72.1,+56.0,+59.2,+58.9,+19.0,+19.0,+19.0,+19.0,+20.5,+19.5,+19.0
2022-09-14 18:27,1,+74.6,+72.8,+72.0,+56.0,+59.2,+58.9,+19.0,+19.0,+18.5,+19.0,+20.5,+19.5,+19.0
2022-09-14 19:27,1,+74.6,+72.8,+71.9,+55.9,+59.0,+58.9,+19.0,+19.0,+19.0,+19.0,+20.5,+19.5,+18.5
2022-09-14 20:27,1,+74.6,+72.7,+71.9,+55.7,+59.0,+58.9,+18.5,+19.0,+18.5,+19.0,+20.0,+19.5,+19.0
2022-09-14 21:27,1,+74.5,+72.6,+71.8,+55.7,+59.0,+58.9,+18.5,+19.0,+18.5,+19.0,+20.0,+19.5,+19.0
2022-09-14 22:27,1,+74.6,+72.4,+71.6,+55.7,+59.0,+58.9,+18.5,+19.0,+18.5,+19.0,+20.5,+19.5,+18.5
2022-09-14 23:27,1,+74.5,+72.4,+71.5,+55.7,+59.0,+58.9,+18.5,+19.0,+18.5,+19.0,+20.5,+19.5,+18.5
2022-09-15 00:27,1,+74.5,+72.3,+71.5,+55.5,+59.0,+58.9,+18.5,+19.0,+18.5,+19.0,+20.5,+19.5,+19.0
2022-09-15 01:27,1,+74.5,+72.2,+71.5,+55.5,+59.0,+58.9,+18.5,+19.0,+19.0,+19.0,+20.5,+19.5,+19.0
2022-09-15 02:27,1,+74.5,+72.2,+71.4,+55.5,+59.0,+58.7,+18.5,+19.0,+19.0,+19.0,+20.5,+19.5,+18.5
2022-09-15 03:27,1,+74.5,+72.1,+71.4,+55.5,+59.0,+58.7,+18.5,+19.0,+18.5,+19.0,+20.5,+19.5,+18.5
2022-09-15 04:27,1,+74.6,+72.0,+71.3,+55.5,+59.0,+58.7,+18.5,+19.0,+18.5,+19.0,+20.5,+19.5,+18.5
2022-09-15 05:27,1,+74.5,+72.0,+71.3,+55.4,+59.0,+58.7,+18.5,+19.0,+18.5,+19.0,+20.5,+19.5,+19.0
2022-09-15 06:27,1,+74.5,+71.9,+71.3,+55.4,+59.0,+58.7,+18.5,+19.0,+18.5,+19.0,+20.5,+19.5,+19.0
2022-09-15 07:27,1,+74.6,+71.9,+71.1,+55.4,+59.0,+58.7,+18.5,+19.0,+18.5,+19.0,+20.0,+19.5,+19.0
2022-09-15 08:27,1,+74.6,+71.9,+71.1,+55.4,+59.0,+58.7,+18.5,+18.5,+18.5,+19.0,+20.5,+19.5,+19.0
2022-09-15 09:27,1,+74.6,+71.8,+71.1,+55.4,+59.0,+58.7,+19.0,+19.0,+18.5,+19.0,+20.5,+19.5,+19.0
2022-09-15 10:27,1,+74.6,+71.8,+71.1,+55.4,+59.0,+58.7,+19.5,+19.0,+18.5,+19.0,+20.5,+19.5,+18.5
2022-09-15 11:27,1,+74.6,+71.8,+71.0,+55.4,+59.0,+58.7,+19.5,+19.0,+18.5,+19.0,+20.5,+19.5,+18.5
2022-09-15 12:27,1,+74.6,+71.8,+71.0,+55.4,+59.0,+58.7,+19.5,+19.0,+19.0,+19.0,+20.5,+19.5,+18.5
2022-09-15 13:27,1,+74.6,+71.6,+71.0,+55.4,+59.0,+58.9,+19.5,+19.0,+18.5,+19.0,+20.5,+19.5,+18.5
2022-09-15 14:27,1,+74.6,+71.6,+71.0,+55.4,+59.0,+58.9,+19.5,+19.0,+18.5,+19.0,+20.5,+19.5,+19.0
2022-09-15 15:27,1,+74.6,+74.6,+73.9,+57.4,+59.7,+59.2,+19.0,+19.0,+19.0,+19.0,+20.5,+19.5,+18.5
2022-09-15 16:27,1,+74.5,+74.1,+73.4,+57.0,+59.7,+60.2,+19.0,+19.0,+18.5,+19.0,+20.5,+19.5,+18.5
2022-09-15 17:27,1,+74.6,+73.7,+72.8,+56.7,+59.7,+60.0,+19.0,+19.0,+18.5,+19.0,+20.0,+19.5,+19.0
2022-09-15 18:27,1,+74.6,+73.6,+72.5,+56.5,+59.5,+60.0,+18.5,+19.0,+18.5,+19.0,+20.5,+19.5,+19.0
2022-09-15 19:27,1,+74.5,+73.4,+72.5,+56.5,+59.5,+60.0,+18.5,+19.0,+19.0,+19.0,+20.0,+19.5,+18.5
2022-09-15 20:27,1,+74.5,+73.4,+72.4,+56.5,+59.5,+60.0,+18.5,+19.0,+19.0,+19.0,+20.0,+19.5,+18.5
2022-09-15 21:27,1,+74.5,+73.3,+72.3,+56.5,+59.5,+60.0,+18.5,+19.0,+18.5,+19.0,+20.5,+19.5,+19.0
2022-09-15 22:27,1,+74.5,+73.3,+72.3,+56.4,+59.5,+59.9,+18.5,+19.0,+18.5,+19.0,+20.0,+19.5,+18.5
2022-09-15 23:27,1,+74.5,+73.3,+72.1,+56.4,+59.5,+59.9,+18.5,+19.0,+19.0,+19.0,+20.0,+19.5,+18.5
2022-09-16 00:27,1,+74.5,+73.2,+72.0,+56.2,+59.5,+59.9,+18.5,+19.0,+18.5,+19.0,+20.5,+19.5,+19.0
2022-09-16 01:27,1,+74.5,+73.2,+72.0,+56.2,+59.4,+59.9,+18.5,+19.0,+18.5,+19.0,+20.5,+19.5,+18.5
2022-09-16 02:27,1,+74.5,+73.2,+72.0,+56.2,+59.4,+59.9,+18.5,+19.0,+19.0,+19.0,+20.0,+19.5,+18.5
2022-09-16 03:27,1,+74.5,+73.1,+72.0,+56.2,+59.4,+59.9,+18.5,+19.0,+18.5,+19.0,+20.0,+19.5,+18.5
2022-09-16 04:27,1,+74.5,+73.0,+72.0,+56.2,+59.4,+59.9,+18.5,+19.0,+18.5,+19.0,+20.5,+19.5,+19.0
2022-09-16 05:27,1,+74.5,+73.0,+71.9,+56.2,+59.4,+59.9,+18.5,+19.0,+18.5,+19.0,+20.5,+19.5,+18.5
2022-09-16 06:27,1,+74.5,+73.0,+71.9,+56.2,+59.4,+59.9,+18.5,+19.0,+18.5,+19.0,+20.5,+19.5,+18.5
2022-09-16 07:27,1,+74.5,+72.9,+71.9,+56.2,+59.4,+59.7,+18.5,+19.0,+19.0,+19.0,+20.5,+19.5,+18.5
2022-09-16 08:27,1,+74.6,+72.9,+71.9,+56.2,+59.4,+59.7,+18.5,+18.5,+18.5,+19.0,+20.0,+19.5,+18.5
2022-09-16 09:27,1,+74.6,+72.9,+71.9,+56.2,+59.4,+59.7,+19.0,+19.0,+18.5,+19.0,+20.0,+19.5,+19.0
2022-09-16 10:27,1,+74.6,+72.9,+71.9,+56.2,+59.4,+59.7,+19.0,+19.0,+19.0,+19.0,+20.0,+19.5,+18.5
2022-09-16 11:27,1,+74.6,+72.9,+71.8,+56.2,+59.4,+59.7,+19.5,+19.0,+18.5,+19.0,+20.0,+19.5,+19.0
2022-09-16 12:27,1,+74.6,+72.8,+71.8,+56.0,+59.4,+59.7,+19.5,+19.0,+18.5,+19.0,+20.5,+19.5,+18.5
2022-09-16 13:27,1,+74.6,+72.7,+71.8,+56.0,+59.4,+59.7,+19.5,+19.0,+18.5,+19.0,+20.5,+19.5,+18.5
2022-09-16 14:27,1,+74.6,+72.7,+71.8,+56.0,+59.4,+59.7,+19.5,+19.0,+18.5,+19.0,+20.5,+19.5,+19.0
2022-09-16 15:27,1,+74.6,+72.7,+71.8,+56.0,+59.4,+59.7,+19.5,+19.0,+18.5,+19.0,+20.0,+19.5,+18.5
2022-09-16 16:27,1,+74.5,+72.7,+71.8,+56.0,+59.4,+59.7,+19.5,+19.0,+18.5,+19.0,+20.0,+19.5,+18.5
2022-09-16 17:27,1,+74.3,+74.4,+73.5,+63.0,+62.5,+66.5,+19.5,+19.5,+19.0,+19.5,+20.5,+20.0,+19.0
2022-09-16 18:27,1,+74.3,+74.3,+73.5,+63.2,+62.5,+66.9,+19.5,+19.5,+19.5,+19.5,+20.5,+20.0,+19.0
2022-09-16 19:27,1,(Error)
2022-09-16 20:27,1,(Error)
2022-09-16 21:27,1,+74.3,+74.3,+73.5,+63.5,+62.7,+67.0,+19.5,+19.5,+19.0,+19.5,+20.5,+20.0,+19.0
2022-09-16 22:27,1,(Error)
2022-09-16 23:27,1,(Error)
2022-09-17 00:27,1,(Error)