
2023-02-17 10:46,2,+74.3,+74.4,+73.5,+73.6,+72.5,+72.5,+17.3,+17.2,+17.5,+17.3,+17.0,+17.1,+17.2
2023-02-17 11:46,2,+74.3,+74.4,+73.5,+73.6,+72.5,+72.5,+17.5,+17.2,+17.5,+17.2,+17.0,+17.1,+17.2
2023-02-17 12:46,2,+74.3,+74.4,+73.5,+73.6,+72.5,+72.5,+17.6,+17.3,+17.5,+17.2,+17.0,+17.1,+17.2
2023-02-17 13:46,2,+74.2,+74.3,+73.5,+73.5,+72.5,+72.5,+17.7,+17.3,+17.5,+17.2,+17.0,+17.1,+17.2
2023-02-17 14:46,2,+74.2,+74.3,+73.5,+73.5,+72.5,+72.5,+17.7,+17.3,+17.5,+17.2,+17.0,+17.1,+17.2
2023-02-17 15:46,2,+74.2,+74.3,+73.5,+73.5,+72.5,+72.5,+17.6,+17.3,+17.5,+17.2,+17.0,+17.1,+17.2
2023-02-17 16:46,2,+74.2,+74.3,+73.5,+73.5,+72.5,+72.5,+17.6,+17.5,+17.5,+17.3,+17.0,+17.1,+17.2
2023-02-17 17:46,2,+74.2,+74.3,+73.5,+73.5,+72.5,+72.5,+17.5,+17.5,+17.5,+17.2,+17.0,+17.1,+17.2
2023-02-17 18:46,2,+74.2,+74.3,+73.5,+73.5,+72.5,+72.5,+17.3,+17.3,+17.5,+17.2,+17.0,+17.1,+17.2
2023-02-17 19:46,2,+74.2,+74.3,+73.5,+73.5,+72.5,+72.5,+17.2,+17.3,+17.5,+17.3,+17.0,+17.1,+17.2
2023-02-17 20:46,2,+74.2,+74.3,+73.5,+73.5,+72.5,+72.5,+17.1,+17.3,+17.5,+17.2,+17.0,+17.1,+17.2
2023-02-17 21:46,2,+74.2,+74.3,+73.5,+73.5,+72.5,+72.5,+17.0,+17.3,+17.6,+17.3,+17.0,+17.1,+17.2
2023-02-17 22:46,2,+74.2,+74.3,+73.5,+73.5,+72.5,+72.5,+16.8,+17.2,+17.5,+17.3,+17.0,+17.2,+17.2
2023-02-17 23:46,2,+74.2,+74.3,+73.5,+73.5,+72.5,+72.5,+16.8,+17.2,+17.6,+17.3,+17.0,+17.1,+17.2
2023-02-18 00:46,2,+74.1,+74.2,+73.5,+73.5,+72.5,+72.5,+16.7,+17.2,+17.5,+17.3,+17.0,+17.1,+17.2
2023-02-18 01:46,2,+74.1,+74.2,+73.5,+73.5,+72.5,+72.5,+16.6,+17.1,+17.5,+17.3,+17.0,+17.1,+17.2
2023-02-18 02:46,2,+74.1,+74.2,+73.5,+73.5,+72.5,+72.5,+16.5,+17.1,+17.5,+17.3,+17.0,+17.2,+17.2
2023-02-18 03:46,2,+74.1,+74.2,+73.5,+73.5,+72.5,+72.5,+16.5,+17.1,+17.5,+17.3,+17.1,+17.2,+17.2
2023-02-18 04:46,2,+74.1,+74.2,+73.5,+73.5,+72.5,+72.5,+16.2,+17.0,+17.5,+17.3,+17.0,+17.1,+17.2
2023-02-18 05:46,2,+74.1,+74.2,+73.5,+73.5,+72.5,+72.5,+16.1,+16.8,+17.5,+17.3,+17.0,+17.2,+17.2
2023-02-18 06:46,2,+74.1,+74.2,+73.5,+73.5,+72.5,+72.5,+16.1,+16.8,+17.3,+17.3,+17.0,+17.2,+17.2
2023-02-18 07:46,2,+74.1,+74.2,+73.5,+73.5,+72.5,+72.5,+16.1,+16.7,+17.3,+17.3,+17.1,+17.2,+17.2
2023-02-18 08:46,2,+74.1,+74.2,+73.5,+73.5,+72.5,+72.5,+16.1,+16.7,+17.3,+17.3,+17.0,+17.2,+17.2
2023-02-18 09:46,2,+74.2,+74.3,+73.5,+73.5,+72.5,+72.5,+16.1,+16.7,+17.3,+17.2,+17.1,+17.1,+17.2
2023-02-18 10:46,2,+74.2,+74.3,+73.5,+73.5,+72.5,+72.5,+16.1,+16.6,+17.3,+17.3,+17.1,+17.2,+17.2
2023-02-18 11:46,2,+74.2,+74.3,+73.5,+73.5,+72.5,+72.5,+16.1,+16.6,+17.3,+17.2,+17.0,+17.2,+17.2
2023-02-18 12:46,2,+74.2,+74.2,+73.5,+73.5,+72.5,+72.5,+16.1,+16.6,+17.2,+17.2,+17.1,+17.2,+17.2
2023-02-18 13:46,2,+74.2,+74.3,+73.5,+73.5,+72.5,+72.5,+16.3,+16.6,+17.1,+17.2,+17.0,+17.2,+17.2
2023-02-18 14:46,2,+74.2,+74.3,+73.5,+73.5,+72.5,+72.5,+16.5,+16.6,+17.2,+17.2,+17.1,+17.2,+17.2
2023-02-18 15:46,2,+74.1,+74.2,+73.5,+73.5,+72.5,+72.5,+16.5,+16.6,+17.2,+17.2,+17.0,+17.2,+17.2
2023-02-18 16:46,2,+74.2,+74.2,+73.5,+73.5,+72.5,+72.5,+16.6,+16.7,+17.1,+17.2,+17.1,+17.2,+17.2
2023-02-18 17:46,2,+74.1,+74.2,+73.5,+73.5,+72.5,+72.5,+16.7,+16.7,+17.1,+17.2,+17.1,+17.2,+17.2
2023-02-18 18:46,2,+74.1,+74.2,+73.5,+73.5,+72.5,+72.5,+16.5,+16.7,+17.1,+17.2,+17.0,+17.2,+17.2
2023-02-18 19:46,2,+74.1,+74.2,+73.5,+73.5,+72.5,+72.5,+16.3,+16.7,+17.1,+17.2,+17.0,+17.2,+17.2
2023-02-18 20:46,2,+74.1,+74.2,+73.5,+73.5,+72.5,+72.5,+16.2,+16.7,+17.2,+17.2,+17.0,+17.2,+17.2
2023-02-18 21:46,2,+74.1,+74.2,+73.5,+73.5,+72.5,+72.5,+16.1,+16.6,+17.1,+17.2,+17.0,+17.2,+17.2
2023-02-18 22:46,2,+74.1,+74.2,+73.5,+73.5,+72.5,+72.5,+16.1,+16.6,+17.1,+17.2,+17.0,+17.2,+17.2
2023-02-18 23:46,2,+74.1,+74.2,+73.5,+73.5,+72.5,+72.5,+16.0,+16.6,+17.1,+17.2,+17.0,+17.2,+17.2
2023-02-19 00:46,2,+74.1,+74.2,+73.5,+73.5,+72.5,+72.5,+16.0,+16.6,+17.1,+17.1,+17.0,+17.2,+17.2
2023-02-19 01:46,2,+74.1,+74.2,+73.5,+73.5,+72.5,+72.5,+15.8,+16.5,+17.1,+17.2,+17.0,+17.2,+17.2
2023-02-19 02:46,2,+74.1,+74.2,+73.5,+73.5,+72.5,+72.5,+15.7,+16.5,+17.0,+17.1,+16.7,+17.2,+17.2
2023-02-19 03:46,2,+74.1,+74.2,+73.5,+73.5,+72.5,+72.5,+15.7,+16.5,+17.1,+17.1,+17.0,+17.2,+17.2
2023-02-19 04:46,2,+74.1,+74.2,+73.5,+73.5,+72.5,+72.5,+15.5,+16.3,+17.0,+17.1,+17.0,+17.2,+17.2
2023-02-19 05:46,2,+74.1,+74.2,+73.5,+73.5,+72.5,+72.5,+15.5,+16.3,+17.0,+17.1,+17.0,+17.2,+17.2
2023-02-19 06:46,2,+74.1,+74.2,+73.5,+73.5,+72.5,+72.5,+15.5,+16.2,+17.0,+17.1,+17.0,+17.1,+17.2
2023-02-19 07:46,2,+74.1,+74.2,+73.5,+73.5,+72.5,+72.5,+15.3,+16.2,+17.0,+17.1,+17.0,+17.2,+17.2
2023-02-19 08:46,2,+74.1,+74.2,+73.5,+73.5,+72.5,+72.5,+15.5,+16.1,+16.8,+17.1,+17.0,+17.2,+17.2
2023-02-19 09:46,2,+74.2,+74.2,+73.5,+73.5,+72.5,+72.5,+15.5,+16.1,+16.8,+17.1,+17.0,+17.2,+17.2
2023-02-19 10:46,2,+74.2,+74.3,+73.5,+73.5,+72.5,+72.5,+15.5,+16.1,+16.8,+17.0,+17.0,+17.2,+17.2
2023-02-19 11:46,2,+74.2,+74.3,+73.5,+73.6,+72.5,+72.5,+15.6,+16.1,+16.8,+17.0,+17.0,+17.2,+17.2
2023-02-19 12:46,2,+74.2,+74.3,+73.5,+73.5,+72.5,+72.5,+15.7,+16.1,+16.7,+17.0,+17.0,+17.1,+17.2
2023-02-19 13:46,2,+74.2,+74.3,+73.5,+73.5,+72.5,+72.5,+16.0,+16.1,+16.7,+17.0,+17.0,+17.2,+17.2
2023-02-19 14:46,2,+74.2,+74.3,+73.5,+73.5,+72.5,+72.5,+16.1,+16.1,+16.7,+17.0,+17.0,+17.1,+17.2
2023-02-19 15:46,2,+74.2,+74.3,+73.5,+73.5,+72.5,+72.5,+16.2,+16.1,+16.7,+17.0,+16.7,+17.1,+17.2
2023-02-19 16:46,2,+74.2,+74.3,+73.5,+73.5,+72.5,+72.5,+16.2,+16.2,+16.7,+17.0,+17.0,+17.2,+17.2
2023-02-19 17:46,2,+74.2,+74.2,+73.5,+73.5,+72.5,+72.5,+16.2,+16.2,+16.7,+17.0,+16.7,+17.1,+17.2
2023-02-19 18:46,2,+74.2,+74.2,+73.5,+73.5,+72.5,+72.5,+16.2,+16.3,+16.7,+17.0,+17.0,+17.1,+17.2
2023-02-19 19:46,2,+74.1,+74.2,+73.5,+73.5,+72.5,+72.5,+16.1,+16.3,+16.7,+16.8,+16.7,+17.2,+17.2
2023-02-19 20:46,2,+74.1,+74.2,+73.5,+73.5,+72.5,+72.5,+16.1,+16.3,+16.7,+16.8,+16.7,+17.1,+17.2
2023-02-19 21:46,2,+74.1,+74.2,+73.5,+73.5,+72.5,+72.5,+16.1,+16.3,+16.7,+16.8,+16.7,+17.1,+17.2
2023-02-19 22:46,2,+74.1,+74.2,+73.5,+73.5,+72.5,+72.5,+16.1,+16.3,+16.7,+16.8,+16.7,+17.1,+17.2
2023-02-19 23:46,2,+74.1,+74.2,+73.5,+73.5,+72.5,+72.5,+16.1,+16.3,+16.7,+16.8,+16.7,+17.1,+17.2
2023-02-20 00:46,2,+74.1,+74.2,+73.5,+73.5,+72.5,+72.5,+16.1,+16.2,+16.7,+16.8,+16.7,+17.1,+17.2
2023-02-20 01:46,2,+74.1,+74.2,+73.5,+73.5,+72.5,+72.5,+16.0,+16.2,+16.7,+16.8,+16.7,+17.1,+17.2
2023-02-20 02:46,2,+74.1,+74.2,+73.5,+73.5,+72.5,+72.5,+16.0,+16.2,+16.7,+16.8,+16.7,+17.1,+17.2
2023-02-20 03:46,2,+74.1,+74.2,+73.5,+73.5,+72.5,+72.5,+16.0,+16.2,+16.7,+16.8,+16.7,+17.1,+17.2
2023-02-20 04:46,2,+74.1,+74.2,+73.5,+73.5,+72.5,+72.5,+15.8,+16.2,+16.6,+16.8,+16.7,+17.1,+17.2
2023-02-20 05:46,2,+74.1,+74.2,+73.5,+73.5,+72.5,+72.5,+15.8,+16.2,+16.7,+16.8,+16.7,+17.1,+17.2
2023-02-20 06:46,2,+74.1,+74.2,+73.5,+73.5,+72.5,+72.5,+15.8,+16.2,+16.7,+16.8,+16.7,+17.1,+17.2
2023-02-20 07:46,2,+74.1,+74.2,+73.5,+73.5,+72.5,+72.5,+15.8,+16.2,+16.7,+16.7,+16.7,+17.1,+17.2
2023-02-20 08:46,2,+74.2,+74.3,+73.5,+73.5,+72.5,+72.5,+15.8,+16.2,+16.6,+16.7,+16.7,+17.1,+17.2
2023-02-20 09:46,2,+74.2,+74.3,+73.5,+73.5,+72.5,+72.5,+16.0,+16.2,+16.6,+16.8,+16.7,+17.1,+17.2
2023-02-20 10:46,2,+74.2,+74.3,+73.5,+73.5,+72.5,+72.5,+16.1,+16.2,+16.6,+16.7,+16.7,+17.0,+17.2
2023-02-20 11:46,2,+74.3,+74.3,+73.5,+73.6,+72.5,+72.8,+16.1,+16.2,+16.6,+16.7,+16.7,+17.0,+17.2
2023-02-20 12:46,2,+74.3,+74.4,+73.6,+73.6,+72.5,+72.8,+16.3,+16.2,+16.6,+16.7,+16.7,+17.0,+17.2
2023-02-20 13:46,2,+74.3,+74.4,+73.6,+73.6,+72.5,+72.8,+16.6,+16.2,+16.6,+16.7,+16.7,+17.1,+17.2
2023-02-20 14:46,2,+74.3,+74.4,+73.6,+73.6,+72.8,+72.8,+17.0,+16.3,+16.6,+16.7,+16.7,+17.1,+17.1
2023-02-20 15:46,2,+74.3,+74.4,+73.6,+73.6,+72.5,+72.8,+17.2,+16.5,+16.7,+16.7,+16.7,+17.1,+17.2
2023-02-20 16:46,2,+74.3,+74.4,+73.5,+73.6,+72.5,+72.8,+17.3,+16.6,+16.7,+16.7,+16.7,+17.0,+17.2
2023-02-20 17:46,2,+74.2,+74.3,+73.5,+73.5,+72.5,+72.5,+17.3,+16.7,+16.7,+16.7,+16.7,+17.0,+17.2
2023-02-20 18:46,2,+74.2,+74.3,+73.5,+73.5,+72.5,+72.5,+17.3,+16.7,+16.7,+16.7,+16.7,+17.0,+17.1
2023-02-20 19:46,2,+74.2,+74.3,+73.5,+73.5,+72.5,+72.5,+17.1,+16.7,+16.8,+16.7,+16.7,+17.0,+17.2
2023-02-20 20:46,2,+74.2,+74.3,+73.5,+73.5,+72.5,+72.5,+17.1,+16.8,+16.8,+16.7,+16.7,+17.0,+17.1
2023-02-20 21:46,2,+74.2,+74.3,+73.5,+73.5,+72.5,+72.5,+17.0,+16.8,+16.8,+16.7,+16.7,+17.0,+17.1
2023-02-20 22:46,2,+74.2,+74.3,+73.5,+73.5,+72.5,+72.5,+16.8,+16.8,+16.8,+16.7,+16.7,+17.0,+17.1
2023-02-20 23:46,2,+74.2,+74.3,+73.5,+73.5,+72.5,+72.5,+16.8,+16.8,+17.0,+16.8,+16.7,+17.1,+17.2
2023-02-21 00:46,2,+74.2,+74.3,+73.5,+73.5,+72.5,+72.5,+16.7,+16.8,+17.0,+16.8,+16.7,+17.0,+17.1
2023-02-21 01:46,2,+74.2,+74.3,+73.5,+73.5,+72.5,+72.5,+16.7,+16.8,+16.8,+16.8,+16.7,+17.0,+17.1
2023-02-21 02:46,2,+74.2,+74.3,+73.5,+73.5,+72.5,+72.5,+16.6,+16.8,+17.0,+16.8,+16.7,+17.1,+17.1
2023-02-21 03:46,2,+74.2,+74.3,+73.5,+73.5,+72.5,+72.5,+16.5,+16.7,+17.0,+16.8,+16.7,+17.0,+17.1
2023-02-21 04:46,2,+74.2,+74.3,+73.5,+73.5,+72.5,+72.5,+16.5,+16.7,+17.0,+16.8,+16.7,+17.0,+17.1
2023-02-21 05:46,2,+74.2,+74.3,+73.5,+73.5,+72.5,+72.5,+16.3,+16.7,+17.0,+16.8,+16.7,+17.0,+17.1
2023-02-21 06:46,2,+74.2,+74.3,+73.5,+73.5,+72.5,+72.5,+16.3,+16.6,+17.0,+16.8,+16.7,+17.0,+17.1
2023-02-21 07:46,2,+74.2,+74.3,+73.5,+73.5,+72.5,+72.5,+16.2,+16.6,+17.0,+16.8,+16.7,+17.0,+17.1
2023-02-21 08:46,2,+74.2,+74.3,+73.5,+73.6,+72.5,+72.5,+16.2,+16.6,+17.0,+16.8,+16.7,+17.0,+17.1
2023-02-21 09:46,2,+74.3,+74.3,+73.5,+73.6,+72.5,+72.5,+16.2,+16.6,+17.0,+16.8,+16.7,+17.0,+17.2
2023-02-21 10:46,2,+74.3,+74.4,+73.5,+73.6,+72.5,+72.8,+16.3,+16.6,+17.0,+17.0,+16.7,+17.0,+17.1
2023-02-21 11:46,2,+74.3,+74.4,+73.6,+73.6,+72.5,+72.8,+16.5,+16.6,+17.0,+17.0,+16.7,+17.0,+17.1
2023-02-21 12:46,2,+74.3,+74.4,+73.6,+73.6,+72.5,+72.8,+16.6,+16.6,+17.0,+17.0,+16.7,+17.0,+17.1
2023-02-21 13:46,2,+74.3,+74.4,+73.6,+73.6,+72.8,+72.8,+16.8,+16.6,+17.0,+16.8,+16.7,+17.0,+17.1
2023-02-21 14:46,2,+74.3,+74.4,+73.6,+73.6,+72.5,+72.8,+17.3,+16.6,+17.0,+17.0,+16.7,+17.0,+17.1
2023-02-21 15:46,2,+74.3,+74.4,+73.5,+73.6,+72.5,+72.5,+17.5,+16.7,+17.0,+16.8,+16.7,+17.0,+17.1
2023-02-21 16:46,2,+74.3,+74.3,+73.5,+73.5,+72.5,+72.5,+17.5,+16.8,+17.0,+16.8,+16.7,+17.0,+17.1
2023-02-21 17:46,2,+74.2,+74.3,+73.5,+73.5,+72.5,+72.5,+17.5,+17.0,+17.0,+17.0,+16.7,+17.0,+17.1
2023-02-21 18:46,2,+74.2,+74.3,+73.5,+73.5,+72.5,+72.5,+17.3,+17.1,+17.0,+16.8,+16.7,+17.0,+17.1
2023-02-21 19:46,2,+74.2,+74.3,+73.5,+73.5,+72.5,+72.5,+17.2,+17.1,+17.0,+17.0,+16.7,+17.0,+17.1
2023-02-21 20:46,2,+74.2,+74.3,+73.5,+73.5,+72.5,+72.5,+17.1,+17.1,+17.1,+17.0,+16.7,+17.0,+17.1
2023-02-21 21:46,2,+74.2,+74.3,+73.5,+73.5,+72.5,+72.5,+17.0,+17.1,+17.1,+17.0,+16.7,+17.0,+17.1
2023-02-21 22:46,2,+74.2,+74.3,+73.5,+73.5,+72.5,+72.5,+16.8,+17.1,+17.1,+17.0,+16.7,+17.0,+17.1
2023-02-21 23:46,2,+74.2,+74.3,+73.5,+73.5,+72.5,+72.5,+16.7,+17.0,+17.1,+16.8,+16.7,+17.0,+17.1
2023-02-22 00:46,2,+74.2,+74.2,+73.5,+73.5,+72.5,+72.5,+16.7,+17.0,+17.1,+17.0,+16.7,+17.0,+17.1
2023-02-22 01:46,2,+74.2,+74.2,+73.5,+73.5,+72.5,+72.5,+16.6,+16.8,+17.1,+17.0,+16.7,+17.0,+17.1
2023-02-22 02:46,2,+74.2,+74.2,+73.5,+73.5,+72.5,+72.5,+16.6,+16.8,+17.1,+17.0,+16.7,+17.0,+17.1
2023-02-22 03:46,2,+74.2,+74.2,+73.5,+73.5,+72.5,+72.5,+16.5,+16.8,+17.1,+17.0,+16.7,+17.0,+17.1
2023-02-22 04:46,2,+74.2,+74.2,+73.5,+73.5,+72.5,+72.5,+16.3,+16.8,+17.1,+17.0,+16.7,+17.0,+17.1
2023-02-22 05:46,2,+74.1,+74.2,+73.5,+73.5,+72.5,+72.5,+16.2,+16.7,+17.1,+17.0,+16.7,+17.0,+17.1
2023-02-22 06:46,2,+74.1,+74.2,+73.5,+73.5,+72.5,+72.5,+16.2,+16.7,+17.1,+17.0,+16.7,+17.0,+17.1
2023-02-22 07:46,2,+74.2,+74.2,+73.5,+73.5,+72.5,+72.5,+16.1,+16.7,+17.1,+17.0,+16.7,+17.0,+17.1
2023-02-22 08:46,2,+74.2,+74.3,+73.5,+73.5,+72.5,+72.5,+16.1,+16.6,+17.1,+17.0,+16.7,+17.0,+17.1
2023-02-22 09:46,2,+74.2,+74.3,+73.5,+73.5,+72.5,+72.5,+16.1,+16.6,+17.0,+17.0,+16.7,+17.0,+17.1
2023-02-22 10:46,2,+74.2,+74.3,+73.5,+73.6,+72.5,+72.5,+16.2,+16.6,+17.1,+17.0,+16.7,+17.0,+17.1
2023-02-22 11:46,2,+74.2,+74.3,+73.5,+73.5,+72.5,+72.5,+16.5,+16.6,+17.0,+17.0,+16.7,+17.0,+17.1
2023-02-22 12:46,2,+74.3,+74.3,+73.5,+73.6,+72.5,+72.5,+16.5,+16.6,+17.0,+17.0,+16.7,+17.0,+17.1
2023-02-22 13:46,2,+74.2,+74.3,+73.5,+73.5,+72.5,+72.5,+16.7,+16.6,+17.0,+17.0,+16.7,+17.0,+17.1
2023-02-22 14:46,2,+74.2,+74.3,+73.5,+73.5,+72.5,+72.5,+16.8,+16.6,+17.0,+17.0,+16.7,+17.0,+17.1
2023-02-22 15:46,2,+74.2,+74.3,+73.5,+73.5,+72.5,+72.5,+17.0,+16.7,+17.0,+17.0,+16.7,+17.0,+17.1
2023-02-22 16:46,2,+74.2,+74.3,+73.5,+73.5,+72.5,+72.5,+16.8,+16.7,+17.0,+17.0,+16.7,+17.0,+17.1
2023-02-22 17:46,2,+74.2,+74.3,+73.5,+73.5,+72.5,+72.5,+16.8,+16.8,+17.0,+17.0,+16.7,+17.0,+17.1
2023-02-22 18:46,2,+74.2,+74.2,+73.5,+73.5,+72.5,+72.5,+16.7,+16.7,+17.0,+17.0,+16.7,+17.0,+17.1
2023-02-22 19:46,2,+74.2,+74.2,+73.5,+73.5,+72.5,+72.5,+16.6,+16.7,+17.1,+16.8,+16.7,+17.0,+17.1
2023-02-22 20:46,2,+74.2,+74.2,+73.5,+73.5,+72.5,+72.5,+16.6,+16.7,+17.0,+17.0,+16.7,+17.0,+17.1
2023-02-22 21:46,2,+74.1,+74.2,+73.5,+73.5,+72.5,+72.5,+16.5,+16.7,+17.1,+17.0,+16.7,+17.1,+17.1
2023-02-22 22:46,2,+74.1,+74.2,+73.5,+73.5,+72.5,+72.5,+16.3,+16.7,+17.1,+17.0,+16.7,+17.1,+17.1
2023-02-22 23:46,2,+74.1,+74.2,+73.5,+73.5,+72.5,+72.5,+16.3,+16.7,+17.0,+17.0,+16.7,+17.0,+17.1
2023-02-23 00:46,2,+74.1,+74.2,+73.5,+73.5,+72.5,+72.5,+16.2,+16.7,+17.0,+17.0,+16.7,+17.1,+17.1
2023-02-23 01:46,2,+74.1,+74.2,+73.5,+73.5,+72.5,+72.5,+16.1,+16.6,+17.0,+17.0,+16.7,+17.0,+17.1
2023-02-23 02:46,2,+74.1,+74.2,+73.5,+73.5,+72.5,+72.5,+16.0,+16.6,+17.0,+17.0,+16.7,+17.0,+17.1
2023-02-23 03:46,2,+74.1,+74.2,+73.5,+73.5,+72.5,+72.5,+15.8,+16.6,+17.0,+17.0,+16.7,+17.0,+17.1
2023-02-23 04:46,2,+74.1,+74.2,+73.5,+73.5,+72.5,+72.5,+15.8,+16.6,+17.0,+17.0,+16.7,+17.0,+17.1
2023-02-23 05:46,2,+74.1,+74.2,+73.5,+73.5,+72.5,+72.5,+15.8,+16.5,+17.0,+17.0,+16.7,+17.0,+17.2
2023-02-23 06:46,2,+74.1,+74.2,+73.5,+73.5,+72.5,+72.5,+15.7,+16.3,+17.0,+17.0,+16.7,+17.0,+17.1
2023-02-23 07:46,2,+74.2,+74.2,+73.5,+73.5,+72.5,+72.5,+15.7,+16.3,+16.8,+17.0,+16.7,+17.0,+17.1
2023-02-23 08:46,2,+74.2,+74.3,+73.5,+73.5,+72.5,+72.5,+15.8,+16.3,+17.0,+17.0,+16.7,+17.0,+17.1
2023-02-23 09:46,2,+74.2,+74.3,+73.5,+73.5,+72.5,+72.5,+15.8,+16.2,+16.8,+17.0,+16.7,+17.1,+17.1
2023-02-23 10:46,2,+74.2,+74.3,+73.5,+73.6,+72.5,+72.5,+16.0,+16.2,+16.8,+17.0,+16.7,+17.0,+17.1
2023-02-23 11:46,2,+74.2,+74.3,+73.5,+73.5,+72.5,+72.5,+16.2,+16.3,+16.8,+17.0,+16.7,+17.1,+17.1
2023-02-23 12:46,2,+74.3,+74.3,+73.5,+73.6,+72.5,+72.5,+16.3,+16.3,+16.8,+17.0,+16.7,+17.0,+17.1
2023-02-23 13:46,2,+74.3,+74.4,+73.6,+73.6,+72.5,+72.8,+16.6,+16.3,+16.8,+17.0,+16.7,+17.0,+17.1
2023-02-23 14:46,2,+74.3,+74.4,+73.6,+73.6,+72.5,+72.8,+16.8,+16.5,+16.8,+16.8,+16.7,+17.0,+17.1
2023-02-23 15:46,2,+74.2,+74.3,+73.5,+73.5,+72.5,+72.5,+17.1,+16.5,+16.8,+17.0,+16.7,+17.0,+17.1
2023-02-23 16:46,2,+74.2,+74.3,+73.5,+73.5,+72.5,+72.5,+17.1,+16.6,+16.8,+16.8,+16.7,+17.0,+17.1
2023-02-23 17:46,2,+74.2,+74.3,+73.5,+73.5,+72.5,+72.5,+17.1,+16.7,+16.8,+16.8,+16.7,+17.1,+17.1
2023-02-23 18:46,2,+74.2,+74.3,+73.5,+73.5,+72.5,+72.5,+17.0,+16.7,+16.8,+16.8,+16.7,+17.0,+17.1
2023-02-23 19:46,2,+74.2,+74.3,+73.5,+73.5,+72.5,+72.5,+16.8,+16.7,+16.8,+16.8,+16.7,+17.0,+17.1
2023-02-23 20:46,2,+74.2,+74.3,+73.5,+73.5,+72.5,+72.5,+16.7,+16.7,+17.0,+16.8,+16.7,+17.0,+17.1
2023-02-23 21:46,2,+74.2,+74.2,+73.5,+73.5,+72.5,+72.5,+16.6,+16.8,+16.8,+16.8,+16.7,+17.0,+17.1
2023-02-23 22:46,2,+74.2,+74.2,+73.5,+73.5,+72.5,+72.5,+16.6,+16.7,+17.0,+16.8,+16.7,+17.0,+17.1
2023-02-23 23:46,2,+74.2,+74.3,+73.5,+73.5,+72.5,+72.5,+16.5,+16.7,+17.0,+16.8,+16.7,+17.0,+17.1
2023-02-24 00:46,2,+74.2,+74.3,+73.5,+73.5,+72.5,+72.5,+16.5,+16.7,+17.0,+16.8,+16.7,+17.0,+17.1
2023-02-24 01:46,2,+74.2,+74.3,+73.5,+73.5,+72.5,+72.5,+16.3,+16.6,+17.0,+16.8,+16.7,+17.0,+17.1
2023-02-24 02:46,2,+74.2,+74.3,+73.5,+73.5,+72.5,+72.5,+16.5,+16.6,+17.0,+16.8,+16.7,+17.0,+17.1
2023-02-24 03:46,2,+74.2,+74.2,+73.5,+73.5,+72.5,+72.5,+16.3,+16.6,+17.0,+16.8,+16.7,+17.0,+17.1
2023-02-24 04:46,2,+74.2,+74.2,+73.5,+73.5,+72.5,+72.5,+16.3,+16.6,+17.0,+17.0,+16.7,+17.0,+17.1
2023-02-24 05:46,2,+74.2,+74.3,+73.5,+73.5,+72.5,+72.5,+16.3,+16.6,+17.0,+17.0,+16.7,+17.0,+17.1
2023-02-24 06:46,2,+74.2,+74.2,+73.5,+73.5,+72.5,+72.5,+16.3,+16.6,+17.0,+16.8,+16.7,+17.0,+17.1
2023-02-24 07:46,2,+74.2,+74.3,+73.5,+73.5,+72.5,+72.5,+16.2,+16.6,+17.0,+17.0,+16.7,+17.0,+17.1
2023-02-24 08:46,2,+74.2,+74.3,+73.5,+73.5,+72.5,+72.5,+16.2,+16.5,+17.0,+17.0,+16.7,+17.0,+17.1
2023-02-24 09:46,2,+74.1,+74.2,+73.5,+73.5,+72.5,+72.5,+16.2,+16.5,+17.0,+17.0,+16.7,+17.0,+17.1
2023-02-24 10:46,2,+74.2,+74.2,+73.5,+73.5,+72.5,+72.5,+16.2,+16.5,+17.0,+17.0,+16.7,+17.0,+17.1
2023-02-24 11:46,2,+74.2,+74.3,+73.5,+73.5,+72.5,+72.5,+16.2,+16.6,+17.0,+16.8,+16.7,+17.0,+17.1
2023-02-24 12:46,2,+74.2,+74.3,+73.5,+73.5,+72.5,+72.5,+16.5,+16.5,+17.0,+16.8,+16.7,+17.0,+17.1
2023-02-24 13:46,2,+74.2,+74.3,+73.5,+73.5,+72.5,+72.5,+16.5,+16.5,+16.8,+16.8,+16.7,+17.0,+17.1
2023-02-24 14:46,2,+74.2,+74.3,+73.5,+73.5,+72.5,+72.5,+16.6,+16.5,+16.8,+17.0,+16.7,+17.0,+17.1
2023-02-24 15:46,2,+74.2,+74.3,+73.5,+73.5,+72.5,+72.5,+16.6,+16.6,+16.8,+16.8,+16.7,+17.0,+17.1
2023-02-24 16:46,2,+74.2,+74.3,+73.5,+73.5,+72.5,+72.5,+16.6,+16.6,+16.8,+16.8,+16.7,+17.0,+17.1
2023-02-24 17:46,2,+74.2,+74.3,+73.5,+73.5,+72.5,+72.5,+16.6,+16.6,+17.0,+16.8,+16.7,+17.0,+17.1
2023-02-24 18:46,2,+74.2,+74.3,+73.5,+73.5,+72.5,+72.5,+16.6,+16.6,+17.0,+16.8,+16.7,+17.0,+17.1
2023-02-24 19:46,2,+74.2,+74.2,+73.5,+73.5,+72.5,+72.5,+16.5,+16.6,+16.8,+16.8,+16.7,+17.0,+17.2
2023-02-24 20:46,2,+74.2,+74.2,+73.5,+73.5,+72.5,+72.5,+16.3,+16.6,+17.0,+16.8,+16.7,+17.0,+17.1
2023-02-24 21:46,2,+74.2,+74.2,+73.5,+73.5,+72.5,+72.5,+16.3,+16.6,+17.0,+16.8,+16.7,+17.0,+17.1
2023-02-24 22:46,2,+74.2,+74.2,+73.5,+73.5,+72.5,+72.5,+16.3,+16.6,+16.8,+16.8,+16.7,+17.0,+17.1
2023-02-24 23:46,2,+74.1,+74.2,+73.5,+73.5,+72.5,+72.5,+16.2,+16.6,+16.8,+16.8,+16.7,+17.0,+17.1
2023-02-25 00:46,2,+74.2,+74.2,+73.5,+73.5,+72.5,+72.5,+16.2,+16.6,+17.0,+17.0,+16.7,+17.0,+17.1
2023-02-25 01:46,2,+74.2,+74.3,+73.5,+73.5,+72.5,+72.5,+16.1,+16.5,+16.8,+16.8,+16.7,+17.0,+17.1
2023-02-25 02:46,2,+74.1,+74.2,+73.5,+73.5,+72.5,+72.5,+16.1,+16.5,+17.0,+16.8,+16.7,+17.0,+17.1
2023-02-25 03:46,2,+74.2,+74.2,+73.5,+73.5,+72.5,+72.5,+16.1,+16.5,+16.8,+16.8,+16.7,+17.0,+17.1
2023-02-25 04:46,2,+74.1,+74.2,+73.5,+73.5,+72.5,+72.5,+16.1,+16.5,+16.8,+16.8,+16.7,+17.0,+17.1
2023-02-25 05:46,2,+74.1,+74.2,+73.5,+73.5,+72.5,+72.5,+16.0,+16.3,+16.8,+16.8,+16.7,+17.0,+17.1
2023-02-25 06:46,2,+74.1,+74.2,+73.5,+73.5,+72.5,+72.5,+15.8,+16.3,+16.8,+17.0,+16.7,+17.0,+17.1
2023-02-25 07:46,2,+74.1,+74.2,+73.5,+73.5,+72.5,+72.5,+15.8,+16.3,+16.8,+16.8,+16.7,+17.0,+17.1
2023-02-25 08:46,2,+74.1,+74.2,+73.5,+73.5,+72.5,+72.5,+15.8,+16.3,+16.8,+16.8,+16.7,+17.0,+17.1
2023-02-25 09:46,2,+74.1,+74.2,+73.5,+73.5,+72.5,+72.5,+15.8,+16.2,+16.7,+16.8,+16.7,+17.0,+17.1
2023-02-25 10:46,2,+74.2,+74.3,+73.5,+73.5,+72.5,+72.5,+15.8,+16.2,+16.8,+16.8,+16.7,+17.0,+17.1
2023-02-25 11:46,2,+74.2,+74.3,+73.5,+73.5,+72.5,+72.5,+16.0,+16.2,+16.7,+16.8,+16.7,+17.0,+17.1
2023-02-25 12:46,2,+74.2,+74.3,+73.5,+73.5,+72.5,+72.5,+16.1,+16.2,+16.7,+16.8,+16.7,+17.0,+17.1
2023-02-25 13:46,2,+74.2,+74.3,+73.5,+73.6,+72.5,+72.5,+16.2,+16.3,+16.7,+16.8,+16.7,+17.0,+17.1
2023-02-25 14:46,2,+74.3,+74.4,+73.6,+73.6,+72.5,+72.8,+16.5,+16.3,+16.7,+16.8,+16.7,+17.0,+17.1
2023-02-25 15:46,2,+74.2,+74.3,+73.5,+73.6,+72.5,+72.5,+16.7,+16.3,+16.7,+16.8,+16.7,+17.0,+17.0
2023-02-25 16:46,2,+74.2,+74.3,+73.5,+73.5,+72.5,+72.5,+16.7,+16.5,+16.7,+16.7,+16.7,+17.0,+17.1
2023-02-25 17:46,2,+74.2,+74.3,+73.5,+73.5,+72.5,+72.5,+16.7,+16.5,+16.7,+16.7,+16.7,+17.0,+17.1
2023-02-25 18:46,2,+74.2,+74.3,+73.5,+73.5,+72.5,+72.5,+16.6,+16.5,+16.7,+16.8,+16.7,+17.0,+17.1
2023-02-25 19:46,2,+74.2,+74.2,+73.5,+73.5,+72.5,+72.5,+16.5,+16.6,+16.8,+16.7,+16.7,+17.0,+17.1
2023-02-25 20:46,2,+74.2,+74.2,+73.5,+73.5,+72.5,+72.5,+16.2,+16.6,+16.8,+16.7,+16.7,+17.0,+17.1
2023-02-25 21:46,2,+74.1,+74.2,+73.5,+73.5,+72.5,+72.5,+16.2,+16.6,+16.8,+16.8,+16.7,+17.0,+17.1
2023-02-25 22:46,2,+74.1,+74.2,+73.5,+73.5,+72.5,+72.5,+16.1,+16.5,+16.8,+16.8,+16.7,+17.0,+17.1
2023-02-25 23:46,2,+74.1,+74.2,+73.5,+73.5,+72.5,+72.5,+16.1,+16.5,+16.8,+16.7,+16.7,+16.7,+17.1
2023-02-26 00:46,2,+74.1,+74.2,+73.5,+73.5,+72.5,+72.5,+16.0,+16.5,+16.8,+16.7,+16.7,+17.0,+17.1
2023-02-26 01:46,2,+74.1,+74.2,+73.5,+73.5,+72.5,+72.5,+15.8,+16.3,+16.8,+16.8,+16.7,+17.0,+17.1
2023-02-26 02:46,2,+74.1,+74.2,+73.5,+73.5,+72.5,+72.5,+15.8,+16.3,+16.8,+16.7,+16.7,+17.0,+17.1
2023-02-26 03:46,2,+74.1,+74.2,+73.5,+73.5,+72.5,+72.5,+15.8,+16.3,+16.8,+16.8,+16.6,+17.0,+17.1
2023-02-26 04:46,2,+74.1,+74.2,+73.5,+73.5,+72.5,+72.5,+15.7,+16.2,+16.7,+16.8,+16.6,+17.0,+17.1
2023-02-26 05:46,2,+74.1,+74.2,+73.5,+73.5,+72.5,+72.5,+15.7,+16.2,+16.8,+16.7,+16.6,+17.0,+17.1
2023-02-26 06:46,2,+74.1,+74.2,+73.5,+73.5,+72.5,+72.5,+15.6,+16.2,+16.7,+16.7,+16.7,+17.0,+17.1
2023-02-26 07:46,2,+74.1,+74.2,+73.5,+73.5,+72.5,+72.5,+15.6,+16.2,+16.7,+16.8,+16.7,+17.0,+17.1
2023-02-26 08:46,2,+74.1,+74.2,+73.5,+73.5,+72.5,+72.5,+15.6,+16.2,+16.7,+16.8,+16.7,+17.0,+17.1
2023-02-26 09:46,2,+74.1,+74.2,+73.5,+73.5,+72.5,+72.5,+15.6,+16.1,+16.7,+16.7,+16.7,+17.0,+17.1
2023-02-26 10:46,2,+74.2,+74.2,+73.5,+73.5,+72.5,+72.5,+15.7,+16.1,+16.7,+16.8,+16.6,+17.0,+17.0
2023-02-26 11:46,2,+74.2,+74.3,+73.5,+73.5,+72.5,+72.5,+15.8,+16.1,+16.6,+16.7,+16.7,+17.0,+17.1
2023-02-26 12:46,2,+74.2,+74.3,+73.5,+73.5,+72.5,+72.5,+16.0,+16.1,+16.6,+16.7,+16.6,+17.0,+17.1
2023-02-26 13:46,2,+74.2,+74.3,+73.5,+73.5,+72.5,+72.5,+16.1,+16.1,+16.6,+16.7,+16.6,+17.0,+17.1
2023-02-26 14:46,2,+74.2,+74.3,+73.5,+73.5,+72.5,+72.5,+16.3,+16.2,+16.6,+16.7,+16.6,+16.7,+17.1
2023-02-26 15:46,2,+74.2,+74.3,+73.5,+73.5,+72.5,+72.5,+16.5,+16.2,+16.6,+16.7,+16.7,+17.0,+17.1
2023-02-26 16:46,2,+74.2,+74.3,+73.5,+73.5,+72.5,+72.5,+16.6,+16.3,+16.6,+16.7,+16.7,+17.0,+17.1
2023-02-26 17:46,2,+74.2,+74.2,+73.5,+73.5,+72.5,+72.5,+16.6,+16.3,+16.6,+16.7,+16.7,+16.7,+17.0
2023-02-26 18:46,2,+74.2,+74.3,+73.5,+73.5,+72.5,+72.5,+16.5,+16.5,+16.6,+16.7,+16.6,+17.0,+17.1
2023-02-26 19:46,2,+74.2,+74.3,+73.5,+73.5,+72.5,+72.5,+16.5,+16.5,+16.7,+16.7,+16.7,+17.0,+17.0
2023-02-26 20:46,2,+74.2,+74.2,+73.5,+73.5,+72.5,+72.5,+16.5,+16.5,+16.7,+16.7,+16.6,+16.7,+17.1
2023-02-26 21:46,2,+74.1,+74.2,+73.5,+73.5,+72.5,+72.5,+16.3,+16.5,+16.7,+16.7,+16.6,+16.7,+17.0
2023-02-26 22:46,2,+74.1,+74.2,+73.5,+73.5,+72.5,+72.5,+16.2,+16.5,+16.7,+16.7,+16.6,+16.7,+17.0
2023-02-26 23:46,2,+74.1,+74.2,+73.5,+73.5,+72.5,+72.5,+16.1,+16.5,+16.7,+16.7,+16.7,+16.7,+17.1
2023-02-27 00:46,2,+74.1,+74.2,+73.5,+73.5,+72.5,+72.5,+16.1,+16.5,+16.7,+16.7,+16.6,+16.7,+17.1
2023-02-27 01:46,2,+74.1,+74.2,+73.5,+73.5,+72.5,+72.5,+16.0,+16.3,+16.7,+16.7,+16.6,+17.0,+17.0
2023-02-27 02:46,2,+74.1,+74.2,+73.5,+73.5,+72.5,+72.5,+15.8,+16.3,+16.7,+16.7,+16.6,+17.0,+17.0
2023-02-27 03:46,2,+74.1,+74.2,+73.5,+73.5,+72.5,+72.5,+15.8,+16.3,+16.7,+16.7,+16.6,+16.7,+17.1
2023-02-27 04:46,2,+74.1,+74.2,+73.5,+73.5,+72.5,+72.5,+15.8,+16.2,+16.7,+16.7,+16.6,+16.7,+17.0
2023-02-27 05:46,2,+74.1,+74.2,+73.5,+73.5,+72.5,+72.5,+15.8,+16.2,+16.7,+16.7,+16.6,+16.7,+17.0
2023-02-27 06:46,2,+74.1,+74.2,+73.5,+73.5,+72.5,+72.5,+15.7,+16.2,+16.7,+16.7,+16.6,+16.7,+17.0
2023-02-27 07:46,2,+74.1,+74.2,+73.5,+73.5,+72.5,+72.5,+15.7,+16.2,+16.7,+16.7,+16.6,+16.7,+17.1
2023-02-27 08:46,2,+74.2,+74.3,+73.5,+73.5,+72.5,+72.5,+15.6,+16.1,+16.7,+16.7,+16.6,+16.7,+17.1
2023-02-27 09:46,2,+74.2,+74.3,+73.5,+73.5,+72.5,+72.5,+15.7,+16.2,+16.7,+16.7,+16.6,+16.7,+17.0
2023-02-27 10:46,2,+74.2,+74.3,+73.5,+73.5,+72.5,+72.5,+15.8,+16.1,+16.6,+16.7,+16.6,+17.0,+17.1
2023-02-27 11:46,2,+74.3,+74.3,+73.6,+73.6,+72.5,+72.8,+16.0,+16.2,+16.6,+16.7,+16.6,+16.7,+17.0
2023-02-27 12:46,2,+74.3,+74.4,+73.6,+73.6,+72.5,+72.8,+16.1,+16.2,+16.6,+16.7,+16.6,+16.7,+17.0
2023-02-27 13:46,2,+74.2,+74.3,+73.5,+73.6,+72.5,+72.8,+16.3,+16.2,+16.6,+16.7,+16.6,+16.7,+17.0
2023-02-27 14:46,2,+74.3,+74.3,+73.5,+73.6,+72.5,+72.8,+16.6,+16.2,+16.6,+16.7,+16.6,+16.7,+17.1
2023-02-27 15:46,2,+74.2,+74.3,+73.5,+73.5,+72.5,+72.5,+16.7,+16.3,+16.6,+16.7,+16.6,+16.7,+17.1
2023-02-27 16:46,2,+74.2,+74.3,+73.5,+73.5,+72.5,+72.5,+16.7,+16.3,+16.6,+16.7,+16.6,+16.7,+17.0
2023-02-27 17:46,2,+74.2,+74.3,+73.5,+73.5,+72.5,+72.5,+16.7,+16.5,+16.6,+16.7,+16.6,+16.7,+17.0
2023-02-27 18:46,2,+74.2,+74.3,+73.5,+73.5,+72.5,+72.5,+16.6,+16.5,+16.7,+16.6,+16.6,+16.7,+17.0
2023-02-27 19:46,2,+74.2,+74.3,+73.5,+73.5,+72.5,+72.5,+16.6,+16.5,+16.7,+16.7,+16.6,+16.7,+17.0
2023-02-27 20:46,2,+74.2,+74.3,+73.5,+73.5,+72.5,+72.5,+16.5,+16.5,+16.7,+16.7,+16.6,+16.7,+17.0
2023-02-27 21:46,2,+74.2,+74.3,+73.5,+73.5,+72.5,+72.5,+16.6,+16.5,+16.7,+16.7,+16.6,+16.7,+17.0
2023-02-27 22:46,2,+74.2,+74.3,+73.5,+73.5,+72.5,+72.5,+16.5,+16.6,+16.7,+16.7,+16.6,+16.7,+17.0
2023-02-27 23:46,2,+74.2,+74.3,+73.5,+73.5,+72.5,+72.5,+16.5,+16.6,+16.7,+16.7,+16.6,+16.7,+17.0
2023-02-28 00:46,2,+74.2,+74.3,+73.5,+73.5,+72.5,+72.5,+16.5,+16.6,+16.7,+16.7,+16.6,+16.7,+17.0
2023-02-28 01:46,2,+74.2,+74.3,+73.5,+73.5,+72.5,+72.5,+16.5,+16.6,+16.7,+16.7,+16.6,+16.7,+17.0
2023-02-28 02:46,2,+74.2,+74.3,+73.5,+73.5,+72.5,+72.5,+16.5,+16.6,+16.7,+16.7,+16.6,+16.7,+17.0
2023-02-28 03:46,2,+74.2,+74.3,+73.5,+73.5,+72.5,+72.5,+16.5,+16.5,+16.8,+16.7,+16.6,+16.7,+17.0
2023-02-28 04:46,2,+74.2,+74.3,+73.5,+73.5,+72.5,+72.5,+16.5,+16.6,+16.7,+16.7,+16.6,+16.7,+17.0
2023-02-28 05:46,2,+74.2,+74.2,+73.5,+73.5,+72.5,+72.5,+16.5,+16.6,+16.8,+16.7,+16.6,+16.7,+17.0
2023-02-28 06:46,2,+74.2,+74.2,+73.5,+73.5,+72.5,+72.5,+16.5,+16.5,+16.7,+16.7,+16.6,+16.7,+17.0
2023-02-28 07:46,2,+74.2,+74.3,+73.5,+73.5,+72.5,+72.5,+16.3,+16.5,+16.7,+16.7,+16.6,+16.7,+17.0
2023-02-28 08:46,2,+74.2,+74.3,+73.5,+73.5,+72.5,+72.5,+16.5,+16.6,+16.8,+16.7,+16.6,+16.7,+17.0
2023-02-28 09:46,2,+74.2,+74.3,+73.5,+73.5,+72.5,+72.5,+16.5,+16.6,+16.8,+16.7,+16.6,+16.7,+17.0
2023-02-28 10:46,2,+74.3,+74.4,+73.5,+73.6,+72.5,+72.8,+16.7,+16.6,+16.8,+16.7,+16.6,+16.7,+17.0
2023-02-28 11:46,2,+74.2,+74.3,+73.5,+73.5,+72.5,+72.5,+17.0,+16.6,+16.7,+16.8,+16.6,+16.7,+17.0
2023-02-28 12:46,2,+74.3,+74.3,+73.5,+73.6,+72.5,+72.8,+17.0,+16.6,+16.8,+16.7,+16.6,+16.7,+17.1
2023-02-28 13:46,2,+74.3,+74.4,+73.5,+73.6,+72.5,+72.8,+17.2,+16.7,+16.8,+16.7,+16.6,+16.7,+17.0
2023-02-28 14:46,2,+74.3,+74.4,+73.6,+73.6,+72.5,+72.8,+17.5,+16.7,+16.8,+16.7,+16.6,+16.7,+17.0
2023-02-28 15:46,2,+74.3,+74.4,+73.5,+73.6,+72.5,+72.8,+17.6,+16.8,+16.8,+16.8,+16.6,+16.7,+17.0
2023-02-28 16:46,2,+74.2,+74.3,+73.5,+73.5,+72.5,+72.5,+17.7,+17.0,+16.8,+16.8,+16.6,+16.7,+17.1
2023-02-28 17:46,2,+74.2,+74.3,+73.5,+73.5,+72.5,+72.5,+17.6,+17.1,+16.8,+16.7,+16.6,+16.7,+17.0
2023-02-28 18:46,2,+74.2,+74.3,+73.5,+73.5,+72.5,+72.5,+17.5,+17.1,+17.0,+16.8,+16.6,+16.7,+17.0
2023-02-28 19:46,2,+74.2,+74.3,+73.5,+73.5,+72.5,+72.5,+17.3,+17.1,+17.0,+16.7,+16.6,+16.7,+17.0
2023-02-28 20:46,2,+74.2,+74.3,+73.5,+73.5,+72.5,+72.5,+17.2,+17.1,+17.1,+16.8,+16.6,+16.7,+17.1
2023-02-28 21:46,2,+74.2,+74.3,+73.5,+73.5,+72.5,+72.5,+17.2,+17.1,+17.1,+16.8,+16.6,+16.7,+17.0
2023-02-28 22:46,2,+74.2,+74.3,+73.5,+73.5,+72.5,+72.5,+17.1,+17.1,+17.1,+16.8,+16.6,+16.7,+17.0
2023-02-28 23:46,2,+74.2,+74.3,+73.5,+73.5,+72.5,+72.5,+17.0,+17.1,+17.1,+16.8,+16.6,+16.7,+17.0
2023-03-01 00:46,2,+74.2,+74.2,+73.5,+73.5,+72.5,+72.5,+16.8,+17.1,+17.1,+16.8,+16.6,+16.7,+17.0
2023-03-01 01:46,2,+74.2,+74.2,+73.5,+73.5,+72.5,+72.5,+16.8,+17.0,+17.1,+16.8,+16.7,+16.7,+17.1
2023-03-01 02:46,2,+74.2,+74.3,+73.5,+73.5,+72.5,+72.5,+16.6,+17.0,+17.1,+17.0,+16.6,+16.7,+17.0
2023-03-01 03:46,2,+74.2,+74.3,+73.5,+73.5,+72.5,+72.5,+16.6,+17.0,+17.1,+17.0,+16.6,+16.7,+17.1
2023-03-01 04:46,2,+74.2,+74.3,+73.5,+73.5,+72.5,+72.5,+16.6,+17.0,+17.1,+17.0,+16.6,+16.7,+17.0
2023-03-01 05:46,2,+74.2,+74.3,+73.5,+73.5,+72.5,+72.5,+16.5,+16.8,+17.1,+16.8,+16.7,+16.7,+17.0
2023-03-01 06:46,2,+74.2,+74.3,+73.5,+73.5,+72.5,+72.5,+16.6,+16.8,+17.1,+17.0,+16.7,+16.7,+17.0
2023-03-01 07:46,2,+74.2,+74.3,+73.5,+73.5,+72.5,+72.5,+16.6,+16.8,+17.1,+17.0,+16.7,+16.7,+17.0
2023-03-01 08:46,2,+74.3,+74.3,+73.5,+73.6,+72.5,+72.8,+16.6,+16.7,+17.1,+17.0,+16.7,+16.7,+17.0
2023-03-01 09:46,2,+74.3,+74.4,+73.5,+73.6,+72.5,+72.8,+16.8,+16.7,+17.1,+17.0,+16.7,+16.7,+17.0
2023-03-01 10:46,2,+74.3,+74.4,+73.5,+73.6,+72.5,+72.8,+17.0,+16.8,+17.1,+17.0,+16.7,+16.7,+17.0
2023-03-01 11:46,2,+74.3,+74.4,+73.5,+73.6,+72.5,+72.8,+17.1,+16.8,+17.1,+17.0,+16.7,+17.0,+17.0
2023-03-01 12:46,2,+74.3,+74.4,+73.5,+73.6,+72.5,+72.8,+17.2,+16.8,+17.1,+17.0,+16.7,+17.0,+17.0
2023-03-01 13:46,2,+74.3,+74.3,+73.5,+73.6,+72.5,+72.5,+17.3,+17.0,+17.1,+17.0,+16.7,+17.0,+17.1
2023-03-01 14:46,2,+74.2,+74.3,+73.5,+73.6,+72.5,+72.5,+17.5,+17.0,+17.1,+17.0,+16.7,+16.7,+17.1
2023-03-01 15:46,2,+74.2,+74.3,+73.5,+73.5,+72.5,+72.5,+17.5,+17.1,+17.1,+17.0,+16.7,+17.0,+17.1
2023-03-01 16:46,2,+74.2,+74.3,+73.5,+73.5,+72.5,+72.5,+17.5,+17.1,+17.1,+17.0,+16.7,+17.0,+17.0
2023-03-01 17:46,2,+74.2,+74.3,+73.5,+73.5,+72.5,+72.5,+17.3,+17.1,+17.1,+17.0,+16.7,+17.0,+17.0
2023-03-01 18:46,2,+74.2,+74.3,+73.5,+73.5,+72.5,+72.5,+17.3,+17.2,+17.1,+17.0,+16.7,+17.0,+17.0
2023-03-01 19:46,2,+74.2,+74.3,+73.5,+73.5,+72.5,+72.5,+17.2,+17.2,+17.2,+17.0,+16.7,+16.7,+17.1
2023-03-01 20:46,2,+74.2,+74.3,+73.5,+73.5,+72.5,+72.5,+17.1,+17.2,+17.2,+17.0,+16.7,+16.7,+17.0
2023-03-01 21:46,2,+74.2,+74.3,+73.5,+73.5,+72.5,+72.5,+17.1,+17.1,+17.2,+17.0,+16.7,+17.0,+17.0
2023-03-01 22:46,2,+74.2,+74.3,+73.5,+73.5,+72.5,+72.5,+17.0,+17.2,+17.2,+17.0,+16.7,+17.0,+17.1
2023-03-01 23:46,2,+74.2,+74.3,+73.5,+73.5,+72.5,+72.5,+16.8,+17.1,+17.2,+17.0,+16.7,+17.0,+17.0
2023-03-02 00:46,2,+74.2,+74.3,+73.5,+73.5,+72.5,+72.5,+16.8,+17.1,+17.2,+17.0,+16.7,+17.0,+17.0
2023-03-02 01:46,2,+74.2,+74.3,+73.5,+73.5,+72.5,+72.5,+16.7,+17.0,+17.2,+17.0,+16.7,+17.0,+17.0
2023-03-02 02:46,2,+74.2,+74.3,+73.5,+73.5,+72.5,+72.5,+16.7,+17.0,+17.2,+17.1,+16.7,+17.0,+17.1
2023-03-02 03:46,2,+74.2,+74.3,+73.5,+73.5,+72.5,+72.5,+16.6,+17.0,+17.2,+17.1,+16.7,+16.7,+17.0
2023-03-02 04:46,2,+74.2,+74.3,+73.5,+73.5,+72.5,+72.5,+16.6,+17.0,+17.2,+17.1,+16.7,+17.0,+17.1
2023-03-02 05:46,2,+74.2,+74.3,+73.5,+73.5,+72.5,+72.5,+16.5,+16.8,+17.2,+17.1,+16.7,+17.0,+17.1
2023-03-02 06:46,2,+74.2,+74.3,+73.5,+73.5,+72.5,+72.5,+16.5,+17.0,+17.2,+17.1,+16.7,+17.0,+17.1
2023-03-02 07:46,2,+74.2,+74.3,+73.5,+73.5,+72.5,+72.5,+16.5,+16.8,+17.2,+17.1,+16.7,+17.0,+17.0
2023-03-02 08:46,2,+74.2,+74.3,+73.5,+73.5,+72.5,+72.5,+16.5,+16.8,+17.2,+17.0,+16.7,+17.0,+17.1
2023-03-02 09:46,2,+74.2,+74.3,+73.5,+73.5,+72.5,+72.5,+16.5,+16.7,+17.2,+17.1,+16.7,+17.0,+17.1
2023-03-02 10:46,2,+74.3,+74.4,+73.6,+73.6,+72.5,+72.8,+16.6,+16.7,+17.2,+17.1,+16.7,+17.0,+17.0
2023-03-02 11:46,2,+74.3,+74.4,+73.6,+73.6,+72.5,+72.8,+16.7,+16.8,+17.1,+17.1,+16.7,+17.0,+17.1
2023-03-02 12:46,2,+74.3,+74.4,+73.6,+73.6,+72.5,+72.8,+17.0,+16.7,+17.1,+17.1,+16.7,+17.0,+17.0
2023-03-02 13:46,2,+74.4,+74.5,+73.6,+73.8,+72.8,+72.9,+17.2,+16.8,+17.1,+17.1,+16.7,+17.0,+17.1
2023-03-02 14:46,2,+74.3,+74.4,+73.6,+73.8,+72.8,+72.8,+18.0,+17.0,+17.1,+17.1,+16.7,+17.0,+17.1
2023-03-02 15:46,2,+74.3,+74.4,+73.5,+73.6,+72.5,+72.8,+18.2,+17.1,+17.1,+17.1,+16.7,+17.0,+17.0
2023-03-02 16:46,2,+74.3,+74.4,+73.5,+73.6,+72.5,+72.5,+18.2,+17.2,+17.2,+17.0,+16.7,+17.0,+17.1
2023-03-02 17:46,2,+74.3,+74.3,+73.5,+73.5,+72.5,+72.5,+18.1,+17.3,+17.2,+17.1,+16.7,+17.0,+17.1
2023-03-02 18:46,2,+74.3,+74.3,+73.5,+73.5,+72.5,+72.5,+18.0,+17.5,+17.2,+17.0,+16.7,+17.0,+17.1
2023-03-02 19:46,2,+74.2,+74.3,+73.5,+73.5,+72.5,+72.5,+17.8,+17.5,+17.3,+17.1,+16.7,+17.0,+17.1
2023-03-02 20:46,2,+74.2,+74.3,+73.5,+73.5,+72.5,+72.5,+17.8,+17.5,+17.2,+17.1,+16.7,+17.0,+17.1
2023-03-02 21:46,2,+74.2,+74.3,+73.5,+73.5,+72.5,+72.5,+17.7,+17.6,+17.3,+17.1,+16.7,+17.0,+17.1
2023-03-02 22:46,2,+74.2,+74.3,+73.5,+73.5,+72.5,+72.5,+17.6,+17.5,+17.3,+17.1,+16.7,+17.0,+17.1
2023-03-02 23:46,2,+74.2,+74.3,+73.5,+73.5,+72.5,+72.5,+17.5,+17.5,+17.3,+17.1,+16.7,+17.0,+17.0
2023-03-03 00:46,2,+74.2,+74.3,+73.5,+73.5,+72.5,+72.5,+17.5,+17.5,+17.5,+17.1,+16.7,+17.0,+17.1
2023-03-03 01:46,2,+74.2,+74.3,+73.5,+73.5,+72.5,+72.5,+17.3,+17.5,+17.5,+17.1,+16.7,+17.0,+17.1
2023-03-03 02:46,2,+74.2,+74.3,+73.5,+73.5,+72.5,+72.5,+17.2,+17.3,+17.3,+17.1,+16.7,+17.0,+17.0
2023-03-03 03:46,2,+74.2,+74.3,+73.5,+73.5,+72.5,+72.5,+17.1,+17.3,+17.5,+17.2,+16.7,+17.0,+17.1
2023-03-03 04:46,2,+74.2,+74.3,+73.5,+73.5,+72.5,+72.5,+17.0,+17.3,+17.5,+17.2,+16.7,+17.0,+17.1
2023-03-03 05:46,2,+74.2,+74.3,+73.5,+73.5,+72.5,+72.5,+17.0,+17.2,+17.5,+17.2,+16.7,+17.0,+17.1
2023-03-03 06:46,2,+74.2,+74.3,+73.5,+73.5,+72.5,+72.5,+16.8,+17.2,+17.5,+17.2,+16.7,+17.0,+17.1
2023-03-03 07:46,2,+74.2,+74.3,+73.5,+73.5,+72.5,+72.5,+16.8,+17.2,+17.5,+17.1,+16.7,+17.0,+17.1
2023-03-03 08:46,2,+74.3,+74.3,+73.5,+73.6,+72.5,+72.5,+17.0,+17.2,+17.3,+17.2,+16.7,+17.0,+17.1
2023-03-03 09:46,2,+74.3,+74.4,+73.5,+73.6,+72.5,+72.8,+17.0,+17.1,+17.5,+17.2,+16.7,+17.0,+17.1
2023-03-03 10:46,2,+74.3,+74.4,+73.6,+73.6,+72.5,+72.8,+17.1,+17.2,+17.5,+17.2,+16.7,+17.0,+17.1
2023-03-03 11:46,2,+74.3,+74.4,+73.6,+73.6,+72.5,+72.8,+17.3,+17.2,+17.3,+17.2,+16.7,+17.0,+17.1
2023-03-03 12:46,2,+74.4,+74.4,+73.6,+73.8,+72.8,+72.8,+17.5,+17.2,+17.5,+17.2,+16.7,+17.1,+17.1
2023-03-03 13:46,2,+74.4,+74.5,+73.6,+73.8,+72.8,+72.8,+17.8,+17.2,+17.3,+17.2,+16.7,+17.0,+17.1
2023-03-03 14:46,2,+74.3,+74.4,+73.6,+73.6,+72.5,+72.8,+18.1,+17.3,+17.5,+17.2,+16.7,+17.0,+17.1
2023-03-03 15:46,2,+74.3,+74.4,+73.6,+73.6,+72.5,+72.8,+18.1,+17.5,+17.3,+17.2,+16.7,+17.1,+17.1
2023-03-03 16:46,2,+74.3,+74.4,+73.5,+73.6,+72.5,+72.8,+18.1,+17.5,+17.5,+17.2,+16.7,+17.0,+17.1
2023-03-03 17:46,2,+74.3,+74.4,+73.5,+73.6,+72.5,+72.8,+18.1,+17.6,+17.5,+17.2,+16.7,+17.1,+17.1
2023-03-03 18:46,2,+74.3,+74.4,+73.5,+73.6,+72.5,+72.5,+18.1,+17.6,+17.5,+17.2,+16.7,+17.1,+17.1
2023-03-03 19:46,2,+74.3,+74.3,+73.5,+73.5,+72.5,+72.5,+18.0,+17.6,+17.6,+17.2,+16.7,+17.1,+17.1
2023-03-03 20:46,2,+74.2,+74.3,+73.5,+73.5,+72.5,+72.5,+18.0,+17.6,+17.5,+17.2,+16.7,+17.1,+17.2
2023-03-03 21:46,2,+74.2,+74.3,+73.5,+73.5,+72.5,+72.5,+17.7,+17.7,+17.6,+17.3,+17.0,+17.1,+17.1
2023-03-03 22:46,2,+74.2,+74.3,+73.5,+73.5,+72.5,+72.5,+17.6,+17.7,+17.6,+17.2,+17.0,+17.1,+17.1
2023-03-03 23:46,2,+74.2,+74.3,+73.5,+73.5,+72.5,+72.5,+17.6,+17.6,+17.6,+17.3,+16.7,+17.1,+17.1
2023-03-04 00:46,2,+74.2,+74.3,+73.5,+73.5,+72.5,+72.5,+17.5,+17.6,+17.6,+17.3,+16.7,+17.1,+17.1
2023-03-04 01:46,2,+74.2,+74.3,+73.5,+73.5,+72.5,+72.5,+17.3,+17.6,+17.6,+17.3,+17.0,+17.1,+17.1
2023-03-04 02:46,2,+74.2,+74.3,+73.5,+73.5,+72.5,+72.5,+17.2,+17.6,+17.6,+17.3,+16.7,+17.1,+17.1
2023-03-04 03:46,2,+74.2,+74.3,+73.5,+73.5,+72.5,+72.5,+17.2,+17.5,+17.6,+17.3,+17.0,+17.1,+17.1
2023-03-04 04:46,2,+74.2,+74.3,+73.5,+73.5,+72.5,+72.5,+17.1,+17.5,+17.6,+17.3,+17.0,+17.1,+17.1
2023-03-04 05:46,2,+74.2,+74.3,+73.5,+73.5,+72.5,+72.5,+17.1,+17.5,+17.6,+17.3,+17.0,+17.1,+17.1
2023-03-04 06:46,2,+74.2,+74.3,+73.5,+73.5,+72.5,+72.5,+17.1,+17.3,+17.6,+17.3,+17.0,+17.1,+17.2
2023-03-04 07:46,2,+74.2,+74.3,+73.5,+73.5,+72.5,+72.5,+17.1,+17.3,+17.6,+17.3,+17.0,+17.1,+17.1
2023-03-04 08:46,2,+74.3,+74.4,+73.6,+73.6,+72.5,+72.8,+17.1,+17.3,+17.6,+17.3,+17.0,+17.1,+17.1
2023-03-04 09:46,2,+74.3,+74.4,+73.6,+73.8,+72.8,+72.8,+17.2,+17.3,+17.6,+17.3,+17.0,+17.1,+17.1
2023-03-04 10:46,2,+74.4,+74.4,+73.6,+73.6,+72.8,+72.8,+17.3,+17.3,+17.6,+17.3,+17.0,+17.1,+17.1
2023-03-04 11:46,2,+74.4,+74.4,+73.6,+73.8,+72.8,+72.8,+17.6,+17.3,+17.6,+17.3,+17.0,+17.1,+17.1
2023-03-04 12:46,2,+74.4,+74.5,+73.6,+73.8,+72.8,+72.9,+17.8,+17.3,+17.6,+17.3,+17.0,+17.1,+17.1
2023-03-04 13:46,2,+74.4,+74.5,+73.8,+73.8,+72.8,+72.9,+18.1,+17.5,+17.6,+17.3,+17.0,+17.1,+17.1
2023-03-04 14:46,2,+74.4,+74.5,+73.8,+73.8,+72.8,+72.9,+18.7,+17.6,+17.5,+17.3,+17.0,+17.1,+17.1
2023-03-04 15:46,2,+74.4,+74.5,+73.6,+73.6,+72.8,+72.8,+19.0,+17.7,+17.6,+17.3,+17.0,+17.1,+17.1
2023-03-04 16:46,2,+74.3,+74.4,+73.5,+73.6,+72.5,+72.8,+19.0,+17.8,+17.6,+17.3,+17.0,+17.1,+17.1
2023-03-04 17:46,2,+74.3,+74.4,+73.5,+73.6,+72.5,+72.5,+18.8,+18.0,+17.6,+17.3,+17.0,+17.1,+17.2
2023-03-04 18:46,2,+74.3,+74.4,+73.5,+73.5,+72.5,+72.5,+18.7,+18.1,+17.7,+17.3,+17.0,+17.1,+17.2
2023-03-04 19:46,2,+74.3,+74.3,+73.5,+73.5,+72.5,+72.5,+18.5,+18.1,+17.7,+17.3,+17.0,+17.1,+17.2
2023-03-04 20:46,2,+74.2,+74.3,+73.5,+73.5,+72.5,+72.5,+18.3,+18.2,+17.8,+17.3,+17.0,+17.1,+17.2
2023-03-04 21:46,2,+74.2,+74.3,+73.5,+73.5,+72.5,+72.5,+18.2,+18.1,+17.8,+17.5,+17.0,+17.1,+17.2
2023-03-04 22:46,2,+74.2,+74.3,+73.5,+73.5,+72.5,+72.5,+18.1,+18.1,+17.8,+17.5,+17.1,+17.1,+17.2
2023-03-04 23:46,2,+74.2,+74.3,+73.5,+73.5,+72.5,+72.5,+18.0,+18.1,+18.0,+17.5,+17.0,+17.2,+17.2
2023-03-05 00:46,2,+74.2,+74.3,+73.5,+73.5,+72.5,+72.5,+17.8,+18.0,+18.0,+17.5,+17.0,+17.1,+17.2
2023-03-05 01:46,2,+74.2,+74.3,+73.5,+73.5,+72.5,+72.5,+17.8,+18.0,+18.0,+17.5,+17.0,+17.1,+17.2
2023-03-05 02:46,2,+74.2,+74.3,+73.5,+73.5,+72.5,+72.5,+17.7,+18.0,+18.0,+17.5,+17.1,+17.1,+17.2
2023-03-05 03:46,2,+74.2,+74.3,+73.5,+73.5,+72.5,+72.5,+17.7,+17.8,+17.8,+17.6,+17.0,+17.1,+17.2
2023-03-05 04:46,2,+74.2,+74.3,+73.5,+73.5,+72.5,+72.5,+17.6,+17.8,+17.8,+17.6,+17.1,+17.2,+17.1
2023-03-05 05:46,2,+74.2,+74.3,+73.5,+73.5,+72.5,+72.5,+17.6,+17.8,+18.0,+17.6,+17.1,+17.2,+17.2
2023-03-05 06:46,2,+74.2,+74.3,+73.5,+73.5,+72.5,+72.5,+17.5,+17.8,+17.8,+17.6,+17.1,+17.1,+17.2
2023-03-05 07:46,2,+74.2,+74.3,+73.5,+73.5,+72.5,+72.5,+17.5,+17.7,+17.8,+17.6,+17.1,+17.2,+17.2
2023-03-05 08:46,2,+74.2,+74.3,+73.5,+73.5,+72.5,+72.5,+17.5,+17.7,+17.8,+17.6,+17.1,+17.2,+17.2
2023-03-05 09:46,2,+74.2,+74.3,+73.5,+73.5,+72.5,+72.5,+17.5,+17.7,+17.8,+17.6,+17.1,+17.2,+17.2
2023-03-05 10:46,2,+74.2,+74.3,+73.5,+73.5,+72.5,+72.5,+17.5,+17.6,+17.8,+17.6,+17.1,+17.2,+17.2
2023-03-05 11:46,2,+74.2,+74.3,+73.5,+73.6,+72.5,+72.5,+17.6,+17.7,+17.8,+17.6,+17.1,+17.2,+17.2
2023-03-05 12:46,2,+74.2,+74.3,+73.5,+73.6,+72.5,+72.5,+17.6,+17.6,+17.8,+17.6,+17.1,+17.2,+17.2
2023-03-05 13:46,2,+74.3,+74.4,+73.6,+73.6,+72.5,+72.8,+17.7,+17.7,+17.8,+17.6,+17.1,+17.2,+17.2
2023-03-05 14:46,2,+74.3,+74.4,+73.5,+73.6,+72.5,+72.5,+18.0,+17.6,+17.8,+17.6,+17.1,+17.2,+17.2
2023-03-05 15:46,2,+74.2,+74.3,+73.5,+73.5,+72.5,+72.5,+18.0,+17.7,+17.8,+17.6,+17.2,+17.2,+17.2
2023-03-05 16:46,2,+74.2,+74.3,+73.5,+73.5,+72.5,+72.5,+18.0,+17.8,+17.8,+17.5,+17.1,+17.2,+17.2
2023-03-05 17:46,2,+74.2,+74.3,+73.5,+73.5,+72.5,+72.5,+17.8,+17.8,+17.8,+17.6,+17.1,+17.2,+17.2
2023-03-05 18:46,2,+74.2,+74.3,+73.5,+73.5,+72.5,+72.5,+17.8,+17.8,+17.8,+17.6,+17.1,+17.2,+17.2
2023-03-05 19:46,2,+74.2,+74.3,+73.5,+73.5,+72.5,+72.5,+17.7,+17.8,+17.8,+17.6,+17.2,+17.2,+17.2
2023-03-05 20:46,2,+74.2,+74.3,+73.5,+73.5,+72.5,+72.5,+17.7,+17.7,+17.8,+17.6,+17.2,+17.2,+17.2
2023-03-05 21:46,2,+74.2,+74.3,+73.5,+73.5,+72.5,+72.5,+17.6,+17.7,+17.8,+17.6,+17.1,+17.2,+17.2
2023-03-05 22:46,2,+74.2,+74.3,+73.5,+73.5,+72.5,+72.5,+17.5,+17.7,+17.8,+17.6,+17.2,+17.2,+17.2
2023-03-05 23:46,2,+74.2,+74.3,+73.5,+73.5,+72.5,+72.5,+17.5,+17.7,+17.8,+17.6,+17.2,+17.2,+17.2
2023-03-06 00:46,2,+74.2,+74.3,+73.5,+73.5,+72.5,+72.5,+17.3,+17.7,+17.8,+17.5,+17.2,+17.2,+17.2
2023-03-06 01:46,2,+74.2,+74.3,+73.5,+73.5,+72.5,+72.5,+17.3,+17.6,+17.8,+17.6,+17.2,+17.2,+17.2
2023-03-06 02:46,2,+74.2,+74.3,+73.5,+73.5,+72.5,+72.5,+17.3,+17.6,+17.8,+17.6,+17.2,+17.2,+17.2
2023-03-06 03:46,2,+74.2,+74.3,+73.5,+73.5,+72.5,+72.5,+17.2,+17.6,+17.8,+17.6,+17.2,+17.2,+17.2
2023-03-06 04:46,2,+74.2,+74.3,+73.5,+73.5,+72.5,+72.5,+17.2,+17.6,+17.8,+17.6,+17.2,+17.2,+17.2
2023-03-06 05:46,2,+74.2,+74.3,+73.5,+73.5,+72.5,+72.5,+17.2,+17.6,+17.8,+17.6,+17.2,+17.2,+17.2
2023-03-06 06:46,2,+74.2,+74.3,+73.5,+73.5,+72.5,+72.5,+17.1,+17.5,+17.7,+17.6,+17.2,+17.2,+17.2
2023-03-06 07:46,2,+74.2,+74.3,+73.5,+73.5,+72.5,+72.5,+17.1,+17.5,+17.7,+17.6,+17.2,+17.2,+17.2
2023-03-06 08:46,2,+74.2,+74.3,+73.5,+73.5,+72.5,+72.5,+17.1,+17.5,+17.7,+17.6,+17.2,+17.2,+17.2
2023-03-06 09:46,2,+74.2,+74.3,+73.5,+73.5,+72.5,+72.5,+17.1,+17.5,+17.7,+17.6,+17.2,+17.2,+17.2
2023-03-06 10:46,2,+74.2,+74.3,+73.5,+73.5,+72.5,+72.5,+17.2,+17.3,+17.7,+17.6,+17.2,+17.2,+17.2
2023-03-06 11:46,2,+74.2,+74.3,+73.5,+73.6,+72.5,+72.5,+17.3,+17.5,+17.7,+17.6,+17.2,+17.2,+17.2
2023-03-06 12:46,2,+74.2,+74.3,+73.5,+73.6,+72.5,+72.5,+17.3,+17.3,+17.7,+17.6,+17.2,+17.2,+17.2
2023-03-06 13:46,2,+74.2,+74.3,+73.5,+73.5,+72.5,+72.5,+17.5,+17.5,+17.7,+17.6,+17.2,+17.2,+17.2
2023-03-06 14:46,2,+74.2,+74.3,+73.5,+73.5,+72.5,+72.5,+17.6,+17.5,+17.7,+17.6,+17.2,+17.2,+17.2
2023-03-06 15:46,2,+74.2,+74.3,+73.5,+73.5,+72.5,+72.5,+17.6,+17.5,+17.7,+17.6,+17.2,+17.2,+17.2
2023-03-06 16:46,2,+74.2,+74.3,+73.5,+73.5,+72.5,+72.5,+17.5,+17.5,+17.6,+17.6,+17.2,+17.2,+17.2
2023-03-06 17:46,2,+74.2,+74.2,+73.5,+73.5,+72.5,+72.5,+17.3,+17.5,+17.7,+17.6,+17.2,+17.2,+17.2
2023-03-06 18:46,2,+74.1,+74.2,+73.5,+73.5,+72.5,+72.5,+17.3,+17.5,+17.6,+17.5,+17.2,+17.2,+17.2
2023-03-06 19:46,2,+74.1,+74.2,+73.5,+73.5,+72.5,+72.5,+17.1,+17.5,+17.7,+17.6,+17.2,+17.2,+17.2
2023-03-06 20:46,2,+74.1,+74.2,+73.5,+73.5,+72.5,+72.5,+17.0,+17.5,+17.7,+17.6,+17.2,+17.2,+17.2
2023-03-06 21:46,2,+74.1,+74.2,+73.5,+73.5,+72.5,+72.5,+16.8,+17.3,+17.7,+17.5,+17.2,+17.2,+17.2
2023-03-06 22:46,2,+74.1,+74.2,+73.5,+73.5,+72.5,+72.5,+16.8,+17.3,+17.7,+17.5,+17.2,+17.2,+17.2
2023-03-06 23:46,2,+74.1,+74.2,+73.5,+73.5,+72.5,+72.5,+16.7,+17.2,+17.7,+17.5,+17.2,+17.2,+17.2
2023-03-07 00:46,2,+74.1,+74.2,+73.5,+73.5,+72.5,+72.5,+16.6,+17.2,+17.7,+17.5,+17.2,+17.2,+17.2
2023-03-07 01:46,2,+74.1,+74.2,+73.5,+73.5,+72.5,+72.5,+16.5,+17.2,+17.6,+17.6,+17.2,+17.2,+17.2
2023-03-07 02:46,2,+74.1,+74.2,+73.5,+73.5,+72.5,+72.5,+16.5,+17.1,+17.6,+17.5,+17.2,+17.2,+17.2
2023-03-07 03:46,2,+74.1,+74.2,+73.5,+73.5,+72.5,+72.5,+16.5,+17.1,+17.6,+17.5,+17.2,+17.2,+17.2
2023-03-07 04:46,2,+74.1,+74.2,+73.5,+73.5,+72.5,+72.5,+16.3,+17.0,+17.6,+17.5,+17.2,+17.2,+17.2
2023-03-07 05:46,2,+74.1,+74.2,+73.5,+73.5,+72.5,+72.5,+16.2,+17.0,+17.5,+17.5,+17.2,+17.2,+17.2
2023-03-07 06:46,2,+74.1,+74.2,+73.5,+73.5,+72.5,+72.5,+16.2,+16.8,+17.5,+17.5,+17.2,+17.2,+17.2
2023-03-07 07:46,2,+74.2,+74.2,+73.5,+73.5,+72.5,+72.5,+16.2,+16.8,+17.5,+17.5,+17.2,+17.2,+17.2
2023-03-07 08:46,2,+74.2,+74.3,+73.5,+73.5,+72.5,+72.5,+16.2,+16.8,+17.3,+17.5,+17.2,+17.2,+17.2
2023-03-07 09:46,2,+74.2,+74.3,+73.5,+73.6,+72.5,+72.5,+16.3,+16.8,+17.5,+17.5,+17.2,+17.2,+17.2
2023-03-07 10:46,2,+74.3,+74.4,+73.6,+73.6,+72.5,+72.8,+16.6,+16.8,+17.3,+17.5,+17.2,+17.2,+17.2
2023-03-07 11:46,2,+74.2,+74.3,+73.5,+73.6,+72.5,+72.5,+16.8,+16.8,+17.3,+17.5,+17.2,+17.2,+17.2
2023-03-07 12:46,2,+74.3,+74.3,+73.6,+73.6,+72.5,+72.8,+17.1,+16.8,+17.3,+17.5,+17.2,+17.2,+17.2
2023-03-07 13:46,2,+74.2,+74.3,+73.5,+73.6,+72.5,+72.5,+17.2,+17.0,+17.3,+17.3,+17.2,+17.2,+17.2
2023-03-07 14:46,2,+74.2,+74.3,+73.5,+73.6,+72.5,+72.5,+17.3,+17.1,+17.3,+17.3,+17.2,+17.2,+17.2
2023-03-07 15:46,2,+74.2,+74.3,+73.5,+73.5,+72.5,+72.5,+17.3,+17.1,+17.3,+17.3,+17.2,+17.2,+17.2
2023-03-07 16:46,2,+74.2,+74.3,+73.5,+73.5,+72.5,+72.5,+17.5,+17.2,+17.3,+17.3,+17.2,+17.2,+17.2
2023-03-07 17:46,2,+74.2,+74.3,+73.5,+73.5,+72.5,+72.5,+17.3,+17.2,+17.3,+17.3,+17.2,+17.2,+17.2
2023-03-07 18:46,2,+74.1,+74.3,+73.5,+73.5,+72.5,+72.5,+17.2,+17.2,+17.3,+17.3,+17.1,+17.2,+17.2
2023-03-07 19:46,2,+74.1,+74.2,+73.5,+73.5,+72.5,+72.5,+17.1,+17.2,+17.5,+17.3,+17.1,+17.2,+17.2
2023-03-07 20:46,2,+74.1,+74.2,+73.5,+73.5,+72.5,+72.5,+17.0,+17.2,+17.5,+17.3,+17.2,+17.2,+17.2
2023-03-07 21:46,2,+74.1,+74.2,+73.5,+73.5,+72.5,+72.5,+16.8,+17.2,+17.5,+17.3,+17.2,+17.2,+17.2
2023-03-07 22:46,2,+74.1,+74.2,+73.5,+73.5,+72.5,+72.5,+16.8,+17.2,+17.5,+17.3,+17.2,+17.2,+17.2
2023-03-07 23:46,2,+74.1,+74.2,+73.5,+73.5,+72.5,+72.5,+16.6,+17.1,+17.5,+17.3,+17.1,+17.2,+17.2
2023-03-08 00:46,2,+74.1,+74.2,+73.5,+73.5,+72.5,+72.5,+16.6,+17.1,+17.5,+17.3,+17.1,+17.2,+17.2
2023-03-08 01:46,2,+74.1,+74.2,+73.5,+73.5,+72.5,+72.5,+16.5,+17.0,+17.3,+17.3,+17.2,+17.2,+17.2
2023-03-08 02:46,2,+74.1,+74.2,+73.5,+73.5,+72.5,+72.5,+16.5,+17.0,+17.5,+17.3,+17.1,+17.2,+17.2
2023-03-08 03:46,2,+74.1,+74.2,+73.5,+73.5,+72.5,+72.5,+16.3,+17.0,+17.3,+17.3,+17.1,+17.2,+17.2
2023-03-08 04:46,2,+74.1,+74.2,+73.5,+73.5,+72.5,+72.5,+16.3,+16.8,+17.3,+17.3,+17.1,+17.2,+17.2
2023-03-08 05:46,2,+74.1,+74.2,+73.5,+73.5,+72.5,+72.5,+16.3,+16.8,+17.3,+17.3,+17.1,+17.2,+17.2
2023-03-08 06:46,2,+74.1,+74.2,+73.5,+73.5,+72.5,+72.5,+16.2,+16.8,+17.3,+17.3,+17.1,+17.2,+17.2
2023-03-08 07:46,2,+74.1,+74.2,+73.5,+73.5,+72.5,+72.5,+16.1,+16.7,+17.2,+17.3,+17.1,+17.2,+17.2
2023-03-08 08:46,2,+74.2,+74.3,+73.5,+73.5,+72.5,+72.5,+16.1,+16.7,+17.3,+17.3,+17.1,+17.2,+17.2
2023-03-08 09:46,2,+74.2,+74.3,+73.5,+73.5,+72.5,+72.5,+16.2,+16.7,+17.3,+17.3,+17.2,+17.2,+17.2
2023-03-08 10:46,2,+74.2,+74.3,+73.5,+73.6,+72.5,+72.8,+16.3,+16.6,+17.2,+17.3,+17.2,+17.2,+17.2
2023-03-08 11:46,2,+74.2,+74.3,+73.5,+73.6,+72.5,+72.8,+16.5,+16.7,+17.2,+17.3,+17.1,+17.2,+17.2
2023-03-08 12:46,2,+74.3,+74.4,+73.6,+73.6,+72.5,+72.8,+16.7,+16.7,+17.2,+17.3,+17.1,+17.2,+17.2
2023-03-08 13:46,2,+74.2,+74.3,+73.5,+73.6,+72.5,+72.8,+17.0,+16.7,+17.2,+17.2,+17.1,+17.2,+17.2
2023-03-08 14:46,2,+74.2,+74.3,+73.5,+73.5,+72.5,+72.5,+17.1,+16.8,+17.2,+17.2,+17.1,+17.2,+17.2
2023-03-08 15:46,2,+74.2,+74.3,+73.5,+73.5,+72.5,+72.8,+17.2,+16.8,+17.2,+17.2,+17.1,+17.2,+17.2
2023-03-08 16:46,2,+74.2,+74.3,+73.5,+73.5,+72.5,+72.5,+17.2,+17.0,+17.2,+17.2,+17.1,+17.2,+17.2
2023-03-08 17:46,2,+74.2,+74.3,+73.5,+73.5,+72.5,+72.5,+17.2,+17.1,+17.2,+17.2,+17.1,+17.2,+17.2
2023-03-08 18:46,2,+74.2,+74.3,+73.5,+73.5,+72.5,+72.5,+17.2,+17.1,+17.2,+17.2,+17.1,+17.2,+17.2
2023-03-08 19:46,2,+74.2,+74.3,+73.5,+73.5,+72.5,+72.5,+17.2,+17.1,+17.2,+17.2,+17.1,+17.2,+17.2
2023-03-08 20:46,2,+74.2,+74.3,+73.5,+73.5,+72.5,+72.5,+17.2,+17.1,+17.2,+17.2,+17.1,+17.2,+17.2
2023-03-08 21:46,2,+74.2,+74.3,+73.5,+73.5,+72.5,+72.5,+17.1,+17.1,+17.2,+17.2,+17.1,+17.2,+17.2
2023-03-08 22:46,2,+74.2,+74.3,+73.5,+73.5,+72.5,+72.5,+17.1,+17.1,+17.3,+17.2,+17.1,+17.2,+17.2
2023-03-08 23:46,2,+74.2,+74.3,+73.5,+73.5,+72.5,+72.5,+17.1,+17.1,+17.2,+17.3,+17.1,+17.2,+17.2
2023-03-09 00:46,2,+74.1,+74.2,+73.5,+73.5,+72.5,+72.5,+17.0,+17.1,+17.3,+17.2,+17.1,+17.2,+17.2
2023-03-09 01:46,2,+74.1,+74.2,+73.5,+73.5,+72.5,+72.5,+17.0,+17.1,+17.3,+17.2,+17.1,+17.2,+17.2
2023-03-09 02:46,2,+74.1,+74.2,+73.5,+73.5,+72.5,+72.5,+17.0,+17.1,+17.3,+17.2,+17.1,+17.2,+17.2
2023-03-09 03:46,2,+74.1,+74.2,+73.5,+73.5,+72.5,+72.5,+16.8,+17.1,+17.3,+17.2,+17.1,+17.2,+17.2
2023-03-09 04:46,2,+74.1,+74.2,+73.5,+73.5,+72.5,+72.5,+16.7,+17.1,+17.3,+17.2,+17.1,+17.2,+17.2
2023-03-09 05:46,2,+74.1,+74.2,+73.5,+73.5,+72.5,+72.5,+16.6,+17.1,+17.3,+17.2,+17.0,+17.2,+17.2
2023-03-09 06:46,2,+74.1,+74.2,+73.5,+73.5,+72.5,+72.5,+16.6,+17.0,+17.3,+17.2,+17.1,+17.2,+17.2
2023-03-09 07:46,2,+74.2,+74.3,+73.5,+73.5,+72.5,+72.5,+16.6,+17.0,+17.3,+17.3,+17.1,+17.2,+17.2
2023-03-09 08:46,2,+74.2,+74.3,+73.5,+73.5,+72.5,+72.5,+16.6,+17.0,+17.3,+17.2,+17.1,+17.2,+17.2
2023-03-09 09:46,2,+74.2,+74.3,+73.5,+73.6,+72.5,+72.8,+16.7,+17.0,+17.3,+17.3,+17.0,+17.2,+17.2
2023-03-09 10:46,2,+74.2,+74.3,+73.5,+73.6,+72.5,+72.8,+16.8,+17.0,+17.3,+17.2,+17.1,+17.2,+17.2
2023-03-09 11:46,2,+74.2,+74.3,+73.5,+73.6,+72.5,+72.8,+17.0,+17.0,+17.3,+17.2,+17.1,+17.2,+17.2
2023-03-09 12:46,2,+74.3,+74.4,+73.6,+73.6,+72.5,+72.8,+17.2,+17.0,+17.2,+17.2,+17.1,+17.2,+17.2
2023-03-09 13:46,2,+74.3,+74.4,+73.5,+73.6,+72.5,+72.8,+17.3,+17.0,+17.3,+17.2,+17.1,+17.2,+17.2
2023-03-09 14:46,2,+74.2,+74.3,+73.5,+73.6,+72.5,+72.8,+17.6,+17.1,+17.3,+17.2,+17.1,+17.2,+17.2
2023-03-09 15:46,2,+74.2,+74.3,+73.5,+73.5,+72.5,+72.5,+17.6,+17.2,+17.3,+17.2,+17.1,+17.2,+17.2
2023-03-09 16:46,2,+74.2,+74.3,+73.5,+73.5,+72.5,+72.5,+17.7,+17.2,+17.3,+17.2,+17.0,+17.2,+17.2
2023-03-09 17:46,2,+74.2,+74.3,+73.5,+73.5,+72.5,+72.5,+17.7,+17.3,+17.3,+17.2,+17.0,+17.2,+17.2
2023-03-09 18:46,2,+74.2,+74.2,+73.5,+73.5,+72.5,+72.5,+17.6,+17.3,+17.3,+17.2,+17.1,+17.2,+17.2
2023-03-09 19:46,2,+74.1,+74.2,+73.5,+73.5,+72.5,+72.5,+17.3,+17.3,+17.3,+17.2,+17.1,+17.2,+17.2
2023-03-09 20:46,2,+74.2,+74.3,+73.5,+73.5,+72.5,+72.5,+17.2,+17.3,+17.3,+17.3,+17.1,+17.2,+17.2
2023-03-09 21:46,2,+74.1,+74.2,+73.5,+73.5,+72.5,+72.5,+17.0,+17.3,+17.5,+17.2,+17.0,+17.2,+17.2
2023-03-09 22:46,2,+74.1,+74.2,+73.5,+73.5,+72.5,+72.5,+16.8,+17.2,+17.5,+17.2,+17.0,+17.2,+17.2
2023-03-09 23:46,2,+74.1,+74.2,+73.5,+73.5,+72.5,+72.5,+16.8,+17.2,+17.5,+17.3,+17.0,+17.2,+17.2
2023-03-10 00:46,2,+74.1,+74.2,+73.5,+73.5,+72.5,+72.5,+16.7,+17.2,+17.3,+17.3,+17.1,+17.2,+17.2
2023-03-10 01:46,2,+74.2,+74.3,+73.5,+73.5,+72.5,+72.5,+16.7,+17.2,+17.3,+17.3,+17.1,+17.2,+17.2
2023-03-10 02:46,2,+74.2,+74.3,+73.5,+73.5,+72.5,+72.5,+16.6,+17.1,+17.5,+17.3,+17.0,+17.2,+17.2
2023-03-10 03:46,2,+74.1,+74.2,+73.5,+73.5,+72.5,+72.5,+16.6,+17.1,+17.3,+17.3,+17.1,+17.2,+17.2
2023-03-10 04:46,2,+74.2,+74.3,+73.5,+73.5,+72.5,+72.5,+16.5,+17.0,+17.3,+17.3,+17.1,+17.2,+17.2
2023-03-10 05:46,2,+74.1,+74.2,+73.5,+73.5,+72.5,+72.5,+16.5,+17.0,+17.3,+17.3,+17.1,+17.2,+17.2
2023-03-10 06:46,2,+74.1,+74.2,+73.5,+73.5,+72.5,+72.5,+16.5,+17.0,+17.3,+17.3,+17.1,+17.2,+17.2
2023-03-10 07:46,2,+74.2,+74.3,+73.5,+73.5,+72.5,+72.5,+16.5,+16.8,+17.3,+17.3,+17.1,+17.2,+17.2
2023-03-10 08:46,2,+74.2,+74.3,+73.5,+73.6,+72.5,+72.5,+16.5,+16.8,+17.3,+17.2,+17.1,+17.2,+17.2
2023-03-10 09:46,2,+74.2,+74.3,+73.6,+73.6,+72.5,+72.8,+16.6,+16.8,+17.3,+17.3,+17.1,+17.2,+17.2
2023-03-10 10:46,2,+74.3,+74.4,+73.6,+73.6,+72.5,+72.8,+16.7,+16.8,+17.3,+17.3,+17.1,+17.2,+17.2
2023-03-10 11:46,2,+74.3,+74.4,+73.6,+73.6,+72.5,+72.8,+17.0,+16.8,+17.3,+17.2,+17.1,+17.2,+17.2
2023-03-10 12:46,2,+74.3,+74.4,+73.6,+73.6,+72.5,+72.8,+17.2,+17.0,+17.3,+17.3,+17.1,+17.2,+17.2
2023-03-10 13:46,2,+74.3,+74.4,+73.6,+73.6,+72.5,+72.8,+17.5,+17.0,+17.3,+17.3,+17.1,+17.2,+17.2
2023-03-10 14:46,2,+74.3,+74.4,+73.6,+73.6,+72.5,+72.8,+17.7,+17.1,+17.2,+17.2,+17.1,+17.2,+17.2
2023-03-10 15:46,2,+74.2,+74.3,+73.5,+73.6,+72.5,+72.5,+17.7,+17.2,+17.3,+17.2,+17.0,+17.2,+17.2
2023-03-10 16:46,2,+74.2,+74.3,+73.5,+73.5,+72.5,+72.5,+17.7,+17.2,+17.3,+17.2,+17.1,+17.2,+17.2
2023-03-10 17:46,2,+74.2,+74.3,+73.5,+73.5,+72.5,+72.5,+17.7,+17.3,+17.3,+17.2,+17.1,+17.2,+17.2
2023-03-10 18:46,2,+74.2,+74.3,+73.5,+73.5,+72.5,+72.5,+17.6,+17.3,+17.3,+17.2,+17.0,+17.2,+17.2
2023-03-10 19:46,2,+74.2,+74.2,+73.5,+73.5,+72.5,+72.5,+17.5,+17.3,+17.3,+17.2,+17.1,+17.2,+17.2
2023-03-10 20:46,2,+74.1,+74.2,+73.5,+73.5,+72.5,+72.5,+17.3,+17.3,+17.3,+17.2,+17.1,+17.2,+17.2
2023-03-10 21:46,2,+74.1,+74.2,+73.5,+73.5,+72.5,+72.5,+17.2,+17.3,+17.5,+17.2,+17.1,+17.2,+17.2
2023-03-10 22:46,2,+74.2,+74.3,+73.5,+73.5,+72.5,+72.5,+17.2,+17.3,+17.5,+17.2,+17.1,+17.2,+17.2
2023-03-10 23:46,2,+74.2,+74.3,+73.5,+73.5,+72.5,+72.5,+17.0,+17.3,+17.5,+17.3,+17.1,+17.2,+17.2
2023-03-11 00:46,2,+74.2,+74.3,+73.5,+73.5,+72.5,+72.5,+17.0,+17.2,+17.5,+17.2,+17.1,+17.2,+17.2
2023-03-11 01:46,2,+74.2,+74.3,+73.5,+73.5,+72.5,+72.5,+17.0,+17.2,+17.5,+17.3,+17.1,+17.2,+17.2
2023-03-11 02:46,2,+74.2,+74.3,+73.5,+73.5,+72.5,+72.5,+16.8,+17.2,+17.5,+17.3,+17.1,+17.2,+17.2
2023-03-11 03:46,2,+74.2,+74.3,+73.5,+73.5,+72.5,+72.5,+16.8,+17.2,+17.5,+17.3,+17.0,+17.2,+17.2
2023-03-11 04:46,2,+74.2,+74.3,+73.5,+73.5,+72.5,+72.5,+16.8,+17.2,+17.5,+17.3,+17.0,+17.2,+17.2
2023-03-11 05:46,2,+74.2,+74.3,+73.5,+73.5,+72.5,+72.5,+16.8,+17.1,+17.5,+17.3,+17.1,+17.2,+17.2
2023-03-11 06:46,2,+74.2,+74.3,+73.5,+73.5,+72.5,+72.5,+16.7,+17.1,+17.5,+17.3,+17.1,+17.2,+17.2
2023-03-11 07:46,2,+74.2,+74.3,+73.5,+73.5,+72.5,+72.5,+16.7,+17.1,+17.5,+17.3,+17.1,+17.2,+17.2
2023-03-11 08:46,2,+74.3,+74.4,+73.6,+73.6,+72.5,+72.8,+16.8,+17.1,+17.5,+17.3,+17.1,+17.2,+17.2
2023-03-11 09:46,2,+74.3,+74.4,+73.6,+73.6,+72.5,+72.8,+17.1,+17.1,+17.3,+17.2,+17.1,+17.2,+17.2
2023-03-11 10:46,2,+74.3,+74.4,+73.6,+73.6,+72.5,+72.8,+17.2,+17.0,+17.3,+17.3,+17.1,+17.2,+17.2
2023-03-11 11:46,2,+74.3,+74.4,+73.6,+73.6,+72.5,+72.8,+17.3,+17.1,+17.5,+17.3,+17.1,+17.2,+17.2
2023-03-11 12:46,2,+74.3,+74.4,+73.6,+73.6,+72.5,+72.8,+17.6,+17.1,+17.3,+17.3,+17.1,+17.2,+17.2
2023-03-11 13:46,2,+74.2,+74.3,+73.5,+73.5,+72.5,+72.5,+17.7,+17.2,+17.3,+17.2,+17.1,+17.2,+17.2
2023-03-11 14:46,2,+74.2,+74.3,+73.5,+73.5,+72.5,+72.5,+17.7,+17.3,+17.5,+17.3,+17.1,+17.2,+17.2
2023-03-11 15:46,2,+74.2,+74.3,+73.5,+73.5,+72.5,+72.5,+17.6,+17.3,+17.5,+17.3,+17.0,+17.2,+17.2
2023-03-11 16:46,2,+74.2,+74.3,+73.5,+73.5,+72.5,+72.5,+17.6,+17.3,+17.3,+17.3,+17.1,+17.2,+17.2
2023-03-11 17:46,2,+74.2,+74.3,+73.5,+73.5,+72.5,+72.5,+17.6,+17.3,+17.5,+17.3,+17.1,+17.2,+17.2
2023-03-11 18:46,2,+74.2,+74.3,+73.5,+73.5,+72.5,+72.5,+17.6,+17.5,+17.5,+17.3,+17.1,+17.2,+17.2
2023-03-11 19:46,2,+74.2,+74.3,+73.5,+73.5,+72.5,+72.5,+17.5,+17.5,+17.5,+17.3,+17.1,+17.2,+17.2
2023-03-11 20:46,2,+74.2,+74.3,+73.5,+73.5,+72.5,+72.5,+17.5,+17.5,+17.6,+17.3,+17.1,+17.2,+17.2
2023-03-11 21:46,2,+74.2,+74.3,+73.5,+73.5,+72.5,+72.5,+17.5,+17.3,+17.5,+17.3,+17.0,+17.2,+17.2
2023-03-11 22:46,2,+74.2,+74.3,+73.5,+73.5,+72.5,+72.5,+17.3,+17.5,+17.6,+17.3,+17.1,+17.2,+17.2
2023-03-11 23:46,2,+74.2,+74.3,+73.5,+73.5,+72.5,+72.5,+17.3,+17.5,+17.5,+17.3,+17.1,+17.2,+17.2
2023-03-12 00:46,2,+74.2,+74.3,+73.5,+73.5,+72.5,+72.5,+17.2,+17.5,+17.5,+17.3,+17.1,+17.2,+17.2
2023-03-12 01:46,2,+74.2,+74.3,+73.5,+73.5,+72.5,+72.5,+17.2,+17.3,+17.6,+17.3,+17.1,+17.2,+17.2
2023-03-12 02:46,2,+74.2,+74.3,+73.5,+73.5,+72.5,+72.5,+17.0,+17.3,+17.6,+17.3,+17.1,+17.2,+17.2
2023-03-12 03:46,2,+74.2,+74.3,+73.5,+73.5,+72.5,+72.5,+16.8,+17.3,+17.5,+17.3,+17.1,+17.2,+17.2
2023-03-12 04:46,2,+74.2,+74.3,+73.5,+73.5,+72.5,+72.5,+16.8,+17.2,+17.6,+17.3,+17.1,+17.2,+17.2
2023-03-12 05:46,2,+74.2,+74.3,+73.5,+73.5,+72.5,+72.5,+16.7,+17.2,+17.6,+17.3,+17.1,+17.2,+17.2
2023-03-12 06:46,2,+74.2,+74.3,+73.5,+73.5,+72.5,+72.5,+16.7,+17.2,+17.5,+17.3,+17.1,+17.2,+17.2
2023-03-12 07:46,2,+74.2,+74.3,+73.5,+73.5,+72.5,+72.5,+16.6,+17.1,+17.5,+17.3,+17.1,+17.2,+17.2
2023-03-12 08:46,2,+74.3,+74.4,+73.5,+73.6,+72.5,+72.8,+16.7,+17.1,+17.5,+17.3,+17.1,+17.2,+17.2
2023-03-12 09:46,2,+74.3,+74.4,+73.6,+73.6,+72.5,+72.8,+16.8,+17.1,+17.5,+17.3,+17.1,+17.2,+17.2
2023-03-12 10:46,2,+74.3,+74.4,+73.6,+73.8,+72.8,+72.8,+17.1,+17.1,+17.5,+17.3,+17.1,+17.2,+17.2
2023-03-12 11:46,2,+74.3,+74.4,+73.6,+73.6,+72.5,+72.8,+17.3,+17.1,+17.5,+17.3,+17.1,+17.2,+17.2
2023-03-12 12:46,2,+74.3,+74.4,+73.5,+73.6,+72.5,+72.8,+17.3,+17.2,+17.5,+17.3,+17.2,+17.2,+17.2
2023-03-12 13:46,2,+74.2,+74.3,+73.5,+73.5,+72.5,+72.5,+17.5,+17.2,+17.5,+17.3,+17.1,+17.2,+17.2
2023-03-12 14:46,2,+74.2,+74.3,+73.5,+73.5,+72.5,+72.5,+17.5,+17.2,+17.3,+17.3,+17.1,+17.2,+17.2
2023-03-12 15:46,2,+74.2,+74.3,+73.5,+73.5,+72.5,+72.5,+17.5,+17.2,+17.3,+17.3,+17.1,+17.2,+17.2
2023-03-12 16:46,2,+74.2,+74.3,+73.5,+73.5,+72.5,+72.5,+17.5,+17.3,+17.5,+17.3,+17.1,+17.2,+17.2
2023-03-12 17:46,2,+74.2,+74.3,+73.5,+73.5,+72.5,+72.5,+17.5,+17.3,+17.5,+17.3,+17.1,+17.2,+17.2
2023-03-12 18:46,2,+74.2,+74.3,+73.5,+73.5,+72.5,+72.5,+17.5,+17.3,+17.5,+17.3,+17.1,+17.2,+17.2
2023-03-12 19:46,2,+74.2,+74.3,+73.5,+73.5,+72.5,+72.5,+17.3,+17.5,+17.5,+17.3,+17.1,+17.2,+17.2
2023-03-12 20:46,2,+74.2,+74.3,+73.5,+73.5,+72.5,+72.5,+17.3,+17.3,+17.5,+17.3,+17.1,+17.2,+17.2
2023-03-12 21:46,2,+74.2,+74.3,+73.5,+73.5,+72.5,+72.5,+17.3,+17.3,+17.5,+17.3,+17.1,+17.2,+17.2
2023-03-12 22:46,2,+74.2,+74.3,+73.5,+73.5,+72.5,+72.5,+17.2,+17.3,+17.5,+17.3,+17.1,+17.2,+17.2
2023-03-12 23:46,2,+74.2,+74.3,+73.5,+73.5,+72.5,+72.5,+17.2,+17.3,+17.5,+17.5,+17.1,+17.2,+17.2
2023-03-13 00:46,2,+74.2,+74.3,+73.5,+73.5,+72.5,+72.5,+17.2,+17.3,+17.6,+17.3,+17.1,+17.2,+17.2
2023-03-13 01:46,2,+74.2,+74.3,+73.5,+73.5,+72.5,+72.5,+17.2,+17.3,+17.6,+17.3,+17.1,+17.2,+17.2
2023-03-13 02:46,2,+74.2,+74.3,+73.5,+73.5,+72.5,+72.5,+17.1,+17.3,+17.5,+17.3,+17.1,+17.2,+17.2
2023-03-13 03:46,2,+74.2,+74.3,+73.5,+73.5,+72.5,+72.5,+17.1,+17.3,+17.5,+17.3,+17.1,+17.2,+17.2
2023-03-13 04:46,2,+74.2,+74.3,+73.5,+73.5,+72.5,+72.5,+17.1,+17.3,+17.5,+17.5,+17.1,+17.2,+17.2
2023-03-13 05:46,2,+74.2,+74.3,+73.5,+73.5,+72.5,+72.5,+17.1,+17.3,+17.5,+17.3,+17.1,+17.2,+17.2
2023-03-13 06:46,2,+74.2,+74.3,+73.5,+73.5,+72.5,+72.5,+17.1,+17.2,+17.5,+17.3,+17.1,+17.2,+17.2
2023-03-13 07:46,2,+74.2,+74.3,+73.5,+73.6,+72.5,+72.5,+17.1,+17.2,+17.5,+17.3,+17.1,+17.2,+17.2
2023-03-13 08:46,2,+74.3,+74.4,+73.5,+73.6,+72.5,+72.8,+17.3,+17.2,+17.5,+17.3,+17.1,+17.2,+17.2
2023-03-13 09:46,2,+74.3,+74.4,+73.6,+73.6,+72.5,+72.8,+17.3,+17.2,+17.5,+17.3,+17.1,+17.2,+17.2
2023-03-13 10:46,2,+74.3,+74.4,+73.5,+73.6,+72.5,+72.8,+17.6,+17.3,+17.5,+17.3,+17.1,+17.2,+17.2
2023-03-13 11:46,2,+74.3,+74.4,+73.5,+73.6,+72.5,+72.8,+17.7,+17.3,+17.6,+17.3,+17.1,+17.2,+17.2
2023-03-13 12:46,2,+74.3,+74.4,+73.6,+73.6,+72.5,+72.8,+17.8,+17.3,+17.5,+17.3,+17.1,+17.2,+17.2
2023-03-13 13:46,2,+74.3,+74.4,+73.5,+73.6,+72.5,+72.8,+17.8,+17.5,+17.5,+17.3,+17.1,+17.2,+17.2
2023-03-13 14:46,2,+74.2,+74.4,+73.5,+73.6,+72.5,+72.5,+18.0,+17.5,+17.6,+17.3,+17.1,+17.2,+17.2
2023-03-13 15:46,2,+74.3,+74.4,+73.5,+73.6,+72.5,+72.5,+18.0,+17.6,+17.6,+17.3,+17.1,+17.2,+17.2
2023-03-13 16:46,2,+74.3,+74.4,+73.5,+73.6,+72.5,+72.5,+18.0,+17.6,+17.6,+17.3,+17.1,+17.2,+17.2
2023-03-13 17:46,2,+74.2,+74.3,+73.5,+73.5,+72.5,+72.5,+18.0,+17.7,+17.6,+17.5,+17.1,+17.2,+17.2
2023-03-13 18:46,2,+74.2,+74.3,+73.5,+73.5,+72.5,+72.5,+18.0,+17.7,+17.6,+17.5,+17.2,+17.2,+17.2
2023-03-13 19:46,2,+74.2,+74.3,+73.5,+73.5,+72.5,+72.5,+18.0,+17.7,+17.6,+17.5,+17.1,+17.2,+17.2
2023-03-13 20:46,2,+74.2,+74.3,+73.5,+73.5,+72.5,+72.5,+17.8,+17.7,+17.7,+17.5,+17.1,+17.2,+17.2
2023-03-13 21:46,2,+74.2,+74.3,+73.5,+73.5,+72.5,+72.5,+17.8,+17.7,+17.7,+17.5,+17.1,+17.2,+17.2
2023-03-13 22:46,2,+74.2,+74.3,+73.5,+73.5,+72.5,+72.5,+17.7,+17.7,+17.7,+17.5,+17.1,+17.2,+17.2
2023-03-13 23:46,2,+74.2,+74.3,+73.5,+73.5,+72.5,+72.5,+17.7,+17.7,+17.7,+17.5,+17.1,+17.2,+17.2
2023-03-14 00:46,2,+74.2,+74.3,+73.5,+73.5,+72.5,+72.5,+17.6,+17.7,+17.7,+17.5,+17.1,+17.2,+17.2
2023-03-14 01:46,2,+74.2,+74.3,+73.5,+73.5,+72.5,+72.5,+17.6,+17.7,+17.7,+17.5,+17.2,+17.2,+17.2
2023-03-14 02:46,2,+74.2,+74.3,+73.5,+73.5,+72.5,+72.5,+17.5,+17.7,+17.7,+17.5,+17.2,+17.2,+17.2
2023-03-14 03:46,2,+74.2,+74.3,+73.5,+73.5,+72.5,+72.5,+17.5,+17.6,+17.7,+17.5,+17.1,+17.2,+17.2
2023-03-14 04:46,2,+74.2,+74.3,+73.5,+73.5,+72.5,+72.5,+17.5,+17.6,+17.7,+17.5,+17.2,+17.2,+17.2
2023-03-14 05:46,2,+74.2,+74.3,+73.5,+73.5,+72.5,+72.5,+17.3,+17.6,+17.7,+17.5,+17.2,+17.2,+17.2
2023-03-14 06:46,2,+74.2,+74.3,+73.5,+73.5,+72.5,+72.5,+17.3,+17.6,+17.7,+17.6,+17.2,+17.2,+17.2
2023-03-14 07:46,2,+74.3,+74.4,+73.5,+73.6,+72.5,+72.8,+17.3,+17.6,+17.7,+17.5,+17.2,+17.2,+17.2
2023-03-14 08:46,2,+74.3,+74.4,+73.6,+73.6,+72.5,+72.8,+17.5,+17.5,+17.7,+17.5,+17.2,+17.2,+17.2
2023-03-14 09:46,2,+74.3,+74.4,+73.6,+73.8,+72.8,+72.8,+17.7,+17.5,+17.7,+17.6,+17.2,+17.2,+17.2
2023-03-14 10:46,2,+74.4,+74.5,+73.8,+73.8,+72.8,+72.9,+17.8,+17.6,+17.7,+17.6,+17.2,+17.2,+17.2
2023-03-14 11:46,2,+74.4,+74.5,+73.6,+73.8,+72.8,+72.8,+18.2,+17.6,+17.7,+17.6,+17.2,+17.2,+17.2
2023-03-14 12:46,2,+74.3,+74.4,+73.6,+73.6,+72.5,+72.8,+18.3,+17.7,+17.7,+17.5,+17.2,+17.2,+17.2
2023-03-14 13:46,2,+74.3,+74.4,+73.5,+73.6,+72.5,+72.8,+18.5,+17.8,+17.7,+17.6,+17.2,+17.2,+17.2
2023-03-14 14:46,2,+74.3,+74.4,+73.6,+73.6,+72.5,+72.8,+18.3,+17.8,+17.7,+17.5,+17.2,+17.2,+17.2
2023-03-14 15:46,2,+74.3,+74.4,+73.6,+73.6,+72.5,+72.8,+18.5,+18.0,+17.7,+17.5,+17.2,+17.2,+17.2
2023-03-14 16:46,2,+74.3,+74.4,+73.5,+73.6,+72.5,+72.8,+18.5,+18.0,+17.8,+17.5,+17.2,+17.2,+17.2
2023-03-14 17:46,2,+74.2,+74.3,+73.5,+73.5,+72.5,+72.5,+18.5,+18.0,+17.8,+17.6,+17.2,+17.2,+17.2
2023-03-14 18:46,2,+74.2,+74.3,+73.5,+73.5,+72.5,+72.5,+18.3,+18.1,+17.8,+17.6,+17.2,+17.2,+17.2
2023-03-14 19:46,2,+74.2,+74.3,+73.5,+73.5,+72.5,+72.5,+18.3,+18.1,+17.8,+17.6,+17.2,+17.2,+17.2
2023-03-14 20:46,2,+74.2,+74.3,+73.5,+73.5,+72.5,+72.5,+18.2,+18.1,+18.0,+17.6,+17.2,+17.2,+17.2
2023-03-14 21:46,2,+74.2,+74.3,+73.5,+73.5,+72.5,+72.5,+18.0,+18.1,+18.0,+17.6,+17.2,+17.2,+17.2
2023-03-14 22:46,2,+74.2,+74.3,+73.5,+73.5,+72.5,+72.5,+18.0,+18.0,+18.0,+17.6,+17.2,+17.2,+17.2
2023-03-14 23:46,2,+74.2,+74.3,+73.5,+73.5,+72.5,+72.5,+18.0,+18.0,+18.0,+17.6,+17.2,+17.2,+17.5
2023-03-15 00:46,2,+74.2,+74.3,+73.5,+73.5,+72.5,+72.5,+17.8,+18.0,+18.0,+17.6,+17.2,+17.2,+17.2
2023-03-15 01:46,2,+74.2,+74.3,+73.5,+73.5,+72.5,+72.5,+17.7,+18.0,+18.0,+17.6,+17.2,+17.2,+17.2
2023-03-15 02:46,2,+74.2,+74.3,+73.5,+73.5,+72.5,+72.5,+17.8,+17.8,+18.0,+17.7,+17.2,+17.2,+17.2
2023-03-15 03:46,2,+74.2,+74.3,+73.5,+73.5,+72.5,+72.5,+17.7,+17.8,+18.0,+17.7,+17.2,+17.2,+17.2
2023-03-15 04:46,2,+74.2,+74.3,+73.5,+73.5,+72.5,+72.5,+17.7,+17.8,+18.0,+17.7,+17.2,+17.2,+17.2
2023-03-15 05:46,2,+74.2,+74.3,+73.5,+73.5,+72.5,+72.5,+17.7,+17.8,+18.0,+17.7,+17.2,+17.2,+17.2
2023-03-15 06:46,2,+74.2,+74.3,+73.5,+73.5,+72.5,+72.5,+17.6,+17.8,+18.0,+17.7,+17.2,+17.2,+17.2
2023-03-15 07:46,2,+74.3,+74.4,+73.5,+73.6,+72.5,+72.5,+17.6,+17.8,+18.1,+17.7,+17.2,+17.5,+17.2
2023-03-15 08:46,2,+74.3,+74.4,+73.6,+73.6,+72.5,+72.8,+17.6,+17.7,+18.0,+17.7,+17.2,+17.2,+17.2
2023-03-15 09:46,2,+74.3,+74.4,+73.6,+73.6,+72.5,+72.8,+17.7,+17.7,+18.0,+17.7,+17.2,+17.2,+17.2
2023-03-15 10:46,2,+74.4,+74.5,+73.8,+73.8,+72.8,+72.9,+18.0,+17.7,+18.0,+17.7,+17.2,+17.2,+17.2
2023-03-15 11:46,2,+74.3,+74.4,+73.6,+73.6,+72.5,+72.8,+18.2,+17.8,+18.0,+17.7,+17.2,+17.2,+17.5
2023-03-15 12:46,2,+74.3,+74.4,+73.6,+73.6,+72.5,+72.8,+18.3,+17.8,+18.0,+17.7,+17.2,+17.2,+17.2
2023-03-15 13:46,2,+74.3,+74.4,+73.6,+73.6,+72.5,+72.8,+18.3,+18.0,+18.0,+17.7,+17.2,+17.2,+17.2
2023-03-15 14:46,2,+74.3,+74.4,+73.6,+73.6,+72.5,+72.8,+18.6,+18.0,+18.0,+17.7,+17.2,+17.5,+17.5
2023-03-15 15:46,2,+74.4,+74.5,+73.6,+73.8,+72.8,+72.8,+18.6,+18.1,+18.0,+17.7,+17.2,+17.5,+17.5
2023-03-15 16:46,2,+74.3,+74.4,+73.6,+73.6,+72.5,+72.8,+18.7,+18.1,+18.0,+17.7,+17.2,+17.2,+17.5
2023-03-15 17:46,2,+74.2,+74.3,+73.5,+73.5,+72.5,+72.5,+18.6,+18.2,+18.0,+17.7,+17.2,+17.2,+17.5
2023-03-15 18:46,2,+74.2,+74.3,+73.5,+73.5,+72.5,+72.5,+18.5,+18.2,+18.1,+17.7,+17.2,+17.2,+17.5
2023-03-15 19:46,2,+74.2,+74.3,+73.5,+73.5,+72.5,+72.5,+18.3,+18.2,+18.0,+17.7,+17.2,+17.5,+17.2
2023-03-15 20:46,2,+74.2,+74.3,+73.5,+73.5,+72.5,+72.5,+18.2,+18.2,+18.1,+17.7,+17.2,+17.2,+17.5
2023-03-15 21:46,2,+74.2,+74.3,+73.5,+73.5,+72.5,+72.5,+18.1,+18.2,+18.1,+17.7,+17.2,+17.2,+17.5
2023-03-15 22:46,2,+74.2,+74.3,+73.5,+73.5,+72.5,+72.5,+18.0,+18.1,+18.1,+17.7,+17.2,+17.5,+17.5
2023-03-15 23:46,2,+74.2,+74.3,+73.5,+73.5,+72.5,+72.5,+18.0,+18.1,+18.1,+17.7,+17.2,+17.2,+17.2
2023-03-16 00:46,2,+74.2,+74.3,+73.5,+73.5,+72.5,+72.5,+18.0,+18.1,+18.1,+17.8,+17.2,+17.5,+17.5
2023-03-16 01:46,2,+74.2,+74.3,+73.5,+73.5,+72.5,+72.5,+18.0,+18.1,+18.1,+17.8,+17.2,+17.5,+17.5
2023-03-16 02:46,2,+74.2,+74.3,+73.5,+73.5,+72.5,+72.5,+17.8,+18.1,+18.1,+17.8,+17.2,+17.5,+17.5
2023-03-16 03:46,2,+74.2,+74.3,+73.5,+73.5,+72.5,+72.5,+17.7,+18.0,+18.1,+17.8,+17.2,+17.5,+17.5
2023-03-16 04:46,2,+74.2,+74.3,+73.5,+73.5,+72.5,+72.5,+17.7,+18.0,+18.1,+17.8,+17.2,+17.5,+17.5
2023-03-16 05:46,2,+74.2,+74.3,+73.5,+73.5,+72.5,+72.5,+17.6,+18.0,+18.1,+17.8,+17.2,+17.5,+17.5
2023-03-16 06:46,2,+74.2,+74.3,+73.5,+73.6,+72.5,+72.5,+17.6,+17.8,+18.1,+17.8,+17.2,+17.5,+17.5
2023-03-16 07:46,2,+74.3,+74.4,+73.5,+73.6,+72.5,+72.8,+17.5,+17.8,+18.1,+17.8,+17.2,+17.5,+17.5
2023-03-16 08:46,2,+74.3,+74.4,+73.6,+73.6,+72.5,+72.8,+17.6,+17.8,+18.1,+17.8,+17.2,+17.5,+17.5
2023-03-16 09:46,2,+74.3,+74.4,+73.5,+73.6,+72.5,+72.5,+17.7,+17.8,+18.1,+17.8,+17.5,+17.5,+17.5
2023-03-16 10:46,2,+74.3,+74.4,+73.5,+73.6,+72.5,+72.5,+17.7,+17.8,+18.0,+17.8,+17.2,+17.5,+17.5
2023-03-16 11:46,2,+74.3,+74.4,+73.6,+73.6,+72.5,+72.8,+18.0,+17.8,+18.1,+17.8,+17.2,+17.5,+17.5
2023-03-16 12:46,2,+74.3,+74.4,+73.6,+73.6,+72.5,+72.8,+18.2,+17.8,+18.0,+17.8,+17.2,+17.5,+17.5
2023-03-16 13:46,2,+74.4,+74.5,+73.6,+73.8,+72.8,+72.8,+18.3,+17.8,+18.0,+17.7,+17.2,+17.5,+17.5
2023-03-16 14:46,2,+74.3,+74.4,+73.5,+73.6,+72.5,+72.5,+18.6,+18.0,+18.0,+17.7,+17.2,+17.5,+17.5
2023-03-16 15:46,2,+74.3,+74.3,+73.5,+73.5,+72.5,+72.5,+18.6,+18.1,+18.0,+17.8,+17.5,+17.5,+17.5
2023-03-16 16:46,2,+74.3,+74.4,+73.5,+73.6,+72.5,+72.5,+18.6,+18.1,+18.1,+17.8,+17.2,+17.5,+17.5
2023-03-16 17:46,2,+74.2,+74.3,+73.5,+73.5,+72.5,+72.5,+18.5,+18.2,+18.1,+17.8,+17.5,+17.5,+17.5
2023-03-16 18:46,2,+74.2,+74.3,+73.5,+73.5,+72.5,+72.5,+18.3,+18.2,+18.1,+17.8,+17.2,+17.5,+17.5
2023-03-16 19:46,2,+74.2,+74.3,+73.5,+73.5,+72.5,+72.5,+18.3,+18.2,+18.1,+17.8,+17.2,+17.5,+17.5
2023-03-16 20:46,2,+74.2,+74.3,+73.5,+73.5,+72.5,+72.5,+18.2,+18.2,+18.2,+17.8,+17.2,+17.5,+17.5
2023-03-16 21:46,2,+74.2,+74.3,+73.5,+73.5,+72.5,+72.5,+18.1,+18.2,+18.2,+17.8,+17.2,+17.5,+17.5
2023-03-16 22:46,2,+74.2,+74.3,+73.5,+73.5,+72.5,+72.5,+18.0,+18.2,+18.2,+17.8,+17.5,+17.5,+17.5
2023-03-16 23:46,2,+74.2,+74.3,+73.5,+73.5,+72.5,+72.5,+18.0,+18.1,+18.2,+17.8,+17.5,+17.5,+17.5
2023-03-17 00:46,2,+74.2,+74.3,+73.5,+73.5,+72.5,+72.5,+17.8,+18.1,+18.2,+17.8,+17.5,+17.5,+17.5
2023-03-17 01:46,2,+74.2,+74.3,+73.5,+73.5,+72.5,+72.5,+17.8,+18.1,+18.2,+17.8,+17.5,+17.5,+17.5
2023-03-17 02:46,2,+74.2,+74.3,+73.5,+73.5,+72.5,+72.5,+17.7,+18.0,+18.1,+17.8,+17.2,+17.5,+17.5
2023-03-17 03:46,2,+74.2,+74.3,+73.5,+73.5,+72.5,+72.5,+17.7,+18.0,+18.1,+17.8,+17.5,+17.5,+17.5
2023-03-17 04:46,2,+74.2,+74.3,+73.5,+73.5,+72.5,+72.5,+17.6,+18.0,+18.1,+17.8,+17.5,+17.6,+17.5
2023-03-17 05:46,2,+74.2,+74.3,+73.5,+73.5,+72.5,+72.5,+17.5,+17.8,+18.1,+17.8,+17.2,+17.5,+17.5
2023-03-17 06:46,2,+74.2,+74.3,+73.5,+73.5,+72.5,+72.5,+17.3,+17.8,+18.1,+17.8,+17.5,+17.5,+17.5
2023-03-17 07:46,2,+74.2,+74.3,+73.5,+73.6,+72.5,+72.5,+17.3,+17.8,+18.1,+17.8,+17.5,+17.5,+17.5
2023-03-17 08:46,2,+74.3,+74.4,+73.6,+73.6,+72.5,+72.8,+17.5,+17.7,+18.1,+17.8,+17.5,+17.5,+17.5
2023-03-17 09:46,2,+74.3,+74.4,+73.6,+73.8,+72.5,+72.8,+17.6,+17.7,+18.1,+17.8,+17.5,+17.5,+17.5
2023-03-17 10:46,2,+74.4,+74.5,+73.6,+73.8,+72.8,+72.8,+17.7,+17.7,+18.1,+17.8,+17.5,+17.5,+17.5
2023-03-17 11:46,2,+74.4,+74.5,+73.8,+73.8,+72.8,+72.9,+18.0,+17.8,+18.1,+17.8,+17.5,+17.6,+17.5
2023-03-17 12:46,2,+74.4,+74.5,+73.8,+73.8,+72.8,+72.9,+18.2,+17.8,+18.1,+18.0,+17.5,+17.5,+17.5
2023-03-17 13:46,2,+74.3,+74.4,+73.6,+73.6,+72.5,+72.8,+18.5,+17.8,+18.1,+17.8,+17.5,+17.5,+17.5
2023-03-17 14:46,2,+74.3,+74.4,+73.6,+73.6,+72.5,+72.8,+18.5,+18.0,+18.1,+17.8,+17.5,+17.6,+17.5
2023-03-17 15:46,2,+74.3,+74.4,+73.6,+73.6,+72.5,+72.8,+18.5,+18.1,+18.0,+17.8,+17.5,+17.6,+17.6
2023-03-17 16:46,2,+74.3,+74.4,+73.6,+73.6,+72.5,+72.8,+18.5,+18.1,+18.0,+17.8,+17.5,+17.6,+17.6
2023-03-17 17:46,2,+74.3,+74.4,+73.5,+73.6,+72.5,+72.5,+18.5,+18.2,+18.1,+17.8,+17.5,+17.6,+17.6
2023-03-17 18:46,2,+74.3,+74.4,+73.5,+73.6,+72.5,+72.5,+18.5,+18.2,+18.1,+17.8,+17.5,+17.6,+17.5
2023-03-17 19:46,2,+74.3,+74.4,+73.5,+73.6,+72.5,+72.5,+18.3,+18.2,+18.1,+17.8,+17.5,+17.6,+17.5
2023-03-17 20:46,2,+74.3,+74.4,+73.5,+73.6,+72.5,+72.5,+18.3,+18.2,+18.1,+17.8,+17.5,+17.5,+17.6
2023-03-17 21:46,2,+74.3,+74.3,+73.5,+73.6,+72.5,+72.5,+18.3,+18.2,+18.1,+17.8,+17.5,+17.6,+17.5
2023-03-17 22:46,2,+74.2,+74.3,+73.5,+73.5,+72.5,+72.5,+18.2,+18.2,+18.2,+17.8,+17.5,+17.6,+17.6
2023-03-17 23:46,2,+74.2,+74.3,+73.5,+73.5,+72.5,+72.5,+18.2,+18.2,+18.2,+17.8,+17.5,+17.6,+17.6
2023-03-18 00:46,2,+74.2,+74.3,+73.5,+73.5,+72.5,+72.5,+18.1,+18.2,+18.1,+18.0,+17.5,+17.6,+17.5
2023-03-18 01:46,2,+74.2,+74.3,+73.5,+73.5,+72.5,+72.5,+18.0,+18.1,+18.2,+18.0,+17.5,+17.6,+17.5
2023-03-18 02:46,2,+74.2,+74.3,+73.5,+73.5,+72.5,+72.5,+17.8,+18.1,+18.2,+18.0,+17.5,+17.6,+17.6
2023-03-18 03:46,2,+74.2,+74.3,+73.5,+73.5,+72.5,+72.5,+17.7,+18.1,+18.2,+18.0,+17.5,+17.5,+17.6
2023-03-18 04:46,2,+74.2,+74.3,+73.5,+73.5,+72.5,+72.5,+17.7,+18.1,+18.2,+17.8,+17.5,+17.6,+17.6
2023-03-18 05:46,2,+74.2,+74.3,+73.5,+73.5,+72.5,+72.5,+17.6,+18.0,+18.2,+18.0,+17.5,+17.6,+17.6
2023-03-18 06:46,2,+74.2,+74.3,+73.5,+73.5,+72.5,+72.5,+17.7,+18.0,+18.2,+18.0,+17.5,+17.6,+17.6
2023-03-18 07:46,2,+74.2,+74.3,+73.5,+73.6,+72.5,+72.5,+17.7,+18.0,+18.2,+18.0,+17.5,+17.6,+17.5
2023-03-18 08:46,2,+74.3,+74.4,+73.6,+73.6,+72.5,+72.8,+17.8,+17.8,+18.2,+18.0,+17.5,+17.6,+17.6
2023-03-18 09:46,2,+74.3,+74.4,+73.6,+73.6,+72.5,+72.8,+18.0,+18.0,+18.1,+18.0,+17.5,+17.6,+17.6
2023-03-18 10:46,2,+74.3,+74.4,+73.6,+73.6,+72.5,+72.8,+18.1,+18.0,+18.2,+18.0,+17.5,+17.6,+17.6
2023-03-18 11:46,2,+74.4,+74.5,+73.8,+73.8,+72.8,+72.8,+18.3,+18.0,+18.1,+18.0,+17.5,+17.6,+17.6
2023-03-18 12:46,2,+74.4,+74.5,+73.8,+73.8,+72.8,+72.9,+18.6,+18.0,+18.1,+18.0,+17.5,+17.6,+17.6
2023-03-18 13:46,2,+74.4,+74.5,+73.8,+73.8,+72.8,+72.9,+18.8,+18.2,+18.1,+18.0,+17.5,+17.6,+17.5
2023-03-18 14:46,2,+74.4,+74.6,+73.9,+73.9,+72.9,+72.9,+19.5,+18.2,+18.1,+17.8,+17.5,+17.6,+17.6
2023-03-18 15:46,2,+74.3,+74.5,+73.8,+73.8,+72.8,+72.9,+20.1,+18.5,+18.1,+18.0,+17.6,+17.6,+17.6
2023-03-18 16:46,2,+74.1,+74.5,+73.6,+73.8,+72.8,+72.8,+20.2,+18.7,+18.2,+18.0,+17.6,+17.6,+17.6
2023-03-18 17:46,2,+74.0,+74.4,+73.6,+73.6,+72.5,+72.8,+20.3,+18.8,+18.2,+17.8,+17.5,+17.6,+17.6
2023-03-18 18:46,2,+74.0,+74.4,+73.5,+73.6,+72.5,+72.5,+20.1,+19.0,+18.3,+18.0,+17.5,+17.6,+17.6
2023-03-18 19:46,2,+73.8,+74.4,+73.5,+73.6,+72.5,+72.5,+20.0,+19.1,+18.3,+18.0,+17.5,+17.6,+17.6
2023-03-18 20:46,2,+73.7,+74.4,+73.5,+73.5,+72.5,+72.5,+19.6,+19.1,+18.5,+18.0,+17.5,+17.6,+17.6
2023-03-18 21:46,2,+73.6,+74.4,+73.5,+73.5,+72.5,+72.5,+19.5,+19.1,+18.5,+18.0,+17.5,+17.6,+17.6
2023-03-18 22:46,2,+73.5,+74.4,+73.5,+73.5,+72.5,+72.5,+19.2,+19.1,+18.6,+18.0,+17.6,+17.6,+17.6
2023-03-18 23:46,2,+73.4,+74.4,+73.5,+73.5,+72.5,+72.5,+19.0,+19.1,+18.6,+18.0,+17.5,+17.6,+17.6
2023-03-19 00:46,2,+73.2,+74.4,+73.5,+73.6,+72.5,+72.5,+18.8,+18.8,+18.6,+18.1,+17.6,+17.6,+17.6
2023-03-19 01:46,2,+73.1,+74.4,+73.5,+73.6,+72.5,+72.5,+18.7,+18.8,+18.6,+18.1,+17.6,+17.6,+17.6
2023-03-19 02:46,2,+72.9,+74.4,+73.5,+73.5,+72.5,+72.5,+18.6,+18.8,+18.6,+18.1,+17.6,+17.6,+17.6
2023-03-19 03:46,2,+72.7,+74.3,+73.5,+73.5,+72.5,+72.5,+18.5,+18.8,+18.7,+18.1,+17.5,+17.6,+17.6
2023-03-19 04:46,2,+72.6,+74.3,+73.5,+73.5,+72.5,+72.5,+18.3,+18.7,+18.7,+18.1,+17.6,+17.6,+17.6
2023-03-19 05:46,2,+72.4,+74.3,+73.5,+73.5,+72.5,+72.5,+18.1,+18.6,+18.7,+18.1,+17.6,+17.6,+17.6
2023-03-19 06:46,2,+72.1,+74.3,+73.5,+73.5,+72.5,+72.5,+18.0,+18.6,+18.6,+18.2,+17.6,+17.6,+17.6
2023-03-19 07:46,2,+72.0,+74.4,+73.5,+73.6,+72.5,+72.5,+17.8,+18.5,+18.6,+18.2,+17.6,+17.6,+17.6
2023-03-19 08:46,2,+71.7,+74.4,+73.6,+73.6,+72.5,+72.8,+17.8,+18.3,+18.6,+18.2,+17.6,+17.7,+17.6
2023-03-19 09:46,2,+71.6,+74.4,+73.6,+73.6,+72.5,+72.8,+17.8,+18.3,+18.6,+18.2,+17.6,+17.6,+17.6
2023-03-19 10:46,2,+71.4,+74.4,+73.6,+73.6,+72.5,+72.8,+17.8,+18.2,+18.6,+18.2,+17.6,+17.7,+17.6
2023-03-19 11:46,2,+71.1,+74.5,+73.6,+73.8,+72.8,+72.8,+18.0,+18.2,+18.6,+18.2,+17.6,+17.6,+17.7
2023-03-19 12:46,2,+70.9,+74.5,+73.8,+73.8,+72.8,+72.9,+18.2,+18.2,+18.5,+18.2,+17.7,+17.7,+17.7
2023-03-19 13:46,2,+70.8,+74.5,+73.6,+73.8,+72.8,+72.8,+18.5,+18.2,+18.5,+18.2,+17.6,+17.7,+17.6
2023-03-19 14:46,2,+70.8,+74.6,+73.9,+73.9,+72.9,+73.0,+19.5,+18.3,+18.5,+18.2,+17.7,+17.7,+17.6
2023-03-19 15:46,2,+70.7,+74.5,+73.8,+73.8,+72.8,+72.9,+20.2,+18.6,+18.5,+18.2,+17.6,+17.7,+17.7
2023-03-19 16:46,2,+70.6,+74.5,+73.6,+73.6,+72.5,+72.8,+20.5,+18.8,+18.5,+18.2,+17.7,+17.7,+17.6
2023-03-19 17:46,2,+70.4,+74.4,+73.5,+73.6,+72.5,+72.5,+20.3,+19.0,+18.5,+18.2,+17.7,+17.7,+17.6
2023-03-19 18:46,2,+70.3,+74.4,+73.5,+73.6,+72.5,+72.5,+20.0,+19.1,+18.6,+18.2,+17.7,+17.7,+17.6
2023-03-19 19:46,2,+70.2,+74.4,+73.5,+73.5,+72.5,+72.5,+19.7,+19.1,+18.6,+18.2,+17.6,+17.7,+17.6
2023-03-19 20:46,2,+70.1,+74.4,+73.5,+73.5,+72.5,+72.5,+19.3,+19.2,+18.6,+18.2,+17.7,+17.7,+17.7
2023-03-19 21:46,2,+69.9,+74.3,+73.5,+73.5,+72.5,+72.5,+19.1,+19.1,+18.7,+18.2,+17.7,+17.7,+17.6
2023-03-19 22:46,2,+69.8,+74.3,+73.5,+73.5,+72.5,+72.5,+18.8,+19.1,+18.7,+18.2,+17.7,+17.7,+17.6
2023-03-19 23:46,2,+69.6,+74.4,+73.5,+73.6,+72.5,+72.5,+18.6,+19.0,+18.7,+18.2,+17.7,+17.7,+17.6
2023-03-20 00:46,2,+69.4,+74.4,+73.5,+73.6,+72.5,+72.5,+18.5,+18.8,+18.7,+18.3,+17.7,+17.7,+17.6
2023-03-20 01:46,2,+69.1,+74.4,+73.5,+73.6,+72.5,+72.5,+18.1,+18.8,+18.8,+18.2,+17.7,+17.7,+17.6
2023-03-20 02:46,2,+68.9,+74.3,+73.5,+73.5,+72.5,+72.5,+17.8,+18.7,+18.7,+18.2,+17.7,+17.7,+17.7
2023-03-20 03:46,2,+68.6,+74.3,+73.5,+73.5,+72.5,+72.5,+17.7,+18.6,+18.7,+18.3,+17.7,+17.7,+17.7
2023-03-20 04:46,2,+68.4,+74.3,+73.5,+73.5,+72.5,+72.5,+17.5,+18.5,+18.7,+18.3,+17.7,+17.7,+17.7
2023-03-20 05:46,2,(skip)
2023-03-20 06:46,2,+68.1,+74.3,+73.5,+73.5,+72.5,+72.5,+17.3,+18.2,+18.6,+18.3,+17.7,+17.7,+17.7
2023-03-20 07:46,2,+67.8,+74.4,+73.5,+73.6,+72.5,+72.5,+17.2,+18.1,+18.6,+18.2,+17.7,+17.7,+17.7
2023-03-20 08:46,2,+67.7,+74.4,+73.6,+73.6,+72.5,+72.8,+17.2,+18.0,+18.6,+18.3,+17.7,+17.7,+17.7
2023-03-20 09:46,2,+67.5,+74.4,+73.6,+73.6,+72.5,+72.8,+17.2,+18.0,+18.5,+18.3,+17.7,+17.7,+17.7
2023-03-20 10:46,2,+67.3,+74.4,+73.6,+73.8,+72.8,+72.8,+17.3,+18.0,+18.5,+18.3,+17.7,+17.7,+17.7