
2022-09-07 09:11,1,+55.4,+41.8,+38.0,+35.5,+37.5,+51.9,+18.7,+18.7,+19.1,+19.0,+19.0,+19.0,+19.2
2022-09-07 10:11,1,+55.4,+41.8,+38.0,+35.5,+37.5,+51.9,+19.0,+18.7,+19.1,+19.0,+19.1,+19.0,+19.2
2022-09-07 11:11,1,+55.4,+41.7,+38.0,+35.5,+37.5,+51.9,+19.1,+18.7,+19.1,+19.0,+19.1,+19.0,+19.2
2022-09-07 12:11,1,+55.4,+41.7,+38.0,+35.5,+37.5,+51.9,+19.5,+18.8,+19.1,+19.0,+19.0,+19.0,+19.2
2022-09-07 13:11,1,+55.5,+41.7,+37.9,+35.5,+37.5,+51.9,+19.7,+18.8,+19.1,+19.0,+19.1,+19.0,+19.2
2022-09-07 14:11,1,+55.5,+41.7,+37.9,+35.5,+37.5,+51.9,+20.0,+19.0,+19.1,+19.0,+19.1,+19.0,+19.2
2022-09-07 15:11,1,+55.5,+41.7,+37.9,+35.5,+37.5,+51.9,+20.0,+19.1,+19.1,+19.0,+19.1,+19.0,+19.2
2022-09-07 16:11,1,+56.6,+42.0,+38.0,+35.5,+37.5,+51.9,+19.8,+19.2,+19.1,+19.0,+19.1,+19.0,+19.2
2022-09-07 17:11,1,+56.7,+42.3,+38.0,+35.5,+37.5,+51.9,+19.7,+19.2,+19.1,+19.0,+19.1,+19.0,+19.2
2022-09-07 18:11,1,+56.7,+42.5,+38.2,+35.5,+37.5,+51.9,+19.6,+19.2,+19.2,+19.0,+19.1,+18.7,+19.2
2022-09-07 19:11,1,+56.5,+42.5,+38.5,+35.5,+37.5,+51.9,+19.5,+19.2,+19.2,+19.0,+19.1,+19.0,+19.2
2022-09-07 20:11,1,+56.5,+42.6,+38.7,+35.5,+37.5,+51.9,+19.3,+19.2,+19.3,+19.0,+19.1,+18.7,+19.2
2022-09-07 21:11,1,+56.4,+42.5,+39.0,+35.5,+37.5,+51.9,+19.3,+19.2,+19.2,+19.0,+19.1,+19.0,+19.2
2022-09-07 22:11,1,+56.3,+42.5,+39.0,+35.5,+37.5,+51.9,+19.2,+19.2,+19.2,+19.0,+19.1,+19.0,+19.2
2022-09-07 23:11,1,+56.0,+42.5,+39.2,+35.5,+37.5,+51.9,+19.1,+19.2,+19.3,+19.1,+19.1,+19.0,+19.2
2022-09-08 00:11,1,+55.9,+42.4,+39.2,+35.5,+37.5,+51.9,+19.0,+19.2,+19.3,+19.0,+19.1,+18.7,+19.2
2022-09-08 01:11,1,+55.9,+42.4,+39.2,+35.5,+37.5,+51.9,+18.8,+19.1,+19.3,+19.0,+19.1,+19.0,+19.2
2022-09-08 02:11,1,+55.8,+42.4,+39.2,+35.5,+37.5,+51.9,+18.8,+19.1,+19.3,+19.1,+19.1,+19.0,+19.2
2022-09-08 03:11,1,+55.8,+42.3,+39.2,+35.5,+37.5,+51.9,+18.8,+19.1,+19.3,+19.1,+19.1,+19.0,+19.2
2022-09-08 04:11,1,+55.8,+42.3,+39.2,+35.5,+37.5,+52.0,+18.7,+19.0,+19.3,+19.1,+19.1,+19.0,+19.2
2022-09-08 05:11,1,+55.7,+42.3,+39.2,+35.7,+37.5,+52.0,+18.7,+19.0,+19.3,+19.1,+19.1,+19.0,+19.2
2022-09-08 06:11,1,+55.7,+42.3,+39.2,+35.7,+37.5,+52.0,+18.7,+19.0,+19.3,+19.1,+19.1,+19.0,+19.2
2022-09-08 07:11,1,+55.8,+42.3,+39.2,+35.7,+37.5,+52.0,+18.7,+19.0,+19.3,+19.1,+19.1,+19.0,+19.2
2022-09-08 08:11,1,+55.7,+42.2,+39.2,+35.7,+37.5,+52.0,+18.7,+18.8,+19.3,+19.1,+19.1,+19.0,+19.2
2022-09-08 09:11,1,+55.8,+42.2,+39.0,+35.7,+37.5,+52.0,+18.8,+19.0,+19.2,+19.1,+19.1,+18.7,+19.2
2022-09-08 10:11,1,+55.8,+42.2,+39.0,+35.7,+37.5,+52.0,+19.1,+19.0,+19.2,+19.1,+19.1,+19.0,+19.2
2022-09-08 11:11,1,+55.9,+42.2,+39.0,+35.7,+37.5,+52.0,+19.1,+19.0,+19.3,+19.1,+19.1,+19.0,+19.2
2022-09-08 12:11,1,+55.9,+42.2,+39.0,+35.7,+37.5,+52.0,+19.5,+19.0,+19.2,+19.1,+19.1,+19.0,+19.2
2022-09-08 13:11,1,+55.9,+42.1,+39.0,+35.7,+37.5,+52.0,+19.6,+19.0,+19.2,+19.1,+19.1,+18.7,+19.2
2022-09-08 14:11,1,+56.0,+42.1,+39.0,+35.7,+37.5,+52.0,+19.7,+19.1,+19.2,+19.1,+19.1,+19.0,+19.2
2022-09-08 15:11,1,+56.6,+42.3,+39.0,+35.7,+37.5,+52.0,+19.7,+19.1,+19.2,+19.1,+19.1,+19.0,+19.2
2022-09-08 16:11,1,+56.5,+42.5,+39.0,+35.7,+37.5,+52.0,+19.7,+19.2,+19.3,+19.1,+19.1,+19.0,+19.2
2022-09-08 17:11,1,+56.5,+42.6,+39.2,+35.7,+37.5,+52.0,+19.7,+19.2,+19.3,+19.1,+19.1,+19.0,+19.2
2022-09-08 18:11,1,+56.4,+42.6,+39.2,+35.7,+37.5,+52.0,+19.7,+19.2,+19.3,+19.1,+19.1,+19.0,+19.2
2022-09-08 19:11,1,+56.7,+42.7,+39.5,+35.7,+37.5,+52.0,+19.6,+19.3,+19.3,+19.1,+19.1,+19.0,+19.2
2022-09-08 20:11,1,+56.6,+42.8,+39.7,+35.7,+37.5,+52.0,+19.5,+19.3,+19.3,+19.1,+19.1,+19.0,+19.2
2022-09-08 21:11,1,+56.5,+42.8,+40.0,+35.7,+37.5,+52.0,+19.3,+19.3,+19.3,+19.1,+19.1,+19.0,+19.2
2022-09-08 22:11,1,+56.4,+42.8,+40.0,+35.9,+37.5,+52.0,+19.2,+19.2,+19.3,+19.1,+19.1,+19.0,+19.2
2022-09-08 23:11,1,+56.4,+42.7,+40.0,+35.9,+37.5,+52.0,+19.2,+19.2,+19.3,+19.1,+19.1,+19.0,+19.2
2022-09-09 00:11,1,+56.3,+42.6,+40.0,+36.0,+37.5,+52.0,+19.0,+19.2,+19.3,+19.2,+19.1,+19.0,+19.2
2022-09-09 01:11,1,+56.3,+42.6,+39.9,+36.0,+37.5,+52.0,+18.8,+19.2,+19.3,+19.1,+19.1,+19.0,+19.2
2022-09-09 02:11,1,+56.2,+42.5,+39.9,+36.0,+37.7,+52.0,+18.7,+19.1,+19.3,+19.1,+19.1,+19.0,+19.2
2022-09-09 03:11,1,+56.2,+42.5,+39.7,+36.0,+37.7,+52.0,+18.6,+19.1,+19.3,+19.1,+19.1,+19.0,+19.2
2022-09-09 04:11,1,+56.2,+42.5,+39.7,+36.0,+37.7,+52.0,+18.6,+19.0,+19.3,+19.1,+19.1,+19.0,+19.2
2022-09-09 05:11,1,+56.2,+42.4,+39.7,+36.0,+37.7,+52.0,+18.6,+19.0,+19.3,+19.1,+19.1,+19.0,+19.2
2022-09-09 06:11,1,+56.1,+42.4,+39.5,+36.0,+37.7,+52.0,+18.5,+19.0,+19.3,+19.2,+19.2,+19.0,+19.2
2022-09-09 07:11,1,+56.2,+42.4,+39.5,+36.0,+37.7,+52.0,+18.5,+18.8,+19.3,+19.2,+19.2,+19.0,+19.2
2022-09-09 08:11,1,+56.1,+42.3,+39.5,+36.0,+37.7,+52.0,+18.5,+18.8,+19.3,+19.2,+19.2,+19.1,+19.2
2022-09-09 09:11,1,+56.1,+42.3,+39.5,+36.0,+37.7,+52.0,+18.6,+18.8,+19.3,+19.1,+19.2,+19.0,+19.2
2022-09-09 10:11,1,+56.1,+42.3,+39.4,+36.0,+37.7,+52.0,+18.7,+18.8,+19.3,+19.1,+19.2,+19.0,+19.2
2022-09-09 11:11,1,+56.2,+42.3,+39.4,+36.0,+37.7,+52.2,+19.0,+18.8,+19.2,+19.1,+19.2,+19.0,+19.2
2022-09-09 12:11,1,+57.2,+43.9,+40.5,+38.7,+37.9,+52.2,+19.0,+18.8,+19.2,+19.1,+19.1,+19.1,+19.2
2022-09-09 13:11,1,+57.0,+43.2,+41.0,+37.5,+38.7,+52.2,+19.0,+18.8,+19.2,+19.1,+19.2,+19.0,+19.2
2022-09-09 14:11,1,+56.9,+43.0,+40.7,+37.2,+38.7,+52.2,+19.2,+18.8,+19.2,+19.1,+19.1,+19.0,+19.2
2022-09-09 15:11,1,+56.6,+42.9,+40.5,+37.0,+38.7,+52.4,+19.3,+19.0,+19.2,+19.1,+19.1,+19.0,+19.2
2022-09-09 16:11,1,+57.3,+44.5,+42.0,+40.0,+39.2,+52.5,+19.2,+19.0,+19.2,+19.1,+19.1,+19.1,+19.2
2022-09-09 17:11,1,+57.1,+43.7,+41.7,+38.5,+39.4,+52.7,+19.1,+19.1,+19.2,+19.1,+19.2,+19.0,+19.2
2022-09-09 18:11,1,+57.3,+44.1,+42.2,+40.0,+39.7,+52.7,+19.0,+19.0,+19.2,+19.1,+19.1,+19.0,+19.2
2022-09-09 19:11,1,+57.2,+43.5,+41.5,+38.2,+39.5,+52.7,+18.8,+19.0,+19.2,+19.1,+19.2,+19.1,+19.2
2022-09-09 20:11,1,+57.1,+43.3,+41.2,+37.5,+39.2,+52.7,+18.7,+19.0,+19.2,+19.1,+19.2,+19.0,+19.2
2022-09-09 21:11,1,+56.8,+43.1,+40.7,+37.2,+39.0,+52.7,+18.6,+19.0,+19.1,+19.1,+19.2,+19.0,+19.2
2022-09-09 22:11,1,+56.7,+43.0,+40.5,+37.2,+39.0,+52.5,+18.5,+18.8,+19.3,+19.1,+19.2,+19.0,+19.2
2022-09-09 23:11,1,+56.6,+42.9,+40.2,+37.0,+38.9,+52.5,+18.5,+18.8,+19.2,+19.1,+19.1,+19.1,+19.2
2022-09-10 00:11,1,+56.6,+42.8,+40.2,+36.7,+38.7,+52.5,+18.3,+18.7,+19.2,+19.1,+19.2,+19.1,+19.2
2022-09-10 01:11,1,+56.5,+42.8,+40.0,+36.7,+38.7,+52.5,+18.3,+18.7,+19.2,+19.1,+19.1,+19.0,+19.2
2022-09-10 02:11,1,+56.5,+42.7,+39.9,+36.5,+38.7,+52.5,+18.2,+18.7,+19.2,+19.1,+19.2,+19.0,+19.2
2022-09-10 03:11,1,+56.4,+42.7,+39.7,+36.5,+38.5,+52.5,+18.1,+18.6,+19.2,+19.1,+19.2,+19.1,+19.2
2022-09-10 04:11,1,+56.4,+42.7,+39.7,+36.5,+38.5,+52.5,+18.0,+18.6,+19.1,+19.1,+19.1,+19.1,+19.2
2022-09-10 05:11,1,+56.4,+42.6,+39.7,+36.4,+38.5,+52.5,+18.0,+18.6,+19.1,+19.1,+19.1,+19.1,+19.2
2022-09-10 06:11,1,+56.4,+42.6,+39.5,+36.4,+38.4,+52.5,+17.8,+18.5,+19.1,+19.1,+19.2,+19.0,+19.2
2022-09-10 07:11,1,+56.4,+42.5,+39.5,+36.2,+38.4,+52.4,+18.0,+18.5,+19.1,+19.1,+19.1,+19.0,+19.2
2022-09-10 08:11,1,+56.4,+42.5,+39.5,+36.2,+38.4,+52.4,+17.8,+18.5,+19.1,+19.0,+19.1,+19.1,+19.2
2022-09-10 09:11,1,+56.4,+42.5,+39.4,+36.2,+38.4,+52.4,+18.1,+18.3,+19.1,+19.1,+19.1,+19.0,+19.2
2022-09-10 10:11,1,+56.3,+42.5,+39.4,+36.2,+38.2,+52.4,+18.2,+18.3,+19.0,+19.0,+19.1,+19.0,+19.2
2022-09-10 11:11,1,+56.3,+42.4,+39.2,+36.2,+38.2,+52.4,+18.5,+18.5,+19.0,+19.0,+19.2,+19.0,+19.2
2022-09-10 12:11,1,+56.3,+42.4,+39.2,+36.2,+38.2,+52.4,+18.7,+18.5,+19.0,+19.0,+19.2,+19.0,+19.2
2022-09-10 13:11,1,+56.3,+42.3,+39.2,+36.2,+38.2,+52.4,+18.8,+18.6,+19.0,+19.0,+19.1,+19.0,+19.2
2022-09-10 14:11,1,+56.4,+42.3,+39.0,+36.2,+38.2,+52.4,+19.2,+18.6,+19.0,+19.0,+19.1,+19.0,+19.2
2022-09-10 15:11,1,+56.4,+42.3,+39.0,+36.0,+38.2,+52.4,+19.5,+18.6,+19.0,+19.0,+19.1,+19.1,+19.2
2022-09-10 16:11,1,+56.4,+42.3,+39.0,+36.0,+38.2,+52.4,+19.5,+18.8,+19.0,+19.0,+19.2,+19.1,+19.2
2022-09-10 17:11,1,+56.4,+42.2,+39.0,+36.0,+38.2,+52.4,+19.5,+18.8,+19.0,+19.0,+19.1,+19.0,+19.2
2022-09-10 18:11,1,+56.4,+42.2,+39.0,+36.0,+38.2,+52.4,+19.3,+18.8,+19.1,+19.0,+19.1,+19.0,+19.2
2022-09-10 19:11,1,+56.5,+42.2,+38.9,+36.0,+38.0,+52.4,+19.3,+19.0,+19.1,+19.0,+19.1,+19.0,+19.2
2022-09-10 20:11,1,+56.5,+42.2,+38.9,+36.0,+38.0,+52.4,+19.2,+19.0,+19.0,+19.0,+19.1,+19.1,+19.2
2022-09-10 21:11,1,+56.5,+42.2,+38.9,+36.0,+38.0,+52.4,+19.1,+19.0,+19.1,+19.0,+19.1,+19.1,+19.2
2022-09-10 22:11,1,+56.5,+42.2,+38.9,+36.0,+38.0,+52.4,+19.0,+19.0,+19.1,+19.0,+19.1,+19.0,+19.2
2022-09-10 23:11,1,+56.4,+42.2,+38.7,+36.0,+38.0,+52.4,+19.0,+19.0,+19.1,+19.0,+19.1,+19.1,+19.2
2022-09-11 00:11,1,+56.4,+42.2,+38.7,+36.0,+38.0,+52.4,+18.8,+19.0,+19.1,+19.0,+19.1,+19.0,+19.2
2022-09-11 01:11,1,+56.4,+42.2,+38.7,+36.0,+38.0,+52.4,+18.8,+18.8,+19.1,+19.0,+19.1,+19.0,+19.2
2022-09-11 02:11,1,+56.4,+42.2,+38.7,+36.0,+38.0,+52.2,+18.7,+18.8,+19.1,+19.0,+19.1,+19.0,+19.2
2022-09-11 03:11,1,+56.4,+42.2,+38.7,+36.0,+38.0,+52.2,+18.7,+18.8,+19.1,+19.0,+19.1,+19.0,+19.2
2022-09-11 04:11,1,+56.4,+42.2,+38.7,+36.0,+38.0,+52.2,+18.6,+18.8,+19.1,+19.0,+19.1,+19.0,+19.2
2022-09-11 05:11,1,+56.3,+42.1,+38.7,+36.0,+38.0,+52.2,+18.6,+18.8,+19.1,+19.0,+19.1,+19.0,+19.2
2022-09-11 06:11,1,+56.3,+42.2,+38.7,+36.0,+38.0,+52.2,+18.5,+18.7,+19.1,+19.1,+19.1,+19.0,+19.2
2022-09-11 07:11,1,+56.3,+42.2,+38.7,+36.0,+38.0,+52.2,+18.5,+18.7,+19.1,+19.0,+19.1,+19.1,+19.2
2022-09-11 08:11,1,+56.3,+42.2,+38.7,+36.0,+38.0,+52.2,+18.5,+18.7,+19.1,+19.0,+19.1,+19.1,+19.2
2022-09-11 09:11,1,+56.3,+42.2,+38.7,+36.0,+38.0,+52.2,+18.6,+18.7,+19.1,+19.0,+19.1,+19.0,+19.2
2022-09-11 10:11,1,+56.3,+42.2,+38.7,+35.9,+38.0,+52.2,+18.7,+18.7,+19.1,+19.0,+19.1,+19.0,+19.2
2022-09-11 11:11,1,+56.3,+42.2,+38.7,+35.9,+38.0,+52.2,+19.0,+18.7,+19.1,+19.0,+19.1,+19.0,+19.2
2022-09-11 12:11,1,+56.3,+42.2,+38.7,+35.9,+38.0,+52.2,+19.1,+18.8,+19.0,+19.0,+19.1,+19.0,+19.2
2022-09-11 13:11,1,+56.3,+42.2,+38.5,+35.9,+37.9,+52.2,+19.5,+18.8,+19.1,+19.0,+19.1,+19.0,+19.2
2022-09-11 14:11,1,+56.1,+42.2,+38.5,+35.9,+37.9,+52.2,+19.6,+18.8,+19.1,+19.0,+19.1,+19.0,+19.2
2022-09-11 15:11,1,+56.1,+42.2,+38.5,+35.9,+37.9,+52.2,+19.7,+19.0,+19.1,+19.0,+19.1,+19.1,+19.2
2022-09-11 16:11,1,+57.2,+44.0,+38.9,+36.0,+37.9,+52.2,+19.6,+19.1,+19.1,+19.0,+19.1,+19.0,+19.2
2022-09-11 17:11,1,+57.1,+43.6,+40.4,+36.4,+38.0,+52.2,+19.3,+19.1,+19.1,+19.1,+19.1,+19.0,+19.2
2022-09-11 18:11,1,+57.0,+43.5,+40.7,+36.5,+38.2,+52.4,+19.2,+19.1,+19.2,+19.0,+19.1,+19.0,+19.2
2022-09-11 19:11,1,+56.9,+43.3,+40.5,+36.5,+38.4,+52.4,+19.1,+19.1,+19.2,+19.0,+19.1,+19.0,+19.2
2022-09-11 20:11,1,+56.6,+43.2,+40.5,+36.5,+38.4,+52.4,+18.8,+19.1,+19.1,+19.1,+19.1,+19.0,+19.2
2022-09-11 21:11,1,+56.5,+43.1,+40.2,+36.5,+38.5,+52.5,+18.7,+19.0,+19.2,+19.0,+19.1,+19.0,+19.2
2022-09-11 22:11,1,+56.5,+43.0,+40.2,+36.5,+38.5,+52.5,+18.7,+19.0,+19.2,+19.0,+19.1,+19.0,+19.2
2022-09-11 23:11,1,+56.4,+42.9,+40.0,+36.5,+38.5,+52.5,+18.6,+18.8,+19.3,+19.0,+19.1,+19.0,+19.2
2022-09-12 00:11,1,+56.4,+42.9,+40.0,+36.5,+38.4,+52.5,+18.5,+18.8,+19.2,+19.1,+19.2,+19.0,+19.2
2022-09-12 01:11,1,+56.4,+42.8,+39.9,+36.5,+38.4,+52.5,+18.5,+18.8,+19.2,+19.0,+19.1,+19.0,+19.2
2022-09-12 02:11,1,+56.3,+42.8,+39.7,+36.4,+38.4,+52.5,+18.3,+18.7,+19.2,+19.1,+19.1,+19.1,+19.2
2022-09-12 03:11,1,+56.3,+42.8,+39.7,+36.4,+38.4,+52.5,+18.3,+18.7,+19.2,+19.1,+19.1,+19.0,+19.2
2022-09-12 04:11,1,+56.2,+42.7,+39.7,+36.4,+38.4,+52.5,+18.3,+18.7,+19.2,+19.0,+19.1,+19.0,+19.2
2022-09-12 05:11,1,+56.2,+42.7,+39.5,+36.4,+38.4,+52.5,+18.3,+18.7,+19.2,+19.0,+19.1,+19.0,+19.2
2022-09-12 06:11,1,+56.2,+42.7,+39.5,+36.2,+38.4,+52.5,+18.3,+18.7,+19.1,+19.1,+19.1,+19.0,+19.2
2022-09-12 07:11,1,+56.2,+42.7,+39.5,+36.2,+38.2,+52.5,+18.3,+18.6,+19.2,+19.1,+19.1,+19.0,+19.2
2022-09-12 08:11,1,+56.2,+42.6,+39.4,+36.2,+38.2,+52.5,+18.3,+18.6,+19.1,+19.0,+19.1,+19.0,+19.2
2022-09-12 09:11,1,+56.2,+42.6,+39.4,+36.2,+38.2,+52.5,+18.5,+18.6,+19.1,+19.0,+19.1,+19.0,+19.2
2022-09-12 10:11,1,+56.2,+42.5,+39.2,+36.2,+38.2,+52.5,+18.6,+18.6,+19.1,+19.0,+19.1,+19.0,+19.2
2022-09-12 11:11,1,+56.2,+42.5,+39.2,+36.2,+38.2,+52.5,+18.8,+18.6,+19.1,+19.0,+19.1,+19.0,+19.2
2022-09-12 12:11,1,+56.2,+42.5,+39.2,+36.2,+38.2,+52.5,+19.1,+18.7,+19.1,+19.0,+19.1,+19.0,+19.2
2022-09-12 13:11,1,+56.2,+42.4,+39.2,+36.2,+38.2,+52.5,+19.3,+18.7,+19.0,+19.0,+19.1,+19.0,+19.2
2022-09-12 14:11,1,+56.3,+42.4,+39.0,+36.2,+38.2,+52.5,+19.5,+18.7,+19.1,+19.0,+19.1,+19.0,+19.2
2022-09-12 15:11,1,+57.3,+45.1,+42.5,+43.7,+41.2,+52.5,+19.3,+19.0,+19.1,+19.0,+19.1,+19.0,+19.2
2022-09-12 16:11,1,+57.2,+44.1,+42.0,+39.5,+39.9,+53.0,+19.1,+19.0,+19.1,+19.1,+19.1,+19.0,+19.2
2022-09-12 17:11,1,+57.1,+43.7,+41.5,+37.9,+39.5,+52.9,+18.8,+19.0,+19.1,+19.0,+19.1,+19.0,+19.2
2022-09-12 18:11,1,+57.0,+43.6,+41.2,+37.5,+39.2,+52.7,+18.7,+18.8,+19.1,+19.0,+19.1,+19.1,+19.2
2022-09-12 19:11,1,+56.8,+43.4,+41.0,+37.5,+39.2,+52.7,+18.6,+18.8,+19.1,+19.0,+19.1,+19.0,+19.2
2022-09-12 20:11,1,+56.6,+43.3,+40.7,+37.2,+39.0,+52.7,+18.5,+18.8,+19.1,+19.0,+19.1,+19.0,+19.2
2022-09-12 21:11,1,+56.6,+43.2,+40.5,+37.0,+39.0,+52.7,+18.3,+18.7,+19.1,+19.0,+19.1,+19.0,+19.2
2022-09-12 22:11,1,+56.5,+43.1,+40.2,+37.0,+38.9,+52.7,+18.3,+18.6,+19.1,+19.0,+19.1,+19.0,+19.2
2022-09-12 23:11,1,+56.5,+43.0,+40.0,+36.9,+38.7,+52.7,+18.3,+18.7,+19.1,+19.0,+19.1,+19.0,+19.2
2022-09-13 00:11,1,+56.4,+43.0,+40.0,+36.7,+38.7,+52.7,+18.2,+18.6,+19.1,+19.0,+19.1,+19.0,+19.2
2022-09-13 01:11,1,+56.4,+42.9,+39.9,+36.7,+38.7,+52.7,+18.2,+18.6,+19.1,+19.0,+19.1,+19.0,+19.2
2022-09-13 02:11,1,+56.4,+42.9,+39.7,+36.5,+38.5,+52.5,+18.2,+18.5,+19.0,+19.0,+19.1,+19.0,+19.2
2022-09-13 03:11,1,+56.3,+42.9,+39.7,+36.5,+38.5,+52.5,+18.1,+18.5,+19.1,+19.0,+19.1,+19.0,+19.2
2022-09-13 04:11,1,+56.3,+42.8,+39.7,+36.5,+38.5,+52.5,+18.1,+18.6,+19.1,+19.0,+19.1,+19.0,+19.2
2022-09-13 05:11,1,+56.3,+42.8,+39.5,+36.5,+38.5,+52.5,+18.1,+18.5,+19.0,+19.0,+19.1,+19.0,+19.2
2022-09-13 06:11,1,+56.3,+42.8,+39.5,+36.5,+38.5,+52.5,+18.1,+18.5,+19.0,+19.0,+19.1,+19.1,+19.2
2022-09-13 07:11,1,+56.3,+42.7,+39.5,+36.4,+38.5,+52.5,+18.1,+18.3,+19.0,+18.8,+19.1,+19.0,+19.2
2022-09-13 08:11,1,+56.2,+42.7,+39.4,+36.4,+38.5,+52.5,+18.1,+18.5,+19.0,+19.0,+19.0,+19.1,+19.2
2022-09-13 09:11,1,+56.2,+42.7,+39.4,+36.4,+38.4,+52.5,+18.2,+18.3,+19.0,+19.0,+19.1,+19.0,+19.2
2022-09-13 10:11,1,+56.2,+42.7,+39.2,+36.4,+38.4,+52.5,+18.3,+18.3,+19.0,+19.0,+19.1,+19.0,+19.2
2022-09-13 11:11,1,+56.3,+42.7,+39.2,+36.4,+38.4,+52.5,+18.5,+18.3,+19.0,+18.8,+19.1,+19.0,+19.2
2022-09-13 12:11,1,+56.5,+42.7,+39.2,+36.2,+38.4,+52.5,+18.6,+18.5,+18.8,+19.0,+19.1,+19.0,+19.2
2022-09-13 13:11,1,+57.2,+44.0,+41.0,+38.9,+38.5,+52.5,+18.7,+18.5,+18.8,+18.8,+19.1,+19.0,+19.2
2022-09-13 14:11,1,+57.2,+44.5,+42.5,+41.7,+40.0,+52.7,+18.7,+18.5,+18.8,+19.0,+19.0,+19.0,+19.2
2022-09-13 15:11,1,+57.2,+43.9,+41.7,+38.7,+39.7,+53.0,+18.6,+18.5,+18.8,+18.8,+19.1,+19.0,+19.2
2022-09-13 16:11,1,+57.2,+43.9,+41.7,+38.0,+39.5,+53.0,+18.3,+18.5,+18.8,+18.8,+19.1,+19.0,+19.2
2022-09-13 17:11,1,+57.2,+44.0,+41.9,+38.5,+39.5,+52.9,+18.2,+18.5,+18.8,+18.8,+19.1,+19.0,+19.2
2022-09-13 18:11,1,+57.1,+43.7,+41.5,+38.2,+39.5,+52.9,+18.1,+18.5,+18.8,+18.8,+19.1,+19.0,+19.2
2022-09-13 19:11,1,+57.1,+43.5,+41.2,+37.7,+39.4,+52.9,+18.0,+18.3,+18.8,+18.8,+19.0,+19.0,+19.2
2022-09-13 20:11,1,+57.0,+43.4,+40.9,+37.5,+39.2,+52.9,+18.0,+18.3,+18.8,+18.8,+19.0,+19.0,+19.2
2022-09-13 21:11,1,+56.8,+43.3,+40.7,+37.2,+39.2,+52.7,+17.8,+18.3,+18.8,+18.8,+19.0,+19.0,+19.2
2022-09-13 22:11,1,+56.5,+43.2,+40.5,+37.2,+39.0,+52.7,+17.8,+18.3,+18.8,+18.7,+19.0,+19.0,+19.2
2022-09-13 23:11,1,+56.5,+43.1,+40.4,+37.0,+39.0,+52.7,+17.7,+18.2,+18.8,+18.7,+19.0,+19.0,+19.2
2022-09-14 00:11,1,+56.5,+43.0,+40.2,+37.0,+39.0,+52.7,+17.7,+18.2,+18.7,+18.8,+19.0,+19.0,+19.2
2022-09-14 01:11,1,+56.4,+43.0,+40.0,+36.7,+38.9,+52.7,+17.7,+18.2,+18.8,+18.8,+19.0,+19.0,+19.2
2022-09-14 02:11,1,+56.4,+42.9,+40.0,+36.7,+38.7,+52.7,+17.6,+18.2,+18.7,+18.7,+19.0,+19.0,+19.2
2022-09-14 03:11,1,+56.4,+42.9,+39.9,+36.7,+38.7,+52.7,+17.6,+18.1,+18.7,+18.7,+19.0,+19.0,+19.2
2022-09-14 04:11,1,+56.4,+42.9,+39.7,+36.5,+38.7,+52.7,+17.5,+18.1,+18.7,+18.7,+19.0,+18.7,+19.2
2022-09-14 05:11,1,+56.3,+42.8,+39.7,+36.5,+38.7,+52.7,+17.5,+18.1,+18.7,+18.7,+19.0,+18.7,+19.2
2022-09-14 06:11,1,+56.3,+42.8,+39.7,+36.5,+38.5,+52.7,+17.5,+18.0,+18.7,+18.7,+19.0,+19.0,+19.2
2022-09-14 07:11,1,+56.3,+42.7,+39.5,+36.5,+38.5,+52.7,+17.5,+18.0,+18.7,+18.7,+19.0,+19.0,+19.2
2022-09-14 08:11,1,+56.3,+42.7,+39.5,+36.5,+38.5,+52.7,+17.5,+18.0,+18.7,+18.7,+19.0,+19.0,+19.2
2022-09-14 09:11,1,+56.3,+42.7,+39.5,+36.5,+38.5,+52.7,+17.7,+18.0,+18.6,+18.7,+19.0,+19.0,+19.2
2022-09-14 10:11,1,+56.3,+42.8,+39.4,+36.5,+38.5,+52.7,+17.8,+18.0,+18.6,+18.7,+19.0,+18.7,+19.2
2022-09-14 11:11,1,+56.3,+42.9,+39.4,+36.4,+38.5,+52.7,+18.1,+18.0,+18.6,+18.7,+19.0,+19.0,+19.2
2022-09-14 12:11,1,+56.6,+43.0,+39.2,+36.4,+38.5,+52.7,+18.2,+18.0,+18.6,+18.7,+19.0,+19.0,+19.1
2022-09-14 13:11,1,+57.1,+44.3,+41.0,+37.0,+38.5,+52.7,+18.3,+18.1,+18.6,+18.7,+19.0,+19.0,+19.2
2022-09-14 14:11,1,+57.1,+43.9,+40.9,+37.0,+38.7,+52.7,+18.6,+18.2,+18.5,+18.6,+19.0,+18.7,+19.1
2022-09-14 15:11,1,+57.2,+44.9,+41.9,+39.2,+40.0,+53.0,+18.7,+18.2,+18.6,+18.6,+19.0,+18.7,+19.2
2022-09-14 16:11,1,+57.2,+44.3,+41.5,+38.0,+39.7,+53.0,+18.6,+18.2,+18.6,+18.6,+19.0,+18.7,+19.1
2022-09-14 17:11,1,+57.2,+44.2,+41.4,+37.7,+39.4,+53.0,+18.5,+18.3,+18.6,+18.6,+19.0,+18.7,+19.2
2022-09-14 18:11,1,+57.2,+44.3,+41.2,+37.5,+39.2,+52.9,+18.5,+18.3,+18.6,+18.6,+18.7,+18.7,+19.2
2022-09-14 19:11,1,+57.1,+43.9,+41.0,+37.5,+39.2,+52.9,+18.5,+18.3,+18.6,+18.6,+18.7,+18.7,+19.2
2022-09-14 20:11,1,+57.1,+43.8,+41.0,+37.5,+39.2,+52.9,+18.3,+18.3,+18.6,+18.6,+18.7,+18.7,+19.2
2022-09-14 21:11,1,+56.8,+43.6,+40.7,+37.4,+39.0,+52.9,+18.2,+18.3,+18.7,+18.6,+18.7,+18.7,+19.2
2022-09-14 22:11,1,+56.7,+43.5,+40.5,+37.2,+39.0,+52.9,+18.1,+18.2,+18.6,+18.6,+18.7,+18.7,+19.2
2022-09-14 23:11,1,+56.7,+43.5,+40.4,+37.2,+39.0,+52.7,+18.1,+18.2,+18.6,+18.6,+18.7,+18.7,+19.2
2022-09-15 00:11,1,+56.6,+43.8,+40.2,+37.0,+38.9,+52.7,+18.1,+18.2,+18.6,+18.6,+18.7,+18.7,+19.1
2022-09-15 01:11,1,+56.6,+43.7,+40.0,+36.9,+38.9,+52.7,+18.0,+18.2,+18.6,+18.6,+18.7,+18.7,+19.1
2022-09-15 02:11,1,+56.6,+43.7,+40.0,+36.7,+38.7,+52.7,+17.8,+18.2,+18.6,+18.6,+18.7,+18.7,+19.2
2022-09-15 03:11,1,+56.5,+43.7,+39.9,+36.7,+38.7,+52.7,+17.8,+18.2,+18.6,+18.6,+18.7,+18.7,+19.2
2022-09-15 04:11,1,+56.5,+43.9,+39.7,+36.7,+38.7,+52.7,+17.8,+18.1,+18.7,+18.6,+18.7,+18.7,+19.2
2022-09-15 05:11,1,+56.5,+43.8,+39.7,+36.5,+38.7,+52.7,+17.7,+18.1,+18.6,+18.6,+18.7,+18.7,+19.2
2022-09-15 06:11,1,+56.4,+43.8,+39.7,+36.5,+38.7,+52.7,+17.6,+18.1,+18.6,+18.6,+18.7,+18.7,+19.1
2022-09-15 07:11,1,+56.4,+43.8,+39.5,+36.5,+38.5,+52.7,+17.6,+18.1,+18.6,+18.6,+18.7,+18.7,+19.2
2022-09-15 08:11,1,+56.4,+43.8,+39.5,+36.5,+38.5,+52.7,+17.7,+18.0,+18.6,+18.6,+18.7,+18.7,+19.2
2022-09-15 09:11,1,+56.4,+43.8,+39.5,+36.5,+38.5,+52.7,+17.7,+18.0,+18.6,+18.6,+18.7,+18.7,+19.1
2022-09-15 10:11,1,+56.4,+43.8,+39.5,+36.5,+38.5,+52.7,+18.0,+18.0,+18.5,+18.6,+18.7,+18.7,+19.1
2022-09-15 11:11,1,+56.4,+43.9,+39.4,+36.5,+38.5,+52.7,+18.2,+18.1,+18.5,+18.6,+18.7,+18.7,+19.2
2022-09-15 12:11,1,+56.4,+43.9,+39.4,+36.4,+38.5,+52.7,+18.5,+18.1,+18.5,+18.6,+18.7,+18.7,+19.1
2022-09-15 13:11,1,+56.4,+43.9,+39.2,+36.4,+38.5,+52.7,+18.7,+18.2,+18.5,+18.6,+18.7,+18.7,+19.1
2022-09-15 14:11,1,+56.4,+43.8,+39.2,+36.4,+38.4,+52.7,+18.8,+18.2,+18.5,+18.5,+18.7,+18.7,+19.1
2022-09-15 15:11,1,+57.4,+45.9,+42.2,+42.5,+41.2,+53.0,+18.8,+18.3,+18.5,+18.6,+18.7,+18.7,+19.1
2022-09-15 16:11,1,+57.3,+45.6,+41.7,+38.7,+40.0,+53.2,+18.6,+18.3,+18.5,+18.5,+18.7,+18.7,+19.1
2022-09-15 17:11,1,+57.3,+45.4,+41.5,+37.7,+39.5,+53.0,+18.5,+18.3,+18.6,+18.6,+18.7,+18.7,+19.1
2022-09-15 18:11,1,+57.2,+45.2,+41.2,+37.5,+39.4,+53.0,+18.5,+18.3,+18.6,+18.5,+18.7,+18.7,+19.1
2022-09-15 19:11,1,+57.2,+45.2,+40.9,+37.4,+39.2,+53.0,+18.3,+18.3,+18.6,+18.5,+18.7,+18.7,+19.1
2022-09-15 20:11,1,+57.1,+45.2,+40.7,+37.2,+39.0,+52.9,+18.3,+18.3,+18.6,+18.5,+18.7,+18.7,+19.1
2022-09-15 21:11,1,+56.8,+45.1,+40.5,+37.2,+39.0,+52.9,+18.2,+18.3,+18.6,+18.6,+18.7,+18.7,+19.1
2022-09-15 22:11,1,+56.8,+45.0,+40.5,+37.0,+39.0,+52.9,+18.1,+18.2,+18.6,+18.5,+18.7,+18.7,+19.1
2022-09-15 23:11,1,+56.7,+44.9,+40.2,+37.0,+39.0,+52.9,+18.0,+18.2,+18.6,+18.6,+18.7,+18.7,+19.1
2022-09-16 00:11,1,+56.7,+44.9,+40.2,+36.9,+38.9,+52.9,+18.0,+18.2,+18.6,+18.5,+18.7,+18.7,+19.1
2022-09-16 01:11,1,+56.6,+44.8,+40.0,+36.7,+38.9,+52.7,+17.8,+18.2,+18.6,+18.5,+18.7,+18.7,+19.1
2022-09-16 02:11,1,+56.6,+44.8,+40.0,+36.7,+38.7,+52.7,+17.8,+18.2,+18.6,+18.5,+18.7,+18.7,+19.1
2022-09-16 03:11,1,+56.6,+44.8,+39.9,+36.7,+38.7,+52.7,+17.8,+18.2,+18.6,+18.6,+18.7,+18.7,+19.1
2022-09-16 04:11,1,+56.6,+44.7,+39.7,+36.7,+38.7,+52.7,+17.7,+18.1,+18.6,+18.6,+18.7,+18.7,+19.0
2022-09-16 05:11,1,+56.5,+44.7,+39.7,+36.7,+38.7,+52.7,+17.7,+18.1,+18.6,+18.6,+18.7,+18.7,+19.1
2022-09-16 06:11,1,+56.5,+44.7,+39.7,+36.5,+38.7,+52.7,+17.7,+18.1,+18.6,+18.5,+18.7,+18.7,+19.1
2022-09-16 07:11,1,+56.5,+44.6,+39.5,+36.5,+38.5,+52.7,+17.7,+18.1,+18.6,+18.5,+18.7,+18.7,+19.1
2022-09-16 08:11,1,+56.5,+44.6,+39.5,+36.5,+38.5,+52.7,+17.8,+18.1,+18.6,+18.5,+18.7,+18.7,+19.1
2022-09-16 09:11,1,+56.5,+44.6,+39.5,+36.5,+38.5,+52.7,+17.8,+18.0,+18.5,+18.6,+18.7,+18.7,+19.1
2022-09-16 10:11,1,+56.5,+44.5,+39.5,+36.5,+38.5,+52.7,+18.0,+18.0,+18.5,+18.5,+18.7,+18.7,+19.1
2022-09-16 11:11,1,+56.5,+44.5,+39.4,+36.5,+38.5,+52.7,+18.3,+18.0,+18.5,+18.5,+18.7,+18.7,+19.1
2022-09-16 12:11,1,+56.4,+44.5,+39.4,+36.5,+38.5,+52.7,+18.6,+18.1,+18.6,+18.5,+18.7,+18.7,+19.0
2022-09-16 13:11,1,+56.4,+44.4,+39.2,+36.4,+38.5,+52.7,+18.8,+18.2,+18.6,+18.5,+18.7,+18.7,+19.1
2022-09-16 14:11,1,+56.4,+44.4,+39.2,+36.4,+38.5,+52.7,+19.1,+18.3,+18.5,+18.5,+18.7,+18.6,+19.1
2022-09-16 15:11,1,+56.4,+44.3,+39.2,+36.4,+38.4,+52.7,+19.1,+18.3,+18.5,+18.5,+18.7,+18.7,+19.0
2022-09-16 16:11,1,+56.5,+44.3,+39.2,+36.4,+38.4,+52.7,+19.1,+18.5,+18.5,+18.5,+18.7,+18.7,+19.0
2022-09-16 17:11,1,+56.6,+44.3,+39.2,+36.4,+38.4,+52.7,+19.0,+18.5,+18.6,+18.5,+18.7,+18.7,+19.1
2022-09-16 18:11,1,+57.2,+44.4,+39.0,+36.4,+38.4,+52.7,+18.8,+18.5,+18.6,+18.5,+18.7,+18.7,+19.1
2022-09-16 19:11,1,+57.3,+44.9,+39.2,+36.4,+38.4,+52.7,+18.7,+18.6,+18.6,+18.6,+18.7,+18.7,+19.1
2022-09-16 20:11,1,+57.2,+45.1,+39.4,+36.4,+38.4,+52.7,+18.6,+18.6,+18.6,+18.5,+18.7,+18.7,+19.0
2022-09-16 21:11,1,+57.2,+45.1,+39.7,+36.4,+38.4,+52.7,+18.5,+18.6,+18.7,+18.5,+18.7,+18.7,+19.0
2022-09-16 22:11,1,+56.9,+45.0,+40.0,+36.4,+38.4,+52.7,+18.5,+18.5,+18.6,+18.5,+18.7,+18.7,+19.1
2022-09-16 23:11,1,+56.8,+45.0,+40.0,+36.5,+38.4,+52.7,+18.3,+18.5,+18.7,+18.5,+18.7,+18.7,+19.0
2022-09-17 00:11,1,+56.8,+44.9,+40.0,+36.5,+38.4,+52.7,+18.3,+18.5,+18.7,+18.5,+18.7,+18.7,+19.1
2022-09-17 01:11,1,+56.8,+44.8,+40.0,+36.5,+38.5,+52.7,+18.2,+18.3,+18.6,+18.6,+18.7,+18.7,+19.0
2022-09-17 02:11,1,+56.7,+44.8,+40.0,+36.5,+38.5,+52.7,+18.2,+18.3,+18.7,+18.6,+18.7,+18.7,+19.1
2022-09-17 03:11,1,+56.7,+44.8,+39.9,+36.5,+38.5,+52.7,+18.2,+18.3,+18.7,+18.6,+18.7,+18.6,+19.0
2022-09-17 04:11,1,+56.7,+44.7,+39.9,+36.5,+38.5,+52.7,+18.1,+18.3,+18.7,+18.6,+18.7,+18.6,+19.0
2022-09-17 05:11,1,+56.6,+44.7,+39.7,+36.5,+38.5,+52.7,+18.1,+18.3,+18.7,+18.6,+18.7,+18.7,+19.1
2022-09-17 06:11,1,+56.6,+44.7,+39.7,+36.5,+38.5,+52.7,+18.0,+18.2,+18.7,+18.6,+18.7,+18.7,+19.1
2022-09-17 07:11,1,+56.6,+44.6,+39.7,+36.5,+38.5,+52.7,+17.8,+18.3,+18.7,+18.6,+18.7,+18.7,+19.0
2022-09-17 08:11,1,+56.6,+44.6,+39.5,+36.5,+38.5,+52.7,+18.0,+18.2,+18.6,+18.6,+18.7,+18.7,+19.0
2022-09-17 09:11,1,+56.6,+44.6,+39.5,+36.5,+38.5,+52.7,+18.0,+18.2,+18.7,+18.6,+18.7,+18.7,+19.1
2022-09-17 10:11,1,+56.6,+44.5,+39.5,+36.5,+38.5,+52.7,+18.2,+18.2,+18.6,+18.5,+18.7,+18.6,+19.1
2022-09-17 11:11,1,+56.6,+44.5,+39.5,+36.5,+38.5,+52.7,+18.3,+18.2,+18.6,+18.6,+18.7,+18.7,+19.0
2022-09-17 12:11,1,+56.6,+44.5,+39.4,+36.5,+38.4,+52.7,+18.7,+18.3,+18.7,+18.6,+18.7,+18.7,+19.0
2022-09-17 13:11,1,+56.6,+44.5,+39.4,+36.4,+38.4,+52.7,+19.0,+18.3,+18.6,+18.6,+18.7,+18.7,+19.1
2022-09-17 14:11,1,+56.6,+44.4,+39.2,+36.4,+38.4,+52.7,+19.2,+18.3,+18.6,+18.6,+18.7,+18.7,+19.0
2022-09-17 15:11,1,+56.6,+44.4,+39.2,+36.4,+38.4,+52.7,+19.3,+18.5,+18.6,+18.6,+18.7,+18.7,+19.1
2022-09-17 16:11,1,+57.4,+44.5,+39.2,+36.4,+38.4,+52.7,+19.5,+18.6,+18.6,+18.6,+18.7,+18.7,+19.0
2022-09-17 17:11,1,+57.6,+45.9,+41.9,+39.0,+38.4,+52.7,+19.3,+18.7,+18.6,+18.6,+18.7,+18.7,+19.0
2022-09-17 18:11,1,+57.4,+45.6,+41.7,+38.2,+39.0,+52.7,+19.0,+18.7,+18.7,+18.6,+18.7,+18.7,+19.1
2022-09-17 19:11,1,+57.4,+45.5,+41.5,+37.7,+39.2,+52.9,+18.7,+18.7,+18.7,+18.6,+18.7,+18.7,+19.1
2022-09-17 20:11,1,+57.2,+45.4,+41.4,+37.7,+39.2,+52.9,+18.6,+18.7,+18.8,+18.6,+18.7,+18.7,+19.0
2022-09-17 21:11,1,+57.1,+45.3,+41.2,+37.5,+39.2,+52.9,+18.5,+18.7,+18.7,+18.6,+18.7,+18.6,+19.1
2022-09-17 22:11,1,+57.0,+45.2,+40.7,+37.5,+39.2,+53.0,+18.3,+18.6,+18.8,+18.6,+18.7,+18.7,+19.0
2022-09-17 23:11,1,+56.9,+45.1,+40.5,+37.2,+39.0,+53.0,+18.2,+18.6,+18.8,+18.6,+18.7,+18.6,+19.0
2022-09-18 00:11,1,+56.9,+45.0,+40.5,+37.2,+39.0,+52.9,+18.2,+18.6,+18.7,+18.6,+18.7,+18.6,+19.1
2022-09-18 01:11,1,+56.8,+44.9,+40.2,+37.2,+39.0,+52.9,+18.1,+18.5,+18.8,+18.6,+18.7,+18.7,+19.0
2022-09-18 02:11,1,+56.8,+44.9,+40.2,+37.0,+39.0,+52.9,+18.0,+18.5,+18.8,+18.6,+18.7,+18.7,+19.1
2022-09-18 03:11,1,+56.8,+44.8,+40.0,+36.9,+38.9,+52.9,+17.8,+18.3,+18.7,+18.6,+18.7,+18.6,+19.0
2022-09-18 04:11,1,+56.7,+44.8,+40.0,+36.7,+38.9,+52.9,+17.7,+18.3,+18.7,+18.6,+18.7,+18.7,+19.0
2022-09-18 05:11,1,+56.7,+44.8,+39.9,+36.7,+38.7,+52.9,+17.7,+18.3,+18.7,+18.6,+18.7,+18.7,+19.0
2022-09-18 06:11,1,+56.7,+44.7,+39.7,+36.7,+38.7,+52.9,+17.6,+18.2,+18.7,+18.6,+18.7,+18.7,+19.0
2022-09-18 07:11,1,+56.6,+44.7,+39.7,+36.7,+38.7,+52.9,+17.6,+18.2,+18.7,+18.6,+18.7,+18.6,+19.1
2022-09-18 08:11,1,+56.6,+44.6,+39.7,+36.7,+38.7,+52.9,+17.6,+18.2,+18.7,+18.6,+18.7,+18.7,+19.0
2022-09-18 09:11,1,+56.6,+44.6,+39.5,+36.7,+38.7,+52.9,+17.7,+18.1,+18.7,+18.7,+18.7,+18.6,+19.1
2022-09-18 10:11,1,+56.6,+44.6,+39.5,+36.5,+38.7,+52.7,+17.8,+18.1,+18.7,+18.6,+18.7,+18.6,+19.0
2022-09-18 11:11,1,+56.6,+44.6,+39.5,+36.5,+38.7,+52.7,+18.1,+18.1,+18.6,+18.6,+18.7,+18.7,+19.0
2022-09-18 12:11,1,+56.6,+44.5,+39.5,+36.5,+38.5,+52.7,+18.5,+18.1,+18.6,+18.6,+18.7,+18.7,+19.0
2022-09-18 13:11,1,+56.6,+44.5,+39.4,+36.5,+38.5,+52.7,+18.7,+18.2,+18.6,+18.6,+18.7,+18.7,+19.0
2022-09-18 14:11,1,+56.6,+44.4,+39.4,+36.5,+38.5,+52.7,+18.8,+18.2,+18.7,+18.6,+18.7,+18.7,+19.0
2022-09-18 15:11,1,+56.6,+44.4,+39.2,+36.5,+38.5,+52.7,+18.8,+18.3,+18.6,+18.6,+18.7,+18.6,+19.0
2022-09-18 16:11,1,+56.6,+44.4,+39.2,+36.5,+38.5,+52.7,+18.8,+18.5,+18.6,+18.6,+18.7,+18.7,+19.0
2022-09-18 17:11,1,+56.6,+44.3,+39.2,+36.5,+38.5,+52.7,+18.8,+18.5,+18.6,+18.6,+18.7,+18.7,+19.0
2022-09-18 18:11,1,+56.6,+44.3,+39.2,+36.5,+38.5,+52.7,+18.6,+18.5,+18.6,+18.6,+18.7,+18.6,+19.0
2022-09-18 19:11,1,+56.6,+44.3,+39.2,+36.5,+38.5,+52.7,+18.7,+18.5,+18.7,+18.6,+18.7,+18.7,+19.0
2022-09-18 20:11,1,+56.6,+44.3,+39.0,+36.4,+38.5,+52.7,+18.6,+18.5,+18.7,+18.6,+18.7,+18.7,+19.0
2022-09-18 21:11,1,+56.5,+44.3,+39.0,+36.4,+38.4,+52.7,+18.3,+18.5,+18.7,+18.6,+18.7,+18.6,+19.0
2022-09-18 22:11,1,+56.5,+44.3,+39.0,+36.4,+38.4,+52.7,+18.3,+18.5,+18.7,+18.6,+18.7,+18.7,+19.0
2022-09-18 23:11,1,+56.5,+44.3,+39.0,+36.4,+38.4,+52.7,+18.2,+18.5,+18.7,+18.6,+18.7,+18.7,+19.0
2022-09-19 00:11,1,+56.5,+44.3,+39.0,+36.4,+38.4,+52.7,+18.2,+18.3,+18.7,+18.6,+18.7,+18.6,+19.0
2022-09-19 01:11,1,+56.5,+44.3,+39.0,+36.4,+38.4,+52.7,+18.1,+18.3,+18.7,+18.6,+18.7,+18.7,+19.0
2022-09-19 02:11,1,+56.5,+44.3,+39.0,+36.4,+38.4,+52.7,+18.1,+18.3,+18.7,+18.6,+18.7,+18.7,+19.0
2022-09-19 03:11,1,+56.4,+44.2,+39.0,+36.4,+38.4,+52.7,+18.1,+18.3,+18.7,+18.6,+18.7,+18.7,+19.0
2022-09-19 04:11,1,+56.4,+44.2,+38.9,+36.4,+38.4,+52.7,+18.0,+18.3,+18.7,+18.6,+18.7,+18.7,+19.0
2022-09-19 05:11,1,+56.4,+44.2,+38.9,+36.2,+38.4,+52.7,+18.0,+18.2,+18.7,+18.6,+18.7,+18.7,+19.0
2022-09-19 06:11,1,+56.4,+44.2,+38.9,+36.2,+38.2,+52.7,+17.8,+18.2,+18.7,+18.6,+18.7,+18.7,+19.0
2022-09-19 07:11,1,+56.4,+44.2,+38.9,+36.2,+38.2,+52.7,+17.8,+18.2,+18.6,+18.6,+18.7,+18.7,+19.0
2022-09-19 08:11,1,+56.4,+44.2,+38.9,+36.2,+38.2,+52.7,+18.0,+18.1,+18.7,+18.6,+18.7,+18.7,+19.0
2022-09-19 09:11,1,+56.4,+44.2,+38.9,+36.2,+38.2,+52.7,+18.1,+18.2,+18.7,+18.6,+18.7,+18.7,+19.0
2022-09-19 10:11,1,+56.4,+44.2,+38.7,+36.2,+38.2,+52.7,+18.3,+18.2,+18.6,+18.6,+18.7,+18.7,+19.0
2022-09-19 11:11,1,+56.4,+44.1,+38.7,+36.2,+38.2,+52.7,+18.5,+18.2,+18.7,+18.6,+18.7,+18.7,+19.0
2022-09-19 12:11,1,+56.4,+44.1,+38.7,+36.2,+38.2,+52.7,+18.7,+18.2,+18.6,+18.6,+18.7,+18.7,+19.1
2022-09-19 13:11,1,+56.4,+44.1,+38.7,+36.2,+38.2,+52.7,+19.0,+18.3,+18.6,+18.6,+18.7,+18.7,+19.1
2022-09-19 14:11,1,+56.4,+44.0,+38.7,+36.2,+38.2,+52.7,+19.2,+18.3,+18.6,+18.6,+18.7,+18.7,+19.0
2022-09-19 15:11,1,+56.5,+44.0,+38.7,+36.2,+38.2,+52.7,+19.5,+18.6,+18.6,+18.6,+18.7,+18.7,+19.1
2022-09-19 16:11,1,+56.5,+44.0,+38.7,+36.2,+38.2,+52.7,+19.5,+18.7,+18.6,+18.6,+18.7,+18.7,+19.1
2022-09-19 17:11,1,+57.3,+44.9,+39.0,+36.2,+38.2,+52.7,+19.5,+18.7,+18.6,+18.6,+18.7,+18.7,+19.0
2022-09-19 18:11,1,+57.5,+45.4,+41.0,+37.7,+38.2,+52.7,+19.2,+18.8,+18.7,+18.6,+18.7,+18.7,+19.0
2022-09-19 19:11,1,+57.7,+46.2,+41.5,+37.9,+38.5,+52.7,+19.0,+18.8,+18.7,+18.6,+18.7,+18.7,+19.0
2022-09-19 20:11,1,+57.5,+45.7,+41.7,+38.5,+39.2,+52.9,+18.8,+18.7,+18.8,+18.6,+18.7,+18.7,+19.0
2022-09-19 21:11,1,+57.5,+45.4,+41.4,+38.0,+39.4,+53.0,+18.6,+18.7,+18.8,+18.6,+18.7,+18.7,+19.0
2022-09-19 22:11,1,+57.5,+45.3,+41.2,+37.7,+39.4,+53.0,+18.6,+18.7,+18.8,+18.6,+18.7,+18.7,+19.1
2022-09-19 23:11,1,+57.2,+45.2,+41.0,+37.5,+39.2,+53.0,+18.5,+18.7,+18.8,+18.6,+18.7,+18.7,+19.0
2022-09-20 00:11,1,+57.1,+45.0,+40.7,+37.5,+39.2,+53.0,+18.2,+18.7,+18.8,+18.6,+18.7,+18.7,+19.1
2022-09-20 01:11,1,+57.0,+44.9,+40.5,+37.4,+39.2,+53.0,+18.2,+18.6,+18.8,+18.6,+18.7,+18.6,+19.1
2022-09-20 02:11,1,+57.0,+44.8,+40.2,+37.2,+39.0,+53.0,+18.2,+18.5,+18.8,+18.6,+18.7,+18.7,+19.0
2022-09-20 03:11,1,+57.0,+44.7,+40.2,+37.2,+39.0,+53.0,+18.1,+18.5,+18.8,+18.7,+18.7,+18.7,+19.0
2022-09-20 04:11,1,+57.0,+44.7,+40.0,+37.0,+39.0,+53.0,+18.1,+18.5,+18.8,+18.6,+18.7,+18.6,+19.0
2022-09-20 05:11,1,+57.0,+44.6,+40.0,+36.9,+39.0,+53.0,+18.0,+18.5,+18.8,+18.7,+18.7,+18.7,+19.0
2022-09-20 06:11,1,+57.0,+44.6,+39.9,+36.9,+38.9,+53.0,+18.0,+18.3,+18.8,+18.7,+18.7,+18.6,+19.0
2022-09-20 07:11,1,+57.0,+44.6,+39.7,+36.7,+38.9,+53.0,+18.0,+18.3,+18.7,+18.7,+18.7,+18.7,+19.0
2022-09-20 08:11,1,+57.0,+44.6,+39.7,+36.7,+38.9,+53.0,+18.1,+18.3,+18.7,+18.7,+18.7,+18.6,+19.0
2022-09-20 09:11,1,+57.0,+44.6,+39.7,+36.7,+38.7,+52.9,+18.0,+18.3,+18.7,+18.7,+18.7,+18.6,+19.0
2022-09-20 10:11,1,+56.9,+44.6,+39.7,+36.7,+38.7,+52.9,+18.1,+18.3,+18.8,+18.7,+18.7,+18.7,+19.0
2022-09-20 11:11,1,+56.9,+44.5,+39.5,+36.7,+38.7,+52.9,+18.2,+18.2,+18.7,+18.7,+18.7,+18.7,+19.0
2022-09-20 12:11,1,+56.9,+44.5,+39.5,+36.7,+38.7,+52.9,+18.3,+18.3,+18.7,+18.6,+18.7,+18.7,+19.0
2022-09-20 13:11,1,+56.9,+44.5,+39.5,+36.7,+38.7,+52.9,+18.5,+18.3,+18.7,+18.6,+18.7,+18.7,+19.0
2022-09-20 14:11,1,+57.0,+44.4,+39.5,+36.5,+38.7,+52.9,+18.6,+18.3,+18.7,+18.7,+18.7,+18.7,+19.1
2022-09-20 15:11,1,+57.0,+44.4,+39.5,+36.5,+38.7,+52.9,+18.7,+18.3,+18.7,+18.7,+18.7,+18.7,+19.0
2022-09-20 16:11,1,+57.0,+44.4,+39.4,+36.5,+38.7,+52.9,+18.6,+18.5,+18.7,+18.6,+18.7,+18.6,+19.0
2022-09-20 17:11,1,+57.0,+44.3,+39.4,+36.5,+38.5,+52.9,+18.6,+18.5,+18.7,+18.7,+18.7,+18.7,+19.0
2022-09-20 18:11,1,+57.0,+44.3,+39.2,+36.5,+38.5,+52.9,+18.6,+18.3,+18.7,+18.7,+18.7,+18.7,+19.0
2022-09-20 19:11,1,+57.0,+44.3,+39.2,+36.5,+38.5,+52.9,+18.3,+18.5,+18.7,+18.6,+18.7,+18.7,+19.0
2022-09-20 20:11,1,+57.1,+44.3,+39.2,+36.5,+38.5,+52.9,+18.3,+18.5,+18.8,+18.6,+18.7,+18.6,+19.0
2022-09-20 21:11,1,+57.1,+44.3,+39.2,+36.5,+38.5,+52.9,+18.3,+18.5,+18.7,+18.6,+18.7,+18.7,+19.1
2022-09-20 22:11,1,+57.1,+44.4,+39.2,+36.5,+38.5,+52.9,+18.2,+18.5,+18.7,+18.7,+18.7,+18.7,+19.0
2022-09-20 23:11,1,+57.1,+44.4,+39.2,+36.5,+38.5,+52.9,+18.2,+18.5,+18.7,+18.7,+18.7,+18.7,+19.0
2022-09-21 00:11,1,+57.2,+44.4,+39.2,+36.5,+38.5,+52.9,+18.2,+18.3,+18.7,+18.6,+18.7,+18.7,+19.0
2022-09-21 01:11,1,+57.2,+44.4,+39.2,+36.5,+38.5,+52.9,+18.1,+18.3,+18.7,+18.7,+18.7,+18.7,+19.1
2022-09-21 02:11,1,+57.2,+44.5,+39.2,+36.5,+38.5,+52.9,+18.1,+18.3,+18.7,+18.6,+18.7,+18.7,+19.0
2022-09-21 03:11,1,+57.2,+44.5,+39.2,+36.5,+38.5,+52.9,+18.0,+18.2,+18.7,+18.6,+18.7,+18.7,+19.1
2022-09-21 04:11,1,+57.3,+44.6,+39.2,+36.5,+38.5,+52.9,+18.0,+18.2,+18.7,+18.6,+18.7,+18.7,+19.0
2022-09-21 05:11,1,+57.3,+44.7,+39.2,+36.5,+38.5,+52.9,+17.8,+18.2,+18.7,+18.7,+18.7,+18.7,+19.1
2022-09-21 06:11,1,+57.3,+44.8,+39.4,+36.5,+38.5,+52.7,+17.8,+18.2,+18.7,+18.7,+18.7,+18.7,+19.1
2022-09-21 07:11,1,+57.2,+44.8,+39.5,+36.5,+38.5,+52.7,+17.8,+18.2,+18.7,+18.6,+18.7,+18.7,+19.0
2022-09-21 08:11,1,+57.2,+44.7,+39.5,+36.5,+38.5,+52.7,+17.7,+18.2,+18.7,+18.7,+18.7,+18.7,+19.0
2022-09-21 09:11,1,+57.1,+44.7,+39.7,+36.5,+38.5,+52.7,+17.7,+18.1,+18.7,+18.6,+18.7,+18.7,+19.0
2022-09-21 10:11,1,+57.1,+44.6,+39.7,+36.5,+38.5,+52.7,+17.8,+18.1,+18.7,+18.6,+18.7,+18.7,+19.0
2022-09-21 11:11,1,+57.1,+44.5,+39.7,+36.5,+38.5,+52.7,+18.0,+18.1,+18.6,+18.6,+18.7,+18.7,+19.1
2022-09-21 12:11,1,+57.0,+44.5,+39.7,+36.5,+38.5,+52.7,+18.2,+18.1,+18.6,+18.6,+18.7,+18.7,+19.0
2022-09-21 13:11,1,+57.0,+44.5,+39.5,+36.5,+38.5,+52.7,+18.5,+18.1,+18.6,+18.6,+18.7,+18.7,+19.1
2022-09-21 14:11,1,+57.0,+44.4,+39.5,+36.5,+38.5,+52.7,+18.7,+18.2,+18.7,+18.6,+18.7,+18.6,+19.0
2022-09-21 15:11,1,+56.9,+44.4,+39.5,+36.5,+38.5,+52.7,+18.8,+18.3,+18.6,+18.6,+18.7,+18.7,+19.1
2022-09-21 16:11,1,+56.9,+44.4,+39.5,+36.5,+38.5,+52.7,+18.7,+18.5,+18.6,+18.6,+18.7,+18.7,+19.1
2022-09-21 17:11,1,+56.9,+44.4,+39.4,+36.5,+38.5,+52.7,+18.6,+18.5,+18.6,+18.6,+18.7,+18.7,+19.0
2022-09-21 18:11,1,+56.9,+44.3,+39.4,+36.5,+38.5,+52.7,+18.6,+18.5,+18.6,+18.6,+18.7,+18.7,+19.0
2022-09-21 19:11,1,+56.9,+44.2,+39.4,+36.5,+38.5,+52.7,+18.5,+18.5,+18.6,+18.6,+18.7,+18.6,+19.0
2022-09-21 20:11,1,+57.0,+44.2,+39.2,+36.5,+38.5,+52.9,+18.5,+18.3,+18.6,+18.6,+18.7,+18.7,+19.0
2022-09-21 21:11,1,+57.2,+44.2,+39.2,+36.5,+38.5,+52.9,+18.3,+18.3,+18.7,+18.6,+18.7,+18.7,+19.0
2022-09-21 22:11,1,+57.3,+44.3,+39.2,+36.5,+38.5,+52.9,+18.3,+18.3,+18.7,+18.6,+18.7,+18.7,+19.1
2022-09-21 23:11,1,+57.5,+44.5,+39.2,+36.5,+38.5,+52.9,+18.2,+18.3,+18.7,+18.6,+18.7,+18.7,+19.1
2022-09-22 00:11,1,+57.7,+45.2,+39.2,+36.5,+38.5,+52.9,+18.2,+18.3,+18.7,+18.6,+18.7,+18.6,+19.0
2022-09-22 01:11,1,+57.6,+45.3,+39.9,+36.5,+38.5,+52.9,+18.1,+18.3,+18.7,+18.6,+18.7,+18.7,+19.0
2022-09-22 02:11,1,+57.6,+45.2,+40.5,+36.5,+38.5,+52.9,+18.0,+18.2,+18.7,+18.6,+18.7,+18.6,+19.1
2022-09-22 03:11,1,+57.5,+45.1,+40.7,+36.7,+38.5,+52.9,+18.0,+18.2,+18.7,+18.6,+18.7,+18.7,+19.1
2022-09-22 04:11,1,+57.3,+45.0,+40.7,+36.7,+38.5,+52.9,+17.7,+18.2,+18.7,+18.6,+18.7,+18.7,+19.0
2022-09-22 05:11,1,+57.2,+44.9,+40.7,+36.9,+38.5,+52.9,+17.6,+18.2,+18.7,+18.6,+18.7,+18.7,+19.0
2022-09-22 06:11,1,+57.2,+44.8,+40.5,+36.9,+38.5,+52.9,+17.6,+18.1,+18.7,+18.6,+18.7,+18.7,+19.1
2022-09-22 07:11,1,+57.1,+44.7,+40.4,+36.9,+38.7,+52.9,+17.6,+18.1,+18.6,+18.6,+18.7,+18.6,+19.0
2022-09-22 08:11,1,+57.1,+44.7,+40.2,+36.9,+38.7,+52.9,+17.6,+18.1,+18.6,+18.6,+18.7,+18.6,+19.0
2022-09-22 09:11,1,+57.1,+44.6,+40.0,+36.9,+38.7,+52.9,+17.7,+18.1,+18.6,+18.6,+18.7,+18.7,+19.0
2022-09-22 10:11,1,+57.0,+44.5,+40.0,+36.7,+38.7,+52.9,+17.8,+18.0,+18.6,+18.6,+18.7,+18.6,+19.0
2022-09-22 11:11,1,+57.0,+44.4,+39.9,+36.7,+38.7,+52.9,+18.0,+18.1,+18.6,+18.6,+18.7,+18.7,+19.0
2022-09-22 12:11,1,+57.0,+44.4,+39.7,+36.7,+38.7,+52.9,+18.3,+18.1,+18.5,+18.6,+18.7,+18.7,+19.0
2022-09-22 13:11,1,+57.0,+44.4,+39.7,+36.7,+38.7,+52.9,+18.5,+18.1,+18.6,+18.6,+18.7,+18.7,+19.1
2022-09-22 14:11,1,+57.6,+44.5,+39.7,+36.7,+38.7,+53.0,+18.7,+18.2,+18.6,+18.6,+18.7,+18.7,+19.0
2022-09-22 15:11,1,+58.0,+45.3,+40.2,+36.7,+38.7,+53.0,+18.6,+18.2,+18.5,+18.6,+18.7,+18.7,+19.0
2022-09-22 16:11,1,+58.0,+45.5,+41.5,+37.4,+38.7,+53.0,+18.6,+18.3,+18.6,+18.6,+18.7,+18.7,+19.0
2022-09-22 17:11,1,+58.0,+45.4,+41.5,+37.7,+39.0,+53.0,+18.6,+18.3,+18.6,+18.5,+18.7,+18.7,+19.1
2022-09-22 18:11,1,+57.8,+45.3,+41.5,+37.7,+39.2,+53.0,+18.5,+18.3,+18.6,+18.5,+18.7,+18.6,+19.0
2022-09-22 19:11,1,+57.8,+45.1,+41.2,+37.7,+39.4,+53.0,+18.5,+18.3,+18.6,+18.5,+18.7,+18.7,+19.0
2022-09-22 20:11,1,+57.9,+45.2,+41.0,+37.5,+39.4,+53.2,+18.3,+18.3,+18.6,+18.5,+18.7,+18.7,+19.0
2022-09-22 21:11,1,+57.8,+45.2,+41.0,+37.5,+39.2,+53.2,+18.2,+18.3,+18.6,+18.5,+18.7,+18.7,+19.0
2022-09-22 22:11,1,+57.4,+45.0,+41.0,+37.5,+39.2,+53.2,+18.2,+18.3,+18.6,+18.6,+18.7,+18.7,+19.0
2022-09-22 23:11,1,+57.3,+44.9,+40.7,+37.5,+39.2,+53.2,+18.1,+18.3,+18.7,+18.5,+18.7,+18.7,+19.0
2022-09-23 00:11,1,+57.3,+44.8,+40.5,+37.4,+39.2,+53.2,+18.1,+18.2,+18.6,+18.6,+18.7,+18.7,+19.0
2022-09-23 01:11,1,+57.3,+44.8,+40.5,+37.2,+39.2,+53.2,+18.1,+18.2,+18.6,+18.5,+18.7,+18.7,+19.0
2022-09-23 02:11,1,+57.3,+44.8,+40.2,+37.2,+39.0,+53.0,+18.0,+18.2,+18.6,+18.5,+18.7,+18.6,+19.1
2022-09-23 03:11,1,+57.2,+44.7,+40.2,+37.0,+39.0,+53.0,+18.0,+18.2,+18.6,+18.6,+18.7,+18.7,+19.0
2022-09-23 04:11,1,+57.2,+44.7,+40.0,+37.0,+39.0,+53.0,+17.8,+18.2,+18.6,+18.6,+18.7,+18.6,+19.0
2022-09-23 05:11,1,+57.2,+44.6,+40.0,+36.9,+39.0,+53.0,+17.8,+18.2,+18.6,+18.6,+18.7,+18.6,+19.0
2022-09-23 06:11,1,+57.2,+44.5,+39.9,+36.9,+39.0,+53.0,+17.8,+18.1,+18.6,+18.5,+18.7,+18.7,+19.0
2022-09-23 07:11,1,+57.2,+44.5,+39.9,+36.9,+38.9,+53.0,+17.7,+18.1,+18.6,+18.6,+18.7,+18.7,+19.0
2022-09-23 08:11,1,+57.2,+44.5,+39.7,+36.7,+38.9,+53.0,+17.7,+18.1,+18.6,+18.6,+18.7,+18.6,+19.0
2022-09-23 09:11,1,+57.2,+44.5,+39.7,+36.7,+38.9,+53.0,+17.8,+18.1,+18.6,+18.5,+18.7,+18.7,+19.0
2022-09-23 10:11,1,+57.2,+44.4,+39.7,+36.7,+38.7,+53.0,+18.0,+18.1,+18.6,+18.5,+18.7,+18.6,+19.0
2022-09-23 11:11,1,+57.2,+44.4,+39.5,+36.7,+38.7,+53.0,+18.3,+18.1,+18.6,+18.5,+18.7,+18.7,+19.0
2022-09-23 12:11,1,+57.2,+44.4,+39.5,+36.7,+38.7,+53.0,+18.5,+18.2,+18.6,+18.5,+18.7,+18.6,+19.0
2022-09-23 13:11,1,+57.2,+44.3,+39.5,+36.7,+38.7,+53.0,+18.8,+18.2,+18.5,+18.5,+18.7,+18.7,+19.0
2022-09-23 14:11,1,+57.3,+44.3,+39.4,+36.7,+38.7,+53.0,+19.1,+18.2,+18.5,+18.5,+18.7,+18.6,+19.0
2022-09-23 15:11,1,+57.3,+44.3,+39.4,+36.5,+38.7,+53.0,+19.3,+18.3,+18.6,+18.5,+18.7,+18.6,+19.1
2022-09-23 16:11,1,+57.3,+44.2,+39.4,+36.5,+38.7,+53.0,+19.6,+18.5,+18.6,+18.6,+18.7,+18.7,+19.0
2022-09-23 17:11,1,+57.4,+44.2,+39.2,+36.5,+38.7,+53.0,+19.6,+18.6,+18.6,+18.5,+18.7,+18.7,+19.0
2022-09-23 18:11,1,+57.3,+44.2,+39.2,+36.5,+38.7,+53.0,+19.5,+18.7,+18.6,+18.6,+18.7,+18.6,+19.0
2022-09-23 19:11,1,+57.4,+44.2,+39.2,+36.5,+38.5,+53.0,+19.3,+18.7,+18.6,+18.5,+18.7,+18.7,+19.0
2022-09-23 20:11,1,+57.4,+44.1,+39.2,+36.5,+38.5,+53.0,+19.1,+18.7,+18.7,+18.5,+18.7,+18.6,+19.0
2022-09-23 21:11,1,+57.3,+44.1,+39.2,+36.5,+38.5,+53.0,+19.1,+18.8,+18.7,+18.5,+18.6,+18.6,+19.0
2022-09-23 22:11,1,+57.3,+44.2,+39.2,+36.5,+38.5,+53.0,+19.0,+18.8,+18.7,+18.5,+18.7,+18.6,+19.0
2022-09-23 23:11,1,+57.3,+44.1,+39.0,+36.5,+38.5,+53.0,+19.0,+18.8,+18.8,+18.6,+18.6,+18.6,+19.0
2022-09-24 00:11,1,+57.3,+44.1,+39.0,+36.5,+38.5,+53.0,+18.8,+18.8,+18.7,+18.6,+18.7,+18.6,+19.0
2022-09-24 01:11,1,+57.3,+44.1,+39.0,+36.5,+38.5,+53.0,+18.7,+18.7,+18.8,+18.6,+18.7,+18.6,+19.0
2022-09-24 02:11,1,+57.3,+44.1,+39.0,+36.5,+38.5,+53.0,+18.6,+18.7,+18.8,+18.6,+18.7,+18.6,+19.0
2022-09-24 03:11,1,+57.3,+44.1,+39.0,+36.5,+38.5,+52.9,+18.5,+18.7,+18.8,+18.6,+18.7,+18.6,+19.0
2022-09-24 04:11,1,+57.2,+44.1,+39.0,+36.5,+38.5,+52.9,+18.3,+18.6,+18.8,+18.6,+18.7,+18.6,+19.0
2022-09-24 05:11,1,+57.2,+44.2,+39.0,+36.5,+38.5,+53.0,+18.2,+18.6,+18.8,+18.6,+18.7,+18.6,+19.0
2022-09-24 06:11,1,+57.2,+44.2,+39.0,+36.5,+38.5,+52.9,+18.2,+18.6,+18.8,+18.6,+18.7,+18.6,+19.0
2022-09-24 07:11,1,+57.2,+44.2,+39.0,+36.5,+38.5,+52.9,+18.1,+18.5,+18.8,+18.6,+18.7,+18.7,+19.0
2022-09-24 08:11,1,+57.2,+44.2,+39.0,+36.5,+38.5,+52.9,+18.1,+18.5,+18.8,+18.7,+18.7,+18.7,+19.0
2022-09-24 09:11,1,+57.2,+44.2,+38.9,+36.5,+38.5,+52.9,+18.2,+18.5,+18.7,+18.6,+18.7,+18.6,+19.1
2022-09-24 10:11,1,+57.2,+44.2,+38.9,+36.4,+38.4,+52.9,+18.3,+18.5,+18.8,+18.7,+18.7,+18.6,+19.0
2022-09-24 11:11,1,+57.2,+44.1,+38.9,+36.4,+38.4,+52.9,+18.6,+18.3,+18.8,+18.6,+18.7,+18.6,+19.0
2022-09-24 12:11,1,+57.2,+44.1,+38.9,+36.4,+38.4,+52.9,+18.7,+18.5,+18.8,+18.7,+18.7,+18.6,+19.0
2022-09-24 13:11,1,+57.2,+44.1,+38.9,+36.4,+38.4,+52.9,+19.0,+18.5,+18.8,+18.6,+18.7,+18.7,+19.1
2022-09-24 14:11,1,+57.2,+44.0,+38.7,+36.4,+38.4,+52.9,+19.2,+18.6,+18.7,+18.7,+18.7,+18.7,+19.0
2022-09-24 15:11,1,+57.2,+44.0,+38.7,+36.4,+38.4,+52.9,+19.6,+18.6,+18.8,+18.7,+18.7,+18.7,+19.0
2022-09-24 16:11,1,+57.2,+44.0,+38.7,+36.4,+38.4,+52.9,+19.6,+18.7,+18.8,+18.6,+18.7,+18.6,+19.0
2022-09-24 17:11,1,+57.2,+44.0,+38.7,+36.4,+38.4,+52.9,+19.7,+18.8,+18.8,+18.7,+18.7,+18.6,+19.0
2022-09-24 18:11,1,+57.2,+44.0,+38.7,+36.4,+38.4,+52.9,+19.6,+18.8,+18.8,+18.6,+18.7,+18.6,+19.0
2022-09-24 19:11,1,+57.3,+44.0,+38.7,+36.4,+38.4,+52.9,+19.6,+19.0,+18.8,+18.7,+18.7,+18.6,+19.1
2022-09-24 20:11,1,+58.0,+44.1,+38.7,+36.4,+38.4,+52.9,+19.5,+19.0,+18.8,+18.6,+18.7,+18.6,+19.0
2022-09-24 21:11,1,+58.1,+44.5,+38.7,+36.4,+38.4,+52.9,+19.3,+19.0,+18.8,+18.7,+18.7,+18.7,+19.0
2022-09-24 22:11,1,+58.1,+44.9,+38.7,+36.4,+38.2,+52.9,+19.2,+19.0,+19.0,+18.7,+18.7,+18.6,+19.0
2022-09-24 23:11,1,+58.0,+45.0,+39.0,+36.4,+38.2,+52.9,+19.0,+19.0,+19.0,+18.7,+18.7,+18.7,+19.0
2022-09-25 00:11,1,+57.9,+45.0,+39.4,+36.4,+38.2,+52.9,+18.8,+19.0,+19.0,+18.7,+18.7,+18.6,+19.0
2022-09-25 01:11,1,+57.9,+45.0,+39.5,+36.4,+38.2,+52.9,+18.7,+19.0,+19.0,+18.7,+18.7,+18.6,+19.0
2022-09-25 02:11,1,+57.8,+44.9,+39.7,+36.4,+38.2,+52.9,+18.6,+18.8,+19.1,+18.7,+18.7,+18.6,+19.0
2022-09-25 03:11,1,+57.8,+44.9,+39.7,+36.5,+38.4,+52.9,+18.6,+18.8,+19.0,+18.7,+18.7,+18.6,+19.0
2022-09-25 04:11,1,+57.8,+44.8,+39.9,+36.5,+38.4,+52.9,+18.5,+18.7,+19.0,+18.7,+18.7,+18.7,+19.0
2022-09-25 05:11,1,+57.8,+44.8,+39.9,+36.5,+38.4,+52.9,+18.3,+18.7,+19.0,+18.8,+18.7,+18.7,+19.1
2022-09-25 06:11,1,+57.8,+44.7,+39.7,+36.5,+38.4,+52.9,+18.2,+18.7,+19.0,+18.7,+18.7,+18.7,+19.0
2022-09-25 07:11,1,+57.8,+44.7,+39.7,+36.5,+38.4,+52.9,+18.3,+18.6,+19.0,+18.7,+18.7,+18.7,+19.0
2022-09-25 08:11,1,+57.9,+44.7,+39.7,+36.5,+38.4,+52.9,+18.3,+18.6,+19.0,+18.7,+18.7,+18.6,+19.0
2022-09-25 09:11,1,+57.9,+44.6,+39.7,+36.5,+38.4,+52.9,+18.6,+18.6,+19.0,+18.7,+18.7,+18.7,+19.0
2022-09-25 10:11,1,+58.0,+44.6,+39.7,+36.5,+38.4,+52.9,+18.7,+18.6,+19.0,+18.7,+18.7,+18.7,+19.0
2022-09-25 11:11,1,+58.1,+44.6,+39.7,+36.5,+38.4,+52.9,+18.8,+18.6,+19.0,+18.7,+18.7,+18.7,+19.0
2022-09-25 12:11,1,+58.1,+44.6,+39.5,+36.5,+38.4,+52.9,+19.1,+18.6,+19.0,+18.8,+18.7,+18.7,+19.0
2022-09-25 13:11,1,+58.2,+44.5,+39.5,+36.5,+38.4,+52.9,+19.5,+18.7,+19.0,+18.7,+18.7,+18.7,+19.1
2022-09-25 14:11,1,+58.2,+44.5,+39.5,+36.5,+38.4,+52.9,+19.6,+18.7,+18.8,+18.7,+18.7,+18.7,+19.1
2022-09-25 15:11,1,+58.3,+44.5,+39.5,+36.5,+38.4,+52.9,+19.6,+18.8,+19.0,+18.7,+18.7,+18.7,+19.0
2022-09-25 16:11,1,+58.4,+44.4,+39.4,+36.5,+38.4,+52.9,+19.5,+19.0,+19.0,+18.7,+18.7,+18.6,+19.0
2022-09-25 17:11,1,+58.4,+44.4,+39.4,+36.5,+38.4,+52.9,+19.3,+19.0,+19.0,+18.7,+18.7,+18.7,+19.0
2022-09-25 18:11,1,+58.4,+44.5,+39.4,+36.5,+38.4,+52.9,+19.2,+19.0,+19.0,+18.7,+18.7,+18.7,+19.1
2022-09-25 19:11,1,+58.3,+44.5,+39.2,+36.5,+38.4,+52.9,+19.1,+19.0,+19.1,+18.7,+18.7,+18.7,+19.0
2022-09-25 20:11,1,+58.3,+44.5,+39.2,+36.5,+38.4,+52.9,+19.0,+19.0,+19.0,+18.8,+18.7,+18.7,+19.0
2022-09-25 21:11,1,+58.3,+44.5,+39.2,+36.5,+38.4,+52.9,+18.8,+19.0,+19.1,+18.8,+18.7,+18.7,+19.1
2022-09-25 22:11,1,+58.4,+44.5,+39.2,+36.5,+38.4,+52.9,+18.8,+19.0,+19.1,+18.7,+18.7,+18.7,+19.0
2022-09-25 23:11,1,+58.4,+44.4,+39.2,+36.5,+38.4,+52.9,+18.7,+18.8,+19.1,+18.8,+18.7,+18.7,+19.0
2022-09-26 00:11,1,+58.4,+44.4,+39.2,+36.5,+38.4,+52.9,+18.6,+18.8,+19.1,+18.8,+18.7,+18.7,+19.0
2022-09-26 01:11,1,+58.4,+44.4,+39.2,+36.5,+38.4,+52.9,+18.6,+18.8,+19.1,+18.8,+18.7,+18.7,+19.0
2022-09-26 02:11,1,+58.4,+44.4,+39.2,+36.5,+38.4,+52.9,+18.5,+18.7,+19.0,+18.8,+18.7,+18.7,+19.0
2022-09-26 03:11,1,+58.4,+44.4,+39.2,+36.5,+38.4,+52.9,+18.3,+18.7,+19.1,+18.8,+18.7,+18.7,+19.0
2022-09-26 04:11,1,+58.4,+44.4,+39.2,+36.5,+38.4,+52.9,+18.2,+18.7,+19.0,+18.8,+18.7,+18.7,+19.0
2022-09-26 05:11,1,+58.4,+44.4,+39.2,+36.5,+38.4,+52.9,+18.1,+18.6,+19.1,+18.8,+18.7,+18.7,+19.0
2022-09-26 06:11,1,+58.4,+44.4,+39.2,+36.5,+38.4,+52.9,+17.8,+18.6,+19.0,+18.8,+18.7,+18.7,+19.0
2022-09-26 07:11,1,+58.4,+44.4,+39.0,+36.5,+38.4,+52.9,+17.8,+18.5,+19.0,+18.8,+19.0,+18.7,+19.0
2022-09-26 08:11,1,+58.4,+44.3,+39.0,+36.5,+38.4,+52.9,+17.8,+18.5,+19.0,+18.8,+18.7,+18.7,+19.0
2022-09-26 09:11,1,+58.5,+44.3,+39.0,+36.5,+38.4,+52.9,+18.0,+18.3,+19.0,+18.8,+18.7,+18.7,+19.0
2022-09-26 10:11,1,+58.5,+44.3,+39.0,+36.5,+38.4,+52.9,+18.0,+18.3,+19.0,+18.8,+18.7,+18.7,+19.1
2022-09-26 11:11,1,+58.5,+44.3,+39.0,+36.5,+38.4,+52.9,+18.2,+18.3,+19.0,+18.8,+19.0,+18.7,+19.1
2022-09-26 12:11,1,+58.5,+44.2,+39.0,+36.5,+38.4,+52.9,+18.5,+18.3,+18.8,+18.8,+18.7,+18.7,+19.0
2022-09-26 13:11,1,+58.5,+44.2,+39.0,+36.5,+38.4,+52.9,+18.7,+18.3,+19.0,+18.8,+19.0,+18.7,+19.1
2022-09-26 14:11,1,+58.6,+44.2,+39.0,+36.5,+38.4,+52.9,+18.6,+18.5,+18.8,+18.7,+19.0,+18.7,+19.0
2022-09-26 15:11,1,+58.7,+44.2,+39.0,+36.5,+38.4,+52.9,+18.6,+18.5,+18.8,+18.8,+18.7,+18.7,+19.0
2022-09-26 16:11,1,+58.7,+44.2,+38.9,+36.5,+38.4,+52.9,+18.6,+18.5,+18.8,+18.8,+18.7,+18.7,+19.1
2022-09-26 17:11,1,+58.8,+44.2,+38.9,+36.4,+38.4,+52.9,+18.5,+18.5,+19.0,+18.7,+19.0,+18.7,+19.1
2022-09-26 18:11,1,+58.8,+44.2,+38.9,+36.4,+38.4,+52.9,+18.5,+18.5,+18.8,+18.8,+18.7,+18.7,+19.1
2022-09-26 19:11,1,+58.9,+44.2,+38.9,+36.4,+38.4,+52.9,+18.3,+18.5,+18.8,+18.7,+18.7,+18.7,+19.0
2022-09-26 20:11,1,+58.9,+44.2,+38.9,+36.4,+38.4,+52.9,+18.2,+18.5,+18.8,+18.7,+19.0,+18.7,+19.1
2022-09-26 21:11,1,+58.9,+44.2,+38.7,+36.4,+38.4,+53.0,+18.2,+18.6,+18.8,+18.7,+18.7,+18.7,+19.0
2022-09-26 22:11,1,+59.5,+44.3,+38.7,+36.4,+38.4,+53.0,+18.2,+18.5,+18.8,+18.7,+18.7,+18.7,+19.1
2022-09-26 23:11,1,+59.5,+44.5,+38.7,+36.4,+38.4,+53.0,+18.1,+18.5,+18.8,+18.7,+18.7,+18.7,+19.0
2022-09-27 00:11,1,+59.4,+44.6,+38.9,+36.4,+38.4,+52.9,+18.2,+18.3,+18.8,+18.7,+18.7,+18.7,+19.1
2022-09-27 01:11,1,+59.4,+44.7,+38.9,+36.4,+38.4,+52.9,+18.1,+18.3,+18.8,+18.7,+18.7,+18.7,+19.1
2022-09-27 02:11,1,+59.4,+44.7,+39.0,+36.4,+38.4,+52.9,+18.1,+18.3,+18.8,+18.7,+18.7,+18.7,+19.1
2022-09-27 03:11,1,+59.4,+44.7,+39.0,+36.4,+38.2,+52.9,+18.1,+18.3,+18.7,+18.7,+18.7,+18.7,+19.0
2022-09-27 04:11,1,+59.4,+44.6,+39.2,+36.4,+38.2,+52.9,+18.0,+18.3,+18.8,+18.7,+18.7,+18.7,+19.1
2022-09-27 05:11,1,+59.3,+44.6,+39.2,+36.4,+38.2,+52.9,+18.0,+18.2,+18.8,+18.7,+18.7,+18.7,+19.1
2022-09-27 06:11,1,+59.4,+44.6,+39.2,+36.4,+38.2,+52.9,+18.0,+18.2,+18.7,+18.7,+18.7,+18.7,+19.1
2022-09-27 07:11,1,+59.3,+44.5,+39.2,+36.4,+38.2,+52.9,+18.0,+18.3,+18.7,+18.7,+18.7,+18.7,+19.1
2022-09-27 08:11,1,+59.3,+44.5,+39.4,+36.4,+38.2,+52.9,+18.0,+18.3,+18.8,+18.7,+18.7,+18.7,+19.1
2022-09-27 09:11,1,+59.4,+44.5,+39.4,+36.4,+38.2,+52.9,+18.1,+18.2,+18.7,+18.7,+18.7,+18.7,+19.1
2022-09-27 10:11,1,+59.4,+44.4,+39.4,+36.5,+38.4,+52.9,+18.2,+18.2,+18.7,+18.7,+18.7,+18.7,+19.0
2022-09-27 11:11,1,+59.4,+44.4,+39.2,+36.5,+38.4,+53.0,+18.3,+18.2,+18.8,+18.7,+19.0,+18.7,+19.1
2022-09-27 12:11,1,+59.5,+44.4,+39.2,+36.5,+38.4,+52.9,+18.6,+18.2,+18.7,+18.7,+18.7,+18.7,+19.1
2022-09-27 13:11,1,+59.6,+44.4,+39.2,+36.5,+38.4,+52.9,+19.0,+18.3,+18.7,+18.7,+18.7,+18.7,+19.1
2022-09-27 14:11,1,+59.6,+44.3,+39.2,+36.5,+38.4,+53.0,+19.1,+18.5,+18.7,+18.7,+18.7,+18.7,+19.1
2022-09-27 15:11,1,+59.7,+44.3,+39.2,+36.5,+38.4,+53.0,+19.0,+18.5,+18.7,+18.6,+18.7,+18.7,+19.1
2022-09-27 16:11,1,+59.7,+44.3,+39.2,+36.5,+38.4,+53.0,+19.0,+18.5,+18.7,+18.7,+18.7,+18.7,+19.1
2022-09-27 17:11,1,+59.7,+44.3,+39.2,+36.5,+38.4,+53.0,+18.8,+18.6,+18.7,+18.6,+18.7,+18.7,+19.1
2022-09-27 18:11,1,+59.7,+44.3,+39.2,+36.5,+38.4,+53.0,+18.8,+18.6,+18.7,+18.7,+18.7,+18.7,+19.1
2022-09-27 19:11,1,+59.8,+44.3,+39.0,+36.5,+38.4,+53.0,+18.7,+18.6,+18.7,+18.7,+18.7,+18.7,+19.0
2022-09-27 20:11,1,+59.8,+44.3,+39.0,+36.5,+38.4,+53.0,+18.6,+18.6,+18.8,+18.7,+18.7,+18.7,+19.1
2022-09-27 21:11,1,+59.8,+44.3,+39.0,+36.5,+38.4,+53.0,+18.6,+18.6,+18.8,+18.7,+18.7,+18.7,+19.1
2022-09-27 22:11,1,+59.8,+44.3,+39.0,+36.5,+38.4,+53.0,+18.5,+18.6,+18.8,+18.6,+18.7,+18.7,+19.0
2022-09-27 23:11,1,+59.8,+44.3,+39.0,+36.5,+38.4,+53.0,+18.3,+18.5,+18.8,+18.7,+18.7,+18.7,+19.1
2022-09-28 00:11,1,+59.9,+44.2,+39.0,+36.5,+38.4,+53.0,+18.2,+18.5,+18.8,+18.7,+18.7,+18.7,+19.1
2022-09-28 01:11,1,+59.9,+44.2,+39.0,+36.4,+38.4,+53.0,+18.1,+18.5,+18.8,+18.7,+18.7,+18.7,+19.1
2022-09-28 02:11,1,+59.9,+44.2,+39.0,+36.4,+38.4,+53.0,+18.1,+18.3,+18.7,+18.7,+18.7,+18.7,+19.0
2022-09-28 03:11,1,+60.0,+44.5,+39.0,+36.4,+38.4,+53.0,+18.2,+18.3,+18.8,+18.6,+18.7,+18.7,+19.1
2022-09-28 04:11,1,+60.0,+44.5,+39.0,+36.4,+38.4,+53.0,+18.1,+18.3,+18.7,+18.7,+18.7,+18.7,+19.1
2022-09-28 05:11,1,+60.0,+44.3,+38.9,+36.4,+38.4,+53.0,+18.1,+18.5,+18.8,+18.7,+18.7,+18.7,+19.1
2022-09-28 06:11,1,+60.0,+44.3,+38.9,+36.4,+38.4,+53.0,+18.1,+18.3,+18.8,+18.7,+18.7,+18.7,+19.1
2022-09-28 07:11,1,+60.1,+44.3,+38.9,+36.4,+38.4,+53.0,+18.1,+18.3,+18.8,+18.7,+18.7,+18.7,+19.1
2022-09-28 08:11,1,+59.9,+44.3,+38.9,+36.4,+38.4,+53.0,+18.2,+18.3,+18.8,+18.7,+18.7,+18.7,+19.1
2022-09-28 09:11,1,+60.0,+44.3,+38.7,+36.4,+38.4,+53.0,+18.3,+18.3,+18.8,+18.7,+18.7,+18.7,+19.1
2022-09-28 10:11,1,+60.0,+44.5,+38.7,+36.4,+38.4,+53.0,+18.5,+18.3,+18.8,+18.7,+18.7,+18.7,+19.0
2022-09-28 11:11,1,+60.1,+44.4,+38.7,+36.4,+38.4,+53.0,+18.6,+18.3,+18.7,+18.7,+18.7,+18.7,+19.1
2022-09-28 12:11,1,+60.1,+44.3,+38.7,+36.4,+38.4,+53.0,+19.0,+18.3,+18.7,+18.7,+18.7,+18.7,+19.0
2022-09-28 13:11,1,+60.2,+44.3,+38.7,+36.4,+38.4,+53.0,+19.2,+18.5,+18.7,+18.7,+18.7,+18.7,+19.1
2022-09-28 14:11,1,+60.2,+44.4,+38.7,+36.4,+38.4,+53.0,+19.5,+18.6,+18.7,+18.7,+18.7,+18.7,+19.1
2022-09-28 15:11,1,+60.3,+44.4,+38.7,+36.4,+38.4,+53.0,+19.6,+18.7,+18.7,+18.7,+18.7,+18.7,+19.1
2022-09-28 16:11,1,+61.5,+44.6,+38.7,+36.4,+38.4,+53.0,+19.5,+18.8,+18.7,+18.7,+18.7,+18.7,+19.0
2022-09-28 17:11,1,+61.9,+46.1,+39.4,+36.5,+38.4,+53.0,+19.3,+18.8,+18.8,+18.7,+18.7,+18.7,+19.1
2022-09-28 18:11,1,+61.9,+45.9,+40.9,+36.7,+38.4,+53.0,+19.1,+19.0,+18.8,+18.6,+18.7,+18.7,+19.0
2022-09-28 19:11,1,+61.9,+45.8,+41.0,+37.0,+38.5,+53.0,+19.1,+19.0,+18.8,+18.7,+18.7,+18.7,+19.1
2022-09-28 20:11,1,+61.9,+45.8,+40.7,+37.0,+38.5,+53.0,+19.0,+18.8,+19.0,+18.7,+18.7,+18.7,+19.0
2022-09-28 21:11,1,+61.9,+45.7,+40.7,+37.0,+38.7,+53.0,+18.8,+18.8,+19.0,+18.7,+18.7,+18.7,+19.1
2022-09-28 22:11,1,+61.9,+45.7,+40.5,+37.0,+38.7,+53.0,+18.8,+18.8,+19.0,+18.7,+18.7,+18.7,+19.0
2022-09-28 23:11,1,+61.9,+45.6,+40.5,+37.0,+38.9,+53.0,+18.7,+18.8,+19.0,+18.7,+18.7,+18.7,+19.0
2022-09-29 00:11,1,+61.9,+45.5,+40.4,+37.0,+38.9,+53.2,+18.6,+18.8,+19.0,+18.7,+18.7,+18.7,+19.0
2022-09-29 01:11,1,+61.9,+45.5,+40.2,+37.0,+38.9,+53.2,+18.6,+18.7,+19.0,+18.7,+18.7,+18.7,+19.1
2022-09-29 02:11,1,+61.9,+45.4,+40.2,+37.0,+38.9,+53.2,+18.6,+18.7,+19.0,+18.7,+18.7,+18.7,+19.0
2022-09-29 03:11,1,+61.9,+45.5,+40.0,+37.0,+38.9,+53.2,+18.5,+18.7,+18.8,+18.7,+18.7,+18.7,+19.1
2022-09-29 04:11,1,+61.6,+45.5,+40.0,+36.9,+38.9,+53.2,+18.5,+18.6,+19.0,+18.7,+18.7,+18.7,+19.1
2022-09-29 05:11,1,+61.5,+45.5,+40.0,+36.9,+38.9,+53.2,+18.5,+18.6,+19.0,+18.7,+18.7,+18.7,+19.1
2022-09-29 06:11,1,+61.5,+45.5,+39.9,+36.9,+38.9,+53.2,+18.3,+18.6,+19.0,+18.7,+18.7,+18.7,+19.1
2022-09-29 07:11,1,+61.5,+45.5,+39.7,+36.9,+38.9,+53.2,+18.3,+18.6,+19.0,+18.8,+18.7,+18.7,+19.0
2022-09-29 08:11,1,+61.6,+45.4,+39.7,+36.7,+38.9,+53.2,+18.5,+18.6,+19.0,+18.8,+18.7,+18.7,+19.0
2022-09-29 09:11,1,+61.6,+45.4,+39.7,+36.7,+38.9,+53.2,+18.5,+18.6,+19.0,+18.8,+18.7,+18.7,+19.0
2022-09-29 10:11,1,+61.6,+45.4,+39.7,+36.7,+38.9,+53.2,+18.6,+18.6,+19.0,+18.8,+18.7,+18.7,+19.0
2022-09-29 11:11,1,+61.7,+45.4,+39.5,+36.7,+38.7,+53.2,+18.8,+18.6,+19.0,+18.7,+18.7,+18.7,+19.1
2022-09-29 12:11,1,+62.1,+45.4,+39.5,+36.7,+38.7,+53.2,+19.0,+18.6,+18.8,+18.7,+18.7,+18.7,+19.1
2022-09-29 13:11,1,+62.6,+46.7,+40.7,+36.9,+38.7,+53.2,+19.0,+18.7,+18.8,+18.7,+18.7,+18.7,+19.1
2022-09-29 14:11,1,+62.7,+46.8,+41.4,+37.2,+38.9,+53.2,+19.0,+18.7,+19.0,+18.8,+19.0,+18.7,+19.1
2022-09-29 15:11,1,+62.7,+46.8,+41.7,+37.9,+39.2,+53.2,+19.1,+18.7,+18.8,+18.8,+18.7,+18.7,+19.1
2022-09-29 16:11,1,+62.6,+46.5,+41.5,+38.0,+39.4,+53.2,+19.1,+18.7,+18.8,+18.7,+18.7,+18.7,+19.1
2022-09-29 17:11,1,+62.6,+46.3,+41.2,+37.7,+39.5,+53.2,+19.1,+18.8,+19.0,+18.7,+18.7,+18.7,+19.1
2022-09-29 18:11,1,+62.5,+46.1,+41.0,+37.7,+39.4,+53.4,+19.0,+18.8,+19.0,+18.7,+18.7,+18.7,+19.1
2022-09-29 19:11,1,+62.5,+45.9,+40.7,+37.5,+39.4,+53.4,+18.8,+18.8,+19.0,+18.7,+18.7,+18.7,+19.0
2022-09-29 20:11,1,+62.5,+45.9,+40.5,+37.5,+39.2,+53.4,+18.8,+18.8,+19.0,+18.7,+19.0,+18.7,+19.0
2022-09-29 21:11,1,+62.5,+45.8,+40.4,+37.5,+39.2,+53.4,+18.7,+18.8,+19.0,+18.8,+18.7,+18.7,+19.1
2022-09-29 22:11,1,+62.5,+45.8,+40.2,+37.4,+39.2,+53.4,+18.7,+18.7,+19.0,+18.7,+18.7,+18.7,+19.1
2022-09-29 23:11,1,+62.3,+45.8,+40.2,+37.2,+39.2,+53.4,+18.6,+18.7,+19.0,+18.7,+18.7,+18.7,+19.0
2022-09-30 00:11,1,+62.3,+45.8,+40.0,+37.0,+39.2,+53.2,+18.6,+18.7,+19.1,+18.8,+18.7,+18.7,+19.0
2022-09-30 01:11,1,+62.3,+45.8,+40.0,+37.0,+39.2,+53.2,+18.5,+18.7,+19.0,+18.8,+18.7,+18.7,+19.1
2022-09-30 02:11,1,+62.3,+45.8,+39.9,+37.0,+39.0,+53.2,+18.3,+18.6,+19.0,+18.8,+19.0,+18.7,+19.1
2022-09-30 03:11,1,+62.3,+45.8,+39.9,+37.0,+39.0,+53.2,+18.3,+18.6,+19.0,+18.7,+18.7,+18.7,+19.1
2022-09-30 04:11,1,+62.2,+45.8,+39.7,+37.0,+39.0,+53.2,+18.3,+18.6,+19.0,+18.8,+18.7,+18.7,+19.1
2022-09-30 05:11,1,+62.2,+45.8,+39.7,+36.9,+39.0,+53.2,+18.2,+18.6,+19.0,+18.8,+18.7,+18.7,+19.1
2022-09-30 06:11,1,+62.2,+45.8,+39.7,+36.9,+39.0,+53.2,+18.1,+18.6,+19.0,+18.8,+18.7,+18.7,+19.1
2022-09-30 07:11,1,+62.2,+45.7,+39.5,+36.9,+39.0,+53.2,+18.2,+18.5,+19.0,+18.8,+19.0,+18.7,+19.0
2022-09-30 08:11,1,+62.3,+45.7,+39.5,+36.9,+39.0,+53.2,+18.2,+18.6,+19.0,+18.8,+19.0,+18.7,+19.0
2022-09-30 09:11,1,+62.3,+45.7,+39.5,+36.9,+39.0,+53.2,+18.5,+18.5,+19.0,+18.8,+19.0,+18.7,+19.1
2022-09-30 10:11,1,+62.3,+45.7,+39.5,+36.7,+38.9,+53.2,+18.6,+18.5,+18.8,+18.8,+18.7,+18.7,+19.0
2022-09-30 11:11,1,+62.5,+45.7,+39.5,+36.7,+38.9,+53.2,+18.7,+18.5,+18.8,+18.8,+18.7,+18.7,+19.0
2022-09-30 12:11,1,+62.7,+45.7,+39.4,+36.7,+38.9,+53.2,+19.0,+18.6,+18.8,+18.8,+18.7,+18.7,+19.1
2022-09-30 13:11,1,+62.8,+45.7,+39.4,+36.7,+38.9,+53.2,+19.2,+18.6,+19.0,+18.8,+19.0,+18.7,+19.1
2022-09-30 14:11,1,+62.9,+45.8,+39.4,+36.7,+38.9,+53.2,+19.3,+18.7,+18.8,+18.8,+19.0,+18.7,+19.1
2022-09-30 15:11,1,+63.0,+45.8,+39.4,+36.7,+38.9,+53.2,+19.5,+18.7,+19.0,+18.7,+18.7,+18.7,+19.1
2022-09-30 16:11,1,+63.1,+45.8,+39.4,+36.7,+38.7,+53.2,+19.5,+18.8,+19.0,+18.7,+19.0,+18.7,+19.1
2022-09-30 17:11,1,+63.3,+45.9,+39.4,+36.7,+38.7,+53.2,+19.5,+18.8,+19.0,+18.8,+18.7,+18.7,+19.1
2022-09-30 18:11,1,+63.3,+46.0,+39.5,+36.7,+38.7,+53.2,+19.5,+18.8,+19.0,+18.8,+18.7,+18.7,+19.0
2022-09-30 19:11,1,+64.0,+47.6,+40.2,+36.7,+38.7,+53.2,+19.2,+19.0,+19.0,+18.8,+19.0,+18.7,+19.1
2022-09-30 20:11,1,+63.9,+47.1,+42.5,+40.2,+39.7,+53.2,+19.2,+19.1,+19.0,+18.8,+18.7,+18.7,+19.1
2022-09-30 21:11,1,+64.0,+47.0,+42.0,+39.5,+39.9,+53.4,+18.8,+19.0,+19.1,+18.7,+19.0,+18.7,+19.0
2022-09-30 22:11,1,+64.0,+46.9,+42.0,+39.0,+39.9,+53.5,+18.7,+19.0,+19.0,+18.8,+19.0,+18.7,+19.1
2022-09-30 23:11,1,+64.1,+47.1,+42.2,+39.5,+39.9,+53.5,+18.6,+18.8,+19.1,+18.8,+18.7,+18.7,+19.1
2022-10-01 00:11,1,+64.0,+46.7,+41.7,+38.9,+39.9,+53.5,+18.3,+18.8,+19.1,+18.8,+18.7,+18.7,+19.1
2022-10-01 01:11,1,+64.2,+46.9,+41.5,+38.2,+39.7,+53.5,+18.3,+18.8,+19.1,+18.8,+19.0,+18.7,+19.1
2022-10-01 02:11,1,+64.1,+46.8,+41.7,+38.4,+39.7,+53.5,+18.1,+18.7,+19.1,+18.8,+18.7,+18.7,+19.1
2022-10-01 03:11,1,+64.0,+46.6,+41.5,+38.2,+39.7,+53.5,+18.0,+18.6,+19.1,+18.8,+18.7,+18.7,+19.1
2022-10-01 04:11,1,+64.0,+46.3,+41.0,+38.0,+39.7,+53.5,+17.8,+18.6,+19.1,+18.8,+19.0,+18.7,+19.1
2022-10-01 05:11,1,+64.0,+46.2,+40.7,+37.9,+39.5,+53.5,+17.8,+18.5,+19.0,+18.8,+19.0,+18.7,+19.1
2022-10-01 06:11,1,+64.0,+46.1,+40.5,+37.7,+39.5,+53.5,+17.8,+18.5,+19.1,+18.8,+18.7,+18.7,+19.1
2022-10-01 07:11,1,+64.1,+46.0,+40.4,+37.5,+39.5,+53.5,+17.7,+18.3,+19.0,+18.8,+19.0,+18.7,+19.1
2022-10-01 08:11,1,+64.1,+46.0,+40.2,+37.4,+39.4,+53.5,+17.8,+18.3,+19.0,+18.8,+19.0,+18.7,+19.1
2022-10-01 09:11,1,+64.2,+45.9,+40.2,+37.2,+39.4,+53.5,+18.0,+18.3,+19.0,+18.8,+19.0,+18.7,+19.1
2022-10-01 10:11,1,+64.2,+45.9,+40.0,+37.2,+39.2,+53.4,+18.2,+18.3,+18.8,+18.8,+19.0,+18.7,+19.1
2022-10-01 11:11,1,+64.3,+45.8,+40.0,+37.2,+39.2,+53.4,+18.5,+18.3,+18.8,+18.8,+19.0,+18.7,+19.1
2022-10-01 12:11,1,+64.4,+45.8,+39.9,+37.0,+39.2,+53.4,+18.6,+18.3,+18.8,+18.8,+19.0,+18.7,+19.1
2022-10-01 13:11,1,+64.5,+45.8,+39.9,+37.0,+39.2,+53.4,+18.8,+18.3,+18.8,+18.8,+19.0,+18.7,+19.1
2022-10-01 14:11,1,+64.6,+45.8,+39.7,+37.0,+39.2,+53.4,+18.7,+18.3,+18.8,+18.8,+19.0,+18.7,+19.1
2022-10-01 15:11,1,+64.6,+45.8,+39.7,+37.0,+39.2,+53.4,+18.8,+18.5,+18.8,+18.8,+19.0,+18.7,+19.1
2022-10-01 16:11,1,+64.6,+45.8,+39.7,+37.0,+39.0,+53.4,+18.7,+18.5,+18.8,+18.7,+19.0,+18.7,+19.1
2022-10-01 17:11,1,+64.7,+45.8,+39.5,+37.0,+39.0,+53.4,+18.7,+18.6,+18.8,+18.8,+18.7,+18.7,+19.1
2022-10-01 18:11,1,+64.7,+45.7,+39.5,+37.0,+39.0,+53.4,+18.5,+18.6,+18.8,+18.7,+19.0,+18.7,+19.1
2022-10-01 19:11,1,+64.7,+45.7,+39.5,+36.9,+39.0,+53.4,+18.3,+18.6,+18.8,+18.8,+19.0,+18.7,+19.1
2022-10-01 20:11,1,+64.7,+45.7,+39.5,+36.9,+39.0,+53.2,+18.2,+18.6,+18.8,+18.7,+18.7,+18.7,+19.1
2022-10-01 21:11,1,+64.8,+45.7,+39.5,+36.9,+39.0,+53.2,+18.1,+18.6,+18.8,+18.7,+19.0,+18.7,+19.1
2022-10-01 22:11,1,+64.8,+45.7,+39.4,+36.9,+39.0,+53.2,+18.0,+18.5,+18.8,+18.8,+18.7,+18.7,+19.1
2022-10-01 23:11,1,+64.9,+45.6,+39.4,+36.9,+39.0,+53.2,+18.0,+18.3,+18.8,+18.7,+19.0,+18.7,+19.1
2022-10-02 00:11,1,+64.9,+45.6,+39.2,+36.9,+39.0,+53.2,+17.8,+18.3,+18.7,+18.7,+19.0,+18.7,+19.1
2022-10-02 01:11,1,+64.9,+45.6,+39.2,+36.7,+38.9,+53.2,+17.7,+18.3,+18.8,+18.7,+18.7,+18.7,+19.1
2022-10-02 02:11,1,+64.9,+45.5,+39.2,+36.7,+38.9,+53.2,+17.7,+18.3,+18.8,+18.7,+19.0,+18.7,+19.1
2022-10-02 03:11,1,+64.9,+45.7,+39.2,+36.7,+38.9,+53.2,+17.6,+18.2,+18.8,+18.7,+18.7,+18.7,+19.1
2022-10-02 04:11,1,+64.9,+45.8,+39.2,+36.7,+38.9,+53.2,+17.6,+18.1,+18.8,+18.7,+18.7,+18.7,+19.1
2022-10-02 05:11,1,+65.0,+45.7,+39.2,+36.7,+38.9,+53.2,+17.6,+18.1,+18.7,+18.7,+18.7,+18.7,+19.1
2022-10-02 06:11,1,+65.0,+45.7,+39.2,+36.7,+38.9,+53.2,+17.6,+18.1,+18.7,+18.7,+18.7,+18.7,+19.1
2022-10-02 07:11,1,+65.0,+45.7,+39.2,+36.7,+38.9,+53.2,+17.6,+18.1,+18.7,+18.7,+18.7,+18.7,+19.1
2022-10-02 08:11,1,+65.1,+45.6,+39.0,+36.7,+38.7,+53.2,+17.6,+18.1,+18.7,+18.7,+18.7,+18.7,+19.1
2022-10-02 09:11,1,+65.2,+45.6,+39.0,+36.7,+38.7,+53.2,+17.7,+18.0,+18.6,+18.7,+19.0,+18.7,+19.1
2022-10-02 10:11,1,+65.3,+45.6,+39.0,+36.7,+38.7,+53.2,+18.0,+18.1,+18.7,+18.7,+18.7,+18.7,+19.1
2022-10-02 11:11,1,+65.4,+45.6,+39.0,+36.7,+38.7,+53.2,+18.1,+18.1,+18.7,+18.7,+18.7,+18.7,+19.1
2022-10-02 12:11,1,+65.5,+45.5,+39.0,+36.7,+38.7,+53.2,+18.3,+18.1,+18.7,+18.7,+19.0,+18.7,+19.1
2022-10-02 13:11,1,+65.6,+45.5,+39.0,+36.7,+38.7,+53.2,+18.5,+18.2,+18.6,+18.7,+18.7,+18.7,+19.1
2022-10-02 14:11,1,+65.7,+45.5,+39.0,+36.7,+38.7,+53.2,+18.7,+18.2,+18.6,+18.7,+18.7,+18.7,+19.1
2022-10-02 15:11,1,+65.9,+45.5,+39.0,+36.7,+38.7,+53.2,+18.7,+18.2,+18.6,+18.6,+18.7,+18.7,+19.1
2022-10-02 16:11,1,+66.0,+45.5,+39.0,+36.7,+38.7,+53.2,+18.7,+18.3,+18.6,+18.6,+18.7,+18.7,+19.1
2022-10-02 17:11,1,+66.1,+45.5,+38.9,+36.7,+38.7,+53.2,+18.7,+18.3,+18.7,+18.7,+18.7,+18.7,+19.1
2022-10-02 18:11,1,+66.2,+45.5,+38.9,+36.7,+38.7,+53.2,+18.7,+18.3,+18.7,+18.6,+18.7,+18.7,+19.1
2022-10-02 19:11,1,+66.2,+45.4,+38.9,+36.7,+38.7,+53.2,+18.6,+18.5,+18.7,+18.6,+18.7,+18.7,+19.1
2022-10-02 20:11,1,+66.3,+45.4,+38.9,+36.7,+38.7,+53.2,+18.6,+18.5,+18.7,+18.6,+18.7,+18.7,+19.1
2022-10-02 21:11,1,+66.4,+45.5,+38.9,+36.7,+38.7,+53.2,+18.5,+18.5,+18.6,+18.7,+18.7,+18.7,+19.1
2022-10-02 22:11,1,+66.4,+45.5,+38.9,+36.7,+38.7,+53.2,+18.5,+18.5,+18.7,+18.6,+18.7,+18.7,+19.1
2022-10-02 23:11,1,+66.5,+45.5,+38.7,+36.7,+38.7,+53.2,+18.2,+18.5,+18.7,+18.6,+18.7,+18.7,+19.0
2022-10-03 00:11,1,+66.6,+45.5,+38.7,+36.7,+38.7,+53.2,+18.2,+18.5,+18.7,+18.6,+18.7,+18.7,+19.1
2022-10-03 01:11,1,+66.6,+45.5,+38.7,+36.5,+38.7,+53.2,+18.2,+18.3,+18.7,+18.6,+18.7,+18.7,+19.1
2022-10-03 02:11,1,+66.6,+45.5,+38.7,+36.5,+38.7,+53.2,+18.1,+18.3,+18.7,+18.6,+18.7,+18.7,+19.1
2022-10-03 03:11,1,+66.7,+45.5,+38.7,+36.5,+38.5,+53.2,+18.1,+18.3,+18.7,+18.7,+18.7,+18.7,+19.1
2022-10-03 04:11,1,+66.8,+45.5,+38.7,+36.5,+38.5,+53.2,+18.1,+18.3,+18.7,+18.6,+18.7,+18.7,+19.0
2022-10-03 05:11,1,+66.9,+45.5,+38.7,+36.5,+38.5,+53.2,+18.1,+18.3,+18.7,+18.6,+18.7,+18.7,+19.1
2022-10-03 06:11,1,+66.9,+45.5,+38.7,+36.5,+38.5,+53.2,+18.1,+18.3,+18.7,+18.6,+18.7,+18.7,+19.1
2022-10-03 07:11,1,+67.0,+45.5,+38.7,+36.5,+38.5,+53.2,+18.1,+18.2,+18.7,+18.6,+18.7,+18.7,+19.1
2022-10-03 08:11,1,+67.1,+45.5,+38.7,+36.5,+38.5,+53.2,+18.1,+18.2,+18.7,+18.6,+18.7,+18.7,+19.1
2022-10-03 09:11,1,+67.2,+45.5,+38.7,+36.5,+38.5,+53.2,+18.1,+18.2,+18.6,+18.6,+18.7,+18.7,+19.1
2022-10-03 10:11,1,+67.2,+45.5,+38.7,+36.5,+38.5,+53.2,+18.2,+18.2,+18.6,+18.7,+18.7,+18.7,+19.1
2022-10-03 11:11,1,+67.2,+45.6,+38.7,+36.5,+38.5,+53.2,+18.5,+18.2,+18.7,+18.6,+18.7,+18.7,+19.1
2022-10-03 12:11,1,+67.2,+45.6,+38.7,+36.5,+38.5,+53.2,+18.7,+18.3,+18.7,+18.7,+18.7,+18.7,+19.1
2022-10-03 13:11,1,+67.4,+45.6,+38.7,+36.5,+38.5,+53.2,+19.0,+18.5,+18.7,+18.7,+18.7,+18.7,+19.1
2022-10-03 14:11,1,+67.6,+45.6,+38.7,+36.5,+38.5,+53.2,+19.2,+18.5,+18.7,+18.7,+18.7,+18.7,+19.0
2022-10-03 15:11,1,+67.6,+45.6,+38.7,+36.5,+38.5,+53.2,+19.3,+18.5,+18.7,+18.6,+18.7,+18.7,+19.0
2022-10-03 16:11,1,+67.7,+45.6,+38.7,+36.5,+38.5,+53.2,+19.5,+18.6,+18.7,+18.6,+18.7,+18.7,+19.1
2022-10-03 17:11,1,+67.8,+45.6,+38.7,+36.5,+38.5,+53.2,+19.5,+18.7,+18.7,+18.6,+18.7,+18.7,+19.1
2022-10-03 18:11,1,+67.8,+45.7,+38.7,+36.5,+38.5,+53.2,+19.3,+18.7,+18.7,+18.6,+18.7,+18.7,+19.1
2022-10-03 19:11,1,+67.9,+45.7,+38.7,+36.5,+38.5,+53.2,+19.2,+18.8,+18.8,+18.6,+18.7,+18.7,+19.1
2022-10-03 20:11,1,+67.9,+45.7,+38.5,+36.5,+38.5,+53.2,+19.2,+18.8,+18.8,+18.6,+18.7,+18.7,+19.1
2022-10-03 21:11,1,+67.9,+45.8,+38.5,+36.5,+38.5,+53.2,+19.1,+18.8,+18.8,+18.7,+18.7,+18.7,+19.1
2022-10-03 22:11,1,+68.0,+45.8,+38.5,+36.5,+38.5,+53.2,+19.1,+18.8,+18.8,+18.6,+18.7,+18.7,+19.1
2022-10-03 23:11,1,+68.0,+45.8,+38.5,+36.5,+38.5,+53.2,+19.0,+18.8,+18.8,+18.7,+18.7,+18.7,+19.1
2022-10-04 00:11,1,+68.1,+45.8,+38.5,+36.5,+38.5,+53.2,+19.0,+18.8,+18.8,+18.7,+18.7,+18.7,+19.1
2022-10-04 01:11,1,+68.2,+45.8,+38.5,+36.5,+38.5,+53.2,+18.8,+18.8,+18.8,+18.7,+18.7,+18.7,+19.0
2022-10-04 02:11,1,+68.2,+45.9,+38.5,+36.5,+38.5,+53.2,+18.7,+18.8,+18.8,+18.7,+18.7,+18.7,+19.1
2022-10-04 03:11,1,+68.3,+45.9,+38.5,+36.5,+38.5,+53.2,+18.7,+18.8,+19.0,+18.7,+18.7,+18.7,+19.0
2022-10-04 04:11,1,+68.3,+45.9,+38.5,+36.5,+38.5,+53.2,+18.7,+18.7,+19.0,+18.7,+18.7,+18.7,+19.1
2022-10-04 05:11,1,+68.4,+46.0,+38.5,+36.5,+38.5,+53.2,+18.6,+18.7,+19.0,+18.8,+18.7,+18.7,+19.1
2022-10-04 06:11,1,+68.4,+46.0,+38.5,+36.5,+38.5,+53.2,+18.5,+18.7,+19.0,+18.7,+18.7,+18.7,+19.1
2022-10-04 07:11,1,+68.5,+46.1,+38.5,+36.5,+38.5,+53.2,+18.5,+18.7,+18.8,+18.8,+18.7,+18.7,+19.1
2022-10-04 08:11,1,+68.6,+46.1,+38.5,+36.5,+38.5,+53.2,+18.3,+18.6,+18.8,+18.7,+18.7,+18.7,+19.0
2022-10-04 09:11,1,+68.6,+46.1,+38.5,+36.5,+38.5,+53.2,+18.5,+18.6,+18.8,+18.7,+18.7,+18.7,+19.1
2022-10-04 10:11,1,+68.6,+46.2,+38.5,+36.5,+38.5,+53.2,+18.5,+18.6,+19.0,+18.7,+18.7,+18.7,+19.1
2022-10-04 11:11,1,+68.7,+46.2,+38.5,+36.5,+38.5,+53.2,+18.6,+18.6,+19.0,+18.7,+18.7,+18.7,+19.1
2022-10-04 12:11,1,+68.8,+46.2,+38.5,+36.5,+38.5,+53.2,+18.8,+18.6,+18.8,+18.7,+18.7,+18.7,+19.0
2022-10-04 13:11,1,+68.8,+46.3,+38.5,+36.5,+38.5,+53.2,+19.2,+18.6,+18.8,+18.7,+18.7,+18.7,+19.1
2022-10-04 14:11,1,+68.9,+46.3,+38.5,+36.5,+38.5,+53.2,+19.6,+18.7,+18.8,+18.7,+18.7,+18.7,+19.1
2022-10-04 15:11,1,+69.0,+46.3,+38.5,+36.5,+38.4,+53.2,+19.7,+18.8,+19.0,+18.7,+18.7,+18.7,+19.0
2022-10-04 16:11,1,+69.0,+46.3,+38.5,+36.5,+38.4,+53.2,+19.7,+18.8,+19.0,+18.7,+18.7,+18.7,+19.1
2022-10-04 17:11,1,+69.1,+46.4,+38.5,+36.5,+38.4,+53.2,+19.6,+19.0,+19.0,+18.7,+18.7,+18.7,+19.1
2022-10-04 18:11,1,+69.1,+46.4,+38.5,+36.5,+38.4,+53.2,+19.5,+19.0,+19.0,+18.7,+18.7,+18.7,+19.1
2022-10-04 19:11,1,+69.1,+46.5,+38.5,+36.5,+38.4,+53.2,+19.3,+19.0,+19.0,+18.7,+18.7,+18.7,+19.1
2022-10-04 20:11,1,+69.2,+46.5,+38.5,+36.5,+38.4,+53.2,+19.3,+19.1,+19.1,+18.8,+18.7,+18.7,+19.0
2022-10-04 21:11,1,+69.4,+46.6,+38.5,+36.5,+38.4,+53.2,+19.3,+19.0,+19.1,+18.8,+18.7,+18.7,+19.1
2022-10-04 22:11,1,+69.7,+46.7,+38.5,+36.5,+38.4,+53.2,+19.2,+19.0,+19.1,+18.8,+18.7,+18.7,+19.1
2022-10-04 23:11,1,+69.7,+46.8,+38.5,+36.5,+38.4,+53.2,+19.2,+19.1,+19.1,+18.8,+19.0,+18.7,+19.1
2022-10-05 00:11,1,+69.7,+46.9,+38.5,+36.5,+38.4,+53.2,+19.1,+19.0,+19.1,+18.8,+18.7,+18.7,+19.1
2022-10-05 01:11,1,+69.8,+47.0,+38.5,+36.5,+38.4,+53.2,+19.1,+19.0,+19.1,+18.8,+18.7,+18.7,+19.1
2022-10-05 02:11,1,+70.1,+47.3,+38.5,+36.5,+38.4,+53.2,+19.0,+19.1,+19.1,+18.8,+19.0,+18.7,+19.1
2022-10-05 03:11,1,+70.1,+47.8,+38.7,+36.5,+38.4,+53.2,+19.0,+19.0,+19.1,+18.8,+19.0,+18.7,+19.0
2022-10-05 04:11,1,+70.2,+48.0,+39.2,+36.5,+38.4,+53.2,+18.8,+19.0,+19.1,+18.8,+19.0,+18.7,+19.1
2022-10-05 05:11,1,+70.2,+48.0,+40.0,+36.5,+38.4,+53.2,+18.8,+19.0,+19.1,+18.8,+18.7,+18.7,+19.1
2022-10-05 06:11,1,+70.2,+48.0,+40.5,+36.5,+38.4,+53.2,+18.7,+18.8,+19.1,+18.8,+18.7,+18.7,+19.1
2022-10-05 07:11,1,+70.2,+47.9,+40.7,+36.7,+38.5,+53.2,+18.7,+18.8,+19.1,+18.8,+18.7,+18.7,+19.1
2022-10-05 08:11,1,+70.5,+48.1,+40.7,+36.7,+38.5,+53.2,+18.7,+18.8,+19.1,+19.0,+18.7,+18.7,+19.0
2022-10-05 09:11,1,+70.3,+48.3,+41.5,+37.2,+38.5,+53.2,+18.7,+18.8,+19.1,+18.8,+19.0,+18.7,+19.1
2022-10-05 10:11,1,+70.4,+48.3,+41.5,+37.5,+38.5,+53.2,+18.7,+18.8,+19.1,+18.8,+19.0,+18.7,+19.1
2022-10-05 11:11,1,+70.6,+48.5,+41.5,+37.9,+38.7,+53.2,+18.8,+18.8,+19.1,+19.0,+19.0,+18.7,+19.1
2022-10-05 12:11,1,+70.5,+48.4,+41.7,+38.4,+39.0,+53.2,+18.7,+18.7,+19.1,+18.8,+19.0,+18.7,+19.0
2022-10-05 13:11,1,+70.5,+48.2,+41.5,+38.2,+39.4,+53.4,+19.0,+18.8,+19.1,+18.8,+18.7,+18.7,+19.1
2022-10-05 14:11,1,+70.5,+48.1,+41.2,+38.0,+39.5,+53.4,+19.2,+18.8,+19.1,+18.8,+19.0,+18.7,+19.1
2022-10-05 15:11,1,+70.5,+48.0,+40.9,+37.9,+39.5,+53.4,+19.2,+18.8,+19.1,+18.8,+19.0,+18.7,+19.1
2022-10-05 16:11,1,+70.5,+48.0,+40.5,+37.7,+39.4,+53.5,+19.3,+18.8,+19.1,+19.0,+19.0,+18.7,+19.1
2022-10-05 17:11,1,+70.5,+48.0,+40.5,+37.5,+39.4,+53.5,+19.3,+18.8,+19.1,+19.0,+19.0,+18.7,+19.1
2022-10-05 18:11,1,+70.5,+48.0,+40.2,+37.5,+39.4,+53.5,+19.2,+19.0,+19.1,+19.0,+19.0,+18.7,+19.1
2022-10-05 19:11,1,+70.6,+48.0,+40.2,+37.4,+39.2,+53.5,+19.1,+19.0,+19.1,+18.8,+19.0,+18.7,+19.0
2022-10-05 20:11,1,+70.6,+48.1,+40.0,+37.2,+39.2,+53.5,+19.0,+19.0,+19.1,+18.8,+19.0,+18.7,+19.1
2022-10-05 21:11,1,+70.6,+48.2,+40.0,+37.2,+39.2,+53.5,+19.0,+19.0,+19.1,+19.0,+19.0,+18.7,+19.0
2022-10-05 22:11,1,+70.6,+48.3,+40.0,+37.2,+39.2,+53.5,+19.0,+19.0,+19.1,+18.8,+19.0,+18.7,+19.1
2022-10-05 23:11,1,+70.6,+48.3,+40.0,+37.2,+39.2,+53.5,+18.8,+19.0,+19.1,+19.0,+19.0,+18.7,+19.1
2022-10-06 00:11,1,+70.6,+48.4,+39.9,+37.2,+39.2,+53.5,+18.7,+18.8,+19.1,+18.8,+19.0,+18.7,+19.1
2022-10-06 01:11,1,+70.6,+48.5,+39.9,+37.2,+39.2,+53.5,+18.7,+18.8,+19.1,+18.8,+19.0,+18.7,+19.1
2022-10-06 02:11,1,+70.6,+48.5,+39.7,+37.0,+39.2,+53.5,+18.6,+18.8,+19.1,+19.0,+19.0,+18.7,+19.1
2022-10-06 03:11,1,+70.6,+48.6,+39.7,+37.0,+39.2,+53.5,+18.5,+18.8,+19.1,+19.0,+19.0,+18.7,+19.1
2022-10-06 04:11,1,+70.5,+48.6,+39.7,+37.0,+39.0,+53.5,+18.5,+18.8,+19.1,+19.0,+19.0,+18.7,+19.1
2022-10-06 05:11,1,+70.4,+48.7,+39.7,+37.0,+39.0,+53.5,+18.3,+18.7,+19.1,+19.0,+19.0,+18.7,+19.1
2022-10-06 06:11,1,+70.5,+48.7,+39.7,+37.0,+39.0,+53.5,+18.3,+18.7,+19.1,+19.0,+19.0,+18.7,+19.1
2022-10-06 07:11,1,+70.5,+48.8,+39.5,+37.0,+39.0,+53.5,+18.3,+18.6,+19.1,+19.0,+19.0,+18.7,+19.2
2022-10-06 08:11,1,+70.5,+48.8,+39.5,+37.0,+39.0,+53.5,+18.3,+18.6,+19.1,+19.0,+19.0,+18.7,+19.1
2022-10-06 09:11,1,+70.5,+48.9,+39.5,+37.0,+39.0,+53.5,+18.3,+18.6,+19.1,+19.0,+19.0,+18.7,+19.2
2022-10-06 10:11,1,+70.5,+48.9,+39.5,+37.0,+39.0,+53.5,+18.5,+18.6,+19.1,+19.0,+19.0,+18.7,+19.1
2022-10-06 11:11,1,+70.6,+49.0,+39.5,+37.0,+39.0,+53.5,+18.5,+18.6,+19.0,+18.8,+19.0,+18.7,+19.1
2022-10-06 12:11,1,+70.7,+49.0,+39.4,+37.0,+39.0,+53.5,+18.5,+18.6,+19.1,+19.0,+19.0,+18.7,+19.1
2022-10-06 13:11,1,+70.8,+49.1,+39.4,+37.0,+39.0,+53.5,+18.6,+18.6,+19.1,+18.8,+19.0,+18.7,+19.1
2022-10-06 14:11,1,+70.8,+49.2,+39.4,+37.0,+39.0,+53.4,+18.7,+18.6,+19.1,+18.8,+19.0,+18.7,+19.1
2022-10-06 15:11,1,+70.8,+49.2,+39.4,+36.9,+39.0,+53.4,+18.7,+18.6,+19.0,+19.0,+19.0,+18.7,+19.1
2022-10-06 16:11,1,+70.8,+49.3,+39.2,+36.9,+39.0,+53.4,+18.7,+18.6,+19.0,+18.8,+19.0,+18.7,+19.2
2022-10-06 17:11,1,+70.8,+49.4,+39.2,+36.9,+39.0,+53.4,+18.7,+18.6,+19.0,+18.8,+19.0,+18.7,+19.1
2022-10-06 18:11,1,+70.8,+49.5,+39.2,+36.9,+39.0,+53.4,+18.7,+18.7,+19.0,+18.8,+19.0,+18.7,+19.1
2022-10-06 19:11,1,+70.8,+49.6,+39.2,+36.9,+39.0,+53.4,+18.6,+18.7,+19.0,+19.0,+19.0,+18.7,+19.1
2022-10-06 20:11,1,+70.8,+49.7,+39.2,+36.9,+39.0,+53.4,+18.6,+18.7,+19.0,+18.8,+19.0,+18.7,+19.1
2022-10-06 21:11,1,+70.7,+49.7,+39.2,+36.9,+38.9,+53.4,+18.5,+18.6,+19.0,+18.8,+19.0,+18.7,+19.1
2022-10-06 22:11,1,+70.7,+49.8,+39.2,+36.9,+38.9,+53.4,+18.5,+18.6,+19.0,+18.8,+19.0,+18.7,+19.1
2022-10-06 23:11,1,+70.7,+49.9,+39.2,+36.9,+38.9,+53.4,+18.3,+18.7,+19.0,+19.0,+19.0,+18.7,+19.1
2022-10-07 00:11,1,+70.8,+50.0,+39.2,+36.9,+38.9,+53.4,+18.3,+18.6,+19.0,+18.8,+19.0,+18.7,+19.1
2022-10-07 01:11,1,+70.8,+50.1,+39.2,+36.9,+38.9,+53.4,+18.3,+18.6,+19.0,+18.8,+19.0,+18.7,+19.1
2022-10-07 02:11,1,+70.8,+50.2,+39.2,+36.9,+38.9,+53.4,+18.3,+18.6,+18.8,+18.8,+19.0,+18.7,+19.1
2022-10-07 03:11,1,+70.8,+50.3,+39.2,+36.9,+38.9,+53.4,+18.2,+18.6,+19.0,+18.8,+19.0,+18.7,+19.2
2022-10-07 04:11,1,+70.8,+50.4,+39.0,+36.7,+38.9,+53.4,+18.2,+18.5,+19.0,+18.8,+19.0,+18.7,+19.2
2022-10-07 05:11,1,+70.8,+50.5,+39.0,+36.7,+38.9,+53.4,+18.2,+18.6,+19.0,+18.8,+19.0,+18.7,+19.1
2022-10-07 06:11,1,+70.9,+50.6,+39.0,+36.7,+38.9,+53.4,+18.2,+18.5,+19.0,+18.8,+19.0,+18.7,+19.1
2022-10-07 07:11,1,+70.9,+50.8,+39.0,+36.7,+38.9,+53.4,+18.2,+18.5,+19.0,+18.8,+19.0,+18.7,+19.1
2022-10-07 08:11,1,+71.0,+50.9,+39.0,+36.7,+38.9,+53.4,+18.3,+18.5,+19.0,+18.8,+19.0,+18.7,+19.1
2022-10-07 09:11,1,+71.0,+51.0,+39.0,+36.7,+38.7,+53.4,+18.3,+18.5,+19.0,+18.8,+19.0,+18.7,+19.1
2022-10-07 10:11,1,+71.1,+51.1,+39.0,+36.7,+38.7,+53.4,+18.5,+18.5,+18.8,+18.8,+19.0,+18.7,+19.1
2022-10-07 11:11,1,+71.2,+51.2,+39.0,+36.7,+38.7,+53.4,+18.5,+18.5,+18.8,+18.8,+19.0,+18.7,+19.1
2022-10-07 12:11,1,+71.5,+51.4,+39.0,+36.7,+38.7,+53.4,+18.6,+18.6,+19.0,+18.8,+19.0,+18.7,+19.1
2022-10-07 13:11,1,+71.5,+51.7,+39.2,+36.7,+38.7,+53.4,+18.5,+18.5,+19.0,+18.8,+19.0,+18.7,+19.1
2022-10-07 14:11,1,+71.6,+51.9,+39.2,+36.7,+38.7,+53.4,+18.6,+18.5,+18.8,+18.8,+19.0,+18.7,+19.1
2022-10-07 15:11,1,+72.0,+52.9,+40.9,+36.9,+38.7,+53.4,+18.5,+18.6,+18.8,+18.8,+19.0,+18.7,+19.1
2022-10-07 16:11,1,+72.0,+52.8,+42.0,+39.0,+39.2,+53.5,+18.3,+18.5,+18.8,+18.8,+19.0,+18.7,+19.2
2022-10-07 17:11,1,+71.9,+52.7,+41.5,+38.5,+39.5,+53.5,+18.3,+18.5,+18.8,+18.8,+19.0,+18.7,+19.1
2022-10-07 18:11,1,+71.8,+52.6,+41.2,+38.2,+39.7,+53.5,+18.2,+18.5,+18.8,+18.7,+19.0,+18.7,+19.1
2022-10-07 19:11,1,+71.9,+52.6,+40.9,+38.0,+39.7,+53.5,+18.2,+18.5,+18.8,+18.7,+19.0,+18.7,+19.1
2022-10-07 20:11,1,+72.2,+52.9,+40.7,+37.9,+39.5,+53.5,+18.2,+18.5,+18.8,+18.8,+19.0,+18.7,+19.1
2022-10-07 21:11,1,+72.1,+53.0,+41.0,+37.9,+39.5,+53.7,+18.1,+18.5,+18.8,+18.7,+19.0,+18.7,+19.2
2022-10-07 22:11,1,+72.0,+52.9,+41.0,+38.0,+39.5,+53.7,+18.1,+18.3,+18.8,+18.7,+19.0,+18.7,+19.1
2022-10-07 23:11,1,+72.1,+52.8,+40.7,+37.9,+39.5,+53.7,+18.0,+18.3,+18.8,+18.7,+19.0,+18.7,+19.2
2022-10-08 00:11,1,+72.1,+52.8,+40.5,+37.7,+39.5,+53.7,+18.0,+18.3,+18.8,+18.7,+18.7,+18.7,+19.2
2022-10-08 01:11,1,+72.1,+52.8,+40.5,+37.7,+39.5,+53.7,+18.0,+18.3,+18.8,+18.7,+19.0,+18.7,+19.1
2022-10-08 02:11,1,+72.2,+52.9,+40.2,+37.7,+39.5,+53.7,+17.8,+18.2,+18.8,+18.7,+19.0,+18.7,+19.1
2022-10-08 03:11,1,+72.2,+52.9,+40.2,+37.5,+39.5,+53.7,+17.8,+18.2,+18.8,+18.7,+19.0,+18.7,+19.2
2022-10-08 04:11,1,+72.2,+52.9,+40.0,+37.5,+39.4,+53.7,+17.8,+18.2,+18.8,+18.7,+19.0,+18.7,+19.1
2022-10-08 05:11,1,+72.3,+53.0,+40.0,+37.4,+39.4,+53.7,+17.8,+18.2,+18.7,+18.7,+19.0,+18.7,+19.1
2022-10-08 06:11,1,+72.3,+53.1,+39.9,+37.2,+39.4,+53.5,+17.8,+18.2,+18.7,+18.7,+19.0,+18.7,+19.1
2022-10-08 07:11,1,+72.3,+53.2,+39.9,+37.2,+39.4,+53.5,+17.8,+18.1,+18.7,+18.7,+18.7,+18.7,+19.1
2022-10-08 08:11,1,+72.3,+53.2,+39.7,+37.2,+39.2,+53.5,+17.8,+18.1,+18.7,+18.7,+19.0,+18.7,+19.1
2022-10-08 09:11,1,+72.4,+53.3,+39.7,+37.2,+39.2,+53.5,+18.0,+18.1,+18.7,+18.7,+19.0,+18.7,+19.1
2022-10-08 10:11,1,+72.4,+53.3,+39.7,+37.2,+39.2,+53.5,+18.0,+18.1,+18.7,+18.7,+18.7,+18.7,+19.1
2022-10-08 11:11,1,+72.4,+53.4,+39.7,+37.2,+39.2,+53.5,+18.2,+18.1,+18.7,+18.7,+18.7,+18.7,+19.1
2022-10-08 12:11,1,+72.5,+53.4,+39.5,+37.2,+39.2,+53.5,+18.2,+18.2,+18.6,+18.7,+18.7,+18.7,+19.1
2022-10-08 13:11,1,+72.5,+53.5,+39.5,+37.0,+39.2,+53.5,+18.2,+18.2,+18.7,+18.7,+18.7,+18.7,+19.1
2022-10-08 14:11,1,+72.5,+53.5,+39.5,+37.0,+39.2,+53.5,+18.3,+18.2,+18.6,+18.7,+18.7,+18.7,+19.1
2022-10-08 15:11,1,+72.5,+53.5,+39.5,+37.0,+39.2,+53.5,+18.2,+18.2,+18.6,+18.6,+19.0,+18.7,+19.1
2022-10-08 16:11,1,+72.5,+53.6,+39.4,+37.0,+39.2,+53.5,+18.3,+18.2,+18.6,+18.6,+18.7,+18.7,+19.1
2022-10-08 17:11,1,+72.4,+53.6,+39.4,+37.0,+39.0,+53.5,+18.2,+18.2,+18.6,+18.6,+18.7,+18.7,+19.1
2022-10-08 18:11,1,+72.4,+53.7,+39.2,+37.0,+39.0,+53.5,+18.1,+18.2,+18.6,+18.7,+18.7,+18.7,+19.1
2022-10-08 19:11,1,+72.4,+53.7,+39.2,+37.0,+39.0,+53.5,+18.0,+18.2,+18.6,+18.6,+18.7,+18.7,+19.1
2022-10-08 20:11,1,+72.4,+53.7,+39.2,+37.0,+39.0,+53.5,+17.8,+18.2,+18.6,+18.6,+18.7,+18.7,+19.1
2022-10-08 21:11,1,+72.5,+53.7,+39.2,+37.0,+39.0,+53.5,+17.8,+18.2,+18.6,+18.6,+18.7,+18.7,+19.1
2022-10-08 22:11,1,+72.6,+53.8,+39.2,+37.0,+39.0,+53.5,+17.8,+18.2,+18.6,+18.6,+18.7,+18.7,+19.1
2022-10-08 23:11,1,+73.0,+54.0,+39.2,+37.0,+39.0,+53.5,+17.7,+18.2,+18.6,+18.6,+18.7,+18.7,+19.1
2022-10-09 00:11,1,+73.3,+54.7,+39.2,+37.0,+39.0,+53.5,+17.6,+18.1,+18.6,+18.6,+18.7,+18.7,+19.1
2022-10-09 01:11,1,+73.4,+55.3,+41.2,+37.0,+39.0,+53.5,+17.7,+18.0,+18.6,+18.6,+18.7,+18.7,+19.1
2022-10-09 02:11,1,+73.3,+55.0,+41.7,+39.0,+39.2,+53.5,+17.6,+18.0,+18.6,+18.6,+18.7,+18.7,+19.1
2022-10-09 03:11,1,+73.4,+55.0,+41.4,+38.5,+39.7,+53.5,+17.6,+18.0,+18.5,+18.6,+18.7,+18.7,+19.1
2022-10-09 04:11,1,+73.4,+55.0,+41.4,+38.4,+39.7,+53.7,+17.5,+17.8,+18.6,+18.6,+18.7,+18.7,+19.1
2022-10-09 05:11,1,+73.5,+55.1,+41.4,+38.4,+39.9,+53.7,+17.5,+18.0,+18.5,+18.6,+18.7,+18.7,+19.1
2022-10-09 06:11,1,+73.6,+55.5,+41.9,+39.0,+40.0,+53.7,+17.6,+17.8,+18.5,+18.6,+18.7,+18.7,+19.1
2022-10-09 07:11,1,+73.6,+55.4,+41.5,+39.2,+40.0,+53.9,+17.5,+17.8,+18.5,+18.5,+18.7,+18.7,+19.1
2022-10-09 08:11,1,+73.4,+55.2,+41.5,+38.9,+40.2,+53.9,+17.5,+17.8,+18.5,+18.5,+18.7,+18.7,+19.1
2022-10-09 09:11,1,+73.4,+55.1,+41.0,+38.4,+40.0,+53.9,+17.5,+17.8,+18.5,+18.5,+18.7,+18.7,+19.1
2022-10-09 10:11,1,+73.4,+55.1,+40.7,+38.0,+39.9,+53.9,+17.5,+17.8,+18.3,+18.5,+18.7,+18.7,+19.1
2022-10-09 11:11,1,+73.4,+55.1,+40.7,+38.0,+39.9,+53.7,+17.5,+17.7,+18.3,+18.5,+18.7,+18.7,+19.1
2022-10-09 12:11,1,+73.3,+55.1,+40.5,+37.9,+39.7,+53.7,+17.3,+17.7,+18.3,+18.5,+18.7,+18.7,+19.1
2022-10-09 13:11,1,+73.3,+55.1,+40.4,+37.7,+39.7,+53.7,+17.3,+17.7,+18.3,+18.3,+18.7,+18.7,+19.0
2022-10-09 14:11,1,+73.3,+55.0,+40.2,+37.7,+39.7,+53.7,+17.3,+17.7,+18.2,+18.5,+18.7,+18.7,+19.1
2022-10-09 15:11,1,+73.4,+55.1,+40.0,+37.5,+39.5,+53.7,+17.3,+17.7,+18.3,+18.5,+18.7,+18.7,+19.1
2022-10-09 16:11,1,+73.7,+55.2,+40.0,+37.5,+39.5,+53.7,+17.3,+17.7,+18.3,+18.5,+18.7,+18.7,+19.1
2022-10-09 17:11,1,+73.8,+55.5,+40.2,+37.5,+39.5,+53.7,+17.3,+17.6,+18.2,+18.3,+18.7,+18.7,+19.0
2022-10-09 18:11,1,+73.9,+55.6,+40.7,+37.5,+39.5,+53.7,+17.5,+17.6,+18.3,+18.3,+18.7,+18.7,+19.1
2022-10-09 19:11,1,+74.0,+55.9,+41.2,+37.7,+39.7,+53.7,+17.5,+17.7,+18.2,+18.3,+18.7,+18.7,+19.1
2022-10-09 20:11,1,+73.9,+55.9,+41.4,+38.2,+39.7,+53.7,+17.5,+17.7,+18.2,+18.3,+18.7,+18.7,+19.1
2022-10-09 21:11,1,+73.9,+55.9,+41.2,+38.2,+39.9,+53.7,+17.6,+17.6,+18.2,+18.3,+18.7,+18.7,+19.1
2022-10-09 22:11,1,+73.9,+55.9,+41.0,+38.2,+39.9,+53.9,+17.6,+17.7,+18.2,+18.3,+18.7,+18.7,+19.1
2022-10-09 23:11,1,+74.0,+56.1,+41.0,+38.2,+39.9,+53.9,+17.6,+17.6,+18.2,+18.3,+18.7,+18.7,+19.0
2022-10-10 00:11,1,+74.0,+56.1,+41.2,+38.2,+39.9,+53.9,+17.6,+17.7,+18.2,+18.3,+18.7,+18.7,+19.1
2022-10-10 01:11,1,+74.0,+55.9,+41.0,+38.2,+39.9,+53.9,+17.6,+17.7,+18.2,+18.3,+18.7,+18.6,+19.1
2022-10-10 02:11,1,+74.0,+55.9,+40.5,+38.0,+39.7,+53.7,+17.7,+17.6,+18.2,+18.3,+18.7,+18.6,+19.0
2022-10-10 03:11,1,+74.0,+55.9,+40.4,+37.9,+39.7,+53.7,+17.7,+17.7,+18.2,+18.2,+18.6,+18.7,+19.0
2022-10-10 04:11,1,+74.0,+55.9,+40.2,+37.7,+39.7,+53.7,+17.7,+17.7,+18.2,+18.3,+18.6,+18.6,+19.0
2022-10-10 05:11,1,+74.0,+55.9,+40.2,+37.5,+39.5,+53.7,+17.7,+17.7,+18.2,+18.2,+18.6,+18.6,+19.0
2022-10-10 06:11,1,+74.0,+55.9,+40.0,+37.5,+39.5,+53.7,+17.7,+17.7,+18.2,+18.2,+18.6,+18.6,+19.0
2022-10-10 07:11,1,+74.1,+55.9,+40.0,+37.5,+39.5,+53.7,+17.6,+17.7,+18.2,+18.2,+18.6,+18.6,+19.0
2022-10-10 08:11,1,+74.1,+55.9,+39.9,+37.4,+39.5,+53.7,+17.7,+17.7,+18.2,+18.2,+18.6,+18.6,+19.0
2022-10-10 09:11,1,+74.1,+56.0,+39.7,+37.4,+39.5,+53.7,+17.8,+17.7,+18.2,+18.2,+18.6,+18.6,+19.0
2022-10-10 10:11,1,+74.1,+56.0,+39.7,+37.2,+39.4,+53.7,+18.0,+17.7,+18.2,+18.2,+18.6,+18.6,+19.0
2022-10-10 11:11,1,+74.2,+56.0,+39.7,+37.2,+39.4,+53.7,+18.2,+17.8,+18.2,+18.2,+18.6,+18.6,+19.0
2022-10-10 12:11,1,+74.1,+56.1,+39.5,+37.2,+39.4,+53.7,+18.3,+17.8,+18.2,+18.2,+18.6,+18.6,+19.0
2022-10-10 13:11,1,+74.1,+56.1,+39.5,+37.2,+39.2,+53.7,+18.6,+18.0,+18.2,+18.2,+18.6,+18.7,+19.0
2022-10-10 14:11,1,+74.1,+56.2,+39.5,+37.2,+39.2,+53.7,+18.7,+18.0,+18.2,+18.2,+18.6,+18.6,+19.1
2022-10-10 15:11,1,+74.1,+56.3,+39.5,+37.0,+39.2,+53.7,+18.7,+18.1,+18.2,+18.2,+18.6,+18.6,+19.0
2022-10-10 16:11,1,+74.1,+56.3,+39.4,+37.0,+39.2,+53.7,+18.8,+18.2,+18.2,+18.2,+18.6,+18.6,+19.0
2022-10-10 17:11,1,+74.1,+56.4,+39.4,+37.0,+39.2,+53.7,+18.8,+18.2,+18.2,+18.2,+18.6,+18.6,+19.0
2022-10-10 18:11,1,+74.1,+56.4,+39.4,+37.0,+39.2,+53.5,+18.7,+18.2,+18.2,+18.2,+18.5,+18.6,+19.0
2022-10-10 19:11,1,+74.1,+56.5,+39.4,+37.0,+39.2,+53.5,+18.7,+18.2,+18.3,+18.2,+18.5,+18.6,+19.0
2022-10-10 20:11,1,+74.1,+56.6,+39.2,+37.0,+39.2,+53.5,+18.6,+18.3,+18.3,+18.2,+18.6,+18.6,+19.0
2022-10-10 21:11,1,+74.1,+56.6,+39.2,+37.0,+39.0,+53.5,+18.6,+18.3,+18.3,+18.2,+18.6,+18.6,+19.0
2022-10-10 22:11,1,+74.1,+56.7,+39.2,+37.0,+39.0,+53.5,+18.5,+18.2,+18.3,+18.2,+18.6,+18.5,+19.0
2022-10-10 23:11,1,+74.1,+56.8,+39.2,+37.0,+39.0,+53.5,+18.5,+18.3,+18.5,+18.3,+18.5,+18.6,+19.0
2022-10-11 00:11,1,+74.1,+56.9,+39.2,+37.0,+39.0,+53.5,+18.5,+18.3,+18.3,+18.3,+18.5,+18.5,+19.0
2022-10-11 01:11,1,+74.1,+57.0,+39.2,+37.0,+39.0,+53.5,+18.5,+18.3,+18.5,+18.3,+18.6,+18.5,+19.0
2022-10-11 02:11,1,+74.1,+57.1,+39.2,+37.0,+39.0,+53.5,+18.5,+18.3,+18.3,+18.3,+18.6,+18.6,+19.0
2022-10-11 03:11,1,+74.1,+57.2,+39.2,+37.0,+39.0,+53.5,+18.3,+18.2,+18.5,+18.3,+18.6,+18.6,+18.7
2022-10-11 04:11,1,+74.1,+57.5,+39.2,+37.0,+39.0,+53.5,+18.3,+18.2,+18.5,+18.3,+18.6,+18.6,+19.0
2022-10-11 05:11,1,+74.1,+57.7,+39.4,+37.0,+39.0,+53.5,+18.3,+18.2,+18.5,+18.3,+18.6,+18.5,+19.0
2022-10-11 06:11,1,+74.1,+57.8,+39.7,+37.0,+39.0,+53.5,+18.3,+18.3,+18.5,+18.3,+18.6,+18.6,+18.7
2022-10-11 07:11,1,+74.1,+57.9,+39.9,+37.0,+39.0,+53.5,+18.3,+18.2,+18.5,+18.3,+18.6,+18.6,+19.0
2022-10-11 08:11,1,+74.1,+58.1,+40.0,+37.0,+39.0,+53.5,+18.3,+18.2,+18.5,+18.3,+18.6,+18.5,+19.0
2022-10-11 09:11,1,+74.1,+58.2,+40.2,+37.0,+39.0,+53.5,+18.3,+18.2,+18.5,+18.3,+18.6,+18.5,+19.0
2022-10-11 10:11,1,+74.1,+58.2,+40.5,+37.0,+39.0,+53.5,+18.5,+18.3,+18.5,+18.3,+18.6,+18.5,+19.0
2022-10-11 11:11,1,+74.1,+58.2,+40.5,+37.2,+39.0,+53.5,+18.6,+18.3,+18.6,+18.3,+18.6,+18.5,+19.0
2022-10-11 12:11,1,+74.1,+58.2,+40.4,+37.2,+39.0,+53.5,+18.8,+18.3,+18.5,+18.5,+18.6,+18.5,+19.0
2022-10-11 13:11,1,+74.1,+58.2,+40.4,+37.2,+39.0,+53.5,+19.1,+18.3,+18.5,+18.5,+18.6,+18.6,+19.0
2022-10-11 14:11,1,+74.3,+58.2,+40.2,+37.2,+39.2,+53.5,+19.3,+18.3,+18.5,+18.3,+18.6,+18.5,+19.0
2022-10-11 15:11,1,+74.3,+58.2,+40.2,+37.2,+39.2,+53.5,+19.5,+18.6,+18.6,+18.3,+18.6,+18.6,+19.0
2022-10-11 16:11,1,+74.3,+58.3,+40.2,+37.2,+39.2,+53.5,+19.5,+18.6,+18.6,+18.5,+18.6,+18.6,+19.0
2022-10-11 17:11,1,+74.2,+58.3,+40.0,+37.2,+39.2,+53.5,+19.5,+18.7,+18.6,+18.5,+18.6,+18.5,+18.7
2022-10-11 18:11,1,+74.2,+58.4,+40.0,+37.0,+39.2,+53.5,+19.5,+18.7,+18.6,+18.5,+18.6,+18.5,+18.7
2022-10-11 19:11,1,+74.2,+59.0,+40.2,+37.0,+39.2,+53.5,+19.3,+18.7,+18.7,+18.5,+18.6,+18.6,+18.7
2022-10-11 20:11,1,+74.2,+59.2,+40.9,+37.2,+39.2,+53.5,+19.2,+18.8,+18.6,+18.5,+18.6,+18.5,+18.7
2022-10-11 21:11,1,+74.2,+59.3,+41.5,+37.5,+39.2,+53.7,+19.1,+18.8,+18.7,+18.5,+18.6,+18.6,+18.7
2022-10-11 22:11,1,+74.2,+59.1,+41.4,+37.5,+39.4,+53.7,+19.0,+18.8,+18.7,+18.5,+18.6,+18.5,+18.7
2022-10-11 23:11,1,+74.2,+59.1,+41.2,+37.5,+39.4,+53.7,+19.0,+18.7,+18.8,+18.5,+18.6,+18.6,+18.7
2022-10-12 00:11,1,+74.2,+59.1,+41.0,+37.5,+39.5,+53.7,+18.8,+18.8,+18.7,+18.5,+18.6,+18.6,+18.7
2022-10-12 01:11,1,+74.2,+59.1,+40.9,+37.5,+39.5,+53.7,+18.7,+18.7,+18.8,+18.5,+18.6,+18.6,+18.7
2022-10-12 02:11,1,+74.2,+59.1,+40.7,+37.5,+39.4,+53.7,+18.7,+18.7,+18.8,+18.6,+18.6,+18.6,+18.7
2022-10-12 03:11,1,+74.2,+59.1,+40.5,+37.4,+39.4,+53.7,+18.5,+18.7,+18.8,+18.5,+18.6,+18.6,+18.7
2022-10-12 04:11,1,+74.2,+59.1,+40.5,+37.4,+39.4,+53.7,+18.5,+18.6,+18.8,+18.6,+18.6,+18.6,+18.7
2022-10-12 05:11,1,+74.2,+59.1,+40.5,+37.2,+39.4,+53.7,+18.3,+18.6,+18.8,+18.6,+18.6,+18.5,+18.7
2022-10-12 06:11,1,+74.2,+59.1,+40.4,+37.2,+39.4,+53.7,+18.3,+18.6,+18.7,+18.6,+18.6,+18.5,+18.7
2022-10-12 07:11,1,+74.2,+59.2,+40.4,+37.2,+39.2,+53.7,+18.3,+18.6,+18.8,+18.6,+18.7,+18.5,+19.0
2022-10-12 08:11,1,+74.2,+59.2,+40.2,+37.2,+39.2,+53.7,+18.3,+18.5,+18.8,+18.6,+18.6,+18.6,+18.7
2022-10-12 09:11,1,+74.2,+59.2,+40.2,+37.2,+39.2,+53.7,+18.3,+18.5,+18.7,+18.6,+18.7,+18.6,+19.0
2022-10-12 10:11,1,+74.2,+59.2,+40.2,+37.2,+39.2,+53.7,+18.5,+18.5,+18.7,+18.6,+18.7,+18.6,+18.7
2022-10-12 11:11,1,+74.2,+59.3,+40.2,+37.2,+39.2,+53.7,+18.6,+18.5,+18.8,+18.6,+18.6,+18.6,+19.0
2022-10-12 12:11,1,+74.2,+59.3,+40.2,+37.2,+39.2,+53.7,+18.7,+18.5,+18.7,+18.6,+18.7,+18.6,+19.0
2022-10-12 13:11,1,+74.3,+59.3,+40.2,+37.0,+39.2,+53.7,+19.0,+18.5,+18.7,+18.6,+18.7,+18.6,+19.0
2022-10-12 14:11,1,+74.4,+59.2,+40.0,+37.0,+39.2,+53.7,+19.2,+18.6,+18.8,+18.6,+18.7,+18.6,+18.7
2022-10-12 15:11,1,+74.2,+59.2,+40.0,+37.0,+39.2,+53.7,+19.5,+18.6,+18.8,+18.6,+18.7,+18.5,+19.0
2022-10-12 16:11,1,+74.1,+59.2,+40.0,+37.0,+39.0,+53.7,+19.6,+18.7,+18.7,+18.6,+18.7,+18.6,+19.0
2022-10-12 17:11,1,+74.1,+59.3,+40.0,+37.0,+39.0,+53.7,+19.6,+18.7,+18.8,+18.6,+18.7,+18.6,+19.0
2022-10-12 18:11,1,+74.1,+59.3,+40.0,+37.0,+39.0,+53.5,+19.5,+18.8,+18.7,+18.6,+18.7,+18.6,+19.0
2022-10-12 19:11,1,+74.1,+59.4,+40.0,+37.0,+39.0,+53.5,+19.5,+18.8,+18.8,+18.6,+18.7,+18.6,+18.7
2022-10-12 20:11,1,+74.1,+59.5,+40.0,+37.0,+39.0,+53.5,+19.3,+19.0,+18.8,+18.6,+18.7,+18.6,+19.0
2022-10-12 21:11,1,+74.1,+59.4,+40.0,+37.0,+39.0,+53.5,+19.3,+18.8,+18.8,+18.6,+18.7,+18.6,+18.7
2022-10-12 22:11,1,+74.1,+59.5,+40.0,+37.0,+39.0,+53.5,+19.3,+19.0,+18.8,+18.6,+18.7,+18.6,+18.7
2022-10-12 23:11,1,+74.1,+59.6,+40.0,+37.0,+39.0,+53.5,+19.1,+19.0,+18.8,+18.6,+18.7,+18.6,+18.7
2022-10-13 00:11,1,+74.1,+59.6,+40.0,+37.0,+39.0,+53.5,+19.1,+18.8,+19.0,+18.7,+18.7,+18.6,+19.0
2022-10-13 01:11,1,+74.1,+59.7,+40.0,+37.0,+39.0,+53.5,+19.0,+19.0,+19.0,+18.7,+18.7,+18.5,+18.7
2022-10-13 02:11,1,+74.1,+59.8,+40.0,+37.0,+39.0,+53.5,+19.0,+19.0,+19.0,+18.6,+18.7,+18.6,+19.0
2022-10-13 03:11,1,+74.1,+59.8,+40.0,+37.0,+39.0,+53.5,+19.0,+18.8,+19.0,+18.7,+18.7,+18.6,+18.7
2022-10-13 04:11,1,+74.1,+59.9,+40.0,+37.0,+39.0,+53.5,+19.0,+18.8,+19.0,+18.7,+18.7,+18.6,+18.7
2022-10-13 05:11,1,+74.0,+59.9,+40.0,+37.0,+39.0,+53.5,+18.8,+18.8,+19.0,+18.7,+18.7,+18.6,+18.7
2022-10-13 06:11,1,+74.0,+60.0,+40.0,+37.0,+39.0,+53.5,+18.7,+18.8,+19.0,+18.7,+18.7,+18.6,+18.7
2022-10-13 07:11,1,+74.0,+60.0,+40.0,+36.9,+39.0,+53.5,+18.7,+18.8,+19.0,+18.7,+18.7,+18.6,+19.0
2022-10-13 08:11,1,+74.1,+60.0,+40.0,+36.9,+39.0,+53.5,+18.7,+18.8,+19.0,+18.7,+18.7,+18.6,+18.7
2022-10-13 09:11,1,+74.1,+60.1,+40.0,+36.9,+39.0,+53.5,+18.8,+18.8,+19.0,+18.7,+18.7,+18.6,+18.7
2022-10-13 10:11,1,+74.1,+60.2,+40.0,+36.9,+39.0,+53.5,+19.0,+18.7,+19.1,+18.7,+18.7,+18.6,+18.7
2022-10-13 11:11,1,+74.1,+60.2,+40.0,+36.9,+38.9,+53.5,+19.2,+18.7,+19.0,+18.7,+18.7,+18.6,+18.7
2022-10-13 12:11,1,+74.1,+60.3,+40.0,+36.9,+38.9,+53.5,+19.3,+18.8,+19.0,+18.7,+18.7,+18.6,+19.0
2022-10-13 13:11,1,+74.1,+60.4,+40.0,+36.9,+38.9,+53.5,+19.5,+18.8,+19.0,+18.7,+18.7,+18.6,+18.7
2022-10-13 14:11,1,+74.1,+60.5,+40.2,+36.9,+38.9,+53.5,+19.6,+19.0,+19.0,+18.7,+18.7,+18.6,+19.0
2022-10-13 15:11,1,+74.1,+60.5,+40.2,+36.9,+38.9,+53.5,+19.6,+19.0,+19.1,+18.8,+18.7,+18.6,+19.0
2022-10-13 16:11,1,+74.1,+60.6,+40.2,+36.9,+38.9,+53.5,+19.6,+19.1,+19.0,+18.7,+18.7,+18.6,+18.7
2022-10-13 17:11,1,+74.1,+61.5,+40.4,+36.9,+38.9,+53.5,+19.5,+19.1,+19.0,+18.7,+18.7,+18.7,+19.0
2022-10-13 18:11,1,+74.1,+61.7,+41.0,+36.9,+38.9,+53.5,+19.3,+19.1,+19.1,+18.7,+18.7,+18.6,+19.0
2022-10-13 19:11,1,+74.1,+61.7,+41.5,+37.0,+38.9,+53.5,+19.3,+19.1,+19.1,+18.7,+18.7,+18.6,+18.7
2022-10-13 20:11,1,+74.1,+61.7,+41.5,+37.0,+38.9,+53.5,+19.2,+19.1,+19.1,+18.8,+18.7,+18.6,+19.0
2022-10-13 21:11,1,+74.1,+61.8,+41.7,+37.0,+38.9,+53.5,+19.2,+19.1,+19.1,+18.7,+18.7,+18.7,+19.0
2022-10-13 22:11,1,+74.0,+61.8,+41.7,+37.2,+39.0,+53.5,+19.1,+19.1,+19.1,+18.7,+18.7,+18.6,+19.0
2022-10-13 23:11,1,+74.0,+61.8,+41.7,+37.2,+39.0,+53.5,+19.0,+19.0,+19.1,+18.8,+18.7,+18.7,+18.7
2022-10-14 00:11,1,+74.0,+61.8,+41.7,+37.2,+39.0,+53.5,+19.0,+19.0,+19.1,+18.8,+18.7,+18.6,+19.0
2022-10-14 01:11,1,+74.0,+61.9,+41.7,+37.2,+39.0,+53.5,+18.8,+19.0,+19.1,+18.7,+18.7,+18.6,+19.0
2022-10-14 02:11,1,+74.0,+61.9,+41.7,+37.2,+39.0,+53.5,+18.8,+19.0,+19.1,+18.8,+18.7,+18.7,+18.7
2022-10-14 03:11,1,+74.0,+62.0,+41.7,+37.2,+39.0,+53.5,+18.8,+19.0,+19.1,+18.8,+18.7,+18.7,+19.0
2022-10-14 04:11,1,+74.0,+62.0,+41.7,+37.2,+39.0,+53.5,+18.7,+18.8,+19.1,+18.8,+18.7,+18.6,+19.0
2022-10-14 05:11,1,+74.0,+62.1,+41.7,+37.0,+39.0,+53.5,+18.7,+18.8,+19.1,+18.8,+18.7,+18.6,+19.0
2022-10-14 06:11,1,+74.0,+62.1,+41.7,+37.0,+39.0,+53.5,+18.6,+18.8,+19.1,+18.8,+18.7,+18.6,+18.7
2022-10-14 07:11,1,+74.0,+62.1,+41.7,+37.0,+39.0,+53.5,+18.5,+18.8,+19.1,+18.8,+18.7,+18.7,+19.0
2022-10-14 08:11,1,+74.1,+62.2,+41.7,+37.0,+39.0,+53.5,+18.6,+18.7,+19.1,+18.8,+18.7,+18.7,+19.0
2022-10-14 09:11,1,+74.1,+62.2,+41.7,+37.0,+39.0,+53.5,+18.7,+18.7,+19.1,+18.8,+18.7,+18.6,+19.0
2022-10-14 10:11,1,+74.1,+62.3,+41.7,+37.0,+39.0,+53.5,+18.8,+18.7,+19.1,+18.8,+18.7,+18.7,+19.0
2022-10-14 11:11,1,+74.1,+62.3,+41.7,+37.0,+39.0,+53.5,+19.0,+18.7,+19.1,+18.8,+18.7,+18.7,+19.0
2022-10-14 12:11,1,+74.1,+62.4,+41.7,+37.0,+39.0,+53.5,+19.2,+18.7,+19.1,+18.8,+18.7,+18.7,+19.0
2022-10-14 13:11,1,+74.1,+62.5,+41.7,+37.0,+39.0,+53.5,+19.5,+18.8,+19.0,+18.8,+18.7,+18.7,+19.0
2022-10-14 14:11,1,+74.1,+62.5,+41.7,+37.0,+39.0,+53.5,+19.5,+19.0,+19.1,+18.8,+18.7,+18.7,+18.7
2022-10-14 15:11,1,+74.1,+62.5,+41.7,+37.0,+39.0,+53.5,+19.6,+19.0,+19.1,+18.8,+18.7,+18.7,+19.0
2022-10-14 16:11,1,+74.0,+63.5,+43.2,+40.2,+39.0,+53.7,+19.6,+19.0,+19.1,+18.8,+18.7,+18.7,+19.0
2022-10-14 17:11,1,+73.9,+63.8,+44.5,+40.7,+39.2,+53.7,+19.5,+19.1,+19.1,+18.8,+18.7,+18.7,+19.0
2022-10-14 18:11,1,+73.9,+63.7,+44.4,+39.4,+39.9,+53.7,+19.3,+19.1,+19.1,+18.8,+18.7,+18.7,+19.0
2022-10-14 19:11,1,+73.9,+63.8,+44.2,+38.9,+40.0,+53.7,+19.1,+19.1,+19.1,+18.8,+18.7,+18.7,+19.0
2022-10-14 20:11,1,+73.9,+63.9,+44.4,+38.7,+40.0,+53.9,+19.0,+19.1,+19.2,+18.8,+18.7,+18.7,+19.0
2022-10-14 21:11,1,+73.9,+63.9,+44.5,+38.9,+40.0,+54.0,+18.8,+19.0,+19.2,+18.8,+18.7,+18.7,+19.0
2022-10-14 22:11,1,+73.9,+63.8,+44.2,+38.5,+40.0,+54.0,+18.7,+19.0,+19.2,+18.8,+19.0,+18.7,+19.0
2022-10-14 23:11,1,+73.9,+63.8,+43.9,+38.2,+40.0,+54.0,+18.6,+19.0,+19.2,+18.8,+19.0,+18.7,+19.0
2022-10-15 00:11,1,+73.9,+63.8,+43.7,+38.0,+39.9,+53.9,+18.6,+18.8,+19.2,+18.8,+19.0,+18.7,+19.0
2022-10-15 01:11,1,+73.9,+63.8,+43.5,+37.9,+39.7,+53.9,+18.6,+18.8,+19.2,+18.8,+19.0,+18.7,+19.0
2022-10-15 02:11,1,+73.9,+63.8,+43.5,+37.7,+39.7,+53.9,+18.6,+18.8,+19.1,+18.8,+18.7,+18.7,+19.0
2022-10-15 03:11,1,+73.9,+63.8,+43.5,+37.5,+39.7,+53.9,+18.5,+18.7,+19.1,+19.0,+19.0,+18.7,+19.0
2022-10-15 04:11,1,+73.9,+63.9,+43.4,+37.5,+39.5,+53.9,+18.3,+18.7,+19.1,+19.0,+18.7,+18.7,+19.0
2022-10-15 05:11,1,+73.9,+63.9,+43.4,+37.5,+39.5,+53.9,+18.2,+18.7,+19.1,+19.0,+19.0,+18.7,+19.0
2022-10-15 06:11,1,+73.9,+63.9,+43.4,+37.5,+39.5,+53.7,+18.2,+18.7,+19.1,+18.8,+19.0,+18.7,+19.1
2022-10-15 07:11,1,+73.9,+64.0,+43.4,+37.5,+39.5,+53.7,+18.1,+18.6,+19.1,+19.0,+19.0,+18.7,+19.0
2022-10-15 08:11,1,+73.9,+64.0,+43.4,+37.4,+39.5,+53.7,+18.1,+18.5,+19.1,+19.0,+19.0,+18.7,+19.0
2022-10-15 09:11,1,+74.0,+64.0,+43.4,+37.4,+39.5,+53.7,+18.2,+18.6,+19.1,+19.0,+19.0,+18.7,+19.0
2022-10-15 10:11,1,+74.0,+64.1,+43.4,+37.2,+39.4,+53.7,+18.5,+18.5,+19.0,+19.0,+18.7,+18.7,+19.0
2022-10-15 11:11,1,+74.0,+64.1,+43.4,+37.2,+39.4,+53.7,+18.7,+18.5,+19.1,+18.8,+19.0,+18.7,+19.0
2022-10-15 12:11,1,+74.0,+64.1,+43.4,+37.2,+39.4,+53.7,+19.0,+18.6,+19.0,+18.8,+18.7,+18.7,+19.0
2022-10-15 13:11,1,+74.0,+64.2,+43.4,+37.2,+39.2,+53.7,+19.2,+18.6,+19.0,+19.0,+18.7,+18.7,+19.1
2022-10-15 14:11,1,+74.0,+64.2,+43.4,+37.2,+39.2,+53.7,+19.6,+18.7,+19.0,+18.8,+19.0,+18.7,+19.1
2022-10-15 15:11,1,+74.0,+64.2,+43.4,+37.2,+39.2,+53.7,+19.6,+18.8,+19.0,+18.8,+19.0,+18.7,+19.0
2022-10-15 16:11,1,+74.0,+64.2,+43.4,+37.2,+39.2,+53.7,+19.6,+18.8,+19.0,+18.8,+19.0,+18.7,+19.0
2022-10-15 17:11,1,+74.0,+64.3,+43.4,+37.2,+39.2,+53.7,+19.5,+19.0,+19.0,+18.8,+19.0,+18.7,+19.1
2022-10-15 18:11,1,+74.0,+64.4,+43.5,+37.2,+39.2,+53.7,+19.5,+19.0,+19.0,+18.8,+19.0,+18.7,+19.0
2022-10-15 19:11,1,+74.0,+64.8,+43.5,+37.2,+39.2,+53.7,+19.3,+19.0,+19.0,+18.8,+19.0,+18.7,+19.1
2022-10-15 20:11,1,+74.0,+65.4,+43.9,+37.2,+39.2,+53.7,+19.1,+19.0,+19.0,+18.8,+19.0,+18.7,+19.0
2022-10-15 21:11,1,+74.0,+65.5,+44.5,+37.2,+39.2,+53.7,+19.1,+19.1,+19.1,+18.8,+18.7,+18.7,+19.1
2022-10-15 22:11,1,+74.0,+65.5,+45.0,+37.2,+39.2,+53.7,+19.1,+19.0,+19.1,+18.8,+19.0,+18.7,+19.1
2022-10-15 23:11,1,+73.9,+65.6,+45.2,+37.4,+39.2,+53.7,+19.0,+19.0,+19.1,+18.8,+19.0,+18.7,+19.1
2022-10-16 00:11,1,+73.9,+65.6,+45.2,+37.5,+39.2,+53.7,+18.8,+19.0,+19.1,+18.8,+18.7,+18.7,+19.0
2022-10-16 01:11,1,+73.9,+65.6,+45.0,+37.5,+39.4,+53.7,+18.8,+19.0,+19.1,+18.8,+18.7,+18.7,+19.0
2022-10-16 02:11,1,+73.9,+65.6,+45.0,+37.5,+39.4,+53.7,+18.7,+18.8,+19.1,+18.8,+19.0,+18.7,+19.0
2022-10-16 03:11,1,+73.9,+65.6,+45.0,+37.5,+39.4,+53.7,+18.6,+18.8,+19.1,+18.8,+19.0,+18.7,+19.0
2022-10-16 04:11,1,+73.9,+65.7,+45.0,+37.5,+39.4,+53.7,+18.5,+18.8,+19.1,+18.8,+19.0,+18.7,+19.0
2022-10-16 05:11,1,+73.9,+65.7,+45.0,+37.4,+39.4,+53.7,+18.5,+18.7,+19.1,+18.8,+19.0,+18.7,+19.0
2022-10-16 06:11,1,+73.9,+65.7,+45.0,+37.4,+39.4,+53.7,+18.3,+18.7,+19.1,+18.8,+19.0,+18.7,+19.1
2022-10-16 07:11,1,+73.9,+65.8,+44.9,+37.4,+39.4,+53.7,+18.3,+18.6,+19.1,+19.0,+18.7,+18.7,+19.0
2022-10-16 08:11,1,+74.0,+65.8,+44.9,+37.4,+39.4,+53.7,+18.3,+18.6,+19.1,+18.8,+19.0,+18.7,+19.0
2022-10-16 09:11,1,+74.0,+65.8,+44.9,+37.2,+39.2,+53.7,+18.5,+18.6,+19.1,+18.8,+18.7,+18.7,+19.1
2022-10-16 10:11,1,+74.0,+65.8,+44.9,+37.2,+39.2,+53.7,+18.6,+18.6,+19.0,+18.8,+19.0,+18.7,+19.1
2022-10-16 11:11,1,+74.0,+65.9,+44.9,+37.2,+39.2,+53.7,+18.8,+18.6,+19.1,+18.8,+19.0,+18.7,+19.1
2022-10-16 12:11,1,+74.0,+65.9,+44.9,+37.2,+39.2,+53.7,+19.1,+18.6,+19.1,+18.8,+19.0,+18.7,+19.1
2022-10-16 13:11,1,+74.0,+65.9,+44.9,+37.2,+39.2,+53.7,+19.2,+18.7,+19.0,+18.8,+19.0,+18.7,+19.1
2022-10-16 14:11,1,+74.0,+66.0,+44.9,+37.2,+39.2,+53.7,+19.2,+18.8,+19.0,+18.8,+19.0,+18.7,+19.1
2022-10-16 15:11,1,+74.0,+66.0,+44.9,+37.2,+39.2,+53.7,+19.2,+18.8,+19.1,+18.8,+19.0,+18.7,+19.0
2022-10-16 16:11,1,+74.0,+66.1,+44.9,+37.2,+39.2,+53.7,+19.2,+18.8,+19.0,+18.8,+19.0,+18.7,+19.1
2022-10-16 17:11,1,+74.0,+66.4,+45.0,+37.2,+39.2,+53.7,+19.1,+18.8,+19.0,+18.8,+18.7,+18.7,+19.0
2022-10-16 18:11,1,+74.0,+66.8,+45.4,+37.2,+39.2,+53.7,+19.0,+19.0,+19.0,+18.8,+19.0,+18.7,+19.1
2022-10-16 19:11,1,+73.9,+67.2,+46.4,+37.2,+39.2,+53.7,+19.0,+19.0,+19.1,+18.8,+19.0,+18.7,+19.1
2022-10-16 20:11,1,+73.9,+67.0,+47.0,+37.5,+39.2,+53.7,+18.8,+18.8,+19.1,+18.8,+19.0,+18.7,+19.1
2022-10-16 21:11,1,+73.9,+67.0,+47.0,+37.7,+39.5,+53.7,+18.8,+18.8,+19.1,+19.0,+19.0,+18.7,+19.1
2022-10-16 22:11,1,+73.9,+66.9,+46.9,+37.7,+39.5,+53.7,+18.7,+18.8,+19.1,+18.8,+19.0,+18.7,+19.0
2022-10-16 23:11,1,+73.9,+66.9,+46.7,+37.7,+39.5,+53.7,+18.7,+18.8,+19.1,+18.8,+19.0,+18.7,+19.1
2022-10-17 00:11,1,+73.9,+66.9,+46.7,+37.5,+39.5,+53.7,+18.7,+18.8,+19.1,+18.8,+19.0,+18.7,+19.0
2022-10-17 01:11,1,+73.9,+66.9,+46.7,+37.5,+39.5,+53.7,+18.6,+18.7,+19.0,+18.8,+19.0,+18.7,+19.0
2022-10-17 02:11,1,+73.9,+66.9,+46.7,+37.5,+39.5,+53.7,+18.5,+18.7,+19.1,+18.8,+19.0,+18.7,+19.1
2022-10-17 03:11,1,+73.9,+67.0,+46.7,+37.5,+39.5,+53.7,+18.5,+18.8,+19.1,+18.8,+19.0,+18.7,+19.0
2022-10-17 04:11,1,+73.9,+67.0,+46.7,+37.5,+39.5,+53.7,+18.3,+18.7,+19.1,+18.8,+19.0,+18.7,+19.1
2022-10-17 05:11,1,+73.9,+67.0,+46.7,+37.5,+39.5,+53.7,+18.3,+18.6,+19.0,+19.0,+19.0,+18.7,+19.1
2022-10-17 06:11,1,+73.9,+67.0,+46.7,+37.4,+39.4,+53.7,+18.2,+18.6,+19.1,+18.8,+19.0,+18.7,+19.1
2022-10-17 07:11,1,+73.9,+67.0,+46.7,+37.4,+39.4,+53.7,+18.1,+18.6,+19.1,+18.8,+19.0,+18.7,+19.1
2022-10-17 08:11,1,+73.9,+67.1,+46.7,+37.4,+39.4,+53.7,+18.2,+18.6,+19.1,+18.8,+19.0,+18.7,+19.1
2022-10-17 09:11,1,+73.9,+67.1,+46.7,+37.4,+39.4,+53.7,+18.2,+18.6,+19.0,+18.8,+19.0,+18.7,+19.1
2022-10-17 10:11,1,+74.0,+67.1,+46.7,+37.2,+39.4,+53.7,+18.3,+18.5,+19.0,+18.8,+19.0,+18.7,+19.1
2022-10-17 11:11,1,+74.0,+67.1,+46.7,+37.2,+39.2,+53.7,+18.5,+18.5,+18.8,+18.8,+19.0,+18.7,+19.1