
2022-09-07 09:20,3,+45.7,+30.4,+41.5,+47.4,+41.2,+53.0,+18.1,+18.1,+18.5,+18.5,+18.0,+18.2,+18.5
2022-09-07 10:20,3,+45.7,+30.4,+41.5,+47.4,+41.2,+53.0,+18.2,+18.1,+18.5,+18.5,+18.0,+18.2,+18.5
2022-09-07 11:20,3,+45.7,+30.3,+41.5,+47.4,+41.2,+53.0,+18.3,+18.1,+18.5,+18.5,+18.0,+18.2,+18.6
2022-09-07 12:20,3,+45.7,+30.3,+41.5,+47.4,+41.2,+53.0,+18.5,+18.2,+18.5,+18.5,+18.0,+18.5,+18.6
2022-09-07 13:20,3,+45.7,+30.3,+41.5,+47.4,+41.2,+53.0,+18.5,+18.2,+18.5,+18.5,+18.0,+18.2,+18.6
2022-09-07 14:20,3,+45.7,+30.3,+41.5,+47.4,+41.2,+53.0,+18.7,+18.3,+18.6,+18.5,+18.0,+18.2,+18.5
2022-09-07 15:20,3,+45.7,+30.3,+41.5,+47.4,+41.0,+53.0,+18.7,+18.3,+18.5,+18.5,+18.0,+18.2,+18.5
2022-09-07 16:20,3,+47.4,+30.8,+41.5,+47.4,+41.0,+53.0,+18.6,+18.5,+18.6,+18.5,+18.0,+18.2,+18.5
2022-09-07 17:20,3,+47.4,+31.3,+41.5,+47.4,+41.0,+53.0,+18.6,+18.5,+18.6,+18.5,+18.0,+18.2,+18.5
2022-09-07 18:20,3,+47.2,+31.5,+41.5,+47.4,+41.0,+53.0,+18.5,+18.5,+18.6,+18.5,+18.0,+18.2,+18.5
2022-09-07 19:20,3,+47.1,+31.6,+41.5,+47.4,+41.0,+53.0,+18.5,+18.3,+18.6,+18.5,+18.0,+18.2,+18.6
2022-09-07 20:20,3,+46.9,+31.6,+41.5,+47.4,+41.0,+53.0,+18.5,+18.5,+18.6,+18.5,+18.0,+18.5,+18.6
2022-09-07 21:20,3,+46.8,+31.7,+41.5,+47.4,+41.0,+53.0,+18.3,+18.5,+18.7,+18.5,+18.0,+18.2,+18.5
2022-09-07 22:20,3,+46.8,+31.7,+41.5,+47.4,+41.0,+53.0,+18.3,+18.5,+18.6,+18.5,+18.0,+18.2,+18.6
2022-09-07 23:20,3,+46.7,+31.7,+41.5,+47.4,+41.0,+53.0,+18.3,+18.3,+18.7,+18.5,+18.0,+18.2,+18.5
2022-09-08 00:20,3,+46.6,+31.7,+41.5,+47.5,+41.0,+53.0,+18.3,+18.3,+18.7,+18.6,+18.0,+18.5,+18.5
2022-09-08 01:20,3,+46.6,+31.7,+41.5,+47.5,+41.0,+53.0,+18.2,+18.3,+18.7,+18.6,+18.0,+18.2,+18.5
2022-09-08 02:20,3,+46.5,+31.7,+41.5,+47.5,+41.2,+53.0,+18.2,+18.3,+18.7,+18.5,+18.1,+18.2,+18.6
2022-09-08 03:20,3,+46.4,+31.7,+41.5,+47.5,+41.2,+53.0,+18.2,+18.3,+18.6,+18.5,+18.0,+18.5,+18.5
2022-09-08 04:20,3,+46.3,+31.7,+41.5,+47.5,+41.2,+53.0,+18.1,+18.2,+18.6,+18.6,+18.0,+18.2,+18.6
2022-09-08 05:20,3,+46.3,+31.7,+41.5,+47.5,+41.2,+53.0,+18.1,+18.2,+18.7,+18.6,+18.0,+18.5,+18.5
2022-09-08 06:20,3,+46.2,+31.7,+41.5,+47.5,+41.2,+53.0,+18.1,+18.2,+18.6,+18.5,+18.1,+18.5,+18.6
2022-09-08 07:20,3,+46.2,+31.7,+41.5,+47.5,+41.2,+53.0,+18.1,+18.2,+18.6,+18.6,+18.1,+18.2,+18.6
2022-09-08 08:20,3,+46.2,+31.6,+41.5,+47.5,+41.2,+53.0,+18.1,+18.2,+18.6,+18.6,+18.1,+18.2,+18.6
2022-09-08 09:20,3,+46.2,+31.6,+41.5,+47.5,+41.2,+53.0,+18.2,+18.2,+18.6,+18.6,+18.0,+18.5,+18.6
2022-09-08 10:20,3,+46.2,+31.6,+41.5,+47.5,+41.2,+53.0,+18.2,+18.2,+18.6,+18.6,+18.1,+18.2,+18.5
2022-09-08 11:20,3,+46.1,+31.6,+41.5,+47.5,+41.2,+53.0,+18.3,+18.2,+18.6,+18.6,+18.1,+18.5,+18.5
2022-09-08 12:20,3,+46.1,+31.6,+41.5,+47.5,+41.2,+53.0,+18.5,+18.2,+18.6,+18.5,+18.1,+18.2,+18.6
2022-09-08 13:20,3,+46.1,+31.5,+41.5,+47.5,+41.2,+53.0,+18.6,+18.3,+18.6,+18.6,+18.0,+18.2,+18.6
2022-09-08 14:20,3,+46.6,+31.5,+41.5,+47.5,+41.2,+53.0,+18.7,+18.3,+18.6,+18.6,+18.1,+18.5,+18.6
2022-09-08 15:20,3,+47.1,+31.6,+41.5,+47.5,+41.2,+53.0,+18.7,+18.5,+18.6,+18.5,+18.1,+18.5,+18.6
2022-09-08 16:20,3,+47.2,+31.7,+41.7,+47.5,+41.2,+53.0,+18.7,+18.5,+18.7,+18.6,+18.1,+18.5,+18.6
2022-09-08 17:20,3,+47.1,+31.9,+41.7,+47.5,+41.2,+53.0,+18.7,+18.5,+18.7,+18.6,+18.1,+18.5,+18.6
2022-09-08 18:20,3,+47.1,+32.0,+41.7,+47.5,+41.2,+53.2,+18.7,+18.6,+18.7,+18.6,+18.0,+18.5,+18.6
2022-09-08 19:20,3,+47.5,+32.1,+41.7,+47.5,+41.2,+53.2,+18.6,+18.5,+18.7,+18.6,+18.0,+18.2,+18.5
2022-09-08 20:20,3,+47.3,+32.4,+41.7,+47.5,+41.2,+53.2,+18.6,+18.5,+18.7,+18.6,+18.1,+18.5,+18.6
2022-09-08 21:20,3,+47.2,+32.6,+41.9,+47.5,+41.2,+53.2,+18.5,+18.5,+18.8,+18.6,+18.1,+18.2,+18.6
2022-09-08 22:20,3,+47.1,+32.7,+42.0,+47.5,+41.2,+53.2,+18.5,+18.5,+18.8,+18.6,+18.1,+18.5,+18.6
2022-09-08 23:20,3,+47.0,+32.8,+42.0,+47.7,+41.4,+53.2,+18.3,+18.5,+18.8,+18.6,+18.1,+18.2,+18.6
2022-09-09 00:20,3,+46.9,+32.8,+42.2,+47.7,+41.4,+53.2,+18.3,+18.5,+18.8,+18.6,+18.1,+18.2,+18.5
2022-09-09 01:20,3,+46.8,+32.7,+42.2,+47.7,+41.5,+53.2,+18.2,+18.3,+18.8,+18.6,+18.1,+18.2,+18.6
2022-09-09 02:20,3,+46.7,+32.7,+42.2,+47.7,+41.5,+53.2,+18.1,+18.5,+18.7,+18.6,+18.1,+18.5,+18.6
2022-09-09 03:20,3,+46.7,+32.6,+42.2,+47.7,+41.5,+53.2,+18.1,+18.3,+18.7,+18.6,+18.1,+18.2,+18.6
2022-09-09 04:20,3,+46.6,+32.6,+42.2,+47.7,+41.5,+53.2,+18.0,+18.2,+18.7,+18.7,+18.1,+18.5,+18.6
2022-09-09 05:20,3,+46.5,+32.5,+42.2,+47.7,+41.5,+53.4,+18.0,+18.2,+18.7,+18.6,+18.1,+18.5,+18.6
2022-09-09 06:20,3,+46.5,+32.5,+42.2,+47.7,+41.5,+53.4,+18.0,+18.1,+18.7,+18.6,+18.1,+18.5,+18.6
2022-09-09 07:20,3,+46.4,+32.4,+42.2,+47.7,+41.5,+53.4,+18.0,+18.1,+18.7,+18.6,+18.1,+18.5,+18.6
2022-09-09 08:20,3,+46.4,+32.3,+42.2,+47.7,+41.5,+53.4,+18.0,+18.2,+18.6,+18.6,+18.1,+18.5,+18.6
2022-09-09 09:20,3,+46.4,+32.3,+42.2,+47.7,+41.5,+53.4,+18.1,+18.1,+18.6,+18.6,+18.1,+18.5,+18.6
2022-09-09 10:20,3,+46.3,+32.2,+42.0,+47.7,+41.5,+53.5,+18.2,+18.1,+18.6,+18.6,+18.1,+18.5,+18.6
2022-09-09 11:20,3,+46.4,+32.2,+42.0,+47.7,+41.5,+53.5,+18.3,+18.2,+18.6,+18.6,+18.1,+18.5,+18.6
2022-09-09 12:20,3,+48.5,+32.5,+42.7,+47.7,+41.7,+53.5,+18.2,+18.2,+18.7,+18.6,+18.1,+18.5,+18.6
2022-09-09 13:20,3,+48.3,+33.3,+43.0,+48.0,+42.4,+54.0,+18.3,+18.2,+18.6,+18.6,+18.1,+18.5,+18.6
2022-09-09 14:20,3,+47.9,+33.3,+43.0,+48.0,+42.4,+54.0,+18.5,+18.3,+18.6,+18.6,+18.1,+18.5,+18.6
2022-09-09 15:20,3,+47.8,+33.2,+42.9,+48.0,+42.4,+54.0,+18.5,+18.3,+18.6,+18.6,+18.1,+18.5,+18.6
2022-09-09 16:20,3,+48.4,+33.5,+43.5,+48.0,+42.7,+54.2,+18.5,+18.3,+18.6,+18.6,+18.1,+18.5,+18.6
2022-09-09 17:20,3,+48.3,+33.7,+43.5,+48.0,+42.7,+54.2,+18.3,+18.3,+18.7,+18.6,+18.1,+18.5,+18.6
2022-09-09 18:20,3,+48.5,+33.9,+44.0,+48.0,+43.0,+54.4,+18.2,+18.3,+18.6,+18.6,+18.1,+18.5,+18.6
2022-09-09 19:20,3,+48.3,+33.8,+43.9,+48.0,+42.9,+54.2,+18.2,+18.3,+18.7,+18.6,+18.1,+18.5,+18.6
2022-09-09 20:20,3,+48.1,+33.6,+43.7,+48.0,+42.7,+54.2,+18.1,+18.2,+18.6,+18.6,+18.1,+18.5,+18.6
2022-09-09 21:20,3,+48.0,+33.4,+43.5,+48.0,+42.7,+54.2,+18.0,+18.2,+18.6,+18.6,+18.1,+18.5,+18.6
2022-09-09 22:20,3,+47.9,+33.3,+43.4,+48.0,+42.5,+54.2,+18.0,+18.2,+18.6,+18.6,+18.1,+18.5,+18.6
2022-09-09 23:20,3,+47.7,+33.2,+43.2,+48.0,+42.5,+54.2,+17.8,+18.2,+18.7,+18.6,+18.1,+18.5,+18.6
2022-09-10 00:20,3,+47.7,+33.1,+43.2,+48.0,+42.4,+54.2,+17.8,+18.1,+18.6,+18.6,+18.1,+18.5,+18.6
2022-09-10 01:20,3,+47.2,+33.0,+43.0,+48.0,+42.4,+54.0,+17.8,+18.1,+18.6,+18.6,+18.1,+18.5,+18.6
2022-09-10 02:20,3,+47.1,+32.9,+43.0,+48.0,+42.2,+54.0,+17.7,+18.0,+18.6,+18.6,+18.1,+18.5,+18.6
2022-09-10 03:20,3,+47.0,+32.8,+43.0,+48.0,+42.2,+54.0,+17.6,+18.0,+18.5,+18.6,+18.1,+18.5,+18.6
2022-09-10 04:20,3,+46.9,+32.7,+42.9,+48.0,+42.2,+54.0,+17.6,+18.0,+18.6,+18.6,+18.1,+18.5,+18.6
2022-09-10 05:20,3,+46.8,+32.6,+42.9,+48.0,+42.2,+54.0,+17.5,+17.8,+18.5,+18.6,+18.1,+18.5,+18.6
2022-09-10 06:20,3,+46.7,+32.5,+42.9,+48.0,+42.2,+54.0,+17.5,+17.8,+18.6,+18.5,+18.1,+18.5,+18.6
2022-09-10 07:20,3,+46.7,+32.4,+42.7,+48.0,+42.2,+54.0,+17.5,+17.8,+18.5,+18.6,+18.1,+18.5,+18.6
2022-09-10 08:20,3,+46.6,+32.4,+42.7,+48.0,+42.2,+54.0,+17.6,+17.8,+18.5,+18.5,+18.1,+18.5,+18.6
2022-09-10 09:20,3,+46.6,+32.3,+42.5,+48.0,+42.0,+54.0,+17.7,+17.7,+18.3,+18.5,+18.2,+18.5,+18.6
2022-09-10 10:20,3,+46.5,+32.2,+42.5,+48.0,+42.0,+54.0,+17.8,+17.8,+18.3,+18.5,+18.1,+18.5,+18.6
2022-09-10 11:20,3,+46.5,+32.2,+42.4,+47.9,+42.0,+54.0,+18.0,+17.8,+18.5,+18.5,+18.1,+18.5,+18.6
2022-09-10 12:20,3,+46.5,+32.1,+42.4,+47.9,+42.0,+54.0,+18.1,+18.0,+18.3,+18.5,+18.1,+18.5,+18.6
2022-09-10 13:20,3,+46.5,+32.1,+42.2,+47.9,+42.0,+54.0,+18.2,+18.0,+18.5,+18.5,+18.1,+18.5,+18.6
2022-09-10 14:20,3,+46.5,+32.0,+42.2,+47.9,+42.0,+54.0,+18.3,+18.1,+18.5,+18.5,+18.1,+18.5,+18.6
2022-09-10 15:20,3,+46.4,+32.0,+42.2,+47.9,+42.0,+54.0,+18.3,+18.1,+18.5,+18.5,+18.1,+18.5,+18.6
2022-09-10 16:20,3,+46.4,+32.0,+42.2,+47.9,+42.0,+54.0,+18.3,+18.2,+18.5,+18.5,+18.1,+18.5,+18.6
2022-09-10 17:20,3,+46.4,+31.9,+42.2,+47.9,+41.9,+54.0,+18.3,+18.2,+18.5,+18.5,+18.1,+18.5,+18.6
2022-09-10 18:20,3,+46.5,+31.9,+42.2,+47.9,+41.9,+54.0,+18.3,+18.2,+18.6,+18.5,+18.1,+18.5,+18.6
2022-09-10 19:20,3,+46.5,+31.9,+42.2,+47.9,+41.9,+54.0,+18.3,+18.2,+18.6,+18.5,+18.1,+18.5,+18.6
2022-09-10 20:20,3,+46.4,+31.9,+42.2,+47.9,+41.9,+54.0,+18.2,+18.2,+18.6,+18.5,+18.1,+18.5,+18.6
2022-09-10 21:20,3,+46.4,+31.9,+42.2,+47.9,+41.9,+54.0,+18.2,+18.2,+18.6,+18.5,+18.0,+18.5,+18.6
2022-09-10 22:20,3,+46.4,+31.9,+42.2,+47.9,+41.9,+53.9,+18.2,+18.2,+18.6,+18.5,+18.1,+18.5,+18.6
2022-09-10 23:20,3,+46.4,+31.9,+42.2,+47.9,+41.9,+53.9,+18.1,+18.2,+18.6,+18.5,+18.1,+18.5,+18.6
2022-09-11 00:20,3,+46.3,+31.8,+42.2,+47.9,+41.9,+53.9,+18.1,+18.2,+18.6,+18.6,+18.1,+18.5,+18.6
2022-09-11 01:20,3,+46.3,+31.8,+42.2,+47.9,+41.7,+53.9,+18.1,+18.2,+18.6,+18.5,+18.1,+18.2,+18.6
2022-09-11 02:20,3,+46.4,+31.8,+42.2,+47.9,+41.7,+53.9,+18.1,+18.2,+18.5,+18.6,+18.1,+18.5,+18.6
2022-09-11 03:20,3,+46.3,+31.8,+42.0,+47.9,+41.7,+53.9,+18.0,+18.1,+18.6,+18.6,+18.0,+18.5,+18.6
2022-09-11 04:20,3,+46.2,+31.8,+42.0,+47.9,+41.7,+53.9,+17.8,+18.1,+18.5,+18.5,+18.1,+18.5,+18.6
2022-09-11 05:20,3,+46.2,+31.8,+42.0,+47.9,+41.7,+53.9,+17.8,+18.1,+18.6,+18.6,+18.1,+18.5,+18.6
2022-09-11 06:20,3,+46.2,+31.7,+42.0,+47.9,+41.7,+53.9,+17.8,+18.1,+18.6,+18.5,+18.1,+18.5,+18.6
2022-09-11 07:20,3,+46.1,+31.7,+42.0,+47.9,+41.7,+53.9,+17.8,+18.0,+18.5,+18.5,+18.1,+18.5,+18.6
2022-09-11 08:20,3,+46.0,+31.7,+42.0,+47.9,+41.7,+53.7,+17.8,+18.0,+18.5,+18.5,+18.1,+18.5,+18.6
2022-09-11 09:20,3,+46.1,+31.7,+42.0,+47.9,+41.7,+53.7,+18.0,+18.0,+18.5,+18.5,+18.1,+18.5,+18.6
2022-09-11 10:20,3,+46.1,+31.6,+42.0,+47.9,+41.7,+53.7,+18.0,+18.1,+18.5,+18.5,+18.1,+18.5,+18.6
2022-09-11 11:20,3,+46.1,+31.6,+42.0,+47.7,+41.7,+53.7,+18.1,+18.1,+18.5,+18.5,+18.1,+18.5,+18.6
2022-09-11 12:20,3,+46.0,+31.6,+42.0,+47.7,+41.7,+53.7,+18.2,+18.0,+18.5,+18.5,+18.1,+18.5,+18.6
2022-09-11 13:20,3,+46.0,+31.5,+42.0,+47.7,+41.7,+53.7,+18.3,+18.1,+18.5,+18.5,+18.1,+18.5,+18.6
2022-09-11 14:20,3,+46.0,+31.5,+42.0,+47.7,+41.7,+53.7,+18.5,+18.2,+18.5,+18.5,+18.1,+18.5,+18.6
2022-09-11 15:20,3,+46.3,+31.5,+42.0,+47.7,+41.7,+53.7,+18.5,+18.2,+18.6,+18.6,+18.1,+18.5,+18.6
2022-09-11 16:20,3,+47.6,+31.7,+42.0,+47.9,+41.7,+53.7,+18.3,+18.2,+18.6,+18.5,+18.0,+18.5,+18.6
2022-09-11 17:20,3,+47.7,+32.1,+42.0,+47.9,+41.7,+53.7,+18.2,+18.3,+18.6,+18.5,+18.1,+18.5,+18.6
2022-09-11 18:20,3,+47.7,+32.5,+42.2,+48.0,+41.9,+53.9,+18.1,+18.3,+18.6,+18.5,+18.0,+18.5,+18.6
2022-09-11 19:20,3,+47.5,+32.8,+42.4,+48.0,+42.0,+54.0,+18.0,+18.2,+18.6,+18.5,+18.1,+18.5,+18.6
2022-09-11 20:20,3,+47.3,+32.9,+42.5,+48.0,+42.0,+54.0,+18.0,+18.2,+18.6,+18.5,+18.1,+18.5,+18.6
2022-09-11 21:20,3,+47.0,+32.9,+42.5,+48.0,+42.2,+54.0,+18.0,+18.2,+18.6,+18.6,+18.1,+18.5,+18.6
2022-09-11 22:20,3,+46.9,+32.9,+42.5,+48.0,+42.2,+54.0,+18.0,+18.1,+18.6,+18.6,+18.1,+18.5,+18.6
2022-09-11 23:20,3,+46.8,+32.8,+42.5,+48.0,+42.2,+54.0,+17.8,+18.1,+18.6,+18.6,+18.1,+18.5,+18.6
2022-09-12 00:20,3,+46.8,+32.8,+42.5,+48.0,+42.2,+54.0,+17.8,+18.0,+18.5,+18.5,+18.1,+18.5,+18.6
2022-09-12 01:20,3,+46.7,+32.7,+42.5,+48.0,+42.0,+54.0,+17.8,+18.0,+18.6,+18.5,+18.1,+18.5,+18.6
2022-09-12 02:20,3,+46.6,+32.7,+42.5,+48.0,+42.0,+54.0,+17.7,+18.0,+18.6,+18.5,+18.1,+18.5,+18.6
2022-09-12 03:20,3,+46.5,+32.6,+42.5,+48.0,+42.0,+54.0,+17.7,+18.0,+18.5,+18.5,+18.1,+18.5,+18.6
2022-09-12 04:20,3,+46.4,+32.6,+42.5,+48.0,+42.0,+54.0,+17.7,+18.0,+18.5,+18.6,+18.1,+18.5,+18.6
2022-09-12 05:20,3,+46.4,+32.5,+42.5,+48.0,+42.0,+54.0,+17.7,+18.0,+18.5,+18.5,+18.1,+18.5,+18.6
2022-09-12 06:20,3,+46.4,+32.5,+42.5,+48.0,+42.0,+54.0,+17.7,+18.0,+18.5,+18.5,+18.1,+18.5,+18.6
2022-09-12 07:20,3,+46.4,+32.4,+42.4,+48.0,+42.0,+54.0,+17.7,+17.8,+18.5,+18.5,+18.1,+18.5,+18.6
2022-09-12 08:20,3,+46.4,+32.3,+42.4,+48.0,+42.0,+54.0,+17.7,+17.8,+18.5,+18.5,+18.1,+18.5,+18.6
2022-09-12 09:20,3,+46.3,+32.3,+42.4,+48.0,+42.0,+54.0,+17.8,+17.8,+18.5,+18.5,+18.1,+18.5,+18.6
2022-09-12 10:20,3,+46.3,+32.2,+42.2,+48.0,+42.0,+54.0,+18.0,+18.0,+18.5,+18.5,+18.1,+18.5,+18.6
2022-09-12 11:20,3,+46.3,+32.2,+42.2,+48.0,+42.0,+54.0,+18.1,+18.0,+18.3,+18.5,+18.0,+18.5,+18.6
2022-09-12 12:20,3,+46.3,+32.1,+42.2,+48.0,+42.0,+54.0,+18.1,+18.0,+18.5,+18.5,+18.1,+18.5,+18.6
2022-09-12 13:20,3,+46.2,+32.1,+42.2,+48.0,+42.0,+54.0,+18.2,+18.1,+18.5,+18.5,+18.1,+18.5,+18.6
2022-09-12 14:20,3,+46.5,+32.1,+42.2,+48.0,+42.0,+54.0,+18.3,+18.1,+18.5,+18.5,+18.1,+18.5,+18.6
2022-09-12 15:20,3,+47.6,+32.5,+44.0,+48.2,+43.0,+54.5,+18.2,+18.2,+18.5,+18.5,+18.1,+18.5,+18.6
2022-09-12 16:20,3,+47.8,+33.2,+43.7,+48.2,+43.0,+54.5,+18.1,+18.2,+18.5,+18.5,+18.0,+18.5,+18.6
2022-09-12 17:20,3,+47.7,+33.3,+43.5,+48.2,+43.0,+54.5,+18.0,+18.1,+18.5,+18.5,+18.1,+18.5,+18.6
2022-09-12 18:20,3,+47.5,+33.3,+43.4,+48.2,+42.7,+54.5,+17.8,+18.1,+18.5,+18.5,+18.1,+18.5,+18.6
2022-09-12 19:20,3,+47.4,+33.3,+43.2,+48.2,+42.7,+54.4,+17.7,+18.0,+18.5,+18.5,+18.1,+18.5,+18.6
2022-09-12 20:20,3,+47.3,+33.2,+43.2,+48.2,+42.7,+54.4,+17.8,+18.0,+18.5,+18.5,+18.1,+18.5,+18.6
2022-09-12 21:20,3,+47.1,+33.1,+43.2,+48.2,+42.5,+54.4,+17.7,+18.0,+18.5,+18.5,+18.1,+18.5,+18.6
2022-09-12 22:20,3,+46.9,+33.0,+43.0,+48.2,+42.5,+54.4,+17.6,+17.8,+18.5,+18.5,+18.1,+18.5,+18.6
2022-09-12 23:20,3,+46.8,+32.9,+43.0,+48.2,+42.5,+54.2,+17.6,+17.8,+18.3,+18.5,+18.1,+18.2,+18.5
2022-09-13 00:20,3,+46.7,+32.8,+42.9,+48.2,+42.5,+54.2,+17.6,+17.8,+18.5,+18.5,+18.1,+18.5,+18.6
2022-09-13 01:20,3,+46.7,+32.8,+42.9,+48.2,+42.4,+54.2,+17.6,+17.8,+18.5,+18.5,+18.0,+18.5,+18.6
2022-09-13 02:20,3,+46.5,+32.7,+42.7,+48.2,+42.4,+54.2,+17.6,+17.8,+18.3,+18.5,+18.0,+18.5,+18.6
2022-09-13 03:20,3,+46.5,+32.6,+42.7,+48.2,+42.2,+54.2,+17.6,+17.7,+18.3,+18.5,+18.1,+18.5,+18.6
2022-09-13 04:20,3,+46.6,+32.5,+42.7,+48.2,+42.2,+54.2,+17.6,+17.7,+18.3,+18.5,+18.1,+18.5,+18.6
2022-09-13 05:20,3,+46.6,+32.5,+42.7,+48.2,+42.2,+54.2,+17.6,+17.8,+18.3,+18.5,+18.0,+18.5,+18.6
2022-09-13 06:20,3,+46.7,+32.4,+42.7,+48.2,+42.2,+54.2,+17.6,+17.8,+18.3,+18.5,+18.0,+18.2,+18.6
2022-09-13 07:20,3,+46.7,+32.4,+42.7,+48.2,+42.2,+54.2,+17.6,+17.7,+18.3,+18.5,+18.0,+18.5,+18.6
2022-09-13 08:20,3,+46.7,+32.3,+42.7,+48.2,+42.2,+54.2,+17.6,+17.7,+18.3,+18.3,+18.1,+18.5,+18.6
2022-09-13 09:20,3,+46.6,+32.3,+42.7,+48.2,+42.2,+54.2,+17.7,+17.7,+18.2,+18.3,+18.0,+18.2,+18.6
2022-09-13 10:20,3,+46.6,+32.2,+42.5,+48.0,+42.2,+54.0,+17.7,+17.7,+18.3,+18.3,+18.0,+18.5,+18.6
2022-09-13 11:20,3,+46.8,+32.2,+42.5,+48.0,+42.0,+54.0,+17.8,+17.8,+18.2,+18.3,+18.0,+18.2,+18.6
2022-09-13 12:20,3,+47.1,+32.2,+42.4,+48.0,+42.0,+54.0,+17.8,+17.8,+18.3,+18.5,+18.0,+18.5,+18.6
2022-09-13 13:20,3,+47.7,+32.4,+43.0,+48.2,+42.2,+54.0,+18.0,+18.0,+18.2,+18.3,+18.0,+18.2,+18.5
2022-09-13 14:20,3,+48.0,+33.3,+44.0,+48.2,+43.0,+54.5,+18.0,+17.8,+18.3,+18.3,+18.0,+18.5,+18.6
2022-09-13 15:20,3,+48.0,+33.6,+43.9,+48.2,+43.0,+54.7,+18.0,+18.0,+18.3,+18.3,+18.0,+18.5,+18.6
2022-09-13 16:20,3,+48.2,+34.1,+44.0,+48.2,+43.0,+54.7,+17.8,+18.0,+18.3,+18.3,+18.0,+18.2,+18.6
2022-09-13 17:20,3,+48.1,+34.1,+44.2,+48.2,+43.0,+54.7,+17.7,+17.8,+18.3,+18.3,+18.0,+18.5,+18.6
2022-09-13 18:20,3,+48.0,+33.9,+44.0,+48.2,+43.0,+54.7,+17.6,+17.8,+18.3,+18.3,+18.0,+18.2,+18.5
2022-09-13 19:20,3,+47.9,+33.7,+43.7,+48.2,+42.9,+54.5,+17.6,+17.8,+18.3,+18.3,+18.0,+18.2,+18.6
2022-09-13 20:20,3,+47.9,+33.6,+43.5,+48.2,+42.9,+54.5,+17.6,+17.8,+18.2,+18.3,+18.0,+18.2,+18.5
2022-09-13 21:20,3,+47.8,+33.5,+43.5,+48.2,+42.7,+54.5,+17.5,+17.7,+18.2,+18.3,+18.0,+18.2,+18.6
2022-09-13 22:20,3,+47.6,+33.3,+43.4,+48.2,+42.7,+54.5,+17.3,+17.7,+18.2,+18.3,+18.0,+18.2,+18.6
2022-09-13 23:20,3,+47.4,+33.3,+43.2,+48.2,+42.7,+54.5,+17.3,+17.6,+18.2,+18.3,+18.0,+18.2,+18.6
2022-09-14 00:20,3,+47.2,+33.1,+43.2,+48.2,+42.5,+54.5,+17.2,+17.6,+18.2,+18.3,+18.0,+18.2,+18.6
2022-09-14 01:20,3,+47.1,+33.0,+43.0,+48.2,+42.5,+54.4,+17.2,+17.6,+18.2,+18.3,+18.0,+18.2,+18.5
2022-09-14 02:20,3,+47.0,+32.9,+43.0,+48.2,+42.5,+54.4,+17.1,+17.5,+18.2,+18.3,+18.0,+18.2,+18.6
2022-09-14 03:20,3,+46.9,+32.8,+43.0,+48.2,+42.5,+54.4,+17.1,+17.5,+18.2,+18.3,+18.0,+18.2,+18.5
2022-09-14 04:20,3,+46.9,+32.7,+42.9,+48.2,+42.4,+54.4,+17.1,+17.5,+18.1,+18.3,+18.0,+18.2,+18.5
2022-09-14 05:20,3,+46.8,+32.6,+42.9,+48.2,+42.4,+54.4,+17.1,+17.5,+18.1,+18.2,+18.0,+18.2,+18.5
2022-09-14 06:20,3,+46.8,+32.5,+42.7,+48.2,+42.4,+54.2,+17.1,+17.5,+18.1,+18.3,+17.7,+18.2,+18.5
2022-09-14 07:20,3,+46.7,+32.4,+42.7,+48.2,+42.2,+54.2,+17.1,+17.3,+18.1,+18.3,+18.0,+18.2,+18.6
2022-09-14 08:20,3,+46.7,+32.4,+42.7,+48.2,+42.2,+54.2,+17.1,+17.3,+18.1,+18.2,+17.7,+18.2,+18.5
2022-09-14 09:20,3,+46.7,+32.3,+42.5,+48.2,+42.2,+54.2,+17.3,+17.3,+18.1,+18.2,+17.7,+18.2,+18.5
2022-09-14 10:20,3,+46.6,+32.3,+42.5,+48.2,+42.2,+54.2,+17.5,+17.5,+18.0,+18.2,+17.7,+18.2,+18.5
2022-09-14 11:20,3,+46.6,+32.2,+42.5,+48.0,+42.2,+54.2,+17.6,+17.5,+18.1,+18.2,+18.0,+18.2,+18.5
2022-09-14 12:20,3,+47.1,+32.2,+42.5,+48.0,+42.2,+54.2,+17.7,+17.6,+18.1,+18.2,+18.0,+18.2,+18.5
2022-09-14 13:20,3,+47.4,+32.3,+42.5,+48.2,+42.2,+54.2,+17.7,+17.6,+18.1,+18.2,+18.0,+18.2,+18.5
2022-09-14 14:20,3,+47.5,+32.6,+42.7,+48.2,+42.4,+54.2,+17.8,+17.6,+18.1,+18.2,+18.0,+18.2,+18.5
2022-09-14 15:20,3,+48.2,+33.6,+44.0,+48.4,+43.2,+54.7,+17.8,+17.7,+18.1,+18.2,+17.7,+18.2,+18.5
2022-09-14 16:20,3,+48.1,+33.9,+43.7,+48.4,+43.0,+54.7,+17.8,+17.7,+18.1,+18.2,+17.7,+18.2,+18.6
2022-09-14 17:20,3,+48.0,+33.8,+43.7,+48.4,+43.0,+54.7,+17.8,+17.7,+18.1,+18.2,+17.7,+18.2,+18.5
2022-09-14 18:20,3,+48.0,+33.6,+43.5,+48.4,+42.9,+54.7,+17.7,+17.7,+18.2,+18.1,+17.7,+18.2,+18.5
2022-09-14 19:20,3,+48.2,+33.7,+43.5,+48.4,+42.7,+54.7,+17.7,+17.7,+18.1,+18.2,+17.7,+18.2,+18.5
2022-09-14 20:20,3,+48.0,+33.7,+43.5,+48.4,+42.7,+54.5,+17.6,+17.8,+18.2,+18.2,+17.7,+18.2,+18.5
2022-09-14 21:20,3,+47.8,+33.5,+43.4,+48.4,+42.7,+54.5,+17.6,+17.7,+18.2,+18.2,+17.7,+18.2,+18.5
2022-09-14 22:20,3,+47.7,+33.4,+43.2,+48.4,+42.7,+54.5,+17.6,+17.7,+18.1,+18.2,+17.7,+18.2,+18.5
2022-09-14 23:20,3,+47.5,+33.3,+43.2,+48.2,+42.7,+54.5,+17.5,+17.7,+18.1,+18.2,+17.7,+18.2,+18.5
2022-09-15 00:20,3,+47.4,+33.2,+43.2,+48.2,+42.5,+54.5,+17.5,+17.7,+18.2,+18.2,+17.7,+18.2,+18.5
2022-09-15 01:20,3,+47.3,+33.1,+43.0,+48.2,+42.5,+54.5,+17.3,+17.6,+18.2,+18.2,+17.7,+18.2,+18.5
2022-09-15 02:20,3,+47.2,+33.0,+43.0,+48.2,+42.5,+54.5,+17.3,+17.6,+18.1,+18.2,+17.7,+18.2,+18.5
2022-09-15 03:20,3,+47.2,+32.9,+43.0,+48.2,+42.5,+54.5,+17.3,+17.6,+18.1,+18.2,+17.7,+18.2,+18.5
2022-09-15 04:20,3,+47.1,+32.8,+43.0,+48.2,+42.5,+54.5,+17.2,+17.6,+18.1,+18.2,+17.7,+18.2,+18.5
2022-09-15 05:20,3,+47.0,+32.7,+42.9,+48.2,+42.4,+54.4,+17.3,+17.6,+18.1,+18.2,+17.7,+18.2,+18.2
2022-09-15 06:20,3,+47.0,+32.6,+42.9,+48.2,+42.4,+54.4,+17.2,+17.5,+18.1,+18.2,+17.7,+18.2,+18.2
2022-09-15 07:20,3,+46.9,+32.6,+42.9,+48.2,+42.4,+54.4,+17.2,+17.5,+18.1,+18.2,+17.7,+18.2,+18.2
2022-09-15 08:20,3,+46.9,+32.5,+42.7,+48.2,+42.4,+54.4,+17.3,+17.5,+18.1,+18.2,+17.7,+18.2,+18.5
2022-09-15 09:20,3,+46.9,+32.4,+42.7,+48.2,+42.2,+54.4,+17.5,+17.5,+18.1,+18.2,+17.7,+18.2,+18.2
2022-09-15 10:20,3,+46.8,+32.4,+42.7,+48.2,+42.2,+54.4,+17.6,+17.6,+18.0,+18.2,+17.7,+18.2,+18.5
2022-09-15 11:20,3,+46.8,+32.3,+42.5,+48.2,+42.2,+54.2,+17.7,+17.6,+18.1,+18.2,+17.7,+18.2,+18.5
2022-09-15 12:20,3,+46.8,+32.3,+42.5,+48.2,+42.2,+54.2,+17.8,+17.6,+18.0,+18.1,+17.7,+18.2,+18.5
2022-09-15 13:20,3,+46.8,+32.2,+42.5,+48.2,+42.2,+54.2,+18.0,+17.7,+18.1,+18.1,+17.7,+18.2,+18.5
2022-09-15 14:20,3,+46.8,+32.2,+42.5,+48.2,+42.2,+54.2,+18.0,+17.8,+18.1,+18.2,+17.7,+18.2,+18.5
2022-09-15 15:20,3,+48.4,+33.1,+44.4,+48.4,+43.5,+55.0,+17.8,+17.8,+18.1,+18.2,+17.7,+18.2,+18.2
2022-09-15 16:20,3,+48.4,+34.3,+44.0,+48.5,+43.4,+55.0,+17.8,+17.8,+18.1,+18.1,+17.7,+18.2,+18.2
2022-09-15 17:20,3,+48.2,+33.9,+43.9,+48.4,+43.2,+54.9,+17.8,+17.7,+18.2,+18.2,+17.7,+18.2,+18.2
2022-09-15 18:20,3,+48.0,+33.7,+43.7,+48.4,+43.0,+54.9,+17.8,+17.8,+18.2,+18.1,+17.7,+18.2,+18.2
2022-09-15 19:20,3,+48.0,+33.7,+43.5,+48.4,+42.9,+54.7,+17.7,+17.7,+18.2,+18.2,+17.7,+18.2,+18.2
2022-09-15 20:20,3,+48.0,+33.6,+43.5,+48.4,+42.9,+54.7,+17.7,+17.7,+18.2,+18.1,+17.7,+18.2,+18.2
2022-09-15 21:20,3,+47.9,+33.5,+43.4,+48.4,+42.7,+54.7,+17.7,+17.7,+18.2,+18.2,+17.7,+18.2,+18.2
2022-09-15 22:20,3,+47.8,+33.4,+43.4,+48.4,+42.7,+54.7,+17.6,+17.7,+18.2,+18.2,+17.7,+18.2,+18.2
2022-09-15 23:20,3,+47.6,+33.3,+43.2,+48.4,+42.7,+54.7,+17.6,+17.7,+18.2,+18.2,+17.7,+18.2,+18.2
2022-09-16 00:20,3,+47.6,+33.2,+43.2,+48.4,+42.7,+54.7,+17.5,+17.7,+18.2,+18.2,+17.7,+18.1,+18.2
2022-09-16 01:20,3,+47.8,+33.1,+43.2,+48.4,+42.5,+54.5,+17.5,+17.7,+18.2,+18.2,+17.7,+18.1,+18.2
2022-09-16 02:20,3,+47.7,+33.0,+43.0,+48.4,+42.5,+54.5,+17.5,+17.6,+18.2,+18.2,+17.7,+18.2,+18.2
2022-09-16 03:20,3,+47.6,+32.9,+43.0,+48.4,+42.5,+54.5,+17.3,+17.6,+18.2,+18.2,+17.7,+18.1,+18.2
2022-09-16 04:20,3,+47.5,+32.8,+43.0,+48.4,+42.5,+54.5,+17.3,+17.6,+18.2,+18.2,+17.7,+18.2,+18.2
2022-09-16 05:20,3,+47.5,+32.7,+43.0,+48.4,+42.5,+54.5,+17.3,+17.6,+18.1,+18.2,+17.7,+18.2,+18.2
2022-09-16 06:20,3,+47.4,+32.7,+42.9,+48.4,+42.4,+54.5,+17.3,+17.5,+18.1,+18.2,+17.7,+18.2,+18.2
2022-09-16 07:20,3,+47.4,+32.6,+42.9,+48.4,+42.4,+54.5,+17.3,+17.5,+18.1,+18.2,+17.7,+18.2,+18.2
2022-09-16 08:20,3,+47.3,+32.5,+42.9,+48.4,+42.4,+54.5,+17.5,+17.5,+18.1,+18.1,+17.7,+18.1,+18.2
2022-09-16 09:20,3,+47.3,+32.5,+42.9,+48.4,+42.4,+54.5,+17.5,+17.5,+18.1,+18.2,+17.7,+18.2,+18.2
2022-09-16 10:20,3,+47.2,+32.4,+42.7,+48.4,+42.4,+54.4,+17.7,+17.6,+18.1,+18.1,+17.7,+18.2,+18.2
2022-09-16 11:20,3,+47.2,+32.4,+42.7,+48.2,+42.2,+54.4,+17.8,+17.6,+18.1,+18.2,+17.7,+18.2,+18.2
2022-09-16 12:20,3,+47.0,+32.3,+42.7,+48.2,+42.2,+54.4,+18.0,+17.7,+18.1,+18.1,+17.7,+18.1,+18.2
2022-09-16 13:20,3,+47.0,+32.3,+42.5,+48.2,+42.2,+54.4,+18.1,+17.8,+18.1,+18.1,+17.7,+18.2,+18.2
2022-09-16 14:20,3,+46.9,+32.3,+42.5,+48.2,+42.2,+54.4,+18.2,+17.8,+18.1,+18.2,+17.7,+18.2,+18.2
2022-09-16 15:20,3,+46.9,+32.2,+42.5,+48.2,+42.2,+54.2,+18.2,+17.8,+18.2,+18.1,+17.7,+18.1,+18.2
2022-09-16 16:20,3,+47.2,+32.2,+42.5,+48.2,+42.2,+54.4,+18.2,+18.0,+18.2,+18.2,+17.7,+18.2,+18.2
2022-09-16 17:20,3,+47.4,+32.2,+42.5,+48.2,+42.2,+54.2,+18.1,+18.0,+18.2,+18.2,+17.7,+18.1,+18.2
2022-09-16 18:20,3,+47.8,+32.2,+42.5,+48.2,+42.2,+54.2,+18.0,+18.0,+18.2,+18.2,+17.7,+18.2,+18.2
2022-09-16 19:20,3,+48.1,+32.4,+42.5,+48.2,+42.2,+54.2,+17.8,+18.0,+18.2,+18.1,+17.7,+18.2,+18.2
2022-09-16 20:20,3,+48.2,+33.0,+42.5,+48.2,+42.2,+54.2,+17.8,+18.0,+18.2,+18.2,+17.7,+18.1,+18.2
2022-09-16 21:20,3,+48.2,+33.3,+42.5,+48.2,+42.2,+54.2,+17.8,+18.0,+18.2,+18.2,+17.7,+18.2,+18.2
2022-09-16 22:20,3,+48.1,+33.5,+42.7,+48.2,+42.2,+54.2,+17.7,+17.8,+18.2,+18.2,+17.7,+18.1,+18.2
2022-09-16 23:20,3,+47.9,+33.5,+42.7,+48.2,+42.2,+54.2,+17.7,+17.8,+18.2,+18.2,+17.7,+18.1,+18.2
2022-09-17 00:20,3,+47.9,+33.4,+42.9,+48.2,+42.2,+54.4,+17.7,+17.8,+18.2,+18.2,+17.7,+18.2,+18.2
2022-09-17 01:20,3,+47.8,+33.3,+43.0,+48.2,+42.2,+54.4,+17.7,+17.8,+18.3,+18.2,+17.7,+18.1,+18.2
2022-09-17 02:20,3,+47.7,+33.3,+43.0,+48.2,+42.2,+54.4,+17.7,+17.7,+18.2,+18.2,+17.7,+18.2,+18.2
2022-09-17 03:20,3,+47.7,+33.3,+43.0,+48.2,+42.2,+54.4,+17.6,+17.8,+18.3,+18.2,+17.7,+18.1,+18.2
2022-09-17 04:20,3,+47.6,+33.3,+42.9,+48.4,+42.2,+54.4,+17.6,+17.7,+18.2,+18.2,+17.7,+18.2,+18.2
2022-09-17 05:20,3,+47.5,+33.2,+42.9,+48.4,+42.2,+54.4,+17.6,+17.7,+18.2,+18.2,+17.7,+18.2,+18.2
2022-09-17 06:20,3,+47.5,+33.1,+42.9,+48.4,+42.2,+54.4,+17.5,+17.7,+18.2,+18.2,+17.7,+18.1,+18.2
2022-09-17 07:20,3,+47.4,+33.1,+42.9,+48.4,+42.2,+54.4,+17.5,+17.7,+18.2,+18.2,+17.7,+18.1,+18.2
2022-09-17 08:20,3,+47.4,+33.0,+42.7,+48.4,+42.2,+54.4,+17.5,+17.6,+18.2,+18.2,+17.7,+18.1,+18.2
2022-09-17 09:20,3,+47.3,+32.9,+42.7,+48.4,+42.2,+54.4,+17.6,+17.7,+18.2,+18.2,+17.7,+18.1,+18.2
2022-09-17 10:20,3,+47.3,+32.9,+42.7,+48.4,+42.2,+54.4,+17.7,+17.7,+18.1,+18.2,+17.7,+18.2,+18.2
2022-09-17 11:20,3,+47.3,+32.8,+42.7,+48.2,+42.2,+54.4,+17.8,+17.7,+18.1,+18.2,+17.7,+18.1,+18.2
2022-09-17 12:20,3,+47.3,+32.8,+42.7,+48.2,+42.2,+54.4,+18.0,+17.8,+18.2,+18.2,+17.7,+18.2,+18.2
2022-09-17 13:20,3,+47.2,+32.7,+42.7,+48.2,+42.2,+54.4,+18.1,+17.8,+18.2,+18.2,+17.7,+18.1,+18.2
2022-09-17 14:20,3,+47.3,+32.7,+42.7,+48.2,+42.2,+54.4,+18.2,+17.8,+18.2,+18.2,+17.7,+18.2,+18.2
2022-09-17 15:20,3,+47.3,+32.8,+42.7,+48.2,+42.2,+54.4,+18.2,+18.0,+18.2,+18.2,+17.7,+18.2,+18.2
2022-09-17 16:20,3,+47.8,+32.9,+42.5,+48.2,+42.2,+54.4,+18.3,+18.1,+18.2,+18.2,+17.7,+18.1,+18.2
2022-09-17 17:20,3,+48.4,+33.3,+43.4,+48.4,+42.2,+54.4,+18.2,+18.1,+18.3,+18.2,+17.7,+18.1,+18.2
2022-09-17 18:20,3,+48.6,+34.3,+43.7,+48.5,+42.9,+54.7,+18.1,+18.1,+18.2,+18.2,+17.7,+18.2,+18.2
2022-09-17 19:20,3,+48.6,+34.5,+43.7,+48.5,+43.0,+54.7,+18.0,+18.1,+18.3,+18.2,+17.7,+18.1,+18.2
2022-09-17 20:20,3,+48.5,+34.4,+43.9,+48.5,+43.0,+54.7,+17.8,+18.0,+18.3,+18.2,+17.7,+18.1,+18.2
2022-09-17 21:20,3,+48.5,+34.2,+43.7,+48.5,+43.0,+54.7,+17.8,+18.0,+18.3,+18.3,+17.7,+18.2,+18.2
2022-09-17 22:20,3,+48.4,+34.2,+43.5,+48.5,+43.0,+54.7,+17.6,+17.8,+18.3,+18.2,+17.7,+18.1,+18.2
2022-09-17 23:20,3,+48.2,+34.0,+43.5,+48.5,+42.9,+54.7,+17.6,+17.8,+18.3,+18.3,+17.7,+18.1,+18.2
2022-09-18 00:20,3,+48.1,+33.9,+43.4,+48.5,+42.9,+54.7,+17.5,+17.8,+18.2,+18.2,+17.7,+18.1,+18.2
2022-09-18 01:20,3,+48.0,+33.8,+43.4,+48.5,+42.7,+54.7,+17.3,+17.7,+18.3,+18.3,+17.7,+18.1,+18.2
2022-09-18 02:20,3,+47.9,+33.6,+43.2,+48.5,+42.7,+54.7,+17.3,+17.7,+18.3,+18.2,+17.7,+18.2,+18.2
2022-09-18 03:20,3,+47.8,+33.4,+43.2,+48.5,+42.7,+54.7,+17.3,+17.6,+18.2,+18.2,+17.7,+18.2,+18.2
2022-09-18 04:20,3,+47.7,+33.3,+43.2,+48.5,+42.7,+54.7,+17.2,+17.6,+18.2,+18.2,+17.7,+18.2,+18.2
2022-09-18 05:20,3,+47.6,+33.2,+43.0,+48.5,+42.5,+54.5,+17.1,+17.5,+18.1,+18.2,+17.7,+18.2,+18.2
2022-09-18 06:20,3,+47.6,+33.2,+43.0,+48.5,+42.5,+54.5,+17.1,+17.5,+18.1,+18.2,+17.7,+18.2,+18.2
2022-09-18 07:20,3,+47.6,+33.0,+43.0,+48.5,+42.5,+54.5,+17.1,+17.5,+18.1,+18.2,+17.7,+18.2,+18.2
2022-09-18 08:20,3,+47.5,+33.2,+43.0,+48.5,+42.5,+54.5,+17.1,+17.5,+18.1,+18.2,+17.7,+18.2,+18.2
2022-09-18 09:20,3,+47.5,+33.1,+43.0,+48.5,+42.5,+54.5,+17.2,+17.3,+18.1,+18.2,+17.7,+18.2,+18.2
2022-09-18 10:20,3,+47.4,+33.1,+43.0,+48.5,+42.5,+54.5,+17.2,+17.3,+18.1,+18.2,+17.7,+18.2,+18.2
2022-09-18 11:20,3,+47.4,+33.0,+42.9,+48.5,+42.4,+54.5,+17.3,+17.3,+18.0,+18.2,+17.7,+18.2,+18.2
2022-09-18 12:20,3,+47.4,+32.9,+42.9,+48.5,+42.4,+54.5,+17.6,+17.5,+18.0,+18.2,+17.7,+18.2,+18.2
2022-09-18 13:20,3,+47.5,+32.9,+42.9,+48.5,+42.4,+54.5,+17.7,+17.5,+18.1,+18.2,+17.7,+18.2,+18.2
2022-09-18 14:20,3,+47.5,+32.8,+42.7,+48.4,+42.4,+54.5,+17.8,+17.6,+18.1,+18.2,+17.7,+18.2,+18.2
2022-09-18 15:20,3,+47.5,+32.8,+42.7,+48.4,+42.2,+54.5,+17.8,+17.7,+18.1,+18.2,+17.7,+18.2,+18.2
2022-09-18 16:20,3,+47.5,+32.7,+42.7,+48.4,+42.2,+54.5,+18.0,+17.7,+18.0,+18.2,+17.7,+18.2,+18.2
2022-09-18 17:20,3,+47.4,+32.7,+42.7,+48.4,+42.2,+54.5,+18.0,+17.8,+18.1,+18.1,+17.7,+18.2,+18.2
2022-09-18 18:20,3,+47.3,+32.6,+42.7,+48.4,+42.2,+54.5,+17.8,+17.7,+18.1,+18.1,+17.7,+18.2,+18.2
2022-09-18 19:20,3,+47.3,+32.7,+42.5,+48.4,+42.2,+54.5,+17.8,+17.8,+18.1,+18.2,+17.7,+18.2,+18.2
2022-09-18 20:20,3,+47.3,+32.3,+42.5,+48.4,+42.2,+54.5,+17.8,+17.8,+18.1,+18.2,+17.7,+18.1,+18.2
2022-09-18 21:20,3,+47.3,+32.2,+42.5,+48.4,+42.2,+54.4,+17.7,+17.8,+18.1,+18.2,+17.7,+18.2,+18.2
2022-09-18 22:20,3,+47.3,+32.3,+42.5,+48.4,+42.2,+54.4,+17.7,+17.8,+18.2,+18.2,+17.7,+18.2,+18.2
2022-09-18 23:20,3,+47.4,+32.1,+42.5,+48.4,+42.2,+54.4,+17.7,+17.7,+18.2,+18.2,+17.7,+18.2,+18.2
2022-09-19 00:20,3,+47.3,+32.2,+42.5,+48.4,+42.2,+54.4,+17.6,+17.7,+18.2,+18.1,+17.7,+18.2,+18.2
2022-09-19 01:20,3,+47.2,+32.0,+42.5,+48.4,+42.2,+54.4,+17.6,+17.7,+18.1,+18.2,+17.7,+18.2,+18.2
2022-09-19 02:20,3,+47.2,+32.0,+42.5,+48.4,+42.2,+54.4,+17.6,+17.7,+18.1,+18.2,+17.7,+18.1,+18.2
2022-09-19 03:20,3,+47.2,+32.0,+42.5,+48.4,+42.2,+54.4,+17.5,+17.7,+18.2,+18.2,+17.7,+18.1,+18.2
2022-09-19 04:20,3,+47.2,+31.9,+42.5,+48.4,+42.2,+54.4,+17.5,+17.7,+18.2,+18.2,+17.7,+18.1,+18.2
2022-09-19 05:20,3,+47.2,+31.9,+42.5,+48.4,+42.0,+54.4,+17.5,+17.7,+18.2,+18.2,+17.7,+18.2,+18.2
2022-09-19 06:20,3,+47.2,+31.9,+42.5,+48.4,+42.0,+54.2,+17.5,+17.6,+18.2,+18.2,+17.7,+18.1,+18.2
2022-09-19 07:20,3,+47.2,+31.9,+42.5,+48.4,+42.0,+54.2,+17.5,+17.6,+18.2,+18.2,+17.7,+18.2,+18.2
2022-09-19 08:20,3,+47.2,+31.8,+42.5,+48.4,+42.0,+54.2,+17.5,+17.6,+18.1,+18.2,+17.7,+18.2,+18.2
2022-09-19 09:20,3,+47.2,+31.8,+42.5,+48.4,+42.0,+54.2,+17.6,+17.6,+18.2,+18.2,+17.7,+18.2,+18.2
2022-09-19 10:20,3,+47.3,+31.8,+42.5,+48.4,+42.0,+54.2,+17.7,+17.6,+18.1,+18.2,+17.7,+18.2,+18.2
2022-09-19 11:20,3,+47.3,+31.7,+42.5,+48.4,+42.0,+54.2,+17.8,+17.7,+18.2,+18.2,+17.7,+18.2,+18.2
2022-09-19 12:20,3,+47.3,+31.7,+42.4,+48.4,+42.0,+54.2,+18.0,+17.7,+18.2,+18.2,+17.7,+18.2,+18.2
2022-09-19 13:20,3,+47.3,+31.7,+42.4,+48.4,+42.0,+54.2,+18.2,+17.8,+18.1,+18.2,+17.7,+18.2,+18.2
2022-09-19 14:20,3,+47.3,+31.7,+42.4,+48.4,+42.0,+54.2,+18.3,+18.0,+18.1,+18.2,+17.7,+18.2,+18.2
2022-09-19 15:20,3,+47.3,+31.7,+42.4,+48.4,+42.0,+54.2,+18.5,+18.0,+18.2,+18.2,+17.7,+18.2,+18.2
2022-09-19 16:20,3,+47.3,+31.7,+42.4,+48.4,+42.0,+54.2,+18.5,+18.1,+18.2,+18.1,+17.7,+18.2,+18.2
2022-09-19 17:20,3,+48.2,+31.8,+42.4,+48.2,+42.0,+54.2,+18.5,+18.2,+18.2,+18.2,+17.7,+18.2,+18.2
2022-09-19 18:20,3,+49.0,+33.0,+42.9,+48.4,+42.5,+54.4,+18.3,+18.2,+18.3,+18.2,+17.7,+18.1,+18.2
2022-09-19 19:20,3,+49.2,+34.3,+43.5,+48.5,+43.0,+54.7,+18.2,+18.2,+18.2,+18.2,+17.7,+18.1,+18.2
2022-09-19 20:20,3,+49.0,+34.6,+43.9,+48.5,+43.2,+55.0,+18.1,+18.1,+18.3,+18.2,+17.7,+18.1,+18.2
2022-09-19 21:20,3,+49.0,+34.6,+43.7,+48.5,+43.2,+55.0,+18.0,+18.1,+18.5,+18.2,+17.7,+18.2,+18.2
2022-09-19 22:20,3,+48.9,+34.5,+43.9,+48.5,+43.2,+55.0,+17.8,+18.1,+18.5,+18.3,+17.7,+18.1,+18.2
2022-09-19 23:20,3,+48.8,+34.4,+43.7,+48.5,+43.0,+55.0,+17.8,+18.1,+18.3,+18.2,+17.7,+18.2,+18.2
2022-09-20 00:20,3,+48.7,+34.2,+43.7,+48.5,+43.0,+54.9,+17.7,+18.0,+18.3,+18.2,+17.7,+18.2,+18.2
2022-09-20 01:20,3,+48.5,+34.0,+43.5,+48.5,+43.0,+54.9,+17.7,+18.0,+18.3,+18.3,+17.7,+18.2,+18.2
2022-09-20 02:20,3,+48.5,+33.9,+43.5,+48.5,+42.9,+54.9,+17.6,+17.8,+18.3,+18.2,+17.7,+18.2,+18.2
2022-09-20 03:20,3,+48.4,+33.8,+43.4,+48.5,+42.9,+54.7,+17.6,+17.8,+18.3,+18.3,+17.7,+18.2,+18.2
2022-09-20 04:20,3,+48.4,+33.7,+43.4,+48.5,+42.7,+54.7,+17.6,+17.8,+18.3,+18.2,+17.7,+18.1,+18.2
2022-09-20 05:20,3,+48.3,+33.6,+43.2,+48.5,+42.7,+54.7,+17.6,+17.7,+18.3,+18.3,+17.7,+18.1,+18.2
2022-09-20 06:20,3,+48.2,+33.5,+43.2,+48.5,+42.7,+54.7,+17.6,+17.7,+18.2,+18.2,+17.7,+18.2,+18.2
2022-09-20 07:20,3,+48.2,+33.5,+43.2,+48.5,+42.7,+54.7,+17.5,+17.7,+18.2,+18.2,+17.7,+18.1,+18.2
2022-09-20 08:20,3,+48.2,+33.4,+43.2,+48.5,+42.7,+54.7,+17.6,+17.7,+18.2,+18.2,+17.7,+18.2,+18.2
2022-09-20 09:20,3,+48.1,+33.4,+43.2,+48.5,+42.5,+54.7,+17.6,+17.7,+18.2,+18.2,+17.7,+18.2,+18.2
2022-09-20 10:20,3,+48.0,+33.3,+43.2,+48.5,+42.5,+54.7,+17.6,+17.7,+18.2,+18.2,+17.7,+18.2,+18.2
2022-09-20 11:20,3,+48.0,+33.3,+43.2,+48.5,+42.5,+54.7,+17.7,+17.7,+18.2,+18.2,+17.7,+18.2,+18.2
2022-09-20 12:20,3,+47.9,+33.3,+43.2,+48.5,+42.5,+54.7,+17.7,+17.7,+18.2,+18.2,+17.7,+18.2,+18.2
2022-09-20 13:20,3,+47.9,+33.2,+43.2,+48.5,+42.5,+54.7,+17.8,+17.7,+18.2,+18.2,+17.7,+18.2,+18.2
2022-09-20 14:20,3,+47.9,+33.2,+43.0,+48.5,+42.5,+54.5,+18.0,+17.8,+18.2,+18.2,+17.7,+18.2,+18.2
2022-09-20 15:20,3,+47.8,+33.1,+43.0,+48.5,+42.5,+54.5,+18.0,+17.8,+18.2,+18.2,+17.7,+18.2,+18.2
2022-09-20 16:20,3,+47.8,+33.1,+42.7,+48.4,+42.5,+54.5,+18.0,+18.0,+18.2,+18.3,+17.7,+18.2,+18.2
2022-09-20 17:20,3,+47.8,+33.1,+42.7,+48.4,+42.5,+54.5,+18.0,+17.8,+18.3,+18.2,+17.7,+18.2,+18.2
2022-09-20 18:20,3,+47.8,+33.0,+42.7,+48.4,+42.5,+54.5,+17.8,+18.0,+18.3,+18.2,+17.7,+18.2,+18.2
2022-09-20 19:20,3,+47.8,+33.0,+42.7,+48.4,+42.4,+54.5,+17.8,+18.0,+18.3,+18.2,+17.7,+18.2,+18.2
2022-09-20 20:20,3,+47.7,+32.9,+42.7,+48.4,+42.4,+54.5,+17.8,+17.8,+18.2,+18.2,+17.7,+18.2,+18.2
2022-09-20 21:20,3,+47.7,+32.9,+42.7,+48.4,+42.4,+54.5,+17.8,+17.8,+18.3,+18.2,+17.7,+18.1,+18.2
2022-09-20 22:20,3,+47.7,+32.9,+42.7,+48.4,+42.4,+54.5,+17.7,+18.0,+18.3,+18.2,+17.7,+18.2,+18.2
2022-09-20 23:20,3,+47.7,+32.9,+42.7,+48.4,+42.4,+54.5,+17.7,+17.8,+18.3,+18.2,+17.7,+18.2,+18.2
2022-09-21 00:20,3,+47.8,+32.8,+42.7,+48.4,+42.4,+54.5,+17.7,+17.8,+18.3,+18.2,+17.7,+18.2,+18.2
2022-09-21 01:20,3,+47.8,+32.8,+42.7,+48.4,+42.4,+54.5,+17.6,+17.8,+18.2,+18.2,+17.7,+18.2,+18.2
2022-09-21 02:20,3,+47.7,+32.8,+42.7,+48.4,+42.2,+54.5,+17.6,+17.8,+18.2,+18.2,+17.7,+18.2,+18.2
2022-09-21 03:20,3,+47.8,+32.8,+42.7,+48.4,+42.2,+54.5,+17.6,+17.8,+18.2,+18.2,+17.7,+18.1,+18.2
2022-09-21 04:20,3,+47.8,+32.8,+42.7,+48.4,+42.2,+54.5,+17.6,+17.7,+18.2,+18.2,+17.7,+18.1,+18.2
2022-09-21 05:20,3,+47.8,+32.8,+42.7,+48.4,+42.2,+54.5,+17.5,+17.8,+18.2,+18.2,+17.7,+18.2,+18.2
2022-09-21 06:20,3,+47.8,+32.8,+42.7,+48.4,+42.2,+54.5,+17.5,+17.7,+18.2,+18.2,+17.7,+18.2,+18.2
2022-09-21 07:20,3,+47.8,+32.8,+42.7,+48.4,+42.2,+54.5,+17.5,+17.6,+18.2,+18.2,+17.7,+18.2,+18.2
2022-09-21 08:20,3,+47.8,+32.8,+42.5,+48.4,+42.2,+54.5,+17.3,+17.6,+18.2,+18.2,+17.7,+18.2,+18.2
2022-09-21 09:20,3,+47.8,+32.8,+42.5,+48.4,+42.2,+54.5,+17.3,+17.6,+18.2,+18.2,+17.7,+18.2,+18.2
2022-09-21 10:20,3,+47.7,+32.8,+42.5,+48.4,+42.2,+54.5,+17.5,+17.6,+18.2,+18.2,+17.7,+18.2,+18.5
2022-09-21 11:20,3,+47.7,+32.8,+42.5,+48.4,+42.2,+54.5,+17.6,+17.6,+18.1,+18.2,+17.7,+18.2,+18.2
2022-09-21 12:20,3,+47.7,+32.8,+42.5,+48.4,+42.2,+54.4,+17.8,+17.6,+18.2,+18.3,+17.7,+18.2,+18.2
2022-09-21 13:20,3,+47.7,+32.8,+42.5,+48.4,+42.2,+54.4,+17.8,+17.7,+18.1,+18.2,+17.7,+18.2,+18.2
2022-09-21 14:20,3,+47.8,+32.7,+42.5,+48.4,+42.2,+54.4,+18.1,+17.7,+18.1,+18.2,+17.7,+18.2,+18.2
2022-09-21 15:20,3,+47.8,+32.7,+42.5,+48.4,+42.2,+54.4,+18.1,+17.8,+18.2,+18.2,+17.7,+18.2,+18.2
2022-09-21 16:20,3,+47.8,+32.7,+42.5,+48.4,+42.2,+54.4,+18.1,+17.8,+18.2,+18.2,+17.7,+18.2,+18.2
2022-09-21 17:20,3,+47.8,+32.7,+42.5,+48.4,+42.2,+54.4,+18.0,+18.0,+18.2,+18.2,+17.7,+18.2,+18.2
2022-09-21 18:20,3,+47.8,+32.6,+42.5,+48.4,+42.2,+54.4,+18.0,+17.8,+18.2,+18.2,+17.7,+18.2,+18.2
2022-09-21 19:20,3,+47.8,+32.6,+42.5,+48.4,+42.2,+54.4,+18.0,+18.0,+18.2,+18.2,+17.7,+18.2,+18.2
2022-09-21 20:20,3,+47.8,+32.6,+42.5,+48.4,+42.2,+54.4,+17.8,+18.0,+18.3,+18.2,+17.7,+18.2,+18.2
2022-09-21 21:20,3,+47.8,+32.6,+42.5,+48.4,+42.2,+54.4,+17.8,+17.8,+18.3,+18.2,+17.7,+18.2,+18.2
2022-09-21 22:20,3,+47.8,+32.6,+42.5,+48.4,+42.2,+54.4,+17.8,+18.0,+18.2,+18.2,+17.7,+18.2,+18.2
2022-09-21 23:20,3,+47.9,+32.5,+42.5,+48.4,+42.2,+54.4,+17.8,+17.8,+18.2,+18.2,+17.7,+18.2,+18.2
2022-09-22 00:20,3,+48.0,+32.6,+42.5,+48.4,+42.0,+54.4,+17.7,+17.8,+18.2,+18.2,+17.7,+18.2,+18.2
2022-09-22 01:20,3,+48.1,+32.6,+42.5,+48.4,+42.2,+54.4,+17.7,+17.8,+18.3,+18.2,+17.7,+18.2,+18.2
2022-09-22 02:20,3,+48.2,+32.6,+42.5,+48.4,+42.0,+54.4,+17.6,+17.8,+18.2,+18.2,+17.7,+18.2,+18.2
2022-09-22 03:20,3,+48.2,+32.7,+42.5,+48.4,+42.0,+54.4,+17.5,+17.7,+18.3,+18.2,+17.7,+18.2,+18.2
2022-09-22 04:20,3,+48.2,+32.8,+42.5,+48.4,+42.0,+54.4,+17.5,+17.8,+18.2,+18.2,+17.7,+18.2,+18.2
2022-09-22 05:20,3,+48.2,+32.9,+42.5,+48.4,+42.0,+54.4,+17.3,+17.7,+18.2,+18.2,+17.7,+18.2,+18.2
2022-09-22 06:20,3,+48.1,+32.9,+42.5,+48.4,+42.0,+54.4,+17.3,+17.6,+18.2,+18.2,+17.7,+18.2,+18.2
2022-09-22 07:20,3,+48.1,+33.0,+42.5,+48.4,+42.0,+54.4,+17.3,+17.6,+18.2,+18.2,+17.7,+18.2,+18.2
2022-09-22 08:20,3,+48.1,+33.0,+42.5,+48.4,+42.2,+54.4,+17.3,+17.6,+18.2,+18.2,+17.7,+18.2,+18.2
2022-09-22 09:20,3,+48.0,+33.0,+42.5,+48.4,+42.2,+54.4,+17.3,+17.6,+18.1,+18.2,+17.7,+18.2,+18.2
2022-09-22 10:20,3,+48.0,+33.0,+42.5,+48.4,+42.2,+54.4,+17.5,+17.6,+18.2,+18.2,+17.7,+18.2,+18.2
2022-09-22 11:20,3,+48.0,+33.0,+42.5,+48.4,+42.2,+54.4,+17.7,+17.6,+18.1,+18.2,+17.7,+18.2,+18.2
2022-09-22 12:20,3,+48.0,+33.0,+42.5,+48.4,+42.2,+54.4,+17.8,+17.6,+18.2,+18.2,+17.7,+18.2,+18.2
2022-09-22 13:20,3,+48.0,+32.9,+42.5,+48.4,+42.2,+54.4,+17.8,+17.7,+18.2,+18.2,+17.7,+18.2,+18.2
2022-09-22 14:20,3,+48.4,+33.0,+42.5,+48.4,+42.2,+54.4,+18.0,+17.7,+18.1,+18.2,+17.7,+18.2,+18.2
2022-09-22 15:20,3,+48.7,+33.2,+42.5,+48.4,+42.2,+54.4,+18.0,+17.8,+18.2,+18.2,+17.7,+18.2,+18.2
2022-09-22 16:20,3,+48.9,+33.7,+42.9,+48.5,+42.2,+54.4,+18.0,+17.8,+18.2,+18.2,+17.7,+18.2,+18.2
2022-09-22 17:20,3,+48.9,+34.1,+43.2,+48.5,+42.7,+54.5,+18.0,+17.8,+18.2,+18.2,+17.7,+18.2,+18.5
2022-09-22 18:20,3,+48.9,+34.2,+43.5,+48.5,+43.0,+54.9,+18.0,+18.0,+18.2,+18.2,+17.7,+18.2,+18.2
2022-09-22 19:20,3,+48.9,+34.2,+43.5,+48.5,+43.0,+54.9,+17.8,+18.0,+18.2,+18.2,+17.7,+18.2,+18.2
2022-09-22 20:20,3,+48.9,+34.2,+43.5,+48.5,+43.0,+55.0,+17.8,+17.8,+18.2,+18.2,+17.7,+18.2,+18.5
2022-09-22 21:20,3,+48.9,+34.3,+43.5,+48.7,+43.0,+55.0,+17.8,+17.8,+18.2,+18.2,+17.7,+18.2,+18.2
2022-09-22 22:20,3,+48.8,+34.2,+43.5,+48.5,+43.0,+55.0,+17.7,+17.8,+18.2,+18.2,+17.7,+18.2,+18.2
2022-09-22 23:20,3,+48.8,+34.1,+43.5,+48.5,+43.0,+55.0,+17.7,+17.8,+18.2,+18.2,+17.7,+18.2,+18.2
2022-09-23 00:20,3,+48.7,+34.0,+43.5,+48.5,+43.0,+55.0,+17.7,+17.8,+18.2,+18.2,+17.7,+18.2,+18.2
2022-09-23 01:20,3,+48.6,+33.9,+43.4,+48.5,+43.0,+55.0,+17.6,+17.8,+18.2,+18.2,+17.7,+18.2,+18.2
2022-09-23 02:20,3,+48.5,+33.8,+43.2,+48.5,+43.0,+55.0,+17.6,+17.8,+18.2,+18.2,+17.7,+18.2,+18.2
2022-09-23 03:20,3,+48.4,+33.7,+43.2,+48.5,+42.9,+54.9,+17.5,+17.7,+18.2,+18.2,+17.7,+18.2,+18.2
2022-09-23 04:20,3,+48.4,+33.6,+43.2,+48.5,+42.9,+54.9,+17.5,+17.7,+18.2,+18.2,+17.7,+18.2,+18.2
2022-09-23 05:20,3,+48.3,+33.5,+43.2,+48.5,+42.9,+54.9,+17.5,+17.6,+18.2,+18.2,+17.7,+18.2,+18.2
2022-09-23 06:20,3,+48.2,+33.4,+43.0,+48.5,+42.7,+54.9,+17.3,+17.7,+18.2,+18.2,+17.7,+18.2,+18.2
2022-09-23 07:20,3,+48.2,+33.4,+43.0,+48.5,+42.7,+54.9,+17.3,+17.6,+18.2,+18.2,+17.7,+18.2,+18.2
2022-09-23 08:20,3,+48.2,+33.3,+43.0,+48.5,+42.7,+54.9,+17.5,+17.6,+18.2,+18.2,+17.7,+18.2,+18.2
2022-09-23 09:20,3,+48.1,+33.3,+43.0,+48.5,+42.7,+54.9,+17.6,+17.6,+18.1,+18.2,+17.7,+18.2,+18.2
2022-09-23 10:20,3,+48.1,+33.2,+43.0,+48.5,+42.7,+54.7,+17.7,+17.6,+18.1,+18.2,+17.7,+18.2,+18.2
2022-09-23 11:20,3,+48.1,+33.2,+42.9,+48.5,+42.7,+54.7,+17.8,+17.7,+18.1,+18.2,+17.7,+18.2,+18.2
2022-09-23 12:20,3,+48.0,+33.1,+42.9,+48.5,+42.7,+54.7,+18.0,+17.8,+18.2,+18.2,+17.7,+18.2,+18.2
2022-09-23 13:20,3,+48.0,+33.1,+42.9,+48.5,+42.7,+54.7,+18.1,+17.8,+18.1,+18.2,+17.7,+18.2,+18.2
2022-09-23 14:20,3,+48.0,+33.0,+42.9,+48.5,+42.5,+54.7,+18.2,+18.0,+18.2,+18.2,+17.7,+18.2,+18.2
2022-09-23 15:20,3,+48.0,+33.0,+42.9,+48.5,+42.5,+54.7,+18.2,+18.0,+18.2,+18.2,+17.7,+18.2,+18.5
2022-09-23 16:20,3,+48.0,+32.9,+42.9,+48.5,+42.5,+54.7,+18.3,+18.0,+18.3,+18.2,+17.7,+18.2,+18.2
2022-09-23 17:20,3,+48.1,+32.9,+42.9,+48.5,+42.5,+54.7,+18.3,+18.1,+18.2,+18.2,+17.7,+18.2,+18.2
2022-09-23 18:20,3,+48.1,+32.9,+42.9,+48.5,+42.5,+54.7,+18.2,+18.1,+18.3,+18.2,+17.7,+18.2,+18.2
2022-09-23 19:20,3,+48.1,+32.9,+42.7,+48.5,+42.5,+54.7,+18.2,+18.1,+18.3,+18.2,+17.7,+18.2,+18.5
2022-09-23 20:20,3,+48.0,+32.8,+42.7,+48.5,+42.5,+54.7,+18.2,+18.1,+18.3,+18.3,+17.7,+18.2,+18.5
2022-09-23 21:20,3,+48.0,+32.8,+42.7,+48.5,+42.5,+54.7,+18.2,+18.2,+18.3,+18.3,+17.7,+18.2,+18.2
2022-09-23 22:20,3,+48.0,+32.8,+42.7,+48.5,+42.5,+54.7,+18.1,+18.1,+18.3,+18.2,+17.7,+18.2,+18.2
2022-09-23 23:20,3,+48.0,+32.8,+42.7,+48.5,+42.5,+54.7,+18.1,+18.1,+18.3,+18.2,+17.7,+18.2,+18.2
2022-09-24 00:20,3,+48.0,+32.8,+42.7,+48.5,+42.4,+54.7,+18.0,+18.1,+18.5,+18.2,+17.7,+18.2,+18.2
2022-09-24 01:20,3,+47.9,+32.8,+42.7,+48.5,+42.4,+54.5,+17.8,+18.1,+18.5,+18.3,+17.7,+18.2,+18.2
2022-09-24 02:20,3,+47.9,+32.7,+42.7,+48.5,+42.4,+54.5,+17.8,+18.0,+18.3,+18.3,+17.7,+18.2,+18.2
2022-09-24 03:20,3,+47.8,+32.7,+42.7,+48.5,+42.4,+54.5,+17.7,+18.0,+18.3,+18.2,+17.7,+18.2,+18.2
2022-09-24 04:20,3,+47.8,+32.7,+42.7,+48.5,+42.4,+54.5,+17.6,+17.8,+18.3,+18.3,+17.7,+18.2,+18.2
2022-09-24 05:20,3,+47.8,+32.6,+42.7,+48.5,+42.4,+54.5,+17.5,+17.8,+18.3,+18.2,+17.7,+18.2,+18.2
2022-09-24 06:20,3,+47.8,+32.6,+42.7,+48.5,+42.4,+54.5,+17.5,+17.7,+18.3,+18.3,+17.7,+18.2,+18.5
2022-09-24 07:20,3,+47.7,+32.6,+42.5,+48.5,+42.4,+54.5,+17.5,+17.7,+18.3,+18.3,+17.7,+18.2,+18.5
2022-09-24 08:20,3,+47.7,+32.5,+42.5,+48.5,+42.4,+54.5,+17.5,+17.7,+18.3,+18.3,+17.7,+18.2,+18.2
2022-09-24 09:20,3,+47.7,+32.5,+42.5,+48.4,+42.4,+54.5,+17.6,+17.7,+18.2,+18.3,+17.7,+18.2,+18.2
2022-09-24 10:20,3,+47.7,+32.5,+42.5,+48.4,+42.2,+54.5,+17.7,+17.7,+18.2,+18.3,+17.7,+18.2,+18.2
2022-09-24 11:20,3,+47.7,+32.4,+42.5,+48.4,+42.2,+54.5,+17.8,+17.7,+18.2,+18.3,+17.7,+18.2,+18.2
2022-09-24 12:20,3,+47.7,+32.4,+42.5,+48.4,+42.2,+54.5,+18.0,+17.8,+18.3,+18.2,+17.7,+18.2,+18.2
2022-09-24 13:20,3,+47.6,+32.4,+42.5,+48.4,+42.2,+54.5,+18.1,+17.8,+18.2,+18.2,+17.7,+18.2,+18.5
2022-09-24 14:20,3,+47.6,+32.3,+42.5,+48.4,+42.2,+54.5,+18.2,+18.0,+18.2,+18.3,+17.7,+18.2,+18.2
2022-09-24 15:20,3,+47.6,+32.3,+42.5,+48.4,+42.2,+54.5,+18.3,+18.0,+18.3,+18.2,+17.7,+18.2,+18.2
2022-09-24 16:20,3,+47.6,+32.3,+42.5,+48.4,+42.2,+54.5,+18.3,+18.1,+18.3,+18.2,+17.7,+18.2,+18.5
2022-09-24 17:20,3,+47.6,+32.3,+42.5,+48.4,+42.2,+54.5,+18.3,+18.1,+18.3,+18.3,+17.7,+18.2,+18.2
2022-09-24 18:20,3,+47.6,+32.2,+42.5,+48.4,+42.2,+54.5,+18.5,+18.2,+18.3,+18.3,+17.7,+18.2,+18.2
2022-09-24 19:20,3,+47.7,+32.2,+42.5,+48.4,+42.2,+54.5,+18.5,+18.2,+18.3,+18.3,+17.7,+18.2,+18.2
2022-09-24 20:20,3,+48.0,+32.2,+42.5,+48.4,+42.2,+54.5,+18.3,+18.2,+18.5,+18.2,+17.7,+18.2,+18.2
2022-09-24 21:20,3,+48.2,+32.2,+42.5,+48.4,+42.2,+54.5,+18.3,+18.3,+18.5,+18.3,+17.7,+18.2,+18.5
2022-09-24 22:20,3,+48.4,+32.3,+42.5,+48.4,+42.2,+54.5,+18.2,+18.2,+18.5,+18.3,+17.7,+18.2,+18.2
2022-09-24 23:20,3,+48.4,+32.4,+42.5,+48.4,+42.2,+54.5,+18.0,+18.2,+18.5,+18.3,+17.7,+18.2,+18.5
2022-09-25 00:20,3,+48.4,+32.5,+42.5,+48.4,+42.2,+54.5,+18.0,+18.1,+18.5,+18.3,+17.7,+18.2,+18.5
2022-09-25 01:20,3,+48.4,+32.6,+42.5,+48.4,+42.2,+54.5,+18.0,+18.1,+18.5,+18.3,+17.7,+18.2,+18.2
2022-09-25 02:20,3,+48.4,+32.7,+42.5,+48.4,+42.2,+54.5,+17.8,+18.1,+18.5,+18.3,+17.7,+18.2,+18.2
2022-09-25 03:20,3,+48.3,+32.8,+42.5,+48.4,+42.2,+54.5,+17.8,+18.0,+18.3,+18.3,+17.7,+18.2,+18.5
2022-09-25 04:20,3,+48.3,+32.9,+42.5,+48.4,+42.2,+54.5,+17.8,+18.1,+18.5,+18.3,+17.7,+18.2,+18.5
2022-09-25 05:20,3,+48.4,+32.9,+42.5,+48.4,+42.2,+54.5,+17.7,+18.0,+18.5,+18.3,+17.7,+18.2,+18.2
2022-09-25 06:20,3,+48.1,+32.9,+42.5,+48.4,+42.2,+54.5,+17.7,+18.0,+18.5,+18.3,+17.7,+18.2,+18.2
2022-09-25 07:20,3,+48.2,+33.0,+42.5,+48.4,+42.2,+54.5,+17.7,+18.0,+18.5,+18.3,+17.7,+18.2,+18.2
2022-09-25 08:20,3,+48.1,+33.0,+42.5,+48.5,+42.2,+54.5,+17.7,+17.8,+18.3,+18.3,+17.7,+18.2,+18.2
2022-09-25 09:20,3,+48.1,+33.0,+42.5,+48.5,+42.2,+54.5,+17.8,+17.8,+18.3,+18.3,+17.7,+18.2,+18.5
2022-09-25 10:20,3,+48.0,+33.0,+42.5,+48.4,+42.2,+54.5,+18.0,+17.8,+18.3,+18.3,+18.0,+18.2,+18.2
2022-09-25 11:20,3,+47.6,+32.9,+42.5,+48.4,+42.2,+54.5,+18.1,+17.8,+18.5,+18.3,+17.7,+18.2,+18.2
2022-09-25 12:20,3,+47.6,+32.9,+42.5,+48.4,+42.2,+54.5,+18.2,+18.1,+18.3,+18.3,+18.0,+18.2,+18.2
2022-09-25 13:20,3,+47.6,+32.9,+42.5,+48.4,+42.2,+54.5,+18.3,+18.0,+18.5,+18.3,+17.7,+18.2,+18.2
2022-09-25 14:20,3,+47.7,+32.9,+42.5,+48.4,+42.2,+54.5,+18.5,+18.1,+18.5,+18.3,+17.7,+18.2,+18.2
2022-09-25 15:20,3,+47.9,+32.9,+42.5,+48.5,+42.2,+54.5,+18.5,+18.2,+18.5,+18.3,+17.7,+18.2,+18.2
2022-09-25 16:20,3,+47.9,+32.9,+42.5,+48.4,+42.2,+54.5,+18.5,+18.2,+18.3,+18.5,+18.0,+18.2,+18.2
2022-09-25 17:20,3,+48.0,+32.9,+42.5,+48.4,+42.2,+54.5,+18.5,+18.2,+18.5,+18.3,+17.7,+18.2,+18.5
2022-09-25 18:20,3,+48.0,+32.9,+42.5,+48.4,+42.2,+54.5,+18.3,+18.3,+18.6,+18.3,+18.0,+18.2,+18.5
2022-09-25 19:20,3,+48.0,+32.9,+42.5,+48.4,+42.2,+54.5,+18.2,+18.2,+18.5,+18.3,+17.7,+18.2,+18.2
2022-09-25 20:20,3,+48.0,+32.9,+42.5,+48.4,+42.2,+54.5,+18.1,+18.2,+18.5,+18.3,+17.7,+18.2,+18.5
2022-09-25 21:20,3,+48.0,+32.9,+42.5,+48.5,+42.2,+54.5,+18.1,+18.2,+18.6,+18.3,+17.7,+18.2,+18.5
2022-09-25 22:20,3,+48.0,+32.9,+42.5,+48.4,+42.2,+54.5,+18.1,+18.2,+18.5,+18.3,+17.7,+18.2,+18.2
2022-09-25 23:20,3,+48.2,+32.9,+42.5,+48.5,+42.2,+54.5,+18.1,+18.1,+18.5,+18.5,+17.7,+18.2,+18.2
2022-09-26 00:20,3,+48.1,+32.8,+42.5,+48.5,+42.2,+54.5,+18.0,+18.1,+18.5,+18.5,+17.7,+18.2,+18.5
2022-09-26 01:20,3,+48.1,+32.8,+42.5,+48.5,+42.2,+54.5,+18.0,+18.1,+18.6,+18.5,+17.7,+18.2,+18.2
2022-09-26 02:20,3,+48.1,+32.8,+42.5,+48.5,+42.2,+54.5,+17.8,+18.0,+18.6,+18.3,+17.7,+18.2,+18.5
2022-09-26 03:20,3,+48.2,+32.8,+42.5,+48.5,+42.2,+54.5,+17.8,+18.1,+18.5,+18.5,+18.0,+18.2,+18.5
2022-09-26 04:20,3,+48.1,+32.8,+42.5,+48.5,+42.2,+54.5,+17.6,+18.0,+18.5,+18.5,+17.7,+18.2,+18.5
2022-09-26 05:20,3,+48.1,+32.8,+42.5,+48.5,+42.2,+54.5,+17.5,+17.8,+18.5,+18.5,+18.0,+18.2,+18.2
2022-09-26 06:20,3,+48.2,+32.7,+42.5,+48.5,+42.2,+54.5,+17.3,+17.8,+18.5,+18.5,+18.0,+18.2,+18.5
2022-09-26 07:20,3,+48.2,+32.7,+42.5,+48.5,+42.2,+54.5,+17.3,+17.7,+18.3,+18.5,+17.7,+18.2,+18.5
2022-09-26 08:20,3,+48.2,+32.7,+42.5,+48.5,+42.2,+54.5,+17.5,+17.7,+18.5,+18.5,+18.0,+18.2,+18.5
2022-09-26 09:20,3,+48.2,+32.6,+42.5,+48.5,+42.2,+54.5,+17.5,+17.7,+18.3,+18.5,+18.0,+18.2,+18.5
2022-09-26 10:20,3,+48.2,+32.6,+42.5,+48.4,+42.2,+54.5,+17.6,+17.7,+18.3,+18.5,+18.0,+18.2,+18.5
2022-09-26 11:20,3,+48.3,+32.6,+42.5,+48.4,+42.2,+54.5,+17.8,+17.7,+18.3,+18.3,+18.0,+18.2,+18.5
2022-09-26 12:20,3,+48.3,+32.5,+42.5,+48.4,+42.2,+54.5,+18.0,+17.8,+18.3,+18.3,+18.0,+18.2,+18.2
2022-09-26 13:20,3,+48.2,+32.5,+42.5,+48.4,+42.2,+54.5,+18.2,+17.8,+18.3,+18.3,+17.7,+18.2,+18.5
2022-09-26 14:20,3,+48.2,+32.5,+42.5,+48.4,+42.2,+54.5,+18.1,+18.0,+18.2,+18.3,+18.0,+18.2,+18.5
2022-09-26 15:20,3,+48.2,+32.5,+42.5,+48.4,+42.2,+54.5,+18.1,+18.0,+18.3,+18.3,+18.0,+18.2,+18.5
2022-09-26 16:20,3,+48.3,+32.4,+42.5,+48.4,+42.2,+54.5,+18.0,+18.0,+18.3,+18.3,+17.7,+18.2,+18.5
2022-09-26 17:20,3,+48.3,+32.4,+42.5,+48.4,+42.2,+54.5,+18.0,+18.0,+18.3,+18.3,+18.0,+18.2,+18.5
2022-09-26 18:20,3,+48.3,+32.4,+42.5,+48.4,+42.2,+54.5,+17.8,+18.0,+18.5,+18.3,+18.0,+18.2,+18.5
2022-09-26 19:20,3,+48.4,+32.4,+42.5,+48.5,+42.2,+54.5,+17.8,+18.1,+18.5,+18.3,+18.0,+18.2,+18.5
2022-09-26 20:20,3,+48.4,+32.4,+42.5,+48.4,+42.2,+54.5,+17.8,+18.0,+18.5,+18.3,+18.0,+18.2,+18.5
2022-09-26 21:20,3,+48.4,+32.4,+42.5,+48.4,+42.2,+54.5,+17.8,+18.0,+18.5,+18.3,+17.7,+18.2,+18.5
2022-09-26 22:20,3,+48.5,+32.4,+42.5,+48.4,+42.0,+54.5,+17.8,+17.8,+18.3,+18.3,+17.7,+18.2,+18.5
2022-09-26 23:20,3,+48.8,+32.4,+42.5,+48.4,+42.0,+54.5,+17.7,+18.0,+18.3,+18.3,+17.7,+18.2,+18.5
2022-09-27 00:20,3,+48.9,+32.5,+42.5,+48.4,+42.0,+54.5,+17.7,+18.0,+18.3,+18.3,+18.0,+18.2,+18.5
2022-09-27 01:20,3,+48.9,+32.6,+42.5,+48.5,+42.0,+54.5,+17.7,+17.8,+18.3,+18.3,+18.0,+18.2,+18.5
2022-09-27 02:20,3,+48.9,+32.7,+42.5,+48.5,+42.2,+54.5,+17.7,+17.8,+18.3,+18.3,+18.0,+18.2,+18.2
2022-09-27 03:20,3,+48.9,+32.9,+42.5,+48.5,+42.2,+54.5,+17.7,+17.8,+18.3,+18.3,+17.7,+18.2,+18.5
2022-09-27 04:20,3,+48.9,+33.0,+42.5,+48.5,+42.2,+54.5,+17.6,+17.8,+18.3,+18.3,+18.0,+18.2,+18.5
2022-09-27 05:20,3,+48.9,+33.1,+42.5,+48.5,+42.2,+54.5,+17.6,+17.7,+18.3,+18.3,+18.0,+18.2,+18.5
2022-09-27 06:20,3,+48.9,+33.1,+42.5,+48.5,+42.2,+54.5,+17.6,+17.8,+18.3,+18.3,+17.7,+18.2,+18.2
2022-09-27 07:20,3,+48.9,+33.1,+42.7,+48.5,+42.2,+54.5,+17.6,+17.7,+18.3,+18.3,+17.7,+18.2,+18.5
2022-09-27 08:20,3,+48.8,+33.2,+42.7,+48.5,+42.2,+54.5,+17.6,+17.8,+18.3,+18.3,+17.7,+18.2,+18.5
2022-09-27 09:20,3,+48.8,+33.2,+42.7,+48.5,+42.2,+54.5,+17.6,+17.7,+18.2,+18.3,+17.7,+18.2,+18.5
2022-09-27 10:20,3,+48.7,+33.2,+42.7,+48.5,+42.2,+54.5,+17.7,+17.7,+18.2,+18.3,+18.0,+18.2,+18.5
2022-09-27 11:20,3,+48.7,+33.1,+42.7,+48.5,+42.2,+54.5,+17.8,+17.7,+18.2,+18.3,+18.0,+18.2,+18.5
2022-09-27 12:20,3,+48.7,+33.1,+42.7,+48.5,+42.2,+54.5,+18.0,+17.8,+18.3,+18.3,+17.7,+18.2,+18.5
2022-09-27 13:20,3,+48.7,+33.1,+42.7,+48.5,+42.2,+54.5,+18.1,+17.8,+18.3,+18.3,+18.0,+18.2,+18.5
2022-09-27 14:20,3,+48.7,+33.1,+42.7,+48.5,+42.2,+54.5,+18.1,+18.0,+18.3,+18.3,+17.7,+18.2,+18.5
2022-09-27 15:20,3,+48.7,+33.1,+42.7,+48.5,+42.2,+54.5,+18.2,+18.1,+18.3,+18.3,+18.0,+18.2,+18.5
2022-09-27 16:20,3,+48.7,+33.1,+42.7,+48.5,+42.2,+54.5,+18.2,+18.0,+18.3,+18.3,+18.0,+18.2,+18.5
2022-09-27 17:20,3,+48.7,+33.0,+42.7,+48.5,+42.2,+54.5,+18.2,+18.1,+18.3,+18.3,+18.0,+18.2,+18.5
2022-09-27 18:20,3,+48.6,+33.0,+42.7,+48.5,+42.2,+54.5,+18.1,+18.1,+18.3,+18.3,+17.7,+18.2,+18.5
2022-09-27 19:20,3,+48.6,+33.0,+42.7,+48.5,+42.2,+54.5,+18.1,+18.1,+18.5,+18.3,+17.7,+18.2,+18.5
2022-09-27 20:20,3,+48.6,+33.0,+42.7,+48.5,+42.2,+54.5,+18.0,+18.1,+18.3,+18.3,+17.7,+18.2,+18.5
2022-09-27 21:20,3,+48.6,+32.9,+42.7,+48.5,+42.2,+54.5,+18.0,+18.1,+18.3,+18.3,+18.0,+18.2,+18.5
2022-09-27 22:20,3,+48.5,+32.9,+42.7,+48.5,+42.2,+54.5,+17.8,+18.0,+18.5,+18.3,+17.7,+18.2,+18.5
2022-09-27 23:20,3,+48.5,+32.9,+42.7,+48.5,+42.2,+54.5,+17.8,+18.0,+18.3,+18.3,+18.0,+18.2,+18.5
2022-09-28 00:20,3,+48.5,+32.9,+42.7,+48.5,+42.2,+54.5,+17.7,+18.0,+18.5,+18.3,+17.7,+18.2,+18.5
2022-09-28 01:20,3,+48.5,+32.8,+42.7,+48.5,+42.2,+54.5,+17.7,+17.8,+18.3,+18.3,+17.7,+18.2,+18.5
2022-09-28 02:20,3,+48.4,+32.8,+42.7,+48.5,+42.2,+54.5,+17.7,+17.8,+18.5,+18.3,+18.0,+18.2,+18.5
2022-09-28 03:20,3,+48.4,+32.8,+42.7,+48.5,+42.2,+54.5,+17.7,+18.0,+18.3,+18.3,+18.0,+18.2,+18.5
2022-09-28 04:20,3,+48.4,+32.7,+42.7,+48.5,+42.2,+54.5,+17.7,+17.8,+18.3,+18.3,+17.7,+18.2,+18.5
2022-09-28 05:20,3,+48.4,+32.7,+42.5,+48.5,+42.2,+54.5,+17.7,+17.8,+18.3,+18.3,+18.0,+18.2,+18.5
2022-09-28 06:20,3,+48.4,+32.7,+42.5,+48.5,+42.2,+54.5,+17.7,+17.8,+18.3,+18.3,+17.7,+18.2,+18.5
2022-09-28 07:20,3,+48.4,+32.7,+42.5,+48.5,+42.2,+54.5,+17.7,+17.8,+18.2,+18.3,+18.0,+18.2,+18.5
2022-09-28 08:20,3,+48.4,+32.6,+42.5,+48.5,+42.2,+54.5,+17.8,+17.8,+18.3,+18.3,+17.7,+18.2,+18.5
2022-09-28 09:20,3,+48.4,+32.6,+42.5,+48.5,+42.2,+54.5,+17.8,+17.8,+18.3,+18.3,+18.0,+18.2,+18.5
2022-09-28 10:20,3,+48.4,+32.6,+42.5,+48.5,+42.2,+54.5,+18.0,+17.8,+18.3,+18.3,+17.7,+18.2,+18.5
2022-09-28 11:20,3,+48.4,+32.5,+42.5,+48.5,+42.2,+54.5,+18.0,+18.0,+18.3,+18.3,+17.7,+18.2,+18.5
2022-09-28 12:20,3,+48.4,+32.5,+42.5,+48.5,+42.2,+54.5,+18.1,+18.0,+18.3,+18.3,+17.7,+18.2,+18.5
2022-09-28 13:20,3,+48.4,+32.5,+42.5,+48.5,+42.2,+54.5,+18.3,+18.1,+18.3,+18.3,+18.0,+18.2,+18.5
2022-09-28 14:20,3,+48.4,+32.4,+42.5,+48.5,+42.2,+54.5,+18.5,+18.1,+18.3,+18.3,+18.0,+18.2,+18.5
2022-09-28 15:20,3,+48.4,+32.4,+42.5,+48.5,+42.2,+54.5,+18.5,+18.2,+18.5,+18.3,+17.7,+18.2,+18.5
2022-09-28 16:20,3,+48.6,+32.4,+42.5,+48.5,+42.2,+54.5,+18.5,+18.2,+18.3,+18.3,+18.0,+18.2,+18.5
2022-09-28 17:20,3,+48.9,+32.4,+42.5,+48.5,+42.2,+54.5,+18.3,+18.2,+18.3,+18.3,+17.7,+18.2,+18.5
2022-09-28 18:20,3,+49.2,+32.6,+42.7,+48.5,+42.2,+54.5,+18.2,+18.2,+18.5,+18.3,+18.0,+18.2,+18.5
2022-09-28 19:20,3,+49.3,+33.0,+43.0,+48.7,+42.5,+54.5,+18.1,+18.2,+18.5,+18.3,+18.0,+18.2,+18.5
2022-09-28 20:20,3,+49.3,+33.3,+43.0,+48.7,+42.7,+54.7,+18.2,+18.2,+18.5,+18.3,+18.0,+18.2,+18.5
2022-09-28 21:20,3,+49.4,+33.4,+43.0,+48.7,+42.7,+54.7,+18.1,+18.2,+18.5,+18.5,+18.0,+18.2,+18.5
2022-09-28 22:20,3,+49.3,+33.6,+43.2,+48.7,+42.9,+54.9,+18.1,+18.1,+18.5,+18.5,+18.0,+18.2,+18.5
2022-09-28 23:20,3,+49.3,+33.7,+43.2,+48.7,+42.9,+55.0,+18.0,+18.2,+18.5,+18.5,+18.0,+18.2,+18.5
2022-09-29 00:20,3,+49.2,+33.7,+43.2,+48.7,+42.9,+55.0,+18.0,+18.1,+18.6,+18.3,+18.0,+18.2,+18.5
2022-09-29 01:20,3,+49.2,+33.7,+43.2,+48.7,+43.0,+55.0,+18.0,+18.1,+18.5,+18.5,+18.0,+18.2,+18.5
2022-09-29 02:20,3,+49.2,+33.7,+43.2,+48.7,+43.0,+55.0,+18.0,+18.1,+18.5,+18.5,+18.0,+18.2,+18.5
2022-09-29 03:20,3,+49.1,+33.7,+43.2,+48.7,+43.0,+55.0,+17.8,+18.1,+18.5,+18.5,+18.0,+18.2,+18.5
2022-09-29 04:20,3,+49.1,+33.6,+43.2,+48.7,+43.0,+55.0,+17.8,+18.1,+18.5,+18.3,+18.0,+18.2,+18.5
2022-09-29 05:20,3,+49.0,+33.6,+43.2,+48.7,+43.0,+55.0,+17.8,+18.0,+18.5,+18.5,+18.0,+18.2,+18.5
2022-09-29 06:20,3,+49.0,+33.5,+43.2,+48.7,+42.9,+55.0,+17.8,+18.0,+18.5,+18.5,+18.0,+18.2,+18.5
2022-09-29 07:20,3,+49.0,+33.5,+43.0,+48.7,+42.9,+55.0,+17.8,+18.0,+18.5,+18.5,+18.0,+18.2,+18.5
2022-09-29 08:20,3,+49.0,+33.4,+43.0,+48.7,+42.9,+55.0,+17.8,+18.0,+18.5,+18.3,+18.0,+18.2,+18.5
2022-09-29 09:20,3,+49.0,+33.4,+43.0,+48.7,+42.9,+55.0,+18.0,+18.0,+18.5,+18.3,+18.0,+18.2,+18.5
2022-09-29 10:20,3,+48.9,+33.3,+43.0,+48.7,+42.9,+55.0,+18.0,+18.1,+18.5,+18.3,+18.0,+18.2,+18.5
2022-09-29 11:20,3,+48.9,+33.3,+43.0,+48.7,+42.9,+55.0,+18.2,+18.0,+18.5,+18.3,+18.0,+18.2,+18.5
2022-09-29 12:20,3,+49.5,+33.3,+43.0,+48.7,+42.9,+55.0,+18.2,+18.1,+18.5,+18.5,+18.0,+18.2,+18.5
2022-09-29 13:20,3,+49.9,+33.5,+43.2,+48.7,+43.0,+55.0,+18.3,+18.1,+18.5,+18.3,+18.0,+18.2,+18.5
2022-09-29 14:20,3,+50.0,+34.1,+43.4,+48.7,+43.2,+55.2,+18.3,+18.2,+18.3,+18.3,+18.0,+18.2,+18.5
2022-09-29 15:20,3,+50.0,+34.6,+43.7,+48.9,+43.4,+55.4,+18.3,+18.2,+18.5,+18.3,+18.0,+18.2,+18.5
2022-09-29 16:20,3,+50.0,+34.6,+43.9,+48.9,+43.4,+55.4,+18.3,+18.2,+18.5,+18.5,+18.0,+18.2,+18.5
2022-09-29 17:20,3,+49.8,+34.4,+43.9,+48.9,+43.4,+55.4,+18.3,+18.2,+18.5,+18.5,+18.0,+18.2,+18.5
2022-09-29 18:20,3,+49.7,+34.3,+43.7,+48.9,+43.4,+55.4,+18.3,+18.2,+18.6,+18.5,+18.0,+18.2,+18.5
2022-09-29 19:20,3,+49.6,+34.2,+43.7,+48.9,+43.4,+55.4,+18.2,+18.2,+18.6,+18.3,+18.0,+18.2,+18.5
2022-09-29 20:20,3,+49.5,+34.1,+43.5,+48.7,+43.2,+55.4,+18.2,+18.2,+18.6,+18.5,+17.7,+18.2,+18.5
2022-09-29 21:20,3,+49.5,+34.0,+43.5,+48.7,+43.2,+55.4,+18.1,+18.2,+18.6,+18.5,+18.0,+18.2,+18.5
2022-09-29 22:20,3,+49.4,+33.9,+43.5,+48.7,+43.2,+55.4,+18.1,+18.2,+18.6,+18.5,+18.0,+18.2,+18.5
2022-09-29 23:20,3,+49.4,+33.8,+43.4,+48.7,+43.2,+55.2,+18.1,+18.2,+18.5,+18.5,+18.0,+18.2,+18.5
2022-09-30 00:20,3,+49.5,+33.7,+43.4,+48.7,+43.2,+55.2,+18.0,+18.1,+18.5,+18.5,+18.0,+18.2,+18.5
2022-09-30 01:20,3,+49.4,+33.6,+43.2,+48.7,+43.0,+55.2,+18.0,+18.1,+18.5,+18.5,+18.0,+18.2,+18.5
2022-09-30 02:20,3,+49.4,+33.6,+43.2,+48.7,+43.0,+55.2,+18.0,+18.1,+18.6,+18.5,+18.0,+18.2,+18.5
2022-09-30 03:20,3,+49.4,+33.5,+43.2,+48.7,+43.0,+55.2,+17.8,+18.1,+18.6,+18.5,+18.0,+18.2,+18.5
2022-09-30 04:20,3,+49.3,+33.4,+43.2,+48.7,+43.0,+55.2,+17.8,+18.0,+18.5,+18.5,+18.0,+18.2,+18.5
2022-09-30 05:20,3,+49.3,+33.4,+43.2,+48.7,+43.0,+55.2,+17.8,+18.1,+18.5,+18.5,+18.0,+18.2,+18.5
2022-09-30 06:20,3,+49.3,+33.3,+43.2,+48.7,+43.0,+55.2,+17.7,+18.0,+18.5,+18.5,+18.0,+18.2,+18.5
2022-09-30 07:20,3,+49.2,+33.3,+43.0,+48.7,+43.0,+55.2,+17.7,+18.0,+18.5,+18.5,+18.0,+18.2,+18.5
2022-09-30 08:20,3,+49.2,+33.3,+43.0,+48.7,+43.0,+55.2,+17.8,+18.0,+18.5,+18.5,+18.0,+18.2,+18.5
2022-09-30 09:20,3,+49.2,+33.3,+43.0,+48.7,+43.0,+55.2,+17.8,+18.0,+18.5,+18.5,+18.0,+18.2,+18.5
2022-09-30 10:20,3,+49.2,+33.2,+43.0,+48.7,+42.9,+55.2,+18.0,+18.0,+18.3,+18.5,+18.0,+18.2,+18.5
2022-09-30 11:20,3,+49.3,+33.2,+43.0,+48.7,+42.9,+55.2,+18.1,+18.0,+18.3,+18.5,+18.0,+18.2,+18.5
2022-09-30 12:20,3,+49.4,+33.2,+43.0,+48.7,+42.9,+55.2,+18.1,+18.1,+18.5,+18.5,+18.0,+18.2,+18.5
2022-09-30 13:20,3,+49.5,+33.2,+43.0,+48.7,+42.9,+55.2,+18.2,+18.1,+18.5,+18.5,+18.0,+18.5,+18.5
2022-09-30 14:20,3,+49.6,+33.3,+43.0,+48.7,+42.9,+55.2,+18.3,+18.1,+18.5,+18.5,+18.0,+18.2,+18.5
2022-09-30 15:20,3,+49.5,+33.3,+43.0,+48.7,+42.7,+55.0,+18.5,+18.2,+18.5,+18.5,+18.0,+18.2,+18.5
2022-09-30 16:20,3,+49.8,+33.3,+43.0,+48.7,+42.7,+55.0,+18.5,+18.2,+18.5,+18.5,+18.0,+18.2,+18.5
2022-09-30 17:20,3,+49.8,+33.5,+43.0,+48.7,+42.7,+55.0,+18.5,+18.3,+18.6,+18.5,+18.0,+18.2,+18.5
2022-09-30 18:20,3,+49.8,+33.6,+43.0,+48.7,+42.7,+55.0,+18.5,+18.3,+18.6,+18.5,+18.0,+18.2,+18.5
2022-09-30 19:20,3,+50.1,+34.0,+43.2,+48.7,+42.7,+55.0,+18.5,+18.3,+18.6,+18.5,+18.0,+18.2,+18.5
2022-09-30 20:20,3,+50.5,+36.4,+44.2,+49.0,+43.5,+55.5,+18.3,+18.3,+18.6,+18.5,+18.0,+18.2,+18.5
2022-09-30 21:20,3,+50.3,+35.8,+44.5,+49.0,+43.7,+55.7,+18.2,+18.2,+18.6,+18.5,+18.0,+18.5,+18.5
2022-09-30 22:20,3,+50.2,+35.5,+44.4,+49.0,+43.7,+55.7,+18.1,+18.2,+18.6,+18.5,+18.0,+18.2,+18.5
2022-09-30 23:20,3,+50.2,+35.5,+44.4,+49.0,+43.7,+55.7,+18.0,+18.2,+18.6,+18.5,+18.0,+18.2,+18.5
2022-10-01 00:20,3,+50.1,+35.2,+44.2,+49.0,+43.7,+55.7,+17.7,+18.1,+18.6,+18.5,+18.0,+18.2,+18.5
2022-10-01 01:20,3,+50.2,+35.3,+44.2,+49.0,+43.7,+55.7,+17.6,+18.0,+18.6,+18.5,+18.0,+18.2,+18.5
2022-10-01 02:20,3,+50.2,+35.4,+44.4,+49.0,+43.7,+55.7,+17.5,+17.8,+18.5,+18.5,+18.0,+18.2,+18.5
2022-10-01 03:20,3,+50.0,+35.2,+44.2,+49.0,+43.7,+55.7,+17.3,+17.8,+18.5,+18.5,+18.0,+18.2,+18.5
2022-10-01 04:20,3,+50.0,+34.9,+44.2,+49.0,+43.5,+55.7,+17.3,+17.7,+18.5,+18.5,+18.0,+18.2,+18.5
2022-10-01 05:20,3,+49.9,+34.7,+44.0,+49.0,+43.5,+55.7,+17.2,+17.7,+18.5,+18.5,+18.0,+18.2,+18.5
2022-10-01 06:20,3,+49.8,+34.5,+44.0,+49.0,+43.5,+55.5,+17.2,+17.7,+18.3,+18.5,+18.0,+18.2,+18.5
2022-10-01 07:20,3,+49.7,+34.4,+44.0,+49.0,+43.5,+55.5,+17.2,+17.6,+18.3,+18.5,+18.0,+18.2,+18.5
2022-10-01 08:20,3,+49.5,+34.2,+43.9,+49.0,+43.4,+55.5,+17.2,+17.6,+18.3,+18.5,+18.0,+18.5,+18.5
2022-10-01 09:20,3,+49.4,+34.0,+43.7,+49.0,+43.4,+55.5,+17.3,+17.5,+18.3,+18.5,+18.0,+18.2,+18.5
2022-10-01 10:20,3,+49.3,+33.9,+43.7,+49.0,+43.2,+55.5,+17.5,+17.6,+18.2,+18.3,+18.0,+18.2,+18.5
2022-10-01 11:20,3,+49.3,+33.8,+43.7,+49.0,+43.2,+55.5,+17.6,+17.6,+18.2,+18.3,+18.0,+18.2,+18.5
2022-10-01 12:20,3,+49.3,+33.7,+43.7,+49.0,+43.2,+55.5,+17.7,+17.7,+18.2,+18.3,+18.0,+18.2,+18.5
2022-10-01 13:20,3,+49.2,+33.6,+43.7,+49.0,+43.2,+55.5,+17.7,+17.7,+18.2,+18.3,+18.0,+18.2,+18.5
2022-10-01 14:20,3,+49.2,+33.5,+43.5,+49.0,+43.2,+55.4,+17.8,+17.7,+18.3,+18.3,+18.0,+18.2,+18.5
2022-10-01 15:20,3,+49.2,+33.5,+43.5,+49.0,+43.0,+55.4,+17.8,+17.8,+18.2,+18.3,+18.0,+18.2,+18.5
2022-10-01 16:20,3,+49.2,+33.4,+43.4,+48.9,+43.0,+55.4,+17.8,+17.8,+18.2,+18.3,+18.0,+18.2,+18.5
2022-10-01 17:20,3,+49.2,+33.4,+43.2,+48.9,+43.0,+55.4,+17.8,+17.8,+18.2,+18.3,+18.0,+18.5,+18.5
2022-10-01 18:20,3,+49.1,+33.3,+43.2,+48.9,+43.0,+55.4,+17.7,+17.8,+18.2,+18.3,+18.0,+18.2,+18.5
2022-10-01 19:20,3,+49.1,+33.3,+43.2,+48.9,+43.0,+55.4,+17.6,+17.8,+18.3,+18.3,+18.0,+18.2,+18.5
2022-10-01 20:20,3,+49.1,+33.3,+43.2,+48.9,+43.0,+55.4,+17.6,+17.7,+18.2,+18.3,+18.0,+18.2,+18.5
2022-10-01 21:20,3,+49.1,+33.3,+43.2,+48.7,+43.0,+55.4,+17.5,+17.7,+18.3,+18.3,+18.0,+18.2,+18.5
2022-10-01 22:20,3,+49.0,+33.3,+43.0,+48.7,+43.0,+55.4,+17.3,+17.7,+18.2,+18.3,+18.0,+18.2,+18.5
2022-10-01 23:20,3,+49.0,+33.2,+43.0,+48.7,+43.0,+55.2,+17.3,+17.6,+18.3,+18.3,+18.0,+18.2,+18.5
2022-10-02 00:20,3,+49.0,+33.2,+43.0,+48.7,+42.9,+55.2,+17.2,+17.6,+18.2,+18.3,+17.7,+18.2,+18.5
2022-10-02 01:20,3,+48.9,+33.2,+43.0,+48.7,+42.9,+55.2,+17.2,+17.6,+18.2,+18.3,+18.0,+18.2,+18.5
2022-10-02 02:20,3,+48.9,+33.1,+43.0,+48.7,+42.9,+55.2,+17.1,+17.5,+18.2,+18.3,+18.0,+18.2,+18.5
2022-10-02 03:20,3,+48.9,+33.1,+43.0,+48.7,+42.9,+55.2,+17.1,+17.5,+18.2,+18.2,+18.0,+18.2,+18.5
2022-10-02 04:20,3,+48.9,+33.0,+43.0,+48.7,+42.9,+55.2,+17.1,+17.5,+18.2,+18.3,+18.0,+18.2,+18.5
2022-10-02 05:20,3,+48.9,+33.0,+43.0,+48.7,+42.9,+55.2,+17.1,+17.5,+18.1,+18.3,+18.0,+18.2,+18.5
2022-10-02 06:20,3,+48.8,+33.0,+43.0,+48.7,+42.7,+55.2,+17.1,+17.5,+18.1,+18.3,+18.0,+18.2,+18.5
2022-10-02 07:20,3,+48.8,+32.9,+43.0,+48.7,+42.7,+55.2,+17.1,+17.5,+18.1,+18.3,+17.7,+18.2,+18.5
2022-10-02 08:20,3,+48.8,+32.9,+42.9,+48.7,+42.7,+55.2,+17.1,+17.3,+18.1,+18.3,+18.0,+18.2,+18.5
2022-10-02 09:20,3,+48.8,+32.9,+42.9,+48.7,+42.7,+55.2,+17.2,+17.3,+18.1,+18.2,+18.0,+18.2,+18.5
2022-10-02 10:20,3,+48.8,+32.8,+42.9,+48.7,+42.7,+55.2,+17.3,+17.3,+18.0,+18.2,+17.7,+18.2,+18.5
2022-10-02 11:20,3,+48.8,+32.8,+42.9,+48.7,+42.7,+55.2,+17.5,+17.5,+18.1,+18.2,+17.7,+18.2,+18.5
2022-10-02 12:20,3,+48.8,+32.8,+42.9,+48.7,+42.7,+55.2,+17.6,+17.5,+18.1,+18.2,+17.7,+18.2,+18.5
2022-10-02 13:20,3,+48.8,+32.7,+42.9,+48.7,+42.7,+55.2,+17.6,+17.5,+18.1,+18.2,+17.7,+18.2,+18.5
2022-10-02 14:20,3,+48.8,+32.7,+42.7,+48.7,+42.7,+55.0,+17.7,+17.6,+18.1,+18.2,+17.7,+18.2,+18.5
2022-10-02 15:20,3,+49.0,+32.7,+42.7,+48.7,+42.7,+55.0,+17.7,+17.6,+18.1,+18.2,+17.7,+18.2,+18.5
2022-10-02 16:20,3,+49.0,+32.7,+42.7,+48.7,+42.7,+55.0,+17.7,+17.6,+18.1,+18.2,+17.7,+18.2,+18.5
2022-10-02 17:20,3,+49.0,+32.7,+42.7,+48.7,+42.7,+55.0,+17.7,+17.7,+18.1,+18.2,+17.7,+18.2,+18.5
2022-10-02 18:20,3,+49.0,+32.7,+42.7,+48.7,+42.7,+55.0,+17.7,+17.7,+18.1,+18.2,+17.7,+18.2,+18.5
2022-10-02 19:20,3,+49.0,+32.7,+42.7,+48.7,+42.7,+55.0,+17.7,+17.7,+18.2,+18.2,+17.7,+18.2,+18.5
2022-10-02 20:20,3,+49.0,+32.7,+42.7,+48.7,+42.7,+55.0,+17.7,+17.7,+18.2,+18.2,+17.7,+18.2,+18.5
2022-10-02 21:20,3,+49.0,+32.7,+42.7,+48.7,+42.7,+55.0,+17.6,+17.7,+18.2,+18.2,+17.7,+18.2,+18.5
2022-10-02 22:20,3,+49.0,+32.7,+42.7,+48.7,+42.7,+55.0,+17.6,+17.7,+18.1,+18.2,+17.7,+18.2,+18.5
2022-10-02 23:20,3,+49.0,+32.7,+42.7,+48.7,+42.5,+55.0,+17.5,+17.7,+18.2,+18.2,+17.7,+18.2,+18.5
2022-10-03 00:20,3,+48.9,+32.7,+42.7,+48.7,+42.5,+55.0,+17.5,+17.6,+18.1,+18.2,+17.7,+18.2,+18.5
2022-10-03 01:20,3,+48.9,+32.7,+42.7,+48.7,+42.5,+55.0,+17.5,+17.6,+18.2,+18.2,+17.7,+18.2,+18.5
2022-10-03 02:20,3,+48.9,+32.7,+42.7,+48.7,+42.5,+55.0,+17.5,+17.6,+18.1,+18.2,+17.7,+18.2,+18.5
2022-10-03 03:20,3,+48.9,+32.6,+42.7,+48.7,+42.5,+55.0,+17.5,+17.6,+18.2,+18.2,+17.7,+18.2,+18.5
2022-10-03 04:20,3,+48.9,+32.6,+42.7,+48.7,+42.5,+55.0,+17.5,+17.6,+18.2,+18.2,+17.7,+18.2,+18.5
2022-10-03 05:20,3,+48.9,+32.6,+42.7,+48.7,+42.5,+55.0,+17.5,+17.6,+18.1,+18.2,+17.7,+18.2,+18.5
2022-10-03 06:20,3,+48.9,+32.6,+42.7,+48.7,+42.5,+55.0,+17.3,+17.6,+18.1,+18.2,+17.7,+18.2,+18.5
2022-10-03 07:20,3,+48.9,+32.6,+42.7,+48.7,+42.5,+55.0,+17.3,+17.6,+18.1,+18.2,+17.7,+18.2,+18.5
2022-10-03 08:20,3,+48.8,+32.6,+42.7,+48.7,+42.5,+55.0,+17.5,+17.6,+18.1,+18.2,+17.7,+18.2,+18.5
2022-10-03 09:20,3,+48.8,+32.6,+42.7,+48.7,+42.5,+55.0,+17.5,+17.6,+18.1,+18.2,+17.7,+18.2,+18.5
2022-10-03 10:20,3,+48.8,+32.6,+42.7,+48.7,+42.5,+55.0,+17.6,+17.6,+18.1,+18.2,+17.7,+18.2,+18.5
2022-10-03 11:20,3,+48.8,+32.5,+42.7,+48.7,+42.5,+55.0,+17.7,+17.6,+18.1,+18.2,+17.7,+18.2,+18.5
2022-10-03 12:20,3,+48.8,+32.5,+42.7,+48.7,+42.5,+55.0,+17.8,+17.6,+18.1,+18.2,+17.7,+18.2,+18.5
2022-10-03 13:20,3,+48.8,+32.5,+42.7,+48.7,+42.5,+55.0,+18.0,+17.7,+18.1,+18.2,+17.7,+18.2,+18.5
2022-10-03 14:20,3,+48.7,+32.5,+42.7,+48.5,+42.5,+55.0,+18.0,+17.7,+18.2,+18.2,+17.7,+18.2,+18.5
2022-10-03 15:20,3,+48.7,+32.5,+42.7,+48.7,+42.5,+55.0,+18.1,+17.8,+18.1,+18.2,+17.7,+18.2,+18.5
2022-10-03 16:20,3,+48.7,+32.5,+42.7,+48.5,+42.5,+55.0,+18.1,+17.8,+18.2,+18.2,+17.7,+18.2,+18.5
2022-10-03 17:20,3,+48.7,+32.5,+42.7,+48.5,+42.5,+55.0,+18.1,+18.0,+18.2,+18.2,+17.7,+18.2,+18.5
2022-10-03 18:20,3,+48.7,+32.4,+42.7,+48.5,+42.5,+55.0,+18.1,+18.0,+18.2,+18.2,+17.7,+18.2,+18.5
2022-10-03 19:20,3,+48.6,+32.4,+42.7,+48.5,+42.5,+54.9,+18.2,+18.0,+18.2,+18.2,+18.0,+18.2,+18.5
2022-10-03 20:20,3,+48.6,+32.4,+42.7,+48.7,+42.5,+54.9,+18.2,+18.0,+18.3,+18.2,+17.7,+18.2,+18.2
2022-10-03 21:20,3,+48.6,+32.4,+42.7,+48.5,+42.5,+54.9,+18.3,+18.1,+18.3,+18.2,+17.7,+18.2,+18.5
2022-10-03 22:20,3,+48.6,+32.4,+42.5,+48.5,+42.5,+54.9,+18.2,+18.0,+18.3,+18.2,+17.7,+18.2,+18.5
2022-10-03 23:20,3,+48.6,+32.4,+42.5,+48.5,+42.5,+54.9,+18.2,+18.1,+18.3,+18.3,+17.7,+18.2,+18.5
2022-10-04 00:20,3,+48.6,+32.3,+42.5,+48.5,+42.5,+54.9,+18.1,+18.1,+18.3,+18.3,+17.7,+18.2,+18.5
2022-10-04 01:20,3,+48.8,+32.3,+42.5,+48.5,+42.5,+54.9,+18.1,+18.1,+18.3,+18.3,+17.7,+18.2,+18.5
2022-10-04 02:20,3,+48.8,+32.3,+42.5,+48.5,+42.5,+54.9,+18.1,+18.1,+18.5,+18.3,+17.7,+18.2,+18.5
2022-10-04 03:20,3,+48.8,+32.3,+42.5,+48.5,+42.5,+54.9,+18.0,+18.1,+18.3,+18.3,+17.7,+18.2,+18.5
2022-10-04 04:20,3,+48.8,+32.3,+42.5,+48.5,+42.4,+54.9,+17.8,+18.0,+18.5,+18.3,+17.7,+18.2,+18.5
2022-10-04 05:20,3,+48.8,+32.3,+42.5,+48.5,+42.4,+54.9,+17.8,+18.0,+18.3,+18.3,+17.7,+18.2,+18.2
2022-10-04 06:20,3,+48.8,+32.3,+42.5,+48.5,+42.4,+54.9,+17.7,+17.8,+18.3,+18.3,+17.7,+18.2,+18.5
2022-10-04 07:20,3,+48.9,+32.3,+42.5,+48.5,+42.4,+54.9,+17.6,+17.8,+18.3,+18.3,+17.7,+18.2,+18.5
2022-10-04 08:20,3,+48.9,+32.3,+42.5,+48.5,+42.4,+54.9,+17.6,+17.8,+18.3,+18.3,+18.0,+18.2,+18.5
2022-10-04 09:20,3,+48.9,+32.4,+42.5,+48.5,+42.5,+54.9,+17.6,+17.8,+18.3,+18.3,+18.0,+18.2,+18.5
2022-10-04 10:20,3,+48.9,+32.4,+42.5,+48.5,+42.5,+54.9,+17.8,+17.8,+18.3,+18.3,+17.7,+18.2,+18.5
2022-10-04 11:20,3,+48.8,+32.4,+42.5,+48.5,+42.5,+54.9,+17.8,+17.8,+18.2,+18.3,+17.7,+18.2,+18.5
2022-10-04 12:20,3,+48.8,+32.4,+42.5,+48.5,+42.4,+54.9,+18.0,+17.8,+18.2,+18.3,+18.0,+18.2,+18.5
2022-10-04 13:20,3,+48.8,+32.4,+42.5,+48.5,+42.4,+54.9,+18.1,+18.0,+18.3,+18.3,+18.0,+18.2,+18.5
2022-10-04 14:20,3,+48.8,+32.4,+42.5,+48.5,+42.4,+54.9,+18.2,+18.0,+18.3,+18.3,+17.7,+18.2,+18.5
2022-10-04 15:20,3,+48.8,+32.4,+42.5,+48.5,+42.4,+54.9,+18.3,+18.0,+18.3,+18.3,+18.0,+18.2,+18.5
2022-10-04 16:20,3,+48.8,+32.4,+42.5,+48.5,+42.4,+54.9,+18.2,+18.1,+18.3,+18.3,+17.7,+18.2,+18.5
2022-10-04 17:20,3,+48.8,+32.4,+42.5,+48.5,+42.4,+54.9,+18.2,+18.2,+18.3,+18.3,+17.7,+18.2,+18.5
2022-10-04 18:20,3,+48.8,+32.4,+42.5,+48.5,+42.4,+54.9,+18.2,+18.2,+18.3,+18.3,+18.0,+18.2,+18.5
2022-10-04 19:20,3,+48.8,+32.4,+42.5,+48.5,+42.4,+54.9,+18.2,+18.2,+18.3,+18.3,+18.0,+18.2,+18.5
2022-10-04 20:20,3,+49.1,+32.4,+42.5,+48.5,+42.4,+54.9,+18.2,+18.1,+18.5,+18.3,+18.0,+18.2,+18.5
2022-10-04 21:20,3,+50.1,+32.5,+42.5,+48.5,+42.4,+54.9,+18.2,+18.1,+18.3,+18.3,+17.7,+18.2,+18.5
2022-10-04 22:20,3,+49.9,+32.6,+42.5,+48.5,+42.4,+54.9,+18.2,+18.1,+18.5,+18.3,+18.0,+18.2,+18.5
2022-10-04 23:20,3,+49.8,+32.8,+42.5,+48.5,+42.4,+54.9,+18.2,+18.2,+18.5,+18.3,+18.0,+18.2,+18.5
2022-10-05 00:20,3,+49.7,+32.9,+42.5,+48.5,+42.4,+54.9,+18.2,+18.2,+18.5,+18.3,+18.0,+18.2,+18.5
2022-10-05 01:20,3,+49.8,+33.0,+42.5,+48.5,+42.4,+54.9,+18.2,+18.1,+18.5,+18.3,+18.0,+18.2,+18.5
2022-10-05 02:20,3,+50.4,+33.3,+42.5,+48.5,+42.4,+54.9,+18.1,+18.2,+18.5,+18.5,+17.7,+18.2,+18.5
2022-10-05 03:20,3,+50.2,+33.6,+42.5,+48.5,+42.4,+54.9,+18.1,+18.1,+18.5,+18.3,+18.0,+18.2,+18.5
2022-10-05 04:20,3,+50.1,+34.0,+42.7,+48.5,+42.4,+54.9,+18.1,+18.1,+18.5,+18.3,+18.0,+18.2,+18.5
2022-10-05 05:20,3,+50.1,+34.3,+42.7,+48.7,+42.4,+54.9,+18.1,+18.1,+18.5,+18.3,+18.0,+18.2,+18.5
2022-10-05 06:20,3,+50.0,+34.4,+43.0,+48.7,+42.4,+54.9,+18.0,+18.1,+18.5,+18.5,+18.0,+18.2,+18.5
2022-10-05 07:20,3,+50.0,+34.3,+43.0,+48.7,+42.4,+54.9,+18.0,+18.1,+18.5,+18.3,+18.0,+18.2,+18.5
2022-10-05 08:20,3,+50.6,+34.6,+43.2,+48.7,+42.4,+54.9,+17.8,+18.1,+18.5,+18.5,+18.0,+18.2,+18.5
2022-10-05 09:20,3,+50.5,+34.8,+43.5,+48.7,+42.5,+54.9,+18.0,+18.1,+18.5,+18.3,+18.0,+18.2,+18.5
2022-10-05 10:20,3,+50.4,+34.8,+43.7,+48.7,+42.5,+55.0,+18.0,+18.0,+18.5,+18.3,+18.0,+18.2,+18.5
2022-10-05 11:20,3,+50.5,+34.8,+43.9,+48.9,+42.7,+55.0,+18.0,+18.0,+18.5,+18.5,+18.0,+18.2,+18.5
2022-10-05 12:20,3,+50.4,+34.9,+44.0,+48.9,+42.9,+55.0,+18.0,+18.0,+18.5,+18.3,+18.0,+18.2,+18.5
2022-10-05 13:20,3,+50.1,+34.8,+44.0,+49.0,+43.2,+55.2,+18.1,+18.1,+18.5,+18.5,+18.0,+18.2,+18.5
2022-10-05 14:20,3,+50.0,+34.6,+44.0,+49.0,+43.2,+55.2,+18.2,+18.1,+18.5,+18.3,+18.0,+18.2,+18.5
2022-10-05 15:20,3,+49.9,+34.5,+43.9,+49.0,+43.4,+55.5,+18.2,+18.1,+18.5,+18.3,+18.0,+18.2,+18.5
2022-10-05 16:20,3,+49.8,+34.3,+43.7,+49.0,+43.4,+55.5,+18.2,+18.1,+18.5,+18.3,+18.0,+18.2,+18.5
2022-10-05 17:20,3,+49.7,+34.2,+43.7,+49.0,+43.4,+55.5,+18.2,+18.2,+18.5,+18.3,+18.0,+18.2,+18.5
2022-10-05 18:20,3,+49.9,+34.1,+43.7,+49.0,+43.4,+55.5,+18.2,+18.1,+18.5,+18.5,+18.0,+18.2,+18.5
2022-10-05 19:20,3,+49.9,+34.1,+43.7,+49.0,+43.4,+55.5,+18.1,+18.2,+18.5,+18.5,+18.0,+18.2,+18.5
2022-10-05 20:20,3,+49.8,+34.1,+43.7,+49.0,+43.4,+55.5,+18.1,+18.1,+18.5,+18.5,+18.0,+18.2,+18.5
2022-10-05 21:20,3,+49.7,+34.1,+43.7,+49.0,+43.2,+55.5,+18.1,+18.1,+18.5,+18.5,+18.0,+18.2,+18.5
2022-10-05 22:20,3,+49.6,+34.1,+43.7,+49.0,+43.2,+55.5,+18.0,+18.1,+18.5,+18.5,+18.0,+18.2,+18.5
2022-10-05 23:20,3,+49.6,+34.0,+43.7,+49.0,+43.2,+55.5,+18.0,+18.1,+18.5,+18.3,+18.0,+18.2,+18.5
2022-10-06 00:20,3,+49.5,+33.9,+43.7,+49.0,+43.2,+55.5,+17.8,+18.1,+18.5,+18.3,+18.0,+18.2,+18.5
2022-10-06 01:20,3,+49.4,+33.8,+43.7,+49.0,+43.2,+55.5,+17.8,+18.1,+18.5,+18.5,+18.0,+18.2,+18.5
2022-10-06 02:20,3,+49.3,+33.8,+43.7,+49.0,+43.2,+55.5,+17.7,+18.0,+18.5,+18.3,+18.0,+18.2,+18.5
2022-10-06 03:20,3,+49.3,+33.7,+43.7,+49.0,+43.2,+55.5,+17.7,+18.0,+18.5,+18.5,+18.0,+18.2,+18.5
2022-10-06 04:20,3,+49.2,+33.6,+43.7,+49.0,+43.2,+55.5,+17.7,+18.0,+18.5,+18.5,+18.0,+18.2,+18.5
2022-10-06 05:20,3,+49.2,+33.6,+43.7,+49.0,+43.2,+55.5,+17.6,+17.8,+18.3,+18.3,+18.0,+18.2,+18.5
2022-10-06 06:20,3,+49.1,+33.5,+43.4,+49.0,+43.2,+55.5,+17.6,+17.8,+18.5,+18.3,+18.0,+18.2,+18.5
2022-10-06 07:20,3,+49.1,+33.5,+43.2,+48.9,+43.2,+55.5,+17.6,+17.8,+18.3,+18.5,+18.0,+18.2,+18.5
2022-10-06 08:20,3,+49.1,+33.4,+43.2,+48.9,+43.2,+55.5,+17.5,+17.8,+18.3,+18.3,+18.0,+18.2,+18.5
2022-10-06 09:20,3,+49.1,+33.4,+43.2,+48.9,+43.2,+55.5,+17.6,+17.8,+18.5,+18.3,+18.0,+18.2,+18.5
2022-10-06 10:20,3,+49.1,+33.4,+43.2,+48.9,+43.0,+55.5,+17.6,+17.7,+18.3,+18.3,+18.0,+18.2,+18.5
2022-10-06 11:20,3,+49.2,+33.3,+43.2,+48.9,+43.0,+55.5,+17.7,+17.7,+18.3,+18.3,+18.0,+18.2,+18.5
2022-10-06 12:20,3,+49.3,+33.3,+43.2,+48.9,+43.0,+55.5,+17.7,+17.8,+18.3,+18.3,+18.0,+18.2,+18.5
2022-10-06 13:20,3,+49.3,+33.3,+43.2,+48.9,+43.0,+55.5,+17.7,+17.7,+18.3,+18.5,+18.0,+18.2,+18.5
2022-10-06 14:20,3,+49.3,+33.3,+43.2,+48.9,+43.0,+55.4,+17.7,+17.8,+18.3,+18.3,+18.0,+18.2,+18.5
2022-10-06 15:20,3,+49.2,+33.3,+43.2,+48.9,+43.0,+55.4,+17.7,+17.7,+18.3,+18.3,+18.0,+18.2,+18.5
2022-10-06 16:20,3,+49.2,+33.3,+43.0,+48.9,+43.0,+55.4,+17.7,+17.7,+18.3,+18.3,+18.0,+18.2,+18.5
2022-10-06 17:20,3,+49.2,+33.3,+43.0,+48.9,+43.0,+55.4,+17.7,+17.7,+18.3,+18.3,+18.0,+18.2,+18.5
2022-10-06 18:20,3,+49.2,+33.3,+43.0,+48.9,+43.0,+55.4,+17.7,+17.8,+18.3,+18.3,+18.0,+18.2,+18.5
2022-10-06 19:20,3,+49.2,+33.3,+43.0,+48.9,+43.0,+55.4,+17.7,+17.8,+18.2,+18.3,+18.0,+18.2,+18.5
2022-10-06 20:20,3,+49.1,+33.3,+43.0,+48.9,+43.0,+55.4,+17.6,+17.8,+18.2,+18.3,+18.0,+18.2,+18.5
2022-10-06 21:20,3,+49.1,+33.3,+43.0,+48.9,+43.0,+55.4,+17.6,+17.8,+18.3,+18.3,+18.0,+18.2,+18.5
2022-10-06 22:20,3,+49.1,+33.3,+43.0,+48.9,+43.0,+55.4,+17.6,+17.7,+18.3,+18.3,+18.0,+18.2,+18.5
2022-10-06 23:20,3,+49.2,+33.2,+43.0,+48.9,+43.0,+55.4,+17.6,+17.7,+18.3,+18.3,+18.0,+18.2,+18.5
2022-10-07 00:20,3,+49.2,+33.2,+43.0,+48.9,+43.0,+55.4,+17.6,+17.7,+18.2,+18.3,+18.0,+18.2,+18.5
2022-10-07 01:20,3,+49.3,+33.2,+43.0,+48.9,+43.0,+55.4,+17.7,+17.7,+18.2,+18.3,+18.0,+18.2,+18.5
2022-10-07 02:20,3,+49.3,+33.2,+43.0,+48.9,+42.9,+55.4,+17.6,+17.7,+18.2,+18.3,+18.0,+18.2,+18.5
2022-10-07 03:20,3,+49.3,+33.2,+43.0,+48.9,+42.9,+55.4,+17.5,+17.7,+18.3,+18.3,+17.7,+18.2,+18.5
2022-10-07 04:20,3,+49.2,+33.2,+43.0,+48.9,+42.9,+55.4,+17.5,+17.7,+18.2,+18.3,+18.0,+18.2,+18.5
2022-10-07 05:20,3,+49.3,+33.2,+43.0,+48.9,+42.9,+55.4,+17.5,+17.7,+18.2,+18.3,+18.0,+18.2,+18.6
2022-10-07 06:20,3,+49.3,+33.2,+43.0,+48.9,+42.9,+55.4,+17.6,+17.7,+18.2,+18.3,+18.0,+18.2,+18.5
2022-10-07 07:20,3,+49.4,+33.2,+43.0,+48.9,+42.9,+55.4,+17.6,+17.7,+18.2,+18.3,+18.0,+18.2,+18.5
2022-10-07 08:20,3,+49.4,+33.2,+43.0,+48.9,+42.9,+55.2,+17.6,+17.7,+18.2,+18.3,+18.0,+18.2,+18.5
2022-10-07 09:20,3,+49.4,+33.3,+43.0,+48.9,+42.9,+55.2,+17.7,+17.7,+18.2,+18.2,+18.0,+18.2,+18.5
2022-10-07 10:20,3,+49.5,+33.3,+43.0,+48.9,+42.9,+55.2,+17.7,+17.7,+18.2,+18.3,+18.0,+18.2,+18.5
2022-10-07 11:20,3,+49.6,+33.3,+43.0,+48.9,+42.9,+55.2,+17.8,+17.8,+18.2,+18.2,+18.0,+18.2,+18.5
2022-10-07 12:20,3,+49.9,+33.4,+43.0,+48.9,+42.9,+55.2,+17.8,+17.7,+18.2,+18.3,+17.7,+18.2,+18.5
2022-10-07 13:20,3,+50.0,+33.6,+43.0,+48.9,+42.9,+55.2,+17.8,+17.8,+18.2,+18.2,+17.7,+18.2,+18.6
2022-10-07 14:20,3,+50.0,+33.9,+43.0,+48.9,+42.9,+55.2,+17.8,+17.8,+18.2,+18.3,+18.0,+18.2,+18.5
2022-10-07 15:20,3,+50.1,+34.5,+43.2,+49.0,+42.9,+55.2,+17.7,+17.7,+18.3,+18.3,+17.7,+18.2,+18.5
2022-10-07 16:20,3,+50.3,+34.8,+43.9,+49.0,+43.0,+55.4,+17.7,+17.7,+18.2,+18.3,+18.0,+18.2,+18.5
2022-10-07 17:20,3,+50.1,+34.8,+44.0,+49.0,+43.4,+55.5,+17.6,+17.7,+18.2,+18.3,+18.0,+18.2,+18.5
2022-10-07 18:20,3,+50.1,+34.7,+44.0,+49.0,+43.5,+55.7,+17.5,+17.7,+18.2,+18.3,+17.7,+18.2,+18.5
2022-10-07 19:20,3,+50.1,+34.6,+44.0,+49.0,+43.5,+55.7,+17.6,+17.7,+18.2,+18.2,+17.7,+18.2,+18.5
2022-10-07 20:20,3,+50.2,+34.8,+44.0,+49.0,+43.5,+55.7,+17.5,+17.7,+18.2,+18.2,+17.7,+18.2,+18.5
2022-10-07 21:20,3,+50.1,+34.8,+44.0,+49.2,+43.7,+55.7,+17.5,+17.6,+18.2,+18.2,+17.7,+18.2,+18.5
2022-10-07 22:20,3,+50.0,+34.7,+44.0,+49.2,+43.7,+55.9,+17.3,+17.6,+18.2,+18.3,+17.7,+18.2,+18.5
2022-10-07 23:20,3,+50.0,+34.5,+44.0,+49.2,+43.7,+55.9,+17.3,+17.6,+18.2,+18.2,+17.7,+18.2,+18.5
2022-10-08 00:20,3,+50.0,+34.4,+43.9,+49.0,+43.7,+55.9,+17.3,+17.6,+18.2,+18.3,+18.0,+18.2,+18.5
2022-10-08 01:20,3,+49.9,+34.3,+43.7,+49.0,+43.5,+55.9,+17.3,+17.6,+18.2,+18.3,+17.7,+18.2,+18.5
2022-10-08 02:20,3,+49.9,+34.3,+43.7,+49.0,+43.5,+55.9,+17.2,+17.5,+18.1,+18.3,+18.0,+18.2,+18.5
2022-10-08 03:20,3,+49.9,+34.2,+43.7,+49.0,+43.5,+55.9,+17.2,+17.5,+18.2,+18.2,+17.7,+18.2,+18.5
2022-10-08 04:20,3,+49.9,+34.1,+43.7,+49.0,+43.5,+55.7,+17.2,+17.5,+18.1,+18.2,+17.7,+18.2,+18.5
2022-10-08 05:20,3,+49.8,+34.1,+43.5,+49.0,+43.5,+55.7,+17.2,+17.5,+18.1,+18.2,+17.7,+18.2,+18.5
2022-10-08 06:20,3,+49.8,+34.1,+43.5,+49.0,+43.5,+55.7,+17.1,+17.5,+18.1,+18.2,+17.7,+18.2,+18.5
2022-10-08 07:20,3,+49.7,+34.0,+43.5,+49.0,+43.5,+55.7,+17.1,+17.3,+18.1,+18.2,+17.7,+18.2,+18.5
2022-10-08 08:20,3,+49.7,+34.0,+43.5,+49.0,+43.5,+55.7,+17.2,+17.3,+18.1,+18.2,+17.7,+18.2,+18.5
2022-10-08 09:20,3,+49.6,+33.9,+43.5,+49.0,+43.4,+55.7,+17.1,+17.3,+18.1,+18.2,+17.7,+18.2,+18.5
2022-10-08 10:20,3,+49.6,+33.9,+43.5,+49.0,+43.4,+55.7,+17.2,+17.3,+18.1,+18.2,+17.7,+18.2,+18.5
2022-10-08 11:20,3,+49.5,+33.8,+43.5,+49.0,+43.4,+55.7,+17.3,+17.3,+18.0,+18.2,+17.7,+18.2,+18.5
2022-10-08 12:20,3,+49.5,+33.7,+43.4,+49.0,+43.4,+55.7,+17.3,+17.5,+18.0,+18.2,+17.7,+18.2,+18.5
2022-10-08 13:20,3,+49.4,+33.7,+43.4,+49.0,+43.4,+55.7,+17.3,+17.3,+18.0,+18.2,+17.7,+18.2,+18.5
2022-10-08 14:20,3,+49.4,+33.6,+43.4,+49.0,+43.2,+55.7,+17.3,+17.5,+18.0,+18.2,+17.7,+18.2,+18.5
2022-10-08 15:20,3,+49.3,+33.6,+43.4,+49.0,+43.2,+55.7,+17.2,+17.5,+18.0,+18.1,+17.7,+18.2,+18.5
2022-10-08 16:20,3,+49.3,+33.5,+43.2,+49.0,+43.2,+55.7,+17.2,+17.5,+18.0,+18.2,+17.7,+18.2,+18.5
2022-10-08 17:20,3,+49.3,+33.4,+43.2,+49.0,+43.2,+55.7,+17.2,+17.5,+18.0,+18.2,+17.7,+18.2,+18.5
2022-10-08 18:20,3,+49.2,+33.4,+43.2,+49.0,+43.2,+55.7,+17.1,+17.5,+18.1,+18.2,+17.7,+18.2,+18.5
2022-10-08 19:20,3,+49.2,+33.3,+43.2,+49.0,+43.2,+55.7,+17.1,+17.3,+18.0,+18.1,+17.7,+18.2,+18.5
2022-10-08 20:20,3,+49.2,+33.3,+43.2,+49.0,+43.2,+55.5,+17.1,+17.3,+18.0,+18.1,+17.7,+18.2,+18.5
2022-10-08 21:20,3,+49.2,+33.3,+43.2,+49.0,+43.2,+55.5,+17.1,+17.3,+18.0,+18.1,+17.7,+18.2,+18.5
2022-10-08 22:20,3,+49.4,+33.3,+43.2,+49.0,+43.2,+55.5,+17.0,+17.3,+18.0,+18.2,+17.7,+18.2,+18.5
2022-10-08 23:20,3,+50.0,+33.6,+43.2,+49.0,+43.0,+55.5,+17.0,+17.2,+18.0,+18.1,+17.7,+18.2,+18.5
2022-10-09 00:20,3,+50.2,+34.5,+43.2,+49.0,+43.0,+55.5,+17.1,+17.2,+17.8,+18.1,+17.7,+18.2,+18.5
2022-10-09 01:20,3,+50.2,+34.9,+44.0,+49.0,+43.2,+55.5,+17.1,+17.2,+18.0,+18.1,+17.7,+18.2,+18.5
2022-10-09 02:20,3,+50.2,+35.0,+44.5,+49.2,+43.7,+56.0,+17.1,+17.2,+17.8,+18.1,+17.7,+18.2,+18.5
2022-10-09 03:20,3,+50.2,+35.0,+44.4,+49.2,+43.9,+56.0,+17.0,+17.2,+17.8,+18.1,+17.7,+18.2,+18.5
2022-10-09 04:20,3,+50.2,+35.0,+44.4,+49.2,+43.9,+56.0,+17.1,+17.2,+17.8,+18.1,+17.7,+18.2,+18.2
2022-10-09 05:20,3,+50.2,+35.0,+44.4,+49.2,+43.9,+56.0,+17.0,+17.2,+17.8,+18.0,+17.7,+18.2,+18.2
2022-10-09 06:20,3,+50.3,+35.3,+44.7,+49.2,+44.0,+56.2,+17.1,+17.2,+17.8,+18.0,+17.7,+18.2,+18.5
2022-10-09 07:20,3,+50.4,+35.4,+44.7,+49.2,+44.0,+56.2,+17.0,+17.2,+17.8,+18.0,+17.7,+18.2,+18.2
2022-10-09 08:20,3,+50.3,+35.2,+44.7,+49.2,+44.0,+56.2,+17.0,+17.2,+17.8,+18.0,+17.7,+18.2,+18.5
2022-10-09 09:20,3,+50.3,+35.1,+44.5,+49.2,+44.0,+56.2,+17.0,+17.2,+17.7,+18.0,+17.7,+18.2,+18.2
2022-10-09 10:20,3,+50.2,+35.0,+44.5,+49.4,+44.0,+56.2,+17.1,+17.1,+17.7,+18.0,+17.7,+18.2,+18.2
2022-10-09 11:20,3,+50.1,+34.9,+44.5,+49.4,+44.0,+56.2,+17.0,+17.2,+17.7,+18.0,+17.7,+18.2,+18.2
2022-10-09 12:20,3,+50.0,+34.8,+44.4,+49.2,+43.9,+56.0,+17.0,+17.1,+17.8,+18.0,+17.7,+18.2,+18.2
2022-10-09 13:20,3,+50.0,+34.6,+44.2,+49.2,+43.7,+56.0,+16.8,+17.1,+17.7,+18.0,+17.7,+18.2,+18.2
2022-10-09 14:20,3,+50.0,+34.5,+44.2,+49.2,+43.7,+56.0,+16.8,+17.1,+17.7,+18.0,+17.7,+18.2,+18.2
2022-10-09 15:20,3,+49.9,+34.4,+44.2,+49.2,+43.7,+56.0,+16.8,+17.1,+17.7,+18.0,+17.7,+18.1,+18.2
2022-10-09 16:20,3,+50.0,+34.4,+44.0,+49.2,+43.7,+56.0,+16.8,+17.1,+17.7,+18.0,+17.7,+18.1,+18.2
2022-10-09 17:20,3,+50.1,+34.6,+44.2,+49.2,+43.5,+56.0,+17.0,+17.1,+17.7,+18.0,+17.7,+18.2,+18.2
2022-10-09 18:20,3,+50.1,+34.7,+44.2,+49.4,+43.7,+56.0,+17.0,+17.1,+17.7,+18.0,+17.6,+18.1,+18.2
2022-10-09 19:20,3,+50.2,+34.9,+44.5,+49.4,+43.7,+56.0,+17.1,+17.1,+17.7,+17.8,+17.7,+18.1,+18.2
2022-10-09 20:20,3,+50.2,+35.0,+44.7,+49.5,+43.7,+56.0,+17.1,+17.1,+17.7,+17.8,+17.7,+18.1,+18.2
2022-10-09 21:20,3,+50.2,+35.0,+44.7,+49.5,+43.7,+56.0,+17.1,+17.1,+17.7,+17.8,+17.6,+18.1,+18.2
2022-10-09 22:20,3,+50.2,+34.9,+44.7,+49.5,+43.7,+56.0,+17.1,+17.2,+17.7,+17.8,+17.6,+18.1,+18.2
2022-10-09 23:20,3,+50.3,+35.0,+44.7,+49.5,+43.7,+56.0,+17.2,+17.2,+17.7,+17.8,+17.6,+18.1,+18.2
2022-10-10 00:20,3,+50.2,+35.0,+44.7,+49.5,+43.7,+56.0,+17.2,+17.2,+17.7,+17.8,+17.6,+18.1,+18.2
2022-10-10 01:20,3,+50.2,+34.9,+44.7,+49.5,+43.7,+56.0,+17.2,+17.2,+17.7,+17.8,+17.6,+18.1,+18.2
2022-10-10 02:20,3,+50.1,+34.8,+44.7,+49.5,+43.7,+56.0,+17.3,+17.2,+17.7,+17.8,+17.6,+18.1,+18.2
2022-10-10 03:20,3,+50.1,+34.7,+44.7,+49.5,+43.7,+56.0,+17.3,+17.3,+17.7,+17.8,+17.6,+18.1,+18.2
2022-10-10 04:20,3,+50.0,+34.6,+44.5,+49.5,+43.7,+56.0,+17.2,+17.2,+17.7,+17.8,+17.6,+18.1,+18.2
2022-10-10 05:20,3,+50.0,+34.5,+44.5,+49.5,+43.7,+56.0,+17.2,+17.3,+17.7,+17.8,+17.6,+18.1,+18.2
2022-10-10 06:20,3,+50.0,+34.4,+44.5,+49.5,+43.5,+56.0,+17.3,+17.3,+17.7,+18.0,+17.6,+18.1,+18.2
2022-10-10 07:20,3,+50.0,+34.3,+44.4,+49.5,+43.5,+56.0,+17.3,+17.3,+17.8,+17.8,+17.6,+18.1,+18.2
2022-10-10 08:20,3,+49.9,+34.2,+44.2,+49.5,+43.5,+56.0,+17.3,+17.3,+17.7,+17.8,+17.6,+18.0,+18.2
2022-10-10 09:20,3,+49.8,+34.1,+44.2,+49.5,+43.5,+56.0,+17.5,+17.3,+17.7,+17.8,+17.6,+18.0,+18.2
2022-10-10 10:20,3,+49.8,+34.0,+44.2,+49.5,+43.5,+56.0,+17.6,+17.5,+17.7,+17.8,+17.6,+18.1,+18.2
2022-10-10 11:20,3,+49.8,+33.9,+44.2,+49.5,+43.5,+56.0,+17.7,+17.5,+17.8,+17.8,+17.5,+18.0,+18.2
2022-10-10 12:20,3,+49.8,+33.8,+44.2,+49.5,+43.5,+55.9,+17.8,+17.6,+17.8,+17.8,+17.6,+18.0,+18.2
2022-10-10 13:20,3,+49.8,+33.8,+44.0,+49.5,+43.4,+55.9,+17.8,+17.6,+17.8,+17.8,+17.6,+18.0,+18.2
2022-10-10 14:20,3,+49.8,+33.8,+43.5,+49.2,+43.4,+55.9,+18.0,+17.7,+18.0,+17.8,+17.6,+18.0,+18.2
2022-10-10 15:20,3,+49.8,+33.7,+43.5,+49.2,+43.4,+55.9,+18.0,+17.7,+18.0,+18.0,+17.6,+18.0,+18.2
2022-10-10 16:20,3,+49.8,+33.7,+43.4,+49.2,+43.4,+55.9,+18.0,+17.7,+18.0,+18.0,+17.6,+18.1,+18.2
2022-10-10 17:20,3,+49.7,+33.7,+43.4,+49.0,+43.2,+55.9,+18.1,+17.7,+18.0,+17.8,+17.6,+18.0,+18.2
2022-10-10 18:20,3,+49.7,+33.6,+43.4,+49.0,+43.2,+55.9,+18.1,+17.8,+18.0,+18.0,+17.6,+18.0,+18.2
2022-10-10 19:20,3,+49.7,+33.6,+43.4,+49.0,+43.2,+55.9,+18.1,+17.8,+18.0,+18.0,+17.6,+18.0,+18.2
2022-10-10 20:20,3,+49.6,+33.6,+43.4,+49.0,+43.2,+55.7,+18.0,+17.8,+18.1,+18.0,+17.6,+18.0,+18.2
2022-10-10 21:20,3,+49.6,+33.5,+43.4,+49.0,+43.2,+55.7,+18.0,+17.8,+18.0,+18.0,+17.6,+18.0,+18.2
2022-10-10 22:20,3,+49.6,+33.5,+43.4,+49.0,+43.2,+55.7,+18.0,+17.8,+18.1,+18.0,+17.5,+18.0,+18.2
2022-10-10 23:20,3,+49.7,+33.5,+43.4,+49.0,+43.2,+55.7,+18.0,+17.8,+18.1,+18.0,+17.6,+18.1,+18.2
2022-10-11 00:20,3,+49.6,+33.5,+43.2,+49.0,+43.2,+55.7,+18.0,+17.8,+18.1,+18.1,+17.6,+18.0,+18.2
2022-10-11 01:20,3,+49.7,+33.4,+43.2,+49.0,+43.2,+55.7,+18.0,+17.8,+18.1,+18.0,+17.6,+18.0,+18.2
2022-10-11 02:20,3,+49.7,+33.5,+43.2,+49.0,+43.2,+55.7,+17.8,+17.8,+18.1,+18.1,+17.6,+18.0,+18.2
2022-10-11 03:20,3,+49.8,+33.5,+43.2,+49.0,+43.2,+55.7,+18.0,+17.8,+18.1,+18.1,+17.6,+18.0,+18.2
2022-10-11 04:20,3,+50.0,+33.6,+43.2,+49.0,+43.2,+55.7,+17.8,+17.8,+18.1,+18.0,+17.6,+18.0,+18.2
2022-10-11 05:20,3,+50.0,+33.8,+43.2,+49.0,+43.0,+55.7,+17.8,+17.8,+18.1,+18.1,+17.6,+18.0,+18.2
2022-10-11 06:20,3,+50.0,+34.0,+43.2,+49.0,+43.0,+55.7,+17.8,+17.8,+18.1,+18.1,+17.6,+18.0,+18.2
2022-10-11 07:20,3,+50.0,+34.1,+43.2,+49.2,+43.0,+55.7,+17.7,+17.8,+18.1,+18.0,+17.6,+18.0,+18.2
2022-10-11 08:20,3,+50.1,+34.3,+43.4,+49.2,+43.2,+55.7,+17.8,+17.8,+18.1,+18.1,+17.6,+18.0,+18.2
2022-10-11 09:20,3,+50.1,+34.5,+43.5,+49.2,+43.2,+55.7,+17.8,+17.8,+18.1,+18.1,+17.6,+18.1,+18.2
2022-10-11 10:20,3,+50.0,+34.5,+43.5,+49.2,+43.2,+55.7,+17.8,+17.8,+18.1,+18.1,+17.6,+18.0,+18.2
2022-10-11 11:20,3,+50.0,+34.5,+43.7,+49.2,+43.2,+55.7,+18.0,+17.8,+18.1,+18.1,+17.6,+18.0,+18.2
2022-10-11 12:20,3,+50.0,+34.4,+43.7,+49.2,+43.2,+55.7,+18.1,+17.8,+18.2,+18.1,+17.6,+18.0,+18.2
2022-10-11 13:20,3,+50.0,+34.4,+43.7,+49.2,+43.2,+55.7,+18.1,+18.0,+18.2,+18.1,+17.6,+18.0,+18.2
2022-10-11 14:20,3,+49.9,+34.3,+43.7,+49.2,+43.2,+55.7,+18.2,+18.0,+18.2,+18.1,+17.6,+18.0,+18.2
2022-10-11 15:20,3,+49.8,+34.2,+43.5,+49.2,+43.2,+55.7,+18.3,+18.0,+18.2,+18.1,+17.6,+18.0,+18.2
2022-10-11 16:20,3,+49.8,+34.1,+43.5,+49.2,+43.2,+55.7,+18.3,+18.0,+18.2,+18.1,+17.6,+18.0,+18.2
2022-10-11 17:20,3,+49.9,+34.1,+43.5,+49.2,+43.2,+55.7,+18.3,+18.1,+18.2,+18.1,+17.6,+18.0,+18.2
2022-10-11 18:20,3,+50.0,+34.1,+43.5,+49.2,+43.2,+55.7,+18.3,+18.1,+18.2,+18.1,+17.7,+18.0,+18.2
2022-10-11 19:20,3,+50.1,+34.3,+43.5,+49.2,+43.2,+55.7,+18.3,+18.1,+18.2,+18.1,+17.6,+18.1,+18.2
2022-10-11 20:20,3,+50.2,+34.6,+43.5,+49.2,+43.2,+55.7,+18.3,+18.2,+18.3,+18.1,+17.6,+18.0,+18.2
2022-10-11 21:20,3,+50.2,+34.8,+43.7,+49.2,+43.2,+55.7,+18.2,+18.2,+18.3,+18.2,+17.6,+18.0,+18.2
2022-10-11 22:20,3,+50.1,+34.8,+43.9,+49.2,+43.2,+55.7,+18.2,+18.1,+18.3,+18.1,+17.7,+18.1,+18.2
2022-10-11 23:20,3,+50.1,+34.7,+44.0,+49.2,+43.4,+55.7,+18.1,+18.1,+18.3,+18.2,+17.7,+18.0,+18.2
2022-10-12 00:20,3,+50.0,+34.6,+44.0,+49.2,+43.4,+55.9,+18.1,+18.1,+18.3,+18.2,+17.6,+18.0,+18.2
2022-10-12 01:20,3,+50.0,+34.5,+44.0,+49.4,+43.4,+55.9,+18.0,+18.1,+18.3,+18.2,+17.7,+18.1,+18.2
2022-10-12 02:20,3,+50.0,+34.5,+43.9,+49.2,+43.4,+55.9,+17.8,+18.0,+18.3,+18.2,+17.7,+18.0,+18.2
2022-10-12 03:20,3,+49.9,+34.4,+43.9,+49.2,+43.5,+55.9,+17.7,+18.0,+18.3,+18.2,+17.6,+18.1,+18.2
2022-10-12 04:20,3,+49.8,+34.3,+43.7,+49.2,+43.5,+55.9,+17.7,+18.0,+18.3,+18.2,+17.7,+18.0,+18.2
2022-10-12 05:20,3,+49.8,+34.2,+43.7,+49.2,+43.5,+55.9,+17.7,+17.8,+18.3,+18.2,+17.7,+18.1,+18.2
2022-10-12 06:20,3,+49.8,+34.1,+43.7,+49.2,+43.4,+55.9,+17.7,+17.8,+18.3,+18.2,+17.7,+18.1,+18.2
2022-10-12 07:20,3,+49.7,+34.1,+43.7,+49.2,+43.4,+55.9,+17.7,+17.8,+18.3,+18.2,+17.7,+18.1,+18.2
2022-10-12 08:20,3,+49.7,+34.0,+43.7,+49.2,+43.4,+55.9,+17.6,+17.7,+18.2,+18.2,+17.7,+18.1,+18.2
2022-10-12 09:20,3,+49.7,+34.0,+43.7,+49.2,+43.4,+55.9,+17.7,+17.8,+18.2,+18.2,+17.7,+18.1,+18.2
2022-10-12 10:20,3,+49.6,+33.9,+43.7,+49.2,+43.4,+55.9,+17.7,+17.8,+18.2,+18.2,+17.7,+18.1,+18.2
2022-10-12 11:20,3,+49.6,+33.9,+43.5,+49.2,+43.4,+55.9,+17.8,+17.8,+18.2,+18.2,+17.7,+18.1,+18.2
2022-10-12 12:20,3,+49.6,+33.8,+43.5,+49.2,+43.4,+55.9,+17.8,+17.8,+18.2,+18.2,+17.7,+18.1,+18.2
2022-10-12 13:20,3,+49.5,+33.8,+43.5,+49.2,+43.4,+55.9,+18.0,+18.0,+18.2,+18.2,+17.7,+18.1,+18.2
2022-10-12 14:20,3,+49.5,+33.7,+43.5,+49.2,+43.4,+55.9,+18.0,+17.8,+18.2,+18.2,+17.7,+18.1,+18.2
2022-10-12 15:20,3,+49.5,+33.7,+43.5,+49.2,+43.2,+55.7,+18.1,+18.0,+18.2,+18.2,+17.7,+18.1,+18.2
2022-10-12 16:20,3,+49.5,+33.6,+43.5,+49.2,+43.2,+55.7,+18.1,+18.0,+18.3,+18.2,+17.7,+18.1,+18.2
2022-10-12 17:20,3,+49.5,+33.6,+43.5,+49.2,+43.2,+55.7,+18.2,+18.0,+18.2,+18.2,+17.7,+18.2,+18.2
2022-10-12 18:20,3,+49.5,+33.5,+43.5,+49.2,+43.2,+55.7,+18.2,+18.1,+18.2,+18.2,+17.7,+18.1,+18.2
2022-10-12 19:20,3,+49.4,+33.5,+43.4,+49.2,+43.2,+55.7,+18.2,+18.1,+18.3,+18.2,+17.7,+18.1,+18.2
2022-10-12 20:20,3,+49.4,+33.5,+43.4,+49.2,+43.2,+55.7,+18.2,+18.1,+18.3,+18.2,+17.7,+18.1,+18.2
2022-10-12 21:20,3,+49.4,+33.4,+43.4,+49.2,+43.2,+55.7,+18.2,+18.1,+18.3,+18.2,+17.7,+18.1,+18.2
2022-10-12 22:20,3,+49.4,+33.4,+43.4,+49.2,+43.2,+55.7,+18.2,+18.1,+18.3,+18.2,+17.7,+18.2,+18.2
2022-10-12 23:20,3,+49.4,+33.4,+43.4,+49.2,+43.2,+55.7,+18.2,+18.1,+18.3,+18.2,+17.7,+18.1,+18.2
2022-10-13 00:20,3,+49.4,+33.4,+43.4,+49.2,+43.2,+55.7,+18.1,+18.1,+18.3,+18.2,+17.7,+18.1,+18.2
2022-10-13 01:20,3,+49.4,+33.3,+43.4,+49.2,+43.2,+55.7,+18.1,+18.1,+18.3,+18.2,+17.7,+18.1,+18.2
2022-10-13 02:20,3,+49.4,+33.3,+43.2,+49.2,+43.2,+55.7,+18.1,+18.1,+18.3,+18.2,+17.7,+18.1,+18.2
2022-10-13 03:20,3,+49.3,+33.3,+43.2,+49.2,+43.2,+55.7,+18.1,+18.1,+18.3,+18.3,+17.7,+18.1,+18.2
2022-10-13 04:20,3,+49.3,+33.3,+43.2,+49.2,+43.2,+55.7,+18.1,+18.1,+18.3,+18.2,+17.7,+18.1,+18.2
2022-10-13 05:20,3,+49.3,+33.3,+43.2,+49.2,+43.2,+55.7,+18.1,+18.1,+18.3,+18.3,+17.7,+18.1,+18.2
2022-10-13 06:20,3,+49.3,+33.3,+43.2,+49.2,+43.2,+55.7,+18.0,+18.1,+18.3,+18.3,+17.7,+18.1,+18.2
2022-10-13 07:20,3,+49.3,+33.3,+43.2,+49.2,+43.0,+55.7,+18.0,+18.1,+18.3,+18.2,+17.7,+18.1,+18.2
2022-10-13 08:20,3,+49.3,+33.3,+43.2,+49.2,+43.0,+55.7,+18.1,+18.1,+18.5,+18.3,+17.7,+18.2,+18.2
2022-10-13 09:20,3,+49.2,+33.2,+43.2,+49.2,+43.0,+55.7,+18.1,+18.1,+18.5,+18.2,+17.7,+18.1,+18.2
2022-10-13 10:20,3,+49.2,+33.2,+43.2,+49.2,+43.0,+55.7,+18.1,+18.1,+18.3,+18.3,+17.7,+18.1,+18.2
2022-10-13 11:20,3,+49.2,+33.2,+43.2,+49.2,+43.0,+55.7,+18.2,+18.1,+18.5,+18.3,+17.7,+18.1,+18.2
2022-10-13 12:20,3,+49.2,+33.2,+43.2,+49.2,+43.0,+55.7,+18.2,+18.1,+18.5,+18.3,+17.7,+18.2,+18.2
2022-10-13 13:20,3,+49.2,+33.2,+43.2,+49.2,+43.0,+55.7,+18.3,+18.1,+18.5,+18.3,+17.7,+18.1,+18.2
2022-10-13 14:20,3,+49.2,+33.1,+43.0,+49.0,+43.0,+55.7,+18.3,+18.2,+18.5,+18.2,+17.7,+18.1,+18.2
2022-10-13 15:20,3,+49.2,+33.1,+43.0,+49.0,+43.0,+55.7,+18.6,+18.2,+18.5,+18.3,+17.7,+18.1,+18.2
2022-10-13 16:20,3,+49.4,+33.1,+43.0,+49.0,+43.0,+55.7,+18.5,+18.2,+18.5,+18.3,+17.7,+18.2,+18.2
2022-10-13 17:20,3,+49.7,+33.1,+43.0,+49.0,+43.0,+55.7,+18.5,+18.2,+18.5,+18.3,+17.7,+18.1,+18.2
2022-10-13 18:20,3,+50.0,+33.3,+43.0,+49.0,+43.0,+55.7,+18.5,+18.2,+18.5,+18.3,+17.7,+18.2,+18.2
2022-10-13 19:20,3,+50.0,+33.7,+43.0,+49.0,+43.0,+55.7,+18.3,+18.3,+18.5,+18.3,+17.7,+18.2,+18.2
2022-10-13 20:20,3,+50.0,+34.0,+43.2,+49.0,+43.0,+55.7,+18.3,+18.3,+18.6,+18.3,+17.7,+18.2,+18.2
2022-10-13 21:20,3,+50.0,+34.2,+43.2,+49.0,+43.2,+55.7,+18.3,+18.3,+18.6,+18.3,+17.7,+18.2,+18.2
2022-10-13 22:20,3,+50.0,+34.3,+43.4,+49.0,+43.2,+55.7,+18.3,+18.2,+18.5,+18.3,+17.7,+18.2,+18.2
2022-10-13 23:20,3,+49.9,+34.3,+43.5,+49.0,+43.2,+55.7,+18.2,+18.2,+18.5,+18.3,+17.7,+18.2,+18.2
2022-10-14 00:20,3,+49.9,+34.3,+43.5,+49.0,+43.2,+55.7,+18.2,+18.2,+18.5,+18.3,+17.7,+18.2,+18.2
2022-10-14 01:20,3,+49.8,+34.3,+43.5,+49.0,+43.2,+55.7,+18.2,+18.2,+18.5,+18.3,+17.7,+18.2,+18.2
2022-10-14 02:20,3,+49.8,+34.3,+43.5,+49.0,+43.2,+55.7,+18.1,+18.2,+18.5,+18.3,+17.7,+18.2,+18.2
2022-10-14 03:20,3,+49.8,+34.2,+43.5,+49.0,+43.2,+55.7,+18.2,+18.2,+18.5,+18.3,+17.7,+18.2,+18.2
2022-10-14 04:20,3,+49.7,+34.2,+43.5,+49.0,+43.2,+55.7,+18.2,+18.2,+18.6,+18.3,+17.7,+18.2,+18.2
2022-10-14 05:20,3,+49.7,+34.1,+43.5,+49.0,+43.2,+55.7,+18.1,+18.2,+18.6,+18.3,+17.7,+18.2,+18.2
2022-10-14 06:20,3,+49.7,+34.1,+43.5,+49.0,+43.2,+55.7,+18.0,+18.1,+18.6,+18.5,+17.7,+18.2,+18.2
2022-10-14 07:20,3,+49.6,+34.0,+43.5,+49.0,+43.2,+55.7,+18.0,+18.1,+18.6,+18.3,+17.7,+18.2,+18.2
2022-10-14 08:20,3,+49.6,+34.0,+43.4,+49.0,+43.2,+55.7,+18.0,+18.1,+18.5,+18.3,+17.7,+18.2,+18.2
2022-10-14 09:20,3,+49.5,+34.0,+43.4,+49.0,+43.2,+55.7,+18.0,+18.0,+18.6,+18.3,+17.7,+18.2,+18.2
2022-10-14 10:20,3,+49.5,+33.9,+43.4,+49.0,+43.2,+55.7,+18.1,+18.1,+18.5,+18.3,+17.7,+18.2,+18.2
2022-10-14 11:20,3,+49.5,+33.9,+43.4,+49.0,+43.2,+55.7,+18.2,+18.1,+18.5,+18.3,+17.7,+18.2,+18.2
2022-10-14 12:20,3,+49.5,+33.8,+43.4,+49.0,+43.2,+55.7,+18.3,+18.2,+18.5,+18.3,+17.7,+18.2,+18.2
2022-10-14 13:20,3,+49.5,+33.8,+43.4,+49.0,+43.2,+55.7,+18.5,+18.2,+18.5,+18.3,+17.7,+18.2,+18.2
2022-10-14 14:20,3,+49.5,+33.7,+43.2,+49.0,+43.2,+55.7,+18.5,+18.2,+18.5,+18.5,+17.7,+18.2,+18.2
2022-10-14 15:20,3,+49.5,+33.7,+43.2,+49.0,+43.2,+55.7,+18.6,+18.2,+18.6,+18.5,+17.7,+18.2,+18.2
2022-10-14 16:20,3,+50.1,+34.1,+43.4,+49.0,+43.2,+55.7,+18.5,+18.3,+18.6,+18.3,+17.7,+18.2,+18.5
2022-10-14 17:20,3,+50.3,+35.2,+43.7,+49.2,+43.4,+55.7,+18.3,+18.3,+18.6,+18.3,+17.7,+18.2,+18.2
2022-10-14 18:20,3,+50.2,+35.1,+44.4,+49.2,+43.7,+56.0,+18.2,+18.3,+18.6,+18.5,+17.7,+18.2,+18.2
2022-10-14 19:20,3,+50.3,+35.2,+44.4,+49.2,+43.9,+56.2,+18.1,+18.2,+18.6,+18.5,+17.7,+18.2,+18.2
2022-10-14 20:20,3,+50.4,+35.3,+44.5,+49.4,+44.0,+56.2,+18.1,+18.2,+18.5,+18.5,+17.7,+18.2,+18.2
2022-10-14 21:20,3,+50.2,+35.2,+44.5,+49.4,+44.0,+56.2,+18.0,+18.1,+18.6,+18.3,+17.7,+18.2,+18.2
2022-10-14 22:20,3,+50.1,+35.0,+44.5,+49.4,+44.0,+56.4,+18.0,+18.2,+18.6,+18.5,+18.0,+18.2,+18.2
2022-10-14 23:20,3,+50.0,+34.9,+44.4,+49.4,+44.0,+56.2,+17.8,+18.1,+18.5,+18.5,+18.0,+18.2,+18.2
2022-10-15 00:20,3,+50.0,+34.7,+44.2,+49.4,+44.0,+56.2,+17.8,+18.1,+18.6,+18.5,+18.0,+18.2,+18.5
2022-10-15 01:20,3,+49.9,+34.6,+44.2,+49.4,+44.0,+56.2,+17.8,+18.0,+18.5,+18.5,+18.0,+18.2,+18.2
2022-10-15 02:20,3,+49.8,+34.5,+44.0,+49.4,+43.9,+56.2,+17.8,+18.0,+18.5,+18.5,+18.0,+18.2,+18.2
2022-10-15 03:20,3,+49.8,+34.4,+44.0,+49.4,+43.9,+56.2,+17.8,+18.0,+18.6,+18.5,+18.0,+18.2,+18.2
2022-10-15 04:20,3,+49.8,+34.3,+44.0,+49.4,+43.7,+56.2,+17.7,+18.0,+18.5,+18.5,+18.0,+18.2,+18.2
2022-10-15 05:20,3,+49.6,+34.2,+44.0,+49.4,+43.7,+56.2,+17.7,+18.0,+18.5,+18.5,+18.0,+18.2,+18.5
2022-10-15 06:20,3,+49.6,+34.1,+44.0,+49.4,+43.7,+56.2,+17.7,+18.0,+18.5,+18.5,+18.0,+18.2,+18.2
2022-10-15 07:20,3,+49.6,+34.0,+44.0,+49.4,+43.7,+56.2,+17.6,+17.8,+18.5,+18.5,+17.7,+18.2,+18.2
2022-10-15 08:20,3,+49.6,+34.0,+44.0,+49.4,+43.7,+56.2,+17.7,+17.8,+18.3,+18.3,+18.0,+18.2,+18.2
2022-10-15 09:20,3,+49.5,+33.9,+44.0,+49.4,+43.7,+56.2,+17.7,+17.8,+18.5,+18.3,+18.0,+18.2,+18.2
2022-10-15 10:20,3,+49.5,+33.8,+44.0,+49.4,+43.7,+56.0,+17.8,+17.8,+18.3,+18.3,+18.0,+18.2,+18.5
2022-10-15 11:20,3,+49.5,+33.8,+43.5,+49.2,+43.5,+56.0,+18.1,+18.0,+18.3,+18.3,+18.0,+18.2,+18.5
2022-10-15 12:20,3,+49.4,+33.7,+43.5,+49.2,+43.5,+56.0,+18.1,+18.0,+18.3,+18.5,+18.0,+18.2,+18.2
2022-10-15 13:20,3,+49.4,+33.7,+43.5,+49.2,+43.5,+56.0,+18.2,+18.0,+18.3,+18.3,+18.0,+18.2,+18.2
2022-10-15 14:20,3,+49.4,+33.6,+43.5,+49.2,+43.5,+56.0,+18.2,+18.1,+18.5,+18.3,+18.0,+18.2,+18.5
2022-10-15 15:20,3,+49.4,+33.6,+43.5,+49.2,+43.5,+56.0,+18.3,+18.1,+18.5,+18.3,+18.0,+18.2,+18.5
2022-10-15 16:20,3,+49.3,+33.5,+43.5,+49.2,+43.5,+56.0,+18.3,+18.2,+18.5,+18.3,+18.0,+18.2,+18.5
2022-10-15 17:20,3,+49.4,+33.5,+43.4,+49.2,+43.5,+56.0,+18.3,+18.2,+18.5,+18.3,+17.7,+18.2,+18.5
2022-10-15 18:20,3,+49.5,+33.5,+43.4,+49.2,+43.4,+56.0,+18.2,+18.2,+18.5,+18.3,+17.7,+18.2,+18.5
2022-10-15 19:20,3,+50.0,+33.6,+43.4,+49.2,+43.4,+56.0,+18.2,+18.2,+18.5,+18.5,+18.0,+18.2,+18.5
2022-10-15 20:20,3,+50.0,+34.0,+43.4,+49.2,+43.4,+56.0,+18.2,+18.2,+18.5,+18.3,+18.0,+18.2,+18.5
2022-10-15 21:20,3,+50.0,+34.4,+43.5,+49.2,+43.4,+56.0,+18.2,+18.2,+18.5,+18.5,+18.0,+18.2,+18.5
2022-10-15 22:20,3,+50.0,+34.6,+43.5,+49.2,+43.5,+56.0,+18.2,+18.2,+18.5,+18.5,+18.0,+18.2,+18.5
2022-10-15 23:20,3,+50.0,+34.6,+43.7,+49.2,+43.5,+56.0,+18.1,+18.1,+18.6,+18.5,+18.0,+18.2,+18.2
2022-10-16 00:20,3,+50.0,+34.6,+43.7,+49.2,+43.5,+56.0,+18.1,+18.2,+18.5,+18.3,+18.0,+18.2,+18.5
2022-10-16 01:20,3,+50.0,+34.6,+43.7,+49.2,+43.5,+56.0,+18.0,+18.2,+18.5,+18.5,+18.0,+18.2,+18.5
2022-10-16 02:20,3,+49.9,+34.5,+43.7,+49.2,+43.5,+56.0,+18.0,+18.1,+18.5,+18.5,+18.0,+18.2,+18.5
2022-10-16 03:20,3,+49.9,+34.5,+43.7,+49.2,+43.5,+56.0,+18.0,+18.1,+18.6,+18.5,+18.0,+18.2,+18.5
2022-10-16 04:20,3,+49.8,+34.4,+43.7,+49.2,+43.5,+56.0,+17.8,+18.1,+18.5,+18.5,+18.0,+18.2,+18.5
2022-10-16 05:20,3,+49.7,+34.3,+43.7,+49.2,+43.5,+56.0,+17.8,+18.0,+18.5,+18.5,+18.0,+18.2,+18.5
2022-10-16 06:20,3,+49.7,+34.3,+43.7,+49.2,+43.5,+56.0,+17.7,+18.0,+18.5,+18.5,+18.0,+18.2,+18.5
2022-10-16 07:20,3,+49.6,+34.2,+43.7,+49.2,+43.5,+56.0,+17.7,+18.0,+18.5,+18.5,+18.0,+18.2,+18.5
2022-10-16 08:20,3,+49.6,+34.2,+43.7,+49.2,+43.5,+56.0,+17.8,+18.0,+18.5,+18.5,+18.0,+18.2,+18.5
2022-10-16 09:20,3,+49.6,+34.1,+43.7,+49.2,+43.5,+56.0,+17.8,+18.0,+18.5,+18.3,+18.0,+18.2,+18.5
2022-10-16 10:20,3,+49.6,+34.0,+43.5,+49.2,+43.5,+56.0,+18.0,+18.0,+18.3,+18.5,+18.0,+18.2,+18.5
2022-10-16 11:20,3,+49.6,+34.0,+43.5,+49.2,+43.5,+56.0,+18.1,+17.8,+18.5,+18.5,+18.0,+18.2,+18.5
2022-10-16 12:20,3,+49.5,+33.9,+43.5,+49.2,+43.5,+56.0,+18.2,+18.0,+18.5,+18.5,+18.0,+18.2,+18.5
2022-10-16 13:20,3,+49.5,+33.9,+43.5,+49.2,+43.5,+56.0,+18.2,+18.1,+18.3,+18.3,+18.0,+18.2,+18.5
2022-10-16 14:20,3,+49.5,+33.8,+43.5,+49.2,+43.5,+56.0,+18.2,+18.1,+18.5,+18.5,+18.0,+18.2,+18.5
2022-10-16 15:20,3,+49.5,+33.8,+43.5,+49.2,+43.5,+56.0,+18.2,+18.2,+18.5,+18.5,+18.0,+18.2,+18.5
2022-10-16 16:20,3,+49.6,+33.7,+43.5,+49.2,+43.5,+56.0,+18.3,+18.2,+18.5,+18.5,+18.0,+18.2,+18.5
2022-10-16 17:20,3,+50.0,+33.7,+43.5,+49.2,+43.4,+56.0,+18.2,+18.2,+18.5,+18.5,+18.0,+18.2,+18.5
2022-10-16 18:20,3,+50.1,+34.0,+43.5,+49.2,+43.4,+56.0,+18.2,+18.1,+18.5,+18.3,+18.0,+18.2,+18.5
2022-10-16 19:20,3,+50.3,+34.6,+43.5,+49.2,+43.5,+56.0,+18.1,+18.2,+18.5,+18.3,+18.0,+18.2,+18.5
2022-10-16 20:20,3,+50.2,+34.9,+43.9,+49.4,+43.5,+56.0,+18.1,+18.2,+18.5,+18.5,+18.0,+18.2,+18.5
2022-10-16 21:20,3,+50.1,+34.9,+44.0,+49.4,+43.7,+56.0,+18.1,+18.1,+18.5,+18.5,+18.0,+18.2,+18.5
2022-10-16 22:20,3,+50.0,+34.8,+44.0,+49.4,+43.7,+56.2,+18.0,+18.1,+18.5,+18.5,+18.0,+18.2,+18.5
2022-10-16 23:20,3,+50.0,+34.7,+44.0,+49.4,+43.7,+56.2,+18.1,+18.1,+18.6,+18.5,+18.0,+18.2,+18.5
2022-10-17 00:20,3,+50.0,+34.6,+44.0,+49.4,+43.7,+56.2,+18.0,+18.1,+18.5,+18.5,+18.0,+18.2,+18.5
2022-10-17 01:20,3,+50.0,+34.5,+44.0,+49.4,+43.7,+56.2,+18.0,+18.1,+18.5,+18.3,+18.0,+18.2,+18.5
2022-10-17 02:20,3,+49.9,+34.5,+44.0,+49.4,+43.7,+56.2,+18.0,+18.1,+18.5,+18.5,+18.0,+18.2,+18.5
2022-10-17 03:20,3,+49.8,+34.4,+43.9,+49.4,+43.7,+56.2,+17.8,+18.0,+18.5,+18.5,+18.0,+18.5,+18.5
2022-10-17 04:20,3,+49.8,+34.3,+43.9,+49.4,+43.7,+56.2,+17.7,+18.0,+18.5,+18.5,+18.0,+18.2,+18.5
2022-10-17 05:20,3,+49.7,+34.3,+43.9,+49.4,+43.7,+56.2,+17.6,+17.8,+18.5,+18.3,+18.0,+18.2,+18.5
2022-10-17 06:20,3,+49.7,+34.2,+43.7,+49.4,+43.7,+56.2,+17.6,+17.8,+18.5,+18.5,+18.0,+18.2,+18.5
2022-10-17 07:20,3,+49.6,+34.1,+43.7,+49.4,+43.7,+56.2,+17.6,+17.8,+18.5,+18.5,+18.0,+18.2,+18.5
2022-10-17 08:20,3,+49.6,+34.0,+43.7,+49.4,+43.7,+56.2,+17.6,+17.8,+18.3,+18.5,+18.0,+18.2,+18.5
2022-10-17 09:20,3,+49.6,+34.0,+43.7,+49.4,+43.7,+56.2,+17.6,+17.7,+18.3,+18.5,+18.0,+18.2,+18.5
2022-10-17 10:20,3,+49.5,+33.9,+43.7,+49.4,+43.7,+56.2,+17.7,+17.8,+18.3,+18.5,+18.0,+18.2,+18.5
2022-10-17 11:20,3,+49.5,+33.8,+43.7,+49.4,+43.5,+56.2,+17.8,+17.8,+18.3,+18.5,+18.0,+18.2,+18.5
2022-10-17 12:20,3,+49.5,+33.8,+43.5,+49.4,+43.5,+56.2,+17.8,+17.8,+18.3,+18.3,+18.0,+18.2,+18.5
2022-10-17 13:20,3,+49.5,+33.7,+43.5,+49.2,+43.5,+56.2,+18.0,+17.8,+18.3,+18.3,+18.0,+18.2,+18.5