2022-10-26 09:48,3,+59.4,+48.6,+63.4,+63.2,+64.0,+72.3,+18.3,+18.6,+19.0,+18.8,+19.1,+19.5,+19.1
2022-10-26 10:48,3,+59.3,+48.3,+63.5,+63.2,+64.0,+72.3,+18.5,+18.6,+19.0,+19.0,+19.1,+19.2,+19.1
2022-10-26 11:48,3,+59.2,+48.2,+63.5,+63.2,+64.0,+72.4,+18.6,+18.6,+19.0,+18.8,+19.1,+19.2,+19.1
2022-10-26 12:48,3,+59.1,+48.0,+63.5,+63.2,+64.0,+72.4,+18.6,+18.6,+19.0,+19.0,+19.1,+19.2,+19.1
2022-10-26 13:48,3,+59.1,+47.9,+63.4,+63.2,+64.0,+72.4,+18.7,+18.6,+19.0,+18.8,+19.1,+19.2,+19.1
2022-10-26 14:48,3,+59.0,+47.8,+63.4,+63.2,+64.0,+72.5,+18.8,+18.6,+19.0,+18.8,+19.1,+19.2,+19.1
2022-10-26 15:48,3,+58.9,+47.6,+63.4,+63.0,+64.0,+72.5,+18.8,+18.7,+19.0,+18.8,+19.1,+19.2,+19.1
2022-10-26 16:48,3,+58.8,+47.4,+63.5,+63.2,+64.0,+72.5,+18.8,+18.7,+19.0,+18.8,+19.1,+19.5,+19.1
2022-10-26 17:48,3,+58.7,+47.3,+63.5,+63.2,+64.0,+72.5,+18.8,+18.7,+19.0,+18.8,+19.1,+19.2,+19.1
2022-10-26 18:48,3,+58.6,+47.2,+63.5,+63.2,+64.0,+72.5,+18.8,+18.7,+19.0,+18.8,+19.1,+19.2,+19.1
2022-10-26 19:48,3,+58.6,+47.1,+63.5,+63.2,+64.0,+72.5,+18.8,+18.8,+19.0,+18.8,+19.0,+19.2,+19.1
2022-10-26 20:48,3,+58.5,+47.0,+63.5,+63.2,+64.3,+72.5,+18.8,+18.7,+19.0,+18.8,+19.1,+19.5,+19.2
2022-10-26 21:48,3,+58.5,+46.9,+63.5,+63.2,+64.3,+72.8,+18.7,+18.7,+19.0,+19.0,+19.1,+19.2,+19.1
2022-10-26 22:48,3,+58.4,+46.8,+63.5,+63.2,+64.0,+72.8,+18.6,+18.8,+19.1,+19.0,+19.1,+19.2,+19.2
2022-10-26 23:48,3,+58.3,+46.7,+63.5,+63.2,+64.3,+72.8,+18.5,+18.7,+19.0,+19.0,+19.0,+19.2,+19.1
2022-10-27 00:48,3,+58.3,+46.6,+63.5,+63.2,+64.3,+72.9,+18.5,+18.8,+19.0,+19.0,+19.1,+19.5,+19.1
2022-10-27 01:48,3,+58.3,+46.5,+63.5,+63.2,+64.3,+72.9,+18.3,+18.7,+19.0,+19.0,+19.1,+19.2,+19.1
2022-10-27 02:48,3,+58.2,+46.4,+63.5,+63.2,+64.3,+72.9,+18.2,+18.7,+19.0,+19.0,+19.1,+19.5,+19.1
2022-10-27 03:48,3,+58.1,+46.3,+63.5,+63.2,+64.3,+72.9,+18.2,+18.7,+19.0,+19.0,+19.1,+19.2,+19.1
2022-10-27 04:48,3,+58.1,+46.2,+63.5,+63.2,+64.3,+73.0,+18.2,+18.6,+19.0,+19.0,+19.1,+19.5,+19.1
2022-10-27 05:48,3,+58.0,+46.2,+63.5,+63.2,+64.3,+73.0,+18.2,+18.6,+19.1,+19.0,+19.1,+19.2,+19.1
2022-10-27 06:48,3,+58.0,+46.0,+63.5,+63.2,+64.3,+73.0,+18.1,+18.6,+19.0,+19.0,+19.1,+19.2,+19.2
2022-10-27 07:48,3,+57.9,+45.9,+63.5,+63.2,+64.3,+73.0,+18.1,+18.6,+19.0,+19.0,+19.1,+19.2,+19.1
2022-10-27 08:48,3,+57.8,+45.8,+63.5,+63.2,+64.3,+73.0,+18.1,+18.5,+19.0,+19.0,+19.1,+19.5,+19.1
2022-10-27 09:48,3,+57.7,+45.8,+63.5,+63.2,+64.3,+73.0,+18.1,+18.6,+19.0,+18.8,+19.1,+19.5,+19.1
2022-10-27 10:48,3,+57.6,+45.7,+63.5,+63.2,+64.3,+73.0,+18.2,+18.5,+19.0,+19.0,+19.1,+19.2,+19.1
2022-10-27 11:48,3,+57.5,+45.6,+63.5,+63.0,+64.3,+73.0,+18.2,+18.5,+19.0,+18.8,+19.1,+19.5,+19.1
2022-10-27 12:48,3,+57.4,+45.5,+63.4,+63.0,+64.3,+73.0,+18.5,+18.5,+19.0,+19.0,+19.1,+19.2,+19.2
2022-10-27 13:48,3,+57.3,+45.4,+63.4,+63.0,+64.3,+73.0,+18.6,+18.5,+19.0,+18.8,+19.1,+19.5,+19.1
2022-10-27 14:48,3,+57.2,+45.3,+63.4,+63.0,+64.3,+73.3,+18.7,+18.6,+19.0,+19.0,+19.1,+19.5,+19.1
2022-10-27 15:48,3,+57.2,+45.3,+63.4,+63.0,+64.3,+73.3,+18.6,+18.6,+19.0,+19.0,+19.1,+19.5,+19.2
2022-10-27 16:48,3,+57.0,+45.2,+63.4,+63.0,+64.3,+73.3,+18.7,+18.6,+19.0,+19.0,+19.1,+19.5,+19.1
2022-10-27 17:48,3,+57.0,+45.1,+63.4,+62.7,+64.3,+73.3,+18.6,+18.6,+19.0,+19.0,+19.1,+19.5,+19.1
2022-10-27 18:48,3,+56.8,+45.0,+62.5,+62.5,+64.4,+73.4,+18.7,+18.7,+19.0,+18.8,+19.1,+19.5,+19.1
2022-10-27 19:48,3,+56.7,+44.9,+62.2,+62.5,+64.4,+73.3,+18.6,+18.7,+19.0,+19.0,+19.1,+19.5,+19.1
2022-10-27 20:48,3,+56.7,+44.9,+62.0,+62.5,+64.3,+73.4,+18.6,+18.6,+19.0,+19.0,+19.1,+19.5,+19.1
2022-10-27 21:48,3,+56.6,+44.8,+62.0,+61.4,+64.4,+73.4,+18.5,+18.7,+19.0,+18.8,+19.1,+19.5,+19.2
2022-10-27 22:48,3,+56.4,+44.7,+61.7,+61.5,+64.5,+73.5,+18.5,+18.6,+19.0,+19.0,+19.1,+19.5,+19.1
2022-10-27 23:48,3,+56.3,+44.7,+61.7,+61.5,+64.4,+73.5,+18.3,+18.6,+19.0,+19.0,+19.1,+19.5,+19.1
2022-10-28 00:48,3,+56.2,+44.6,+61.5,+61.5,+64.4,+73.5,+18.2,+18.6,+19.0,+19.0,+19.1,+19.5,+19.1
2022-10-28 01:48,3,+56.1,+44.6,+61.2,+61.5,+64.4,+73.5,+18.1,+18.6,+19.0,+19.0,+19.1,+19.5,+19.1
2022-10-28 02:48,3,+56.0,+44.5,+61.2,+61.7,+64.4,+73.5,+18.1,+18.6,+19.0,+19.0,+19.1,+19.2,+19.1
2022-10-28 03:48,3,+55.9,+44.5,+61.0,+61.7,+64.4,+73.5,+18.0,+18.6,+19.0,+19.0,+19.1,+19.5,+19.2
2022-10-28 04:48,3,+55.8,+44.4,+60.9,+61.7,+64.4,+73.5,+17.8,+18.5,+19.0,+18.8,+19.1,+19.5,+19.1
2022-10-28 05:48,3,+55.7,+44.4,+60.7,+61.7,+64.4,+73.5,+17.8,+18.5,+19.0,+19.0,+19.1,+19.5,+19.1
2022-10-28 06:48,3,+55.6,+44.3,+60.7,+61.7,+64.4,+73.5,+17.7,+18.5,+19.0,+18.8,+19.1,+19.5,+19.1
2022-10-28 07:48,3,+55.6,+44.3,+60.7,+61.7,+64.4,+73.5,+17.7,+18.3,+19.0,+19.0,+19.1,+19.5,+19.2
2022-10-28 08:48,3,+55.5,+44.2,+60.7,+61.5,+64.4,+73.5,+17.8,+18.3,+19.0,+18.8,+19.1,+19.5,+19.2
2022-10-28 09:48,3,+55.4,+44.2,+60.7,+61.5,+64.4,+73.5,+17.8,+18.3,+18.8,+18.8,+19.1,+19.5,+19.1
2022-10-28 10:48,3,+55.3,+44.1,+58.2,+61.7,+64.5,+73.5,+18.0,+18.3,+18.8,+19.0,+19.1,+19.5,+19.1
2022-10-28 11:48,3,+55.2,+44.0,+58.0,+61.9,+64.5,+73.5,+18.0,+18.3,+18.8,+19.0,+19.2,+19.5,+19.1
2022-10-28 12:48,3,+55.0,+44.0,+57.7,+60.0,+64.5,+73.8,+18.1,+18.3,+18.8,+19.0,+19.1,+19.2,+19.1
2022-10-28 13:48,3,+54.9,+43.9,+57.7,+60.0,+64.5,+73.8,+18.2,+18.3,+18.8,+19.0,+19.1,+19.5,+19.2
2022-10-28 14:48,3,+54.8,+43.9,+57.7,+60.0,+64.5,+73.9,+18.2,+18.3,+18.8,+18.8,+19.1,+19.5,+19.2
2022-10-28 15:48,3,+54.7,+43.8,+57.7,+60.0,+64.5,+73.9,+18.2,+18.3,+18.8,+19.0,+19.1,+19.5,+19.1
2022-10-28 16:48,3,+54.5,+43.8,+57.7,+60.0,+64.5,+73.8,+18.3,+18.3,+18.8,+19.0,+19.1,+19.2,+19.2
2022-10-28 17:48,3,+54.4,+43.7,+57.5,+59.7,+64.5,+73.8,+18.3,+18.3,+18.8,+18.8,+19.1,+19.5,+19.1
2022-10-28 18:48,3,+54.3,+43.7,+57.5,+59.7,+64.5,+73.9,+18.2,+18.3,+18.8,+18.8,+19.1,+19.5,+19.2
2022-10-28 19:48,3,+54.2,+43.6,+57.4,+59.5,+64.5,+73.9,+18.2,+18.5,+18.8,+18.8,+19.1,+19.5,+19.1
2022-10-28 20:48,3,+54.1,+43.6,+57.4,+59.5,+64.5,+73.0,+18.2,+18.5,+18.8,+18.8,+19.1,+19.5,+19.2
2022-10-28 21:48,3,+54.1,+43.6,+57.2,+59.5,+64.5,+73.0,+18.2,+18.5,+18.8,+18.8,+19.1,+19.5,+19.1
2022-10-28 22:48,3,+54.0,+43.5,+57.2,+59.5,+64.5,+72.5,+18.1,+18.3,+18.8,+18.8,+19.1,+19.5,+19.1
2022-10-28 23:48,3,+53.9,+43.5,+57.2,+59.4,+64.5,+72.5,+18.0,+18.3,+18.8,+18.8,+19.1,+19.5,+19.1
2022-10-29 00:48,3,+53.8,+43.4,+57.2,+59.4,+64.5,+72.5,+18.0,+18.3,+18.8,+18.8,+19.1,+19.5,+19.2
2022-10-29 01:48,3,+53.7,+43.4,+57.0,+59.2,+64.5,+72.5,+17.8,+18.3,+18.8,+19.0,+19.1,+19.5,+19.1
2022-10-29 02:48,3,+53.7,+43.3,+57.0,+59.2,+64.5,+72.5,+17.7,+18.3,+18.8,+18.8,+19.1,+19.5,+19.2
2022-10-29 03:48,3,+53.6,+43.3,+57.0,+59.2,+64.5,+72.5,+17.6,+18.3,+18.8,+18.8,+19.1,+19.5,+19.1
2022-10-29 04:48,3,(Error)
2022-10-29 05:48,3,+53.4,+43.2,+57.0,+59.2,+64.5,+72.5,+17.6,+18.2,+18.8,+18.8,+19.1,+19.5,+19.2
2022-10-29 06:48,3,+53.4,+43.1,+57.0,+59.2,+64.5,+72.5,+17.6,+18.2,+18.7,+18.8,+19.1,+19.5,+19.1
2022-10-29 07:48,3,+53.3,+43.1,+57.0,+59.0,+64.5,+72.5,+17.6,+18.2,+18.8,+18.8,+19.1,+19.5,+19.2
2022-10-29 08:48,3,+53.2,+43.0,+56.9,+59.0,+64.5,+72.3,+17.6,+18.2,+18.8,+18.8,+19.1,+19.5,+19.2
2022-10-29 09:48,3,+53.1,+43.0,+56.9,+59.0,+64.5,+72.0,+17.8,+18.1,+18.8,+18.8,+19.1,+19.2,+19.1
2022-10-29 10:48,3,+53.0,+42.9,+56.9,+59.0,+64.5,+72.0,+17.8,+18.2,+18.8,+18.8,+19.1,+19.5,+19.1
2022-10-29 11:48,3,+53.0,+42.8,+56.7,+59.0,+64.5,+72.0,+18.1,+18.2,+18.7,+18.8,+19.1,+19.2,+19.2
2022-10-29 12:48,3,+52.9,+42.8,+56.7,+59.0,+64.5,+71.9,+18.2,+18.2,+18.7,+18.8,+19.1,+19.5,+19.1
2022-10-29 13:48,3,+52.8,+42.7,+56.7,+58.9,+64.5,+71.8,+18.3,+18.2,+18.7,+18.8,+19.1,+19.5,+19.1
2022-10-29 14:48,3,+52.7,+42.7,+56.7,+58.9,+64.5,+71.8,+18.5,+18.3,+18.7,+18.8,+19.1,+19.5,+19.2
2022-10-29 15:48,3,+52.6,+42.6,+56.7,+58.9,+64.5,+71.5,+18.6,+18.3,+18.7,+18.8,+19.1,+19.5,+19.1
2022-10-29 16:48,3,+52.5,+42.6,+56.7,+58.7,+64.5,+71.5,+18.6,+18.3,+18.7,+18.7,+19.1,+19.5,+19.2
2022-10-29 17:48,3,+52.4,+42.5,+56.5,+58.7,+64.5,+71.5,+18.6,+18.3,+18.7,+18.8,+19.0,+19.5,+19.2
2022-10-29 18:48,3,+52.3,+42.5,+56.5,+58.7,+64.5,+71.5,+18.6,+18.5,+18.7,+18.8,+19.1,+19.5,+19.1
2022-10-29 19:48,3,+52.3,+42.4,+56.5,+58.7,+64.5,+71.5,+18.5,+18.5,+18.7,+18.8,+19.1,+19.5,+19.1
2022-10-29 20:48,3,+52.2,+42.4,+56.5,+58.7,+64.5,+71.5,+18.5,+18.5,+18.7,+18.8,+19.1,+19.2,+19.2
2022-10-29 21:48,3,+52.1,+42.4,+56.5,+58.5,+64.5,+71.4,+18.3,+18.5,+18.8,+18.8,+19.1,+19.2,+19.1
2022-10-29 22:48,3,+52.1,+42.3,+56.5,+58.5,+64.5,+71.4,+18.3,+18.5,+18.7,+18.8,+19.1,+19.5,+19.1
2022-10-29 23:48,3,+52.0,+42.3,+56.5,+58.5,+64.5,+71.3,+18.2,+18.5,+18.8,+18.8,+19.1,+19.5,+19.2
2022-10-30 00:48,3,+51.9,+42.2,+56.4,+58.5,+64.5,+71.0,+18.1,+18.5,+18.8,+18.8,+19.1,+19.2,+19.1
2022-10-30 01:48,3,+51.9,+42.2,+56.4,+58.5,+64.5,+71.0,+18.0,+18.3,+18.8,+18.8,+19.0,+19.5,+19.2
2022-10-30 02:48,3,+51.8,+42.2,+56.4,+58.4,+64.5,+71.0,+17.8,+18.3,+18.8,+18.8,+19.1,+19.5,+19.1
2022-10-30 03:48,3,+51.7,+42.1,+56.2,+58.4,+64.5,+71.0,+17.8,+18.3,+18.8,+18.8,+19.1,+19.2,+19.2
2022-10-30 04:48,3,+51.6,+42.1,+56.2,+58.4,+64.5,+71.0,+17.7,+18.3,+18.8,+18.8,+19.1,+19.2,+19.1
2022-10-30 05:48,3,+51.5,+42.0,+56.2,+58.2,+64.5,+71.0,+17.6,+18.3,+18.8,+18.8,+19.1,+19.5,+19.2
2022-10-30 06:48,3,+51.5,+42.0,+56.2,+58.2,+64.5,+71.0,+17.6,+18.2,+18.8,+18.8,+19.0,+19.5,+19.1
2022-10-30 07:48,3,+51.4,+41.9,+56.2,+58.2,+64.5,+71.0,+17.6,+18.3,+18.8,+18.8,+19.1,+19.2,+19.2
2022-10-30 08:48,3,+51.3,+41.9,+56.2,+58.2,+64.5,+71.0,+17.6,+18.2,+18.7,+18.8,+19.1,+19.2,+19.1
2022-10-30 09:48,3,+51.2,+41.8,+56.0,+58.2,+64.0,+71.0,+17.6,+18.2,+18.8,+18.8,+19.1,+19.2,+19.1
2022-10-30 10:48,3,+51.1,+41.8,+56.0,+58.2,+63.7,+71.0,+17.7,+18.2,+18.7,+18.8,+19.1,+19.2,+19.2
2022-10-30 11:48,3,+51.0,+41.7,+56.0,+58.2,+63.5,+71.0,+17.8,+18.1,+18.7,+18.8,+19.1,+19.5,+19.2
2022-10-30 12:48,3,+50.9,+41.7,+56.0,+58.2,+63.5,+71.0,+18.0,+18.2,+18.7,+18.8,+19.1,+19.5,+19.2
2022-10-30 13:48,3,+50.8,+41.6,+55.9,+58.2,+63.4,+70.9,+18.1,+18.2,+18.7,+18.8,+19.1,+19.2,+19.2
2022-10-30 14:48,3,+50.8,+41.6,+55.9,+58.2,+63.2,+70.9,+18.2,+18.2,+18.7,+18.8,+19.1,+19.2,+19.2
2022-10-30 15:48,3,+50.7,+41.6,+55.9,+58.2,+63.2,+70.9,+18.2,+18.2,+18.7,+18.8,+19.1,+19.5,+19.1
2022-10-30 16:48,3,+50.7,+41.6,+55.7,+58.2,+63.0,+70.8,+18.2,+18.2,+18.7,+18.8,+19.0,+19.2,+19.1
2022-10-30 17:48,3,+50.6,+41.5,+55.7,+58.2,+63.0,+70.8,+18.2,+18.2,+18.7,+18.7,+19.0,+19.5,+19.1
2022-10-30 18:48,3,+50.5,+41.5,+55.7,+58.0,+63.0,+70.8,+18.2,+18.3,+18.7,+18.8,+19.0,+19.5,+19.1
2022-10-30 19:48,3,+50.5,+41.4,+55.7,+58.0,+62.9,+70.8,+18.2,+18.3,+18.7,+18.7,+19.0,+19.5,+19.1
2022-10-30 20:48,3,+50.4,+41.4,+55.7,+58.0,+62.9,+70.8,+18.1,+18.2,+18.7,+18.8,+19.0,+19.5,+19.1
2022-10-30 21:48,3,+50.4,+41.4,+55.5,+58.0,+62.7,+70.8,+18.1,+18.3,+18.7,+18.7,+19.0,+19.5,+19.1
2022-10-30 22:48,3,+50.3,+41.3,+55.5,+58.0,+62.7,+70.8,+18.0,+18.3,+18.7,+18.8,+19.1,+19.2,+19.2
2022-10-30 23:48,3,+50.2,+41.3,+55.5,+58.0,+62.5,+70.8,+17.8,+18.3,+18.7,+18.8,+19.1,+19.5,+19.1
2022-10-31 00:48,3,+50.2,+41.2,+55.5,+58.0,+62.5,+70.8,+17.7,+18.3,+18.7,+18.8,+19.0,+19.2,+19.1
2022-10-31 01:48,3,+50.1,+41.2,+55.5,+58.0,+62.5,+70.8,+17.7,+18.2,+18.7,+18.7,+19.0,+19.2,+19.2
2022-10-31 02:48,3,+50.0,+41.1,+55.4,+58.0,+62.5,+70.8,+17.6,+18.2,+18.7,+18.8,+19.0,+19.2,+19.2
2022-10-31 03:48,3,+50.0,+41.1,+55.4,+57.9,+62.5,+70.8,+17.6,+18.2,+18.7,+18.7,+19.0,+19.5,+19.1
2022-10-31 04:48,3,+50.0,+41.0,+55.4,+57.9,+62.5,+70.8,+17.5,+18.1,+18.7,+18.7,+19.1,+19.2,+19.2
2022-10-31 05:48,3,+49.9,+41.0,+55.2,+57.9,+62.5,+70.8,+17.3,+18.2,+18.7,+18.8,+19.1,+19.5,+19.1
2022-10-31 06:48,3,+49.8,+40.9,+55.2,+57.9,+62.5,+70.8,+17.3,+18.1,+18.7,+18.8,+19.1,+19.2,+19.2
2022-10-31 07:48,3,+49.8,+40.9,+55.2,+57.9,+62.5,+70.8,+17.3,+18.1,+18.7,+18.7,+19.0,+19.2,+19.2
2022-10-31 08:48,3,+49.7,+40.8,+55.2,+57.7,+62.5,+70.8,+17.3,+18.0,+18.7,+18.7,+19.1,+19.2,+19.2
2022-10-31 09:48,3,+49.7,+40.8,+55.0,+57.7,+62.5,+70.8,+17.5,+18.0,+18.7,+18.8,+19.0,+19.5,+19.2
2022-10-31 10:48,3,+49.6,+40.7,+55.0,+57.7,+62.5,+70.8,+17.6,+18.0,+18.6,+18.7,+19.0,+19.2,+19.1
2022-10-31 11:48,3,+49.5,+40.7,+55.0,+57.7,+62.5,+70.8,+17.7,+18.0,+18.7,+18.7,+19.0,+19.2,+19.1
2022-10-31 12:48,3,+49.5,+40.6,+55.0,+57.7,+62.5,+70.5,+18.0,+18.0,+18.7,+18.7,+19.0,+19.2,+19.2
2022-10-31 13:48,3,+49.4,+40.6,+55.0,+57.7,+62.4,+70.5,+18.1,+18.1,+18.6,+18.7,+19.0,+19.2,+19.2
2022-10-31 14:48,3,+49.4,+40.5,+54.9,+57.7,+62.4,+70.5,+18.2,+18.1,+18.6,+18.7,+19.0,+19.2,+19.2
2022-10-31 15:48,3,+49.3,+40.5,+54.9,+57.7,+62.4,+70.5,+18.2,+18.1,+18.6,+18.7,+19.1,+19.5,+19.1
2022-10-31 16:48,3,+49.3,+40.4,+54.7,+57.5,+62.4,+70.5,+18.2,+18.2,+18.6,+18.7,+19.0,+19.2,+19.1
2022-10-31 17:48,3,+49.2,+40.4,+54.7,+57.5,+62.2,+70.5,+18.2,+18.1,+18.6,+18.7,+19.1,+19.2,+19.1
2022-10-31 18:48,3,+49.1,+40.3,+54.7,+57.5,+62.2,+70.5,+18.2,+18.2,+18.7,+18.7,+19.0,+19.2,+19.1
2022-10-31 19:48,3,+49.1,+40.3,+54.7,+57.5,+62.2,+70.5,+18.1,+18.2,+18.7,+18.8,+19.0,+19.2,+19.1
2022-10-31 20:48,3,+49.1,+40.3,+54.5,+57.5,+62.2,+70.5,+18.1,+18.2,+18.6,+18.7,+19.1,+19.2,+19.1
2022-10-31 21:48,3,+49.0,+40.2,+54.5,+57.5,+62.2,+70.5,+18.1,+18.2,+18.6,+18.7,+19.0,+19.5,+19.1
2022-10-31 22:48,3,(Error)
2022-10-31 23:48,3,+48.9,+40.2,+54.5,+57.5,+62.2,+70.5,+18.1,+18.2,+18.7,+18.7,+19.0,+19.2,+19.1
2022-11-01 00:48,3,+48.9,+40.1,+54.4,+57.5,+62.2,+70.5,+18.1,+18.2,+18.7,+18.7,+19.0,+19.2,+19.1
2022-11-01 01:48,3,+48.8,+40.1,+54.4,+57.4,+62.2,+70.5,+18.1,+18.2,+18.7,+18.7,+19.0,+19.2,+19.1
2022-11-01 02:48,3,+48.8,+40.0,+54.4,+57.4,+62.2,+70.5,+18.0,+18.3,+18.7,+18.7,+19.0,+19.2,+19.2
2022-11-01 03:48,3,+48.8,+40.0,+54.2,+57.4,+62.2,+70.5,+18.0,+18.2,+18.7,+18.7,+19.0,+19.2,+19.1
2022-11-01 04:48,3,+48.7,+40.0,+54.2,+57.4,+62.0,+70.5,+17.8,+18.2,+18.7,+18.7,+19.0,+19.2,+19.1
2022-11-01 05:48,3,+48.7,+39.9,+54.2,+57.4,+62.0,+70.5,+17.8,+18.2,+18.7,+18.7,+19.0,+19.2,+19.1
2022-11-01 06:48,3,+48.6,+39.9,+54.2,+57.2,+62.0,+70.5,+17.8,+18.2,+18.7,+18.7,+19.0,+19.5,+19.1
2022-11-01 07:48,3,+48.6,+39.9,+54.2,+57.2,+62.0,+70.5,+18.0,+18.2,+18.7,+18.7,+19.0,+19.2,+19.1
2022-11-01 08:48,3,+48.5,+39.8,+54.0,+57.2,+62.0,+70.5,+18.0,+18.2,+18.6,+18.6,+19.0,+19.2,+19.1
2022-11-01 09:48,3,+48.4,+39.8,+54.0,+57.2,+62.0,+70.5,+18.1,+18.2,+18.7,+18.7,+19.1,+19.2,+19.1
2022-11-01 10:48,3,+48.4,+39.7,+54.0,+57.2,+62.0,+70.5,+18.1,+18.2,+18.7,+18.7,+19.0,+19.2,+19.1
2022-11-01 11:48,3,+48.4,+39.7,+54.0,+57.2,+62.0,+70.5,+18.2,+18.2,+18.7,+18.7,+19.0,+19.2,+19.1
2022-11-01 12:48,3,+48.3,+39.6,+54.0,+57.2,+62.0,+70.5,+18.2,+18.2,+18.6,+18.7,+19.0,+19.2,+19.1
2022-11-01 13:48,3,+48.3,+39.6,+54.0,+57.2,+62.0,+70.5,+18.3,+18.2,+18.7,+18.7,+19.0,+19.2,+19.1
2022-11-01 14:48,3,+48.2,+39.6,+53.9,+57.0,+61.9,+70.5,+18.3,+18.2,+18.7,+18.7,+19.1,+19.2,+19.1
2022-11-01 15:48,3,+48.2,+39.5,+53.9,+57.0,+61.9,+70.5,+18.5,+18.2,+18.7,+18.7,+19.0,+19.2,+19.1
2022-11-01 16:48,3,+48.2,+39.5,+53.7,+57.0,+61.9,+70.5,+18.5,+18.3,+18.7,+18.7,+19.0,+19.2,+19.2
2022-11-01 17:48,3,+48.1,+39.5,+53.7,+57.0,+61.9,+70.5,+18.5,+18.3,+18.7,+18.7,+19.0,+19.2,+19.2
2022-11-01 18:48,3,+48.1,+39.4,+53.7,+57.0,+61.9,+70.5,+18.5,+18.5,+18.7,+18.7,+19.0,+19.2,+19.1
2022-11-01 19:48,3,+48.0,+39.4,+53.7,+57.0,+61.9,+70.5,+18.5,+18.5,+18.7,+18.7,+19.0,+19.2,+19.2
2022-11-01 20:48,3,+48.0,+39.4,+53.5,+57.0,+61.9,+70.5,+18.5,+18.3,+18.6,+18.7,+19.0,+19.2,+19.1
2022-11-01 21:48,3,+47.9,+39.3,+53.5,+57.0,+61.7,+70.5,+18.5,+18.3,+18.7,+18.7,+19.0,+19.2,+19.1
2022-11-01 22:48,3,+47.9,+39.3,+53.5,+57.0,+61.7,+70.5,+18.5,+18.5,+18.7,+18.7,+19.0,+19.2,+19.1
2022-11-01 23:48,3,+47.8,+39.3,+53.5,+56.9,+61.7,+70.5,+18.3,+18.5,+18.7,+18.7,+19.0,+19.2,+19.2
2022-11-02 00:48,3,+47.8,+39.2,+53.4,+56.9,+61.7,+70.5,+18.3,+18.5,+18.7,+18.7,+19.0,+19.2,+19.1
2022-11-02 01:48,3,+47.8,+39.2,+53.4,+56.9,+61.7,+70.5,+18.2,+18.5,+18.7,+18.7,+19.0,+19.2,+19.1
2022-11-02 02:48,3,+47.7,+39.2,+53.2,+56.9,+61.7,+70.5,+18.2,+18.5,+18.7,+18.7,+19.0,+19.2,+19.1
2022-11-02 03:48,3,+47.7,+39.1,+53.2,+56.9,+61.7,+70.5,+18.2,+18.5,+18.7,+18.7,+19.0,+19.2,+19.1
2022-11-02 04:48,3,+47.6,+39.1,+53.2,+56.7,+61.7,+70.5,+18.1,+18.5,+18.7,+18.7,+19.0,+19.2,+19.2
2022-11-02 05:48,3,+47.6,+39.1,+53.2,+56.7,+61.7,+70.5,+18.1,+18.5,+18.8,+18.7,+19.0,+19.2,+19.1
2022-11-02 06:48,3,+47.5,+39.0,+53.2,+56.7,+61.7,+70.5,+18.0,+18.3,+18.7,+18.7,+19.0,+19.5,+19.1
2022-11-02 07:48,3,+47.4,+39.0,+53.0,+56.7,+61.7,+70.5,+18.1,+18.3,+18.8,+18.7,+19.0,+19.2,+19.1
2022-11-02 08:48,3,+47.4,+38.9,+53.0,+56.7,+61.7,+70.5,+18.1,+18.3,+18.8,+18.7,+19.0,+19.2,+19.1
2022-11-02 09:48,3,+47.4,+38.9,+53.0,+56.7,+61.7,+70.5,+18.2,+18.3,+18.7,+18.7,+19.0,+19.2,+19.1
2022-11-02 10:48,3,+47.3,+38.9,+53.0,+56.7,+61.7,+70.5,+18.3,+18.3,+18.7,+18.7,+19.0,+19.2,+19.1
2022-11-02 11:48,3,+47.3,+38.8,+52.9,+56.7,+61.5,+70.5,+18.5,+18.5,+18.7,+18.7,+19.0,+19.2,+19.1
2022-11-02 12:48,3,+47.2,+38.8,+52.9,+56.7,+61.5,+70.5,+18.6,+18.5,+18.7,+18.7,+19.0,+19.2,+19.1
2022-11-02 13:48,3,+47.2,+38.7,+52.7,+56.5,+61.5,+70.5,+18.7,+18.5,+18.7,+18.7,+19.0,+19.2,+19.1
2022-11-02 14:48,3,+47.1,+38.7,+52.7,+56.5,+61.5,+70.5,+18.8,+18.5,+18.7,+18.7,+19.0,+19.2,+19.1
2022-11-02 15:48,3,+47.0,+38.6,+52.7,+56.5,+61.5,+70.5,+18.8,+18.6,+18.7,+18.7,+19.0,+19.2,+19.1
2022-11-02 16:48,3,+47.0,+38.6,+52.7,+56.5,+61.5,+70.5,+19.0,+18.6,+18.7,+18.7,+19.0,+19.2,+19.1
2022-11-02 17:48,3,+46.9,+38.6,+52.5,+56.5,+61.5,+70.5,+18.8,+18.6,+18.8,+18.7,+19.0,+19.2,+19.1
2022-11-02 18:48,3,+46.9,+38.5,+52.5,+56.5,+61.5,+70.5,+18.8,+18.6,+18.8,+18.7,+19.0,+19.2,+19.1
2022-11-02 19:48,3,+46.8,+38.5,+52.5,+56.5,+61.5,+70.5,+18.8,+18.6,+18.8,+18.8,+19.1,+19.2,+19.1
2022-11-02 20:48,3,+46.8,+38.5,+52.4,+56.5,+61.5,+70.5,+18.7,+18.6,+18.8,+18.8,+19.0,+19.2,+19.1
2022-11-02 21:48,3,+46.8,+38.4,+52.4,+56.5,+61.5,+70.5,+18.7,+18.7,+18.8,+18.7,+19.0,+19.2,+19.1
2022-11-02 22:48,3,+46.7,+38.4,+52.2,+56.4,+61.5,+70.5,+18.7,+18.7,+18.8,+18.7,+19.0,+19.2,+19.1
2022-11-02 23:48,3,+46.7,+38.4,+52.2,+56.4,+61.5,+70.5,+18.7,+18.7,+18.8,+18.8,+19.0,+19.2,+19.1
2022-11-03 00:48,3,+46.7,+38.3,+52.2,+56.4,+61.5,+70.5,+18.6,+18.7,+18.8,+18.7,+19.0,+19.2,+19.1
2022-11-03 01:48,3,+46.6,+38.3,+52.0,+56.4,+61.5,+70.5,+18.5,+18.6,+18.8,+18.7,+19.0,+19.2,+19.2
2022-11-03 02:48,3,+46.6,+38.3,+52.0,+56.4,+61.4,+70.5,+18.5,+18.6,+18.8,+18.8,+19.0,+19.2,+19.1
2022-11-03 03:48,3,+46.5,+38.2,+52.0,+56.2,+61.4,+70.5,+18.3,+18.7,+18.8,+18.7,+19.0,+19.2,+19.1
2022-11-03 04:48,3,+46.5,+38.2,+52.0,+56.2,+61.4,+70.5,+18.2,+18.6,+19.0,+18.8,+19.0,+19.2,+19.1
2022-11-03 05:48,3,+46.4,+38.2,+51.9,+56.2,+61.4,+70.5,+18.1,+18.6,+19.0,+18.8,+19.0,+19.2,+19.1
2022-11-03 06:48,3,+46.3,+38.1,+51.7,+56.2,+61.4,+70.5,+18.1,+18.5,+18.8,+18.8,+19.1,+19.2,+19.1
2022-11-03 07:48,3,+46.3,+38.1,+51.7,+56.2,+61.4,+70.5,+18.0,+18.6,+18.8,+18.8,+19.0,+19.2,+19.1
2022-11-03 08:48,3,+46.2,+38.0,+51.7,+56.2,+61.4,+70.5,+18.1,+18.5,+18.8,+18.8,+19.0,+19.2,+19.1
2022-11-03 09:48,3,+46.2,+38.0,+51.7,+56.2,+61.2,+70.5,+18.1,+18.5,+18.8,+18.8,+19.0,+19.2,+19.1
2022-11-03 10:48,3,+46.1,+38.0,+51.5,+56.2,+61.2,+70.5,+18.2,+18.5,+19.0,+18.7,+19.0,+19.2,+19.1
2022-11-03 11:48,3,+46.1,+37.9,+51.5,+56.2,+61.2,+70.5,+18.3,+18.5,+18.8,+18.8,+19.0,+19.2,+19.1
2022-11-03 12:48,3,+46.0,+37.9,+51.5,+56.0,+61.2,+70.5,+18.5,+18.5,+18.8,+18.8,+19.0,+19.2,+19.1
2022-11-03 13:48,3,+46.0,+37.8,+51.5,+56.0,+61.2,+70.5,+18.6,+18.5,+18.8,+18.8,+19.0,+19.2,+19.1
2022-11-03 14:48,3,+45.9,+37.8,+51.4,+56.0,+61.2,+70.4,+18.6,+18.5,+18.8,+18.8,+19.0,+19.2,+19.1
2022-11-03 15:48,3,+45.9,+37.8,+51.2,+56.0,+61.2,+70.4,+18.6,+18.5,+18.8,+18.8,+19.0,+19.2,+19.2
2022-11-03 16:48,3,+46.0,+37.7,+51.2,+56.0,+61.2,+70.4,+18.6,+18.6,+18.8,+18.8,+19.0,+19.2,+19.2
2022-11-03 17:48,3,+46.0,+37.7,+51.2,+56.0,+61.2,+70.4,+18.6,+18.6,+18.8,+18.8,+19.0,+19.2,+19.1
2022-11-03 18:48,3,+46.0,+37.7,+51.2,+55.9,+61.2,+70.3,+18.5,+18.6,+18.8,+18.8,+19.0,+19.2,+19.1
2022-11-03 19:48,3,+46.0,+37.7,+51.2,+55.9,+61.2,+70.3,+18.5,+18.6,+18.8,+18.8,+19.0,+19.2,+19.1
2022-11-03 20:48,3,+46.0,+37.6,+51.2,+55.9,+61.2,+70.3,+18.3,+18.6,+18.8,+18.8,+19.0,+19.2,+19.1
2022-11-03 21:48,3,+46.0,+37.6,+51.2,+55.9,+61.2,+70.3,+18.3,+18.6,+18.8,+18.8,+19.0,+19.2,+19.1
2022-11-03 22:48,3,+46.0,+37.6,+51.0,+55.9,+61.0,+70.3,+18.3,+18.6,+18.8,+18.8,+19.0,+19.2,+19.1
2022-11-03 23:48,3,+46.0,+37.6,+51.0,+55.7,+61.0,+70.3,+18.2,+18.5,+18.8,+18.8,+19.0,+19.2,+19.1
2022-11-04 00:48,3,+45.9,+37.5,+51.0,+55.7,+61.0,+70.3,+18.2,+18.6,+18.8,+18.8,+19.0,+19.2,+19.1
2022-11-04 01:48,3,+45.9,+37.5,+50.9,+55.7,+61.0,+70.3,+18.2,+18.5,+19.0,+18.8,+19.0,+19.2,+19.2
2022-11-04 02:48,3,+45.9,+37.5,+50.9,+55.7,+61.0,+70.0,+18.2,+18.5,+18.8,+18.8,+19.0,+19.2,+19.1
2022-11-04 03:48,3,+45.8,+37.5,+50.7,+55.7,+61.0,+70.0,+18.2,+18.5,+18.8,+18.8,+19.0,+19.2,+19.1
2022-11-04 04:48,3,+45.8,+37.5,+50.7,+55.7,+61.0,+70.0,+18.2,+18.5,+18.8,+18.8,+19.0,+19.2,+19.1
2022-11-04 05:48,3,+45.8,+37.4,+50.7,+55.7,+61.0,+70.0,+18.2,+18.5,+18.8,+18.8,+19.0,+19.5,+19.1
2022-11-04 06:48,3,+45.7,+37.4,+50.7,+55.5,+61.0,+70.3,+18.2,+18.5,+18.8,+18.8,+19.1,+19.2,+19.1
2022-11-04 07:48,3,+45.6,+37.4,+50.7,+55.5,+61.0,+70.3,+18.2,+18.5,+18.8,+18.8,+19.0,+19.2,+19.1
2022-11-04 08:48,3,+45.5,+37.3,+50.5,+55.5,+61.0,+70.0,+18.2,+18.5,+18.8,+18.8,+19.1,+19.2,+19.1
2022-11-04 09:48,3,+45.5,+37.3,+50.5,+55.5,+60.9,+70.3,+18.3,+18.5,+18.8,+18.8,+19.1,+19.2,+19.2
2022-11-04 10:48,3,+45.5,+37.2,+50.5,+55.5,+60.9,+70.3,+18.5,+18.5,+18.8,+18.8,+19.0,+19.2,+19.1
2022-11-04 11:48,3,+45.4,+37.2,+50.5,+55.4,+60.9,+70.3,+18.5,+18.5,+18.8,+18.8,+19.0,+19.2,+19.1
2022-11-04 12:48,3,+45.4,+37.2,+50.5,+55.4,+60.9,+70.3,+18.5,+18.5,+18.8,+18.8,+19.1,+19.2,+19.2
2022-11-04 13:48,3,+45.3,+37.1,+50.4,+55.2,+60.9,+70.3,+18.6,+18.5,+18.8,+18.8,+19.1,+19.2,+19.1
2022-11-04 14:48,3,+46.3,+37.6,+50.4,+55.2,+60.9,+70.0,+18.6,+18.5,+18.8,+18.8,+19.1,+19.2,+19.2
2022-11-04 15:48,3,+49.7,+37.4,+51.4,+55.2,+61.0,+70.0,+18.6,+18.6,+18.8,+18.8,+19.1,+19.2,+19.1
2022-11-04 16:48,3,+52.0,+38.4,+52.0,+55.2,+61.0,+70.0,+18.6,+18.6,+18.8,+18.8,+19.1,+19.2,+19.1
2022-11-04 17:48,3,+52.4,+39.0,+52.7,+55.2,+61.0,+70.0,+18.6,+18.6,+18.8,+18.8,+19.0,+19.2,+19.2
2022-11-04 18:48,3,+51.0,+39.4,+53.4,+55.2,+61.0,+70.3,+18.5,+18.6,+18.8,+18.8,+19.0,+19.5,+19.1
2022-11-04 19:48,3,+50.8,+38.5,+54.0,+55.2,+61.0,+70.3,+18.5,+18.6,+18.8,+18.8,+19.1,+19.2,+19.2
2022-11-04 20:48,3,+50.6,+38.1,+54.0,+55.4,+61.0,+70.4,+18.5,+18.6,+18.8,+18.8,+19.1,+19.2,+19.1
2022-11-04 21:48,3,+50.3,+39.6,+53.9,+55.4,+61.0,+70.4,+18.5,+18.6,+18.8,+18.8,+19.1,+19.5,+19.1
2022-11-04 22:48,3,+50.2,+40.2,+53.9,+55.4,+61.0,+70.5,+18.3,+18.6,+18.8,+18.8,+19.1,+19.2,+19.1
2022-11-04 23:48,3,+50.2,+41.3,+53.7,+55.4,+61.0,+70.5,+18.5,+18.6,+19.0,+18.8,+19.1,+19.2,+19.1
2022-11-05 00:48,3,+50.1,+41.4,+53.7,+55.5,+61.0,+70.5,+18.3,+18.6,+19.0,+18.8,+19.1,+19.2,+19.1
2022-11-05 01:48,3,+50.0,+41.5,+53.5,+55.5,+61.0,+70.4,+18.3,+18.6,+19.0,+18.8,+19.0,+19.2,+19.1
2022-11-05 02:48,3,+57.0,+42.7,+53.7,+55.5,+61.0,+70.4,+18.2,+18.6,+19.0,+18.8,+19.1,+19.2,+19.2
2022-11-05 03:48,3,+57.7,+49.0,+55.0,+56.2,+61.2,+70.3,+18.0,+18.5,+19.0,+18.8,+19.1,+19.2,+19.1
2022-11-05 04:48,3,+56.3,+47.6,+55.5,+55.7,+61.5,+70.3,+18.1,+18.5,+18.8,+19.0,+19.1,+19.2,+19.2
2022-11-05 05:48,3,+55.8,+44.8,+55.7,+59.0,+61.5,+70.5,+18.0,+18.5,+18.8,+18.8,+19.1,+19.2,+19.1
2022-11-05 06:48,3,+55.4,+45.3,+56.2,+57.2,+61.9,+71.9,+18.0,+18.3,+18.8,+18.7,+19.1,+19.2,+19.1
2022-11-05 07:48,3,+55.2,+45.5,+56.7,+56.4,+62.0,+72.9,+18.1,+18.3,+18.8,+18.8,+19.1,+19.5,+19.1
2022-11-05 08:48,3,+55.1,+45.6,+57.0,+56.4,+62.0,+73.0,+18.0,+18.3,+18.8,+18.8,+19.1,+19.2,+19.2
2022-11-05 09:48,3,+54.9,+45.0,+57.5,+56.5,+62.0,+73.0,+18.1,+18.3,+18.8,+18.8,+19.1,+19.2,+19.1
2022-11-05 10:48,3,+54.6,+44.2,+57.7,+56.5,+62.2,+73.0,+18.1,+18.5,+18.8,+18.8,+19.1,+19.2,+19.2
2022-11-05 11:48,3,+54.4,+43.8,+56.7,+56.7,+62.2,+73.9,+18.1,+18.3,+18.8,+18.8,+19.1,+19.5,+19.1
2022-11-05 12:48,3,+55.3,+43.3,+56.2,+56.7,+62.4,+74.4,+18.2,+18.5,+18.8,+18.8,+19.0,+19.5,+19.1
2022-11-05 13:48,3,+56.3,+43.7,+56.5,+57.0,+62.5,+74.8,+18.2,+18.5,+18.8,+18.8,+19.1,+19.5,+19.1
2022-11-05 14:48,3,+58.6,+45.6,+57.4,+57.2,+63.0,+75.3,+18.2,+18.3,+18.8,+18.8,+19.1,+19.2,+19.1
2022-11-05 15:48,3,+59.5,+48.2,+57.5,+57.7,+63.4,+76.0,+18.2,+18.3,+18.8,+18.8,+19.0,+19.5,+19.1
2022-11-05 16:48,3,+58.2,+47.7,+58.5,+58.0,+63.7,+76.9,+18.1,+18.3,+18.8,+18.8,+19.0,+19.5,+19.2
2022-11-05 17:48,3,+57.6,+47.6,+59.4,+58.2,+64.0,+77.8,+18.1,+18.3,+18.8,+18.8,+19.1,+19.2,+19.2
2022-11-05 18:48,3,(Error)
2022-11-05 19:48,3,+59.4,+50.3,+61.5,+58.5,+65.5,+78.9,+18.0,+18.3,+18.7,+18.8,+19.1,+19.5,+19.1
2022-11-05 20:48,3,+58.2,+49.4,+61.9,+59.0,+66.5,+79.0,+18.0,+18.2,+18.7,+18.8,+19.0,+19.5,+19.1
2022-11-05 21:48,3,+57.7,+48.3,+61.7,+60.0,+66.5,+79.0,+18.0,+18.2,+18.7,+18.8,+19.0,+19.2,+19.1
2022-11-05 22:48,3,+57.1,+48.1,+60.9,+60.7,+66.8,+79.3,+18.0,+18.2,+18.7,+18.7,+19.1,+19.5,+19.2
2022-11-05 23:48,3,(Error)
2022-11-06 00:48,3,+56.5,+47.8,+60.5,+61.4,+67.0,+79.4,+18.0,+18.2,+18.7,+18.8,+19.0,+19.2,+19.2
2022-11-06 01:48,3,+56.4,+47.8,+60.7,+61.5,+67.0,+79.5,+18.0,+18.3,+18.7,+18.8,+19.1,+19.5,+19.2
2022-11-06 02:48,3,(Error)
2022-11-06 03:48,3,(Error)
2022-11-06 04:48,3,+56.4,+48.6,+60.5,+62.0,+67.5,+79.5,+18.0,+18.2,+18.8,+18.8,+19.1,+19.5,+19.2
2022-11-06 05:48,3,+56.2,+48.8,+60.5,+62.0,+67.5,+79.5,+17.8,+18.2,+18.7,+18.8,+19.0,+19.5,+19.1
2022-11-06 06:48,3,(Error)
2022-11-06 07:48,3,(Error)
2022-11-06 08:48,3,+57.7,+50.2,+60.7,+62.2,+67.9,+79.9,+18.0,+18.2,+18.7,+18.7,+19.1,+19.5,+19.1
2022-11-06 09:48,3,+58.3,+50.9,+61.0,+62.4,+68.0,+80.0,+18.1,+18.2,+18.7,+18.7,+19.0,+19.2,+19.1
2022-11-06 10:48,3,+58.4,+51.4,+61.2,+62.4,+68.0,+80.0,+18.1,+18.2,+18.7,+18.7,+19.1,+19.5,+19.1
2022-11-06 11:48,3,+58.1,+51.6,+61.4,+62.5,+68.0,+80.0,+18.1,+18.2,+18.7,+18.7,+19.0,+19.5,+19.2
2022-11-06 12:48,3,+58.4,+51.7,+61.5,+62.5,+68.3,+80.0,+18.1,+18.2,+18.7,+18.8,+19.1,+19.5,+19.2
2022-11-06 13:48,3,+62.1,+54.8,+62.2,+62.7,+68.4,+80.3,+18.2,+18.2,+18.7,+18.8,+19.1,+19.2,+19.1
2022-11-06 14:48,3,+60.8,+54.4,+63.5,+63.2,+68.5,+80.4,+18.1,+18.2,+18.6,+18.7,+19.1,+19.2,+19.2
2022-11-06 15:48,3,+59.7,+53.4,+63.2,+64.0,+68.8,+80.5,+18.1,+18.2,+18.6,+18.7,+19.0,+19.2,+19.2
2022-11-06 16:48,3,+61.6,+53.5,+63.2,+64.3,+69.0,+80.5,+18.1,+18.2,+18.6,+18.7,+19.0,+19.2,+19.2
2022-11-06 17:48,3,+62.6,+56.0,+66.5,+65.1,+69.5,+80.8,+17.8,+18.1,+18.5,+18.7,+19.0,+19.2,+19.2
2022-11-06 18:48,3,+61.8,+55.1,+65.9,+65.5,+70.9,+81.0,+17.8,+18.0,+18.5,+18.6,+19.0,+19.2,+19.1
2022-11-06 19:48,3,+59.8,+53.7,+65.3,+65.4,+71.5,+81.9,+17.8,+18.0,+18.5,+18.6,+19.0,+19.2,+19.1
2022-11-06 20:48,3,+59.5,+53.4,+65.0,+65.1,+71.5,+83.0,+17.8,+18.1,+18.6,+18.6,+19.0,+19.2,+19.2
2022-11-06 21:48,3,+60.3,+53.5,+65.0,+65.0,+71.8,+83.5,+17.8,+18.1,+18.5,+18.6,+18.7,+19.2,+19.1
2022-11-06 22:48,3,+61.2,+54.1,+65.4,+65.0,+71.9,+83.5,+17.8,+18.1,+18.5,+18.6,+19.0,+19.2,+19.1
2022-11-06 23:48,3,+65.2,+59.4,+69.0,+65.4,+72.0,+83.9,+17.8,+18.0,+18.3,+18.6,+19.0,+19.2,+19.1
2022-11-07 00:48,3,+63.2,+56.3,+67.9,+66.3,+73.0,+85.0,+17.8,+17.8,+18.3,+18.5,+18.7,+19.2,+19.1
2022-11-07 01:48,3,+62.8,+55.7,+67.0,+66.0,+73.0,+85.3,+17.7,+17.8,+18.3,+18.3,+18.7,+19.2,+19.1
2022-11-07 02:48,3,+60.6,+54.9,+66.5,+65.9,+73.0,+85.3,+17.7,+17.8,+18.2,+18.5,+18.7,+19.2,+19.1
2022-11-07 03:48,3,+59.8,+55.2,+66.1,+65.6,+73.0,+85.0,+17.8,+17.8,+18.3,+18.3,+18.7,+19.2,+19.1
2022-11-07 04:48,3,+59.4,+54.8,+65.9,+65.5,+72.9,+84.9,+17.7,+17.8,+18.2,+18.3,+18.7,+19.2,+19.0
2022-11-07 05:48,3,+59.0,+54.8,+65.6,+65.5,+72.8,+84.5,+17.7,+17.8,+18.3,+18.3,+18.7,+19.2,+19.0
2022-11-07 06:48,3,+58.7,+54.7,+65.6,+65.5,+72.5,+84.5,+17.7,+17.8,+18.3,+18.5,+18.7,+19.2,+19.0
2022-11-07 07:48,3,+59.5,+55.2,+65.6,+65.5,+72.5,+84.5,+17.7,+17.8,+18.3,+18.3,+18.7,+19.2,+19.0
2022-11-07 08:48,3,+59.9,+55.6,+65.8,+65.5,+72.8,+84.4,+17.7,+17.8,+18.3,+18.3,+18.7,+19.2,+19.0
2022-11-07 09:48,3,+60.1,+56.1,+65.9,+65.5,+72.9,+84.4,+17.8,+18.0,+18.3,+18.5,+18.7,+19.2,+19.0
2022-11-07 10:48,3,+60.5,+55.9,+66.0,+65.6,+73.0,+84.4,+17.7,+18.0,+18.3,+18.5,+18.7,+19.1,+19.0
2022-11-07 11:48,3,+60.8,+56.4,+66.5,+65.9,+73.0,+84.4,+17.7,+17.8,+18.3,+18.5,+18.7,+19.2,+19.0
2022-11-07 12:48,3,+59.5,+55.6,+66.5,+66.1,+73.0,+84.4,+17.8,+18.0,+18.3,+18.5,+18.7,+19.2,+19.0
2022-11-07 13:48,3,+58.9,+55.3,+66.3,+66.0,+73.0,+84.3,+17.8,+18.0,+18.3,+18.3,+18.7,+19.2,+19.0
2022-11-07 14:48,3,(Error)
2022-11-07 15:48,3,(Error)
2022-11-07 16:48,3,(Error)
2022-11-07 17:48,3,(Error)
2022-11-07 18:48,3,(Error)
2022-11-07 19:48,3,(Error)
2022-11-07 20:48,3,(Error)
2022-11-07 21:48,3,(Error)
2022-11-07 22:48,3,(Error)
2022-11-07 23:48,3,(Error)
2022-11-08 00:48,3,(Error)
2022-11-08 01:48,3,(Error)
2022-11-08 02:48,3,(Error)
2022-11-08 03:48,3,(Error)
2022-11-08 04:48,3,(Error)
2022-11-08 05:48,3,(Error)
2022-11-08 06:48,3,(Error)
2022-11-08 07:48,3,(Error)
2022-11-08 08:48,3,(Error)
2022-11-08 09:48,3,(Error)
2022-11-08 10:48,3,(Error)
2022-11-08 11:48,3,(Error)
2022-11-08 12:48,3,(Error)
2022-11-08 13:48,3,(Error)
2022-11-08 14:48,3,(Error)
2022-11-08 15:48,3,(Error)
2022-11-08 16:48,3,(Error)
2022-11-08 17:48,3,(Error)
2022-11-08 18:48,3,(Error)
2022-11-08 19:48,3,(Error)
2022-11-08 20:48,3,(Error)
2022-11-08 21:48,3,(Error)
2022-11-08 22:48,3,(Error)
2022-11-08 23:48,3,(Error)
2022-11-09 00:48,3,(Error)
2022-11-09 01:48,3,(Error)
2022-11-09 02:48,3,(Error)
2022-11-09 03:48,3,(Error)
2022-11-09 04:48,3,(Error)
2022-11-09 05:48,3,(Error)
2022-11-09 06:48,3,(Error)
2022-11-09 07:48,3,(Error)
2022-11-09 08:48,3,(Error)
2022-11-09 09:48,3,(Error)
2022-11-09 10:48,3,(Error)
2022-11-09 11:48,3,(Error)
2022-11-09 12:48,3,(Error)
2022-11-09 13:48,3,(Error)
2022-11-09 14:48,3,(Error)
2022-11-09 15:48,3,(Error)
2022-11-09 16:48,3,(Error)
2022-11-09 17:48,3,(Error)
2022-11-09 18:48,3,(Error)
2022-11-09 19:48,3,(Error)
2022-11-09 20:48,3,(Error)
2022-11-09 21:48,3,(Error)
2022-11-09 22:48,3,(Error)
2022-11-09 23:48,3,(Error)
2022-11-10 00:48,3,(Error)
2022-11-10 01:48,3,(Error)
2022-11-10 02:48,3,(Error)
2022-11-10 03:48,3,(Error)
2022-11-10 04:48,3,(Error)
2022-11-10 05:48,3,(Error)
2022-11-10 06:48,3,(Error)
2022-11-10 07:48,3,(Error)
2022-11-10 08:48,3,(Error)
2022-11-10 09:48,3,(Error)
2022-11-10 10:48,3,(Error)
2022-11-10 11:48,3,(Error)
2022-11-10 12:48,3,(Error)
2022-11-10 13:48,3,(Error)
2022-11-10 14:48,3,(Error)
2022-11-10 15:48,3,(Error)
2022-11-10 16:48,3,(Error)
2022-11-10 17:48,3,(Error)
2022-11-10 18:48,3,(Error)
2022-11-10 19:48,3,(Error)
2022-11-10 20:48,3,(Error)
2022-11-10 21:48,3,(Error)
2022-11-10 22:48,3,(Error)
2022-11-10 23:48,3,(Error)
2022-11-11 00:48,3,(Error)
2022-11-11 01:48,3,(Error)
2022-11-11 02:48,3,(Error)
2022-11-11 03:48,3,(Error)
2022-11-11 04:48,3,(Error)
2022-11-11 05:48,3,(Error)
2022-11-11 06:48,3,(Error)
2022-11-11 07:48,3,(Error)
2022-12-08 08:57,3,+58.9,+56.1,+69.5,+71.4,+70.0,+70.4,+16.7,+17.2,+18.0,+18.1,+18.5,+19.0,+18.7
2022-12-08 09:57,3,+58.8,+56.0,+69.5,+71.3,+70.0,+70.3,+16.7,+17.2,+18.0,+18.1,+18.5,+19.0,+18.7
2022-12-08 10:57,3,+58.7,+55.8,+69.5,+71.3,+70.0,+70.3,+16.8,+17.2,+18.0,+18.1,+18.5,+19.0,+18.7
2022-12-08 11:57,3,+58.7,+55.8,+69.5,+71.3,+70.0,+70.3,+16.8,+17.2,+17.8,+18.1,+18.5,+19.0,+18.7
2022-12-08 12:57,3,+58.7,+55.6,+69.5,+71.3,+70.0,+70.4,+17.1,+17.2,+17.8,+18.1,+18.5,+19.0,+18.7
2022-12-08 13:57,3,+58.6,+55.5,+69.5,+71.3,+70.0,+70.3,+17.1,+17.2,+17.8,+18.1,+18.5,+19.0,+18.7
2022-12-08 14:57,3,+58.5,+55.4,+69.5,+71.3,+70.0,+70.3,+17.1,+17.2,+17.8,+18.1,+18.5,+18.7,+18.7
2022-12-08 15:57,3,+58.5,+55.3,+69.5,+71.3,+70.0,+70.3,+17.1,+17.2,+17.8,+18.1,+18.5,+19.0,+18.7
2022-12-08 16:57,3,+58.4,+55.2,+69.5,+71.3,+69.9,+70.3,+17.1,+17.3,+17.8,+18.1,+18.5,+19.0,+18.7
2022-12-08 17:57,3,+58.4,+55.1,+69.5,+71.1,+69.9,+70.3,+17.1,+17.3,+17.8,+18.1,+18.5,+19.0,+18.7
2022-12-08 18:57,3,+58.3,+55.0,+69.5,+71.1,+69.9,+70.3,+17.0,+17.3,+17.8,+18.0,+18.5,+19.0,+18.7
2022-12-08 19:57,3,+58.3,+54.9,+69.5,+71.1,+69.9,+70.3,+17.0,+17.3,+17.8,+18.1,+18.5,+19.0,+18.7
2022-12-08 20:57,3,+58.3,+54.8,+69.5,+71.1,+69.9,+70.0,+17.0,+17.3,+17.8,+18.1,+18.5,+19.0,+18.7
2022-12-08 21:57,3,+58.3,+54.7,+69.5,+71.1,+69.9,+70.0,+16.8,+17.3,+17.8,+18.0,+18.5,+19.0,+18.7
2022-12-08 22:57,3,+58.2,+54.6,+69.4,+71.1,+69.9,+70.0,+16.8,+17.3,+17.8,+18.1,+18.5,+19.0,+18.7
2022-12-08 23:57,3,+58.2,+54.5,+69.4,+71.1,+69.9,+70.0,+16.8,+17.2,+17.8,+18.1,+18.5,+19.0,+18.7
2022-12-09 00:57,3,+58.1,+54.4,+69.4,+71.1,+69.9,+70.0,+16.8,+17.2,+17.8,+18.1,+18.5,+19.0,+18.7
2022-12-09 01:57,3,+58.1,+54.3,+69.4,+71.1,+69.9,+70.0,+16.8,+17.2,+17.8,+18.1,+18.5,+18.7,+18.7
2022-12-09 02:57,3,+58.0,+54.2,+69.4,+71.1,+69.9,+70.0,+16.7,+17.2,+17.8,+18.1,+18.5,+19.0,+18.7
2022-12-09 03:57,3,+58.0,+54.1,+69.4,+71.1,+69.9,+70.0,+16.7,+17.2,+18.0,+18.1,+18.5,+19.0,+18.7
2022-12-09 04:57,3,+57.9,+54.1,+69.4,+71.0,+69.9,+70.0,+16.7,+17.2,+17.8,+18.1,+18.5,+19.0,+18.7
2022-12-09 05:57,3,+57.9,+54.0,+69.4,+71.0,+69.9,+70.0,+16.7,+17.2,+17.8,+18.1,+18.5,+19.0,+18.7
2022-12-09 06:57,3,+57.9,+53.9,+69.3,+71.0,+69.9,+70.0,+16.6,+17.2,+17.8,+18.1,+18.5,+19.0,+18.7
2022-12-09 07:57,3,+57.8,+53.8,+69.3,+71.0,+69.9,+70.0,+16.6,+17.2,+17.8,+18.1,+18.5,+18.7,+18.7
2022-12-09 08:57,3,+57.8,+53.7,+69.3,+71.0,+70.0,+70.3,+16.6,+17.2,+17.8,+18.0,+18.5,+18.7,+18.7
2022-12-09 09:57,3,+57.7,+53.5,+69.3,+71.0,+70.0,+70.3,+16.7,+17.2,+17.8,+18.1,+18.5,+19.0,+18.7
2022-12-09 10:57,3,+57.7,+53.4,+69.3,+71.0,+70.0,+70.3,+16.8,+17.2,+17.8,+18.1,+18.5,+18.7,+18.7
2022-12-09 11:57,3,+57.6,+53.3,+69.3,+71.0,+70.0,+70.3,+17.0,+17.2,+17.8,+18.0,+18.5,+19.0,+18.7
2022-12-09 12:57,3,+57.6,+53.1,+69.3,+71.0,+70.0,+70.4,+17.1,+17.2,+17.8,+18.0,+18.5,+18.7,+18.7
2022-12-09 13:57,3,+57.5,+53.0,+69.3,+71.0,+70.0,+70.4,+17.2,+17.2,+17.8,+18.0,+18.5,+19.0,+18.7
2022-12-09 14:57,3,+57.5,+52.9,+69.1,+71.0,+70.0,+70.3,+17.2,+17.2,+17.8,+18.1,+18.5,+19.0,+18.7
2022-12-09 15:57,3,+57.4,+52.8,+69.1,+70.9,+70.0,+70.3,+17.2,+17.2,+17.7,+18.0,+18.5,+19.0,+18.7
2022-12-09 16:57,3,+57.3,+52.7,+69.1,+70.9,+70.0,+70.3,+17.2,+17.3,+17.7,+18.0,+18.5,+19.0,+18.7
2022-12-09 17:57,3,+57.3,+52.6,+69.1,+70.9,+70.0,+70.3,+17.1,+17.3,+17.8,+18.0,+18.5,+19.0,+18.7
2022-12-09 18:57,3,+57.2,+52.5,+69.1,+70.9,+69.9,+70.3,+17.1,+17.3,+17.8,+18.0,+18.5,+18.7,+18.7
2022-12-09 19:57,3,+57.2,+52.4,+69.1,+70.9,+70.0,+70.3,+17.0,+17.3,+17.8,+18.0,+18.2,+19.0,+18.7
2022-12-09 20:57,3,+57.1,+52.3,+69.1,+70.9,+69.9,+70.0,+17.0,+17.3,+17.8,+18.0,+18.5,+18.7,+18.7
2022-12-09 21:57,3,+57.0,+52.2,+69.0,+70.9,+69.9,+70.0,+16.8,+17.3,+17.8,+18.0,+18.5,+18.7,+18.7
2022-12-09 22:57,3,+57.0,+52.1,+69.0,+70.9,+69.9,+70.0,+16.8,+17.3,+17.8,+18.0,+18.5,+18.7,+18.7
2022-12-09 23:57,3,+56.9,+52.0,+69.0,+70.9,+69.9,+70.0,+16.7,+17.2,+17.8,+18.0,+18.2,+19.0,+18.7
2022-12-10 00:57,3,+56.9,+51.9,+69.0,+70.9,+69.9,+70.0,+16.7,+17.3,+17.8,+18.0,+18.5,+18.7,+18.7
2022-12-10 01:57,3,+56.8,+51.8,+69.0,+70.9,+69.9,+70.0,+16.6,+17.2,+17.8,+18.0,+18.2,+18.7,+18.7
2022-12-10 02:57,3,+56.8,+51.7,+69.0,+70.9,+69.9,+70.0,+16.6,+17.2,+17.8,+18.0,+18.2,+18.7,+18.7
2022-12-10 03:57,3,+56.7,+51.6,+69.0,+70.9,+69.9,+70.0,+16.6,+17.2,+17.8,+18.0,+18.2,+18.7,+18.7
2022-12-10 04:57,3,+56.7,+51.5,+69.0,+70.8,+69.9,+70.0,+16.6,+17.1,+17.8,+18.0,+18.2,+18.7,+18.7
2022-12-10 05:57,3,+56.6,+51.4,+69.0,+70.8,+69.9,+70.0,+16.5,+17.1,+17.8,+18.0,+18.2,+18.7,+18.7
2022-12-10 06:57,3,+56.6,+51.3,+69.0,+70.8,+70.0,+70.0,+16.5,+17.1,+17.8,+18.0,+18.2,+18.7,+18.7
2022-12-10 07:57,3,+56.6,+51.2,+69.0,+70.8,+70.0,+70.3,+16.5,+17.1,+17.8,+18.0,+18.5,+18.7,+18.7
2022-12-10 08:57,3,+56.5,+51.1,+69.0,+70.8,+70.0,+70.3,+16.6,+17.1,+17.8,+18.0,+18.5,+18.7,+18.7
2022-12-10 09:57,3,+56.5,+51.0,+69.0,+70.8,+70.0,+70.3,+16.6,+17.1,+17.8,+18.0,+18.2,+18.7,+18.7
2022-12-10 10:57,3,+56.4,+51.0,+69.0,+70.8,+70.0,+70.3,+16.7,+17.1,+17.7,+18.0,+18.2,+19.0,+18.7
2022-12-10 11:57,3,+56.4,+50.9,+69.0,+70.8,+70.0,+70.4,+17.0,+17.1,+17.8,+18.0,+18.2,+18.7,+18.7
2022-12-10 12:57,3,+56.4,+50.8,+69.0,+70.8,+70.0,+70.4,+17.1,+17.1,+17.7,+18.0,+18.2,+18.7,+18.7
2022-12-10 13:57,3,+56.3,+50.7,+68.9,+70.8,+70.0,+70.4,+17.2,+17.2,+17.8,+18.0,+18.2,+18.7,+18.6
2022-12-10 14:57,3,+56.3,+50.6,+68.9,+70.8,+70.0,+70.3,+17.2,+17.2,+17.7,+18.0,+18.5,+18.7,+18.6
2022-12-10 15:57,3,+56.2,+50.6,+68.9,+70.8,+70.0,+70.3,+17.2,+17.2,+17.7,+18.0,+18.2,+18.7,+18.7
2022-12-10 16:57,3,+56.2,+50.5,+68.9,+70.8,+70.0,+70.3,+17.2,+17.2,+17.7,+18.0,+18.2,+18.7,+18.7
2022-12-10 17:57,3,+56.1,+50.4,+68.9,+70.8,+70.0,+70.3,+17.1,+17.3,+17.7,+18.0,+18.2,+18.7,+18.6
2022-12-10 18:57,3,+56.0,+50.4,+68.9,+70.8,+70.0,+70.0,+17.0,+17.2,+17.7,+18.0,+18.2,+18.7,+18.7
2022-12-10 19:57,3,+56.0,+50.3,+68.9,+70.8,+69.9,+70.0,+16.8,+17.2,+17.8,+18.0,+18.5,+18.7,+18.7
2022-12-10 20:57,3,+55.9,+50.3,+68.8,+70.8,+70.0,+70.0,+16.8,+17.3,+17.7,+18.0,+18.5,+18.7,+18.7
2022-12-10 21:57,3,+55.9,+50.2,+68.8,+70.8,+70.0,+70.0,+16.7,+17.2,+17.7,+18.0,+18.2,+18.7,+18.7
2022-12-10 22:57,3,+55.8,+50.2,+68.8,+70.8,+70.0,+70.0,+16.7,+17.3,+17.8,+18.0,+18.2,+18.7,+18.7
2022-12-10 23:57,3,+55.8,+50.1,+68.8,+70.8,+70.0,+70.0,+16.7,+17.2,+17.8,+18.0,+18.2,+18.7,+18.6
2022-12-11 00:57,3,+55.7,+50.1,+68.8,+70.8,+70.0,+70.0,+16.6,+17.2,+17.8,+18.0,+18.2,+18.7,+18.7
2022-12-11 01:57,3,+55.7,+50.0,+68.8,+70.8,+70.0,+70.0,+16.6,+17.2,+17.8,+18.0,+18.2,+18.7,+18.7
2022-12-11 02:57,3,+55.7,+50.0,+68.8,+70.8,+69.9,+70.0,+16.6,+17.2,+17.8,+18.0,+18.2,+18.7,+18.7
2022-12-11 03:57,3,+55.6,+50.0,+68.8,+70.8,+69.9,+70.0,+16.6,+17.1,+17.8,+18.0,+18.2,+18.7,+18.7
2022-12-11 04:57,3,+55.6,+49.9,+68.6,+70.8,+69.9,+70.0,+16.5,+17.1,+17.8,+18.0,+18.2,+18.7,+18.6
2022-12-11 05:57,3,+55.5,+49.9,+68.6,+70.8,+69.9,+70.0,+16.5,+17.1,+17.7,+18.0,+18.2,+18.7,+18.7
2022-12-11 06:57,3,+55.5,+49.8,+68.6,+70.8,+70.0,+70.0,+16.5,+17.1,+17.7,+18.0,+18.2,+18.7,+18.6
2022-12-11 07:57,3,+55.5,+49.8,+68.6,+70.8,+70.0,+70.3,+16.5,+17.1,+17.8,+18.0,+18.2,+18.7,+18.6
2022-12-11 08:57,3,+55.4,+49.7,+68.6,+70.8,+70.0,+70.3,+16.5,+17.1,+17.7,+18.0,+18.2,+18.7,+18.6
2022-12-11 09:57,3,+55.4,+49.7,+68.5,+70.8,+70.0,+70.3,+16.6,+17.1,+17.7,+18.0,+18.2,+18.7,+18.6
2022-12-11 10:57,3,+55.3,+49.6,+68.5,+70.8,+70.0,+70.4,+16.7,+17.1,+17.7,+18.0,+18.2,+18.7,+18.7
2022-12-11 11:57,3,+55.3,+49.5,+68.5,+70.8,+70.0,+70.4,+16.8,+17.1,+17.7,+18.0,+18.2,+18.7,+18.6
2022-12-11 12:57,3,+55.3,+49.5,+68.5,+70.8,+70.0,+70.4,+17.1,+17.1,+17.7,+18.0,+18.2,+18.7,+18.7
2022-12-11 13:57,3,+55.2,+49.4,+68.5,+70.6,+70.0,+70.4,+17.2,+17.1,+17.7,+18.0,+18.2,+18.7,+18.6
2022-12-11 14:57,3,+55.2,+49.4,+68.5,+70.6,+70.0,+70.3,+17.2,+17.2,+17.7,+18.0,+18.2,+18.7,+18.7
2022-12-11 15:57,3,+55.1,+49.3,+68.5,+70.6,+70.0,+70.3,+17.2,+17.2,+17.7,+18.0,+18.2,+18.7,+18.7
2022-12-11 16:57,3,+55.1,+49.2,+68.5,+70.6,+70.0,+70.3,+17.2,+17.2,+17.7,+18.0,+18.2,+18.7,+18.6
2022-12-11 17:57,3,+55.0,+49.2,+68.5,+70.6,+70.0,+70.3,+17.2,+17.2,+17.7,+18.0,+18.2,+18.7,+18.7
2022-12-11 18:57,3,+55.0,+49.2,+68.5,+70.6,+69.9,+70.0,+17.1,+17.2,+17.7,+18.0,+18.2,+18.7,+18.7
2022-12-11 19:57,3,+54.9,+49.1,+68.5,+70.6,+69.9,+70.0,+17.0,+17.3,+17.7,+18.0,+18.2,+18.7,+18.7
2022-12-11 20:57,3,+54.9,+49.1,+68.4,+70.6,+69.9,+70.0,+16.8,+17.3,+17.7,+18.0,+18.2,+18.7,+18.7
2022-12-11 21:57,3,+54.8,+49.0,+68.4,+70.6,+70.0,+70.0,+16.7,+17.2,+17.7,+18.0,+18.2,+18.7,+18.7
2022-12-11 22:57,3,+54.8,+49.0,+68.4,+70.6,+69.9,+70.0,+16.7,+17.2,+17.7,+17.8,+18.2,+18.7,+18.7
2022-12-11 23:57,3,+54.7,+48.9,+68.4,+70.6,+69.9,+70.0,+16.6,+17.2,+17.7,+18.0,+18.2,+18.7,+18.6
2022-12-12 00:57,3,+54.7,+48.9,+68.4,+70.6,+69.9,+70.0,+16.6,+17.2,+17.7,+18.0,+18.2,+18.7,+18.6
2022-12-12 01:57,3,+54.6,+48.8,+68.3,+70.6,+69.9,+70.0,+16.5,+17.1,+17.7,+17.8,+18.2,+18.7,+18.7
2022-12-12 02:57,3,+54.6,+48.7,+68.3,+70.6,+69.9,+70.0,+16.3,+17.1,+17.8,+17.8,+18.2,+18.7,+18.7
2022-12-12 03:57,3,+54.5,+48.6,+68.3,+70.5,+69.9,+70.0,+16.3,+17.1,+17.7,+18.0,+18.2,+18.7,+18.6
2022-12-12 04:57,3,+54.5,+48.5,+68.3,+70.5,+69.9,+70.0,+16.3,+17.1,+17.7,+18.0,+18.2,+18.7,+18.7
2022-12-12 05:57,3,+54.4,+48.5,+68.3,+70.5,+69.9,+70.0,+16.2,+17.1,+17.7,+18.0,+18.2,+18.7,+18.7
2022-12-12 06:57,3,+54.4,+48.4,+68.1,+70.5,+70.0,+70.0,+16.2,+17.0,+17.8,+18.0,+18.2,+18.7,+18.6
2022-12-12 07:57,3,+54.3,+48.4,+68.1,+70.5,+70.0,+70.3,+16.2,+17.0,+17.7,+18.0,+18.2,+18.7,+18.6
2022-12-12 08:57,3,+54.3,+48.3,+68.1,+70.5,+70.0,+70.3,+16.3,+17.0,+17.7,+17.8,+18.2,+18.7,+18.6
2022-12-12 09:57,3,+54.2,+48.3,+68.1,+70.5,+70.0,+70.3,+16.5,+17.0,+17.7,+18.0,+18.2,+18.7,+18.7
2022-12-12 10:57,3,+54.2,+48.2,+68.1,+70.5,+70.0,+70.4,+16.6,+17.0,+17.7,+17.8,+18.2,+18.7,+18.6
2022-12-12 11:57,3,+54.1,+48.1,+68.0,+70.5,+70.0,+70.4,+16.8,+17.0,+17.7,+17.8,+18.2,+18.7,+18.6
2022-12-12 12:57,3,+54.1,+48.1,+68.0,+70.5,+70.0,+70.4,+17.1,+17.0,+17.7,+18.0,+18.2,+18.7,+18.6
2022-12-12 13:57,3,+54.1,+48.0,+68.0,+70.5,+70.0,+70.4,+17.1,+17.0,+17.7,+17.8,+18.2,+18.7,+18.6
2022-12-12 14:57,3,+54.1,+48.0,+68.0,+70.5,+70.0,+70.4,+17.2,+17.1,+17.7,+17.8,+18.2,+18.7,+18.6
2022-12-12 15:57,3,+54.1,+47.9,+68.0,+70.5,+70.0,+70.3,+17.2,+17.1,+17.7,+17.8,+18.2,+18.7,+18.7
2022-12-12 16:57,3,+54.0,+47.9,+68.0,+70.5,+70.0,+70.3,+17.2,+17.2,+17.7,+17.8,+18.2,+18.7,+18.7
2022-12-12 17:57,3,+54.0,+47.8,+68.0,+70.5,+70.0,+70.3,+17.2,+17.1,+17.7,+17.8,+18.2,+18.7,+18.6
2022-12-12 18:57,3,+53.9,+47.8,+68.0,+70.5,+70.0,+70.3,+17.2,+17.2,+17.7,+17.8,+18.2,+18.7,+18.6
2022-12-12 19:57,3,+53.9,+47.7,+68.0,+70.5,+70.0,+70.3,+17.1,+17.2,+17.6,+17.8,+18.2,+18.7,+18.6
2022-12-12 20:57,3,+53.8,+47.7,+67.9,+70.5,+70.0,+70.3,+17.1,+17.2,+17.7,+17.8,+18.2,+18.7,+18.6
2022-12-12 21:57,3,+53.8,+47.6,+67.9,+70.5,+70.0,+70.0,+17.1,+17.2,+17.7,+17.8,+18.2,+18.7,+18.6
2022-12-12 22:57,3,+53.8,+47.6,+67.9,+70.5,+70.0,+70.0,+17.0,+17.2,+17.7,+17.8,+18.2,+18.7,+18.6
2022-12-12 23:57,3,+53.7,+47.5,+67.9,+70.5,+70.0,+70.0,+16.8,+17.2,+17.7,+17.8,+18.2,+18.7,+18.6
2022-12-13 00:57,3,+53.7,+47.5,+67.9,+70.5,+70.0,+70.0,+16.8,+17.2,+17.7,+17.8,+18.2,+18.7,+18.6
2022-12-13 01:57,3,+53.6,+47.4,+67.8,+70.5,+70.0,+70.0,+16.7,+17.2,+17.7,+17.8,+18.2,+18.7,+18.6
2022-12-13 02:57,3,+53.6,+47.4,+67.8,+70.5,+70.0,+70.0,+16.7,+17.2,+17.7,+17.8,+18.2,+18.7,+18.6
2022-12-13 03:57,3,+53.5,+47.3,+67.8,+70.5,+70.0,+70.0,+16.6,+17.2,+17.7,+17.8,+18.2,+18.7,+18.6
2022-12-13 04:57,3,+53.5,+47.3,+67.6,+70.5,+70.0,+70.0,+16.6,+17.1,+17.7,+17.8,+18.2,+18.7,+18.6
2022-12-13 05:57,3,+53.4,+47.2,+67.6,+70.5,+70.0,+70.0,+16.6,+17.2,+17.8,+17.8,+18.2,+18.7,+18.6
2022-12-13 06:57,3,+53.4,+47.2,+67.6,+70.5,+70.0,+70.0,+16.6,+17.1,+17.7,+17.8,+18.2,+18.7,+18.6
2022-12-13 07:57,3,+53.3,+47.1,+67.6,+70.5,+70.0,+70.3,+16.5,+17.1,+17.7,+17.8,+18.2,+18.7,+18.6
2022-12-13 08:57,3,+53.3,+47.1,+67.5,+70.5,+70.0,+70.3,+16.6,+17.1,+17.7,+17.8,+18.2,+18.7,+18.6
2022-12-13 09:57,3,+53.2,+47.0,+67.5,+70.5,+70.0,+70.3,+16.6,+17.1,+17.7,+17.8,+18.2,+18.7,+18.6
2022-12-13 10:57,3,+53.2,+46.9,+67.5,+70.5,+70.0,+70.4,+16.6,+17.1,+17.7,+18.0,+18.2,+18.7,+18.6
2022-12-13 11:57,3,+53.1,+46.9,+67.5,+70.4,+70.0,+70.4,+16.7,+17.1,+17.7,+17.8,+18.2,+18.7,+18.6
2022-12-13 12:57,3,+53.1,+46.8,+67.5,+70.4,+70.0,+70.4,+17.0,+17.1,+17.7,+17.8,+18.2,+18.7,+18.6
2022-12-13 13:57,3,+53.0,+46.8,+67.5,+70.4,+70.0,+70.4,+17.0,+17.1,+17.7,+17.8,+18.2,+18.7,+18.7
2022-12-13 14:57,3,+52.9,+46.7,+67.5,+70.4,+70.0,+70.4,+17.1,+17.1,+17.7,+18.0,+18.2,+18.7,+18.6
2022-12-13 15:57,3,+52.9,+46.6,+67.4,+70.4,+70.0,+70.3,+17.1,+17.2,+17.7,+17.8,+18.2,+18.7,+18.6
2022-12-13 16:57,3,+52.8,+46.6,+67.4,+70.4,+70.0,+70.3,+17.1,+17.2,+17.7,+17.8,+18.2,+18.7,+18.6
2022-12-13 17:57,3,+52.8,+46.6,+67.4,+70.4,+70.0,+70.3,+17.0,+17.2,+17.6,+17.8,+18.2,+18.7,+18.6
2022-12-13 18:57,3,+52.7,+46.5,+67.4,+70.4,+70.0,+70.3,+17.0,+17.1,+17.6,+17.8,+18.2,+18.7,+18.6
2022-12-13 19:57,3,+52.7,+46.5,+67.3,+70.4,+70.0,+70.0,+16.8,+17.1,+17.7,+17.8,+18.2,+18.7,+18.6
2022-12-13 20:57,3,+52.6,+46.4,+67.3,+70.4,+70.0,+70.0,+16.8,+17.2,+17.7,+17.8,+18.2,+18.7,+18.6
2022-12-13 21:57,3,+52.6,+46.4,+67.3,+70.3,+70.0,+70.0,+16.7,+17.2,+17.7,+17.8,+18.2,+18.7,+18.6
2022-12-13 22:57,3,+52.5,+46.4,+67.1,+70.3,+70.0,+70.0,+16.7,+17.2,+17.7,+17.8,+18.2,+18.7,+18.6
2022-12-13 23:57,3,+52.5,+46.3,+67.1,+70.3,+70.0,+70.0,+16.6,+17.1,+17.7,+17.8,+18.2,+18.7,+18.6
2022-12-14 00:57,3,+52.4,+46.3,+67.1,+70.3,+70.0,+70.0,+16.6,+17.1,+17.7,+17.8,+18.2,+18.7,+18.6
2022-12-14 01:57,3,+52.4,+46.3,+67.1,+70.3,+69.9,+70.0,+16.5,+17.1,+17.7,+17.8,+18.2,+18.7,+18.6
2022-12-14 02:57,3,+52.3,+46.3,+67.0,+70.3,+69.9,+70.0,+16.3,+17.1,+17.7,+17.8,+18.2,+18.7,+18.6
2022-12-14 03:57,3,+52.3,+46.2,+67.0,+70.3,+69.9,+70.0,+16.3,+17.1,+17.7,+17.8,+18.2,+18.7,+18.6
2022-12-14 04:57,3,+52.2,+46.2,+67.0,+70.3,+69.9,+70.0,+16.2,+17.0,+17.7,+17.8,+18.2,+18.7,+18.6
2022-12-14 05:57,3,+52.2,+46.1,+66.9,+70.3,+69.9,+70.0,+16.1,+17.0,+17.7,+17.8,+18.2,+18.7,+18.6
2022-12-14 06:57,3,+52.2,+46.1,+66.8,+70.3,+70.0,+70.0,+16.1,+17.0,+17.7,+17.8,+18.2,+18.7,+18.6
2022-12-14 07:57,3,+52.1,+46.1,+66.8,+70.3,+70.0,+70.3,+16.1,+17.0,+17.7,+17.8,+18.2,+18.7,+18.6
2022-12-14 08:57,3,+52.1,+46.1,+66.6,+70.3,+70.0,+70.3,+16.1,+16.8,+17.6,+17.8,+18.2,+18.7,+18.6
2022-12-14 09:57,3,+52.1,+46.0,+66.6,+70.3,+70.0,+70.4,+16.3,+16.8,+17.6,+17.8,+18.2,+18.7,+18.6
2022-12-14 10:57,3,+52.0,+46.0,+66.6,+70.3,+70.0,+70.4,+16.5,+16.8,+17.6,+17.8,+18.2,+18.7,+18.6
2022-12-14 11:57,3,+52.1,+48.3,+66.6,+70.3,+70.0,+70.4,+16.7,+16.8,+17.6,+17.8,+18.2,+18.7,+18.6
2022-12-14 12:57,3,+52.0,+48.1,+66.5,+70.3,+70.0,+70.4,+16.7,+17.0,+17.6,+17.8,+18.2,+18.7,+18.6
2022-12-14 13:57,3,+52.0,+48.2,+66.5,+70.3,+70.0,+70.3,+16.8,+17.0,+17.6,+17.8,+18.2,+18.7,+18.6
2022-12-14 14:57,3,+51.9,+48.0,+66.5,+70.3,+70.0,+70.4,+17.0,+17.0,+17.6,+17.8,+18.2,+18.7,+18.6
2022-12-14 15:57,3,+51.9,+47.9,+66.5,+70.3,+70.0,+70.3,+17.0,+17.0,+17.6,+17.8,+18.2,+18.7,+18.6
2022-12-14 16:57,3,+51.9,+47.8,+66.5,+70.1,+70.0,+70.3,+17.0,+17.1,+17.6,+17.7,+18.2,+18.7,+18.6
2022-12-14 17:57,3,+51.8,+47.7,+66.5,+70.1,+70.0,+70.3,+17.0,+17.1,+17.6,+17.8,+18.2,+18.7,+18.6
2022-12-14 18:57,3,+51.8,+47.6,+66.3,+70.1,+70.0,+70.3,+17.0,+17.1,+17.6,+17.8,+18.2,+18.7,+18.6
2022-12-14 19:57,3,+51.7,+47.6,+66.0,+70.1,+70.0,+70.3,+17.1,+17.1,+17.6,+17.8,+18.2,+18.7,+18.6
2022-12-14 20:57,3,+51.7,+47.7,+66.0,+70.1,+70.0,+70.3,+17.0,+17.1,+17.6,+17.8,+18.2,+18.7,+18.6
2022-12-14 21:57,3,+51.7,+47.7,+66.0,+70.1,+70.0,+70.3,+17.0,+17.2,+17.6,+17.8,+18.2,+18.7,+18.6
2022-12-14 22:57,3,+51.6,+47.7,+65.9,+70.1,+70.0,+70.3,+17.0,+17.1,+17.6,+17.8,+18.2,+18.7,+18.6
2022-12-14 23:57,3,+51.6,+47.6,+65.8,+70.1,+70.0,+70.3,+17.0,+17.2,+17.6,+17.8,+18.2,+18.7,+18.6
2022-12-15 00:57,3,+51.6,+47.6,+65.8,+70.1,+70.0,+70.3,+17.0,+17.2,+17.6,+17.7,+18.2,+18.7,+18.6
2022-12-15 01:57,3,+51.6,+47.6,+65.6,+70.1,+70.0,+70.0,+16.8,+17.2,+17.7,+17.8,+18.2,+18.7,+18.6
2022-12-15 02:57,3,+51.5,+47.7,+65.6,+70.1,+70.0,+70.0,+16.8,+17.1,+17.6,+17.8,+18.2,+18.7,+18.6
2022-12-15 03:57,3,+51.5,+47.6,+65.5,+70.1,+70.0,+70.0,+16.8,+17.2,+17.6,+17.8,+18.2,+18.7,+18.5
2022-12-15 04:57,3,+51.5,+47.6,+65.5,+70.1,+70.0,+70.0,+16.7,+17.2,+17.7,+17.8,+18.2,+18.7,+18.6
2022-12-15 05:57,3,+51.4,+47.1,+65.4,+70.1,+70.0,+70.3,+16.7,+17.1,+17.7,+17.8,+18.2,+18.7,+18.6
2022-12-15 06:57,3,+51.4,+47.3,+65.4,+70.1,+70.0,+70.3,+16.7,+17.1,+17.7,+17.8,+18.2,+18.7,+18.6
2022-12-15 07:57,3,+51.3,+47.0,+65.3,+70.1,+70.0,+70.3,+16.7,+17.1,+17.7,+17.7,+18.2,+18.7,+18.6
2022-12-15 08:57,3,+51.3,+46.7,+65.1,+70.1,+70.0,+70.3,+16.8,+17.1,+17.7,+17.8,+18.2,+18.7,+18.6
2022-12-15 09:57,3,+51.3,+46.5,+65.1,+70.1,+70.0,+70.3,+17.0,+17.1,+17.7,+17.8,+18.2,+18.7,+18.6
2022-12-15 10:57,3,+51.2,+46.5,+65.0,+70.1,+70.0,+70.4,+17.0,+17.1,+17.7,+17.8,+18.2,+18.7,+18.6
2022-12-15 11:57,3,+51.2,+46.4,+65.0,+70.0,+70.0,+70.4,+17.1,+17.1,+17.7,+17.8,+18.2,+18.7,+18.6
2022-12-15 12:57,3,+51.1,+46.4,+64.9,+70.0,+70.0,+70.4,+17.3,+17.2,+17.6,+17.8,+18.2,+18.7,+18.6
2022-12-15 13:57,3,+51.1,+46.4,+64.8,+70.0,+70.0,+70.4,+17.5,+17.2,+17.7,+17.8,+18.2,+18.7,+18.5
2022-12-15 14:57,3,+51.0,+46.4,+64.6,+70.5,+70.0,+70.4,+17.5,+17.2,+17.7,+17.7,+18.2,+18.7,+18.6
2022-12-15 15:57,3,+51.0,+46.3,+64.5,+70.4,+70.0,+70.4,+17.6,+17.3,+17.6,+17.8,+18.2,+18.6,+18.6
2022-12-15 16:57,3,+50.9,+46.3,+64.5,+70.4,+70.0,+70.3,+17.6,+17.3,+17.7,+17.8,+18.2,+18.7,+18.6
2022-12-15 17:57,3,+50.9,+46.4,+64.5,+70.4,+70.0,+70.3,+17.6,+17.3,+17.7,+17.8,+18.2,+18.7,+18.5
2022-12-15 18:57,3,+50.9,+46.3,+64.4,+70.4,+70.0,+70.3,+17.5,+17.3,+17.7,+17.8,+18.2,+18.7,+18.6
2022-12-15 19:57,3,+50.8,+46.4,+64.4,+70.4,+70.0,+70.3,+17.6,+17.5,+17.7,+17.8,+18.2,+18.7,+18.5
2022-12-15 20:57,3,+50.8,+46.3,+64.3,+70.4,+70.0,+70.3,+17.5,+17.5,+17.7,+17.8,+18.2,+18.7,+18.5
2022-12-15 21:57,3,+50.8,+46.3,+64.1,+70.4,+70.0,+70.3,+17.5,+17.5,+17.7,+17.8,+18.2,+18.7,+18.6
2022-12-15 22:57,3,+50.7,+46.3,+64.1,+70.4,+70.0,+70.3,+17.5,+17.5,+17.7,+17.8,+18.2,+18.7,+18.6
2022-12-15 23:57,3,+50.7,+46.3,+64.0,+70.3,+70.0,+70.3,+17.3,+17.5,+17.7,+17.8,+18.2,+18.6,+18.6
2022-12-16 00:57,3,+50.7,+46.3,+64.0,+70.3,+70.0,+70.3,+17.5,+17.5,+17.8,+17.8,+18.2,+18.7,+18.6
2022-12-16 01:57,3,+50.6,+46.2,+64.0,+70.3,+70.0,+70.3,+17.5,+17.5,+17.7,+17.8,+18.2,+18.6,+18.5
2022-12-16 02:57,3,+50.6,+46.2,+63.9,+70.3,+70.0,+70.3,+17.3,+17.5,+17.8,+17.8,+18.2,+18.7,+18.6
2022-12-16 03:57,3,+50.6,+46.2,+63.7,+70.3,+70.0,+70.3,+17.3,+17.5,+17.8,+17.8,+18.2,+18.6,+18.5
2022-12-16 04:57,3,+50.6,+46.2,+63.7,+70.3,+70.0,+70.3,+17.3,+17.5,+17.8,+17.8,+18.2,+18.6,+18.6
2022-12-16 05:57,3,+50.5,+46.2,+63.7,+70.3,+70.0,+70.3,+17.3,+17.5,+17.8,+17.8,+18.2,+18.7,+18.5
2022-12-16 06:57,3,+50.5,+46.1,+63.5,+70.3,+70.0,+70.3,+17.3,+17.5,+17.8,+17.8,+18.2,+18.7,+18.5
2022-12-16 07:57,3,+50.5,+46.1,+63.5,+70.3,+70.0,+70.3,+17.3,+17.5,+17.8,+17.8,+18.2,+18.7,+18.5
2022-12-16 08:57,3,+50.4,+46.1,+63.5,+70.3,+70.0,+70.3,+17.3,+17.5,+17.8,+17.8,+18.2,+18.7,+18.6
2022-12-16 09:57,3,+50.4,+46.1,+63.4,+70.5,+70.0,+70.3,+17.3,+17.6,+17.8,+17.8,+18.2,+18.7,+18.6
2022-12-16 10:57,3,+50.4,+46.1,+63.2,+70.4,+70.0,+70.3,+17.5,+17.5,+17.8,+17.8,+18.2,+18.7,+18.6
2022-12-16 11:57,3,+50.3,+46.0,+63.2,+70.4,+70.0,+70.3,+17.5,+17.5,+17.8,+17.8,+18.2,+18.6,+18.6
2022-12-16 12:57,3,+50.3,+46.0,+63.0,+70.4,+70.0,+70.4,+17.6,+17.5,+17.8,+17.8,+18.2,+18.6,+18.5
2022-12-16 13:57,3,+50.3,+46.0,+63.0,+70.4,+70.0,+70.4,+17.7,+17.5,+17.8,+18.0,+18.2,+18.6,+18.5
2022-12-16 14:57,3,+50.2,+45.9,+63.0,+70.4,+70.0,+70.4,+17.7,+17.5,+18.0,+18.0,+18.2,+18.7,+18.6
2022-12-16 15:57,3,+50.1,+45.9,+62.9,+70.4,+70.0,+70.4,+17.7,+17.6,+17.8,+17.8,+18.2,+18.7,+18.6
2022-12-16 16:57,3,+50.1,+45.9,+62.9,+70.4,+70.0,+70.3,+17.8,+17.6,+17.8,+17.8,+18.2,+18.7,+18.5
2022-12-16 17:57,3,+50.1,+45.9,+62.7,+70.4,+70.0,+70.3,+17.7,+17.7,+17.8,+18.0,+18.2,+18.6,+18.5
2022-12-16 18:57,3,+50.0,+45.9,+62.7,+70.4,+70.0,+70.3,+17.7,+17.6,+17.8,+17.8,+18.2,+18.6,+18.5
2022-12-16 19:57,3,+50.0,+45.9,+62.7,+70.4,+70.0,+70.3,+17.7,+17.6,+18.0,+18.0,+18.2,+18.6,+18.5
2022-12-16 20:57,3,+50.0,+45.8,+62.5,+70.4,+70.0,+70.3,+17.7,+17.7,+18.0,+18.0,+18.2,+18.7,+18.6
2022-12-16 21:57,3,+50.0,+45.8,+62.5,+70.4,+70.0,+70.3,+17.6,+17.7,+18.0,+17.8,+18.2,+18.6,+18.5
2022-12-16 22:57,3,+50.0,+45.8,+62.5,+70.4,+70.0,+70.3,+17.6,+17.6,+18.0,+18.0,+18.2,+18.7,+18.5
2022-12-16 23:57,3,+50.0,+45.8,+62.5,+70.4,+70.0,+70.3,+17.6,+17.6,+18.0,+18.0,+18.2,+18.6,+18.5
2022-12-17 00:57,3,+49.9,+45.8,+62.4,+70.4,+70.0,+70.3,+17.6,+17.7,+18.0,+18.0,+18.2,+18.7,+18.5
2022-12-17 01:57,3,+49.8,+45.8,+62.2,+70.4,+70.0,+70.3,+17.5,+17.6,+18.0,+18.0,+18.2,+18.7,+18.6
2022-12-17 02:57,3,+49.8,+45.8,+62.2,+70.4,+70.0,+70.3,+17.5,+17.6,+18.0,+18.0,+18.2,+18.7,+18.5
2022-12-17 03:57,3,+49.7,+45.8,+62.2,+70.4,+70.0,+70.3,+17.5,+17.6,+18.0,+18.0,+18.2,+18.6,+18.6
2022-12-17 04:57,3,+49.7,+45.8,+62.0,+70.4,+70.0,+70.3,+17.5,+17.6,+18.0,+18.0,+18.2,+18.7,+18.5
2022-12-17 05:57,3,+49.7,+45.8,+62.0,+70.4,+70.0,+70.3,+17.5,+17.6,+18.0,+18.0,+18.2,+18.6,+18.5
2022-12-17 06:57,3,+49.6,+45.7,+62.0,+70.4,+70.0,+70.3,+17.5,+17.6,+18.0,+18.0,+18.2,+18.7,+18.6
2022-12-17 07:57,3,+49.6,+45.7,+61.9,+70.4,+70.0,+70.3,+17.5,+17.6,+18.0,+18.0,+18.2,+18.7,+18.5
2022-12-17 08:57,3,+49.6,+45.7,+61.7,+70.4,+70.0,+70.3,+17.5,+17.6,+18.0,+18.0,+18.2,+18.7,+18.5
2022-12-17 09:57,3,+49.5,+45.7,+61.7,+70.4,+70.0,+70.3,+17.5,+17.6,+18.1,+18.0,+18.2,+18.7,+18.5
2022-12-17 10:57,3,+49.5,+45.7,+61.7,+70.4,+70.0,+70.3,+17.6,+17.6,+18.1,+18.0,+18.2,+18.7,+18.5
2022-12-17 11:57,3,+49.4,+45.6,+61.5,+70.4,+70.0,+70.4,+17.7,+17.6,+18.0,+18.0,+18.2,+18.7,+18.5
2022-12-17 12:57,3,+49.4,+45.6,+61.5,+70.4,+70.0,+70.4,+17.8,+17.6,+18.0,+18.0,+18.2,+18.6,+18.5
2022-12-17 13:57,3,+49.3,+45.6,+61.4,+70.4,+70.0,+70.4,+18.0,+17.7,+18.0,+18.0,+18.2,+18.7,+18.5
2022-12-17 14:57,3,+49.3,+45.6,+61.4,+70.4,+70.0,+70.4,+18.1,+17.7,+18.0,+18.0,+18.2,+18.7,+18.5
2022-12-17 15:57,3,+49.2,+45.5,+61.2,+70.3,+70.0,+70.3,+18.0,+17.7,+18.0,+18.0,+18.2,+18.7,+18.5
2022-12-17 16:57,3,+49.2,+45.5,+61.2,+70.3,+70.0,+70.3,+18.0,+17.8,+18.1,+18.0,+18.2,+18.7,+18.5
2022-12-17 17:57,3,+49.1,+45.5,+61.2,+70.3,+70.0,+70.3,+18.0,+17.8,+18.0,+18.1,+18.2,+18.7,+18.5
2022-12-17 18:57,3,+49.1,+45.5,+61.0,+70.3,+70.0,+70.3,+17.8,+17.8,+18.1,+18.0,+18.2,+18.7,+18.6
2022-12-17 19:57,3,+49.1,+45.5,+61.0,+70.3,+70.0,+70.3,+17.8,+17.8,+18.1,+18.0,+18.2,+18.7,+18.6
2022-12-17 20:57,3,+49.0,+45.5,+61.0,+70.3,+70.0,+70.3,+17.7,+17.8,+18.1,+18.0,+18.2,+18.7,+18.5
2022-12-17 21:57,3,+49.0,+45.4,+60.9,+70.3,+70.0,+70.3,+17.7,+17.8,+18.1,+18.0,+18.2,+18.7,+18.6
2022-12-17 22:57,3,+48.9,+45.4,+60.7,+70.3,+70.0,+70.3,+17.7,+17.8,+18.1,+18.1,+18.2,+18.7,+18.5
2022-12-17 23:57,3,+48.9,+45.4,+60.7,+70.3,+70.0,+70.3,+17.7,+17.8,+18.1,+18.1,+18.2,+18.7,+18.5
2022-12-18 00:57,3,+48.9,+45.4,+60.7,+70.3,+70.0,+70.3,+17.6,+17.8,+18.1,+18.0,+18.2,+18.7,+18.5
2022-12-18 01:57,3,+48.8,+45.4,+60.7,+70.3,+70.0,+70.3,+17.6,+17.8,+18.1,+18.0,+18.2,+18.7,+18.5
2022-12-18 02:57,3,+48.8,+45.4,+60.5,+70.3,+70.0,+70.3,+17.6,+17.8,+18.1,+18.1,+18.2,+18.7,+18.5
2022-12-18 03:57,3,+48.8,+45.3,+60.5,+70.3,+70.0,+70.3,+17.6,+17.8,+18.1,+18.1,+18.2,+18.7,+18.5
2022-12-18 04:57,3,+48.7,+45.3,+60.5,+70.3,+70.0,+70.3,+17.5,+17.8,+18.1,+18.0,+18.2,+18.7,+18.6
2022-12-18 05:57,3,+48.7,+45.3,+60.5,+70.3,+70.0,+70.0,+17.5,+17.7,+18.1,+18.1,+18.2,+18.7,+18.5
2022-12-18 06:57,3,+48.7,+45.3,+60.5,+70.4,+70.0,+70.0,+17.5,+17.7,+18.1,+18.1,+18.2,+18.7,+18.5
2022-12-18 07:57,3,+48.6,+45.3,+60.5,+70.3,+70.0,+70.0,+17.3,+17.7,+18.2,+18.1,+18.2,+18.7,+18.6
2022-12-18 08:57,3,+48.6,+45.2,+60.4,+70.4,+70.0,+70.0,+17.3,+17.7,+18.1,+18.1,+18.2,+18.7,+18.6
2022-12-18 09:57,3,+48.6,+45.2,+60.2,+70.4,+70.0,+70.0,+17.3,+17.7,+18.1,+18.1,+18.2,+18.7,+18.5
2022-12-18 10:57,3,+48.5,+45.2,+60.2,+70.4,+70.0,+70.3,+17.3,+17.7,+18.1,+18.1,+18.2,+18.7,+18.6
2022-12-18 11:57,3,+48.5,+45.2,+60.2,+70.4,+70.0,+70.3,+17.3,+17.6,+18.1,+18.1,+18.2,+18.7,+18.6
2022-12-18 12:57,3,+48.4,+45.1,+60.2,+70.4,+70.0,+70.3,+17.5,+17.7,+18.1,+18.1,+18.2,+18.7,+18.6
2022-12-18 13:57,3,+48.4,+45.1,+60.0,+70.3,+70.0,+70.3,+17.6,+17.7,+18.1,+18.1,+18.2,+18.7,+18.5
2022-12-18 14:57,3,+48.3,+45.1,+60.0,+70.3,+70.0,+70.3,+17.6,+17.7,+18.1,+18.1,+18.2,+18.7,+18.6
2022-12-18 15:57,3,+48.3,+45.0,+59.9,+70.4,+70.0,+70.3,+17.5,+17.7,+18.1,+18.1,+18.2,+18.7,+18.5
2022-12-18 16:57,3,+48.2,+45.0,+59.7,+70.3,+70.0,+70.3,+17.5,+17.7,+18.1,+18.1,+18.2,+18.7,+18.5
2022-12-18 17:57,3,+48.2,+45.0,+59.7,+70.3,+70.0,+70.0,+17.3,+17.7,+18.1,+18.1,+18.2,+18.7,+18.5
2022-12-18 18:57,3,+48.1,+44.9,+59.7,+70.3,+70.0,+70.0,+17.2,+17.6,+18.1,+18.1,+18.2,+18.7,+18.5
2022-12-18 19:57,3,+48.1,+44.9,+59.7,+70.3,+70.0,+70.0,+17.2,+17.6,+18.1,+18.1,+18.2,+18.7,+18.5
2022-12-18 20:57,3,+48.0,+44.9,+59.5,+70.3,+70.0,+70.0,+17.1,+17.6,+18.1,+18.1,+18.2,+18.7,+18.5
2022-12-18 21:57,3,+48.0,+44.9,+59.5,+70.3,+70.0,+70.0,+17.1,+17.6,+18.1,+18.1,+18.2,+18.7,+18.6
2022-12-18 22:57,3,+47.9,+44.9,+59.5,+70.3,+70.0,+70.0,+17.0,+17.6,+18.1,+18.1,+18.2,+18.7,+18.6
2022-12-18 23:57,3,+47.9,+44.8,+59.4,+70.3,+70.0,+70.0,+17.0,+17.6,+18.1,+18.1,+18.2,+18.7,+18.6
2022-12-19 00:57,3,+47.9,+44.8,+59.2,+70.3,+70.0,+70.0,+17.0,+17.5,+18.1,+18.1,+18.2,+18.7,+18.5
2022-12-19 01:57,3,+47.8,+44.8,+59.2,+70.3,+70.0,+70.0,+16.8,+17.5,+18.0,+18.1,+18.2,+18.7,+18.6
2022-12-19 02:57,3,+47.8,+44.8,+59.2,+70.3,+70.0,+70.0,+16.8,+17.5,+18.1,+18.1,+18.2,+18.7,+18.6
2022-12-19 03:57,3,+47.8,+44.7,+59.2,+70.3,+70.0,+70.0,+16.7,+17.5,+18.1,+18.1,+18.2,+18.7,+18.5
2022-12-19 04:57,3,+47.7,+44.7,+59.0,+70.3,+70.0,+70.0,+16.8,+17.5,+18.1,+18.1,+18.2,+18.7,+18.6
2022-12-19 05:57,3,+47.7,+44.7,+59.0,+70.3,+70.0,+70.0,+16.7,+17.3,+18.1,+18.1,+18.2,+18.7,+18.5
2022-12-19 06:57,3,+47.6,+44.7,+58.9,+70.3,+70.0,+70.0,+16.7,+17.3,+18.0,+18.1,+18.2,+18.7,+18.6
2022-12-19 07:57,3,+47.6,+44.6,+58.9,+70.3,+70.0,+70.0,+16.7,+17.3,+18.1,+18.1,+18.2,+18.7,+18.5
2022-12-19 08:57,3,+47.6,+44.6,+58.7,+70.3,+70.0,+70.3,+16.7,+17.3,+18.0,+18.1,+18.2,+18.7,+18.5
2022-12-19 09:57,3,+47.5,+44.6,+58.7,+70.3,+70.0,+70.3,+16.8,+17.3,+18.0,+18.1,+18.2,+18.7,+18.6
2022-12-19 10:57,3,+47.5,+44.5,+58.5,+70.3,+70.0,+70.3,+17.0,+17.3,+18.0,+18.1,+18.2,+18.7,+18.6
2022-12-19 11:57,3,+47.4,+44.5,+58.5,+70.3,+70.0,+70.3,+17.1,+17.3,+18.0,+18.1,+18.2,+18.7,+18.6
2022-12-19 12:57,3,+47.4,+44.5,+58.5,+70.3,+70.0,+70.3,+17.2,+17.3,+18.0,+18.1,+18.2,+18.7,+18.6
2022-12-19 13:57,3,+47.3,+44.4,+58.5,+70.3,+70.0,+70.3,+17.2,+17.3,+18.0,+18.1,+18.2,+18.7,+18.6
2022-12-19 14:57,3,+47.3,+44.4,+58.2,+70.3,+70.0,+70.3,+17.3,+17.3,+18.0,+18.1,+18.2,+18.7,+18.6
2022-12-19 15:57,3,+47.2,+44.4,+58.2,+70.3,+70.0,+70.3,+17.3,+17.3,+18.0,+18.1,+18.2,+18.7,+18.5
2022-12-19 16:57,3,+47.1,+44.4,+58.2,+70.3,+70.0,+70.3,+17.3,+17.5,+18.0,+18.1,+18.2,+18.7,+18.6
2022-12-19 17:57,3,+47.1,+44.3,+58.2,+70.3,+70.0,+70.0,+17.1,+17.5,+18.0,+18.1,+18.2,+18.7,+18.5
2022-12-19 18:57,3,+47.0,+44.3,+58.2,+70.3,+70.0,+70.0,+17.0,+17.5,+18.0,+18.1,+18.2,+18.7,+18.6
2022-12-19 19:57,3,+47.0,+44.3,+58.2,+70.3,+70.0,+70.0,+16.8,+17.5,+18.0,+18.1,+18.2,+18.7,+18.6
2022-12-19 20:57,3,+46.9,+44.3,+58.0,+70.1,+70.0,+70.0,+16.7,+17.3,+18.0,+18.1,+18.2,+18.7,+18.6
2022-12-19 21:57,3,+46.9,+44.2,+58.0,+70.1,+70.0,+70.0,+16.6,+17.3,+17.8,+18.0,+18.2,+18.7,+18.5
2022-12-19 22:57,3,+46.8,+44.2,+58.0,+70.1,+70.0,+70.0,+16.6,+17.3,+18.0,+18.0,+18.2,+18.7,+18.6
2022-12-19 23:57,3,+46.8,+44.2,+58.0,+70.1,+70.0,+70.0,+16.5,+17.2,+18.0,+18.1,+18.2,+18.7,+18.6
2022-12-20 00:57,3,+46.7,+44.2,+57.9,+70.1,+70.0,+70.0,+16.3,+17.2,+17.8,+18.1,+18.2,+18.7,+18.6
2022-12-20 01:57,3,+46.7,+44.1,+57.9,+70.1,+70.0,+70.0,+16.3,+17.2,+17.8,+18.1,+18.2,+18.7,+18.6
2022-12-20 02:57,3,+46.6,+44.1,+57.7,+70.1,+70.0,+70.0,+16.3,+17.2,+17.8,+18.0,+18.2,+18.7,+18.6
2022-12-20 03:57,3,+46.6,+44.1,+57.7,+70.1,+70.0,+70.0,+16.3,+17.1,+17.8,+18.0,+18.2,+18.7,+18.6
2022-12-20 04:57,3,+46.5,+44.1,+57.7,+70.0,+70.0,+70.0,+16.2,+17.1,+17.8,+18.0,+18.2,+18.7,+18.6
2022-12-20 05:57,3,+46.5,+44.0,+57.5,+70.0,+70.0,+70.0,+16.2,+17.1,+17.8,+18.0,+18.2,+18.7,+18.5
2022-12-20 06:57,3,+46.4,+44.0,+57.5,+70.0,+70.0,+70.3,+16.1,+17.1,+17.8,+18.0,+18.2,+18.7,+18.6
2022-12-20 07:57,3,+46.4,+44.0,+57.5,+70.0,+70.0,+70.3,+16.2,+17.0,+17.8,+18.1,+18.2,+18.7,+18.6
2022-12-20 08:57,3,+46.3,+43.9,+57.5,+70.0,+70.0,+70.3,+16.2,+17.0,+17.8,+18.0,+18.2,+18.7,+18.6
2022-12-20 09:57,3,+46.3,+43.9,+57.4,+70.0,+70.0,+70.4,+16.3,+17.0,+17.8,+18.0,+18.2,+18.7,+18.6
2022-12-20 10:57,3,+46.2,+43.9,+57.4,+70.0,+70.0,+70.4,+16.5,+17.0,+17.7,+18.0,+18.2,+18.7,+18.6
2022-12-20 11:57,3,+46.2,+43.8,+57.2,+69.9,+70.0,+70.4,+16.7,+17.0,+17.8,+18.0,+18.2,+18.7,+18.6
2022-12-20 12:57,3,+46.2,+43.8,+57.2,+69.9,+70.0,+70.4,+17.0,+17.0,+17.7,+18.0,+18.2,+18.7,+18.6
2022-12-20 13:57,3,+46.1,+43.8,+57.2,+69.8,+70.0,+70.4,+17.1,+17.1,+17.7,+18.0,+18.2,+18.7,+18.6
2022-12-20 14:57,3,+46.1,+43.7,+57.2,+69.8,+70.0,+70.4,+17.2,+17.1,+17.7,+18.0,+18.2,+18.7,+18.6
2022-12-20 15:57,3,+46.0,+43.7,+57.2,+69.8,+70.0,+70.3,+17.2,+17.1,+17.7,+18.0,+18.2,+18.7,+18.6
2022-12-20 16:57,3,+46.0,+43.7,+57.0,+69.6,+70.0,+70.3,+17.2,+17.2,+17.7,+18.0,+18.2,+18.7,+18.6
2022-12-20 17:57,3,+46.0,+43.6,+57.0,+69.6,+70.0,+70.3,+17.2,+17.2,+17.7,+17.8,+18.2,+18.7,+18.6
2022-12-20 18:57,3,+45.9,+43.6,+57.0,+69.6,+70.0,+70.3,+17.2,+17.2,+17.7,+18.0,+18.2,+18.7,+18.6
2022-12-20 19:57,3,+45.9,+43.6,+57.0,+69.5,+70.0,+70.3,+17.2,+17.2,+17.7,+18.0,+18.2,+18.7,+18.5
2022-12-20 20:57,3,+45.9,+43.6,+57.0,+69.5,+70.0,+70.3,+17.2,+17.3,+17.7,+17.8,+18.2,+18.7,+18.6
2022-12-20 21:57,3,+45.9,+43.6,+56.9,+69.5,+70.0,+70.3,+17.2,+17.3,+17.8,+17.8,+18.2,+18.7,+18.5
2022-12-20 22:57,3,+45.8,+43.6,+56.9,+69.5,+70.0,+70.3,+17.2,+17.3,+17.7,+18.0,+18.2,+18.7,+18.6
2022-12-20 23:57,3,+45.8,+43.5,+56.7,+69.5,+70.0,+70.3,+17.1,+17.3,+17.7,+18.0,+18.2,+18.7,+18.5
2022-12-21 00:57,3,+45.8,+43.5,+56.7,+69.4,+70.0,+70.0,+17.1,+17.3,+17.7,+18.0,+18.2,+18.7,+18.6
2022-12-21 01:57,3,+45.8,+43.5,+56.7,+69.4,+70.0,+70.0,+17.1,+17.3,+17.7,+17.8,+18.2,+18.7,+18.6
2022-12-21 02:57,3,+45.8,+43.5,+56.7,+69.4,+70.0,+70.0,+17.0,+17.3,+17.8,+18.0,+18.2,+18.7,+18.6
2022-12-21 03:57,3,+45.8,+43.5,+56.7,+69.3,+70.0,+70.0,+17.0,+17.3,+17.8,+17.8,+18.2,+18.7,+18.5
2022-12-21 04:57,3,+45.7,+43.4,+56.7,+69.3,+70.0,+70.0,+17.0,+17.3,+17.8,+18.0,+18.2,+18.7,+18.6
2022-12-21 05:57,3,+45.7,+43.4,+56.5,+69.1,+70.0,+70.0,+17.0,+17.3,+17.8,+18.0,+18.2,+18.7,+18.6
2022-12-21 06:57,3,+45.7,+43.4,+56.5,+69.1,+70.0,+70.0,+16.8,+17.3,+17.8,+18.0,+18.2,+18.7,+18.6
2022-12-21 07:57,3,+45.6,+43.4,+56.5,+69.0,+70.0,+70.0,+16.8,+17.3,+17.8,+18.0,+18.2,+18.7,+18.6
2022-12-21 08:57,3,+45.6,+43.4,+56.5,+69.0,+70.0,+70.3,+17.0,+17.3,+17.8,+18.0,+18.2,+18.7,+18.6
2022-12-21 09:57,3,+45.6,+43.3,+56.4,+69.0,+70.0,+70.3,+17.0,+17.2,+17.8,+18.0,+18.2,+18.7,+18.6
2022-12-21 10:57,3,+45.6,+43.3,+56.4,+69.0,+70.0,+70.3,+17.1,+17.3,+17.8,+18.0,+18.2,+18.7,+18.6
2022-12-21 11:57,3,+45.6,+43.3,+56.4,+68.9,+70.0,+70.3,+17.1,+17.3,+17.8,+18.0,+18.2,+18.7,+18.6
2022-12-21 12:57,3,+45.5,+43.3,+56.2,+68.9,+70.0,+70.3,+17.1,+17.3,+17.8,+18.0,+18.2,+18.7,+18.6
2022-12-21 13:57,3,+45.5,+43.3,+56.2,+68.8,+70.0,+70.3,+17.1,+17.3,+17.8,+18.0,+18.2,+18.7,+18.6
2022-12-21 14:57,3,+45.5,+43.2,+56.2,+68.8,+70.0,+70.3,+17.2,+17.3,+17.8,+18.0,+18.2,+18.7,+18.5
2022-12-21 15:57,3,+45.4,+43.2,+56.2,+68.6,+70.0,+70.3,+17.2,+17.3,+17.8,+18.0,+18.2,+18.7,+18.6
2022-12-21 16:57,3,+45.4,+43.2,+56.2,+68.6,+70.0,+70.3,+17.1,+17.3,+17.8,+18.0,+18.2,+18.7,+18.5
2022-12-21 17:57,3,+45.3,+43.2,+56.0,+68.5,+70.0,+70.0,+17.1,+17.3,+17.8,+18.0,+18.2,+18.7,+18.6
2022-12-21 18:57,3,+45.3,+43.1,+56.0,+68.5,+70.0,+70.0,+17.1,+17.3,+17.8,+18.0,+18.2,+18.7,+18.6
2022-12-21 19:57,3,+45.3,+43.1,+56.0,+68.5,+70.0,+70.0,+17.0,+17.3,+17.8,+18.0,+18.2,+18.7,+18.5
2022-12-21 20:57,3,+45.2,+43.1,+56.0,+68.5,+70.0,+70.0,+17.0,+17.3,+17.8,+17.8,+18.2,+18.7,+18.5
2022-12-21 21:57,3,+45.2,+43.1,+56.0,+68.4,+70.0,+70.0,+17.0,+17.3,+17.8,+18.0,+18.2,+18.7,+18.6
2022-12-21 22:57,3,+45.1,+43.1,+56.0,+68.4,+70.0,+70.0,+16.8,+17.3,+17.8,+18.0,+18.2,+18.7,+18.5
2022-12-21 23:57,3,+45.1,+43.1,+55.9,+68.3,+70.0,+70.0,+16.7,+17.3,+17.8,+17.8,+18.2,+18.7,+18.6
2022-12-22 00:57,3,+45.1,+43.0,+55.9,+68.3,+70.0,+70.0,+16.7,+17.3,+17.8,+17.8,+18.2,+18.7,+18.5
2022-12-22 01:57,3,+45.0,+43.0,+55.9,+68.1,+70.0,+70.0,+16.7,+17.2,+17.8,+18.0,+18.2,+18.7,+18.6
2022-12-22 02:57,3,+45.0,+43.0,+55.7,+68.1,+70.0,+70.0,+16.6,+17.2,+17.8,+18.0,+18.2,+18.7,+18.5
2022-12-22 03:57,3,+45.0,+43.0,+55.7,+68.0,+70.0,+70.0,+16.6,+17.2,+17.8,+18.0,+18.2,+18.7,+18.6
2022-12-22 04:57,3,+44.9,+42.9,+55.7,+68.0,+70.0,+70.0,+16.6,+17.2,+17.8,+18.0,+18.2,+18.7,+18.5
2022-12-22 05:57,3,+44.9,+42.9,+55.7,+68.0,+70.0,+70.0,+16.6,+17.2,+17.8,+17.8,+18.2,+18.7,+18.6
2022-12-22 06:57,3,+44.9,+42.9,+55.7,+68.0,+70.0,+70.0,+16.5,+17.2,+17.8,+18.0,+18.2,+18.7,+18.5
2022-12-22 07:57,3,+44.8,+42.9,+55.7,+67.9,+70.0,+70.3,+16.6,+17.1,+17.8,+17.8,+18.2,+18.7,+18.6
2022-12-22 08:57,3,+44.8,+42.9,+55.7,+67.8,+70.0,+70.3,+16.7,+17.1,+17.8,+18.0,+18.2,+18.7,+18.6
2022-12-22 09:57,3,+44.8,+42.8,+55.5,+67.8,+70.0,+70.3,+16.8,+17.2,+17.7,+18.0,+18.2,+18.7,+18.5
2022-12-22 10:57,3,+44.7,+42.8,+55.5,+67.6,+70.0,+70.3,+16.8,+17.2,+17.8,+18.0,+18.2,+18.7,+18.6
2022-12-22 11:57,3,+44.7,+42.8,+55.5,+67.5,+70.0,+70.3,+17.0,+17.1,+17.8,+18.0,+18.2,+18.7,+18.6
2022-12-22 12:57,3,+44.7,+42.7,+55.5,+67.5,+70.0,+70.4,+17.2,+17.2,+17.7,+18.0,+18.2,+18.7,+18.5
2022-12-22 13:57,3,+44.6,+42.7,+55.5,+67.5,+70.0,+70.4,+17.2,+17.2,+17.8,+17.8,+18.2,+18.7,+18.6
2022-12-22 14:57,3,+44.6,+42.7,+55.5,+67.4,+70.0,+70.3,+17.3,+17.2,+17.7,+17.8,+18.2,+18.7,+18.6
2022-12-22 15:57,3,+44.6,+42.7,+55.5,+67.4,+70.0,+70.3,+17.3,+17.2,+17.7,+18.0,+18.2,+18.7,+18.6
2022-12-22 16:57,3,+44.6,+42.6,+55.4,+67.3,+70.0,+70.3,+17.3,+17.3,+17.7,+17.8,+18.2,+18.7,+18.5
2022-12-22 17:57,3,+44.5,+42.6,+55.4,+67.1,+70.0,+70.3,+17.3,+17.3,+17.8,+17.8,+18.2,+18.7,+18.6
2022-12-22 18:57,3,+44.5,+42.6,+55.4,+67.1,+70.0,+70.3,+17.2,+17.3,+17.7,+17.8,+18.2,+18.7,+18.5
2022-12-22 19:57,3,+44.5,+42.6,+55.4,+67.0,+70.0,+70.3,+17.2,+17.3,+17.8,+18.0,+18.2,+18.7,+18.5
2022-12-22 20:57,3,+44.5,+42.6,+55.2,+67.0,+70.0,+70.3,+17.2,+17.3,+17.7,+17.8,+18.2,+18.7,+18.5
2022-12-22 21:57,3,+44.5,+42.6,+55.2,+67.0,+70.0,+70.3,+17.2,+17.3,+17.8,+18.0,+18.2,+18.7,+18.5
2022-12-22 22:57,3,+44.6,+42.6,+55.2,+66.9,+70.0,+70.3,+17.2,+17.3,+17.8,+17.8,+18.2,+18.7,+18.5
2022-12-22 23:57,3,+44.5,+42.6,+55.2,+67.0,+70.0,+70.3,+17.2,+17.3,+17.8,+18.0,+18.2,+18.7,+18.5
2022-12-23 00:57,3,+44.5,+42.7,+55.2,+66.9,+70.0,+70.3,+17.2,+17.5,+17.8,+17.8,+18.2,+18.7,+18.5
2022-12-23 01:57,3,+44.9,+43.1,+56.2,+68.5,+70.0,+70.3,+17.2,+17.3,+17.8,+18.0,+18.2,+18.7,+18.6
2022-12-23 02:57,3,+45.5,+43.5,+60.2,+69.9,+70.0,+70.3,+17.2,+17.3,+17.8,+18.0,+18.2,+18.7,+18.6
2022-12-23 03:57,3,+45.3,+44.7,+61.7,+70.1,+70.0,+70.3,+17.2,+17.3,+17.8,+17.8,+18.2,+18.7,+18.6
2022-12-23 04:57,3,+45.4,+44.9,+61.9,+70.1,+70.0,+70.3,+17.2,+17.3,+17.8,+18.0,+18.2,+18.7,+18.5
2022-12-23 05:57,3,+46.7,+48.0,+63.0,+70.5,+70.0,+70.3,+17.3,+17.3,+17.8,+18.0,+18.2,+18.7,+18.6
2022-12-23 06:57,3,+52.4,+57.1,+69.3,+70.8,+70.0,+70.3,+17.2,+17.5,+17.8,+18.0,+18.2,+18.7,+18.5
2022-12-23 07:57,3,+59.3,+56.0,+71.1,+71.1,+70.0,+70.3,+17.2,+17.3,+17.8,+18.0,+18.2,+18.7,+18.6
2022-12-23 08:57,3,+61.7,+70.2,+70.0,+71.1,+70.0,+70.3,+17.2,+17.3,+17.8,+18.0,+18.2,+18.7,+18.6
2022-12-23 09:57,3,+65.5,+71.7,+71.1,+71.3,+70.0,+70.3,+17.3,+17.5,+17.8,+17.8,+18.2,+18.7,+18.6
2022-12-23 10:57,3,+64.6,+71.7,+71.1,+71.3,+70.0,+70.3,+17.5,+17.5,+17.8,+18.0,+18.2,+18.7,+18.5
2022-12-23 11:57,3,+63.7,+71.7,+71.1,+71.3,+70.0,+70.3,+17.5,+17.5,+17.8,+18.0,+18.2,+18.7,+18.5
2022-12-23 12:57,3,+62.2,+71.8,+71.1,+71.3,+70.0,+70.3,+17.6,+17.5,+17.8,+18.0,+18.2,+18.7,+18.5
2022-12-23 13:57,3,+60.6,+71.8,+71.1,+71.3,+70.0,+70.3,+17.7,+17.5,+17.8,+18.0,+18.2,+18.7,+18.5
2022-12-23 14:57,3,+60.3,+71.8,+71.1,+71.3,+70.0,+70.3,+17.7,+17.6,+17.8,+18.0,+18.2,+18.7,+18.6
2022-12-23 15:57,3,+59.5,+71.7,+71.1,+71.3,+70.0,+70.3,+17.7,+17.6,+18.0,+17.8,+18.2,+18.7,+18.5
2022-12-23 16:57,3,+57.6,+71.7,+71.1,+71.3,+70.0,+70.3,+17.7,+17.6,+17.8,+17.8,+18.2,+18.7,+18.5
2022-12-23 17:57,3,+57.4,+71.7,+71.1,+71.1,+70.0,+70.3,+17.6,+17.6,+17.8,+18.0,+18.2,+18.7,+18.5
2022-12-23 18:57,3,+56.8,+71.7,+71.0,+71.1,+70.0,+70.3,+17.6,+17.6,+18.0,+18.0,+18.2,+18.6,+18.5
2022-12-23 19:57,3,+56.3,+71.7,+71.0,+71.1,+70.0,+70.3,+17.5,+17.6,+18.0,+18.0,+18.2,+18.7,+18.5
2022-12-23 20:57,3,+55.7,+71.7,+71.0,+71.1,+70.0,+70.3,+17.5,+17.6,+18.0,+18.0,+18.2,+18.7,+18.5
2022-12-23 21:57,3,+55.0,+71.7,+71.0,+71.1,+70.0,+70.3,+17.3,+17.6,+18.0,+18.0,+18.2,+18.7,+18.6
2022-12-23 22:57,3,+54.5,+71.7,+71.0,+71.1,+70.0,+70.3,+17.3,+17.6,+17.8,+18.0,+18.2,+18.7,+18.5
2022-12-23 23:57,3,+54.1,+71.7,+71.0,+71.1,+70.0,+70.3,+17.3,+17.6,+18.0,+18.0,+18.2,+18.7,+18.5
2022-12-24 00:57,3,+53.7,+71.6,+71.0,+71.1,+70.0,+70.0,+17.2,+17.6,+18.0,+18.0,+18.2,+18.7,+18.5
2022-12-24 01:57,3,+53.5,+71.7,+71.0,+71.1,+70.0,+70.3,+17.2,+17.6,+18.0,+18.0,+18.2,+18.7,+18.5
2022-12-24 02:57,3,+53.2,+71.7,+71.0,+71.1,+70.0,+70.3,+17.1,+17.6,+18.0,+18.0,+18.2,+18.7,+18.6
2022-12-24 03:57,3,+52.9,+71.7,+71.0,+71.1,+70.0,+70.3,+17.1,+17.5,+18.0,+18.0,+18.2,+18.7,+18.5
2022-12-24 04:57,3,+52.7,+71.7,+71.0,+71.1,+70.0,+70.3,+17.1,+17.5,+18.0,+18.0,+18.2,+18.7,+18.5
2022-12-24 05:57,3,+52.5,+71.6,+71.0,+71.1,+70.0,+70.3,+17.1,+17.5,+18.0,+18.0,+18.2,+18.7,+18.5
2022-12-24 06:57,3,+52.3,+71.7,+71.0,+71.1,+70.0,+70.3,+17.1,+17.5,+18.0,+18.0,+18.2,+18.7,+18.5
2022-12-24 07:57,3,+52.1,+71.7,+71.0,+71.1,+70.0,+70.3,+17.1,+17.5,+18.0,+18.0,+18.2,+18.7,+18.5
2022-12-24 08:57,3,+51.9,+71.7,+71.1,+71.1,+70.0,+70.3,+17.1,+17.5,+18.0,+18.0,+18.2,+18.7,+18.6
2022-12-24 09:57,3,+51.6,+71.7,+71.1,+71.3,+70.0,+70.3,+17.1,+17.5,+18.0,+18.0,+18.2,+18.7,+18.6
2022-12-24 10:57,3,+51.3,+71.7,+71.1,+71.3,+70.0,+70.3,+17.2,+17.5,+18.0,+18.0,+18.2,+18.7,+18.5
2022-12-24 11:57,3,+51.2,+71.8,+71.1,+71.3,+70.0,+70.3,+17.3,+17.5,+18.0,+18.0,+18.2,+18.7,+18.6
2022-12-24 12:57,3,+51.0,+71.7,+71.1,+71.3,+70.0,+70.3,+17.5,+17.5,+18.0,+18.0,+18.2,+18.7,+18.5
2022-12-24 13:57,3,+50.9,+71.8,+71.1,+71.3,+70.0,+70.4,+17.5,+17.5,+18.0,+18.0,+18.2,+18.7,+18.6
2022-12-24 14:57,3,+50.7,+71.8,+71.1,+71.3,+70.0,+70.3,+17.6,+17.5,+18.0,+18.0,+18.2,+18.7,+18.5
2022-12-24 15:57,3,+50.6,+71.7,+71.1,+71.3,+70.0,+70.3,+17.5,+17.6,+18.0,+18.0,+18.2,+18.7,+18.5
2022-12-24 16:57,3,+50.5,+71.7,+71.1,+71.1,+70.0,+70.3,+17.5,+17.6,+18.0,+18.0,+18.2,+18.7,+18.5
2022-12-24 17:57,3,+50.4,+71.7,+71.0,+71.1,+70.0,+70.3,+17.3,+17.6,+18.0,+18.0,+18.2,+18.7,+18.5
2022-12-24 18:57,3,+50.3,+71.6,+71.0,+71.1,+70.0,+70.0,+17.2,+17.6,+18.0,+18.0,+18.2,+18.7,+18.5
2022-12-24 19:57,3,+50.2,+71.6,+71.0,+71.1,+70.0,+70.0,+17.1,+17.6,+18.0,+18.0,+18.2,+18.7,+18.5
2022-12-24 20:57,3,+50.1,+71.6,+71.0,+71.1,+70.0,+70.0,+17.0,+17.5,+18.0,+18.0,+18.2,+18.7,+18.5
2022-12-24 21:57,3,+50.0,+71.6,+71.0,+71.1,+70.0,+70.0,+17.0,+17.5,+18.0,+18.0,+18.2,+18.7,+18.5
2022-12-24 22:57,3,+50.0,+71.6,+71.0,+71.1,+70.0,+70.0,+17.0,+17.5,+18.0,+18.0,+18.2,+18.7,+18.6
2022-12-24 23:57,3,+49.9,+71.6,+71.0,+71.1,+70.0,+70.0,+16.8,+17.5,+18.0,+18.0,+18.2,+18.7,+18.5
2022-12-25 00:57,3,+49.8,+71.6,+71.0,+71.1,+70.0,+70.0,+17.0,+17.5,+18.0,+18.0,+18.2,+18.7,+18.5
2022-12-25 01:57,3,+49.7,+71.6,+71.0,+71.1,+70.0,+70.0,+16.8,+17.3,+18.0,+18.0,+18.2,+18.7,+18.6
2022-12-25 02:57,3,+49.7,+71.6,+71.0,+71.1,+70.0,+70.0,+17.0,+17.3,+18.0,+18.0,+18.2,+18.7,+18.5
2022-12-25 03:57,3,+49.6,+71.6,+71.0,+71.1,+70.0,+70.0,+16.8,+17.3,+18.0,+18.0,+18.2,+18.7,+18.5
2022-12-25 04:57,3,+49.6,+71.6,+71.0,+71.1,+70.0,+70.0,+16.8,+17.3,+17.8,+18.0,+18.2,+18.7,+18.5
2022-12-25 05:57,3,+49.7,+71.6,+71.0,+71.1,+70.0,+70.0,+17.0,+17.3,+18.0,+18.0,+18.2,+18.7,+18.5
2022-12-25 06:57,3,+50.0,+71.6,+71.0,+71.1,+70.0,+70.0,+16.8,+17.3,+18.0,+18.0,+18.2,+18.7,+18.5
2022-12-25 07:57,3,+50.0,+71.6,+71.0,+71.1,+70.0,+70.0,+16.8,+17.3,+18.0,+18.0,+18.2,+18.7,+18.5
2022-12-25 08:57,3,+50.0,+71.6,+71.0,+71.1,+70.0,+70.0,+16.8,+17.3,+18.0,+18.0,+18.2,+18.7,+18.5
2022-12-25 09:57,3,+50.0,+71.6,+71.0,+71.1,+70.0,+70.0,+16.7,+17.3,+18.0,+18.0,+18.2,+18.7,+18.6
2022-12-25 10:57,3,+49.9,+71.7,+71.1,+71.1,+70.0,+70.3,+16.7,+17.3,+17.8,+18.0,+18.2,+18.7,+18.5
2022-12-25 11:57,3,+49.8,+71.7,+71.1,+71.3,+70.0,+70.3,+16.8,+17.3,+17.8,+18.0,+18.2,+18.7,+18.5
2022-12-25 12:57,3,+49.7,+71.7,+71.1,+71.3,+70.0,+70.3,+17.1,+17.2,+17.8,+18.0,+18.2,+18.7,+18.5
2022-12-25 13:57,3,+49.6,+71.7,+71.1,+71.3,+70.0,+70.3,+17.1,+17.3,+17.8,+18.0,+18.2,+18.7,+18.6
2022-12-25 14:57,3,+49.5,+71.7,+71.1,+71.3,+70.0,+70.3,+17.1,+17.3,+17.8,+18.0,+18.2,+18.7,+18.5
2022-12-25 15:57,3,+49.5,+71.7,+71.1,+71.3,+70.0,+70.3,+17.1,+17.3,+17.8,+18.0,+18.2,+18.7,+18.5
2022-12-25 16:57,3,+49.4,+71.7,+71.1,+71.1,+70.0,+70.3,+17.1,+17.3,+17.8,+18.0,+18.2,+18.7,+18.6
2022-12-25 17:57,3,+49.4,+71.6,+71.0,+71.1,+70.0,+70.0,+17.0,+17.3,+17.8,+18.0,+18.2,+18.7,+18.5
2022-12-25 18:57,3,+49.3,+71.6,+71.0,+71.1,+70.0,+70.0,+17.0,+17.3,+17.8,+18.0,+18.2,+18.7,+18.5
2022-12-25 19:57,3,+49.2,+71.6,+71.0,+71.1,+70.0,+70.0,+16.8,+17.3,+17.8,+18.0,+18.2,+18.7,+18.6
2022-12-25 20:57,3,+49.2,+71.6,+71.0,+71.1,+70.0,+70.0,+16.7,+17.3,+17.8,+18.0,+18.2,+18.7,+18.5
2022-12-25 21:57,3,+49.1,+71.6,+71.0,+71.0,+70.0,+70.0,+16.7,+17.3,+17.8,+18.0,+18.2,+18.7,+18.5
2022-12-25 22:57,3,+49.0,+71.6,+71.0,+71.0,+70.0,+70.0,+16.6,+17.2,+17.8,+18.0,+18.2,+18.7,+18.6
2022-12-25 23:57,3,+49.0,+71.6,+71.0,+71.1,+70.0,+70.0,+16.5,+17.2,+17.8,+18.0,+18.2,+18.7,+18.5
2022-12-26 00:57,3,+48.9,+71.6,+71.0,+71.1,+70.0,+70.0,+16.5,+17.2,+17.8,+18.0,+18.2,+18.7,+18.6
2022-12-26 01:57,3,+48.9,+71.4,+71.0,+71.1,+70.0,+70.0,+16.5,+17.1,+17.8,+18.0,+18.2,+18.7,+18.6
2022-12-26 02:57,3,+48.8,+71.2,+71.0,+71.1,+70.0,+70.0,+16.5,+17.2,+17.8,+18.0,+18.2,+18.7,+18.6
2022-12-26 03:57,3,+48.8,+71.0,+71.0,+71.1,+70.0,+70.0,+16.5,+17.1,+17.8,+18.0,+18.2,+18.7,+18.6
2022-12-26 04:57,3,+48.7,+70.8,+71.0,+71.1,+70.0,+70.0,+16.5,+17.1,+17.8,+18.0,+18.2,+18.7,+18.6
2022-12-26 05:57,3,+48.7,+70.7,+71.0,+71.1,+70.0,+70.0,+16.5,+17.1,+17.8,+18.0,+18.2,+18.7,+18.5
2022-12-26 06:57,3,+48.6,+70.4,+71.0,+71.1,+70.0,+70.0,+16.5,+17.1,+17.8,+18.0,+18.2,+18.7,+18.5
2022-12-26 07:57,3,+48.6,+70.1,+71.0,+71.1,+70.0,+70.3,+16.5,+17.1,+17.8,+18.0,+18.2,+18.7,+18.6
2022-12-26 08:57,3,+48.6,+69.9,+71.1,+71.3,+70.0,+70.3,+16.6,+17.1,+17.7,+17.8,+18.2,+18.7,+18.6
2022-12-26 09:57,3,+48.5,+69.6,+71.1,+71.3,+70.0,+70.3,+16.6,+17.1,+17.7,+18.0,+18.2,+18.7,+18.6
2022-12-26 10:57,3,+48.5,+69.4,+71.1,+71.3,+70.0,+70.3,+16.7,+17.1,+17.7,+18.0,+18.2,+18.7,+18.5
2022-12-26 11:57,3,+48.4,+69.1,+71.1,+71.3,+70.0,+70.3,+16.8,+17.1,+17.7,+17.8,+18.2,+18.7,+18.6
2022-12-26 12:57,3,+48.4,+68.9,+71.1,+71.3,+70.0,+70.3,+17.0,+17.1,+17.7,+18.0,+18.2,+18.7,+18.5
2022-12-26 13:57,3,+48.3,+68.7,+71.1,+71.3,+70.0,+70.4,+17.1,+17.1,+17.7,+18.0,+18.2,+18.7,+18.5
2022-12-26 14:57,3,+48.3,+68.4,+71.1,+71.3,+70.0,+70.4,+17.1,+17.2,+17.7,+18.0,+18.2,+18.7,+18.5
2022-12-26 15:57,3,+48.3,+68.2,+71.1,+71.3,+70.0,+70.3,+17.1,+17.2,+17.7,+17.8,+18.2,+18.7,+18.5
2022-12-26 16:57,3,+48.2,+68.0,+71.1,+71.1,+70.0,+70.3,+17.2,+17.2,+17.7,+18.0,+18.2,+18.7,+18.5
2022-12-26 17:57,3,+48.2,+67.9,+71.1,+71.1,+70.0,+70.3,+17.2,+17.2,+17.7,+18.0,+18.2,+18.7,+18.6
2022-12-26 18:57,3,+48.2,+67.7,+71.1,+71.1,+70.0,+70.3,+17.1,+17.2,+17.7,+18.0,+18.2,+18.7,+18.5
2022-12-26 19:57,3,+48.2,+67.5,+71.0,+71.1,+70.0,+70.3,+17.1,+17.2,+17.7,+17.8,+18.2,+18.7,+18.6
2022-12-26 20:57,3,+48.1,+67.3,+71.0,+71.1,+70.0,+70.3,+17.1,+17.3,+17.7,+17.8,+18.2,+18.7,+18.6
2022-12-26 21:57,3,+48.1,+67.1,+71.0,+71.1,+70.0,+70.0,+17.0,+17.2,+17.7,+17.8,+18.2,+18.7,+18.5
2022-12-26 22:57,3,+48.1,+66.9,+71.0,+71.1,+70.0,+70.0,+17.0,+17.2,+17.7,+18.0,+18.2,+18.7,+18.5
2022-12-26 23:57,3,+48.0,+66.8,+71.0,+71.1,+70.0,+70.0,+16.8,+17.2,+17.7,+17.8,+18.2,+18.7,+18.5
2022-12-27 00:57,3,+48.0,+66.6,+71.0,+71.1,+70.0,+70.0,+16.8,+17.2,+17.7,+17.8,+18.2,+18.6,+18.6
2022-12-27 01:57,3,+48.0,+66.5,+71.0,+71.1,+70.0,+70.0,+16.7,+17.2,+17.7,+18.0,+18.2,+18.7,+18.5
2022-12-27 02:57,3,+47.9,+66.3,+71.0,+71.1,+70.0,+70.0,+16.7,+17.2,+17.7,+17.8,+18.2,+18.7,+18.6
2022-12-27 03:57,3,+47.9,+66.1,+71.0,+71.1,+70.0,+70.0,+16.7,+17.2,+17.7,+17.8,+18.2,+18.7,+18.5
2022-12-27 04:57,3,+47.9,+66.0,+71.0,+71.1,+70.0,+70.0,+16.7,+17.1,+17.7,+17.8,+18.2,+18.7,+18.5
2022-12-27 05:57,3,+47.9,+65.8,+71.0,+71.1,+70.0,+70.0,+16.6,+17.2,+17.7,+17.8,+18.2,+18.7,+18.5
2022-12-27 06:57,3,+47.8,+65.6,+71.0,+71.1,+70.0,+70.0,+16.6,+17.2,+17.7,+17.8,+18.2,+18.7,+18.5
2022-12-27 07:57,3,+47.8,+65.4,+71.0,+71.1,+70.0,+70.3,+16.7,+17.1,+17.7,+17.8,+18.2,+18.7,+18.5
2022-12-27 08:57,3,+47.7,+65.2,+71.1,+71.3,+70.0,+70.3,+16.7,+17.1,+17.7,+17.8,+18.2,+18.7,+18.5
2022-12-27 09:57,3,+47.7,+65.0,+71.1,+71.3,+70.0,+70.3,+16.8,+17.1,+17.7,+17.8,+18.2,+18.7,+18.5
2022-12-27 10:57,3,+47.7,+64.8,+71.1,+71.3,+70.0,+70.3,+16.8,+17.1,+17.7,+17.8,+18.2,+18.7,+18.5
2022-12-27 11:57,3,+47.6,+64.6,+71.1,+71.3,+70.0,+70.4,+17.0,+17.1,+17.7,+17.8,+18.2,+18.7,+18.5
2022-12-27 12:57,3,+47.6,+64.3,+71.3,+71.3,+70.0,+70.4,+17.2,+17.2,+17.7,+18.0,+18.2,+18.7,+18.5
2022-12-27 13:57,3,+47.6,+64.1,+71.3,+71.3,+70.0,+70.4,+17.3,+17.1,+17.7,+18.0,+18.2,+18.7,+18.6
2022-12-27 14:57,3,+47.5,+63.8,+71.1,+71.3,+70.0,+70.4,+17.3,+17.2,+17.7,+17.8,+18.2,+18.6,+18.5
2022-12-27 15:57,3,+47.5,+63.6,+71.1,+71.3,+70.0,+70.3,+17.3,+17.2,+17.7,+17.8,+18.2,+18.6,+18.5
2022-12-27 16:57,3,+47.4,+63.4,+71.1,+71.3,+70.0,+70.3,+17.3,+17.3,+17.7,+17.8,+18.2,+18.7,+18.5
2022-12-27 17:57,3,+47.4,+63.2,+71.1,+71.1,+70.0,+70.3,+17.3,+17.3,+17.7,+17.8,+18.2,+18.7,+18.5
2022-12-27 18:57,3,+47.4,+62.8,+71.1,+71.1,+70.0,+70.3,+17.3,+17.3,+17.7,+17.8,+18.2,+18.6,+18.5
2022-12-27 19:57,3,+47.4,+62.3,+71.0,+71.1,+70.0,+70.3,+17.3,+17.3,+17.7,+18.0,+18.2,+18.7,+18.5
2022-12-27 20:57,3,+47.4,+62.0,+71.0,+71.1,+70.0,+70.3,+17.3,+17.3,+17.7,+17.8,+18.2,+18.6,+18.5
2022-12-27 21:57,3,+47.3,+61.8,+71.0,+71.1,+70.0,+70.0,+17.2,+17.5,+17.7,+17.8,+18.2,+18.7,+18.5
2022-12-27 22:57,3,+47.3,+61.7,+71.0,+71.1,+70.0,+70.0,+17.2,+17.5,+17.8,+17.8,+18.2,+18.7,+18.6
2022-12-27 23:57,3,+47.3,+61.5,+71.0,+71.1,+70.0,+70.0,+17.1,+17.3,+17.7,+17.8,+18.2,+18.7,+18.5
2022-12-28 00:57,3,+47.3,+61.3,+71.0,+71.1,+70.0,+70.0,+17.1,+17.3,+17.8,+18.0,+18.2,+18.7,+18.5
2022-12-28 01:57,3,+47.2,+61.1,+71.0,+71.1,+70.0,+70.0,+17.1,+17.3,+17.8,+17.8,+18.2,+18.7,+18.5
2022-12-28 02:57,3,+47.2,+60.9,+71.0,+71.1,+70.0,+70.0,+17.0,+17.3,+17.8,+17.8,+18.2,+18.7,+18.5
2022-12-28 03:57,3,+47.3,+60.7,+71.0,+71.1,+70.0,+70.0,+16.8,+17.3,+17.8,+17.8,+18.2,+18.7,+18.5
2022-12-28 04:57,3,+47.3,+60.4,+71.0,+71.1,+70.0,+70.0,+16.7,+17.3,+17.8,+17.8,+18.2,+18.6,+18.5
2022-12-28 05:57,3,+47.2,+60.3,+71.0,+71.1,+70.0,+70.0,+16.7,+17.3,+17.8,+17.8,+18.2,+18.7,+18.5
2022-12-28 06:57,3,+47.1,+60.1,+71.0,+71.1,+70.0,+70.0,+16.7,+17.2,+17.8,+17.8,+18.2,+18.6,+18.5
2022-12-28 07:57,3,+47.1,+59.9,+71.0,+71.1,+70.0,+70.0,+16.7,+17.2,+17.8,+18.0,+18.2,+18.7,+18.5
2022-12-28 08:57,3,+47.1,+59.8,+71.1,+71.3,+70.0,+70.3,+16.7,+17.2,+17.8,+17.8,+18.2,+18.6,+18.5
2022-12-28 09:57,3,+47.0,+59.6,+71.1,+71.3,+70.0,+70.3,+16.8,+17.2,+17.7,+18.0,+18.2,+18.7,+18.5
2022-12-28 10:57,3,+47.0,+59.4,+71.3,+71.3,+70.0,+70.4,+17.0,+17.2,+17.8,+17.8,+18.2,+18.7,+18.5
2022-12-28 11:57,3,+46.9,+59.3,+71.1,+71.3,+70.0,+70.4,+17.1,+17.2,+17.8,+17.8,+18.2,+18.6,+18.5
2022-12-28 12:57,3,+46.7,+59.1,+71.1,+71.3,+70.0,+70.3,+17.2,+17.2,+17.7,+17.8,+18.2,+18.7,+18.5
2022-12-28 13:57,3,+46.7,+59.0,+71.1,+71.3,+70.0,+70.3,+17.2,+17.3,+17.7,+17.8,+18.2,+18.6,+18.5
2022-12-28 14:57,3,+46.6,+58.8,+71.1,+71.3,+70.0,+70.3,+17.3,+17.3,+17.7,+17.8,+18.2,+18.7,+18.5
2022-12-28 15:57,3,+46.6,+58.7,+71.1,+71.3,+70.0,+70.3,+17.3,+17.3,+17.7,+17.8,+18.2,+18.7,+18.5
2022-12-28 16:57,3,+46.5,+58.6,+71.1,+71.3,+70.0,+70.3,+17.3,+17.3,+17.7,+17.8,+18.2,+18.6,+18.5
2022-12-28 17:57,3,+46.5,+58.4,+71.1,+71.1,+70.0,+70.3,+17.3,+17.3,+17.7,+17.8,+18.2,+18.7,+18.5
2022-12-28 18:57,3,+46.5,+58.3,+71.1,+71.1,+70.0,+70.3,+17.3,+17.3,+17.7,+17.8,+18.2,+18.7,+18.5
2022-12-28 19:57,3,+46.4,+58.3,+71.0,+71.1,+70.0,+70.3,+17.3,+17.3,+17.7,+17.8,+18.2,+18.7,+18.5
2022-12-28 20:57,3,+46.4,+58.1,+71.0,+71.1,+70.0,+70.3,+17.2,+17.3,+17.8,+17.8,+18.2,+18.7,+18.5
2022-12-28 21:57,3,+46.4,+57.9,+71.0,+71.1,+70.0,+70.0,+17.2,+17.3,+17.8,+17.8,+18.2,+18.7,+18.6
2022-12-28 22:57,3,+46.4,+57.8,+71.0,+71.1,+70.0,+70.0,+17.2,+17.5,+17.8,+17.8,+18.2,+18.7,+18.5
2022-12-28 23:57,3,+46.4,+57.6,+71.0,+71.1,+70.0,+70.0,+17.2,+17.5,+17.8,+17.8,+18.2,+18.7,+18.5
2022-12-29 00:57,3,+46.3,+57.5,+71.0,+71.1,+70.0,+70.0,+17.1,+17.3,+17.8,+18.0,+18.2,+18.7,+18.5
2022-12-29 01:57,3,+46.3,+57.3,+71.0,+71.1,+70.0,+70.0,+17.1,+17.3,+17.8,+18.0,+18.2,+18.7,+18.6
2022-12-29 02:57,3,+46.3,+57.1,+71.0,+71.1,+70.0,+70.0,+17.1,+17.5,+17.8,+17.8,+18.2,+18.7,+18.5
2022-12-29 03:57,3,+46.2,+56.9,+71.0,+71.1,+70.0,+70.0,+17.1,+17.3,+17.8,+17.8,+18.2,+18.7,+18.5
2022-12-29 04:57,3,+46.2,+56.8,+71.0,+71.1,+70.0,+70.0,+17.0,+17.3,+17.8,+17.8,+18.2,+18.7,+18.5
2022-12-29 05:57,3,+46.2,+56.6,+71.0,+71.1,+70.0,+70.0,+17.0,+17.3,+17.8,+17.8,+18.2,+18.6,+18.5
2022-12-29 06:57,3,+46.1,+56.5,+71.0,+71.1,+70.0,+70.0,+17.0,+17.3,+17.8,+17.8,+18.2,+18.7,+18.5
2022-12-29 07:57,3,+46.1,+56.4,+71.0,+71.1,+70.0,+70.3,+17.0,+17.3,+17.8,+18.0,+18.2,+18.7,+18.5
2022-12-29 08:57,3,+46.1,+56.2,+71.1,+71.3,+70.0,+70.3,+17.0,+17.3,+17.8,+17.8,+18.2,+18.6,+18.5
2022-12-29 09:57,3,+46.0,+56.0,+71.1,+71.3,+70.0,+70.3,+17.0,+17.3,+17.8,+17.8,+18.2,+18.6,+18.5
2022-12-29 10:57,3,+46.0,+55.9,+71.1,+71.3,+70.0,+70.4,+17.1,+17.3,+17.8,+17.8,+18.2,+18.6,+18.5
2022-12-29 11:57,3,+46.0,+55.8,+71.3,+71.3,+70.0,+70.4,+17.3,+17.3,+17.8,+18.0,+18.2,+18.6,+18.5
2022-12-29 12:57,3,+45.9,+55.6,+71.3,+71.3,+70.0,+70.4,+17.5,+17.3,+17.8,+18.0,+18.2,+18.6,+18.5
2022-12-29 13:57,3,+45.9,+55.5,+71.3,+71.3,+70.0,+70.4,+17.6,+17.3,+17.8,+18.0,+18.2,+18.7,+18.5
2022-12-29 14:57,3,+45.8,+55.4,+71.3,+71.3,+70.0,+70.4,+17.6,+17.3,+17.8,+17.8,+18.2,+18.7,+18.5
2022-12-29 15:57,3,+45.8,+55.2,+71.1,+71.3,+70.0,+70.3,+17.7,+17.5,+17.8,+18.0,+18.2,+18.7,+18.5
2022-12-29 16:57,3,+45.8,+55.1,+71.1,+71.3,+70.0,+70.3,+17.7,+17.5,+17.8,+18.0,+18.2,+18.6,+18.5
2022-12-29 17:57,3,+45.8,+55.0,+71.1,+71.1,+70.0,+70.3,+17.6,+17.5,+17.8,+17.8,+18.2,+18.7,+18.5
2022-12-29 18:57,3,+45.8,+54.9,+71.1,+71.1,+70.0,+70.3,+17.6,+17.5,+17.8,+17.8,+18.2,+18.6,+18.5
2022-12-29 19:57,3,+45.8,+54.8,+71.1,+71.1,+70.0,+70.3,+17.6,+17.6,+17.8,+17.8,+18.2,+18.7,+18.5
2022-12-29 20:57,3,+45.8,+54.7,+71.1,+71.1,+70.0,+70.3,+17.5,+17.6,+17.8,+18.0,+18.2,+18.7,+18.5
2022-12-29 21:57,3,+45.7,+54.6,+71.0,+71.1,+70.0,+70.0,+17.5,+17.6,+17.8,+17.8,+18.2,+18.6,+18.5
2022-12-29 22:57,3,+45.7,+54.5,+71.0,+71.1,+70.0,+70.3,+17.5,+17.6,+17.8,+18.0,+18.2,+18.7,+18.5
2022-12-29 23:57,3,+45.7,+54.4,+71.0,+71.1,+70.0,+70.3,+17.3,+17.6,+18.0,+17.8,+18.2,+18.6,+18.5
2022-12-30 00:57,3,+45.6,+54.2,+71.0,+71.1,+70.0,+70.0,+17.3,+17.6,+18.0,+18.0,+18.2,+18.7,+18.5
2022-12-30 01:57,3,+45.6,+54.1,+71.0,+71.1,+70.0,+70.3,+17.3,+17.6,+18.0,+18.0,+18.2,+18.6,+18.5
2022-12-30 02:57,3,+45.6,+54.1,+71.0,+71.1,+70.0,+70.3,+17.3,+17.6,+18.0,+18.0,+18.2,+18.7,+18.5
2022-12-30 03:57,3,+45.6,+54.0,+71.0,+71.1,+70.0,+70.3,+17.2,+17.5,+18.0,+18.0,+18.2,+18.7,+18.5
2022-12-30 04:57,3,+45.5,+53.9,+71.0,+71.1,+70.0,+70.0,+17.2,+17.6,+18.0,+18.0,+18.2,+18.7,+18.5
2022-12-30 05:57,3,+45.6,+53.9,+71.0,+71.1,+70.0,+70.0,+17.2,+17.5,+18.0,+18.0,+18.2,+18.6,+18.5
2022-12-30 06:57,3,+45.8,+53.7,+71.0,+71.1,+70.0,+70.0,+17.2,+17.6,+18.0,+18.0,+18.2,+18.6,+18.5
2022-12-30 07:57,3,+45.8,+53.6,+71.0,+71.1,+70.0,+70.3,+17.2,+17.5,+18.0,+18.0,+18.2,+18.6,+18.5
2022-12-30 08:57,3,+45.8,+53.5,+71.1,+71.1,+70.0,+70.3,+17.2,+17.6,+18.0,+18.0,+18.2,+18.7,+18.5
2022-12-30 09:57,3,+45.8,+53.3,+71.1,+71.3,+70.0,+70.3,+17.2,+17.5,+18.0,+18.0,+18.2,+18.6,+18.5
2022-12-30 10:57,3,+45.8,+53.1,+71.1,+71.3,+70.0,+70.3,+17.3,+17.5,+18.0,+18.0,+18.2,+18.7,+18.5
2022-12-30 11:57,3,+45.8,+53.0,+71.1,+71.3,+70.0,+70.3,+17.5,+17.5,+17.8,+18.0,+18.2,+18.7,+18.5
2022-12-30 12:57,3,+45.8,+52.9,+71.3,+71.3,+70.0,+70.4,+17.6,+17.5,+18.0,+18.0,+18.2,+18.7,+18.5
2022-12-30 13:57,3,+45.8,+52.8,+71.1,+71.3,+70.0,+70.4,+17.7,+17.6,+18.0,+18.0,+18.2,+18.7,+18.5
2022-12-30 14:57,3,+45.8,+52.7,+71.1,+71.3,+70.0,+70.3,+17.7,+17.5,+18.0,+18.0,+18.2,+18.7,+18.5
2022-12-30 15:57,3,+45.7,+52.6,+71.1,+71.3,+70.0,+70.3,+17.8,+17.6,+18.0,+18.0,+18.2,+18.7,+18.5
2022-12-30 16:57,3,+45.7,+52.5,+71.1,+71.3,+70.0,+70.3,+17.7,+17.6,+18.0,+18.0,+18.2,+18.6,+18.5
2022-12-30 17:57,3,+45.7,+52.4,+71.1,+71.3,+70.0,+70.3,+17.7,+17.7,+18.0,+18.0,+18.2,+18.6,+18.5
2022-12-30 18:57,3,+45.7,+52.3,+71.1,+71.3,+70.0,+70.3,+17.7,+17.7,+18.0,+18.0,+18.2,+18.7,+18.5
2022-12-30 19:57,3,+45.7,+52.2,+71.1,+71.3,+70.0,+70.3,+17.7,+17.6,+18.0,+18.0,+18.2,+18.7,+18.5
2022-12-30 20:57,3,+45.7,+52.1,+71.1,+71.1,+70.0,+70.3,+17.7,+17.7,+18.0,+18.0,+18.2,+18.6,+18.5
2022-12-30 21:57,3,+45.6,+52.1,+71.1,+71.1,+70.0,+70.3,+17.6,+17.7,+18.0,+18.0,+18.2,+18.7,+18.5
2022-12-30 22:57,3,+45.6,+51.9,+71.0,+71.1,+70.0,+70.0,+17.6,+17.6,+18.0,+18.0,+18.2,+18.7,+18.5
2022-12-30 23:57,3,+45.5,+51.6,+71.0,+71.1,+70.0,+70.0,+17.5,+17.7,+18.0,+18.0,+18.2,+18.7,+18.5
2022-12-31 00:57,3,+45.5,+51.4,+71.0,+71.1,+70.0,+70.0,+17.3,+17.7,+18.0,+18.0,+18.2,+18.7,+18.5
2022-12-31 01:57,3,+45.4,+51.3,+71.0,+71.0,+70.0,+70.0,+17.2,+17.7,+18.0,+18.0,+18.2,+18.6,+18.5
2022-12-31 02:57,3,+45.4,+51.2,+71.0,+71.0,+69.9,+70.0,+17.1,+17.6,+18.0,+18.0,+18.2,+18.7,+18.5
2022-12-31 03:57,3,+45.3,+51.1,+71.0,+71.0,+69.9,+70.0,+17.0,+17.6,+18.0,+18.1,+18.2,+18.6,+18.5
2022-12-31 04:57,3,+45.3,+51.0,+71.0,+71.0,+70.0,+70.0,+16.7,+17.5,+18.0,+18.1,+18.2,+18.7,+18.6
2022-12-31 05:57,3,+45.2,+50.9,+71.0,+71.1,+70.0,+70.0,+16.6,+17.5,+18.0,+18.0,+18.2,+18.7,+18.6
2022-12-31 06:57,3,+45.2,+50.8,+71.0,+71.1,+70.0,+70.0,+16.6,+17.5,+18.0,+18.0,+18.2,+18.6,+18.5
2022-12-31 07:57,3,+45.1,+50.6,+71.1,+71.1,+70.0,+70.3,+16.5,+17.3,+18.0,+18.0,+18.2,+18.7,+18.5
2022-12-31 08:57,3,+45.1,+50.5,+71.1,+71.3,+70.0,+70.3,+16.6,+17.3,+18.0,+18.0,+18.2,+18.7,+18.5
2022-12-31 09:57,3,+45.0,+50.4,+71.3,+71.4,+70.0,+70.4,+16.7,+17.3,+18.0,+18.1,+18.2,+18.7,+18.5
2022-12-31 10:57,3,+44.9,+50.2,+71.4,+71.4,+70.0,+70.4,+17.0,+17.3,+18.0,+18.1,+18.2,+18.7,+18.5
2022-12-31 11:57,3,+44.9,+50.1,+71.4,+71.4,+70.0,+70.4,+17.1,+17.2,+17.8,+18.1,+18.2,+18.7,+18.5
2022-12-31 12:57,3,+44.9,+50.0,+71.4,+71.4,+70.0,+70.4,+17.3,+17.3,+17.8,+18.0,+18.2,+18.7,+18.5
2022-12-31 13:57,3,+44.8,+50.0,+71.4,+71.4,+70.0,+70.4,+17.6,+17.3,+17.8,+18.0,+18.2,+18.7,+18.5
2022-12-31 14:57,3,+44.8,+49.9,+71.3,+71.4,+70.0,+70.4,+17.6,+17.3,+18.0,+18.0,+18.2,+18.6,+18.5
2022-12-31 15:57,3,+44.8,+49.7,+71.3,+71.3,+70.0,+70.4,+17.7,+17.5,+17.8,+18.1,+18.2,+18.7,+18.5
2022-12-31 16:57,3,+44.7,+49.7,+71.3,+71.3,+70.0,+70.3,+17.7,+17.5,+17.8,+18.0,+18.2,+18.7,+18.5
2022-12-31 17:57,3,+44.7,+49.5,+71.3,+71.3,+70.0,+70.3,+17.7,+17.5,+17.8,+18.0,+18.2,+18.6,+18.5
2022-12-31 18:57,3,+44.7,+49.5,+71.1,+71.3,+70.0,+70.3,+17.6,+17.5,+18.0,+18.0,+18.2,+18.7,+18.6
2022-12-31 19:57,3,+44.6,+49.4,+71.1,+71.3,+70.0,+70.3,+17.7,+17.6,+18.0,+18.0,+18.2,+18.7,+18.5
2022-12-31 20:57,3,+44.6,+49.3,+71.1,+71.1,+70.0,+70.3,+17.6,+17.6,+18.0,+18.0,+18.2,+18.7,+18.5
2022-12-31 21:57,3,+44.6,+49.2,+71.1,+71.1,+70.0,+70.3,+17.6,+17.6,+18.0,+18.0,+18.2,+18.7,+18.5
2022-12-31 22:57,3,+44.6,+49.1,+71.1,+71.1,+70.0,+70.3,+17.5,+17.6,+18.0,+18.0,+18.2,+18.7,+18.5
2022-12-31 23:57,3,+44.5,+49.0,+71.1,+71.1,+70.0,+70.3,+17.5,+17.6,+18.0,+18.0,+18.2,+18.7,+18.5
2023-01-01 00:57,3,+44.5,+48.9,+71.1,+71.1,+70.0,+70.0,+17.5,+17.6,+18.0,+18.0,+18.2,+18.7,+18.5
2023-01-01 01:57,3,+44.5,+48.8,+71.1,+71.1,+70.0,+70.3,+17.3,+17.6,+18.0,+18.0,+18.2,+18.6,+18.5
2023-01-01 02:57,3,+44.5,+48.7,+71.1,+71.1,+70.0,+70.3,+17.3,+17.6,+18.0,+18.0,+18.2,+18.6,+18.5
2023-01-01 03:57,3,+44.4,+48.7,+71.1,+71.1,+70.0,+70.3,+17.3,+17.6,+18.0,+18.0,+18.2,+18.7,+18.5
2023-01-01 04:57,3,+44.4,+48.6,+71.1,+71.1,+70.0,+70.0,+17.3,+17.6,+18.0,+18.0,+18.2,+18.7,+18.5
2023-01-01 05:57,3,+44.4,+48.4,+71.1,+71.1,+70.0,+70.0,+17.2,+17.6,+18.0,+18.0,+18.2,+18.7,+18.5
2023-01-01 06:57,3,+44.4,+48.3,+71.1,+71.1,+70.0,+70.0,+17.2,+17.6,+18.0,+18.1,+18.2,+18.7,+18.6
2023-01-01 07:57,3,+44.3,+48.2,+71.0,+71.1,+70.0,+70.3,+17.2,+17.6,+18.1,+18.0,+18.2,+18.7,+18.5
2023-01-01 08:57,3,+44.3,+48.1,+71.0,+71.3,+70.0,+70.3,+17.2,+17.6,+18.0,+18.0,+18.2,+18.7,+18.5
2023-01-01 09:57,3,+44.3,+48.0,+71.0,+71.3,+70.0,+70.3,+17.3,+17.6,+18.0,+18.1,+18.2,+18.7,+18.5
2023-01-01 10:57,3,+44.3,+47.9,+71.0,+71.3,+70.0,+70.4,+17.5,+17.6,+18.0,+18.0,+18.2,+18.7,+18.5
2023-01-01 11:57,3,+44.2,+47.8,+71.0,+71.3,+70.0,+70.4,+17.6,+17.6,+18.0,+18.0,+18.2,+18.7,+18.5
2023-01-01 12:57,3,+44.2,+47.7,+71.0,+71.3,+70.0,+70.4,+17.7,+17.6,+18.0,+18.0,+18.2,+18.7,+18.5
2023-01-01 13:57,3,+44.2,+47.6,+70.9,+71.3,+70.0,+70.4,+17.7,+17.6,+18.0,+18.1,+18.2,+18.7,+18.5
2023-01-01 14:57,3,+44.1,+47.5,+70.9,+71.3,+70.0,+70.4,+17.8,+17.7,+18.0,+18.0,+18.2,+18.7,+18.5
2023-01-01 15:57,3,+44.1,+47.4,+70.9,+71.3,+70.0,+70.3,+17.8,+17.7,+18.0,+18.0,+18.2,+18.7,+18.5
2023-01-01 16:57,3,+44.0,+47.3,+70.9,+71.3,+70.0,+70.3,+17.8,+17.7,+18.0,+18.0,+18.2,+18.7,+18.5
2023-01-01 17:57,3,+44.0,+47.3,+70.9,+71.3,+70.0,+70.3,+17.7,+17.7,+18.1,+18.0,+18.2,+18.7,+18.5
2023-01-01 18:57,3,+44.0,+47.2,+70.8,+71.3,+70.0,+70.3,+17.7,+17.7,+18.0,+18.0,+18.2,+18.7,+18.5
2023-01-01 19:57,3,+44.0,+47.1,+70.8,+71.3,+70.0,+70.3,+17.7,+17.7,+18.0,+18.0,+18.2,+18.7,+18.5
2023-01-01 20:57,3,+43.9,+47.0,+70.8,+71.1,+70.0,+70.3,+17.7,+17.8,+18.0,+18.1,+18.2,+18.7,+18.5
2023-01-01 21:57,3,+43.9,+47.0,+70.8,+71.1,+70.0,+70.3,+17.7,+17.7,+18.1,+18.0,+18.2,+18.7,+18.5
2023-01-01 22:57,3,+43.9,+46.9,+70.8,+71.1,+70.0,+70.3,+17.6,+17.7,+18.1,+18.0,+18.2,+18.7,+18.5
2023-01-01 23:57,3,+43.9,+46.8,+70.8,+71.1,+70.0,+70.3,+17.6,+17.7,+18.1,+18.1,+18.2,+18.7,+18.5
2023-01-02 00:57,3,+43.8,+46.7,+70.6,+71.1,+70.0,+70.3,+17.6,+17.7,+18.1,+18.0,+18.2,+18.7,+18.5
2023-01-02 01:57,3,+43.8,+46.6,+70.6,+71.1,+70.0,+70.3,+17.6,+17.8,+18.1,+18.0,+18.2,+18.7,+18.5
2023-01-02 02:57,3,+43.7,+46.6,+70.6,+71.1,+70.0,+70.3,+17.6,+17.7,+18.1,+18.0,+18.2,+18.7,+18.5
2023-01-02 03:57,3,+43.7,+46.5,+70.5,+71.1,+70.0,+70.3,+17.5,+17.7,+18.1,+18.1,+18.2,+18.7,+18.5
2023-01-02 04:57,3,+43.7,+46.4,+70.5,+71.1,+70.0,+70.3,+17.5,+17.7,+18.1,+18.1,+18.2,+18.7,+18.5
2023-01-02 05:57,3,+43.6,+46.3,+70.5,+71.1,+70.0,+70.3,+17.5,+17.7,+18.1,+18.1,+18.2,+18.7,+18.6
2023-01-02 06:57,3,+43.6,+46.2,+70.5,+71.1,+70.0,+70.3,+17.3,+17.7,+18.1,+18.1,+18.2,+18.7,+18.5
2023-01-02 07:57,3,+43.6,+46.1,+70.5,+71.1,+70.0,+70.3,+17.5,+17.7,+18.1,+18.1,+18.2,+18.7,+18.5
2023-01-02 08:57,3,+43.6,+46.1,+70.5,+71.3,+70.0,+70.3,+17.3,+17.6,+18.1,+18.1,+18.2,+18.7,+18.5
2023-01-02 09:57,3,+43.5,+46.0,+70.5,+71.3,+70.0,+70.3,+17.5,+17.7,+18.1,+18.1,+18.2,+18.7,+18.6
2023-01-02 10:57,3,+43.5,+45.9,+70.5,+71.3,+70.0,+70.3,+17.5,+17.7,+18.1,+18.1,+18.2,+18.7,+18.5
2023-01-02 11:57,3,+43.5,+45.8,+70.4,+71.3,+70.0,+70.3,+17.6,+17.7,+18.1,+18.1,+18.2,+18.7,+18.6
2023-01-02 12:57,3,+43.5,+45.7,+70.4,+71.3,+70.0,+70.3,+17.6,+17.7,+18.1,+18.1,+18.2,+18.7,+18.6
2023-01-02 13:57,3,+43.5,+45.6,+70.4,+71.3,+70.0,+70.3,+17.6,+17.7,+18.1,+18.1,+18.2,+18.7,+18.5
2023-01-02 14:57,3,+43.4,+45.5,+70.3,+71.3,+70.0,+70.3,+17.6,+17.7,+18.1,+18.1,+18.2,+18.7,+18.6
2023-01-02 15:57,3,+43.4,+45.4,+70.1,+71.3,+70.0,+70.3,+17.6,+17.7,+18.1,+18.1,+18.2,+18.7,+18.5
2023-01-02 16:57,3,+43.4,+45.4,+70.1,+71.1,+70.0,+70.3,+17.6,+17.7,+18.1,+18.1,+18.2,+18.7,+18.5
2023-01-02 17:57,3,+43.4,+45.3,+70.1,+71.1,+70.0,+70.3,+17.6,+17.7,+18.1,+18.1,+18.2,+18.7,+18.6
2023-01-02 18:57,3,+43.3,+45.3,+70.1,+71.1,+70.0,+70.3,+17.5,+17.7,+18.1,+18.1,+18.2,+18.7,+18.5
2023-01-02 19:57,3,+43.3,+45.3,+70.0,+71.1,+70.0,+70.3,+17.5,+17.7,+18.1,+18.1,+18.2,+18.7,+18.6
2023-01-02 20:57,3,+43.2,+45.3,+70.0,+71.1,+70.0,+70.3,+17.5,+17.7,+18.1,+18.1,+18.2,+18.7,+18.6
2023-01-02 21:57,3,+43.2,+45.3,+70.0,+71.1,+70.0,+70.3,+17.5,+17.7,+18.1,+18.1,+18.2,+18.7,+18.6
2023-01-02 22:57,3,+43.1,+45.2,+70.0,+71.1,+70.0,+70.3,+17.3,+17.7,+18.1,+18.1,+18.2,+18.7,+18.5
2023-01-02 23:57,3,+43.1,+45.3,+70.0,+71.1,+70.0,+70.3,+17.3,+17.7,+18.1,+18.1,+18.2,+18.7,+18.6
2023-01-03 00:57,3,+43.1,+45.2,+70.0,+71.1,+70.0,+70.3,+17.3,+17.7,+18.1,+18.0,+18.2,+18.7,+18.5
2023-01-03 01:57,3,+43.0,+45.2,+70.0,+71.1,+70.0,+70.0,+17.3,+17.7,+18.1,+18.1,+18.2,+18.7,+18.6
2023-01-03 02:57,3,+43.0,+45.2,+70.0,+71.1,+70.0,+70.0,+17.2,+17.7,+18.1,+18.1,+18.2,+18.7,+18.5
2023-01-03 03:57,3,+43.0,+45.2,+70.0,+71.1,+70.0,+70.0,+17.1,+17.6,+18.1,+18.1,+18.2,+18.7,+18.5
2023-01-03 04:57,3,+42.9,+45.1,+70.0,+71.1,+70.0,+70.0,+17.1,+17.6,+18.1,+18.1,+18.2,+18.7,+18.6
2023-01-03 05:57,3,+42.9,+45.1,+70.0,+71.1,+70.0,+70.0,+17.0,+17.6,+18.1,+18.1,+18.2,+18.7,+18.5
2023-01-03 06:57,3,+42.8,+45.1,+69.9,+71.1,+70.0,+70.0,+16.8,+17.6,+18.1,+18.1,+18.2,+18.7,+18.6
2023-01-03 07:57,3,+42.8,+45.1,+69.9,+71.1,+70.0,+70.0,+16.8,+17.5,+18.1,+18.1,+18.2,+18.7,+18.5
2023-01-03 08:57,3,+42.7,+45.0,+69.9,+71.1,+70.0,+70.3,+16.7,+17.5,+18.1,+18.1,+18.2,+18.7,+18.6
2023-01-03 09:57,3,+42.7,+44.9,+69.9,+71.3,+70.0,+70.3,+16.8,+17.5,+18.1,+18.1,+18.2,+18.7,+18.5
2023-01-03 10:57,3,+42.6,+44.9,+69.9,+71.3,+70.0,+70.4,+16.8,+17.5,+18.1,+18.1,+18.2,+18.7,+18.6
2023-01-03 11:57,3,+42.5,+44.9,+69.8,+71.3,+70.0,+70.4,+17.1,+17.5,+18.1,+18.1,+18.2,+18.7,+18.6
2023-01-03 12:57,3,+42.4,+44.9,+69.8,+71.4,+70.0,+70.4,+17.2,+17.3,+18.1,+18.1,+18.2,+18.7,+18.5
2023-01-03 13:57,3,+42.3,+44.8,+69.8,+71.3,+70.0,+70.4,+17.2,+17.5,+18.1,+18.1,+18.2,+18.7,+18.5
2023-01-03 14:57,3,+42.2,+44.8,+69.8,+71.3,+70.0,+70.4,+17.2,+17.5,+18.0,+18.1,+18.2,+18.7,+18.5
2023-01-03 15:57,3,+42.2,+44.7,+69.6,+71.3,+70.0,+70.3,+17.2,+17.5,+18.0,+18.1,+18.5,+18.7,+18.6
2023-01-03 16:57,3,+42.2,+44.7,+69.6,+71.3,+70.0,+70.3,+17.2,+17.5,+18.0,+18.1,+18.2,+18.7,+18.6
2023-01-03 17:57,3,+42.1,+44.7,+69.5,+71.3,+70.0,+70.3,+17.2,+17.5,+18.0,+18.1,+18.5,+18.7,+18.6
2023-01-03 18:57,3,+42.1,+44.6,+69.5,+71.1,+70.0,+70.3,+17.2,+17.5,+18.0,+18.1,+18.2,+18.7,+18.5
2023-01-03 19:57,3,+42.1,+44.6,+69.5,+71.1,+70.0,+70.3,+17.2,+17.5,+18.0,+18.1,+18.2,+18.7,+18.5
2023-01-03 20:57,3,+42.1,+44.6,+69.5,+71.1,+70.0,+70.3,+17.2,+17.5,+18.0,+18.1,+18.5,+18.7,+18.5
2023-01-03 21:57,3,+42.0,+44.6,+69.5,+71.1,+70.0,+70.3,+17.1,+17.5,+18.0,+18.1,+18.2,+18.7,+18.6
2023-01-03 22:57,3,+42.0,+44.6,+69.5,+71.1,+70.0,+70.3,+17.1,+17.5,+18.0,+18.1,+18.2,+18.7,+18.6
2023-01-03 23:57,3,+42.0,+44.5,+69.5,+71.1,+70.0,+70.0,+17.1,+17.5,+18.0,+18.1,+18.2,+18.7,+18.6
2023-01-04 00:57,3,+41.9,+44.5,+69.4,+71.1,+70.0,+70.0,+17.0,+17.5,+18.0,+18.1,+18.2,+18.7,+18.6
2023-01-04 01:57,3,+41.9,+44.5,+69.4,+71.1,+70.0,+70.0,+17.0,+17.5,+18.0,+18.1,+18.2,+18.7,+18.6
2023-01-04 02:57,3,+41.9,+44.5,+69.3,+71.1,+70.0,+70.3,+16.8,+17.5,+18.0,+18.1,+18.2,+18.7,+18.6
2023-01-04 03:57,3,+41.9,+44.5,+69.1,+71.1,+70.0,+70.0,+16.8,+17.5,+18.0,+18.1,+18.2,+18.7,+18.5
2023-01-04 04:57,3,+41.8,+44.4,+69.1,+71.1,+70.0,+70.0,+16.7,+17.3,+18.0,+18.1,+18.2,+18.7,+18.6
2023-01-04 05:57,3,+41.9,+44.4,+69.0,+71.1,+70.0,+70.0,+16.7,+17.3,+18.0,+18.1,+18.2,+18.7,+18.6
2023-01-04 06:57,3,+41.9,+44.4,+69.0,+71.1,+70.0,+70.0,+16.7,+17.3,+18.0,+18.1,+18.2,+18.7,+18.5
2023-01-04 07:57,3,+41.8,+44.3,+69.0,+71.1,+70.0,+70.3,+16.7,+17.3,+18.0,+18.1,+18.2,+18.7,+18.6
2023-01-04 08:57,3,+41.8,+44.3,+68.9,+71.3,+70.0,+70.3,+16.7,+17.3,+18.0,+18.0,+18.2,+18.7,+18.6
2023-01-04 09:57,3,+41.7,+44.3,+68.9,+71.3,+70.0,+70.3,+16.8,+17.3,+18.0,+18.1,+18.2,+18.7,+18.6
2023-01-04 10:57,3,+41.7,+44.3,+68.5,+71.3,+70.0,+70.4,+17.0,+17.2,+18.0,+18.1,+18.2,+18.7,+18.6
2023-01-04 11:57,3,+41.6,+44.2,+68.4,+71.3,+70.0,+70.4,+17.2,+17.2,+17.8,+18.1,+18.2,+18.7,+18.6
2023-01-04 12:57,3,+41.6,+44.2,+68.1,+71.4,+70.0,+70.4,+17.3,+17.3,+17.8,+18.1,+18.2,+18.7,+18.5
2023-01-04 13:57,3,+41.6,+44.2,+68.0,+71.4,+70.0,+70.4,+17.5,+17.3,+18.0,+18.1,+18.2,+18.7,+18.5
2023-01-04 14:57,3,+41.6,+44.1,+68.0,+71.3,+70.0,+70.4,+17.6,+17.3,+17.8,+18.1,+18.2,+18.7,+18.6
2023-01-04 15:57,3,+41.6,+44.1,+68.0,+71.3,+70.0,+70.3,+17.6,+17.5,+18.0,+18.1,+18.2,+18.7,+18.6
2023-01-04 16:57,3,+41.6,+44.1,+67.9,+71.3,+70.0,+70.3,+17.6,+17.5,+17.8,+18.0,+18.2,+18.7,+18.5
2023-01-04 17:57,3,+41.5,+44.1,+67.8,+71.1,+70.0,+70.3,+17.5,+17.5,+17.8,+18.0,+18.2,+18.7,+18.6
2023-01-04 18:57,3,+41.5,+44.1,+67.6,+71.1,+70.0,+70.3,+17.3,+17.5,+18.0,+18.0,+18.2,+18.7,+18.6
2023-01-04 19:57,3,+41.5,+44.0,+67.6,+71.1,+70.0,+70.3,+17.3,+17.6,+18.0,+18.0,+18.2,+18.7,+18.6
2023-01-04 20:57,3,+41.4,+44.0,+67.5,+71.1,+70.0,+70.0,+17.2,+17.5,+18.0,+18.1,+18.2,+18.7,+18.6
2023-01-04 21:57,3,+41.4,+44.0,+67.5,+71.1,+70.0,+70.0,+17.1,+17.5,+18.0,+18.1,+18.2,+18.7,+18.6
2023-01-04 22:57,3,+41.3,+44.0,+67.5,+71.1,+70.0,+70.0,+17.1,+17.5,+18.0,+18.0,+18.2,+18.7,+18.5
2023-01-04 23:57,3,+41.3,+44.0,+67.4,+71.1,+70.0,+70.0,+17.0,+17.5,+18.0,+18.1,+18.2,+18.7,+18.5
2023-01-05 00:57,3,+41.3,+43.9,+67.4,+71.1,+70.0,+70.0,+16.8,+17.5,+18.0,+18.0,+18.2,+18.7,+18.6
2023-01-05 01:57,3,+41.2,+43.9,+67.4,+71.1,+70.0,+70.0,+17.0,+17.5,+18.0,+18.0,+18.2,+18.7,+18.6
2023-01-05 02:57,3,+41.2,+43.9,+67.3,+71.1,+70.0,+70.0,+16.7,+17.5,+18.0,+18.0,+18.2,+18.7,+18.6
2023-01-05 03:57,3,+41.2,+43.9,+67.3,+71.1,+70.0,+70.0,+16.8,+17.3,+18.0,+18.1,+18.2,+18.7,+18.6
2023-01-05 04:57,3,+41.1,+43.8,+67.3,+71.1,+70.0,+70.0,+16.7,+17.3,+18.0,+18.0,+18.2,+18.7,+18.6
2023-01-05 05:57,3,+41.1,+43.8,+67.1,+71.1,+70.0,+70.0,+16.7,+17.3,+18.0,+18.0,+18.2,+18.7,+18.6
2023-01-05 06:57,3,+41.1,+43.8,+67.1,+71.1,+70.0,+70.0,+16.6,+17.3,+17.8,+18.0,+18.2,+18.7,+18.5
2023-01-05 07:57,3,+41.0,+43.8,+67.0,+71.1,+70.0,+70.3,+16.6,+17.2,+18.0,+18.1,+18.2,+18.7,+18.6
2023-01-05 08:57,3,+41.0,+43.7,+67.0,+71.1,+70.0,+70.3,+16.6,+17.3,+18.0,+18.1,+18.2,+18.7,+18.5
2023-01-05 09:57,3,+40.6,+43.7,+67.0,+71.3,+70.0,+70.3,+16.7,+17.2,+17.8,+18.0,+18.2,+18.7,+18.6