
2023-02-07 10:57,4,+41.3,+25.0,+16.2,+16.5,+32.5,+39.5,+16.3,+16.2,+16.3,+16.3,+16.6,+16.5,+16.6
2023-02-07 11:57,4,+41.2,+25.0,+16.2,+16.5,+32.5,+39.5,+16.5,+16.2,+16.3,+16.3,+16.5,+16.2,+16.6
2023-02-07 12:57,4,+41.2,+25.0,+16.2,+16.5,+32.5,+39.5,+16.5,+16.2,+16.5,+16.3,+16.5,+16.2,+16.6
2023-02-07 13:57,4,+41.1,+25.0,+16.2,+16.5,+32.5,+39.5,+16.6,+16.2,+16.5,+16.3,+16.5,+16.2,+16.6
2023-02-07 14:57,4,+41.1,+25.0,+16.2,+16.5,+32.5,+39.5,+16.7,+16.3,+16.5,+16.3,+16.5,+16.2,+16.6
2023-02-07 15:57,4,+41.1,+25.0,+16.2,+16.5,+32.5,+39.5,+16.7,+16.3,+16.5,+16.3,+16.6,+16.5,+16.6
2023-02-07 16:57,4,+41.1,+25.0,+16.2,+16.5,+32.5,+39.5,+16.7,+16.3,+16.5,+16.3,+16.5,+16.5,+16.6
2023-02-07 17:57,4,+41.0,+25.0,+16.2,+16.5,+32.5,+39.5,+16.7,+16.5,+16.5,+16.3,+16.5,+16.2,+16.6
2023-02-07 18:57,4,+41.0,+25.0,+16.2,+16.5,+32.5,+39.5,+16.7,+16.5,+16.5,+16.3,+16.5,+16.2,+16.6
2023-02-07 19:57,4,+41.0,+25.0,+16.2,+16.5,+32.5,+39.5,+16.7,+16.5,+16.5,+16.3,+16.5,+16.2,+16.6
2023-02-07 20:57,4,+41.0,+25.0,+16.2,+16.5,+32.5,+39.5,+16.6,+16.5,+16.5,+16.3,+16.5,+16.2,+16.6
2023-02-07 21:57,4,+41.0,+25.0,+16.2,+16.5,+32.5,+39.5,+16.6,+16.5,+16.6,+16.5,+16.5,+16.2,+16.6
2023-02-07 22:57,4,+40.9,+25.0,+16.2,+16.6,+32.5,+39.5,+16.6,+16.5,+16.6,+16.3,+16.6,+16.5,+16.6
2023-02-07 23:57,4,+40.9,+25.0,+16.2,+16.5,+32.5,+39.5,+16.5,+16.5,+16.6,+16.5,+16.5,+16.2,+16.6
2023-02-08 00:57,4,+40.9,+25.0,+16.2,+16.6,+32.5,+39.5,+16.5,+16.5,+16.6,+16.5,+16.5,+16.2,+16.6
2023-02-08 01:57,4,+40.9,+25.0,+16.2,+16.6,+32.5,+39.5,+16.3,+16.5,+16.6,+16.5,+16.6,+16.2,+16.7
2023-02-08 02:57,4,+40.8,+25.0,+16.2,+16.6,+32.5,+39.5,+16.3,+16.5,+16.6,+16.5,+16.6,+16.2,+16.6
2023-02-08 03:57,4,+40.8,+25.0,+16.2,+16.6,+32.5,+39.5,+16.2,+16.5,+16.7,+16.5,+16.6,+16.2,+16.6
2023-02-08 04:57,4,+40.8,+25.0,+16.2,+16.6,+32.5,+39.5,+16.2,+16.5,+16.6,+16.5,+16.6,+16.2,+16.6
2023-02-08 05:57,4,+40.8,+25.0,+16.2,+16.6,+32.5,+39.5,+16.2,+16.3,+16.6,+16.5,+16.6,+16.2,+16.6
2023-02-08 06:57,4,+40.8,+25.0,+16.3,+16.6,+32.5,+39.5,+16.1,+16.3,+16.6,+16.5,+16.6,+16.2,+16.7
2023-02-08 07:57,4,+40.7,+25.0,+16.2,+16.6,+32.5,+39.5,+16.2,+16.3,+16.6,+16.5,+16.6,+16.5,+16.6
2023-02-08 08:57,4,+40.7,+25.0,+16.3,+16.6,+32.5,+39.5,+16.1,+16.3,+16.6,+16.5,+16.6,+16.2,+16.7
2023-02-08 09:57,4,+40.7,+25.0,+16.3,+16.6,+32.5,+39.5,+16.2,+16.2,+16.6,+16.5,+16.6,+16.2,+16.6
2023-02-08 10:57,4,+40.7,+25.0,+16.3,+16.6,+32.5,+39.5,+16.2,+16.3,+16.6,+16.5,+16.6,+16.2,+16.6
2023-02-08 11:57,4,+40.6,+25.0,+16.3,+16.6,+32.5,+39.5,+16.3,+16.3,+16.6,+16.5,+16.6,+16.5,+16.6
2023-02-08 12:57,4,+40.6,+25.0,+16.3,+16.6,+32.5,+39.5,+16.5,+16.3,+16.6,+16.5,+16.6,+16.2,+16.6
2023-02-08 13:57,4,+40.5,+25.0,+16.3,+16.6,+32.5,+39.5,+16.6,+16.3,+16.6,+16.5,+16.6,+16.5,+16.6
2023-02-08 14:57,4,+40.5,+25.0,+16.3,+16.6,+32.5,+39.5,+16.7,+16.3,+16.6,+16.5,+16.6,+16.5,+16.6
2023-02-08 15:57,4,+40.5,+25.0,+16.3,+16.6,+32.5,+39.5,+16.8,+16.5,+16.6,+16.5,+16.6,+16.5,+16.6
2023-02-08 16:57,4,+40.5,+25.0,+16.3,+16.6,+32.5,+39.5,+16.8,+16.5,+16.6,+16.6,+16.6,+16.5,+16.6
2023-02-08 17:57,4,+40.5,+25.0,+16.3,+16.6,+32.5,+39.5,+16.8,+16.5,+16.6,+16.5,+16.6,+16.5,+16.6
2023-02-08 18:57,4,+40.5,+25.0,+16.3,+16.6,+32.5,+39.5,+16.7,+16.6,+16.6,+16.5,+16.6,+16.5,+16.6
2023-02-08 19:57,4,+40.4,+25.0,+16.2,+16.6,+32.5,+39.5,+16.7,+16.6,+16.6,+16.5,+16.6,+16.5,+16.6
2023-02-08 20:57,4,+40.4,+25.0,+16.2,+16.6,+32.5,+39.5,+16.7,+16.5,+16.6,+16.6,+16.6,+16.5,+16.6
2023-02-08 21:57,4,+40.3,+25.0,+16.2,+16.6,+32.4,+39.5,+16.6,+16.6,+16.6,+16.5,+16.6,+16.5,+16.7
2023-02-08 22:57,4,+40.3,+25.0,+16.2,+16.6,+32.4,+39.5,+16.6,+16.6,+16.6,+16.5,+16.6,+16.5,+16.6
2023-02-08 23:57,4,+40.3,+24.9,+16.2,+16.6,+32.4,+39.5,+16.5,+16.6,+16.7,+16.6,+16.6,+16.5,+16.6
2023-02-09 00:57,4,+40.2,+24.9,+16.2,+16.5,+32.4,+39.5,+16.3,+16.5,+16.7,+16.6,+16.6,+16.5,+16.7
2023-02-09 01:57,4,+40.2,+24.9,+16.2,+16.5,+32.4,+39.5,+16.3,+16.5,+16.7,+16.6,+16.6,+16.5,+16.6
2023-02-09 02:57,4,+40.2,+24.9,+16.2,+16.5,+32.4,+39.5,+16.2,+16.5,+16.7,+16.6,+16.6,+16.5,+16.6
2023-02-09 03:57,4,+40.2,+24.9,+16.2,+16.5,+32.4,+39.5,+16.2,+16.5,+16.7,+16.6,+16.6,+16.5,+16.6
2023-02-09 04:57,4,+40.1,+24.9,+16.2,+16.5,+32.4,+39.5,+16.2,+16.5,+16.7,+16.6,+16.6,+16.5,+16.6
2023-02-09 05:57,4,+40.1,+24.9,+16.2,+16.6,+32.4,+39.5,+16.1,+16.3,+16.7,+16.6,+16.6,+16.5,+16.7
2023-02-09 06:57,4,+40.1,+24.9,+16.2,+16.5,+32.5,+39.5,+16.1,+16.3,+16.7,+16.6,+16.6,+16.5,+16.6
2023-02-09 07:57,4,+40.1,+24.9,+16.2,+16.6,+32.4,+39.5,+16.1,+16.3,+16.7,+16.6,+16.7,+16.5,+16.6
2023-02-09 08:57,4,+40.1,+24.9,+16.2,+16.6,+32.4,+39.5,+16.1,+16.3,+16.7,+16.6,+16.6,+16.5,+16.6
2023-02-09 09:57,4,+40.0,+24.9,+16.2,+16.6,+32.4,+39.5,+16.1,+16.2,+16.7,+16.6,+16.7,+16.5,+16.6
2023-02-09 10:57,4,+40.0,+24.8,+16.2,+16.6,+32.5,+39.5,+16.1,+16.3,+16.6,+16.6,+16.6,+16.5,+16.7
2023-02-09 11:57,4,+40.0,+24.8,+16.2,+16.6,+32.4,+39.5,+16.2,+16.3,+16.6,+16.6,+16.6,+16.5,+16.6
2023-02-09 12:57,4,+39.9,+24.8,+16.2,+16.6,+32.4,+39.5,+16.5,+16.3,+16.6,+16.6,+16.6,+16.5,+16.7
2023-02-09 13:57,4,+39.9,+24.8,+16.2,+16.6,+32.4,+39.5,+16.6,+16.3,+16.6,+16.6,+16.7,+16.5,+16.6
2023-02-09 14:57,4,+39.9,+24.8,+16.2,+16.6,+32.4,+39.5,+16.7,+16.3,+16.7,+16.6,+16.6,+16.5,+16.7
2023-02-09 15:57,4,+39.8,+24.8,+16.2,+16.6,+32.4,+39.5,+16.7,+16.5,+16.6,+16.6,+16.7,+16.5,+16.6
2023-02-09 16:57,4,+39.8,+24.8,+16.2,+16.6,+32.4,+39.5,+16.7,+16.5,+16.6,+16.6,+16.6,+16.5,+16.6
2023-02-09 17:57,4,+39.8,+24.8,+16.2,+16.6,+32.5,+39.5,+16.7,+16.6,+16.6,+16.6,+16.6,+16.5,+16.7
2023-02-09 18:57,4,+39.8,+24.8,+16.2,+16.6,+32.4,+39.5,+16.7,+16.5,+16.6,+16.6,+16.7,+16.5,+16.7
2023-02-09 19:57,4,+39.8,+24.8,+16.2,+16.6,+32.5,+39.5,+16.7,+16.6,+16.7,+16.6,+16.7,+16.5,+16.7
2023-02-09 20:57,4,+39.8,+24.8,+16.2,+16.6,+32.4,+39.5,+16.6,+16.6,+16.7,+16.6,+16.7,+16.5,+16.7
2023-02-09 21:57,4,+39.8,+24.8,+16.2,+16.6,+32.5,+39.5,+16.6,+16.6,+16.7,+16.6,+16.7,+16.5,+16.7
2023-02-09 22:57,4,+39.7,+24.8,+16.2,+16.6,+32.4,+39.5,+16.5,+16.6,+16.7,+16.6,+16.7,+16.5,+16.7
2023-02-09 23:57,4,+39.7,+24.7,+16.2,+16.6,+32.5,+39.5,+16.5,+16.6,+16.7,+16.6,+16.6,+16.6,+16.7
2023-02-10 00:57,4,+39.7,+24.8,+16.2,+16.6,+32.4,+39.5,+16.3,+16.5,+16.8,+16.7,+16.6,+16.5,+16.7
2023-02-10 01:57,4,+39.7,+24.7,+16.2,+16.6,+32.4,+39.5,+16.3,+16.5,+16.7,+16.6,+16.7,+16.5,+16.6
2023-02-10 02:57,4,+39.7,+24.7,+16.2,+16.6,+32.5,+39.5,+16.2,+16.5,+16.7,+16.6,+16.6,+16.5,+16.7
2023-02-10 03:57,4,+39.6,+24.7,+16.2,+16.6,+32.5,+39.5,+16.2,+16.3,+16.7,+16.6,+16.7,+16.5,+16.7
2023-02-10 04:57,4,+39.6,+24.7,+16.2,+16.6,+32.5,+39.5,+16.1,+16.5,+16.7,+16.6,+16.7,+16.5,+16.6
2023-02-10 05:57,4,+39.6,+24.7,+16.2,+16.6,+32.5,+39.5,+16.1,+16.3,+16.7,+16.7,+16.7,+16.5,+16.7
2023-02-10 06:57,4,+39.6,+24.7,+16.2,+16.6,+32.5,+39.5,+16.1,+16.3,+16.7,+16.6,+16.7,+16.5,+16.7
2023-02-10 07:57,4,+39.6,+24.7,+16.2,+16.6,+32.5,+39.5,+16.1,+16.3,+16.7,+16.6,+16.7,+16.5,+16.7
2023-02-10 08:57,4,+39.6,+24.7,+16.2,+16.6,+32.5,+39.5,+16.1,+16.3,+16.7,+16.6,+16.7,+16.5,+16.7
2023-02-10 09:57,4,+39.6,+24.7,+16.2,+16.6,+32.5,+39.5,+16.2,+16.3,+16.7,+16.6,+16.7,+16.6,+16.7
2023-02-10 10:57,4,+39.5,+24.7,+16.2,+16.6,+32.5,+39.5,+16.2,+16.3,+16.7,+16.7,+16.7,+16.5,+16.7
2023-02-10 11:57,4,+39.5,+24.7,+16.2,+16.6,+32.5,+39.5,+16.3,+16.3,+16.7,+16.6,+16.7,+16.5,+16.7
2023-02-10 12:57,4,+39.5,+24.7,+16.2,+16.6,+32.5,+39.5,+16.3,+16.3,+16.7,+16.6,+16.7,+16.5,+16.7
2023-02-10 13:57,4,+39.5,+24.7,+16.2,+16.6,+32.5,+39.5,+16.5,+16.3,+16.6,+16.7,+16.7,+16.5,+16.7
2023-02-10 14:57,4,+39.4,+24.7,+16.2,+16.6,+32.5,+39.5,+16.5,+16.3,+16.7,+16.6,+16.7,+16.6,+16.7
2023-02-10 15:57,4,+39.4,+24.7,+16.2,+16.6,+32.5,+39.5,+16.6,+16.3,+16.6,+16.6,+16.7,+16.5,+16.7
2023-02-10 16:57,4,+39.4,+24.7,+16.2,+16.6,+32.5,+39.5,+16.6,+16.5,+16.6,+16.6,+16.7,+16.5,+16.7
2023-02-10 17:57,4,+39.4,+24.6,+16.2,+16.6,+32.5,+39.5,+16.5,+16.5,+16.7,+16.6,+16.7,+16.5,+16.7
2023-02-10 18:57,4,+39.4,+24.6,+16.2,+16.6,+32.5,+39.5,+16.5,+16.5,+16.7,+16.6,+16.7,+16.5,+16.7
2023-02-10 19:57,4,+39.4,+24.6,+16.2,+16.6,+32.5,+39.5,+16.5,+16.5,+16.7,+16.6,+16.7,+16.5,+16.7
2023-02-10 20:57,4,+39.4,+24.6,+16.2,+16.6,+32.5,+39.5,+16.5,+16.5,+16.7,+16.6,+16.7,+16.5,+16.7
2023-02-10 21:57,4,+39.4,+24.6,+16.2,+16.6,+32.5,+39.5,+16.5,+16.5,+16.7,+16.6,+16.7,+16.5,+16.7
2023-02-10 22:57,4,+39.4,+24.6,+16.2,+16.6,+32.5,+39.5,+16.3,+16.5,+16.7,+16.7,+16.7,+16.6,+16.7
2023-02-10 23:57,4,+39.4,+24.6,+16.2,+16.6,+32.5,+39.5,+16.3,+16.5,+16.7,+16.6,+16.7,+16.5,+16.7
2023-02-11 00:57,4,+39.4,+24.6,+16.2,+16.6,+32.5,+39.5,+16.3,+16.5,+16.7,+16.6,+16.7,+16.6,+16.7
2023-02-11 01:57,4,+39.3,+24.6,+16.2,+16.6,+32.5,+39.5,+16.3,+16.5,+16.7,+16.6,+16.7,+16.5,+16.7
2023-02-11 02:57,4,+39.3,+24.6,+16.2,+16.6,+32.5,+39.5,+16.2,+16.5,+16.7,+16.7,+16.7,+16.5,+16.7
2023-02-11 03:57,4,+39.3,+24.6,+16.2,+16.6,+32.5,+39.5,+16.1,+16.3,+16.7,+16.6,+16.7,+16.6,+16.7
2023-02-11 04:57,4,+39.3,+24.6,+16.2,+16.5,+32.5,+39.5,+16.2,+16.3,+16.7,+16.6,+16.7,+16.5,+16.7
2023-02-11 05:57,4,+39.2,+24.6,+16.2,+16.5,+32.4,+39.5,+16.1,+16.3,+16.7,+16.6,+16.7,+16.5,+16.7
2023-02-11 06:57,4,+39.2,+24.6,+16.2,+16.5,+32.4,+39.5,+16.1,+16.3,+16.7,+16.7,+16.7,+16.6,+16.7
2023-02-11 07:57,4,+39.2,+24.6,+16.2,+16.5,+32.4,+39.5,+16.1,+16.3,+16.7,+16.6,+16.7,+16.5,+16.7
2023-02-11 08:57,4,+39.2,+24.6,+16.2,+16.5,+32.4,+39.5,+16.1,+16.2,+16.7,+16.7,+16.7,+16.6,+16.7
2023-02-11 09:57,4,+39.2,+24.6,+16.2,+16.5,+32.4,+39.5,+16.1,+16.2,+16.6,+16.6,+16.7,+16.5,+16.7
2023-02-11 10:57,4,+39.1,+24.5,+16.2,+16.5,+32.4,+39.5,+16.2,+16.3,+16.6,+16.6,+16.7,+16.5,+16.7
2023-02-11 11:57,4,+39.1,+24.5,+16.2,+16.5,+32.4,+39.5,+16.3,+16.3,+16.7,+16.6,+16.7,+16.6,+16.7
2023-02-11 12:57,4,+39.1,+24.5,+16.2,+16.5,+32.4,+39.5,+16.3,+16.3,+16.7,+16.6,+16.7,+16.6,+16.7
2023-02-11 13:57,4,+39.0,+24.5,+16.2,+16.5,+32.4,+39.5,+16.5,+16.3,+16.7,+16.6,+16.7,+16.6,+16.7
2023-02-11 14:57,4,+39.0,+24.5,+16.2,+16.5,+32.4,+39.5,+16.6,+16.3,+16.7,+16.6,+16.7,+16.6,+16.7
2023-02-11 15:57,4,+39.0,+24.5,+16.2,+16.5,+32.4,+39.5,+16.6,+16.5,+16.7,+16.6,+16.7,+16.5,+16.7
2023-02-11 16:57,4,+39.0,+24.5,+16.2,+16.5,+32.4,+39.5,+16.6,+16.5,+16.7,+16.6,+16.7,+16.5,+16.7
2023-02-11 17:57,4,+39.0,+24.5,+16.2,+16.5,+32.4,+39.5,+16.6,+16.5,+16.7,+16.6,+16.7,+16.6,+16.7
2023-02-11 18:57,4,+38.9,+24.5,+16.2,+16.5,+32.4,+39.5,+16.6,+16.5,+16.7,+16.6,+16.7,+16.6,+16.7
2023-02-11 19:57,4,+38.9,+24.5,+16.2,+16.5,+32.4,+39.5,+16.6,+16.5,+16.7,+16.6,+16.7,+16.6,+16.7
2023-02-11 20:57,4,+38.9,+24.5,+16.2,+16.5,+32.4,+39.5,+16.5,+16.5,+16.7,+16.6,+16.7,+16.6,+16.7
2023-02-11 21:57,4,+38.9,+24.5,+16.2,+16.5,+32.4,+39.5,+16.3,+16.5,+16.7,+16.6,+16.7,+16.5,+16.7
2023-02-11 22:57,4,+38.9,+24.5,+16.2,+16.5,+32.4,+39.5,+16.3,+16.5,+16.7,+16.6,+16.7,+16.5,+16.7
2023-02-11 23:57,4,+38.8,+24.5,+16.2,+16.5,+32.4,+39.5,+16.2,+16.5,+16.7,+16.7,+16.7,+16.6,+16.7
2023-02-12 00:57,4,+38.8,+24.5,+16.2,+16.5,+32.4,+39.5,+16.1,+16.5,+16.7,+16.7,+16.7,+16.6,+16.7
2023-02-12 01:57,4,+38.8,+24.5,+16.2,+16.5,+32.4,+39.5,+16.1,+16.3,+16.7,+16.7,+16.7,+16.6,+16.7
2023-02-12 02:57,4,+38.8,+24.5,+16.2,+16.5,+32.4,+39.5,+16.1,+16.3,+16.7,+16.7,+16.7,+16.6,+16.7
2023-02-12 03:57,4,+38.7,+24.5,+16.2,+16.5,+32.4,+39.5,+16.1,+16.3,+16.7,+16.6,+16.7,+16.6,+16.7
2023-02-12 04:57,4,+38.7,+24.4,+16.2,+16.5,+32.4,+39.5,+16.1,+16.3,+16.7,+16.6,+16.7,+16.6,+16.7
2023-02-12 05:57,4,+38.7,+24.4,+16.2,+16.5,+32.4,+39.5,+16.0,+16.3,+16.7,+16.6,+16.7,+16.6,+16.7
2023-02-12 06:57,4,+38.7,+24.4,+16.2,+16.5,+32.4,+39.5,+16.0,+16.2,+16.7,+16.7,+16.7,+16.6,+16.7
2023-02-12 07:57,4,+38.7,+24.4,+16.2,+16.5,+32.4,+39.5,+16.0,+16.3,+16.7,+16.7,+16.7,+16.6,+16.7
2023-02-12 08:57,4,+38.7,+24.4,+16.2,+16.5,+32.4,+39.5,+16.0,+16.2,+16.6,+16.7,+16.7,+16.6,+16.7
2023-02-12 09:57,4,+38.6,+24.4,+16.2,+16.5,+32.4,+39.5,+16.0,+16.2,+16.7,+16.6,+16.7,+16.6,+16.7
2023-02-12 10:57,4,+38.6,+24.4,+16.2,+16.5,+32.4,+39.5,+16.0,+16.2,+16.7,+16.7,+16.7,+16.6,+16.7
2023-02-12 11:57,4,+38.6,+24.4,+16.2,+16.5,+32.4,+39.5,+16.1,+16.2,+16.6,+16.7,+16.7,+16.5,+16.7
2023-02-12 12:57,4,+38.5,+24.4,+16.2,+16.5,+32.4,+39.5,+16.2,+16.2,+16.6,+16.6,+16.7,+16.5,+16.7
2023-02-12 13:57,4,+38.5,+24.4,+16.2,+16.5,+32.4,+39.5,+16.5,+16.2,+16.6,+16.7,+16.7,+16.5,+16.7
2023-02-12 14:57,4,+38.4,+24.4,+16.2,+16.5,+32.4,+39.5,+16.6,+16.3,+16.6,+16.6,+16.7,+16.6,+16.7
2023-02-12 15:57,4,+38.4,+24.4,+16.2,+16.5,+32.4,+39.5,+16.5,+16.3,+16.6,+16.6,+16.7,+16.6,+16.7
2023-02-12 16:57,4,+38.4,+24.4,+16.2,+16.5,+32.4,+39.5,+16.5,+16.3,+16.6,+16.6,+16.7,+16.6,+16.7
2023-02-12 17:57,4,+38.4,+24.4,+16.2,+16.5,+32.4,+39.5,+16.6,+16.3,+16.6,+16.6,+16.7,+16.6,+16.7
2023-02-12 18:57,4,+38.4,+24.4,+16.2,+16.5,+32.4,+39.5,+16.5,+16.3,+16.6,+16.6,+16.7,+16.6,+16.7
2023-02-12 19:57,4,+38.3,+24.3,+16.2,+16.5,+32.4,+39.5,+16.3,+16.3,+16.6,+16.6,+16.7,+16.6,+16.7
2023-02-12 20:57,4,+38.3,+24.3,+16.2,+16.5,+32.4,+39.5,+16.2,+16.3,+16.6,+16.6,+16.7,+16.6,+16.7
2023-02-12 21:57,4,+38.3,+24.3,+16.2,+16.5,+32.4,+39.5,+16.2,+16.5,+16.6,+16.6,+16.7,+16.5,+16.7
2023-02-12 22:57,4,+38.3,+24.3,+16.2,+16.5,+32.4,+39.5,+16.2,+16.3,+16.7,+16.6,+16.7,+16.5,+16.7
2023-02-12 23:57,4,+38.3,+24.3,+16.2,+16.5,+32.4,+39.5,+16.1,+16.3,+16.7,+16.6,+16.7,+16.6,+16.7
2023-02-13 00:57,4,+38.3,+24.3,+16.2,+16.5,+32.4,+39.5,+16.1,+16.2,+16.7,+16.6,+16.7,+16.5,+16.7
2023-02-13 01:57,4,+38.3,+24.3,+16.2,+16.5,+32.4,+39.5,+16.1,+16.3,+16.7,+16.6,+16.7,+16.6,+16.7
2023-02-13 02:57,4,+38.4,+24.3,+16.2,+16.5,+32.4,+39.5,+16.0,+16.3,+16.6,+16.6,+16.7,+16.6,+16.7
2023-02-13 03:57,4,+38.7,+24.3,+16.2,+16.5,+32.4,+39.5,+16.1,+16.3,+16.6,+16.6,+16.7,+16.5,+16.7
2023-02-13 04:57,4,+38.9,+24.3,+16.2,+16.5,+32.4,+39.5,+16.1,+16.2,+16.6,+16.6,+16.7,+16.5,+16.7
2023-02-13 05:57,4,+39.1,+24.3,+16.2,+16.5,+32.4,+39.5,+16.0,+16.2,+16.6,+16.7,+16.7,+16.6,+16.7
2023-02-13 06:57,4,+39.2,+24.3,+16.2,+16.5,+32.4,+39.5,+16.0,+16.2,+16.6,+16.7,+16.7,+16.5,+16.7
2023-02-13 07:57,4,+39.3,+24.3,+16.2,+16.5,+32.4,+39.5,+16.0,+16.2,+16.6,+16.6,+16.7,+16.6,+16.7
2023-02-13 08:57,4,+39.4,+24.3,+16.2,+16.5,+32.4,+39.5,+16.0,+16.2,+16.6,+16.7,+16.7,+16.5,+16.7
2023-02-13 09:57,4,+39.4,+24.3,+16.2,+16.5,+32.4,+39.5,+16.0,+16.2,+16.6,+16.6,+16.7,+16.6,+16.7
2023-02-13 10:57,4,+39.4,+24.3,+16.2,+16.5,+32.4,+39.5,+16.0,+16.2,+16.6,+16.6,+16.7,+16.6,+16.7
2023-02-13 11:57,4,+39.4,+24.3,+16.2,+16.5,+32.4,+39.5,+16.1,+16.2,+16.6,+16.6,+16.7,+16.6,+16.7
2023-02-13 12:57,4,+39.4,+24.3,+16.2,+16.5,+32.4,+39.5,+16.2,+16.2,+16.6,+16.6,+16.7,+16.6,+16.7
2023-02-13 13:57,4,+39.4,+24.3,+16.2,+16.5,+32.4,+39.5,+16.5,+16.2,+16.6,+16.6,+16.7,+16.6,+16.7
2023-02-13 14:57,4,+39.4,+24.3,+16.2,+16.5,+32.4,+39.5,+16.5,+16.2,+16.6,+16.6,+16.7,+16.6,+16.7
2023-02-13 15:57,4,+39.3,+24.3,+16.2,+16.5,+32.4,+39.5,+16.5,+16.3,+16.6,+16.6,+16.7,+16.5,+16.7
2023-02-13 16:57,4,+39.3,+24.3,+16.2,+16.5,+32.4,+39.5,+16.5,+16.3,+16.6,+16.6,+16.7,+16.6,+16.7
2023-02-13 17:57,4,+39.3,+24.3,+16.2,+16.5,+32.4,+39.5,+16.6,+16.3,+16.6,+16.6,+16.7,+16.6,+16.7
2023-02-13 18:57,4,+39.3,+24.3,+16.2,+16.5,+32.4,+39.5,+16.5,+16.3,+16.6,+16.6,+16.7,+16.6,+16.7
2023-02-13 19:57,4,+39.3,+24.3,+16.2,+16.5,+32.4,+39.5,+16.5,+16.3,+16.6,+16.6,+16.7,+16.6,+16.7
2023-02-13 20:57,4,+39.3,+24.3,+16.2,+16.5,+32.4,+39.5,+16.3,+16.5,+16.6,+16.6,+16.7,+16.6,+16.7
2023-02-13 21:57,4,+39.3,+24.3,+16.2,+16.5,+32.4,+39.5,+16.3,+16.3,+16.6,+16.6,+16.7,+16.6,+16.7
2023-02-13 22:57,4,+39.3,+24.3,+16.2,+16.5,+32.4,+39.5,+16.2,+16.3,+16.6,+16.6,+16.7,+16.5,+16.7
2023-02-13 23:57,4,+39.2,+24.3,+16.2,+16.5,+32.4,+39.5,+16.2,+16.3,+16.6,+16.7,+16.7,+16.6,+16.7
2023-02-14 00:57,4,+39.2,+24.3,+16.2,+16.5,+32.4,+39.5,+16.2,+16.3,+16.7,+16.6,+16.7,+16.6,+16.7
2023-02-14 01:57,4,+39.2,+24.3,+16.2,+16.5,+32.4,+39.5,+16.2,+16.3,+16.7,+16.6,+16.7,+16.6,+16.7
2023-02-14 02:57,4,+39.2,+24.3,+16.2,+16.5,+32.4,+39.5,+16.0,+16.3,+16.6,+16.6,+16.7,+16.6,+16.7
2023-02-14 03:57,4,+39.2,+24.3,+16.2,+16.5,+32.4,+39.5,+16.1,+16.2,+16.6,+16.6,+16.7,+16.6,+16.7
2023-02-14 04:57,4,+39.1,+24.3,+16.2,+16.5,+32.4,+39.5,+16.0,+16.2,+16.7,+16.6,+16.7,+16.6,+16.7
2023-02-14 05:57,4,+39.1,+24.3,+16.2,+16.5,+32.4,+39.5,+15.8,+16.2,+16.6,+16.6,+16.7,+16.6,+16.7
2023-02-14 06:57,4,+39.1,+24.3,+16.2,+16.5,+32.4,+39.5,+15.8,+16.2,+16.6,+16.6,+16.7,+16.6,+16.7
2023-02-14 07:57,4,+39.1,+24.3,+16.2,+16.5,+32.4,+39.5,+15.8,+16.2,+16.6,+16.6,+16.7,+16.6,+16.7
2023-02-14 08:57,4,+39.1,+24.3,+16.2,+16.5,+32.4,+39.5,+15.8,+16.2,+16.6,+16.6,+16.7,+16.5,+16.7
2023-02-14 09:57,4,+39.1,+24.3,+16.2,+16.5,+32.4,+39.5,+15.8,+16.1,+16.6,+16.6,+16.7,+16.6,+16.7
2023-02-14 10:57,4,+39.0,+24.3,+16.2,+16.5,+32.4,+39.5,+16.0,+16.1,+16.6,+16.6,+16.7,+16.6,+16.7
2023-02-14 11:57,4,+39.0,+24.3,+16.2,+16.5,+32.4,+39.5,+16.1,+16.1,+16.6,+16.6,+16.7,+16.6,+16.7
2023-02-14 12:57,4,+39.0,+24.3,+16.2,+16.5,+32.4,+39.5,+16.2,+16.2,+16.6,+16.7,+16.7,+16.6,+16.7
2023-02-14 13:57,4,+38.9,+24.3,+16.2,+16.5,+32.4,+39.5,+16.3,+16.2,+16.6,+16.6,+16.7,+16.6,+16.7
2023-02-14 14:57,4,+38.9,+24.3,+16.2,+16.5,+32.4,+39.5,+16.5,+16.2,+16.6,+16.6,+16.7,+16.6,+16.7
2023-02-14 15:57,4,+38.9,+24.3,+16.2,+16.5,+32.4,+39.5,+16.6,+16.2,+16.6,+16.6,+16.7,+16.6,+16.7
2023-02-14 16:57,4,+38.8,+24.3,+16.2,+16.5,+32.4,+39.5,+16.5,+16.3,+16.6,+16.6,+16.7,+16.6,+16.7
2023-02-14 17:57,4,+38.8,+24.3,+16.2,+16.5,+32.4,+39.5,+16.6,+16.3,+16.6,+16.6,+16.7,+16.6,+16.7
2023-02-14 18:57,4,+38.8,+24.3,+16.2,+16.5,+32.4,+39.5,+16.5,+16.3,+16.6,+16.6,+16.7,+16.6,+16.7
2023-02-14 19:57,4,+38.8,+24.3,+16.2,+16.5,+32.4,+39.5,+16.5,+16.3,+16.6,+16.6,+16.7,+16.6,+16.7
2023-02-14 20:57,4,+38.8,+24.3,+16.2,+16.5,+32.4,+39.5,+16.5,+16.3,+16.6,+16.6,+16.7,+16.6,+16.7
2023-02-14 21:57,4,+38.8,+24.3,+16.2,+16.5,+32.4,+39.5,+16.5,+16.5,+16.6,+16.6,+16.7,+16.6,+16.7
2023-02-14 22:57,4,+38.8,+24.3,+16.2,+16.5,+32.4,+39.5,+16.3,+16.3,+16.6,+16.6,+16.7,+16.6,+16.7
2023-02-14 23:57,4,+38.8,+24.3,+16.2,+16.5,+32.4,+39.5,+16.3,+16.3,+16.6,+16.6,+16.7,+16.6,+16.7
2023-02-15 00:57,4,+38.8,+24.3,+16.2,+16.5,+32.4,+39.5,+16.3,+16.5,+16.6,+16.6,+16.7,+16.6,+16.7
2023-02-15 01:57,4,+38.7,+24.3,+16.2,+16.5,+32.4,+39.5,+16.3,+16.3,+16.7,+16.6,+16.7,+16.5,+16.7
2023-02-15 02:57,4,+38.7,+24.3,+16.2,+16.5,+32.4,+39.5,+16.2,+16.3,+16.6,+16.6,+16.7,+16.6,+16.7
2023-02-15 03:57,4,+38.7,+24.3,+16.2,+16.5,+32.4,+39.5,+16.2,+16.3,+16.7,+16.6,+16.7,+16.5,+16.7
2023-02-15 04:57,4,+38.7,+24.3,+16.2,+16.5,+32.4,+39.5,+16.2,+16.3,+16.6,+16.6,+16.7,+16.6,+16.7
2023-02-15 05:57,4,+38.7,+24.3,+16.2,+16.5,+32.4,+39.5,+16.2,+16.3,+16.6,+16.6,+16.7,+16.6,+16.7
2023-02-15 06:57,4,+38.7,+24.3,+16.2,+16.5,+32.4,+39.5,+16.2,+16.5,+16.6,+16.6,+16.7,+16.5,+16.7
2023-02-15 07:57,4,+38.7,+24.3,+16.2,+16.5,+32.4,+39.5,+16.1,+16.3,+16.6,+16.6,+16.7,+16.6,+16.7
2023-02-15 08:57,4,+38.7,+24.3,+16.2,+16.5,+32.4,+39.5,+16.1,+16.3,+16.7,+16.6,+16.7,+16.6,+16.7
2023-02-15 09:57,4,+38.7,+24.3,+16.2,+16.3,+32.4,+39.5,+16.2,+16.3,+16.6,+16.6,+16.7,+16.6,+16.7
2023-02-15 10:57,4,+38.6,+24.3,+16.2,+16.5,+32.4,+39.5,+16.3,+16.3,+16.7,+16.6,+16.7,+16.6,+16.7
2023-02-15 11:57,4,+38.6,+24.3,+16.2,+16.3,+32.4,+39.5,+16.3,+16.3,+16.6,+16.6,+16.7,+16.5,+16.7
2023-02-15 12:57,4,+38.6,+24.3,+16.2,+16.3,+32.4,+39.5,+16.5,+16.3,+16.6,+16.6,+16.7,+16.6,+16.7
2023-02-15 13:57,4,+38.6,+24.3,+16.2,+16.3,+32.4,+39.5,+16.7,+16.5,+16.6,+16.6,+16.7,+16.6,+16.7
2023-02-15 14:57,4,+38.6,+24.2,+16.2,+16.3,+32.4,+39.5,+16.7,+16.3,+16.6,+16.6,+16.7,+16.6,+16.7
2023-02-15 15:57,4,+38.5,+24.2,+16.1,+16.3,+32.4,+39.5,+16.7,+16.5,+16.7,+16.6,+16.7,+16.6,+16.7
2023-02-15 16:57,4,+38.5,+24.2,+16.1,+16.3,+32.4,+39.5,+16.7,+16.5,+16.7,+16.6,+16.7,+16.6,+16.7
2023-02-15 17:57,4,+38.5,+24.2,+16.2,+16.3,+32.4,+39.5,+16.7,+16.5,+16.6,+16.6,+16.7,+16.6,+16.7
2023-02-15 18:57,4,+38.5,+24.3,+16.2,+16.3,+32.4,+39.5,+16.7,+16.5,+16.7,+16.6,+16.7,+16.5,+16.7
2023-02-15 19:57,4,+38.5,+24.3,+16.2,+16.3,+32.4,+39.5,+16.6,+16.5,+16.7,+16.6,+16.7,+16.5,+16.7
2023-02-15 20:57,4,+38.5,+24.3,+16.1,+16.3,+32.4,+39.5,+16.6,+16.6,+16.7,+16.6,+16.7,+16.6,+16.7
2023-02-15 21:57,4,+38.5,+24.3,+16.2,+16.3,+32.4,+39.5,+16.6,+16.6,+16.7,+16.7,+16.7,+16.6,+16.7
2023-02-15 22:57,4,+38.5,+24.3,+16.1,+16.3,+32.4,+39.5,+16.5,+16.5,+16.7,+16.6,+16.7,+16.6,+16.7
2023-02-15 23:57,4,+38.5,+24.3,+16.1,+16.3,+32.4,+39.5,+16.5,+16.5,+16.7,+16.6,+16.7,+16.6,+16.7
2023-02-16 00:57,4,+38.5,+24.3,+16.1,+16.3,+32.4,+39.5,+16.5,+16.6,+16.7,+16.6,+16.7,+16.6,+16.7
2023-02-16 01:57,4,+38.4,+24.3,+16.2,+16.3,+32.4,+39.5,+16.5,+16.5,+16.7,+16.7,+16.7,+16.6,+16.7
2023-02-16 02:57,4,+38.4,+24.3,+16.2,+16.3,+32.4,+39.5,+16.5,+16.5,+16.7,+16.7,+16.7,+16.6,+16.7
2023-02-16 03:57,4,+38.4,+24.3,+16.1,+16.3,+32.4,+39.5,+16.3,+16.5,+16.7,+16.7,+16.7,+16.6,+16.7
2023-02-16 04:57,4,+38.4,+24.3,+16.1,+16.3,+32.4,+39.5,+16.3,+16.5,+16.8,+16.7,+16.7,+16.5,+16.7
2023-02-16 05:57,4,+38.4,+24.3,+16.2,+16.3,+32.4,+39.5,+16.3,+16.5,+16.7,+16.7,+16.7,+16.6,+16.7
2023-02-16 06:57,4,+38.4,+24.2,+16.1,+16.3,+32.4,+39.5,+16.3,+16.5,+16.7,+16.7,+16.7,+16.6,+16.7
2023-02-16 07:57,4,+38.4,+24.2,+16.1,+16.3,+32.4,+39.5,+16.3,+16.3,+16.7,+16.7,+16.7,+16.6,+16.7
2023-02-16 08:57,4,+38.4,+24.2,+16.1,+16.3,+32.4,+39.5,+16.3,+16.5,+16.7,+16.6,+16.7,+16.6,+16.7
2023-02-16 09:57,4,+38.3,+24.2,+16.1,+16.3,+32.4,+39.5,+16.3,+16.5,+16.7,+16.7,+16.7,+16.6,+16.7
2023-02-16 10:57,4,+38.3,+24.2,+16.1,+16.3,+32.4,+39.5,+16.3,+16.5,+16.7,+16.6,+16.7,+16.6,+16.7
2023-02-16 11:57,4,+38.3,+24.2,+16.1,+16.3,+32.4,+39.5,+16.5,+16.5,+16.7,+16.6,+16.7,+16.6,+16.7
2023-02-16 12:57,4,+38.3,+24.2,+16.1,+16.3,+32.4,+39.5,+16.7,+16.5,+16.7,+16.7,+16.7,+16.6,+16.7
2023-02-16 13:57,4,+38.2,+24.2,+16.1,+16.3,+32.4,+39.5,+16.8,+16.5,+16.8,+16.7,+16.7,+16.6,+16.7
2023-02-16 14:57,4,+38.2,+24.2,+16.1,+16.3,+32.4,+39.5,+17.0,+16.6,+16.7,+16.6,+16.7,+16.6,+16.7
2023-02-16 15:57,4,+38.2,+24.2,+16.1,+16.3,+32.4,+39.5,+17.1,+16.7,+16.7,+16.7,+16.7,+16.6,+16.7
2023-02-16 16:57,4,+38.2,+24.2,+16.1,+16.3,+32.4,+39.5,+17.1,+16.6,+16.7,+16.7,+16.7,+16.6,+16.7
2023-02-16 17:57,4,+38.2,+24.2,+16.1,+16.3,+32.4,+39.5,+17.1,+16.7,+16.8,+16.7,+16.7,+16.6,+16.7
2023-02-16 18:57,4,+38.2,+24.2,+16.1,+16.3,+32.4,+39.5,+17.1,+16.7,+16.7,+16.7,+16.7,+16.6,+16.7
2023-02-16 19:57,4,+38.1,+24.2,+16.1,+16.3,+32.4,+39.5,+17.1,+16.8,+16.8,+16.7,+16.7,+16.6,+16.7
2023-02-16 20:57,4,+38.1,+24.2,+16.1,+16.3,+32.4,+39.5,+17.0,+16.8,+16.8,+16.7,+16.7,+16.6,+16.7
2023-02-16 21:57,4,+38.1,+24.2,+16.1,+16.3,+32.4,+39.5,+17.0,+16.8,+16.8,+16.7,+16.7,+16.6,+16.7
2023-02-16 22:57,4,+38.1,+24.2,+16.1,+16.3,+32.4,+39.5,+17.0,+16.7,+16.8,+16.7,+16.7,+16.6,+16.7
2023-02-16 23:57,4,+38.1,+24.2,+16.1,+16.3,+32.4,+39.5,+17.0,+16.8,+16.8,+16.7,+16.7,+16.6,+16.7
2023-02-17 00:57,4,+38.1,+24.2,+16.1,+16.3,+32.4,+39.5,+17.0,+16.8,+17.0,+16.7,+16.7,+16.6,+16.7
2023-02-17 01:57,4,+38.1,+24.2,+16.1,+16.3,+32.4,+39.5,+16.8,+16.7,+16.8,+16.7,+16.7,+16.5,+16.7
2023-02-17 02:57,4,+38.1,+24.2,+16.1,+16.3,+32.4,+39.5,+16.8,+16.8,+16.8,+16.7,+16.7,+16.6,+16.7
2023-02-17 03:57,4,+38.1,+24.2,+16.1,+16.3,+32.4,+39.5,+16.8,+16.7,+17.0,+16.7,+16.7,+16.6,+16.7
2023-02-17 04:57,4,+38.1,+24.2,+16.1,+16.3,+32.4,+39.5,+16.8,+16.7,+16.8,+16.7,+16.7,+16.6,+16.7
2023-02-17 05:57,4,+38.1,+24.2,+16.1,+16.3,+32.4,+39.5,+16.8,+16.8,+17.0,+16.8,+16.7,+16.6,+16.7
2023-02-17 06:57,4,+38.1,+24.3,+16.1,+16.3,+32.4,+39.5,+16.8,+16.8,+17.0,+16.7,+16.7,+16.6,+16.7
2023-02-17 07:57,4,+38.1,+24.3,+16.1,+16.3,+32.4,+39.5,+16.7,+16.8,+17.0,+16.7,+16.7,+16.6,+16.7
2023-02-17 08:57,4,+38.2,+24.3,+16.1,+16.3,+32.4,+39.5,+16.8,+16.8,+17.0,+16.7,+16.7,+16.6,+16.7
2023-02-17 09:57,4,+38.2,+24.3,+16.1,+16.3,+32.4,+39.5,+16.8,+16.7,+17.0,+16.8,+16.7,+16.6,+16.7
2023-02-17 10:57,4,+38.2,+24.2,+16.1,+16.3,+32.4,+39.5,+17.0,+16.8,+17.0,+16.8,+16.7,+16.6,+16.7
2023-02-17 11:57,4,+38.2,+24.2,+16.1,+16.3,+32.4,+39.5,+17.0,+16.8,+17.0,+16.7,+16.7,+16.6,+16.7
2023-02-17 12:57,4,+38.2,+24.2,+16.1,+16.3,+32.4,+39.5,+17.1,+16.8,+17.0,+16.7,+16.7,+16.6,+16.7
2023-02-17 13:57,4,+38.2,+24.2,+16.1,+16.3,+32.4,+39.5,+17.2,+16.8,+17.0,+16.7,+16.7,+16.6,+16.7
2023-02-17 14:57,4,+37.5,+24.2,+16.1,+16.3,+32.4,+39.5,+17.2,+16.8,+17.0,+16.8,+16.7,+16.6,+16.7
2023-02-17 15:57,4,+37.5,+24.2,+16.1,+16.3,+32.4,+39.5,+17.1,+17.0,+17.0,+16.8,+16.7,+16.6,+16.7
2023-02-17 16:57,4,+37.5,+24.2,+16.2,+16.3,+32.4,+39.5,+17.1,+17.0,+17.0,+16.8,+16.7,+16.6,+16.7
2023-02-17 17:57,4,+37.5,+24.2,+16.2,+16.3,+32.4,+39.5,+17.1,+17.0,+17.0,+16.8,+16.7,+16.6,+16.7
2023-02-17 18:57,4,+37.5,+24.2,+16.2,+16.3,+32.4,+39.5,+17.0,+17.0,+17.0,+16.8,+16.7,+16.6,+16.7
2023-02-17 19:57,4,+37.6,+24.2,+16.2,+16.3,+32.4,+39.5,+16.8,+17.0,+17.1,+16.8,+16.7,+16.6,+16.7
2023-02-17 20:57,4,+38.1,+24.2,+16.2,+16.3,+32.4,+39.5,+16.8,+16.8,+17.1,+16.8,+16.7,+16.6,+16.7
2023-02-17 21:57,4,+38.3,+24.2,+16.1,+16.3,+32.4,+39.5,+16.7,+17.0,+17.0,+16.8,+16.7,+16.6,+16.7
2023-02-17 22:57,4,+38.3,+24.2,+16.2,+16.3,+32.4,+39.5,+16.5,+16.8,+17.0,+16.8,+16.7,+16.6,+16.7
2023-02-17 23:57,4,+38.3,+24.2,+16.2,+16.3,+32.4,+39.5,+16.5,+16.8,+17.1,+16.8,+16.7,+16.7,+16.7
2023-02-18 00:57,4,+38.3,+24.2,+16.2,+16.3,+32.4,+39.5,+16.3,+16.7,+17.1,+16.8,+16.7,+16.6,+16.7
2023-02-18 01:57,4,+38.3,+24.2,+16.2,+16.3,+32.4,+39.5,+16.2,+16.7,+17.1,+16.8,+16.7,+16.7,+16.7
2023-02-18 02:57,4,+38.3,+24.2,+16.2,+16.3,+32.4,+39.5,+16.1,+16.6,+17.0,+16.8,+16.7,+16.6,+16.7
2023-02-18 03:57,4,+38.2,+24.2,+16.2,+16.3,+32.4,+39.5,+16.0,+16.6,+17.0,+16.8,+16.7,+16.6,+16.7
2023-02-18 04:57,4,+38.2,+24.2,+16.2,+16.3,+32.4,+39.5,+15.8,+16.5,+17.0,+16.8,+16.7,+16.7,+16.7
2023-02-18 05:57,4,+38.2,+24.2,+16.2,+16.3,+32.4,+39.5,+15.8,+16.5,+17.0,+16.8,+16.7,+16.6,+16.7
2023-02-18 06:57,4,+38.2,+24.2,+16.2,+16.3,+32.4,+39.5,+15.7,+16.5,+17.0,+16.8,+16.7,+16.6,+16.7
2023-02-18 07:57,4,+38.1,+24.2,+16.2,+16.3,+32.4,+39.5,+15.6,+16.3,+17.0,+16.8,+16.7,+16.6,+16.7
2023-02-18 08:57,4,+38.1,+24.2,+16.2,+16.3,+32.4,+39.5,+15.6,+16.3,+16.8,+16.8,+16.7,+16.6,+16.7
2023-02-18 09:57,4,+38.1,+24.2,+16.2,+16.3,+32.4,+39.5,+15.6,+16.2,+16.8,+16.8,+16.7,+16.6,+16.7
2023-02-18 10:57,4,+38.0,+24.2,+16.2,+16.3,+32.4,+39.5,+15.6,+16.1,+16.8,+16.8,+16.7,+16.6,+16.7
2023-02-18 11:57,4,+38.0,+24.2,+16.2,+16.3,+32.4,+39.5,+15.6,+16.1,+16.8,+16.8,+17.0,+16.7,+16.7
2023-02-18 12:57,4,+37.9,+24.1,+16.2,+16.3,+32.4,+39.5,+15.7,+16.1,+16.7,+16.8,+16.7,+16.6,+16.7
2023-02-18 13:57,4,+37.9,+24.1,+16.2,+16.5,+32.4,+39.5,+15.7,+16.2,+16.7,+16.8,+17.0,+16.7,+16.7
2023-02-18 14:57,4,+37.9,+24.1,+16.2,+16.5,+32.5,+39.5,+15.7,+16.1,+16.7,+16.8,+16.7,+16.6,+16.7
2023-02-18 15:57,4,+37.8,+24.1,+16.2,+16.5,+32.5,+39.5,+15.7,+16.1,+16.7,+16.7,+16.7,+16.6,+16.7
2023-02-18 16:57,4,+37.8,+24.1,+16.2,+16.5,+32.4,+39.5,+15.7,+16.1,+16.7,+16.8,+16.7,+16.7,+16.7
2023-02-18 17:57,4,+37.8,+24.1,+16.2,+16.5,+32.5,+39.5,+15.6,+16.1,+16.7,+16.8,+16.7,+16.6,+16.7
2023-02-18 18:57,4,+37.7,+24.1,+16.2,+16.5,+32.4,+39.5,+15.5,+16.1,+16.7,+16.7,+16.7,+16.7,+16.7
2023-02-18 19:57,4,+37.7,+24.1,+16.2,+16.5,+32.4,+39.5,+15.5,+16.0,+16.7,+16.7,+17.0,+16.7,+16.7
2023-02-18 20:57,4,+37.7,+24.1,+16.2,+16.5,+32.5,+39.5,+15.3,+16.0,+16.6,+16.7,+17.0,+16.7,+16.7
2023-02-18 21:57,4,+37.7,+24.1,+16.2,+16.5,+32.5,+39.5,+15.3,+16.0,+16.6,+16.7,+16.7,+16.7,+16.7
2023-02-18 22:57,4,+37.6,+24.1,+16.2,+16.5,+32.5,+39.5,+15.3,+15.8,+16.6,+16.7,+16.7,+16.7,+16.7
2023-02-18 23:57,4,+37.6,+24.1,+16.2,+16.5,+32.5,+39.5,+15.3,+15.8,+16.6,+16.7,+16.7,+16.6,+16.7
2023-02-19 00:57,4,+37.6,+24.1,+16.2,+16.5,+32.5,+39.5,+15.2,+15.8,+16.5,+16.7,+16.7,+16.6,+16.7
2023-02-19 01:57,4,+37.6,+24.0,+16.2,+16.5,+32.5,+39.5,+15.2,+15.8,+16.5,+16.7,+16.7,+16.6,+16.7
2023-02-19 02:57,4,+37.6,+24.0,+16.2,+16.5,+32.5,+39.5,+15.1,+15.7,+16.5,+16.7,+16.7,+16.7,+16.7
2023-02-19 03:57,4,+37.5,+24.0,+16.2,+16.5,+32.5,+39.5,+15.1,+15.7,+16.5,+16.7,+16.7,+16.7,+16.7
2023-02-19 04:57,4,+37.5,+24.0,+16.2,+16.5,+32.5,+39.5,+15.1,+15.7,+16.5,+16.7,+16.7,+16.7,+16.7
2023-02-19 05:57,4,+37.5,+24.0,+16.2,+16.5,+32.5,+39.5,+15.0,+15.7,+16.5,+16.6,+16.7,+16.7,+16.7
2023-02-19 06:57,4,+37.5,+24.0,+16.1,+16.5,+32.4,+39.5,+15.0,+15.7,+16.3,+16.6,+16.7,+16.7,+16.7
2023-02-19 07:57,4,+37.5,+24.0,+16.1,+16.5,+32.5,+39.5,+15.0,+15.6,+16.3,+16.6,+16.7,+16.7,+16.7
2023-02-19 08:57,4,+37.5,+24.0,+16.1,+16.5,+32.5,+39.5,+15.0,+15.6,+16.3,+16.6,+16.7,+16.7,+16.7
2023-02-19 09:57,4,+37.5,+24.0,+16.1,+16.5,+32.5,+39.5,+15.0,+15.6,+16.3,+16.6,+16.7,+16.7,+16.7
2023-02-19 10:57,4,+37.4,+24.0,+16.1,+16.5,+32.5,+39.5,+15.1,+15.6,+16.3,+16.6,+16.7,+16.7,+16.7
2023-02-19 11:57,4,+37.4,+24.0,+16.1,+16.5,+32.5,+39.5,+15.2,+15.6,+16.3,+16.6,+16.7,+16.6,+16.7
2023-02-19 12:57,4,+37.3,+23.9,+16.1,+16.3,+32.4,+39.5,+15.3,+15.5,+16.2,+16.5,+16.7,+16.7,+16.7
2023-02-19 13:57,4,+37.3,+23.9,+16.1,+16.3,+32.5,+39.5,+15.5,+15.6,+16.2,+16.6,+16.7,+16.6,+16.7
2023-02-19 14:57,4,+37.3,+23.9,+16.1,+16.3,+32.5,+39.5,+15.5,+15.6,+16.2,+16.5,+16.7,+16.6,+16.7
2023-02-19 15:57,4,+37.2,+23.9,+16.1,+16.3,+32.4,+39.5,+15.5,+15.6,+16.2,+16.5,+16.7,+16.6,+16.7
2023-02-19 16:57,4,+37.2,+23.9,+16.1,+16.3,+32.5,+39.5,+15.6,+15.7,+16.2,+16.5,+16.7,+16.6,+16.7
2023-02-19 17:57,4,+37.2,+23.9,+16.1,+16.3,+32.5,+39.5,+15.6,+15.7,+16.2,+16.5,+16.7,+16.6,+16.7
2023-02-19 18:57,4,+37.2,+23.9,+16.1,+16.3,+32.5,+39.5,+15.6,+15.7,+16.2,+16.5,+16.7,+16.6,+16.7
2023-02-19 19:57,4,+37.1,+23.9,+16.1,+16.3,+32.5,+39.5,+15.6,+15.7,+16.2,+16.5,+16.7,+16.6,+16.7
2023-02-19 20:57,4,+37.1,+23.9,+16.1,+16.3,+32.4,+39.5,+15.6,+15.7,+16.2,+16.5,+16.7,+16.7,+16.7
2023-02-19 21:57,4,+37.1,+23.9,+16.1,+16.3,+32.5,+39.5,+15.5,+15.7,+16.2,+16.5,+16.7,+16.7,+16.7
2023-02-19 22:57,4,+37.1,+23.9,+16.1,+16.3,+32.4,+39.5,+15.6,+15.7,+16.2,+16.5,+16.7,+16.6,+16.7
2023-02-19 23:57,4,+37.1,+23.9,+16.1,+16.3,+32.4,+39.5,+15.6,+15.7,+16.2,+16.5,+16.7,+16.6,+16.7
2023-02-20 00:57,4,+37.4,+23.9,+16.1,+16.3,+32.5,+39.5,+15.5,+15.7,+16.2,+16.5,+16.7,+16.6,+16.7
2023-02-20 01:57,4,+38.2,+23.9,+16.1,+16.3,+32.4,+39.5,+15.6,+15.7,+16.2,+16.5,+16.7,+16.6,+16.7
2023-02-20 02:57,4,+39.2,+23.9,+16.1,+16.3,+32.4,+39.5,+15.5,+15.7,+16.2,+16.5,+16.7,+16.6,+16.7
2023-02-20 03:57,4,+39.4,+23.9,+16.1,+16.3,+32.4,+39.5,+15.5,+15.7,+16.2,+16.3,+16.7,+16.6,+16.7
2023-02-20 04:57,4,+39.2,+23.9,+16.1,+16.3,+32.4,+39.5,+15.5,+15.8,+16.2,+16.3,+16.7,+16.6,+16.7
2023-02-20 05:57,4,+38.7,+23.9,+16.1,+16.3,+32.4,+39.5,+15.5,+15.7,+16.2,+16.5,+16.7,+16.6,+16.7
2023-02-20 06:57,4,+38.6,+23.9,+16.1,+16.3,+32.5,+39.5,+15.5,+15.7,+16.2,+16.5,+16.6,+16.6,+16.7
2023-02-20 07:57,4,+38.5,+23.9,+16.1,+16.3,+32.4,+39.5,+15.5,+15.7,+16.2,+16.5,+16.6,+16.6,+16.7
2023-02-20 08:57,4,+38.5,+23.9,+16.1,+16.3,+32.4,+39.5,+15.5,+15.7,+16.2,+16.5,+16.7,+16.6,+16.7
2023-02-20 09:57,4,+38.5,+23.9,+16.1,+16.3,+32.5,+39.5,+15.5,+15.7,+16.2,+16.5,+16.6,+16.6,+16.7
2023-02-20 10:57,4,+38.4,+23.9,+16.1,+16.3,+32.4,+39.5,+15.6,+15.7,+16.2,+16.5,+16.7,+16.6,+16.7
2023-02-20 11:57,4,+38.4,+23.9,+16.1,+16.3,+32.4,+39.5,+15.7,+15.7,+16.2,+16.5,+16.7,+16.5,+16.7
2023-02-20 12:57,4,+38.4,+23.9,+16.1,+16.3,+32.4,+39.5,+15.8,+15.7,+16.2,+16.3,+16.6,+16.6,+16.7
2023-02-20 13:57,4,+38.3,+23.9,+16.0,+16.3,+32.4,+39.5,+16.1,+15.8,+16.2,+16.3,+16.7,+16.6,+16.7
2023-02-20 14:57,4,+38.3,+23.9,+16.0,+16.3,+32.4,+39.5,+16.2,+15.8,+16.2,+16.3,+16.7,+16.6,+16.7
2023-02-20 15:57,4,+38.2,+23.9,+16.0,+16.3,+32.4,+39.5,+16.3,+15.8,+16.2,+16.3,+16.6,+16.5,+16.7
2023-02-20 16:57,4,+38.2,+23.8,+16.0,+16.3,+32.4,+39.5,+16.3,+16.0,+16.2,+16.3,+16.6,+16.6,+16.7
2023-02-20 17:57,4,+38.2,+23.8,+16.0,+16.3,+32.4,+39.5,+16.5,+16.1,+16.2,+16.3,+16.6,+16.6,+16.7
2023-02-20 18:57,4,+38.1,+23.9,+16.0,+16.3,+32.4,+39.5,+16.5,+16.1,+16.3,+16.3,+16.6,+16.5,+16.7
2023-02-20 19:57,4,+38.1,+23.9,+16.0,+16.3,+32.4,+39.5,+16.5,+16.1,+16.3,+16.3,+16.6,+16.5,+16.7
2023-02-20 20:57,4,+38.1,+23.9,+16.0,+16.3,+32.4,+39.5,+16.3,+16.1,+16.3,+16.3,+16.6,+16.5,+16.7
2023-02-20 21:57,4,+38.1,+23.9,+16.0,+16.3,+32.4,+39.5,+16.3,+16.2,+16.3,+16.3,+16.6,+16.5,+16.7
2023-02-20 22:57,4,+38.1,+23.9,+16.0,+16.3,+32.4,+39.5,+16.2,+16.2,+16.5,+16.5,+16.6,+16.5,+16.7
2023-02-20 23:57,4,+38.1,+23.9,+16.0,+16.3,+32.4,+39.5,+16.2,+16.2,+16.5,+16.3,+16.6,+16.5,+16.7
2023-02-21 00:57,4,+38.1,+23.9,+16.0,+16.3,+32.4,+39.5,+16.1,+16.2,+16.3,+16.3,+16.6,+16.5,+16.7
2023-02-21 01:57,4,+38.1,+23.9,+16.0,+16.3,+32.4,+39.5,+16.1,+16.2,+16.5,+16.3,+16.6,+16.6,+16.7
2023-02-21 02:57,4,+38.1,+23.9,+16.0,+16.3,+32.4,+39.5,+16.1,+16.2,+16.5,+16.3,+16.6,+16.5,+16.7
2023-02-21 03:57,4,+38.0,+23.9,+16.0,+16.3,+32.4,+39.5,+16.1,+16.1,+16.5,+16.3,+16.6,+16.5,+16.7
2023-02-21 04:57,4,+38.0,+23.9,+16.0,+16.3,+32.4,+39.5,+16.0,+16.1,+16.5,+16.5,+16.6,+16.5,+16.7
2023-02-21 05:57,4,+38.0,+23.9,+16.0,+16.3,+32.4,+39.5,+16.0,+16.1,+16.5,+16.5,+16.6,+16.6,+16.7
2023-02-21 06:57,4,+38.0,+23.9,+16.0,+16.3,+32.4,+39.5,+15.8,+16.1,+16.5,+16.5,+16.6,+16.5,+16.7
2023-02-21 07:57,4,+37.9,+23.9,+16.0,+16.3,+32.4,+39.5,+15.8,+16.1,+16.5,+16.5,+16.6,+16.5,+16.7
2023-02-21 08:57,4,+37.9,+23.9,+16.0,+16.3,+32.4,+39.5,+15.8,+16.1,+16.5,+16.5,+16.6,+16.5,+16.7
2023-02-21 09:57,4,+37.9,+23.9,+16.0,+16.3,+32.4,+39.5,+15.8,+16.1,+16.5,+16.5,+16.6,+16.5,+16.7
2023-02-21 10:57,4,+37.8,+23.9,+16.0,+16.3,+32.4,+39.5,+16.0,+16.1,+16.5,+16.5,+16.6,+16.5,+16.7
2023-02-21 11:57,4,+37.7,+23.9,+16.0,+16.3,+32.4,+39.5,+16.1,+16.0,+16.5,+16.5,+16.6,+16.5,+16.7
2023-02-21 12:57,4,+37.7,+23.9,+16.0,+16.3,+32.4,+39.5,+16.2,+16.1,+16.3,+16.5,+16.6,+16.5,+16.7
2023-02-21 13:57,4,+37.7,+23.8,+16.0,+16.3,+32.4,+39.5,+16.5,+16.1,+16.5,+16.5,+16.6,+16.5,+16.7
2023-02-21 14:57,4,+37.6,+23.8,+16.0,+16.3,+32.4,+39.5,+16.5,+16.2,+16.5,+16.5,+16.6,+16.5,+16.7
2023-02-21 15:57,4,+37.6,+23.8,+16.0,+16.2,+32.4,+39.5,+16.6,+16.2,+16.5,+16.5,+16.6,+16.5,+16.7
2023-02-21 16:57,4,+37.6,+23.8,+16.0,+16.2,+32.4,+39.5,+16.6,+16.2,+16.5,+16.5,+16.6,+16.5,+16.7
2023-02-21 17:57,4,+37.6,+23.8,+16.0,+16.2,+32.4,+39.5,+16.6,+16.3,+16.5,+16.5,+16.6,+16.5,+16.7
2023-02-21 18:57,4,+37.6,+23.8,+16.0,+16.2,+32.4,+39.5,+16.6,+16.3,+16.5,+16.5,+16.6,+16.5,+16.7
2023-02-21 19:57,4,+37.5,+23.8,+16.0,+16.3,+32.4,+39.5,+16.6,+16.5,+16.5,+16.5,+16.6,+16.5,+16.7
2023-02-21 20:57,4,+37.5,+23.9,+16.0,+16.2,+32.4,+39.5,+16.5,+16.3,+16.5,+16.5,+16.6,+16.5,+16.7
2023-02-21 21:57,4,+37.5,+23.9,+16.0,+16.2,+32.4,+39.5,+16.5,+16.3,+16.6,+16.5,+16.6,+16.5,+16.7
2023-02-21 22:57,4,+37.5,+23.9,+16.0,+16.2,+32.4,+39.5,+16.3,+16.3,+16.6,+16.5,+16.6,+16.5,+16.7
2023-02-21 23:57,4,+37.5,+23.9,+16.0,+16.2,+32.4,+39.5,+16.3,+16.3,+16.6,+16.5,+16.7,+16.5,+16.7
2023-02-22 00:57,4,+37.5,+23.8,+16.0,+16.2,+32.4,+39.5,+16.2,+16.3,+16.6,+16.5,+16.6,+16.5,+16.7
2023-02-22 01:57,4,+37.4,+23.8,+16.0,+16.2,+32.4,+39.5,+16.2,+16.3,+16.6,+16.5,+16.6,+16.5,+16.7
2023-02-22 02:57,4,+37.4,+23.8,+16.0,+16.2,+32.4,+39.5,+16.1,+16.3,+16.6,+16.5,+16.6,+16.5,+16.7
2023-02-22 03:57,4,+37.3,+23.8,+16.0,+16.2,+32.4,+39.5,+16.1,+16.3,+16.6,+16.5,+16.7,+16.5,+16.7
2023-02-22 04:57,4,+37.3,+23.8,+16.0,+16.2,+32.4,+39.5,+16.0,+16.2,+16.6,+16.5,+16.6,+16.5,+16.6
2023-02-22 05:57,4,+37.3,+23.8,+16.0,+16.2,+32.4,+39.5,+15.8,+16.2,+16.6,+16.5,+16.6,+16.5,+16.7
2023-02-22 06:57,4,+37.2,+23.8,+16.0,+16.2,+32.4,+39.5,+15.8,+16.2,+16.6,+16.5,+16.6,+16.5,+16.7
2023-02-22 07:57,4,+37.2,+23.8,+16.0,+16.2,+32.4,+39.5,+15.7,+16.2,+16.6,+16.6,+16.6,+16.5,+16.7
2023-02-22 08:57,4,+37.2,+23.8,+16.0,+16.2,+32.4,+39.5,+15.7,+16.1,+16.6,+16.5,+16.6,+16.5,+16.7
2023-02-22 09:57,4,+37.1,+23.8,+16.0,+16.2,+32.4,+39.5,+15.8,+16.1,+16.6,+16.5,+16.6,+16.5,+16.7
2023-02-22 10:57,4,+37.1,+23.8,+16.0,+16.2,+32.4,+39.5,+15.8,+16.1,+16.5,+16.6,+16.6,+16.5,+16.7
2023-02-22 11:57,4,+37.0,+23.8,+16.0,+16.2,+32.4,+39.5,+16.0,+16.1,+16.5,+16.5,+16.6,+16.5,+16.7
2023-02-22 12:57,4,+37.0,+23.7,+16.0,+16.2,+32.4,+39.5,+16.1,+16.1,+16.5,+16.6,+16.6,+16.5,+16.7
2023-02-22 13:57,4,+36.9,+23.7,+16.0,+16.2,+32.4,+39.5,+16.2,+16.1,+16.5,+16.6,+16.6,+16.5,+16.7
2023-02-22 14:57,4,+36.9,+23.7,+16.0,+16.2,+32.4,+39.5,+16.2,+16.1,+16.5,+16.5,+16.6,+16.5,+16.7
2023-02-22 15:57,4,+36.9,+23.7,+16.0,+16.2,+32.4,+39.5,+16.3,+16.1,+16.5,+16.6,+16.6,+16.5,+16.7
2023-02-22 16:57,4,+36.8,+23.7,+16.0,+16.2,+32.4,+39.5,+16.2,+16.2,+16.5,+16.5,+16.7,+16.5,+16.7
2023-02-22 17:57,4,+36.8,+23.7,+16.0,+16.2,+32.4,+39.5,+16.3,+16.2,+16.5,+16.6,+16.6,+16.5,+16.7
2023-02-22 18:57,4,+36.8,+23.7,+16.0,+16.2,+32.4,+39.5,+16.2,+16.2,+16.5,+16.5,+16.7,+16.5,+16.7
2023-02-22 19:57,4,+36.8,+23.7,+16.0,+16.2,+32.2,+39.5,+16.2,+16.2,+16.5,+16.5,+16.6,+16.5,+16.7
2023-02-22 20:57,4,+36.7,+23.7,+16.0,+16.2,+32.4,+39.5,+16.1,+16.2,+16.5,+16.5,+16.6,+16.5,+16.7
2023-02-22 21:57,4,+36.7,+23.7,+16.0,+16.2,+32.2,+39.5,+16.1,+16.2,+16.5,+16.5,+16.6,+16.6,+16.7
2023-02-22 22:57,4,+36.7,+23.7,+16.0,+16.2,+32.4,+39.5,+16.0,+16.2,+16.6,+16.5,+16.6,+16.5,+16.7
2023-02-22 23:57,4,+36.7,+23.7,+16.0,+16.2,+32.4,+39.5,+15.8,+16.2,+16.5,+16.5,+16.6,+16.5,+16.7
2023-02-23 00:57,4,+36.6,+23.7,+16.0,+16.2,+32.4,+39.5,+15.8,+16.1,+16.6,+16.5,+16.7,+16.5,+16.7
2023-02-23 01:57,4,+36.6,+23.7,+16.0,+16.2,+32.4,+39.5,+15.7,+16.1,+16.6,+16.5,+16.7,+16.5,+16.7
2023-02-23 02:57,4,+36.6,+23.7,+16.0,+16.2,+32.4,+39.5,+15.7,+16.1,+16.5,+16.5,+16.6,+16.5,+16.7
2023-02-23 03:57,4,+36.5,+23.7,+16.0,+16.2,+32.4,+39.5,+15.6,+16.1,+16.5,+16.5,+16.7,+16.5,+16.7
2023-02-23 04:57,4,+36.5,+23.7,+16.0,+16.2,+32.4,+39.5,+15.6,+16.1,+16.5,+16.5,+16.6,+16.5,+16.7
2023-02-23 05:57,4,+36.5,+23.7,+16.0,+16.2,+32.4,+39.5,+15.5,+16.0,+16.6,+16.5,+16.7,+16.5,+16.7
2023-02-23 06:57,4,+36.5,+23.7,+16.0,+16.2,+32.2,+39.5,+15.5,+16.0,+16.5,+16.5,+16.6,+16.5,+16.7
2023-02-23 07:57,4,+36.4,+23.7,+16.0,+16.2,+32.4,+39.5,+15.5,+16.0,+16.5,+16.6,+16.6,+16.5,+16.7
2023-02-23 08:57,4,+36.4,+23.7,+16.0,+16.2,+32.4,+39.5,+15.5,+15.8,+16.5,+16.5,+16.6,+16.6,+16.7
2023-02-23 09:57,4,+36.4,+23.7,+16.0,+16.2,+32.2,+39.5,+15.6,+15.8,+16.5,+16.6,+16.7,+16.5,+16.7
2023-02-23 10:57,4,+36.3,+23.7,+16.0,+16.2,+32.2,+39.5,+15.6,+15.8,+16.5,+16.5,+16.7,+16.5,+16.7
2023-02-23 11:57,4,+36.3,+23.6,+16.0,+16.2,+32.2,+39.5,+15.7,+15.8,+16.5,+16.5,+16.7,+16.5,+16.6
2023-02-23 12:57,4,+36.2,+23.6,+16.0,+16.2,+32.2,+39.5,+16.0,+15.8,+16.3,+16.5,+16.6,+16.5,+16.7
2023-02-23 13:57,4,+36.2,+23.6,+15.8,+16.2,+32.2,+39.5,+16.1,+16.0,+16.5,+16.5,+16.7,+16.5,+16.7
2023-02-23 14:57,4,+36.2,+23.6,+15.8,+16.2,+32.4,+39.5,+16.1,+16.0,+16.3,+16.5,+16.6,+16.5,+16.7
2023-02-23 15:57,4,+36.1,+23.6,+15.8,+16.2,+32.2,+39.5,+16.2,+16.0,+16.3,+16.5,+16.6,+16.5,+16.7
2023-02-23 16:57,4,+36.1,+23.6,+15.8,+16.2,+32.2,+39.5,+16.2,+16.0,+16.3,+16.5,+16.6,+16.5,+16.7
2023-02-23 17:57,4,+36.1,+23.6,+15.8,+16.2,+32.2,+39.5,+16.2,+16.1,+16.5,+16.5,+16.6,+16.5,+16.7
2023-02-23 18:57,4,+36.1,+23.6,+15.8,+16.2,+32.2,+39.5,+16.2,+16.2,+16.5,+16.5,+16.6,+16.5,+16.7
2023-02-23 19:57,4,+36.1,+23.6,+15.8,+16.2,+32.4,+39.5,+16.2,+16.2,+16.5,+16.5,+16.6,+16.5,+16.7
2023-02-23 20:57,4,+36.1,+23.6,+15.8,+16.2,+32.2,+39.5,+16.1,+16.2,+16.5,+16.5,+16.6,+16.5,+16.7
2023-02-23 21:57,4,+36.1,+23.6,+15.8,+16.2,+32.2,+39.5,+16.1,+16.2,+16.5,+16.5,+16.6,+16.5,+16.7
2023-02-23 22:57,4,+36.1,+23.6,+15.8,+16.2,+32.2,+39.5,+16.1,+16.1,+16.5,+16.5,+16.6,+16.5,+16.7
2023-02-23 23:57,4,+36.0,+23.6,+15.8,+16.2,+32.2,+39.5,+16.1,+16.2,+16.5,+16.5,+16.6,+16.5,+16.7
2023-02-24 00:57,4,+36.0,+23.6,+15.8,+16.2,+32.4,+39.5,+16.1,+16.2,+16.5,+16.5,+16.6,+16.5,+16.7
2023-02-24 01:57,4,+36.0,+23.6,+15.8,+16.2,+32.2,+39.5,+16.0,+16.2,+16.5,+16.5,+16.6,+16.5,+16.7
2023-02-24 02:57,4,+36.0,+23.6,+15.8,+16.2,+32.2,+39.5,+16.0,+16.1,+16.5,+16.5,+16.7,+16.5,+16.7
2023-02-24 03:57,4,+36.0,+23.6,+15.8,+16.2,+32.2,+39.5,+16.0,+16.1,+16.5,+16.5,+16.6,+16.5,+16.7
2023-02-24 04:57,4,+36.0,+23.6,+15.8,+16.2,+32.2,+39.5,+16.0,+16.1,+16.5,+16.5,+16.6,+16.5,+16.7
2023-02-24 05:57,4,+35.9,+23.6,+15.8,+16.2,+32.2,+39.5,+16.0,+16.1,+16.5,+16.5,+16.6,+16.5,+16.7
2023-02-24 06:57,4,+35.9,+23.6,+15.8,+16.2,+32.2,+39.5,+16.0,+16.1,+16.5,+16.5,+16.6,+16.5,+16.7
2023-02-24 07:57,4,+36.0,+23.6,+15.8,+16.2,+32.2,+39.5,+16.0,+16.1,+16.5,+16.5,+16.6,+16.5,+16.6
2023-02-24 08:57,4,+36.0,+23.6,+15.8,+16.2,+32.2,+39.5,+16.0,+16.1,+16.5,+16.5,+16.6,+16.5,+16.7
2023-02-24 09:57,4,+36.1,+23.6,+15.8,+16.2,+32.2,+39.5,+16.0,+16.1,+16.5,+16.5,+16.6,+16.5,+16.7
2023-02-24 10:57,4,+36.1,+23.6,+15.8,+16.2,+32.2,+39.5,+16.0,+16.1,+16.5,+16.5,+16.6,+16.5,+16.7
2023-02-24 11:57,4,+36.2,+23.6,+15.8,+16.2,+32.2,+39.5,+16.0,+16.0,+16.5,+16.5,+16.6,+16.5,+16.6
2023-02-24 12:57,4,+36.2,+23.6,+15.8,+16.2,+32.2,+39.5,+16.1,+16.1,+16.5,+16.5,+16.7,+16.5,+16.7
2023-02-24 13:57,4,+36.2,+23.6,+15.8,+16.2,+32.2,+39.5,+16.1,+16.1,+16.5,+16.5,+16.6,+16.5,+16.7
2023-02-24 14:57,4,+36.3,+23.6,+15.8,+16.2,+32.2,+39.5,+16.2,+16.1,+16.5,+16.5,+16.6,+16.5,+16.7
2023-02-24 15:57,4,+36.3,+23.6,+15.8,+16.2,+32.2,+39.5,+16.2,+16.1,+16.5,+16.5,+16.7,+16.5,+16.7
2023-02-24 16:57,4,+36.3,+23.6,+15.8,+16.2,+32.2,+39.5,+16.2,+16.1,+16.5,+16.5,+16.7,+16.5,+16.7
2023-02-24 17:57,4,+36.3,+23.6,+15.8,+16.2,+32.2,+39.5,+16.2,+16.1,+16.5,+16.5,+16.7,+16.5,+16.7
2023-02-24 18:57,4,+36.3,+23.6,+15.8,+16.2,+32.2,+39.5,+16.2,+16.1,+16.5,+16.5,+16.6,+16.5,+16.7
2023-02-24 19:57,4,+36.3,+23.6,+15.8,+16.2,+32.2,+39.5,+16.1,+16.2,+16.5,+16.5,+16.6,+16.5,+16.7
2023-02-24 20:57,4,+36.3,+23.6,+15.8,+16.2,+32.2,+39.5,+16.1,+16.2,+16.5,+16.5,+16.6,+16.5,+16.7
2023-02-24 21:57,4,+36.3,+23.6,+15.8,+16.2,+32.2,+39.5,+16.0,+16.1,+16.5,+16.5,+16.6,+16.5,+16.7
2023-02-24 22:57,4,+36.3,+23.6,+15.8,+16.2,+32.2,+39.5,+16.0,+16.2,+16.5,+16.5,+16.6,+16.5,+16.7
2023-02-24 23:57,4,+36.3,+23.6,+15.8,+16.2,+32.2,+39.5,+16.0,+16.2,+16.5,+16.5,+16.6,+16.5,+16.7
2023-02-25 00:57,4,+36.3,+23.6,+15.8,+16.2,+32.2,+39.5,+15.8,+16.1,+16.5,+16.5,+16.6,+16.5,+16.7
2023-02-25 01:57,4,+36.4,+23.6,+15.8,+16.2,+32.2,+39.5,+15.8,+16.1,+16.5,+16.5,+16.6,+16.5,+16.7
2023-02-25 02:57,4,+36.9,+23.6,+15.8,+16.2,+32.2,+39.5,+15.8,+16.1,+16.5,+16.5,+16.6,+16.5,+16.7
2023-02-25 03:57,4,+37.5,+23.6,+15.8,+16.2,+32.2,+39.5,+15.8,+16.1,+16.5,+16.5,+16.6,+16.5,+16.7
2023-02-25 04:57,4,+38.5,+23.6,+15.8,+16.2,+32.2,+39.5,+15.8,+16.1,+16.5,+16.5,+16.6,+16.5,+16.7
2023-02-25 05:57,4,+39.7,+23.6,+15.8,+16.2,+32.2,+39.5,+15.8,+16.0,+16.5,+16.5,+16.7,+16.5,+16.7
2023-02-25 06:57,4,+40.5,+23.6,+15.8,+16.2,+32.2,+39.5,+15.7,+16.1,+16.5,+16.5,+16.6,+16.5,+16.7
2023-02-25 07:57,4,+40.9,+23.6,+15.8,+16.2,+32.2,+39.5,+15.6,+16.1,+16.5,+16.5,+16.7,+16.5,+16.6
2023-02-25 08:57,4,+41.0,+23.6,+15.8,+16.2,+32.2,+39.5,+15.6,+16.0,+16.5,+16.5,+16.6,+16.6,+16.7
2023-02-25 09:57,4,+40.9,+23.6,+15.8,+16.2,+32.2,+39.5,+15.6,+16.0,+16.5,+16.5,+16.6,+16.5,+16.7
2023-02-25 10:57,4,+40.7,+23.6,+15.8,+16.2,+32.2,+39.5,+15.6,+15.8,+16.5,+16.5,+16.6,+16.5,+16.7
2023-02-25 11:57,4,+40.2,+23.6,+15.8,+16.2,+32.2,+39.5,+15.7,+15.8,+16.5,+16.5,+16.6,+16.5,+16.7
2023-02-25 12:57,4,+39.9,+23.6,+15.8,+16.2,+32.2,+39.5,+15.8,+16.0,+16.3,+16.5,+16.6,+16.5,+16.7
2023-02-25 13:57,4,+39.8,+23.6,+15.8,+16.2,+32.2,+39.5,+16.0,+16.0,+16.3,+16.5,+16.6,+16.5,+16.6
2023-02-25 14:57,4,+39.7,+23.6,+15.8,+16.2,+32.2,+39.5,+16.0,+16.0,+16.3,+16.5,+16.6,+16.5,+16.7
2023-02-25 15:57,4,+39.6,+23.6,+15.8,+16.2,+32.2,+39.5,+16.1,+16.0,+16.5,+16.5,+16.6,+16.5,+16.7
2023-02-25 16:57,4,+39.4,+23.6,+15.8,+16.2,+32.2,+39.5,+16.0,+16.0,+16.3,+16.5,+16.6,+16.5,+16.7
2023-02-25 17:57,4,+39.2,+23.6,+15.8,+16.2,+32.2,+39.5,+16.0,+16.0,+16.5,+16.5,+16.6,+16.5,+16.7
2023-02-25 18:57,4,+39.1,+23.6,+15.8,+16.2,+32.2,+39.5,+15.8,+16.1,+16.3,+16.5,+16.6,+16.5,+16.7
2023-02-25 19:57,4,+39.1,+23.5,+15.8,+16.2,+32.2,+39.5,+15.8,+16.1,+16.5,+16.5,+16.6,+16.5,+16.6
2023-02-25 20:57,4,+39.0,+23.6,+15.8,+16.2,+32.2,+39.5,+15.7,+16.0,+16.5,+16.5,+16.6,+16.5,+16.7
2023-02-25 21:57,4,+38.9,+23.6,+15.8,+16.2,+32.2,+39.5,+15.6,+16.0,+16.3,+16.5,+16.6,+16.5,+16.7
2023-02-25 22:57,4,+38.8,+23.5,+15.8,+16.2,+32.2,+39.5,+15.6,+16.0,+16.5,+16.5,+16.6,+16.5,+16.7
2023-02-25 23:57,4,+38.8,+23.6,+15.8,+16.2,+32.2,+39.5,+15.6,+16.0,+16.3,+16.5,+16.6,+16.5,+16.6
2023-02-26 00:57,4,+38.7,+23.6,+15.8,+16.2,+32.2,+39.5,+15.6,+16.0,+16.3,+16.5,+16.6,+16.5,+16.7
2023-02-26 01:57,4,+38.6,+23.6,+15.8,+16.2,+32.2,+39.5,+15.6,+15.8,+16.3,+16.5,+16.6,+16.5,+16.7
2023-02-26 02:57,4,+38.6,+23.6,+15.8,+16.2,+32.2,+39.5,+15.5,+15.8,+16.3,+16.5,+16.6,+16.5,+16.7
2023-02-26 03:57,4,+38.5,+23.6,+15.8,+16.2,+32.2,+39.5,+15.5,+15.8,+16.3,+16.5,+16.6,+16.5,+16.7
2023-02-26 04:57,4,+38.5,+23.6,+15.8,+16.2,+32.2,+39.5,+15.5,+15.8,+16.3,+16.5,+16.6,+16.5,+16.6
2023-02-26 05:57,4,+38.5,+23.6,+15.8,+16.2,+32.2,+39.5,+15.3,+15.8,+16.3,+16.5,+16.6,+16.5,+16.7
2023-02-26 06:57,4,+38.5,+23.6,+15.8,+16.2,+32.2,+39.5,+15.2,+15.7,+16.3,+16.5,+16.6,+16.5,+16.7
2023-02-26 07:57,4,+38.5,+23.6,+15.8,+16.2,+32.2,+39.5,+15.3,+15.8,+16.3,+16.5,+16.6,+16.5,+16.7
2023-02-26 08:57,4,+38.5,+23.6,+15.8,+16.2,+32.2,+39.5,+15.3,+15.7,+16.3,+16.5,+16.6,+16.5,+16.6
2023-02-26 09:57,4,+38.4,+23.6,+15.8,+16.2,+32.2,+39.5,+15.3,+15.7,+16.3,+16.5,+16.6,+16.5,+16.7
2023-02-26 10:57,4,+38.4,+23.6,+15.8,+16.2,+32.2,+39.5,+15.3,+15.7,+16.2,+16.3,+16.6,+16.5,+16.6
2023-02-26 11:57,4,+38.4,+23.5,+15.8,+16.2,+32.2,+39.5,+15.5,+15.6,+16.2,+16.5,+16.6,+16.5,+16.7
2023-02-26 12:57,4,+38.3,+23.5,+15.8,+16.2,+32.2,+39.5,+15.6,+15.7,+16.2,+16.3,+16.6,+16.5,+16.6
2023-02-26 13:57,4,+38.3,+23.5,+15.8,+16.2,+32.2,+39.5,+15.6,+15.7,+16.2,+16.3,+16.6,+16.5,+16.7
2023-02-26 14:57,4,+38.2,+23.5,+15.8,+16.2,+32.2,+39.5,+15.7,+15.7,+16.2,+16.3,+16.6,+16.5,+16.7
2023-02-26 15:57,4,+38.2,+23.5,+15.8,+16.2,+32.2,+39.5,+15.7,+15.8,+16.2,+16.5,+16.6,+16.2,+16.7
2023-02-26 16:57,4,+38.2,+23.5,+15.8,+16.2,+32.2,+39.5,+15.7,+15.8,+16.2,+16.3,+16.6,+16.5,+16.6
2023-02-26 17:57,4,+38.1,+23.5,+15.8,+16.2,+32.2,+39.5,+15.8,+15.8,+16.2,+16.3,+16.6,+16.5,+16.7
2023-02-26 18:57,4,+38.1,+23.5,+15.8,+16.2,+32.2,+39.5,+15.7,+15.8,+16.2,+16.3,+16.6,+16.5,+16.7
2023-02-26 19:57,4,+38.0,+23.5,+15.8,+16.2,+32.2,+39.5,+15.7,+15.8,+16.2,+16.3,+16.6,+16.5,+16.7
2023-02-26 20:57,4,+38.0,+23.5,+15.8,+16.2,+32.2,+39.5,+15.7,+15.8,+16.2,+16.3,+16.6,+16.5,+16.7
2023-02-26 21:57,4,+38.0,+23.5,+15.8,+16.2,+32.2,+39.5,+15.7,+15.8,+16.2,+16.3,+16.6,+16.5,+16.7
2023-02-26 22:57,4,+38.0,+23.5,+15.8,+16.2,+32.2,+39.5,+15.7,+15.8,+16.2,+16.3,+16.6,+16.5,+16.7
2023-02-26 23:57,4,+37.9,+23.5,+15.8,+16.2,+32.2,+39.5,+15.6,+15.8,+16.2,+16.3,+16.6,+16.5,+16.7
2023-02-27 00:57,4,+37.9,+23.5,+15.8,+16.2,+32.2,+39.5,+15.5,+15.8,+16.2,+16.3,+16.6,+16.5,+16.7
2023-02-27 01:57,4,+37.9,+23.5,+15.8,+16.2,+32.2,+39.5,+15.5,+15.8,+16.3,+16.3,+16.6,+16.5,+16.6
2023-02-27 02:57,4,+37.9,+23.5,+15.8,+16.2,+32.2,+39.5,+15.5,+15.8,+16.2,+16.3,+16.6,+16.5,+16.7
2023-02-27 03:57,4,+37.8,+23.5,+15.8,+16.2,+32.2,+39.5,+15.3,+15.8,+16.2,+16.3,+16.5,+16.5,+16.7
2023-02-27 04:57,4,+37.8,+23.5,+15.8,+16.2,+32.2,+39.5,+15.3,+15.7,+16.2,+16.3,+16.6,+16.5,+16.6
2023-02-27 05:57,4,+37.8,+23.5,+15.8,+16.2,+32.2,+39.5,+15.3,+15.7,+16.2,+16.3,+16.6,+16.2,+16.7
2023-02-27 06:57,4,+37.7,+23.5,+15.8,+16.2,+32.2,+39.5,+15.3,+15.7,+16.2,+16.3,+16.6,+16.5,+16.6
2023-02-27 07:57,4,+37.7,+23.5,+15.8,+16.2,+32.2,+39.5,+15.3,+15.7,+16.2,+16.3,+16.6,+16.2,+16.6
2023-02-27 08:57,4,+37.7,+23.5,+15.8,+16.2,+32.2,+39.5,+15.3,+15.6,+16.2,+16.3,+16.5,+16.5,+16.6
2023-02-27 09:57,4,+37.6,+23.5,+15.8,+16.2,+32.2,+39.5,+15.3,+15.6,+16.2,+16.3,+16.5,+16.5,+16.7
2023-02-27 10:57,4,+37.6,+23.5,+15.8,+16.2,+32.2,+39.5,+15.5,+15.6,+16.2,+16.3,+16.6,+16.5,+16.7
2023-02-27 11:57,4,+37.5,+23.5,+15.8,+16.2,+32.2,+39.5,+15.6,+15.6,+16.2,+16.2,+16.5,+16.5,+16.7
2023-02-27 12:57,4,+37.5,+23.5,+15.8,+16.2,+32.2,+39.5,+15.7,+15.7,+16.2,+16.3,+16.6,+16.2,+16.7
2023-02-27 13:57,4,+37.5,+23.5,+15.8,+16.2,+32.2,+39.5,+15.8,+15.7,+16.2,+16.3,+16.6,+16.2,+16.6
2023-02-27 14:57,4,+37.5,+23.5,+15.8,+16.2,+32.2,+39.5,+16.0,+15.7,+16.2,+16.3,+16.5,+16.5,+16.6
2023-02-27 15:57,4,+37.5,+23.5,+15.8,+16.2,+32.2,+39.5,+16.1,+15.8,+16.1,+16.3,+16.6,+16.2,+16.7
2023-02-27 16:57,4,+37.5,+23.5,+15.8,+16.2,+32.2,+39.5,+16.1,+15.8,+16.1,+16.2,+16.5,+16.2,+16.6
2023-02-27 17:57,4,+37.5,+23.5,+15.8,+16.2,+32.2,+39.5,+16.1,+15.8,+16.2,+16.2,+16.5,+16.2,+16.7
2023-02-27 18:57,4,+37.4,+23.5,+15.8,+16.2,+32.2,+39.5,+16.1,+16.0,+16.2,+16.2,+16.5,+16.5,+16.7
2023-02-27 19:57,4,+37.4,+23.5,+15.8,+16.2,+32.2,+39.5,+16.1,+16.0,+16.2,+16.2,+16.5,+16.5,+16.6
2023-02-27 20:57,4,+37.4,+23.5,+15.8,+16.2,+32.2,+39.5,+16.1,+16.0,+16.2,+16.2,+16.6,+16.2,+16.6
2023-02-27 21:57,4,+37.4,+23.5,+15.8,+16.2,+32.2,+39.5,+16.1,+16.0,+16.2,+16.2,+16.5,+16.2,+16.6
2023-02-27 22:57,4,+37.4,+23.5,+15.8,+16.2,+32.2,+39.5,+16.1,+16.0,+16.3,+16.2,+16.5,+16.2,+16.6
2023-02-27 23:57,4,+37.3,+23.5,+15.8,+16.2,+32.2,+39.5,+16.1,+16.1,+16.2,+16.2,+16.5,+16.2,+16.6
2023-02-28 00:57,4,+37.3,+23.5,+15.8,+16.2,+32.2,+39.5,+16.1,+16.1,+16.2,+16.3,+16.5,+16.5,+16.6
2023-02-28 01:57,4,+37.3,+23.5,+15.8,+16.2,+32.2,+39.5,+16.1,+16.0,+16.2,+16.2,+16.5,+16.2,+16.6
2023-02-28 02:57,4,+37.3,+23.5,+15.8,+16.2,+32.2,+39.5,+16.1,+16.1,+16.2,+16.2,+16.5,+16.2,+16.6
2023-02-28 03:57,4,+37.3,+23.5,+15.8,+16.2,+32.2,+39.5,+16.1,+16.1,+16.3,+16.3,+16.5,+16.2,+16.6
2023-02-28 04:57,4,+37.3,+23.5,+15.8,+16.2,+32.2,+39.5,+16.1,+16.1,+16.3,+16.3,+16.5,+16.2,+16.6
2023-02-28 05:57,4,+37.3,+23.5,+15.8,+16.2,+32.2,+39.5,+16.0,+16.1,+16.3,+16.2,+16.5,+16.2,+16.6
2023-02-28 06:57,4,+37.2,+23.5,+15.8,+16.2,+32.2,+39.5,+16.0,+16.1,+16.3,+16.3,+16.5,+16.2,+16.6
2023-02-28 07:57,4,+37.2,+23.5,+15.8,+16.2,+32.2,+39.5,+16.0,+16.1,+16.3,+16.3,+16.5,+16.2,+16.6
2023-02-28 08:57,4,+37.2,+23.5,+15.8,+16.2,+32.2,+39.5,+16.0,+16.0,+16.3,+16.3,+16.5,+16.2,+16.6
2023-02-28 09:57,4,+37.2,+23.5,+15.8,+16.2,+32.2,+39.5,+16.1,+16.1,+16.3,+16.3,+16.5,+16.2,+16.6
2023-02-28 10:57,4,+37.1,+23.5,+15.8,+16.2,+32.2,+39.5,+16.1,+16.1,+16.3,+16.3,+16.5,+16.2,+16.6
2023-02-28 11:57,4,+37.1,+23.5,+15.8,+16.2,+32.2,+39.5,+16.3,+16.1,+16.3,+16.3,+16.5,+16.5,+16.6