2022-10-26 09:48,4,+46.8,+26.5,+16.0,+16.2,+32.2,+37.2,+18.0,+18.1,+18.3,+18.2,+18.2,+17.7,+18.1
2022-10-26 10:48,4,+46.8,+26.5,+16.0,+16.2,+32.2,+37.2,+18.1,+18.0,+18.3,+18.2,+18.2,+18.0,+18.0
2022-10-26 11:48,4,+46.8,+26.5,+16.0,+16.2,+32.2,+37.2,+18.2,+18.0,+18.3,+18.2,+18.2,+18.0,+18.0
2022-10-26 12:48,4,+46.7,+26.5,+16.0,+16.2,+32.2,+37.2,+18.3,+18.1,+18.3,+18.2,+18.2,+18.0,+18.0
2022-10-26 13:48,4,+46.7,+26.5,+16.0,+16.2,+32.2,+37.2,+18.5,+18.1,+18.2,+18.2,+18.2,+18.0,+18.1
2022-10-26 14:48,4,+46.7,+26.5,+16.0,+16.2,+32.2,+37.2,+18.6,+18.2,+18.3,+18.2,+18.2,+17.7,+18.1
2022-10-26 15:48,4,+46.7,+26.5,+16.0,+16.2,+32.2,+37.2,+18.6,+18.2,+18.3,+18.2,+18.2,+18.0,+18.0
2022-10-26 16:48,4,+46.7,+26.5,+16.0,+16.2,+32.2,+37.2,+18.7,+18.2,+18.3,+18.2,+18.1,+18.0,+18.0
2022-10-26 17:48,4,+46.7,+26.5,+16.0,+16.2,+32.2,+37.2,+18.6,+18.2,+18.3,+18.2,+18.2,+17.7,+18.0
2022-10-26 18:48,4,+46.6,+26.5,+16.0,+16.2,+32.2,+37.2,+18.6,+18.3,+18.3,+18.2,+18.2,+18.0,+18.0
2022-10-26 19:48,4,+46.6,+26.5,+16.0,+16.2,+32.2,+37.2,+18.6,+18.3,+18.5,+18.2,+18.2,+17.7,+18.0
2022-10-26 20:48,4,+46.6,+26.5,+16.0,+16.2,+32.2,+37.2,+18.5,+18.3,+18.5,+18.2,+18.2,+17.7,+18.0
2022-10-26 21:48,4,+46.6,+26.4,+16.0,+16.2,+32.2,+37.2,+18.3,+18.3,+18.5,+18.2,+18.2,+18.0,+18.1
2022-10-26 22:48,4,+46.5,+26.4,+16.0,+16.1,+32.2,+37.2,+18.3,+18.3,+18.3,+18.2,+18.2,+18.0,+18.0
2022-10-26 23:48,4,+46.5,+26.4,+16.0,+16.2,+32.2,+37.2,+18.2,+18.3,+18.5,+18.2,+18.2,+18.0,+18.1
2022-10-27 00:48,4,+46.5,+26.4,+16.0,+16.1,+32.2,+37.2,+18.1,+18.2,+18.3,+18.2,+18.2,+18.0,+18.1
2022-10-27 01:48,4,+46.4,+26.4,+16.0,+16.1,+32.2,+37.2,+18.0,+18.2,+18.5,+18.2,+18.2,+18.0,+18.0
2022-10-27 02:48,4,+46.4,+26.4,+16.0,+16.1,+32.2,+37.2,+18.0,+18.2,+18.5,+18.2,+18.2,+17.7,+18.1
2022-10-27 03:48,4,+46.3,+26.4,+16.0,+16.1,+32.2,+37.2,+17.7,+18.1,+18.3,+18.2,+18.2,+17.7,+18.0
2022-10-27 04:48,4,+46.3,+26.4,+16.0,+16.1,+32.2,+37.2,+17.7,+18.1,+18.3,+18.2,+18.2,+17.7,+18.0
2022-10-27 05:48,4,+46.2,+26.4,+16.0,+16.2,+32.2,+37.2,+17.6,+18.1,+18.5,+18.2,+18.2,+18.0,+18.1
2022-10-27 06:48,4,+46.2,+26.4,+16.0,+16.1,+32.2,+37.2,+17.5,+18.0,+18.5,+18.2,+18.2,+17.7,+18.0
2022-10-27 07:48,4,+46.1,+26.4,+16.0,+16.1,+32.2,+37.2,+17.5,+18.0,+18.3,+18.2,+18.2,+18.0,+18.1
2022-10-27 08:48,4,+46.1,+26.3,+16.0,+16.1,+32.2,+37.2,+17.6,+17.8,+18.3,+18.2,+18.2,+18.0,+18.1
2022-10-27 09:48,4,+46.1,+26.3,+16.0,+16.2,+32.2,+37.2,+17.6,+17.8,+18.3,+18.2,+18.2,+18.0,+18.1
2022-10-27 10:48,4,+46.0,+26.3,+16.0,+16.1,+32.2,+37.2,+17.7,+17.8,+18.3,+18.2,+18.2,+18.0,+18.1
2022-10-27 11:48,4,+46.0,+26.3,+16.0,+16.1,+32.2,+37.2,+17.7,+17.8,+18.3,+18.2,+18.2,+18.0,+18.1
2022-10-27 12:48,4,+45.9,+26.3,+16.0,+16.1,+32.2,+37.2,+18.1,+17.8,+18.2,+18.2,+18.2,+18.0,+18.0
2022-10-27 13:48,4,+46.2,+26.3,+16.0,+16.1,+32.2,+37.2,+18.3,+18.0,+18.2,+18.2,+18.2,+18.0,+18.1
2022-10-27 14:48,4,+46.0,+26.2,+16.0,+16.1,+32.2,+37.2,+18.5,+18.0,+18.3,+18.2,+18.2,+18.0,+18.0
2022-10-27 15:48,4,+45.8,+26.2,+16.0,+16.1,+32.2,+37.2,+18.5,+18.0,+18.2,+18.2,+18.2,+18.0,+18.0
2022-10-27 16:48,4,+45.9,+26.2,+16.0,+16.1,+32.2,+37.2,+18.3,+18.1,+18.2,+18.2,+18.2,+18.0,+18.1
2022-10-27 17:48,4,+45.8,+26.2,+16.0,+16.1,+32.2,+37.2,+18.5,+18.1,+18.2,+18.2,+18.2,+18.0,+18.0
2022-10-27 18:48,4,+45.8,+26.2,+16.0,+16.1,+32.2,+37.2,+18.3,+18.1,+18.2,+18.2,+18.2,+18.0,+18.0
2022-10-27 19:48,4,+46.6,+26.2,+16.0,+16.1,+32.2,+37.2,+18.3,+18.1,+18.3,+18.2,+18.2,+18.0,+18.0
2022-10-27 20:48,4,+46.4,+26.2,+16.0,+16.1,+32.2,+37.2,+18.2,+18.1,+18.3,+18.2,+18.2,+18.0,+18.1
2022-10-27 21:48,4,+46.3,+26.2,+16.0,+16.1,+32.2,+37.2,+18.2,+18.2,+18.3,+18.2,+18.2,+18.0,+18.0
2022-10-27 22:48,4,+46.3,+26.2,+16.0,+16.1,+32.2,+37.2,+18.1,+18.1,+18.3,+18.2,+18.1,+18.0,+18.0
2022-10-27 23:48,4,+46.2,+26.2,+16.0,+16.1,+32.2,+37.2,+18.0,+18.1,+18.3,+18.2,+18.2,+18.0,+18.1
2022-10-28 00:48,4,+46.0,+26.2,+16.0,+16.1,+32.2,+37.2,+17.8,+18.1,+18.3,+18.2,+18.2,+18.0,+18.0
2022-10-28 01:48,4,+46.2,+26.2,+16.0,+16.1,+32.2,+37.2,+17.7,+18.1,+18.3,+18.2,+18.2,+18.0,+18.1
2022-10-28 02:48,4,+46.2,+26.2,+16.0,+16.1,+32.2,+37.2,+17.6,+18.0,+18.3,+18.2,+18.2,+18.0,+18.0
2022-10-28 03:48,4,+45.9,+26.1,+16.0,+16.1,+32.2,+37.2,+17.5,+18.0,+18.3,+18.2,+18.2,+18.0,+18.0
2022-10-28 04:48,4,+45.9,+26.1,+16.0,+16.1,+32.2,+37.2,+17.3,+17.8,+18.3,+18.2,+18.2,+18.0,+18.1
2022-10-28 05:48,4,+45.9,+26.1,+16.0,+16.1,+32.2,+37.2,+17.2,+17.8,+18.3,+18.2,+18.2,+18.0,+18.1
2022-10-28 06:48,4,+45.9,+26.1,+16.0,+16.1,+32.2,+37.2,+17.2,+17.7,+18.3,+18.2,+18.1,+18.0,+18.1
2022-10-28 07:48,4,+45.8,+26.1,+16.0,+16.1,+32.2,+37.2,+17.1,+17.7,+18.2,+18.2,+18.2,+18.0,+18.0
2022-10-28 08:48,4,+45.8,+26.1,+16.0,+16.1,+32.2,+37.2,+17.2,+17.7,+18.2,+18.1,+18.2,+18.0,+18.0
2022-10-28 09:48,4,+45.8,+26.1,+15.8,+16.1,+32.2,+37.2,+17.2,+17.6,+18.2,+18.2,+18.2,+18.0,+18.0
2022-10-28 10:48,4,+45.8,+26.0,+15.8,+16.1,+32.0,+37.2,+17.3,+17.6,+18.2,+18.2,+18.2,+18.0,+18.0
2022-10-28 11:48,4,+45.7,+26.0,+15.8,+16.1,+32.2,+37.2,+17.5,+17.6,+18.1,+18.2,+18.2,+17.7,+18.0
2022-10-28 12:48,4,+45.4,+26.0,+15.8,+16.1,+32.2,+37.2,+17.6,+17.6,+18.1,+18.1,+18.2,+18.0,+18.0
2022-10-28 13:48,4,+45.4,+26.0,+15.8,+16.1,+32.2,+37.2,+17.7,+17.6,+18.1,+18.1,+18.2,+18.0,+18.0
2022-10-28 14:48,4,+45.4,+26.0,+15.8,+16.1,+32.0,+37.2,+17.8,+17.6,+18.1,+18.2,+18.2,+18.0,+18.0
2022-10-28 15:48,4,+45.2,+25.9,+15.8,+16.1,+32.2,+37.2,+17.8,+17.7,+18.1,+18.1,+18.2,+18.0,+18.0
2022-10-28 16:48,4,+45.2,+25.9,+15.8,+16.1,+32.2,+37.2,+17.8,+17.7,+18.1,+18.1,+18.1,+18.0,+18.0
2022-10-28 17:48,4,+45.1,+25.9,+15.8,+16.1,+32.0,+37.2,+17.8,+17.7,+18.1,+18.1,+18.2,+18.0,+18.1
2022-10-28 18:48,4,+45.1,+25.9,+15.8,+16.1,+32.2,+37.2,+17.8,+17.7,+18.1,+18.1,+18.2,+17.7,+18.1
2022-10-28 19:48,4,+45.0,+25.9,+15.8,+16.1,+32.0,+37.2,+17.7,+17.7,+18.1,+18.1,+18.2,+17.7,+18.0
2022-10-28 20:48,4,+45.2,+25.9,+15.8,+16.1,+32.2,+37.2,+17.7,+17.7,+18.1,+18.1,+18.2,+18.0,+18.0
2022-10-28 21:48,4,+45.1,+25.9,+15.8,+16.1,+32.0,+37.2,+17.6,+17.8,+18.1,+18.1,+18.1,+18.0,+18.0
2022-10-28 22:48,4,+45.1,+25.8,+15.8,+16.1,+32.0,+37.2,+17.6,+17.7,+18.1,+18.1,+18.2,+18.0,+18.1
2022-10-28 23:48,4,+44.9,+25.8,+15.8,+16.1,+32.0,+37.2,+17.5,+17.7,+18.1,+18.1,+18.2,+18.0,+18.1
2022-10-29 00:48,4,+44.6,+25.8,+15.8,+16.1,+32.0,+37.2,+17.3,+17.7,+18.1,+18.1,+18.2,+18.0,+18.0
2022-10-29 01:48,4,+44.6,+25.7,+15.8,+16.1,+32.0,+37.2,+17.2,+17.6,+18.1,+18.1,+18.2,+18.0,+18.1
2022-10-29 02:48,4,+44.6,+25.7,+15.8,+16.1,+32.0,+37.2,+17.1,+17.7,+18.1,+18.1,+18.2,+18.0,+18.1
2022-10-29 03:48,4,+44.6,+25.7,+15.8,+16.1,+32.0,+37.2,+17.1,+17.6,+18.1,+18.1,+18.1,+18.0,+18.1
2022-10-29 04:48,4,(Error)
2022-10-29 05:48,4,+44.6,+25.7,+15.8,+16.1,+32.0,+37.2,+17.0,+17.6,+18.1,+18.1,+18.1,+18.0,+18.0
2022-10-29 06:48,4,+44.6,+25.7,+15.8,+16.1,+32.0,+37.2,+17.0,+17.5,+18.0,+18.1,+18.1,+18.0,+18.0
2022-10-29 07:48,4,+44.6,+25.7,+15.8,+16.1,+32.0,+37.2,+17.0,+17.3,+18.0,+18.1,+18.2,+18.0,+18.1
2022-10-29 08:48,4,+44.6,+25.6,+15.8,+16.1,+32.0,+37.2,+17.0,+17.5,+18.0,+18.1,+18.1,+18.0,+18.1
2022-10-29 09:48,4,+44.5,+25.6,+15.8,+16.1,+32.0,+37.2,+17.2,+17.3,+18.0,+18.0,+18.1,+17.7,+18.1
2022-10-29 10:48,4,+44.4,+25.6,+15.8,+16.1,+32.0,+37.2,+17.3,+17.3,+18.0,+18.0,+18.2,+18.0,+18.1
2022-10-29 11:48,4,+44.4,+25.6,+15.8,+16.1,+32.0,+37.2,+17.5,+17.5,+18.0,+18.1,+18.1,+17.7,+18.0
2022-10-29 12:48,4,+44.4,+25.6,+15.8,+16.1,+32.0,+37.2,,,,,,,
2022-10-29 13:48,4,+44.3,+25.5,+15.8,+16.1,+32.0,+37.2,+18.2,+17.5,+17.8,+18.0,+18.1,+17.7,+18.0
2022-10-29 14:48,4,+44.3,+25.5,+15.8,+16.1,+32.0,+37.2,+18.3,+17.6,+18.0,+18.0,+18.1,+17.7,+18.1
2022-10-29 15:48,4,+44.2,+25.5,+15.8,+16.1,+32.0,+37.2,+18.3,+17.7,+17.8,+18.0,+18.1,+18.0,+18.0
2022-10-29 16:48,4,+44.1,+25.5,+15.8,+16.1,+32.0,+37.2,+18.3,+17.8,+18.0,+18.0,+18.1,+18.0,+18.0
2022-10-29 17:48,4,+44.1,+25.5,+15.8,+16.1,+32.0,+37.2,+18.3,+18.0,+18.0,+18.0,+18.1,+17.7,+18.1
2022-10-29 18:48,4,+44.1,+25.5,+15.8,+16.1,+32.0,+37.2,+18.3,+18.0,+18.0,+18.0,+18.1,+17.7,+18.0
2022-10-29 19:48,4,+44.0,+25.5,+15.8,+16.1,+32.0,+37.2,+18.2,+17.8,+18.0,+18.0,+18.1,+17.7,+18.1
2022-10-29 20:48,4,+44.0,+25.4,+15.8,+16.1,+32.0,+37.2,+18.1,+18.0,+18.0,+18.0,+18.1,+17.7,+18.0
2022-10-29 21:48,4,+43.9,+25.4,+15.8,+16.1,+32.0,+37.2,+18.1,+18.0,+18.0,+18.0,+18.1,+17.7,+18.0
2022-10-29 22:48,4,+43.9,+25.4,+15.8,+16.1,+32.0,+37.2,+18.0,+18.0,+18.1,+18.0,+18.1,+17.7,+18.0
2022-10-29 23:48,4,+43.8,+25.4,+15.8,+16.1,+32.0,+37.2,+17.8,+18.0,+18.1,+18.0,+18.1,+18.0,+18.0
2022-10-30 00:48,4,+43.8,+25.4,+15.8,+16.1,+32.0,+37.2,+17.7,+18.0,+18.1,+18.0,+18.1,+17.7,+18.1
2022-10-30 01:48,4,+43.7,+25.4,+15.8,+16.1,+32.0,+37.2,+17.6,+17.8,+18.1,+18.0,+18.1,+17.7,+18.1
2022-10-30 02:48,4,+43.5,+25.4,+15.8,+16.1,+32.0,+37.2,+17.3,+17.8,+18.1,+18.0,+18.1,+17.7,+18.0
2022-10-30 03:48,4,+43.3,+25.4,+15.8,+16.1,+32.0,+37.2,+17.3,+17.7,+18.1,+18.0,+18.1,+17.7,+18.0
2022-10-30 04:48,4,+43.3,+25.4,+15.8,+16.0,+32.0,+37.2,+17.2,+17.7,+18.1,+18.0,+18.1,+17.7,+18.1
2022-10-30 05:48,4,+43.2,+25.4,+15.8,+16.0,+32.0,+37.2,+17.1,+17.7,+18.1,+18.0,+18.1,+17.7,+18.0
2022-10-30 06:48,4,+43.1,+25.3,+15.8,+16.0,+32.0,+37.2,+17.0,+17.6,+18.1,+18.0,+18.0,+17.7,+18.0
2022-10-30 07:48,4,+43.0,+25.3,+15.8,+16.0,+32.0,+37.2,+17.0,+17.5,+18.1,+18.0,+18.1,+17.7,+18.0
2022-10-30 08:48,4,+42.9,+25.3,+15.8,+16.0,+32.0,+37.2,+17.0,+17.5,+18.0,+18.0,+18.1,+17.7,+18.0
2022-10-30 09:48,4,+42.9,+25.3,+15.8,+16.0,+32.0,+37.2,+17.0,+17.5,+18.0,+18.0,+18.1,+17.7,+18.0
2022-10-30 10:48,4,+42.8,+25.3,+15.8,+16.0,+32.0,+37.2,+17.1,+17.5,+18.0,+18.0,+18.1,+17.7,+18.0
2022-10-30 11:48,4,+42.8,+25.2,+15.8,+16.0,+32.0,+37.2,+17.3,+17.3,+18.0,+18.1,+18.0,+17.7,+18.0
2022-10-30 12:48,4,+42.7,+25.2,+15.8,+16.0,+32.0,+37.2,+17.5,+17.3,+18.0,+18.0,+18.1,+17.7,+18.0
2022-10-30 13:48,4,+42.7,+25.2,+15.8,+16.0,+32.0,+37.2,+17.6,+17.5,+18.0,+18.0,+18.0,+17.7,+18.0
2022-10-30 14:48,4,+42.6,+25.2,+15.6,+16.0,+32.0,+37.2,+17.8,+17.5,+17.8,+18.0,+18.1,+17.7,+18.0
2022-10-30 15:48,4,+42.6,+25.2,+15.6,+16.0,+32.0,+37.2,+17.7,+17.6,+18.0,+18.0,+18.1,+17.7,+18.0
2022-10-30 16:48,4,+42.5,+25.2,+15.6,+16.0,+32.0,+37.2,+17.8,+17.6,+17.8,+18.0,+18.1,+17.7,+18.0
2022-10-30 17:48,4,+42.5,+25.1,+15.6,+16.0,+32.0,+37.2,+17.8,+17.6,+18.0,+18.0,+18.1,+17.7,+18.0
2022-10-30 18:48,4,+42.4,+25.1,+15.6,+16.0,+32.0,+37.2,+17.7,+17.6,+18.0,+18.0,+18.1,+17.7,+18.0
2022-10-30 19:48,4,+42.3,+25.1,+15.6,+16.0,+32.0,+37.2,+17.7,+17.7,+18.0,+18.0,+18.1,+17.7,+18.0
2022-10-30 20:48,4,+42.3,+25.1,+15.6,+16.0,+32.0,+37.2,+17.7,+17.6,+18.0,+17.8,+18.1,+17.7,+18.0
2022-10-30 21:48,4,+42.3,+25.1,+15.6,+16.0,+32.0,+37.2,+17.6,+17.7,+18.0,+18.0,+18.1,+17.7,+18.0
2022-10-30 22:48,4,+42.2,+25.1,+15.6,+16.0,+32.0,+37.2,+17.5,+17.6,+18.0,+17.8,+18.1,+17.7,+18.0
2022-10-30 23:48,4,+42.2,+25.1,+15.6,+16.0,+32.0,+37.2,+17.3,+17.6,+18.0,+17.8,+18.1,+17.7,+18.0
2022-10-31 00:48,4,+42.1,+25.1,+15.6,+16.0,+32.0,+37.2,+17.3,+17.6,+18.0,+18.0,+18.0,+17.7,+18.0
2022-10-31 01:48,4,+42.1,+25.1,+15.6,+16.0,+32.0,+37.2,+17.1,+17.6,+18.0,+17.8,+18.1,+17.7,+18.1
2022-10-31 02:48,4,+42.1,+25.1,+15.6,+16.0,+32.0,+37.2,+17.1,+17.6,+18.0,+18.0,+18.1,+17.7,+18.0
2022-10-31 03:48,4,+42.0,+25.1,+15.6,+16.0,+32.0,+37.2,+17.0,+17.5,+18.0,+18.0,+18.0,+17.7,+18.0
2022-10-31 04:48,4,+41.9,+25.0,+15.6,+16.0,+32.0,+37.2,+16.8,+17.3,+18.0,+18.0,+18.0,+17.7,+18.0
2022-10-31 05:48,4,+41.9,+25.0,+15.6,+16.0,+32.0,+37.2,+16.7,+17.3,+18.0,+18.0,+18.0,+17.7,+18.0
2022-10-31 06:48,4,+41.9,+25.0,+15.6,+16.0,+32.0,+37.2,+16.7,+17.3,+17.8,+17.8,+18.0,+17.7,+17.7
2022-10-31 07:48,4,+41.8,+25.0,+15.6,+16.0,+32.0,+37.2,+16.6,+17.3,+17.8,+17.8,+18.0,+17.7,+18.0
2022-10-31 08:48,4,+41.8,+25.0,+15.6,+16.0,+32.0,+37.0,+16.7,+17.2,+17.8,+17.8,+18.1,+17.7,+18.0
2022-10-31 09:48,4,+41.8,+25.0,+15.6,+16.0,+32.0,+37.0,+16.8,+17.2,+17.8,+17.8,+18.0,+17.7,+18.0
2022-10-31 10:48,4,+41.8,+25.0,+15.6,+16.0,+32.0,+37.0,+17.0,+17.2,+17.8,+17.8,+18.0,+17.7,+18.0
2022-10-31 11:48,4,+41.7,+25.0,+15.6,+16.0,+32.0,+37.0,+17.1,+17.2,+17.7,+17.8,+18.0,+17.7,+18.0
2022-10-31 12:48,4,+41.7,+25.0,+15.6,+16.0,+32.0,+37.0,+17.6,+17.2,+17.7,+17.8,+18.0,+17.7,+18.0
2022-10-31 13:48,4,+41.7,+25.0,+15.6,+16.0,+32.0,+37.0,+18.0,+17.3,+17.7,+17.8,+18.1,+17.7,+18.0
2022-10-31 14:48,4,+41.6,+25.0,+15.6,+16.0,+32.0,+37.0,+18.1,+17.3,+17.7,+17.8,+18.1,+17.7,+18.0
2022-10-31 15:48,4,+41.6,+25.0,+15.6,+16.0,+32.0,+37.0,+18.1,+17.5,+17.7,+17.8,+18.0,+17.7,+18.0
2022-10-31 16:48,4,+41.5,+25.0,+15.6,+16.0,+32.0,+37.0,+18.0,+17.6,+17.7,+17.8,+18.0,+17.7,+18.0
2022-10-31 17:48,4,+41.5,+25.0,+15.6,+16.0,+32.0,+37.0,+18.0,+17.6,+17.7,+17.8,+18.0,+17.7,+18.0
2022-10-31 18:48,4,+41.5,+25.0,+15.6,+16.0,+32.0,+37.0,+18.0,+17.6,+17.8,+17.8,+18.0,+17.7,+18.1
2022-10-31 19:48,4,+41.4,+24.9,+15.6,+16.0,+32.0,+37.0,+17.8,+17.7,+17.8,+17.8,+18.0,+17.7,+17.7
2022-10-31 20:48,4,+41.4,+24.9,+15.6,+16.0,+32.0,+37.0,+17.8,+17.6,+17.8,+17.8,+18.0,+17.7,+18.0
2022-10-31 21:48,4,+41.4,+24.9,+15.6,+15.8,+32.0,+37.0,+17.8,+17.7,+17.8,+17.8,+18.0,+17.7,+18.0
2022-10-31 22:48,4,(Error)
2022-10-31 23:48,4,+41.3,+24.9,+15.6,+15.8,+32.0,+37.0,+17.7,+17.7,+17.8,+17.8,+18.0,+17.7,+18.0
2022-11-01 00:48,4,+41.3,+24.9,+15.6,+15.8,+32.0,+37.0,+17.7,+17.7,+17.8,+17.8,+18.0,+17.7,+18.0
2022-11-01 01:48,4,+41.2,+24.9,+15.6,+15.8,+32.0,+37.0,+17.6,+17.7,+18.0,+17.8,+18.0,+17.7,+18.0
2022-11-01 02:48,4,+41.2,+24.9,+15.6,+15.8,+32.0,+37.0,+17.6,+17.6,+18.0,+17.8,+18.0,+17.7,+18.0
2022-11-01 03:48,4,+41.2,+24.9,+15.6,+15.8,+32.0,+37.0,+17.5,+17.7,+17.8,+17.8,+18.0,+17.7,+18.0
2022-11-01 04:48,4,+41.1,+24.9,+15.6,+15.8,+32.0,+37.0,+17.3,+17.6,+18.0,+17.8,+18.0,+17.7,+17.7
2022-11-01 05:48,4,+41.1,+24.9,+15.6,+15.8,+32.0,+37.0,+17.3,+17.7,+17.8,+17.8,+18.0,+17.7,+18.0
2022-11-01 06:48,4,+41.1,+24.9,+15.6,+15.8,+32.0,+37.0,+17.3,+17.6,+17.8,+17.8,+18.0,+17.7,+18.0
2022-11-01 07:48,4,+41.0,+24.8,+15.6,+15.8,+32.0,+37.0,+17.3,+17.6,+17.8,+17.8,+18.0,+17.7,+18.0
2022-11-01 08:48,4,+41.0,+24.8,+15.6,+15.8,+32.0,+37.0,+17.5,+17.5,+17.8,+17.8,+18.0,+17.7,+18.0
2022-11-01 09:48,4,+41.0,+24.8,+15.6,+15.8,+32.0,+37.0,+17.6,+17.5,+17.8,+17.8,+18.0,+17.7,+18.0
2022-11-01 10:48,4,+40.9,+24.8,+15.6,+15.8,+32.0,+37.0,+17.6,+17.6,+17.8,+17.8,+18.0,+17.7,+18.0
2022-11-01 11:48,4,+40.9,+24.8,+15.6,+15.8,+32.0,+37.0,+17.7,+17.6,+17.8,+17.8,+18.0,+17.7,+17.7
2022-11-01 12:48,4,+40.9,+24.8,+15.6,+15.8,+32.0,+37.0,+18.0,+17.6,+17.8,+17.8,+18.0,+17.7,+18.0
2022-11-01 13:48,4,+40.8,+24.8,+15.6,+15.8,+32.0,+37.0,+18.0,+17.6,+18.0,+17.8,+18.0,+17.7,+18.0
2022-11-01 14:48,4,+40.8,+24.8,+15.6,+15.8,+32.0,+37.0,+18.0,+17.7,+17.8,+17.8,+18.0,+17.7,+18.0
2022-11-01 15:48,4,+40.8,+24.8,+15.6,+15.8,+32.0,+37.0,+18.0,+17.7,+17.8,+17.8,+18.0,+17.7,+17.7
2022-11-01 16:48,4,+40.8,+24.8,+15.6,+15.8,+32.0,+37.0,+18.1,+17.7,+17.8,+17.8,+18.0,+17.7,+17.7
2022-11-01 17:48,4,+40.8,+24.8,+15.6,+15.8,+32.0,+37.0,+18.1,+17.7,+17.8,+17.8,+18.0,+17.7,+17.7
2022-11-01 18:48,4,+40.8,+24.8,+15.6,+15.8,+32.0,+37.0,+18.1,+17.8,+18.0,+17.8,+18.0,+17.7,+18.0
2022-11-01 19:48,4,+40.7,+24.8,+15.6,+15.8,+32.0,+37.0,+18.1,+17.8,+18.0,+17.8,+18.0,+17.7,+17.7
2022-11-01 20:48,4,+40.9,+24.8,+15.6,+15.8,+32.0,+37.0,+18.1,+17.8,+18.0,+17.8,+18.0,+17.7,+17.7
2022-11-01 21:48,4,+41.2,+24.7,+15.6,+15.8,+32.0,+37.0,+18.1,+17.8,+18.0,+17.8,+18.0,+17.7,+17.7
2022-11-01 22:48,4,+41.3,+24.8,+15.6,+15.8,+32.0,+37.0,+18.0,+18.0,+18.0,+17.8,+17.7,+17.7,+18.0
2022-11-01 23:48,4,+41.4,+24.7,+15.6,+15.8,+32.0,+37.0,+18.0,+17.8,+18.0,+17.8,+18.0,+17.7,+18.0
2022-11-02 00:48,4,+41.4,+24.7,+15.6,+15.8,+32.0,+37.0,+18.0,+18.0,+18.0,+17.8,+18.0,+17.7,+18.0
2022-11-02 01:48,4,+41.5,+24.7,+15.6,+15.8,+32.0,+37.0,+17.8,+17.8,+18.1,+17.8,+18.0,+17.7,+18.0
2022-11-02 02:48,4,+41.4,+24.7,+15.6,+15.8,+32.0,+37.0,+17.7,+17.8,+18.1,+17.8,+18.0,+17.7,+17.7
2022-11-02 03:48,4,+41.4,+24.7,+15.6,+15.8,+32.0,+37.0,+17.7,+17.8,+18.1,+18.0,+18.0,+17.7,+17.7
2022-11-02 04:48,4,+41.4,+24.7,+15.6,+15.8,+32.0,+37.0,+17.6,+17.8,+18.0,+17.8,+18.0,+17.7,+18.0
2022-11-02 05:48,4,+41.4,+24.7,+15.6,+15.8,+32.0,+37.0,+17.5,+17.8,+18.1,+18.0,+18.0,+17.7,+18.0
2022-11-02 06:48,4,+41.3,+24.7,+15.6,+15.8,+32.0,+37.0,+17.6,+17.7,+18.0,+18.0,+18.0,+17.7,+17.7
2022-11-02 07:48,4,+41.3,+24.7,+15.6,+15.8,+32.0,+37.0,+17.6,+17.7,+18.1,+18.0,+18.0,+17.7,+17.7
2022-11-02 08:48,4,+41.3,+24.7,+15.6,+15.8,+32.0,+37.0,+17.6,+17.7,+18.0,+17.8,+18.0,+17.7,+18.0
2022-11-02 09:48,4,+41.2,+24.7,+15.6,+15.8,+32.0,+37.0,+17.7,+17.7,+18.0,+18.0,+18.0,+17.7,+18.0
2022-11-02 10:48,4,+41.2,+24.7,+15.6,+15.8,+32.0,+37.0,+18.0,+17.7,+18.0,+17.8,+18.0,+17.7,+17.7
2022-11-02 11:48,4,+41.2,+24.7,+15.6,+15.8,+32.0,+37.0,+18.1,+17.7,+18.0,+18.0,+18.0,+17.7,+17.7
2022-11-02 12:48,4,+41.2,+24.7,+15.6,+15.8,+32.0,+37.0,+18.3,+17.7,+18.0,+18.0,+18.0,+17.7,+17.7
2022-11-02 13:48,4,+41.2,+24.6,+15.6,+15.8,+32.0,+37.0,+18.6,+17.8,+18.0,+17.8,+18.0,+17.7,+17.7
2022-11-02 14:48,4,+41.3,+24.6,+15.5,+15.8,+32.0,+37.0,+18.7,+18.0,+18.0,+18.0,+18.0,+17.7,+17.7
2022-11-02 15:48,4,+41.0,+24.6,+15.5,+15.8,+32.0,+37.0,+18.7,+18.0,+18.1,+18.0,+18.0,+17.7,+18.0
2022-11-02 16:48,4,+40.9,+24.6,+15.5,+15.8,+32.0,+37.0,+18.7,+18.1,+18.1,+17.8,+18.0,+17.7,+18.0
2022-11-02 17:48,4,+41.3,+24.6,+15.5,+15.8,+32.0,+37.0,+18.7,+18.1,+18.1,+18.0,+18.0,+17.7,+18.0
2022-11-02 18:48,4,+41.1,+24.6,+15.5,+15.8,+32.0,+37.0,+18.6,+18.1,+18.1,+18.0,+18.0,+17.7,+17.7
2022-11-02 19:48,4,+40.7,+24.6,+15.5,+15.8,+32.0,+37.0,+18.6,+18.2,+18.2,+18.0,+18.0,+17.7,+17.7
2022-11-02 20:48,4,+40.4,+24.6,+15.5,+15.8,+32.0,+37.0,+18.6,+18.2,+18.2,+18.0,+18.0,+17.7,+17.7
2022-11-02 21:48,4,+40.4,+24.6,+15.5,+15.8,+32.0,+37.0,+18.5,+18.2,+18.2,+18.0,+18.0,+17.7,+18.0
2022-11-02 22:48,4,+40.6,+24.6,+15.5,+15.8,+31.7,+37.0,+18.5,+18.2,+18.2,+18.0,+18.0,+17.7,+17.7
2022-11-02 23:48,4,+41.3,+24.6,+15.5,+15.8,+31.7,+37.0,+18.5,+18.2,+18.2,+18.0,+18.0,+17.7,+17.7
2022-11-03 00:48,4,+40.6,+24.6,+15.5,+15.8,+31.7,+37.0,+18.3,+18.2,+18.2,+18.0,+18.0,+17.7,+18.0
2022-11-03 01:48,4,+41.6,+24.6,+15.5,+15.8,+31.7,+37.0,+18.2,+18.2,+18.2,+18.0,+18.0,+17.7,+17.7
2022-11-03 02:48,4,+41.5,+24.6,+15.5,+15.8,+31.7,+37.0,+18.1,+18.2,+18.2,+18.1,+18.0,+17.7,+18.0
2022-11-03 03:48,4,+41.6,+24.6,+15.5,+15.8,+31.7,+37.0,+18.0,+18.1,+18.2,+18.0,+18.0,+17.7,+18.0
2022-11-03 04:48,4,+40.8,+24.6,+15.5,+15.8,+31.7,+37.0,+17.8,+18.1,+18.2,+18.0,+18.0,+17.7,+18.0
2022-11-03 05:48,4,+40.7,+24.6,+15.5,+15.8,+31.7,+37.0,+17.7,+18.0,+18.2,+18.0,+18.0,+17.7,+17.7
2022-11-03 06:48,4,+40.7,+24.5,+15.5,+15.8,+32.0,+37.0,+17.6,+18.1,+18.2,+18.1,+18.0,+17.7,+18.0
2022-11-03 07:48,4,(Error)
2022-11-03 08:48,4,+40.6,+24.5,+15.5,+15.8,+31.7,+37.0,+17.6,+17.8,+18.2,+18.1,+18.0,+17.7,+18.0
2022-11-03 09:48,4,+40.6,+24.5,+15.5,+15.8,+31.7,+37.0,+17.6,+17.8,+18.2,+18.1,+18.0,+17.7,+18.0
2022-11-03 10:48,4,+40.5,+24.5,+15.5,+15.8,+31.7,+37.0,+17.8,+17.8,+18.2,+18.1,+18.0,+17.7,+17.7
2022-11-03 11:48,4,+40.5,+24.5,+15.5,+15.8,+31.7,+37.0,+18.0,+17.8,+18.2,+18.1,+18.0,+17.7,+17.7
2022-11-03 12:48,4,+40.4,+24.5,+15.5,+15.8,+31.7,+37.0,+18.1,+17.8,+18.2,+18.1,+18.0,+17.7,+18.0
2022-11-03 13:48,4,+40.3,+24.5,+15.5,+15.8,+31.7,+37.0,+18.2,+18.0,+18.2,+18.0,+18.0,+17.7,+18.0
2022-11-03 14:48,4,+40.3,+24.5,+15.5,+15.8,+31.7,+37.0,+18.2,+18.0,+18.1,+18.1,+18.0,+17.7,+17.7
2022-11-03 15:48,4,+40.3,+24.5,+15.5,+15.8,+31.7,+37.0,+18.3,+18.0,+18.2,+18.1,+18.0,+17.7,+17.7
2022-11-03 16:48,4,+40.4,+24.5,+15.5,+15.8,+31.7,+37.0,+18.2,+18.0,+18.2,+18.1,+18.1,+17.7,+18.0
2022-11-03 17:48,4,+40.5,+24.4,+15.5,+15.8,+31.7,+37.0,+18.2,+18.0,+18.2,+18.1,+18.0,+17.7,+18.0
2022-11-03 18:48,4,+40.5,+24.4,+15.5,+15.8,+31.7,+37.0,+18.1,+18.1,+18.2,+18.1,+18.1,+17.7,+18.0
2022-11-03 19:48,4,+40.6,+24.4,+15.5,+15.8,+31.7,+37.0,+18.1,+18.1,+18.2,+18.0,+18.0,+17.7,+17.7
2022-11-03 20:48,4,+40.6,+24.4,+15.5,+15.8,+31.7,+37.0,+18.0,+18.1,+18.2,+18.1,+18.0,+17.7,+18.0
2022-11-03 21:48,4,+40.7,+24.4,+15.5,+15.8,+31.7,+37.0,+17.8,+18.0,+18.2,+18.1,+18.1,+17.7,+17.7
2022-11-03 22:48,4,+40.6,+24.4,+15.5,+15.8,+31.7,+37.0,+17.7,+18.0,+18.2,+18.1,+18.1,+17.7,+17.7
2022-11-03 23:48,4,+40.6,+24.4,+15.5,+15.8,+31.7,+37.0,+17.7,+18.0,+18.2,+18.1,+18.0,+17.7,+17.7
2022-11-04 00:48,4,+40.6,+24.4,+15.5,+15.8,+31.7,+37.0,+17.7,+18.0,+18.2,+18.0,+18.1,+17.7,+18.0
2022-11-04 01:48,4,+40.5,+24.4,+15.5,+15.8,+31.7,+37.0,+17.7,+18.0,+18.2,+18.1,+18.1,+17.7,+18.0
2022-11-04 02:48,4,+40.4,+24.4,+15.5,+15.8,+31.7,+37.0,+17.6,+17.8,+18.2,+18.1,+18.0,+17.7,+17.7
2022-11-04 03:48,4,+40.4,+24.4,+15.5,+15.8,+31.7,+37.0,+17.6,+17.8,+18.2,+18.1,+18.1,+17.7,+18.0
2022-11-04 04:48,4,+40.4,+24.4,+15.5,+15.8,+31.7,+37.0,+17.6,+17.8,+18.2,+18.1,+18.1,+17.7,+17.7
2022-11-04 05:48,4,+40.4,+24.4,+15.5,+15.8,+31.7,+37.0,+17.7,+17.8,+18.1,+18.1,+18.1,+17.7,+18.0
2022-11-04 06:48,4,+40.5,+24.4,+15.5,+15.8,+31.7,+37.0,+17.7,+17.8,+18.1,+18.0,+18.0,+17.7,+18.0
2022-11-04 07:48,4,+40.5,+24.4,+15.5,+15.8,+31.7,+37.0,+17.7,+17.7,+18.1,+18.1,+18.1,+17.7,+18.0
2022-11-04 08:48,4,+40.4,+24.4,+15.5,+15.8,+31.7,+37.0,+17.7,+17.8,+18.1,+18.1,+18.1,+17.7,+17.7
2022-11-04 09:48,4,+40.4,+24.3,+15.5,+15.8,+31.7,+37.0,+17.8,+17.7,+18.1,+18.1,+18.1,+17.7,+17.7
2022-11-04 10:48,4,+40.6,+24.3,+15.5,+15.8,+31.7,+37.0,+18.0,+17.8,+18.1,+18.0,+18.1,+17.7,+17.7
2022-11-04 11:48,4,+40.4,+24.3,+15.5,+15.8,+31.7,+37.0,+18.1,+17.8,+18.1,+18.1,+18.1,+17.7,+18.0
2022-11-04 12:48,4,+40.3,+24.3,+15.5,+15.8,+31.7,+37.0,+18.2,+17.8,+18.1,+18.1,+18.1,+17.7,+18.0
2022-11-04 13:48,4,+40.2,+24.3,+15.5,+15.8,+31.7,+37.0,+18.2,+18.0,+18.1,+18.1,+18.0,+17.7,+17.7
2022-11-04 14:48,4,+47.6,+24.6,+15.5,+15.8,+31.7,+37.0,+18.2,+18.0,+18.1,+18.1,+18.1,+17.7,+18.0
2022-11-04 15:48,4,+45.5,+24.4,+15.5,+15.8,+31.7,+37.0,+18.2,+18.0,+18.2,+18.1,+18.1,+17.7,+18.0
2022-11-04 16:48,4,+44.7,+24.4,+15.5,+15.8,+31.7,+37.0,+18.2,+18.0,+18.2,+18.0,+18.1,+17.7,+17.7
2022-11-04 17:48,4,+44.1,+24.4,+15.5,+15.8,+31.7,+37.0,+18.2,+18.0,+18.1,+18.1,+18.1,+17.7,+18.0
2022-11-04 18:48,4,+43.9,+24.4,+15.5,+15.8,+31.7,+37.0,+18.1,+18.0,+18.1,+18.1,+18.1,+17.7,+18.0
2022-11-04 19:48,4,+43.8,+24.4,+15.5,+15.8,+31.7,+37.0,+18.1,+18.1,+18.2,+18.1,+18.1,+17.7,+18.0
2022-11-04 20:48,4,+43.8,+24.5,+15.3,+15.8,+31.7,+37.0,+18.0,+18.0,+18.2,+18.0,+18.1,+17.7,+17.7
2022-11-04 21:48,4,+43.7,+24.5,+15.3,+15.8,+31.7,+37.0,+18.0,+18.0,+18.2,+18.1,+18.1,+17.7,+18.0
2022-11-04 22:48,4,+43.6,+24.5,+15.3,+15.8,+31.7,+37.0,+18.0,+18.0,+18.2,+18.1,+18.1,+17.7,+18.0
2022-11-04 23:48,4,+43.5,+24.5,+15.3,+15.8,+31.7,+37.0,+17.8,+18.0,+18.2,+18.1,+18.1,+17.7,+17.7
2022-11-05 00:48,4,+43.4,+24.5,+15.3,+15.8,+31.7,+37.0,+18.0,+18.0,+18.2,+18.1,+18.0,+17.7,+18.0
2022-11-05 01:48,4,+43.4,+24.5,+15.3,+15.8,+31.7,+37.0,+17.8,+18.0,+18.2,+18.1,+18.1,+17.7,+18.0
2022-11-05 02:48,4,+50.8,+24.9,+15.3,+15.8,+31.7,+37.0,+17.7,+18.0,+18.2,+18.1,+18.1,+17.7,+18.0
2022-11-05 03:48,4,+47.4,+25.9,+15.3,+15.8,+31.7,+37.0,+17.7,+17.8,+18.2,+18.1,+18.1,+17.7,+17.7
2022-11-05 04:48,4,+46.3,+25.9,+15.3,+15.8,+31.7,+37.0,+17.7,+17.8,+18.2,+18.1,+18.1,+17.7,+18.0
2022-11-05 05:48,4,+45.8,+26.0,+15.3,+15.8,+31.7,+37.0,+17.6,+17.8,+18.1,+18.1,+18.1,+17.7,+18.0
2022-11-05 06:48,4,+45.6,+26.0,+15.3,+15.8,+31.7,+37.0,+17.6,+17.8,+18.2,+18.1,+18.1,+17.7,+17.7
2022-11-05 07:48,4,+45.4,+26.0,+15.3,+15.8,+31.7,+37.0,+17.6,+17.8,+18.2,+18.1,+18.1,+17.7,+18.0
2022-11-05 08:48,4,+45.4,+26.0,+15.5,+15.8,+31.7,+37.0,+17.6,+17.8,+18.2,+18.1,+18.1,+17.7,+18.0
2022-11-05 09:48,4,+45.3,+26.0,+15.5,+15.8,+31.7,+37.0,+17.6,+17.7,+18.1,+18.1,+18.1,+17.7,+18.0
2022-11-05 10:48,4,+45.2,+26.0,+15.5,+15.8,+31.7,+37.0,+17.6,+17.7,+18.1,+18.1,+18.1,+17.7,+17.7
2022-11-05 11:48,4,+45.2,+26.0,+15.5,+15.8,+31.7,+37.0,+17.7,+17.7,+18.1,+18.0,+18.1,+17.7,+18.0
2022-11-05 12:48,4,+46.1,+26.0,+15.5,+15.8,+31.7,+37.0,+17.7,+17.7,+18.1,+18.1,+18.1,+17.7,+17.7
2022-11-05 13:48,4,+46.3,+26.0,+15.5,+15.8,+31.7,+37.0,+17.7,+17.7,+18.1,+18.0,+18.1,+17.7,+18.0
2022-11-05 14:48,4,+48.0,+26.2,+15.5,+15.8,+31.7,+37.0,+17.7,+17.7,+18.1,+18.1,+18.1,+17.7,+18.0
2022-11-05 15:48,4,+48.8,+26.5,+15.5,+15.8,+31.7,+37.0,+17.8,+17.8,+18.1,+18.1,+18.1,+17.7,+18.0
2022-11-05 16:48,4,+48.1,+26.7,+15.5,+15.8,+31.7,+37.0,+17.7,+17.8,+18.1,+18.1,+18.1,+17.7,+18.0
2022-11-05 17:48,4,+47.8,+26.9,+15.6,+15.8,+31.7,+37.0,+17.7,+17.8,+18.1,+18.1,+18.1,+17.7,+18.0
2022-11-05 18:48,4,(Error)
2022-11-05 19:48,4,+49.1,+27.4,+15.8,+15.8,+31.7,+37.0,+17.7,+17.8,+18.1,+18.0,+18.1,+17.7,+18.0
2022-11-05 20:48,4,+48.3,+27.4,+16.0,+15.8,+31.7,+37.0,+17.7,+17.7,+18.1,+18.1,+18.1,+17.7,+17.7
2022-11-05 21:48,4,+48.0,+27.3,+16.1,+15.8,+31.7,+37.0,+17.6,+17.7,+18.1,+18.0,+18.1,+17.7,+18.0
2022-11-05 22:48,4,+47.6,+27.3,+16.2,+15.8,+31.7,+37.0,+17.6,+17.7,+18.1,+18.1,+18.1,+17.7,+18.0
2022-11-05 23:48,4,(Error)
2022-11-06 00:48,4,+47.4,+27.1,+16.2,+16.0,+31.7,+37.0,+17.6,+17.7,+18.1,+18.1,+18.1,+17.7,+18.0
2022-11-06 01:48,4,+47.4,+27.0,+16.2,+16.1,+31.7,+37.0,+17.6,+17.7,+18.1,+18.0,+18.1,+17.7,+18.0
2022-11-06 02:48,4,(Error)
2022-11-06 03:48,4,(Error)
2022-11-06 04:48,4,+47.3,+26.9,+16.2,+16.2,+32.0,+37.0,+17.6,+17.7,+18.1,+18.0,+18.1,+17.7,+18.0
2022-11-06 05:48,4,+47.2,+26.9,+16.2,+16.2,+32.0,+37.0,+17.5,+17.7,+18.1,+18.0,+18.0,+17.7,+17.7
2022-11-06 06:48,4,(Error)
2022-11-06 07:48,4,(Error)
2022-11-06 08:48,4,+48.0,+26.9,+16.2,+16.2,+32.0,+37.0,+17.6,+17.6,+18.0,+18.0,+18.0,+17.7,+18.0
2022-11-06 09:48,4,+48.0,+27.0,+16.2,+16.2,+32.0,+37.0,+17.6,+17.6,+18.1,+18.1,+18.1,+17.7,+18.0
2022-11-06 10:48,4,+48.2,+27.1,+16.2,+16.3,+32.2,+37.0,+17.7,+17.6,+18.0,+18.0,+18.1,+17.7,+18.0
2022-11-06 11:48,4,+48.1,+27.1,+16.2,+16.3,+32.2,+37.0,+17.7,+17.6,+18.0,+18.0,+18.1,+17.7,+18.0
2022-11-06 12:48,4,+48.3,+27.1,+16.2,+16.3,+32.2,+37.0,+17.7,+17.7,+18.0,+18.0,+18.0,+17.7,+18.0
2022-11-06 13:48,4,+50.0,+27.4,+16.2,+16.5,+32.2,+37.0,+17.8,+17.7,+18.0,+18.0,+18.1,+17.7,+18.0
2022-11-06 14:48,4,+49.6,+27.6,+16.3,+16.5,+32.2,+37.0,+17.8,+17.7,+18.0,+18.0,+18.1,+17.7,+18.0
2022-11-06 15:48,4,+49.1,+27.6,+16.5,+16.6,+32.4,+37.0,+17.8,+17.7,+18.0,+18.0,+18.1,+17.7,+18.0
2022-11-06 16:48,4,+49.3,+27.6,+16.5,+16.6,+32.5,+37.0,+17.8,+17.7,+18.0,+18.0,+18.1,+17.7,+18.0
2022-11-06 17:48,4,+49.5,+27.7,+16.5,+16.7,+32.7,+37.2,+17.8,+17.7,+18.0,+18.0,+18.0,+17.7,+17.7
2022-11-06 18:48,4,+49.5,+27.7,+16.5,+16.7,+32.9,+37.4,+17.7,+17.7,+18.0,+18.0,+18.1,+17.7,+18.0
2022-11-06 19:48,4,+49.2,+27.7,+16.6,+16.7,+33.0,+37.5,+17.8,+17.7,+18.0,+18.0,+18.1,+17.7,+18.0
2022-11-06 20:48,4,+49.1,+27.6,+16.6,+16.7,+33.0,+37.9,+17.8,+17.7,+18.0,+17.8,+18.0,+17.7,+18.0
2022-11-06 21:48,4,+49.3,+27.6,+16.5,+16.7,+33.0,+38.2,+17.7,+17.7,+18.0,+18.0,+18.0,+17.7,+18.0
2022-11-06 22:48,4,+49.5,+27.7,+16.6,+16.7,+33.2,+38.2,+17.8,+17.7,+18.1,+18.0,+18.0,+17.7,+18.0
2022-11-06 23:48,4,+49.8,+27.7,+16.6,+16.7,+33.2,+38.4,+17.7,+17.7,+18.0,+18.0,+18.0,+17.7,+17.7
2022-11-07 00:48,4,+49.8,+27.8,+16.6,+16.7,+33.2,+38.5,+17.7,+17.7,+18.0,+18.0,+18.0,+17.7,+18.0
2022-11-07 01:48,4,+50.1,+27.8,+16.6,+16.8,+33.2,+38.7,+17.8,+17.7,+18.0,+18.0,+18.1,+17.7,+18.0
2022-11-07 02:48,4,+49.8,+27.8,+16.6,+16.8,+33.2,+38.7,+17.7,+17.7,+18.0,+18.0,+18.1,+17.7,+18.0
2022-11-07 03:48,4,+49.4,+27.8,+16.6,+16.8,+33.2,+38.7,+17.7,+17.7,+18.0,+18.0,+18.0,+17.7,+18.0
2022-11-07 04:48,4,+49.2,+27.7,+16.6,+16.8,+33.2,+38.7,+17.7,+17.7,+18.0,+17.8,+18.0,+17.7,+18.0
2022-11-07 05:48,4,+48.8,+27.6,+16.6,+16.8,+33.2,+38.7,+17.7,+17.7,+18.0,+17.8,+18.0,+17.7,+17.7
2022-11-07 06:48,4,+48.7,+27.4,+16.5,+16.7,+33.2,+38.7,+17.6,+17.7,+18.1,+18.0,+18.1,+17.7,+18.0
2022-11-07 07:48,4,+49.0,+27.4,+16.5,+16.7,+33.2,+38.7,+17.7,+17.7,+18.1,+18.0,+18.0,+17.7,+17.7
2022-11-07 08:48,4,+49.0,+27.4,+16.5,+16.7,+33.2,+38.7,+17.7,+17.7,+18.0,+18.0,+18.0,+17.7,+18.0
2022-11-07 09:48,4,+49.1,+27.5,+16.5,+16.7,+33.2,+38.7,+17.7,+17.7,+18.1,+18.0,+18.0,+17.7,+18.0
2022-11-07 10:48,4,+49.2,+27.5,+16.5,+16.7,+33.0,+38.5,+17.6,+17.7,+18.0,+18.0,+18.0,+17.7,+17.7
2022-11-07 11:48,4,+49.2,+27.6,+16.5,+16.7,+33.0,+38.5,+17.6,+17.7,+18.0,+18.0,+18.0,+17.7,+17.7
2022-11-07 12:48,4,+48.8,+27.6,+16.5,+16.7,+33.0,+38.5,+17.7,+17.7,+18.0,+18.0,+18.0,+17.7,+18.0
2022-11-07 13:48,4,+48.6,+27.4,+16.5,+16.7,+33.2,+38.5,+17.7,+17.7,+18.0,+18.0,+18.0,+17.7,+18.0
2022-11-07 14:48,4,(Error)
2022-11-07 15:48,4,(Error)
2022-11-07 16:48,4,(Error)
2022-11-07 17:48,4,(Error)
2022-11-07 18:48,4,(Error)
2022-11-07 19:48,4,(Error)
2022-11-07 20:48,4,(Error)
2022-11-07 21:48,4,(Error)
2022-11-07 22:48,4,(Error)
2022-11-07 23:48,4,(Error)
2022-11-08 00:48,4,(Error)
2022-11-08 01:48,4,(Error)
2022-11-08 02:48,4,(Error)
2022-11-08 03:48,4,(Error)
2022-11-08 04:48,4,(Error)
2022-11-08 05:48,4,(Error)
2022-11-08 06:48,4,(Error)
2022-11-08 07:48,4,(Error)
2022-11-08 08:48,4,(Error)
2022-11-08 09:48,4,(Error)
2022-11-08 10:48,4,(Error)
2022-11-08 11:48,4,(Error)
2022-11-08 12:48,4,(Error)
2022-11-08 13:48,4,(Error)
2022-11-08 14:48,4,(Error)
2022-11-08 15:48,4,(Error)
2022-11-08 16:48,4,(Error)
2022-11-08 17:48,4,(Error)
2022-11-08 18:48,4,(Error)
2022-11-08 19:48,4,(Error)
2022-11-08 20:48,4,(Error)
2022-11-08 21:48,4,(Error)
2022-11-08 22:48,4,(Error)
2022-11-08 23:48,4,(Error)
2022-11-09 00:48,4,(Error)
2022-11-09 01:48,4,(Error)
2022-11-09 02:48,4,(Error)
2022-11-09 03:48,4,(Error)
2022-11-09 04:48,4,(Error)
2022-11-09 05:48,4,(Error)
2022-11-09 06:48,4,(Error)
2022-11-09 07:48,4,(Error)
2022-11-09 08:48,4,(Error)
2022-11-09 09:48,4,(Error)
2022-11-09 10:48,4,(Error)
2022-11-09 11:48,4,(Error)
2022-11-09 12:48,4,(Error)
2022-11-09 13:48,4,(Error)
2022-11-09 14:48,4,(Error)
2022-11-09 15:48,4,(Error)
2022-11-09 16:48,4,(Error)
2022-11-09 17:48,4,(Error)
2022-11-09 18:48,4,(Error)
2022-11-09 19:48,4,(Error)
2022-11-09 20:48,4,(Error)
2022-11-09 21:48,4,(Error)
2022-11-09 22:48,4,(Error)
2022-11-09 23:48,4,(Error)
2022-11-10 00:48,4,(Error)
2022-11-10 01:48,4,(Error)
2022-11-10 02:48,4,(Error)
2022-11-10 03:48,4,(Error)
2022-11-10 04:48,4,(Error)
2022-11-10 05:48,4,(Error)
2022-11-10 06:48,4,(Error)
2022-11-10 07:48,4,(Error)
2022-11-10 08:48,4,(Error)
2022-11-10 09:48,4,(Error)
2022-11-10 10:48,4,(Error)
2022-11-10 11:48,4,(Error)
2022-11-10 12:48,4,(Error)
2022-11-10 13:48,4,(Error)
2022-11-10 14:48,4,(Error)
2022-11-10 15:48,4,(Error)
2022-11-10 16:48,4,(Error)
2022-11-10 17:48,4,(Error)
2022-11-10 18:48,4,(Error)
2022-11-10 19:48,4,(Error)
2022-11-10 20:48,4,(Error)
2022-11-10 21:48,4,(Error)
2022-11-10 22:48,4,(Error)
2022-11-10 23:48,4,(Error)
2022-11-11 00:48,4,(Error)
2022-11-11 01:48,4,(Error)
2022-11-11 02:48,4,(Error)
2022-11-11 03:48,4,(Error)
2022-11-11 04:48,4,(Error)
2022-11-11 05:48,4,(Error)
2022-11-11 06:48,4,(Error)
2022-11-11 07:48,4,(Error)
2022-12-08 08:57,4,+47.6,+26.3,+16.7,+16.7,+32.9,+38.2,+16.0,+16.2,+16.8,+17.0,+17.2,+17.1,+17.2
2022-12-08 09:57,4,+47.5,+26.3,+16.7,+16.7,+32.9,+38.4,+16.0,+16.2,+16.8,+17.0,+17.2,+17.1,+17.2
2022-12-08 10:57,4,+47.5,+26.3,+16.7,+16.7,+32.9,+38.2,+16.1,+16.2,+16.8,+17.0,+17.2,+17.1,+17.2
2022-12-08 11:57,4,+47.5,+26.3,+16.7,+16.7,+32.9,+38.2,+16.1,+16.2,+16.7,+17.0,+17.2,+17.1,+17.2
2022-12-08 12:57,4,+47.5,+26.2,+16.7,+16.7,+32.9,+38.2,+16.2,+16.2,+16.7,+17.0,+17.2,+17.1,+17.2
2022-12-08 13:57,4,+47.4,+26.2,+16.7,+16.7,+32.9,+38.2,+16.5,+16.3,+16.8,+16.8,+17.2,+17.1,+17.2
2022-12-08 14:57,4,+47.4,+26.2,+16.7,+16.7,+32.9,+38.2,+16.5,+16.3,+16.7,+17.0,+17.2,+17.1,+17.2
2022-12-08 15:57,4,+47.3,+26.2,+16.7,+16.7,+32.9,+38.2,+16.5,+16.3,+16.8,+16.8,+17.2,+17.1,+17.2
2022-12-08 16:57,4,+47.3,+26.2,+16.7,+16.7,+32.9,+38.2,+16.5,+16.5,+16.7,+17.0,+17.1,+17.1,+17.2
2022-12-08 17:57,4,+47.3,+26.2,+16.7,+16.7,+32.9,+38.2,+16.5,+16.3,+16.8,+16.8,+17.2,+17.1,+17.2
2022-12-08 18:57,4,+47.2,+26.2,+16.7,+16.7,+32.9,+38.2,+16.3,+16.3,+16.8,+16.8,+17.1,+17.1,+17.2
2022-12-08 19:57,4,+47.2,+26.2,+16.7,+16.7,+32.9,+38.2,+16.3,+16.5,+16.8,+16.8,+17.1,+17.1,+17.2
2022-12-08 20:57,4,+47.2,+26.2,+16.7,+16.7,+32.9,+38.2,+16.2,+16.5,+16.7,+17.0,+17.2,+17.0,+17.2
2022-12-08 21:57,4,+47.2,+26.2,+16.7,+16.7,+32.9,+38.2,+16.2,+16.5,+16.7,+16.8,+17.2,+17.1,+17.2
2022-12-08 22:57,4,+47.1,+26.2,+16.7,+16.7,+32.9,+38.2,+16.2,+16.5,+16.8,+17.0,+17.2,+17.1,+17.2
2022-12-08 23:57,4,+47.1,+26.2,+16.7,+16.7,+32.9,+38.2,+16.1,+16.3,+16.8,+17.0,+17.2,+17.0,+17.2
2022-12-09 00:57,4,+47.1,+26.2,+16.7,+16.7,+32.9,+38.2,+16.1,+16.3,+16.8,+16.8,+17.1,+17.1,+17.2
2022-12-09 01:57,4,+47.1,+26.1,+16.7,+16.7,+32.9,+38.2,+16.1,+16.3,+16.8,+17.0,+17.2,+17.1,+17.2
2022-12-09 02:57,4,+47.0,+26.1,+16.7,+16.7,+32.9,+38.2,+16.1,+16.3,+16.7,+16.8,+17.2,+17.1,+17.2
2022-12-09 03:57,4,+47.0,+26.1,+16.7,+16.7,+32.9,+38.2,+16.0,+16.3,+16.8,+16.8,+17.2,+17.0,+17.2
2022-12-09 04:57,4,+47.0,+26.1,+16.7,+16.7,+32.9,+38.2,+16.0,+16.3,+16.8,+16.8,+17.1,+17.1,+17.2
2022-12-09 05:57,4,+47.0,+26.1,+16.7,+16.7,+32.9,+38.2,+15.8,+16.2,+16.8,+16.8,+17.1,+17.1,+17.2
2022-12-09 06:57,4,+47.0,+26.1,+16.7,+16.7,+32.9,+38.2,+16.0,+16.2,+16.7,+17.0,+17.1,+17.1,+17.2
2022-12-09 07:57,4,+47.0,+26.1,+16.7,+16.7,+32.9,+38.2,+15.8,+16.2,+16.7,+16.8,+17.1,+17.0,+17.2
2022-12-09 08:57,4,+47.0,+26.1,+16.7,+16.7,+32.9,+38.2,+15.8,+16.2,+16.7,+16.8,+17.2,+17.1,+17.2
2022-12-09 09:57,4,+47.0,+26.1,+16.7,+16.7,+32.9,+38.2,+16.0,+16.2,+16.7,+16.8,+17.2,+17.1,+17.2
2022-12-09 10:57,4,+46.8,+26.1,+16.7,+16.7,+32.9,+38.2,+16.1,+16.2,+16.7,+16.8,+17.2,+17.1,+17.2
2022-12-09 11:57,4,+46.8,+26.1,+16.7,+16.7,+32.9,+38.2,+16.2,+16.1,+16.7,+16.8,+17.1,+17.0,+17.2
2022-12-09 12:57,4,+46.8,+26.1,+16.7,+16.7,+32.9,+38.2,+16.3,+16.2,+16.7,+16.8,+17.1,+17.0,+17.2
2022-12-09 13:57,4,+46.7,+26.0,+16.7,+16.7,+32.9,+38.2,+16.5,+16.2,+16.7,+16.8,+17.1,+17.1,+17.2
2022-12-09 14:57,4,+46.7,+26.0,+16.7,+16.7,+32.9,+38.2,+16.6,+16.3,+16.7,+16.8,+17.1,+17.0,+17.2
2022-12-09 15:57,4,+46.7,+26.0,+16.7,+16.7,+32.9,+38.2,+16.6,+16.3,+16.7,+16.8,+17.1,+17.1,+17.2
2022-12-09 16:57,4,+46.6,+26.0,+16.7,+16.7,+32.9,+38.2,+16.6,+16.5,+16.7,+16.8,+17.1,+17.1,+17.2
2022-12-09 17:57,4,+46.5,+26.0,+16.7,+16.7,+32.9,+38.2,+16.5,+16.5,+16.7,+16.8,+17.1,+17.0,+17.2
2022-12-09 18:57,4,+46.5,+26.0,+16.7,+16.7,+32.9,+38.2,+16.5,+16.5,+16.7,+16.8,+17.1,+17.0,+17.2
2022-12-09 19:57,4,+46.5,+26.0,+16.7,+16.7,+32.9,+38.2,+16.3,+16.5,+16.7,+16.8,+17.1,+17.0,+17.2
2022-12-09 20:57,4,+46.5,+26.0,+16.7,+16.7,+32.9,+38.2,+16.2,+16.5,+16.7,+16.8,+17.1,+17.0,+17.2
2022-12-09 21:57,4,+46.4,+26.0,+16.7,+16.7,+32.9,+38.2,+16.2,+16.3,+16.7,+16.8,+17.1,+17.1,+17.2
2022-12-09 22:57,4,+46.4,+26.0,+16.7,+16.7,+32.9,+38.2,+16.1,+16.5,+16.7,+16.8,+17.1,+17.0,+17.2
2022-12-09 23:57,4,+46.3,+26.0,+16.7,+16.7,+32.9,+38.2,+16.1,+16.3,+16.7,+16.8,+17.1,+17.1,+17.2
2022-12-10 00:57,4,+46.3,+26.0,+16.7,+16.7,+32.9,+38.2,+16.0,+16.3,+16.7,+16.8,+17.1,+17.0,+17.2
2022-12-10 01:57,4,+46.3,+26.0,+16.7,+16.7,+32.7,+38.2,+15.8,+16.3,+16.7,+16.8,+17.1,+17.0,+17.2
2022-12-10 02:57,4,+46.2,+26.0,+16.7,+16.7,+32.7,+38.2,+15.8,+16.3,+16.7,+16.8,+17.1,+17.1,+17.2
2022-12-10 03:57,4,+46.2,+26.0,+16.7,+16.7,+32.7,+38.2,+15.8,+16.2,+16.7,+16.8,+17.1,+17.0,+17.2
2022-12-10 04:57,4,+46.2,+25.9,+16.7,+16.7,+32.7,+38.2,+15.7,+16.2,+16.7,+16.8,+17.1,+17.0,+17.2
2022-12-10 05:57,4,+46.3,+25.9,+16.7,+16.7,+32.7,+38.2,+15.7,+16.1,+16.7,+16.8,+17.1,+17.0,+17.2
2022-12-10 06:57,4,+46.3,+25.9,+16.7,+16.7,+32.7,+38.2,+15.7,+16.1,+16.7,+16.8,+17.1,+17.0,+17.2
2022-12-10 07:57,4,+46.4,+25.9,+16.7,+16.7,+32.7,+38.2,+15.7,+16.1,+16.7,+16.8,+17.1,+17.0,+17.2
2022-12-10 08:57,4,+46.4,+25.9,+16.6,+16.7,+32.7,+38.2,+15.7,+16.1,+16.7,+16.8,+17.1,+17.0,+17.2
2022-12-10 09:57,4,+46.3,+25.9,+16.6,+16.7,+32.7,+38.2,+15.8,+16.1,+16.7,+16.8,+17.1,+17.0,+17.2
2022-12-10 10:57,4,+46.3,+25.9,+16.6,+16.7,+32.7,+38.2,+16.0,+16.1,+16.7,+16.8,+17.1,+17.0,+17.2
2022-12-10 11:57,4,+46.3,+25.9,+16.6,+16.7,+32.7,+38.2,+16.1,+16.1,+16.7,+16.8,+17.1,+17.0,+17.2
2022-12-10 12:57,4,+46.2,+25.9,+16.6,+16.7,+32.7,+38.2,+16.2,+16.1,+16.7,+16.8,+17.1,+17.0,+17.2
2022-12-10 13:57,4,+46.2,+25.9,+16.6,+16.7,+32.7,+38.2,+16.5,+16.2,+16.6,+16.8,+17.1,+17.0,+17.2
2022-12-10 14:57,4,+46.1,+25.9,+16.6,+16.7,+32.7,+38.2,+16.7,+16.2,+16.6,+16.8,+17.1,+17.0,+17.2
2022-12-10 15:57,4,+46.1,+25.8,+16.6,+16.7,+32.7,+38.2,+16.6,+16.3,+16.7,+16.8,+17.1,+17.0,+17.2
2022-12-10 16:57,4,+46.1,+25.8,+16.6,+16.7,+32.7,+38.2,+16.7,+16.3,+16.6,+16.7,+17.1,+17.0,+17.2
2022-12-10 17:57,4,+46.0,+25.8,+16.6,+16.7,+32.7,+38.2,+16.6,+16.5,+16.7,+16.7,+17.1,+17.0,+17.2
2022-12-10 18:57,4,+46.0,+25.8,+16.6,+16.7,+32.7,+38.2,+16.5,+16.5,+16.7,+16.8,+17.1,+17.0,+17.2
2022-12-10 19:57,4,+45.9,+25.8,+16.6,+16.7,+32.7,+38.2,+16.3,+16.5,+16.7,+16.7,+17.1,+17.0,+17.2
2022-12-10 20:57,4,+45.9,+25.8,+16.6,+16.7,+32.7,+38.2,+16.2,+16.5,+16.7,+16.7,+17.1,+17.0,+17.2
2022-12-10 21:57,4,+45.9,+25.8,+16.6,+16.7,+32.7,+38.2,+16.2,+16.3,+16.7,+16.8,+17.1,+17.0,+17.2
2022-12-10 22:57,4,+45.8,+25.8,+16.6,+16.7,+32.7,+38.2,+16.0,+16.3,+16.7,+16.8,+17.0,+17.0,+17.2
2022-12-10 23:57,4,+45.8,+25.8,+16.6,+16.7,+32.7,+38.2,+16.0,+16.3,+16.7,+16.8,+17.1,+17.0,+17.2
2022-12-11 00:57,4,+45.8,+25.8,+16.6,+16.7,+32.7,+38.2,+16.0,+16.2,+16.7,+16.8,+17.1,+17.0,+17.2
2022-12-11 01:57,4,+45.8,+25.8,+16.6,+16.6,+32.7,+38.2,+15.8,+16.2,+16.7,+16.8,+17.1,+17.0,+17.2
2022-12-11 02:57,4,+45.8,+25.8,+16.6,+16.6,+32.7,+38.2,+15.7,+16.2,+16.7,+16.8,+17.0,+17.0,+17.2
2022-12-11 03:57,4,+45.8,+25.8,+16.6,+16.6,+32.7,+38.2,+15.7,+16.1,+16.7,+16.8,+17.0,+17.0,+17.2
2022-12-11 04:57,4,+45.7,+25.8,+16.6,+16.6,+32.7,+38.2,+15.7,+16.2,+16.7,+16.8,+17.1,+17.0,+17.2
2022-12-11 05:57,4,+45.7,+25.8,+16.6,+16.6,+32.7,+38.2,+15.7,+16.1,+16.7,+16.8,+17.0,+17.0,+17.2
2022-12-11 06:57,4,+45.7,+25.8,+16.6,+16.6,+32.7,+38.2,+15.6,+16.1,+16.7,+16.8,+17.1,+16.7,+17.2
2022-12-11 07:57,4,+45.7,+25.8,+16.6,+16.6,+32.7,+38.2,+15.7,+16.0,+16.7,+16.7,+17.0,+17.0,+17.1
2022-12-11 08:57,4,+45.6,+25.7,+16.6,+16.6,+32.7,+38.2,+15.7,+16.0,+16.6,+16.8,+17.1,+17.0,+17.2
2022-12-11 09:57,4,+45.6,+25.7,+16.6,+16.6,+32.7,+38.0,+15.8,+16.1,+16.7,+16.8,+17.0,+17.0,+17.2
2022-12-11 10:57,4,+45.6,+25.7,+16.6,+16.6,+32.7,+38.0,+16.0,+16.1,+16.6,+16.8,+17.0,+17.0,+17.2
2022-12-11 11:57,4,+45.5,+25.7,+16.6,+16.6,+32.7,+38.0,+16.1,+16.0,+16.6,+16.7,+17.1,+17.0,+17.2
2022-12-11 12:57,4,+45.5,+25.7,+16.6,+16.6,+32.7,+38.0,+16.3,+16.1,+16.6,+16.7,+17.1,+17.0,+17.2
2022-12-11 13:57,4,+45.4,+25.7,+16.6,+16.6,+32.7,+38.0,+16.5,+16.1,+16.6,+16.7,+17.0,+17.0,+17.2
2022-12-11 14:57,4,+45.4,+25.7,+16.6,+16.6,+32.7,+38.0,+16.5,+16.2,+16.6,+16.7,+17.0,+17.0,+17.2
2022-12-11 15:57,4,+45.4,+25.7,+16.6,+16.6,+32.7,+38.0,+16.5,+16.2,+16.6,+16.7,+17.0,+17.0,+17.1
2022-12-11 16:57,4,+45.3,+25.7,+16.6,+16.6,+32.7,+38.0,+16.6,+16.2,+16.6,+16.7,+17.0,+17.0,+17.2
2022-12-11 17:57,4,+45.3,+25.7,+16.6,+16.6,+32.7,+38.0,+16.6,+16.3,+16.6,+16.7,+17.1,+17.0,+17.2
2022-12-11 18:57,4,+45.3,+25.7,+16.6,+16.6,+32.7,+38.0,+16.5,+16.3,+16.6,+16.7,+17.0,+17.0,+17.2
2022-12-11 19:57,4,+45.3,+25.7,+16.6,+16.6,+32.7,+38.0,+16.3,+16.3,+16.7,+16.7,+17.0,+17.0,+17.2
2022-12-11 20:57,4,+45.2,+25.7,+16.6,+16.6,+32.7,+38.0,+16.2,+16.5,+16.6,+16.7,+17.1,+16.7,+17.2
2022-12-11 21:57,4,+45.2,+25.6,+16.6,+16.6,+32.7,+38.0,+16.1,+16.3,+16.7,+16.7,+17.1,+17.0,+17.2
2022-12-11 22:57,4,+45.1,+25.6,+16.6,+16.6,+32.7,+38.0,+16.0,+16.3,+16.7,+16.7,+17.0,+17.0,+17.2
2022-12-11 23:57,4,+45.1,+25.6,+16.6,+16.6,+32.7,+38.0,+15.8,+16.3,+16.7,+16.7,+17.0,+16.7,+17.2
2022-12-12 00:57,4,+45.0,+25.6,+16.6,+16.6,+32.7,+38.0,+15.8,+16.2,+16.7,+16.7,+17.0,+17.0,+17.1
2022-12-12 01:57,4,+45.0,+25.6,+16.6,+16.6,+32.7,+38.0,+15.7,+16.2,+16.7,+16.7,+17.0,+16.7,+17.2
2022-12-12 02:57,4,+45.0,+25.6,+16.6,+16.6,+32.7,+38.0,+15.6,+16.1,+16.7,+16.7,+17.1,+16.7,+17.2
2022-12-12 03:57,4,+44.9,+25.6,+16.6,+16.6,+32.7,+38.0,+15.6,+16.1,+16.6,+16.8,+17.0,+16.7,+17.2
2022-12-12 04:57,4,+44.9,+25.6,+16.6,+16.6,+32.7,+38.0,+15.5,+16.1,+16.6,+16.7,+17.0,+17.0,+17.2
2022-12-12 05:57,4,+44.9,+25.6,+16.6,+16.6,+32.7,+38.0,+15.3,+16.0,+16.6,+16.7,+17.0,+16.7,+17.2
2022-12-12 06:57,4,+44.9,+25.6,+16.6,+16.6,+32.7,+38.0,+15.3,+16.0,+16.7,+16.7,+17.0,+16.7,+17.2
2022-12-12 07:57,4,+44.8,+25.6,+16.6,+16.6,+32.7,+38.0,+15.5,+16.0,+16.6,+16.7,+17.0,+17.0,+17.1
2022-12-12 08:57,4,+44.8,+25.6,+16.6,+16.6,+32.7,+38.0,+15.5,+15.8,+16.6,+16.7,+17.0,+16.7,+17.2
2022-12-12 09:57,4,+44.8,+25.5,+16.6,+16.6,+32.7,+38.0,+15.6,+15.8,+16.6,+16.7,+17.0,+16.7,+17.2
2022-12-12 10:57,4,+44.7,+25.5,+16.6,+16.6,+32.7,+38.0,+15.7,+15.8,+16.6,+16.7,+17.0,+17.0,+17.2
2022-12-12 11:57,4,+44.7,+25.5,+16.6,+16.6,+32.7,+38.0,+16.0,+15.8,+16.6,+16.7,+17.0,+16.7,+17.1
2022-12-12 12:57,4,+44.6,+25.5,+16.6,+16.6,+32.7,+38.0,+16.1,+16.0,+16.6,+16.7,+17.0,+17.0,+17.1
2022-12-12 13:57,4,+44.6,+25.5,+16.6,+16.6,+32.7,+38.0,+16.3,+16.0,+16.5,+16.7,+17.0,+16.7,+17.2
2022-12-12 14:57,4,+44.6,+25.5,+16.6,+16.6,+32.7,+38.0,+16.6,+16.1,+16.5,+16.7,+17.0,+16.7,+17.1
2022-12-12 15:57,4,+44.4,+25.5,+16.6,+16.6,+32.7,+38.0,+16.7,+16.2,+16.5,+16.6,+17.0,+17.0,+17.1
2022-12-12 16:57,4,+44.3,+25.5,+16.6,+16.6,+32.7,+38.0,+16.7,+16.2,+16.5,+16.6,+17.0,+17.0,+17.1
2022-12-12 17:57,4,+44.2,+25.5,+16.6,+16.6,+32.7,+38.0,+16.6,+16.3,+16.6,+16.7,+17.0,+16.7,+17.2
2022-12-12 18:57,4,+44.2,+25.5,+16.6,+16.6,+32.7,+38.0,+16.6,+16.3,+16.5,+16.7,+17.0,+16.7,+17.1
2022-12-12 19:57,4,+44.1,+25.5,+16.6,+16.6,+32.7,+38.0,+16.6,+16.5,+16.6,+16.7,+17.0,+16.7,+17.2
2022-12-12 20:57,4,+44.1,+25.5,+16.6,+16.6,+32.7,+38.0,+16.5,+16.3,+16.6,+16.6,+17.0,+16.7,+17.1
2022-12-12 21:57,4,+44.1,+25.5,+16.6,+16.6,+32.7,+38.0,+16.3,+16.3,+16.6,+16.6,+17.0,+16.7,+17.1
2022-12-12 22:57,4,+44.0,+25.5,+16.6,+16.6,+32.7,+38.0,+16.3,+16.3,+16.6,+16.7,+17.0,+16.7,+17.2
2022-12-12 23:57,4,+44.0,+25.5,+16.6,+16.6,+32.7,+38.0,+16.3,+16.3,+16.6,+16.7,+17.0,+16.7,+17.2
2022-12-13 00:57,4,+43.9,+25.5,+16.6,+16.6,+32.7,+38.0,+16.1,+16.3,+16.6,+16.7,+17.0,+16.7,+17.1
2022-12-13 01:57,4,+43.9,+25.4,+16.6,+16.6,+32.7,+38.0,+16.1,+16.3,+16.7,+16.7,+17.0,+16.7,+17.1
2022-12-13 02:57,4,+43.9,+25.4,+16.6,+16.6,+32.7,+38.0,+16.0,+16.3,+16.6,+16.7,+17.0,+16.7,+17.1
2022-12-13 03:57,4,+43.8,+25.4,+16.6,+16.6,+32.7,+38.0,+16.0,+16.3,+16.6,+16.7,+17.0,+16.7,+17.1
2022-12-13 04:57,4,+43.8,+25.4,+16.6,+16.6,+32.7,+38.0,+15.8,+16.3,+16.7,+16.7,+17.0,+16.7,+17.1
2022-12-13 05:57,4,+43.8,+25.4,+16.6,+16.6,+32.7,+38.0,+15.8,+16.2,+16.6,+16.7,+17.0,+16.7,+17.1
2022-12-13 06:57,4,+43.7,+25.4,+16.6,+16.6,+32.7,+38.0,+15.8,+16.2,+16.6,+16.7,+17.0,+16.7,+17.1
2022-12-13 07:57,4,+43.7,+25.4,+16.6,+16.6,+32.7,+38.0,+15.7,+16.1,+16.6,+16.7,+17.0,+16.7,+17.1
2022-12-13 08:57,4,+43.7,+25.4,+16.6,+16.6,+32.7,+38.0,+15.7,+16.1,+16.6,+16.7,+17.0,+16.7,+17.1
2022-12-13 09:57,4,+43.6,+25.4,+16.6,+16.6,+32.7,+38.0,+15.8,+16.1,+16.6,+16.7,+17.0,+16.7,+17.1
2022-12-13 10:57,4,+43.5,+25.4,+16.6,+16.6,+32.7,+38.0,+15.8,+16.1,+16.6,+16.7,+17.0,+16.7,+17.1
2022-12-13 11:57,4,+43.4,+25.4,+16.6,+16.6,+32.7,+38.0,+16.0,+16.1,+16.6,+16.7,+17.0,+16.7,+17.1
2022-12-13 12:57,4,+43.4,+25.4,+16.6,+16.6,+32.7,+38.0,+16.1,+16.1,+16.6,+16.7,+17.0,+16.7,+17.1
2022-12-13 13:57,4,+43.3,+25.3,+16.6,+16.6,+32.7,+38.0,+16.3,+16.1,+16.6,+16.7,+17.0,+16.7,+17.1
2022-12-13 14:57,4,+43.2,+25.3,+16.6,+16.6,+32.7,+38.0,+16.5,+16.1,+16.6,+16.7,+17.0,+16.7,+17.2
2022-12-13 15:57,4,+43.1,+25.3,+16.6,+16.6,+32.7,+38.0,+16.5,+16.2,+16.6,+16.7,+16.7,+16.7,+17.1
2022-12-13 16:57,4,+43.1,+25.3,+16.6,+16.6,+32.7,+38.0,+16.3,+16.2,+16.6,+16.7,+17.0,+16.7,+17.1
2022-12-13 17:57,4,+43.0,+25.3,+16.6,+16.6,+32.7,+38.0,+16.3,+16.2,+16.6,+16.7,+16.7,+16.7,+17.1
2022-12-13 18:57,4,+43.0,+25.3,+16.6,+16.6,+32.7,+38.0,+16.3,+16.2,+16.6,+16.7,+17.0,+16.7,+17.1
2022-12-13 19:57,4,+42.9,+25.3,+16.6,+16.6,+32.7,+38.0,+16.2,+16.2,+16.6,+16.7,+17.0,+16.7,+17.1
2022-12-13 20:57,4,+42.9,+25.3,+16.6,+16.6,+32.7,+38.0,+16.1,+16.3,+16.6,+16.7,+17.0,+16.7,+17.1
2022-12-13 21:57,4,+42.8,+25.3,+16.6,+16.6,+32.7,+38.0,+16.1,+16.3,+16.6,+16.7,+17.0,+16.7,+17.1
2022-12-13 22:57,4,+42.8,+25.3,+16.6,+16.6,+32.7,+38.0,+16.0,+16.2,+16.6,+16.7,+17.0,+16.7,+17.1
2022-12-13 23:57,4,+42.7,+25.3,+16.6,+16.6,+32.7,+38.0,+16.0,+16.2,+16.6,+16.7,+16.7,+16.7,+17.1
2022-12-14 00:57,4,+42.7,+25.3,+16.6,+16.6,+32.7,+38.0,+15.8,+16.2,+16.6,+16.7,+17.0,+16.7,+17.1
2022-12-14 01:57,4,+42.7,+25.3,+16.5,+16.6,+32.7,+38.0,+15.7,+16.2,+16.6,+16.7,+17.0,+16.7,+17.1
2022-12-14 02:57,4,+42.6,+25.3,+16.5,+16.6,+32.7,+38.0,+15.6,+16.1,+16.6,+16.7,+17.0,+16.7,+17.1
2022-12-14 03:57,4,+42.5,+25.2,+16.5,+16.6,+32.7,+38.0,+15.5,+16.1,+16.6,+16.7,+16.7,+16.7,+17.1
2022-12-14 04:57,4,+42.5,+25.2,+16.6,+16.6,+32.7,+38.0,+15.5,+16.0,+16.6,+16.7,+17.0,+16.7,+17.1
2022-12-14 05:57,4,+42.5,+25.2,+16.5,+16.6,+32.7,+38.0,+15.3,+16.0,+16.6,+16.7,+16.7,+16.7,+17.1
2022-12-14 06:57,4,+42.4,+25.2,+16.5,+16.6,+32.7,+38.0,+15.2,+16.0,+16.6,+16.6,+17.0,+16.7,+17.1
2022-12-14 07:57,4,+42.4,+25.2,+16.5,+16.6,+32.7,+38.0,+15.1,+15.8,+16.6,+16.7,+16.7,+16.7,+17.1
2022-12-14 08:57,4,+42.3,+25.2,+16.5,+16.6,+32.7,+38.0,+15.3,+15.8,+16.5,+16.7,+17.0,+16.7,+17.1
2022-12-14 09:57,4,+42.3,+25.2,+16.5,+16.6,+32.7,+38.0,+15.5,+15.7,+16.5,+16.6,+16.7,+16.7,+17.1
2022-12-14 10:57,4,+42.2,+25.2,+16.5,+16.6,+32.7,+38.0,+15.6,+15.7,+16.5,+16.7,+16.7,+16.7,+17.1
2022-12-14 11:57,4,+42.2,+25.1,+16.5,+16.6,+32.7,+38.0,+15.8,+15.8,+16.5,+16.7,+17.0,+16.7,+17.1
2022-12-14 12:57,4,+42.2,+25.1,+16.5,+16.6,+32.7,+38.0,+16.1,+15.8,+16.5,+16.7,+17.0,+16.7,+17.1
2022-12-14 13:57,4,+42.1,+25.1,+16.5,+16.6,+32.7,+38.0,+16.2,+16.0,+16.5,+16.6,+17.0,+16.7,+17.1
2022-12-14 14:57,4,+42.1,+25.1,+16.5,+16.6,+32.7,+38.0,+16.3,+16.0,+16.5,+16.7,+16.7,+16.7,+17.1
2022-12-14 15:57,4,+42.1,+25.1,+16.5,+16.6,+32.7,+38.0,+16.5,+16.1,+16.5,+16.6,+16.7,+16.7,+17.1
2022-12-14 16:57,4,+42.0,+25.1,+16.5,+16.6,+32.7,+38.0,+16.5,+16.1,+16.5,+16.6,+16.7,+16.7,+17.1
2022-12-14 17:57,4,+42.0,+25.1,+16.5,+16.6,+32.7,+38.0,+16.5,+16.2,+16.5,+16.6,+16.7,+16.7,+17.1
2022-12-14 18:57,4,+42.0,+25.1,+16.5,+16.6,+32.7,+38.0,+16.5,+16.2,+16.5,+16.6,+16.7,+16.7,+17.1
2022-12-14 19:57,4,+42.0,+25.1,+16.5,+16.6,+32.7,+38.0,+16.5,+16.2,+16.5,+16.6,+16.7,+16.7,+17.1
2022-12-14 20:57,4,+41.9,+25.1,+16.5,+16.6,+32.7,+38.0,+16.3,+16.2,+16.5,+16.6,+16.7,+16.7,+17.1
2022-12-14 21:57,4,+41.9,+25.1,+16.5,+16.6,+32.7,+38.0,+16.3,+16.2,+16.6,+16.6,+16.7,+16.7,+17.1
2022-12-14 22:57,4,+41.9,+25.1,+16.5,+16.6,+32.7,+38.0,+16.3,+16.3,+16.6,+16.6,+16.7,+16.7,+17.1
2022-12-14 23:57,4,+41.9,+25.1,+16.5,+16.6,+32.7,+38.0,+16.3,+16.3,+16.5,+16.6,+16.7,+16.7,+17.2
2022-12-15 00:57,4,+41.8,+25.1,+16.5,+16.6,+32.7,+38.0,+16.2,+16.3,+16.6,+16.6,+16.7,+16.7,+17.1
2022-12-15 01:57,4,+41.8,+25.1,+16.5,+16.6,+32.7,+38.0,+16.2,+16.3,+16.6,+16.6,+16.7,+16.7,+17.1
2022-12-15 02:57,4,+41.8,+25.1,+16.5,+16.6,+32.7,+38.0,+16.2,+16.2,+16.6,+16.6,+16.7,+16.7,+17.1
2022-12-15 03:57,4,+41.8,+25.1,+16.5,+16.6,+32.7,+38.0,+16.1,+16.3,+16.6,+16.6,+16.7,+16.7,+17.1
2022-12-15 04:57,4,+41.7,+25.1,+16.5,+16.6,+32.7,+38.0,+16.1,+16.3,+16.6,+16.6,+16.7,+16.7,+17.1
2022-12-15 05:57,4,+41.7,+25.1,+16.5,+16.6,+32.7,+38.0,+16.1,+16.2,+16.6,+16.6,+16.7,+16.7,+17.1
2022-12-15 06:57,4,+41.7,+25.1,+16.5,+16.6,+32.7,+38.0,+16.1,+16.2,+16.6,+16.6,+16.7,+16.7,+17.1
2022-12-15 07:57,4,+41.7,+25.1,+16.5,+16.6,+32.7,+38.0,+16.1,+16.2,+16.6,+16.6,+16.7,+16.7,+17.1
2022-12-15 08:57,4,+41.7,+25.1,+16.5,+16.6,+32.7,+38.0,+16.1,+16.2,+16.6,+16.6,+16.7,+16.7,+17.1
2022-12-15 09:57,4,+41.6,+25.1,+16.5,+16.6,+32.7,+38.0,+16.2,+16.2,+16.6,+16.6,+16.7,+16.7,+17.0
2022-12-15 10:57,4,+41.6,+25.0,+16.5,+16.6,+32.7,+38.0,+16.3,+16.2,+16.6,+16.7,+16.7,+16.7,+17.1
2022-12-15 11:57,4,+41.6,+25.0,+16.5,+16.6,+32.7,+38.0,+16.5,+16.2,+16.6,+16.6,+16.7,+16.7,+17.1
2022-12-15 12:57,4,+41.6,+25.0,+16.5,+16.6,+32.7,+38.0,+16.7,+16.3,+16.6,+16.7,+16.7,+16.7,+17.1
2022-12-15 13:57,4,+41.6,+25.0,+16.5,+16.6,+32.5,+38.0,+17.0,+16.3,+16.6,+16.6,+16.7,+16.7,+17.1
2022-12-15 14:57,4,+41.5,+25.0,+16.5,+16.6,+32.5,+38.0,+17.1,+16.5,+16.6,+16.6,+16.7,+16.7,+17.1
2022-12-15 15:57,4,+41.5,+25.0,+16.5,+16.6,+32.5,+38.0,+17.2,+16.6,+16.6,+16.7,+16.7,+16.7,+17.1
2022-12-15 16:57,4,+41.4,+25.0,+16.5,+16.6,+32.5,+38.0,+17.2,+16.6,+16.6,+16.6,+16.7,+16.7,+17.1
2022-12-15 17:57,4,+41.4,+25.0,+16.5,+16.6,+32.5,+38.0,+17.2,+16.7,+16.7,+16.6,+16.7,+16.7,+17.1
2022-12-15 18:57,4,+41.4,+25.0,+16.5,+16.6,+32.5,+38.0,+17.1,+16.7,+16.7,+16.6,+16.7,+16.7,+17.1
2022-12-15 19:57,4,+41.3,+25.0,+16.5,+16.6,+32.5,+38.0,+17.1,+16.7,+16.7,+16.7,+16.7,+16.7,+17.1
2022-12-15 20:57,4,+41.3,+25.0,+16.5,+16.6,+32.5,+38.0,+17.1,+16.7,+16.8,+16.7,+17.0,+16.7,+17.1
2022-12-15 21:57,4,+41.3,+25.0,+16.5,+16.6,+32.5,+37.9,+17.1,+16.7,+16.8,+16.7,+16.7,+16.7,+17.1
2022-12-15 22:57,4,+41.3,+25.0,+16.5,+16.6,+32.5,+37.9,+17.0,+16.7,+16.8,+16.7,+16.7,+16.7,+17.1
2022-12-15 23:57,4,+41.2,+25.0,+16.5,+16.6,+32.5,+37.9,+17.0,+16.8,+16.8,+16.7,+16.7,+16.7,+17.1
2022-12-16 00:57,4,+41.2,+25.0,+16.5,+16.6,+32.5,+37.9,+16.8,+16.8,+16.8,+16.7,+16.7,+16.7,+17.0
2022-12-16 01:57,4,+41.2,+25.0,+16.5,+16.6,+32.5,+37.9,+17.0,+16.8,+16.8,+16.7,+16.7,+16.7,+17.1
2022-12-16 02:57,4,+41.2,+25.0,+16.5,+16.6,+32.5,+37.9,+16.8,+16.8,+16.8,+16.7,+16.7,+16.7,+17.0
2022-12-16 03:57,4,+41.1,+25.0,+16.5,+16.6,+32.5,+37.9,+16.8,+16.7,+16.8,+16.7,+16.7,+16.7,+17.0
2022-12-16 04:57,4,+41.1,+25.0,+16.5,+16.6,+32.5,+37.9,+16.8,+16.7,+16.8,+16.7,+16.7,+16.7,+17.1
2022-12-16 05:57,4,+41.1,+25.0,+16.5,+16.6,+32.5,+37.9,+16.8,+16.8,+16.8,+16.8,+16.7,+16.7,+17.1
2022-12-16 06:57,4,+41.1,+25.0,+16.5,+16.6,+32.5,+37.9,+16.8,+16.7,+17.0,+16.8,+17.0,+16.7,+17.1
2022-12-16 07:57,4,+41.1,+25.0,+16.5,+16.6,+32.5,+37.9,+16.8,+16.8,+17.0,+16.7,+16.7,+16.7,+17.0
2022-12-16 08:57,4,+41.1,+25.0,+16.5,+16.6,+32.5,+37.9,+17.0,+16.7,+16.8,+16.8,+17.0,+16.7,+17.0
2022-12-16 09:57,4,+41.1,+25.0,+16.5,+16.6,+32.5,+37.9,+16.8,+16.8,+17.0,+16.8,+17.0,+16.7,+17.1
2022-12-16 10:57,4,+41.0,+25.0,+16.5,+16.6,+32.5,+37.9,+16.8,+16.7,+17.0,+16.8,+17.0,+16.7,+17.1
2022-12-16 11:57,4,+41.0,+25.0,+16.5,+16.6,+32.5,+37.9,+17.0,+16.8,+17.0,+16.8,+17.0,+16.7,+17.0
2022-12-16 12:57,4,+41.0,+25.0,+16.5,+16.6,+32.5,+37.9,+17.1,+16.8,+17.0,+16.8,+17.0,+16.7,+17.1
2022-12-16 13:57,4,+40.9,+25.0,+16.3,+16.6,+32.5,+37.9,+17.2,+16.8,+17.0,+16.8,+17.0,+16.7,+17.1
2022-12-16 14:57,4,+40.9,+25.0,+16.5,+16.6,+32.5,+37.9,+17.2,+16.8,+17.0,+16.8,+17.0,+16.7,+17.1
2022-12-16 15:57,4,+40.9,+25.0,+16.5,+16.6,+32.5,+37.9,+17.3,+16.8,+17.0,+16.8,+17.0,+16.7,+17.1
2022-12-16 16:57,4,+40.8,+25.0,+16.5,+16.6,+32.5,+37.9,+17.3,+17.0,+17.0,+16.8,+17.0,+16.7,+17.1
2022-12-16 17:57,4,+40.8,+25.0,+16.5,+16.6,+32.5,+37.9,+17.2,+17.0,+17.0,+16.8,+17.0,+16.7,+17.0
2022-12-16 18:57,4,+40.8,+25.0,+16.5,+16.6,+32.5,+37.9,+17.2,+17.0,+17.1,+16.8,+17.0,+16.7,+17.1
2022-12-16 19:57,4,+40.7,+25.0,+16.5,+16.6,+32.5,+37.9,+17.2,+17.1,+17.0,+16.8,+17.0,+16.7,+17.1
2022-12-16 20:57,4,+40.7,+25.0,+16.5,+16.6,+32.5,+37.9,+17.2,+17.0,+17.1,+16.8,+17.0,+16.7,+17.1
2022-12-16 21:57,4,+40.7,+25.0,+16.5,+16.6,+32.5,+37.9,+17.2,+17.0,+17.1,+17.0,+17.0,+16.7,+17.1
2022-12-16 22:57,4,+40.7,+25.0,+16.5,+16.6,+32.5,+37.9,+17.1,+17.0,+17.1,+16.8,+17.0,+16.7,+17.1
2022-12-16 23:57,4,+40.6,+25.0,+16.5,+16.6,+32.5,+37.9,+17.1,+17.0,+17.1,+17.0,+17.0,+16.7,+17.0
2022-12-17 00:57,4,+40.6,+25.0,+16.5,+16.6,+32.5,+37.9,+17.1,+17.1,+17.1,+16.8,+17.0,+16.7,+17.1
2022-12-17 01:57,4,+40.6,+25.0,+16.5,+16.6,+32.5,+37.9,+17.0,+17.0,+17.1,+17.0,+17.0,+16.7,+17.0
2022-12-17 02:57,4,+40.6,+25.0,+16.5,+16.6,+32.5,+37.9,+17.0,+17.0,+17.1,+17.0,+17.0,+16.7,+17.1
2022-12-17 03:57,4,+40.5,+25.0,+16.5,+16.6,+32.5,+37.9,+16.8,+17.0,+17.1,+17.0,+17.1,+16.7,+17.1
2022-12-17 04:57,4,+40.5,+25.0,+16.5,+16.6,+32.5,+37.9,+16.8,+17.0,+17.2,+17.0,+17.0,+16.7,+17.1
2022-12-17 05:57,4,+40.5,+25.0,+16.5,+16.6,+32.5,+37.9,+16.8,+17.0,+17.1,+17.0,+17.1,+16.7,+17.1
2022-12-17 06:57,4,+40.5,+25.0,+16.5,+16.6,+32.5,+37.9,+17.0,+17.0,+17.2,+17.0,+17.0,+16.7,+17.0
2022-12-17 07:57,4,+40.4,+25.0,+16.5,+16.6,+32.5,+37.9,+16.8,+16.8,+17.1,+17.0,+17.0,+16.7,+17.1
2022-12-17 08:57,4,+40.4,+25.0,+16.5,+16.6,+32.5,+37.9,+17.0,+16.8,+17.1,+17.0,+17.0,+16.7,+17.1
2022-12-17 09:57,4,+40.4,+25.0,+16.5,+16.6,+32.5,+37.9,+17.1,+17.0,+17.1,+17.0,+17.1,+16.7,+17.1
2022-12-17 10:57,4,+40.4,+25.0,+16.5,+16.6,+32.5,+37.9,+17.1,+17.0,+17.1,+17.0,+17.0,+16.7,+17.1
2022-12-17 11:57,4,+40.4,+24.9,+16.5,+16.6,+32.5,+37.9,+17.2,+17.0,+17.1,+17.0,+17.1,+16.7,+17.1
2022-12-17 12:57,4,+40.3,+24.9,+16.5,+16.6,+32.5,+37.9,+17.3,+17.0,+17.1,+17.1,+17.0,+16.7,+17.1
2022-12-17 13:57,4,+40.3,+24.9,+16.5,+16.6,+32.5,+37.9,+17.6,+17.0,+17.1,+17.0,+17.1,+16.7,+17.1
2022-12-17 14:57,4,+40.2,+24.9,+16.5,+16.6,+32.5,+37.9,+17.7,+17.1,+17.1,+17.0,+17.1,+16.7,+17.0
2022-12-17 15:57,4,+40.2,+24.9,+16.5,+16.6,+32.5,+37.9,+17.7,+17.1,+17.2,+17.1,+17.1,+16.7,+17.1
2022-12-17 16:57,4,+40.2,+24.9,+16.5,+16.6,+32.5,+37.9,+17.6,+17.2,+17.2,+17.0,+17.1,+16.7,+17.1
2022-12-17 17:57,4,+40.1,+24.9,+16.5,+16.6,+32.5,+37.9,+17.6,+17.2,+17.2,+17.1,+17.1,+16.7,+17.1
2022-12-17 18:57,4,+40.1,+24.9,+16.5,+16.6,+32.5,+37.9,+17.5,+17.2,+17.2,+17.1,+17.1,+16.7,+17.1
2022-12-17 19:57,4,+40.1,+24.9,+16.5,+16.6,+32.5,+37.9,+17.5,+17.2,+17.2,+17.1,+17.1,+16.7,+17.1
2022-12-17 20:57,4,+40.0,+24.9,+16.5,+16.6,+32.5,+37.9,+17.3,+17.2,+17.2,+17.1,+17.1,+17.0,+17.0
2022-12-17 21:57,4,+40.0,+24.9,+16.5,+16.6,+32.5,+37.9,+17.3,+17.2,+17.3,+17.1,+17.1,+16.7,+17.1
2022-12-17 22:57,4,+40.0,+24.9,+16.5,+16.6,+32.5,+37.9,+17.2,+17.2,+17.3,+17.1,+17.1,+16.7,+17.1
2022-12-17 23:57,4,+39.9,+24.8,+16.5,+16.6,+32.5,+37.9,+17.2,+17.2,+17.3,+17.1,+17.1,+16.7,+17.1
2022-12-18 00:57,4,+39.9,+24.8,+16.5,+16.6,+32.5,+37.9,+17.1,+17.2,+17.3,+17.1,+17.1,+16.7,+17.1
2022-12-18 01:57,4,+39.9,+24.8,+16.5,+16.6,+32.5,+37.9,+17.1,+17.1,+17.3,+17.1,+17.1,+16.7,+17.1
2022-12-18 02:57,4,+39.9,+24.8,+16.5,+16.6,+32.5,+37.9,+17.0,+17.2,+17.3,+17.1,+17.1,+17.0,+17.1
2022-12-18 03:57,4,+39.8,+24.8,+16.5,+16.6,+32.5,+37.9,+17.1,+17.1,+17.3,+17.1,+17.1,+16.7,+17.1
2022-12-18 04:57,4,+39.9,+24.8,+16.5,+16.6,+32.5,+37.9,+17.0,+17.1,+17.2,+17.1,+17.1,+17.0,+17.1
2022-12-18 05:57,4,+40.0,+24.8,+16.5,+16.6,+32.5,+37.9,+17.0,+17.1,+17.3,+17.1,+17.1,+17.0,+17.1
2022-12-18 06:57,4,+40.0,+24.8,+16.5,+16.6,+32.5,+37.9,+16.8,+17.1,+17.3,+17.1,+17.1,+16.7,+17.1
2022-12-18 07:57,4,+40.1,+24.8,+16.5,+16.6,+32.5,+37.9,+16.8,+17.1,+17.2,+17.1,+17.1,+17.0,+17.1
2022-12-18 08:57,4,+40.1,+24.8,+16.5,+16.6,+32.5,+37.9,+16.8,+17.0,+17.3,+17.1,+17.2,+17.0,+17.1
2022-12-18 09:57,4,+40.1,+24.8,+16.5,+16.6,+32.5,+37.9,+16.7,+17.0,+17.3,+17.1,+17.1,+17.0,+17.1
2022-12-18 10:57,4,+40.1,+24.8,+16.5,+16.6,+32.5,+37.9,+16.8,+17.0,+17.3,+17.1,+17.1,+17.0,+17.1
2022-12-18 11:57,4,+40.1,+24.8,+16.5,+16.6,+32.5,+37.9,+16.8,+17.0,+17.2,+17.1,+17.1,+17.0,+17.1
2022-12-18 12:57,4,+40.1,+24.8,+16.5,+16.6,+32.5,+37.9,+16.8,+17.0,+17.2,+17.1,+17.2,+16.7,+17.1
2022-12-18 13:57,4,+40.0,+24.7,+16.5,+16.6,+32.5,+37.9,+17.0,+17.0,+17.2,+17.2,+17.2,+17.0,+17.1
2022-12-18 14:57,4,+40.0,+24.7,+16.5,+16.6,+32.5,+37.9,+17.0,+17.0,+17.2,+17.2,+17.1,+17.0,+17.1
2022-12-18 15:57,4,+40.0,+24.7,+16.5,+16.6,+32.5,+37.9,+17.0,+17.0,+17.2,+17.2,+17.2,+17.0,+17.1
2022-12-18 16:57,4,+39.9,+24.7,+16.5,+16.6,+32.5,+37.9,+16.8,+17.0,+17.2,+17.2,+17.2,+17.0,+17.1
2022-12-18 17:57,4,+39.9,+24.7,+16.5,+16.6,+32.5,+37.9,+16.8,+17.0,+17.2,+17.1,+17.2,+17.0,+17.1
2022-12-18 18:57,4,+39.9,+24.7,+16.5,+16.6,+32.5,+37.9,+16.7,+17.0,+17.2,+17.1,+17.2,+17.0,+17.2
2022-12-18 19:57,4,+39.9,+24.7,+16.5,+16.6,+32.5,+37.9,+16.6,+17.0,+17.2,+17.1,+17.2,+17.0,+17.1
2022-12-18 20:57,4,+39.8,+24.7,+16.5,+16.6,+32.5,+37.9,+16.5,+16.8,+17.2,+17.2,+17.2,+17.0,+17.1
2022-12-18 21:57,4,+39.8,+24.7,+16.5,+16.6,+32.5,+37.9,+16.3,+16.8,+17.2,+17.1,+17.2,+17.0,+17.1
2022-12-18 22:57,4,+39.8,+24.7,+16.5,+16.6,+32.5,+37.9,+16.3,+16.7,+17.2,+17.2,+17.1,+17.0,+17.2
2022-12-18 23:57,4,+39.7,+24.7,+16.5,+16.6,+32.5,+37.9,+16.2,+16.7,+17.2,+17.1,+17.2,+17.0,+17.1
2022-12-19 00:57,4,+39.7,+24.7,+16.5,+16.6,+32.5,+37.9,+16.1,+16.7,+17.2,+17.2,+17.2,+17.0,+17.1
2022-12-19 01:57,4,+39.7,+24.6,+16.5,+16.6,+32.5,+37.9,+16.1,+16.6,+17.2,+17.2,+17.2,+17.0,+17.1
2022-12-19 02:57,4,+39.7,+24.6,+16.5,+16.6,+32.5,+37.9,+16.1,+16.6,+17.1,+17.1,+17.2,+17.0,+17.1
2022-12-19 03:57,4,+39.6,+24.6,+16.5,+16.6,+32.5,+37.9,+16.0,+16.6,+17.1,+17.1,+17.2,+17.0,+17.2
2022-12-19 04:57,4,+39.6,+24.6,+16.3,+16.6,+32.5,+37.9,+16.0,+16.6,+17.1,+17.1,+17.2,+17.0,+17.2
2022-12-19 05:57,4,+39.6,+24.6,+16.3,+16.6,+32.5,+37.9,+16.0,+16.5,+17.1,+17.1,+17.1,+17.0,+17.2
2022-12-19 06:57,4,+39.6,+24.6,+16.5,+16.6,+32.5,+37.9,+16.0,+16.5,+17.0,+17.1,+17.2,+17.0,+17.2
2022-12-19 07:57,4,+39.6,+24.6,+16.5,+16.6,+32.5,+37.9,+16.0,+16.3,+17.1,+17.1,+17.2,+17.0,+17.2
2022-12-19 08:57,4,+39.5,+24.6,+16.5,+16.6,+32.5,+37.9,+16.0,+16.3,+17.0,+17.1,+17.2,+17.0,+17.2
2022-12-19 09:57,4,+39.5,+24.6,+16.3,+16.6,+32.5,+37.9,+16.0,+16.3,+17.0,+17.1,+17.2,+17.0,+17.2
2022-12-19 10:57,4,+39.4,+24.5,+16.3,+16.6,+32.5,+37.9,+16.1,+16.3,+17.0,+17.1,+17.2,+17.1,+17.2
2022-12-19 11:57,4,+39.4,+24.5,+16.3,+16.6,+32.5,+37.9,+16.2,+16.3,+17.0,+17.1,+17.2,+17.1,+17.2
2022-12-19 12:57,4,+39.3,+24.5,+16.3,+16.6,+32.5,+37.9,+16.3,+16.5,+17.0,+17.1,+17.2,+17.0,+17.2
2022-12-19 13:57,4,+39.3,+24.5,+16.3,+16.6,+32.5,+37.9,+16.5,+16.5,+17.0,+17.1,+17.2,+17.0,+17.2
2022-12-19 14:57,4,+39.2,+24.5,+16.3,+16.6,+32.5,+37.9,+16.6,+16.5,+17.0,+17.1,+17.2,+17.0,+17.2
2022-12-19 15:57,4,+39.2,+24.5,+16.3,+16.6,+32.5,+37.9,+16.6,+16.5,+16.8,+17.1,+17.2,+17.0,+17.1
2022-12-19 16:57,4,+39.1,+24.5,+16.3,+16.6,+32.5,+37.9,+16.6,+16.6,+17.0,+17.0,+17.2,+17.0,+17.1
2022-12-19 17:57,4,+39.1,+24.5,+16.3,+16.6,+32.5,+37.9,+16.5,+16.5,+17.0,+17.0,+17.2,+17.0,+17.2
2022-12-19 18:57,4,+39.0,+24.5,+16.3,+16.6,+32.5,+37.9,+16.2,+16.5,+17.0,+17.1,+17.2,+17.0,+17.2
2022-12-19 19:57,4,+39.0,+24.4,+16.3,+16.6,+32.5,+37.9,+16.1,+16.5,+17.0,+17.0,+17.2,+17.1,+17.1
2022-12-19 20:57,4,+38.9,+24.4,+16.3,+16.6,+32.5,+37.9,+16.0,+16.5,+17.0,+17.0,+17.2,+17.0,+17.2
2022-12-19 21:57,4,+38.9,+24.4,+16.3,+16.6,+32.5,+37.9,+15.8,+16.3,+17.0,+17.1,+17.1,+17.1,+17.2
2022-12-19 22:57,4,+38.8,+24.4,+16.3,+16.6,+32.5,+37.9,+15.7,+16.3,+17.0,+17.0,+17.2,+17.0,+17.2
2022-12-19 23:57,4,+38.8,+24.4,+16.3,+16.6,+32.5,+37.9,+15.6,+16.3,+16.8,+17.1,+17.1,+17.0,+17.2
2022-12-20 00:57,4,+38.8,+24.4,+16.3,+16.6,+32.5,+37.9,+15.6,+16.2,+16.8,+17.0,+17.1,+17.0,+17.2
2022-12-20 01:57,4,+38.7,+24.4,+16.3,+16.6,+32.5,+37.9,+15.5,+16.1,+16.8,+17.0,+17.1,+17.0,+17.1
2022-12-20 02:57,4,+38.7,+24.4,+16.3,+16.6,+32.5,+37.9,+15.5,+16.2,+16.8,+17.0,+17.2,+17.0,+17.2
2022-12-20 03:57,4,+38.6,+24.4,+16.3,+16.6,+32.5,+37.9,+15.5,+16.1,+16.8,+17.0,+17.2,+17.0,+17.2
2022-12-20 04:57,4,+38.6,+24.4,+16.3,+16.6,+32.5,+37.9,+15.3,+16.1,+16.8,+17.0,+17.1,+17.0,+17.1
2022-12-20 05:57,4,+38.6,+24.3,+16.3,+16.6,+32.5,+37.9,+15.2,+16.1,+16.8,+17.0,+17.1,+17.0,+17.1
2022-12-20 06:57,4,+38.5,+24.3,+16.3,+16.6,+32.5,+37.9,+15.2,+16.0,+16.7,+17.0,+17.2,+17.0,+17.2
2022-12-20 07:57,4,+38.5,+24.3,+16.3,+16.6,+32.5,+37.9,+15.2,+16.0,+16.7,+17.0,+17.2,+17.0,+17.1
2022-12-20 08:57,4,+38.4,+24.3,+16.3,+16.6,+32.5,+37.9,+15.3,+15.8,+16.6,+17.0,+17.1,+17.0,+17.2
2022-12-20 09:57,4,+38.4,+24.3,+16.3,+16.6,+32.5,+37.9,+15.5,+15.8,+16.7,+17.0,+17.1,+17.0,+17.2
2022-12-20 10:57,4,+38.3,+24.3,+16.3,+16.6,+32.5,+37.9,+15.6,+15.8,+16.6,+16.8,+17.1,+17.0,+17.2
2022-12-20 11:57,4,+38.3,+24.2,+16.3,+16.6,+32.5,+37.9,+15.8,+15.8,+16.6,+16.8,+17.1,+17.0,+17.2
2022-12-20 12:57,4,+38.2,+24.2,+16.3,+16.6,+32.5,+37.9,+16.1,+15.8,+16.6,+16.8,+17.1,+17.0,+17.2
2022-12-20 13:57,4,+38.2,+24.2,+16.2,+16.6,+32.5,+37.9,+16.3,+16.0,+16.6,+16.8,+17.1,+17.0,+17.2
2022-12-20 14:57,4,+38.1,+24.2,+16.2,+16.6,+32.5,+37.9,+16.5,+16.1,+16.6,+16.8,+17.1,+17.0,+17.2
2022-12-20 15:57,4,+38.1,+24.2,+16.2,+16.6,+32.5,+37.9,+16.6,+16.1,+16.6,+16.8,+17.1,+17.0,+17.2
2022-12-20 16:57,4,+38.0,+24.2,+16.2,+16.6,+32.5,+37.9,+16.6,+16.2,+16.6,+16.8,+17.1,+17.0,+17.1
2022-12-20 17:57,4,+38.0,+24.2,+16.2,+16.6,+32.5,+37.9,+16.6,+16.3,+16.6,+16.8,+17.1,+17.0,+17.2
2022-12-20 18:57,4,+38.0,+24.2,+16.2,+16.6,+32.5,+37.9,+16.6,+16.3,+16.6,+16.8,+17.1,+17.0,+17.1
2022-12-20 19:57,4,+38.0,+24.2,+16.2,+16.6,+32.5,+37.9,+16.6,+16.3,+16.6,+16.7,+17.1,+17.0,+17.2
2022-12-20 20:57,4,+37.9,+24.2,+16.2,+16.6,+32.5,+37.9,+16.6,+16.5,+16.6,+16.8,+17.1,+17.0,+17.2
2022-12-20 21:57,4,+37.9,+24.2,+16.2,+16.6,+32.5,+37.9,+16.6,+16.5,+16.7,+16.8,+17.1,+17.0,+17.1
2022-12-20 22:57,4,+37.9,+24.2,+16.2,+16.6,+32.5,+37.9,+16.5,+16.5,+16.7,+16.8,+17.0,+17.0,+17.1
2022-12-20 23:57,4,+37.9,+24.2,+16.2,+16.6,+32.5,+37.7,+16.5,+16.5,+16.7,+16.8,+17.1,+17.0,+17.2
2022-12-21 00:57,4,+37.9,+24.2,+16.2,+16.6,+32.5,+37.7,+16.5,+16.5,+16.7,+16.8,+17.1,+17.0,+17.1
2022-12-21 01:57,4,+37.9,+24.2,+16.2,+16.6,+32.5,+37.7,+16.3,+16.5,+16.7,+16.8,+17.1,+17.0,+17.2
2022-12-21 02:57,4,+37.9,+24.2,+16.2,+16.6,+32.5,+37.7,+16.3,+16.5,+16.7,+16.8,+17.0,+17.0,+17.2
2022-12-21 03:57,4,+37.8,+24.2,+16.2,+16.6,+32.5,+37.7,+16.3,+16.5,+16.7,+16.8,+17.1,+17.0,+17.1
2022-12-21 04:57,4,+37.8,+24.2,+16.2,+16.6,+32.5,+37.7,+16.2,+16.5,+16.7,+16.8,+17.1,+17.0,+17.2
2022-12-21 05:57,4,+37.8,+24.2,+16.2,+16.6,+32.5,+37.7,+16.2,+16.5,+16.7,+16.8,+17.1,+17.0,+17.1
2022-12-21 06:57,4,+37.8,+24.2,+16.2,+16.6,+32.5,+37.7,+16.2,+16.5,+16.7,+16.8,+17.0,+16.7,+17.1
2022-12-21 07:57,4,+37.8,+24.1,+16.2,+16.6,+32.5,+37.7,+16.2,+16.3,+16.7,+16.8,+17.1,+16.7,+17.2
2022-12-21 08:57,4,+37.8,+24.1,+16.2,+16.6,+32.5,+37.7,+16.2,+16.3,+16.8,+16.8,+17.1,+17.0,+17.1
2022-12-21 09:57,4,+37.8,+24.1,+16.2,+16.6,+32.5,+37.7,+16.2,+16.3,+16.7,+16.8,+17.0,+17.0,+17.2
2022-12-21 10:57,4,+37.9,+24.1,+16.2,+16.6,+32.5,+37.7,+16.3,+16.3,+16.8,+16.8,+17.1,+16.7,+17.1
2022-12-21 11:57,4,+37.9,+24.1,+16.2,+16.6,+32.5,+37.7,+16.5,+16.5,+16.7,+16.8,+17.1,+16.7,+17.1
2022-12-21 12:57,4,+37.9,+24.1,+16.2,+16.5,+32.5,+37.7,+16.5,+16.3,+16.7,+16.8,+17.1,+16.7,+17.1
2022-12-21 13:57,4,+37.9,+24.1,+16.2,+16.5,+32.5,+37.7,+16.5,+16.5,+16.8,+16.8,+17.1,+17.0,+17.1
2022-12-21 14:57,4,+37.9,+24.1,+16.2,+16.5,+32.5,+37.7,+16.6,+16.5,+16.7,+16.8,+17.1,+16.7,+17.1
2022-12-21 15:57,4,+37.9,+24.1,+16.2,+16.5,+32.5,+37.7,+16.6,+16.5,+16.8,+16.8,+17.1,+16.7,+17.2
2022-12-21 16:57,4,+37.9,+24.1,+16.2,+16.5,+32.5,+37.7,+16.6,+16.5,+16.7,+16.8,+17.1,+17.0,+17.1
2022-12-21 17:57,4,+37.9,+24.1,+16.2,+16.5,+32.5,+37.7,+16.6,+16.5,+16.8,+16.8,+17.1,+16.7,+17.1
2022-12-21 18:57,4,+37.9,+24.1,+16.2,+16.5,+32.5,+37.7,+16.5,+16.5,+16.8,+16.8,+17.0,+16.7,+17.1
2022-12-21 19:57,4,+37.8,+24.1,+16.2,+16.5,+32.5,+37.7,+16.5,+16.6,+16.8,+16.8,+17.0,+16.7,+17.1
2022-12-21 20:57,4,+37.8,+24.1,+16.2,+16.5,+32.5,+37.7,+16.3,+16.5,+16.8,+16.8,+17.0,+16.7,+17.2
2022-12-21 21:57,4,+37.8,+24.1,+16.2,+16.5,+32.5,+37.7,+16.2,+16.5,+16.8,+16.8,+17.1,+16.7,+17.1
2022-12-21 22:57,4,+37.8,+24.1,+16.2,+16.5,+32.5,+37.7,+16.2,+16.5,+16.8,+16.8,+17.1,+16.7,+17.1
2022-12-21 23:57,4,+37.8,+24.1,+16.2,+16.5,+32.5,+37.7,+16.1,+16.5,+16.7,+16.8,+17.1,+16.7,+17.1
2022-12-22 00:57,4,+37.8,+24.0,+16.2,+16.5,+32.5,+37.7,+16.1,+16.5,+16.8,+16.8,+17.0,+16.7,+17.1
2022-12-22 01:57,4,+37.7,+24.0,+16.2,+16.5,+32.5,+37.7,+16.0,+16.3,+16.8,+16.8,+17.1,+16.7,+17.1
2022-12-22 02:57,4,+37.7,+24.0,+16.2,+16.5,+32.5,+37.7,+15.8,+16.3,+16.8,+16.8,+17.0,+16.7,+17.1
2022-12-22 03:57,4,+37.7,+24.0,+16.2,+16.5,+32.5,+37.7,+15.8,+16.2,+16.8,+16.8,+17.1,+16.7,+17.1
2022-12-22 04:57,4,+37.7,+24.0,+16.2,+16.5,+32.5,+37.7,+15.8,+16.3,+16.8,+16.8,+17.1,+16.7,+17.1
2022-12-22 05:57,4,+37.7,+24.0,+16.2,+16.5,+32.5,+37.7,+15.8,+16.2,+16.8,+16.8,+17.0,+16.7,+17.1
2022-12-22 06:57,4,+37.6,+24.0,+16.2,+16.5,+32.5,+37.7,+15.7,+16.2,+16.7,+16.8,+17.0,+16.7,+17.1
2022-12-22 07:57,4,+37.6,+24.0,+16.2,+16.5,+32.5,+37.7,+15.8,+16.2,+16.8,+16.8,+17.1,+16.7,+17.1
2022-12-22 08:57,4,+37.6,+24.0,+16.2,+16.5,+32.5,+37.7,+15.8,+16.1,+16.7,+16.8,+17.1,+16.7,+17.1
2022-12-22 09:57,4,+37.6,+24.0,+16.2,+16.5,+32.5,+37.7,+16.0,+16.1,+16.7,+16.8,+17.0,+16.7,+17.1
2022-12-22 10:57,4,+37.6,+24.0,+16.2,+16.5,+32.5,+37.7,+16.1,+16.1,+16.7,+16.8,+17.0,+16.7,+17.1
2022-12-22 11:57,4,+37.6,+24.0,+16.2,+16.5,+32.5,+37.7,+16.2,+16.2,+16.7,+16.8,+17.1,+16.7,+17.1
2022-12-22 12:57,4,+37.5,+23.9,+16.2,+16.5,+32.5,+37.7,+16.3,+16.2,+16.7,+16.8,+17.0,+16.7,+17.1
2022-12-22 13:57,4,+37.5,+23.9,+16.2,+16.5,+32.5,+37.7,+16.6,+16.3,+16.7,+16.8,+17.0,+16.7,+17.1
2022-12-22 14:57,4,+37.5,+23.9,+16.2,+16.5,+32.5,+37.7,+16.7,+16.3,+16.7,+16.7,+17.0,+16.7,+17.1
2022-12-22 15:57,4,+37.5,+23.9,+16.2,+16.5,+32.5,+37.7,+16.8,+16.3,+16.6,+16.8,+17.0,+16.7,+17.1
2022-12-22 16:57,4,+37.5,+23.9,+16.2,+16.5,+32.5,+37.7,+16.8,+16.5,+16.7,+16.8,+17.1,+16.7,+17.1
2022-12-22 17:57,4,+37.5,+23.9,+16.2,+16.5,+32.5,+37.7,+16.7,+16.5,+16.7,+16.7,+17.0,+16.7,+17.1
2022-12-22 18:57,4,+37.5,+23.9,+16.2,+16.5,+32.5,+37.7,+16.7,+16.6,+16.7,+16.7,+17.0,+16.7,+17.1
2022-12-22 19:57,4,+37.5,+23.9,+16.2,+16.5,+32.5,+37.7,+16.7,+16.6,+16.7,+16.8,+17.0,+16.7,+17.1
2022-12-22 20:57,4,+37.5,+23.9,+16.2,+16.5,+32.5,+37.7,+16.7,+16.6,+16.7,+16.8,+17.0,+16.7,+17.1
2022-12-22 21:57,4,+37.5,+23.9,+16.2,+16.5,+32.5,+37.7,+16.7,+16.6,+16.8,+16.8,+17.0,+16.7,+17.1
2022-12-22 22:57,4,+37.5,+23.9,+16.2,+16.5,+32.5,+37.7,+16.7,+16.6,+16.7,+16.8,+17.0,+16.7,+17.1
2022-12-22 23:57,4,+37.5,+23.9,+16.2,+16.5,+32.5,+37.7,+16.6,+16.6,+16.8,+16.8,+17.0,+16.7,+17.1
2022-12-23 00:57,4,+37.6,+23.9,+16.2,+16.5,+32.5,+37.7,+16.7,+16.6,+16.8,+16.8,+17.0,+16.7,+17.1
2022-12-23 01:57,4,+37.7,+23.9,+16.2,+16.5,+32.5,+37.7,+16.7,+16.6,+16.8,+16.8,+17.0,+16.7,+17.1
2022-12-23 02:57,4,+37.7,+23.9,+16.2,+16.5,+32.5,+37.7,+16.6,+16.6,+16.8,+16.8,+17.0,+16.7,+17.1
2022-12-23 03:57,4,+37.8,+23.9,+16.2,+16.5,+32.5,+37.7,+16.7,+16.6,+16.8,+16.8,+17.0,+16.7,+17.1
2022-12-23 04:57,4,+37.8,+23.9,+16.2,+16.5,+32.5,+37.7,+16.7,+16.6,+16.8,+16.8,+17.0,+16.7,+17.1
2022-12-23 05:57,4,+37.9,+23.9,+16.2,+16.5,+32.5,+37.7,+16.7,+16.6,+16.8,+16.8,+17.0,+16.7,+17.1
2022-12-23 06:57,4,+38.1,+23.9,+16.2,+16.5,+32.5,+37.7,+16.7,+16.6,+16.8,+16.8,+17.0,+16.7,+17.1
2022-12-23 07:57,4,+38.4,+23.9,+16.2,+16.5,+32.5,+37.7,+16.7,+16.6,+16.8,+16.8,+17.0,+16.7,+17.1
2022-12-23 08:57,4,+38.7,+23.9,+16.2,+16.5,+32.5,+37.7,+16.7,+16.6,+16.8,+16.8,+17.1,+16.7,+17.1
2022-12-23 09:57,4,+38.9,+23.9,+16.2,+16.5,+32.5,+37.7,+16.8,+16.6,+17.0,+16.8,+17.0,+16.7,+17.1
2022-12-23 10:57,4,+39.0,+23.9,+16.2,+16.5,+32.5,+37.7,+16.8,+16.6,+17.0,+17.0,+17.0,+16.7,+17.1
2022-12-23 11:57,4,+39.0,+23.9,+16.2,+16.5,+32.5,+37.7,+17.0,+16.7,+17.0,+16.8,+17.0,+16.7,+17.1
2022-12-23 12:57,4,+39.0,+23.9,+16.2,+16.5,+32.5,+37.7,+17.1,+16.7,+17.0,+16.8,+17.0,+16.7,+17.1
2022-12-23 13:57,4,+39.0,+23.9,+16.2,+16.5,+32.5,+37.7,+17.2,+16.8,+17.0,+16.8,+17.0,+16.7,+17.1
2022-12-23 14:57,4,+39.0,+23.9,+16.2,+16.5,+32.5,+37.7,+17.3,+16.8,+17.0,+16.8,+17.0,+16.7,+17.1
2022-12-23 15:57,4,+39.0,+23.9,+16.2,+16.5,+32.5,+37.7,+17.3,+17.0,+17.0,+16.8,+17.0,+16.7,+17.1
2022-12-23 16:57,4,+39.0,+23.9,+16.2,+16.5,+32.5,+37.7,+17.3,+17.0,+17.0,+16.8,+17.0,+16.7,+17.1
2022-12-23 17:57,4,+39.0,+23.9,+16.2,+16.5,+32.5,+37.7,+17.2,+17.0,+17.0,+16.8,+17.0,+16.7,+17.1
2022-12-23 18:57,4,+39.0,+23.9,+16.2,+16.5,+32.5,+37.7,+17.2,+17.0,+17.0,+16.8,+17.0,+16.7,+17.1
2022-12-23 19:57,4,+39.0,+23.9,+16.2,+16.5,+32.5,+37.7,+17.1,+17.0,+17.0,+16.8,+17.0,+16.7,+17.1
2022-12-23 20:57,4,+39.0,+23.9,+16.2,+16.5,+32.5,+37.7,+17.0,+17.0,+17.1,+17.0,+17.0,+16.7,+17.1
2022-12-23 21:57,4,+39.0,+23.9,+16.2,+16.5,+32.5,+37.7,+16.8,+17.0,+17.1,+17.0,+17.0,+16.7,+17.1
2022-12-23 22:57,4,+39.0,+23.9,+16.2,+16.5,+32.5,+37.7,+16.8,+17.0,+17.1,+17.0,+17.1,+16.7,+17.1
2022-12-23 23:57,4,+38.9,+23.9,+16.2,+16.5,+32.5,+37.7,+16.7,+17.0,+17.1,+17.0,+17.1,+16.7,+17.1
2022-12-24 00:57,4,+38.9,+23.9,+16.2,+16.5,+32.5,+37.7,+16.7,+16.8,+17.1,+17.0,+17.1,+16.7,+17.1
2022-12-24 01:57,4,+38.9,+23.9,+16.2,+16.5,+32.5,+37.7,+16.7,+16.8,+17.1,+16.8,+17.1,+16.7,+17.1
2022-12-24 02:57,4,+38.9,+23.9,+16.2,+16.5,+32.5,+37.7,+16.6,+16.8,+17.1,+17.0,+17.1,+16.7,+17.1
2022-12-24 03:57,4,+38.9,+23.9,+16.2,+16.5,+32.5,+37.7,+16.5,+16.7,+17.1,+17.0,+17.0,+17.0,+17.0
2022-12-24 04:57,4,+38.9,+23.9,+16.2,+16.5,+32.5,+37.7,+16.5,+16.8,+17.1,+17.0,+17.1,+16.7,+17.1
2022-12-24 05:57,4,+38.9,+23.9,+16.2,+16.5,+32.5,+37.7,+16.5,+16.7,+17.1,+17.0,+17.1,+16.7,+17.1
2022-12-24 06:57,4,+38.9,+23.9,+16.2,+16.5,+32.5,+37.7,+16.5,+16.6,+17.1,+17.0,+17.0,+16.7,+17.1
2022-12-24 07:57,4,+38.8,+23.8,+16.2,+16.5,+32.5,+37.7,+16.3,+16.6,+17.1,+17.0,+17.0,+16.7,+17.1
2022-12-24 08:57,4,+38.8,+23.8,+16.2,+16.5,+32.5,+37.7,+16.5,+16.7,+17.1,+17.0,+17.0,+17.0,+17.1
2022-12-24 09:57,4,+38.8,+23.8,+16.2,+16.5,+32.5,+37.7,+16.5,+16.6,+17.1,+17.0,+17.1,+16.7,+17.1
2022-12-24 10:57,4,+38.8,+23.8,+16.2,+16.5,+32.5,+37.7,+16.5,+16.6,+17.0,+17.0,+17.1,+16.7,+17.1
2022-12-24 11:57,4,+38.7,+23.8,+16.2,+16.5,+32.5,+37.7,+16.6,+16.6,+17.0,+17.0,+17.1,+16.7,+17.1
2022-12-24 12:57,4,+38.7,+23.8,+16.2,+16.5,+32.5,+37.7,+16.7,+16.6,+17.0,+17.0,+17.1,+16.7,+17.1
2022-12-24 13:57,4,+38.7,+23.8,+16.2,+16.5,+32.5,+37.7,+16.8,+16.6,+17.0,+17.0,+17.1,+17.0,+17.1
2022-12-24 14:57,4,+38.6,+23.8,+16.2,+16.5,+32.5,+37.7,+17.0,+16.7,+17.0,+17.0,+17.1,+17.0,+17.1
2022-12-24 15:57,4,+38.6,+23.8,+16.2,+16.5,+32.5,+37.7,+17.0,+16.7,+17.0,+17.0,+17.1,+17.0,+17.1
2022-12-24 16:57,4,+38.5,+23.8,+16.2,+16.5,+32.5,+37.7,+17.0,+16.8,+17.0,+17.0,+17.1,+16.7,+17.1
2022-12-24 17:57,4,+38.5,+23.8,+16.2,+16.5,+32.5,+37.7,+16.8,+16.8,+17.0,+17.0,+17.1,+16.7,+17.1
2022-12-24 18:57,4,+38.5,+23.8,+16.2,+16.5,+32.5,+37.7,+16.7,+16.8,+17.0,+17.0,+17.0,+16.7,+17.1
2022-12-24 19:57,4,+38.5,+23.8,+16.1,+16.5,+32.5,+37.7,+16.6,+16.8,+17.0,+17.0,+17.1,+17.0,+17.1
2022-12-24 20:57,4,+38.4,+23.8,+16.1,+16.5,+32.5,+37.7,+16.5,+16.7,+17.0,+17.0,+17.1,+16.7,+17.1
2022-12-24 21:57,4,+38.4,+23.8,+16.1,+16.5,+32.5,+37.7,+16.3,+16.7,+17.0,+17.0,+17.1,+16.7,+17.1
2022-12-24 22:57,4,+38.4,+23.7,+16.1,+16.5,+32.5,+37.7,+16.2,+16.7,+17.0,+17.0,+17.1,+16.7,+17.1
2022-12-24 23:57,4,+38.3,+23.7,+16.1,+16.5,+32.5,+37.7,+16.2,+16.6,+17.1,+17.0,+17.1,+16.7,+17.1
2022-12-25 00:57,4,+38.3,+23.7,+16.1,+16.5,+32.5,+37.7,+16.2,+16.6,+17.0,+17.0,+17.1,+17.0,+17.1
2022-12-25 01:57,4,+38.3,+23.7,+16.1,+16.5,+32.5,+37.7,+16.2,+16.6,+17.0,+17.0,+17.1,+16.7,+17.1
2022-12-25 02:57,4,+38.3,+23.7,+16.1,+16.5,+32.5,+37.7,+16.2,+16.6,+17.0,+17.0,+17.1,+16.7,+17.1
2022-12-25 03:57,4,+38.3,+23.7,+16.1,+16.5,+32.5,+37.7,+16.2,+16.5,+17.0,+17.0,+17.1,+17.0,+17.1
2022-12-25 04:57,4,+38.4,+23.7,+16.1,+16.5,+32.5,+37.7,+16.2,+16.5,+17.0,+17.0,+17.1,+16.7,+17.1
2022-12-25 05:57,4,+38.5,+23.7,+16.1,+16.5,+32.5,+37.7,+16.1,+16.5,+17.0,+17.0,+17.1,+16.7,+17.1
2022-12-25 06:57,4,+38.6,+23.7,+16.1,+16.5,+32.5,+37.7,+16.2,+16.5,+17.0,+17.0,+17.1,+16.7,+17.1
2022-12-25 07:57,4,+38.6,+23.7,+16.1,+16.5,+32.5,+37.7,+16.1,+16.5,+17.0,+17.0,+17.1,+16.7,+17.1
2022-12-25 08:57,4,+38.7,+23.7,+16.1,+16.5,+32.4,+37.7,+16.1,+16.3,+16.8,+17.0,+17.1,+16.7,+17.1
2022-12-25 09:57,4,+38.7,+23.7,+16.1,+16.5,+32.5,+37.7,+16.0,+16.3,+16.8,+17.0,+17.1,+17.0,+17.1
2022-12-25 10:57,4,+38.7,+23.7,+16.1,+16.5,+32.5,+37.7,+16.1,+16.5,+17.0,+17.0,+17.1,+17.0,+17.1
2022-12-25 11:57,4,+38.6,+23.7,+16.1,+16.5,+32.5,+37.7,+16.2,+16.3,+16.8,+17.0,+17.1,+17.0,+17.1
2022-12-25 12:57,4,+38.6,+23.6,+16.1,+16.5,+32.5,+37.7,+16.2,+16.3,+16.8,+17.0,+17.1,+16.7,+17.1
2022-12-25 13:57,4,+38.5,+23.6,+16.1,+16.5,+32.5,+37.7,+16.3,+16.3,+16.8,+17.0,+17.1,+17.0,+17.1
2022-12-25 14:57,4,+38.5,+23.6,+16.1,+16.5,+32.4,+37.7,+16.5,+16.3,+16.8,+17.0,+17.1,+17.0,+17.1
2022-12-25 15:57,4,+38.5,+23.6,+16.1,+16.5,+32.4,+37.7,+16.5,+16.5,+16.8,+16.8,+17.1,+17.0,+17.1
2022-12-25 16:57,4,+38.4,+23.6,+16.1,+16.5,+32.4,+37.7,+16.5,+16.5,+16.8,+16.8,+17.1,+16.7,+17.1
2022-12-25 17:57,4,+38.4,+23.6,+16.1,+16.5,+32.4,+37.7,+16.3,+16.5,+16.8,+17.0,+17.1,+17.0,+17.1
2022-12-25 18:57,4,+38.4,+23.6,+16.1,+16.5,+32.5,+37.7,+16.3,+16.5,+16.8,+17.0,+17.1,+17.0,+17.1
2022-12-25 19:57,4,+38.4,+23.6,+16.1,+16.5,+32.5,+37.7,+16.2,+16.5,+16.8,+17.0,+17.1,+16.7,+17.1
2022-12-25 20:57,4,+38.3,+23.6,+16.1,+16.5,+32.5,+37.7,+16.1,+16.5,+16.8,+16.8,+17.1,+16.7,+17.1
2022-12-25 21:57,4,+38.3,+23.6,+16.1,+16.5,+32.4,+37.7,+16.0,+16.5,+16.8,+16.8,+17.1,+16.7,+17.1
2022-12-25 22:57,4,+38.3,+23.6,+16.1,+16.5,+32.5,+37.7,+15.8,+16.3,+16.8,+17.0,+17.0,+17.0,+17.1
2022-12-25 23:57,4,+38.2,+23.6,+16.1,+16.5,+32.5,+37.7,+15.8,+16.3,+16.8,+16.8,+17.1,+17.0,+17.1
2022-12-26 00:57,4,+38.2,+23.6,+16.1,+16.5,+32.4,+37.7,+15.7,+16.3,+16.8,+16.8,+17.1,+17.0,+17.1
2022-12-26 01:57,4,+38.2,+23.5,+16.1,+16.5,+32.5,+37.7,+15.7,+16.2,+16.8,+16.8,+17.1,+16.7,+17.1
2022-12-26 02:57,4,+38.2,+23.5,+16.1,+16.5,+32.4,+37.7,+15.6,+16.2,+16.7,+16.8,+17.1,+16.7,+17.1
2022-12-26 03:57,4,+38.2,+23.5,+16.1,+16.5,+32.5,+37.7,+15.7,+16.1,+16.8,+16.8,+17.1,+16.7,+17.1
2022-12-26 04:57,4,+38.2,+23.5,+16.1,+16.5,+32.5,+37.7,+15.6,+16.1,+16.7,+16.8,+17.1,+16.7,+17.1
2022-12-26 05:57,4,+38.1,+23.5,+16.1,+16.5,+32.5,+37.7,+15.6,+16.1,+16.7,+16.8,+17.0,+16.7,+17.1
2022-12-26 06:57,4,+38.1,+23.5,+16.1,+16.5,+32.5,+37.7,+15.6,+16.1,+16.7,+16.8,+17.1,+16.7,+17.1
2022-12-26 07:57,4,+38.1,+23.5,+16.1,+16.5,+32.5,+37.7,+15.6,+16.0,+16.7,+16.8,+17.1,+16.7,+17.1
2022-12-26 08:57,4,+38.1,+23.5,+16.1,+16.5,+32.4,+37.7,+15.7,+16.1,+16.6,+16.8,+17.0,+16.7,+17.1
2022-12-26 09:57,4,+38.1,+23.5,+16.1,+16.5,+32.5,+37.7,+15.8,+16.0,+16.7,+16.8,+17.0,+16.7,+17.1
2022-12-26 10:57,4,+38.0,+23.5,+16.1,+16.5,+32.4,+37.7,+16.0,+16.1,+16.6,+16.8,+17.1,+16.7,+17.1
2022-12-26 11:57,4,+38.0,+23.4,+16.1,+16.5,+32.4,+37.7,+16.1,+16.1,+16.6,+16.8,+17.1,+16.7,+17.1
2022-12-26 12:57,4,+38.0,+23.4,+16.0,+16.5,+32.4,+37.7,+16.2,+16.1,+16.6,+16.8,+17.0,+17.0,+17.1
2022-12-26 13:57,4,+37.9,+23.4,+16.0,+16.3,+32.4,+37.7,+16.3,+16.1,+16.6,+16.8,+17.1,+16.7,+17.1
2022-12-26 14:57,4,+37.9,+23.4,+16.0,+16.3,+32.4,+37.7,+16.6,+16.2,+16.6,+16.8,+17.1,+16.7,+17.1
2022-12-26 15:57,4,+37.9,+23.4,+16.0,+16.3,+32.4,+37.7,+16.6,+16.3,+16.6,+16.7,+17.0,+16.7,+17.1
2022-12-26 16:57,4,+37.8,+23.4,+16.0,+16.3,+32.4,+37.7,+16.6,+16.3,+16.6,+16.7,+17.1,+16.7,+17.1
2022-12-26 17:57,4,+37.8,+23.4,+16.0,+16.3,+32.4,+37.7,+16.6,+16.3,+16.6,+16.7,+17.0,+16.7,+17.1
2022-12-26 18:57,4,+37.8,+23.4,+16.0,+16.3,+32.4,+37.7,+16.6,+16.3,+16.7,+16.7,+17.0,+16.7,+17.1
2022-12-26 19:57,4,+37.8,+23.4,+16.0,+16.3,+32.4,+37.7,+16.6,+16.5,+16.6,+16.8,+17.0,+16.7,+17.1
2022-12-26 20:57,4,+37.8,+23.4,+16.0,+16.3,+32.4,+37.7,+16.5,+16.5,+16.7,+16.8,+17.0,+16.7,+17.1
2022-12-26 21:57,4,+37.8,+23.4,+16.0,+16.3,+32.4,+37.7,+16.5,+16.5,+16.7,+16.7,+17.0,+16.7,+17.1
2022-12-26 22:57,4,+37.8,+23.4,+16.0,+16.3,+32.4,+37.7,+16.3,+16.5,+16.7,+16.8,+17.0,+16.7,+17.1
2022-12-26 23:57,4,+37.7,+23.4,+16.0,+16.3,+32.4,+37.7,+16.2,+16.5,+16.7,+16.7,+17.0,+16.7,+17.1
2022-12-27 00:57,4,+37.7,+23.4,+16.0,+16.3,+32.4,+37.7,+16.1,+16.5,+16.7,+16.7,+17.0,+16.7,+17.1
2022-12-27 01:57,4,+37.7,+23.4,+16.0,+16.3,+32.4,+37.7,+16.1,+16.5,+16.7,+16.7,+17.0,+16.7,+17.1
2022-12-27 02:57,4,+37.6,+23.4,+16.0,+16.3,+32.4,+37.7,+16.0,+16.3,+16.7,+16.7,+17.0,+16.7,+17.1
2022-12-27 03:57,4,+37.6,+23.4,+16.0,+16.3,+32.4,+37.7,+16.0,+16.3,+16.7,+16.7,+17.0,+16.7,+17.1
2022-12-27 04:57,4,+37.6,+23.4,+16.0,+16.3,+32.4,+37.7,+16.0,+16.2,+16.7,+16.8,+17.0,+16.7,+17.1
2022-12-27 05:57,4,+37.6,+23.4,+16.0,+16.3,+32.4,+37.7,+15.8,+16.3,+16.7,+16.8,+17.0,+16.7,+17.1
2022-12-27 06:57,4,+37.6,+23.4,+16.0,+16.3,+32.4,+37.7,+16.0,+16.2,+16.7,+16.8,+17.0,+16.7,+17.1
2022-12-27 07:57,4,+37.6,+23.4,+16.0,+16.3,+32.4,+37.7,+15.8,+16.2,+16.7,+16.8,+17.0,+16.7,+17.1
2022-12-27 08:57,4,+37.5,+23.4,+16.0,+16.3,+32.4,+37.7,+16.0,+16.2,+16.7,+16.7,+17.0,+16.7,+17.1
2022-12-27 09:57,4,+37.5,+23.4,+16.0,+16.3,+32.4,+37.7,+16.1,+16.1,+16.7,+16.7,+17.0,+16.7,+17.1
2022-12-27 10:57,4,+37.5,+23.3,+16.0,+16.3,+32.4,+37.7,+16.1,+16.2,+16.7,+16.8,+17.0,+16.7,+17.1
2022-12-27 11:57,4,+37.5,+23.3,+16.0,+16.3,+32.4,+37.7,+16.3,+16.2,+16.7,+16.7,+17.0,+16.7,+17.1
2022-12-27 12:57,4,+37.5,+23.3,+16.0,+16.3,+32.4,+37.7,+16.5,+16.2,+16.7,+16.7,+17.0,+16.7,+17.1
2022-12-27 13:57,4,+37.4,+23.3,+16.0,+16.3,+32.4,+37.7,+16.7,+16.2,+16.6,+16.7,+17.0,+16.7,+17.1
2022-12-27 14:57,4,+37.4,+23.3,+16.0,+16.3,+32.4,+37.7,+16.8,+16.3,+16.7,+16.7,+17.0,+16.7,+17.1
2022-12-27 15:57,4,+37.4,+23.3,+16.0,+16.3,+32.4,+37.7,+16.8,+16.5,+16.7,+16.7,+17.0,+16.7,+17.1
2022-12-27 16:57,4,+37.3,+23.3,+16.0,+16.3,+32.4,+37.7,+16.8,+16.5,+16.7,+16.7,+17.0,+16.7,+17.1
2022-12-27 17:57,4,+37.3,+23.3,+16.0,+16.3,+32.4,+37.7,+16.8,+16.6,+16.7,+16.7,+17.0,+16.7,+17.1
2022-12-27 18:57,4,+37.3,+23.3,+16.0,+16.3,+32.4,+37.7,+16.8,+16.5,+16.7,+16.8,+17.0,+16.7,+17.1
2022-12-27 19:57,4,+37.3,+23.3,+16.0,+16.3,+32.4,+37.7,+16.8,+16.6,+16.7,+16.7,+17.0,+16.7,+17.1
2022-12-27 20:57,4,+37.3,+23.3,+16.0,+16.3,+32.4,+37.7,+16.8,+16.6,+16.7,+16.7,+17.0,+16.7,+17.1
2022-12-27 21:57,4,+37.3,+23.3,+16.0,+16.3,+32.4,+37.7,+16.7,+16.6,+16.8,+16.7,+17.0,+16.7,+17.1
2022-12-27 22:57,4,+37.2,+23.3,+15.8,+16.3,+32.4,+37.7,+16.7,+16.7,+16.8,+16.7,+17.0,+16.7,+17.1
2022-12-27 23:57,4,+37.2,+23.3,+16.0,+16.3,+32.4,+37.7,+16.6,+16.6,+16.7,+16.8,+17.0,+16.7,+17.0
2022-12-28 00:57,4,+37.2,+23.3,+16.0,+16.3,+32.4,+37.7,+16.6,+16.6,+16.8,+16.7,+17.0,+16.7,+17.0
2022-12-28 01:57,4,+37.2,+23.3,+15.8,+16.3,+32.4,+37.7,+16.5,+16.6,+16.8,+16.7,+17.0,+16.7,+17.1
2022-12-28 02:57,4,+37.1,+23.3,+15.8,+16.3,+32.4,+37.7,+16.3,+16.6,+16.8,+16.8,+17.0,+16.7,+17.1
2022-12-28 03:57,4,+37.1,+23.3,+16.0,+16.3,+32.4,+37.7,+16.2,+16.5,+16.8,+16.8,+17.0,+16.7,+17.1
2022-12-28 04:57,4,+37.1,+23.3,+15.8,+16.3,+32.4,+37.7,+16.2,+16.5,+16.8,+16.8,+17.0,+16.7,+17.1
2022-12-28 05:57,4,+37.0,+23.3,+15.8,+16.3,+32.4,+37.7,+16.1,+16.5,+16.8,+16.8,+17.0,+16.7,+17.1
2022-12-28 06:57,4,+37.0,+23.3,+15.8,+16.3,+32.4,+37.7,+16.0,+16.5,+16.8,+16.8,+17.0,+16.7,+17.0
2022-12-28 07:57,4,+37.0,+23.3,+15.8,+16.3,+32.4,+37.7,+16.0,+16.3,+16.8,+16.8,+17.0,+16.7,+17.0
2022-12-28 08:57,4,+37.0,+23.3,+15.8,+16.3,+32.4,+37.7,+16.1,+16.3,+16.8,+16.8,+17.0,+16.7,+17.1
2022-12-28 09:57,4,+36.9,+23.3,+15.8,+16.3,+32.4,+37.7,+16.1,+16.2,+16.8,+16.8,+17.0,+16.7,+17.1
2022-12-28 10:57,4,+36.9,+23.2,+15.8,+16.3,+32.4,+37.7,+16.2,+16.3,+16.7,+16.8,+17.0,+16.7,+17.0
2022-12-28 11:57,4,+36.8,+23.2,+15.8,+16.3,+32.4,+37.7,+16.3,+16.3,+16.7,+16.8,+17.0,+16.7,+17.0
2022-12-28 12:57,4,+36.8,+23.2,+15.8,+16.3,+32.4,+37.7,+16.5,+16.3,+16.8,+16.8,+17.0,+16.7,+17.1
2022-12-28 13:57,4,+36.7,+23.2,+15.8,+16.3,+32.4,+37.7,+16.6,+16.3,+16.7,+16.8,+17.0,+16.7,+17.0
2022-12-28 14:57,4,+36.7,+23.2,+15.8,+16.3,+32.4,+37.7,+16.6,+16.5,+16.7,+16.8,+17.0,+16.7,+17.0
2022-12-28 15:57,4,+36.6,+23.2,+15.8,+16.3,+32.4,+37.7,+16.7,+16.5,+16.7,+16.7,+17.0,+16.7,+17.1
2022-12-28 16:57,4,+36.6,+23.2,+15.8,+16.3,+32.4,+37.7,+16.7,+16.5,+16.7,+16.8,+17.0,+16.7,+17.1
2022-12-28 17:57,4,+36.6,+23.2,+15.8,+16.3,+32.4,+37.7,+16.7,+16.6,+16.7,+16.7,+17.0,+16.7,+17.0
2022-12-28 18:57,4,+36.6,+23.2,+15.8,+16.3,+32.4,+37.7,+16.7,+16.6,+16.8,+16.8,+17.0,+16.7,+17.1
2022-12-28 19:57,4,+36.8,+23.2,+15.8,+16.3,+32.4,+37.7,+16.7,+16.6,+16.8,+16.7,+17.0,+16.7,+17.1
2022-12-28 20:57,4,+36.8,+23.2,+15.8,+16.3,+32.4,+37.7,+16.7,+16.6,+16.8,+16.8,+17.0,+16.7,+17.0
2022-12-28 21:57,4,+36.8,+23.2,+15.8,+16.3,+32.4,+37.7,+16.7,+16.6,+16.8,+16.8,+17.0,+16.7,+17.1
2022-12-28 22:57,4,+36.8,+23.2,+15.8,+16.3,+32.4,+37.7,+16.6,+16.6,+16.8,+16.8,+17.0,+16.7,+17.1
2022-12-28 23:57,4,+36.8,+23.2,+15.8,+16.3,+32.4,+37.7,+16.6,+16.6,+16.8,+16.8,+17.0,+16.7,+17.0
2022-12-29 00:57,4,+36.7,+23.2,+15.8,+16.3,+32.4,+37.7,+16.5,+16.6,+16.8,+16.8,+17.0,+16.7,+17.1
2022-12-29 01:57,4,+36.7,+23.2,+15.8,+16.3,+32.4,+37.7,+16.5,+16.6,+16.8,+16.8,+17.0,+16.7,+17.1
2022-12-29 02:57,4,+36.7,+23.2,+15.8,+16.3,+32.4,+37.7,+16.5,+16.6,+16.8,+16.8,+17.0,+16.7,+17.1
2022-12-29 03:57,4,+36.7,+23.2,+15.8,+16.3,+32.4,+37.7,+16.5,+16.6,+16.8,+16.8,+17.0,+16.7,+17.1
2022-12-29 04:57,4,+36.7,+23.2,+15.8,+16.3,+32.4,+37.7,+16.3,+16.6,+16.8,+16.8,+17.0,+16.7,+17.0
2022-12-29 05:57,4,+36.7,+23.2,+15.8,+16.3,+32.4,+37.7,+16.3,+16.5,+16.8,+16.8,+17.0,+16.7,+17.1
2022-12-29 06:57,4,+36.7,+23.2,+15.8,+16.3,+32.4,+37.7,+16.3,+16.6,+16.8,+16.8,+17.0,+16.7,+17.0
2022-12-29 07:57,4,+36.5,+23.2,+15.8,+16.3,+32.4,+37.7,+16.2,+16.5,+16.8,+16.7,+17.0,+16.7,+17.0
2022-12-29 08:57,4,+36.4,+23.1,+15.8,+16.3,+32.4,+37.7,+16.2,+16.5,+16.8,+16.8,+17.0,+16.7,+17.1
2022-12-29 09:57,4,+36.3,+23.1,+15.8,+16.3,+32.4,+37.7,+16.3,+16.5,+16.8,+16.8,+17.0,+16.7,+17.1
2022-12-29 10:57,4,+36.2,+23.1,+15.8,+16.3,+32.4,+37.7,+16.5,+16.5,+16.8,+16.8,+17.0,+16.7,+17.0
2022-12-29 11:57,4,+36.1,+23.1,+15.8,+16.3,+32.4,+37.7,+16.6,+16.5,+16.8,+16.8,+17.0,+16.7,+17.1
2022-12-29 12:57,4,+36.1,+23.1,+15.8,+16.3,+32.4,+37.7,+16.8,+16.5,+16.8,+16.8,+17.0,+16.7,+17.0
2022-12-29 13:57,4,+36.1,+23.1,+15.8,+16.2,+32.4,+37.7,+17.0,+16.6,+16.8,+16.8,+17.0,+16.7,+17.1
2022-12-29 14:57,4,+36.0,+23.1,+15.8,+16.2,+32.2,+37.7,+17.1,+16.6,+16.8,+16.8,+17.0,+16.7,+17.1
2022-12-29 15:57,4,+36.0,+23.1,+15.8,+16.2,+32.2,+37.7,+17.2,+16.6,+16.8,+16.8,+17.0,+16.7,+17.0
2022-12-29 16:57,4,+36.0,+23.1,+15.8,+16.2,+32.4,+37.7,+17.2,+16.7,+16.8,+16.8,+17.0,+16.7,+17.1
2022-12-29 17:57,4,+36.0,+23.1,+15.8,+16.2,+32.2,+37.7,+17.2,+16.7,+16.8,+16.8,+17.0,+16.7,+17.0
2022-12-29 18:57,4,+36.0,+23.1,+15.8,+16.2,+32.2,+37.7,+17.1,+16.8,+16.8,+16.8,+17.0,+16.7,+17.1
2022-12-29 19:57,4,+36.0,+23.1,+15.8,+16.2,+32.2,+37.7,+17.1,+16.8,+17.0,+16.8,+17.0,+16.7,+17.1
2022-12-29 20:57,4,+36.0,+23.1,+15.8,+16.2,+32.2,+37.7,+17.0,+16.8,+17.0,+16.8,+17.0,+16.7,+17.0
2022-12-29 21:57,4,+36.0,+23.1,+15.8,+16.2,+32.2,+37.7,+16.8,+16.8,+17.0,+16.8,+17.0,+16.7,+17.1
2022-12-29 22:57,4,+36.0,+23.1,+15.8,+16.2,+32.2,+37.7,+16.8,+16.8,+17.0,+16.8,+17.0,+16.7,+17.1
2022-12-29 23:57,4,+35.9,+23.1,+15.8,+16.2,+32.2,+37.7,+16.8,+16.8,+17.0,+16.8,+17.0,+16.7,+17.1
2022-12-30 00:57,4,+35.9,+23.1,+15.8,+16.2,+32.2,+37.7,+16.7,+16.8,+17.0,+16.8,+17.0,+16.7,+17.1
2022-12-30 01:57,4,+35.9,+23.1,+15.8,+16.2,+32.2,+37.7,+16.7,+16.8,+17.0,+16.8,+17.0,+16.7,+17.1
2022-12-30 02:57,4,+35.9,+23.1,+15.8,+16.2,+32.2,+37.7,+16.6,+16.7,+17.0,+16.8,+17.0,+16.7,+17.1
2022-12-30 03:57,4,+35.9,+23.1,+15.8,+16.2,+32.2,+37.7,+16.7,+16.7,+17.0,+17.0,+17.0,+16.7,+17.0
2022-12-30 04:57,4,+35.9,+23.1,+15.8,+16.2,+32.2,+37.7,+16.6,+16.7,+17.0,+16.8,+17.0,+16.7,+17.0
2022-12-30 05:57,4,+35.9,+23.1,+15.8,+16.2,+32.2,+37.7,+16.6,+16.8,+17.0,+16.8,+17.0,+16.7,+17.0
2022-12-30 06:57,4,+35.9,+23.1,+15.8,+16.2,+32.2,+37.7,+16.6,+16.7,+17.1,+17.0,+17.0,+16.7,+17.1
2022-12-30 07:57,4,+35.9,+23.1,+15.8,+16.2,+32.2,+37.7,+16.5,+16.7,+17.1,+17.0,+17.0,+16.7,+17.0
2022-12-30 08:57,4,+35.8,+23.1,+15.8,+16.2,+32.2,+37.7,+16.5,+16.7,+17.0,+16.8,+17.0,+16.7,+17.1
2022-12-30 09:57,4,+35.8,+23.1,+15.8,+16.2,+32.2,+37.7,+16.6,+16.7,+17.0,+16.8,+17.0,+16.7,+17.0
2022-12-30 10:57,4,+35.8,+23.0,+15.8,+16.2,+32.2,+37.7,+16.7,+16.7,+17.0,+17.0,+17.0,+16.7,+17.1
2022-12-30 11:57,4,+35.7,+23.0,+15.8,+16.2,+32.2,+37.7,+16.8,+16.7,+17.0,+17.0,+17.0,+16.7,+17.1
2022-12-30 12:57,4,+35.7,+23.0,+15.8,+16.2,+32.2,+37.7,+17.0,+16.7,+17.0,+16.8,+17.0,+16.7,+17.0
2022-12-30 13:57,4,+35.7,+23.0,+15.8,+16.2,+32.2,+37.7,+17.2,+16.7,+17.0,+17.0,+17.0,+16.7,+17.1
2022-12-30 14:57,4,+35.7,+23.0,+15.8,+16.2,+32.2,+37.7,+17.2,+16.8,+17.0,+16.8,+17.0,+16.7,+17.1
2022-12-30 15:57,4,+35.6,+23.0,+15.8,+16.2,+32.2,+37.7,+17.3,+16.8,+17.0,+17.0,+17.0,+16.7,+17.1
2022-12-30 16:57,4,+35.6,+23.0,+15.8,+16.2,+32.2,+37.7,+17.3,+16.8,+17.0,+16.8,+17.0,+16.7,+17.1
2022-12-30 17:57,4,+35.6,+23.0,+15.8,+16.2,+32.2,+37.7,+17.2,+17.0,+17.0,+17.0,+17.1,+16.7,+17.0
2022-12-30 18:57,4,+35.6,+23.0,+15.8,+16.2,+32.2,+37.7,+17.2,+17.0,+17.1,+17.0,+17.0,+16.7,+17.1
2022-12-30 19:57,4,+35.5,+23.0,+15.8,+16.2,+32.2,+37.7,+17.2,+17.0,+17.1,+17.0,+17.0,+16.7,+17.1
2022-12-30 20:57,4,+35.5,+23.0,+15.8,+16.2,+32.2,+37.7,+17.2,+17.0,+17.1,+17.0,+17.0,+16.7,+17.1
2022-12-30 21:57,4,+35.5,+23.0,+15.8,+16.2,+32.2,+37.7,+17.1,+17.0,+17.1,+17.0,+17.1,+16.7,+17.0
2022-12-30 22:57,4,+35.5,+23.0,+15.8,+16.2,+32.2,+37.7,+17.1,+17.0,+17.1,+17.0,+17.1,+16.7,+17.1
2022-12-30 23:57,4,+35.5,+23.0,+15.8,+16.2,+32.2,+37.7,+17.0,+17.0,+17.1,+17.0,+17.0,+16.7,+17.0
2022-12-31 00:57,4,+35.4,+23.0,+15.8,+16.2,+32.2,+37.7,+16.7,+17.0,+17.1,+17.0,+17.0,+16.7,+17.1
2022-12-31 01:57,4,+35.4,+23.0,+15.8,+16.2,+32.2,+37.7,+16.7,+17.0,+17.1,+17.0,+17.1,+16.7,+17.1
2022-12-31 02:57,4,+35.3,+23.0,+15.8,+16.2,+32.2,+37.7,+16.5,+16.8,+17.1,+17.0,+17.0,+16.7,+17.0
2022-12-31 03:57,4,+35.3,+23.0,+15.8,+16.2,+32.2,+37.7,+16.2,+16.8,+17.1,+17.0,+17.1,+16.7,+17.0
2022-12-31 04:57,4,+35.3,+23.0,+15.8,+16.2,+32.2,+37.7,+16.1,+16.7,+17.1,+17.0,+17.1,+16.7,+17.0
2022-12-31 05:57,4,+35.2,+23.0,+15.8,+16.2,+32.2,+37.7,+16.0,+16.7,+17.1,+17.0,+17.1,+16.7,+17.1
2022-12-31 06:57,4,+35.2,+22.9,+15.8,+16.2,+32.2,+37.7,+15.8,+16.6,+17.1,+17.0,+17.0,+16.7,+17.1
2022-12-31 07:57,4,+35.1,+22.9,+15.8,+16.2,+32.2,+37.7,+15.7,+16.5,+17.1,+17.0,+17.1,+16.7,+17.1
2022-12-31 08:57,4,+35.1,+22.9,+15.8,+16.2,+32.2,+37.7,+15.8,+16.5,+17.1,+17.0,+17.1,+16.7,+17.1
2022-12-31 09:57,4,+35.0,+22.9,+15.8,+16.2,+32.2,+37.7,+16.0,+16.3,+17.0,+17.0,+17.1,+16.7,+17.1
2022-12-31 10:57,4,+35.0,+22.9,+15.8,+16.2,+32.2,+37.7,+16.1,+16.3,+17.0,+17.0,+17.1,+16.7,+17.1
2022-12-31 11:57,4,+34.9,+22.9,+15.8,+16.2,+32.2,+37.9,+16.3,+16.3,+17.0,+17.0,+17.1,+16.7,+17.1
2022-12-31 12:57,4,+34.8,+22.9,+15.8,+16.2,+32.2,+38.0,+16.6,+16.5,+17.0,+17.0,+17.1,+16.7,+17.1
2022-12-31 13:57,4,+34.8,+22.8,+15.8,+16.2,+32.2,+38.0,+16.8,+16.5,+16.8,+17.0,+17.0,+17.0,+17.0
2022-12-31 14:57,4,+34.7,+22.8,+15.8,+16.2,+32.2,+38.2,+17.1,+16.6,+16.8,+17.0,+17.1,+16.7,+17.1
2022-12-31 15:57,4,+34.7,+22.8,+15.8,+16.2,+32.2,+38.4,+17.2,+16.6,+16.8,+17.0,+17.1,+16.7,+17.1
2022-12-31 16:57,4,+34.7,+22.8,+15.8,+16.2,+32.4,+38.5,+17.3,+16.7,+16.8,+17.0,+17.1,+16.7,+17.1
2022-12-31 17:57,4,+34.7,+22.8,+15.8,+16.2,+32.5,+38.5,+17.2,+16.8,+17.0,+17.0,+17.1,+16.7,+17.1
2022-12-31 18:57,4,+34.7,+22.8,+15.8,+16.2,+32.5,+38.5,+17.3,+16.8,+17.0,+16.8,+17.1,+16.7,+17.0
2022-12-31 19:57,4,+34.7,+22.8,+15.8,+16.2,+32.5,+38.7,+17.2,+17.0,+17.0,+17.0,+17.1,+16.7,+17.1
2022-12-31 20:57,4,+34.6,+22.8,+15.8,+16.2,+32.5,+38.7,+17.2,+16.8,+17.0,+17.0,+17.1,+16.7,+17.1
2022-12-31 21:57,4,+34.6,+22.8,+15.8,+16.2,+32.5,+38.9,+17.1,+17.0,+17.0,+17.0,+17.1,+16.7,+17.1
2022-12-31 22:57,4,+34.6,+22.8,+15.8,+16.2,+32.5,+39.0,+17.1,+17.0,+17.1,+17.0,+17.0,+16.7,+17.1
2022-12-31 23:57,4,+34.6,+22.8,+15.8,+16.2,+32.5,+39.0,+17.0,+17.0,+17.0,+17.0,+17.1,+16.7,+17.1
2023-01-01 00:57,4,+34.6,+22.8,+15.8,+16.2,+32.5,+39.0,+17.0,+17.0,+17.1,+17.0,+17.0,+16.7,+17.0
2023-01-01 01:57,4,+34.6,+22.8,+15.8,+16.2,+32.5,+39.0,+17.0,+17.0,+17.1,+17.0,+17.1,+16.7,+17.1
2023-01-01 02:57,4,+34.6,+22.8,+15.8,+16.2,+32.5,+39.2,+16.8,+17.0,+17.1,+17.0,+17.1,+16.7,+17.1
2023-01-01 03:57,4,+34.6,+22.8,+15.8,+16.2,+32.5,+39.2,+16.8,+16.8,+17.1,+17.0,+17.1,+16.7,+17.1
2023-01-01 04:57,4,+34.6,+22.8,+15.8,+16.2,+32.5,+39.2,+16.7,+16.8,+17.1,+17.0,+17.1,+16.7,+17.1
2023-01-01 05:57,4,+34.6,+22.8,+15.8,+16.2,+32.5,+39.2,+16.7,+17.0,+17.1,+17.0,+17.1,+16.7,+17.1
2023-01-01 06:57,4,+34.6,+22.8,+15.8,+16.2,+32.5,+39.2,+16.7,+16.8,+17.1,+17.0,+17.0,+16.7,+17.1
2023-01-01 07:57,4,+34.6,+22.8,+15.8,+16.2,+32.5,+39.4,+16.7,+16.8,+17.1,+17.0,+17.1,+16.7,+17.1
2023-01-01 08:57,4,+34.6,+22.8,+15.8,+16.2,+32.5,+39.4,+16.7,+16.8,+17.1,+17.0,+17.1,+16.7,+17.1
2023-01-01 09:57,4,+34.5,+22.8,+15.8,+16.2,+32.5,+39.4,+16.7,+16.8,+17.1,+17.0,+17.1,+16.7,+17.1
2023-01-01 10:57,4,+34.5,+22.8,+15.8,+16.2,+32.5,+39.4,+16.8,+16.8,+17.1,+17.0,+17.1,+16.7,+17.1
2023-01-01 11:57,4,+34.5,+22.8,+15.8,+16.2,+32.5,+39.4,+17.0,+16.8,+17.1,+17.0,+17.1,+17.0,+17.1
2023-01-01 12:57,4,+34.5,+22.8,+15.8,+16.2,+32.5,+39.4,+17.2,+16.8,+17.1,+17.0,+17.1,+16.7,+17.1
2023-01-01 13:57,4,+34.4,+22.8,+15.8,+16.2,+32.5,+39.4,+17.3,+17.0,+17.1,+17.0,+17.1,+16.7,+17.1
2023-01-01 14:57,4,+34.4,+22.8,+15.8,+16.2,+32.5,+39.4,+17.3,+17.0,+17.1,+17.1,+17.1,+16.7,+17.1
2023-01-01 15:57,4,+34.4,+22.8,+15.8,+16.2,+32.5,+39.4,+17.3,+17.0,+17.1,+17.1,+17.1,+17.0,+17.1
2023-01-01 16:57,4,+34.4,+22.7,+15.8,+16.2,+32.5,+39.4,+17.5,+17.1,+17.1,+17.0,+17.1,+17.0,+17.0
2023-01-01 17:57,4,+34.3,+22.7,+15.8,+16.2,+32.5,+39.5,+17.5,+17.1,+17.1,+17.1,+17.1,+17.0,+17.1
2023-01-01 18:57,4,+34.3,+22.8,+15.8,+16.2,+32.5,+39.5,+17.3,+17.1,+17.2,+17.1,+17.1,+16.7,+17.1
2023-01-01 19:57,4,+34.3,+22.7,+15.8,+16.2,+32.5,+39.5,+17.3,+17.1,+17.2,+17.1,+17.1,+17.0,+17.1
2023-01-01 20:57,4,+34.3,+22.7,+15.8,+16.2,+32.5,+39.5,+17.3,+17.1,+17.2,+17.1,+17.1,+16.7,+17.1
2023-01-01 21:57,4,+34.3,+22.7,+15.8,+16.2,+32.5,+39.5,+17.2,+17.1,+17.2,+17.1,+17.1,+17.0,+17.1
2023-01-01 22:57,4,+34.3,+22.7,+15.8,+16.2,+32.5,+39.5,+17.2,+17.2,+17.2,+17.1,+17.1,+16.7,+17.1
2023-01-01 23:57,4,+34.2,+22.7,+15.8,+16.2,+32.5,+39.5,+17.1,+17.1,+17.2,+17.0,+17.1,+16.7,+17.1
2023-01-02 00:57,4,+34.2,+22.7,+15.6,+16.2,+32.5,+39.5,+17.1,+17.1,+17.2,+17.1,+17.1,+16.7,+17.1
2023-01-02 01:57,4,+34.2,+22.7,+15.6,+16.2,+32.5,+39.5,+17.1,+17.1,+17.2,+17.1,+17.1,+16.7,+17.1
2023-01-02 02:57,4,+34.2,+22.7,+15.6,+16.2,+32.5,+39.5,+17.0,+17.1,+17.2,+17.1,+17.1,+16.7,+17.1
2023-01-02 03:57,4,+34.2,+22.7,+15.6,+16.2,+32.5,+39.5,+17.0,+17.1,+17.2,+17.1,+17.1,+17.0,+17.1
2023-01-02 04:57,4,+34.1,+22.7,+15.6,+16.2,+32.5,+39.5,+16.8,+17.0,+17.3,+17.1,+17.1,+17.0,+17.1
2023-01-02 05:57,4,+34.1,+22.7,+15.6,+16.2,+32.5,+39.5,+16.8,+17.0,+17.2,+17.1,+17.1,+17.0,+17.1
2023-01-02 06:57,4,+34.1,+22.7,+15.6,+16.2,+32.5,+39.5,+16.8,+17.0,+17.2,+17.1,+17.1,+17.0,+17.1
2023-01-02 07:57,4,+34.1,+22.7,+15.6,+16.2,+32.5,+39.5,+16.8,+17.0,+17.2,+17.1,+17.1,+17.0,+17.1
2023-01-02 08:57,4,+34.1,+22.7,+15.8,+16.2,+32.5,+39.5,+16.8,+17.0,+17.2,+17.1,+17.1,+17.0,+17.1
2023-01-02 09:57,4,+34.1,+22.7,+15.6,+16.2,+32.5,+39.5,+16.8,+17.0,+17.2,+17.1,+17.1,+17.0,+17.1
2023-01-02 10:57,4,+34.1,+22.7,+15.6,+16.2,+32.5,+39.5,+17.0,+17.0,+17.2,+17.1,+17.1,+16.7,+17.1
2023-01-02 11:57,4,+34.3,+22.7,+15.6,+16.2,+32.5,+39.5,+17.0,+17.0,+17.2,+17.1,+17.1,+16.7,+17.1
2023-01-02 12:57,4,+34.3,+22.7,+15.6,+16.2,+32.5,+39.5,+17.1,+17.0,+17.2,+17.1,+17.1,+17.0,+17.1
2023-01-02 13:57,4,+34.3,+22.7,+15.6,+16.2,+32.5,+39.5,+17.1,+17.0,+17.2,+17.1,+17.2,+17.0,+17.1
2023-01-02 14:57,4,+34.3,+22.7,+15.6,+16.2,+32.5,+39.5,+17.1,+17.0,+17.2,+17.1,+17.1,+17.0,+17.1
2023-01-02 15:57,4,+34.3,+22.7,+15.6,+16.2,+32.5,+39.5,+17.1,+17.0,+17.2,+17.1,+17.2,+16.7,+17.1
2023-01-02 16:57,4,+34.3,+22.7,+15.6,+16.2,+32.5,+39.5,+17.1,+17.0,+17.2,+17.1,+17.2,+17.0,+17.1
2023-01-02 17:57,4,+34.3,+22.7,+15.6,+16.2,+32.5,+39.5,+17.1,+17.0,+17.2,+17.1,+17.2,+17.0,+17.1
2023-01-02 18:57,4,+34.3,+22.7,+15.6,+16.2,+32.5,+39.5,+17.0,+17.0,+17.2,+17.1,+17.2,+17.0,+17.1
2023-01-02 19:57,4,+34.3,+22.7,+15.6,+16.2,+32.5,+39.5,+17.0,+17.0,+17.2,+17.2,+17.1,+17.0,+17.1
2023-01-02 20:57,4,+34.3,+22.7,+15.6,+16.2,+32.5,+39.5,+16.8,+17.0,+17.2,+17.1,+17.2,+17.0,+17.1
2023-01-02 21:57,4,+34.3,+22.7,+15.6,+16.2,+32.5,+39.5,+16.8,+17.0,+17.2,+17.2,+17.2,+17.0,+17.1
2023-01-02 22:57,4,+34.3,+22.7,+15.6,+16.2,+32.5,+39.5,+16.7,+17.0,+17.2,+17.1,+17.2,+17.0,+17.1
2023-01-02 23:57,4,+34.3,+22.6,+15.6,+16.2,+32.5,+39.5,+16.7,+17.0,+17.2,+17.1,+17.2,+17.0,+17.1
2023-01-03 00:57,4,+34.3,+22.6,+15.6,+16.2,+32.5,+39.5,+16.7,+17.0,+17.2,+17.2,+17.1,+17.0,+17.1
2023-01-03 01:57,4,+34.3,+22.6,+15.6,+16.2,+32.5,+39.5,+16.6,+17.0,+17.2,+17.2,+17.2,+17.0,+17.2
2023-01-03 02:57,4,+34.3,+22.6,+15.6,+16.2,+32.5,+39.5,+16.6,+17.0,+17.2,+17.1,+17.2,+17.0,+17.1
2023-01-03 03:57,4,+34.3,+22.6,+15.6,+16.2,+32.5,+39.5,+16.5,+16.8,+17.2,+17.2,+17.2,+17.0,+17.1
2023-01-03 04:57,4,+34.2,+22.6,+15.6,+16.2,+32.5,+39.5,+16.3,+16.7,+17.2,+17.2,+17.2,+17.0,+17.1
2023-01-03 05:57,4,+34.2,+22.6,+15.6,+16.2,+32.5,+39.5,+16.2,+16.7,+17.2,+17.1,+17.2,+17.0,+17.1
2023-01-03 06:57,4,+34.2,+22.6,+15.6,+16.2,+32.5,+39.5,+16.1,+16.7,+17.2,+17.2,+17.2,+17.0,+17.1
2023-01-03 07:57,4,+34.2,+22.6,+15.6,+16.2,+32.5,+39.5,+16.0,+16.6,+17.2,+17.1,+17.1,+17.0,+17.1
2023-01-03 08:57,4,+34.1,+22.6,+15.6,+16.2,+32.5,+39.5,+16.0,+16.6,+17.1,+17.1,+17.2,+17.0,+17.2
2023-01-03 09:57,4,+34.0,+22.6,+15.6,+16.2,+32.5,+39.5,+16.0,+16.6,+17.1,+17.1,+17.2,+17.0,+17.2
2023-01-03 10:57,4,+34.0,+22.6,+15.6,+16.2,+32.5,+39.4,+16.1,+16.5,+17.1,+17.1,+17.2,+17.0,+17.1
2023-01-03 11:57,4,+33.9,+22.5,+15.6,+16.2,+32.5,+39.4,+16.2,+16.5,+17.1,+17.2,+17.2,+17.0,+17.1
2023-01-03 12:57,4,+33.8,+22.5,+15.6,+16.2,+32.5,+39.4,+16.3,+16.5,+17.1,+17.1,+17.2,+17.0,+17.1
2023-01-03 13:57,4,+33.8,+22.5,+15.6,+16.2,+32.5,+39.4,+16.5,+16.5,+17.1,+17.1,+17.2,+17.0,+17.1
2023-01-03 14:57,4,+33.7,+22.5,+15.6,+16.2,+32.5,+39.4,+16.6,+16.5,+17.0,+17.1,+17.2,+17.0,+17.1
2023-01-03 15:57,4,+33.7,+22.5,+15.6,+16.2,+32.5,+39.4,+16.6,+16.6,+17.1,+17.1,+17.2,+17.0,+17.1
2023-01-03 16:57,4,+33.6,+22.5,+15.6,+16.2,+32.5,+39.4,+16.7,+16.6,+17.0,+17.1,+17.1,+17.0,+17.1
2023-01-03 17:57,4,+33.6,+22.5,+15.6,+16.2,+32.5,+39.4,+16.6,+16.6,+17.0,+17.1,+17.2,+17.0,+17.2
2023-01-03 18:57,4,+33.6,+22.5,+15.6,+16.2,+32.5,+39.4,+16.6,+16.6,+17.0,+17.0,+17.2,+17.0,+17.1
2023-01-03 19:57,4,+33.6,+22.5,+15.6,+16.2,+32.5,+39.4,+16.6,+16.6,+17.0,+17.1,+17.2,+17.0,+17.1
2023-01-03 20:57,4,+33.6,+22.5,+15.6,+16.2,+32.5,+39.4,+16.5,+16.6,+17.0,+17.1,+17.2,+17.0,+17.2
2023-01-03 21:57,4,+33.5,+22.4,+15.6,+16.2,+32.5,+39.4,+16.5,+16.6,+17.0,+17.1,+17.1,+17.0,+17.1
2023-01-03 22:57,4,+33.5,+22.4,+15.6,+16.2,+32.5,+39.4,+16.5,+16.6,+17.0,+17.1,+17.2,+17.0,+17.1
2023-01-03 23:57,4,+33.5,+22.4,+15.6,+16.2,+32.5,+39.4,+16.3,+16.6,+17.0,+17.1,+17.2,+17.0,+17.2
2023-01-04 00:57,4,+33.5,+22.4,+15.6,+16.2,+32.5,+39.4,+16.3,+16.6,+17.0,+17.1,+17.1,+17.0,+17.2
2023-01-04 01:57,4,+33.5,+22.4,+15.6,+16.2,+32.5,+39.4,+16.2,+16.6,+17.0,+17.1,+17.2,+17.0,+17.1
2023-01-04 02:57,4,+33.4,+22.4,+15.6,+16.2,+32.5,+39.4,+16.2,+16.5,+17.0,+17.0,+17.2,+17.0,+17.2
2023-01-04 03:57,4,+33.4,+22.4,+15.6,+16.2,+32.5,+39.4,+16.2,+16.5,+17.0,+17.1,+17.1,+17.0,+17.1
2023-01-04 04:57,4,+33.4,+22.4,+15.6,+16.2,+32.5,+39.4,+16.1,+16.5,+17.0,+17.1,+17.2,+17.0,+17.1
2023-01-04 05:57,4,+33.4,+22.4,+15.6,+16.2,+32.5,+39.4,+16.1,+16.5,+17.0,+17.1,+17.2,+17.0,+17.2
2023-01-04 06:57,4,+33.4,+22.4,+15.6,+16.2,+32.5,+39.4,+16.1,+16.5,+17.0,+17.0,+17.2,+17.0,+17.1
2023-01-04 07:57,4,+33.3,+22.4,+15.6,+16.2,+32.5,+39.4,+16.0,+16.3,+17.0,+17.0,+17.1,+17.0,+17.1
2023-01-04 08:57,4,+33.3,+22.4,+15.6,+16.2,+32.5,+39.4,+16.1,+16.3,+16.8,+17.1,+17.2,+17.0,+17.1
2023-01-04 09:57,4,+33.3,+22.4,+15.6,+16.2,+32.5,+39.4,+16.1,+16.3,+17.0,+17.1,+17.2,+17.0,+17.2
2023-01-04 10:57,4,+33.3,+22.4,+15.6,+16.2,+32.5,+39.4,+16.2,+16.3,+16.8,+17.0,+17.1,+17.0,+17.1
2023-01-04 11:57,4,+33.3,+22.3,+15.6,+16.2,+32.5,+39.4,+16.5,+16.3,+16.8,+17.0,+17.2,+17.0,+17.1
2023-01-04 12:57,4,+33.3,+22.3,+15.6,+16.2,+32.5,+39.4,+16.6,+16.5,+16.8,+17.0,+17.1,+17.0,+17.2
2023-01-04 13:57,4,+33.2,+22.3,+15.6,+16.2,+32.5,+39.4,+16.8,+16.5,+17.0,+17.0,+17.1,+17.0,+17.1
2023-01-04 14:57,4,+33.2,+22.3,+15.6,+16.2,+32.5,+39.4,+17.1,+16.5,+16.8,+17.0,+17.1,+17.0,+17.1
2023-01-04 15:57,4,+33.2,+22.3,+15.6,+16.2,+32.5,+39.4,+17.1,+16.6,+16.8,+17.0,+17.2,+17.0,+17.2
2023-01-04 16:57,4,+33.2,+22.3,+15.6,+16.2,+32.5,+39.4,+17.1,+16.6,+16.8,+17.0,+17.2,+17.0,+17.1
2023-01-04 17:57,4,+33.1,+22.3,+15.6,+16.2,+32.5,+39.4,+17.1,+16.7,+16.8,+17.0,+17.1,+17.0,+17.1
2023-01-04 18:57,4,+33.1,+22.3,+15.6,+16.2,+32.5,+39.4,+16.8,+16.7,+16.8,+17.0,+17.1,+17.0,+17.1
2023-01-04 19:57,4,+33.1,+22.3,+15.6,+16.2,+32.5,+39.4,+16.8,+16.7,+17.0,+17.0,+17.1,+17.1,+17.1
2023-01-04 20:57,4,+33.1,+22.3,+15.6,+16.2,+32.5,+39.4,+16.7,+16.8,+17.0,+17.0,+17.1,+17.0,+17.1
2023-01-04 21:57,4,+33.0,+22.3,+15.6,+16.2,+32.5,+39.4,+16.6,+16.7,+17.0,+17.0,+17.1,+17.0,+17.1
2023-01-04 22:57,4,+33.0,+22.3,+15.6,+16.2,+32.5,+39.4,+16.5,+16.7,+17.0,+17.0,+17.1,+17.0,+17.1
2023-01-04 23:57,4,+33.0,+22.3,+15.6,+16.2,+32.5,+39.4,+16.3,+16.6,+17.0,+17.0,+17.1,+17.0,+17.2
2023-01-05 00:57,4,+33.0,+22.3,+15.6,+16.2,+32.5,+39.4,+16.2,+16.7,+17.0,+17.0,+17.1,+17.0,+17.1
2023-01-05 01:57,4,+32.9,+22.3,+15.6,+16.2,+32.5,+39.4,+16.2,+16.6,+17.0,+17.0,+17.1,+17.0,+17.1
2023-01-05 02:57,4,+32.9,+22.3,+15.6,+16.2,+32.5,+39.4,+16.1,+16.5,+17.0,+17.0,+17.1,+17.0,+17.1
2023-01-05 03:57,4,+32.9,+22.3,+15.6,+16.2,+32.5,+39.4,+16.0,+16.5,+17.0,+17.0,+17.1,+17.0,+17.1
2023-01-05 04:57,4,+32.8,+22.3,+15.6,+16.2,+32.5,+39.4,+16.0,+16.5,+17.0,+17.0,+17.1,+17.0,+17.1
2023-01-05 05:57,4,+32.8,+22.2,+15.6,+16.2,+32.5,+39.4,+15.8,+16.5,+17.0,+17.0,+17.1,+17.0,+17.1
2023-01-05 06:57,4,+32.8,+22.2,+15.6,+16.2,+32.5,+39.4,+15.8,+16.5,+17.0,+17.0,+17.1,+17.0,+17.1
2023-01-05 07:57,4,+32.8,+22.2,+15.6,+16.2,+32.5,+39.4,+15.8,+16.3,+17.0,+17.0,+17.1,+17.0,+17.1
2023-01-05 08:57,4,+32.7,+22.2,+15.6,+16.2,+32.5,+39.4,+15.8,+16.2,+17.0,+17.0,+17.1,+17.0,+17.1
2023-01-05 09:57,4,+32.7,+22.2,+15.6,+16.2,+32.5,+39.4,+16.0,+16.3,+16.8,+17.0,+17.1,+17.0,+17.1