
2022-09-30 14:13,1,+37.7,+24.8,+9.1,+2.0,+25.1,+30.7,+18.5,+18.0,+18.0,+18.0,+18.0,+18.5,+18.0
2022-09-30 15:13,1,+46.4,+25.8,+9.1,+2.0,+25.1,+30.7,+18.5,+18.0,+18.0,+18.0,+18.0,+18.0,+18.0
2022-09-30 16:13,1,+41.0,+26.3,+9.3,+2.0,+25.1,+30.7,+18.5,+18.0,+18.0,+18.0,+18.0,+18.0,+18.0
2022-09-30 17:13,1,+39.5,+26.0,+9.6,+2.2,+25.1,+30.7,+18.5,+18.0,+18.0,+18.0,+18.0,+18.0,+18.0
2022-09-30 18:13,1,+39.0,+25.7,+9.6,+2.2,+25.1,+30.7,+18.5,+18.0,+18.0,+18.0,+18.0,+18.5,+18.0
2022-09-30 19:13,1,+46.8,+28.9,+9.8,+2.2,+25.1,+30.7,+18.5,+18.0,+18.0,+18.0,+18.0,+18.0,+18.0
2022-09-30 20:13,1,+42.5,+27.5,+10.3,+2.4,+25.1,+30.7,+18.5,+18.0,+18.0,+18.0,+18.0,+18.0,+18.0
2022-09-30 21:13,1,+42.4,+28.0,+10.5,+2.5,+25.2,+30.7,+18.0,+18.0,+18.0,+18.0,+18.0,+18.0,+18.0
2022-09-30 22:13,1,+40.5,+27.0,+10.3,+2.7,+25.5,+30.7,+18.0,+18.0,+18.0,+18.0,+18.0,+18.0,+18.0
2022-09-30 23:13,1,+39.9,+26.6,+10.1,+2.5,+25.7,+31.2,+18.0,+18.0,+18.0,+18.0,+18.0,+18.5,+18.0
2022-10-01 00:13,1,+39.3,+26.2,+10.1,+2.5,+26.0,+31.2,+18.0,+18.0,+18.0,+18.0,+18.0,+18.0,+18.0
2022-10-01 01:13,1,+39.5,+26.1,+10.0,+2.5,+26.0,+31.2,+17.5,+18.0,+18.0,+18.0,+18.0,+18.0,+18.0
2022-10-01 02:13,1,+39.4,+26.1,+10.0,+2.5,+26.0,+31.5,+17.5,+18.0,+18.0,+18.0,+18.0,+18.0,+18.0
2022-10-01 03:13,1,+39.0,+25.9,+9.8,+2.5,+26.0,+31.5,+17.5,+18.0,+18.0,+18.0,+18.0,+18.0,+18.0
2022-10-01 04:13,1,+38.8,+25.7,+9.8,+2.5,+25.7,+31.2,+17.5,+18.0,+18.0,+18.0,+18.0,+18.0,+18.0
2022-10-01 05:13,1,+38.6,+25.6,+9.8,+2.5,+25.7,+31.2,+17.5,+17.5,+18.0,+18.0,+18.0,+18.0,+18.0
2022-10-01 06:13,1,+38.4,+25.5,+9.8,+2.5,+25.7,+31.2,+17.5,+17.5,+18.0,+18.0,+18.0,+18.0,+18.0
2022-10-01 07:13,1,+38.3,+25.3,+9.6,+2.4,+25.7,+31.2,+17.5,+17.5,+18.0,+18.0,+18.0,+18.5,+18.0
2022-10-01 08:13,1,+38.2,+25.3,+9.6,+2.4,+25.7,+31.2,+17.5,+17.5,+18.0,+18.0,+18.0,+18.5,+18.0
2022-10-01 09:13,1,+38.2,+25.2,+9.6,+2.4,+25.7,+31.2,+17.5,+17.5,+18.0,+18.0,+18.0,+18.0,+18.0
2022-10-01 10:13,1,+38.2,+25.1,+9.6,+2.4,+25.7,+31.2,+17.5,+17.5,+18.0,+18.0,+18.0,+18.0,+18.0
2022-10-01 11:13,1,+38.1,+25.1,+9.5,+2.4,+25.7,+31.2,+18.0,+17.5,+18.0,+18.0,+18.0,+18.0,+18.0
2022-10-01 12:13,1,+38.1,+25.0,+9.5,+2.2,+25.7,+31.2,+18.0,+17.5,+18.0,+18.0,+18.0,+18.0,+18.0
2022-10-01 13:13,1,+38.1,+25.0,+9.5,+2.2,+25.6,+31.2,+18.0,+17.5,+18.0,+18.0,+18.0,+18.5,+18.0
2022-10-01 14:13,1,+38.2,+25.0,+9.5,+2.2,+25.6,+31.2,+18.0,+17.5,+18.0,+18.0,+18.0,+18.0,+18.0
2022-10-01 15:13,1,+38.3,+25.0,+9.3,+2.2,+25.6,+31.2,+18.0,+17.5,+18.0,+18.0,+18.0,+18.0,+18.0
2022-10-01 16:13,1,+38.4,+25.0,+9.3,+2.2,+25.6,+31.2,+18.0,+17.5,+18.0,+18.0,+18.0,+18.5,+18.0
2022-10-01 17:13,1,+38.5,+25.0,+9.3,+2.2,+25.5,+31.2,+18.0,+18.0,+18.0,+18.0,+18.0,+18.0,+18.0
2022-10-01 18:13,1,+38.4,+25.0,+9.3,+2.2,+25.5,+31.2,+18.0,+17.5,+18.0,+18.0,+18.0,+18.0,+18.0
2022-10-01 19:13,1,+38.4,+25.0,+9.3,+2.2,+25.5,+31.1,+18.0,+17.5,+18.0,+18.0,+18.0,+18.0,+18.0
2022-10-01 20:13,1,+38.4,+25.0,+9.3,+2.2,+25.5,+31.1,+18.0,+18.0,+18.0,+18.0,+18.0,+18.5,+18.0
2022-10-01 21:13,1,+38.5,+25.0,+9.3,+2.2,+25.5,+31.1,+18.0,+18.0,+18.0,+18.0,+18.0,+18.5,+18.0
2022-10-01 22:13,1,+38.5,+25.0,+9.3,+2.2,+25.2,+31.1,+17.5,+18.0,+18.0,+18.0,+18.0,+18.0,+18.0
2022-10-01 23:13,1,+38.5,+25.0,+9.3,+2.2,+25.2,+31.1,+17.5,+17.5,+18.0,+18.0,+18.0,+18.0,+18.0
2022-10-02 00:13,1,+38.5,+25.0,+9.3,+2.2,+25.2,+31.0,+17.5,+17.5,+18.0,+18.0,+18.0,+18.0,+18.0
2022-10-02 01:13,1,+38.4,+25.0,+9.3,+2.2,+25.2,+31.0,+17.5,+17.5,+18.0,+18.0,+18.0,+18.0,+18.0
2022-10-02 02:13,1,+38.5,+24.9,+9.3,+2.2,+25.2,+31.0,+17.5,+17.5,+18.0,+18.0,+18.0,+18.0,+18.0
2022-10-02 03:13,1,+38.4,+24.9,+9.3,+2.2,+25.2,+31.0,+17.5,+17.5,+18.0,+17.5,+18.0,+18.0,+18.0
2022-10-02 04:13,1,+38.4,+24.9,+9.3,+2.2,+25.2,+31.0,+17.5,+17.5,+18.0,+17.5,+18.0,+18.0,+18.0
2022-10-02 05:13,1,+38.5,+24.8,+9.3,+2.2,+25.2,+31.0,+17.0,+17.5,+18.0,+17.5,+18.0,+18.0,+18.0
2022-10-02 06:13,1,+38.5,+24.8,+9.3,+2.2,+25.2,+31.0,+17.0,+17.5,+18.0,+17.5,+18.0,+18.0,+18.0
2022-10-02 07:13,1,+38.5,+24.8,+9.3,+2.2,+25.2,+31.0,+17.0,+17.5,+18.0,+17.5,+18.0,+18.0,+18.0
2022-10-02 08:13,1,+38.5,+24.8,+9.3,+2.2,+25.2,+31.0,+17.0,+17.5,+18.0,+17.5,+18.0,+18.0,+18.0
2022-10-02 09:13,1,+38.5,+24.7,+9.3,+2.2,+25.2,+31.0,+17.5,+17.5,+18.0,+17.5,+18.0,+18.0,+18.0
2022-10-02 10:13,1,+38.5,+24.7,+9.3,+2.2,+25.2,+31.0,+17.5,+17.5,+17.5,+17.5,+18.0,+18.0,+18.0
2022-10-02 11:13,1,+38.5,+24.7,+9.3,+2.2,+25.2,+30.7,+17.5,+17.5,+18.0,+17.5,+18.0,+18.0,+18.0
2022-10-02 12:13,1,+38.5,+24.7,+9.1,+2.2,+25.2,+30.7,+18.0,+17.5,+17.5,+17.5,+18.0,+18.0,+18.0
2022-10-02 13:13,1,+38.6,+24.6,+9.1,+2.2,+25.2,+30.7,+18.0,+17.5,+17.5,+17.5,+18.0,+18.0,+18.0
2022-10-02 14:13,1,+38.6,+24.6,+9.1,+2.2,+25.2,+30.7,+18.5,+17.5,+17.5,+17.5,+18.0,+18.0,+18.0
2022-10-02 15:13,1,+38.8,+24.6,+9.1,+2.2,+25.2,+30.7,+18.5,+17.5,+17.5,+17.5,+18.0,+18.0,+18.0
2022-10-02 16:13,1,+38.9,+24.6,+9.1,+2.2,+25.2,+30.7,+18.5,+17.5,+17.5,+17.5,+18.0,+18.0,+18.0
2022-10-02 17:13,1,+38.9,+24.6,+9.1,+2.2,+25.2,+30.7,+18.5,+17.5,+17.5,+17.5,+18.0,+18.0,+18.0
2022-10-02 18:13,1,+38.8,+24.6,+9.1,+2.2,+25.2,+30.7,+18.0,+17.5,+18.0,+17.5,+18.0,+18.0,+18.0
2022-10-02 19:13,1,+38.8,+24.6,+9.1,+2.2,+25.2,+30.7,+18.0,+17.5,+18.0,+17.5,+18.0,+18.0,+18.0
2022-10-02 20:13,1,+38.8,+24.6,+9.1,+2.2,+25.2,+30.7,+18.0,+18.0,+17.5,+17.5,+18.0,+18.0,+18.0
2022-10-02 21:13,1,+38.8,+24.6,+9.1,+2.2,+25.2,+30.7,+18.0,+17.5,+18.0,+17.5,+18.0,+18.0,+18.0
2022-10-02 22:13,1,+38.8,+24.6,+9.1,+2.2,+25.2,+30.7,+18.0,+17.5,+18.0,+17.5,+18.0,+18.0,+18.0
2022-10-02 23:13,1,+38.8,+24.6,+9.1,+2.2,+25.2,+30.7,+18.0,+18.0,+18.0,+17.5,+18.0,+18.0,+18.0
2022-10-03 00:13,1,+38.8,+24.6,+9.1,+2.2,+25.2,+30.7,+17.5,+17.5,+18.0,+17.5,+18.0,+18.0,+18.0
2022-10-03 01:13,1,+38.8,+24.6,+9.1,+2.2,+25.2,+30.7,+17.5,+17.5,+18.0,+17.5,+18.0,+18.0,+18.0
2022-10-03 02:13,1,+38.8,+24.5,+9.1,+2.2,+25.1,+30.7,+17.5,+17.5,+18.0,+17.5,+18.0,+18.0,+18.0
2022-10-03 03:13,1,+38.7,+24.5,+9.1,+2.2,+25.1,+30.7,+17.5,+17.5,+18.0,+17.5,+18.0,+18.0,+18.0
2022-10-03 04:13,1,+38.7,+24.5,+9.1,+2.2,+25.1,+30.7,+17.5,+17.5,+18.0,+17.5,+18.0,+18.0,+18.0
2022-10-03 05:13,1,+38.7,+24.5,+9.1,+2.2,+25.1,+30.7,+17.5,+17.5,+18.0,+17.5,+18.0,+18.0,+18.0
2022-10-03 06:13,1,+38.7,+24.5,+9.1,+2.2,+25.1,+30.7,+17.5,+17.5,+18.0,+17.5,+18.0,+18.0,+18.0
2022-10-03 07:13,1,+38.7,+24.5,+9.1,+2.2,+25.1,+30.7,+17.5,+17.5,+17.5,+17.5,+18.0,+18.0,+18.0
2022-10-03 08:13,1,+38.7,+24.5,+9.1,+2.2,+25.1,+30.7,+17.5,+17.5,+18.0,+17.5,+18.0,+18.0,+18.0
2022-10-03 09:13,1,+38.7,+24.4,+9.1,+2.2,+25.1,+30.7,+17.5,+17.5,+18.0,+17.5,+18.0,+18.0,+18.0
2022-10-03 10:13,1,+38.7,+24.4,+9.1,+2.2,+25.1,+30.7,+18.0,+17.5,+18.0,+17.5,+18.0,+18.0,+18.0
2022-10-03 11:13,1,+38.8,+24.4,+9.1,+2.2,+25.1,+30.7,+18.5,+17.5,+17.5,+17.5,+18.0,+18.0,+18.0
2022-10-03 12:13,1,+38.8,+24.4,+9.1,+2.2,+25.1,+30.7,+19.0,+17.5,+17.5,+17.5,+18.0,+18.0,+18.0
2022-10-03 13:13,1,+38.8,+24.4,+9.1,+2.0,+25.1,+30.7,+19.0,+18.0,+17.5,+17.5,+18.0,+18.0,+18.0
2022-10-03 14:13,1,+38.8,+24.4,+9.0,+2.0,+25.1,+30.7,+19.0,+18.0,+17.5,+17.5,+18.0,+18.0,+18.0
2022-10-03 15:13,1,+38.8,+24.4,+9.0,+2.0,+25.1,+30.7,+19.0,+18.0,+17.5,+17.5,+18.0,+18.0,+18.0
2022-10-03 16:13,1,+38.7,+24.4,+9.0,+2.0,+25.1,+30.7,+19.0,+18.0,+18.0,+17.5,+18.0,+18.0,+18.0
2022-10-03 17:13,1,+38.7,+24.3,+9.0,+2.0,+25.1,+30.7,+19.0,+18.0,+18.0,+17.5,+18.0,+18.0,+18.0
2022-10-03 18:13,1,+38.7,+24.3,+9.0,+2.0,+25.0,+30.7,+19.0,+18.0,+18.0,+17.5,+18.0,+18.0,+18.0
2022-10-03 19:13,1,+38.7,+24.3,+9.0,+2.0,+25.0,+30.7,+19.0,+18.5,+18.0,+17.5,+18.0,+18.0,+18.0
2022-10-03 20:13,1,+38.7,+24.3,+9.0,+2.0,+25.0,+30.7,+19.0,+18.5,+18.0,+17.5,+18.0,+18.0,+18.0
2022-10-03 21:13,1,+38.7,+24.3,+9.0,+2.0,+25.0,+30.7,+19.0,+18.5,+18.0,+17.5,+18.0,+18.0,+18.0
2022-10-03 22:13,1,+38.6,+24.3,+9.0,+2.0,+25.0,+30.7,+18.5,+18.5,+18.0,+17.5,+18.0,+18.0,+18.0
2022-10-03 23:13,1,+38.6,+24.3,+9.0,+2.0,+25.0,+30.7,+18.5,+18.5,+18.0,+17.5,+18.0,+18.0,+18.0
2022-10-04 00:13,1,+38.6,+24.3,+9.0,+2.0,+25.0,+30.7,+18.5,+18.0,+18.0,+17.5,+18.0,+18.0,+18.0
2022-10-04 01:13,1,+38.6,+24.3,+9.0,+2.0,+25.0,+30.7,+18.5,+18.0,+18.0,+17.5,+18.0,+18.0,+18.0
2022-10-04 02:13,1,+38.7,+24.3,+9.0,+2.0,+25.0,+30.7,+18.5,+18.0,+18.0,+17.5,+18.0,+18.0,+18.0
2022-10-04 03:13,1,+38.7,+24.3,+9.0,+2.0,+25.0,+30.7,+18.5,+18.0,+18.0,+17.5,+18.0,+18.0,+18.0
2022-10-04 04:13,1,+38.7,+24.3,+9.0,+2.0,+25.0,+30.7,+18.5,+18.0,+18.0,+17.5,+18.0,+18.0,+18.0
2022-10-04 05:13,1,+38.7,+24.3,+9.0,+2.0,+25.0,+30.7,+18.0,+18.0,+18.0,+18.0,+18.0,+18.0,+18.0
2022-10-04 06:13,1,+38.7,+24.3,+9.0,+2.0,+25.0,+30.7,+18.0,+18.0,+18.0,+18.0,+18.0,+18.0,+18.0
2022-10-04 07:13,1,+38.7,+24.3,+9.0,+2.0,+25.0,+30.7,+18.0,+18.0,+18.0,+17.5,+18.0,+18.0,+18.0
2022-10-04 08:13,1,+38.7,+24.3,+9.0,+2.0,+25.0,+30.7,+18.0,+18.0,+18.0,+18.0,+18.0,+18.0,+18.0
2022-10-04 09:13,1,+38.7,+24.3,+9.0,+2.0,+25.0,+30.7,+18.0,+18.0,+18.0,+18.0,+18.0,+18.0,+18.0
2022-10-04 10:13,1,+38.8,+24.2,+9.0,+2.0,+25.0,+30.7,+18.5,+18.0,+18.0,+18.0,+18.0,+18.0,+18.0
2022-10-04 11:13,1,+38.8,+24.2,+9.0,+2.0,+25.0,+30.7,+19.0,+18.0,+18.0,+18.0,+18.0,+18.0,+18.0
2022-10-04 12:13,1,+38.8,+24.2,+8.8,+2.0,+25.0,+30.7,+19.5,+18.0,+18.0,+18.0,+18.0,+18.0,+18.0
2022-10-04 13:13,1,+38.8,+24.2,+8.8,+2.0,+25.0,+30.7,+19.5,+18.5,+18.0,+18.0,+18.0,+18.0,+18.0
2022-10-04 14:13,1,+38.8,+24.2,+8.8,+2.0,+25.0,+30.6,+19.5,+18.5,+18.0,+18.0,+18.0,+18.0,+18.0
2022-10-04 15:13,1,+38.8,+24.2,+8.8,+2.0,+25.0,+30.6,+19.5,+18.5,+18.0,+18.0,+18.0,+18.0,+18.0
2022-10-04 16:13,1,+38.8,+24.2,+8.8,+2.0,+25.0,+30.6,+19.5,+18.5,+18.0,+18.0,+18.0,+18.0,+18.0
2022-10-04 17:13,1,+38.8,+24.2,+8.8,+2.0,+25.0,+30.6,+19.5,+18.5,+18.0,+18.0,+18.0,+18.0,+18.0
2022-10-04 18:13,1,+38.8,+24.2,+8.8,+2.0,+25.0,+30.6,+19.5,+18.5,+18.0,+18.0,+18.0,+18.0,+18.0
2022-10-04 19:13,1,+38.8,+24.1,+8.8,+2.0,+25.0,+30.6,+19.0,+18.5,+18.0,+18.0,+18.0,+18.0,+18.0
2022-10-04 20:13,1,+38.7,+24.1,+8.8,+2.0,+25.0,+30.6,+19.0,+18.5,+18.0,+18.0,+18.0,+18.0,+18.0
2022-10-04 21:13,1,+38.7,+24.1,+8.8,+2.0,+25.0,+30.6,+19.0,+18.5,+18.0,+18.0,+18.0,+18.0,+18.0
2022-10-04 22:13,1,+38.7,+24.1,+8.8,+2.0,+25.0,+30.6,+19.0,+18.5,+18.5,+18.0,+18.0,+18.0,+18.0
2022-10-04 23:13,1,+38.7,+24.1,+8.8,+2.0,+25.0,+30.5,+19.0,+18.5,+18.5,+18.0,+18.0,+18.0,+18.0
2022-10-05 00:13,1,+38.6,+24.1,+8.8,+2.0,+24.7,+30.5,+19.0,+18.5,+18.5,+18.0,+18.0,+18.0,+18.0
2022-10-05 01:13,1,+38.6,+24.0,+8.8,+2.0,+24.7,+30.5,+19.0,+18.5,+18.5,+18.0,+18.0,+18.0,+18.0
2022-10-05 02:13,1,+38.6,+24.0,+8.8,+2.0,+24.7,+30.5,+18.5,+18.5,+18.5,+18.0,+18.0,+18.0,+18.0
2022-10-05 03:13,1,+38.7,+24.0,+8.8,+2.0,+24.7,+30.5,+18.5,+18.5,+18.5,+18.0,+18.0,+18.0,+18.0
2022-10-05 04:13,1,+38.7,+24.0,+8.8,+2.0,+24.7,+30.5,+18.5,+18.5,+18.5,+18.0,+18.0,+18.0,+18.0
2022-10-05 05:13,1,+38.8,+24.0,+8.8,+2.0,+24.7,+30.5,+18.5,+18.5,+18.5,+18.0,+18.0,+18.0,+18.0
2022-10-05 06:13,1,+38.8,+24.0,+8.8,+2.0,+24.7,+30.5,+18.5,+18.5,+18.5,+18.0,+18.0,+18.0,+18.0
2022-10-05 07:13,1,+38.9,+24.0,+8.8,+2.0,+24.7,+30.5,+18.5,+18.5,+18.5,+18.0,+18.0,+18.0,+18.0
2022-10-05 08:13,1,+39.2,+24.0,+8.8,+2.0,+24.7,+30.5,+18.5,+18.5,+18.5,+18.0,+18.0,+18.0,+18.0
2022-10-05 09:13,1,+39.3,+24.0,+8.8,+2.0,+24.7,+30.5,+18.5,+18.5,+18.5,+18.0,+18.0,+18.0,+18.0
2022-10-05 10:13,1,+39.4,+24.0,+8.8,+2.0,+24.7,+30.5,+18.5,+18.5,+18.5,+18.0,+18.0,+18.0,+18.0
2022-10-05 11:13,1,+39.9,+24.0,+8.8,+2.0,+24.7,+30.5,+18.5,+18.5,+18.5,+18.0,+18.0,+18.0,+18.0
2022-10-05 12:13,1,+40.3,+24.0,+8.8,+2.0,+24.7,+30.5,+18.5,+18.0,+18.0,+18.0,+18.0,+18.0,+18.0
2022-10-05 13:13,1,+40.3,+24.1,+8.8,+2.0,+24.7,+30.5,+18.5,+18.5,+18.5,+18.0,+18.0,+18.5,+18.0
2022-10-05 14:13,1,+40.3,+24.1,+9.0,+2.0,+24.7,+30.5,+18.5,+18.5,+18.5,+18.0,+18.0,+18.0,+18.0
2022-10-05 15:13,1,+40.3,+24.2,+9.1,+2.0,+24.7,+30.6,+19.0,+18.5,+18.0,+18.0,+18.0,+18.0,+18.0
2022-10-05 16:13,1,+40.2,+24.2,+9.1,+2.0,+24.7,+30.7,+19.0,+18.5,+18.5,+18.0,+18.0,+18.0,+18.0
2022-10-05 17:13,1,+40.2,+24.2,+9.1,+2.0,+24.7,+30.7,+19.0,+18.5,+18.0,+18.0,+18.0,+18.0,+18.0
2022-10-05 18:13,1,+40.2,+24.3,+9.1,+2.0,+24.7,+30.7,+18.5,+18.5,+18.5,+18.0,+18.0,+18.0,+18.0
2022-10-05 19:13,1,+40.2,+24.3,+9.3,+2.0,+24.7,+30.7,+18.5,+18.5,+18.5,+18.0,+18.0,+18.5,+18.0
2022-10-05 20:13,1,+40.2,+24.3,+9.3,+2.0,+24.7,+30.7,+18.5,+18.5,+18.5,+18.0,+18.0,+18.0,+18.0
2022-10-05 21:13,1,+40.2,+24.4,+9.3,+2.0,+24.7,+31.0,+18.5,+18.5,+18.5,+18.0,+18.0,+18.5,+18.0
2022-10-05 22:13,1,+40.2,+24.4,+9.3,+2.0,+24.7,+31.0,+18.5,+18.5,+18.5,+18.0,+18.0,+18.0,+18.0
2022-10-05 23:13,1,+40.1,+24.4,+9.5,+2.0,+24.7,+31.1,+18.5,+18.5,+18.5,+18.0,+18.5,+18.5,+18.0
2022-10-06 00:13,1,+40.2,+24.4,+9.5,+2.0,+24.7,+31.2,+18.5,+18.5,+18.5,+18.0,+18.5,+18.0,+18.0
2022-10-06 01:13,1,+40.1,+24.4,+9.6,+2.0,+24.7,+31.2,+18.0,+18.5,+18.5,+18.0,+18.0,+18.5,+18.0
2022-10-06 02:13,1,+40.1,+24.4,+9.6,+2.0,+24.7,+31.2,+18.0,+18.0,+18.5,+18.0,+18.5,+18.0,+18.0
2022-10-06 03:13,1,+40.1,+24.4,+9.6,+2.0,+24.7,+31.2,+18.0,+18.0,+18.5,+18.0,+18.5,+18.5,+18.0
2022-10-06 04:13,1,+40.1,+24.4,+9.6,+2.0,+24.7,+31.2,+18.0,+18.0,+18.5,+18.0,+18.5,+18.5,+18.0
2022-10-06 05:13,1,+40.0,+24.4,+9.6,+2.0,+24.7,+31.2,+18.0,+18.0,+18.5,+18.0,+18.0,+18.5,+18.0
2022-10-06 06:13,1,+40.0,+24.4,+9.6,+2.0,+24.7,+31.2,+18.0,+18.0,+18.5,+18.0,+18.5,+18.5,+18.0
2022-10-06 07:13,1,+40.0,+24.4,+9.8,+2.0,+24.7,+31.2,+18.0,+18.0,+18.5,+18.0,+18.5,+18.5,+18.0
2022-10-06 08:13,1,+40.0,+24.4,+9.8,+2.0,+24.7,+31.2,+18.0,+18.0,+18.0,+18.0,+18.0,+18.5,+18.0
2022-10-06 09:13,1,+40.0,+24.4,+9.8,+2.0,+25.0,+31.5,+18.0,+18.0,+18.0,+18.0,+18.0,+18.0,+18.0
2022-10-06 10:13,1,+40.0,+24.4,+9.8,+2.2,+25.0,+31.5,+18.0,+18.0,+18.0,+18.0,+18.5,+18.0,+18.0
2022-10-06 11:13,1,+40.0,+24.4,+9.8,+2.2,+25.0,+31.5,+18.0,+18.0,+18.0,+18.0,+18.0,+18.5,+18.0
2022-10-06 12:13,1,+40.0,+24.4,+9.8,+2.2,+25.0,+31.6,+18.0,+18.0,+18.0,+18.0,+18.0,+18.5,+18.0
2022-10-06 13:13,1,+40.0,+24.4,+9.8,+2.2,+25.0,+31.6,+18.0,+18.0,+18.0,+18.0,+18.5,+18.5,+18.0
2022-10-06 14:13,1,+40.0,+24.4,+10.0,+2.2,+25.0,+31.6,+18.0,+18.0,+18.0,+18.0,+18.5,+18.5,+18.0
2022-10-06 15:13,1,+39.9,+24.4,+10.0,+2.2,+25.0,+31.7,+18.5,+18.0,+18.0,+18.0,+18.5,+18.0,+18.0
2022-10-06 16:13,1,+39.9,+24.4,+10.0,+2.2,+25.0,+31.7,+18.5,+18.0,+18.0,+18.0,+18.5,+18.5,+18.0
2022-10-06 17:13,1,+39.9,+24.4,+10.0,+2.2,+25.0,+31.7,+18.5,+18.0,+18.0,+18.0,+18.5,+18.5,+18.0
2022-10-06 18:13,1,+39.9,+24.4,+10.1,+2.2,+25.0,+31.7,+18.5,+18.0,+18.0,+18.0,+18.0,+18.5,+18.0
2022-10-06 19:13,1,+39.8,+24.4,+10.1,+2.2,+25.0,+31.7,+18.0,+18.0,+18.0,+18.0,+18.5,+18.5,+18.0
2022-10-06 20:13,1,+39.8,+24.4,+10.1,+2.2,+25.0,+31.7,+18.0,+18.0,+18.0,+18.0,+18.0,+18.5,+18.0
2022-10-06 21:13,1,+39.8,+24.4,+10.1,+2.2,+25.0,+31.7,+18.0,+18.0,+18.0,+18.0,+18.5,+18.5,+18.0
2022-10-06 22:13,1,+39.8,+24.4,+10.1,+2.2,+25.0,+31.7,+18.0,+18.0,+18.0,+18.0,+18.5,+18.5,+18.0
2022-10-06 23:13,1,+39.7,+24.4,+10.1,+2.2,+25.0,+31.7,+18.0,+18.0,+18.0,+18.0,+18.5,+18.5,+18.0
2022-10-07 00:13,1,+39.7,+24.4,+10.1,+2.2,+25.0,+31.7,+18.0,+18.0,+18.0,+18.0,+18.0,+18.5,+18.0
2022-10-07 01:13,1,+39.7,+24.3,+10.1,+2.2,+25.0,+32.0,+18.0,+18.0,+18.0,+18.0,+18.0,+18.5,+18.0
2022-10-07 02:13,1,+39.7,+24.3,+10.1,+2.2,+25.0,+32.0,+18.0,+18.0,+18.0,+18.0,+18.5,+18.5,+18.0
2022-10-07 03:13,1,+39.7,+24.3,+10.3,+2.2,+25.0,+32.0,+18.0,+18.0,+18.0,+18.0,+18.0,+18.5,+18.0
2022-10-07 04:13,1,+39.7,+24.3,+10.3,+2.2,+25.0,+32.0,+18.0,+18.0,+18.0,+18.0,+18.0,+18.5,+18.0
2022-10-07 05:13,1,+39.7,+24.3,+10.3,+2.2,+25.0,+32.0,+18.0,+18.0,+18.0,+18.0,+18.5,+18.5,+18.0
2022-10-07 06:13,1,+39.8,+24.3,+10.3,+2.2,+25.0,+32.0,+18.0,+18.0,+18.0,+18.0,+18.0,+18.5,+18.0
2022-10-07 07:13,1,+39.8,+24.3,+10.3,+2.2,+25.0,+32.0,+18.0,+18.0,+18.0,+18.0,+18.0,+18.5,+18.0
2022-10-07 08:13,1,+39.8,+24.3,+10.3,+2.2,+25.0,+32.2,+18.0,+18.0,+18.0,+18.0,+18.0,+18.5,+18.0
2022-10-07 09:13,1,+39.8,+24.3,+10.3,+2.2,+25.0,+32.2,+18.0,+18.0,+18.0,+18.0,+18.5,+18.5,+18.0
2022-10-07 10:13,1,+39.8,+24.3,+10.3,+2.2,+25.0,+32.2,+18.0,+18.0,+18.0,+18.0,+18.0,+18.5,+18.0
2022-10-07 11:13,1,+39.8,+24.3,+10.5,+2.2,+25.0,+32.2,+18.0,+17.5,+18.0,+18.0,+18.0,+18.5,+18.0
2022-10-07 12:13,1,+40.0,+24.3,+10.5,+2.2,+25.0,+32.2,+18.0,+18.0,+18.0,+18.0,+18.0,+18.0,+18.0
2022-10-07 13:13,1,+40.3,+24.2,+10.6,+2.2,+25.0,+32.2,+18.0,+18.0,+18.0,+18.0,+18.0,+18.5,+18.0
2022-10-07 14:13,1,+40.4,+24.2,+10.6,+2.2,+25.0,+32.2,+18.0,+18.0,+18.0,+18.0,+18.0,+18.5,+18.0
2022-10-07 14:29,1,+49.0,+25.8,+10.6,+2.2,+25.0,+32.2,+18.0,+18.0,+18.0,+18.0,+18.0,+18.5,+18.0
2022-10-07 15:29,1,+45.7,+25.3,+10.6,+2.2,+25.0,+32.4,+18.0,+18.0,+18.0,+18.0,+18.0,+18.5,+18.0
2022-10-07 16:29,1,+43.8,+25.5,+10.6,+2.2,+25.0,+32.4,+18.0,+18.0,+18.0,+18.0,+18.0,+18.5,+18.0
2022-10-07 17:29,1,+42.8,+25.5,+10.8,+2.2,+25.0,+32.5,+18.0,+18.0,+18.0,+18.0,+18.0,+18.5,+18.0
2022-10-07 18:29,1,+42.4,+25.4,+10.8,+2.2,+25.0,+32.5,+18.0,+18.0,+18.0,+18.0,+18.0,+18.5,+18.0
2022-10-07 19:29,1,+42.2,+25.3,+11.0,+2.2,+25.0,+32.5,+18.0,+18.0,+18.0,+18.0,+18.0,+18.5,+18.0
2022-10-07 20:29,1,+42.4,+25.4,+11.1,+2.2,+25.0,+32.5,+18.0,+18.0,+18.0,+18.0,+18.0,+18.5,+18.0
2022-10-07 21:29,1,+42.2,+25.4,+11.1,+2.4,+25.0,+32.5,+17.5,+17.5,+18.0,+18.0,+18.0,+18.5,+18.0
2022-10-07 22:29,1,+42.0,+25.3,+11.1,+2.4,+25.0,+32.5,+17.5,+17.5,+18.0,+18.0,+18.0,+18.5,+18.0
2022-10-07 23:29,1,+41.8,+25.3,+11.3,+2.4,+25.0,+32.5,+17.5,+17.5,+18.0,+18.0,+18.0,+18.5,+18.0
2022-10-08 00:29,1,+41.7,+25.2,+11.3,+2.4,+25.0,+32.7,+17.5,+17.5,+18.0,+18.0,+18.0,+18.0,+18.0
2022-10-08 01:29,1,+41.6,+25.2,+11.3,+2.4,+25.0,+32.7,+17.5,+17.5,+18.0,+18.0,+18.0,+18.5,+18.0
2022-10-08 02:29,1,+41.6,+25.1,+11.3,+2.4,+25.0,+32.7,+17.5,+17.5,+18.0,+18.0,+18.0,+18.5,+18.0
2022-10-08 03:29,1,+41.6,+25.1,+11.3,+2.4,+25.0,+32.7,+17.5,+17.5,+18.0,+18.0,+18.0,+18.5,+18.0
2022-10-08 04:29,1,+41.6,+25.0,+11.3,+2.5,+25.1,+32.7,+17.5,+17.5,+18.0,+18.0,+18.0,+18.0,+18.0
2022-10-08 05:29,1,+41.6,+25.0,+11.3,+2.5,+25.1,+32.7,+17.5,+17.5,+18.0,+18.0,+18.0,+18.5,+18.0
2022-10-08 06:29,1,+41.5,+25.0,+11.3,+2.5,+25.1,+32.7,+17.5,+17.5,+18.0,+18.0,+18.0,+18.5,+18.0
2022-10-08 07:29,1,+41.5,+25.0,+11.3,+2.5,+25.1,+32.7,+17.5,+17.5,+18.0,+17.5,+18.0,+18.0,+18.0
2022-10-08 08:29,1,+41.5,+25.0,+11.3,+2.5,+25.1,+32.9,+17.5,+17.5,+18.0,+17.5,+18.0,+18.0,+18.0
2022-10-08 09:29,1,+41.5,+25.0,+11.3,+2.5,+25.1,+32.9,+17.5,+17.5,+18.0,+17.5,+18.0,+18.0,+18.0
2022-10-08 10:29,1,+41.5,+25.0,+11.3,+2.5,+25.1,+32.9,+17.5,+17.5,+18.0,+17.5,+18.0,+18.0,+18.0
2022-10-08 11:29,1,+41.6,+24.9,+11.3,+2.5,+25.1,+32.9,+18.0,+17.5,+18.0,+18.0,+18.0,+18.0,+18.0
2022-10-08 12:29,1,+41.6,+24.9,+11.3,+2.5,+25.2,+33.0,+18.0,+17.5,+18.0,+17.5,+18.0,+18.0,+18.0
2022-10-08 13:29,1,+41.6,+24.8,+11.3,+2.5,+25.2,+33.0,+18.0,+17.5,+18.0,+17.5,+18.0,+18.0,+18.0
2022-10-08 14:29,1,+41.6,+24.8,+11.3,+2.5,+25.2,+33.0,+18.0,+17.5,+17.5,+17.5,+18.0,+18.0,+18.0
2022-10-08 15:29,1,+41.6,+24.8,+11.3,+2.5,+25.2,+33.0,+18.0,+17.5,+18.0,+17.5,+18.0,+18.5,+18.0
2022-10-08 16:29,1,+41.6,+24.8,+11.3,+2.5,+25.2,+33.0,+18.0,+17.5,+18.0,+17.5,+18.0,+18.0,+18.0
2022-10-08 17:29,1,+41.6,+24.7,+11.3,+2.5,+25.2,+33.0,+18.0,+17.5,+18.0,+17.5,+18.0,+18.0,+18.0
2022-10-08 18:29,1,+41.6,+24.7,+11.3,+2.5,+25.2,+33.0,+18.0,+17.5,+18.0,+17.5,+18.0,+18.0,+18.0
2022-10-08 19:29,1,+41.6,+24.7,+11.3,+2.5,+25.2,+33.0,+17.5,+17.5,+18.0,+17.5,+18.0,+18.0,+18.0
2022-10-08 20:29,1,+41.6,+24.7,+11.3,+2.5,+25.2,+33.0,+17.5,+17.5,+18.0,+17.5,+18.0,+18.5,+18.0
2022-10-08 21:29,1,+41.7,+24.7,+11.3,+2.5,+25.2,+33.0,+17.5,+17.5,+18.0,+17.5,+18.0,+18.5,+18.0
2022-10-08 22:29,1,+42.4,+24.7,+11.6,+2.5,+25.2,+33.2,+17.5,+17.5,+18.0,+17.5,+18.0,+18.0,+18.0
2022-10-08 23:29,1,+51.0,+27.2,+11.6,+2.5,+25.2,+33.2,+17.0,+17.5,+18.0,+17.5,+18.0,+18.0,+18.0
2022-10-09 00:29,1,+52.9,+31.8,+12.6,+2.5,+25.2,+33.4,+17.0,+17.0,+17.0,+17.5,+18.0,+18.0,+18.0
2022-10-09 01:29,1,+47.4,+28.4,+13.3,+3.0,+25.2,+33.5,+17.0,+17.0,+17.5,+17.5,+18.0,+18.0,+18.0
2022-10-09 02:29,1,+45.3,+27.1,+13.1,+3.2,+25.6,+33.7,+17.0,+17.0,+17.5,+17.5,+18.0,+18.0,+18.0
2022-10-09 03:29,1,+44.9,+27.0,+13.1,+3.2,+26.2,+34.2,+17.0,+17.0,+17.5,+17.5,+18.0,+18.0,+18.0
2022-10-09 04:29,1,+44.8,+26.9,+13.0,+3.2,+26.6,+34.7,+17.0,+17.0,+17.5,+17.5,+18.0,+18.0,+18.0
2022-10-09 05:29,1,+47.2,+27.4,+13.1,+3.2,+26.7,+35.2,+16.5,+17.0,+17.5,+17.5,+18.0,+18.0,+18.0
2022-10-09 06:29,1,+47.1,+27.8,+13.3,+3.2,+26.7,+35.4,+16.5,+16.5,+17.5,+17.5,+18.0,+18.0,+18.0
2022-10-09 07:29,1,+45.2,+27.2,+13.3,+3.2,+27.0,+35.5,+16.5,+17.0,+17.5,+17.5,+18.0,+18.0,+18.0
2022-10-09 08:29,1,+44.2,+26.6,+13.1,+3.2,+27.0,+35.7,+16.5,+16.5,+17.0,+17.5,+18.0,+18.0,+18.0
2022-10-09 09:29,1,+43.9,+26.4,+13.0,+3.2,+26.7,+35.7,+16.5,+17.0,+17.0,+17.5,+18.0,+18.0,+18.0
2022-10-09 10:29,1,+43.5,+26.1,+12.8,+3.0,+26.7,+35.7,+16.5,+16.5,+17.0,+17.5,+18.0,+18.0,+18.0
2022-10-09 11:29,1,+43.3,+25.9,+12.8,+3.0,+26.7,+35.7,+16.5,+16.5,+17.0,+17.5,+18.0,+18.0,+18.0
2022-10-09 12:29,1,+43.1,+25.8,+12.6,+3.0,+26.7,+35.9,+16.5,+16.5,+17.0,+17.5,+18.0,+18.0,+18.0
2022-10-09 13:29,1,+43.1,+25.7,+12.6,+3.0,+26.7,+35.9,+17.0,+16.5,+17.0,+17.5,+18.0,+18.0,+18.0
2022-10-09 14:29,1,+43.1,+25.6,+12.6,+3.0,+26.7,+35.9,+17.0,+17.0,+17.0,+17.5,+18.0,+18.0,+18.0
2022-10-09 15:29,1,+43.4,+25.6,+12.6,+3.0,+26.7,+35.9,+17.0,+16.5,+17.0,+17.0,+18.0,+18.0,+18.0
2022-10-09 16:29,1,+44.3,+25.8,+12.6,+3.0,+26.6,+36.0,+17.0,+16.5,+17.0,+17.0,+18.0,+18.0,+18.0
2022-10-09 17:29,1,+43.8,+25.8,+12.6,+3.0,+26.6,+36.0,+17.0,+16.5,+17.0,+17.5,+18.0,+18.0,+18.0
2022-10-09 18:29,1,+44.4,+25.9,+12.6,+3.0,+26.6,+36.0,+17.0,+16.5,+17.0,+17.0,+18.0,+18.0,+18.0
2022-10-09 19:29,1,+44.5,+26.0,+12.8,+3.0,+26.6,+36.0,+17.0,+16.5,+17.0,+17.0,+18.0,+18.0,+18.0
2022-10-09 20:29,1,+43.9,+26.0,+12.8,+3.0,+26.6,+36.0,+17.0,+16.5,+17.0,+17.0,+18.0,+18.0,+18.0
2022-10-09 21:29,1,+43.9,+25.9,+12.8,+3.0,+26.7,+36.2,+17.0,+16.5,+17.0,+17.0,+18.0,+18.0,+18.0
2022-10-09 22:29,1,+43.9,+25.9,+12.8,+3.0,+26.7,+36.2,+17.0,+16.5,+17.0,+17.0,+18.0,+18.0,+18.0
2022-10-09 23:29,1,+44.3,+25.9,+12.8,+3.0,+26.7,+36.2,+17.0,+16.5,+17.0,+17.0,+18.0,+18.0,+18.0
2022-10-10 00:29,1,+43.8,+25.9,+12.8,+3.0,+26.7,+36.2,+17.0,+16.5,+17.0,+17.0,+18.0,+18.0,+18.0
2022-10-10 01:29,1,+43.7,+25.8,+12.8,+3.0,+26.7,+36.2,+17.0,+16.5,+17.0,+17.0,+17.5,+18.0,+18.0
2022-10-10 02:29,1,+43.5,+25.7,+12.8,+3.0,+26.7,+36.2,+17.0,+17.0,+17.0,+17.0,+17.5,+18.0,+18.0
2022-10-10 03:29,1,+43.4,+25.6,+12.8,+3.0,+26.7,+36.4,+17.0,+16.5,+17.0,+17.0,+17.5,+18.0,+18.0
2022-10-10 04:29,1,+43.3,+25.6,+12.8,+3.0,+26.7,+36.4,+17.0,+16.5,+17.0,+17.0,+17.5,+18.0,+18.0
2022-10-10 05:29,1,+43.2,+25.5,+12.8,+3.0,+26.7,+36.4,+17.0,+16.5,+17.0,+17.0,+17.5,+18.0,+18.0
2022-10-10 06:29,1,+43.2,+25.5,+12.8,+3.0,+26.7,+36.4,+17.0,+17.0,+17.0,+17.0,+17.5,+18.0,+18.0
2022-10-10 07:29,1,+43.1,+25.4,+12.8,+3.0,+26.7,+36.4,+17.0,+17.0,+17.0,+17.0,+17.5,+18.0,+18.0
2022-10-10 08:29,1,+43.1,+25.4,+12.6,+3.0,+26.7,+36.4,+17.0,+17.0,+17.0,+17.0,+17.5,+18.0,+18.0
2022-10-10 09:29,1,+43.1,+25.4,+12.6,+3.0,+26.7,+36.4,+17.0,+17.0,+17.0,+17.0,+17.5,+18.0,+18.0
2022-10-10 10:29,1,+43.1,+25.3,+12.6,+3.0,+26.7,+36.5,+17.5,+17.0,+17.0,+17.0,+17.5,+18.0,+18.0
2022-10-10 11:29,1,+43.1,+25.3,+12.6,+3.0,+26.7,+36.4,+17.5,+17.0,+17.0,+17.0,+17.5,+18.0,+18.0
2022-10-10 12:29,1,+43.2,+25.3,+12.6,+3.0,+26.7,+36.4,+18.0,+17.0,+17.0,+17.0,+17.5,+18.0,+18.0
2022-10-10 13:29,1,+43.2,+25.3,+12.6,+3.0,+26.7,+36.4,+18.0,+17.0,+17.0,+17.0,+17.5,+18.0,+18.0
2022-10-10 14:29,1,+43.2,+25.3,+12.6,+3.0,+26.7,+36.4,+18.0,+17.0,+17.0,+17.0,+17.5,+18.0,+18.0
2022-10-10 15:29,1,+43.2,+25.2,+12.6,+3.0,+26.7,+36.4,+18.0,+17.0,+17.0,+17.0,+17.5,+18.0,+18.0
2022-10-10 16:29,1,+43.2,+25.2,+12.6,+3.0,+26.7,+36.4,+18.0,+17.0,+17.0,+17.0,+17.5,+18.0,+18.0
2022-10-10 17:29,1,+43.2,+25.2,+12.6,+3.0,+26.7,+36.4,+18.0,+17.0,+17.0,+17.0,+17.5,+18.0,+18.0
2022-10-10 18:29,1,+43.2,+25.2,+12.6,+3.0,+26.7,+36.4,+18.0,+17.5,+17.0,+17.0,+17.5,+18.0,+18.0
2022-10-10 19:29,1,+43.1,+25.2,+12.6,+3.0,+26.7,+36.4,+18.0,+17.5,+17.0,+17.0,+17.5,+18.0,+18.0
2022-10-10 20:29,1,+43.1,+25.2,+12.6,+3.0,+26.7,+36.4,+18.0,+17.5,+17.0,+17.0,+17.5,+18.0,+18.0
2022-10-10 21:29,1,+43.1,+25.2,+12.6,+3.0,+26.7,+36.4,+18.0,+17.5,+17.5,+17.0,+17.5,+18.0,+18.0
2022-10-10 22:29,1,+43.1,+25.1,+12.6,+3.0,+26.7,+36.4,+18.0,+17.5,+17.5,+17.0,+17.5,+18.0,+18.0
2022-10-10 23:29,1,+43.1,+25.1,+12.6,+3.2,+26.7,+36.4,+17.5,+17.5,+17.5,+17.0,+17.5,+18.0,+18.0
2022-10-11 00:29,1,+43.0,+25.1,+12.6,+3.2,+26.7,+36.4,+17.5,+17.5,+17.5,+17.0,+17.5,+18.0,+18.0
2022-10-11 01:29,1,+43.1,+25.1,+12.6,+3.2,+26.7,+36.4,+17.5,+17.5,+17.5,+17.0,+17.5,+18.0,+18.0
2022-10-11 02:29,1,+43.1,+25.1,+12.6,+3.2,+26.7,+36.4,+17.5,+17.5,+17.5,+17.0,+17.5,+18.0,+18.0
2022-10-11 03:29,1,+43.1,+25.1,+12.6,+3.2,+26.7,+36.5,+17.5,+17.5,+17.5,+17.0,+17.5,+18.0,+18.0
2022-10-11 04:29,1,+43.1,+25.1,+12.6,+3.4,+26.7,+36.5,+17.5,+17.5,+17.5,+17.0,+17.5,+18.0,+18.0
2022-10-11 05:29,1,+43.1,+25.1,+12.6,+3.5,+26.7,+36.5,+17.5,+17.5,+17.5,+17.0,+17.5,+18.0,+18.0
2022-10-11 06:29,1,+43.1,+25.1,+12.6,+3.5,+26.7,+36.5,+17.5,+17.5,+17.5,+17.0,+17.5,+18.0,+18.0
2022-10-11 07:29,1,+43.1,+25.1,+12.6,+3.7,+26.7,+36.5,+17.5,+17.5,+17.5,+17.0,+17.5,+18.0,+18.0
2022-10-11 08:29,1,+43.1,+25.1,+12.6,+3.9,+26.7,+36.5,+17.5,+17.5,+17.5,+17.0,+17.5,+18.0,+18.0
2022-10-11 09:29,1,+43.1,+25.1,+12.6,+4.0,+26.7,+36.5,+17.5,+17.5,+17.5,+17.0,+17.5,+18.0,+18.0
2022-10-11 10:29,1,+43.2,+25.1,+12.6,+4.0,+26.7,+36.5,+18.0,+17.5,+17.5,+17.5,+17.5,+18.0,+18.0
2022-10-11 11:29,1,+43.2,+25.1,+12.6,+4.0,+26.7,+36.5,+18.5,+17.5,+17.5,+17.0,+17.5,+18.0,+18.0
2022-10-11 12:29,1,+43.2,+25.1,+12.6,+4.0,+26.7,+36.5,+18.5,+17.5,+17.5,+17.0,+17.5,+18.0,+18.0
2022-10-11 13:29,1,+43.2,+25.1,+12.6,+4.0,+26.7,+36.5,+19.0,+17.5,+17.5,+17.0,+17.5,+18.0,+18.0
2022-10-11 14:29,1,+43.2,+25.1,+12.6,+4.0,+26.7,+36.5,+19.0,+17.5,+17.5,+17.0,+17.5,+18.0,+18.0
2022-10-11 15:29,1,+43.1,+25.1,+12.6,+4.0,+26.7,+36.5,+19.0,+18.0,+17.5,+17.0,+17.5,+18.0,+18.0
2022-10-11 16:29,1,+43.1,+25.0,+12.6,+4.0,+26.7,+36.5,+19.0,+18.0,+17.5,+17.5,+17.5,+18.0,+18.0
2022-10-11 17:29,1,+44.2,+25.0,+12.3,+4.0,+27.0,+36.5,+19.0,+18.0,+17.5,+17.0,+18.0,+18.0,+18.0
2022-10-11 18:29,1,+44.3,+25.1,+12.1,+4.0,+27.2,+36.7,+19.0,+18.0,+17.5,+17.5,+17.5,+18.0,+18.0
2022-10-11 19:29,1,+44.5,+25.2,+12.1,+4.0,+27.2,+36.7,+18.5,+18.0,+17.5,+17.5,+17.5,+18.0,+18.0
2022-10-11 20:29,1,+44.8,+25.3,+12.1,+4.0,+27.6,+36.9,+18.5,+18.0,+17.5,+17.5,+17.5,+18.0,+18.0
2022-10-11 21:29,1,+44.7,+25.4,+12.0,+4.0,+27.7,+37.0,+18.5,+18.0,+17.5,+17.5,+17.5,+18.0,+18.0
2022-10-11 22:29,1,+44.5,+25.4,+12.0,+4.1,+27.7,+37.0,+18.5,+18.0,+17.5,+17.5,+17.5,+18.0,+17.5
2022-10-11 23:29,1,+44.4,+25.4,+12.0,+4.1,+27.7,+37.0,+18.5,+18.0,+17.5,+17.5,+17.5,+18.0,+18.0
2022-10-12 00:29,1,+44.1,+25.4,+12.0,+4.1,+27.7,+37.2,+18.0,+18.0,+17.5,+17.5,+17.5,+18.0,+17.5
2022-10-12 01:29,1,+43.6,+25.4,+12.0,+4.1,+27.7,+37.2,+18.0,+18.0,+18.0,+17.5,+17.5,+18.0,+17.5
2022-10-12 02:29,1,+43.4,+25.4,+12.0,+4.1,+27.7,+37.2,+18.0,+18.0,+18.0,+17.5,+17.5,+18.0,+18.0
2022-10-12 03:29,1,+43.2,+25.4,+12.0,+4.3,+27.7,+37.2,+18.0,+18.0,+18.0,+17.5,+17.5,+18.0,+18.0
2022-10-12 04:29,1,+43.1,+25.4,+12.0,+4.3,+27.7,+37.4,+18.0,+18.0,+17.5,+17.5,+17.5,+18.0,+18.0
2022-10-12 05:29,1,+43.0,+25.4,+12.0,+4.3,+27.7,+37.4,+18.0,+18.0,+18.0,+17.5,+17.5,+18.0,+18.0
2022-10-12 06:29,1,+43.0,+25.4,+12.0,+4.3,+28.0,+37.5,+18.0,+17.5,+17.5,+17.5,+17.5,+18.0,+18.0
2022-10-12 07:29,1,+42.9,+25.3,+12.0,+4.3,+28.0,+37.5,+18.0,+17.5,+18.0,+17.5,+18.0,+18.0,+18.0
2022-10-12 08:29,1,+42.9,+25.3,+12.0,+4.3,+28.0,+37.5,+18.0,+17.5,+17.5,+17.5,+17.5,+18.0,+18.0
2022-10-12 09:29,1,+42.8,+25.3,+12.0,+4.4,+28.1,+37.5,+18.0,+17.5,+18.0,+17.5,+17.5,+18.0,+17.5
2022-10-12 10:29,1,+42.8,+25.3,+11.8,+4.4,+28.1,+37.5,+18.0,+17.5,+18.0,+17.5,+18.0,+18.0,+18.0
2022-10-12 11:29,1,+42.7,+25.3,+11.8,+4.4,+28.1,+37.5,+18.0,+17.5,+18.0,+17.5,+18.0,+18.0,+17.5
2022-10-12 11:57,1,+42.7,+25.3,+11.8,+4.4,+28.1,+37.5,+18.0,+17.5,+18.0,+17.5,+18.0,+18.0,+18.0
2022-10-12 12:57,1,+42.7,+25.3,+11.8,+4.4,+28.1,+37.5,+18.5,+17.5,+17.5,+17.5,+18.0,+18.0,+18.0
2022-10-12 13:57,1,+42.7,+25.2,+11.8,+4.5,+28.2,+37.5,+18.5,+17.5,+18.0,+17.5,+17.5,+18.0,+18.0
2022-10-12 14:57,1,+42.6,+25.2,+11.8,+4.5,+28.2,+37.5,+18.5,+18.0,+17.5,+17.5,+18.0,+18.0,+17.5
2022-10-12 15:57,1,+42.6,+25.2,+11.8,+4.5,+28.2,+37.5,+18.5,+18.0,+17.5,+17.5,+18.0,+18.0,+18.0
2022-10-12 16:57,1,+42.6,+25.2,+11.8,+4.5,+28.2,+37.5,+18.5,+18.0,+17.5,+17.5,+18.0,+18.0,+18.0
2022-10-12 17:57,1,+42.6,+25.2,+11.8,+4.5,+28.2,+37.5,+18.5,+18.0,+18.0,+17.5,+18.0,+18.0,+18.0
2022-10-12 18:57,1,+42.5,+25.2,+11.8,+4.5,+28.2,+37.5,+18.5,+18.0,+17.5,+17.5,+18.0,+18.0,+18.0
2022-10-12 19:57,1,+42.5,+25.2,+11.8,+4.5,+28.2,+37.5,+18.5,+18.0,+18.0,+17.5,+17.5,+18.0,+18.0
2022-10-12 20:57,1,+42.5,+25.2,+11.8,+4.5,+28.2,+37.5,+18.5,+18.0,+18.0,+17.5,+18.0,+18.0,+18.0
2022-10-12 21:57,1,+42.4,+25.2,+11.8,+4.5,+28.2,+37.7,+18.5,+18.0,+18.0,+17.5,+18.0,+18.0,+18.0
2022-10-12 22:57,1,+42.4,+25.2,+11.8,+4.5,+28.2,+37.7,+18.5,+18.0,+18.0,+17.5,+18.0,+18.0,+18.0
2022-10-12 23:57,1,+42.4,+25.1,+11.8,+4.5,+28.2,+37.7,+18.5,+18.0,+18.0,+17.5,+18.0,+18.0,+18.0
2022-10-13 00:57,1,+42.3,+25.1,+11.8,+4.5,+28.2,+37.7,+18.5,+18.0,+18.0,+17.5,+18.0,+18.0,+18.0
2022-10-13 01:57,1,+42.3,+25.1,+11.8,+4.5,+28.2,+37.7,+18.5,+18.0,+18.0,+17.5,+18.0,+18.0,+18.0
2022-10-13 02:57,1,+42.3,+25.1,+11.6,+4.5,+28.2,+37.7,+18.0,+18.0,+18.0,+17.5,+18.0,+18.0,+18.0
2022-10-13 03:57,1,+42.3,+25.1,+11.6,+4.5,+28.2,+37.7,+18.0,+18.0,+18.0,+17.5,+18.0,+18.0,+18.0
2022-10-13 04:57,1,+42.2,+25.1,+11.6,+4.5,+28.2,+37.7,+18.0,+18.0,+18.0,+17.5,+18.0,+18.0,+18.0
2022-10-13 05:57,1,+42.2,+25.1,+11.6,+4.5,+28.2,+37.7,+18.0,+18.0,+18.0,+17.5,+18.0,+18.0,+18.0
2022-10-13 06:57,1,+42.2,+25.1,+11.6,+4.5,+28.2,+37.9,+18.0,+18.0,+18.0,+17.5,+18.0,+18.0,+18.0
2022-10-13 07:57,1,+42.2,+25.1,+11.6,+4.5,+28.5,+37.9,+18.0,+18.0,+18.0,+17.5,+18.0,+18.0,+18.0
2022-10-13 08:57,1,+42.2,+25.1,+11.6,+4.5,+28.5,+37.9,+18.0,+18.0,+18.0,+17.5,+18.0,+18.0,+18.0
2022-10-13 09:57,1,+42.2,+25.1,+11.6,+4.5,+28.5,+37.9,+18.0,+18.0,+18.0,+17.5,+18.0,+18.0,+18.0
2022-10-13 10:57,1,+42.1,+25.0,+11.6,+4.5,+28.5,+37.9,+18.5,+18.0,+18.0,+17.5,+18.0,+18.0,+18.0
2022-10-13 11:57,1,+42.1,+25.0,+11.6,+4.5,+28.5,+37.9,+18.5,+18.0,+18.0,+17.5,+18.0,+18.0,+18.0
2022-10-13 12:57,1,+42.1,+25.0,+11.6,+4.6,+28.5,+38.0,+18.5,+18.0,+18.0,+17.5,+18.0,+18.0,+18.0
2022-10-13 13:57,1,+42.1,+25.0,+11.6,+4.6,+28.5,+38.0,+18.5,+18.0,+18.0,+17.5,+18.0,+18.0,+18.0
2022-10-13 14:57,1,+42.1,+25.0,+11.6,+4.6,+28.5,+38.0,+18.5,+18.0,+18.0,+17.5,+18.0,+18.0,+18.0
2022-10-13 15:57,1,+42.2,+25.0,+11.6,+4.6,+28.6,+38.0,+18.5,+18.0,+18.0,+17.5,+18.0,+18.0,+18.0
2022-10-13 16:57,1,+43.6,+25.0,+11.6,+4.5,+28.7,+38.0,+18.5,+18.0,+18.0,+17.5,+18.0,+18.0,+18.0
2022-10-13 17:57,1,+44.2,+25.1,+11.6,+4.6,+28.7,+38.2,+18.5,+18.0,+18.0,+17.5,+18.0,+18.0,+18.0
2022-10-13 18:57,1,+44.6,+25.1,+11.6,+4.9,+28.7,+38.4,+18.5,+18.0,+18.0,+17.5,+18.0,+18.0,+18.0
2022-10-13 19:57,1,+45.4,+25.2,+11.6,+4.9,+28.7,+38.5,+18.5,+18.0,+18.0,+17.5,+18.0,+18.0,+18.0
2022-10-13 20:57,1,+45.3,+25.4,+11.6,+5.0,+28.7,+38.7,+18.5,+18.0,+18.0,+17.5,+18.0,+18.0,+18.0
2022-10-13 21:57,1,+45.2,+25.5,+11.8,+5.0,+28.7,+38.7,+18.5,+18.0,+18.0,+17.5,+18.0,+18.0,+18.0
2022-10-13 22:57,1,+45.1,+25.5,+11.8,+5.0,+28.7,+38.9,+18.5,+18.0,+18.0,+17.5,+18.0,+18.0,+18.0
2022-10-13 23:57,1,+45.1,+25.5,+11.8,+5.0,+28.7,+39.0,+18.5,+18.0,+18.0,+17.5,+18.0,+18.0,+18.0
2022-10-14 00:57,1,+44.8,+25.6,+11.8,+5.0,+28.7,+39.0,+18.5,+18.0,+18.0,+17.5,+18.0,+18.0,+18.0
2022-10-14 01:57,1,+44.9,+25.6,+11.8,+5.0,+28.7,+39.0,+18.0,+18.0,+18.0,+17.5,+18.0,+18.0,+18.0
2022-10-14 02:57,1,+44.7,+25.7,+11.8,+5.0,+29.0,+39.2,+18.0,+18.0,+18.0,+17.5,+18.0,+18.0,+18.0
2022-10-14 03:57,1,+44.5,+25.7,+12.0,+5.0,+29.0,+39.2,+18.0,+18.0,+18.0,+17.5,+18.0,+18.0,+18.0
2022-10-14 04:57,1,+44.4,+25.7,+12.0,+5.0,+29.0,+39.4,+18.0,+18.0,+18.0,+17.5,+18.0,+18.0,+18.0
2022-10-14 05:57,1,+44.0,+25.7,+12.0,+5.0,+29.0,+39.5,+18.0,+18.0,+18.0,+17.5,+18.0,+18.0,+18.0
2022-10-14 06:57,1,+43.9,+25.8,+12.1,+5.1,+29.0,+39.5,+18.0,+18.0,+18.0,+17.5,+18.0,+18.0,+18.0
2022-10-14 07:57,1,+43.8,+25.7,+12.1,+5.1,+29.0,+39.5,+18.0,+18.0,+18.0,+17.5,+18.0,+18.0,+18.0
2022-10-14 08:57,1,+43.6,+25.7,+12.1,+5.1,+29.1,+39.5,+18.0,+18.0,+18.0,+17.5,+18.0,+18.0,+18.0
2022-10-14 09:57,1,+43.7,+25.7,+12.1,+5.1,+29.1,+39.5,+18.0,+18.0,+18.0,+17.5,+18.0,+18.0,+18.0
2022-10-14 10:57,1,+43.6,+25.7,+12.1,+5.1,+29.1,+39.7,+18.0,+18.0,+18.0,+17.5,+18.0,+18.0,+18.0
2022-10-14 11:57,1,+43.5,+25.7,+12.1,+5.1,+29.1,+39.7,+18.0,+18.0,+18.0,+17.5,+18.0,+18.0,+18.0
2022-10-14 12:57,1,+43.5,+25.7,+12.1,+5.1,+29.1,+39.7,+18.0,+18.0,+18.0,+17.5,+18.0,+18.0,+18.0
2022-10-14 13:57,1,+43.5,+25.7,+12.1,+5.1,+29.1,+39.7,+18.5,+18.0,+18.0,+17.5,+18.0,+18.0,+18.0
2022-10-14 14:57,1,+43.6,+25.7,+12.1,+5.3,+29.1,+39.9,+18.5,+18.0,+18.0,+17.5,+18.0,+18.0,+18.0
2022-10-14 15:57,1,+44.8,+25.7,+12.1,+5.3,+29.1,+39.9,+18.5,+18.0,+18.0,+17.5,+18.0,+18.0,+18.0
2022-10-14 16:57,1,+46.1,+25.7,+12.3,+5.4,+29.2,+40.0,+18.5,+18.0,+18.0,+17.5,+18.0,+18.0,+18.0
2022-10-14 17:57,1,+47.1,+25.8,+12.5,+5.5,+29.2,+40.2,+18.5,+18.0,+18.0,+17.5,+18.0,+18.0,+18.0
2022-10-14 18:57,1,+47.3,+26.0,+12.5,+5.5,+29.2,+40.4,+18.5,+18.0,+18.0,+17.5,+18.0,+18.0,+18.0
2022-10-14 19:57,1,+47.9,+26.2,+12.6,+5.5,+29.2,+40.5,+18.5,+18.0,+18.0,+17.5,+18.0,+18.0,+18.0
2022-10-14 20:57,1,+48.0,+26.4,+12.6,+5.5,+29.2,+40.7,+18.0,+18.0,+18.0,+17.5,+18.0,+18.0,+18.0
2022-10-14 21:57,1,+47.8,+26.4,+12.8,+5.5,+29.2,+40.7,+18.0,+18.0,+18.0,+17.5,+18.0,+18.0,+18.0
2022-10-14 22:57,1,+47.7,+26.3,+12.8,+5.6,+29.2,+40.7,+18.0,+18.0,+18.0,+17.5,+18.0,+18.0,+18.0
2022-10-14 23:57,1,+47.5,+26.3,+13.0,+5.6,+29.2,+40.9,+18.0,+18.0,+18.0,+17.5,+18.0,+18.0,+18.0
2022-10-15 00:57,1,+46.7,+26.3,+13.0,+5.8,+29.2,+41.0,+18.0,+18.0,+18.0,+17.5,+18.0,+18.0,+18.0
2022-10-15 01:57,1,+46.4,+26.2,+13.1,+5.8,+29.2,+41.0,+18.0,+18.0,+18.0,+17.5,+18.0,+18.0,+18.0
2022-10-15 02:57,1,+46.3,+26.2,+13.1,+5.8,+29.2,+41.0,+18.0,+18.0,+18.0,+17.5,+18.0,+18.0,+18.0
2022-10-15 03:57,1,+45.9,+26.2,+13.1,+5.9,+29.5,+41.2,+18.0,+18.0,+18.0,+17.5,+18.0,+18.0,+18.0
2022-10-15 04:57,1,+45.7,+26.1,+13.1,+5.9,+29.5,+41.2,+17.5,+18.0,+18.0,+17.5,+18.0,+18.0,+18.0
2022-10-15 05:57,1,+45.5,+26.1,+13.1,+5.9,+29.5,+41.2,+17.5,+17.5,+18.0,+17.5,+18.0,+18.0,+18.0
2022-10-15 06:57,1,+45.5,+26.1,+13.1,+5.9,+29.5,+41.4,+17.5,+17.5,+18.0,+17.5,+18.0,+18.0,+18.0
2022-10-15 07:57,1,+45.5,+26.1,+13.3,+5.9,+29.6,+41.4,+17.5,+17.5,+18.0,+17.5,+18.0,+18.0,+18.0
2022-10-15 08:57,1,+45.5,+26.0,+13.3,+6.0,+29.6,+41.5,+17.5,+17.5,+18.0,+17.5,+18.0,+18.0,+18.0
2022-10-15 09:57,1,+45.5,+26.0,+13.3,+6.0,+29.6,+41.5,+17.5,+17.5,+18.0,+17.5,+18.0,+18.0,+18.0
2022-10-15 10:57,1,+45.6,+26.0,+13.3,+6.0,+29.6,+41.5,+18.0,+17.5,+18.0,+17.5,+18.0,+18.0,+18.0
2022-10-15 11:57,1,+45.5,+26.0,+13.3,+6.0,+29.6,+41.5,+18.0,+17.5,+18.0,+17.5,+18.0,+18.0,+18.0
2022-10-15 12:57,1,+45.5,+26.0,+13.3,+6.0,+29.7,+41.7,+18.0,+17.5,+18.0,+17.5,+18.0,+18.0,+18.0
2022-10-15 13:57,1,+45.5,+25.9,+13.5,+6.0,+29.7,+41.7,+18.0,+17.5,+18.0,+17.5,+18.0,+18.0,+18.0
2022-10-15 14:57,1,+45.5,+25.9,+13.5,+6.0,+29.7,+41.7,+18.0,+18.0,+18.0,+17.5,+18.0,+18.0,+18.0
2022-10-15 15:57,1,+45.5,+25.9,+13.5,+6.0,+29.7,+41.9,+18.0,+17.5,+18.0,+17.5,+18.0,+18.0,+18.0
2022-10-15 16:57,1,+45.6,+25.9,+13.5,+6.0,+29.7,+41.9,+18.0,+18.0,+18.0,+17.5,+18.0,+18.0,+18.0
2022-10-15 17:57,1,+48.5,+25.9,+13.6,+6.0,+29.7,+42.0,+18.0,+18.0,+18.0,+17.5,+18.0,+18.0,+18.0
2022-10-15 18:57,1,+53.2,+26.5,+13.8,+6.3,+29.7,+42.2,+18.0,+18.0,+18.0,+17.5,+18.0,+18.0,+18.0
2022-10-15 19:57,1,+51.3,+26.8,+14.0,+6.4,+29.7,+42.2,+18.0,+18.0,+18.0,+17.5,+18.0,+18.0,+18.0
2022-10-15 20:57,1,+50.7,+26.7,+14.1,+6.4,+30.0,+42.2,+18.0,+18.0,+18.0,+17.5,+18.0,+18.0,+18.0
2022-10-15 21:57,1,+50.5,+26.7,+14.3,+6.4,+30.0,+42.4,+18.0,+18.0,+18.0,+17.5,+18.0,+18.0,+18.0
2022-10-15 22:57,1,+50.2,+26.6,+14.3,+6.4,+29.7,+42.5,+18.0,+18.0,+18.0,+17.5,+18.0,+18.0,+18.0
2022-10-15 23:57,1,+50.0,+26.6,+14.3,+6.5,+30.0,+42.5,+18.0,+18.0,+18.0,+17.5,+18.0,+18.0,+18.0
2022-10-16 00:57,1,+49.9,+26.5,+14.5,+6.5,+30.0,+42.5,+18.0,+18.0,+18.0,+17.5,+18.0,+18.0,+18.0
2022-10-16 01:57,1,+49.7,+26.5,+14.5,+6.5,+30.0,+42.5,+18.0,+18.0,+18.0,+17.5,+18.0,+18.0,+18.0
2022-10-16 02:57,1,+49.7,+26.5,+14.3,+6.5,+30.0,+42.7,+18.0,+18.0,+18.0,+17.5,+18.0,+18.0,+18.0
2022-10-16 03:57,1,+49.5,+26.4,+14.3,+6.5,+30.0,+42.7,+17.5,+18.0,+18.0,+17.5,+18.0,+18.0,+18.0
2022-10-16 04:57,1,+49.4,+26.4,+14.5,+6.5,+30.0,+42.7,+17.5,+18.0,+18.0,+17.5,+18.0,+18.0,+18.0
2022-10-16 05:57,1,+49.3,+26.4,+14.6,+6.5,+30.1,+42.9,+17.5,+17.5,+18.0,+17.5,+18.0,+18.0,+18.0
2022-10-16 06:57,1,+49.3,+26.4,+14.6,+6.5,+30.1,+42.9,+17.5,+17.5,+18.0,+17.5,+18.0,+18.0,+18.0
2022-10-16 07:57,1,+49.2,+26.4,+14.6,+6.5,+30.1,+43.0,+17.5,+17.5,+18.0,+17.5,+18.0,+18.0,+18.0
2022-10-16 08:57,1,+49.1,+26.4,+14.6,+6.5,+30.1,+43.0,+17.5,+17.5,+18.0,+17.5,+18.0,+18.0,+18.0
2022-10-16 09:57,1,+49.1,+26.4,+14.6,+6.5,+30.1,+43.0,+18.0,+17.5,+18.0,+17.5,+18.0,+18.0,+18.0
2022-10-16 10:57,1,+49.1,+26.4,+14.6,+6.5,+30.1,+43.0,+18.0,+17.5,+18.0,+17.5,+18.0,+18.0,+18.0
2022-10-16 11:57,1,+49.1,+26.4,+14.6,+6.5,+30.2,+43.2,+18.0,+17.5,+18.0,+17.5,+18.0,+18.0,+18.0
2022-10-16 12:57,1,+49.1,+26.4,+14.6,+6.5,+30.2,+43.2,+18.0,+17.5,+18.0,+17.5,+18.0,+18.0,+18.0
2022-10-16 13:57,1,+49.0,+26.4,+14.6,+6.5,+30.2,+43.2,+18.0,+17.5,+18.0,+17.5,+18.0,+18.0,+18.0
2022-10-16 14:57,1,+49.0,+26.4,+14.6,+6.5,+30.2,+43.2,+18.0,+18.0,+18.0,+17.5,+18.0,+18.0,+18.0
2022-10-16 15:57,1,+49.0,+26.4,+14.6,+6.5,+30.2,+43.4,+18.0,+18.0,+18.0,+17.5,+18.0,+18.0,+18.0
2022-10-16 16:57,1,+49.2,+26.6,+14.6,+6.5,+30.2,+43.4,+18.0,+18.0,+18.0,+17.5,+18.0,+18.0,+18.0
2022-10-16 17:57,1,+50.2,+26.9,+14.6,+6.5,+30.2,+43.5,+18.0,+18.0,+18.0,+17.5,+18.0,+18.0,+18.0
2022-10-16 18:57,1,+51.0,+27.0,+15.0,+7.0,+30.2,+43.5,+18.0,+18.0,+18.0,+17.5,+18.0,+18.0,+18.0
2022-10-16 19:57,1,+51.2,+27.1,+15.1,+7.3,+30.2,+43.7,+18.0,+18.0,+18.0,+17.5,+18.0,+18.0,+18.0
2022-10-16 20:57,1,+51.0,+27.1,+15.1,+7.3,+30.2,+43.7,+18.0,+18.0,+18.0,+17.5,+18.0,+18.0,+18.0
2022-10-16 21:57,1,+51.0,+27.2,+15.1,+7.4,+30.2,+43.7,+18.0,+18.0,+18.0,+17.5,+18.0,+18.0,+18.0
2022-10-16 22:57,1,+50.8,+27.2,+15.1,+7.4,+30.2,+43.9,+18.0,+18.0,+18.0,+17.5,+18.0,+18.0,+18.0
2022-10-16 23:57,1,+50.7,+27.2,+15.1,+7.4,+30.2,+43.9,+18.0,+18.0,+18.0,+17.5,+18.0,+18.0,+18.0
2022-10-17 00:57,1,+50.6,+27.2,+15.1,+7.4,+30.2,+44.0,+18.0,+18.0,+18.0,+17.5,+18.0,+18.0,+18.0
2022-10-17 01:57,1,+50.6,+27.2,+15.0,+7.4,+30.2,+44.0,+18.0,+18.0,+18.0,+17.5,+18.0,+18.0,+18.0
2022-10-17 02:57,1,+50.5,+27.2,+15.0,+7.4,+30.2,+44.0,+18.0,+18.0,+18.0,+17.5,+18.0,+18.0,+18.0
2022-10-17 03:57,1,+50.4,+27.2,+14.8,+7.4,+30.2,+44.0,+17.5,+17.5,+18.0,+17.5,+18.0,+18.0,+18.0
2022-10-17 04:57,1,+50.3,+27.2,+14.8,+7.4,+30.2,+44.2,+17.5,+17.5,+18.0,+17.5,+18.0,+18.0,+18.0
2022-10-17 05:57,1,+50.3,+27.2,+14.8,+7.4,+30.2,+44.2,+17.5,+17.5,+18.0,+17.5,+18.0,+18.0,+18.0
2022-10-17 06:57,1,+50.2,+27.2,+14.8,+7.4,+30.2,+44.2,+17.5,+17.5,+18.0,+17.5,+18.0,+18.0,+18.0
2022-10-17 07:57,1,+50.1,+27.2,+14.6,+7.4,+30.2,+44.2,+17.5,+17.5,+18.0,+17.5,+18.0,+18.0,+18.0
2022-10-17 08:57,1,+50.0,+27.2,+14.6,+7.4,+30.2,+44.4,+17.5,+17.5,+18.0,+17.5,+18.0,+18.0,+18.0
2022-10-17 09:57,1,+50.0,+27.2,+14.6,+7.4,+30.2,+44.4,+17.5,+17.5,+18.0,+17.5,+18.0,+18.0,+18.0
2022-10-17 10:57,1,+50.0,+27.1,+14.3,+7.1,+30.2,+44.5,+18.0,+17.5,+18.0,+17.5,+18.0,+18.0,+18.0
2022-10-17 11:57,1,+50.0,+27.1,+14.3,+7.0,+30.5,+44.5,+18.0,+17.5,+18.0,+17.5,+18.0,+18.0,+18.0
2022-10-17 12:57,1,+49.9,+27.1,+14.1,+6.9,+30.5,+44.5,+18.0,+17.5,+18.0,+17.5,+18.0,+18.0,+18.0
2022-10-17 13:57,1,+49.9,+27.1,+14.1,+6.9,+30.5,+44.5,+18.5,+18.0,+18.0,+17.5,+18.0,+18.0,+18.0
2022-10-17 14:57,1,+49.7,+27.1,+14.1,+6.9,+30.5,+44.7,+18.5,+18.0,+17.5,+17.5,+18.0,+18.0,+18.0
2022-10-17 15:57,1,+49.5,+26.9,+14.1,+6.9,+30.5,+44.7,+18.5,+18.0,+18.0,+17.5,+18.0,+18.0,+18.0
2022-10-17 16:57,1,+49.4,+26.8,+14.1,+6.9,+30.5,+44.7,+18.5,+18.0,+18.0,+17.5,+18.0,+18.0,+18.0
2022-10-17 17:57,1,+49.2,+26.7,+14.1,+6.9,+30.5,+44.7,+18.5,+18.0,+18.0,+17.5,+18.0,+18.0,+18.0
2022-10-17 18:57,1,+48.9,+26.7,+14.1,+6.9,+30.5,+44.9,+18.5,+18.0,+18.0,+17.5,+18.0,+18.0,+18.0
2022-10-17 19:57,1,+48.8,+26.7,+14.1,+6.9,+30.5,+44.9,+18.5,+18.0,+18.0,+17.5,+18.0,+18.0,+18.0
2022-10-17 20:57,1,+48.8,+26.7,+14.1,+6.9,+30.5,+45.0,+18.5,+18.0,+18.0,+17.5,+18.0,+18.0,+18.0
2022-10-17 21:57,1,+48.6,+26.7,+14.1,+6.9,+30.5,+45.0,+18.5,+18.0,+18.0,+17.5,+18.0,+18.0,+18.0
2022-10-17 22:57,1,+48.4,+26.7,+14.1,+6.9,+30.5,+45.0,+18.0,+18.0,+18.0,+17.5,+18.0,+18.0,+18.0
2022-10-17 23:57,1,+48.3,+26.7,+14.1,+6.8,+30.5,+45.0,+18.0,+18.0,+18.0,+17.5,+18.0,+18.0,+18.0
2022-10-18 00:57,1,+48.2,+26.7,+14.1,+6.8,+30.5,+45.0,+18.0,+18.0,+18.0,+17.5,+18.0,+18.0,+18.0
2022-10-18 01:57,1,+48.2,+26.7,+14.1,+6.8,+30.5,+45.2,+18.0,+18.0,+18.0,+17.5,+18.0,+18.0,+18.0
2022-10-18 02:57,1,+48.0,+26.7,+14.1,+6.8,+30.5,+45.2,+18.0,+18.0,+18.0,+17.5,+18.0,+18.0,+18.0
2022-10-18 03:57,1,+48.0,+26.6,+14.1,+6.8,+30.5,+45.2,+18.0,+18.0,+18.0,+17.5,+18.0,+18.0,+18.0
2022-10-18 04:57,1,+48.0,+26.6,+14.1,+6.8,+30.6,+45.2,+18.0,+18.0,+18.0,+17.5,+18.0,+18.0,+18.0
2022-10-18 05:57,1,+48.0,+26.6,+14.1,+6.8,+30.6,+45.2,+18.0,+18.0,+18.0,+17.5,+18.0,+18.0,+18.0
2022-10-18 06:57,1,+47.6,+26.3,+13.5,+6.4,+30.7,+45.5,+18.0,+18.0,+18.0,+17.5,+18.0,+18.0,+18.0
2022-10-18 07:57,1,+47.7,+26.3,+13.3,+6.4,+30.7,+45.5,+17.5,+18.0,+18.0,+17.5,+18.0,+18.0,+18.0
2022-10-18 08:57,1,+47.6,+26.3,+13.3,+6.1,+30.7,+45.5,+17.5,+18.0,+18.0,+17.5,+18.0,+18.0,+18.0
2022-10-18 09:57,1,+47.7,+26.3,+13.3,+6.1,+30.7,+45.5,+18.0,+18.0,+18.0,+17.5,+18.0,+18.0,+18.0
2022-10-18 10:57,1,+47.6,+26.3,+13.3,+6.1,+30.7,+45.7,+18.0,+17.5,+18.0,+17.5,+18.0,+18.0,+18.0
2022-10-18 11:57,1,+47.7,+26.2,+13.3,+6.0,+30.7,+45.7,+18.5,+17.5,+18.0,+17.5,+18.0,+18.0,+18.0
2022-10-18 12:57,1,+47.7,+26.2,+13.3,+6.0,+30.7,+45.7,+18.5,+18.0,+18.0,+17.5,+18.0,+18.0,+18.0
2022-10-18 13:57,1,+47.7,+26.2,+13.3,+6.0,+30.7,+45.7,+18.5,+18.0,+18.0,+17.5,+18.0,+18.0,+18.0
2022-10-18 14:57,1,+47.7,+26.2,+13.3,+6.0,+30.7,+45.7,+18.5,+18.0,+18.0,+17.5,+18.0,+18.0,+18.0
2022-10-18 15:57,1,+47.8,+26.2,+13.3,+6.0,+30.7,+45.7,+19.0,+18.0,+18.0,+17.5,+18.0,+18.0,+18.0
2022-10-18 16:57,1,+47.8,+26.2,+13.1,+5.9,+30.7,+45.9,+19.0,+18.0,+18.0,+17.5,+18.0,+18.0,+18.0
2022-10-18 17:57,1,+47.8,+26.2,+13.1,+5.9,+30.6,+45.9,+19.0,+18.0,+18.0,+17.5,+18.0,+18.0,+18.0
2022-10-18 18:57,1,+47.8,+26.2,+13.1,+5.9,+30.6,+46.0,+18.5,+18.0,+18.0,+17.5,+18.0,+18.0,+18.0
2022-10-18 19:57,1,+47.9,+26.2,+13.1,+5.9,+30.6,+46.0,+18.5,+18.0,+18.0,+17.5,+18.0,+18.0,+18.0
2022-10-18 20:57,1,+47.8,+26.2,+13.1,+5.9,+30.6,+46.0,+18.5,+18.0,+18.0,+17.5,+18.0,+18.0,+18.0
2022-10-18 21:57,1,+47.9,+26.2,+13.1,+5.9,+30.5,+46.0,+18.5,+18.0,+18.0,+17.5,+18.0,+18.0,+18.0
2022-10-18 22:57,1,+47.9,+26.2,+13.1,+5.9,+30.5,+46.0,+18.5,+18.0,+18.0,+17.5,+18.0,+18.0,+18.0
2022-10-18 23:57,1,+47.9,+26.2,+13.1,+5.9,+30.5,+46.0,+18.5,+18.0,+18.0,+17.5,+18.0,+18.0,+18.0
2022-10-19 00:57,1,+47.9,+26.2,+13.1,+5.9,+30.5,+46.2,+18.0,+18.0,+18.0,+17.5,+18.0,+18.0,+18.0
2022-10-19 01:57,1,+47.8,+26.2,+13.1,+5.9,+30.5,+46.2,+18.0,+18.0,+18.0,+17.5,+18.0,+18.0,+18.0
2022-10-19 02:57,1,+47.8,+26.2,+13.1,+6.0,+30.2,+46.2,+18.0,+18.0,+18.0,+17.5,+18.0,+18.0,+18.0
2022-10-19 03:57,1,+47.8,+26.1,+13.1,+6.0,+30.5,+46.2,+18.0,+18.0,+18.0,+17.5,+18.0,+18.0,+18.0
2022-10-19 04:57,1,+47.8,+26.1,+13.1,+6.0,+30.2,+46.2,+18.0,+18.0,+18.0,+17.5,+18.0,+18.0,+18.0
2022-10-19 05:57,1,+47.8,+26.1,+13.1,+6.0,+30.2,+46.4,+18.0,+18.0,+18.0,+17.5,+18.0,+18.0,+18.0
2022-10-19 06:57,1,+47.7,+26.1,+13.1,+6.0,+30.2,+46.4,+17.5,+18.0,+18.0,+17.5,+18.0,+18.0,+18.0
2022-10-19 07:57,1,+47.8,+26.1,+13.1,+6.0,+30.2,+46.4,+17.5,+18.0,+18.0,+18.0,+18.0,+18.0,+18.0
2022-10-19 08:57,1,+47.7,+26.1,+13.1,+6.0,+30.2,+46.5,+17.5,+18.0,+18.0,+17.5,+18.0,+18.0,+18.0
2022-10-19 09:57,1,+47.8,+26.1,+13.1,+6.0,+30.2,+46.5,+18.0,+17.5,+18.0,+17.5,+18.0,+18.0,+18.0
2022-10-19 10:57,1,+47.7,+26.0,+13.1,+6.0,+30.5,+46.5,+18.0,+17.5,+18.0,+17.5,+18.0,+18.0,+18.0
2022-10-19 11:57,1,+47.7,+26.0,+13.1,+6.0,+30.5,+46.5,+18.5,+18.0,+18.0,+17.5,+18.0,+18.0,+18.0
2022-10-19 12:57,1,+47.7,+26.0,+13.1,+6.0,+30.5,+46.5,+18.5,+18.0,+18.0,+17.5,+18.0,+18.0,+18.0
2022-10-19 13:57,1,+47.7,+26.0,+13.1,+6.0,+30.5,+46.7,+18.5,+18.0,+18.0,+18.0,+18.0,+18.0,+18.0
2022-10-19 14:57,1,+47.7,+26.0,+13.1,+6.0,+30.5,+46.7,+19.0,+18.0,+18.0,+17.5,+18.0,+18.0,+18.0
2022-10-19 15:57,1,+47.6,+26.0,+13.1,+6.0,+30.5,+46.7,+19.0,+18.0,+18.0,+17.5,+18.0,+18.0,+18.0
2022-10-19 16:57,1,+47.7,+26.0,+13.1,+6.0,+30.5,+46.7,+19.0,+18.0,+18.0,+17.5,+18.0,+18.0,+18.0
2022-10-19 17:57,1,+47.6,+25.9,+13.1,+6.0,+30.5,+46.7,+18.5,+18.0,+18.0,+18.0,+18.0,+18.0,+18.0
2022-10-19 18:57,1,+47.6,+25.9,+13.0,+6.0,+30.5,+46.7,+18.5,+18.0,+18.0,+17.5,+18.0,+18.0,+18.0
2022-10-19 19:57,1,+47.6,+25.9,+13.0,+6.0,+30.5,+46.9,+18.5,+18.0,+18.0,+17.5,+18.0,+18.0,+18.0
2022-10-19 20:57,1,+47.6,+25.9,+13.0,+6.0,+30.6,+46.9,+18.5,+18.0,+18.0,+17.5,+18.0,+18.0,+18.0
2022-10-19 21:57,1,+47.6,+25.9,+13.0,+6.0,+30.6,+46.9,+18.5,+18.0,+18.0,+17.5,+18.0,+18.0,+18.0
2022-10-19 22:57,1,+47.6,+25.9,+13.0,+6.0,+30.6,+47.0,+18.5,+18.0,+18.0,+17.5,+18.0,+18.0,+18.0
2022-10-19 23:57,1,+47.6,+25.9,+13.0,+6.0,+30.6,+47.0,+18.0,+18.0,+18.0,+18.0,+18.0,+18.0,+18.0
2022-10-20 00:57,1,+47.6,+25.9,+13.0,+6.0,+30.6,+47.0,+18.0,+18.0,+18.0,+17.5,+18.0,+18.0,+18.0
2022-10-20 01:57,1,+47.6,+25.9,+13.0,+6.0,+30.6,+47.0,+18.0,+18.0,+18.0,+18.0,+18.0,+18.0,+18.0
2022-10-20 02:57,1,+47.6,+25.9,+13.0,+6.0,+30.6,+47.0,+18.0,+18.0,+18.0,+18.0,+18.0,+18.0,+18.0
2022-10-20 03:57,1,+47.5,+25.9,+13.0,+6.0,+30.6,+47.0,+18.0,+18.0,+18.0,+18.0,+18.0,+18.0,+18.0
2022-10-20 04:57,1,+47.5,+25.9,+13.0,+6.0,+30.6,+47.2,+18.0,+18.0,+18.0,+18.0,+18.0,+18.0,+18.0
2022-10-20 05:57,1,+47.4,+25.8,+12.8,+6.0,+30.6,+47.2,+18.0,+18.0,+18.0,+18.0,+18.0,+18.0,+18.0
2022-10-20 06:57,1,+47.3,+25.8,+12.8,+6.0,+30.6,+47.2,+18.0,+18.0,+18.0,+18.0,+18.0,+18.0,+18.0
2022-10-20 07:57,1,+47.3,+25.8,+12.8,+6.0,+30.6,+47.2,+17.5,+18.0,+18.0,+18.0,+18.0,+18.0,+18.0
2022-10-20 08:57,1,+47.4,+25.8,+12.8,+5.9,+30.6,+47.0,+18.0,+18.0,+18.0,+18.0,+18.0,+18.0,+18.0
2022-10-20 09:57,1,+47.3,+25.7,+12.8,+5.9,+30.7,+47.0,+18.0,+18.0,+18.0,+18.0,+18.0,+18.0,+18.0
2022-10-20 10:57,1,+47.4,+25.7,+12.8,+5.9,+30.7,+47.0,+18.5,+18.0,+18.0,+18.0,+18.0,+18.0,+18.0
2022-10-20 11:57,1,+47.2,+25.7,+12.8,+5.9,+30.7,+47.0,+18.5,+18.0,+18.0,+18.0,+18.0,+18.0,+18.0
2022-10-20 12:57,1,+47.2,+25.7,+12.8,+5.9,+30.7,+47.0,+18.5,+18.0,+18.0,+18.0,+18.0,+18.0,+18.0
2022-10-20 13:57,1,+47.1,+25.7,+12.8,+5.9,+30.7,+47.0,+19.0,+18.0,+18.0,+18.0,+18.0,+18.0,+18.0
2022-10-20 14:57,1,+47.1,+25.6,+12.8,+5.9,+30.7,+47.0,+19.0,+18.0,+18.0,+18.0,+18.0,+18.0,+18.0
2022-10-20 15:57,1,+47.1,+25.6,+12.8,+5.9,+30.7,+47.0,+19.0,+18.0,+18.0,+18.0,+18.0,+18.0,+18.0
2022-10-20 16:57,1,+47.1,+25.6,+12.8,+5.9,+30.7,+47.0,+19.0,+18.0,+18.0,+17.5,+18.0,+18.0,+18.0
2022-10-20 17:57,1,+47.1,+25.6,+12.8,+5.9,+30.7,+47.0,+19.0,+18.0,+18.0,+18.0,+18.0,+18.0,+18.0
2022-10-20 18:57,1,+47.2,+25.6,+12.8,+5.9,+30.7,+47.0,+18.5,+18.0,+18.0,+18.0,+18.0,+18.0,+18.0
2022-10-20 19:57,1,+47.1,+25.6,+12.8,+5.9,+30.7,+47.2,+18.5,+18.5,+18.0,+18.0,+18.0,+18.0,+18.0
2022-10-20 20:57,1,+47.2,+25.6,+12.8,+5.9,+30.7,+47.2,+18.5,+18.5,+18.0,+17.5,+18.0,+18.0,+18.0
2022-10-20 21:57,1,+52.0,+25.9,+12.8,+5.9,+30.7,+47.2,+18.5,+18.5,+18.0,+18.0,+18.0,+18.0,+18.0
2022-10-20 22:57,1,+50.8,+26.4,+12.6,+5.9,+30.7,+47.2,+18.5,+18.0,+18.0,+18.0,+18.0,+18.0,+18.0
2022-10-20 23:57,1,+50.3,+26.6,+12.8,+5.9,+30.7,+47.2,+18.5,+18.0,+18.0,+18.0,+18.0,+18.0,+18.0
2022-10-21 00:57,1,+50.0,+26.6,+12.8,+5.9,+30.7,+47.2,+18.5,+18.0,+18.0,+18.0,+18.0,+18.0,+18.0
2022-10-21 01:57,1,+49.9,+26.7,+12.8,+5.9,+30.7,+47.2,+18.5,+18.0,+18.0,+18.0,+18.0,+18.0,+18.0
2022-10-21 02:57,1,+49.7,+26.7,+12.8,+5.9,+30.7,+47.4,+18.5,+18.0,+18.0,+18.0,+18.0,+18.0,+18.0
2022-10-21 03:57,1,+49.4,+26.6,+12.8,+5.9,+30.7,+47.4,+18.5,+18.0,+18.0,+18.0,+18.0,+18.0,+18.0
2022-10-21 04:57,1,,,,,,,+18.0,+18.0,+18.0,+18.0,+18.0,+18.0,+18.0
2022-10-21 05:57,1,+49.3,+26.6,+12.8,+5.9,+30.7,+47.4,+18.0,+18.0,+18.0,+18.0,+18.0,+18.0,+18.0
2022-10-21 06:57,1,+49.2,+26.6,+12.8,+5.9,+30.7,+47.5,+18.0,+18.0,+18.0,+18.0,+18.0,+18.0,+18.0
2022-10-21 07:57,1,+49.1,+26.6,+12.8,+6.0,+30.7,+47.5,+18.0,+18.0,+18.0,+18.0,+18.0,+18.0,+18.0
2022-10-21 08:57,1,+49.0,+26.5,+12.8,+5.9,+31.0,+47.5,+18.0,+18.0,+18.0,+18.0,+18.0,+18.0,+18.0
2022-10-21 09:57,1,+48.9,+26.5,+12.8,+5.9,+31.0,+47.5,+18.0,+18.0,+18.0,+18.0,+18.0,+18.0,+18.0
2022-10-21 10:57,1,+48.9,+26.5,+12.8,+5.9,+31.0,+47.5,+18.5,+18.0,+18.0,+18.0,+18.0,+18.0,+18.0
2022-10-21 11:57,1,+48.9,+26.5,+12.8,+5.9,+31.0,+47.5,+18.5,+18.0,+18.0,+18.0,+18.0,+18.0,+18.0
2022-10-21 12:57,1,+48.9,+26.4,+12.8,+5.9,+31.0,+47.5,+18.5,+18.0,+18.0,+18.0,+18.0,+18.0,+18.0
2022-10-21 13:57,1,+48.8,+26.4,+12.8,+5.9,+31.0,+47.5,+18.5,+18.0,+18.0,+18.0,+18.0,+18.0,+18.0
2022-10-21 14:57,1,+48.7,+26.4,+12.8,+5.9,+31.0,+47.5,+18.5,+18.0,+18.0,+18.0,+18.0,+18.0,+18.0
2022-10-21 15:57,1,+48.7,+26.4,+12.8,+5.9,+31.0,+47.7,+19.0,+18.0,+18.0,+18.0,+18.0,+18.0,+18.0
2022-10-21 16:57,1,+48.6,+26.4,+12.8,+6.0,+31.1,+47.7,+19.0,+18.0,+18.0,+18.0,+18.0,+18.0,+18.0
2022-10-21 17:57,1,+48.6,+26.3,+12.8,+5.9,+31.1,+47.7,+19.0,+18.5,+18.0,+18.0,+18.0,+18.0,+18.0
2022-10-21 18:57,1,+48.5,+26.3,+12.8,+5.9,+31.1,+47.7,+18.5,+18.5,+18.0,+18.0,+18.0,+18.5,+18.0
2022-10-21 19:57,1,+48.8,+26.3,+12.8,+5.9,+31.1,+47.7,+18.5,+18.5,+18.0,+18.0,+18.0,+18.0,+18.0
2022-10-21 20:57,1,+59.6,+31.4,+12.8,+5.9,+31.1,+47.7,+18.5,+18.5,+18.0,+18.0,+18.0,+18.0,+18.0
2022-10-21 21:57,1,+55.2,+32.8,+13.3,+5.9,+31.2,+47.7,+18.5,+18.5,+18.0,+18.0,+18.0,+18.0,+18.0
2022-10-21 22:57,1,+53.8,+32.4,+13.6,+6.0,+31.2,+47.7,+18.5,+18.0,+18.0,+18.0,+18.0,+18.0,+18.0
2022-10-21 23:57,1,+51.9,+32.2,+13.6,+6.0,+31.2,+47.7,+18.0,+18.5,+18.0,+18.0,+18.0,+18.0,+18.0
2022-10-22 00:57,1,+51.1,+32.1,+13.6,+6.0,+31.2,+47.7,+18.0,+18.0,+18.0,+18.0,+18.0,+18.0,+18.0
2022-10-22 01:57,1,+50.5,+32.0,+13.6,+6.0,+31.2,+47.7,+18.0,+18.0,+18.0,+18.0,+18.0,+18.5,+18.0
2022-10-22 02:57,1,+50.2,+31.9,+13.5,+6.1,+31.2,+47.7,+18.0,+18.0,+18.0,+18.0,+18.0,+18.0,+18.0
2022-10-22 03:57,1,+50.0,+31.6,+13.5,+6.1,+31.2,+47.7,+18.0,+18.0,+18.0,+18.0,+18.0,+18.0,+18.0
2022-10-22 04:57,1,+49.9,+31.4,+13.5,+6.1,+31.2,+47.7,+18.0,+18.0,+18.0,+18.0,+18.0,+18.0,+18.0
2022-10-22 05:57,1,+49.8,+31.2,+13.5,+6.1,+31.2,+47.7,+18.0,+18.0,+18.0,+18.0,+18.0,+18.0,+18.0
2022-10-22 06:57,1,+49.8,+31.1,+13.5,+6.1,+31.2,+47.7,+18.0,+18.0,+18.0,+18.0,+18.0,+18.0,+18.0
2022-10-22 07:57,1,+49.7,+31.1,+13.3,+6.1,+31.5,+47.7,+18.0,+18.0,+18.0,+18.0,+18.0,+18.0,+18.0
2022-10-22 08:57,1,+49.7,+31.0,+13.3,+6.1,+31.5,+47.7,+18.0,+18.0,+18.0,+18.0,+18.0,+18.0,+18.0
2022-10-22 09:57,1,+49.7,+31.0,+13.3,+6.1,+31.6,+47.7,+18.0,+18.0,+18.0,+18.0,+18.0,+18.0,+18.0
2022-10-22 10:57,1,+49.6,+30.9,+13.3,+6.1,+31.6,+47.7,+18.5,+18.0,+18.0,+18.0,+18.0,+18.0,+18.0
2022-10-22 11:57,1,+49.6,+30.9,+13.3,+6.1,+31.7,+47.7,+18.5,+18.0,+18.0,+18.0,+18.0,+18.0,+18.0
2022-10-22 12:57,1,+49.6,+30.9,+13.3,+6.1,+31.7,+47.7,+18.5,+18.0,+18.0,+18.0,+18.0,+18.0,+18.0
2022-10-22 13:57,1,+49.6,+30.8,+13.3,+6.1,+31.7,+47.5,+19.0,+18.0,+18.0,+18.0,+18.0,+18.5,+18.0
2022-10-22 14:57,1,+49.5,+30.8,+13.3,+6.1,+31.7,+47.5,+19.0,+18.0,+18.0,+18.0,+18.0,+18.0,+18.0
2022-10-22 15:57,1,+49.6,+30.7,+13.3,+6.0,+31.7,+47.2,+19.0,+18.0,+18.0,+18.0,+18.0,+18.0,+18.0
2022-10-22 16:57,1,+49.6,+30.6,+13.1,+6.0,+31.7,+47.0,+19.0,+18.5,+18.0,+18.0,+18.0,+18.5,+18.0
2022-10-22 17:57,1,+49.5,+30.5,+13.1,+6.0,+31.7,+47.0,+19.0,+18.5,+18.0,+18.0,+18.0,+18.0,+18.0
2022-10-22 18:57,1,+49.5,+30.2,+13.1,+6.0,+31.7,+46.9,+19.0,+18.5,+18.0,+18.0,+18.0,+18.0,+18.0
2022-10-22 19:57,1,+49.5,+29.9,+13.1,+6.0,+31.7,+46.9,+19.0,+18.5,+18.0,+18.0,+18.0,+18.0,+18.0
2022-10-22 20:57,1,+49.5,+29.6,+13.1,+6.0,+31.7,+46.9,+19.0,+18.5,+18.0,+18.0,+18.0,+18.5,+18.0
2022-10-22 21:57,1,+49.5,+29.3,+13.1,+6.0,+31.7,+46.9,+19.0,+18.5,+18.0,+18.0,+18.0,+18.0,+18.0
2022-10-22 22:57,1,+49.5,+29.0,+13.1,+6.0,+31.7,+46.9,+18.5,+18.5,+18.0,+18.0,+18.0,+18.0,+18.0
2022-10-22 23:57,1,+49.5,+28.7,+13.1,+6.0,+31.7,+46.9,+18.5,+18.5,+18.0,+18.0,+18.0,+18.5,+18.0
2022-10-23 00:57,1,+49.5,+28.4,+13.1,+6.0,+31.7,+46.9,+18.5,+18.5,+18.5,+18.0,+18.0,+18.5,+18.0
2022-10-23 01:57,1,+49.5,+28.2,+13.1,+6.0,+31.7,+46.9,+18.5,+18.5,+18.5,+18.0,+18.0,+18.5,+18.0
2022-10-23 02:57,1,+49.4,+28.0,+13.1,+6.0,+31.7,+46.9,+18.5,+18.5,+18.5,+18.0,+18.0,+18.5,+18.0
2022-10-23 03:57,1,+49.4,+27.9,+13.0,+6.0,+31.7,+46.9,+18.5,+18.5,+18.5,+18.0,+18.0,+18.0,+18.0
2022-10-23 04:57,1,+49.4,+27.7,+13.0,+6.0,+31.7,+46.9,+18.0,+18.5,+18.5,+18.0,+18.0,+18.0,+18.0
2022-10-23 05:57,1,+49.4,+27.7,+13.0,+6.0,+31.7,+46.7,+18.0,+18.0,+18.0,+18.0,+18.0,+18.5,+18.0
2022-10-23 06:57,1,+49.3,+27.6,+13.0,+6.0,+31.7,+46.7,+18.0,+18.0,+18.5,+18.0,+18.0,+18.5,+18.0
2022-10-23 07:57,1,+49.2,+27.5,+13.0,+6.0,+31.7,+46.7,+18.0,+18.0,+18.5,+18.0,+18.0,+18.5,+18.0
2022-10-23 08:57,1,+49.1,+27.5,+13.0,+6.0,+31.7,+46.7,+18.0,+18.0,+18.0,+18.0,+18.0,+18.5,+18.0
2022-10-23 09:57,1,+49.1,+27.4,+13.0,+6.0,+31.7,+46.7,+18.5,+18.0,+18.0,+18.0,+18.0,+18.0,+18.0
2022-10-23 10:57,1,+49.1,+27.3,+12.8,+6.0,+31.7,+46.7,+18.5,+18.0,+18.0,+18.0,+18.5,+18.5,+18.0
2022-10-23 11:57,1,+49.2,+27.3,+12.8,+6.0,+31.7,+46.7,+18.5,+18.0,+18.0,+18.0,+18.0,+18.5,+18.0
2022-10-23 12:57,1,+49.1,+27.2,+12.8,+6.0,+31.7,+46.7,+18.5,+18.0,+18.0,+18.0,+18.5,+18.0,+18.0
2022-10-23 13:57,1,+49.1,+27.2,+12.8,+6.0,+31.7,+46.7,+18.5,+18.0,+18.0,+18.0,+18.0,+18.5,+18.0
2022-10-23 14:57,1,+49.0,+27.1,+12.8,+6.0,+31.7,+46.7,+19.0,+18.0,+18.0,+18.0,+18.0,+18.0,+18.0
2022-10-23 15:57,1,+48.9,+27.1,+12.8,+6.0,+31.7,+46.7,+19.0,+18.5,+18.0,+18.0,+18.0,+18.0,+18.0
2022-10-23 16:57,1,+48.9,+27.1,+12.8,+6.0,+31.7,+46.7,+19.0,+18.5,+18.0,+18.0,+18.0,+18.5,+18.0
2022-10-23 17:57,1,+49.0,+27.1,+12.8,+6.0,+31.7,+46.7,+19.0,+18.5,+18.0,+18.0,+18.0,+18.5,+18.0
2022-10-23 18:57,1,+48.9,+27.0,+12.8,+6.0,+31.7,+46.5,+19.0,+18.5,+18.0,+18.0,+18.0,+18.5,+18.0
2022-10-23 19:57,1,+49.0,+27.0,+12.8,+6.0,+31.7,+46.5,+18.5,+18.5,+18.0,+18.0,+18.0,+18.5,+18.0
2022-10-23 20:57,1,+49.0,+27.0,+12.8,+6.0,+31.7,+46.5,+18.5,+18.5,+18.0,+18.0,+18.0,+18.5,+18.0
2022-10-23 21:57,1,+49.0,+27.0,+12.8,+6.0,+31.7,+46.5,+18.5,+18.5,+18.0,+18.0,+18.0,+18.0,+18.0
2022-10-23 22:57,1,+48.9,+26.9,+12.8,+6.0,+31.7,+46.5,+18.5,+18.5,+18.5,+18.0,+18.5,+18.5,+18.0
2022-10-23 23:57,1,+48.9,+26.9,+12.6,+6.0,+31.7,+46.5,+18.5,+18.5,+18.5,+18.0,+18.0,+18.5,+18.0
2022-10-24 00:57,1,+48.8,+26.9,+12.6,+6.0,+31.7,+46.5,+18.5,+18.5,+18.5,+18.0,+18.0,+18.5,+18.0
2022-10-24 01:57,1,+48.8,+26.9,+12.6,+6.0,+31.7,+46.5,+18.0,+18.5,+18.5,+18.0,+18.5,+18.5,+18.0
2022-10-24 02:57,1,+48.8,+26.9,+12.6,+6.0,+31.7,+46.5,+18.0,+18.0,+18.0,+18.0,+18.5,+18.5,+18.0
2022-10-24 03:57,1,+48.8,+26.8,+12.6,+6.0,+31.7,+46.5,+18.0,+18.0,+18.5,+18.0,+18.0,+18.5,+18.0
2022-10-24 04:57,1,+48.8,+26.8,+12.6,+6.0,+31.7,+46.4,+18.0,+18.0,+18.5,+18.0,+18.5,+18.5,+18.0
2022-10-24 05:57,1,+48.8,+26.8,+12.6,+6.0,+31.7,+46.4,+18.0,+18.0,+18.0,+18.0,+18.0,+18.5,+18.0
2022-10-24 06:57,1,+48.7,+26.8,+12.6,+6.0,+31.7,+46.4,+18.0,+18.0,+18.0,+18.0,+18.0,+18.0,+18.0
2022-10-24 07:57,1,+48.7,+26.7,+12.6,+6.0,+31.7,+46.4,+18.0,+18.0,+18.5,+18.0,+18.5,+18.5,+18.0
2022-10-24 08:57,1,+48.7,+26.7,+12.6,+6.0,+31.7,+46.4,+18.0,+18.0,+18.0,+18.0,+18.0,+18.5,+18.0
2022-10-24 09:57,1,+48.7,+26.7,+12.6,+5.9,+31.7,+46.2,+18.0,+18.0,+18.0,+18.0,+18.5,+18.5,+18.0
2022-10-24 10:57,1,+48.6,+26.7,+12.6,+5.9,+31.7,+46.2,+18.0,+18.0,+18.0,+18.0,+18.0,+18.5,+18.0
2022-10-24 11:57,1,+48.6,+26.6,+12.5,+5.9,+31.7,+46.2,+18.5,+18.0,+18.0,+18.0,+18.5,+18.5,+18.0
2022-10-24 12:57,1,+48.6,+26.6,+12.5,+5.9,+31.7,+46.2,+18.5,+18.0,+18.0,+18.0,+18.5,+18.5,+18.0
2022-10-24 13:57,1,+48.6,+26.6,+12.5,+5.9,+31.7,+46.2,+18.5,+18.0,+18.0,+18.0,+18.0,+18.5,+18.0
2022-10-24 14:57,1,+48.6,+26.6,+12.5,+5.9,+31.7,+46.2,+18.5,+18.0,+18.0,+18.0,+18.5,+18.5,+18.0
2022-10-24 15:57,1,+52.3,+27.0,+12.5,+5.9,+31.7,+46.2,+18.5,+18.0,+18.0,+18.0,+18.0,+18.5,+18.0
2022-10-24 16:57,1,+51.6,+27.4,+12.5,+5.9,+31.7,+46.2,+18.5,+18.0,+18.0,+18.0,+18.0,+18.5,+18.0
2022-10-24 17:57,1,+51.1,+27.6,+12.5,+5.9,+31.7,+46.2,+18.5,+18.0,+18.0,+18.0,+18.5,+18.5,+18.0
2022-10-24 18:57,1,+50.8,+27.6,+12.5,+5.9,+31.7,+46.2,+18.5,+18.0,+18.0,+18.0,+18.0,+18.0,+18.0
2022-10-24 19:57,1,+50.5,+27.6,+12.5,+5.9,+31.7,+46.2,+18.5,+18.0,+18.0,+18.0,+18.5,+18.5,+18.0
2022-10-24 20:57,1,+50.4,+27.6,+12.5,+5.9,+31.7,+46.2,+18.5,+18.0,+18.0,+18.0,+18.5,+18.5,+18.0
2022-10-24 21:57,1,+50.3,+27.6,+12.5,+5.9,+31.7,+46.2,+18.5,+18.0,+18.0,+18.0,+18.0,+18.5,+18.0
2022-10-24 22:57,1,+50.2,+27.6,+12.5,+5.8,+31.7,+46.2,+18.5,+18.0,+18.0,+18.0,+18.0,+18.5,+18.0
2022-10-24 23:57,1,+50.1,+27.6,+12.5,+5.8,+31.7,+46.2,+18.0,+18.0,+18.0,+18.0,+18.0,+18.5,+18.0
2022-10-25 00:57,1,+50.0,+27.5,+12.5,+5.8,+31.7,+46.2,+18.0,+18.0,+18.0,+18.0,+18.0,+18.5,+18.0
2022-10-25 01:57,1,+50.0,+27.5,+12.5,+5.8,+31.7,+46.2,+18.0,+18.0,+18.0,+18.0,+18.5,+18.5,+18.0
2022-10-25 02:57,1,+50.0,+27.5,+12.5,+5.8,+31.7,+46.2,+18.0,+18.0,+18.0,+18.0,+18.0,+18.5,+18.0
2022-10-25 03:57,1,+49.9,+27.4,+12.5,+5.8,+31.7,+46.2,+18.0,+18.0,+18.0,+18.0,+18.0,+18.5,+18.0
2022-10-25 04:57,1,+49.8,+27.4,+12.5,+5.8,+31.7,+46.2,+18.0,+18.0,+18.0,+18.0,+18.5,+18.5,+18.0
2022-10-25 05:57,1,+49.8,+27.4,+12.5,+5.8,+31.7,+46.2,+18.0,+18.0,+18.0,+18.0,+18.5,+18.5,+18.0
2022-10-25 06:57,1,+49.7,+27.4,+12.5,+5.8,+31.7,+46.2,+18.0,+18.0,+18.0,+18.0,+18.5,+18.5,+18.0
2022-10-25 07:57,1,+49.7,+27.3,+12.5,+5.8,+31.7,+46.2,+18.0,+18.0,+18.0,+18.0,+18.5,+18.5,+18.0
2022-10-25 08:57,1,+49.6,+27.3,+12.5,+5.8,+31.7,+46.2,+18.0,+18.0,+18.0,+18.0,+18.5,+18.5,+18.0
2022-10-25 09:57,1,+49.7,+27.3,+12.5,+5.8,+31.7,+46.2,+18.0,+18.0,+18.0,+18.0,+18.0,+18.5,+18.0
2022-10-25 10:57,1,+49.6,+27.3,+12.3,+5.8,+31.7,+46.2,+18.0,+18.0,+18.0,+18.0,+18.5,+18.5,+18.0
2022-10-25 11:57,1,+49.6,+27.2,+12.3,+5.8,+31.7,+46.2,+18.5,+18.0,+18.0,+18.0,+18.0,+18.5,+18.0
2022-10-25 12:57,1,+49.6,+27.2,+12.3,+5.8,+31.7,+46.0,+18.5,+18.0,+18.0,+18.0,+18.5,+18.5,+18.0
2022-10-25 13:57,1,+49.6,+27.2,+12.3,+5.8,+31.7,+46.0,+18.5,+18.0,+18.0,+18.0,+18.5,+18.5,+18.0
2022-10-25 14:57,1,+49.5,+27.1,+12.3,+5.6,+31.7,+46.0,+18.5,+18.0,+18.0,+18.0,+18.0,+18.5,+18.0
2022-10-25 15:57,1,+49.5,+27.1,+12.3,+5.6,+31.7,+46.0,+19.0,+18.0,+18.0,+18.0,+18.0,+18.5,+18.0
2022-10-25 16:57,1,+49.5,+27.1,+12.3,+5.6,+31.7,+46.0,+19.0,+18.0,+18.0,+18.0,+18.0,+18.5,+18.0
2022-10-25 17:57,1,+49.5,+27.1,+12.3,+5.6,+31.7,+46.0,+19.0,+18.0,+18.0,+18.0,+18.5,+18.5,+18.0
2022-10-25 18:57,1,+49.4,+27.1,+12.3,+5.6,+31.7,+46.0,+19.0,+18.5,+18.0,+18.0,+18.0,+18.5,+18.0
2022-10-25 19:57,1,+49.4,+27.1,+12.3,+5.6,+31.7,+46.0,+18.5,+18.5,+18.0,+18.0,+18.0,+18.5,+18.0
2022-10-25 20:57,1,+49.4,+27.0,+12.3,+5.6,+31.7,+46.0,+18.5,+18.5,+18.0,+18.0,+18.0,+18.5,+18.0
2022-10-25 21:57,1,+49.4,+27.0,+12.3,+5.6,+31.7,+46.0,+18.5,+18.5,+18.0,+18.0,+18.0,+18.5,+18.0
2022-10-25 22:57,1,+49.4,+27.0,+12.1,+5.6,+31.7,+46.0,+18.5,+18.5,+18.0,+18.0,+18.5,+18.5,+18.0
2022-10-25 23:57,1,+49.3,+27.0,+12.1,+5.6,+31.7,+46.0,+18.5,+18.5,+18.0,+18.0,+18.0,+18.5,+18.0
2022-10-26 00:57,1,+49.3,+27.0,+12.1,+5.6,+31.7,+46.0,+18.5,+18.5,+18.0,+18.0,+18.0,+18.5,+18.0
2022-10-26 01:57,1,+49.3,+27.0,+12.1,+5.6,+31.7,+46.0,+18.5,+18.5,+18.0,+18.0,+18.5,+18.5,+18.0
2022-10-26 02:57,1,+49.2,+26.9,+12.1,+5.6,+31.7,+46.0,+18.5,+18.5,+18.5,+18.0,+18.0,+18.5,+18.0
2022-10-26 03:57,1,+49.2,+26.9,+12.1,+5.6,+31.7,+46.0,+18.5,+18.0,+18.0,+18.0,+18.5,+18.5,+18.0
2022-10-26 04:57,1,+49.2,+26.9,+12.1,+5.5,+31.6,+46.0,+18.0,+18.5,+18.0,+18.0,+18.5,+18.5,+18.0
2022-10-26 05:57,1,+49.1,+26.9,+12.1,+5.5,+31.7,+46.0,+18.0,+18.0,+18.5,+18.0,+18.0,+18.5,+18.0
2022-10-26 06:57,1,+49.1,+26.9,+12.1,+5.5,+31.6,+46.0,+18.0,+18.0,+18.5,+18.0,+18.5,+18.5,+18.0
2022-10-26 07:57,1,+49.0,+26.8,+12.1,+5.5,+31.6,+46.0,+18.0,+18.0,+18.0,+18.0,+18.5,+18.5,+18.0
2022-10-26 08:57,1,+49.0,+26.8,+12.1,+5.5,+31.6,+46.0,+18.0,+18.0,+18.0,+18.0,+18.5,+18.5,+18.0
2022-10-26 09:57,1,+49.0,+26.8,+12.1,+5.5,+31.6,+45.9,+18.0,+18.0,+18.0,+18.0,+18.0,+18.5,+18.0
2022-10-26 10:57,1,+49.0,+26.8,+12.1,+5.5,+31.6,+45.9,+18.5,+18.0,+18.0,+18.0,+18.5,+18.5,+18.0
2022-10-26 11:57,1,+49.0,+26.7,+12.1,+5.5,+31.6,+45.9,+18.5,+18.0,+18.0,+18.0,+18.5,+18.5,+18.0