
2022-09-30 14:13,2,+28.5,+29.1,+11.8,+13.0,+10.8,+22.7,+19.1,+18.3,+19.1,+19.0,+18.6,+18.7,+18.7
2022-09-30 15:13,2,+37.6,+32.0,+11.8,+13.1,+10.8,+22.6,+19.3,+18.6,+19.0,+19.0,+18.6,+18.7,+18.7
2022-09-30 16:13,2,+32.2,+29.9,+11.8,+13.1,+10.8,+22.6,+19.2,+18.5,+19.1,+19.0,+18.6,+18.7,+18.7
2022-09-30 17:13,2,+30.2,+30.0,+12.1,+13.1,+10.8,+22.6,+19.2,+18.6,+19.1,+18.8,+18.6,+18.7,+18.7
2022-09-30 18:13,2,+29.6,+29.8,+12.1,+13.1,+10.8,+22.6,+19.2,+18.6,+19.1,+19.0,+18.6,+18.7,+18.7
2022-09-30 19:13,2,+39.9,+34.3,+12.3,+13.1,+10.8,+22.6,+19.0,+18.5,+19.1,+19.0,+18.6,+18.7,+18.7
2022-09-30 20:13,2,+38.2,+31.6,+12.6,+13.5,+10.8,+22.7,+19.0,+18.5,+19.1,+19.0,+18.6,+18.7,+18.7
2022-09-30 21:13,2,+38.1,+32.0,+12.8,+13.6,+11.1,+22.7,+18.7,+18.5,+19.1,+19.0,+18.6,+18.7,+18.7
2022-09-30 22:13,2,+32.7,+30.9,+12.8,+13.8,+11.3,+22.7,+18.7,+18.5,+19.1,+19.0,+18.7,+18.7,+18.7
2022-09-30 23:13,2,+31.5,+30.7,+12.6,+13.8,+11.5,+23.1,+18.7,+18.5,+19.2,+19.0,+18.6,+18.7,+18.7
2022-10-01 00:13,2,+30.5,+30.3,+12.6,+13.8,+11.5,+23.2,+18.6,+18.5,+19.1,+19.0,+18.6,+18.7,+18.7
2022-10-01 01:13,2,+30.7,+30.3,+12.6,+13.8,+11.5,+23.2,+18.5,+18.5,+19.1,+19.0,+18.6,+18.7,+18.7
2022-10-01 02:13,2,+30.4,+30.2,+12.6,+13.8,+11.5,+23.2,+18.2,+18.3,+19.1,+19.0,+18.6,+18.7,+18.7
2022-10-01 03:13,2,+29.9,+30.1,+12.5,+13.8,+11.5,+23.2,+18.2,+18.2,+19.1,+19.0,+18.6,+18.7,+18.7
2022-10-01 04:13,2,+29.7,+29.9,+12.5,+13.6,+11.5,+23.2,+18.2,+18.2,+19.1,+19.0,+18.6,+18.7,+18.7
2022-10-01 05:13,2,+29.4,+29.8,+12.5,+13.6,+11.5,+23.2,+18.2,+18.2,+19.0,+19.0,+18.6,+18.7,+18.7
2022-10-01 06:13,2,+29.3,+29.7,+12.3,+13.6,+11.5,+23.2,+18.1,+18.2,+19.1,+19.0,+18.6,+18.7,+18.7
2022-10-01 07:13,2,+29.1,+29.6,+12.3,+13.6,+11.3,+23.2,+18.1,+18.1,+19.0,+19.0,+18.6,+18.7,+18.7
2022-10-01 08:13,2,+29.1,+29.5,+12.3,+13.6,+11.3,+23.2,+18.2,+18.1,+19.0,+19.0,+18.6,+18.7,+18.7
2022-10-01 09:13,2,+29.0,+29.5,+12.1,+13.5,+11.3,+23.2,+18.2,+18.1,+19.0,+18.8,+18.6,+18.7,+18.7
2022-10-01 10:13,2,+29.0,+29.4,+12.1,+13.5,+11.3,+23.2,+18.3,+18.1,+19.0,+19.0,+18.6,+18.7,+18.7
2022-10-01 11:13,2,+28.9,+29.3,+12.1,+13.5,+11.3,+23.2,+18.5,+18.1,+18.8,+19.0,+18.6,+18.7,+18.7
2022-10-01 12:13,2,+28.9,+29.3,+12.1,+13.3,+11.3,+23.2,+18.6,+18.1,+18.8,+19.0,+18.6,+18.7,+18.7
2022-10-01 13:13,2,+28.9,+29.3,+12.1,+13.3,+11.3,+23.2,+18.5,+18.1,+19.0,+18.8,+18.6,+18.7,+18.7
2022-10-01 14:13,2,+29.0,+29.2,+12.1,+13.3,+11.3,+23.2,+18.6,+18.2,+18.8,+18.8,+18.6,+18.7,+18.7
2022-10-01 15:13,2,+29.0,+29.3,+12.1,+13.3,+11.1,+23.2,+18.7,+18.2,+18.8,+18.8,+18.6,+18.7,+18.7
2022-10-01 16:13,2,+29.1,+29.3,+12.0,+13.3,+11.1,+23.2,+18.7,+18.2,+19.0,+19.0,+18.6,+18.7,+18.7
2022-10-01 17:13,2,+29.0,+29.3,+12.0,+13.3,+11.1,+23.1,+18.7,+18.2,+18.8,+18.8,+18.6,+18.7,+18.7
2022-10-01 18:13,2,+28.9,+29.3,+12.0,+13.3,+11.1,+23.1,+18.6,+18.2,+18.8,+18.8,+18.6,+18.7,+18.7
2022-10-01 19:13,2,+28.9,+29.2,+12.0,+13.3,+11.1,+23.1,+18.6,+18.2,+18.8,+18.8,+18.6,+18.7,+18.7
2022-10-01 20:13,2,+28.9,+29.2,+12.0,+13.3,+11.1,+23.1,+18.5,+18.1,+18.8,+18.8,+18.6,+18.7,+18.7
2022-10-01 21:13,2,+28.9,+29.2,+12.0,+13.3,+11.1,+23.1,+18.3,+18.2,+18.8,+19.0,+18.6,+18.7,+18.7
2022-10-01 22:13,2,+28.9,+29.2,+12.0,+13.3,+11.1,+23.1,+18.5,+18.2,+18.8,+18.8,+18.6,+18.7,+18.7
2022-10-01 23:13,2,+28.8,+29.2,+12.0,+13.3,+11.1,+23.0,+18.3,+18.1,+19.0,+18.8,+18.6,+18.7,+18.7
2022-10-02 00:13,2,+28.8,+29.2,+12.0,+13.3,+11.1,+23.0,+18.2,+18.1,+18.8,+18.8,+18.6,+18.7,+18.7
2022-10-02 01:13,2,+28.7,+29.1,+12.0,+13.1,+11.1,+23.0,+18.1,+18.1,+18.8,+18.8,+18.6,+18.7,+18.7
2022-10-02 02:13,2,+28.7,+29.1,+12.0,+13.1,+11.1,+23.0,+18.1,+18.1,+18.8,+18.8,+18.6,+18.7,+18.7
2022-10-02 03:13,2,+28.6,+29.1,+11.8,+13.1,+11.1,+23.0,+18.1,+18.1,+18.8,+18.8,+18.6,+18.7,+18.7
2022-10-02 04:13,2,+28.6,+29.1,+11.8,+13.1,+11.1,+23.0,+18.0,+18.0,+18.8,+18.8,+18.6,+18.7,+18.7
2022-10-02 05:13,2,+28.5,+29.1,+11.8,+13.1,+11.1,+23.0,+18.0,+18.0,+18.8,+18.8,+18.6,+18.7,+18.7
2022-10-02 06:13,2,+28.5,+29.1,+11.8,+13.1,+11.0,+23.0,+17.8,+18.0,+18.8,+18.8,+18.6,+18.7,+18.7
2022-10-02 07:13,2,+28.5,+29.1,+11.8,+13.1,+11.1,+23.0,+17.8,+18.0,+18.8,+18.8,+18.6,+18.7,+18.7
2022-10-02 08:13,2,+28.4,+29.0,+11.8,+13.1,+11.1,+23.0,+17.8,+17.8,+18.7,+18.8,+18.6,+18.7,+18.7
2022-10-02 09:13,2,+28.4,+29.0,+11.8,+13.1,+11.0,+22.7,+18.0,+17.8,+18.7,+18.8,+18.6,+18.7,+18.7
2022-10-02 10:13,2,+28.4,+29.0,+11.8,+13.1,+11.0,+22.7,+18.1,+17.8,+18.7,+18.8,+18.6,+18.7,+18.7
2022-10-02 11:13,2,+28.4,+29.0,+11.8,+13.1,+11.0,+22.7,+18.2,+18.0,+18.7,+18.8,+18.5,+18.7,+18.7
2022-10-02 12:13,2,+28.4,+28.9,+11.8,+13.1,+11.0,+22.7,+18.5,+17.8,+18.7,+18.8,+18.6,+18.7,+18.7
2022-10-02 13:13,2,+28.4,+28.9,+11.8,+13.1,+11.0,+22.7,+18.7,+18.0,+18.7,+18.8,+18.6,+18.7,+18.7
2022-10-02 14:13,2,+28.4,+28.9,+11.8,+13.1,+11.0,+22.7,+19.0,+18.0,+18.7,+18.8,+18.6,+18.7,+18.7
2022-10-02 15:13,2,+28.7,+28.9,+11.8,+13.1,+10.8,+22.7,+19.0,+18.1,+18.7,+18.8,+18.5,+18.7,+18.7
2022-10-02 16:13,2,+28.6,+28.9,+11.6,+13.1,+11.0,+22.7,+19.0,+18.2,+18.7,+18.7,+18.6,+18.7,+18.7
2022-10-02 17:13,2,+28.6,+28.9,+11.6,+13.0,+10.8,+22.7,+18.8,+18.2,+18.7,+18.7,+18.6,+18.7,+18.7
2022-10-02 18:13,2,+28.5,+28.9,+11.6,+13.0,+11.0,+22.7,+18.8,+18.2,+18.7,+18.7,+18.5,+18.7,+18.7
2022-10-02 19:13,2,+28.5,+28.9,+11.6,+13.0,+10.8,+22.7,+18.8,+18.2,+18.8,+18.8,+18.6,+18.7,+18.7
2022-10-02 20:13,2,+28.5,+28.9,+11.6,+13.0,+10.8,+22.7,+18.7,+18.2,+18.8,+18.7,+18.5,+18.7,+18.7
2022-10-02 21:13,2,+28.5,+28.9,+11.6,+13.0,+10.8,+22.7,+18.6,+18.2,+18.7,+18.7,+18.5,+18.7,+18.7
2022-10-02 22:13,2,+28.4,+28.9,+11.6,+13.0,+10.8,+22.7,+18.6,+18.2,+18.8,+18.7,+18.5,+18.7,+18.7
2022-10-02 23:13,2,+28.4,+28.9,+11.6,+13.0,+10.8,+22.7,+18.5,+18.2,+18.8,+18.7,+18.5,+18.7,+18.7
2022-10-03 00:13,2,+28.3,+28.9,+11.6,+13.0,+10.8,+22.7,+18.3,+18.2,+18.8,+18.7,+18.5,+18.7,+18.7
2022-10-03 01:13,2,+28.3,+28.9,+11.6,+13.0,+10.8,+22.7,+18.3,+18.1,+18.8,+18.7,+18.5,+18.7,+18.7
2022-10-03 02:13,2,+28.3,+28.8,+11.6,+13.0,+10.8,+22.7,+18.2,+18.2,+18.8,+18.7,+18.6,+18.7,+18.7
2022-10-03 03:13,2,+28.3,+28.8,+11.6,+13.0,+10.8,+22.7,+18.2,+18.1,+18.8,+18.8,+18.5,+18.7,+18.7
2022-10-03 04:13,2,+28.2,+28.8,+11.6,+13.0,+10.8,+22.7,+18.2,+18.1,+18.8,+18.7,+18.5,+18.7,+18.7
2022-10-03 05:13,2,+28.2,+28.8,+11.6,+13.0,+10.8,+22.7,+18.1,+18.1,+18.7,+18.7,+18.5,+18.7,+18.7
2022-10-03 06:13,2,+28.2,+28.8,+11.6,+13.0,+10.8,+22.7,+18.1,+18.1,+18.8,+18.7,+18.5,+18.7,+18.7
2022-10-03 07:13,2,+28.2,+28.8,+11.6,+13.0,+10.8,+22.7,+18.1,+18.0,+18.8,+18.7,+18.5,+18.7,+18.7
2022-10-03 08:13,2,+28.1,+28.7,+11.6,+13.0,+10.8,+22.7,+18.1,+18.0,+18.8,+18.8,+18.5,+18.7,+18.7
2022-10-03 09:13,2,+28.1,+28.7,+11.6,+12.8,+10.8,+22.7,+18.2,+18.0,+18.7,+18.7,+18.5,+18.7,+18.7
2022-10-03 10:13,2,+28.1,+28.7,+11.6,+12.8,+10.8,+22.7,+18.5,+18.0,+18.7,+18.7,+18.5,+18.7,+18.7
2022-10-03 11:13,2,+28.1,+28.7,+11.6,+12.8,+10.8,+22.7,+18.6,+18.0,+18.7,+18.7,+18.5,+18.7,+18.7
2022-10-03 12:13,2,+28.1,+28.7,+11.6,+12.8,+10.8,+22.7,+18.7,+18.1,+18.7,+18.7,+18.5,+18.7,+18.7
2022-10-03 13:13,2,+28.1,+28.6,+11.6,+12.8,+10.8,+22.7,+19.0,+18.1,+18.7,+18.7,+18.5,+18.7,+18.7
2022-10-03 14:13,2,+28.1,+28.6,+11.6,+12.8,+10.8,+22.7,+19.3,+18.1,+18.7,+18.7,+18.6,+18.7,+18.7
2022-10-03 15:13,2,+28.2,+28.6,+11.5,+12.8,+10.8,+22.7,+19.8,+18.2,+18.7,+18.7,+18.5,+18.7,+18.7
2022-10-03 16:13,2,+28.2,+28.6,+11.5,+12.8,+10.8,+22.7,+20.2,+18.5,+18.7,+18.7,+18.5,+18.7,+18.7
2022-10-03 17:13,2,+28.2,+28.6,+11.5,+12.8,+10.8,+22.7,+20.3,+18.6,+18.8,+18.7,+18.6,+18.7,+18.7
2022-10-03 18:13,2,+28.2,+28.6,+11.5,+12.8,+10.8,+22.6,+20.2,+18.7,+18.8,+18.7,+18.5,+18.7,+18.7
2022-10-03 19:13,2,+28.2,+28.6,+11.5,+12.8,+10.8,+22.6,+20.0,+18.7,+18.8,+18.7,+18.5,+18.7,+18.7
2022-10-03 20:13,2,+28.2,+28.6,+11.5,+12.8,+10.8,+22.6,+19.8,+18.8,+19.0,+18.7,+18.5,+18.6,+18.7
2022-10-03 21:13,2,+28.2,+28.5,+11.5,+12.8,+10.8,+22.6,+19.7,+18.8,+18.8,+18.7,+18.5,+18.7,+18.7
2022-10-03 22:13,2,+28.1,+28.6,+11.5,+12.8,+10.8,+22.6,+19.6,+18.8,+19.0,+18.7,+18.5,+18.7,+18.7
2022-10-03 23:13,2,+28.1,+28.5,+11.5,+12.8,+10.8,+22.6,+19.5,+18.8,+19.1,+18.7,+18.5,+18.7,+18.7
2022-10-04 00:13,2,+28.1,+28.6,+11.5,+12.8,+10.6,+22.6,+19.3,+18.8,+19.1,+18.8,+18.5,+18.7,+18.7
2022-10-04 01:13,2,+28.1,+28.5,+11.5,+12.8,+10.6,+22.6,+19.3,+18.8,+19.1,+18.8,+18.5,+18.7,+18.7
2022-10-04 02:13,2,+28.1,+28.5,+11.5,+12.8,+10.8,+22.6,+19.1,+18.7,+19.1,+18.8,+18.5,+18.6,+18.7
2022-10-04 03:13,2,+28.1,+28.5,+11.5,+12.8,+10.8,+22.6,+19.1,+18.7,+19.1,+18.8,+18.5,+18.7,+18.7
2022-10-04 04:13,2,+28.1,+28.5,+11.5,+12.8,+10.6,+22.6,+19.0,+18.7,+19.1,+18.8,+18.5,+18.6,+18.7
2022-10-04 05:13,2,+28.1,+28.5,+11.5,+12.8,+10.6,+22.6,+18.8,+18.7,+19.2,+18.8,+18.5,+18.6,+18.7
2022-10-04 06:13,2,+28.1,+28.5,+11.5,+12.8,+10.8,+22.6,+18.8,+18.6,+19.2,+18.8,+18.5,+18.7,+18.7
2022-10-04 07:13,2,+28.0,+28.5,+11.5,+12.8,+10.8,+22.6,+18.7,+18.6,+19.2,+18.8,+18.5,+18.7,+18.7
2022-10-04 08:13,2,+28.0,+28.5,+11.5,+12.8,+10.8,+22.6,+18.7,+18.5,+19.1,+18.8,+18.5,+18.7,+18.7
2022-10-04 09:13,2,+28.0,+28.5,+11.5,+12.8,+10.6,+22.6,+18.7,+18.5,+19.1,+18.8,+18.5,+18.7,+18.7
2022-10-04 10:13,2,+28.0,+28.5,+11.5,+12.8,+10.6,+22.6,+18.8,+18.5,+19.1,+19.0,+18.5,+18.7,+18.7
2022-10-04 11:13,2,+27.9,+28.5,+11.3,+12.8,+10.6,+22.6,+19.0,+18.5,+19.1,+18.8,+18.5,+18.6,+18.7
2022-10-04 12:13,2,+27.9,+28.5,+11.3,+12.6,+10.6,+22.5,+19.1,+18.5,+19.1,+18.8,+18.5,+18.6,+18.7
2022-10-04 13:13,2,+27.9,+28.5,+11.3,+12.6,+10.6,+22.5,+19.3,+18.5,+19.1,+19.0,+18.6,+18.7,+18.7
2022-10-04 14:13,2,+27.9,+28.4,+11.3,+12.6,+10.6,+22.5,+19.6,+18.6,+19.1,+18.8,+18.6,+18.7,+18.7
2022-10-04 15:13,2,+28.0,+28.4,+11.3,+12.6,+10.6,+22.5,+20.0,+18.7,+19.1,+19.0,+18.6,+18.7,+18.7
2022-10-04 16:13,2,+28.0,+28.4,+11.3,+12.6,+10.6,+22.5,+20.0,+18.7,+19.1,+18.8,+18.6,+18.7,+18.7
2022-10-04 17:13,2,+28.0,+28.4,+11.3,+12.6,+10.6,+22.5,+20.0,+18.8,+19.1,+18.8,+18.6,+18.7,+18.7
2022-10-04 18:13,2,+28.0,+28.4,+11.3,+12.6,+10.6,+22.5,+19.8,+19.0,+19.2,+18.8,+18.5,+18.7,+18.7
2022-10-04 19:13,2,+28.0,+28.4,+11.3,+12.6,+10.6,+22.5,+19.7,+19.0,+19.2,+19.0,+18.6,+18.7,+18.7
2022-10-04 20:13,2,+27.9,+28.4,+11.3,+12.6,+10.6,+22.5,+19.6,+19.0,+19.2,+18.8,+18.6,+18.7,+18.7
2022-10-04 21:13,2,+27.9,+28.4,+11.3,+12.6,+10.6,+22.5,+19.6,+19.0,+19.2,+19.0,+18.6,+18.7,+18.7
2022-10-04 22:13,2,+27.9,+28.4,+11.3,+12.6,+10.6,+22.5,+19.6,+19.0,+19.3,+18.8,+18.6,+18.7,+18.7
2022-10-04 23:13,2,+27.9,+28.4,+11.3,+12.6,+10.6,+22.5,+19.3,+19.0,+19.3,+19.0,+18.6,+18.7,+18.7
2022-10-05 00:13,2,+27.9,+28.4,+11.3,+12.6,+10.6,+22.5,+19.5,+19.0,+19.3,+19.0,+18.6,+18.7,+18.7
2022-10-05 01:13,2,+27.9,+28.4,+11.3,+12.6,+10.6,+22.5,+19.3,+18.8,+19.2,+19.0,+18.6,+18.7,+18.7
2022-10-05 02:13,2,+27.9,+28.4,+11.3,+12.6,+10.6,+22.5,+19.2,+18.8,+19.3,+19.0,+18.6,+18.7,+18.7
2022-10-05 03:13,2,+27.9,+28.4,+11.3,+12.6,+10.6,+22.5,+19.2,+18.8,+19.3,+19.0,+18.6,+18.7,+18.7
2022-10-05 04:13,2,+27.9,+28.4,+11.3,+12.6,+10.6,+22.5,+19.1,+18.8,+19.3,+19.0,+18.6,+18.7,+18.7
2022-10-05 05:13,2,+27.9,+28.4,+11.3,+12.6,+10.6,+22.5,+19.1,+18.8,+19.3,+19.1,+18.6,+18.7,+18.7
2022-10-05 06:13,2,+27.8,+28.4,+11.3,+12.6,+10.6,+22.5,+19.1,+18.7,+19.2,+19.0,+18.6,+18.7,+18.7
2022-10-05 07:13,2,+27.8,+28.4,+11.3,+12.6,+10.6,+22.5,+19.1,+18.8,+19.3,+19.0,+18.6,+18.7,+18.7
2022-10-05 08:13,2,+28.0,+28.4,+11.3,+12.6,+10.6,+22.5,+19.0,+18.7,+19.2,+19.1,+18.6,+18.7,+18.7
2022-10-05 09:13,2,+28.1,+28.4,+11.3,+12.6,+10.6,+22.5,+19.0,+18.7,+19.2,+19.1,+18.6,+18.7,+18.7
2022-10-05 10:13,2,+28.1,+28.4,+11.3,+12.6,+10.6,+22.5,+19.1,+18.7,+19.2,+19.1,+18.6,+18.7,+18.7
2022-10-05 11:13,2,+28.3,+28.5,+11.3,+12.6,+10.6,+22.5,+19.1,+18.7,+19.3,+19.1,+18.6,+18.7,+18.7
2022-10-05 12:13,2,+28.5,+28.5,+11.3,+12.6,+10.6,+22.5,+19.1,+18.7,+19.3,+19.1,+18.6,+18.7,+18.7
2022-10-05 13:13,2,+28.4,+28.6,+11.3,+12.6,+10.6,+22.5,+19.2,+18.7,+19.3,+19.1,+18.6,+18.7,+18.7
2022-10-05 14:13,2,+28.4,+28.6,+11.3,+12.6,+10.6,+22.2,+19.3,+18.7,+19.2,+19.1,+18.6,+18.7,+18.7
2022-10-05 15:13,2,+28.3,+28.7,+11.3,+12.6,+10.6,+22.2,+19.5,+18.7,+19.3,+19.0,+18.6,+18.7,+18.7
2022-10-05 16:13,2,+28.3,+28.7,+11.3,+12.6,+10.6,+22.2,+19.5,+18.7,+19.2,+19.0,+18.6,+18.7,+18.7
2022-10-05 17:13,2,+28.3,+28.7,+11.5,+12.6,+10.6,+22.2,+19.5,+18.8,+19.2,+19.1,+18.7,+18.7,+18.7
2022-10-05 18:13,2,+28.4,+28.7,+11.5,+12.6,+10.6,+22.2,+19.5,+18.8,+19.2,+19.1,+18.6,+18.7,+18.7
2022-10-05 19:13,2,+28.4,+28.7,+11.5,+12.6,+10.6,+22.2,+19.5,+18.8,+19.3,+19.1,+18.7,+18.7,+18.7
2022-10-05 20:13,2,+28.3,+28.7,+11.5,+12.6,+10.6,+22.2,+19.3,+18.8,+19.2,+19.0,+18.6,+18.7,+18.7
2022-10-05 21:13,2,+28.3,+28.7,+11.5,+12.6,+10.6,+22.2,+19.2,+18.8,+19.3,+19.1,+18.7,+18.7,+18.7
2022-10-05 22:13,2,+28.3,+28.7,+11.5,+12.6,+10.6,+22.2,+19.1,+18.8,+19.2,+19.1,+18.6,+18.7,+18.7
2022-10-05 23:13,2,+28.2,+28.7,+11.5,+12.6,+10.6,+22.2,+19.1,+18.8,+19.3,+19.1,+18.6,+18.7,+18.7
2022-10-06 00:13,2,+28.2,+28.7,+11.5,+12.6,+10.6,+22.2,+19.0,+18.7,+19.3,+19.1,+18.7,+18.7,+18.7
2022-10-06 01:13,2,+28.2,+28.7,+11.5,+12.6,+10.6,+22.2,+19.0,+18.7,+19.2,+19.1,+18.7,+18.7,+18.7
2022-10-06 02:13,2,+28.2,+28.7,+11.5,+12.6,+10.6,+22.2,+18.8,+18.7,+19.3,+19.1,+18.6,+18.7,+18.7
2022-10-06 03:13,2,+28.1,+28.7,+11.5,+12.6,+10.6,+22.2,+18.8,+18.7,+19.3,+19.1,+18.7,+18.7,+18.7
2022-10-06 04:13,2,+28.1,+28.7,+11.5,+12.6,+10.6,+22.2,+18.7,+18.6,+19.2,+19.1,+18.7,+18.7,+18.7
2022-10-06 05:13,2,+28.1,+28.7,+11.5,+12.6,+10.6,+22.2,+18.6,+18.6,+19.2,+19.1,+18.7,+18.7,+18.7
2022-10-06 06:13,2,+28.1,+28.7,+11.5,+12.6,+10.6,+22.2,+18.6,+18.6,+19.2,+19.1,+18.7,+18.7,+18.7
2022-10-06 07:13,2,+28.0,+28.7,+11.5,+12.6,+10.6,+22.2,+18.6,+18.5,+19.3,+19.1,+18.7,+18.7,+18.7
2022-10-06 08:13,2,+28.0,+28.6,+11.5,+12.6,+10.6,+22.2,+18.6,+18.5,+19.2,+19.1,+18.7,+18.7,+18.7
2022-10-06 09:13,2,+28.0,+28.6,+11.5,+12.6,+10.6,+22.2,+18.6,+18.5,+19.2,+19.1,+18.7,+18.7,+18.7
2022-10-06 10:13,2,+28.0,+28.6,+11.5,+12.6,+10.6,+22.2,+18.6,+18.5,+19.2,+19.1,+18.7,+18.7,+18.7
2022-10-06 11:13,2,+28.0,+28.6,+11.5,+12.6,+10.6,+22.2,+18.7,+18.5,+19.2,+19.1,+18.7,+18.7,+18.7
2022-10-06 12:13,2,+28.0,+28.6,+11.5,+12.6,+10.6,+22.2,+18.8,+18.5,+19.2,+19.1,+18.7,+18.7,+18.7
2022-10-06 13:13,2,+27.9,+28.6,+11.5,+12.6,+10.6,+22.2,+18.8,+18.3,+19.2,+19.1,+18.7,+18.7,+18.7
2022-10-06 14:13,2,+27.9,+28.6,+11.5,+12.6,+10.6,+22.2,+18.8,+18.5,+19.1,+19.1,+18.7,+18.7,+18.7
2022-10-06 15:13,2,+27.9,+28.6,+11.5,+12.6,+10.6,+22.2,+19.0,+18.5,+19.1,+19.1,+18.7,+18.7,+18.7
2022-10-06 16:13,2,+27.9,+28.6,+11.5,+12.6,+10.6,+22.2,+19.1,+18.5,+19.1,+19.1,+18.7,+18.7,+18.7
2022-10-06 17:13,2,+27.9,+28.5,+11.5,+12.6,+10.6,+22.2,+19.1,+18.5,+19.1,+19.1,+18.7,+18.7,+18.7
2022-10-06 18:13,2,+27.9,+28.5,+11.5,+12.6,+10.6,+22.2,+19.1,+18.5,+19.1,+19.1,+18.7,+18.7,+18.7
2022-10-06 19:13,2,+27.9,+28.5,+11.5,+12.6,+10.6,+22.2,+18.8,+18.5,+19.1,+19.1,+18.7,+18.7,+18.7
2022-10-06 20:13,2,+27.9,+28.5,+11.5,+12.6,+10.6,+22.2,+18.8,+18.5,+19.2,+19.1,+18.7,+18.7,+18.7
2022-10-06 21:13,2,+27.8,+28.5,+11.5,+12.6,+10.6,+22.2,+18.8,+18.5,+19.1,+19.1,+18.6,+18.7,+18.7
2022-10-06 22:13,2,+27.8,+28.5,+11.5,+12.6,+10.6,+22.2,+18.7,+18.5,+19.1,+19.1,+18.7,+18.7,+18.7
2022-10-06 23:13,2,+27.8,+28.5,+11.5,+12.6,+10.6,+22.2,+18.7,+18.5,+19.1,+19.0,+18.7,+18.7,+18.7
2022-10-07 00:13,2,+27.8,+28.5,+11.5,+12.6,+10.6,+22.2,+18.7,+18.5,+19.2,+19.0,+18.7,+18.7,+18.7
2022-10-07 01:13,2,+27.8,+28.5,+11.5,+12.6,+10.6,+22.2,+18.6,+18.5,+19.2,+19.1,+18.7,+18.7,+18.7
2022-10-07 02:13,2,+27.8,+28.5,+11.5,+12.6,+10.6,+22.2,+18.5,+18.3,+19.1,+19.0,+18.7,+18.7,+18.7
2022-10-07 03:13,2,+27.8,+28.5,+11.5,+12.6,+10.6,+22.2,+18.5,+18.3,+19.2,+19.1,+18.7,+18.7,+18.7
2022-10-07 04:13,2,+27.8,+28.5,+11.5,+12.6,+10.6,+22.2,+18.5,+18.3,+19.1,+19.0,+18.7,+18.7,+18.7
2022-10-07 05:13,2,+27.8,+28.5,+11.5,+12.6,+10.6,+22.2,+18.5,+18.3,+19.1,+19.1,+18.7,+18.7,+18.7
2022-10-07 06:13,2,+27.8,+28.5,+11.5,+12.6,+10.6,+22.2,+18.5,+18.3,+19.1,+19.0,+18.7,+18.7,+18.7
2022-10-07 07:13,2,+27.8,+28.5,+11.5,+12.6,+10.6,+22.2,+18.3,+18.2,+19.1,+19.0,+18.7,+18.7,+18.7
2022-10-07 08:13,2,+27.8,+28.5,+11.5,+12.6,+10.6,+22.2,+18.5,+18.3,+19.1,+19.1,+18.7,+18.7,+18.7
2022-10-07 09:13,2,+27.7,+28.5,+11.5,+12.6,+10.6,+22.2,+18.6,+18.2,+19.1,+19.0,+18.6,+18.7,+18.7
2022-10-07 10:13,2,+27.7,+28.4,+11.5,+12.6,+10.6,+22.2,+18.6,+18.2,+19.1,+19.0,+18.6,+18.7,+18.7
2022-10-07 11:13,2,+27.7,+28.4,+11.5,+12.6,+10.6,+22.2,+18.7,+18.2,+19.1,+19.0,+18.7,+18.7,+18.7
2022-10-07 12:13,2,+27.8,+28.4,+11.5,+12.6,+10.6,+22.2,+18.7,+18.3,+19.1,+19.0,+18.7,+18.7,+18.7
2022-10-07 13:13,2,+27.9,+28.4,+11.5,+12.6,+10.6,+22.2,+18.7,+18.3,+19.0,+19.0,+18.7,+18.7,+18.7
2022-10-07 14:13,2,+27.9,+28.5,+11.5,+12.6,+10.6,+22.2,+18.8,+18.3,+19.1,+19.0,+18.7,+18.7,+18.7
2022-10-07 14:29,2,+29.2,+28.5,+11.5,+12.6,+10.6,+22.2,+18.8,+18.3,+19.0,+19.0,+18.7,+18.7,+18.7
2022-10-07 15:29,2,+29.4,+28.6,+11.5,+12.6,+10.6,+22.2,+18.7,+18.3,+19.0,+19.0,+18.6,+18.7,+19.0
2022-10-07 16:29,2,+29.2,+28.8,+11.5,+12.6,+10.6,+22.2,+18.6,+18.3,+19.0,+19.0,+18.6,+18.7,+18.7
2022-10-07 17:29,2,+29.1,+28.9,+11.5,+12.6,+10.6,+22.2,+18.6,+18.3,+19.1,+19.0,+18.7,+18.7,+18.7
2022-10-07 18:29,2,+28.9,+29.0,+11.6,+12.6,+10.6,+22.2,+18.5,+18.3,+19.0,+19.0,+18.6,+18.7,+18.7
2022-10-07 19:29,2,+28.9,+29.1,+11.6,+12.6,+10.6,+22.2,+18.5,+18.2,+19.0,+19.0,+18.7,+18.7,+18.7
2022-10-07 20:29,2,+28.9,+29.1,+11.6,+12.6,+10.6,+22.2,+18.3,+18.2,+19.0,+19.0,+18.6,+18.7,+18.7
2022-10-07 21:29,2,+28.8,+29.1,+11.6,+12.6,+10.6,+22.2,+18.3,+18.2,+19.1,+19.0,+18.7,+18.7,+18.7
2022-10-07 22:29,2,+28.7,+29.1,+11.6,+12.6,+10.6,+22.2,+18.2,+18.2,+19.0,+19.0,+18.6,+18.7,+18.7
2022-10-07 23:29,2,+28.6,+29.1,+11.8,+12.6,+10.6,+22.2,+18.2,+18.2,+19.0,+18.8,+18.6,+18.7,+18.7
2022-10-08 00:29,2,+28.6,+29.1,+11.8,+12.6,+10.6,+22.2,+18.2,+18.2,+19.0,+19.0,+18.7,+18.7,+18.7
2022-10-08 01:29,2,+28.5,+29.1,+11.8,+12.6,+10.6,+22.2,+18.1,+18.1,+19.1,+19.0,+18.6,+18.7,+18.7
2022-10-08 02:29,2,+28.5,+29.1,+11.8,+12.6,+10.8,+22.2,+18.1,+18.1,+19.0,+19.0,+18.6,+18.7,+18.7
2022-10-08 03:29,2,+28.4,+29.1,+11.8,+12.8,+10.6,+22.2,+18.1,+18.1,+19.0,+19.0,+18.6,+18.7,+18.7
2022-10-08 04:29,2,+28.4,+29.1,+11.8,+12.8,+10.6,+22.2,+18.0,+18.0,+19.0,+19.0,+18.7,+18.7,+18.7
2022-10-08 05:29,2,+28.4,+29.1,+11.8,+12.8,+10.6,+22.2,+18.0,+18.0,+19.0,+18.8,+18.6,+18.7,+19.0
2022-10-08 06:29,2,+28.3,+29.1,+11.8,+12.8,+10.6,+22.2,+18.0,+18.0,+18.8,+19.0,+18.7,+18.7,+18.7
2022-10-08 07:29,2,+28.3,+29.1,+11.8,+12.8,+10.8,+22.2,+18.0,+18.0,+18.8,+18.8,+18.6,+18.7,+18.7
2022-10-08 08:29,2,+28.3,+29.0,+11.8,+12.8,+10.8,+22.2,+18.0,+18.0,+18.8,+18.8,+18.6,+18.7,+18.7
2022-10-08 09:29,2,+28.3,+29.0,+11.8,+12.8,+10.8,+22.2,+18.1,+18.0,+18.8,+18.8,+18.7,+18.7,+18.7
2022-10-08 10:29,2,+28.2,+29.0,+11.8,+12.8,+10.8,+22.2,+18.2,+18.0,+18.8,+18.8,+18.6,+18.7,+18.7
2022-10-08 11:29,2,+28.2,+29.0,+11.8,+12.8,+10.8,+22.2,+18.3,+18.0,+18.8,+18.8,+18.6,+18.7,+18.7
2022-10-08 12:29,2,+28.2,+28.9,+11.8,+12.8,+10.8,+22.2,+18.5,+18.0,+18.8,+18.8,+18.6,+18.7,+18.7
2022-10-08 13:29,2,+28.2,+28.9,+11.8,+12.8,+10.8,+22.2,+18.5,+18.1,+18.8,+18.8,+18.6,+18.7,+18.7
2022-10-08 14:29,2,+28.2,+28.9,+11.8,+12.8,+10.8,+22.2,+18.5,+18.0,+18.8,+18.8,+18.6,+18.7,+18.7
2022-10-08 15:29,2,+28.1,+28.9,+11.8,+12.8,+10.8,+22.2,+18.5,+18.1,+18.8,+18.8,+18.6,+18.7,+18.7
2022-10-08 16:29,2,+28.1,+28.9,+11.8,+12.8,+10.8,+22.2,+18.5,+18.1,+18.8,+18.8,+18.6,+18.7,+18.7
2022-10-08 17:29,2,+28.1,+28.9,+11.8,+12.8,+10.8,+22.2,+18.3,+18.1,+18.8,+18.8,+18.6,+18.7,+18.7
2022-10-08 18:29,2,+28.1,+28.8,+11.6,+12.8,+10.8,+22.5,+18.3,+18.1,+18.8,+18.8,+18.6,+18.7,+18.7
2022-10-08 19:29,2,+28.1,+28.8,+11.6,+12.8,+10.8,+22.5,+18.2,+18.1,+18.8,+18.8,+18.6,+18.7,+18.7
2022-10-08 20:29,2,+28.1,+28.8,+11.6,+12.8,+10.8,+22.5,+18.2,+18.1,+18.8,+18.8,+18.6,+18.7,+18.7
2022-10-08 21:29,2,+28.2,+28.8,+11.6,+12.8,+10.8,+22.5,+18.1,+18.1,+18.8,+18.8,+18.6,+18.7,+18.7
2022-10-08 22:29,2,+29.1,+28.9,+11.6,+12.8,+10.8,+22.5,+18.1,+18.0,+18.8,+18.8,+18.6,+18.7,+18.7
2022-10-08 23:29,2,+37.0,+31.7,+11.8,+12.8,+10.8,+22.5,+17.8,+17.7,+18.7,+18.8,+18.6,+18.7,+18.7
2022-10-09 00:29,2,+39.3,+34.1,+12.0,+12.8,+10.8,+22.5,+17.6,+17.5,+18.6,+18.8,+18.6,+18.7,+18.7
2022-10-09 01:29,2,+39.7,+33.6,+12.8,+13.1,+10.8,+22.5,+17.5,+17.3,+18.5,+18.8,+18.6,+18.7,+18.7
2022-10-09 02:29,2,+34.7,+31.2,+12.8,+13.6,+11.0,+22.5,+17.5,+17.5,+18.5,+18.7,+18.6,+18.7,+19.0
2022-10-09 03:29,2,+32.4,+31.0,+12.8,+13.8,+11.3,+22.7,+17.6,+17.6,+18.6,+18.7,+18.5,+18.7,+19.0
2022-10-09 04:29,2,+33.2,+31.0,+12.8,+13.8,+11.6,+22.7,+17.5,+17.6,+18.6,+18.7,+18.5,+18.7,+18.7
2022-10-09 05:29,2,+37.0,+31.8,+13.0,+13.8,+11.8,+23.2,+17.3,+17.3,+18.5,+18.6,+18.5,+18.7,+18.7
2022-10-09 06:29,2,+37.3,+31.9,+13.1,+14.0,+12.0,+23.2,+17.3,+17.3,+18.5,+18.6,+18.5,+18.7,+18.7
2022-10-09 07:29,2,+32.9,+31.2,+13.1,+14.1,+12.1,+23.7,+17.3,+17.3,+18.5,+18.6,+18.5,+18.7,+18.7
2022-10-09 08:29,2,+31.0,+30.6,+13.0,+14.1,+12.1,+23.7,+17.3,+17.3,+18.5,+18.6,+18.5,+18.7,+18.7
2022-10-09 09:29,2,+30.4,+30.4,+12.8,+14.0,+12.1,+23.7,+17.5,+17.3,+18.3,+18.5,+18.5,+18.7,+18.7
2022-10-09 10:29,2,+29.9,+30.2,+12.8,+13.8,+12.1,+23.7,+17.5,+17.3,+18.3,+18.5,+18.5,+18.7,+18.7
2022-10-09 11:29,2,+29.5,+30.0,+12.6,+13.8,+12.0,+23.7,+17.5,+17.3,+18.3,+18.5,+18.5,+18.7,+18.7
2022-10-09 12:29,2,+29.3,+29.9,+12.6,+13.8,+12.0,+23.7,+17.5,+17.3,+18.3,+18.5,+18.2,+18.7,+18.7
2022-10-09 13:29,2,+29.3,+29.8,+12.5,+13.6,+11.8,+23.7,+17.5,+17.3,+18.3,+18.5,+18.2,+18.7,+18.7
2022-10-09 14:29,2,+29.2,+29.7,+12.5,+13.6,+11.8,+23.7,+17.6,+17.3,+18.3,+18.5,+18.5,+18.7,+18.7
2022-10-09 15:29,2,+29.4,+29.7,+12.5,+13.6,+11.8,+23.7,+17.5,+17.3,+18.2,+18.5,+18.2,+18.7,+18.7
2022-10-09 16:29,2,+29.8,+29.9,+12.5,+13.6,+11.8,+23.7,+17.5,+17.3,+18.3,+18.5,+18.2,+18.6,+18.7
2022-10-09 17:29,2,+29.5,+29.8,+12.5,+13.6,+11.8,+23.7,+17.5,+17.3,+18.2,+18.5,+18.2,+18.6,+18.7
2022-10-09 18:29,2,+29.9,+29.9,+12.5,+13.6,+11.8,+23.7,+17.5,+17.3,+18.2,+18.3,+18.2,+18.6,+18.7
2022-10-09 19:29,2,+29.9,+30.0,+12.5,+13.6,+11.8,+23.7,+17.5,+17.3,+18.2,+18.5,+18.2,+18.6,+18.7
2022-10-09 20:29,2,+29.6,+29.9,+12.5,+13.6,+11.8,+23.7,+17.6,+17.3,+18.2,+18.3,+18.2,+18.6,+18.7
2022-10-09 21:29,2,+29.5,+29.8,+12.5,+13.6,+11.8,+23.7,+17.5,+17.3,+18.2,+18.3,+18.2,+18.6,+18.7
2022-10-09 22:29,2,+29.5,+29.8,+12.5,+13.6,+11.8,+23.7,+17.6,+17.3,+18.2,+18.3,+18.2,+18.6,+18.7
2022-10-09 23:29,2,+29.7,+29.9,+12.5,+13.6,+11.8,+23.7,+17.6,+17.3,+18.2,+18.3,+18.2,+18.6,+18.7
2022-10-10 00:29,2,+29.4,+29.8,+12.5,+13.6,+11.8,+23.7,+17.6,+17.3,+18.2,+18.3,+18.2,+18.6,+18.7
2022-10-10 01:29,2,+29.3,+29.7,+12.5,+13.6,+11.6,+23.6,+17.6,+17.3,+18.1,+18.2,+18.2,+18.6,+18.7
2022-10-10 02:29,2,+29.1,+29.7,+12.5,+13.6,+11.8,+23.6,+17.6,+17.3,+18.2,+18.3,+18.2,+18.6,+18.6
2022-10-10 03:29,2,+29.1,+29.6,+12.5,+13.6,+11.6,+23.6,+17.6,+17.3,+18.1,+18.3,+18.2,+18.6,+18.7
2022-10-10 04:29,2,+29.0,+29.5,+12.5,+13.5,+11.6,+23.6,+17.6,+17.3,+18.2,+18.2,+18.2,+18.5,+18.7
2022-10-10 05:29,2,+28.9,+29.5,+12.3,+13.5,+11.6,+23.6,+17.6,+17.3,+18.2,+18.2,+18.2,+18.5,+18.6
2022-10-10 06:29,2,+28.9,+29.4,+12.3,+13.5,+11.6,+23.6,+17.6,+17.3,+18.1,+18.2,+18.2,+18.5,+18.7
2022-10-10 07:29,2,+28.8,+29.4,+12.3,+13.5,+11.6,+23.6,+17.6,+17.3,+18.2,+18.2,+18.2,+18.5,+18.7
2022-10-10 08:29,2,+28.8,+29.3,+12.3,+13.3,+11.6,+23.6,+17.7,+17.3,+18.2,+18.2,+18.1,+18.5,+18.6
2022-10-10 09:29,2,+28.8,+29.3,+12.3,+13.3,+11.6,+23.5,+17.8,+17.3,+18.1,+18.2,+18.2,+18.5,+18.7
2022-10-10 10:29,2,+28.7,+29.3,+12.1,+13.3,+11.6,+23.5,+18.0,+17.3,+18.1,+18.2,+18.1,+18.5,+18.6
2022-10-10 11:29,2,+28.7,+29.2,+12.1,+13.3,+11.6,+23.5,+18.1,+17.5,+18.2,+18.2,+18.1,+18.5,+18.6
2022-10-10 12:29,2,+28.8,+29.2,+12.1,+13.3,+11.6,+23.5,+18.2,+17.5,+18.2,+18.2,+18.1,+18.5,+18.7
2022-10-10 13:29,2,+28.8,+29.2,+12.1,+13.3,+11.5,+23.5,+18.2,+17.5,+18.2,+18.2,+18.1,+18.5,+18.6
2022-10-10 14:29,2,+28.7,+29.2,+12.1,+13.3,+11.5,+23.2,+18.3,+17.6,+18.2,+18.2,+18.1,+18.5,+18.6
2022-10-10 15:29,2,+28.7,+29.2,+12.1,+13.3,+11.5,+23.2,+18.3,+17.6,+18.2,+18.2,+18.1,+18.2,+18.6
2022-10-10 16:29,2,+28.7,+29.2,+12.1,+13.3,+11.5,+23.2,+18.3,+17.7,+18.2,+18.2,+18.1,+18.2,+18.6
2022-10-10 17:29,2,+28.6,+29.2,+12.1,+13.3,+11.5,+23.2,+18.5,+17.7,+18.1,+18.2,+18.1,+18.5,+18.6
2022-10-10 18:29,2,+28.6,+29.1,+12.1,+13.1,+11.5,+23.2,+18.5,+17.7,+18.2,+18.2,+18.1,+18.5,+18.6
2022-10-10 19:29,2,+28.6,+29.1,+12.1,+13.1,+11.5,+23.2,+18.3,+17.7,+18.2,+18.2,+18.1,+18.2,+18.6
2022-10-10 20:29,2,+28.6,+29.1,+12.1,+13.1,+11.5,+23.2,+18.3,+17.7,+18.2,+18.2,+18.1,+18.5,+18.6
2022-10-10 21:29,2,+28.5,+29.1,+12.1,+13.1,+11.3,+23.2,+18.3,+17.8,+18.3,+18.2,+18.1,+18.2,+18.6
2022-10-10 22:29,2,+28.5,+29.1,+12.0,+13.1,+11.3,+23.2,+18.3,+17.7,+18.2,+18.2,+18.1,+18.5,+18.6
2022-10-10 23:29,2,+28.5,+29.1,+12.0,+13.1,+11.3,+23.2,+18.3,+17.8,+18.2,+18.2,+18.1,+18.2,+18.6
2022-10-11 00:29,2,+28.5,+29.1,+12.0,+13.1,+11.3,+23.2,+18.2,+17.7,+18.3,+18.2,+18.1,+18.2,+18.6
2022-10-11 01:29,2,+28.5,+29.1,+12.0,+13.1,+11.3,+23.2,+18.2,+17.8,+18.3,+18.2,+18.1,+18.2,+18.6
2022-10-11 02:29,2,+28.5,+29.1,+12.0,+13.1,+11.3,+23.2,+18.2,+17.7,+18.3,+18.2,+18.1,+18.2,+18.6
2022-10-11 03:29,2,+28.5,+29.1,+12.0,+13.1,+11.3,+23.2,+18.2,+17.8,+18.3,+18.2,+18.1,+18.2,+18.6
2022-10-11 04:29,2,+28.5,+29.1,+12.0,+13.1,+11.3,+23.2,+18.2,+17.7,+18.3,+18.3,+18.1,+18.2,+18.6
2022-10-11 05:29,2,+28.5,+29.1,+12.0,+13.1,+11.3,+23.2,+18.2,+17.8,+18.3,+18.2,+18.1,+18.2,+18.6
2022-10-11 06:29,2,+28.5,+29.1,+12.0,+13.1,+11.3,+23.2,+18.2,+17.7,+18.3,+18.3,+18.1,+18.2,+18.6
2022-10-11 07:29,2,+28.5,+29.1,+12.0,+13.1,+11.3,+23.2,+18.1,+17.7,+18.3,+18.3,+18.1,+18.2,+18.6
2022-10-11 08:29,2,+28.5,+29.1,+12.0,+13.1,+11.3,+23.2,+18.2,+17.8,+18.3,+18.2,+18.1,+18.2,+18.5
2022-10-11 09:29,2,+28.5,+29.1,+12.0,+13.1,+11.3,+23.2,+18.2,+17.8,+18.3,+18.3,+18.0,+18.2,+18.6
2022-10-11 10:29,2,+28.5,+29.1,+12.0,+13.1,+11.3,+23.2,+18.2,+17.8,+18.3,+18.3,+18.1,+18.2,+18.6
2022-10-11 11:29,2,+28.4,+29.0,+11.8,+13.1,+11.3,+23.1,+18.5,+17.7,+18.3,+18.2,+18.1,+18.2,+18.6
2022-10-11 12:29,2,+28.4,+29.0,+11.8,+13.1,+11.3,+23.1,+18.6,+17.8,+18.3,+18.3,+18.1,+18.2,+18.6
2022-10-11 13:29,2,+28.4,+29.0,+11.8,+13.0,+11.3,+23.1,+18.8,+17.8,+18.3,+18.3,+18.1,+18.2,+18.6
2022-10-11 14:29,2,+28.4,+29.0,+11.8,+13.0,+11.3,+23.1,+19.0,+18.0,+18.3,+18.3,+18.1,+18.2,+18.6
2022-10-11 15:29,2,+28.4,+29.0,+11.8,+13.0,+11.3,+23.1,+19.1,+18.0,+18.5,+18.3,+18.1,+18.2,+18.5
2022-10-11 16:29,2,+28.4,+28.9,+11.8,+13.0,+11.3,+23.1,+19.1,+18.1,+18.5,+18.3,+18.1,+18.2,+18.5
2022-10-11 17:29,2,+29.1,+29.0,+11.8,+13.0,+11.3,+23.1,+19.2,+18.1,+18.5,+18.3,+18.1,+18.2,+18.5
2022-10-11 18:29,2,+29.1,+29.1,+11.8,+13.0,+11.3,+23.1,+19.1,+18.2,+18.5,+18.3,+18.1,+18.2,+18.5
2022-10-11 19:29,2,+29.1,+29.1,+11.8,+13.0,+11.1,+23.0,+19.1,+18.2,+18.5,+18.3,+18.1,+18.2,+18.5
2022-10-11 20:29,2,+29.3,+29.3,+12.0,+13.0,+11.1,+23.0,+19.0,+18.2,+18.6,+18.3,+18.1,+18.2,+18.5
2022-10-11 21:29,2,+29.2,+29.4,+12.0,+13.0,+11.1,+23.0,+19.0,+18.2,+18.5,+18.3,+18.1,+18.2,+18.5
2022-10-11 22:29,2,+29.1,+29.4,+12.1,+13.0,+11.1,+23.0,+18.8,+18.2,+18.6,+18.3,+18.1,+18.2,+18.5
2022-10-11 23:29,2,+29.0,+29.4,+12.1,+13.0,+11.3,+23.0,+18.7,+18.2,+18.6,+18.3,+18.1,+18.2,+18.5
2022-10-12 00:29,2,+29.0,+29.3,+12.1,+13.1,+11.1,+23.0,+18.7,+18.2,+18.6,+18.3,+18.1,+18.2,+18.5
2022-10-12 01:29,2,+28.9,+29.3,+12.1,+13.1,+11.3,+23.0,+18.6,+18.2,+18.6,+18.5,+18.1,+18.2,+18.5
2022-10-12 02:29,2,+28.8,+29.3,+12.1,+13.1,+11.3,+23.0,+18.5,+18.2,+18.6,+18.5,+18.1,+18.2,+18.5
2022-10-12 03:29,2,+28.8,+29.3,+12.1,+13.1,+11.1,+23.0,+18.5,+18.2,+18.7,+18.5,+18.1,+18.2,+18.5
2022-10-12 04:29,2,+28.7,+29.2,+12.1,+13.1,+11.1,+23.0,+18.3,+18.2,+18.6,+18.5,+18.1,+18.2,+18.5
2022-10-12 05:29,2,+28.7,+29.2,+12.1,+13.1,+11.3,+23.0,+18.3,+18.1,+18.7,+18.5,+18.1,+18.2,+18.5
2022-10-12 06:29,2,+28.7,+29.2,+12.1,+13.1,+11.3,+23.0,+18.3,+18.1,+18.6,+18.5,+18.1,+18.2,+18.5
2022-10-12 07:29,2,+28.6,+29.2,+12.1,+13.1,+11.3,+23.0,+18.2,+18.1,+18.6,+18.5,+18.1,+18.2,+18.5
2022-10-12 08:29,2,+28.6,+29.1,+12.1,+13.1,+11.3,+23.0,+18.3,+18.0,+18.6,+18.5,+18.1,+18.2,+18.5
2022-10-12 09:29,2,+28.6,+29.1,+12.1,+13.1,+11.3,+23.0,+18.3,+18.1,+18.6,+18.5,+18.1,+18.2,+18.5
2022-10-12 10:29,2,+28.6,+29.1,+12.0,+13.1,+11.3,+23.0,+18.5,+18.0,+18.7,+18.5,+18.1,+18.2,+18.5
2022-10-12 11:29,2,+28.5,+29.1,+12.0,+13.1,+11.3,+23.0,+18.6,+18.0,+18.6,+18.5,+18.1,+18.2,+18.5