
2022-09-30 14:13,4,+56.0,+35.6,+40.7,+31.7,+0.0,+0.0,+19.3,+19.5,+19.1,+19.3,+19.7,+19.7,+19.7
2022-09-30 15:13,4,+56.3,+35.7,+40.9,+32.0,+0.0,+0.0,+19.3,+19.5,+19.1,+19.5,+19.7,+19.7,+19.7
2022-09-30 16:13,4,+56.6,+36.0,+41.0,+32.0,+0.0,+0.0,+19.6,+19.5,+19.1,+19.5,+19.7,+19.7,+19.7
2022-09-30 17:13,4,+56.7,+36.2,+41.0,+32.2,+0.0,+0.0,+19.5,+19.6,+19.1,+19.5,+19.7,+19.7,+19.7
2022-09-30 18:13,4,+56.8,+36.3,+41.2,+32.2,+0.0,+0.0,+19.6,+19.6,+19.1,+19.3,+19.7,+19.7,+19.7
2022-09-30 19:13,4,+57.0,+36.4,+41.4,+32.4,+0.0,+0.0,+19.5,+19.6,+19.1,+19.3,+19.7,+19.7,+19.7
2022-09-30 20:13,4,+57.1,+36.6,+41.5,+32.5,+0.0,+0.0,+19.6,+19.6,+19.1,+19.3,+19.7,+19.7,+19.7
2022-09-30 21:13,4,+57.2,+36.9,+41.7,+32.7,+0.0,+0.0,+19.5,+19.7,+19.2,+19.5,+19.7,+19.7,+19.7
2022-09-30 22:13,4,+57.2,+37.0,+41.9,+32.9,+0.0,+0.0,+19.3,+19.7,+19.2,+19.5,+19.7,+19.7,+19.7
2022-09-30 23:13,4,+57.3,+37.2,+42.0,+33.0,+0.0,+0.0,+19.2,+19.6,+19.2,+19.5,+19.7,+19.7,+19.7
2022-10-01 00:13,4,+57.3,+37.3,+42.0,+33.2,+0.0,+0.0,+19.2,+19.6,+19.2,+19.5,+19.7,+19.7,+19.7
2022-10-01 01:13,4,+57.3,+37.3,+42.2,+33.2,+0.0,+0.0,+19.1,+19.6,+19.2,+19.3,+19.7,+19.7,+19.7
2022-10-01 02:13,4,+57.3,+37.4,+42.2,+33.4,+0.0,+0.0,+19.0,+19.6,+19.2,+19.5,+19.7,+19.7,+19.7
2022-10-01 03:13,4,+57.3,+37.5,+42.4,+33.5,+0.0,+0.0,+19.0,+19.5,+19.2,+19.5,+19.7,+19.7,+19.7
2022-10-01 04:13,4,+57.2,+37.5,+42.4,+33.5,+0.0,+0.0,+18.8,+19.5,+19.1,+19.5,+19.7,+19.7,+19.7
2022-10-01 05:13,4,+57.2,+37.4,+42.4,+33.5,+0.0,+0.0,+18.7,+19.5,+19.2,+19.5,+19.7,+19.7,+19.7
2022-10-01 06:13,4,+57.1,+37.4,+42.4,+33.5,+0.0,+0.0,+18.7,+19.3,+19.2,+19.5,+19.7,+19.7,+19.7
2022-10-01 07:13,4,+57.0,+37.1,+42.2,+33.5,+0.0,+0.0,+18.6,+19.2,+19.1,+19.5,+19.7,+19.7,+19.7
2022-10-01 08:13,4,+56.9,+37.0,+42.2,+33.5,+0.0,+0.0,+18.7,+19.2,+19.1,+19.5,+19.7,+19.7,+19.7
2022-10-01 09:13,4,+56.9,+37.0,+42.2,+33.5,+0.0,+0.0,+18.6,+19.2,+19.1,+19.3,+19.7,+19.7,+19.7
2022-10-01 10:13,4,+56.9,+37.0,+42.0,+33.5,+0.0,+0.0,+18.6,+19.2,+19.1,+19.3,+19.7,+19.7,+19.7
2022-10-01 11:13,4,+56.8,+36.9,+42.0,+33.5,+0.0,+0.0,+18.7,+19.2,+19.1,+19.5,+19.7,+19.7,+19.7
2022-10-01 12:13,4,+56.8,+36.9,+42.0,+33.5,+0.0,+0.0,+18.8,+19.2,+19.1,+19.3,+19.7,+19.7,+19.7
2022-10-01 13:13,4,+56.8,+36.9,+42.0,+33.5,+0.0,+0.0,+19.0,+19.2,+19.0,+19.5,+19.7,+19.7,+19.7
2022-10-01 14:13,4,+56.8,+36.9,+42.0,+33.5,+0.0,+0.0,+19.0,+19.2,+19.0,+19.3,+19.7,+19.7,+19.7
2022-10-01 15:13,4,+56.9,+36.9,+42.0,+33.5,+0.0,+0.0,+19.1,+19.2,+19.0,+19.3,+19.7,+19.7,+19.7
2022-10-01 16:13,4,+57.0,+36.9,+42.0,+33.5,+0.0,+0.0,+19.2,+19.3,+19.0,+19.3,+19.7,+19.6,+19.7
2022-10-01 17:13,4,+57.1,+36.9,+42.0,+33.5,+0.0,+0.0,+19.2,+19.2,+19.0,+19.3,+19.7,+19.7,+19.7
2022-10-01 18:13,4,+57.1,+36.9,+42.0,+33.5,+0.0,+0.0,+19.2,+19.3,+19.1,+19.3,+19.7,+19.7,+19.7
2022-10-01 19:13,4,+57.1,+36.9,+42.0,+33.5,+0.0,+0.0,+19.2,+19.3,+19.0,+19.3,+19.7,+19.7,+19.7
2022-10-01 20:13,4,+57.1,+37.0,+42.0,+33.5,+0.0,+0.0,+19.1,+19.3,+19.0,+19.2,+19.7,+19.7,+19.7
2022-10-01 21:13,4,+57.1,+37.0,+42.0,+33.5,+0.0,+0.0,+19.1,+19.3,+19.0,+19.2,+19.7,+19.7,+19.7
2022-10-01 22:13,4,+57.2,+37.0,+42.0,+33.5,+0.0,+0.0,+19.0,+19.3,+19.0,+19.3,+19.7,+19.7,+19.7
2022-10-01 23:13,4,+57.1,+37.0,+42.0,+33.5,+0.0,+0.0,+19.0,+19.3,+19.0,+19.3,+19.7,+19.6,+19.7
2022-10-02 00:13,4,+57.1,+37.0,+42.0,+33.5,+0.0,+0.0,+18.8,+19.3,+19.0,+19.3,+19.7,+19.7,+19.7
2022-10-02 01:13,4,+57.1,+37.0,+42.0,+33.5,+0.0,+0.0,+18.7,+19.3,+19.0,+19.2,+19.7,+19.7,+19.7
2022-10-02 02:13,4,+57.1,+37.0,+42.0,+33.5,+0.0,+0.0,+18.7,+19.3,+19.0,+19.3,+19.7,+19.7,+19.7
2022-10-02 03:13,4,+57.0,+37.0,+42.0,+33.5,+0.0,+0.0,+18.6,+19.2,+19.0,+19.2,+19.7,+19.6,+19.7
2022-10-02 04:13,4,+57.0,+37.0,+42.0,+33.5,+0.0,+0.0,+18.6,+19.2,+19.1,+19.3,+19.7,+19.6,+19.7
2022-10-02 05:13,4,+56.9,+37.0,+42.0,+33.5,+0.0,+0.0,+18.5,+19.2,+19.0,+19.3,+19.7,+19.6,+19.7
2022-10-02 06:13,4,+56.9,+37.0,+42.0,+33.5,+0.0,+0.0,+18.5,+19.1,+19.0,+19.3,+19.7,+19.6,+19.7
2022-10-02 07:13,4,+56.8,+36.9,+42.0,+33.5,+0.0,+0.0,+18.5,+19.1,+19.0,+19.3,+19.7,+19.6,+19.7
2022-10-02 08:13,4,+56.7,+36.9,+42.0,+33.5,+0.0,+0.0,+18.3,+19.0,+18.8,+19.3,+19.7,+19.6,+19.7
2022-10-02 09:13,4,+56.6,+36.9,+42.0,+33.5,+0.0,+0.0,+18.3,+19.0,+18.8,+19.2,+19.7,+19.7,+19.7
2022-10-02 10:13,4,+56.5,+36.9,+42.0,+33.5,+0.0,+0.0,+18.5,+19.0,+18.8,+19.2,+19.7,+19.6,+19.7
2022-10-02 11:13,4,+56.5,+36.8,+42.0,+33.7,+0.0,+0.0,+18.5,+19.0,+18.8,+19.3,+19.7,+19.6,+19.7
2022-10-02 12:13,4,+56.5,+36.8,+42.0,+33.7,+0.0,+0.0,+18.7,+19.0,+18.8,+19.3,+19.7,+19.7,+19.7
2022-10-02 13:13,4,+56.4,+36.8,+42.0,+33.5,+0.0,+0.0,+18.7,+19.0,+18.8,+19.3,+19.7,+19.6,+19.7
2022-10-02 14:13,4,+56.5,+36.8,+42.0,+33.5,+0.0,+0.0,+19.0,+19.0,+18.8,+19.2,+19.7,+19.6,+19.7
2022-10-02 15:13,4,+56.5,+36.7,+42.0,+33.5,+0.0,+0.0,+19.1,+19.1,+18.8,+19.2,+19.7,+19.6,+19.7
2022-10-02 16:13,4,+56.5,+36.7,+42.0,+33.5,+0.0,+0.0,+19.2,+19.1,+18.8,+19.2,+19.7,+19.6,+19.6
2022-10-02 17:13,4,+56.5,+36.7,+42.0,+33.5,+0.0,+0.0,+19.2,+19.2,+18.8,+19.2,+19.6,+19.6,+19.7
2022-10-02 18:13,4,+56.5,+36.7,+42.0,+33.5,+0.0,+0.0,+19.3,+19.3,+18.8,+19.2,+19.7,+19.6,+19.7
2022-10-02 19:13,4,+56.5,+36.7,+42.0,+33.5,+0.0,+0.0,+19.2,+19.3,+18.8,+19.2,+19.6,+19.6,+19.6
2022-10-02 20:13,4,+56.5,+36.7,+42.0,+33.5,+0.0,+0.0,+19.1,+19.3,+19.0,+19.1,+19.7,+19.6,+19.7
2022-10-02 21:13,4,+56.5,+36.7,+42.0,+33.5,+0.0,+0.0,+19.1,+19.3,+18.8,+19.1,+19.6,+19.6,+19.6
2022-10-02 22:13,4,+56.5,+36.7,+42.0,+33.7,+0.0,+0.0,+19.1,+19.3,+18.8,+19.2,+19.7,+19.6,+19.6
2022-10-02 23:13,4,+56.5,+36.7,+42.0,+33.7,+0.0,+0.0,+19.0,+19.3,+19.0,+19.2,+19.7,+19.6,+19.7
2022-10-03 00:13,4,+56.4,+36.7,+42.0,+33.7,+0.0,+0.0,+18.8,+19.3,+19.0,+19.2,+19.6,+19.6,+19.7
2022-10-03 01:13,4,+56.4,+36.7,+42.0,+33.7,+0.0,+0.0,+18.8,+19.2,+19.0,+19.2,+19.6,+19.6,+19.7
2022-10-03 02:13,4,+56.4,+36.6,+42.0,+33.7,+0.0,+0.0,+18.7,+19.2,+19.0,+19.2,+19.6,+19.7,+19.7
2022-10-03 03:13,4,+56.3,+36.6,+42.0,+33.7,+0.0,+0.0,+18.6,+19.2,+18.8,+19.2,+19.7,+19.6,+19.6
2022-10-03 04:13,4,+56.3,+36.6,+42.0,+33.7,+0.0,+0.0,+18.6,+19.2,+19.0,+19.2,+19.6,+19.6,+19.7
2022-10-03 05:13,4,+56.3,+36.6,+42.0,+33.7,+0.0,+0.0,+18.6,+19.1,+18.8,+19.2,+19.7,+19.6,+19.6
2022-10-03 06:13,4,+56.2,+36.6,+42.0,+33.7,+0.0,+0.0,+18.5,+19.1,+19.0,+19.2,+19.6,+19.6,+19.6
2022-10-03 07:13,4,+56.2,+36.6,+42.0,+33.7,+0.0,+0.0,+18.3,+19.0,+18.8,+19.2,+19.7,+19.6,+19.7
2022-10-03 08:13,4,+56.2,+36.5,+42.0,+33.7,+0.0,+0.0,+18.3,+19.0,+18.8,+19.2,+19.6,+19.6,+19.7
2022-10-03 09:13,4,+56.2,+36.5,+42.0,+33.7,+0.0,+0.0,+18.5,+19.0,+18.8,+19.2,+19.7,+19.6,+19.7
2022-10-03 10:13,4,+56.1,+36.5,+42.0,+33.7,+0.0,+0.0,+18.3,+18.8,+18.8,+19.2,+19.6,+19.6,+19.6
2022-10-03 11:13,4,+56.1,+36.5,+42.0,+33.7,+0.0,+0.0,+18.5,+19.0,+18.8,+19.2,+19.7,+19.6,+19.7
2022-10-03 12:13,4,+56.1,+36.4,+42.0,+33.7,+0.0,+0.0,+18.6,+18.8,+18.7,+19.2,+19.6,+19.7,+19.7
2022-10-03 13:13,4,+56.1,+36.4,+42.0,+33.7,+0.0,+0.0,+18.7,+19.0,+18.7,+19.2,+19.6,+19.6,+19.6
2022-10-03 14:13,4,+56.2,+36.3,+42.0,+33.7,+0.0,+0.0,+19.0,+19.0,+18.7,+19.2,+19.7,+19.6,+19.7
2022-10-03 15:13,4,+56.2,+36.3,+42.0,+33.7,+0.0,+0.0,+19.5,+19.1,+18.8,+19.1,+19.6,+19.6,+19.6
2022-10-03 16:13,4,+56.3,+36.3,+42.0,+33.7,+0.0,+0.0,+19.8,+19.2,+18.8,+19.2,+19.6,+19.6,+19.6
2022-10-03 17:13,4,+56.3,+36.3,+42.0,+33.7,+0.0,+0.0,+20.1,+19.3,+18.8,+19.1,+19.6,+19.6,+19.6
2022-10-03 18:13,4,+56.4,+36.3,+42.0,+33.7,+0.0,+0.0,+20.2,+19.5,+19.0,+19.1,+19.7,+19.6,+19.6
2022-10-03 19:13,4,+56.4,+36.3,+42.0,+33.7,+0.0,+0.0,+20.2,+19.7,+18.8,+19.2,+19.6,+19.6,+19.6
2022-10-03 20:13,4,+56.4,+36.2,+42.0,+33.7,+0.0,+0.0,+20.2,+19.7,+18.8,+19.2,+19.6,+19.6,+19.7
2022-10-03 21:13,4,+56.3,+36.2,+42.0,+33.7,+0.0,+0.0,+20.2,+19.8,+19.0,+19.1,+19.6,+19.6,+19.7
2022-10-03 22:13,4,+56.3,+36.2,+42.0,+33.7,+0.0,+0.0,+20.1,+19.8,+19.1,+19.2,+19.7,+19.6,+19.6
2022-10-03 23:13,4,+56.3,+35.9,+42.0,+33.7,+0.0,+0.0,+20.0,+19.8,+19.2,+19.2,+19.6,+19.6,+19.7
2022-10-04 00:13,4,+56.3,+35.7,+42.0,+33.7,+0.0,+0.0,+20.0,+19.8,+19.1,+19.3,+19.7,+19.6,+19.6
2022-10-04 01:13,4,+56.3,+35.7,+42.0,+33.7,+0.0,+0.0,+19.7,+19.8,+19.2,+19.2,+19.6,+19.7,+19.7
2022-10-04 02:13,4,+56.2,+35.6,+42.0,+33.7,+0.0,+0.0,+19.7,+19.8,+19.2,+19.3,+19.7,+19.6,+19.6
2022-10-04 03:13,4,+56.2,+35.6,+42.0,+33.7,+0.0,+0.0,+19.6,+19.8,+19.2,+19.2,+19.7,+19.6,+19.7
2022-10-04 04:13,4,+56.2,+35.6,+42.0,+33.7,+0.0,+0.0,+19.5,+19.7,+19.2,+19.3,+19.7,+19.6,+19.7
2022-10-04 05:13,4,+56.2,+35.6,+42.0,+33.7,+0.0,+0.0,+19.5,+19.7,+19.2,+19.3,+19.6,+19.6,+19.7
2022-10-04 06:13,4,+56.2,+35.6,+42.2,+33.7,+0.0,+0.0,+19.2,+19.7,+19.2,+19.3,+19.7,+19.7,+19.7
2022-10-04 07:13,4,+56.2,+35.6,+42.2,+33.7,+0.0,+0.0,+19.2,+19.6,+19.2,+19.3,+19.7,+19.7,+19.7
2022-10-04 08:13,4,+56.2,+35.6,+42.2,+33.7,+0.0,+0.0,+19.1,+19.6,+19.2,+19.3,+19.7,+19.7,+19.7
2022-10-04 09:13,4,+56.2,+35.6,+42.2,+33.7,+0.0,+0.0,+19.1,+19.6,+19.2,+19.5,+19.7,+19.7,+19.7
2022-10-04 10:13,4,+56.1,+35.5,+42.2,+33.7,+0.0,+0.0,+19.1,+19.6,+19.2,+19.3,+19.7,+19.7,+19.7
2022-10-04 11:13,4,+56.1,+35.5,+42.2,+33.7,+0.0,+0.0,+19.1,+19.5,+19.2,+19.3,+19.7,+19.7,+19.7
2022-10-04 12:13,4,+56.1,+35.5,+42.2,+33.7,+0.0,+0.0,+19.1,+19.5,+19.2,+19.5,+19.7,+19.7,+19.7
2022-10-04 13:13,4,+56.1,+35.5,+42.2,+33.7,+0.0,+0.0,+19.2,+19.5,+19.2,+19.5,+19.7,+19.7,+19.7
2022-10-04 14:13,4,+56.2,+35.5,+42.2,+33.7,+0.0,+0.0,+19.6,+19.5,+19.1,+19.5,+19.7,+19.7,+19.7
2022-10-04 15:13,4,+56.2,+35.5,+42.2,+33.7,+0.0,+0.0,+20.0,+19.6,+19.1,+19.5,+19.7,+19.7,+19.7
2022-10-04 16:13,4,+56.2,+35.5,+42.2,+33.7,+0.0,+0.0,+20.2,+19.6,+19.2,+19.5,+19.7,+19.7,+19.7
2022-10-04 17:13,4,+56.3,+35.5,+42.2,+33.7,+0.0,+0.0,+20.3,+19.8,+19.2,+19.3,+19.7,+19.7,+19.7
2022-10-04 18:13,4,+56.3,+35.5,+42.2,+33.7,+0.0,+0.0,+20.5,+19.8,+19.2,+19.5,+19.7,+19.7,+19.7
2022-10-04 19:13,4,+56.3,+35.5,+42.2,+33.7,+0.0,+0.0,+20.3,+20.0,+19.2,+19.5,+19.7,+19.7,+19.7
2022-10-04 20:13,4,+56.3,+35.5,+42.2,+33.9,+0.0,+0.0,+20.3,+20.1,+19.3,+19.5,+19.7,+19.7,+19.7
2022-10-04 21:13,4,(Error)
2022-10-04 22:13,4,+56.2,+35.4,+42.2,+33.9,+0.0,+0.0,+20.2,+20.1,+19.3,+19.5,+19.7,+19.7,+19.7
2022-10-04 23:13,4,+56.2,+35.4,+42.2,+33.9,+0.0,+0.0,+20.1,+20.1,+19.3,+19.5,+19.7,+19.7,+19.7
2022-10-05 00:13,4,+56.2,+35.4,+42.2,+33.9,+0.0,+0.0,+20.1,+20.1,+19.5,+19.6,+19.7,+19.7,+19.7
2022-10-05 01:13,4,,,,,,,+20.0,+20.1,+19.5,+19.5,+19.7,+19.7,+19.7
2022-10-05 02:13,4,+56.2,+35.4,+42.2,+33.9,+0.0,+0.0,+19.8,+20.1,+19.5,+19.6,+19.7,+19.7,+19.7
2022-10-05 03:13,4,+56.1,+35.4,+42.2,+33.9,+0.0,+0.0,+19.7,+20.0,+19.5,+19.5,+19.7,+19.7,+19.7
2022-10-05 04:13,4,+56.1,+35.4,+42.2,+33.9,+0.0,+0.0,+19.7,+20.0,+19.5,+19.5,+19.7,+19.7,+19.7
2022-10-05 05:13,4,+56.1,+35.4,+42.2,+34.0,+0.0,+0.0,+19.6,+20.0,+19.5,+19.6,+19.7,+19.7,+19.7
2022-10-05 06:13,4,+56.1,+35.4,+42.2,+34.0,+0.0,+0.0,+19.5,+19.8,+19.5,+19.5,+20.0,+19.7,+19.7
2022-10-05 07:13,4,(Error)
2022-10-05 08:13,4,(Error)
2022-10-05 09:13,4,+56.9,+35.6,+42.5,+34.2,+0.0,+0.0,+19.5,+19.8,+19.5,+19.6,+20.0,+19.7,+19.7
2022-10-05 10:13,4,+57.1,+35.7,+42.5,+34.2,+0.0,+0.0,+19.5,+19.7,+19.5,+19.6,+20.0,+19.7,+19.7
2022-10-05 11:13,4,+57.3,+35.9,+42.5,+34.5,+0.0,+0.0,+19.3,+19.7,+19.5,+19.6,+19.7,+19.7,+19.7
2022-10-05 12:13,4,+57.5,+36.1,+42.5,+34.7,+0.0,+0.0,+19.5,+19.6,+19.5,+19.6,+20.0,+19.7,+19.7
2022-10-05 13:13,4,+57.6,+36.3,+42.7,+34.9,+0.0,+0.0,+19.5,+19.7,+19.3,+19.6,+20.0,+19.7,+19.7
2022-10-05 14:13,4,+57.6,+36.5,+42.7,+35.0,+0.0,+0.0,+19.6,+19.7,+19.5,+19.6,+20.0,+19.7,+19.7
2022-10-05 15:13,4,+57.7,+36.7,+42.7,+35.0,+0.0,+0.0,+19.7,+19.7,+19.5,+19.6,+20.0,+19.7,+19.7
2022-10-05 16:13,4,+57.6,+36.8,+42.7,+34.9,+0.0,+0.0,+19.8,+19.7,+19.3,+19.6,+20.0,+19.7,+19.7
2022-10-05 17:13,4,+57.6,+36.9,+42.7,+35.0,+0.0,+0.0,+19.8,+19.8,+19.3,+19.6,+20.0,+19.7,+19.7
2022-10-05 18:13,4,+57.6,+37.0,+42.7,+35.0,+0.0,+0.0,+19.8,+19.8,+19.5,+19.6,+20.0,+19.7,+19.7
2022-10-05 19:13,4,+57.6,+37.0,+42.7,+35.0,+0.0,+0.0,+19.8,+20.0,+19.5,+19.6,+20.0,+19.7,+19.7
2022-10-05 20:13,4,(Error)
2022-10-05 21:13,4,+57.5,+37.1,+42.7,+35.0,+0.0,+0.0,+19.8,+19.8,+19.5,+19.6,+20.0,+19.7,+19.7
2022-10-05 22:13,4,+57.4,+37.1,+42.7,+35.0,+0.0,+0.0,+19.7,+20.0,+19.5,+19.7,+20.0,+19.7,+19.7
2022-10-05 23:13,4,+57.3,+37.2,+42.7,+35.0,+0.0,+0.0,+19.6,+19.8,+19.5,+19.6,+20.0,+19.7,+19.7
2022-10-06 00:13,4,+57.2,+37.2,+42.9,+35.0,+0.0,+0.0,+19.6,+19.8,+19.5,+19.6,+20.0,+19.7,+19.7
2022-10-06 01:13,4,+57.2,+37.2,+42.9,+35.0,+0.0,+0.0,+19.5,+19.8,+19.5,+19.7,+20.1,+19.7,+19.7
2022-10-06 02:13,4,+57.2,+37.2,+42.9,+35.0,+0.0,+0.0,+19.3,+19.8,+19.5,+19.7,+20.1,+19.7,+19.7
2022-10-06 03:13,4,+57.1,+37.2,+42.9,+35.0,+0.0,+0.0,+19.3,+19.7,+19.5,+19.7,+20.0,+19.7,+19.7
2022-10-06 04:13,4,+57.1,+37.1,+42.9,+35.0,+0.0,+0.0,+19.2,+19.7,+19.5,+19.7,+20.0,+19.7,+19.7
2022-10-06 05:13,4,+57.1,+37.1,+42.9,+35.0,+0.0,+0.0,+19.1,+19.7,+19.5,+19.6,+20.0,+19.7,+19.7
2022-10-06 06:13,4,+57.0,+37.1,+42.9,+35.0,+0.0,+0.0,+19.0,+19.6,+19.3,+19.7,+20.0,+19.7,+19.7
2022-10-06 07:13,4,+57.0,+37.1,+42.9,+35.0,+0.0,+0.0,+19.0,+19.6,+19.5,+19.7,+20.0,+19.7,+19.7
2022-10-06 08:13,4,+57.0,+37.1,+42.9,+35.0,+0.0,+0.0,+18.8,+19.5,+19.3,+19.7,+20.0,+19.7,+19.7
2022-10-06 09:13,4,+57.0,+37.1,+42.9,+35.0,+0.0,+0.0,+18.8,+19.5,+19.5,+19.6,+20.1,+19.7,+19.7
2022-10-06 10:13,4,+57.0,+37.1,+42.9,+35.0,+0.0,+0.0,+18.8,+19.5,+19.3,+19.6,+20.0,+19.7,+19.7
2022-10-06 11:13,4,+57.0,+37.0,+42.9,+35.0,+0.0,+0.0,+18.8,+19.3,+19.3,+19.7,+20.0,+19.7,+19.7
2022-10-06 12:13,4,+56.9,+37.0,+42.9,+35.0,+0.0,+0.0,+19.0,+19.3,+19.3,+19.6,+20.0,+19.7,+19.7
2022-10-06 13:13,4,+56.9,+36.9,+42.9,+35.0,+0.0,+0.0,+19.0,+19.3,+19.3,+19.6,+20.0,+19.7,+19.7
2022-10-06 14:13,4,+56.9,+36.9,+42.9,+35.0,+0.0,+0.0,+19.1,+19.3,+19.2,+19.6,+20.0,+19.7,+19.7
2022-10-06 15:13,4,+56.9,+36.9,+42.9,+35.0,+0.0,+0.0,+19.1,+19.3,+19.2,+19.6,+20.0,+19.7,+19.7
2022-10-06 16:13,4,+56.9,+36.9,+42.9,+35.2,+0.0,+0.0,+19.1,+19.3,+19.2,+19.6,+20.0,+19.7,+19.7
2022-10-06 17:13,4,+56.9,+36.8,+42.9,+35.2,+0.0,+0.0,+19.1,+19.5,+19.2,+19.6,+20.0,+20.0,+19.7
2022-10-06 18:13,4,(Error)
2022-10-06 19:13,4,+56.9,+36.8,+42.9,+35.2,+0.0,+0.0,+19.1,+19.5,+19.2,+19.6,+20.1,+19.7,+19.7
2022-10-06 20:13,4,+56.9,+36.8,+42.9,+35.2,+0.0,+0.0,+19.1,+19.5,+19.2,+19.6,+20.0,+19.7,+20.0
2022-10-06 21:13,4,+56.9,+36.8,+42.9,+35.2,+0.0,+0.0,+19.1,+19.5,+19.2,+19.6,+20.0,+19.7,+19.7
2022-10-06 22:13,4,+56.9,+36.8,+42.9,+35.0,+0.0,+0.0,+19.0,+19.5,+19.2,+19.6,+20.1,+20.0,+19.7
2022-10-06 23:13,4,+56.9,+36.7,+42.9,+35.0,+0.0,+0.0,+19.0,+19.5,+19.2,+19.6,+20.0,+19.7,+19.7
2022-10-07 00:13,4,+56.9,+36.7,+42.9,+35.0,+0.0,+0.0,+19.0,+19.5,+19.2,+19.6,+20.0,+19.7,+19.7
2022-10-07 01:13,4,+56.9,+36.7,+42.9,+35.0,+0.0,+0.0,+18.8,+19.3,+19.2,+19.6,+20.0,+19.7,+19.7
2022-10-07 02:13,4,+56.8,+36.7,+42.9,+35.0,+0.0,+0.0,+18.8,+19.3,+19.2,+19.6,+20.0,+19.7,+19.7
2022-10-07 03:13,4,+56.8,+36.7,+42.9,+35.0,+0.0,+0.0,+18.8,+19.3,+19.2,+19.6,+20.0,+19.7,+19.7
2022-10-07 04:13,4,+56.8,+36.7,+42.9,+35.0,+0.0,+0.0,+18.7,+19.3,+19.2,+19.6,+20.0,+19.7,+19.7
2022-10-07 05:13,4,+56.8,+36.6,+42.9,+35.0,+0.0,+0.0,+18.7,+19.2,+19.2,+19.6,+20.0,+19.7,+19.7
2022-10-07 06:13,4,+56.8,+36.6,+42.9,+35.0,+0.0,+0.0,+18.6,+19.2,+19.1,+19.6,+20.0,+19.7,+19.7
2022-10-07 07:13,4,+56.8,+36.6,+42.9,+35.0,+0.0,+0.0,+18.6,+19.2,+19.1,+19.5,+20.0,+19.7,+19.7
2022-10-07 08:13,4,+56.8,+36.6,+42.9,+35.0,+0.0,+0.0,+18.6,+19.2,+19.1,+19.6,+20.0,+19.7,+19.7
2022-10-07 09:13,4,+56.8,+36.5,+42.9,+35.0,+0.0,+0.0,+18.6,+19.1,+19.1,+19.6,+20.0,+19.7,+19.7
2022-10-07 10:13,4,+56.8,+36.5,+42.9,+35.0,+0.0,+0.0,+18.7,+19.2,+19.1,+19.5,+20.0,+19.7,+19.7
2022-10-07 11:13,4,+56.8,+36.5,+42.9,+35.0,+0.0,+0.0,+18.7,+19.1,+19.1,+19.6,+20.0,+19.7,+19.7
2022-10-07 12:13,4,+56.8,+36.5,+42.9,+35.0,+0.0,+0.0,+18.8,+19.2,+19.1,+19.5,+20.0,+19.7,+19.7
2022-10-07 13:13,4,+56.8,+36.5,+42.9,+35.0,+0.0,+0.0,+18.8,+19.2,+19.0,+19.5,+20.0,+19.7,+19.7
2022-10-07 14:13,4,+56.9,+36.5,+42.9,+35.0,+0.0,+0.0,+18.8,+19.2,+19.1,+19.5,+20.0,+19.7,+19.7
2022-10-07 14:29,4,+56.9,+36.5,+42.9,+35.0,+0.0,+0.0,+18.8,+19.2,+19.1,+19.5,+19.7,+19.7,+19.7
2022-10-07 15:29,4,+57.6,+36.8,+42.9,+35.4,+0.0,+0.0,+18.8,+19.2,+19.0,+19.5,+19.7,+19.7,+19.7
2022-10-07 16:29,4,+57.8,+37.1,+42.9,+35.5,+0.0,+0.0,+18.8,+19.2,+19.0,+19.5,+19.7,+19.7,+19.7
2022-10-07 17:29,4,+58.0,+37.2,+42.9,+35.5,+0.0,+0.0,+18.8,+19.2,+19.1,+19.5,+19.7,+19.7,+19.7
2022-10-07 18:29,4,+58.1,+37.4,+43.0,+35.5,+0.0,+0.0,+18.7,+19.2,+19.0,+19.5,+19.7,+19.7,+19.7
2022-10-07 19:29,4,+58.1,+37.5,+43.0,+35.7,+0.0,+0.0,+18.8,+19.2,+19.1,+19.5,+19.7,+19.7,+19.7
2022-10-07 20:29,4,+58.3,+37.5,+43.0,+35.7,+0.0,+0.0,+18.7,+19.2,+19.0,+19.5,+20.0,+19.7,+19.7
2022-10-07 21:29,4,+58.3,+37.6,+43.2,+35.9,+0.0,+0.0,+18.6,+19.2,+19.0,+19.5,+20.0,+19.7,+19.7
2022-10-07 22:29,4,+58.3,+37.7,+43.2,+35.9,+0.0,+0.0,+18.5,+19.2,+19.0,+19.5,+20.0,+19.7,+19.7
2022-10-07 23:29,4,+58.2,+37.7,+43.2,+36.0,+0.0,+0.0,+18.5,+19.1,+19.1,+19.5,+19.7,+19.7,+19.7
2022-10-08 00:29,4,+58.2,+37.7,+43.2,+36.0,+0.0,+0.0,+18.5,+19.1,+19.0,+19.5,+19.7,+19.7,+19.7
2022-10-08 01:29,4,+58.2,+37.7,+43.4,+36.0,+0.0,+0.0,+18.3,+19.1,+19.0,+19.3,+19.7,+19.7,+19.7
2022-10-08 02:29,4,+58.1,+37.7,+43.4,+36.0,+0.0,+0.0,+18.3,+19.0,+19.0,+19.5,+19.7,+19.7,+19.7
2022-10-08 03:29,4,+58.1,+37.7,+43.4,+36.0,+0.0,+0.0,+18.3,+19.0,+19.0,+19.5,+19.7,+19.7,+19.7
2022-10-08 04:29,4,+58.1,+37.7,+43.4,+36.0,+0.0,+0.0,+18.3,+19.0,+19.0,+19.3,+19.7,+19.7,+19.7
2022-10-08 05:29,4,+58.1,+37.7,+43.4,+36.0,+0.0,+0.0,+18.2,+18.8,+18.8,+19.2,+19.7,+19.7,+19.7
2022-10-08 06:29,4,+58.1,+37.8,+43.4,+36.0,+0.0,+0.0,+18.2,+18.8,+18.8,+19.3,+19.7,+19.7,+19.7
2022-10-08 07:29,4,+58.1,+37.8,+43.4,+36.0,+0.0,+0.0,+18.2,+18.8,+18.8,+19.3,+19.7,+19.7,+19.7
2022-10-08 08:29,4,+58.1,+37.8,+43.4,+36.0,+0.0,+0.0,+18.2,+18.7,+18.8,+19.3,+19.7,+19.7,+19.7
2022-10-08 09:29,4,+58.1,+37.8,+43.5,+36.0,+0.0,+0.0,+18.2,+18.8,+18.8,+19.3,+19.7,+19.7,+19.7
2022-10-08 10:29,4,+58.0,+37.9,+43.5,+36.0,+0.0,+0.0,+18.2,+18.7,+18.7,+19.3,+19.7,+19.7,+19.7
2022-10-08 11:29,4,+57.9,+38.0,+43.4,+36.0,+0.0,+0.0,+18.3,+18.7,+18.8,+19.3,+19.7,+19.7,+19.7
2022-10-08 12:29,4,+57.8,+38.0,+43.4,+36.0,+0.0,+0.0,+18.5,+18.7,+18.7,+19.2,+19.7,+19.7,+19.7
2022-10-08 13:29,4,+57.8,+38.0,+43.4,+36.0,+0.0,+0.0,+18.5,+18.7,+18.7,+19.2,+19.7,+19.7,+19.7
2022-10-08 14:29,4,+57.8,+38.0,+43.4,+36.0,+0.0,+0.0,+18.6,+18.8,+18.7,+19.2,+19.7,+19.7,+19.7
2022-10-08 15:29,4,+57.8,+38.0,+43.4,+36.0,+0.0,+0.0,+18.6,+18.8,+18.7,+19.2,+19.7,+19.7,+19.7
2022-10-08 16:29,4,+57.8,+38.0,+43.4,+36.0,+0.0,+0.0,+18.6,+18.8,+18.7,+19.2,+19.7,+19.7,+19.7
2022-10-08 17:29,4,+57.7,+38.0,+43.4,+36.0,+0.0,+0.0,+18.6,+18.8,+18.7,+19.2,+19.7,+19.7,+19.7
2022-10-08 18:29,4,+57.7,+38.0,+43.4,+36.0,+0.0,+0.0,+18.6,+19.0,+18.7,+19.2,+19.7,+19.7,+19.7
2022-10-08 19:29,4,+57.7,+38.0,+43.4,+36.0,+0.0,+0.0,+18.6,+19.0,+18.7,+19.2,+19.7,+19.7,+19.7
2022-10-08 20:29,4,+57.7,+38.0,+43.4,+36.0,+0.0,+0.0,+18.5,+19.0,+18.7,+19.2,+19.7,+19.7,+19.7
2022-10-08 21:29,4,+57.7,+37.9,+43.4,+36.0,+0.0,+0.0,+18.5,+19.0,+18.8,+19.2,+19.7,+19.7,+19.7
2022-10-08 22:29,4,+58.0,+37.9,+43.5,+36.0,+0.0,+0.0,+18.5,+19.0,+18.7,+19.2,+19.7,+19.7,+19.7
2022-10-08 23:29,4,(Error)
2022-10-09 00:29,4,+58.5,+38.7,+43.9,+36.5,+0.0,+0.0,+18.3,+18.8,+18.7,+19.2,+19.7,+19.7,+19.7
2022-10-09 01:29,4,+58.6,+39.0,+44.0,+36.5,+0.0,+0.0,+18.2,+18.8,+18.7,+19.2,+19.7,+19.7,+19.7
2022-10-09 02:29,4,+58.7,+39.3,+44.0,+36.7,+0.0,+0.0,+18.2,+18.8,+18.7,+19.1,+19.7,+19.7,+19.7
2022-10-09 03:29,4,+58.8,+39.6,+44.2,+37.0,+0.0,+0.0,+18.1,+18.7,+18.7,+19.2,+19.7,+19.6,+19.7
2022-10-09 04:29,4,+59.0,+39.9,+44.5,+37.0,+0.0,+0.0,+18.1,+18.7,+18.6,+19.1,+19.7,+19.6,+19.7
2022-10-09 05:29,4,+59.1,+40.1,+44.7,+37.2,+0.0,+0.0,+18.1,+18.6,+18.6,+19.1,+19.6,+19.6,+19.7
2022-10-09 06:29,4,+59.2,+40.3,+44.9,+37.4,+0.0,+0.0,+18.0,+18.7,+18.6,+19.1,+19.7,+19.7,+19.7
2022-10-09 07:29,4,+59.2,+40.5,+45.0,+37.5,+0.0,+0.0,+18.0,+18.6,+18.6,+19.0,+19.6,+19.6,+19.7
2022-10-09 08:29,4,+59.2,+40.6,+45.0,+37.5,+0.0,+0.0,+18.0,+18.6,+18.6,+19.1,+19.7,+19.6,+19.7
2022-10-09 09:29,4,+59.2,+40.8,+45.0,+37.5,+0.0,+0.0,+18.0,+18.5,+18.6,+19.1,+19.6,+19.6,+19.7
2022-10-09 10:29,4,+59.3,+40.9,+45.0,+37.7,+0.0,+0.0,+17.8,+18.5,+18.6,+19.0,+19.6,+19.6,+19.7
2022-10-09 11:29,4,+59.2,+40.9,+45.0,+37.7,+0.0,+0.0,+17.8,+18.5,+18.5,+19.0,+19.6,+19.6,+19.6
2022-10-09 12:29,4,+59.2,+40.9,+45.0,+37.7,+0.0,+0.0,+17.8,+18.5,+18.5,+19.0,+19.6,+19.6,+19.7
2022-10-09 13:29,4,+59.2,+41.0,+45.0,+37.7,+0.0,+0.0,+17.8,+18.3,+18.5,+19.0,+19.6,+19.6,+19.7
2022-10-09 14:29,4,+59.3,+41.0,+45.0,+37.7,+0.0,+0.0,+18.0,+18.3,+18.5,+19.0,+19.6,+19.6,+19.6
2022-10-09 15:29,4,+59.3,+41.1,+45.0,+37.7,+0.0,+0.0,+18.0,+18.3,+18.5,+19.0,+19.6,+19.5,+19.6
2022-10-09 16:29,4,+59.5,+41.3,+45.0,+37.7,+0.0,+0.0,+18.0,+18.3,+18.3,+19.0,+19.6,+19.6,+19.6
2022-10-09 17:29,4,+59.5,+41.5,+45.0,+37.7,+0.0,+0.0,+18.0,+18.3,+18.3,+19.0,+19.5,+19.6,+19.6
2022-10-09 18:29,4,+59.6,+41.6,+45.2,+37.7,+0.0,+0.0,+18.0,+18.3,+18.3,+19.0,+19.6,+19.6,+19.6
2022-10-09 19:29,4,+59.7,+41.7,+45.2,+37.7,+0.0,+0.0,+18.0,+18.3,+18.3,+18.8,+19.5,+19.6,+19.6
2022-10-09 20:29,4,+59.7,+41.9,+45.2,+37.9,+0.0,+0.0,+18.0,+18.3,+18.3,+18.8,+19.5,+19.5,+19.6
2022-10-09 21:29,4,+59.7,+42.0,+45.2,+37.9,+0.0,+0.0,+17.8,+18.3,+18.2,+18.8,+19.5,+19.5,+19.6
2022-10-09 22:29,4,+59.8,+42.2,+45.2,+37.9,+0.0,+0.0,+17.8,+18.3,+18.3,+18.8,+19.5,+19.5,+19.6
2022-10-09 23:29,4,+59.9,+42.3,+45.2,+37.9,+0.0,+0.0,+17.8,+18.3,+18.3,+18.8,+19.5,+19.5,+19.6
2022-10-10 00:29,4,+59.9,+42.5,+45.2,+37.9,+0.0,+0.0,+17.8,+18.3,+18.2,+18.7,+19.5,+19.5,+19.6
2022-10-10 01:29,4,+59.9,+42.6,+45.2,+37.9,+0.0,+0.0,+17.8,+18.2,+18.2,+18.7,+19.2,+19.5,+19.6
2022-10-10 02:29,4,+59.8,+42.7,+45.2,+37.9,+0.0,+0.0,+17.8,+18.3,+18.3,+18.8,+19.2,+19.5,+19.6
2022-10-10 03:29,4,+59.8,+42.8,+45.2,+37.9,+0.0,+0.0,+17.8,+18.2,+18.2,+18.7,+19.5,+19.5,+19.6
2022-10-10 04:29,4,+59.7,+42.9,+45.2,+37.9,+0.0,+0.0,+17.8,+18.3,+18.2,+18.8,+19.2,+19.5,+19.5
2022-10-10 05:29,4,+59.7,+42.9,+45.2,+37.7,+0.0,+0.0,+17.8,+18.3,+18.2,+18.7,+19.2,+19.5,+19.5
2022-10-10 06:29,4,+59.7,+43.0,+45.2,+37.7,+0.0,+0.0,+18.0,+18.3,+18.2,+18.7,+19.2,+19.2,+19.5
2022-10-10 07:29,4,+59.6,+43.2,+45.0,+37.7,+0.0,+0.0,+18.0,+18.3,+18.2,+18.7,+19.2,+19.2,+19.5
2022-10-10 08:29,4,+59.6,+43.4,+45.4,+37.7,+0.0,+0.0,+18.0,+18.3,+18.2,+18.6,+19.2,+19.2,+19.5
2022-10-10 09:29,4,+59.6,+43.4,+45.5,+37.7,+0.0,+0.0,+18.0,+18.3,+18.2,+18.7,+19.2,+19.2,+19.5
2022-10-10 10:29,4,+59.6,+43.4,+45.5,+37.7,+0.0,+0.0,+18.0,+18.3,+18.2,+18.7,+19.2,+19.2,+19.5
2022-10-10 11:29,4,+59.6,+43.4,+45.5,+37.7,+0.0,+0.0,+18.1,+18.3,+18.1,+18.6,+19.2,+19.2,+19.5
2022-10-10 12:29,4,+59.7,+43.4,+45.7,+37.7,+0.0,+0.0,+18.2,+18.5,+18.1,+18.6,+19.2,+19.2,+19.2
2022-10-10 13:29,4,+59.7,+43.4,+45.7,+37.7,+0.0,+0.0,+18.3,+18.3,+18.2,+18.6,+19.2,+19.2,+19.5
2022-10-10 14:29,4,+59.8,+43.5,+45.7,+37.7,+0.0,+0.0,+18.5,+18.5,+18.2,+18.6,+19.2,+19.2,+19.2
2022-10-10 15:29,4,+59.8,+43.5,+45.7,+37.5,+0.0,+0.0,+18.6,+18.6,+18.2,+18.6,+19.2,+19.2,+19.5
2022-10-10 16:29,4,+59.8,+43.5,+45.7,+37.5,+0.0,+0.0,+18.6,+18.6,+18.2,+18.6,+19.2,+19.2,+19.2
2022-10-10 17:29,4,+59.8,+43.5,+45.7,+37.5,+0.0,+0.0,+18.7,+18.7,+18.2,+18.6,+19.2,+19.2,+19.5
2022-10-10 18:29,4,+59.8,+43.5,+45.9,+37.5,+0.0,+0.0,+18.7,+18.7,+18.2,+18.6,+19.2,+19.2,+19.5
2022-10-10 19:29,4,+59.8,+43.5,+45.9,+37.5,+0.0,+0.0,+18.8,+18.7,+18.2,+18.7,+19.2,+19.2,+19.2
2022-10-10 20:29,4,+59.8,+43.5,+45.9,+37.5,+0.0,+0.0,+18.7,+18.7,+18.3,+18.6,+19.2,+19.2,+19.2
2022-10-10 21:29,4,+59.8,+43.5,+45.9,+37.5,+0.0,+0.0,+18.7,+18.8,+18.3,+18.6,+19.1,+19.2,+19.2
2022-10-10 22:29,4,+59.5,+43.6,+46.0,+37.5,+0.0,+0.0,+18.7,+18.8,+18.3,+18.6,+19.2,+19.2,+19.5
2022-10-10 23:29,4,+59.3,+43.6,+46.0,+37.5,+0.0,+0.0,+18.7,+18.8,+18.3,+18.6,+19.2,+19.2,+19.2
2022-10-11 00:29,4,+59.2,+43.6,+46.0,+37.5,+0.0,+0.0,+18.7,+18.8,+18.3,+18.7,+19.2,+19.2,+19.2
2022-10-11 01:29,4,+59.2,+43.6,+46.0,+37.5,+0.0,+0.0,+18.7,+18.8,+18.3,+18.6,+19.2,+19.2,+19.2
2022-10-11 02:29,4,+59.2,+43.6,+46.0,+37.5,+0.0,+0.0,+18.6,+18.8,+18.5,+18.6,+19.2,+19.2,+19.2
2022-10-11 03:29,4,+59.2,+43.6,+46.0,+37.5,+0.0,+0.0,+18.6,+18.8,+18.3,+18.7,+19.1,+19.2,+19.2
2022-10-11 04:29,4,+59.2,+43.6,+46.0,+37.5,+0.0,+0.0,+18.6,+18.8,+18.3,+18.7,+19.2,+19.2,+19.2
2022-10-11 05:29,4,+59.2,+43.6,+46.0,+37.5,+0.0,+0.0,+18.6,+18.8,+18.3,+18.7,+19.1,+19.2,+19.2
2022-10-11 06:29,4,+59.2,+43.6,+45.9,+37.5,+0.0,+0.0,+18.6,+18.7,+18.5,+18.7,+19.2,+19.2,+19.2
2022-10-11 07:29,4,+59.1,+43.7,+45.9,+37.5,+0.0,+0.0,+18.5,+18.8,+18.5,+18.7,+19.2,+19.2,+19.2
2022-10-11 08:29,4,(Error)
2022-10-11 09:29,4,+59.1,+43.7,+45.7,+37.5,+0.0,+0.0,+18.5,+18.7,+18.5,+18.7,+19.1,+19.2,+19.2
2022-10-11 10:29,4,+59.1,+43.7,+45.7,+37.5,+0.0,+0.0,+18.6,+18.7,+18.5,+18.7,+19.2,+19.1,+19.2
2022-10-11 11:29,4,(Error)
2022-10-11 12:29,4,+59.1,+43.7,+45.7,+37.5,+0.0,+0.0,+18.6,+18.8,+18.3,+18.7,+19.2,+19.2,+19.2
2022-10-11 13:29,4,+59.1,+43.7,+45.7,+37.5,+0.0,+0.0,+18.8,+18.8,+18.5,+18.7,+19.2,+19.1,+19.2
2022-10-11 14:29,4,+59.2,+43.7,+45.7,+37.5,+0.0,+0.0,+19.1,+18.8,+18.5,+18.7,+19.1,+19.1,+19.2
2022-10-11 15:29,4,+59.2,+43.7,+45.7,+37.5,+0.0,+0.0,+19.2,+19.0,+18.5,+18.7,+19.2,+19.1,+19.2
2022-10-11 16:29,4,+59.3,+43.7,+45.7,+37.5,+0.0,+0.0,+19.5,+19.1,+18.5,+18.7,+19.2,+19.1,+19.2
2022-10-11 17:29,4,+59.6,+43.8,+46.0,+37.5,+0.0,+0.0,+19.5,+19.1,+18.5,+18.7,+19.2,+19.2,+19.2
2022-10-11 18:29,4,+59.9,+44.2,+46.2,+37.7,+0.0,+0.0,+19.6,+19.2,+18.5,+18.7,+19.2,+19.1,+19.2
2022-10-11 19:29,4,+60.0,+44.4,+46.2,+37.7,+0.0,+0.0,+19.6,+19.3,+18.6,+18.7,+19.1,+19.2,+19.2
2022-10-11 20:29,4,+60.1,+44.6,+46.4,+37.7,+0.0,+0.0,+19.6,+19.3,+18.6,+18.7,+19.2,+19.2,+19.2
2022-10-11 21:29,4,+60.2,+44.8,+46.4,+37.9,+0.0,+0.0,+19.6,+19.5,+18.6,+18.7,+19.2,+19.2,+19.2
2022-10-11 22:29,4,+60.2,+44.9,+46.4,+37.9,+0.0,+0.0,+19.5,+19.5,+18.7,+18.7,+19.2,+19.1,+19.2
2022-10-11 23:29,4,+60.2,+45.0,+46.5,+37.9,+0.0,+0.0,+19.3,+19.5,+18.7,+18.7,+19.2,+19.2,+19.2
2022-10-12 00:29,4,+60.1,+45.1,+46.5,+37.9,+0.0,+0.0,+19.3,+19.5,+18.7,+18.8,+19.2,+19.2,+19.2
2022-10-12 01:29,4,+60.1,+45.1,+46.5,+37.9,+0.0,+0.0,+19.2,+19.5,+18.7,+18.8,+19.2,+19.2,+19.2
2022-10-12 02:29,4,+60.0,+44.8,+46.5,+37.7,+0.0,+0.0,+19.1,+19.3,+18.7,+18.8,+19.2,+19.2,+19.2
2022-10-12 03:29,4,+59.9,+44.9,+46.5,+37.9,+0.0,+0.0,+19.1,+19.3,+18.7,+18.8,+19.2,+19.2,+19.2
2022-10-12 04:29,4,+59.9,+44.9,+46.5,+37.9,+0.0,+0.0,+19.0,+19.3,+18.8,+18.8,+19.2,+19.2,+19.2
2022-10-12 05:29,4,+59.8,+44.9,+46.5,+37.9,+0.0,+0.0,+18.8,+19.2,+18.8,+18.8,+19.2,+19.2,+19.2
2022-10-12 06:29,4,+59.8,+44.9,+46.5,+37.9,+0.0,+0.0,+18.8,+19.2,+18.8,+18.8,+19.2,+19.2,+19.2
2022-10-12 07:29,4,+59.8,+44.9,+46.5,+37.9,+0.0,+0.0,+18.7,+19.2,+18.7,+18.8,+19.2,+19.2,+19.2
2022-10-12 08:29,4,+59.8,+45.0,+46.5,+37.9,+0.0,+0.0,+18.7,+19.1,+18.7,+18.8,+19.2,+19.2,+19.2
2022-10-12 09:29,4,+59.7,+45.0,+46.7,+37.9,+0.0,+0.0,+18.6,+19.1,+18.8,+18.8,+19.2,+19.2,+19.2
2022-10-12 10:29,4,+59.7,+45.0,+46.7,+37.9,+0.0,+0.0,+18.7,+19.1,+18.7,+18.8,+19.2,+19.2,+19.2
2022-10-12 11:29,4,+59.7,+45.0,+46.7,+37.9,+0.0,+0.0,+18.7,+19.0,+18.7,+18.8,+19.2,+19.2,+19.2
2022-10-12 11:57,4,+59.7,+45.0,+46.7,+37.9,+0.0,+0.0,+18.8,+19.0,+18.7,+19.0,+19.2,+19.1,+19.2
2022-10-12 12:57,4,+59.7,+45.0,+46.7,+37.9,+0.0,+0.0,+18.8,+19.0,+18.7,+18.8,+19.2,+19.2,+19.2
2022-10-12 13:57,4,+59.7,+45.0,+46.7,+37.9,+0.0,+0.0,+19.1,+19.0,+18.7,+18.8,+19.2,+19.2,+19.2
2022-10-12 14:57,4,+59.7,+45.1,+46.7,+37.9,+0.0,+0.0,+19.3,+19.1,+18.7,+19.0,+19.2,+19.2,+19.2
2022-10-12 15:57,4,+59.8,+45.1,+46.7,+37.9,+0.0,+0.0,+19.7,+19.2,+18.7,+19.0,+19.2,+19.2,+19.2
2022-10-12 16:57,4,+59.8,+45.1,+46.7,+37.9,+0.0,+0.0,+20.0,+19.3,+18.7,+18.8,+19.2,+19.2,+19.2
2022-10-12 17:57,4,+59.9,+45.1,+46.7,+37.9,+0.0,+0.0,+20.1,+19.5,+18.7,+19.0,+19.2,+19.2,+19.2
2022-10-12 18:57,4,+59.9,+45.1,+46.7,+37.9,+0.0,+0.0,+20.2,+19.6,+18.8,+19.0,+19.2,+19.2,+19.2
2022-10-12 19:57,4,+59.9,+45.1,+46.7,+37.9,+0.0,+0.0,+20.2,+19.7,+18.8,+19.0,+19.2,+19.2,+19.2
2022-10-12 20:57,4,(Error)
2022-10-12 21:57,4,+59.9,+45.2,+46.7,+37.9,+0.0,+0.0,+20.1,+19.8,+19.0,+19.0,+19.2,+19.2,+19.2
2022-10-12 22:57,4,+59.9,+45.2,+46.7,+37.9,+0.0,+0.0,+20.0,+19.8,+19.0,+19.0,+19.2,+19.2,+19.2
2022-10-12 23:57,4,+59.9,+45.2,+46.7,+37.9,+0.0,+0.0,+20.0,+19.8,+19.0,+19.0,+19.2,+19.2,+19.2
2022-10-13 00:57,4,+59.9,+45.3,+46.7,+37.9,+0.0,+0.0,+19.8,+19.8,+19.1,+19.1,+19.2,+19.2,+19.2
2022-10-13 01:57,4,+59.9,+45.3,+46.7,+37.7,+0.0,+0.0,+19.8,+19.8,+19.1,+19.0,+19.2,+19.2,+19.2
2022-10-13 02:57,4,+59.9,+45.3,+46.7,+37.7,+0.0,+0.0,+19.7,+19.8,+19.1,+19.1,+19.2,+19.2,+19.2
2022-10-13 03:57,4,+59.9,+45.3,+46.7,+37.7,+0.0,+0.0,+19.7,+19.7,+19.1,+19.1,+19.5,+19.2,+19.2
2022-10-13 04:57,4,+59.9,+45.3,+46.9,+37.7,+0.0,+0.0,+19.7,+19.7,+19.2,+19.2,+19.2,+19.2,+19.5
2022-10-13 05:57,4,+59.7,+44.4,+46.9,+37.9,+0.0,+0.0,+19.6,+19.8,+19.1,+19.2,+19.5,+19.2,+19.5
2022-10-13 06:57,4,+59.7,+44.4,+46.9,+37.9,+0.0,+0.0,+19.6,+19.7,+19.2,+19.2,+19.5,+19.2,+19.5
2022-10-13 07:57,4,+59.7,+44.3,+46.9,+37.9,+0.0,+0.0,+19.3,+19.7,+19.1,+19.2,+19.5,+19.5,+19.5
2022-10-13 08:57,4,+59.7,+44.2,+46.9,+37.9,+0.0,+0.0,+19.5,+19.6,+19.1,+19.2,+19.5,+19.2,+19.5
2022-10-13 09:57,4,+59.7,+44.2,+46.9,+37.7,+0.0,+0.0,+19.5,+19.7,+19.1,+19.2,+19.5,+19.2,+19.5
2022-10-13 10:57,4,+59.6,+44.1,+47.0,+37.7,+0.0,+0.0,+19.5,+19.6,+19.1,+19.2,+19.5,+19.2,+19.5
2022-10-13 11:57,4,+59.7,+44.1,+47.0,+37.7,+0.0,+0.0,+19.6,+19.6,+19.1,+19.2,+19.5,+19.5,+19.5
2022-10-13 12:57,4,+59.7,+44.0,+47.0,+37.7,+0.0,+0.0,+19.6,+19.7,+19.1,+19.2,+19.5,+19.5,+19.5
2022-10-13 13:57,4,+59.7,+44.0,+47.0,+37.7,+0.0,+0.0,+19.7,+19.7,+19.2,+19.2,+19.5,+19.5,+19.5
2022-10-13 14:57,4,+59.7,+44.0,+47.0,+37.7,+0.0,+0.0,+19.8,+19.7,+19.1,+19.2,+19.5,+19.5,+19.5
2022-10-13 15:57,4,+59.7,+44.0,+47.0,+37.7,+0.0,+0.0,+20.0,+19.7,+19.2,+19.2,+19.5,+19.5,+19.5
2022-10-13 16:57,4,+60.0,+44.2,+47.2,+38.0,+0.0,+0.0,+20.0,+19.8,+19.2,+19.2,+19.6,+19.5,+19.5
2022-10-13 17:57,4,+60.5,+44.7,+47.5,+38.2,+0.0,+0.0,+20.0,+19.8,+19.2,+19.3,+19.6,+19.5,+19.5
2022-10-13 18:57,4,+60.8,+44.8,+47.5,+38.2,+0.0,+0.0,+20.0,+19.8,+19.2,+19.2,+19.6,+19.5,+19.5
2022-10-13 19:57,4,+60.9,+45.1,+47.5,+38.2,+0.0,+0.0,+19.8,+19.8,+19.2,+19.2,+19.6,+19.5,+19.5
2022-10-13 20:57,4,+61.0,+45.3,+47.7,+38.2,+0.0,+0.0,+19.8,+19.8,+19.2,+19.3,+19.6,+19.5,+19.5
2022-10-13 21:57,4,+60.9,+45.4,+47.7,+38.4,+0.0,+0.0,+19.8,+20.0,+19.2,+19.3,+19.6,+19.5,+19.5
2022-10-13 22:57,4,+60.9,+45.5,+47.7,+38.4,+0.0,+0.0,+19.7,+20.0,+19.3,+19.3,+19.6,+19.5,+19.5
2022-10-13 23:57,4,+60.7,+45.6,+47.7,+38.5,+0.0,+0.0,+19.7,+20.0,+19.3,+19.3,+19.6,+19.5,+19.5
2022-10-14 00:57,4,+60.6,+45.5,+47.7,+38.5,+0.0,+0.0,+19.7,+19.8,+19.3,+19.3,+19.6,+19.5,+19.5
2022-10-14 01:57,4,+60.6,+45.4,+47.7,+38.5,+0.0,+0.0,+19.6,+19.8,+19.3,+19.3,+19.7,+19.6,+19.6
2022-10-14 02:57,4,+60.5,+45.4,+47.9,+38.5,+0.0,+0.0,+19.6,+19.8,+19.3,+19.3,+19.7,+19.5,+19.6
2022-10-14 03:57,4,+60.5,+45.5,+47.9,+38.5,+0.0,+0.0,+19.5,+19.7,+19.3,+19.5,+19.6,+19.5,+19.5
2022-10-14 04:57,4,+60.5,+45.5,+47.9,+38.5,+0.0,+0.0,+19.3,+19.7,+19.3,+19.5,+19.7,+19.5,+19.5
2022-10-14 05:57,4,+60.5,+45.5,+47.9,+38.5,+0.0,+0.0,+19.3,+19.7,+19.3,+19.5,+19.7,+19.6,+19.6
2022-10-14 06:57,4,+60.4,+45.5,+48.0,+38.5,+0.0,+0.0,+19.2,+19.7,+19.3,+19.5,+19.7,+19.5,+19.6
2022-10-14 07:57,4,+60.3,+45.5,+48.0,+38.5,+0.0,+0.0,+19.2,+19.6,+19.2,+19.3,+19.7,+19.5,+19.6
2022-10-14 08:57,4,+60.3,+45.6,+48.0,+38.5,+0.0,+0.0,+19.1,+19.6,+19.3,+19.5,+19.7,+19.5,+19.5
2022-10-14 09:57,4,+60.2,+45.6,+48.0,+38.5,+0.0,+0.0,+19.1,+19.6,+19.2,+19.5,+19.7,+19.5,+19.5
2022-10-14 10:57,4,+60.2,+45.6,+48.0,+38.5,+0.0,+0.0,+19.2,+19.5,+19.2,+19.5,+19.7,+19.6,+19.6
2022-10-14 11:57,4,+60.2,+45.6,+48.0,+38.5,+0.0,+0.0,+19.2,+19.5,+19.2,+19.5,+19.7,+19.6,+19.6
2022-10-14 12:57,4,+60.2,+45.6,+48.0,+38.5,+0.0,+0.0,+19.3,+19.5,+19.2,+19.5,+19.7,+19.5,+19.6
2022-10-14 13:57,4,+60.2,+45.6,+48.0,+38.5,+0.0,+0.0,+19.5,+19.5,+19.2,+19.5,+19.7,+19.6,+19.6
2022-10-14 14:57,4,+60.3,+45.6,+48.0,+38.5,+0.0,+0.0,+19.6,+19.5,+19.2,+19.5,+19.7,+19.6,+19.6
2022-10-14 15:57,4,+60.3,+45.6,+48.0,+38.5,+0.0,+0.0,+19.7,+19.6,+19.2,+19.5,+19.7,+19.6,+19.6
2022-10-14 16:57,4,+60.8,+46.0,+48.2,+38.7,+0.0,+0.0,+19.7,+19.7,+19.2,+19.5,+19.7,+19.6,+19.6
2022-10-14 17:57,4,+61.1,+46.3,+48.4,+39.0,+0.0,+0.0,+19.7,+19.7,+19.2,+19.3,+19.7,+19.6,+19.6
2022-10-14 18:57,4,+61.2,+46.5,+48.5,+39.0,+0.0,+0.0,+19.8,+19.7,+19.2,+19.3,+19.7,+19.6,+19.6
2022-10-14 19:57,4,+61.4,+46.8,+48.5,+39.0,+0.0,+0.0,+19.6,+19.7,+19.2,+19.5,+19.7,+19.6,+19.6
2022-10-14 20:57,4,+61.4,+47.0,+48.7,+39.2,+0.0,+0.0,+19.6,+19.8,+19.2,+19.5,+19.7,+19.6,+19.6
2022-10-14 21:57,4,+61.4,+47.1,+48.7,+39.2,+0.0,+0.0,+19.6,+19.8,+19.2,+19.5,+19.7,+19.6,+19.6
2022-10-14 22:57,4,+61.4,+47.2,+49.0,+39.2,+0.0,+0.0,+19.5,+19.8,+19.3,+19.3,+19.7,+19.6,+19.6
2022-10-14 23:57,4,(Error)
2022-10-15 00:57,4,+61.3,+47.1,+49.0,+39.4,+0.0,+0.0,+19.3,+19.7,+19.3,+19.5,+19.7,+19.6,+19.6
2022-10-15 01:57,4,+61.2,+47.1,+49.2,+39.4,+0.0,+0.0,+19.2,+19.7,+19.3,+19.5,+19.7,+19.6,+19.6
2022-10-15 02:57,4,+61.2,+47.1,+49.2,+39.5,+0.0,+0.0,+19.1,+19.6,+19.3,+19.5,+19.7,+19.6,+19.6
2022-10-15 03:57,4,+61.1,+47.1,+49.2,+39.5,+0.0,+0.0,+19.1,+19.6,+19.3,+19.5,+19.7,+19.6,+19.6
2022-10-15 04:57,4,+61.1,+47.1,+49.2,+39.5,+0.0,+0.0,+19.1,+19.6,+19.2,+19.5,+19.7,+19.6,+19.6
2022-10-15 05:57,4,+61.0,+47.1,+49.2,+39.5,+0.0,+0.0,+19.0,+19.5,+19.3,+19.5,+19.7,+19.6,+19.6
2022-10-15 06:57,4,+61.0,+47.1,+49.2,+39.5,+0.0,+0.0,+19.0,+19.5,+19.2,+19.5,+19.7,+19.6,+19.6
2022-10-15 07:57,4,+60.9,+47.1,+49.2,+39.5,+0.0,+0.0,+18.8,+19.5,+19.2,+19.5,+19.7,+19.6,+19.6
2022-10-15 08:57,4,+60.7,+47.1,+49.2,+39.5,+0.0,+0.0,+18.7,+19.3,+19.1,+19.5,+19.7,+19.6,+19.6
2022-10-15 09:57,4,+60.7,+47.1,+49.2,+39.4,+0.0,+0.0,+18.8,+19.3,+19.2,+19.5,+19.7,+19.6,+19.6
2022-10-15 10:57,4,+60.7,+47.0,+49.2,+39.4,+0.0,+0.0,+18.8,+19.3,+19.1,+19.5,+19.7,+19.6,+19.6
2022-10-15 11:57,4,+60.7,+47.0,+49.2,+39.4,+0.0,+0.0,+18.8,+19.3,+19.2,+19.5,+19.7,+19.6,+19.6
2022-10-15 12:57,4,+60.7,+47.0,+49.2,+39.4,+0.0,+0.0,+19.0,+19.3,+19.2,+19.5,+19.7,+19.6,+19.6
2022-10-15 13:57,4,+60.7,+47.0,+49.2,+39.4,+0.0,+0.0,+19.1,+19.3,+19.1,+19.5,+19.7,+19.6,+19.6
2022-10-15 14:57,4,+60.7,+47.0,+49.2,+39.4,+0.0,+0.0,+19.1,+19.3,+19.1,+19.3,+19.7,+19.6,+19.6
2022-10-15 15:57,4,+60.7,+47.0,+49.2,+39.4,+0.0,+0.0,+19.2,+19.3,+19.1,+19.3,+19.7,+19.6,+19.6
2022-10-15 16:57,4,+60.7,+47.0,+49.2,+39.4,+0.0,+0.0,+19.3,+19.3,+19.1,+19.5,+19.7,+19.6,+19.6
2022-10-15 17:57,4,+61.1,+47.0,+49.2,+39.4,+0.0,+0.0,+19.2,+19.5,+19.1,+19.3,+19.7,+19.6,+19.6
2022-10-15 18:57,4,+61.4,+47.4,+49.5,+39.5,+0.0,+0.0,+19.3,+19.5,+19.1,+19.3,+19.7,+19.6,+19.6
2022-10-15 19:57,4,+61.5,+47.6,+49.5,+39.5,+0.0,+0.0,+19.3,+19.5,+19.1,+19.5,+19.7,+19.7,+19.6
2022-10-15 20:57,4,+61.5,+47.7,+49.5,+39.5,+0.0,+0.0,+19.2,+19.5,+19.1,+19.3,+19.7,+19.6,+19.7
2022-10-15 21:57,4,+61.6,+47.8,+49.5,+39.5,+0.0,+0.0,+19.1,+19.5,+19.1,+19.3,+19.7,+19.6,+19.6
2022-10-15 22:57,4,+61.6,+47.8,+49.7,+39.7,+0.0,+0.0,+19.1,+19.5,+19.2,+19.5,+19.7,+19.6,+19.6
2022-10-15 23:57,4,+61.6,+47.8,+49.7,+39.7,+0.0,+0.0,+19.1,+19.5,+19.1,+19.3,+19.7,+19.7,+19.6
2022-10-16 00:57,4,+61.5,+47.8,+49.7,+39.7,+0.0,+0.0,+19.1,+19.3,+19.1,+19.3,+19.7,+19.6,+19.6
2022-10-16 01:57,4,+61.5,+47.8,+49.7,+39.7,+0.0,+0.0,+19.0,+19.5,+19.1,+19.3,+19.7,+19.7,+19.6
2022-10-16 02:57,4,+61.4,+47.8,+49.7,+39.7,+0.0,+0.0,+19.0,+19.3,+19.1,+19.3,+19.7,+19.6,+19.6
2022-10-16 03:57,4,+61.4,+47.8,+49.9,+39.7,+0.0,+0.0,+18.8,+19.3,+19.1,+19.3,+19.7,+19.6,+19.6
2022-10-16 04:57,4,+61.3,+47.8,+49.9,+39.7,+0.0,+0.0,+18.8,+19.3,+19.1,+19.3,+19.7,+19.6,+19.6
2022-10-16 05:57,4,+61.3,+47.8,+49.9,+39.7,+0.0,+0.0,+18.7,+19.2,+19.0,+19.3,+19.6,+19.6,+19.7
2022-10-16 06:57,4,+61.2,+47.8,+49.9,+39.7,+0.0,+0.0,+18.7,+19.2,+19.1,+19.2,+19.7,+19.6,+19.6
2022-10-16 07:57,4,+61.1,+47.8,+49.9,+39.7,+0.0,+0.0,+18.7,+19.2,+19.1,+19.3,+19.7,+19.6,+19.6
2022-10-16 08:57,4,+61.1,+47.8,+49.9,+39.7,+0.0,+0.0,+18.6,+19.2,+19.1,+19.3,+19.7,+19.6,+19.6
2022-10-16 09:57,4,+61.1,+47.8,+49.9,+39.7,+0.0,+0.0,+18.7,+19.2,+19.1,+19.3,+19.7,+19.6,+19.6
2022-10-16 10:57,4,+61.1,+47.8,+49.9,+39.7,+0.0,+0.0,+18.7,+19.1,+19.0,+19.3,+19.7,+19.6,+19.6
2022-10-16 11:57,4,+61.1,+47.8,+49.7,+39.7,+0.0,+0.0,+18.8,+19.1,+19.0,+19.3,+19.7,+19.6,+19.6
2022-10-16 12:57,4,+61.1,+47.8,+49.7,+39.7,+0.0,+0.0,+18.8,+19.1,+19.0,+19.3,+19.7,+19.6,+19.6
2022-10-16 13:57,4,+61.1,+47.7,+49.7,+39.7,+0.0,+0.0,+19.0,+19.2,+19.0,+19.3,+19.7,+19.6,+19.6
2022-10-16 14:57,4,+61.1,+47.7,+49.7,+39.7,+0.0,+0.0,+19.1,+19.2,+19.0,+19.3,+19.7,+19.6,+19.6
2022-10-16 15:57,4,+61.1,+47.7,+49.7,+39.7,+0.0,+0.0,+19.1,+19.2,+19.0,+19.2,+19.7,+19.6,+19.6
2022-10-16 16:57,4,+61.2,+47.7,+49.7,+39.7,+0.0,+0.0,+19.2,+19.2,+19.0,+19.2,+19.7,+19.6,+19.6
2022-10-16 17:57,4,+61.6,+47.8,+50.0,+39.7,+0.0,+0.0,+19.2,+19.3,+19.0,+19.3,+19.7,+19.7,+19.6
2022-10-16 18:57,4,+61.9,+48.0,+50.0,+39.9,+0.0,+0.0,+19.1,+19.3,+19.0,+19.2,+19.7,+19.6,+19.6
2022-10-16 19:57,4,(Error)
2022-10-16 20:57,4,+62.1,+48.2,+50.0,+39.9,+0.0,+0.0,+19.1,+19.3,+19.0,+19.3,+19.7,+19.6,+19.6
2022-10-16 21:57,4,+62.0,+48.2,+50.0,+39.9,+0.0,+0.0,+19.1,+19.3,+19.0,+19.3,+19.7,+19.6,+19.6
2022-10-16 22:57,4,+62.0,+48.2,+50.0,+39.9,+0.0,+0.0,+19.1,+19.3,+19.0,+19.3,+19.7,+19.6,+19.6
2022-10-16 23:57,4,+61.9,+48.2,+50.0,+39.9,+0.0,+0.0,+19.0,+19.3,+19.0,+19.2,+19.7,+19.6,+19.6
2022-10-17 00:57,4,+61.9,+48.2,+50.0,+39.9,+0.0,+0.0,+19.0,+19.3,+19.0,+19.3,+19.6,+19.6,+19.6
2022-10-17 01:57,4,+61.9,+48.2,+50.2,+39.9,+0.0,+0.0,+19.0,+19.3,+19.0,+19.2,+19.6,+19.5,+19.6
2022-10-17 02:57,4,+61.9,+48.2,+50.2,+39.9,+0.0,+0.0,+18.8,+19.3,+19.0,+19.2,+19.6,+19.6,+19.6
2022-10-17 03:57,4,+61.8,+48.2,+50.2,+39.9,+0.0,+0.0,+18.8,+19.2,+19.0,+19.3,+19.6,+19.6,+19.6
2022-10-17 04:57,4,+61.8,+48.2,+50.2,+39.9,+0.0,+0.0,+18.7,+19.2,+19.0,+19.3,+19.7,+19.6,+19.6
2022-10-17 05:57,4,+61.6,+48.2,+50.2,+39.9,+0.0,+0.0,+18.7,+19.2,+19.0,+19.2,+19.7,+19.6,+19.6
2022-10-17 06:57,4,+61.6,+48.2,+50.2,+39.9,+0.0,+0.0,+18.6,+19.2,+19.0,+19.2,+19.7,+19.6,+19.6
2022-10-17 07:57,4,+61.6,+48.2,+50.2,+39.9,+0.0,+0.0,+18.5,+19.1,+19.0,+19.2,+19.6,+19.6,+19.6
2022-10-17 08:57,4,+61.6,+48.2,+50.2,+39.9,+0.0,+0.0,+18.5,+19.1,+19.0,+19.2,+19.6,+19.6,+19.6
2022-10-17 09:57,4,+61.6,+48.2,+50.2,+39.9,+0.0,+0.0,+18.5,+19.1,+19.0,+19.2,+19.6,+19.6,+19.6
2022-10-17 10:57,4,+61.6,+48.2,+50.2,+39.9,+0.0,+0.0,+18.5,+19.1,+18.8,+19.2,+19.6,+19.5,+19.6
2022-10-17 11:57,4,+61.5,+48.1,+50.2,+39.9,+0.0,+0.0,+18.6,+19.0,+18.8,+19.2,+19.6,+19.6,+19.6
2022-10-17 12:57,4,+61.5,+48.1,+50.2,+39.9,+0.0,+0.0,+18.6,+19.0,+18.8,+19.2,+19.6,+19.6,+19.6
2022-10-17 13:57,4,+61.5,+48.1,+50.2,+39.9,+0.0,+0.0,+18.8,+19.0,+18.8,+19.2,+19.7,+19.6,+19.6
2022-10-17 14:57,4,+61.6,+48.0,+50.2,+39.9,+0.0,+0.0,+19.1,+19.0,+18.8,+19.2,+19.6,+19.5,+19.6
2022-10-17 15:57,4,+61.6,+48.0,+50.2,+39.9,+0.0,+0.0,+19.3,+19.1,+19.0,+19.2,+19.6,+19.6,+19.6
2022-10-17 16:57,4,+61.6,+48.0,+50.2,+39.9,+0.0,+0.0,+19.6,+19.2,+18.7,+19.2,+19.7,+19.6,+19.6
2022-10-17 17:57,4,+61.7,+48.0,+50.2,+39.9,+0.0,+0.0,+19.6,+19.3,+18.8,+19.2,+19.6,+19.6,+19.6
2022-10-17 18:57,4,,,,,,,+19.7,+19.5,+19.0,+19.1,+19.7,+19.6,+19.6
2022-10-17 19:57,4,+61.7,+48.0,+50.2,+39.7,+0.0,+0.0,+19.7,+19.5,+18.8,+19.2,+19.6,+19.5,+19.6
2022-10-17 20:57,4,+61.7,+47.9,+50.2,+39.7,+0.0,+0.0,+19.7,+19.6,+19.0,+19.2,+19.6,+19.6,+19.6
2022-10-17 21:57,4,+61.7,+47.9,+50.2,+39.7,+0.0,+0.0,+19.6,+19.6,+19.0,+19.2,+19.6,+19.6,+19.6
2022-10-17 22:57,4,+61.7,+47.9,+50.0,+39.7,+0.0,+0.0,+19.6,+19.6,+19.0,+19.2,+19.6,+19.6,+19.6
2022-10-17 23:57,4,+61.7,+47.9,+50.0,+39.7,+0.0,+0.0,+19.5,+19.6,+19.1,+19.2,+19.6,+19.6,+19.6
2022-10-18 00:57,4,+61.6,+48.0,+50.2,+39.7,+0.0,+0.0,+19.3,+19.6,+19.1,+19.2,+19.6,+19.6,+19.6
2022-10-18 01:57,4,+61.6,+48.0,+50.0,+39.7,+0.0,+0.0,+19.3,+19.6,+19.0,+19.2,+19.7,+19.6,+19.6
2022-10-18 02:57,4,+61.6,+48.0,+50.2,+39.7,+0.0,+0.0,+19.3,+19.6,+19.1,+19.2,+19.7,+19.5,+19.6
2022-10-18 03:57,4,(Error)
2022-10-18 04:57,4,+61.6,+48.0,+50.0,+39.7,+0.0,+0.0,+19.1,+19.5,+19.1,+19.2,+19.6,+19.6,+19.6
2022-10-18 05:57,4,+61.5,+47.9,+50.2,+39.7,+0.0,+0.0,+19.1,+19.5,+19.1,+19.2,+19.6,+19.6,+19.6
2022-10-18 06:57,4,+61.5,+48.0,+50.2,+39.7,+0.0,+0.0,+19.0,+19.5,+19.1,+19.3,+19.7,+19.6,+19.6
2022-10-18 07:57,4,+61.5,+47.9,+50.2,+39.7,+0.0,+0.0,+19.0,+19.3,+19.1,+19.3,+19.7,+19.6,+19.6
2022-10-18 08:57,4,+61.5,+47.9,+50.2,+39.7,+0.0,+0.0,+18.8,+19.3,+19.1,+19.3,+19.7,+19.6,+19.6
2022-10-18 09:57,4,+61.5,+47.9,+50.2,+39.7,+0.0,+0.0,+18.8,+19.3,+19.1,+19.2,+19.7,+19.6,+19.6
2022-10-18 10:57,4,+61.5,+47.9,+50.2,+39.7,+0.0,+0.0,+18.7,+19.2,+19.1,+19.3,+19.7,+19.6,+19.6
2022-10-18 11:57,4,+61.5,+47.9,+50.2,+39.7,+0.0,+0.0,+18.7,+19.2,+19.1,+19.2,+19.6,+19.6,+19.6
2022-10-18 12:57,4,+61.5,+47.9,+50.2,+39.7,+0.0,+0.0,+18.8,+19.2,+19.0,+19.3,+19.7,+19.6,+19.6
2022-10-18 13:57,4,+61.5,+47.9,+50.2,+39.7,+0.0,+0.0,+19.1,+19.2,+19.0,+19.3,+19.7,+19.6,+19.6
2022-10-18 14:57,4,+61.5,+47.9,+50.0,+39.7,+0.0,+0.0,+19.2,+19.2,+19.0,+19.3,+19.7,+19.6,+19.7
2022-10-18 15:57,4,+61.4,+47.9,+50.0,+39.7,+0.0,+0.0,+19.5,+19.3,+19.0,+19.2,+19.7,+19.6,+19.6
2022-10-18 16:57,4,+61.3,+47.9,+50.0,+39.7,+0.0,+0.0,+19.6,+19.3,+19.0,+19.2,+19.7,+19.6,+19.7
2022-10-18 17:57,4,+61.3,+47.9,+50.0,+39.7,+0.0,+0.0,+19.6,+19.5,+19.0,+19.2,+19.7,+19.6,+19.6
2022-10-18 18:57,4,+61.3,+47.9,+50.0,+39.7,+0.0,+0.0,+19.7,+19.6,+19.0,+19.3,+19.7,+19.6,+19.6
2022-10-18 19:57,4,+61.3,+47.9,+50.0,+39.7,+0.0,+0.0,+19.7,+19.6,+19.1,+19.3,+19.7,+19.6,+19.6
2022-10-18 20:57,4,+61.3,+47.9,+50.0,+39.7,+0.0,+0.0,+19.6,+19.6,+19.1,+19.3,+19.6,+19.6,+19.6
2022-10-18 21:57,4,+61.3,+47.9,+50.0,+39.7,+0.0,+0.0,+19.6,+19.6,+19.1,+19.3,+19.7,+19.6,+19.6
2022-10-18 22:57,4,+61.3,+47.8,+50.0,+39.7,+0.0,+0.0,+19.5,+19.6,+19.1,+19.3,+19.6,+19.6,+19.6
2022-10-18 23:57,4,+61.3,+47.8,+50.0,+39.7,+0.0,+0.0,+19.5,+19.6,+19.1,+19.3,+19.7,+19.6,+19.6
2022-10-19 00:57,4,+61.2,+47.8,+50.0,+39.7,+0.0,+0.0,+19.3,+19.6,+19.1,+19.3,+19.7,+19.6,+19.6
2022-10-19 01:57,4,+61.2,+47.8,+50.0,+39.7,+0.0,+0.0,+19.2,+19.6,+19.1,+19.3,+19.7,+19.6,+19.7
2022-10-19 02:57,4,+61.2,+47.8,+50.0,+39.7,+0.0,+0.0,+19.1,+19.6,+19.1,+19.3,+19.7,+19.6,+19.6
2022-10-19 03:57,4,+61.2,+47.9,+50.2,+39.7,+0.0,+0.0,+19.0,+19.5,+19.1,+19.3,+19.7,+19.6,+19.7
2022-10-19 04:57,4,+61.2,+47.9,+50.2,+39.7,+0.0,+0.0,+18.8,+19.5,+19.1,+19.3,+19.7,+19.6,+19.6
2022-10-19 05:57,4,+61.2,+47.9,+50.2,+39.7,+0.0,+0.0,+18.7,+19.3,+19.1,+19.3,+19.7,+19.6,+19.6
2022-10-19 06:57,4,+61.1,+47.9,+50.2,+39.7,+0.0,+0.0,+18.7,+19.3,+19.1,+19.3,+19.7,+19.6,+19.6
2022-10-19 07:57,4,+61.1,+47.9,+50.2,+39.7,+0.0,+0.0,+18.6,+19.2,+19.1,+19.3,+19.7,+19.6,+19.6
2022-10-19 08:57,4,+61.1,+47.9,+50.2,+39.7,+0.0,+0.0,+18.6,+19.2,+19.1,+19.2,+19.7,+19.6,+19.7
2022-10-19 09:57,4,+61.1,+47.9,+50.2,+39.7,+0.0,+0.0,+18.5,+19.2,+19.1,+19.3,+19.7,+19.6,+19.7
2022-10-19 10:57,4,+61.0,+47.8,+50.2,+39.7,+0.0,+0.0,+18.5,+19.1,+19.1,+19.3,+19.7,+19.6,+19.7
2022-10-19 11:57,4,+61.0,+47.7,+50.2,+39.7,+0.0,+0.0,+18.5,+19.1,+19.0,+19.3,+19.7,+19.6,+19.6
2022-10-19 12:57,4,+60.9,+47.7,+50.2,+39.7,+0.0,+0.0,+18.6,+19.1,+19.0,+19.3,+19.7,+19.7,+19.6
2022-10-19 13:57,4,+60.9,+47.7,+50.2,+39.7,+0.0,+0.0,+18.8,+19.1,+19.0,+19.2,+19.7,+19.6,+19.7
2022-10-19 14:57,4,+60.9,+47.7,+50.2,+39.7,+0.0,+0.0,+19.2,+19.1,+19.0,+19.3,+19.7,+19.6,+19.7
2022-10-19 15:57,4,+60.9,+47.7,+50.2,+39.7,+0.0,+0.0,+19.5,+19.2,+19.0,+19.3,+19.7,+19.7,+19.6
2022-10-19 16:57,4,+60.9,+47.7,+50.2,+39.7,+0.0,+0.0,+19.6,+19.3,+19.0,+19.3,+19.7,+19.6,+19.7
2022-10-19 17:57,4,+61.0,+47.6,+50.0,+39.7,+0.0,+0.0,+19.7,+19.5,+19.0,+19.3,+19.7,+19.6,+19.7
2022-10-19 18:57,4,+61.0,+47.6,+50.0,+39.7,+0.0,+0.0,+19.6,+19.5,+19.0,+19.2,+19.7,+19.6,+19.7
2022-10-19 19:57,4,+61.0,+47.5,+50.0,+39.7,+0.0,+0.0,+19.7,+19.5,+19.1,+19.3,+19.7,+19.6,+19.6
2022-10-19 20:57,4,+60.9,+47.4,+50.0,+39.7,+0.0,+0.0,+19.6,+19.6,+19.1,+19.2,+19.7,+19.6,+19.6
2022-10-19 21:57,4,+60.9,+47.4,+50.0,+39.7,+0.0,+0.0,+19.5,+19.6,+19.1,+19.2,+19.7,+19.6,+19.7
2022-10-19 22:57,4,+60.9,+47.3,+50.0,+39.7,+0.0,+0.0,+19.3,+19.6,+19.1,+19.3,+19.7,+19.6,+19.6
2022-10-19 23:57,4,+60.9,+47.4,+50.0,+39.7,+0.0,+0.0,+19.3,+19.6,+19.1,+19.3,+19.7,+19.6,+19.7
2022-10-20 00:57,4,+60.8,+47.4,+50.0,+39.7,+0.0,+0.0,+19.3,+19.6,+19.1,+19.3,+19.7,+19.6,+19.7
2022-10-20 01:57,4,+60.8,+47.4,+50.0,+39.7,+0.0,+0.0,+19.1,+19.5,+19.2,+19.3,+19.7,+19.6,+19.7
2022-10-20 02:57,4,+60.8,+47.4,+50.0,+39.7,+0.0,+0.0,+19.1,+19.5,+19.2,+19.3,+19.7,+19.6,+19.6
2022-10-20 03:57,4,+60.8,+47.4,+50.0,+39.7,+0.0,+0.0,+19.0,+19.5,+19.1,+19.3,+19.7,+19.7,+19.7
2022-10-20 04:57,4,+60.7,+47.4,+50.0,+39.7,+0.0,+0.0,+18.8,+19.3,+19.1,+19.3,+19.7,+19.6,+19.7
2022-10-20 05:57,4,+60.7,+47.4,+50.0,+39.7,+0.0,+0.0,+18.7,+19.3,+19.1,+19.3,+19.7,+19.6,+19.7
2022-10-20 06:57,4,+60.7,+47.4,+50.0,+39.7,+0.0,+0.0,+18.7,+19.3,+19.1,+19.3,+19.7,+19.7,+19.7
2022-10-20 07:57,4,+60.6,+47.4,+50.0,+39.7,+0.0,+0.0,+18.6,+19.2,+19.1,+19.3,+19.7,+19.6,+19.6
2022-10-20 08:57,4,+60.6,+47.4,+50.0,+39.7,+0.0,+0.0,+18.6,+19.2,+19.1,+19.3,+19.7,+19.7,+19.6
2022-10-20 09:57,4,+60.6,+47.4,+50.0,+39.7,+0.0,+0.0,+18.6,+19.1,+19.1,+19.3,+19.7,+19.6,+19.7
2022-10-20 10:57,4,+60.6,+47.3,+50.0,+39.5,+0.0,+0.0,+18.6,+19.1,+19.0,+19.3,+19.7,+19.6,+19.7
2022-10-20 11:57,4,(Error)
2022-10-20 12:57,4,+60.5,+47.3,+50.0,+39.5,+0.0,+0.0,+18.7,+19.1,+19.0,+19.3,+19.7,+19.7,+19.7
2022-10-20 13:57,4,+60.5,+47.3,+50.0,+39.5,+0.0,+0.0,+19.0,+19.1,+19.0,+19.3,+19.7,+19.6,+19.7
2022-10-20 14:57,4,+60.5,+47.3,+50.0,+39.5,+0.0,+0.0,+19.1,+19.1,+19.0,+19.2,+19.7,+19.7,+19.7
2022-10-20 15:57,4,+60.4,+47.3,+50.0,+39.5,+0.0,+0.0,+19.2,+19.2,+19.0,+19.3,+19.7,+19.7,+19.7
2022-10-20 16:57,4,+60.2,+46.4,+50.0,+39.5,+0.0,+0.0,+19.2,+19.3,+19.0,+19.3,+19.7,+19.6,+19.7
2022-10-20 17:57,4,+60.2,+46.3,+50.0,+39.5,+0.0,+0.0,+19.3,+19.3,+19.0,+19.3,+19.7,+19.6,+19.7
2022-10-20 18:57,4,+60.2,+46.3,+50.0,+39.5,+0.0,+0.0,+19.3,+19.3,+19.0,+19.3,+19.7,+19.6,+19.7
2022-10-20 19:57,4,+60.2,+46.2,+50.0,+39.5,+0.0,+0.0,+19.3,+19.3,+19.0,+19.2,+19.7,+19.6,+19.7
2022-10-20 20:57,4,+60.2,+45.9,+50.0,+39.5,+0.0,+0.0,+19.3,+19.5,+19.0,+19.3,+19.7,+19.6,+19.6
2022-10-20 21:57,4,+61.3,+46.3,+50.2,+39.9,+0.0,+0.0,+19.3,+19.5,+19.1,+19.2,+19.7,+19.7,+19.7
2022-10-20 22:57,4,+61.7,+46.6,+50.2,+39.9,+0.0,+0.0,+19.1,+19.5,+19.0,+19.3,+19.7,+19.6,+19.7
2022-10-20 23:57,4,+61.9,+46.9,+50.2,+39.9,+0.0,+0.0,+19.2,+19.5,+19.1,+19.3,+19.7,+19.7,+19.6
2022-10-21 00:57,4,+62.0,+47.1,+50.2,+40.0,+0.0,+0.0,+19.1,+19.5,+19.1,+19.3,+19.7,+19.6,+19.7
2022-10-21 01:57,4,+62.0,+47.3,+50.2,+40.0,+0.0,+0.0,+19.2,+19.3,+19.1,+19.3,+19.7,+19.6,+19.7
2022-10-21 02:57,4,+62.0,+47.6,+50.2,+40.0,+0.0,+0.0,+19.1,+19.5,+19.1,+19.2,+19.7,+19.6,+19.7
2022-10-21 03:57,4,+62.0,+47.8,+50.2,+40.0,+0.0,+0.0,,,,,,,
2022-10-21 04:57,4,+62.0,+47.7,+50.2,+40.0,+0.0,+0.0,+19.0,+19.3,+19.1,+19.3,+19.7,+19.6,+19.7
2022-10-21 05:57,4,+62.0,+47.7,+50.5,+40.0,+0.0,+0.0,+19.0,+19.3,+19.1,+19.3,+19.7,+19.6,+19.7
2022-10-21 06:57,4,+62.0,+47.8,+50.5,+40.0,+0.0,+0.0,+18.8,+19.3,+19.0,+19.3,+19.7,+19.6,+19.6
2022-10-21 07:57,4,+62.0,+47.8,+50.5,+40.0,+0.0,+0.0,+18.8,+19.3,+19.0,+19.2,+19.7,+19.6,+19.7
2022-10-21 08:57,4,+61.9,+47.9,+50.7,+40.0,+0.0,+0.0,+18.7,+19.3,+19.1,+19.3,+19.7,+19.6,+19.7
2022-10-21 09:57,4,+62.0,+47.9,+50.7,+40.0,+0.0,+0.0,+18.8,+19.2,+19.0,+19.5,+19.7,+19.7,+19.6
2022-10-21 10:57,4,+61.8,+48.0,+50.7,+40.0,+0.0,+0.0,+18.8,+19.2,+19.0,+19.3,+19.7,+19.6,+19.7
2022-10-21 11:57,4,+61.7,+48.0,+50.7,+40.0,+0.0,+0.0,+19.0,+19.2,+19.0,+19.3,+19.7,+19.6,+19.7
2022-10-21 12:57,4,+61.6,+48.0,+50.7,+40.0,+0.0,+0.0,+19.1,+19.2,+19.0,+19.3,+19.7,+19.6,+19.6
2022-10-21 13:57,4,+61.6,+48.0,+50.9,+40.0,+0.0,+0.0,+19.2,+19.2,+19.0,+19.2,+19.7,+19.6,+19.7
2022-10-21 14:57,4,+61.6,+48.0,+50.9,+40.0,+0.0,+0.0,+19.3,+19.3,+19.0,+19.2,+19.7,+19.7,+19.7
2022-10-21 15:57,4,+61.6,+48.0,+50.9,+40.0,+0.0,+0.0,+19.6,+19.5,+19.0,+19.3,+19.7,+19.7,+19.7
2022-10-21 16:57,4,+61.7,+48.0,+50.9,+40.0,+0.0,+0.0,+19.6,+19.5,+19.0,+19.3,+19.7,+19.6,+19.7
2022-10-21 17:57,4,+61.7,+48.0,+50.9,+40.0,+0.0,+0.0,+19.7,+19.6,+19.1,+19.3,+19.7,+19.6,+19.6
2022-10-21 18:57,4,+61.7,+48.1,+50.9,+40.0,+0.0,+0.0,+19.7,+19.6,+19.1,+19.3,+19.7,+19.6,+19.7
2022-10-21 19:57,4,+62.1,+47.9,+50.9,+40.0,+0.0,+0.0,+19.7,+19.7,+19.1,+19.2,+19.7,+19.6,+19.7
2022-10-21 20:57,4,+62.5,+48.5,+51.0,+40.2,+0.0,+0.0,+19.6,+19.6,+19.1,+19.3,+19.7,+19.6,+19.7
2022-10-21 21:57,4,+62.6,+48.8,+51.4,+40.4,+0.0,+0.0,+19.5,+19.7,+19.1,+19.3,+19.7,+19.6,+19.6
2022-10-21 22:57,4,+62.7,+49.1,+51.7,+40.5,+0.0,+0.0,+19.5,+19.6,+19.1,+19.3,+19.7,+19.6,+19.7
2022-10-21 23:57,4,+62.7,+49.2,+51.7,+40.5,+0.0,+0.0,+19.3,+19.7,+19.1,+19.3,+19.7,+19.6,+19.7
2022-10-22 00:57,4,+62.8,+49.4,+51.9,+40.7,+0.0,+0.0,+19.2,+19.6,+19.2,+19.5,+19.7,+19.6,+19.7
2022-10-22 01:57,4,+62.7,+49.4,+52.0,+40.7,+0.0,+0.0,+19.1,+19.6,+19.2,+19.3,+19.7,+19.7,+19.7
2022-10-22 02:57,4,+62.5,+49.4,+52.2,+40.9,+0.0,+0.0,+19.1,+19.6,+19.1,+19.3,+19.7,+19.7,+19.6
2022-10-22 03:57,4,+62.5,+49.3,+52.2,+41.0,+0.0,+0.0,+19.0,+19.5,+19.2,+19.5,+19.7,+19.7,+19.7
2022-10-22 04:57,4,+62.5,+49.3,+52.2,+41.0,+0.0,+0.0,+19.0,+19.5,+19.2,+19.3,+19.7,+19.7,+19.7
2022-10-22 05:57,4,+62.5,+49.4,+52.4,+41.2,+0.0,+0.0,+18.8,+19.3,+19.1,+19.5,+19.7,+19.6,+19.7
2022-10-22 06:57,4,+62.5,+49.4,+52.4,+41.2,+0.0,+0.0,+18.7,+19.3,+19.2,+19.3,+19.7,+19.7,+19.7
2022-10-22 07:57,4,+62.5,+49.5,+52.5,+41.4,+0.0,+0.0,+18.7,+19.3,+19.1,+19.3,+19.7,+19.7,+19.7
2022-10-22 08:57,4,+62.3,+49.5,+52.5,+41.4,+0.0,+0.0,+18.6,+19.3,+19.1,+19.3,+19.7,+19.7,+19.7
2022-10-22 09:57,4,+62.3,+49.5,+52.5,+41.5,+0.0,+0.0,+18.6,+19.2,+19.1,+19.3,+19.7,+19.6,+19.7
2022-10-22 10:57,4,+62.2,+49.5,+52.5,+41.5,+0.0,+0.0,+18.6,+19.2,+19.0,+19.3,+19.7,+19.6,+19.7
2022-10-22 11:57,4,+62.2,+49.5,+52.5,+41.5,+0.0,+0.0,+18.7,+19.1,+19.1,+19.3,+19.7,+19.6,+19.7
2022-10-22 12:57,4,+62.2,+49.5,+52.5,+41.5,+0.0,+0.0,+18.8,+19.1,+19.0,+19.3,+19.7,+19.7,+19.7
2022-10-22 13:57,4,+62.3,+49.5,+52.5,+41.5,+0.0,+0.0,+19.0,+19.1,+19.0,+19.3,+19.7,+19.7,+19.7
2022-10-22 14:57,4,+62.3,+49.6,+52.5,+41.5,+0.0,+0.0,+19.2,+19.2,+19.0,+19.2,+19.7,+19.7,+19.7
2022-10-22 15:57,4,+62.3,+49.6,+52.5,+41.5,+0.0,+0.0,+19.6,+19.2,+19.0,+19.3,+19.7,+19.7,+19.7
2022-10-22 16:57,4,+62.4,+49.6,+52.5,+41.5,+0.0,+0.0,+19.7,+19.3,+19.0,+19.3,+19.7,+19.6,+19.7
2022-10-22 17:57,4,+62.4,+49.6,+52.5,+41.7,+0.0,+0.0,+19.8,+19.5,+19.1,+19.3,+19.7,+19.7,+19.7
2022-10-22 18:57,4,+62.5,+49.7,+52.5,+41.7,+0.0,+0.0,+19.8,+19.6,+19.0,+19.3,+19.7,+19.7,+19.7
2022-10-22 19:57,4,+62.5,+49.7,+52.5,+41.7,+0.0,+0.0,+19.8,+19.7,+19.0,+19.3,+19.7,+19.7,+19.7
2022-10-22 20:57,4,+62.5,+49.7,+52.5,+41.7,+0.0,+0.0,+19.8,+19.7,+19.1,+19.3,+19.7,+19.6,+19.7
2022-10-22 21:57,4,+62.5,+49.7,+52.5,+41.7,+0.0,+0.0,+19.7,+19.7,+19.1,+19.3,+19.7,+19.7,+19.7
2022-10-22 22:57,4,+62.5,+49.8,+52.5,+41.7,+0.0,+0.0,+19.7,+19.8,+19.1,+19.3,+19.7,+19.6,+19.6
2022-10-22 23:57,4,+62.5,+49.8,+52.7,+41.9,+0.0,+0.0,+19.7,+19.7,+19.2,+19.3,+19.7,+19.6,+19.7
2022-10-23 00:57,4,+62.5,+49.8,+52.7,+41.9,+0.0,+0.0,+19.6,+19.7,+19.2,+19.3,+19.7,+19.7,+19.7
2022-10-23 01:57,4,+62.4,+49.8,+52.7,+41.9,+0.0,+0.0,+19.5,+19.7,+19.2,+19.3,+19.7,+19.6,+19.7
2022-10-23 02:57,4,(Error)
2022-10-23 03:57,4,+62.4,+49.8,+52.7,+42.0,+0.0,+0.0,+19.2,+19.7,+19.2,+19.5,+19.7,+19.7,+19.7
2022-10-23 04:57,4,+62.4,+49.8,+52.7,+42.0,+0.0,+0.0,+19.1,+19.6,+19.2,+19.3,+19.7,+19.7,+19.7
2022-10-23 05:57,4,+62.4,+49.9,+52.7,+42.0,+0.0,+0.0,+19.1,+19.6,+19.2,+19.5,+19.7,+19.7,+19.7
2022-10-23 06:57,4,+62.3,+49.9,+52.7,+42.0,+0.0,+0.0,+19.1,+19.5,+19.2,+19.3,+19.7,+19.7,+19.7
2022-10-23 07:57,4,+62.4,+49.9,+52.7,+42.0,+0.0,+0.0,+19.0,+19.5,+19.2,+19.5,+19.7,+19.7,+19.7
2022-10-23 08:57,4,+62.4,+49.9,+52.7,+42.2,+0.0,+0.0,+19.0,+19.5,+19.2,+19.3,+19.7,+19.7,+19.7
2022-10-23 09:57,4,+62.3,+49.9,+52.7,+42.2,+0.0,+0.0,+19.0,+19.5,+19.2,+19.5,+19.7,+19.7,+19.7
2022-10-23 10:57,4,+62.3,+49.9,+52.7,+42.2,+0.0,+0.0,+19.0,+19.3,+19.2,+19.5,+19.7,+19.7,+19.7
2022-10-23 11:57,4,+62.3,+49.9,+52.7,+42.2,+0.0,+0.0,+19.0,+19.3,+19.2,+19.5,+19.7,+19.7,+19.7
2022-10-23 12:57,4,+62.3,+49.9,+52.7,+42.2,+0.0,+0.0,+19.1,+19.3,+19.2,+19.5,+19.7,+19.7,+19.7
2022-10-23 13:57,4,+62.4,+49.9,+52.7,+42.2,+0.0,+0.0,+19.2,+19.3,+19.2,+19.5,+19.7,+19.7,+19.7
2022-10-23 14:57,4,+62.4,+49.8,+52.7,+42.2,+0.0,+0.0,+19.5,+19.5,+19.1,+19.5,+19.7,+19.7,+19.7
2022-10-23 15:57,4,+62.4,+49.8,+52.7,+42.2,+0.0,+0.0,+19.6,+19.5,+19.1,+19.5,+19.7,+19.7,+19.7
2022-10-23 16:57,4,+62.3,+49.8,+52.7,+42.4,+0.0,+0.0,+19.7,+19.6,+19.1,+19.3,+19.7,+19.7,+19.7
2022-10-23 17:57,4,+62.3,+49.9,+52.7,+42.4,+0.0,+0.0,+19.8,+19.7,+19.2,+19.3,+19.7,+19.7,+19.7
2022-10-23 18:57,4,+62.4,+50.0,+52.9,+42.5,+0.0,+0.0,+19.8,+19.7,+19.1,+19.5,+19.7,+19.7,+19.7
2022-10-23 19:57,4,+62.4,+50.0,+52.9,+42.5,+0.0,+0.0,+19.8,+19.7,+19.2,+19.5,+19.7,+19.7,+19.7
2022-10-23 20:57,4,,,,,,,+19.7,+19.7,+19.2,+19.5,+19.7,+19.7,+19.7
2022-10-23 21:57,4,+62.4,+50.1,+52.9,+42.5,+0.0,+0.0,+19.7,+19.8,+19.2,+19.3,+19.7,+19.7,+19.7
2022-10-23 22:57,4,+62.3,+50.1,+52.9,+42.7,+0.0,+0.0,+19.6,+19.7,+19.3,+19.5,+19.7,+19.7,+19.7
2022-10-23 23:57,4,+62.3,+50.1,+52.9,+42.7,+0.0,+0.0,+19.5,+19.7,+19.2,+19.5,+19.7,+19.7,+19.7
2022-10-24 00:57,4,+62.3,+50.2,+52.9,+42.7,+0.0,+0.0,+19.3,+19.7,+19.3,+19.5,+19.7,+19.7,+19.7
2022-10-24 01:57,4,+62.3,+50.2,+52.9,+42.7,+0.0,+0.0,+19.3,+19.7,+19.2,+19.5,+19.7,+19.7,+19.7
2022-10-24 02:57,4,+62.3,+50.2,+53.0,+42.7,+0.0,+0.0,+19.2,+19.6,+19.3,+19.6,+19.7,+19.7,+19.7
2022-10-24 03:57,4,+62.3,+50.2,+53.0,+42.7,+0.0,+0.0,+19.1,+19.6,+19.2,+19.5,+19.7,+19.7,+19.7
2022-10-24 04:57,4,+62.3,+50.2,+53.0,+42.7,+0.0,+0.0,+19.1,+19.6,+19.3,+19.5,+19.7,+19.7,+19.7
2022-10-24 05:57,4,+62.2,+50.2,+53.0,+42.9,+0.0,+0.0,+19.0,+19.5,+19.2,+19.5,+19.7,+19.7,+19.7
2022-10-24 06:57,4,+62.2,+50.3,+53.0,+42.9,+0.0,+0.0,+18.8,+19.5,+19.3,+19.5,+19.7,+19.7,+19.7
2022-10-24 07:57,4,+62.2,+50.3,+53.0,+42.9,+0.0,+0.0,+18.8,+19.5,+19.2,+19.6,+19.7,+19.7,+19.7
2022-10-24 08:57,4,+62.2,+50.3,+53.0,+42.9,+0.0,+0.0,+18.8,+19.3,+19.2,+19.6,+19.7,+19.7,+19.7
2022-10-24 09:57,4,+62.2,+50.3,+53.0,+43.0,+0.0,+0.0,+18.8,+19.3,+19.2,+19.5,+19.7,+19.7,+19.7
2022-10-24 10:57,4,+62.2,+50.3,+53.0,+43.0,+0.0,+0.0,+18.8,+19.3,+19.1,+19.5,+19.7,+19.7,+19.7
2022-10-24 11:57,4,+62.2,+50.3,+53.0,+43.0,+0.0,+0.0,+19.0,+19.2,+19.2,+19.5,+19.7,+19.7,+19.7
2022-10-24 12:57,4,+62.2,+50.3,+53.0,+43.0,+0.0,+0.0,+19.0,+19.3,+19.1,+19.5,+19.7,+19.7,+19.7
2022-10-24 13:57,4,+62.2,+50.3,+53.0,+43.0,+0.0,+0.0,+19.1,+19.3,+19.1,+19.5,+19.7,+19.7,+19.7
2022-10-24 14:57,4,+62.2,+50.3,+53.0,+43.0,+0.0,+0.0,+19.2,+19.3,+19.1,+19.6,+19.7,+19.7,+19.7
2022-10-24 15:57,4,+62.8,+50.4,+53.2,+43.2,+0.0,+0.0,+19.3,+19.3,+19.2,+19.5,+20.0,+19.7,+19.7
2022-10-24 16:57,4,+63.2,+50.5,+53.2,+43.4,+0.0,+0.0,+19.5,+19.5,+19.2,+19.5,+19.7,+19.7,+19.7
2022-10-24 17:57,4,+63.3,+50.7,+53.2,+43.4,+0.0,+0.0,+19.5,+19.6,+19.2,+19.5,+19.7,+19.7,+19.7
2022-10-24 18:57,4,+63.2,+50.7,+53.2,+43.4,+0.0,+0.0,+19.5,+19.6,+19.2,+19.5,+19.7,+19.7,+19.7
2022-10-24 19:57,4,+63.2,+50.9,+53.4,+43.5,+0.0,+0.0,+19.5,+19.6,+19.2,+19.5,+19.7,+19.7,+19.7
2022-10-24 20:57,4,+63.2,+51.0,+53.4,+43.5,+0.0,+0.0,+19.5,+19.6,+19.2,+19.5,+19.7,+19.7,+19.7
2022-10-24 21:57,4,+63.2,+51.0,+53.4,+43.5,+0.0,+0.0,+19.3,+19.6,+19.2,+19.5,+19.7,+19.7,+19.7
2022-10-24 22:57,4,+63.2,+51.1,+53.5,+43.7,+0.0,+0.0,+19.2,+19.6,+19.2,+19.5,+19.7,+19.7,+19.7
2022-10-24 23:57,4,+63.2,+51.1,+53.5,+43.7,+0.0,+0.0,+19.2,+19.6,+19.2,+19.5,+19.7,+19.7,+19.7
2022-10-25 00:57,4,+63.1,+51.1,+53.5,+43.9,+0.0,+0.0,+19.1,+19.6,+19.2,+19.5,+19.7,+19.7,+19.7
2022-10-25 01:57,4,+63.1,+51.2,+53.5,+43.9,+0.0,+0.0,+19.1,+19.5,+19.2,+19.5,+19.7,+19.7,+19.7
2022-10-25 02:57,4,+63.1,+51.2,+53.5,+43.9,+0.0,+0.0,+19.1,+19.5,+19.2,+19.5,+20.0,+19.7,+19.7
2022-10-25 03:57,4,+63.1,+51.2,+53.5,+44.0,+0.0,+0.0,+19.0,+19.5,+19.2,+19.5,+19.7,+19.7,+19.7
2022-10-25 04:57,4,+63.1,+51.3,+53.5,+44.0,+0.0,+0.0,+18.8,+19.3,+19.2,+19.5,+19.7,+19.7,+19.7
2022-10-25 05:57,4,+63.1,+51.3,+53.5,+44.0,+0.0,+0.0,+18.8,+19.3,+19.2,+19.5,+20.0,+19.7,+19.7
2022-10-25 06:57,4,+63.1,+51.3,+53.5,+44.0,+0.0,+0.0,+18.7,+19.3,+19.2,+19.5,+19.7,+19.7,+19.7
2022-10-25 07:57,4,+63.1,+51.3,+53.5,+44.0,+0.0,+0.0,+18.7,+19.2,+19.1,+19.5,+20.0,+19.7,+19.7
2022-10-25 08:57,4,+63.0,+51.3,+53.5,+44.0,+0.0,+0.0,+18.7,+19.2,+19.2,+19.5,+20.0,+19.7,+19.7
2022-10-25 09:57,4,+63.0,+51.3,+53.7,+44.0,+0.0,+0.0,+18.6,+19.2,+19.1,+19.5,+20.0,+19.7,+19.7
2022-10-25 10:57,4,+63.0,+51.3,+53.7,+44.2,+0.0,+0.0,+18.7,+19.2,+19.1,+19.5,+20.0,+19.7,+19.7
2022-10-25 11:57,4,+63.0,+51.4,+53.7,+44.2,+0.0,+0.0,+18.7,+19.2,+19.1,+19.3,+19.7,+19.7,+19.7
2022-10-25 12:57,4,+63.0,+51.4,+53.7,+44.2,+0.0,+0.0,+18.8,+19.2,+19.1,+19.5,+19.7,+19.7,+19.7
2022-10-25 13:57,4,+63.0,+51.4,+53.7,+44.2,+0.0,+0.0,+18.8,+19.2,+19.1,+19.3,+19.7,+19.7,+19.7
2022-10-25 14:57,4,+63.0,+51.4,+53.7,+44.2,+0.0,+0.0,+19.1,+19.2,+19.0,+19.5,+19.7,+19.7,+19.7
2022-10-25 15:57,4,+63.0,+51.4,+53.7,+44.2,+0.0,+0.0,+19.2,+19.2,+19.0,+19.3,+20.0,+19.7,+19.7
2022-10-25 16:57,4,+63.1,+51.4,+53.7,+44.2,+0.0,+0.0,+19.5,+19.3,+19.1,+19.5,+19.7,+19.7,+19.7
2022-10-25 17:57,4,+63.1,+51.4,+53.7,+44.2,+0.0,+0.0,+19.5,+19.5,+19.1,+19.3,+20.0,+19.7,+19.7
2022-10-25 18:57,4,+63.1,+51.4,+53.7,+44.2,+0.0,+0.0,+19.6,+19.5,+19.1,+19.5,+20.0,+19.7,+19.7
2022-10-25 19:57,4,+63.1,+51.4,+53.7,+44.2,+0.0,+0.0,+19.6,+19.5,+19.1,+19.5,+19.7,+19.7,+19.7
2022-10-25 20:57,4,+63.1,+51.4,+53.7,+44.4,+0.0,+0.0,+19.6,+19.6,+19.2,+19.5,+19.7,+19.7,+19.7
2022-10-25 21:57,4,+63.1,+51.4,+53.7,+44.4,+0.0,+0.0,+19.5,+19.6,+19.1,+19.5,+19.7,+19.7,+19.7
2022-10-25 22:57,4,+63.1,+51.4,+53.7,+44.4,+0.0,+0.0,+19.5,+19.6,+19.2,+19.5,+19.7,+19.7,+19.7
2022-10-25 23:57,4,+63.1,+51.4,+53.7,+44.4,+0.0,+0.0,+19.5,+19.6,+19.2,+19.5,+19.7,+19.7,+19.7
2022-10-26 00:57,4,+63.1,+51.4,+53.7,+44.4,+0.0,+0.0,+19.5,+19.6,+19.2,+19.5,+19.7,+19.7,+19.7
2022-10-26 01:57,4,+63.0,+51.4,+53.7,+44.5,+0.0,+0.0,+19.3,+19.6,+19.2,+19.3,+19.7,+19.7,+19.7
2022-10-26 02:57,4,+63.0,+51.4,+53.7,+44.5,+0.0,+0.0,+19.2,+19.6,+19.2,+19.5,+19.7,+19.7,+19.7
2022-10-26 03:57,4,+62.9,+51.4,+53.7,+44.5,+0.0,+0.0,+19.2,+19.6,+19.2,+19.5,+19.7,+19.7,+19.7
2022-10-26 04:57,4,+62.6,+50.0,+53.7,+44.5,+0.0,+0.0,+19.1,+19.6,+19.2,+19.5,+19.7,+19.7,+19.7
2022-10-26 05:57,4,+62.6,+49.9,+53.7,+44.5,+0.0,+0.0,+19.1,+19.5,+19.2,+19.3,+19.7,+19.7,+19.7
2022-10-26 06:57,4,+62.5,+49.8,+53.7,+44.5,+0.0,+0.0,+19.0,+19.5,+19.2,+19.5,+19.7,+19.7,+19.7
2022-10-26 07:57,4,+62.5,+49.7,+53.7,+44.5,+0.0,+0.0,+18.8,+19.5,+19.2,+19.5,+19.7,+19.7,+19.7
2022-10-26 08:57,4,+62.5,+49.6,+53.7,+44.5,+0.0,+0.0,+18.8,+19.3,+19.2,+19.5,+19.7,+19.7,+19.7
2022-10-26 09:57,4,+62.5,+49.6,+53.7,+44.5,+0.0,+0.0,+18.8,+19.3,+19.2,+19.5,+19.7,+19.7,+19.7
2022-10-26 10:57,4,+62.5,+49.5,+53.7,+44.5,+0.0,+0.0,+18.8,+19.3,+19.2,+19.5,+19.7,+19.7,+19.7
2022-10-26 11:57,4,+62.5,+49.4,+53.7,+44.5,+0.0,+0.0,+19.0,+19.3,+19.1,+19.5,+19.7,+19.7,+19.7
2022-10-26 12:23,4,+62.5,+49.4,+53.7,+44.5,+0.0,+0.0,+19.0,+19.3,+19.1,+19.5,+19.7,+19.7,+19.7
2022-10-26 13:23,4,+62.5,+49.3,+53.7,+44.5,+0.0,+0.0,+19.1,+19.3,+19.2,+19.5,+19.7,+19.7,+19.7
2022-10-26 14:23,4,+62.6,+49.3,+53.7,+44.5,+0.0,+0.0,+19.2,+19.3,+19.1,+19.5,+19.7,+19.7,+19.7
2022-10-26 15:23,4,+62.5,+49.2,+53.7,+44.5,+0.0,+0.0,+19.5,+19.3,+19.1,+19.5,+19.7,+19.7,+19.7
2022-10-26 16:23,4,+62.6,+49.2,+53.7,+44.5,+0.0,+0.0,+19.7,+19.5,+19.1,+19.3,+19.7,+19.7,+19.7
2022-10-26 17:23,4,+62.6,+49.2,+53.7,+44.5,+0.0,+0.0,+19.8,+19.6,+19.1,+19.5,+19.7,+19.7,+19.7
2022-10-26 18:23,4,+62.6,+49.1,+53.7,+44.5,+0.0,+0.0,+20.0,+19.7,+19.1,+19.5,+19.7,+19.7,+19.7
2022-10-26 19:23,4,+62.6,+49.1,+53.7,+44.5,+0.0,+0.0,+20.0,+19.7,+19.2,+19.3,+19.7,+19.7,+19.7
2022-10-26 20:23,4,+62.6,+49.1,+53.7,+44.5,+0.0,+0.0,+20.0,+19.8,+19.2,+19.5,+19.7,+19.7,+19.7
2022-10-26 21:23,4,+62.6,+49.0,+53.7,+44.5,+0.0,+0.0,+20.0,+20.0,+19.2,+19.3,+19.7,+19.7,+19.7
2022-10-26 22:23,4,+62.6,+49.0,+53.7,+44.5,+0.0,+0.0,+19.8,+19.8,+19.3,+19.5,+19.7,+19.7,+19.7
2022-10-26 23:23,4,+62.5,+48.9,+53.7,+44.5,+0.0,+0.0,+19.7,+20.0,+19.3,+19.5,+19.7,+19.7,+19.7
2022-10-27 00:23,4,+62.5,+48.9,+53.7,+44.5,+0.0,+0.0,+19.6,+19.8,+19.3,+19.5,+19.7,+19.7,+19.7
2022-10-27 01:23,4,+62.5,+48.8,+53.7,+44.5,+0.0,+0.0,+19.6,+19.8,+19.3,+19.6,+19.7,+19.7,+19.7
2022-10-27 02:23,4,+62.5,+48.8,+53.7,+44.5,+0.0,+0.0,+19.5,+19.8,+19.3,+19.6,+19.7,+19.7,+19.7
2022-10-27 03:23,4,+62.5,+48.8,+53.7,+44.5,+0.0,+0.0,+19.3,+19.7,+19.3,+19.5,+19.7,+19.7,+19.7
2022-10-27 04:23,4,+62.4,+48.7,+53.7,+44.5,+0.0,+0.0,+19.1,+19.7,+19.3,+19.5,+19.7,+19.7,+19.7
2022-10-27 05:23,4,+62.4,+48.6,+53.7,+44.5,+0.0,+0.0,+19.0,+19.7,+19.3,+19.5,+19.7,+19.7,+19.7
2022-10-27 06:23,4,+62.3,+48.6,+53.7,+44.5,+0.0,+0.0,+19.0,+19.6,+19.3,+19.5,+19.7,+19.7,+19.7
2022-10-27 07:23,4,+62.3,+48.5,+53.7,+44.5,+0.0,+0.0,+18.8,+19.6,+19.3,+19.5,+19.7,+19.7,+19.7
2022-10-27 08:23,4,+62.3,+48.5,+53.7,+44.5,+0.0,+0.0,+18.7,+19.5,+19.2,+19.6,+19.7,+19.7,+19.7
2022-10-27 09:23,4,(Error)
2022-10-27 10:23,4,+62.3,+49.5,+53.7,+44.7,+0.0,+0.0,+18.6,+19.3,+19.2,+19.5,+19.7,+19.7,+19.7
2022-10-27 11:23,4,+62.2,+49.6,+53.7,+44.7,+0.0,+0.0,+18.6,+19.3,+19.2,+19.5,+19.7,+19.7,+19.7
2022-10-27 12:23,4,+62.2,+49.6,+53.7,+44.7,+0.0,+0.0,+18.6,+19.2,+19.2,+19.5,+20.0,+19.7,+19.7
2022-10-27 13:23,4,+62.2,+49.6,+53.7,+44.7,+0.0,+0.0,+18.7,+19.2,+19.2,+19.5,+20.0,+19.7,+19.7
2022-10-27 14:23,4,+62.2,+49.6,+53.7,+44.7,+0.0,+0.0,+18.8,+19.2,+19.2,+19.5,+20.0,+19.7,+19.7
2022-10-27 15:23,4,+62.3,+49.5,+53.7,+44.5,+0.0,+0.0,+19.1,+19.2,+19.1,+19.5,+19.7,+19.7,+19.7
2022-10-27 16:23,4,+62.3,+49.4,+53.7,+44.5,+0.0,+0.0,+19.3,+19.3,+19.1,+19.5,+19.7,+19.7,+19.7
2022-10-27 17:23,4,+62.3,+49.3,+53.7,+44.5,+0.0,+0.0,+19.5,+19.3,+19.1,+19.5,+19.7,+19.7,+19.7
2022-10-27 18:23,4,(Error)
2022-10-27 19:23,4,+62.3,+49.2,+53.7,+44.5,+0.0,+0.0,+19.5,+19.6,+19.1,+19.5,+19.7,+19.7,+19.7
2022-10-27 20:23,4,+62.3,+49.2,+53.5,+44.5,+0.0,+0.0,+19.5,+19.6,+19.1,+19.5,+19.7,+19.7,+19.7
2022-10-27 21:23,4,+62.2,+49.1,+53.5,+44.5,+0.0,+0.0,+19.3,+19.6,+19.2,+19.5,+20.0,+19.7,+19.7
2022-10-27 22:23,4,+62.0,+49.1,+53.5,+44.5,+0.0,+0.0,+19.3,+19.6,+19.2,+19.5,+20.0,+19.7,+19.7
2022-10-27 23:23,4,+61.9,+49.1,+53.5,+44.5,+0.0,+0.0,+19.2,+19.6,+19.2,+19.6,+19.7,+19.7,+19.7
2022-10-28 00:23,4,+61.8,+49.0,+53.5,+44.5,+0.0,+0.0,+19.2,+19.6,+19.2,+19.5,+19.7,+19.7,+19.7
2022-10-28 01:23,4,+61.8,+48.9,+53.5,+44.5,+0.0,+0.0,+19.0,+19.5,+19.2,+19.5,+19.7,+19.7,+19.7
2022-10-28 02:23,4,+61.7,+48.8,+53.5,+44.5,+0.0,+0.0,+19.0,+19.5,+19.2,+19.5,+19.7,+19.7,+19.7
2022-10-28 03:23,4,+61.7,+48.7,+53.5,+44.5,+0.0,+0.0,+18.8,+19.5,+19.2,+19.5,+19.7,+19.7,+19.7
2022-10-28 04:23,4,+61.6,+48.6,+53.5,+44.5,+0.0,+0.0,+18.7,+19.3,+19.2,+19.5,+19.7,+19.7,+19.7
2022-10-28 05:23,4,+61.6,+48.5,+53.5,+44.5,+0.0,+0.0,+18.6,+19.3,+19.2,+19.5,+19.7,+19.7,+19.7
2022-10-28 06:23,4,+61.5,+48.4,+53.5,+44.5,+0.0,+0.0,+18.6,+19.3,+19.1,+19.5,+20.0,+19.7,+19.7
2022-10-28 07:23,4,+61.5,+48.3,+53.5,+44.5,+0.0,+0.0,+18.5,+19.2,+19.1,+19.5,+19.7,+19.7,+19.7
2022-10-28 08:23,4,+61.4,+48.2,+53.5,+44.5,+0.0,+0.0,+18.3,+19.2,+19.1,+19.6,+20.0,+19.7,+19.7
2022-10-28 09:23,4,+61.4,+48.1,+53.5,+44.5,+0.0,+0.0,+18.3,+19.1,+19.1,+19.5,+19.7,+19.7,+19.7
2022-10-28 10:23,4,+61.3,+48.0,+53.5,+44.5,+0.0,+0.0,+18.3,+19.1,+19.1,+19.5,+19.7,+19.7,+19.7
2022-10-28 11:23,4,+61.3,+47.9,+53.5,+44.5,+0.0,+0.0,+18.3,+19.0,+19.0,+19.5,+19.7,+19.7,+19.7
2022-10-28 12:23,4,+61.3,+47.8,+53.5,+44.5,+0.0,+0.0,+18.3,+19.0,+19.0,+19.5,+20.0,+19.7,+19.7
2022-10-28 13:23,4,+61.3,+47.8,+53.4,+44.4,+0.0,+0.0,+18.5,+19.0,+19.0,+19.5,+19.7,+19.7,+19.7
2022-10-28 14:23,4,+61.2,+47.7,+53.4,+44.4,+0.0,+0.0,+18.6,+19.0,+19.0,+19.5,+19.7,+19.7,+19.7
2022-10-28 15:23,4,+61.2,+47.6,+53.4,+44.4,+0.0,+0.0,+18.8,+19.0,+19.0,+19.3,+19.7,+19.7,+19.7
2022-10-28 16:23,4,+61.2,+47.6,+53.4,+44.4,+0.0,+0.0,+18.8,+19.1,+19.0,+19.5,+19.7,+19.7,+19.7
2022-10-28 17:23,4,+61.2,+47.5,+53.4,+44.4,+0.0,+0.0,+19.0,+19.1,+18.8,+19.3,+19.7,+19.7,+19.7
2022-10-28 18:23,4,+61.2,+47.4,+53.4,+44.4,+0.0,+0.0,+19.0,+19.2,+19.0,+19.3,+19.7,+19.7,+19.7
2022-10-28 19:23,4,+61.2,+47.4,+53.2,+44.4,+0.0,+0.0,+19.0,+19.2,+19.0,+19.3,+19.7,+19.7,+19.7
2022-10-28 20:23,4,+61.2,+47.3,+53.2,+44.2,+0.0,+0.0,+18.8,+19.2,+19.0,+19.5,+19.7,+19.7,+19.7
2022-10-28 21:23,4,+61.2,+47.2,+53.2,+44.2,+0.0,+0.0,+18.8,+19.2,+19.0,+19.3,+19.7,+19.7,+19.7
2022-10-28 22:23,4,+61.1,+47.2,+53.2,+44.2,+0.0,+0.0,+18.8,+19.2,+19.0,+19.3,+19.7,+19.7,+19.7
2022-10-28 23:23,4,+61.1,+47.1,+53.2,+44.2,+0.0,+0.0,+18.7,+19.2,+19.0,+19.5,+19.7,+19.7,+19.7
2022-10-29 00:23,4,+61.1,+47.4,+53.2,+44.4,+0.0,+0.0,+18.7,+19.2,+19.0,+19.3,+19.7,+19.7,+19.7
2022-10-29 01:23,4,+61.1,+47.7,+53.2,+44.4,+0.0,+0.0,+18.6,+19.2,+19.0,+19.3,+19.7,+19.7,+19.7
2022-10-29 02:23,4,+61.0,+47.7,+53.2,+44.4,+0.0,+0.0,+18.5,+19.2,+19.0,+19.3,+19.7,+19.7,+19.7
2022-10-29 03:23,4,+61.0,+47.7,+53.2,+44.4,+0.0,+0.0,+18.3,+19.1,+19.0,+19.3,+19.7,+19.7,+19.7
2022-10-29 04:23,4,+60.9,+47.6,+53.2,+44.4,+0.0,+0.0,+18.3,+19.1,+19.0,+19.3,+19.7,+19.7,+19.7
2022-10-29 05:23,4,+60.9,+47.6,+53.2,+44.4,+0.0,+0.0,+18.2,+19.0,+19.0,+19.3,+19.7,+19.7,+19.7
2022-10-29 06:23,4,+60.8,+47.6,+53.2,+44.4,+0.0,+0.0,+18.1,+19.0,+19.0,+19.3,+19.7,+19.7,+19.7
2022-10-29 07:23,4,+60.8,+47.5,+53.2,+44.4,+0.0,+0.0,+18.1,+18.8,+18.8,+19.2,+19.7,+19.7,+19.7
2022-10-29 08:23,4,+60.8,+47.5,+53.2,+44.4,+0.0,+0.0,+18.1,+18.8,+18.8,+19.2,+19.7,+19.7,+19.7
2022-10-29 09:23,4,+60.7,+47.5,+53.2,+44.4,+0.0,+0.0,+18.1,+18.8,+18.8,+19.2,+19.7,+19.7,+19.7
2022-10-29 10:23,4,+60.6,+47.4,+53.2,+44.4,+0.0,+0.0,+18.1,+18.7,+18.8,+19.2,+19.7,+19.7,+19.7
2022-10-29 11:23,4,+60.5,+47.4,+53.2,+44.4,+0.0,+0.0,+18.1,+18.7,+18.7,+19.3,+19.7,+19.7,+19.7
2022-10-29 12:23,4,(Error)
2022-10-29 13:23,4,(Error)
2022-10-29 14:23,4,+60.4,+47.2,+53.2,+44.4,+0.0,+0.0,+18.6,+18.6,+18.7,+19.2,+19.7,+19.7,+19.7
2022-10-29 15:23,4,+60.3,+47.2,+53.0,+44.2,+0.0,+0.0,+19.0,+18.7,+18.7,+19.2,+19.7,+19.7,+19.7
2022-10-29 16:23,4,+60.3,+47.1,+53.0,+44.2,+0.0,+0.0,+19.2,+19.0,+18.7,+19.1,+19.7,+19.7,+19.7
2022-10-29 17:23,4,+60.3,+47.1,+53.0,+44.2,+0.0,+0.0,+19.6,+19.1,+18.7,+19.2,+19.7,+19.7,+19.7
2022-10-29 18:23,4,+60.3,+47.1,+53.0,+44.2,+0.0,+0.0,+19.7,+19.3,+18.7,+19.3,+19.7,+19.7,+19.7
2022-10-29 19:23,4,+60.2,+47.0,+53.0,+44.2,+0.0,+0.0,+19.7,+19.3,+18.8,+19.2,+19.7,+19.7,+19.7
2022-10-29 20:23,4,+60.1,+47.0,+53.0,+44.2,+0.0,+0.0,+19.7,+19.5,+18.8,+19.1,+19.7,+19.7,+19.7
2022-10-29 21:23,4,+60.2,+47.0,+53.0,+44.2,+0.0,+0.0,+19.7,+19.6,+18.8,+19.2,+19.7,+19.7,+19.7
2022-10-29 22:23,4,+60.1,+46.9,+53.0,+44.2,+0.0,+0.0,+19.6,+19.6,+19.0,+19.2,+19.7,+19.7,+19.7
2022-10-29 23:23,4,+60.0,+46.9,+53.0,+44.2,+0.0,+0.0,+19.5,+19.6,+19.0,+19.2,+19.7,+19.7,+19.7
2022-10-30 00:23,4,+59.9,+46.9,+53.0,+44.2,+0.0,+0.0,+19.3,+19.6,+19.0,+19.2,+19.7,+19.7,+19.7
2022-10-30 01:23,4,+59.9,+46.8,+53.0,+44.2,+0.0,+0.0,+19.2,+19.6,+19.1,+19.2,+19.7,+19.7,+19.7
2022-10-30 02:23,4,+59.8,+46.8,+53.0,+44.2,+0.0,+0.0,+19.1,+19.5,+19.1,+19.2,+19.7,+19.7,+19.7
2022-10-30 03:23,4,+59.7,+46.7,+52.9,+44.2,+0.0,+0.0,+19.0,+19.5,+19.1,+19.2,+19.7,+19.7,+19.7
2022-10-30 04:23,4,+59.7,+46.7,+52.9,+44.2,+0.0,+0.0,+18.8,+19.5,+19.1,+19.3,+19.7,+19.7,+19.7
2022-10-30 05:23,4,+59.6,+46.6,+52.9,+44.2,+0.0,+0.0,+18.7,+19.5,+19.1,+19.3,+19.7,+19.7,+19.7
2022-10-30 06:23,4,+59.5,+46.6,+52.9,+44.2,+0.0,+0.0,+18.6,+19.3,+19.1,+19.3,+19.7,+19.7,+19.7
2022-10-30 07:23,4,+59.5,+46.5,+52.9,+44.2,+0.0,+0.0,+18.5,+19.2,+19.1,+19.3,+19.7,+19.7,+19.7
2022-10-30 08:23,4,+59.4,+46.5,+52.9,+44.2,+0.0,+0.0,+18.3,+19.2,+19.0,+19.3,+19.7,+19.7,+19.7
2022-10-30 09:23,4,+59.3,+46.4,+52.9,+44.2,+0.0,+0.0,+18.3,+19.1,+19.0,+19.3,+19.7,+19.7,+19.7
2022-10-30 10:23,4,+59.3,+46.4,+52.9,+44.2,+0.0,+0.0,+18.3,+19.0,+19.0,+19.3,+19.7,+19.7,+19.7
2022-10-30 11:23,4,+59.2,+46.3,+52.7,+44.2,+0.0,+0.0,+18.3,+19.0,+19.0,+19.3,+19.7,+19.7,+19.7
2022-10-30 12:23,4,+59.2,+46.2,+52.7,+44.2,+0.0,+0.0,+18.5,+19.0,+18.8,+19.3,+19.7,+19.7,+19.7
2022-10-30 13:23,4,+59.2,+46.2,+52.7,+44.2,+0.0,+0.0,+18.6,+19.0,+18.8,+19.3,+19.7,+19.7,+19.7
2022-10-30 14:23,4,+59.1,+46.1,+52.7,+44.2,+0.0,+0.0,+18.8,+19.0,+18.8,+19.3,+19.7,+19.7,+19.7
2022-10-30 15:23,4,+59.1,+46.1,+52.7,+44.2,+0.0,+0.0,+19.0,+19.0,+18.8,+19.3,+19.7,+19.7,+19.7
2022-10-30 16:23,4,+59.1,+46.0,+52.7,+44.2,+0.0,+0.0,+19.1,+19.1,+18.8,+19.3,+19.7,+19.7,+19.7
2022-10-30 17:23,4,+59.1,+46.0,+52.7,+44.2,+0.0,+0.0,+19.2,+19.2,+18.8,+19.3,+19.7,+19.7,+19.7
2022-10-30 18:23,4,+59.1,+45.9,+52.7,+44.0,+0.0,+0.0,+19.3,+19.3,+19.0,+19.3,+19.7,+19.7,+19.7
2022-10-30 19:23,4,+59.1,+45.9,+52.7,+44.0,+0.0,+0.0,+19.3,+19.3,+19.0,+19.2,+19.7,+19.7,+19.7
2022-10-30 20:23,4,+59.1,+45.8,+52.7,+44.0,+0.0,+0.0,+19.2,+19.3,+19.0,+19.3,+19.7,+19.7,+19.7
2022-10-30 21:23,4,+59.1,+45.8,+52.7,+44.0,+0.0,+0.0,+19.2,+19.3,+19.0,+19.2,+19.7,+19.7,+19.7
2022-10-30 22:23,4,+59.0,+45.8,+52.5,+44.0,+0.0,+0.0,+19.1,+19.3,+19.0,+19.3,+19.7,+19.7,+19.7
2022-10-30 23:23,4,+59.0,+45.8,+52.5,+44.0,+0.0,+0.0,+19.0,+19.3,+19.0,+19.2,+19.7,+19.7,+19.7
2022-10-31 00:23,4,+58.1,+42.9,+49.0,+41.0,+0.0,+0.0,+18.8,+19.3,+19.0,+19.2,+19.7,+19.7,+19.7
2022-10-31 01:23,4,+57.9,+42.9,+48.4,+41.0,+0.0,+0.0,+18.8,+19.3,+19.0,+19.2,+19.7,+19.7,+19.7
2022-10-31 02:23,4,+57.9,+42.8,+48.2,+41.0,+0.0,+0.0,+18.7,+19.2,+19.1,+19.3,+19.7,+19.7,+19.7
2022-10-31 03:23,4,+57.8,+42.8,+48.2,+39.5,+0.0,+0.0,+18.6,+19.2,+19.0,+19.3,+19.7,+19.7,+19.7
2022-10-31 04:23,4,+57.7,+42.7,+48.2,+39.5,+0.0,+0.0,+18.5,+19.2,+19.1,+19.3,+19.7,+19.7,+19.7
2022-10-31 05:23,4,+57.7,+42.7,+48.2,+39.4,+0.0,+0.0,+18.3,+19.1,+19.0,+19.2,+19.7,+19.7,+19.7
2022-10-31 06:23,4,+57.6,+42.7,+48.0,+39.4,+0.0,+0.0,+18.2,+19.1,+19.0,+19.3,+19.7,+19.7,+19.7
2022-10-31 07:23,4,+57.5,+42.6,+48.0,+39.2,+0.0,+0.0,+18.2,+19.0,+19.0,+19.3,+19.7,+19.7,+19.7
2022-10-31 08:23,4,+57.5,+42.6,+48.0,+39.2,+0.0,+0.0,+18.1,+18.8,+18.8,+19.2,+19.7,+19.7,+19.7
2022-10-31 09:23,4,+57.5,+42.5,+48.0,+39.0,+0.0,+0.0,+18.0,+18.8,+19.0,+19.2,+19.7,+19.7,+19.7
2022-10-31 10:23,4,+57.5,+42.5,+48.0,+39.0,+0.0,+0.0,+18.0,+18.7,+18.8,+19.2,+19.7,+19.7,+19.7
2022-10-31 11:23,4,+57.4,+42.4,+48.0,+38.9,+0.0,+0.0,+18.1,+18.7,+18.8,+19.3,+19.7,+19.7,+19.7
2022-10-31 12:23,4,+57.4,+42.4,+48.0,+38.9,+0.0,+0.0,+18.2,+18.7,+18.7,+19.2,+19.7,+19.7,+19.7
2022-10-31 13:23,4,+57.5,+42.4,+48.0,+38.7,+0.0,+0.0,+18.3,+18.7,+18.7,+19.2,+19.7,+19.7,+19.7
2022-10-31 14:23,4,+57.6,+42.3,+48.0,+38.7,+0.0,+0.0,+18.6,+18.7,+18.7,+19.2,+19.7,+19.7,+19.7
2022-10-31 15:23,4,+57.8,+42.3,+48.0,+38.7,+0.0,+0.0,+19.0,+18.8,+18.7,+19.3,+19.7,+19.7,+19.7
2022-10-31 16:23,4,+57.8,+42.3,+48.0,+38.5,+0.0,+0.0,+19.3,+19.0,+18.7,+19.2,+19.7,+19.7,+19.7
2022-10-31 17:23,4,+57.8,+42.2,+47.9,+38.4,+0.0,+0.0,+19.5,+19.1,+18.7,+19.2,+19.7,+19.7,+19.7
2022-10-31 18:23,4,+57.9,+42.2,+47.9,+38.2,+0.0,+0.0,+19.5,+19.2,+18.8,+19.3,+19.7,+19.7,+19.7
2022-10-31 19:23,4,+57.9,+42.2,+47.9,+38.2,+0.0,+0.0,+19.6,+19.3,+18.7,+19.2,+19.7,+19.7,+19.7
2022-10-31 20:23,4,+57.9,+42.2,+47.9,+38.2,+0.0,+0.0,+19.5,+19.3,+18.8,+19.2,+19.7,+19.7,+19.7
2022-10-31 21:23,4,+57.8,+42.1,+47.9,+38.2,+0.0,+0.0,+19.6,+19.5,+18.8,+19.2,+19.7,+19.6,+19.7
2022-10-31 22:23,4,+57.8,+42.1,+47.9,+38.0,+0.0,+0.0,+19.5,+19.5,+19.0,+19.2,+19.7,+19.7,+19.7
2022-10-31 23:23,4,+57.8,+42.1,+47.7,+38.0,+0.0,+0.0,+19.5,+19.5,+19.0,+19.2,+19.7,+19.7,+19.7
2022-11-01 00:23,4,+57.7,+42.1,+47.7,+38.0,+0.0,+0.0,+19.3,+19.5,+19.0,+19.2,+19.7,+19.6,+19.7
2022-11-01 01:23,4,+57.7,+42.1,+47.7,+37.9,+0.0,+0.0,+19.3,+19.5,+19.0,+19.2,+19.7,+19.7,+19.7
2022-11-01 02:23,4,+57.6,+42.0,+47.7,+37.7,+0.0,+0.0,+19.1,+19.5,+19.0,+19.2,+19.7,+19.7,+19.7
2022-11-01 03:23,4,+57.6,+42.0,+47.7,+37.7,+0.0,+0.0,+19.1,+19.5,+19.1,+19.2,+19.7,+19.7,+19.7
2022-11-01 04:23,4,+57.5,+42.0,+47.7,+37.7,+0.0,+0.0,+19.0,+19.5,+19.0,+19.2,+19.7,+19.7,+19.7
2022-11-01 05:23,4,+57.5,+42.0,+47.7,+37.7,+0.0,+0.0,+19.0,+19.5,+19.1,+19.2,+19.7,+19.7,+19.7
2022-11-01 06:23,4,+57.4,+41.9,+47.7,+37.7,+0.0,+0.0,+18.8,+19.3,+19.1,+19.3,+19.7,+19.7,+19.7
2022-11-01 07:23,4,+57.4,+41.9,+47.7,+37.5,+0.0,+0.0,+18.8,+19.3,+19.0,+19.2,+19.7,+19.7,+19.7
2022-11-01 08:23,4,+57.4,+41.9,+47.7,+37.5,+0.0,+0.0,+18.7,+19.3,+19.1,+19.3,+19.7,+19.7,+19.7
2022-11-01 09:23,4,+57.3,+41.8,+47.7,+37.5,+0.0,+0.0,+18.7,+19.2,+19.0,+19.2,+19.7,+19.7,+19.7
2022-11-01 10:23,4,+57.2,+41.8,+47.7,+37.5,+0.0,+0.0,+18.7,+19.2,+19.0,+19.3,+19.7,+19.7,+19.7
2022-11-01 11:23,4,+57.2,+41.8,+47.7,+37.5,+0.0,+0.0,+18.8,+19.2,+19.0,+19.3,+19.7,+19.7,+19.7
2022-11-01 12:23,4,+57.2,+41.7,+47.7,+37.4,+0.0,+0.0,+18.8,+19.2,+19.0,+19.2,+19.7,+19.7,+19.7
2022-11-01 13:23,4,+57.2,+41.7,+47.7,+37.4,+0.0,+0.0,+19.0,+19.2,+19.0,+19.3,+19.7,+19.7,+19.7
2022-11-01 14:23,4,+57.1,+41.7,+47.5,+37.2,+0.0,+0.0,+19.1,+19.2,+19.1,+19.3,+19.7,+19.7,+19.7
2022-11-01 15:23,4,+57.1,+41.6,+47.5,+37.2,+0.0,+0.0,+19.1,+19.2,+19.0,+19.3,+19.7,+19.7,+19.7
2022-11-01 16:23,4,+57.1,+41.6,+47.5,+37.2,+0.0,+0.0,+19.2,+19.3,+19.1,+19.3,+19.7,+19.7,+19.7
2022-11-01 17:23,4,+57.0,+41.6,+47.5,+37.2,+0.0,+0.0,+19.2,+19.3,+19.0,+19.3,+19.7,+19.7,+19.7
2022-11-01 18:23,4,+57.0,+41.6,+47.5,+37.2,+0.0,+0.0,+19.3,+19.3,+19.0,+19.3,+19.7,+19.7,+19.7
2022-11-01 19:23,4,+57.0,+41.6,+47.5,+37.2,+0.0,+0.0,+19.3,+19.5,+19.0,+19.2,+19.7,+19.7,+19.7
2022-11-01 20:23,4,+57.0,+41.6,+47.5,+37.2,+0.0,+0.0,+19.3,+19.5,+19.1,+19.3,+19.7,+19.7,+19.7
2022-11-01 21:23,4,+57.0,+41.6,+47.5,+37.0,+0.0,+0.0,+19.3,+19.5,+19.1,+19.2,+19.7,+19.7,+19.7
2022-11-01 22:23,4,+57.0,+41.6,+47.5,+37.0,+0.0,+0.0,+19.3,+19.5,+19.1,+19.3,+19.7,+19.7,+19.7
2022-11-01 23:23,4,+57.0,+41.5,+47.5,+37.0,+0.0,+0.0,+19.3,+19.5,+19.0,+19.3,+19.7,+19.7,+19.7
2022-11-02 00:23,4,+57.0,+41.5,+47.5,+37.0,+0.0,+0.0,+19.3,+19.5,+19.1,+19.2,+19.7,+19.6,+19.7
2022-11-02 01:23,4,+57.0,+41.5,+47.5,+36.9,+0.0,+0.0,+19.2,+19.6,+19.1,+19.3,+19.7,+19.7,+19.7
2022-11-02 02:23,4,+56.9,+41.4,+47.5,+36.9,+0.0,+0.0,+19.1,+19.5,+19.1,+19.3,+19.7,+19.7,+19.7
2022-11-02 03:23,4,+56.9,+41.4,+47.5,+36.9,+0.0,+0.0,+19.0,+19.5,+19.1,+19.3,+19.7,+19.7,+19.7
2022-11-02 04:23,4,+56.9,+41.4,+47.5,+36.9,+0.0,+0.0,+19.0,+19.3,+19.1,+19.3,+19.7,+19.6,+19.7
2022-11-02 05:23,4,+56.9,+41.4,+47.5,+36.7,+0.0,+0.0,+18.8,+19.3,+19.1,+19.3,+19.7,+19.7,+19.7
2022-11-02 06:23,4,+56.8,+41.3,+47.4,+36.7,+0.0,+0.0,+18.7,+19.3,+19.1,+19.3,+19.7,+19.7,+19.7
2022-11-02 07:23,4,+56.8,+41.3,+47.4,+36.7,+0.0,+0.0,+18.7,+19.3,+19.1,+19.5,+19.7,+19.7,+19.7
2022-11-02 08:23,4,+56.8,+41.3,+47.4,+36.7,+0.0,+0.0,+18.7,+19.3,+19.1,+19.3,+19.7,+19.7,+19.7
2022-11-02 09:23,4,+56.7,+41.2,+47.4,+36.5,+0.0,+0.0,+18.7,+19.2,+19.0,+19.3,+19.7,+19.7,+19.7
2022-11-02 10:23,4,+56.7,+41.2,+47.4,+36.5,+0.0,+0.0,+18.7,+19.2,+19.1,+19.3,+19.7,+19.7,+19.7
2022-11-02 11:23,4,+56.7,+41.2,+47.4,+36.5,+0.0,+0.0,+18.8,+19.2,+19.1,+19.3,+19.7,+19.7,+19.7
2022-11-02 12:23,4,+56.7,+41.1,+47.4,+36.5,+0.0,+0.0,+18.8,+19.2,+19.0,+19.3,+19.7,+19.7,+19.7
2022-11-02 13:23,4,+56.7,+41.1,+47.4,+36.5,+0.0,+0.0,+19.1,+19.2,+19.0,+19.3,+19.7,+19.7,+19.7
2022-11-02 14:23,4,+56.7,+41.1,+47.2,+36.5,+0.0,+0.0,+19.3,+19.2,+19.0,+19.2,+19.7,+19.7,+19.7
2022-11-02 15:23,4,+56.8,+41.1,+47.2,+36.4,+0.0,+0.0,+19.7,+19.3,+19.0,+19.3,+19.7,+19.7,+19.7
2022-11-02 16:23,4,(Error)
2022-11-02 17:23,4,(Error)
2022-11-02 18:23,4,(Error)
2022-11-02 19:23,4,(Error)
2022-11-02 20:23,4,(Error)
2022-11-02 21:23,4,(Error)
2022-11-02 22:23,4,(Error)
2022-11-02 23:23,4,(Error)
2022-11-03 00:23,4,(Error)
2022-11-03 01:23,4,(Error)
2022-11-03 02:23,4,(Error)
2022-11-03 03:23,4,(Error)
2022-11-03 04:23,4,(Error)
2022-11-03 05:23,4,(Error)
2022-11-03 06:23,4,(Error)
2022-11-03 07:23,4,(Error)
2022-11-03 08:23,4,+56.4,+40.7,+47.0,+35.7,+0.0,+0.0,+19.0,+19.6,+19.3,+19.6,+19.7,+19.7,+19.7
2022-11-03 09:23,4,+56.4,+40.7,+47.0,+35.5,+0.0,+0.0,+19.0,+19.5,+19.3,+19.5,+19.7,+19.7,+19.7
2022-11-03 10:23,4,+56.3,+40.6,+47.0,+35.5,+0.0,+0.0,+19.0,+19.5,+19.3,+19.5,+19.7,+19.7,+19.7
2022-11-03 11:23,4,+56.3,+40.6,+47.0,+35.5,+0.0,+0.0,+19.0,+19.5,+19.3,+19.5,+19.7,+19.7,+19.7
2022-11-03 12:23,4,+56.3,+40.6,+47.0,+35.5,+0.0,+0.0,+19.1,+19.3,+19.2,+19.5,+19.7,+19.7,+19.7
2022-11-03 13:23,4,+56.3,+40.5,+47.0,+35.5,+0.0,+0.0,+19.1,+19.3,+19.2,+19.5,+19.7,+19.7,+19.7
2022-11-03 14:23,4,+56.3,+40.5,+47.0,+35.5,+0.0,+0.0,+19.3,+19.5,+19.2,+19.5,+19.7,+19.7,+19.7
2022-11-03 15:23,4,+56.2,+40.5,+46.9,+35.4,+0.0,+0.0,+19.3,+19.5,+19.2,+19.5,+19.7,+19.7,+19.7
2022-11-03 16:23,4,(Error)
2022-11-03 17:23,4,(Error)
2022-11-03 18:23,4,(Error)
2022-11-03 19:23,4,(Error)
2022-11-03 20:23,4,(Error)
2022-11-03 21:23,4,(Error)
2022-11-03 22:23,4,(Error)
2022-11-03 23:23,4,(Error)
2022-11-04 00:23,4,(Error)
2022-11-04 01:23,4,(Error)
2022-11-04 02:23,4,(Error)
2022-11-04 03:23,4,(Error)
2022-11-04 04:23,4,(Error)
2022-11-04 05:23,4,(Error)
2022-11-04 06:23,4,(Error)
2022-11-04 07:23,4,(Error)
2022-11-04 08:23,4,+56.1,+40.1,+46.7,+35.0,+0.0,+0.0,+18.8,+19.3,+19.1,+19.5,+19.7,+19.7,+19.7
2022-11-04 09:23,4,+56.1,+40.0,+46.7,+35.0,+0.0,+0.0,+18.8,+19.3,+19.2,+19.6,+19.7,+19.7,+19.7
2022-11-04 10:23,4,+56.1,+40.0,+46.7,+35.0,+0.0,+0.0,+18.8,+19.3,+19.2,+19.5,+19.7,+19.7,+19.7
2022-11-04 11:23,4,+56.1,+40.0,+46.7,+35.0,+0.0,+0.0,+19.0,+19.2,+19.1,+19.5,+19.7,+19.7,+19.7
2022-11-04 12:23,4,+56.1,+40.0,+46.7,+35.0,+0.0,+0.0,+19.1,+19.3,+19.1,+19.5,+19.7,+19.7,+19.7
2022-11-04 13:23,4,+56.1,+39.9,+46.7,+34.9,+0.0,+0.0,+19.2,+19.3,+19.1,+19.5,+19.7,+19.7,+19.7
2022-11-04 14:23,4,+56.2,+39.9,+46.7,+34.9,+0.0,+0.0,+19.2,+19.3,+19.1,+19.5,+19.7,+19.7,+19.7
2022-11-04 15:23,4,(Error)
2022-11-04 16:23,4,(Error)
2022-11-04 17:23,4,(Error)
2022-11-04 18:23,4,(Error)
2022-11-04 19:23,4,(Error)
2022-11-04 20:23,4,(Error)
2022-11-04 21:23,4,(Error)
2022-11-04 22:23,4,(Error)
2022-11-04 23:23,4,(Error)
2022-11-05 00:23,4,(Error)
2022-11-05 01:23,4,(Error)
2022-11-05 02:23,4,(Error)
2022-11-05 03:23,4,(Error)
2022-11-05 04:23,4,(Error)
2022-11-05 05:23,4,(Error)
2022-11-05 06:23,4,(Error)
2022-11-05 07:23,4,(Error)
2022-11-05 08:23,4,+64.7,+47.1,+47.2,+39.5,+0.0,+0.0,+18.8,+19.3,+19.1,+19.5,+19.7,+19.7,+19.7
2022-11-05 09:23,4,+64.3,+47.2,+47.4,+39.5,+0.0,+0.0,+18.8,+19.3,+19.1,+19.5,+19.7,+19.7,+19.7
2022-11-05 10:23,4,+64.0,+47.4,+47.5,+39.7,+0.0,+0.0,+18.7,+19.2,+19.1,+19.5,+19.7,+19.7,+19.7
2022-11-05 11:23,4,+63.7,+47.5,+47.5,+39.7,+0.0,+0.0,+18.8,+19.2,+19.1,+19.5,+19.7,+19.7,+19.7
2022-11-05 12:23,4,+64.5,+47.7,+47.5,+39.7,+0.0,+0.0,+18.8,+19.3,+19.1,+19.3,+19.7,+19.7,+19.7
2022-11-05 13:23,4,+72.1,+48.0,+48.0,+40.0,+0.0,+0.0,+18.8,+19.2,+19.1,+19.5,+19.7,+19.7,+19.7
2022-11-05 14:23,4,+73.3,+48.2,+48.2,+40.9,+0.0,+0.0,+19.0,+19.2,+19.1,+19.3,+19.7,+19.7,+19.7
2022-11-05 15:23,4,+74.0,+48.6,+48.7,+41.5,+0.0,+0.0,+19.0,+19.2,+19.0,+19.5,+19.7,+19.7,+19.7
2022-11-05 16:23,4,+74.2,+49.0,+49.2,+42.2,+0.0,+0.0,+19.0,+19.2,+19.1,+19.3,+19.7,+19.7,+19.7
2022-11-05 17:23,4,(Error)
2022-11-05 18:23,4,(Error)
2022-11-05 19:23,4,(Error)
2022-11-05 20:23,4,(Error)
2022-11-05 21:23,4,(Error)
2022-11-05 22:23,4,(Error)
2022-11-05 23:23,4,(Error)
2022-11-06 00:23,4,(Error)
2022-11-06 01:23,4,(Error)
2022-11-06 02:23,4,(Error)
2022-11-06 03:23,4,(Error)
2022-11-06 04:23,4,(Error)
2022-11-06 05:23,4,(Error)
2022-11-06 06:23,4,(Error)
2022-11-06 07:23,4,+68.5,+51.4,+50.4,+46.4,+0.0,+0.0,+18.7,+19.1,+18.8,+19.3,+19.7,+19.7,+19.7
2022-11-06 08:23,4,+69.3,+51.6,+50.5,+46.9,+0.0,+0.0,+18.6,+19.1,+19.0,+19.3,+19.7,+19.7,+19.7
2022-11-06 09:23,4,+70.8,+51.9,+50.9,+47.5,+0.0,+0.0,+18.6,+19.1,+19.0,+19.3,+19.7,+19.7,+19.7
2022-11-06 10:23,4,+71.2,+52.1,+51.0,+48.0,+0.0,+0.0,+18.7,+19.1,+18.8,+19.3,+19.7,+19.7,+19.7
2022-11-06 11:23,4,+71.2,+52.2,+51.0,+48.2,+0.0,+0.0,+18.7,+19.1,+19.0,+19.2,+19.7,+19.7,+19.7
2022-11-06 12:23,4,+71.6,+52.3,+51.2,+48.4,+0.0,+0.0,+18.8,+19.1,+18.8,+19.2,+19.7,+19.7,+19.7
2022-11-06 13:23,4,+72.4,+52.6,+51.5,+48.7,+0.0,+0.0,+18.8,+19.1,+18.8,+19.3,+19.7,+19.6,+19.7
2022-11-06 14:23,4,+72.6,+52.8,+52.0,+49.0,+0.0,+0.0,+18.8,+19.0,+18.8,+19.2,+19.7,+19.6,+19.7
2022-11-06 15:23,4,+72.7,+52.9,+52.2,+49.2,+0.0,+0.0,+19.0,+19.2,+18.8,+19.3,+19.7,+19.7,+19.7
2022-11-06 16:23,4,(Error)
2022-11-06 17:23,4,(Error)
2022-11-06 18:23,4,(Error)
2022-11-06 19:23,4,(Error)
2022-11-06 20:23,4,(Error)
2022-11-06 21:23,4,(Error)
2022-11-06 22:23,4,(Error)
2022-11-06 23:23,4,(Error)
2022-11-07 00:23,4,(Error)
2022-11-07 01:23,4,(Error)
2022-11-07 02:23,4,(Error)
2022-11-07 03:23,4,(Error)
2022-11-07 04:23,4,(Error)
2022-11-07 05:23,4,(Error)
2022-11-07 06:23,4,(Error)
2022-11-07 07:23,4,+74.2,+54.0,+54.4,+53.7,+0.0,+0.0,+18.5,+19.0,+18.7,+19.1,+19.6,+19.5,+19.6
2022-11-07 08:23,4,+74.3,+54.1,+54.5,+53.7,+0.0,+0.0,+18.5,+19.0,+18.7,+19.0,+19.5,+19.5,+19.5
2022-11-07 09:23,4,+74.5,+54.2,+54.7,+53.7,+0.0,+0.0,+18.6,+18.8,+18.7,+19.1,+19.5,+19.5,+19.6
2022-11-07 10:23,4,+74.6,+54.3,+54.9,+53.9,+0.0,+0.0,+18.6,+18.8,+18.6,+19.1,+19.6,+19.5,+19.6
2022-11-07 11:23,4,+74.8,+54.5,+55.0,+54.0,+0.0,+0.0,+18.5,+18.8,+18.7,+19.1,+19.5,+19.5,+19.6
2022-11-07 12:23,4,+74.7,+54.4,+55.2,+54.0,+0.0,+0.0,+18.5,+18.8,+18.6,+19.1,+19.5,+19.5,+19.6
2022-11-07 13:23,4,+74.3,+54.3,+55.4,+54.0,+0.0,+0.0,+18.6,+18.8,+18.6,+19.0,+19.5,+19.5,+19.6
2022-11-07 14:23,4,(Error)
2022-11-07 15:23,4,+73.1,+54.2,+55.2,+54.0,+0.0,+0.0,+18.7,+18.8,+18.6,+19.0,+19.5,+19.5,+19.5
2022-11-07 16:23,4,(Error)
2022-11-07 17:23,4,(Error)
2022-11-07 18:23,4,(Error)
2022-11-07 19:23,4,(Error)
2022-11-07 20:23,4,(Error)
2022-11-07 21:23,4,(Error)
2022-11-07 22:23,4,(Error)
2022-11-07 23:23,4,(Error)
2022-11-08 00:23,4,(Error)
2022-11-08 01:23,4,(Error)
2022-11-08 02:23,4,(Error)
2022-11-08 03:23,4,(Error)
2022-11-08 04:23,4,(Error)
2022-11-08 05:23,4,(Error)
2022-11-08 06:23,4,(Error)
2022-11-08 07:23,4,(Error)
2022-11-08 08:23,4,(Error)
2022-11-08 09:23,4,+67.8,+54.1,+56.2,+53.2,+0.0,+0.0,+18.2,+18.7,+18.6,+19.0,+19.2,+19.2,+19.5
2022-11-08 10:23,4,+67.6,+53.9,+56.2,+53.0,+0.0,+0.0,+18.2,+18.7,+18.6,+19.0,+19.2,+19.2,+19.5
2022-11-08 11:23,4,+67.3,+53.9,+56.2,+52.9,+0.0,+0.0,+18.3,+18.7,+18.6,+18.8,+19.2,+19.2,+19.5
2022-11-08 12:23,4,+67.1,+53.7,+56.0,+52.7,+0.0,+0.0,+18.3,+18.7,+18.6,+19.0,+19.2,+19.2,+19.5
2022-11-08 13:23,4,+66.9,+53.7,+56.0,+52.7,+0.0,+0.0,+18.3,+18.7,+18.5,+19.0,+19.5,+19.2,+19.5
2022-11-08 14:23,4,+66.8,+53.6,+56.0,+52.7,+0.0,+0.0,+18.6,+18.7,+18.6,+19.0,+19.5,+19.2,+19.5
2022-11-08 15:23,4,+66.6,+53.6,+56.0,+52.7,+0.0,+0.0,+18.7,+18.7,+18.5,+19.0,+19.2,+19.2,+19.5
2022-11-08 16:23,4,+66.6,+53.5,+56.0,+52.7,+0.0,+0.0,,,,,,,
2022-11-08 17:23,4,(Error)
2022-11-08 18:23,4,(Error)
2022-11-08 19:23,4,(Error)
2022-11-08 20:23,4,(Error)
2022-11-08 21:23,4,(Error)
2022-11-08 22:23,4,(Error)
2022-11-08 23:23,4,(Error)
2022-11-09 00:23,4,(Error)
2022-11-09 01:23,4,(Error)
2022-11-09 02:23,4,(Error)
2022-11-09 03:23,4,(Error)
2022-11-09 04:23,4,(Error)
2022-11-09 05:23,4,(Error)
2022-11-09 06:23,4,(Error)
2022-11-09 07:23,4,(Error)
2022-11-09 08:23,4,+65.5,+53.3,+55.5,+52.7,+0.0,+0.0,+18.2,+18.8,+18.6,+19.0,+19.2,+19.2,+19.5
2022-11-09 09:23,4,+65.5,+53.3,+55.5,+52.7,+0.0,+0.0,+18.2,+18.7,+18.6,+19.0,+19.2,+19.2,+19.5
2022-11-09 10:23,4,+65.5,+53.3,+55.5,+52.7,+0.0,+0.0,+18.2,+18.7,+18.6,+19.0,+19.2,+19.2,+19.5
2022-11-09 11:23,4,(Error)
2022-11-09 12:23,4,+65.5,+53.2,+55.5,+52.7,+0.0,+0.0,+18.3,+18.7,+18.6,+19.0,+19.2,+19.2,+19.5
2022-11-09 13:23,4,+67.5,+54.3,+55.2,+53.0,+0.0,+0.0,+18.5,+18.7,+18.6,+19.0,+19.2,+19.2,+19.5
2022-11-09 14:23,4,(Error)
2022-11-09 15:23,4,+69.7,+54.0,+58.2,+53.4,+0.0,+0.0,+18.6,+18.7,+18.6,+19.0,+19.5,+19.2,+19.5
2022-11-09 16:23,4,+70.3,+54.2,+59.0,+53.7,+0.0,+0.0,+18.6,+18.8,+18.5,+19.0,+19.2,+19.2,+19.5
2022-11-09 17:23,4,(Error)
2022-11-09 18:23,4,(Error)
2022-11-09 19:23,4,(Error)
2022-11-09 20:23,4,(Error)
2022-11-09 21:23,4,(Error)
2022-11-09 22:23,4,(Error)
2022-11-09 23:23,4,(Error)
2022-11-10 00:23,4,(Error)
2022-11-10 01:23,4,(Error)
2022-11-10 02:23,4,(Error)
2022-11-10 03:23,4,(Error)
2022-11-10 04:23,4,(Error)
2022-11-10 05:23,4,(Error)
2022-11-10 06:23,4,(Error)
2022-11-10 07:23,4,(Error)
2022-11-10 08:23,4,(Error)
2022-11-10 09:23,4,+67.6,+54.5,+59.4,+54.9,+0.0,+0.0,+18.0,+18.5,+18.5,+18.8,+19.2,+19.2,+19.5
2022-11-10 10:23,4,+67.4,+54.5,+59.4,+54.9,+0.0,+0.0,+18.0,+18.6,+18.5,+18.8,+19.2,+19.2,+19.5
2022-11-10 11:23,4,+67.3,+54.5,+59.4,+54.9,+0.0,+0.0,+18.0,+18.5,+18.5,+18.8,+19.2,+19.2,+19.5
2022-11-10 12:23,4,+67.1,+54.5,+59.4,+54.9,+0.0,+0.0,+18.1,+18.5,+18.3,+18.8,+19.2,+19.2,+19.2
2022-11-10 13:23,4,+67.0,+54.5,+59.4,+54.9,+0.0,+0.0,+18.1,+18.5,+18.5,+18.8,+19.2,+19.2,+19.2
2022-11-10 14:23,4,+67.6,+54.5,+59.2,+54.9,+0.0,+0.0,+18.2,+18.5,+18.3,+18.8,+19.2,+19.2,+19.5
2022-11-10 15:23,4,+69.2,+54.8,+59.9,+55.2,+0.0,+0.0,+18.3,+18.6,+18.5,+18.8,+19.2,+19.2,+19.5
2022-11-10 16:23,4,(Error)
2022-11-10 17:23,4,(Error)
2022-11-10 18:23,4,(Error)
2022-11-10 19:23,4,(Error)
2022-11-10 20:23,4,(Error)
2022-11-10 21:23,4,(Error)
2022-11-10 22:23,4,(Error)
2022-11-10 23:23,4,(Error)
2022-11-11 00:23,4,(Error)
2022-11-11 01:23,4,(Error)
2022-11-11 02:23,4,(Error)
2022-11-11 03:23,4,(Error)
2022-11-11 04:23,4,(Error)
2022-11-11 05:23,4,(Error)
2022-11-11 06:23,4,(Error)
2022-11-11 07:23,4,(Error)
2022-11-11 08:23,4,+70.1,+55.7,+62.0,+57.7,+0.0,+0.0,+18.2,+18.6,+18.5,+18.7,+19.2,+19.2,+19.2
2022-11-11 09:23,4,+69.9,+55.7,+62.0,+57.5,+0.0,+0.0,+18.3,+18.6,+18.5,+18.7,+19.2,+19.2,+19.2
2022-11-11 10:23,4,+69.7,+55.7,+62.0,+57.5,+0.0,+0.0,+18.2,+18.6,+18.5,+18.7,+19.2,+19.2,+19.2
2022-11-11 11:23,4,+69.5,+55.7,+62.0,+57.7,+0.0,+0.0,+18.3,+18.7,+18.5,+18.7,+19.2,+19.2,+19.2
2022-11-11 12:23,4,+69.2,+55.6,+61.9,+57.5,+0.0,+0.0,+18.3,+18.6,+18.3,+18.7,+19.2,+19.2,+19.2