
2022-09-30 14:13,4,+56.0,+35.6,+40.7,+31.7,+0.0,+0.0,+19.3,+19.5,+19.1,+19.3,+19.7,+19.7,+19.7
2022-09-30 15:13,4,+56.3,+35.7,+40.9,+32.0,+0.0,+0.0,+19.3,+19.5,+19.1,+19.5,+19.7,+19.7,+19.7
2022-09-30 16:13,4,+56.6,+36.0,+41.0,+32.0,+0.0,+0.0,+19.6,+19.5,+19.1,+19.5,+19.7,+19.7,+19.7
2022-09-30 17:13,4,+56.7,+36.2,+41.0,+32.2,+0.0,+0.0,+19.5,+19.6,+19.1,+19.5,+19.7,+19.7,+19.7
2022-09-30 18:13,4,+56.8,+36.3,+41.2,+32.2,+0.0,+0.0,+19.6,+19.6,+19.1,+19.3,+19.7,+19.7,+19.7
2022-09-30 19:13,4,+57.0,+36.4,+41.4,+32.4,+0.0,+0.0,+19.5,+19.6,+19.1,+19.3,+19.7,+19.7,+19.7
2022-09-30 20:13,4,+57.1,+36.6,+41.5,+32.5,+0.0,+0.0,+19.6,+19.6,+19.1,+19.3,+19.7,+19.7,+19.7
2022-09-30 21:13,4,+57.2,+36.9,+41.7,+32.7,+0.0,+0.0,+19.5,+19.7,+19.2,+19.5,+19.7,+19.7,+19.7
2022-09-30 22:13,4,+57.2,+37.0,+41.9,+32.9,+0.0,+0.0,+19.3,+19.7,+19.2,+19.5,+19.7,+19.7,+19.7
2022-09-30 23:13,4,+57.3,+37.2,+42.0,+33.0,+0.0,+0.0,+19.2,+19.6,+19.2,+19.5,+19.7,+19.7,+19.7
2022-10-01 00:13,4,+57.3,+37.3,+42.0,+33.2,+0.0,+0.0,+19.2,+19.6,+19.2,+19.5,+19.7,+19.7,+19.7
2022-10-01 01:13,4,+57.3,+37.3,+42.2,+33.2,+0.0,+0.0,+19.1,+19.6,+19.2,+19.3,+19.7,+19.7,+19.7
2022-10-01 02:13,4,+57.3,+37.4,+42.2,+33.4,+0.0,+0.0,+19.0,+19.6,+19.2,+19.5,+19.7,+19.7,+19.7
2022-10-01 03:13,4,+57.3,+37.5,+42.4,+33.5,+0.0,+0.0,+19.0,+19.5,+19.2,+19.5,+19.7,+19.7,+19.7
2022-10-01 04:13,4,+57.2,+37.5,+42.4,+33.5,+0.0,+0.0,+18.8,+19.5,+19.1,+19.5,+19.7,+19.7,+19.7
2022-10-01 05:13,4,+57.2,+37.4,+42.4,+33.5,+0.0,+0.0,+18.7,+19.5,+19.2,+19.5,+19.7,+19.7,+19.7
2022-10-01 06:13,4,+57.1,+37.4,+42.4,+33.5,+0.0,+0.0,+18.7,+19.3,+19.2,+19.5,+19.7,+19.7,+19.7
2022-10-01 07:13,4,+57.0,+37.1,+42.2,+33.5,+0.0,+0.0,+18.6,+19.2,+19.1,+19.5,+19.7,+19.7,+19.7
2022-10-01 08:13,4,+56.9,+37.0,+42.2,+33.5,+0.0,+0.0,+18.7,+19.2,+19.1,+19.5,+19.7,+19.7,+19.7
2022-10-01 09:13,4,+56.9,+37.0,+42.2,+33.5,+0.0,+0.0,+18.6,+19.2,+19.1,+19.3,+19.7,+19.7,+19.7
2022-10-01 10:13,4,+56.9,+37.0,+42.0,+33.5,+0.0,+0.0,+18.6,+19.2,+19.1,+19.3,+19.7,+19.7,+19.7
2022-10-01 11:13,4,+56.8,+36.9,+42.0,+33.5,+0.0,+0.0,+18.7,+19.2,+19.1,+19.5,+19.7,+19.7,+19.7
2022-10-01 12:13,4,+56.8,+36.9,+42.0,+33.5,+0.0,+0.0,+18.8,+19.2,+19.1,+19.3,+19.7,+19.7,+19.7
2022-10-01 13:13,4,+56.8,+36.9,+42.0,+33.5,+0.0,+0.0,+19.0,+19.2,+19.0,+19.5,+19.7,+19.7,+19.7
2022-10-01 14:13,4,+56.8,+36.9,+42.0,+33.5,+0.0,+0.0,+19.0,+19.2,+19.0,+19.3,+19.7,+19.7,+19.7
2022-10-01 15:13,4,+56.9,+36.9,+42.0,+33.5,+0.0,+0.0,+19.1,+19.2,+19.0,+19.3,+19.7,+19.7,+19.7
2022-10-01 16:13,4,+57.0,+36.9,+42.0,+33.5,+0.0,+0.0,+19.2,+19.3,+19.0,+19.3,+19.7,+19.6,+19.7
2022-10-01 17:13,4,+57.1,+36.9,+42.0,+33.5,+0.0,+0.0,+19.2,+19.2,+19.0,+19.3,+19.7,+19.7,+19.7
2022-10-01 18:13,4,+57.1,+36.9,+42.0,+33.5,+0.0,+0.0,+19.2,+19.3,+19.1,+19.3,+19.7,+19.7,+19.7
2022-10-01 19:13,4,+57.1,+36.9,+42.0,+33.5,+0.0,+0.0,+19.2,+19.3,+19.0,+19.3,+19.7,+19.7,+19.7
2022-10-01 20:13,4,+57.1,+37.0,+42.0,+33.5,+0.0,+0.0,+19.1,+19.3,+19.0,+19.2,+19.7,+19.7,+19.7
2022-10-01 21:13,4,+57.1,+37.0,+42.0,+33.5,+0.0,+0.0,+19.1,+19.3,+19.0,+19.2,+19.7,+19.7,+19.7
2022-10-01 22:13,4,+57.2,+37.0,+42.0,+33.5,+0.0,+0.0,+19.0,+19.3,+19.0,+19.3,+19.7,+19.7,+19.7
2022-10-01 23:13,4,+57.1,+37.0,+42.0,+33.5,+0.0,+0.0,+19.0,+19.3,+19.0,+19.3,+19.7,+19.6,+19.7
2022-10-02 00:13,4,+57.1,+37.0,+42.0,+33.5,+0.0,+0.0,+18.8,+19.3,+19.0,+19.3,+19.7,+19.7,+19.7
2022-10-02 01:13,4,+57.1,+37.0,+42.0,+33.5,+0.0,+0.0,+18.7,+19.3,+19.0,+19.2,+19.7,+19.7,+19.7
2022-10-02 02:13,4,+57.1,+37.0,+42.0,+33.5,+0.0,+0.0,+18.7,+19.3,+19.0,+19.3,+19.7,+19.7,+19.7
2022-10-02 03:13,4,+57.0,+37.0,+42.0,+33.5,+0.0,+0.0,+18.6,+19.2,+19.0,+19.2,+19.7,+19.6,+19.7
2022-10-02 04:13,4,+57.0,+37.0,+42.0,+33.5,+0.0,+0.0,+18.6,+19.2,+19.1,+19.3,+19.7,+19.6,+19.7
2022-10-02 05:13,4,+56.9,+37.0,+42.0,+33.5,+0.0,+0.0,+18.5,+19.2,+19.0,+19.3,+19.7,+19.6,+19.7
2022-10-02 06:13,4,+56.9,+37.0,+42.0,+33.5,+0.0,+0.0,+18.5,+19.1,+19.0,+19.3,+19.7,+19.6,+19.7
2022-10-02 07:13,4,+56.8,+36.9,+42.0,+33.5,+0.0,+0.0,+18.5,+19.1,+19.0,+19.3,+19.7,+19.6,+19.7
2022-10-02 08:13,4,+56.7,+36.9,+42.0,+33.5,+0.0,+0.0,+18.3,+19.0,+18.8,+19.3,+19.7,+19.6,+19.7
2022-10-02 09:13,4,+56.6,+36.9,+42.0,+33.5,+0.0,+0.0,+18.3,+19.0,+18.8,+19.2,+19.7,+19.7,+19.7
2022-10-02 10:13,4,+56.5,+36.9,+42.0,+33.5,+0.0,+0.0,+18.5,+19.0,+18.8,+19.2,+19.7,+19.6,+19.7
2022-10-02 11:13,4,+56.5,+36.8,+42.0,+33.7,+0.0,+0.0,+18.5,+19.0,+18.8,+19.3,+19.7,+19.6,+19.7
2022-10-02 12:13,4,+56.5,+36.8,+42.0,+33.7,+0.0,+0.0,+18.7,+19.0,+18.8,+19.3,+19.7,+19.7,+19.7
2022-10-02 13:13,4,+56.4,+36.8,+42.0,+33.5,+0.0,+0.0,+18.7,+19.0,+18.8,+19.3,+19.7,+19.6,+19.7
2022-10-02 14:13,4,+56.5,+36.8,+42.0,+33.5,+0.0,+0.0,+19.0,+19.0,+18.8,+19.2,+19.7,+19.6,+19.7
2022-10-02 15:13,4,+56.5,+36.7,+42.0,+33.5,+0.0,+0.0,+19.1,+19.1,+18.8,+19.2,+19.7,+19.6,+19.7
2022-10-02 16:13,4,+56.5,+36.7,+42.0,+33.5,+0.0,+0.0,+19.2,+19.1,+18.8,+19.2,+19.7,+19.6,+19.6
2022-10-02 17:13,4,+56.5,+36.7,+42.0,+33.5,+0.0,+0.0,+19.2,+19.2,+18.8,+19.2,+19.6,+19.6,+19.7
2022-10-02 18:13,4,+56.5,+36.7,+42.0,+33.5,+0.0,+0.0,+19.3,+19.3,+18.8,+19.2,+19.7,+19.6,+19.7
2022-10-02 19:13,4,+56.5,+36.7,+42.0,+33.5,+0.0,+0.0,+19.2,+19.3,+18.8,+19.2,+19.6,+19.6,+19.6
2022-10-02 20:13,4,+56.5,+36.7,+42.0,+33.5,+0.0,+0.0,+19.1,+19.3,+19.0,+19.1,+19.7,+19.6,+19.7
2022-10-02 21:13,4,+56.5,+36.7,+42.0,+33.5,+0.0,+0.0,+19.1,+19.3,+18.8,+19.1,+19.6,+19.6,+19.6
2022-10-02 22:13,4,+56.5,+36.7,+42.0,+33.7,+0.0,+0.0,+19.1,+19.3,+18.8,+19.2,+19.7,+19.6,+19.6
2022-10-02 23:13,4,+56.5,+36.7,+42.0,+33.7,+0.0,+0.0,+19.0,+19.3,+19.0,+19.2,+19.7,+19.6,+19.7
2022-10-03 00:13,4,+56.4,+36.7,+42.0,+33.7,+0.0,+0.0,+18.8,+19.3,+19.0,+19.2,+19.6,+19.6,+19.7
2022-10-03 01:13,4,+56.4,+36.7,+42.0,+33.7,+0.0,+0.0,+18.8,+19.2,+19.0,+19.2,+19.6,+19.6,+19.7
2022-10-03 02:13,4,+56.4,+36.6,+42.0,+33.7,+0.0,+0.0,+18.7,+19.2,+19.0,+19.2,+19.6,+19.7,+19.7
2022-10-03 03:13,4,+56.3,+36.6,+42.0,+33.7,+0.0,+0.0,+18.6,+19.2,+18.8,+19.2,+19.7,+19.6,+19.6
2022-10-03 04:13,4,+56.3,+36.6,+42.0,+33.7,+0.0,+0.0,+18.6,+19.2,+19.0,+19.2,+19.6,+19.6,+19.7
2022-10-03 05:13,4,+56.3,+36.6,+42.0,+33.7,+0.0,+0.0,+18.6,+19.1,+18.8,+19.2,+19.7,+19.6,+19.6
2022-10-03 06:13,4,+56.2,+36.6,+42.0,+33.7,+0.0,+0.0,+18.5,+19.1,+19.0,+19.2,+19.6,+19.6,+19.6
2022-10-03 07:13,4,+56.2,+36.6,+42.0,+33.7,+0.0,+0.0,+18.3,+19.0,+18.8,+19.2,+19.7,+19.6,+19.7
2022-10-03 08:13,4,+56.2,+36.5,+42.0,+33.7,+0.0,+0.0,+18.3,+19.0,+18.8,+19.2,+19.6,+19.6,+19.7
2022-10-03 09:13,4,+56.2,+36.5,+42.0,+33.7,+0.0,+0.0,+18.5,+19.0,+18.8,+19.2,+19.7,+19.6,+19.7
2022-10-03 10:13,4,+56.1,+36.5,+42.0,+33.7,+0.0,+0.0,+18.3,+18.8,+18.8,+19.2,+19.6,+19.6,+19.6
2022-10-03 11:13,4,+56.1,+36.5,+42.0,+33.7,+0.0,+0.0,+18.5,+19.0,+18.8,+19.2,+19.7,+19.6,+19.7
2022-10-03 12:13,4,+56.1,+36.4,+42.0,+33.7,+0.0,+0.0,+18.6,+18.8,+18.7,+19.2,+19.6,+19.7,+19.7
2022-10-03 13:13,4,+56.1,+36.4,+42.0,+33.7,+0.0,+0.0,+18.7,+19.0,+18.7,+19.2,+19.6,+19.6,+19.6
2022-10-03 14:13,4,+56.2,+36.3,+42.0,+33.7,+0.0,+0.0,+19.0,+19.0,+18.7,+19.2,+19.7,+19.6,+19.7
2022-10-03 15:13,4,+56.2,+36.3,+42.0,+33.7,+0.0,+0.0,+19.5,+19.1,+18.8,+19.1,+19.6,+19.6,+19.6
2022-10-03 16:13,4,+56.3,+36.3,+42.0,+33.7,+0.0,+0.0,+19.8,+19.2,+18.8,+19.2,+19.6,+19.6,+19.6
2022-10-03 17:13,4,+56.3,+36.3,+42.0,+33.7,+0.0,+0.0,+20.1,+19.3,+18.8,+19.1,+19.6,+19.6,+19.6
2022-10-03 18:13,4,+56.4,+36.3,+42.0,+33.7,+0.0,+0.0,+20.2,+19.5,+19.0,+19.1,+19.7,+19.6,+19.6
2022-10-03 19:13,4,+56.4,+36.3,+42.0,+33.7,+0.0,+0.0,+20.2,+19.7,+18.8,+19.2,+19.6,+19.6,+19.6
2022-10-03 20:13,4,+56.4,+36.2,+42.0,+33.7,+0.0,+0.0,+20.2,+19.7,+18.8,+19.2,+19.6,+19.6,+19.7
2022-10-03 21:13,4,+56.3,+36.2,+42.0,+33.7,+0.0,+0.0,+20.2,+19.8,+19.0,+19.1,+19.6,+19.6,+19.7
2022-10-03 22:13,4,+56.3,+36.2,+42.0,+33.7,+0.0,+0.0,+20.1,+19.8,+19.1,+19.2,+19.7,+19.6,+19.6
2022-10-03 23:13,4,+56.3,+35.9,+42.0,+33.7,+0.0,+0.0,+20.0,+19.8,+19.2,+19.2,+19.6,+19.6,+19.7
2022-10-04 00:13,4,+56.3,+35.7,+42.0,+33.7,+0.0,+0.0,+20.0,+19.8,+19.1,+19.3,+19.7,+19.6,+19.6
2022-10-04 01:13,4,+56.3,+35.7,+42.0,+33.7,+0.0,+0.0,+19.7,+19.8,+19.2,+19.2,+19.6,+19.7,+19.7
2022-10-04 02:13,4,+56.2,+35.6,+42.0,+33.7,+0.0,+0.0,+19.7,+19.8,+19.2,+19.3,+19.7,+19.6,+19.6
2022-10-04 03:13,4,+56.2,+35.6,+42.0,+33.7,+0.0,+0.0,+19.6,+19.8,+19.2,+19.2,+19.7,+19.6,+19.7
2022-10-04 04:13,4,+56.2,+35.6,+42.0,+33.7,+0.0,+0.0,+19.5,+19.7,+19.2,+19.3,+19.7,+19.6,+19.7
2022-10-04 05:13,4,+56.2,+35.6,+42.0,+33.7,+0.0,+0.0,+19.5,+19.7,+19.2,+19.3,+19.6,+19.6,+19.7
2022-10-04 06:13,4,+56.2,+35.6,+42.2,+33.7,+0.0,+0.0,+19.2,+19.7,+19.2,+19.3,+19.7,+19.7,+19.7
2022-10-04 07:13,4,+56.2,+35.6,+42.2,+33.7,+0.0,+0.0,+19.2,+19.6,+19.2,+19.3,+19.7,+19.7,+19.7
2022-10-04 08:13,4,+56.2,+35.6,+42.2,+33.7,+0.0,+0.0,+19.1,+19.6,+19.2,+19.3,+19.7,+19.7,+19.7
2022-10-04 09:13,4,+56.2,+35.6,+42.2,+33.7,+0.0,+0.0,+19.1,+19.6,+19.2,+19.5,+19.7,+19.7,+19.7
2022-10-04 10:13,4,+56.1,+35.5,+42.2,+33.7,+0.0,+0.0,+19.1,+19.6,+19.2,+19.3,+19.7,+19.7,+19.7
2022-10-04 11:13,4,+56.1,+35.5,+42.2,+33.7,+0.0,+0.0,+19.1,+19.5,+19.2,+19.3,+19.7,+19.7,+19.7
2022-10-04 12:13,4,+56.1,+35.5,+42.2,+33.7,+0.0,+0.0,+19.1,+19.5,+19.2,+19.5,+19.7,+19.7,+19.7
2022-10-04 13:13,4,+56.1,+35.5,+42.2,+33.7,+0.0,+0.0,+19.2,+19.5,+19.2,+19.5,+19.7,+19.7,+19.7
2022-10-04 14:13,4,+56.2,+35.5,+42.2,+33.7,+0.0,+0.0,+19.6,+19.5,+19.1,+19.5,+19.7,+19.7,+19.7
2022-10-04 15:13,4,+56.2,+35.5,+42.2,+33.7,+0.0,+0.0,+20.0,+19.6,+19.1,+19.5,+19.7,+19.7,+19.7
2022-10-04 16:13,4,+56.2,+35.5,+42.2,+33.7,+0.0,+0.0,+20.2,+19.6,+19.2,+19.5,+19.7,+19.7,+19.7
2022-10-04 17:13,4,+56.3,+35.5,+42.2,+33.7,+0.0,+0.0,+20.3,+19.8,+19.2,+19.3,+19.7,+19.7,+19.7
2022-10-04 18:13,4,+56.3,+35.5,+42.2,+33.7,+0.0,+0.0,+20.5,+19.8,+19.2,+19.5,+19.7,+19.7,+19.7
2022-10-04 19:13,4,+56.3,+35.5,+42.2,+33.7,+0.0,+0.0,+20.3,+20.0,+19.2,+19.5,+19.7,+19.7,+19.7
2022-10-04 20:13,4,+56.3,+35.5,+42.2,+33.9,+0.0,+0.0,+20.3,+20.1,+19.3,+19.5,+19.7,+19.7,+19.7
2022-10-04 21:13,4,(Error)
2022-10-04 22:13,4,+56.2,+35.4,+42.2,+33.9,+0.0,+0.0,+20.2,+20.1,+19.3,+19.5,+19.7,+19.7,+19.7
2022-10-04 23:13,4,+56.2,+35.4,+42.2,+33.9,+0.0,+0.0,+20.1,+20.1,+19.3,+19.5,+19.7,+19.7,+19.7
2022-10-05 00:13,4,+56.2,+35.4,+42.2,+33.9,+0.0,+0.0,+20.1,+20.1,+19.5,+19.6,+19.7,+19.7,+19.7
2022-10-05 01:13,4,,,,,,,+20.0,+20.1,+19.5,+19.5,+19.7,+19.7,+19.7
2022-10-05 02:13,4,+56.2,+35.4,+42.2,+33.9,+0.0,+0.0,+19.8,+20.1,+19.5,+19.6,+19.7,+19.7,+19.7
2022-10-05 03:13,4,+56.1,+35.4,+42.2,+33.9,+0.0,+0.0,+19.7,+20.0,+19.5,+19.5,+19.7,+19.7,+19.7
2022-10-05 04:13,4,+56.1,+35.4,+42.2,+33.9,+0.0,+0.0,+19.7,+20.0,+19.5,+19.5,+19.7,+19.7,+19.7
2022-10-05 05:13,4,+56.1,+35.4,+42.2,+34.0,+0.0,+0.0,+19.6,+20.0,+19.5,+19.6,+19.7,+19.7,+19.7
2022-10-05 06:13,4,+56.1,+35.4,+42.2,+34.0,+0.0,+0.0,+19.5,+19.8,+19.5,+19.5,+20.0,+19.7,+19.7
2022-10-05 07:13,4,(Error)
2022-10-05 08:13,4,(Error)
2022-10-05 09:13,4,+56.9,+35.6,+42.5,+34.2,+0.0,+0.0,+19.5,+19.8,+19.5,+19.6,+20.0,+19.7,+19.7
2022-10-05 10:13,4,+57.1,+35.7,+42.5,+34.2,+0.0,+0.0,+19.5,+19.7,+19.5,+19.6,+20.0,+19.7,+19.7
2022-10-05 11:13,4,+57.3,+35.9,+42.5,+34.5,+0.0,+0.0,+19.3,+19.7,+19.5,+19.6,+19.7,+19.7,+19.7
2022-10-05 12:13,4,+57.5,+36.1,+42.5,+34.7,+0.0,+0.0,+19.5,+19.6,+19.5,+19.6,+20.0,+19.7,+19.7
2022-10-05 13:13,4,+57.6,+36.3,+42.7,+34.9,+0.0,+0.0,+19.5,+19.7,+19.3,+19.6,+20.0,+19.7,+19.7
2022-10-05 14:13,4,+57.6,+36.5,+42.7,+35.0,+0.0,+0.0,+19.6,+19.7,+19.5,+19.6,+20.0,+19.7,+19.7
2022-10-05 15:13,4,+57.7,+36.7,+42.7,+35.0,+0.0,+0.0,+19.7,+19.7,+19.5,+19.6,+20.0,+19.7,+19.7
2022-10-05 16:13,4,+57.6,+36.8,+42.7,+34.9,+0.0,+0.0,+19.8,+19.7,+19.3,+19.6,+20.0,+19.7,+19.7
2022-10-05 17:13,4,+57.6,+36.9,+42.7,+35.0,+0.0,+0.0,+19.8,+19.8,+19.3,+19.6,+20.0,+19.7,+19.7
2022-10-05 18:13,4,+57.6,+37.0,+42.7,+35.0,+0.0,+0.0,+19.8,+19.8,+19.5,+19.6,+20.0,+19.7,+19.7
2022-10-05 19:13,4,+57.6,+37.0,+42.7,+35.0,+0.0,+0.0,+19.8,+20.0,+19.5,+19.6,+20.0,+19.7,+19.7
2022-10-05 20:13,4,(Error)
2022-10-05 21:13,4,+57.5,+37.1,+42.7,+35.0,+0.0,+0.0,+19.8,+19.8,+19.5,+19.6,+20.0,+19.7,+19.7
2022-10-05 22:13,4,+57.4,+37.1,+42.7,+35.0,+0.0,+0.0,+19.7,+20.0,+19.5,+19.7,+20.0,+19.7,+19.7
2022-10-05 23:13,4,+57.3,+37.2,+42.7,+35.0,+0.0,+0.0,+19.6,+19.8,+19.5,+19.6,+20.0,+19.7,+19.7
2022-10-06 00:13,4,+57.2,+37.2,+42.9,+35.0,+0.0,+0.0,+19.6,+19.8,+19.5,+19.6,+20.0,+19.7,+19.7
2022-10-06 01:13,4,+57.2,+37.2,+42.9,+35.0,+0.0,+0.0,+19.5,+19.8,+19.5,+19.7,+20.1,+19.7,+19.7
2022-10-06 02:13,4,+57.2,+37.2,+42.9,+35.0,+0.0,+0.0,+19.3,+19.8,+19.5,+19.7,+20.1,+19.7,+19.7
2022-10-06 03:13,4,+57.1,+37.2,+42.9,+35.0,+0.0,+0.0,+19.3,+19.7,+19.5,+19.7,+20.0,+19.7,+19.7
2022-10-06 04:13,4,+57.1,+37.1,+42.9,+35.0,+0.0,+0.0,+19.2,+19.7,+19.5,+19.7,+20.0,+19.7,+19.7
2022-10-06 05:13,4,+57.1,+37.1,+42.9,+35.0,+0.0,+0.0,+19.1,+19.7,+19.5,+19.6,+20.0,+19.7,+19.7
2022-10-06 06:13,4,+57.0,+37.1,+42.9,+35.0,+0.0,+0.0,+19.0,+19.6,+19.3,+19.7,+20.0,+19.7,+19.7
2022-10-06 07:13,4,+57.0,+37.1,+42.9,+35.0,+0.0,+0.0,+19.0,+19.6,+19.5,+19.7,+20.0,+19.7,+19.7
2022-10-06 08:13,4,+57.0,+37.1,+42.9,+35.0,+0.0,+0.0,+18.8,+19.5,+19.3,+19.7,+20.0,+19.7,+19.7
2022-10-06 09:13,4,+57.0,+37.1,+42.9,+35.0,+0.0,+0.0,+18.8,+19.5,+19.5,+19.6,+20.1,+19.7,+19.7
2022-10-06 10:13,4,+57.0,+37.1,+42.9,+35.0,+0.0,+0.0,+18.8,+19.5,+19.3,+19.6,+20.0,+19.7,+19.7
2022-10-06 11:13,4,+57.0,+37.0,+42.9,+35.0,+0.0,+0.0,+18.8,+19.3,+19.3,+19.7,+20.0,+19.7,+19.7
2022-10-06 12:13,4,+56.9,+37.0,+42.9,+35.0,+0.0,+0.0,+19.0,+19.3,+19.3,+19.6,+20.0,+19.7,+19.7
2022-10-06 13:13,4,+56.9,+36.9,+42.9,+35.0,+0.0,+0.0,+19.0,+19.3,+19.3,+19.6,+20.0,+19.7,+19.7
2022-10-06 14:13,4,+56.9,+36.9,+42.9,+35.0,+0.0,+0.0,+19.1,+19.3,+19.2,+19.6,+20.0,+19.7,+19.7
2022-10-06 15:13,4,+56.9,+36.9,+42.9,+35.0,+0.0,+0.0,+19.1,+19.3,+19.2,+19.6,+20.0,+19.7,+19.7
2022-10-06 16:13,4,+56.9,+36.9,+42.9,+35.2,+0.0,+0.0,+19.1,+19.3,+19.2,+19.6,+20.0,+19.7,+19.7
2022-10-06 17:13,4,+56.9,+36.8,+42.9,+35.2,+0.0,+0.0,+19.1,+19.5,+19.2,+19.6,+20.0,+20.0,+19.7
2022-10-06 18:13,4,(Error)
2022-10-06 19:13,4,+56.9,+36.8,+42.9,+35.2,+0.0,+0.0,+19.1,+19.5,+19.2,+19.6,+20.1,+19.7,+19.7
2022-10-06 20:13,4,+56.9,+36.8,+42.9,+35.2,+0.0,+0.0,+19.1,+19.5,+19.2,+19.6,+20.0,+19.7,+20.0
2022-10-06 21:13,4,+56.9,+36.8,+42.9,+35.2,+0.0,+0.0,+19.1,+19.5,+19.2,+19.6,+20.0,+19.7,+19.7
2022-10-06 22:13,4,+56.9,+36.8,+42.9,+35.0,+0.0,+0.0,+19.0,+19.5,+19.2,+19.6,+20.1,+20.0,+19.7
2022-10-06 23:13,4,+56.9,+36.7,+42.9,+35.0,+0.0,+0.0,+19.0,+19.5,+19.2,+19.6,+20.0,+19.7,+19.7
2022-10-07 00:13,4,+56.9,+36.7,+42.9,+35.0,+0.0,+0.0,+19.0,+19.5,+19.2,+19.6,+20.0,+19.7,+19.7
2022-10-07 01:13,4,+56.9,+36.7,+42.9,+35.0,+0.0,+0.0,+18.8,+19.3,+19.2,+19.6,+20.0,+19.7,+19.7
2022-10-07 02:13,4,+56.8,+36.7,+42.9,+35.0,+0.0,+0.0,+18.8,+19.3,+19.2,+19.6,+20.0,+19.7,+19.7
2022-10-07 03:13,4,+56.8,+36.7,+42.9,+35.0,+0.0,+0.0,+18.8,+19.3,+19.2,+19.6,+20.0,+19.7,+19.7
2022-10-07 04:13,4,+56.8,+36.7,+42.9,+35.0,+0.0,+0.0,+18.7,+19.3,+19.2,+19.6,+20.0,+19.7,+19.7
2022-10-07 05:13,4,+56.8,+36.6,+42.9,+35.0,+0.0,+0.0,+18.7,+19.2,+19.2,+19.6,+20.0,+19.7,+19.7
2022-10-07 06:13,4,+56.8,+36.6,+42.9,+35.0,+0.0,+0.0,+18.6,+19.2,+19.1,+19.6,+20.0,+19.7,+19.7
2022-10-07 07:13,4,+56.8,+36.6,+42.9,+35.0,+0.0,+0.0,+18.6,+19.2,+19.1,+19.5,+20.0,+19.7,+19.7
2022-10-07 08:13,4,+56.8,+36.6,+42.9,+35.0,+0.0,+0.0,+18.6,+19.2,+19.1,+19.6,+20.0,+19.7,+19.7
2022-10-07 09:13,4,+56.8,+36.5,+42.9,+35.0,+0.0,+0.0,+18.6,+19.1,+19.1,+19.6,+20.0,+19.7,+19.7
2022-10-07 10:13,4,+56.8,+36.5,+42.9,+35.0,+0.0,+0.0,+18.7,+19.2,+19.1,+19.5,+20.0,+19.7,+19.7
2022-10-07 11:13,4,+56.8,+36.5,+42.9,+35.0,+0.0,+0.0,+18.7,+19.1,+19.1,+19.6,+20.0,+19.7,+19.7
2022-10-07 12:13,4,+56.8,+36.5,+42.9,+35.0,+0.0,+0.0,+18.8,+19.2,+19.1,+19.5,+20.0,+19.7,+19.7
2022-10-07 13:13,4,+56.8,+36.5,+42.9,+35.0,+0.0,+0.0,+18.8,+19.2,+19.0,+19.5,+20.0,+19.7,+19.7
2022-10-07 14:13,4,+56.9,+36.5,+42.9,+35.0,+0.0,+0.0,+18.8,+19.2,+19.1,+19.5,+20.0,+19.7,+19.7
2022-10-07 14:29,4,+56.9,+36.5,+42.9,+35.0,+0.0,+0.0,+18.8,+19.2,+19.1,+19.5,+19.7,+19.7,+19.7
2022-10-07 15:29,4,+57.6,+36.8,+42.9,+35.4,+0.0,+0.0,+18.8,+19.2,+19.0,+19.5,+19.7,+19.7,+19.7
2022-10-07 16:29,4,+57.8,+37.1,+42.9,+35.5,+0.0,+0.0,+18.8,+19.2,+19.0,+19.5,+19.7,+19.7,+19.7
2022-10-07 17:29,4,+58.0,+37.2,+42.9,+35.5,+0.0,+0.0,+18.8,+19.2,+19.1,+19.5,+19.7,+19.7,+19.7
2022-10-07 18:29,4,+58.1,+37.4,+43.0,+35.5,+0.0,+0.0,+18.7,+19.2,+19.0,+19.5,+19.7,+19.7,+19.7
2022-10-07 19:29,4,+58.1,+37.5,+43.0,+35.7,+0.0,+0.0,+18.8,+19.2,+19.1,+19.5,+19.7,+19.7,+19.7
2022-10-07 20:29,4,+58.3,+37.5,+43.0,+35.7,+0.0,+0.0,+18.7,+19.2,+19.0,+19.5,+20.0,+19.7,+19.7
2022-10-07 21:29,4,+58.3,+37.6,+43.2,+35.9,+0.0,+0.0,+18.6,+19.2,+19.0,+19.5,+20.0,+19.7,+19.7
2022-10-07 22:29,4,+58.3,+37.7,+43.2,+35.9,+0.0,+0.0,+18.5,+19.2,+19.0,+19.5,+20.0,+19.7,+19.7
2022-10-07 23:29,4,+58.2,+37.7,+43.2,+36.0,+0.0,+0.0,+18.5,+19.1,+19.1,+19.5,+19.7,+19.7,+19.7
2022-10-08 00:29,4,+58.2,+37.7,+43.2,+36.0,+0.0,+0.0,+18.5,+19.1,+19.0,+19.5,+19.7,+19.7,+19.7
2022-10-08 01:29,4,+58.2,+37.7,+43.4,+36.0,+0.0,+0.0,+18.3,+19.1,+19.0,+19.3,+19.7,+19.7,+19.7
2022-10-08 02:29,4,+58.1,+37.7,+43.4,+36.0,+0.0,+0.0,+18.3,+19.0,+19.0,+19.5,+19.7,+19.7,+19.7
2022-10-08 03:29,4,+58.1,+37.7,+43.4,+36.0,+0.0,+0.0,+18.3,+19.0,+19.0,+19.5,+19.7,+19.7,+19.7
2022-10-08 04:29,4,+58.1,+37.7,+43.4,+36.0,+0.0,+0.0,+18.3,+19.0,+19.0,+19.3,+19.7,+19.7,+19.7
2022-10-08 05:29,4,+58.1,+37.7,+43.4,+36.0,+0.0,+0.0,+18.2,+18.8,+18.8,+19.2,+19.7,+19.7,+19.7
2022-10-08 06:29,4,+58.1,+37.8,+43.4,+36.0,+0.0,+0.0,+18.2,+18.8,+18.8,+19.3,+19.7,+19.7,+19.7
2022-10-08 07:29,4,+58.1,+37.8,+43.4,+36.0,+0.0,+0.0,+18.2,+18.8,+18.8,+19.3,+19.7,+19.7,+19.7
2022-10-08 08:29,4,+58.1,+37.8,+43.4,+36.0,+0.0,+0.0,+18.2,+18.7,+18.8,+19.3,+19.7,+19.7,+19.7
2022-10-08 09:29,4,+58.1,+37.8,+43.5,+36.0,+0.0,+0.0,+18.2,+18.8,+18.8,+19.3,+19.7,+19.7,+19.7
2022-10-08 10:29,4,+58.0,+37.9,+43.5,+36.0,+0.0,+0.0,+18.2,+18.7,+18.7,+19.3,+19.7,+19.7,+19.7
2022-10-08 11:29,4,+57.9,+38.0,+43.4,+36.0,+0.0,+0.0,+18.3,+18.7,+18.8,+19.3,+19.7,+19.7,+19.7
2022-10-08 12:29,4,+57.8,+38.0,+43.4,+36.0,+0.0,+0.0,+18.5,+18.7,+18.7,+19.2,+19.7,+19.7,+19.7
2022-10-08 13:29,4,+57.8,+38.0,+43.4,+36.0,+0.0,+0.0,+18.5,+18.7,+18.7,+19.2,+19.7,+19.7,+19.7
2022-10-08 14:29,4,+57.8,+38.0,+43.4,+36.0,+0.0,+0.0,+18.6,+18.8,+18.7,+19.2,+19.7,+19.7,+19.7
2022-10-08 15:29,4,+57.8,+38.0,+43.4,+36.0,+0.0,+0.0,+18.6,+18.8,+18.7,+19.2,+19.7,+19.7,+19.7
2022-10-08 16:29,4,+57.8,+38.0,+43.4,+36.0,+0.0,+0.0,+18.6,+18.8,+18.7,+19.2,+19.7,+19.7,+19.7
2022-10-08 17:29,4,+57.7,+38.0,+43.4,+36.0,+0.0,+0.0,+18.6,+18.8,+18.7,+19.2,+19.7,+19.7,+19.7
2022-10-08 18:29,4,+57.7,+38.0,+43.4,+36.0,+0.0,+0.0,+18.6,+19.0,+18.7,+19.2,+19.7,+19.7,+19.7
2022-10-08 19:29,4,+57.7,+38.0,+43.4,+36.0,+0.0,+0.0,+18.6,+19.0,+18.7,+19.2,+19.7,+19.7,+19.7
2022-10-08 20:29,4,+57.7,+38.0,+43.4,+36.0,+0.0,+0.0,+18.5,+19.0,+18.7,+19.2,+19.7,+19.7,+19.7
2022-10-08 21:29,4,+57.7,+37.9,+43.4,+36.0,+0.0,+0.0,+18.5,+19.0,+18.8,+19.2,+19.7,+19.7,+19.7
2022-10-08 22:29,4,+58.0,+37.9,+43.5,+36.0,+0.0,+0.0,+18.5,+19.0,+18.7,+19.2,+19.7,+19.7,+19.7
2022-10-08 23:29,4,(Error)
2022-10-09 00:29,4,+58.5,+38.7,+43.9,+36.5,+0.0,+0.0,+18.3,+18.8,+18.7,+19.2,+19.7,+19.7,+19.7
2022-10-09 01:29,4,+58.6,+39.0,+44.0,+36.5,+0.0,+0.0,+18.2,+18.8,+18.7,+19.2,+19.7,+19.7,+19.7
2022-10-09 02:29,4,+58.7,+39.3,+44.0,+36.7,+0.0,+0.0,+18.2,+18.8,+18.7,+19.1,+19.7,+19.7,+19.7
2022-10-09 03:29,4,+58.8,+39.6,+44.2,+37.0,+0.0,+0.0,+18.1,+18.7,+18.7,+19.2,+19.7,+19.6,+19.7
2022-10-09 04:29,4,+59.0,+39.9,+44.5,+37.0,+0.0,+0.0,+18.1,+18.7,+18.6,+19.1,+19.7,+19.6,+19.7
2022-10-09 05:29,4,+59.1,+40.1,+44.7,+37.2,+0.0,+0.0,+18.1,+18.6,+18.6,+19.1,+19.6,+19.6,+19.7
2022-10-09 06:29,4,+59.2,+40.3,+44.9,+37.4,+0.0,+0.0,+18.0,+18.7,+18.6,+19.1,+19.7,+19.7,+19.7
2022-10-09 07:29,4,+59.2,+40.5,+45.0,+37.5,+0.0,+0.0,+18.0,+18.6,+18.6,+19.0,+19.6,+19.6,+19.7
2022-10-09 08:29,4,+59.2,+40.6,+45.0,+37.5,+0.0,+0.0,+18.0,+18.6,+18.6,+19.1,+19.7,+19.6,+19.7
2022-10-09 09:29,4,+59.2,+40.8,+45.0,+37.5,+0.0,+0.0,+18.0,+18.5,+18.6,+19.1,+19.6,+19.6,+19.7
2022-10-09 10:29,4,+59.3,+40.9,+45.0,+37.7,+0.0,+0.0,+17.8,+18.5,+18.6,+19.0,+19.6,+19.6,+19.7
2022-10-09 11:29,4,+59.2,+40.9,+45.0,+37.7,+0.0,+0.0,+17.8,+18.5,+18.5,+19.0,+19.6,+19.6,+19.6
2022-10-09 12:29,4,+59.2,+40.9,+45.0,+37.7,+0.0,+0.0,+17.8,+18.5,+18.5,+19.0,+19.6,+19.6,+19.7
2022-10-09 13:29,4,+59.2,+41.0,+45.0,+37.7,+0.0,+0.0,+17.8,+18.3,+18.5,+19.0,+19.6,+19.6,+19.7
2022-10-09 14:29,4,+59.3,+41.0,+45.0,+37.7,+0.0,+0.0,+18.0,+18.3,+18.5,+19.0,+19.6,+19.6,+19.6
2022-10-09 15:29,4,+59.3,+41.1,+45.0,+37.7,+0.0,+0.0,+18.0,+18.3,+18.5,+19.0,+19.6,+19.5,+19.6
2022-10-09 16:29,4,+59.5,+41.3,+45.0,+37.7,+0.0,+0.0,+18.0,+18.3,+18.3,+19.0,+19.6,+19.6,+19.6
2022-10-09 17:29,4,+59.5,+41.5,+45.0,+37.7,+0.0,+0.0,+18.0,+18.3,+18.3,+19.0,+19.5,+19.6,+19.6
2022-10-09 18:29,4,+59.6,+41.6,+45.2,+37.7,+0.0,+0.0,+18.0,+18.3,+18.3,+19.0,+19.6,+19.6,+19.6
2022-10-09 19:29,4,+59.7,+41.7,+45.2,+37.7,+0.0,+0.0,+18.0,+18.3,+18.3,+18.8,+19.5,+19.6,+19.6
2022-10-09 20:29,4,+59.7,+41.9,+45.2,+37.9,+0.0,+0.0,+18.0,+18.3,+18.3,+18.8,+19.5,+19.5,+19.6
2022-10-09 21:29,4,+59.7,+42.0,+45.2,+37.9,+0.0,+0.0,+17.8,+18.3,+18.2,+18.8,+19.5,+19.5,+19.6
2022-10-09 22:29,4,+59.8,+42.2,+45.2,+37.9,+0.0,+0.0,+17.8,+18.3,+18.3,+18.8,+19.5,+19.5,+19.6
2022-10-09 23:29,4,+59.9,+42.3,+45.2,+37.9,+0.0,+0.0,+17.8,+18.3,+18.3,+18.8,+19.5,+19.5,+19.6
2022-10-10 00:29,4,+59.9,+42.5,+45.2,+37.9,+0.0,+0.0,+17.8,+18.3,+18.2,+18.7,+19.5,+19.5,+19.6
2022-10-10 01:29,4,+59.9,+42.6,+45.2,+37.9,+0.0,+0.0,+17.8,+18.2,+18.2,+18.7,+19.2,+19.5,+19.6
2022-10-10 02:29,4,+59.8,+42.7,+45.2,+37.9,+0.0,+0.0,+17.8,+18.3,+18.3,+18.8,+19.2,+19.5,+19.6
2022-10-10 03:29,4,+59.8,+42.8,+45.2,+37.9,+0.0,+0.0,+17.8,+18.2,+18.2,+18.7,+19.5,+19.5,+19.6
2022-10-10 04:29,4,+59.7,+42.9,+45.2,+37.9,+0.0,+0.0,+17.8,+18.3,+18.2,+18.8,+19.2,+19.5,+19.5
2022-10-10 05:29,4,+59.7,+42.9,+45.2,+37.7,+0.0,+0.0,+17.8,+18.3,+18.2,+18.7,+19.2,+19.5,+19.5
2022-10-10 06:29,4,+59.7,+43.0,+45.2,+37.7,+0.0,+0.0,+18.0,+18.3,+18.2,+18.7,+19.2,+19.2,+19.5
2022-10-10 07:29,4,+59.6,+43.2,+45.0,+37.7,+0.0,+0.0,+18.0,+18.3,+18.2,+18.7,+19.2,+19.2,+19.5
2022-10-10 08:29,4,+59.6,+43.4,+45.4,+37.7,+0.0,+0.0,+18.0,+18.3,+18.2,+18.6,+19.2,+19.2,+19.5
2022-10-10 09:29,4,+59.6,+43.4,+45.5,+37.7,+0.0,+0.0,+18.0,+18.3,+18.2,+18.7,+19.2,+19.2,+19.5
2022-10-10 10:29,4,+59.6,+43.4,+45.5,+37.7,+0.0,+0.0,+18.0,+18.3,+18.2,+18.7,+19.2,+19.2,+19.5
2022-10-10 11:29,4,+59.6,+43.4,+45.5,+37.7,+0.0,+0.0,+18.1,+18.3,+18.1,+18.6,+19.2,+19.2,+19.5
2022-10-10 12:29,4,+59.7,+43.4,+45.7,+37.7,+0.0,+0.0,+18.2,+18.5,+18.1,+18.6,+19.2,+19.2,+19.2
2022-10-10 13:29,4,+59.7,+43.4,+45.7,+37.7,+0.0,+0.0,+18.3,+18.3,+18.2,+18.6,+19.2,+19.2,+19.5
2022-10-10 14:29,4,+59.8,+43.5,+45.7,+37.7,+0.0,+0.0,+18.5,+18.5,+18.2,+18.6,+19.2,+19.2,+19.2
2022-10-10 15:29,4,+59.8,+43.5,+45.7,+37.5,+0.0,+0.0,+18.6,+18.6,+18.2,+18.6,+19.2,+19.2,+19.5
2022-10-10 16:29,4,+59.8,+43.5,+45.7,+37.5,+0.0,+0.0,+18.6,+18.6,+18.2,+18.6,+19.2,+19.2,+19.2
2022-10-10 17:29,4,+59.8,+43.5,+45.7,+37.5,+0.0,+0.0,+18.7,+18.7,+18.2,+18.6,+19.2,+19.2,+19.5
2022-10-10 18:29,4,+59.8,+43.5,+45.9,+37.5,+0.0,+0.0,+18.7,+18.7,+18.2,+18.6,+19.2,+19.2,+19.5
2022-10-10 19:29,4,+59.8,+43.5,+45.9,+37.5,+0.0,+0.0,+18.8,+18.7,+18.2,+18.7,+19.2,+19.2,+19.2
2022-10-10 20:29,4,+59.8,+43.5,+45.9,+37.5,+0.0,+0.0,+18.7,+18.7,+18.3,+18.6,+19.2,+19.2,+19.2
2022-10-10 21:29,4,+59.8,+43.5,+45.9,+37.5,+0.0,+0.0,+18.7,+18.8,+18.3,+18.6,+19.1,+19.2,+19.2
2022-10-10 22:29,4,+59.5,+43.6,+46.0,+37.5,+0.0,+0.0,+18.7,+18.8,+18.3,+18.6,+19.2,+19.2,+19.5
2022-10-10 23:29,4,+59.3,+43.6,+46.0,+37.5,+0.0,+0.0,+18.7,+18.8,+18.3,+18.6,+19.2,+19.2,+19.2
2022-10-11 00:29,4,+59.2,+43.6,+46.0,+37.5,+0.0,+0.0,+18.7,+18.8,+18.3,+18.7,+19.2,+19.2,+19.2
2022-10-11 01:29,4,+59.2,+43.6,+46.0,+37.5,+0.0,+0.0,+18.7,+18.8,+18.3,+18.6,+19.2,+19.2,+19.2
2022-10-11 02:29,4,+59.2,+43.6,+46.0,+37.5,+0.0,+0.0,+18.6,+18.8,+18.5,+18.6,+19.2,+19.2,+19.2
2022-10-11 03:29,4,+59.2,+43.6,+46.0,+37.5,+0.0,+0.0,+18.6,+18.8,+18.3,+18.7,+19.1,+19.2,+19.2
2022-10-11 04:29,4,+59.2,+43.6,+46.0,+37.5,+0.0,+0.0,+18.6,+18.8,+18.3,+18.7,+19.2,+19.2,+19.2
2022-10-11 05:29,4,+59.2,+43.6,+46.0,+37.5,+0.0,+0.0,+18.6,+18.8,+18.3,+18.7,+19.1,+19.2,+19.2
2022-10-11 06:29,4,+59.2,+43.6,+45.9,+37.5,+0.0,+0.0,+18.6,+18.7,+18.5,+18.7,+19.2,+19.2,+19.2
2022-10-11 07:29,4,+59.1,+43.7,+45.9,+37.5,+0.0,+0.0,+18.5,+18.8,+18.5,+18.7,+19.2,+19.2,+19.2
2022-10-11 08:29,4,(Error)
2022-10-11 09:29,4,+59.1,+43.7,+45.7,+37.5,+0.0,+0.0,+18.5,+18.7,+18.5,+18.7,+19.1,+19.2,+19.2
2022-10-11 10:29,4,+59.1,+43.7,+45.7,+37.5,+0.0,+0.0,+18.6,+18.7,+18.5,+18.7,+19.2,+19.1,+19.2
2022-10-11 11:29,4,(Error)
2022-10-11 12:29,4,+59.1,+43.7,+45.7,+37.5,+0.0,+0.0,+18.6,+18.8,+18.3,+18.7,+19.2,+19.2,+19.2
2022-10-11 13:29,4,+59.1,+43.7,+45.7,+37.5,+0.0,+0.0,+18.8,+18.8,+18.5,+18.7,+19.2,+19.1,+19.2
2022-10-11 14:29,4,+59.2,+43.7,+45.7,+37.5,+0.0,+0.0,+19.1,+18.8,+18.5,+18.7,+19.1,+19.1,+19.2
2022-10-11 15:29,4,+59.2,+43.7,+45.7,+37.5,+0.0,+0.0,+19.2,+19.0,+18.5,+18.7,+19.2,+19.1,+19.2
2022-10-11 16:29,4,+59.3,+43.7,+45.7,+37.5,+0.0,+0.0,+19.5,+19.1,+18.5,+18.7,+19.2,+19.1,+19.2
2022-10-11 17:29,4,+59.6,+43.8,+46.0,+37.5,+0.0,+0.0,+19.5,+19.1,+18.5,+18.7,+19.2,+19.2,+19.2
2022-10-11 18:29,4,+59.9,+44.2,+46.2,+37.7,+0.0,+0.0,+19.6,+19.2,+18.5,+18.7,+19.2,+19.1,+19.2
2022-10-11 19:29,4,+60.0,+44.4,+46.2,+37.7,+0.0,+0.0,+19.6,+19.3,+18.6,+18.7,+19.1,+19.2,+19.2
2022-10-11 20:29,4,+60.1,+44.6,+46.4,+37.7,+0.0,+0.0,+19.6,+19.3,+18.6,+18.7,+19.2,+19.2,+19.2
2022-10-11 21:29,4,+60.2,+44.8,+46.4,+37.9,+0.0,+0.0,+19.6,+19.5,+18.6,+18.7,+19.2,+19.2,+19.2
2022-10-11 22:29,4,+60.2,+44.9,+46.4,+37.9,+0.0,+0.0,+19.5,+19.5,+18.7,+18.7,+19.2,+19.1,+19.2
2022-10-11 23:29,4,+60.2,+45.0,+46.5,+37.9,+0.0,+0.0,+19.3,+19.5,+18.7,+18.7,+19.2,+19.2,+19.2
2022-10-12 00:29,4,+60.1,+45.1,+46.5,+37.9,+0.0,+0.0,+19.3,+19.5,+18.7,+18.8,+19.2,+19.2,+19.2
2022-10-12 01:29,4,+60.1,+45.1,+46.5,+37.9,+0.0,+0.0,+19.2,+19.5,+18.7,+18.8,+19.2,+19.2,+19.2
2022-10-12 02:29,4,+60.0,+44.8,+46.5,+37.7,+0.0,+0.0,+19.1,+19.3,+18.7,+18.8,+19.2,+19.2,+19.2
2022-10-12 03:29,4,+59.9,+44.9,+46.5,+37.9,+0.0,+0.0,+19.1,+19.3,+18.7,+18.8,+19.2,+19.2,+19.2
2022-10-12 04:29,4,+59.9,+44.9,+46.5,+37.9,+0.0,+0.0,+19.0,+19.3,+18.8,+18.8,+19.2,+19.2,+19.2
2022-10-12 05:29,4,+59.8,+44.9,+46.5,+37.9,+0.0,+0.0,+18.8,+19.2,+18.8,+18.8,+19.2,+19.2,+19.2
2022-10-12 06:29,4,+59.8,+44.9,+46.5,+37.9,+0.0,+0.0,+18.8,+19.2,+18.8,+18.8,+19.2,+19.2,+19.2
2022-10-12 07:29,4,+59.8,+44.9,+46.5,+37.9,+0.0,+0.0,+18.7,+19.2,+18.7,+18.8,+19.2,+19.2,+19.2
2022-10-12 08:29,4,+59.8,+45.0,+46.5,+37.9,+0.0,+0.0,+18.7,+19.1,+18.7,+18.8,+19.2,+19.2,+19.2
2022-10-12 09:29,4,+59.7,+45.0,+46.7,+37.9,+0.0,+0.0,+18.6,+19.1,+18.8,+18.8,+19.2,+19.2,+19.2
2022-10-12 10:29,4,+59.7,+45.0,+46.7,+37.9,+0.0,+0.0,+18.7,+19.1,+18.7,+18.8,+19.2,+19.2,+19.2
2022-10-12 11:29,4,+59.7,+45.0,+46.7,+37.9,+0.0,+0.0,+18.7,+19.0,+18.7,+18.8,+19.2,+19.2,+19.2