
2022-09-30 14:13,3,+28.9,+26.7,+23.5,+26.3,+24.2,+30.2,+18.0,+18.5,+17.0,+16.5,+18.5,+18.5,+18.5
2022-09-30 15:13,3,+34.9,+32.3,+26.7,+26.5,+24.2,+30.2,+18.5,+19.0,+17.0,+16.5,+18.5,+18.5,+18.5
2022-09-30 16:13,3,+30.2,+28.6,+25.7,+28.2,+25.5,+30.5,+18.5,+19.0,+17.0,+16.5,+18.5,+18.5,+18.5
2022-09-30 17:13,3,+29.7,+28.0,+25.0,+27.8,+25.7,+31.2,+18.0,+19.0,+17.0,+16.5,+18.5,+18.5,+18.5
2022-09-30 18:13,3,+29.4,+27.7,+24.7,+27.6,+25.7,+31.7,+18.0,+19.0,+17.0,+16.5,+18.5,+18.5,+18.5
2022-09-30 19:13,3,+36.3,+30.7,+28.1,+29.8,+27.2,+34.5,+18.0,+19.0,+17.0,+16.5,+18.5,+18.5,+18.5
2022-09-30 20:13,3,+30.8,+28.9,+26.0,+28.7,+26.7,+34.0,+18.0,+19.0,+17.0,+16.5,+18.5,+18.5,+18.5
2022-09-30 21:13,3,+31.7,+29.4,+26.6,+29.1,+27.2,+34.2,+17.5,+18.5,+17.0,+16.5,+18.5,+18.5,+18.5
2022-09-30 22:13,3,+30.2,+28.4,+25.3,+28.2,+26.2,+33.2,+17.5,+18.5,+17.0,+16.5,+18.5,+18.5,+18.5
2022-09-30 23:13,3,+29.9,+28.1,+25.0,+27.8,+25.7,+32.7,+17.5,+18.5,+17.0,+16.5,+18.5,+18.5,+18.5
2022-10-01 00:13,3,+29.6,+27.8,+24.7,+27.7,+25.7,+32.4,+17.5,+18.5,+17.0,+16.5,+18.5,+18.5,+18.5
2022-10-01 01:13,3,+29.8,+27.8,+24.6,+27.6,+25.5,+32.0,+17.5,+18.5,+17.0,+16.5,+18.5,+18.5,+18.5
2022-10-01 02:13,3,+29.8,+27.9,+24.7,+27.6,+25.2,+31.7,+17.5,+18.5,+17.0,+16.5,+18.5,+18.5,+18.5
2022-10-01 03:13,3,+29.6,+27.7,+24.6,+27.6,+25.2,+31.7,+17.0,+18.5,+17.0,+16.5,+18.5,+18.0,+18.5
2022-10-01 04:13,3,+29.4,+27.5,+24.5,+27.5,+25.2,+31.7,+17.0,+18.5,+17.0,+16.5,+18.5,+18.5,+18.5
2022-10-01 05:13,3,+29.3,+27.4,+24.2,+27.3,+25.2,+31.7,+17.0,+18.5,+17.0,+16.5,+18.5,+18.0,+18.5
2022-10-01 06:13,3,+29.2,+27.3,+24.2,+27.2,+25.1,+31.6,+17.0,+18.0,+17.0,+16.5,+18.5,+18.0,+18.5
2022-10-01 07:13,3,+29.2,+27.2,+24.1,+27.2,+25.0,+31.2,+17.0,+18.0,+17.0,+16.5,+18.5,+18.0,+18.5
2022-10-01 08:13,3,+29.1,+27.1,+24.0,+27.1,+25.0,+31.2,+17.0,+18.0,+17.0,+16.5,+18.5,+18.0,+18.5
2022-10-01 09:13,3,+29.1,+27.1,+24.0,+27.1,+25.0,+31.2,+17.5,+18.0,+17.0,+16.5,+18.5,+18.0,+18.5
2022-10-01 10:13,3,+29.1,+27.0,+23.8,+27.0,+24.7,+31.2,+17.5,+18.0,+17.0,+16.5,+18.5,+18.0,+18.5
2022-10-01 11:13,3,+29.1,+27.0,+23.8,+27.0,+24.7,+31.1,+17.5,+18.0,+17.0,+16.5,+18.5,+18.0,+18.5
2022-10-01 12:13,3,+29.1,+26.9,+23.7,+26.8,+24.7,+31.0,+17.5,+18.0,+17.0,+16.5,+18.5,+18.0,+18.5
2022-10-01 13:13,3,+29.1,+26.9,+23.7,+26.8,+24.7,+30.7,+17.5,+18.0,+17.0,+16.5,+18.5,+18.0,+18.5
2022-10-01 14:13,3,+29.1,+26.9,+23.7,+26.7,+24.7,+30.7,+17.5,+18.0,+17.0,+16.5,+18.5,+18.0,+18.5
2022-10-01 15:13,3,+29.1,+26.8,+23.7,+26.7,+24.6,+30.7,+17.5,+18.5,+17.0,+16.5,+18.5,+18.0,+18.5
2022-10-01 16:13,3,+29.1,+26.9,+23.7,+26.7,+24.6,+30.7,+17.5,+18.5,+17.0,+16.5,+18.5,+18.0,+18.5
2022-10-01 17:13,3,+29.2,+26.9,+23.7,+26.7,+24.6,+30.7,+17.5,+18.5,+17.0,+16.0,+18.5,+18.0,+18.5
2022-10-01 18:13,3,+29.2,+26.9,+23.7,+26.7,+24.5,+30.6,+17.5,+18.5,+17.0,+16.0,+18.5,+18.0,+18.5
2022-10-01 19:13,3,+29.2,+26.9,+23.7,+26.7,+24.5,+30.6,+17.5,+18.5,+17.0,+16.0,+18.5,+18.0,+18.5
2022-10-01 20:13,3,+29.2,+26.9,+23.7,+26.7,+24.5,+30.6,+17.5,+18.5,+17.0,+16.5,+18.5,+18.0,+18.5
2022-10-01 21:13,3,+29.2,+26.9,+23.7,+26.7,+24.2,+30.5,+17.5,+18.5,+17.0,+16.0,+18.5,+18.0,+18.5
2022-10-01 22:13,3,+29.3,+26.9,+23.7,+26.7,+24.2,+30.5,+17.5,+18.5,+17.0,+16.0,+18.5,+18.5,+18.5
2022-10-01 23:13,3,+29.3,+26.9,+23.7,+26.7,+24.2,+30.5,+17.5,+18.5,+17.0,+16.0,+18.5,+18.0,+18.5
2022-10-02 00:13,3,+29.3,+26.9,+23.7,+26.7,+24.2,+30.2,+17.0,+18.5,+17.0,+16.0,+18.5,+18.0,+18.5
2022-10-02 01:13,3,+29.2,+26.9,+23.7,+26.7,+24.2,+30.2,+17.0,+18.0,+16.5,+16.5,+18.5,+18.0,+18.5
2022-10-02 02:13,3,+29.2,+26.9,+23.7,+26.7,+24.2,+30.2,+17.0,+18.0,+17.0,+16.0,+18.5,+18.0,+18.5
2022-10-02 03:13,3,+29.2,+26.8,+23.7,+26.7,+24.2,+30.2,+17.0,+18.0,+17.0,+16.5,+18.5,+18.0,+18.5
2022-10-02 04:13,3,+29.2,+26.8,+23.7,+26.7,+24.2,+30.2,+17.0,+18.0,+17.0,+16.0,+18.5,+18.0,+18.5
2022-10-02 05:13,3,+29.1,+26.8,+23.6,+26.7,+24.2,+30.2,+17.0,+18.0,+17.0,+16.0,+18.5,+18.0,+18.5
2022-10-02 06:13,3,+29.1,+26.8,+23.6,+26.7,+24.2,+30.2,+17.0,+18.0,+16.5,+16.0,+18.5,+18.0,+18.5
2022-10-02 07:13,3,+29.1,+26.7,+23.6,+26.6,+24.2,+30.2,+17.0,+18.0,+16.5,+16.5,+18.5,+18.0,+18.5
2022-10-02 08:13,3,+29.1,+26.6,+23.6,+26.6,+24.2,+30.2,+17.0,+18.0,+16.5,+16.0,+18.5,+18.0,+18.5
2022-10-02 09:13,3,+29.1,+26.6,+23.5,+26.6,+24.2,+30.2,+17.0,+18.0,+16.5,+16.0,+18.5,+18.0,+18.5
2022-10-02 10:13,3,+29.1,+26.6,+23.5,+26.6,+24.2,+30.2,+17.0,+18.0,+16.5,+16.0,+18.5,+18.0,+18.5
2022-10-02 11:13,3,+29.0,+26.5,+23.5,+26.6,+24.2,+30.2,+17.0,+18.0,+16.5,+16.0,+18.5,+18.0,+18.5
2022-10-02 12:13,3,+29.0,+26.5,+23.3,+26.6,+24.2,+30.2,+17.5,+18.0,+16.5,+16.0,+18.5,+18.0,+18.5
2022-10-02 13:13,3,+29.0,+26.5,+23.3,+26.5,+24.2,+30.2,+17.5,+18.0,+16.5,+16.0,+18.5,+18.0,+18.5
2022-10-02 14:13,3,+28.9,+26.4,+23.3,+26.5,+24.2,+30.2,+17.5,+18.0,+16.5,+16.0,+18.5,+18.0,+18.5
2022-10-02 15:13,3,+28.9,+26.4,+23.3,+26.5,+24.2,+30.2,+17.5,+18.0,+16.5,+16.0,+18.5,+18.0,+18.5
2022-10-02 16:13,3,+28.9,+26.4,+23.2,+26.5,+24.2,+30.2,+17.5,+18.0,+16.5,+16.0,+18.5,+18.0,+18.5
2022-10-02 17:13,3,+28.9,+26.4,+23.2,+26.5,+24.2,+30.2,+17.5,+18.0,+16.5,+16.0,+18.5,+18.0,+18.5
2022-10-02 18:13,3,+28.6,+26.4,+23.2,+26.3,+24.2,+30.2,+17.5,+18.0,+16.5,+16.0,+18.5,+18.0,+18.5
2022-10-02 19:13,3,+28.6,+26.4,+23.2,+26.3,+24.1,+30.1,+17.5,+18.0,+16.5,+16.0,+18.5,+18.0,+18.5
2022-10-02 20:13,3,+28.6,+26.4,+23.2,+26.3,+24.1,+30.1,+17.5,+18.0,+16.5,+16.0,+18.5,+18.0,+18.5
2022-10-02 21:13,3,+28.5,+26.3,+23.2,+26.3,+24.1,+30.1,+17.5,+18.0,+16.5,+16.0,+18.5,+18.0,+18.5
2022-10-02 22:13,3,+28.5,+26.3,+23.2,+26.3,+24.1,+30.1,+17.0,+18.0,+16.5,+16.0,+18.5,+18.0,+18.5
2022-10-02 23:13,3,+28.5,+26.3,+23.2,+26.2,+24.1,+30.1,+17.0,+18.0,+16.5,+16.0,+18.5,+18.0,+18.5
2022-10-03 00:13,3,+28.5,+26.3,+23.2,+26.2,+24.1,+30.1,+17.0,+18.0,+16.5,+16.0,+18.5,+18.0,+18.5
2022-10-03 01:13,3,+28.4,+26.3,+23.2,+26.2,+24.1,+30.0,+17.0,+18.0,+16.5,+16.0,+18.5,+18.0,+18.5
2022-10-03 02:13,3,+28.4,+26.3,+23.2,+26.2,+24.0,+30.0,+17.0,+18.0,+16.5,+16.0,+18.5,+18.0,+18.5
2022-10-03 03:13,3,+28.5,+26.3,+23.1,+26.2,+24.1,+30.0,+17.0,+18.0,+16.5,+16.0,+18.5,+18.0,+18.5
2022-10-03 04:13,3,+28.5,+26.3,+23.1,+26.2,+24.0,+30.0,+17.0,+18.0,+16.5,+16.0,+18.5,+18.0,+18.5
2022-10-03 05:13,3,+28.6,+26.3,+23.1,+26.2,+24.0,+30.0,+17.0,+18.0,+16.5,+16.0,+18.5,+18.0,+18.5
2022-10-03 06:13,3,+28.6,+26.3,+23.1,+26.2,+24.0,+30.0,+17.0,+18.0,+16.5,+16.0,+18.5,+18.0,+18.5
2022-10-03 07:13,3,+28.8,+26.3,+23.1,+26.2,+24.0,+29.7,+17.0,+18.0,+16.5,+16.0,+18.5,+18.0,+18.5
2022-10-03 08:13,3,+28.7,+26.2,+23.1,+26.2,+24.0,+29.7,+17.0,+18.0,+16.5,+16.0,+18.5,+18.0,+18.5
2022-10-03 09:13,3,+28.7,+26.2,+23.1,+26.2,+24.0,+29.7,+17.0,+18.0,+16.5,+16.0,+18.5,+18.0,+18.5
2022-10-03 10:13,3,+28.7,+26.2,+23.1,+26.2,+24.0,+29.7,+17.0,+18.0,+16.5,+16.0,+18.5,+18.0,+18.5
2022-10-03 11:13,3,+28.7,+26.2,+23.0,+26.2,+24.0,+29.7,+17.5,+18.0,+16.5,+16.0,+18.5,+18.0,+18.5
2022-10-03 12:13,3,+28.6,+26.1,+23.0,+26.2,+24.0,+29.7,+17.5,+18.0,+16.5,+16.0,+18.5,+18.5,+18.5
2022-10-03 13:13,3,+28.6,+26.1,+23.0,+26.2,+23.7,+29.7,+17.5,+18.0,+16.5,+16.0,+18.5,+18.0,+18.5
2022-10-03 14:13,3,+28.6,+26.1,+23.0,+26.2,+23.7,+29.7,+18.0,+18.0,+16.5,+16.0,+18.5,+18.0,+18.5
2022-10-03 15:13,3,+28.6,+26.1,+23.0,+26.1,+23.7,+29.7,+18.0,+18.0,+16.5,+16.0,+18.5,+18.0,+18.5
2022-10-03 16:13,3,+28.6,+26.0,+22.8,+26.1,+23.7,+29.7,+18.0,+18.5,+16.5,+16.0,+18.5,+18.0,+18.5
2022-10-03 17:13,3,+28.6,+26.0,+22.8,+26.1,+23.7,+29.7,+18.5,+18.5,+16.5,+16.0,+18.5,+18.0,+18.5
2022-10-03 18:13,3,+28.6,+26.0,+22.8,+26.1,+23.7,+29.7,+18.0,+18.5,+16.5,+16.0,+18.5,+18.0,+18.5
2022-10-03 19:13,3,+28.7,+26.0,+22.8,+26.1,+23.7,+29.7,+18.0,+18.5,+16.5,+16.0,+18.5,+18.0,+18.5
2022-10-03 20:13,3,+28.7,+26.0,+22.8,+26.1,+23.7,+29.7,+18.0,+18.5,+17.0,+16.0,+18.5,+18.0,+18.5
2022-10-03 21:13,3,+28.9,+26.0,+22.7,+26.1,+23.7,+29.7,+18.0,+18.5,+17.0,+16.0,+18.5,+18.0,+18.5
2022-10-03 22:13,3,+28.8,+26.0,+22.7,+26.1,+23.7,+29.7,+18.0,+18.5,+17.0,+16.0,+18.5,+18.0,+18.5
2022-10-03 23:13,3,+28.8,+26.0,+22.7,+26.1,+23.7,+29.7,+18.0,+18.5,+17.0,+16.0,+18.5,+18.0,+18.5
2022-10-04 00:13,3,+28.8,+25.9,+22.7,+26.1,+23.7,+29.7,+18.0,+18.5,+17.0,+16.0,+18.5,+18.0,+18.5
2022-10-04 01:13,3,+28.9,+25.9,+22.7,+26.0,+23.7,+29.7,+17.5,+18.5,+17.0,+16.0,+18.5,+18.0,+18.5
2022-10-04 02:13,3,+28.9,+25.8,+22.7,+26.0,+23.7,+29.7,+17.5,+18.5,+17.0,+16.0,+18.5,+18.0,+18.5
2022-10-04 03:13,3,+28.9,+25.8,+22.7,+26.0,+23.7,+29.7,+17.5,+18.5,+17.0,+16.5,+18.5,+18.0,+18.5
2022-10-04 04:13,3,+28.9,+25.8,+22.7,+26.0,+23.7,+29.7,+17.5,+18.5,+17.0,+16.0,+18.5,+18.0,+18.5
2022-10-04 05:13,3,+28.9,+25.8,+22.7,+26.0,+23.7,+29.7,+17.5,+18.5,+17.0,+16.0,+18.5,+18.0,+18.5
2022-10-04 06:13,3,+28.9,+25.8,+22.7,+26.0,+23.7,+29.7,+17.5,+18.5,+17.0,+16.0,+18.5,+18.0,+18.5
2022-10-04 07:13,3,+29.1,+25.8,+22.7,+26.0,+23.7,+29.7,+17.5,+18.5,+17.0,+16.0,+18.5,+18.0,+18.5
2022-10-04 08:13,3,+29.2,+25.8,+22.7,+26.0,+23.7,+29.6,+17.5,+18.5,+17.0,+16.0,+18.5,+18.0,+18.5
2022-10-04 09:13,3,+29.4,+25.8,+22.7,+26.0,+23.7,+29.6,+17.5,+18.5,+17.0,+16.0,+18.5,+18.0,+18.5
2022-10-04 10:13,3,+29.4,+25.8,+22.7,+26.0,+23.7,+29.6,+17.5,+18.5,+17.0,+16.5,+18.5,+18.0,+18.5
2022-10-04 11:13,3,+29.5,+25.8,+22.7,+26.0,+23.7,+29.6,+17.5,+18.5,+17.0,+16.5,+18.5,+18.0,+18.5
2022-10-04 12:13,3,+29.5,+25.8,+22.7,+26.0,+23.7,+29.6,+17.5,+18.5,+17.0,+16.5,+18.5,+18.0,+18.5
2022-10-04 13:13,3,+29.4,+25.8,+22.7,+25.8,+23.7,+29.6,+18.0,+18.5,+17.0,+16.5,+18.5,+18.0,+18.5
2022-10-04 14:13,3,+29.4,+25.7,+22.6,+25.8,+23.7,+29.6,+18.0,+18.5,+17.0,+16.5,+18.5,+18.0,+18.5
2022-10-04 15:13,3,+29.4,+25.7,+22.6,+25.8,+23.7,+29.6,+18.0,+18.5,+17.0,+16.5,+18.5,+18.0,+18.5
2022-10-04 16:13,3,+29.4,+25.7,+22.6,+25.8,+23.7,+29.6,+18.0,+18.5,+17.0,+16.5,+18.5,+18.0,+18.5
2022-10-04 17:13,3,+29.4,+25.7,+22.6,+25.8,+23.7,+29.5,+18.0,+18.5,+17.0,+16.5,+18.5,+18.0,+18.5
2022-10-04 18:13,3,+29.4,+25.7,+22.6,+25.8,+23.7,+29.5,+18.0,+18.5,+17.0,+16.5,+18.5,+18.0,+18.5
2022-10-04 19:13,3,+29.4,+25.7,+22.6,+25.8,+23.6,+29.5,+18.0,+18.5,+17.0,+16.5,+18.5,+18.5,+18.5
2022-10-04 20:13,3,+29.4,+25.7,+22.6,+25.8,+23.7,+29.5,+18.0,+18.5,+17.0,+16.5,+18.5,+18.0,+18.5
2022-10-04 21:13,3,+29.4,+25.7,+22.6,+25.8,+23.7,+29.5,+18.0,+18.5,+17.0,+16.5,+18.5,+18.5,+18.5
2022-10-04 22:13,3,+29.4,+25.7,+22.6,+25.8,+23.6,+29.5,+18.0,+18.5,+17.0,+16.5,+18.5,+18.0,+18.5
2022-10-04 23:13,3,+29.4,+25.7,+22.6,+25.8,+23.6,+29.5,+18.0,+18.5,+17.0,+16.5,+18.5,+18.0,+18.5
2022-10-05 00:13,3,+29.4,+25.6,+22.5,+25.8,+23.6,+29.5,+18.0,+18.5,+17.0,+16.5,+18.5,+18.5,+18.5
2022-10-05 01:13,3,+29.4,+25.6,+22.5,+25.8,+23.6,+29.5,+18.0,+18.5,+17.0,+16.5,+18.5,+18.0,+18.5
2022-10-05 02:13,3,+29.4,+25.6,+22.5,+25.8,+23.6,+29.5,+18.0,+18.5,+17.0,+16.5,+18.5,+18.0,+18.5
2022-10-05 03:13,3,+29.4,+25.6,+22.5,+25.7,+23.6,+29.5,+18.0,+18.5,+17.0,+16.5,+18.5,+18.5,+18.5
2022-10-05 04:13,3,+29.4,+25.6,+22.5,+25.7,+23.6,+29.5,+17.5,+18.5,+17.0,+16.5,+18.5,+18.0,+18.5
2022-10-05 05:13,3,+29.4,+25.6,+22.5,+25.7,+23.6,+29.5,+17.5,+18.5,+17.0,+16.5,+18.5,+18.0,+18.5
2022-10-05 06:13,3,+29.4,+25.6,+22.5,+25.7,+23.6,+29.5,+17.5,+18.5,+17.0,+16.5,+18.5,+18.0,+18.5
2022-10-05 07:13,3,(Error)
2022-10-05 08:13,3,+29.5,+25.6,+22.5,+25.7,+23.6,+29.2,+17.5,+18.5,+17.0,+16.5,+18.5,+18.0,+18.5
2022-10-05 09:13,3,+29.6,+25.6,+22.5,+25.7,+23.6,+29.2,+17.5,+18.5,+17.0,+16.5,+18.5,+18.5,+18.5
2022-10-05 10:13,3,+29.6,+25.6,+22.5,+25.7,+23.5,+29.2,+17.5,+18.5,+17.0,+16.5,+18.5,+18.5,+18.5
2022-10-05 11:13,3,+29.7,+25.6,+22.5,+25.7,+23.6,+29.2,+17.5,+18.5,+17.0,+16.5,+18.5,+18.5,+18.5
2022-10-05 12:13,3,+29.9,+25.7,+22.5,+25.7,+23.6,+29.2,+17.5,+18.5,+17.0,+16.5,+18.5,+18.5,+18.5
2022-10-05 13:13,3,+29.9,+25.7,+22.3,+25.7,+23.5,+29.2,+18.0,+18.5,+17.0,+16.5,+18.5,+18.5,+18.5
2022-10-05 14:13,3,+29.9,+25.7,+22.3,+25.7,+23.6,+29.2,+18.0,+18.5,+17.0,+16.5,+18.5,+18.5,+18.5
2022-10-05 15:13,3,+29.9,+25.8,+22.3,+25.7,+23.5,+29.2,+18.0,+18.5,+17.0,+16.5,+18.5,+18.5,+18.5
2022-10-05 16:13,3,+29.9,+25.8,+22.3,+25.7,+23.5,+29.2,+18.0,+18.5,+17.0,+16.5,+18.5,+18.5,+18.5
2022-10-05 17:13,3,+29.9,+25.8,+22.3,+25.7,+23.5,+29.2,+18.0,+18.5,+17.0,+16.5,+18.5,+18.5,+18.5
2022-10-05 18:13,3,+29.9,+25.8,+22.3,+25.7,+23.5,+29.2,+18.0,+18.5,+17.0,+16.5,+18.5,+18.5,+18.5
2022-10-05 19:13,3,+29.9,+25.9,+22.3,+25.7,+23.5,+29.2,+18.0,+18.5,+17.0,+16.5,+18.5,+18.5,+18.5
2022-10-05 20:13,3,+29.9,+25.9,+22.5,+25.7,+23.5,+29.2,,,,,,,
2022-10-05 21:13,3,+29.9,+25.9,+22.5,+25.7,+23.5,+29.2,+18.0,+18.5,+17.0,+16.5,+18.5,+18.5,+18.5
2022-10-05 22:13,3,+29.9,+25.9,+22.5,+25.7,+23.5,+29.2,+17.5,+18.5,+17.0,+16.5,+18.5,+18.5,+18.5
2022-10-05 23:13,3,+29.9,+25.9,+22.5,+25.7,+23.5,+29.2,+17.5,+18.5,+17.0,+16.5,+18.5,+18.5,+18.5
2022-10-06 00:13,3,+29.9,+25.9,+22.5,+25.7,+23.5,+29.2,+17.5,+18.5,+17.0,+16.5,+18.5,+18.5,+18.5
2022-10-06 01:13,3,+29.9,+25.9,+22.5,+25.7,+23.5,+29.2,+17.5,+18.5,+17.0,+16.5,+18.5,+18.5,+18.5
2022-10-06 02:13,3,+29.9,+25.9,+22.5,+25.7,+23.5,+29.2,+17.5,+18.5,+17.0,+16.5,+18.5,+18.5,+18.5
2022-10-06 03:13,3,+29.8,+25.9,+22.5,+25.7,+23.5,+29.2,+17.5,+18.5,+17.0,+16.5,+18.5,+18.5,+18.5
2022-10-06 04:13,3,+29.8,+25.9,+22.5,+25.7,+23.5,+29.2,+17.5,+18.5,+17.0,+16.5,+18.5,+18.5,+18.5
2022-10-06 05:13,3,+29.8,+25.9,+22.5,+25.7,+23.5,+29.2,+17.5,+18.5,+17.0,+16.5,+18.5,+19.0,+18.5
2022-10-06 06:13,3,+29.8,+25.9,+22.5,+25.7,+23.5,+29.2,+17.5,+18.5,+17.0,+16.5,+18.5,+18.5,+18.5
2022-10-06 07:13,3,+29.8,+25.9,+22.5,+25.7,+23.5,+29.2,+17.5,+18.5,+17.0,+16.5,+18.5,+18.5,+18.5
2022-10-06 08:13,3,+29.8,+25.9,+22.5,+25.7,+23.2,+29.2,+17.5,+18.5,+17.0,+16.5,+18.5,+18.5,+18.5
2022-10-06 09:13,3,+29.8,+25.9,+22.5,+25.7,+23.2,+29.2,+17.5,+18.5,+17.0,+16.5,+18.5,+18.5,+18.5
2022-10-06 10:13,3,+29.8,+25.9,+22.5,+25.7,+23.5,+29.2,+17.5,+18.5,+17.0,+16.5,+18.5,+18.5,+18.5
2022-10-06 11:13,3,+29.8,+25.9,+22.5,+25.7,+23.2,+29.2,+17.5,+18.5,+17.0,+16.5,+18.5,+18.5,+18.5
2022-10-06 12:13,3,+29.7,+25.9,+22.5,+25.7,+23.2,+29.2,+17.5,+18.5,+17.0,+16.5,+18.5,+18.5,+18.5
2022-10-06 13:13,3,+29.7,+25.8,+22.5,+25.7,+23.2,+29.2,+17.5,+18.5,+17.0,+16.5,+18.5,+18.5,+18.5
2022-10-06 14:13,3,+29.7,+25.8,+22.5,+25.7,+23.2,+29.2,+17.5,+18.5,+17.0,+16.5,+18.5,+18.5,+18.5
2022-10-06 15:13,3,+29.7,+25.8,+22.5,+25.7,+23.2,+29.2,+17.5,+18.5,+17.0,+16.5,+18.5,+18.5,+18.5
2022-10-06 16:13,3,+29.6,+25.8,+22.5,+25.7,+23.2,+29.2,+17.5,+18.5,+17.0,+16.5,+18.5,+18.5,+18.5
2022-10-06 17:13,3,+29.6,+25.8,+22.5,+25.7,+23.2,+29.2,+17.5,+18.5,+17.0,+16.5,+18.5,+18.5,+18.5
2022-10-06 18:13,3,(Error)
2022-10-06 19:13,3,+29.7,+25.8,+22.3,+25.7,+23.2,+29.2,+17.5,+18.5,+17.0,+16.5,+18.5,+18.5,+18.5
2022-10-06 20:13,3,+29.7,+25.7,+22.3,+25.7,+23.2,+29.2,+17.5,+18.5,+17.0,+16.5,+18.5,+18.5,+18.5
2022-10-06 21:13,3,+29.7,+25.7,+22.3,+25.7,+23.2,+29.2,+17.5,+18.5,+17.0,+16.5,+18.5,+18.5,+18.5
2022-10-06 22:13,3,+29.6,+25.7,+22.3,+25.7,+23.2,+29.2,+17.5,+18.5,+17.0,+16.5,+18.5,+18.5,+18.5
2022-10-06 23:13,3,+29.7,+25.7,+22.3,+25.7,+23.2,+29.2,+17.5,+18.5,+17.0,+16.5,+18.5,+18.5,+18.5
2022-10-07 00:13,3,+29.7,+25.7,+22.3,+25.7,+23.2,+29.2,+17.5,+18.5,+17.0,+16.5,+18.5,+18.5,+18.5
2022-10-07 01:13,3,+29.7,+25.7,+22.3,+25.7,+23.2,+29.2,+17.5,+18.5,+17.0,+16.5,+18.5,+18.5,+18.5
2022-10-07 02:13,3,+29.7,+25.7,+22.3,+25.7,+23.2,+29.2,+17.5,+18.5,+17.0,+16.5,+18.5,+18.5,+18.5
2022-10-07 03:13,3,+29.7,+25.7,+22.3,+25.7,+23.2,+29.2,+17.0,+18.0,+17.0,+16.5,+18.5,+18.5,+18.5
2022-10-07 04:13,3,+29.6,+25.7,+22.3,+25.7,+23.2,+29.2,+17.0,+18.5,+17.0,+16.5,+18.5,+18.5,+18.5
2022-10-07 05:13,3,+29.6,+25.7,+22.3,+25.7,+23.2,+29.2,+17.0,+18.5,+17.0,+16.5,+18.5,+18.5,+18.5
2022-10-07 06:13,3,+29.6,+25.7,+22.3,+25.7,+23.2,+29.2,+17.0,+18.0,+17.0,+16.5,+18.5,+18.5,+18.5
2022-10-07 07:13,3,+29.6,+25.7,+22.3,+25.7,+23.2,+29.2,+17.0,+18.0,+17.0,+16.5,+18.5,+18.5,+18.5
2022-10-07 08:13,3,+29.7,+25.7,+22.3,+25.7,+23.2,+29.2,+17.5,+18.0,+17.0,+16.5,+18.5,+18.5,+18.5
2022-10-07 09:13,3,+29.6,+25.7,+22.3,+25.7,+23.2,+29.2,+17.5,+18.0,+17.0,+16.5,+18.5,+18.5,+18.5
2022-10-07 10:13,3,+29.7,+25.7,+22.3,+25.7,+23.2,+29.2,+17.5,+18.0,+17.0,+16.5,+18.5,+18.5,+18.5
2022-10-07 11:13,3,+29.6,+25.7,+22.3,+25.7,+23.2,+29.2,+17.5,+18.5,+17.0,+16.5,+18.5,+18.5,+18.5
2022-10-07 12:13,3,+29.7,+25.7,+22.3,+25.7,+23.2,+29.2,+17.5,+18.5,+17.0,+16.5,+18.5,+18.5,+18.5
2022-10-07 13:13,3,+29.7,+25.7,+22.3,+25.7,+23.2,+29.2,+17.5,+18.5,+17.0,+16.5,+18.5,+18.5,+18.5
2022-10-07 14:13,3,+29.7,+25.7,+22.2,+25.7,+23.2,+29.2,+17.5,+18.5,+17.0,+16.5,+18.5,+18.5,+18.5
2022-10-07 14:29,3,+34.2,+25.7,+22.2,+25.7,+23.2,+29.1,+17.5,+18.5,+17.0,+16.5,+18.5,+18.5,+18.5
2022-10-07 15:29,3,+32.7,+26.0,+22.2,+25.7,+23.2,+29.1,+17.5,+18.5,+17.0,+16.5,+18.5,+18.5,+18.5
2022-10-07 16:29,3,+32.0,+26.7,+22.3,+25.7,+23.2,+29.1,+17.5,+18.5,+17.0,+16.5,+18.5,+18.5,+18.5
2022-10-07 17:29,3,+31.6,+27.1,+22.6,+25.7,+23.2,+29.2,+17.5,+18.5,+17.0,+16.5,+18.5,+18.5,+18.5
2022-10-07 18:29,3,+31.4,+27.1,+23.0,+25.7,+23.2,+29.1,+17.0,+18.0,+17.0,+16.5,+18.5,+18.5,+18.5
2022-10-07 19:29,3,+31.3,+27.1,+23.2,+25.7,+23.2,+29.2,+17.0,+18.0,+17.0,+16.5,+18.5,+18.5,+18.5
2022-10-07 20:29,3,+31.6,+27.1,+23.3,+25.8,+23.2,+29.1,+17.0,+18.0,+17.0,+16.5,+18.5,+18.5,+18.5
2022-10-07 21:29,3,+31.6,+27.1,+23.5,+26.0,+23.2,+29.1,+17.0,+18.0,+17.0,+16.5,+18.5,+19.0,+18.5
2022-10-07 22:29,3,+31.5,+27.1,+23.6,+26.1,+23.2,+29.2,+17.0,+18.0,+17.0,+16.5,+18.5,+18.5,+18.5
2022-10-07 23:29,3,+31.4,+27.0,+23.6,+26.2,+23.5,+29.2,+17.0,+18.0,+17.0,+16.5,+18.5,+18.5,+18.5
2022-10-08 00:29,3,+31.3,+27.0,+23.6,+26.2,+23.6,+29.2,+17.0,+18.0,+17.0,+16.5,+18.5,+18.5,+18.5
2022-10-08 01:29,3,+31.3,+26.9,+23.6,+26.3,+23.6,+29.2,+17.0,+18.0,+17.0,+16.5,+18.5,+18.5,+18.5
2022-10-08 02:29,3,+31.3,+26.9,+23.5,+26.3,+23.7,+29.2,+17.0,+18.0,+17.0,+16.5,+18.5,+18.5,+18.5
2022-10-08 03:29,3,+31.2,+26.8,+23.5,+26.5,+23.7,+29.2,+17.0,+18.0,+17.0,+16.5,+18.5,+18.5,+18.5
2022-10-08 04:29,3,+31.2,+26.8,+23.5,+26.5,+23.7,+29.2,+17.0,+18.0,+16.5,+16.5,+18.5,+18.5,+18.5
2022-10-08 05:29,3,+31.2,+26.8,+23.5,+26.5,+23.7,+29.2,+17.0,+18.0,+16.5,+16.5,+18.5,+19.0,+18.5
2022-10-08 06:29,3,+31.2,+26.7,+23.3,+26.5,+23.7,+29.2,+17.0,+18.0,+16.5,+16.5,+18.5,+18.5,+18.5
2022-10-08 07:29,3,+31.3,+26.7,+23.3,+26.5,+23.7,+29.2,+17.0,+18.0,+16.5,+16.5,+18.5,+18.5,+18.5
2022-10-08 08:29,3,+31.2,+26.7,+23.3,+26.5,+23.7,+29.5,+17.0,+18.0,+16.5,+16.0,+18.5,+19.0,+18.5
2022-10-08 09:29,3,+31.2,+26.6,+23.3,+26.5,+23.7,+29.5,+17.0,+18.0,+16.5,+16.0,+18.5,+18.5,+18.5
2022-10-08 10:29,3,+31.2,+26.6,+23.2,+26.5,+23.7,+29.5,+17.0,+18.0,+16.5,+16.5,+18.5,+18.5,+18.5
2022-10-08 11:29,3,+31.1,+26.6,+23.2,+26.5,+24.0,+29.6,+17.0,+18.0,+16.5,+16.0,+18.5,+19.0,+18.5
2022-10-08 12:29,3,+31.1,+26.5,+23.2,+26.5,+24.0,+29.6,+17.0,+18.0,+16.5,+16.0,+18.5,+18.5,+18.5
2022-10-08 13:29,3,+31.1,+26.5,+23.2,+26.5,+24.0,+29.6,+17.0,+18.0,+16.5,+16.0,+18.5,+18.5,+18.5
2022-10-08 14:29,3,+31.0,+26.5,+23.2,+26.5,+24.0,+29.6,+17.0,+18.0,+16.5,+16.0,+18.5,+18.5,+18.5
2022-10-08 15:29,3,+31.0,+26.4,+23.2,+26.5,+24.0,+29.6,+17.0,+18.0,+16.5,+16.0,+18.5,+18.5,+18.5
2022-10-08 16:29,3,+31.0,+26.4,+23.2,+26.5,+24.0,+29.6,+17.0,+18.0,+16.5,+16.5,+18.5,+19.0,+18.5
2022-10-08 17:29,3,+30.9,+26.4,+23.1,+26.3,+24.0,+29.7,+17.0,+18.0,+16.5,+16.0,+18.5,+18.5,+18.5
2022-10-08 18:29,3,+30.9,+26.4,+23.1,+26.3,+23.7,+29.7,+17.0,+18.0,+16.5,+16.0,+18.5,+18.5,+18.5
2022-10-08 19:29,3,+30.9,+26.3,+23.1,+26.3,+24.0,+29.7,+17.0,+18.0,+16.5,+16.0,+18.5,+18.5,+18.5
2022-10-08 20:29,3,+30.9,+26.3,+23.1,+26.3,+23.7,+29.7,+17.0,+18.0,+16.5,+16.0,+18.5,+19.0,+18.5
2022-10-08 21:29,3,+31.0,+26.3,+23.0,+26.3,+24.0,+29.7,+17.0,+18.0,+16.5,+16.0,+18.5,+19.0,+18.5
2022-10-08 22:29,3,+31.5,+26.4,+23.0,+26.3,+23.7,+29.7,+17.0,+18.0,+16.5,+16.0,+18.5,+19.0,+18.5
2022-10-08 23:29,3,(Error)
2022-10-09 00:29,3,+41.1,+35.0,+33.7,+35.2,+27.2,+30.1,+16.0,+17.0,+16.0,+15.0,+18.0,+18.0,+18.5
2022-10-09 01:29,3,+35.1,+29.9,+27.0,+29.7,+28.1,+35.2,+16.0,+17.0,+16.0,+15.5,+18.0,+18.0,+18.5
2022-10-09 02:29,3,+32.9,+28.4,+25.1,+28.3,+26.6,+33.4,+16.0,+17.0,+16.0,+15.5,+18.0,+18.0,+18.5
2022-10-09 03:29,3,+32.9,+28.5,+25.1,+28.2,+26.2,+33.0,+16.0,+17.0,+16.0,+15.5,+18.0,+18.0,+18.0
2022-10-09 04:29,3,+32.6,+28.2,+24.7,+28.1,+26.1,+32.7,+16.0,+17.0,+16.0,+15.5,+18.0,+18.0,+18.0
2022-10-09 05:29,3,+33.3,+28.6,+25.0,+28.0,+25.7,+32.5,+16.0,+17.0,+16.0,+15.5,+18.0,+18.0,+18.0
2022-10-09 06:29,3,+33.7,+29.2,+26.1,+28.7,+26.2,+33.0,+16.0,+17.0,+15.5,+15.5,+18.0,+18.0,+18.0
2022-10-09 07:29,3,+32.8,+28.4,+25.1,+28.3,+26.2,+33.0,+16.0,+17.0,+16.0,+15.5,+18.0,+18.0,+18.0
2022-10-09 08:29,3,+32.2,+27.9,+24.6,+28.0,+26.0,+32.7,+16.0,+17.0,+16.0,+15.5,+18.0,+18.0,+18.0
2022-10-09 09:29,3,+32.1,+27.7,+24.3,+27.7,+25.7,+32.5,+16.0,+17.0,+15.5,+15.5,+18.0,+18.0,+18.0
2022-10-09 10:29,3,+31.9,+27.6,+24.2,+27.7,+25.5,+32.2,+16.0,+17.0,+15.5,+15.5,+18.0,+17.5,+18.0
2022-10-09 11:29,3,+31.8,+27.4,+24.1,+27.6,+25.2,+32.0,+16.0,+17.0,+15.5,+15.5,+17.5,+17.5,+18.0
2022-10-09 12:29,3,+31.7,+27.3,+24.0,+27.5,+25.2,+31.7,+16.0,+17.0,+15.5,+15.5,+17.5,+17.5,+18.0
2022-10-09 13:29,3,+31.6,+27.2,+23.8,+27.3,+25.2,+31.7,+16.0,+17.0,+15.5,+15.0,+17.5,+17.5,+18.0
2022-10-09 14:29,3,+31.6,+27.1,+23.7,+27.2,+25.1,+31.6,+16.5,+17.0,+15.5,+15.0,+17.5,+17.5,+18.0
2022-10-09 15:29,3,+31.7,+27.1,+23.7,+27.2,+25.0,+31.2,+16.0,+17.0,+15.5,+15.0,+17.5,+17.5,+18.0
2022-10-09 16:29,3,+32.0,+27.4,+23.7,+27.2,+25.0,+31.2,+16.5,+17.0,+15.5,+15.0,+17.5,+17.5,+18.0
2022-10-09 17:29,3,+31.9,+27.5,+24.1,+27.2,+25.0,+31.2,+16.5,+17.0,+15.5,+15.0,+17.5,+17.5,+18.0
2022-10-09 18:29,3,+32.0,+27.4,+24.1,+27.2,+25.0,+31.2,+16.5,+17.0,+15.5,+15.0,+17.5,+17.5,+18.0
2022-10-09 19:29,3,+32.1,+27.6,+24.2,+27.2,+25.0,+31.2,+16.5,+17.0,+15.5,+15.0,+17.5,+17.5,+18.0
2022-10-09 20:29,3,+31.9,+27.5,+24.2,+27.3,+25.0,+31.2,+16.5,+17.0,+15.5,+15.0,+17.5,+17.5,+18.0
2022-10-09 21:29,3,+31.8,+27.4,+24.1,+27.3,+25.0,+31.2,+16.5,+17.0,+15.5,+15.0,+17.5,+17.5,+18.0
2022-10-09 22:29,3,+31.8,+27.4,+24.0,+27.3,+25.0,+31.2,+16.5,+17.0,+15.5,+15.0,+17.5,+17.5,+18.0
2022-10-09 23:29,3,+31.9,+27.4,+24.0,+27.2,+25.0,+31.2,+16.5,+17.0,+15.5,+15.0,+17.5,+17.5,+18.0
2022-10-10 00:29,3,+31.8,+27.4,+24.1,+27.2,+25.0,+31.2,+16.5,+17.0,+15.5,+15.0,+17.5,+17.5,+18.0
2022-10-10 01:29,3,+31.8,+27.3,+24.0,+27.2,+25.0,+31.2,+16.5,+17.0,+15.5,+15.0,+17.5,+17.5,+18.0
2022-10-10 02:29,3,+31.7,+27.2,+23.8,+27.2,+25.0,+31.2,+16.5,+17.0,+15.5,+15.0,+17.5,+18.0,+18.0
2022-10-10 03:29,3,+31.7,+27.2,+23.7,+27.2,+25.0,+31.2,+16.5,+17.0,+15.5,+15.0,+17.5,+18.0,+18.0
2022-10-10 04:29,3,+31.6,+27.1,+23.7,+27.2,+25.0,+31.2,+16.5,+17.0,+15.5,+15.0,+17.5,+18.0,+18.0
2022-10-10 05:29,3,+31.6,+27.0,+23.7,+27.2,+25.0,+31.2,+16.5,+17.0,+15.5,+15.0,+17.5,+18.0,+18.0
2022-10-10 06:29,3,+31.5,+27.0,+23.7,+27.1,+24.7,+31.1,+16.5,+17.0,+15.5,+15.0,+17.5,+18.0,+18.0
2022-10-10 07:29,3,+31.5,+26.9,+23.6,+27.1,+24.7,+31.1,+16.5,+17.0,+15.5,+15.0,+17.5,+18.0,+18.0
2022-10-10 08:29,3,+31.5,+26.9,+23.6,+27.0,+24.7,+31.0,+16.5,+17.0,+15.5,+15.0,+17.5,+17.5,+18.0
2022-10-10 09:29,3,+31.5,+26.9,+23.5,+27.0,+24.7,+31.0,+16.5,+17.0,+15.5,+15.0,+17.5,+17.5,+18.0
2022-10-10 10:29,3,+31.5,+26.8,+23.5,+27.0,+24.7,+30.7,+17.0,+17.5,+16.0,+15.0,+17.5,+17.5,+18.0
2022-10-10 11:29,3,+31.4,+26.7,+23.3,+26.8,+24.7,+30.7,+17.0,+17.5,+16.0,+15.0,+17.5,+18.0,+18.0
2022-10-10 12:29,3,+31.5,+26.7,+23.3,+26.8,+24.6,+30.7,+17.0,+17.5,+15.5,+15.0,+17.5,+17.5,+18.0
2022-10-10 13:29,3,+31.5,+26.7,+23.3,+26.8,+24.6,+30.7,+17.0,+17.5,+16.0,+15.0,+17.5,+17.5,+17.5
2022-10-10 14:29,3,+31.5,+26.7,+23.3,+26.7,+24.5,+30.7,+17.0,+17.5,+16.0,+15.0,+17.5,+17.5,+18.0
2022-10-10 15:29,3,+31.5,+26.7,+23.3,+26.7,+24.5,+30.7,+17.0,+17.5,+16.0,+15.0,+17.5,+17.5,+18.0
2022-10-10 16:29,3,+31.5,+26.7,+23.2,+26.7,+24.5,+30.7,+17.5,+17.5,+16.0,+15.0,+17.5,+17.5,+17.5
2022-10-10 17:29,3,+31.4,+26.7,+23.2,+26.7,+24.5,+30.6,+17.0,+17.5,+16.0,+15.5,+17.5,+18.0,+17.5
2022-10-10 18:29,3,+31.4,+26.7,+23.2,+26.7,+24.2,+30.6,+17.0,+17.5,+16.0,+15.0,+17.5,+17.5,+18.0
2022-10-10 19:29,3,+31.4,+26.7,+23.2,+26.7,+24.2,+30.5,+17.0,+17.5,+16.0,+15.5,+17.5,+17.5,+18.0
2022-10-10 20:29,3,+31.4,+26.7,+23.2,+26.7,+24.2,+30.5,+17.0,+17.5,+16.0,+15.0,+17.5,+18.0,+17.5
2022-10-10 21:29,3,+31.4,+26.6,+23.2,+26.7,+24.2,+30.5,+17.0,+17.5,+16.0,+15.5,+17.5,+17.5,+18.0
2022-10-10 22:29,3,+31.4,+26.6,+23.2,+26.7,+24.2,+30.5,+17.0,+17.5,+16.0,+15.5,+17.5,+18.0,+18.0
2022-10-10 23:29,3,+31.4,+26.6,+23.2,+26.7,+24.2,+30.2,+17.0,+17.5,+16.0,+15.5,+17.5,+18.0,+18.0
2022-10-11 00:29,3,+31.4,+26.6,+23.2,+26.6,+24.2,+30.2,+17.0,+17.5,+16.0,+15.5,+17.5,+18.0,+18.0
2022-10-11 01:29,3,+31.4,+26.6,+23.2,+26.6,+24.2,+30.2,+17.0,+17.5,+16.0,+15.5,+17.5,+18.0,+18.0
2022-10-11 02:29,3,+31.4,+26.6,+23.2,+26.6,+24.2,+30.2,+17.0,+17.5,+16.0,+15.5,+17.5,+17.5,+18.0
2022-10-11 03:29,3,+31.4,+26.6,+23.2,+26.6,+24.2,+30.2,+17.0,+17.5,+16.0,+15.5,+17.5,+18.0,+18.0
2022-10-11 04:29,3,+31.4,+26.6,+23.2,+26.6,+24.2,+30.2,+17.0,+17.5,+16.0,+15.5,+17.5,+18.0,+17.5
2022-10-11 05:29,3,+31.4,+26.6,+23.2,+26.6,+24.2,+30.2,+17.0,+17.5,+16.0,+15.5,+17.5,+17.5,+18.0
2022-10-11 06:29,3,+31.4,+26.6,+23.2,+26.6,+24.2,+30.2,+17.0,+18.0,+16.0,+15.5,+17.5,+17.5,+18.0
2022-10-11 07:29,3,+31.4,+26.6,+23.2,+26.5,+24.2,+30.2,+17.0,+17.5,+16.0,+15.5,+17.5,+18.0,+18.0
2022-10-11 08:29,3,+31.4,+26.6,+23.1,+26.5,+24.2,+30.2,,,,,,,
2022-10-11 09:29,3,+31.3,+26.6,+23.1,+26.5,+24.2,+30.2,+17.0,+17.5,+16.0,+15.5,+17.5,+18.0,+18.0
2022-10-11 10:29,3,+31.3,+26.6,+23.1,+26.5,+24.1,+30.2,+17.0,+17.5,+16.0,+15.5,+17.5,+17.5,+18.0
2022-10-11 11:29,3,+31.3,+26.5,+23.1,+26.5,+24.1,+30.2,+17.5,+18.0,+16.0,+15.5,+17.5,+18.0,+18.0
2022-10-11 12:29,3,+31.3,+26.5,+23.1,+26.5,+24.1,+30.2,+17.5,+18.0,+16.0,+15.5,+17.5,+17.5,+17.5
2022-10-11 13:29,3,+31.3,+26.5,+23.1,+26.5,+24.1,+30.1,+17.5,+18.0,+16.0,+15.5,+17.5,+17.5,+18.0
2022-10-11 14:29,3,+31.2,+26.5,+23.1,+26.5,+24.1,+30.1,+17.5,+18.0,+16.0,+15.5,+17.5,+17.5,+18.0
2022-10-11 15:29,3,+31.2,+26.5,+23.0,+26.3,+24.1,+30.1,+17.5,+18.0,+16.0,+15.5,+17.5,+17.5,+17.5
2022-10-11 16:29,3,+31.2,+26.4,+23.0,+26.5,+24.0,+30.1,+17.5,+18.0,+16.0,+15.5,+17.5,+17.5,+17.5
2022-10-11 17:29,3,+31.4,+26.4,+23.0,+26.3,+24.0,+30.1,+17.5,+18.0,+16.0,+15.5,+17.5,+18.0,+17.5
2022-10-11 18:29,3,+31.5,+26.5,+23.0,+26.3,+24.0,+30.0,+17.5,+18.0,+16.0,+15.5,+17.5,+17.5,+18.0
2022-10-11 19:29,3,+31.5,+26.5,+23.0,+26.3,+24.0,+30.0,+17.5,+18.0,+16.0,+15.5,+17.5,+17.5,+17.5
2022-10-11 20:29,3,+31.7,+26.6,+23.0,+26.3,+24.0,+30.0,+17.5,+18.0,+16.5,+15.5,+17.5,+17.5,+18.0
2022-10-11 21:29,3,+31.7,+26.7,+23.1,+26.3,+24.0,+30.0,+17.5,+18.0,+16.5,+15.5,+17.5,+18.0,+18.0
2022-10-11 22:29,3,+31.7,+26.8,+23.1,+26.3,+24.0,+30.0,+17.5,+18.0,+16.5,+15.5,+17.5,+17.5,+18.0
2022-10-11 23:29,3,+31.7,+26.8,+23.2,+26.3,+24.0,+30.0,+17.5,+18.0,+16.5,+15.5,+18.0,+17.5,+18.0
2022-10-12 00:29,3,+31.6,+26.8,+23.2,+26.3,+24.0,+30.0,+17.5,+18.0,+16.5,+15.5,+17.5,+17.5,+18.0
2022-10-12 01:29,3,+31.6,+26.8,+23.2,+26.3,+24.0,+30.0,+17.5,+18.0,+16.5,+15.5,+17.5,+17.5,+18.0
2022-10-12 02:29,3,+31.6,+26.8,+23.2,+26.3,+24.0,+29.7,+17.0,+18.0,+16.5,+15.5,+17.5,+17.5,+18.0
2022-10-12 03:29,3,+31.5,+26.8,+23.2,+26.5,+24.0,+29.7,+17.0,+18.0,+16.5,+15.5,+17.5,+17.5,+18.0
2022-10-12 04:29,3,+31.5,+26.8,+23.2,+26.5,+23.7,+29.7,+17.0,+18.0,+16.5,+15.5,+18.0,+17.5,+18.0
2022-10-12 05:29,3,+31.5,+26.7,+23.2,+26.5,+23.7,+29.7,+17.0,+18.0,+16.5,+15.5,+18.0,+17.5,+18.0
2022-10-12 06:29,3,+31.5,+26.7,+23.2,+26.5,+24.0,+29.7,+17.0,+18.0,+16.5,+15.5,+18.0,+17.5,+18.0
2022-10-12 07:29,3,+31.4,+26.7,+23.2,+26.5,+23.7,+29.7,+17.0,+18.0,+16.5,+15.5,+18.0,+18.0,+18.0
2022-10-12 08:29,3,+31.4,+26.7,+23.2,+26.5,+23.7,+29.7,+17.0,+18.0,+16.5,+15.5,+18.0,+17.5,+18.0
2022-10-12 09:29,3,+31.4,+26.7,+23.2,+26.5,+24.0,+29.7,+17.0,+18.0,+16.5,+15.5,+18.0,+17.5,+18.0
2022-10-12 10:29,3,+31.4,+26.6,+23.2,+26.5,+24.0,+29.7,+17.0,+18.0,+16.5,+15.5,+18.0,+17.5,+18.0
2022-10-12 11:29,3,+31.3,+26.6,+23.2,+26.5,+24.0,+29.7,+17.5,+18.0,+16.5,+15.5,+18.0,+17.5,+18.0
2022-10-12 11:57,3,+31.3,+26.6,+23.2,+26.5,+23.7,+29.7,+17.0,+18.0,+16.5,+15.5,+18.0,+18.0,+18.0
2022-10-12 12:57,3,+31.3,+26.5,+23.2,+26.3,+23.7,+29.7,+17.5,+18.0,+16.5,+15.5,+18.0,+18.0,+18.0
2022-10-12 13:57,3,+31.3,+26.5,+23.1,+26.3,+23.7,+29.7,+17.5,+18.0,+16.5,+15.5,+18.0,+17.5,+18.0
2022-10-12 14:57,3,+31.2,+26.5,+23.1,+26.3,+23.7,+29.7,+18.0,+18.0,+16.5,+15.5,+18.0,+17.5,+18.0
2022-10-12 15:57,3,+31.2,+26.4,+23.1,+26.3,+23.7,+29.7,+18.0,+18.0,+16.5,+15.5,+18.0,+17.5,+18.0
2022-10-12 16:57,3,+31.2,+26.4,+23.1,+26.3,+23.7,+29.7,+18.0,+18.0,+16.5,+15.5,+18.0,+17.5,+18.0
2022-10-12 17:57,3,+31.2,+26.4,+23.0,+26.3,+23.7,+29.7,+18.0,+18.0,+16.5,+15.5,+18.0,+18.0,+18.0
2022-10-12 18:57,3,+31.2,+26.4,+23.0,+26.3,+23.7,+29.7,+18.0,+18.5,+16.5,+15.5,+18.0,+17.5,+18.0
2022-10-12 19:57,3,+31.2,+26.3,+23.0,+26.3,+23.7,+29.7,+18.0,+18.5,+16.5,+15.5,+18.0,+17.5,+18.0
2022-10-12 20:57,3,+31.2,+26.3,+23.0,+26.3,+23.7,+29.7,+18.0,+18.5,+16.5,+15.5,+18.0,+17.5,+18.0
2022-10-12 21:57,3,+31.2,+26.3,+23.0,+26.2,+23.7,+29.7,+18.0,+18.5,+16.5,+16.0,+18.0,+17.5,+18.0
2022-10-12 22:57,3,+31.2,+26.3,+22.8,+26.2,+23.7,+29.7,+18.0,+18.5,+16.5,+16.0,+18.0,+17.5,+18.0
2022-10-12 23:57,3,+31.2,+26.3,+22.8,+26.2,+23.7,+29.7,+18.0,+18.5,+16.5,+16.0,+18.0,+18.0,+18.0
2022-10-13 00:57,3,+31.2,+26.3,+22.8,+26.2,+23.7,+29.7,+18.0,+18.5,+16.5,+16.0,+18.0,+17.5,+18.0
2022-10-13 01:57,3,+31.2,+26.3,+22.8,+26.2,+23.7,+29.7,+17.5,+18.5,+16.5,+16.0,+18.0,+17.5,+18.0
2022-10-13 02:57,3,+31.2,+26.3,+22.8,+26.2,+23.7,+29.7,+18.0,+18.5,+16.5,+16.0,+18.0,+17.5,+18.0
2022-10-13 03:57,3,+31.2,+26.3,+22.8,+26.2,+23.7,+29.7,+17.5,+18.5,+16.5,+16.0,+18.0,+17.5,+18.0
2022-10-13 04:57,3,+31.2,+26.3,+22.8,+26.2,+23.7,+29.7,+17.5,+18.5,+16.5,+16.0,+18.0,+17.5,+18.0
2022-10-13 05:57,3,+31.2,+26.3,+22.8,+26.2,+23.7,+29.7,+17.5,+18.5,+16.5,+16.0,+18.0,+17.5,+18.0
2022-10-13 06:57,3,+31.2,+26.3,+22.8,+26.2,+23.7,+29.7,+17.5,+18.5,+16.5,+16.0,+18.0,+17.5,+18.0
2022-10-13 07:57,3,+31.2,+26.3,+22.7,+26.2,+23.7,+29.7,+17.5,+18.5,+16.5,+16.0,+18.0,+17.5,+18.0
2022-10-13 08:57,3,+31.2,+26.3,+22.7,+26.2,+23.7,+29.7,+17.5,+18.5,+16.5,+16.0,+18.0,+18.0,+18.0
2022-10-13 09:57,3,+31.2,+26.3,+22.7,+26.2,+23.7,+29.7,+17.5,+18.5,+16.5,+16.0,+18.0,+18.0,+18.0
2022-10-13 10:57,3,+31.2,+26.3,+22.7,+26.2,+23.7,+29.7,+18.0,+18.5,+16.5,+16.0,+18.0,+18.0,+18.0
2022-10-13 11:57,3,+31.1,+26.2,+22.7,+26.2,+23.7,+29.7,+18.0,+18.5,+16.5,+16.0,+18.0,+18.0,+18.0
2022-10-13 12:57,3,+31.1,+26.2,+22.7,+26.2,+23.7,+29.7,+18.0,+18.5,+16.5,+16.0,+18.0,+17.5,+18.0
2022-10-13 13:57,3,+31.2,+26.2,+22.7,+26.2,+23.7,+29.7,+18.0,+18.5,+16.5,+16.0,+18.0,+17.5,+18.0
2022-10-13 14:57,3,+31.2,+26.2,+22.7,+26.2,+23.7,+29.7,+18.0,+18.5,+16.5,+16.0,+18.0,+18.5,+18.0
2022-10-13 15:57,3,+31.2,+26.2,+22.7,+26.2,+23.7,+29.7,+18.0,+18.5,+16.5,+16.0,+18.0,+18.0,+18.0
2022-10-13 16:57,3,+31.3,+26.2,+22.7,+26.2,+23.7,+29.7,+18.0,+18.5,+16.5,+16.0,+18.0,+18.5,+18.0
2022-10-13 17:57,3,+31.6,+26.3,+22.7,+26.2,+23.7,+29.7,+18.0,+18.5,+17.0,+16.0,+18.0,+18.0,+18.0
2022-10-13 18:57,3,+31.7,+26.4,+22.7,+26.1,+23.7,+29.7,+18.0,+18.5,+17.0,+16.0,+18.0,+18.0,+18.0
2022-10-13 19:57,3,+32.1,+26.6,+22.7,+26.1,+23.7,+29.7,+18.0,+18.5,+17.0,+16.0,+18.0,+18.0,+18.0
2022-10-13 20:57,3,+32.1,+26.9,+22.7,+26.1,+23.7,+29.7,+18.0,+18.5,+17.0,+16.0,+18.0,+18.0,+18.0
2022-10-13 21:57,3,+32.0,+27.0,+23.0,+26.1,+23.7,+29.7,+18.0,+18.5,+17.0,+16.0,+18.0,+18.0,+18.0
2022-10-13 22:57,3,+32.0,+27.1,+23.1,+26.1,+23.7,+29.7,+18.0,+18.5,+17.0,+16.0,+18.0,+18.0,+18.0
2022-10-13 23:57,3,+31.9,+27.1,+23.2,+26.1,+23.7,+29.7,+18.0,+18.5,+17.0,+16.0,+18.0,+18.0,+18.0
2022-10-14 00:57,3,+31.9,+27.1,+23.2,+26.2,+23.7,+29.6,+18.0,+18.5,+17.0,+16.0,+18.0,+18.0,+18.0
2022-10-14 01:57,3,+31.8,+27.0,+23.3,+26.2,+23.7,+29.6,+18.0,+18.5,+17.0,+16.0,+18.0,+18.0,+18.0
2022-10-14 02:57,3,+31.8,+27.0,+23.3,+26.2,+23.7,+29.6,+17.5,+18.5,+17.0,+16.0,+18.0,+18.0,+18.0
2022-10-14 03:57,3,+31.7,+27.0,+23.3,+26.2,+23.7,+29.6,+17.5,+18.5,+17.0,+16.0,+18.0,+18.0,+18.0
2022-10-14 04:57,3,+31.7,+26.9,+23.3,+26.2,+23.7,+29.6,+17.5,+18.5,+17.0,+16.0,+18.0,+18.5,+18.0
2022-10-14 05:57,3,+31.7,+26.9,+23.3,+26.2,+23.7,+29.6,+17.5,+18.5,+17.0,+16.0,+18.0,+18.0,+18.0
2022-10-14 06:57,3,+31.7,+26.9,+23.3,+26.2,+23.7,+29.6,+17.5,+18.5,+17.0,+16.0,+18.0,+18.0,+18.0
2022-10-14 07:57,3,+31.6,+26.9,+23.3,+26.3,+23.7,+29.6,+17.5,+18.5,+17.0,+16.0,+18.5,+18.0,+18.0
2022-10-14 08:57,3,+31.6,+26.8,+23.3,+26.3,+23.7,+29.6,+17.5,+18.5,+17.0,+16.0,+18.0,+18.0,+18.0
2022-10-14 09:57,3,+31.6,+26.8,+23.3,+26.3,+23.7,+29.6,+17.5,+18.5,+17.0,+16.0,+18.0,+18.0,+18.0
2022-10-14 10:57,3,+31.6,+26.8,+23.3,+26.3,+23.7,+29.6,+17.5,+18.5,+17.0,+16.0,+18.0,+18.0,+18.0
2022-10-14 11:57,3,+31.6,+26.7,+23.2,+26.3,+23.7,+29.6,+18.0,+18.5,+17.0,+16.0,+18.5,+18.0,+18.0
2022-10-14 12:57,3,+31.6,+26.7,+23.2,+26.3,+23.7,+29.6,+18.0,+18.5,+17.0,+16.0,+18.5,+18.0,+18.0
2022-10-14 13:57,3,+31.6,+26.7,+23.2,+26.3,+23.7,+29.6,+18.0,+18.5,+17.0,+16.0,+18.0,+18.5,+18.0
2022-10-14 14:57,3,+31.6,+26.7,+23.2,+26.3,+23.7,+29.6,+18.0,+18.5,+17.0,+16.0,+18.0,+18.0,+18.0
2022-10-14 15:57,3,+31.6,+26.7,+23.2,+26.3,+23.7,+29.6,+18.0,+18.5,+17.0,+16.0,+18.5,+18.0,+18.0
2022-10-14 16:57,3,+31.9,+26.7,+23.2,+26.3,+23.7,+29.6,+18.0,+18.5,+17.0,+16.0,+18.5,+18.0,+18.0
2022-10-14 17:57,3,+32.3,+27.1,+23.2,+26.3,+23.7,+29.6,+18.0,+18.5,+17.0,+16.0,+18.5,+18.0,+18.0
2022-10-14 18:57,3,+32.4,+27.4,+23.5,+26.3,+23.7,+29.7,+18.0,+18.5,+17.0,+16.0,+18.5,+18.0,+18.0
2022-10-14 19:57,3,+32.5,+27.6,+23.7,+26.5,+23.7,+29.7,+18.0,+18.5,+17.0,+16.0,+18.5,+18.0,+18.0
2022-10-14 20:57,3,+32.6,+27.8,+24.1,+26.5,+23.7,+29.7,+18.0,+18.5,+17.0,+16.0,+18.5,+18.0,+18.0
2022-10-14 21:57,3,+32.4,+27.7,+24.2,+26.7,+23.7,+29.7,+18.0,+18.5,+17.0,+16.0,+18.5,+18.0,+18.0
2022-10-14 22:57,3,+32.2,+27.5,+24.2,+26.8,+23.7,+29.7,+17.5,+18.5,+17.0,+16.0,+18.5,+18.0,+18.0
2022-10-14 23:57,3,(Error)
2022-10-15 00:57,3,+32.0,+27.3,+24.0,+27.0,+24.1,+29.7,+17.5,+18.5,+17.0,+16.0,+18.5,+18.0,+18.0
2022-10-15 01:57,3,+31.9,+27.2,+23.8,+27.0,+24.2,+29.7,+17.5,+18.5,+17.0,+16.5,+18.5,+18.5,+18.0
2022-10-15 02:57,3,+31.9,+27.2,+23.7,+27.0,+24.2,+29.7,+17.5,+18.5,+17.0,+16.5,+18.5,+18.5,+18.0
2022-10-15 03:57,3,+31.8,+27.1,+23.7,+27.0,+24.2,+30.0,+17.5,+18.5,+17.0,+16.0,+18.5,+18.0,+18.0
2022-10-15 04:57,3,+31.8,+27.1,+23.7,+27.0,+24.2,+30.1,+17.5,+18.5,+17.0,+16.0,+18.5,+18.0,+18.0
2022-10-15 05:57,3,+31.8,+27.0,+23.7,+26.8,+24.2,+30.1,+17.5,+18.5,+17.0,+16.0,+18.5,+18.5,+18.0
2022-10-15 06:57,3,+31.8,+27.0,+23.6,+26.8,+24.2,+30.2,+17.5,+18.5,+17.0,+16.0,+18.5,+18.0,+18.0
2022-10-15 07:57,3,+31.7,+27.0,+23.6,+26.8,+24.2,+30.2,+17.5,+18.5,+17.0,+16.0,+18.5,+18.5,+18.0
2022-10-15 08:57,3,+31.7,+26.9,+23.6,+26.8,+24.2,+30.2,+17.5,+18.5,+17.0,+16.5,+18.5,+18.0,+18.0
2022-10-15 09:57,3,+31.7,+26.9,+23.5,+26.8,+24.2,+30.2,+17.5,+18.5,+17.0,+16.5,+18.5,+18.0,+18.0
2022-10-15 10:57,3,+31.6,+26.8,+23.5,+26.7,+24.2,+30.2,+17.5,+18.5,+17.0,+16.5,+18.5,+18.0,+18.0
2022-10-15 11:57,3,+31.6,+26.8,+23.5,+26.7,+24.2,+30.2,+17.5,+18.5,+17.0,+16.5,+18.5,+18.0,+18.0
2022-10-15 12:57,3,+31.6,+26.8,+23.3,+26.7,+24.2,+30.2,+17.5,+18.5,+17.0,+16.5,+18.5,+18.0,+18.0
2022-10-15 13:57,3,+31.6,+26.8,+23.3,+26.7,+24.2,+30.2,+18.0,+18.5,+17.0,+16.5,+18.5,+18.0,+18.0
2022-10-15 14:57,3,+31.6,+26.7,+23.3,+26.7,+24.2,+30.2,+18.0,+18.5,+17.0,+16.5,+18.5,+18.0,+18.0
2022-10-15 15:57,3,+31.6,+26.7,+23.2,+26.7,+24.2,+30.2,+18.0,+18.5,+17.0,+16.5,+18.5,+18.0,+18.0
2022-10-15 16:57,3,+31.6,+26.7,+23.2,+26.7,+24.2,+30.2,+18.0,+18.5,+17.0,+16.0,+18.5,+18.0,+18.0
2022-10-15 17:57,3,+31.8,+26.8,+23.2,+26.7,+24.2,+30.2,+18.0,+18.5,+17.0,+16.5,+18.5,+18.0,+18.0
2022-10-15 18:57,3,+32.7,+27.1,+23.2,+26.7,+24.2,+30.2,+18.0,+18.5,+17.0,+16.5,+18.5,+18.0,+18.0
2022-10-15 19:57,3,+32.6,+27.7,+23.8,+26.7,+24.2,+30.2,+18.0,+18.5,+17.0,+16.5,+18.5,+18.0,+18.0
2022-10-15 20:57,3,+32.3,+27.6,+24.2,+26.8,+24.2,+30.2,+17.5,+18.5,+17.0,+16.5,+18.5,+18.0,+18.0
2022-10-15 21:57,3,+32.2,+27.5,+24.2,+27.0,+24.2,+30.2,+17.5,+18.5,+17.0,+16.0,+18.5,+18.0,+18.0
2022-10-15 22:57,3,+32.1,+27.4,+24.1,+27.1,+24.2,+30.2,+17.5,+18.5,+17.0,+16.0,+18.5,+18.5,+18.0
2022-10-15 23:57,3,+32.0,+27.3,+24.0,+27.1,+24.5,+30.2,+17.5,+18.5,+17.0,+16.0,+18.5,+18.0,+18.0
2022-10-16 00:57,3,+32.0,+27.2,+23.8,+27.1,+24.6,+30.2,+17.5,+18.5,+17.0,+16.5,+18.5,+18.0,+18.0
2022-10-16 01:57,3,+31.9,+27.2,+23.7,+27.1,+24.6,+30.2,+17.5,+18.5,+17.0,+16.5,+18.5,+18.0,+18.0
2022-10-16 02:57,3,+31.9,+27.1,+23.7,+27.1,+24.6,+30.5,+17.5,+18.5,+17.0,+16.5,+18.5,+18.0,+18.0
2022-10-16 03:57,3,+31.8,+27.1,+23.7,+27.0,+24.7,+30.5,+17.5,+18.5,+17.0,+16.5,+18.5,+18.0,+18.0
2022-10-16 04:57,3,+31.8,+27.1,+23.7,+27.0,+24.7,+30.6,+17.5,+18.5,+17.0,+16.5,+18.5,+18.0,+18.0
2022-10-16 05:57,3,+31.8,+27.0,+23.7,+27.0,+24.6,+30.6,+17.5,+18.5,+17.0,+16.5,+18.5,+18.0,+18.5
2022-10-16 06:57,3,+31.8,+27.0,+23.6,+27.0,+24.6,+30.6,+17.5,+18.5,+17.0,+16.5,+18.5,+18.0,+18.0
2022-10-16 07:57,3,+31.7,+27.0,+23.6,+26.8,+24.6,+30.6,+17.5,+18.5,+17.0,+16.5,+18.5,+18.0,+18.0
2022-10-16 08:57,3,+31.7,+26.9,+23.6,+26.8,+24.6,+30.6,+17.5,+18.5,+17.0,+16.5,+18.5,+18.0,+18.0
2022-10-16 09:57,3,+31.7,+26.9,+23.5,+26.8,+24.6,+30.6,+17.5,+18.5,+17.0,+16.5,+18.5,+18.0,+18.0
2022-10-16 10:57,3,+31.7,+26.9,+23.5,+26.8,+24.6,+30.6,+17.5,+18.5,+17.0,+16.5,+18.5,+18.0,+18.5
2022-10-16 11:57,3,+31.7,+26.8,+23.5,+26.8,+24.6,+30.6,+17.5,+18.5,+17.0,+16.5,+18.5,+18.0,+18.5
2022-10-16 12:57,3,+31.6,+26.8,+23.3,+26.7,+24.5,+30.5,+17.5,+18.5,+17.0,+16.0,+18.5,+18.0,+18.0
2022-10-16 13:57,3,+31.6,+26.8,+23.3,+26.7,+24.5,+30.5,+18.0,+18.5,+17.0,+16.0,+18.5,+18.0,+18.0
2022-10-16 14:57,3,+31.6,+26.7,+23.3,+26.7,+24.5,+30.5,+18.0,+18.5,+17.0,+16.5,+18.5,+18.0,+18.0
2022-10-16 15:57,3,+31.6,+26.7,+23.3,+26.7,+24.5,+30.5,+18.0,+18.5,+17.0,+16.5,+18.5,+18.0,+18.0
2022-10-16 16:57,3,+31.6,+26.7,+23.2,+26.7,+24.5,+30.5,+18.0,+18.5,+17.0,+16.5,+18.5,+18.0,+18.5
2022-10-16 17:57,3,+31.8,+26.7,+23.2,+26.7,+24.2,+30.5,+18.0,+18.5,+17.0,+16.5,+18.5,+18.0,+18.5
2022-10-16 18:57,3,+31.9,+26.8,+23.2,+26.7,+24.2,+30.2,+18.0,+18.5,+17.0,+16.5,+18.5,+18.0,+18.5
2022-10-16 19:57,3,(Error)
2022-10-16 20:57,3,+31.9,+27.0,+23.3,+26.7,+24.2,+30.2,+17.5,+18.5,+17.0,+16.5,+18.5,+18.0,+18.5
2022-10-16 21:57,3,+31.9,+27.0,+23.3,+26.7,+24.2,+30.2,+17.5,+18.5,+17.0,+16.5,+18.5,+18.0,+18.5
2022-10-16 22:57,3,+31.9,+27.0,+23.3,+26.7,+24.2,+30.2,+17.5,+18.5,+17.0,+16.5,+18.5,+18.0,+18.5
2022-10-16 23:57,3,+31.8,+27.0,+23.3,+26.7,+24.2,+30.2,+17.5,+18.5,+17.0,+16.0,+18.5,+18.0,+18.0
2022-10-17 00:57,3,+31.8,+26.9,+23.5,+26.7,+24.2,+30.2,+17.5,+18.5,+17.0,+16.5,+18.5,+18.0,+18.0
2022-10-17 01:57,3,+31.8,+26.9,+23.3,+26.7,+24.2,+30.2,+17.5,+18.5,+17.0,+16.5,+18.5,+18.0,+18.5
2022-10-17 02:57,3,+31.8,+26.9,+23.3,+26.7,+24.2,+30.2,+17.5,+18.5,+17.0,+16.5,+18.5,+18.0,+18.5
2022-10-17 03:57,3,+31.7,+26.9,+23.3,+26.7,+24.2,+30.2,+17.5,+18.5,+17.0,+16.5,+18.5,+18.5,+18.5
2022-10-17 04:57,3,+31.7,+26.9,+23.3,+26.7,+24.2,+30.2,+17.5,+18.5,+17.0,+16.5,+18.5,+18.0,+18.0
2022-10-17 05:57,3,+31.7,+26.9,+23.3,+26.7,+24.2,+30.2,+17.5,+18.5,+17.0,+16.5,+18.5,+18.0,+18.0
2022-10-17 06:57,3,+31.7,+26.8,+23.3,+26.7,+24.2,+30.2,+17.0,+18.5,+17.0,+16.5,+18.5,+18.0,+18.0
2022-10-17 07:57,3,+31.6,+26.8,+23.3,+26.6,+24.2,+30.2,+17.0,+18.5,+17.0,+16.5,+18.5,+18.0,+18.5
2022-10-17 08:57,3,+31.6,+26.8,+23.3,+26.6,+24.2,+30.2,+17.0,+18.5,+17.0,+16.5,+18.5,+18.0,+18.5
2022-10-17 09:57,3,+31.6,+26.7,+23.2,+26.6,+24.2,+30.2,+17.5,+18.5,+17.0,+16.5,+18.5,+18.0,+18.5
2022-10-17 10:57,3,+31.5,+26.7,+23.2,+26.6,+24.2,+30.2,+17.5,+18.5,+17.0,+16.5,+18.5,+18.0,+18.5
2022-10-17 11:57,3,+31.5,+26.7,+23.2,+26.6,+24.2,+30.2,+17.5,+18.5,+17.0,+16.5,+18.5,+18.0,+18.5
2022-10-17 12:57,3,+31.5,+26.6,+23.2,+26.6,+24.2,+30.2,+17.5,+18.5,+17.0,+16.5,+18.5,+18.0,+18.0
2022-10-17 13:57,3,+31.4,+26.6,+23.2,+26.6,+24.2,+30.2,+17.5,+18.5,+17.0,+16.5,+18.5,+18.0,+18.5
2022-10-17 14:57,3,+31.4,+26.6,+23.2,+26.6,+24.2,+30.2,+17.5,+18.5,+17.0,+16.5,+18.5,+18.0,+18.5
2022-10-17 15:57,3,+31.4,+26.5,+23.2,+26.5,+24.2,+30.1,+18.0,+18.5,+17.0,+16.5,+18.5,+18.0,+18.5
2022-10-17 16:57,3,+31.4,+26.5,+23.1,+26.5,+24.2,+30.1,+18.0,+18.5,+17.0,+16.0,+18.5,+18.0,+18.5
2022-10-17 17:57,3,+31.4,+26.5,+23.1,+26.5,+24.2,+30.1,+18.0,+18.5,+17.0,+16.5,+18.5,+18.0,+18.5
2022-10-17 18:57,3,+31.5,+26.5,+23.1,+26.5,+24.2,+30.1,+18.0,+18.5,+17.0,+16.5,+18.5,+18.0,+18.5
2022-10-17 19:57,3,+31.5,+26.5,+23.1,+26.5,+24.1,+30.1,+18.0,+18.5,+17.0,+16.5,+18.5,+18.0,+18.5
2022-10-17 20:57,3,+31.5,+26.5,+23.0,+26.5,+24.2,+30.1,+18.0,+18.5,+17.0,+16.5,+18.5,+18.0,+18.5
2022-10-17 21:57,3,+31.5,+26.5,+23.0,+26.5,+24.1,+30.1,+18.0,+18.5,+17.0,+16.5,+18.5,+18.0,+18.5
2022-10-17 22:57,3,+31.5,+26.5,+23.0,+26.5,+24.1,+30.1,+17.5,+18.5,+17.0,+16.5,+18.5,+18.0,+18.5
2022-10-17 23:57,3,+31.5,+26.4,+23.0,+26.3,+24.1,+30.1,+17.5,+18.5,+17.0,+16.5,+18.5,+18.0,+18.5
2022-10-18 00:57,3,+31.5,+26.4,+23.0,+26.3,+24.1,+30.1,+17.5,+18.5,+17.0,+16.5,+18.5,+18.0,+18.5
2022-10-18 01:57,3,+31.5,+26.4,+23.0,+26.3,+24.1,+30.0,+17.5,+18.5,+17.0,+16.5,+18.5,+18.0,+18.0
2022-10-18 02:57,3,+31.5,+26.4,+23.0,+26.3,+24.1,+30.0,+17.5,+18.5,+17.0,+16.5,+18.5,+18.0,+18.5
2022-10-18 03:57,3,(Error)
2022-10-18 04:57,3,+31.4,+26.4,+22.8,+26.3,+24.1,+30.0,+17.5,+18.5,+17.0,+16.5,+18.5,+18.0,+18.5
2022-10-18 05:57,3,+31.4,+26.4,+22.8,+26.3,+24.1,+30.0,+17.5,+18.5,+17.0,+16.5,+18.5,+18.0,+18.5
2022-10-18 06:57,3,+31.4,+26.4,+22.8,+26.3,+24.1,+30.0,+17.5,+18.5,+17.0,+16.5,+18.5,+18.0,+18.5
2022-10-18 07:57,3,+31.4,+26.4,+22.8,+26.2,+24.0,+30.0,+17.0,+18.5,+17.0,+16.5,+18.5,+18.0,+18.0
2022-10-18 08:57,3,+31.3,+26.4,+22.8,+26.2,+24.0,+30.0,+17.0,+18.5,+17.0,+16.5,+18.5,+18.0,+18.5
2022-10-18 09:57,3,+31.3,+26.3,+22.8,+26.2,+24.0,+30.0,+17.0,+18.5,+17.0,+16.5,+18.5,+18.0,+18.5
2022-10-18 10:57,3,+31.2,+26.3,+22.8,+26.2,+24.0,+29.7,+17.5,+18.5,+17.0,+16.5,+18.5,+18.0,+18.5
2022-10-18 11:57,3,+31.2,+26.3,+22.8,+26.2,+24.0,+29.7,+17.5,+18.0,+17.0,+16.5,+18.5,+18.0,+18.5
2022-10-18 12:57,3,+31.2,+26.2,+22.7,+26.2,+24.0,+29.7,+17.5,+18.5,+17.0,+16.5,+18.5,+18.0,+18.5
2022-10-18 13:57,3,+31.1,+26.2,+22.7,+26.2,+24.0,+29.7,+17.5,+18.5,+17.0,+16.5,+18.5,+18.0,+18.5
2022-10-18 14:57,3,+31.1,+26.2,+22.7,+26.2,+24.0,+29.7,+17.5,+18.5,+17.0,+16.5,+18.5,+18.0,+18.5
2022-10-18 15:57,3,+31.1,+26.2,+22.7,+26.2,+24.0,+29.7,+18.0,+18.5,+17.0,+16.5,+18.5,+18.0,+18.5
2022-10-18 16:57,3,+31.1,+26.2,+22.7,+26.2,+24.0,+29.7,+18.0,+18.5,+17.0,+16.5,+18.5,+18.5,+18.5
2022-10-18 17:57,3,+31.1,+26.1,+22.7,+26.2,+23.7,+29.7,+18.0,+18.5,+17.0,+16.5,+18.5,+18.0,+18.5
2022-10-18 18:57,3,+31.1,+26.1,+22.7,+26.2,+23.7,+29.7,+18.0,+18.5,+17.0,+16.5,+18.5,+18.0,+18.5
2022-10-18 19:57,3,+31.1,+26.1,+22.7,+26.2,+23.7,+29.7,+18.0,+18.5,+17.0,+16.5,+18.5,+18.0,+18.5
2022-10-18 20:57,3,+31.1,+26.1,+22.7,+26.2,+23.7,+29.7,+18.0,+18.5,+17.0,+16.5,+18.5,+18.0,+18.5
2022-10-18 21:57,3,+31.1,+26.1,+22.7,+26.2,+23.7,+29.7,+17.5,+18.5,+17.0,+16.0,+18.5,+18.0,+18.5
2022-10-18 22:57,3,+31.1,+26.1,+22.7,+26.2,+23.7,+29.7,+17.5,+18.5,+17.0,+16.5,+18.5,+18.5,+18.5
2022-10-18 23:57,3,+31.0,+26.1,+22.7,+26.2,+23.7,+29.7,+17.5,+18.5,+17.0,+16.5,+18.5,+18.0,+18.5
2022-10-19 00:57,3,+31.0,+26.1,+22.7,+26.2,+23.7,+29.7,+17.5,+18.5,+17.0,+16.5,+18.5,+18.0,+18.5
2022-10-19 01:57,3,+31.0,+26.1,+22.7,+26.1,+23.7,+29.7,+17.5,+18.5,+17.0,+16.5,+18.5,+18.0,+18.5
2022-10-19 02:57,3,+31.0,+26.1,+22.6,+26.1,+23.7,+29.7,+17.5,+18.5,+17.0,+16.5,+18.5,+18.0,+18.5
2022-10-19 03:57,3,+31.0,+26.0,+22.6,+26.1,+23.7,+29.7,+17.0,+18.5,+17.0,+16.5,+18.5,+18.5,+18.5
2022-10-19 04:57,3,+31.0,+26.0,+22.6,+26.1,+23.7,+29.7,+17.0,+18.5,+17.0,+16.5,+18.5,+18.5,+18.5
2022-10-19 05:57,3,+30.9,+26.0,+22.6,+26.1,+23.7,+29.7,+17.0,+18.5,+17.0,+16.5,+18.5,+18.0,+18.5
2022-10-19 06:57,3,+30.9,+26.0,+22.6,+26.1,+23.7,+29.7,+17.0,+18.5,+17.0,+16.5,+18.5,+18.0,+18.5
2022-10-19 07:57,3,+30.9,+26.0,+22.6,+26.1,+23.7,+29.7,+17.0,+18.0,+17.0,+16.5,+18.5,+18.0,+18.5
2022-10-19 08:57,3,+30.8,+26.0,+22.6,+26.1,+23.7,+29.7,+17.0,+18.0,+17.0,+16.5,+18.5,+18.0,+18.5
2022-10-19 09:57,3,+30.8,+26.0,+22.6,+26.1,+23.7,+29.7,+17.0,+18.0,+17.0,+16.5,+18.5,+18.5,+18.5
2022-10-19 10:57,3,+30.7,+25.9,+22.6,+26.1,+23.7,+29.7,+17.0,+18.0,+17.0,+16.5,+18.5,+18.0,+18.5
2022-10-19 11:57,3,+30.7,+25.9,+22.5,+26.1,+23.7,+29.7,+17.0,+18.0,+17.0,+16.5,+18.5,+18.0,+18.5
2022-10-19 12:57,3,+30.6,+25.9,+22.5,+26.0,+23.7,+29.7,+17.5,+18.0,+17.0,+16.5,+18.5,+18.0,+18.5
2022-10-19 13:57,3,+30.5,+25.9,+22.5,+26.0,+23.7,+29.7,+17.5,+18.0,+17.0,+16.5,+18.5,+18.0,+18.5
2022-10-19 14:57,3,+30.4,+25.8,+22.5,+26.0,+23.7,+29.7,+17.5,+18.0,+17.0,+16.5,+18.5,+18.0,+18.5
2022-10-19 15:57,3,+30.4,+25.8,+22.5,+26.0,+23.7,+29.7,+17.5,+18.5,+17.0,+16.5,+18.5,+18.0,+18.5
2022-10-19 16:57,3,+30.3,+25.8,+22.5,+26.0,+23.7,+29.7,+17.5,+18.5,+17.0,+16.5,+18.5,+18.0,+18.5
2022-10-19 17:57,3,+30.3,+25.8,+22.5,+26.0,+23.7,+29.6,+17.5,+18.5,+17.0,+16.5,+18.5,+18.5,+18.5
2022-10-19 18:57,3,+30.3,+25.8,+22.3,+26.0,+23.7,+29.6,+17.5,+18.5,+17.0,+16.5,+18.5,+18.0,+18.5
2022-10-19 19:57,3,+30.3,+25.8,+22.3,+26.0,+23.7,+29.6,+17.5,+18.5,+17.0,+16.5,+18.5,+18.0,+18.5
2022-10-19 20:57,3,+30.3,+25.8,+22.3,+26.0,+23.7,+29.6,+17.5,+18.5,+17.0,+16.5,+18.5,+18.5,+18.5
2022-10-19 21:57,3,+30.3,+25.8,+22.3,+26.0,+23.7,+29.6,+17.5,+18.5,+17.0,+16.5,+18.5,+18.0,+18.5
2022-10-19 22:57,3,+30.3,+25.8,+22.3,+26.0,+23.7,+29.6,+17.5,+18.5,+17.0,+16.5,+18.5,+18.0,+18.5
2022-10-19 23:57,3,+30.2,+25.7,+22.3,+26.0,+23.7,+29.6,+17.5,+18.5,+17.0,+16.5,+18.5,+18.5,+18.5
2022-10-20 00:57,3,+30.2,+25.7,+22.3,+25.8,+23.7,+29.6,+17.5,+18.5,+17.0,+16.5,+18.5,+18.0,+18.5
2022-10-20 01:57,3,+30.2,+25.7,+22.3,+25.8,+23.7,+29.6,+17.5,+18.5,+17.0,+16.5,+18.5,+18.5,+18.5
2022-10-20 02:57,3,+30.2,+25.7,+22.3,+25.8,+23.7,+29.6,+17.0,+18.5,+17.0,+16.5,+18.5,+18.5,+18.5
2022-10-20 03:57,3,+30.2,+25.7,+22.3,+25.8,+23.7,+29.6,+17.0,+18.5,+17.0,+16.5,+18.5,+18.5,+18.5
2022-10-20 04:57,3,+30.1,+25.7,+22.2,+25.8,+23.7,+29.6,+17.0,+18.5,+17.0,+16.5,+18.5,+18.5,+18.5
2022-10-20 05:57,3,+30.1,+25.7,+22.2,+25.8,+23.7,+29.6,+17.0,+18.0,+17.0,+16.5,+18.5,+18.5,+18.5
2022-10-20 06:57,3,+30.1,+25.7,+22.2,+25.8,+23.7,+29.6,+17.0,+18.0,+17.0,+16.5,+18.5,+18.0,+18.5
2022-10-20 07:57,3,+30.0,+25.7,+22.2,+25.8,+23.7,+29.6,+17.0,+18.0,+17.0,+16.5,+18.5,+18.5,+18.5
2022-10-20 08:57,3,+30.0,+25.7,+22.2,+25.8,+23.6,+29.5,+17.0,+18.0,+17.0,+16.5,+18.5,+18.5,+18.5
2022-10-20 09:57,3,+29.9,+25.6,+22.2,+25.8,+23.6,+29.5,+17.0,+18.0,+17.0,+16.5,+18.5,+18.5,+18.5
2022-10-20 10:57,3,+29.8,+25.6,+22.2,+25.8,+23.6,+29.5,+17.0,+18.0,+17.0,+16.5,+18.5,+18.5,+18.5
2022-10-20 11:57,3,+29.7,+25.6,+22.2,+25.8,+23.6,+29.5,+17.5,+18.0,+17.0,+16.5,+18.5,+18.5,+18.5
2022-10-20 12:57,3,+29.6,+25.5,+22.2,+25.8,+23.6,+29.5,+17.5,+18.0,+17.0,+16.5,+18.5,+19.0,+18.5
2022-10-20 13:57,3,+29.5,+25.5,+22.2,+25.8,+23.6,+29.5,+17.5,+18.0,+17.0,+16.5,+18.5,+18.5,+18.5
2022-10-20 14:57,3,+29.4,+25.5,+22.2,+25.7,+23.6,+29.5,+17.5,+18.0,+17.0,+16.5,+18.5,+18.5,+18.5
2022-10-20 15:57,3,+29.3,+25.5,+22.2,+25.7,+23.6,+29.5,+18.0,+18.5,+17.0,+16.5,+18.5,+18.5,+18.5
2022-10-20 16:57,3,+29.3,+25.5,+22.2,+25.7,+23.6,+29.5,+17.5,+18.5,+16.5,+16.5,+18.5,+18.5,+18.5
2022-10-20 17:57,3,+29.2,+25.5,+22.2,+25.7,+23.6,+29.5,+17.5,+18.5,+17.0,+16.5,+18.5,+18.5,+18.5
2022-10-20 18:57,3,+29.2,+25.5,+22.2,+25.7,+23.6,+29.5,+17.5,+18.5,+17.0,+16.5,+18.5,+18.5,+18.5
2022-10-20 19:57,3,+29.2,+25.4,+22.2,+25.7,+23.6,+29.5,+17.5,+18.5,+17.0,+16.5,+18.5,+18.5,+18.5
2022-10-20 20:57,3,+29.2,+25.4,+22.2,+25.7,+23.6,+29.5,+17.5,+18.5,+17.0,+16.5,+18.5,+18.5,+18.5
2022-10-20 21:57,3,+30.2,+25.4,+22.2,+25.7,+23.6,+29.5,+17.5,+18.5,+17.0,+16.5,+18.5,+18.5,+18.5
2022-10-20 22:57,3,+30.5,+25.4,+22.2,+25.7,+23.6,+29.5,+17.5,+18.5,+17.0,+16.5,+18.5,+18.0,+18.5
2022-10-20 23:57,3,+30.7,+25.5,+22.2,+25.7,+23.6,+29.5,+17.5,+18.5,+17.0,+16.5,+18.5,+18.5,+18.5
2022-10-21 00:57,3,+30.8,+25.5,+22.1,+25.7,+23.6,+29.5,+17.5,+18.5,+17.0,+16.5,+18.5,+18.5,+18.5
2022-10-21 01:57,3,+30.9,+25.6,+22.1,+25.7,+23.6,+29.5,+17.5,+18.5,+17.0,+16.5,+18.5,+18.5,+18.5
2022-10-21 02:57,3,+30.9,+25.6,+22.1,+25.7,+23.6,+29.2,+17.5,+18.5,+17.0,+16.5,+18.5,+18.5,+18.5
2022-10-21 03:57,3,+30.9,+25.7,+22.1,+25.7,+23.6,+29.2,+17.5,+18.5,+17.0,+16.5,+18.5,+18.0,+18.5
2022-10-21 04:57,3,+31.0,+25.7,+22.1,+25.7,+23.6,+29.2,+17.5,+18.5,+17.0,+16.5,+18.5,+18.5,+18.5
2022-10-21 05:57,3,+31.0,+25.8,+22.1,+25.7,+23.5,+29.2,+17.5,+18.5,+17.0,+16.5,+18.5,+18.5,+18.5
2022-10-21 06:57,3,+31.0,+25.8,+22.1,+25.7,+23.6,+29.2,+17.5,+18.5,+17.0,+16.5,+18.5,+18.5,+18.5
2022-10-21 07:57,3,+31.0,+25.8,+22.2,+25.7,+23.6,+29.2,+17.5,+18.5,+17.0,+16.5,+18.5,+18.5,+18.5
2022-10-21 08:57,3,+31.0,+25.8,+22.2,+25.7,+23.6,+29.2,+17.5,+18.5,+17.0,+16.5,+18.5,+18.0,+18.5
2022-10-21 09:57,3,+30.9,+25.9,+22.2,+25.7,+23.5,+29.2,+17.5,+18.5,+17.0,+16.5,+18.5,+18.5,+18.5
2022-10-21 10:57,3,+30.9,+25.9,+22.2,+25.7,+23.5,+29.2,+17.5,+18.5,+17.0,+16.5,+18.5,+18.0,+18.5
2022-10-21 11:57,3,+30.9,+25.9,+22.2,+25.7,+23.5,+29.2,+17.5,+18.5,+17.0,+16.5,+18.5,+18.5,+18.5
2022-10-21 12:57,3,+30.8,+25.9,+22.2,+25.7,+23.5,+29.2,+18.0,+18.5,+17.0,+16.5,+18.5,+18.5,+18.5
2022-10-21 13:57,3,+30.8,+25.9,+22.2,+25.7,+23.5,+29.2,+18.0,+18.5,+17.0,+16.5,+18.5,+18.5,+18.5
2022-10-21 14:57,3,+30.8,+25.9,+22.1,+25.7,+23.5,+29.2,+18.0,+18.5,+17.0,+16.5,+18.5,+18.5,+18.5
2022-10-21 15:57,3,+30.8,+25.9,+22.1,+25.7,+23.5,+29.2,+18.0,+18.5,+17.0,+16.5,+18.5,+18.5,+18.5
2022-10-21 16:57,3,+30.8,+25.9,+22.2,+25.7,+23.5,+29.2,+18.0,+18.5,+17.0,+16.5,+18.5,+18.5,+18.5
2022-10-21 17:57,3,+30.8,+25.9,+22.2,+25.7,+23.5,+29.2,+18.0,+18.5,+17.0,+16.5,+18.5,+18.5,+18.5
2022-10-21 18:57,3,+30.8,+25.9,+22.2,+25.7,+23.5,+29.2,+18.0,+18.5,+17.0,+16.5,+18.5,+18.5,+18.5
2022-10-21 19:57,3,+30.9,+25.9,+22.2,+25.7,+23.5,+29.2,+18.0,+18.5,+17.0,+16.5,+18.5,+18.5,+18.5
2022-10-21 20:57,3,+39.6,+33.6,+29.5,+28.6,+23.5,+29.2,+17.5,+18.5,+16.5,+16.0,+18.5,+18.5,+18.5
2022-10-21 21:57,3,+33.3,+29.0,+25.7,+28.6,+25.2,+29.6,+17.5,+18.5,+17.0,+16.0,+18.5,+18.5,+18.5
2022-10-21 22:57,3,+32.7,+28.3,+25.0,+28.1,+25.6,+30.5,+17.5,+18.5,+17.0,+16.5,+18.5,+18.5,+18.5
2022-10-21 23:57,3,+32.4,+27.9,+24.5,+27.7,+25.5,+31.1,+17.5,+18.5,+17.0,+16.5,+18.5,+18.5,+18.5
2022-10-22 00:57,3,+32.2,+27.7,+24.2,+27.7,+25.2,+31.2,+17.5,+18.5,+17.0,+16.5,+18.5,+18.5,+18.5
2022-10-22 01:57,3,+32.1,+27.5,+24.1,+27.5,+25.2,+31.2,+17.5,+18.5,+17.0,+16.5,+18.5,+18.5,+18.5
2022-10-22 02:57,3,+32.0,+27.4,+24.0,+27.3,+25.2,+31.2,+17.5,+18.5,+17.0,+16.5,+18.5,+18.5,+18.5
2022-10-22 03:57,3,+31.9,+27.3,+23.8,+27.2,+25.1,+31.2,+17.5,+18.5,+17.0,+16.5,+18.5,+18.0,+18.5
2022-10-22 04:57,3,+31.9,+27.3,+23.7,+27.2,+25.1,+31.2,+17.0,+18.5,+17.0,+16.5,+18.5,+18.5,+18.5
2022-10-22 05:57,3,+31.8,+27.2,+23.7,+27.2,+25.0,+31.2,+17.0,+18.5,+17.0,+16.5,+18.5,+18.5,+18.5
2022-10-22 06:57,3,+31.7,+27.1,+23.7,+27.1,+25.0,+31.2,+17.0,+18.5,+17.0,+16.5,+18.5,+18.5,+18.5
2022-10-22 07:57,3,+31.7,+27.1,+23.6,+27.1,+25.0,+31.2,+17.0,+18.5,+17.0,+16.5,+18.5,+18.5,+18.5
2022-10-22 08:57,3,+31.6,+27.0,+23.6,+27.1,+24.7,+31.1,+17.0,+18.0,+17.0,+16.5,+18.5,+18.5,+18.5
2022-10-22 09:57,3,+31.6,+27.0,+23.5,+27.0,+24.7,+31.0,+17.0,+18.0,+17.0,+16.5,+18.5,+18.5,+18.5
2022-10-22 10:57,3,+31.5,+26.9,+23.5,+27.0,+24.7,+31.0,+17.5,+18.0,+17.0,+16.5,+18.5,+18.5,+18.5
2022-10-22 11:57,3,+31.4,+26.9,+23.3,+26.8,+24.7,+30.7,+17.5,+18.0,+17.0,+16.5,+18.5,+18.5,+18.5
2022-10-22 12:57,3,+31.4,+26.8,+23.3,+26.8,+24.7,+30.7,+17.5,+18.0,+17.0,+16.5,+18.5,+18.5,+18.5
2022-10-22 13:57,3,+31.3,+26.8,+23.3,+26.7,+24.7,+30.7,+17.5,+18.0,+17.0,+16.5,+18.5,+18.5,+18.5
2022-10-22 14:57,3,+31.3,+26.7,+23.2,+26.7,+24.6,+30.7,+18.0,+18.5,+17.0,+16.5,+18.5,+18.5,+18.5
2022-10-22 15:57,3,+31.2,+26.6,+23.2,+26.7,+24.6,+30.7,+18.0,+18.5,+17.0,+16.5,+18.5,+18.5,+18.5
2022-10-22 16:57,3,+31.2,+26.6,+23.2,+26.7,+24.6,+30.7,+18.0,+18.5,+17.0,+16.5,+18.5,+18.5,+18.5
2022-10-22 17:57,3,+31.2,+26.5,+23.2,+26.7,+24.6,+30.7,+18.0,+18.5,+17.0,+16.5,+18.5,+18.5,+18.5
2022-10-22 18:57,3,+31.2,+26.5,+23.1,+26.7,+24.5,+30.7,+18.0,+18.5,+17.0,+16.5,+18.5,+18.5,+18.5
2022-10-22 19:57,3,+31.2,+26.5,+23.1,+26.6,+24.5,+30.6,+18.0,+18.5,+17.0,+16.5,+18.5,+18.5,+18.5
2022-10-22 20:57,3,+31.2,+26.5,+23.1,+26.6,+24.5,+30.6,+18.0,+18.5,+17.0,+16.5,+18.5,+18.5,+18.5
2022-10-22 21:57,3,+31.2,+26.5,+23.1,+26.6,+24.2,+30.6,+18.0,+18.5,+17.0,+16.5,+18.5,+18.5,+18.5
2022-10-22 22:57,3,+31.2,+26.5,+23.0,+26.6,+24.2,+30.6,+17.5,+18.5,+17.0,+16.5,+18.5,+18.5,+18.5
2022-10-22 23:57,3,+31.2,+26.5,+23.0,+26.5,+24.2,+30.5,+17.5,+18.5,+17.0,+16.5,+18.5,+18.5,+18.5
2022-10-23 00:57,3,+31.1,+26.5,+23.0,+26.5,+24.2,+30.5,+17.5,+18.5,+17.0,+16.5,+18.5,+18.5,+18.5
2022-10-23 01:57,3,+31.1,+26.5,+23.0,+26.5,+24.2,+30.5,+17.5,+18.5,+17.0,+16.5,+18.5,+18.5,+18.5
2022-10-23 02:57,3,(Error)
2022-10-23 03:57,3,+31.1,+26.4,+23.0,+26.5,+24.2,+30.2,+17.5,+18.5,+17.0,+16.5,+18.5,+18.5,+18.5
2022-10-23 04:57,3,+31.1,+26.4,+23.0,+26.5,+24.2,+30.2,+17.5,+18.5,+17.0,+16.5,+18.5,+18.5,+18.5
2022-10-23 05:57,3,+31.1,+26.4,+23.0,+26.3,+24.2,+30.2,+17.5,+18.5,+17.0,+16.5,+18.5,+18.5,+18.5
2022-10-23 06:57,3,+31.1,+26.4,+22.8,+26.3,+24.2,+30.2,+17.5,+18.5,+17.0,+16.5,+18.5,+18.5,+18.5
2022-10-23 07:57,3,+31.2,+26.4,+22.8,+26.3,+24.2,+30.2,+17.5,+18.5,+17.0,+16.5,+18.5,+18.5,+18.5
2022-10-23 08:57,3,+31.2,+26.4,+22.8,+26.3,+24.2,+30.2,+17.5,+18.5,+17.0,+16.5,+18.5,+18.5,+18.5
2022-10-23 09:57,3,+31.2,+26.4,+22.8,+26.3,+24.2,+30.2,+17.5,+18.5,+17.0,+16.5,+18.5,+18.5,+18.5
2022-10-23 10:57,3,+31.1,+26.4,+22.8,+26.3,+24.2,+30.2,+17.5,+18.5,+17.0,+16.5,+18.5,+18.5,+18.5
2022-10-23 11:57,3,+31.0,+26.3,+22.8,+26.3,+24.2,+30.2,+17.5,+18.5,+17.0,+16.5,+18.5,+18.5,+18.5
2022-10-23 12:57,3,+31.0,+26.3,+22.8,+26.2,+24.2,+30.2,+17.5,+18.5,+17.0,+16.5,+18.5,+18.5,+18.5
2022-10-23 13:57,3,+30.9,+26.3,+22.7,+26.2,+24.1,+30.2,+17.5,+18.5,+17.0,+16.5,+18.5,+18.5,+18.5
2022-10-23 14:57,3,+30.9,+26.3,+22.7,+26.2,+24.2,+30.2,+18.0,+18.5,+17.0,+16.5,+18.5,+18.5,+18.5
2022-10-23 15:57,3,+30.9,+26.2,+22.7,+26.2,+24.1,+30.2,+18.0,+18.5,+17.0,+16.5,+18.5,+18.5,+18.5
2022-10-23 16:57,3,+31.0,+26.2,+22.7,+26.2,+24.1,+30.2,+18.0,+18.5,+17.0,+16.5,+18.5,+18.5,+18.5
2022-10-23 17:57,3,+30.9,+26.2,+22.7,+26.2,+24.1,+30.1,+18.0,+18.5,+17.0,+16.5,+18.5,+18.5,+18.5
2022-10-23 18:57,3,+30.9,+26.2,+22.7,+26.2,+24.1,+30.1,+18.0,+18.5,+17.0,+16.5,+18.5,+18.5,+18.5
2022-10-23 19:57,3,+30.9,+26.2,+22.7,+26.2,+24.1,+30.1,+18.0,+18.5,+17.0,+16.5,+18.5,+18.5,+18.5
2022-10-23 20:57,3,+30.9,+26.2,+22.7,+26.2,+24.1,+30.1,+17.5,+18.5,+17.0,+16.5,+18.5,+18.5,+18.5
2022-10-23 21:57,3,+30.9,+26.2,+22.7,+26.2,+24.0,+30.1,+17.5,+18.5,+17.0,+16.5,+18.5,+18.5,+18.5
2022-10-23 22:57,3,+30.9,+26.7,+22.7,+26.2,+24.1,+30.1,+17.5,+18.5,+17.0,+16.5,+18.5,+18.5,+18.5
2022-10-23 23:57,3,+30.9,+26.8,+22.7,+26.2,+24.0,+30.0,+17.5,+18.5,+17.0,+16.5,+18.5,+18.5,+18.5
2022-10-24 00:57,3,+30.9,+26.9,+22.7,+26.2,+24.0,+30.0,+17.5,+18.5,+17.0,+16.5,+18.5,+18.5,+18.5
2022-10-24 01:57,3,+30.9,+26.9,+22.7,+26.2,+24.0,+30.0,+17.5,+18.5,+17.0,+16.5,+18.5,+18.5,+18.5
2022-10-24 02:57,3,+30.9,+26.8,+22.7,+26.2,+24.0,+30.0,+17.5,+18.5,+17.0,+16.5,+18.5,+18.5,+18.5
2022-10-24 03:57,3,+30.9,+26.3,+22.7,+26.2,+24.0,+30.0,+17.5,+18.5,+17.0,+16.5,+18.5,+18.5,+18.5
2022-10-24 04:57,3,+30.9,+26.3,+22.7,+26.2,+24.0,+30.0,+17.0,+18.5,+17.0,+16.5,+18.5,+18.5,+18.5
2022-10-24 05:57,3,+30.8,+26.3,+22.7,+26.1,+24.0,+30.0,+17.0,+18.5,+17.0,+16.5,+18.5,+18.5,+18.5
2022-10-24 06:57,3,+30.8,+26.3,+22.6,+26.1,+24.0,+30.0,+17.0,+18.5,+17.0,+16.5,+18.5,+18.5,+18.5
2022-10-24 07:57,3,+30.8,+26.2,+22.6,+26.1,+24.0,+30.0,+17.0,+18.5,+17.0,+16.5,+18.5,+18.5,+18.5
2022-10-24 08:57,3,+30.8,+26.3,+22.6,+26.1,+24.0,+29.7,+17.5,+18.5,+17.0,+16.5,+18.5,+18.5,+18.5
2022-10-24 09:57,3,+30.8,+26.2,+22.6,+26.1,+23.7,+29.7,+17.0,+18.5,+17.0,+16.5,+18.5,+18.5,+18.5
2022-10-24 10:57,3,+30.7,+26.2,+22.6,+26.1,+23.7,+29.7,+17.5,+18.5,+17.0,+16.5,+18.5,+18.5,+18.5
2022-10-24 11:57,3,+30.7,+26.1,+22.6,+26.1,+23.7,+29.7,+17.5,+18.5,+17.0,+16.5,+18.5,+18.5,+18.5
2022-10-24 12:57,3,+30.6,+26.1,+22.6,+26.1,+23.7,+29.7,+17.5,+18.5,+17.0,+16.5,+18.5,+18.5,+18.5
2022-10-24 13:57,3,+30.6,+26.1,+22.6,+26.1,+23.7,+29.7,+17.5,+18.5,+17.0,+16.5,+18.5,+18.5,+18.5
2022-10-24 14:57,3,+30.5,+26.1,+22.6,+26.1,+23.7,+29.7,+18.0,+18.5,+17.0,+16.5,+18.5,+18.5,+18.5
2022-10-24 15:57,3,+30.7,+26.1,+22.6,+26.0,+23.7,+29.7,+17.5,+18.5,+17.0,+16.5,+18.5,+18.5,+18.5
2022-10-24 16:57,3,+30.8,+26.1,+22.6,+26.0,+23.7,+29.7,+17.5,+18.5,+17.0,+16.5,+18.5,+18.5,+18.5
2022-10-24 17:57,3,+30.8,+26.1,+22.6,+26.0,+23.7,+29.7,+17.5,+18.5,+17.0,+16.5,+18.5,+18.5,+18.5
2022-10-24 18:57,3,+30.9,+26.1,+22.6,+26.0,+23.7,+29.7,+17.5,+18.5,+17.0,+16.5,+18.5,+18.5,+18.5
2022-10-24 19:57,3,+30.9,+26.1,+22.6,+26.0,+23.7,+29.7,+17.5,+18.5,+17.0,+16.5,+18.5,+18.5,+18.5
2022-10-24 20:57,3,+30.9,+26.1,+22.5,+26.0,+23.7,+29.7,+17.5,+18.5,+17.0,+16.5,+18.5,+18.5,+18.5
2022-10-24 21:57,3,+30.9,+26.1,+22.6,+26.0,+23.7,+29.7,+17.5,+18.5,+17.0,+16.5,+18.5,+18.5,+18.5
2022-10-24 22:57,3,+30.9,+26.1,+22.5,+26.0,+23.7,+29.7,+17.5,+18.5,+17.0,+16.5,+18.5,+18.5,+18.5
2022-10-24 23:57,3,+30.9,+26.1,+22.5,+26.0,+23.7,+29.7,+17.5,+18.5,+17.0,+16.5,+18.5,+18.5,+18.5
2022-10-25 00:57,3,+30.9,+26.1,+22.5,+26.0,+23.7,+29.7,+17.5,+18.5,+17.0,+16.5,+18.5,+18.5,+18.5
2022-10-25 01:57,3,+30.9,+26.1,+22.5,+26.0,+23.7,+29.7,+17.5,+18.5,+17.0,+16.5,+18.5,+18.5,+18.5
2022-10-25 02:57,3,+30.9,+26.1,+22.5,+26.0,+23.7,+29.7,+17.5,+18.5,+17.0,+16.5,+18.5,+18.5,+18.5
2022-10-25 03:57,3,+30.9,+26.1,+22.5,+25.8,+23.7,+29.7,+17.5,+18.5,+17.0,+16.5,+18.5,+18.5,+18.5
2022-10-25 04:57,3,+30.9,+26.1,+22.5,+25.8,+23.7,+29.7,+17.5,+18.5,+17.0,+16.5,+18.5,+18.5,+18.5
2022-10-25 05:57,3,+31.4,+26.1,+22.5,+25.8,+23.7,+29.7,+17.5,+18.5,+17.0,+16.5,+18.5,+19.0,+18.5
2022-10-25 06:57,3,+31.4,+26.1,+22.5,+25.8,+23.7,+29.7,+17.5,+18.5,+17.0,+16.5,+18.5,+18.5,+18.5
2022-10-25 07:57,3,+31.1,+26.1,+22.5,+25.8,+23.7,+29.7,+17.0,+18.5,+17.0,+16.5,+18.5,+19.0,+18.5
2022-10-25 08:57,3,+31.3,+26.1,+22.5,+25.8,+23.7,+29.7,+17.5,+18.5,+17.0,+16.5,+18.5,+18.5,+18.5
2022-10-25 09:57,3,+31.2,+26.1,+22.5,+25.8,+23.7,+29.7,+17.5,+18.5,+17.0,+16.5,+18.5,+18.5,+18.5
2022-10-25 10:57,3,+30.9,+26.1,+22.5,+25.8,+23.7,+29.7,+17.5,+18.5,+17.0,+16.5,+18.5,+18.5,+18.5
2022-10-25 11:57,3,+30.9,+26.1,+22.5,+25.8,+23.7,+29.7,+17.5,+18.5,+17.0,+16.5,+18.5,+18.5,+18.5
2022-10-25 12:57,3,+30.9,+26.2,+22.5,+25.8,+23.7,+29.7,+17.5,+18.5,+17.0,+16.5,+18.5,+18.5,+18.5
2022-10-25 13:57,3,+31.1,+26.1,+22.5,+25.8,+23.7,+29.7,+17.5,+18.5,+17.0,+16.5,+18.5,+18.5,+18.5
2022-10-25 14:57,3,+31.3,+26.1,+22.3,+25.8,+23.7,+29.7,+18.0,+18.5,+17.0,+16.5,+18.5,+18.5,+18.5
2022-10-25 15:57,3,+31.4,+26.1,+22.3,+25.8,+23.7,+29.7,+18.0,+18.5,+17.0,+16.5,+18.5,+18.5,+18.5
2022-10-25 16:57,3,+31.4,+26.1,+22.3,+25.7,+23.7,+29.6,+18.0,+18.5,+17.0,+16.5,+18.5,+18.5,+18.5
2022-10-25 17:57,3,+31.4,+26.0,+22.3,+25.7,+23.7,+29.6,+18.0,+18.5,+17.0,+16.5,+18.5,+18.5,+18.5
2022-10-25 18:57,3,+31.4,+26.0,+22.3,+25.7,+23.7,+29.6,+18.0,+18.5,+17.0,+16.5,+18.5,+18.5,+18.5
2022-10-25 19:57,3,+31.4,+26.0,+22.3,+25.7,+23.7,+29.6,+18.0,+18.5,+17.0,+16.5,+18.5,+18.5,+18.5
2022-10-25 20:57,3,+31.4,+25.9,+22.3,+25.7,+23.7,+29.6,+18.0,+18.5,+17.0,+16.5,+18.5,+18.5,+18.5
2022-10-25 21:57,3,+31.4,+25.9,+22.3,+25.7,+23.7,+29.6,+18.0,+18.5,+17.0,+16.5,+18.5,+18.5,+18.5
2022-10-25 22:57,3,+31.4,+25.9,+22.3,+25.7,+23.7,+29.6,+18.0,+18.5,+17.0,+16.5,+18.5,+18.5,+18.5
2022-10-25 23:57,3,+31.4,+25.9,+22.3,+25.7,+23.7,+29.6,+18.0,+18.5,+17.0,+16.5,+18.5,+18.5,+18.5
2022-10-26 00:57,3,+31.4,+25.9,+22.3,+25.7,+23.7,+29.6,+18.0,+18.5,+17.0,+16.5,+18.5,+18.5,+18.5
2022-10-26 01:57,3,+31.4,+25.9,+22.3,+25.7,+23.7,+29.6,+18.0,+18.5,+17.0,+16.5,+18.5,+18.5,+18.5
2022-10-26 02:57,3,+31.4,+25.9,+22.3,+25.7,+23.7,+29.6,+17.5,+18.5,+17.0,+16.5,+18.5,+18.5,+18.5
2022-10-26 03:57,3,+31.4,+25.9,+22.3,+25.7,+23.7,+29.6,+17.5,+18.5,+17.0,+16.5,+18.5,+18.5,+18.5
2022-10-26 04:57,3,+31.3,+25.9,+22.3,+25.7,+23.7,+29.6,+17.5,+18.5,+17.0,+16.5,+18.5,+18.5,+18.5
2022-10-26 05:57,3,+31.3,+25.9,+22.3,+25.7,+23.7,+29.6,+17.5,+18.5,+17.0,+16.5,+18.5,+18.5,+18.5
2022-10-26 06:57,3,+31.3,+25.9,+22.3,+25.7,+23.7,+29.6,+17.5,+18.5,+17.0,+16.5,+18.5,+18.5,+18.5
2022-10-26 07:57,3,+31.3,+25.9,+22.3,+25.7,+23.6,+29.6,+17.5,+18.5,+17.0,+16.5,+18.5,+18.5,+18.5
2022-10-26 08:57,3,+31.3,+25.9,+22.3,+25.7,+23.7,+29.6,+17.5,+18.5,+17.0,+16.5,+18.5,+18.5,+18.5
2022-10-26 09:57,3,+31.3,+25.9,+22.2,+25.7,+23.7,+29.5,+17.5,+18.5,+17.0,+16.5,+18.5,+18.5,+18.5
2022-10-26 10:57,3,+31.2,+25.9,+22.2,+25.7,+23.6,+29.5,+17.5,+18.5,+17.0,+16.5,+18.5,+18.5,+18.5
2022-10-26 11:57,3,+31.2,+25.9,+22.2,+25.7,+23.6,+29.5,+17.5,+18.5,+17.0,+16.5,+18.5,+18.5,+18.5