
2023-01-10 11:00,1,+31.0,+20.7,+9.1,+4.1,+29.1,+39.0,+16.5,+16.5,+17.0,+16.5,+17.0,+17.0,+17.0
2023-01-10 12:00,1,+31.0,+20.7,+9.1,+4.1,+29.1,+39.0,+16.5,+16.5,+16.5,+16.5,+17.0,+17.5,+17.0
2023-01-10 13:00,1,+30.9,+20.6,+9.1,+4.1,+29.1,+39.0,+16.5,+16.5,+16.5,+16.5,+17.0,+17.0,+17.0
2023-01-10 14:00,1,+30.8,+20.6,+9.1,+4.1,+29.1,+39.0,+16.5,+16.5,+16.5,+16.5,+17.0,+17.0,+17.0
2023-01-10 15:00,1,+30.8,+20.6,+9.1,+4.1,+29.1,+39.0,+16.5,+16.5,+16.5,+16.5,+17.0,+17.0,+17.0
2023-01-10 16:00,1,+30.8,+20.5,+9.1,+4.1,+29.1,+39.0,+17.0,+16.5,+16.5,+16.5,+17.0,+17.0,+17.0
2023-01-10 17:00,1,+30.8,+20.5,+9.1,+4.1,+29.1,+39.0,+17.0,+16.5,+16.5,+16.5,+17.0,+17.0,+17.0
2023-01-10 18:00,1,+30.8,+20.5,+9.1,+4.1,+29.1,+39.0,+17.0,+16.5,+16.5,+16.5,+17.0,+17.0,+17.0
2023-01-10 19:00,1,+30.8,+20.5,+9.1,+4.1,+29.1,+39.0,+17.0,+16.5,+16.5,+16.5,+17.0,+17.5,+17.0
2023-01-10 20:00,1,+30.8,+20.5,+9.1,+4.1,+29.1,+39.0,+17.0,+16.5,+16.5,+16.5,+17.0,+17.0,+17.0
2023-01-10 21:00,1,+30.8,+20.5,+9.1,+4.1,+29.1,+39.0,+17.0,+16.5,+16.5,+16.5,+17.0,+17.0,+17.0
2023-01-10 22:00,1,+30.7,+20.5,+9.1,+4.1,+29.1,+39.0,+16.5,+16.5,+16.5,+16.5,+17.0,+17.0,+17.0
2023-01-10 23:00,1,+30.7,+20.5,+9.1,+4.1,+29.1,+39.0,+16.5,+16.5,+16.5,+16.5,+17.0,+17.0,+17.0
2023-01-11 00:00,1,+30.7,+20.6,+9.1,+4.1,+29.1,+39.0,+16.5,+16.5,+16.5,+16.5,+17.0,+17.0,+17.0
2023-01-11 01:00,1,+30.7,+20.5,+9.1,+4.1,+29.1,+39.0,+16.5,+16.5,+16.5,+16.5,+17.0,+17.5,+17.0
2023-01-11 02:00,1,+30.7,+20.5,+9.1,+4.1,+29.1,+39.0,+16.5,+16.5,+16.5,+16.5,+17.0,+17.0,+17.0
2023-01-11 03:00,1,+30.7,+20.5,+9.1,+4.1,+29.1,+39.0,+16.5,+16.5,+16.5,+16.5,+17.0,+17.0,+17.0
2023-01-11 04:00,1,+30.7,+20.5,+9.1,+4.1,+29.1,+39.0,+16.5,+16.5,+16.5,+16.5,+17.0,+17.0,+17.0
2023-01-11 05:00,1,+30.6,+20.5,+9.1,+4.1,+29.1,+39.0,+16.5,+16.5,+16.5,+16.5,+17.0,+17.0,+17.0
2023-01-11 06:00,1,+30.6,+20.5,+9.1,+4.1,+29.1,+39.0,+16.0,+16.5,+16.5,+16.5,+17.0,+17.0,+17.0
2023-01-11 07:00,1,+30.6,+20.5,+9.1,+4.1,+29.1,+39.0,+16.0,+16.5,+16.5,+16.5,+17.0,+17.5,+17.0
2023-01-11 08:00,1,+30.6,+20.5,+9.1,+4.1,+29.1,+39.0,+16.0,+16.5,+16.5,+16.5,+17.0,+17.5,+17.0
2023-01-11 09:00,1,+30.6,+20.5,+9.1,+4.1,+29.1,+39.0,+16.0,+16.5,+16.5,+16.5,+17.0,+17.0,+17.0
2023-01-11 10:00,1,+30.5,+20.5,+9.1,+4.1,+29.1,+39.0,+16.5,+16.5,+16.5,+16.5,+17.0,+17.0,+17.0
2023-01-11 11:00,1,+30.5,+20.5,+9.1,+4.1,+29.1,+39.0,+16.5,+16.5,+16.5,+16.5,+17.0,+17.5,+17.0
2023-01-11 12:00,1,+30.5,+20.4,+9.1,+4.1,+29.1,+39.0,+16.5,+16.5,+16.5,+16.5,+17.0,+17.5,+17.0
2023-01-11 13:00,1,+30.4,+20.4,+9.1,+4.1,+29.1,+39.0,+16.5,+16.5,+16.5,+16.5,+17.0,+17.0,+17.0
2023-01-11 14:00,1,+30.4,+20.4,+9.1,+4.1,+29.1,+39.0,+16.5,+16.5,+16.5,+16.5,+17.0,+17.0,+17.0
2023-01-11 15:00,1,+30.3,+20.3,+9.1,+4.1,+29.1,+39.0,+16.5,+16.5,+16.5,+16.5,+17.0,+17.0,+17.0
2023-01-11 16:00,1,+30.3,+20.3,+9.1,+4.1,+29.1,+39.0,+17.0,+16.5,+16.5,+16.5,+17.0,+17.5,+17.0
2023-01-11 17:00,1,+30.3,+20.3,+9.1,+4.1,+29.1,+39.0,+17.0,+16.5,+16.5,+16.5,+17.0,+17.5,+17.0
2023-01-11 18:00,1,+30.3,+20.3,+9.1,+4.1,+29.1,+39.0,+17.0,+16.5,+16.5,+16.5,+17.0,+17.5,+17.0
2023-01-11 19:00,1,+30.3,+20.3,+9.1,+4.1,+29.1,+38.9,+17.0,+16.5,+16.5,+16.5,+17.0,+17.5,+17.0
2023-01-11 20:00,1,+30.3,+20.3,+9.1,+4.1,+29.1,+38.9,+16.5,+16.5,+16.5,+16.5,+17.0,+17.0,+17.0
2023-01-11 21:00,1,+30.3,+20.3,+9.1,+4.1,+29.1,+38.9,+16.5,+16.5,+16.5,+16.5,+17.0,+17.0,+17.0
2023-01-11 22:00,1,+30.3,+20.4,+9.1,+4.1,+29.1,+38.9,+16.5,+16.5,+16.5,+16.5,+17.0,+17.0,+17.0
2023-01-11 23:00,1,+30.3,+20.4,+9.1,+4.1,+29.1,+38.9,+16.5,+16.5,+16.5,+16.5,+17.0,+17.5,+17.0
2023-01-12 00:00,1,+30.3,+20.4,+9.1,+4.1,+29.1,+38.9,+16.5,+16.5,+16.5,+16.5,+17.0,+17.5,+17.0
2023-01-12 01:00,1,+30.3,+20.4,+9.1,+4.1,+29.1,+38.9,+16.5,+16.5,+16.5,+16.5,+17.0,+17.0,+17.0
2023-01-12 02:00,1,+30.3,+20.4,+9.1,+4.1,+29.1,+38.9,+16.5,+16.5,+16.5,+16.5,+17.0,+17.0,+17.0
2023-01-12 03:00,1,+30.3,+20.4,+9.1,+4.1,+29.1,+38.9,+16.5,+16.5,+16.5,+16.5,+17.0,+17.0,+17.0
2023-01-12 04:00,1,+30.3,+20.4,+9.1,+4.1,+29.1,+38.9,+16.5,+16.5,+16.5,+16.5,+17.0,+17.0,+17.0
2023-01-12 05:00,1,+30.3,+20.4,+9.1,+4.1,+29.1,+38.9,+16.5,+16.5,+16.5,+16.5,+17.0,+17.0,+17.0
2023-01-12 06:00,1,+30.3,+20.4,+9.1,+4.1,+29.1,+38.9,+16.5,+16.5,+16.5,+16.5,+17.0,+17.0,+17.0
2023-01-12 07:00,1,+30.3,+20.4,+9.1,+4.1,+29.1,+38.9,+16.5,+16.5,+16.5,+16.5,+17.0,+17.0,+17.0
2023-01-12 08:00,1,+30.3,+20.4,+9.1,+4.1,+29.1,+38.9,+16.5,+16.5,+16.5,+16.5,+17.0,+17.0,+17.0
2023-01-12 09:00,1,+30.3,+20.4,+9.1,+4.1,+29.1,+38.9,+16.5,+16.5,+16.5,+16.5,+17.0,+17.0,+17.0
2023-01-12 10:00,1,+30.3,+20.4,+9.1,+4.1,+29.1,+38.9,+16.5,+16.5,+16.5,+16.5,+17.0,+17.5,+17.0
2023-01-12 11:00,1,+30.3,+20.3,+9.1,+4.1,+29.1,+38.9,+16.5,+16.5,+16.5,+16.5,+17.0,+17.0,+17.0
2023-01-12 12:00,1,+30.3,+20.3,+9.1,+4.1,+29.1,+38.9,+16.5,+16.5,+16.5,+16.5,+17.0,+17.0,+17.0
2023-01-12 13:00,1,+30.2,+20.3,+9.1,+4.1,+29.1,+38.9,+17.0,+16.5,+16.5,+16.5,+17.0,+17.0,+17.0
2023-01-12 14:00,1,+30.2,+20.2,+9.1,+4.1,+29.1,+38.9,+17.0,+16.5,+16.5,+16.5,+17.0,+17.0,+17.0
2023-01-12 15:00,1,+30.1,+20.2,+9.0,+4.1,+29.1,+38.9,+17.0,+16.5,+16.5,+16.5,+17.0,+17.0,+17.0
2023-01-12 16:00,1,+30.1,+20.2,+9.0,+4.1,+29.1,+38.9,+17.0,+16.5,+16.5,+16.5,+17.0,+17.5,+17.0
2023-01-12 17:00,1,+30.1,+20.1,+9.0,+4.1,+29.1,+38.9,+17.0,+16.5,+16.5,+16.5,+17.0,+17.0,+17.0
2023-01-12 18:00,1,+30.1,+20.1,+9.0,+4.1,+29.1,+38.9,+17.0,+16.5,+16.5,+16.5,+17.0,+17.0,+17.0
2023-01-12 19:00,1,+30.1,+20.1,+9.0,+4.1,+29.1,+38.9,+17.0,+16.5,+16.5,+16.5,+17.0,+17.0,+17.0
2023-01-12 20:00,1,+30.1,+20.2,+9.0,+4.1,+29.1,+38.9,+17.0,+16.5,+16.5,+16.5,+17.0,+17.0,+17.0
2023-01-12 21:00,1,+30.1,+20.2,+9.0,+4.1,+29.1,+38.7,+17.0,+16.5,+16.5,+16.5,+17.0,+17.5,+17.0
2023-01-12 22:00,1,+30.1,+20.2,+9.0,+4.1,+29.1,+38.7,+17.0,+16.5,+16.5,+16.5,+17.0,+17.0,+17.0
2023-01-12 23:00,1,+30.1,+20.2,+9.0,+4.1,+29.1,+38.7,+17.0,+16.5,+16.5,+16.5,+17.0,+17.0,+17.0
2023-01-13 00:00,1,+30.0,+20.2,+9.0,+4.1,+29.1,+38.7,+17.0,+16.5,+16.5,+16.5,+17.0,+17.0,+17.0
2023-01-13 01:00,1,+30.0,+20.2,+9.0,+4.1,+29.1,+38.7,+17.0,+16.5,+16.5,+16.5,+17.0,+17.0,+17.0
2023-01-13 02:00,1,+30.0,+20.2,+9.0,+4.1,+29.1,+38.7,+16.5,+16.5,+16.5,+16.5,+17.0,+17.0,+17.0
2023-01-13 03:00,1,+30.0,+20.2,+9.0,+4.1,+29.1,+38.7,+16.5,+16.5,+16.5,+16.5,+17.0,+17.0,+17.0
2023-01-13 04:00,1,+30.0,+20.2,+9.0,+4.1,+29.1,+38.7,+16.5,+16.5,+16.5,+16.5,+17.0,+17.0,+17.0
2023-01-13 05:00,1,+30.0,+20.2,+9.0,+4.1,+29.1,+38.7,+16.5,+16.5,+17.0,+16.5,+17.0,+17.0,+17.0
2023-01-13 06:00,1,+30.0,+20.2,+9.0,+4.1,+29.1,+38.7,+16.5,+16.5,+16.5,+16.5,+17.0,+17.5,+17.0
2023-01-13 07:00,1,+30.0,+20.2,+9.0,+4.1,+29.1,+38.7,+16.5,+16.5,+16.5,+16.5,+17.0,+17.0,+17.0
2023-01-13 08:00,1,+29.9,+20.2,+9.0,+4.1,+29.1,+38.7,+16.5,+16.5,+16.5,+16.5,+17.0,+17.0,+17.0
2023-01-13 09:00,1,+29.9,+20.2,+9.0,+4.1,+29.1,+38.7,+16.5,+16.5,+16.5,+16.5,+17.0,+17.0,+17.0
2023-01-13 10:00,1,+29.9,+20.2,+9.0,+4.1,+29.1,+38.7,+16.5,+16.5,+16.5,+16.5,+17.0,+17.0,+17.0
2023-01-13 11:00,1,+29.8,+20.1,+9.0,+4.1,+29.1,+38.7,+16.5,+16.5,+16.5,+16.5,+17.0,+17.0,+17.0
2023-01-13 12:00,1,+29.8,+20.1,+9.0,+4.1,+29.1,+38.7,+16.5,+16.5,+16.5,+16.5,+17.0,+17.0,+17.0
2023-01-13 13:00,1,+29.7,+20.1,+9.0,+4.1,+29.1,+38.7,+16.5,+16.5,+16.5,+16.5,+17.0,+17.0,+17.0
2023-01-13 14:00,1,+29.7,+20.0,+9.0,+4.1,+29.1,+38.7,+16.5,+16.5,+16.5,+16.5,+17.0,+17.5,+17.0
2023-01-13 15:00,1,+29.7,+20.0,+9.0,+4.1,+29.1,+38.7,+17.0,+16.5,+16.5,+16.5,+17.0,+17.0,+17.0
2023-01-13 16:00,1,+29.7,+20.0,+9.0,+4.1,+29.1,+38.7,+17.0,+16.5,+16.5,+16.5,+17.0,+17.0,+17.0
2023-01-13 17:00,1,+29.6,+20.0,+9.0,+4.1,+29.1,+38.7,+17.0,+16.5,+16.5,+16.5,+17.0,+17.0,+17.0
2023-01-13 18:00,1,+29.6,+20.0,+9.0,+4.1,+29.1,+38.7,+17.0,+16.5,+16.5,+16.5,+17.0,+17.0,+17.0
2023-01-13 19:00,1,+29.6,+20.0,+9.0,+4.1,+29.1,+38.7,+16.5,+16.5,+16.5,+16.5,+17.0,+17.0,+17.0
2023-01-13 20:00,1,+29.6,+20.0,+9.0,+4.1,+29.1,+38.7,+16.5,+16.5,+16.5,+16.5,+17.0,+17.0,+17.0
2023-01-13 21:00,1,+29.6,+20.0,+9.0,+4.1,+29.1,+38.7,+16.5,+16.5,+16.5,+16.5,+17.0,+17.0,+17.0
2023-01-13 22:00,1,+29.6,+20.0,+9.0,+4.1,+29.1,+38.7,+16.5,+16.5,+16.5,+16.5,+17.0,+17.0,+17.0
2023-01-13 23:00,1,+29.6,+20.0,+9.0,+4.1,+29.1,+38.7,+16.5,+16.5,+16.5,+16.5,+17.0,+17.0,+17.0
2023-01-14 00:00,1,+29.6,+20.0,+9.0,+4.1,+29.1,+38.7,+16.5,+16.5,+16.5,+16.5,+17.0,+17.0,+17.0
2023-01-14 01:00,1,+29.6,+20.0,+9.0,+4.1,+29.1,+38.7,+16.5,+16.5,+16.5,+16.5,+17.0,+17.0,+17.0
2023-01-14 02:00,1,+29.6,+20.0,+9.0,+4.1,+29.1,+38.7,+16.5,+16.5,+16.5,+16.5,+17.0,+17.0,+17.0
2023-01-14 03:00,1,+29.5,+20.0,+9.0,+4.1,+29.1,+38.7,+16.5,+16.5,+16.5,+16.5,+17.0,+17.5,+17.0
2023-01-14 04:00,1,+29.5,+20.0,+9.0,+4.1,+29.1,+38.7,+16.0,+16.5,+16.5,+16.5,+17.0,+17.5,+17.0
2023-01-14 05:00,1,+29.5,+20.0,+9.0,+4.1,+29.1,+38.7,+16.0,+16.5,+16.5,+16.5,+17.0,+17.5,+17.0
2023-01-14 06:00,1,+29.6,+20.0,+9.0,+4.3,+29.1,+38.7,+16.0,+16.5,+16.5,+16.5,+17.0,+17.0,+17.0
2023-01-14 07:00,1,+29.6,+20.0,+9.0,+4.3,+29.1,+38.7,+16.0,+16.5,+16.5,+16.5,+17.0,+17.0,+17.0
2023-01-14 08:00,1,+29.7,+20.0,+9.0,+4.1,+29.1,+38.7,+16.0,+16.5,+16.5,+16.5,+17.0,+17.0,+17.0
2023-01-14 09:00,1,+29.8,+20.0,+9.0,+4.1,+29.1,+38.7,+16.0,+16.0,+16.5,+16.5,+17.0,+17.0,+17.0
2023-01-14 10:00,1,+29.8,+20.0,+9.0,+4.3,+29.1,+38.7,+16.0,+16.0,+16.5,+16.5,+17.0,+17.0,+17.0
2023-01-14 11:00,1,+29.9,+20.0,+9.0,+4.3,+29.1,+38.7,+16.0,+16.0,+16.5,+16.5,+17.0,+17.5,+17.0
2023-01-14 12:00,1,+30.0,+20.0,+9.0,+4.1,+29.0,+38.7,+16.0,+16.0,+16.5,+16.5,+17.0,+17.0,+17.0
2023-01-14 13:00,1,+30.1,+20.0,+9.0,+4.1,+29.0,+38.7,+16.0,+16.0,+16.5,+16.5,+17.0,+17.5,+17.0
2023-01-14 14:00,1,+30.2,+20.0,+9.0,+4.1,+29.0,+38.7,+16.5,+16.0,+16.5,+16.5,+17.0,+17.0,+17.0
2023-01-14 15:00,1,+30.3,+20.0,+9.0,+4.1,+29.0,+38.7,+16.5,+16.0,+16.5,+16.5,+17.0,+17.0,+17.0
2023-01-14 16:00,1,+30.5,+20.0,+9.0,+4.3,+29.0,+38.7,+16.5,+16.0,+16.5,+16.5,+17.0,+17.0,+17.0
2023-01-14 17:00,1,+30.6,+20.0,+9.0,+4.3,+29.0,+38.7,+16.5,+16.0,+16.5,+16.5,+17.0,+17.0,+17.0
2023-01-14 18:00,1,+30.7,+20.0,+9.0,+4.1,+29.0,+38.7,+16.5,+16.5,+16.5,+16.5,+17.0,+17.0,+17.0
2023-01-14 19:00,1,+30.8,+20.0,+9.0,+4.3,+29.0,+38.7,+16.0,+16.0,+16.5,+16.5,+17.0,+17.0,+17.0
2023-01-14 20:00,1,+30.9,+20.0,+9.0,+4.3,+29.0,+38.7,+16.0,+16.0,+16.5,+16.5,+17.0,+17.0,+17.0
2023-01-14 21:00,1,+31.0,+20.0,+9.0,+4.3,+29.0,+38.7,+16.0,+16.0,+16.5,+16.5,+17.0,+17.0,+17.0
2023-01-14 22:00,1,+31.0,+20.0,+9.0,+4.1,+29.0,+38.7,+16.0,+16.0,+16.5,+16.5,+17.0,+17.5,+17.0
2023-01-14 23:00,1,+31.0,+20.0,+9.0,+4.3,+29.0,+38.7,+16.0,+16.0,+16.5,+16.5,+17.0,+17.0,+17.0
2023-01-15 00:00,1,+31.0,+20.0,+9.0,+4.3,+29.0,+38.7,+16.0,+16.0,+16.5,+16.5,+17.0,+17.0,+17.0
2023-01-15 01:00,1,+31.2,+20.0,+9.0,+4.1,+29.0,+38.7,+16.0,+16.0,+16.5,+16.5,+17.0,+17.0,+17.0
2023-01-15 02:00,1,+33.8,+20.0,+9.0,+4.1,+29.1,+44.4,+16.0,+16.0,+16.5,+16.5,+17.0,+17.0,+17.0
2023-01-15 03:00,1,+35.3,+20.1,+9.1,+4.3,+29.6,+50.5,+15.5,+16.0,+16.5,+16.5,+17.0,+17.0,+17.0
2023-01-15 04:00,1,+36.0,+20.2,+9.1,+4.4,+29.7,+50.7,+15.5,+16.0,+16.5,+16.5,+17.0,+17.5,+17.0
2023-01-15 05:00,1,+36.6,+20.2,+9.5,+11.5,+34.2,+49.7,+15.5,+16.0,+16.5,+16.5,+17.0,+17.0,+17.0
2023-01-15 06:00,1,+36.7,+20.3,+9.1,+5.5,+34.0,+50.5,+15.5,+16.0,+16.5,+16.5,+17.0,+17.0,+17.0
2023-01-15 07:00,1,+36.9,+20.3,+9.3,+5.0,+31.5,+48.9,+15.5,+16.0,+16.5,+16.5,+17.0,+17.0,+17.0
2023-01-15 08:00,1,+37.0,+20.3,+9.3,+5.0,+31.2,+46.9,+15.5,+16.0,+16.5,+16.5,+17.0,+17.0,+17.0
2023-01-15 09:00,1,+37.2,+20.4,+9.3,+5.1,+31.0,+45.2,+15.5,+15.5,+16.5,+16.5,+17.0,+17.5,+17.0
2023-01-15 10:00,1,+37.3,+20.4,+9.3,+5.1,+30.7,+42.7,+15.5,+15.5,+16.5,+16.5,+17.0,+17.0,+17.0
2023-01-15 11:00,1,+37.4,+20.4,+9.3,+5.1,+30.7,+41.0,+15.5,+15.5,+16.5,+16.5,+17.0,+17.5,+17.0
2023-01-15 12:00,1,+37.5,+20.5,+9.3,+5.1,+30.7,+40.7,+15.5,+15.5,+16.5,+16.5,+17.0,+17.0,+17.0
2023-01-15 13:00,1,+37.5,+20.5,+9.3,+5.3,+30.7,+40.9,+15.5,+15.5,+16.5,+16.5,+17.0,+17.5,+17.0
2023-01-15 14:00,1,+37.6,+20.5,+9.3,+5.3,+31.0,+40.9,+15.5,+15.5,+16.5,+16.5,+17.0,+17.0,+17.0
2023-01-15 15:00,1,+37.6,+20.5,+9.3,+5.3,+31.0,+41.0,+16.0,+15.5,+16.0,+16.5,+17.0,+17.0,+17.0
2023-01-15 16:00,1,+37.7,+20.5,+9.3,+5.3,+31.0,+41.0,+16.0,+15.5,+16.0,+16.5,+17.0,+17.0,+17.0
2023-01-15 17:00,1,+37.8,+20.5,+9.3,+5.3,+31.0,+41.0,+16.0,+16.0,+16.0,+16.5,+17.0,+17.0,+17.0
2023-01-15 18:00,1,+37.8,+20.5,+9.3,+5.4,+31.0,+41.0,+16.0,+16.0,+16.0,+16.5,+17.0,+17.0,+17.0
2023-01-15 19:00,1,+37.9,+20.6,+9.3,+5.4,+31.0,+41.0,+16.0,+16.0,+16.0,+16.5,+17.0,+17.0,+17.0
2023-01-15 20:00,1,+37.9,+20.6,+9.3,+5.4,+31.1,+41.2,+16.0,+16.0,+16.0,+16.5,+17.0,+17.0,+17.0
2023-01-15 21:00,1,+38.0,+20.6,+9.3,+5.4,+31.1,+41.2,+16.0,+16.0,+16.0,+16.5,+17.0,+17.5,+17.0
2023-01-15 22:00,1,+38.1,+20.6,+9.3,+5.4,+31.1,+41.2,+16.0,+16.0,+16.0,+16.5,+17.0,+17.0,+17.0
2023-01-15 23:00,1,+38.2,+20.7,+9.5,+5.4,+31.1,+41.2,+16.0,+16.0,+16.0,+16.5,+17.0,+17.0,+17.0
2023-01-16 00:00,1,+38.3,+20.7,+9.3,+5.4,+31.2,+41.4,+15.5,+16.0,+16.0,+16.5,+17.0,+17.0,+17.0
2023-01-16 01:00,1,+38.4,+20.7,+9.5,+5.5,+31.2,+41.4,+15.5,+16.0,+16.0,+16.5,+17.0,+17.0,+17.0
2023-01-16 02:00,1,+38.5,+20.7,+9.5,+5.5,+31.2,+41.5,+15.5,+16.0,+16.0,+16.5,+17.0,+17.0,+17.0
2023-01-16 03:00,1,+38.6,+20.7,+9.5,+5.5,+31.2,+41.5,+15.5,+15.5,+16.0,+16.5,+17.0,+17.0,+17.0
2023-01-16 04:00,1,+38.6,+20.8,+9.5,+5.5,+31.2,+41.5,+15.5,+16.0,+16.0,+16.5,+17.0,+17.0,+17.0
2023-01-16 05:00,1,+38.7,+20.8,+9.5,+5.5,+31.2,+41.5,+15.5,+15.5,+16.0,+16.5,+17.0,+17.0,+17.0
2023-01-16 06:00,1,+38.7,+20.8,+9.5,+5.5,+31.2,+41.5,+15.5,+16.0,+16.0,+16.5,+17.0,+17.0,+17.0
2023-01-16 07:00,1,+38.8,+20.8,+9.5,+5.5,+31.2,+41.5,+15.5,+16.0,+16.0,+16.5,+17.0,+17.0,+17.0
2023-01-16 08:00,1,+38.9,+20.8,+9.5,+5.5,+31.2,+41.5,+15.5,+15.5,+16.0,+16.5,+17.0,+17.0,+17.0
2023-01-16 09:00,1,+38.9,+20.8,+9.5,+5.5,+31.2,+41.7,+15.5,+15.5,+16.0,+16.0,+17.0,+17.0,+17.0
2023-01-16 10:00,1,+39.0,+20.8,+9.5,+5.5,+31.2,+41.7,+16.0,+15.5,+16.0,+16.5,+17.0,+17.0,+17.0
2023-01-16 11:00,1,+39.0,+20.8,+9.5,+5.5,+31.2,+41.7,+16.0,+15.5,+16.0,+16.5,+17.0,+17.0,+17.0
2023-01-16 12:00,1,+39.0,+20.8,+9.5,+5.5,+31.2,+41.7,+16.0,+15.5,+16.0,+16.5,+17.0,+17.0,+17.0
2023-01-16 13:00,1,+39.0,+20.8,+9.5,+5.5,+31.2,+41.7,+16.0,+16.0,+16.0,+16.5,+17.0,+17.0,+17.0
2023-01-16 14:00,1,+39.0,+20.8,+9.5,+5.5,+31.2,+41.7,+16.5,+16.0,+16.0,+16.0,+17.0,+17.0,+17.0
2023-01-16 15:00,1,+39.0,+20.8,+9.5,+5.5,+31.2,+41.7,+16.5,+16.0,+16.0,+16.5,+17.0,+17.0,+17.0
2023-01-16 16:00,1,+38.9,+20.8,+9.5,+5.5,+31.2,+41.9,+16.5,+16.0,+16.0,+16.5,+17.0,+17.0,+17.0
2023-01-16 17:00,1,+38.9,+20.8,+9.5,+5.5,+31.2,+41.9,+16.5,+16.0,+16.0,+16.0,+17.0,+17.0,+17.0
2023-01-16 18:00,1,+38.9,+20.8,+9.5,+5.5,+31.2,+41.9,+16.5,+16.0,+16.0,+16.0,+17.0,+17.0,+17.0
2023-01-16 19:00,1,+38.8,+20.8,+9.5,+5.5,+31.2,+41.9,+16.5,+16.0,+16.0,+16.5,+17.0,+17.0,+17.0
2023-01-16 20:00,1,+38.8,+20.8,+9.5,+5.5,+31.2,+41.9,+16.5,+16.0,+16.0,+16.0,+17.0,+17.0,+17.0
2023-01-16 21:00,1,+38.8,+20.8,+9.5,+5.5,+31.2,+42.0,+16.5,+16.0,+16.0,+16.0,+17.0,+17.0,+17.0
2023-01-16 22:00,1,+38.8,+20.9,+9.5,+5.5,+31.2,+42.0,+16.5,+16.0,+16.0,+16.0,+17.0,+17.0,+17.0
2023-01-16 23:00,1,+38.8,+20.9,+9.5,+5.5,+31.2,+42.0,+16.5,+16.0,+16.0,+16.0,+17.0,+17.0,+17.0
2023-01-17 00:00,1,+38.7,+20.9,+9.5,+5.5,+31.2,+42.0,+16.5,+16.0,+16.5,+16.5,+17.0,+17.0,+17.0
2023-01-17 01:00,1,+38.7,+20.9,+9.5,+5.5,+31.2,+42.0,+16.5,+16.0,+16.5,+16.0,+17.0,+17.0,+17.0
2023-01-17 02:00,1,+38.7,+20.9,+9.5,+5.5,+31.2,+42.0,+16.5,+16.0,+16.5,+16.0,+17.0,+17.0,+17.0
2023-01-17 03:00,1,+38.7,+21.0,+9.5,+5.5,+31.2,+42.0,+16.5,+16.0,+16.5,+16.0,+17.0,+17.0,+17.0
2023-01-17 04:00,1,+38.7,+21.0,+9.5,+5.5,+31.2,+42.0,+16.5,+16.0,+16.5,+16.5,+17.0,+17.0,+17.0
2023-01-17 05:00,1,+38.6,+21.0,+9.5,+5.5,+31.2,+42.2,+16.0,+16.0,+16.5,+16.0,+17.0,+17.0,+17.0
2023-01-17 06:00,1,+38.6,+21.0,+9.5,+5.5,+31.2,+42.2,+16.0,+16.0,+16.5,+16.5,+17.0,+17.0,+17.0
2023-01-17 07:00,1,+38.6,+21.0,+9.5,+5.5,+31.2,+42.2,+16.0,+16.0,+16.5,+16.5,+17.0,+17.0,+17.0
2023-01-17 08:00,1,+38.6,+21.0,+9.5,+5.5,+31.2,+42.2,+16.0,+16.0,+16.5,+16.5,+17.0,+17.0,+17.0
2023-01-17 09:00,1,+38.6,+21.0,+9.5,+5.5,+31.2,+42.2,+16.0,+16.0,+16.5,+16.5,+17.0,+17.0,+17.0
2023-01-17 10:00,1,+38.5,+21.0,+9.5,+5.5,+31.2,+42.2,+16.0,+16.0,+16.5,+16.5,+17.0,+17.0,+17.0
2023-01-17 11:00,1,+38.5,+21.0,+9.5,+5.5,+31.2,+42.2,+16.5,+16.0,+16.5,+16.5,+17.0,+17.0,+17.0
2023-01-17 12:00,1,+38.5,+21.0,+9.5,+5.5,+31.2,+42.2,+16.5,+16.0,+16.5,+16.0,+17.0,+17.0,+17.0
2023-01-17 13:00,1,+38.4,+21.0,+9.5,+5.5,+31.2,+42.2,+16.5,+16.0,+16.5,+16.5,+17.0,+17.0,+17.0
2023-01-17 14:00,1,+38.4,+21.0,+9.3,+5.5,+31.2,+42.2,+16.5,+16.0,+16.5,+16.5,+17.0,+17.0,+17.0
2023-01-17 15:00,1,+38.3,+21.0,+9.5,+5.5,+31.2,+42.2,+16.5,+16.0,+16.5,+16.5,+17.0,+17.0,+17.0
2023-01-17 16:00,1,+38.3,+21.0,+9.3,+5.5,+31.2,+42.2,+16.5,+16.0,+16.5,+16.5,+17.0,+17.0,+17.0
2023-01-17 17:00,1,+38.3,+21.0,+9.5,+5.5,+31.2,+42.2,+16.5,+16.0,+16.5,+16.5,+17.0,+17.0,+17.0
2023-01-17 18:00,1,+38.3,+21.0,+9.3,+5.5,+31.2,+42.2,+16.5,+16.0,+16.5,+16.5,+17.0,+17.0,+17.0
2023-01-17 19:00,1,+38.3,+21.0,+9.3,+5.5,+31.2,+42.2,+16.5,+16.5,+16.5,+16.5,+17.0,+17.0,+17.0
2023-01-17 20:00,1,+38.3,+21.0,+9.5,+5.5,+31.2,+42.2,+16.5,+16.5,+16.5,+16.5,+17.0,+17.0,+17.0
2023-01-17 21:00,1,+38.3,+21.0,+9.5,+5.5,+31.2,+42.2,+16.5,+16.5,+16.5,+16.5,+17.0,+17.0,+17.0
2023-01-17 22:00,1,+38.3,+21.1,+9.3,+5.5,+31.2,+42.2,+16.5,+16.5,+16.5,+16.5,+17.0,+17.0,+17.0
2023-01-17 23:00,1,+38.3,+21.1,+9.3,+5.5,+31.2,+42.2,+16.5,+16.5,+16.5,+16.5,+17.0,+17.0,+17.0
2023-01-18 00:00,1,+38.2,+21.1,+9.3,+5.5,+31.2,+42.2,+16.5,+16.5,+16.5,+16.5,+17.0,+17.0,+17.0
2023-01-18 01:00,1,+38.2,+21.1,+9.3,+5.5,+31.2,+42.2,+16.5,+16.5,+16.5,+16.5,+17.0,+17.0,+17.0
2023-01-18 02:00,1,+38.2,+21.1,+9.5,+5.5,+31.2,+42.2,+16.5,+16.5,+16.5,+16.5,+17.0,+17.0,+17.0
2023-01-18 03:00,1,+38.2,+21.1,+9.3,+5.5,+31.2,+42.2,+16.5,+16.5,+16.5,+16.5,+17.0,+17.0,+17.0
2023-01-18 04:00,1,+38.2,+21.1,+9.5,+5.5,+31.2,+42.2,+16.5,+16.5,+16.5,+16.5,+17.0,+17.0,+17.0
2023-01-18 05:00,1,+38.1,+21.2,+9.5,+5.5,+31.2,+42.2,+16.5,+16.5,+16.5,+16.5,+17.0,+17.0,+17.0
2023-01-18 06:00,1,+38.1,+21.2,+9.5,+5.5,+31.2,+42.2,+16.5,+16.5,+16.5,+16.5,+17.0,+17.0,+17.0
2023-01-18 07:00,1,+38.0,+21.2,+9.5,+5.5,+31.2,+42.2,+16.5,+16.5,+16.5,+16.5,+17.0,+17.0,+17.0
2023-01-18 08:00,1,+38.0,+21.2,+9.5,+5.5,+31.2,+42.2,+16.5,+16.5,+16.5,+16.5,+17.0,+17.0,+17.0
2023-01-18 09:00,1,+38.0,+21.2,+9.5,+5.5,+31.2,+42.2,+16.5,+16.0,+16.5,+16.5,+17.0,+17.0,+17.0
2023-01-18 10:00,1,+38.0,+21.2,+9.5,+5.4,+31.2,+42.2,+16.5,+16.5,+16.5,+16.5,+17.0,+17.0,+17.0
2023-01-18 11:00,1,+37.9,+21.2,+9.5,+5.4,+31.2,+42.2,+16.5,+16.5,+16.5,+16.5,+17.0,+17.0,+17.0
2023-01-18 12:00,1,+37.9,+21.2,+9.5,+5.4,+31.2,+42.2,+16.5,+16.5,+16.5,+16.5,+17.0,+17.0,+17.0
2023-01-18 13:00,1,+37.8,+21.1,+9.5,+5.4,+31.2,+42.2,+17.0,+16.5,+16.5,+16.5,+17.0,+17.0,+17.0
2023-01-18 14:00,1,+37.8,+21.1,+9.5,+5.4,+31.2,+42.2,+17.0,+16.5,+16.5,+16.5,+17.0,+17.0,+17.0
2023-01-18 15:00,1,+37.8,+21.1,+9.3,+5.4,+31.2,+42.2,+17.0,+16.5,+16.5,+16.5,+17.0,+17.0,+17.0
2023-01-18 16:00,1,+37.7,+21.1,+9.3,+5.4,+31.2,+42.2,+17.0,+16.5,+16.5,+16.5,+17.0,+17.0,+17.0
2023-01-18 17:00,1,+37.7,+21.1,+9.3,+5.4,+31.2,+42.2,+17.5,+16.5,+16.5,+16.5,+17.0,+17.0,+17.0
2023-01-18 18:00,1,+37.7,+21.1,+9.3,+5.4,+31.2,+42.2,+17.0,+16.5,+16.5,+16.5,+17.0,+17.0,+17.0
2023-01-18 19:00,1,+37.7,+21.1,+9.3,+5.4,+31.2,+42.2,+17.0,+16.5,+16.5,+16.5,+17.0,+17.0,+17.0
2023-01-18 20:00,1,+37.7,+21.1,+9.3,+5.4,+31.2,+42.2,+17.0,+16.5,+16.5,+16.5,+17.0,+17.0,+17.0
2023-01-18 21:00,1,+37.7,+21.1,+9.3,+5.4,+31.2,+42.2,+17.0,+16.5,+16.5,+16.5,+17.0,+17.0,+17.0
2023-01-18 22:00,1,+37.6,+21.1,+9.3,+5.4,+31.2,+42.2,+17.0,+17.0,+16.5,+16.5,+17.0,+17.0,+17.0
2023-01-18 23:00,1,+37.6,+21.1,+9.3,+5.4,+31.2,+42.2,+17.0,+16.5,+16.5,+16.5,+17.0,+17.0,+17.0
2023-01-19 00:00,1,+37.6,+21.1,+9.3,+5.4,+31.2,+42.2,+17.0,+16.5,+16.5,+16.5,+17.0,+17.0,+17.0
2023-01-19 01:00,1,+37.6,+21.1,+9.3,+5.4,+31.2,+42.2,+17.0,+16.5,+16.5,+16.5,+17.0,+17.0,+17.0
2023-01-19 02:00,1,+37.5,+21.2,+9.3,+5.4,+31.2,+42.2,+17.0,+16.5,+16.5,+16.5,+17.0,+17.0,+17.0
2023-01-19 03:00,1,+37.5,+21.2,+9.3,+5.4,+31.2,+42.2,+17.0,+16.5,+16.5,+16.5,+17.0,+17.0,+17.0
2023-01-19 04:00,1,+37.5,+21.2,+9.3,+5.4,+31.2,+42.2,+16.5,+16.5,+16.5,+16.5,+17.0,+17.0,+17.0
2023-01-19 05:00,1,+37.5,+21.2,+9.3,+5.4,+31.2,+42.2,+16.5,+16.5,+16.5,+16.5,+17.0,+17.0,+17.0
2023-01-19 06:00,1,+37.5,+21.2,+9.3,+5.4,+31.2,+42.2,+16.5,+16.5,+16.5,+16.5,+17.0,+17.0,+17.0
2023-01-19 07:00,1,+37.4,+21.2,+9.3,+5.4,+31.2,+42.2,+16.5,+16.5,+16.5,+16.5,+17.0,+17.0,+17.0
2023-01-19 08:00,1,+37.4,+21.2,+9.3,+5.4,+31.2,+42.2,+16.5,+16.5,+16.5,+16.5,+17.0,+17.0,+17.0
2023-01-19 09:00,1,+37.3,+21.2,+9.3,+5.4,+31.2,+42.2,+16.5,+16.5,+16.5,+16.5,+17.0,+17.0,+17.0
2023-01-19 10:00,1,+37.3,+21.1,+9.5,+5.4,+31.2,+42.2,+16.5,+16.5,+16.5,+16.5,+17.0,+17.0,+17.0
2023-01-19 11:00,1,+37.2,+21.1,+9.3,+5.4,+31.2,+42.2,+16.5,+16.5,+16.5,+16.5,+17.0,+17.0,+17.0
2023-01-19 12:00,1,+37.1,+21.1,+9.3,+5.4,+31.2,+42.0,+16.5,+16.5,+16.5,+16.5,+17.0,+17.0,+17.0
2023-01-19 13:00,1,+37.1,+21.0,+9.3,+5.4,+31.1,+42.0,+16.5,+16.5,+16.5,+16.5,+17.0,+17.0,+17.0
2023-01-19 14:00,1,+37.0,+21.0,+9.3,+5.4,+31.1,+42.0,+16.5,+16.5,+16.5,+16.5,+17.0,+17.0,+17.0
2023-01-19 15:00,1,+36.9,+21.0,+9.3,+5.4,+31.1,+42.0,+17.0,+16.5,+16.5,+16.5,+17.0,+17.0,+17.0
2023-01-19 16:00,1,+36.8,+20.9,+9.3,+5.4,+31.1,+42.0,+17.0,+16.5,+16.5,+16.5,+17.0,+17.0,+17.0
2023-01-19 17:00,1,+36.8,+20.9,+9.3,+5.4,+31.1,+42.0,+17.0,+16.5,+16.5,+16.5,+17.0,+17.0,+17.0
2023-01-19 18:00,1,+36.8,+20.9,+9.3,+5.4,+31.1,+42.0,+17.0,+16.5,+16.5,+16.5,+17.0,+17.0,+17.0
2023-01-19 19:00,1,+36.8,+20.9,+9.3,+5.4,+31.1,+42.0,+17.0,+16.5,+16.5,+16.5,+17.0,+17.0,+17.0
2023-01-19 20:00,1,+36.8,+21.0,+9.5,+5.4,+31.1,+42.0,+17.0,+16.5,+16.5,+16.5,+17.0,+17.0,+17.0
2023-01-19 21:00,1,+36.8,+21.0,+9.5,+5.4,+31.1,+42.0,+17.0,+16.5,+16.5,+16.5,+17.0,+17.0,+17.0
2023-01-19 22:00,1,+36.7,+21.0,+9.5,+5.4,+31.1,+42.0,+17.0,+16.5,+16.5,+16.5,+17.0,+17.0,+17.0
2023-01-19 23:00,1,+36.7,+21.0,+9.5,+5.4,+31.1,+42.0,+17.0,+16.5,+16.5,+16.5,+17.0,+17.0,+17.0
2023-01-20 00:00,1,+36.7,+21.0,+9.5,+5.4,+31.1,+42.0,+17.0,+16.5,+16.5,+16.5,+17.0,+17.0,+17.0
2023-01-20 01:00,1,+36.6,+21.0,+9.5,+5.4,+31.0,+42.0,+16.5,+16.5,+16.5,+16.5,+17.0,+17.0,+17.0
2023-01-20 02:00,1,+36.6,+21.0,+9.3,+5.4,+31.0,+42.0,+16.5,+16.5,+16.5,+16.5,+17.0,+17.0,+17.0
2023-01-20 03:00,1,+36.6,+21.0,+9.3,+5.4,+31.0,+42.0,+16.5,+16.5,+16.5,+16.5,+17.0,+17.0,+17.0
2023-01-20 04:00,1,+36.5,+21.0,+9.5,+5.4,+31.0,+42.0,+16.5,+16.5,+16.5,+16.5,+17.0,+17.0,+17.0
2023-01-20 05:00,1,+36.5,+21.0,+9.5,+5.4,+31.0,+42.0,+16.5,+16.5,+16.5,+16.5,+17.0,+17.0,+17.0
2023-01-20 06:00,1,+36.5,+21.0,+9.5,+5.3,+31.0,+42.0,+16.5,+16.5,+16.5,+16.5,+17.0,+17.0,+17.0
2023-01-20 07:00,1,+36.4,+21.0,+9.5,+5.3,+31.0,+42.0,+16.5,+16.5,+16.5,+16.5,+17.0,+17.5,+17.0
2023-01-20 08:00,1,+36.4,+21.0,+9.5,+5.3,+31.0,+42.0,+16.5,+16.5,+16.5,+16.5,+17.0,+17.0,+17.0
2023-01-20 09:00,1,+36.3,+21.0,+9.3,+5.3,+31.0,+42.0,+16.5,+16.5,+16.5,+16.5,+17.0,+17.0,+17.0
2023-01-20 10:00,1,+36.3,+21.0,+9.3,+5.3,+31.0,+42.0,+16.5,+16.5,+16.5,+16.5,+17.0,+17.0,+17.0
2023-01-20 11:00,1,+36.2,+20.9,+9.3,+5.3,+31.0,+42.0,+16.5,+16.5,+16.5,+16.5,+17.0,+17.0,+17.0
2023-01-20 12:00,1,+36.2,+20.9,+9.3,+5.3,+31.0,+42.0,+16.5,+16.5,+16.5,+16.5,+17.0,+17.0,+17.0
2023-01-20 13:00,1,+36.1,+20.9,+9.3,+5.3,+31.0,+42.0,+16.5,+16.5,+16.5,+16.5,+17.0,+17.0,+17.0
2023-01-20 14:00,1,+36.0,+20.8,+9.3,+5.3,+31.0,+41.9,+16.5,+16.5,+16.5,+16.5,+17.0,+17.0,+17.0
2023-01-20 15:00,1,+35.9,+20.8,+9.3,+5.3,+30.7,+41.9,+16.5,+16.5,+16.5,+16.5,+17.0,+17.0,+17.0
2023-01-20 16:00,1,+35.9,+20.8,+9.3,+5.3,+30.7,+41.9,+17.0,+16.5,+16.5,+16.5,+17.0,+17.0,+17.0
2023-01-20 17:00,1,+35.9,+20.8,+9.3,+5.3,+30.7,+41.9,+17.0,+16.5,+16.5,+16.5,+17.0,+17.0,+17.0
2023-01-20 18:00,1,+35.9,+20.8,+9.3,+5.3,+30.7,+41.9,+17.0,+16.5,+16.5,+16.5,+17.0,+17.0,+17.0
2023-01-20 19:00,1,+35.9,+20.8,+9.3,+5.3,+30.7,+41.9,+17.0,+16.5,+16.5,+16.5,+17.0,+17.0,+17.0
2023-01-20 20:00,1,+35.8,+20.8,+9.3,+5.3,+30.7,+41.9,+17.0,+16.5,+16.5,+16.5,+17.0,+17.0,+17.0
2023-01-20 21:00,1,+35.8,+20.8,+9.3,+5.3,+30.7,+41.9,+16.5,+16.5,+16.5,+16.5,+17.0,+17.0,+17.0
2023-01-20 22:00,1,+35.8,+20.8,+9.3,+5.3,+30.7,+41.9,+16.5,+16.5,+16.5,+16.5,+17.0,+17.0,+17.0
2023-01-20 23:00,1,+35.8,+20.8,+9.3,+5.3,+30.7,+41.9,+16.5,+16.5,+16.5,+16.5,+17.0,+17.0,+17.0
2023-01-21 00:00,1,+35.9,+20.8,+9.3,+5.3,+30.7,+41.9,+16.5,+16.5,+16.5,+16.5,+17.0,+17.0,+17.0
2023-01-21 01:00,1,+35.9,+20.8,+9.3,+5.3,+30.7,+41.9,+16.5,+16.5,+16.5,+16.5,+17.0,+17.0,+17.0
2023-01-21 02:00,1,+36.0,+20.8,+9.3,+5.3,+30.7,+41.7,+16.5,+16.5,+16.5,+16.5,+17.0,+17.0,+17.0
2023-01-21 03:00,1,+36.1,+20.9,+9.3,+5.3,+30.7,+41.7,+16.5,+16.5,+16.5,+16.5,+17.0,+17.0,+17.0
2023-01-21 04:00,1,+36.1,+20.9,+9.3,+5.3,+30.7,+41.7,+16.5,+16.5,+16.5,+16.5,+17.0,+17.0,+17.0
2023-01-21 05:00,1,+36.2,+20.9,+9.3,+5.3,+30.7,+41.7,+16.5,+16.5,+16.5,+16.5,+17.0,+17.0,+17.0
2023-01-21 06:00,1,+36.2,+20.9,+9.3,+5.3,+30.7,+41.7,+16.5,+16.5,+16.5,+16.5,+17.0,+17.0,+17.0
2023-01-21 07:00,1,+36.2,+20.9,+9.3,+5.3,+30.7,+41.7,+16.0,+16.5,+16.5,+16.5,+17.0,+17.0,+17.0
2023-01-21 08:00,1,+36.2,+20.9,+9.3,+5.3,+30.7,+41.7,+16.0,+16.5,+16.5,+16.5,+17.0,+17.0,+17.0
2023-01-21 09:00,1,+36.2,+20.9,+9.3,+5.3,+30.7,+41.7,+16.0,+16.5,+16.5,+16.5,+17.0,+17.0,+17.0
2023-01-21 10:00,1,+36.2,+20.9,+9.3,+5.3,+30.7,+41.7,+16.0,+16.0,+16.5,+16.5,+17.0,+17.0,+17.0
2023-01-21 11:00,1,+36.2,+20.9,+9.3,+5.3,+30.7,+41.7,+16.5,+16.0,+16.5,+16.5,+17.0,+17.0,+17.0
2023-01-21 12:00,1,+36.2,+20.8,+9.3,+5.3,+30.7,+41.7,+16.5,+16.5,+16.5,+16.5,+17.0,+17.0,+17.0
2023-01-21 13:00,1,+36.2,+20.8,+9.3,+5.3,+30.7,+41.7,+16.5,+16.0,+16.5,+16.5,+17.0,+17.0,+17.0
2023-01-21 14:00,1,+36.1,+20.8,+9.3,+5.3,+30.7,+41.7,+16.5,+16.5,+16.5,+16.5,+17.0,+17.0,+17.0
2023-01-21 15:00,1,+36.1,+20.8,+9.3,+5.3,+30.7,+41.7,+16.5,+16.0,+16.5,+16.5,+17.0,+17.0,+17.0
2023-01-21 16:00,1,+36.0,+20.8,+9.3,+5.3,+30.7,+41.7,+16.5,+16.5,+16.5,+16.5,+17.0,+17.0,+17.0
2023-01-21 17:00,1,+35.9,+20.8,+9.3,+5.3,+30.7,+41.7,+16.5,+16.5,+16.5,+16.5,+17.0,+17.0,+17.0
2023-01-21 18:00,1,+35.9,+20.8,+9.3,+5.3,+30.7,+41.7,+17.0,+16.5,+16.5,+16.5,+17.0,+17.0,+17.0
2023-01-21 19:00,1,+35.9,+20.8,+9.3,+5.3,+30.7,+41.7,+16.5,+16.5,+16.5,+16.5,+17.0,+17.0,+17.0
2023-01-21 20:00,1,+35.9,+20.8,+9.3,+5.3,+30.7,+41.7,+16.5,+16.5,+16.5,+16.5,+17.0,+17.0,+17.0
2023-01-21 21:00,1,+35.9,+20.8,+9.3,+5.3,+30.7,+41.7,+16.5,+16.5,+16.5,+16.5,+17.0,+17.0,+17.0
2023-01-21 22:00,1,+35.9,+20.8,+9.3,+5.3,+30.7,+41.7,+16.5,+16.5,+16.5,+16.5,+17.0,+17.0,+17.0
2023-01-21 23:00,1,+35.9,+20.8,+9.3,+5.3,+30.7,+41.7,+16.5,+16.5,+16.5,+16.5,+17.0,+17.0,+17.0
2023-01-22 00:00,1,+35.8,+20.8,+9.3,+5.3,+30.7,+41.7,+16.0,+16.5,+16.5,+16.5,+17.0,+17.0,+17.0
2023-01-22 01:00,1,+35.8,+20.8,+9.3,+5.3,+30.7,+41.7,+16.0,+16.5,+16.5,+16.5,+17.0,+17.0,+17.0
2023-01-22 02:00,1,+35.8,+20.8,+9.3,+5.3,+30.7,+41.5,+16.0,+16.5,+16.5,+16.5,+17.0,+17.0,+17.0
2023-01-22 03:00,1,+35.8,+20.8,+9.3,+5.3,+30.7,+41.5,+16.0,+16.5,+16.5,+16.5,+17.0,+17.0,+17.0
2023-01-22 04:00,1,+35.7,+20.8,+9.3,+5.3,+30.7,+41.5,+16.0,+16.0,+16.5,+16.5,+17.0,+17.0,+17.0
2023-01-22 05:00,1,+35.7,+20.8,+9.3,+5.1,+30.7,+41.5,+16.0,+16.0,+16.5,+16.5,+17.0,+17.0,+17.0
2023-01-22 06:00,1,+35.6,+20.8,+9.3,+5.1,+30.7,+41.5,+16.0,+16.0,+16.5,+16.5,+17.0,+17.0,+17.0
2023-01-22 07:00,1,+35.6,+20.8,+9.3,+5.1,+30.7,+41.5,+16.0,+16.0,+16.5,+16.5,+17.0,+17.0,+17.0
2023-01-22 08:00,1,+35.6,+20.8,+9.3,+5.1,+30.7,+41.5,+16.0,+16.0,+16.5,+16.5,+17.0,+17.0,+17.0
2023-01-22 09:00,1,+35.5,+20.8,+9.3,+5.1,+30.7,+41.5,+16.0,+16.0,+16.5,+16.5,+17.0,+17.0,+17.0
2023-01-22 10:00,1,+35.5,+20.7,+9.3,+5.1,+30.7,+41.5,+16.0,+16.0,+16.5,+16.5,+17.0,+17.0,+17.0
2023-01-22 11:00,1,+35.4,+20.7,+9.3,+5.1,+30.6,+41.5,+16.0,+16.0,+16.5,+16.5,+17.0,+17.0,+17.0
2023-01-22 12:00,1,+35.3,+20.7,+9.3,+5.1,+30.6,+41.5,+16.0,+16.0,+16.5,+16.5,+17.0,+17.0,+17.0
2023-01-22 13:00,1,+35.3,+20.7,+9.3,+5.1,+30.6,+41.5,+16.5,+16.0,+16.5,+16.5,+17.0,+17.0,+17.0
2023-01-22 14:00,1,+35.3,+20.7,+9.3,+5.1,+30.6,+41.5,+16.5,+16.0,+16.5,+16.5,+17.0,+17.0,+17.0
2023-01-22 15:00,1,+35.3,+20.7,+9.3,+5.1,+30.6,+41.5,+16.5,+16.0,+16.5,+16.5,+17.0,+17.0,+17.0
2023-01-22 16:00,1,+35.3,+20.7,+9.3,+5.1,+30.6,+41.5,+16.5,+16.0,+16.5,+16.5,+17.0,+17.0,+17.0
2023-01-22 17:00,1,+35.3,+20.7,+9.3,+5.1,+30.6,+41.5,+16.5,+16.0,+16.5,+16.5,+17.0,+17.0,+17.0
2023-01-22 18:00,1,+35.2,+20.7,+9.3,+5.1,+30.6,+41.5,+16.5,+16.0,+16.5,+16.5,+17.0,+17.0,+17.0
2023-01-22 19:00,1,+35.2,+20.7,+9.3,+5.1,+30.6,+41.5,+16.5,+16.0,+16.5,+16.5,+17.0,+17.0,+17.0
2023-01-22 20:00,1,+35.3,+20.7,+9.3,+5.1,+30.6,+41.5,+16.5,+16.0,+16.5,+16.5,+17.0,+17.0,+17.0
2023-01-22 21:00,1,+35.3,+20.7,+9.3,+5.1,+30.6,+41.5,+16.5,+16.5,+16.5,+16.5,+17.0,+17.0,+17.0
2023-01-22 22:00,1,+35.4,+20.7,+9.3,+5.1,+30.6,+41.5,+16.5,+16.0,+16.5,+16.5,+17.0,+17.0,+17.0
2023-01-22 23:00,1,+35.5,+20.7,+9.3,+5.1,+30.6,+41.5,+16.5,+16.0,+16.5,+16.5,+17.0,+17.0,+17.0
2023-01-23 00:00,1,+35.5,+20.7,+9.3,+5.1,+30.6,+41.5,+16.5,+16.5,+16.5,+16.5,+17.0,+17.0,+17.0
2023-01-23 01:00,1,+35.5,+20.7,+9.3,+5.1,+30.6,+41.5,+16.5,+16.0,+16.5,+16.5,+17.0,+17.0,+17.0
2023-01-23 02:00,1,+35.5,+20.7,+9.3,+5.1,+30.6,+41.5,+16.5,+16.5,+16.5,+16.5,+17.0,+17.0,+17.0
2023-01-23 03:00,1,+35.5,+20.7,+9.3,+5.1,+30.5,+41.5,+16.5,+16.0,+16.5,+16.5,+17.0,+17.0,+17.0
2023-01-23 04:00,1,+35.5,+20.7,+9.3,+5.1,+30.5,+41.5,+16.0,+16.5,+16.5,+16.5,+17.0,+17.0,+17.0
2023-01-23 05:00,1,+35.5,+20.7,+9.3,+5.1,+30.5,+41.5,+16.0,+16.0,+16.5,+16.5,+17.0,+17.0,+17.0
2023-01-23 06:00,1,+35.5,+20.7,+9.3,+5.1,+30.5,+41.5,+16.0,+16.0,+16.5,+16.5,+17.0,+17.0,+17.0
2023-01-23 07:00,1,+35.5,+20.7,+9.3,+5.1,+30.5,+41.5,+16.0,+16.0,+16.5,+16.5,+17.0,+17.0,+17.0
2023-01-23 08:00,1,+35.5,+20.7,+9.3,+5.1,+30.5,+41.5,+16.0,+16.0,+16.5,+16.5,+17.0,+17.0,+17.0
2023-01-23 09:00,1,+35.5,+20.7,+9.3,+5.1,+30.5,+41.5,+16.0,+16.0,+16.5,+16.5,+17.0,+17.0,+17.0
2023-01-23 10:00,1,+35.4,+20.7,+9.3,+5.1,+30.5,+41.5,+16.0,+16.0,+16.5,+16.5,+17.0,+17.0,+17.0
2023-01-23 11:00,1,+35.4,+20.7,+9.3,+5.1,+30.5,+41.5,+16.5,+16.0,+16.5,+16.5,+17.0,+17.0,+17.0
2023-01-23 12:00,1,+35.4,+20.7,+9.3,+5.1,+30.5,+41.5,+16.5,+16.0,+16.5,+16.5,+17.0,+17.0,+17.0
2023-01-23 13:00,1,+35.3,+20.6,+9.3,+5.1,+30.5,+41.5,+16.5,+16.0,+16.5,+16.5,+17.0,+17.0,+17.0
2023-01-23 14:00,1,+35.3,+20.6,+9.3,+5.1,+30.5,+41.5,+16.5,+16.0,+16.5,+16.5,+17.0,+17.0,+17.0
2023-01-23 15:00,1,+35.2,+20.6,+9.3,+5.1,+30.5,+41.5,+16.5,+16.0,+16.5,+16.5,+17.0,+17.0,+17.0
2023-01-23 16:00,1,+35.1,+20.5,+9.3,+5.1,+30.5,+41.4,+17.0,+16.0,+16.5,+16.5,+17.0,+17.0,+17.0
2023-01-23 17:00,1,+35.1,+20.5,+9.3,+5.1,+30.5,+41.4,+17.0,+16.5,+16.5,+16.5,+17.0,+17.0,+17.0
2023-01-23 18:00,1,+35.1,+20.5,+9.3,+5.1,+30.5,+41.4,+17.0,+16.5,+16.5,+16.5,+17.0,+17.0,+17.0
2023-01-23 19:00,1,+35.1,+20.5,+9.3,+5.1,+30.2,+41.4,+17.0,+16.5,+16.5,+16.5,+17.0,+17.0,+17.0
2023-01-23 20:00,1,+35.1,+20.6,+9.3,+5.1,+30.2,+41.4,+17.0,+16.5,+16.5,+16.5,+17.0,+17.0,+17.0
2023-01-23 21:00,1,+35.1,+20.6,+9.3,+5.1,+30.2,+41.4,+17.0,+16.5,+16.5,+16.5,+17.0,+17.0,+17.0
2023-01-23 22:00,1,+35.1,+20.6,+9.3,+5.1,+30.2,+41.4,+17.0,+16.5,+16.5,+16.5,+17.0,+17.0,+17.0
2023-01-23 23:00,1,+35.1,+20.6,+9.3,+5.1,+30.2,+41.4,+16.5,+16.5,+16.5,+16.5,+17.0,+17.0,+17.0
2023-01-24 00:00,1,+35.1,+20.6,+9.3,+5.1,+30.2,+41.4,+16.5,+16.5,+16.5,+16.5,+17.0,+17.0,+17.0
2023-01-24 01:00,1,+35.1,+20.6,+9.3,+5.1,+30.2,+41.4,+16.5,+16.5,+16.5,+16.5,+17.0,+17.0,+17.0
2023-01-24 02:00,1,+35.0,+20.6,+9.3,+5.1,+30.2,+41.4,+16.5,+16.5,+16.5,+16.5,+17.0,+17.0,+17.0
2023-01-24 03:00,1,+35.0,+20.6,+9.3,+5.1,+30.2,+41.4,+16.5,+16.5,+16.5,+16.5,+17.0,+17.0,+17.0
2023-01-24 04:00,1,+35.0,+20.6,+9.3,+5.1,+30.2,+41.4,+16.5,+16.5,+16.5,+16.5,+17.0,+17.0,+17.0
2023-01-24 05:00,1,+35.0,+20.6,+9.3,+5.1,+30.2,+41.2,+16.5,+16.5,+16.5,+16.5,+17.0,+17.0,+17.0
2023-01-24 06:00,1,+35.0,+20.6,+9.3,+5.1,+30.2,+41.2,+16.5,+16.5,+16.5,+16.5,+17.0,+17.0,+17.0
2023-01-24 07:00,1,+34.9,+20.6,+9.3,+5.1,+30.2,+41.2,+16.5,+16.5,+16.5,+16.5,+17.0,+17.0,+17.0
2023-01-24 08:00,1,+34.9,+20.6,+9.3,+5.1,+30.2,+41.2,+16.5,+16.5,+16.5,+16.5,+17.0,+17.0,+17.0
2023-01-24 09:00,1,+34.9,+20.6,+9.3,+5.1,+30.2,+41.2,+16.5,+16.5,+16.5,+16.5,+17.0,+17.0,+17.0
2023-01-24 10:00,1,+34.8,+20.6,+9.3,+5.1,+30.2,+41.2,+16.5,+16.5,+16.5,+16.5,+17.0,+17.0,+17.0
2023-01-24 11:00,1,+34.8,+20.6,+9.3,+5.1,+30.2,+41.2,+16.5,+16.5,+16.5,+16.5,+17.0,+17.0,+17.0
2023-01-24 12:00,1,+34.7,+20.6,+9.3,+5.1,+30.2,+41.2,+16.5,+16.5,+16.5,+16.5,+17.0,+17.0,+17.0
2023-01-24 13:00,1,+34.7,+20.5,+9.3,+5.0,+30.2,+41.2,+16.5,+16.5,+16.5,+16.5,+17.0,+17.0,+17.0
2023-01-24 14:00,1,+34.6,+20.5,+9.3,+5.0,+30.2,+41.2,+16.5,+16.5,+16.5,+16.5,+17.0,+17.0,+17.0
2023-01-24 15:00,1,+34.6,+20.5,+9.3,+5.0,+30.2,+41.2,+17.0,+16.5,+16.5,+16.5,+17.0,+17.0,+17.0
2023-01-24 16:00,1,+34.5,+20.4,+9.1,+5.0,+30.2,+41.2,+17.0,+16.5,+16.5,+16.5,+17.0,+17.0,+17.0
2023-01-24 17:00,1,+34.5,+20.4,+9.3,+5.0,+30.2,+41.2,+17.0,+16.5,+16.5,+16.5,+17.0,+17.0,+17.0
2023-01-24 18:00,1,+34.5,+20.5,+9.1,+5.0,+30.2,+41.2,+17.0,+16.5,+16.5,+16.5,+17.0,+17.0,+17.0
2023-01-24 19:00,1,+34.5,+20.5,+9.1,+5.0,+30.2,+41.2,+17.0,+16.5,+16.5,+16.5,+17.0,+17.0,+17.0
2023-01-24 20:00,1,+34.5,+20.5,+9.3,+5.0,+30.2,+41.2,+17.0,+16.5,+16.5,+16.5,+17.0,+17.0,+17.0
2023-01-24 21:00,1,+34.5,+20.5,+9.3,+5.0,+30.2,+41.2,+17.0,+16.5,+16.5,+16.5,+17.0,+17.0,+17.0
2023-01-24 22:00,1,+34.5,+20.5,+9.3,+5.0,+30.2,+41.2,+17.0,+16.5,+16.5,+16.5,+17.0,+17.0,+17.0
2023-01-24 23:00,1,+34.5,+20.5,+9.3,+5.0,+30.2,+41.2,+17.0,+16.5,+16.5,+16.5,+17.0,+17.0,+17.0
2023-01-25 00:00,1,+34.5,+20.5,+9.3,+5.0,+30.2,+41.2,+17.0,+16.5,+16.5,+16.5,+17.0,+17.0,+17.0
2023-01-25 01:00,1,+34.5,+20.5,+9.3,+5.0,+30.2,+41.2,+17.0,+16.5,+16.5,+16.5,+17.0,+17.0,+17.0
2023-01-25 02:00,1,+34.5,+20.5,+9.3,+5.0,+30.2,+41.2,+17.0,+17.0,+16.5,+16.5,+17.0,+17.0,+17.0
2023-01-25 03:00,1,+34.5,+20.6,+9.3,+5.0,+30.2,+41.2,+17.0,+16.5,+16.5,+16.5,+17.0,+17.0,+17.0
2023-01-25 04:00,1,+34.4,+20.6,+9.3,+5.0,+30.2,+41.2,+17.0,+16.5,+16.5,+16.5,+17.0,+17.0,+17.0
2023-01-25 05:00,1,+34.4,+20.6,+9.3,+5.0,+30.2,+41.2,+17.0,+16.5,+16.5,+16.5,+17.0,+17.0,+17.0
2023-01-25 06:00,1,+34.4,+20.6,+9.3,+5.0,+30.2,+41.2,+17.0,+16.5,+16.5,+16.5,+17.0,+17.0,+17.0
2023-01-25 07:00,1,+34.4,+20.6,+9.3,+5.0,+30.2,+41.0,+17.0,+16.5,+16.5,+16.5,+17.0,+17.0,+17.0
2023-01-25 08:00,1,+34.4,+20.6,+9.3,+5.0,+30.2,+41.0,+16.5,+16.5,+16.5,+16.5,+17.0,+17.0,+17.0
2023-01-25 09:00,1,+34.3,+20.6,+9.3,+5.0,+30.2,+41.0,+17.0,+16.5,+16.5,+16.5,+17.0,+17.0,+17.0
2023-01-25 10:00,1,+34.3,+20.6,+9.3,+5.0,+30.2,+41.0,+17.0,+16.5,+16.5,+16.5,+17.0,+17.0,+17.0
2023-01-25 11:00,1,+34.3,+20.5,+9.3,+5.0,+30.2,+41.0,+17.0,+16.5,+16.5,+16.5,+17.0,+17.0,+17.0
2023-01-25 12:00,1,+34.2,+20.5,+9.3,+5.0,+30.2,+41.0,+17.0,+16.5,+16.5,+16.5,+17.0,+17.0,+17.0
2023-01-25 13:00,1,+34.2,+20.5,+9.1,+5.0,+30.2,+41.0,+17.0,+16.5,+16.5,+16.5,+17.0,+17.0,+17.0
2023-01-25 14:00,1,+34.2,+20.5,+9.1,+5.0,+30.2,+41.0,+17.0,+16.5,+16.5,+16.5,+17.0,+17.0,+17.0
2023-01-25 15:00,1,+34.2,+20.5,+9.1,+5.0,+30.2,+41.0,+17.5,+16.5,+16.5,+16.5,+17.0,+17.0,+17.0
2023-01-25 16:00,1,+34.2,+20.5,+9.1,+5.0,+30.2,+41.0,+17.5,+17.0,+16.5,+16.5,+17.0,+17.0,+17.0
2023-01-25 17:00,1,+34.2,+20.5,+9.1,+5.0,+30.2,+41.0,+17.5,+17.0,+16.5,+16.5,+17.0,+17.0,+17.0
2023-01-25 18:00,1,+34.2,+20.5,+9.1,+5.0,+30.2,+41.0,+17.5,+17.0,+16.5,+16.5,+17.0,+17.0,+17.0
2023-01-25 19:00,1,+38.5,+22.2,+9.8,+5.0,+30.2,+41.0,+17.5,+17.0,+17.0,+16.5,+17.0,+17.0,+17.0
2023-01-25 20:00,1,+39.3,+22.3,+9.8,+7.0,+31.7,+49.7,+17.5,+17.0,+16.5,+16.5,+17.0,+17.0,+17.0
2023-01-25 21:00,1,+39.4,+22.3,+9.8,+5.5,+33.2,+49.5,+17.5,+17.0,+17.0,+16.5,+17.0,+17.0,+17.0
2023-01-25 22:00,1,+39.0,+22.4,+9.8,+5.5,+33.2,+48.7,+17.5,+17.0,+17.0,+16.5,+17.0,+17.0,+17.0
2023-01-25 23:00,1,+39.9,+22.5,+9.8,+5.5,+33.0,+48.7,+17.5,+17.0,+17.0,+16.5,+17.0,+17.0,+17.0
2023-01-26 00:00,1,+47.9,+24.0,+11.3,+6.8,+41.7,+55.0,+17.5,+17.0,+17.0,+16.5,+17.0,+17.0,+17.0
2023-01-26 01:00,1,+47.1,+25.0,+12.0,+8.3,+37.2,+54.2,+17.0,+17.0,+17.0,+16.5,+17.0,+17.0,+17.0
2023-01-26 02:00,1,+45.4,+25.2,+11.8,+8.3,+37.0,+51.2,+17.0,+17.0,+17.0,+16.5,+17.0,+17.0,+17.0
2023-01-26 03:00,1,+44.7,+25.4,+11.5,+7.8,+37.0,+50.2,+17.0,+17.0,+17.0,+16.5,+17.0,+17.0,+17.0
2023-01-26 04:00,1,+44.8,+25.6,+11.5,+7.1,+37.0,+50.0,+17.0,+17.0,+17.0,+16.5,+17.0,+17.0,+17.0
2023-01-26 05:00,1,+45.4,+25.8,+11.5,+6.8,+37.0,+50.0,+17.0,+17.0,+17.0,+16.5,+17.0,+17.0,+17.0
2023-01-26 06:00,1,+45.6,+25.9,+11.6,+6.9,+36.4,+50.2,+17.0,+17.0,+17.0,+16.5,+17.0,+17.0,+17.0
2023-01-26 07:00,1,+45.4,+26.0,+11.6,+6.9,+35.0,+50.2,+17.0,+17.0,+17.0,+16.5,+17.0,+17.0,+17.0
2023-01-26 08:00,1,+45.5,+26.1,+11.6,+6.9,+34.2,+50.2,+17.0,+17.0,+17.0,+16.5,+17.0,+17.0,+17.0
2023-01-26 09:00,1,+45.5,+26.2,+11.6,+6.9,+34.0,+49.7,+17.0,+17.0,+17.0,+16.5,+17.0,+17.0,+17.0
2023-01-26 10:00,1,+45.7,+26.3,+11.6,+6.9,+33.7,+48.9,+17.0,+17.0,+17.0,+16.5,+17.0,+17.0,+17.0
2023-01-26 11:00,1,+45.7,+25.8,+12.1,+6.9,+33.7,+47.9,+17.0,+17.0,+17.0,+16.5,+17.0,+17.0,+17.0
2023-01-26 12:00,1,+45.6,+25.7,+12.3,+6.9,+33.7,+46.7,+17.0,+17.0,+17.0,+16.5,+17.0,+17.0,+17.0
2023-01-26 13:00,1,+45.8,+25.7,+12.3,+7.0,+33.7,+45.0,+17.0,+17.0,+17.0,+16.5,+17.0,+17.0,+17.0
2023-01-26 14:00,1,+45.7,+25.8,+12.3,+6.9,+33.5,+44.4,+17.0,+17.0,+17.0,+16.5,+17.0,+17.0,+17.0
2023-01-26 15:00,1,+45.6,+25.9,+12.3,+6.9,+33.5,+44.2,+17.0,+17.0,+17.0,+16.5,+17.0,+17.0,+17.0
2023-01-26 16:00,1,+45.7,+26.0,+12.3,+7.0,+33.5,+44.4,+17.0,+17.0,+17.0,+16.5,+17.0,+17.0,+17.0
2023-01-26 17:00,1,+45.7,+26.1,+12.3,+7.0,+33.5,+44.4,+17.0,+17.0,+17.0,+16.5,+17.0,+17.0,+17.0
2023-01-26 18:00,1,+45.7,+26.1,+12.3,+7.0,+33.5,+44.5,+17.0,+17.0,+17.0,+16.5,+17.0,+17.0,+17.0
2023-01-26 19:00,1,+45.8,+26.2,+12.3,+7.0,+33.5,+44.5,+17.0,+17.0,+17.0,+16.5,+17.0,+17.0,+17.0
2023-01-26 20:00,1,+45.8,+26.3,+12.1,+7.0,+33.5,+44.5,+17.0,+17.0,+17.0,+16.5,+17.0,+17.0,+17.0
2023-01-26 21:00,1,+45.8,+26.4,+12.1,+7.0,+33.7,+44.5,+17.0,+17.0,+17.0,+16.5,+17.0,+17.0,+17.0
2023-01-26 22:00,1,+45.8,+26.6,+12.1,+7.0,+33.7,+44.5,+17.0,+17.0,+17.0,+16.5,+17.0,+17.0,+17.0
2023-01-26 23:00,1,+46.0,+26.8,+12.0,+7.0,+33.7,+44.5,+17.0,+17.0,+17.0,+16.5,+17.0,+17.0,+17.0
2023-01-27 00:00,1,+47.5,+27.0,+11.8,+7.0,+33.7,+44.7,+17.0,+17.0,+17.0,+16.5,+17.0,+17.0,+17.0
2023-01-27 01:00,1,+48.6,+27.3,+11.8,+7.0,+33.5,+44.7,+17.0,+17.0,+17.0,+16.5,+17.0,+17.0,+17.0
2023-01-27 02:00,1,+48.7,+27.7,+11.8,+7.0,+33.5,+44.7,+16.5,+17.0,+17.0,+16.5,+17.0,+17.0,+17.0
2023-01-27 03:00,1,+48.4,+27.9,+11.8,+7.1,+33.5,+44.7,+16.5,+16.5,+17.0,+16.5,+17.0,+17.0,+17.0
2023-01-27 04:00,1,+48.1,+28.1,+11.8,+7.1,+33.5,+44.7,+16.5,+17.0,+17.0,+16.5,+17.0,+17.0,+17.0
2023-01-27 05:00,1,+47.9,+28.2,+11.8,+7.1,+33.5,+44.9,+16.5,+16.5,+17.0,+16.5,+17.0,+17.0,+17.0
2023-01-27 06:00,1,+47.7,+28.3,+11.8,+7.1,+33.5,+44.9,+16.5,+16.5,+17.0,+16.5,+17.0,+17.0,+17.0
2023-01-27 07:00,1,+47.5,+28.3,+12.0,+7.3,+33.5,+44.9,+16.5,+16.5,+17.0,+16.5,+17.0,+17.0,+17.0
2023-01-27 08:00,1,+47.3,+28.4,+12.0,+7.3,+33.5,+44.9,+16.5,+16.5,+17.0,+16.5,+17.0,+17.0,+17.0
2023-01-27 09:00,1,+47.2,+28.4,+12.1,+7.3,+33.5,+45.0,+16.5,+16.5,+17.0,+16.5,+17.0,+17.0,+17.0
2023-01-27 10:00,1,+47.0,+28.5,+12.1,+7.4,+33.5,+45.0,+16.5,+16.5,+17.0,+16.5,+17.0,+17.0,+17.0
2023-01-27 11:00,1,+47.0,+28.5,+12.1,+7.4,+33.5,+45.0,+16.5,+16.5,+17.0,+16.5,+17.0,+17.0,+17.0
2023-01-27 12:00,1,+47.2,+28.5,+12.3,+7.4,+33.5,+45.0,+16.5,+16.5,+17.0,+16.5,+17.0,+17.0,+17.0
2023-01-27 13:00,1,+47.2,+28.6,+12.3,+7.4,+33.5,+45.0,+17.0,+16.5,+17.0,+16.5,+17.0,+17.0,+17.0
2023-01-27 14:00,1,+47.1,+28.7,+12.3,+7.5,+33.5,+45.0,+17.0,+16.5,+17.0,+16.5,+17.0,+17.0,+17.0
2023-01-27 15:00,1,+47.0,+28.7,+12.3,+7.5,+33.5,+45.0,+17.0,+16.5,+17.0,+16.5,+17.0,+17.0,+17.0
2023-01-27 16:00,1,+47.0,+28.7,+12.5,+7.5,+33.5,+45.0,+17.0,+16.5,+17.0,+16.5,+17.0,+17.0,+17.0
2023-01-27 17:00,1,+46.9,+28.7,+12.5,+7.5,+33.4,+45.0,+17.0,+16.5,+16.5,+16.5,+17.0,+17.0,+17.0
2023-01-27 18:00,1,+46.9,+28.7,+12.5,+7.5,+33.4,+45.2,+17.0,+16.5,+17.0,+16.5,+17.0,+17.0,+17.0
2023-01-27 19:00,1,+46.7,+28.8,+12.5,+7.5,+33.4,+45.2,+17.0,+16.5,+16.5,+16.5,+17.0,+17.5,+17.0
2023-01-27 20:00,1,+46.7,+28.8,+12.6,+7.5,+33.4,+45.2,+17.0,+16.5,+17.0,+16.5,+17.0,+17.0,+17.0
2023-01-27 21:00,1,+46.6,+28.8,+12.6,+7.5,+33.4,+45.2,+17.0,+16.5,+17.0,+16.5,+17.0,+17.0,+17.0
2023-01-27 22:00,1,+46.6,+28.8,+12.6,+7.5,+33.4,+45.2,+17.0,+16.5,+16.5,+16.5,+17.0,+17.0,+17.0
2023-01-27 23:00,1,+46.5,+28.8,+12.6,+7.5,+33.4,+45.2,+16.5,+16.5,+17.0,+16.5,+17.0,+17.0,+17.0
2023-01-28 00:00,1,+46.5,+28.9,+12.6,+7.5,+33.4,+45.2,+16.5,+16.5,+17.0,+16.5,+17.0,+17.0,+17.0
2023-01-28 01:00,1,+46.5,+28.9,+12.6,+7.5,+33.4,+45.2,+16.5,+16.5,+17.0,+16.5,+17.0,+17.0,+17.0
2023-01-28 02:00,1,+46.4,+28.9,+12.6,+7.5,+33.4,+45.2,+16.5,+16.5,+17.0,+16.5,+17.0,+17.0,+17.0
2023-01-28 03:00,1,+46.4,+28.9,+12.8,+7.5,+33.4,+45.2,+16.5,+16.5,+17.0,+16.5,+17.0,+17.0,+17.0
2023-01-28 04:00,1,+46.4,+28.9,+12.8,+7.5,+33.4,+45.2,+16.5,+16.5,+17.0,+16.5,+17.0,+17.0,+17.0
2023-01-28 05:00,1,+46.4,+28.9,+12.8,+7.5,+33.4,+45.4,+16.5,+16.5,+17.0,+16.5,+17.0,+17.5,+17.0
2023-01-28 06:00,1,+46.7,+28.8,+12.8,+7.6,+33.4,+45.4,+16.5,+16.5,+17.0,+16.5,+17.0,+17.0,+17.0
2023-01-28 07:00,1,+48.0,+28.9,+12.8,+7.6,+33.2,+45.4,+16.5,+16.5,+17.0,+16.5,+17.0,+17.5,+17.0
2023-01-28 08:00,1,+50.7,+29.1,+12.8,+7.6,+33.2,+45.4,+16.0,+16.5,+17.0,+16.5,+17.0,+17.0,+17.0
2023-01-28 09:00,1,+50.5,+29.2,+12.8,+7.6,+33.2,+45.4,+16.0,+16.5,+16.5,+16.5,+17.0,+17.5,+17.0
2023-01-28 10:00,1,+50.0,+29.2,+12.8,+7.6,+33.2,+45.4,+16.0,+16.5,+16.5,+16.5,+17.0,+17.5,+17.0
2023-01-28 11:00,1,+49.7,+29.2,+13.0,+7.6,+33.2,+45.4,+16.0,+16.5,+16.5,+16.5,+17.0,+17.0,+17.0
2023-01-28 12:00,1,+49.4,+29.1,+13.0,+7.6,+33.2,+45.5,+16.0,+16.5,+16.5,+16.5,+17.0,+17.0,+17.0
2023-01-28 13:00,1,+49.1,+29.1,+13.0,+7.6,+33.2,+45.5,+16.5,+16.5,+16.5,+16.5,+17.0,+17.5,+17.0
2023-01-28 14:00,1,+48.9,+29.1,+13.1,+7.6,+33.2,+45.5,+16.5,+16.5,+16.5,+16.5,+17.0,+17.5,+17.0
2023-01-28 15:00,1,+48.8,+29.0,+13.1,+7.6,+33.2,+45.5,+16.5,+16.0,+16.5,+16.5,+17.0,+17.0,+17.0
2023-01-28 16:00,1,+48.6,+28.9,+13.1,+7.6,+33.2,+45.5,+16.5,+16.5,+16.5,+16.5,+17.0,+17.5,+17.0
2023-01-28 17:00,1,+48.5,+28.8,+13.1,+7.6,+33.2,+45.5,+16.5,+16.5,+16.5,+16.5,+17.0,+17.0,+17.0
2023-01-28 18:00,1,+48.4,+28.8,+13.1,+7.6,+33.2,+45.5,+16.5,+16.5,+16.5,+16.5,+17.0,+17.5,+17.0
2023-01-28 19:00,1,+48.3,+28.7,+13.1,+7.6,+33.2,+45.5,+16.5,+16.5,+16.5,+16.5,+17.0,+17.0,+17.0
2023-01-28 20:00,1,+48.2,+28.7,+13.1,+7.6,+33.2,+45.5,+16.5,+16.5,+16.5,+16.5,+17.0,+17.5,+17.0
2023-01-28 21:00,1,+48.2,+28.7,+13.1,+7.6,+33.2,+45.5,+16.5,+16.5,+16.5,+16.5,+17.0,+17.5,+17.0
2023-01-28 22:00,1,+48.1,+28.6,+13.1,+7.6,+33.2,+45.5,+16.5,+16.5,+16.5,+16.5,+17.0,+17.0,+17.0
2023-01-28 23:00,1,+48.0,+28.6,+13.3,+7.6,+33.2,+45.5,+16.0,+16.5,+16.5,+16.5,+17.0,+17.0,+17.0
2023-01-29 00:00,1,+47.9,+28.6,+13.3,+7.6,+33.2,+45.5,+16.0,+16.5,+16.5,+16.5,+17.0,+17.0,+17.0
2023-01-29 01:00,1,+47.8,+28.5,+13.3,+7.6,+33.2,+45.5,+16.0,+16.5,+16.5,+16.5,+17.0,+17.0,+17.0
2023-01-29 02:00,1,+47.7,+28.5,+13.3,+7.6,+33.2,+45.5,+16.0,+16.0,+16.5,+16.5,+17.0,+17.0,+17.0
2023-01-29 03:00,1,+47.6,+28.4,+13.3,+7.6,+33.2,+45.5,+16.0,+16.0,+16.5,+16.5,+17.0,+17.0,+17.0
2023-01-29 04:00,1,+47.4,+28.4,+13.3,+7.6,+33.2,+45.5,+15.5,+16.0,+16.5,+16.5,+17.0,+17.0,+17.0
2023-01-29 05:00,1,+47.2,+28.4,+13.3,+7.6,+33.2,+45.5,+15.5,+16.0,+16.5,+16.5,+17.0,+17.5,+17.0
2023-01-29 06:00,1,+47.1,+28.4,+13.3,+7.6,+33.2,+45.5,+15.5,+16.0,+16.5,+16.5,+17.0,+17.0,+17.0
2023-01-29 07:00,1,+47.0,+28.4,+13.3,+7.6,+33.2,+45.5,+15.5,+16.0,+16.5,+16.5,+17.0,+17.0,+17.0
2023-01-29 08:00,1,+47.0,+28.3,+13.3,+7.6,+33.2,+45.5,+15.5,+16.0,+16.5,+16.5,+17.0,+17.0,+17.0
2023-01-29 09:00,1,+46.9,+28.3,+13.3,+7.6,+33.2,+45.5,+15.5,+16.0,+16.5,+16.5,+17.0,+17.0,+17.0
2023-01-29 10:00,1,+46.9,+28.3,+13.3,+7.6,+33.2,+45.5,+15.5,+16.0,+16.5,+16.5,+17.0,+17.0,+17.0
2023-01-29 11:00,1,+46.8,+28.3,+13.3,+7.6,+33.2,+45.5,+15.5,+16.0,+16.5,+16.5,+17.0,+17.0,+17.0
2023-01-29 12:00,1,+46.7,+28.2,+13.1,+7.6,+33.2,+45.5,+16.0,+16.0,+16.5,+16.5,+17.0,+17.0,+17.0
2023-01-29 13:00,1,+46.7,+28.2,+13.1,+7.6,+33.2,+45.5,+16.0,+16.0,+16.5,+16.5,+17.0,+17.0,+17.0
2023-01-29 14:00,1,+46.6,+28.1,+13.1,+7.8,+33.2,+45.5,+16.0,+16.0,+16.5,+16.5,+17.0,+17.0,+17.0
2023-01-29 15:00,1,+46.6,+28.1,+13.1,+7.6,+33.2,+45.5,+16.0,+16.0,+16.5,+16.5,+17.0,+17.0,+17.0
2023-01-29 16:00,1,+46.6,+28.1,+13.1,+7.6,+33.2,+45.5,+16.0,+16.0,+16.5,+16.5,+17.0,+17.0,+17.0
2023-01-29 17:00,1,+46.7,+28.1,+13.1,+7.6,+33.2,+45.5,+16.0,+16.0,+16.5,+16.5,+17.0,+17.0,+17.0
2023-01-29 18:00,1,+47.2,+28.1,+13.1,+7.6,+33.2,+45.5,+16.0,+16.0,+16.5,+16.5,+17.0,+17.5,+17.0
2023-01-29 19:00,1,+48.9,+28.2,+13.1,+7.6,+33.2,+45.5,+16.0,+16.0,+16.5,+16.5,+17.0,+17.0,+17.0
2023-01-29 20:00,1,+50.3,+28.5,+13.1,+7.6,+33.2,+45.5,+16.0,+16.0,+16.5,+16.5,+17.0,+17.0,+17.0
2023-01-29 21:00,1,+51.1,+28.9,+13.1,+7.6,+33.2,+45.5,+16.0,+16.0,+16.5,+16.5,+17.0,+17.0,+17.0
2023-01-29 22:00,1,+53.4,+29.6,+13.1,+7.8,+33.5,+49.7,+16.0,+16.0,+16.0,+16.5,+17.0,+17.0,+17.0
2023-01-29 23:00,1,+52.8,+30.1,+13.3,+8.0,+33.2,+49.2,+16.0,+16.0,+16.0,+16.5,+17.0,+17.0,+17.0
2023-01-30 00:00,1,+53.0,+30.3,+13.3,+7.9,+33.2,+48.9,+16.0,+16.0,+16.5,+16.5,+17.0,+17.0,+17.0
2023-01-30 01:00,1,+52.5,+30.5,+13.5,+7.9,+33.2,+48.7,+16.0,+16.0,+16.0,+16.5,+17.0,+17.0,+17.0
2023-01-30 02:00,1,+51.8,+30.5,+13.6,+7.9,+33.2,+48.4,+16.0,+16.0,+16.5,+16.5,+17.0,+17.0,+17.0
2023-01-30 03:00,1,+51.2,+30.4,+13.8,+8.0,+33.2,+48.0,+16.0,+16.0,+16.0,+16.5,+17.0,+17.0,+17.0
2023-01-30 04:00,1,+50.8,+30.4,+13.8,+8.0,+33.2,+47.4,+16.0,+16.0,+16.5,+16.5,+17.0,+17.0,+17.0
2023-01-30 05:00,1,+50.6,+30.3,+13.8,+8.0,+33.2,+47.2,+16.0,+16.0,+16.0,+16.5,+17.0,+17.0,+17.0
2023-01-30 06:00,1,+50.3,+30.3,+14.0,+8.0,+33.2,+46.7,+16.0,+16.0,+16.0,+16.5,+17.0,+17.0,+17.0
2023-01-30 07:00,1,+50.2,+30.2,+13.8,+8.1,+33.2,+46.4,+15.5,+16.0,+16.0,+16.5,+17.0,+17.0,+17.0
2023-01-30 08:00,1,+50.1,+30.1,+14.0,+8.1,+33.2,+46.4,+15.5,+16.0,+16.0,+16.5,+17.0,+17.0,+17.0
2023-01-30 09:00,1,+50.0,+30.1,+14.0,+8.1,+33.2,+46.4,+15.5,+16.0,+16.0,+16.5,+17.0,+17.0,+17.0
2023-01-30 10:00,1,+49.9,+30.1,+14.0,+8.1,+33.2,+46.4,+15.5,+16.0,+16.0,+16.0,+17.0,+17.0,+17.0
2023-01-30 11:00,1,+49.7,+30.0,+14.0,+8.1,+33.2,+46.4,+15.5,+16.0,+16.0,+16.5,+17.0,+17.0,+17.0
2023-01-30 12:00,1,+49.6,+30.0,+13.8,+8.1,+33.4,+46.4,+16.0,+15.5,+16.0,+16.5,+17.0,+17.0,+17.0
2023-01-30 13:00,1,+49.5,+30.0,+13.8,+8.1,+33.4,+46.5,+16.0,+16.0,+16.0,+16.5,+17.0,+17.0,+17.0
2023-01-30 14:00,1,+49.5,+29.9,+13.8,+8.1,+33.4,+46.5,+16.0,+15.5,+16.0,+16.5,+17.0,+17.0,+17.0
2023-01-30 15:00,1,+49.4,+29.9,+13.8,+8.3,+33.4,+46.5,+16.0,+16.0,+16.0,+16.5,+17.0,+17.0,+17.0
2023-01-30 16:00,1,+49.3,+29.9,+13.8,+8.3,+33.4,+46.5,+16.0,+16.0,+16.0,+16.5,+17.0,+17.0,+17.0
2023-01-30 17:00,1,+49.3,+29.8,+13.8,+8.3,+33.4,+46.5,+16.5,+16.0,+16.0,+16.0,+17.0,+17.0,+17.0
2023-01-30 18:00,1,+49.3,+29.8,+13.8,+8.3,+33.4,+46.5,+16.5,+16.0,+16.0,+16.5,+17.0,+17.0,+17.0
2023-01-30 19:00,1,+49.3,+29.8,+13.8,+8.3,+33.4,+46.5,+16.5,+16.0,+16.0,+16.0,+17.0,+17.0,+17.0
2023-01-30 20:00,1,+49.2,+29.8,+13.8,+8.3,+33.4,+46.5,+16.5,+16.0,+16.0,+16.5,+17.0,+17.0,+17.0
2023-01-30 21:00,1,+49.1,+29.8,+13.8,+8.3,+33.4,+46.5,+16.5,+16.0,+16.0,+16.5,+17.0,+17.0,+17.0
2023-01-30 22:00,1,+49.1,+29.8,+13.8,+8.3,+33.4,+46.5,+16.5,+16.0,+16.0,+16.0,+17.0,+17.0,+17.0
2023-01-30 23:00,1,+49.1,+29.8,+13.8,+8.3,+33.4,+46.5,+16.0,+16.0,+16.0,+16.0,+17.0,+17.0,+17.0
2023-01-31 00:00,1,+49.1,+29.8,+13.8,+8.3,+33.4,+46.5,+16.0,+16.0,+16.0,+16.0,+17.0,+17.0,+17.0
2023-01-31 01:00,1,+49.0,+29.8,+13.8,+8.3,+33.4,+46.5,+16.0,+16.0,+16.0,+16.0,+17.0,+17.0,+17.0
2023-01-31 02:00,1,+49.0,+29.8,+13.8,+8.3,+33.4,+46.5,+16.0,+16.0,+16.0,+16.0,+17.0,+17.0,+17.0
2023-01-31 03:00,1,+49.0,+29.8,+13.8,+8.3,+33.4,+46.5,+16.0,+16.0,+16.5,+16.0,+17.0,+17.0,+17.0
2023-01-31 04:00,1,+48.9,+29.7,+13.8,+8.3,+33.4,+46.5,+16.0,+16.0,+16.5,+16.0,+17.0,+17.0,+17.0
2023-01-31 05:00,1,+48.9,+29.7,+13.8,+8.3,+33.4,+46.5,+16.0,+16.0,+16.0,+16.0,+17.0,+17.0,+17.0
2023-01-31 06:00,1,+48.8,+29.7,+13.8,+8.3,+33.4,+46.5,+16.0,+16.0,+16.0,+16.0,+17.0,+17.0,+17.0
2023-01-31 07:00,1,+48.8,+29.7,+13.8,+8.3,+33.4,+46.5,+16.0,+16.0,+16.5,+16.5,+17.0,+17.0,+17.0
2023-01-31 08:00,1,+48.7,+29.7,+13.8,+8.3,+33.4,+46.5,+16.0,+16.0,+16.0,+16.0,+17.0,+17.0,+17.0
2023-01-31 09:00,1,+48.6,+29.6,+13.8,+8.3,+33.4,+46.5,+16.0,+16.0,+16.0,+16.5,+17.0,+17.0,+17.0
2023-01-31 10:00,1,+48.6,+29.6,+13.6,+8.3,+33.4,+46.5,+16.0,+16.0,+16.0,+16.0,+17.0,+17.0,+17.0
2023-01-31 11:00,1,+48.5,+29.6,+13.6,+8.3,+33.4,+46.5,+16.0,+16.0,+16.0,+16.5,+17.0,+17.0,+17.0
2023-01-31 12:00,1,+48.5,+29.5,+13.6,+8.3,+33.4,+46.5,+16.0,+16.0,+16.0,+16.5,+17.0,+17.0,+17.0
2023-01-31 13:00,1,+48.4,+29.5,+13.6,+8.3,+33.4,+46.7,+16.0,+16.0,+16.0,+16.0,+17.0,+17.0,+17.0
2023-01-31 14:00,1,+48.2,+29.5,+13.6,+8.3,+33.4,+46.7,+16.5,+16.0,+16.0,+16.5,+17.0,+17.0,+17.0
2023-01-31 15:00,1,+48.1,+29.4,+13.6,+8.3,+33.4,+46.7,+16.5,+16.0,+16.0,+16.0,+17.0,+17.0,+17.0
2023-01-31 16:00,1,+48.0,+29.4,+13.6,+8.3,+33.4,+46.7,+16.5,+16.0,+16.0,+16.0,+17.0,+17.0,+17.0
2023-01-31 17:00,1,+47.9,+29.4,+13.6,+8.3,+33.5,+46.7,+16.5,+16.0,+16.0,+16.5,+17.0,+17.0,+17.0
2023-01-31 18:00,1,(skip)
2023-01-31 19:00,1,+47.9,+29.4,+13.6,+8.3,+33.5,+46.7,+16.5,+16.0,+16.5,+16.0,+17.0,+17.0,+17.0
2023-01-31 20:00,1,+47.8,+29.4,+13.6,+8.3,+33.5,+46.7,+16.5,+16.0,+16.0,+16.5,+17.0,+17.0,+17.0
2023-01-31 21:00,1,+47.8,+29.3,+13.6,+8.3,+33.5,+46.7,+16.5,+16.0,+16.5,+16.0,+17.0,+17.0,+17.0
2023-01-31 22:00,1,+47.7,+29.3,+13.6,+8.3,+33.5,+46.7,+16.5,+16.0,+16.5,+16.0,+17.0,+17.0,+17.0
2023-01-31 23:00,1,+47.7,+29.3,+13.6,+8.3,+33.5,+46.7,+16.5,+16.0,+16.5,+16.0,+17.0,+17.0,+17.0
2023-02-01 00:00,1,+47.6,+29.3,+13.6,+8.3,+33.5,+46.7,+16.5,+16.0,+16.5,+16.0,+16.5,+17.0,+17.0
2023-02-01 01:00,1,+47.6,+29.3,+13.6,+8.3,+33.5,+46.7,+16.0,+16.0,+16.5,+16.5,+17.0,+17.0,+17.0
2023-02-01 02:00,1,+47.6,+29.3,+13.5,+8.3,+33.5,+46.7,+16.0,+16.0,+16.5,+16.5,+17.0,+17.0,+17.0
2023-02-01 03:00,1,+47.5,+29.3,+13.5,+8.3,+33.5,+46.7,+16.0,+16.0,+16.5,+16.0,+17.0,+17.0,+17.0
2023-02-01 04:00,1,+47.5,+29.3,+13.5,+8.3,+33.5,+46.7,+16.0,+16.0,+16.5,+16.5,+17.0,+17.0,+17.0
2023-02-01 05:00,1,+47.4,+29.3,+13.5,+8.3,+33.5,+46.7,+16.0,+16.0,+16.5,+16.0,+17.0,+17.0,+17.0
2023-02-01 06:00,1,+47.4,+29.3,+13.5,+8.3,+33.5,+46.7,+16.0,+16.0,+16.5,+16.0,+17.0,+17.0,+17.0
2023-02-01 07:00,1,+47.3,+29.3,+13.5,+8.3,+33.5,+46.7,+16.0,+16.0,+16.5,+16.5,+17.0,+17.0,+17.0
2023-02-01 08:00,1,+47.3,+29.2,+13.5,+8.3,+33.5,+46.7,+16.0,+16.0,+16.5,+16.0,+17.0,+17.0,+17.0
2023-02-01 09:00,1,+47.3,+29.2,+13.5,+8.3,+33.5,+46.7,+16.0,+16.0,+16.5,+16.5,+17.0,+17.0,+17.0
2023-02-01 10:00,1,+47.2,+29.2,+13.5,+8.3,+33.5,+46.7,+16.0,+16.0,+16.0,+16.0,+16.5,+17.0,+17.0
2023-02-01 11:00,1,+47.1,+29.2,+13.5,+8.3,+33.5,+46.7,+16.0,+16.0,+16.5,+16.5,+16.5,+17.0,+17.0
2023-02-01 12:00,1,+47.1,+29.2,+13.5,+8.3,+33.5,+46.7,+16.0,+16.0,+16.0,+16.5,+17.0,+17.0,+17.0
2023-02-01 13:00,1,+47.0,+29.1,+13.3,+8.3,+33.5,+46.7,+16.0,+16.0,+16.0,+16.0,+17.0,+17.0,+17.0
2023-02-01 14:00,1,+47.0,+29.1,+13.3,+8.3,+33.5,+46.7,+16.0,+16.0,+16.0,+16.5,+17.0,+17.0,+17.0
2023-02-01 15:00,1,+46.9,+29.1,+13.3,+8.3,+33.5,+46.7,+16.0,+16.0,+16.0,+16.5,+17.0,+17.0,+17.0
2023-02-01 16:00,1,+46.8,+29.1,+13.3,+8.3,+33.5,+46.7,+16.5,+16.0,+16.0,+16.5,+17.0,+17.0,+17.0
2023-02-01 17:00,1,+46.8,+29.1,+13.3,+8.3,+33.5,+46.7,+16.5,+16.0,+16.0,+16.5,+16.5,+17.0,+17.0
2023-02-01 18:00,1,(skip)
2023-02-01 19:00,1,(skip)
2023-02-01 20:00,1,(skip)
2023-02-01 21:00,1,(skip)
2023-02-01 22:00,1,(skip)
2023-02-01 23:00,1,+46.7,+29.1,+13.3,+8.3,+33.5,+46.7,+16.5,+16.0,+16.5,+16.0,+17.0,+17.0,+17.0
2023-02-02 00:00,1,(skip)
2023-02-02 01:00,1,(skip)
2023-02-02 02:00,1,(skip)
2023-02-02 03:00,1,(skip)
2023-02-02 04:00,1,(skip)
2023-02-02 05:00,1,+47.0,+29.1,+13.3,+8.1,+33.5,+46.5,+16.0,+16.0,+16.5,+16.0,+17.0,+17.0,+17.0
2023-02-02 06:00,1,+47.5,+29.1,+13.3,+8.1,+33.5,+46.5,+16.0,+16.0,+16.5,+16.5,+17.0,+17.0,+17.0
2023-02-02 07:00,1,+48.3,+29.2,+13.3,+8.1,+33.5,+46.5,+16.0,+16.0,+16.5,+16.5,+17.0,+17.0,+17.0
2023-02-02 08:00,1,+50.6,+29.5,+13.3,+8.1,+33.4,+46.5,+16.0,+16.0,+16.5,+16.5,+17.0,+17.0,+17.0
2023-02-02 09:00,1,+51.9,+30.7,+13.3,+8.1,+33.4,+46.5,+16.0,+16.0,+16.5,+16.0,+17.0,+17.0,+17.0
2023-02-02 10:00,1,+51.8,+31.0,+13.3,+8.1,+33.4,+46.5,+16.0,+16.0,+16.5,+16.0,+17.0,+17.0,+17.0
2023-02-02 11:00,1,+51.7,+31.2,+13.3,+8.1,+33.4,+46.5,+16.0,+16.0,+16.5,+16.0,+17.0,+17.0,+17.0
2023-02-02 12:00,1,+51.6,+31.3,+13.3,+8.1,+33.4,+46.5,+16.0,+16.0,+16.0,+16.5,+17.0,+17.0,+17.0
2023-02-02 13:00,1,+51.5,+31.3,+13.3,+8.1,+33.4,+46.5,+16.0,+16.0,+16.5,+16.5,+16.5,+17.0,+17.0
2023-02-02 14:00,1,+51.4,+31.4,+13.3,+8.1,+33.4,+46.5,+16.5,+16.0,+16.5,+16.5,+17.0,+17.0,+17.0
2023-02-02 15:00,1,+51.3,+31.4,+13.3,+8.1,+33.4,+46.5,+16.5,+16.0,+16.5,+16.0,+17.0,+17.0,+17.0
2023-02-02 16:00,1,+51.2,+31.5,+13.3,+8.1,+33.4,+46.5,+16.5,+16.0,+16.5,+16.0,+17.0,+17.0,+17.0
2023-02-02 17:00,1,+51.2,+31.5,+13.3,+8.1,+33.4,+46.5,+16.5,+16.0,+16.5,+16.5,+17.0,+17.0,+17.0
2023-02-02 18:00,1,+51.2,+31.6,+13.3,+8.1,+33.4,+46.5,+16.5,+16.0,+16.5,+16.5,+17.0,+17.0,+17.0
2023-02-02 19:00,1,+51.1,+31.7,+13.3,+8.1,+33.4,+46.5,+16.5,+16.0,+16.5,+16.5,+17.0,+17.0,+17.0
2023-02-02 20:00,1,+51.1,+31.7,+13.3,+8.1,+33.4,+46.5,+16.5,+16.0,+16.5,+16.0,+17.0,+17.0,+17.0
2023-02-02 21:00,1,+51.0,+31.8,+13.3,+8.1,+33.4,+46.5,+16.5,+16.5,+16.5,+16.5,+17.0,+17.0,+17.0
2023-02-02 22:00,1,+50.9,+31.8,+13.3,+8.1,+33.4,+46.5,+16.5,+16.0,+16.5,+16.0,+16.5,+17.0,+17.0
2023-02-02 23:00,1,+50.9,+31.8,+13.3,+8.1,+33.4,+46.5,+16.5,+16.0,+16.5,+16.0,+17.0,+17.0,+17.0
2023-02-03 00:00,1,+50.8,+31.8,+13.3,+8.1,+33.4,+46.5,+16.5,+16.0,+16.5,+16.0,+17.0,+17.0,+17.0
2023-02-03 01:00,1,+50.8,+31.8,+13.3,+8.1,+33.4,+46.5,+16.5,+16.0,+16.5,+16.5,+17.0,+17.0,+17.0
2023-02-03 02:00,1,+50.7,+31.8,+13.3,+8.1,+33.4,+46.5,+16.5,+16.0,+16.5,+16.5,+17.0,+17.0,+17.0
2023-02-03 03:00,1,+50.7,+31.7,+13.3,+8.1,+33.4,+46.4,+16.0,+16.0,+16.5,+16.5,+17.0,+17.0,+17.0
2023-02-03 04:00,1,+50.6,+31.6,+13.3,+8.1,+33.4,+46.4,+16.0,+16.0,+16.5,+16.5,+17.0,+17.0,+17.0
2023-02-03 05:00,1,+50.5,+31.6,+13.3,+8.1,+33.4,+46.4,+16.0,+16.0,+16.5,+16.5,+17.0,+17.0,+17.0
2023-02-03 06:00,1,+50.5,+31.5,+13.3,+8.1,+33.4,+46.4,+16.0,+16.0,+16.5,+16.5,+17.0,+17.0,+17.0
2023-02-03 07:00,1,+50.3,+31.5,+13.3,+8.1,+33.4,+46.4,+16.0,+16.0,+16.5,+16.5,+17.0,+17.0,+17.0
2023-02-03 08:00,1,+50.2,+31.4,+13.3,+8.1,+33.2,+46.4,+16.0,+16.0,+16.5,+16.5,+17.0,+17.0,+17.0
2023-02-03 09:00,1,+50.1,+31.4,+13.5,+8.1,+33.2,+46.4,+16.0,+16.0,+16.5,+16.5,+17.0,+17.0,+17.0
2023-02-03 10:00,1,+50.0,+31.4,+13.5,+8.1,+33.2,+46.4,+16.0,+16.0,+16.5,+16.5,+17.0,+17.0,+17.0
2023-02-03 11:00,1,+50.0,+31.4,+13.5,+8.1,+33.2,+46.4,+16.0,+16.0,+16.5,+16.5,+17.0,+17.0,+17.0
2023-02-03 12:00,1,+49.9,+31.4,+13.5,+8.1,+33.2,+46.4,+16.5,+16.0,+16.5,+16.5,+17.0,+17.0,+17.0
2023-02-03 13:00,1,+49.8,+31.4,+13.5,+8.1,+33.2,+46.2,+16.5,+16.0,+16.5,+16.5,+17.0,+17.0,+17.0
2023-02-03 14:00,1,+49.7,+31.4,+13.5,+8.1,+33.2,+46.2,+16.5,+16.0,+16.5,+16.5,+17.0,+17.0,+17.0
2023-02-03 15:00,1,+49.6,+31.4,+13.5,+8.1,+33.2,+46.2,+16.5,+16.0,+16.5,+16.0,+17.0,+17.0,+17.0
2023-02-03 16:00,1,+49.5,+31.4,+13.3,+8.1,+33.2,+46.2,+16.5,+16.0,+16.5,+16.5,+17.0,+17.0,+17.0
2023-02-03 17:00,1,+49.4,+31.4,+13.3,+8.1,+33.2,+46.2,+16.5,+16.0,+16.5,+16.5,+17.0,+17.0,+17.0
2023-02-03 18:00,1,+49.4,+31.4,+13.3,+8.1,+33.2,+46.2,+16.5,+16.0,+16.5,+16.0,+17.0,+17.0,+17.0
2023-02-03 19:00,1,+49.4,+31.4,+13.3,+8.1,+33.2,+46.2,+16.5,+16.0,+16.5,+16.5,+17.0,+17.0,+17.0
2023-02-03 20:00,1,+49.3,+31.5,+13.3,+8.1,+33.2,+46.2,+16.5,+16.5,+16.5,+16.5,+17.0,+17.0,+17.0
2023-02-03 21:00,1,+49.1,+31.5,+13.3,+8.1,+33.2,+46.2,+16.5,+16.5,+16.5,+16.0,+17.0,+17.0,+17.0
2023-02-03 22:00,1,+49.0,+31.5,+13.3,+8.1,+33.2,+46.2,+16.5,+16.5,+16.5,+16.5,+16.5,+17.0,+17.0
2023-02-03 23:00,1,+49.0,+31.5,+13.3,+8.1,+33.2,+46.2,+16.5,+16.5,+16.5,+16.5,+17.0,+17.0,+17.0
2023-02-04 00:00,1,+48.9,+31.6,+13.3,+8.1,+33.2,+46.2,+16.5,+16.5,+16.5,+16.5,+17.0,+17.0,+17.0
2023-02-04 01:00,1,+48.9,+31.6,+13.5,+8.1,+33.2,+46.2,+16.5,+16.5,+16.5,+16.5,+17.0,+17.0,+17.0
2023-02-04 02:00,1,+48.9,+31.6,+13.5,+8.1,+33.2,+46.2,+16.5,+16.5,+16.5,+16.5,+17.0,+17.0,+17.0
2023-02-04 03:00,1,+48.8,+31.7,+13.5,+8.1,+33.2,+46.2,+16.5,+16.0,+16.5,+16.5,+17.0,+17.0,+17.0
2023-02-04 04:00,1,+48.8,+31.7,+13.5,+8.0,+33.2,+46.2,+16.5,+16.0,+16.5,+16.5,+17.0,+17.0,+17.0
2023-02-04 05:00,1,+48.9,+31.7,+13.5,+8.1,+33.2,+46.2,+16.0,+16.0,+16.5,+16.5,+17.0,+17.0,+17.0
2023-02-04 06:00,1,+49.0,+31.8,+13.5,+8.0,+33.2,+46.2,+16.0,+16.0,+16.5,+16.5,+17.0,+17.0,+17.0
2023-02-04 07:00,1,+49.3,+31.8,+13.5,+8.1,+33.2,+46.0,+16.0,+16.0,+16.5,+16.5,+17.0,+17.0,+17.0
2023-02-04 08:00,1,+49.4,+31.8,+13.5,+8.0,+33.2,+46.0,+16.0,+16.0,+16.5,+16.5,+17.0,+17.0,+17.0
2023-02-04 09:00,1,+49.5,+31.8,+13.5,+8.0,+33.2,+46.0,+16.0,+16.0,+16.5,+16.5,+16.5,+17.0,+17.0
2023-02-04 10:00,1,+49.4,+31.8,+13.5,+8.0,+33.2,+46.0,+16.0,+16.0,+16.5,+16.5,+17.0,+17.0,+17.0
2023-02-04 11:00,1,+49.4,+31.8,+13.5,+8.0,+33.2,+46.0,+16.0,+16.0,+16.5,+16.5,+17.0,+17.0,+17.0
2023-02-04 12:00,1,+49.3,+31.8,+13.5,+8.0,+33.2,+46.0,+16.0,+16.0,+16.5,+16.5,+17.0,+17.0,+17.0
2023-02-04 13:00,1,+49.3,+31.8,+13.5,+8.0,+33.2,+46.0,+16.5,+16.0,+16.5,+16.5,+17.0,+17.0,+17.0
2023-02-04 14:00,1,+49.2,+31.8,+13.6,+8.0,+33.2,+46.0,+16.5,+16.0,+16.5,+16.5,+17.0,+17.0,+17.0
2023-02-04 15:00,1,+49.1,+31.8,+13.6,+8.0,+33.2,+46.0,+16.5,+16.0,+16.5,+16.5,+17.0,+17.0,+17.0
2023-02-04 16:00,1,+49.0,+31.8,+13.5,+8.0,+33.2,+46.0,+16.5,+16.0,+16.5,+16.5,+17.0,+17.0,+17.0
2023-02-04 17:00,1,(skip)
2023-02-04 18:00,1,+48.9,+31.8,+13.6,+8.0,+33.2,+46.0,+16.5,+16.0,+16.5,+16.5,+17.0,+17.0,+17.0
2023-02-04 19:00,1,+48.9,+31.8,+13.6,+8.0,+33.2,+46.0,+16.5,+16.5,+16.5,+16.5,+17.0,+17.0,+17.0
2023-02-04 20:00,1,+48.8,+31.8,+13.6,+8.0,+33.2,+46.0,+16.5,+16.5,+16.5,+16.5,+17.0,+17.0,+17.0
2023-02-04 21:00,1,+48.8,+31.8,+13.6,+8.0,+33.2,+46.0,+16.5,+16.5,+16.5,+16.5,+17.0,+17.0,+17.0
2023-02-04 22:00,1,(skip)
2023-02-04 23:00,1,(skip)
2023-02-05 00:00,1,+48.6,+31.8,+13.6,+8.0,+33.2,+45.9,+16.0,+16.0,+16.5,+16.5,+17.0,+17.0,+17.0
2023-02-05 01:00,1,+48.5,+31.8,+13.6,+8.0,+33.2,+45.9,+16.0,+16.0,+16.5,+16.5,+17.0,+17.0,+17.0
2023-02-05 02:00,1,+48.4,+31.8,+13.6,+8.0,+33.2,+45.9,+16.0,+16.0,+16.5,+16.5,+17.0,+17.0,+17.0
2023-02-05 03:00,1,+48.4,+31.8,+13.6,+8.0,+33.2,+45.9,+16.0,+16.0,+16.5,+16.5,+17.0,+17.0,+17.0
2023-02-05 04:00,1,+48.3,+31.8,+13.6,+8.0,+33.2,+45.9,+16.0,+16.0,+16.5,+16.5,+17.0,+17.0,+17.0
2023-02-05 05:00,1,+48.3,+31.8,+13.6,+7.9,+33.2,+45.9,+16.0,+16.0,+16.5,+16.5,+17.0,+17.0,+17.0
2023-02-05 06:00,1,+48.2,+31.8,+13.6,+7.9,+33.2,+45.9,+16.0,+16.0,+16.5,+16.5,+17.0,+17.0,+17.0
2023-02-05 07:00,1,+48.2,+31.8,+13.6,+7.9,+33.2,+45.9,+16.0,+16.0,+16.5,+16.5,+17.0,+17.0,+17.0
2023-02-05 08:00,1,+48.1,+31.8,+13.6,+7.9,+33.2,+45.7,+16.0,+16.0,+16.5,+16.5,+17.0,+17.0,+17.0
2023-02-05 09:00,1,+48.1,+31.8,+13.6,+7.9,+33.2,+45.7,+16.0,+16.0,+16.5,+16.5,+17.0,+17.0,+17.0
2023-02-05 10:00,1,+48.0,+31.8,+13.6,+7.9,+33.2,+45.7,+16.0,+16.0,+16.5,+16.5,+17.0,+17.0,+17.0
2023-02-05 11:00,1,+48.0,+31.8,+13.6,+7.9,+33.2,+45.7,+16.0,+16.0,+16.5,+16.5,+17.0,+17.0,+17.0
2023-02-05 12:00,1,+47.9,+31.8,+13.6,+7.9,+33.2,+45.7,+16.0,+16.0,+16.0,+16.5,+17.0,+17.0,+17.0
2023-02-05 13:00,1,+47.9,+31.8,+13.6,+7.9,+33.2,+45.7,+16.0,+16.0,+16.5,+16.5,+17.0,+17.0,+17.0
2023-02-05 14:00,1,+47.9,+31.8,+13.6,+7.9,+33.2,+45.7,+16.0,+16.0,+16.0,+16.5,+17.0,+17.0,+17.0
2023-02-05 15:00,1,+47.8,+31.8,+13.6,+7.9,+33.2,+45.7,+16.5,+16.0,+16.5,+16.5,+17.0,+17.0,+17.0
2023-02-05 16:00,1,+47.8,+31.8,+13.6,+7.9,+33.2,+45.7,+16.5,+16.0,+16.5,+16.5,+17.0,+17.0,+17.0
2023-02-05 17:00,1,+47.8,+31.8,+13.6,+7.9,+33.2,+45.7,+16.5,+16.0,+16.0,+16.5,+17.0,+17.0,+17.0
2023-02-05 18:00,1,+47.7,+31.8,+13.6,+7.9,+33.2,+45.7,+16.5,+16.0,+16.0,+16.5,+17.0,+17.0,+17.0
2023-02-05 19:00,1,+47.7,+31.8,+13.6,+7.9,+33.2,+45.7,+16.0,+16.0,+16.5,+16.5,+17.0,+17.0,+17.0
2023-02-05 20:00,1,+47.7,+31.8,+13.6,+7.9,+33.2,+45.7,+16.0,+16.0,+16.0,+16.5,+17.0,+17.0,+17.0
2023-02-05 21:00,1,+47.6,+31.8,+13.6,+7.9,+33.0,+45.7,+16.0,+16.0,+16.0,+16.0,+17.0,+17.0,+17.0
2023-02-05 22:00,1,+47.6,+31.8,+13.6,+7.9,+33.0,+45.7,+16.0,+16.0,+16.0,+16.5,+17.0,+17.0,+17.0
2023-02-05 23:00,1,+47.6,+31.8,+13.6,+7.9,+33.0,+45.7,+16.0,+16.0,+16.0,+16.5,+17.0,+17.0,+17.0
2023-02-06 00:00,1,+47.5,+31.8,+13.6,+7.9,+33.0,+45.7,+16.0,+16.0,+16.0,+16.0,+17.0,+17.0,+17.0
2023-02-06 01:00,1,+47.5,+31.8,+13.6,+7.9,+33.0,+45.7,+16.0,+16.0,+16.5,+16.5,+17.0,+17.0,+17.0
2023-02-06 02:00,1,+47.5,+31.8,+13.6,+7.9,+33.0,+45.7,+16.0,+16.0,+16.5,+16.0,+17.0,+17.0,+17.0
2023-02-06 03:00,1,+47.4,+31.8,+13.6,+7.9,+33.0,+45.7,+16.0,+16.0,+16.5,+16.0,+17.0,+17.0,+17.0
2023-02-06 04:00,1,+47.4,+31.8,+13.6,+7.9,+33.0,+45.7,+16.0,+16.0,+16.0,+16.0,+17.0,+17.0,+17.0
2023-02-06 05:00,1,+47.4,+31.8,+13.6,+7.9,+33.0,+45.7,+16.0,+16.0,+16.0,+16.0,+17.0,+17.0,+17.0
2023-02-06 06:00,1,+47.3,+31.8,+13.6,+7.8,+33.0,+45.7,+16.0,+16.0,+16.0,+16.0,+16.5,+17.0,+17.0
2023-02-06 07:00,1,+47.3,+31.8,+13.6,+7.8,+33.0,+45.7,+16.0,+16.0,+16.0,+16.0,+16.5,+17.0,+17.0
2023-02-06 08:00,1,(skip)
2023-02-06 09:00,1,+47.2,+31.9,+13.6,+7.8,+33.0,+45.7,+16.0,+16.0,+16.5,+16.0,+16.5,+17.0,+17.0
2023-02-06 10:00,1,+47.2,+31.9,+13.6,+7.8,+33.0,+45.7,+16.0,+16.0,+16.0,+16.0,+17.0,+17.0,+17.0
2023-02-06 11:00,1,+47.2,+31.9,+13.6,+7.8,+33.0,+45.5,+16.0,+16.0,+16.0,+16.0,+17.0,+17.0,+17.0
2023-02-06 12:00,1,+47.2,+31.9,+13.6,+7.8,+33.0,+45.5,+16.0,+16.0,+16.0,+16.0,+16.5,+17.0,+17.0
2023-02-06 13:00,1,+47.1,+31.9,+13.6,+7.8,+33.0,+45.5,+16.5,+16.0,+16.0,+16.0,+17.0,+17.0,+17.0
2023-02-06 14:00,1,+47.1,+31.9,+13.6,+7.8,+33.0,+45.5,+16.5,+16.0,+16.0,+16.0,+17.0,+17.0,+17.0
2023-02-06 15:00,1,+47.1,+31.8,+13.6,+7.8,+33.0,+45.5,+16.5,+16.0,+16.0,+16.0,+17.0,+17.0,+17.0
2023-02-06 16:00,1,+47.0,+31.8,+13.6,+7.8,+33.0,+45.5,+16.5,+16.0,+16.0,+16.5,+17.0,+17.0,+17.0
2023-02-06 17:00,1,+47.0,+31.8,+13.6,+7.8,+33.0,+45.5,+16.5,+16.0,+16.0,+16.0,+17.0,+17.0,+17.0
2023-02-06 18:00,1,+47.0,+31.8,+13.6,+7.8,+33.0,+45.5,+17.0,+16.0,+16.0,+16.0,+16.5,+17.0,+17.0
2023-02-06 19:00,1,+47.0,+31.8,+13.6,+7.8,+33.0,+45.5,+16.5,+16.0,+16.0,+16.0,+17.0,+17.0,+17.0
2023-02-06 20:00,1,+47.0,+31.8,+13.6,+7.8,+33.0,+45.5,+16.5,+16.0,+16.0,+16.0,+17.0,+17.0,+17.0
2023-02-06 21:00,1,+47.0,+31.8,+13.6,+7.8,+33.0,+45.5,+16.5,+16.5,+16.5,+16.0,+17.0,+17.0,+17.0
2023-02-06 22:00,1,+48.2,+32.0,+13.6,+7.8,+33.0,+45.5,+16.5,+16.5,+16.5,+16.0,+16.5,+17.0,+17.0
2023-02-06 23:00,1,+50.5,+32.0,+13.6,+7.8,+33.0,+45.5,+16.5,+16.5,+16.5,+16.0,+17.0,+17.0,+17.0
2023-02-07 00:00,1,+50.9,+32.0,+13.6,+7.8,+33.0,+45.5,+16.5,+16.5,+16.5,+16.0,+16.5,+17.0,+17.0
2023-02-07 01:00,1,+51.1,+32.0,+13.6,+7.8,+33.0,+45.5,+16.5,+16.5,+16.5,+16.0,+16.5,+17.0,+17.0
2023-02-07 02:00,1,+51.9,+32.3,+13.6,+7.8,+33.0,+45.5,+16.5,+16.5,+16.5,+16.0,+16.5,+17.0,+17.0
2023-02-07 03:00,1,+52.3,+32.5,+13.6,+7.8,+33.0,+45.5,+16.5,+16.5,+16.5,+16.5,+16.5,+17.0,+17.0
2023-02-07 04:00,1,+52.3,+32.6,+13.6,+7.8,+33.0,+45.4,+16.5,+16.5,+16.5,+16.0,+17.0,+17.0,+17.0
2023-02-07 05:00,1,+52.8,+32.8,+13.6,+7.8,+33.0,+45.4,+16.5,+16.5,+16.5,+16.5,+17.0,+17.0,+17.0
2023-02-07 06:00,1,+52.9,+32.9,+13.6,+7.8,+33.0,+45.4,+16.5,+16.0,+16.5,+16.5,+17.0,+17.0,+17.0
2023-02-07 07:00,1,+53.2,+33.0,+13.6,+7.8,+33.0,+45.4,+16.5,+16.5,+16.5,+16.0,+16.5,+17.0,+17.0
2023-02-07 08:00,1,+53.4,+33.0,+13.6,+7.8,+33.0,+45.4,+16.5,+16.0,+16.5,+16.0,+17.0,+17.0,+17.0
2023-02-07 09:00,1,+53.7,+33.1,+13.6,+7.8,+33.0,+45.4,+16.5,+16.0,+16.5,+16.5,+16.5,+17.0,+17.0
2023-02-07 10:00,1,+53.8,+33.1,+13.6,+7.8,+33.0,+45.4,+16.5,+16.0,+16.5,+16.0,+16.5,+17.0,+17.0
2023-02-07 11:00,1,+53.6,+33.1,+13.6,+7.8,+32.9,+45.4,+16.5,+16.0,+16.5,+16.5,+17.0,+17.0,+17.0
2023-02-07 12:00,1,+53.4,+33.1,+13.6,+7.8,+32.9,+45.4,+16.5,+16.5,+16.5,+16.5,+17.0,+17.0,+17.0
2023-02-07 13:00,1,+53.2,+33.2,+13.6,+7.8,+32.9,+45.2,+16.5,+16.5,+16.5,+16.5,+16.5,+17.0,+17.0
2023-02-07 14:00,1,+53.0,+33.2,+13.6,+7.6,+32.9,+45.2,+16.5,+16.5,+16.5,+16.5,+17.0,+17.0,+17.0
2023-02-07 15:00,1,+52.8,+33.2,+13.6,+7.6,+32.9,+45.2,+17.0,+16.5,+16.5,+16.5,+17.0,+17.0,+17.0
2023-02-07 16:00,1,+52.7,+33.2,+13.6,+7.6,+32.9,+45.2,+17.0,+16.5,+16.5,+16.5,+17.0,+17.0,+17.0
2023-02-07 17:00,1,+52.6,+33.2,+13.8,+7.6,+32.9,+45.2,+17.0,+16.5,+16.5,+16.5,+17.0,+17.0,+17.0
2023-02-07 18:00,1,+52.5,+33.2,+13.8,+7.6,+32.9,+45.2,+17.0,+16.5,+16.5,+16.5,+17.0,+17.0,+17.0
2023-02-07 19:00,1,+52.3,+33.3,+13.8,+7.6,+32.9,+45.2,+17.0,+16.5,+16.5,+16.5,+17.0,+17.0,+17.0
2023-02-07 20:00,1,+52.2,+33.3,+13.8,+7.6,+32.9,+45.2,+17.0,+16.5,+16.5,+16.5,+16.5,+17.0,+17.0
2023-02-07 21:00,1,+52.1,+33.3,+13.8,+7.6,+32.9,+45.2,+17.0,+16.5,+16.5,+16.5,+17.0,+17.0,+17.0
2023-02-07 22:00,1,+52.0,+33.3,+13.8,+7.6,+32.9,+45.2,+17.0,+16.5,+16.5,+16.5,+17.0,+17.0,+17.0
2023-02-07 23:00,1,+51.9,+33.3,+13.8,+7.6,+32.9,+45.2,+17.0,+16.5,+16.5,+16.5,+17.0,+17.0,+17.0
2023-02-08 00:00,1,+51.7,+33.3,+13.8,+7.6,+32.9,+45.2,+16.5,+16.5,+16.5,+16.5,+17.0,+17.0,+17.0
2023-02-08 01:00,1,+51.6,+33.3,+13.8,+7.6,+32.9,+45.2,+16.5,+16.5,+16.5,+16.5,+17.0,+17.0,+17.0
2023-02-08 02:00,1,+51.5,+33.3,+13.8,+7.6,+32.9,+45.2,+16.5,+16.5,+16.5,+16.5,+17.0,+17.0,+17.0
2023-02-08 03:00,1,+51.3,+33.3,+13.8,+7.6,+32.9,+45.2,+16.5,+16.5,+16.5,+16.5,+17.0,+17.0,+17.0
2023-02-08 04:00,1,+51.2,+33.3,+13.8,+7.6,+32.9,+45.2,+16.5,+16.5,+16.5,+16.5,+16.5,+17.0,+17.0
2023-02-08 05:00,1,+51.1,+33.3,+13.8,+7.6,+32.9,+45.2,+16.5,+16.5,+16.5,+16.5,+17.0,+17.0,+17.0
2023-02-08 06:00,1,+51.0,+33.3,+13.8,+7.6,+32.9,+45.2,+16.5,+16.5,+16.5,+16.5,+17.0,+17.0,+17.0
2023-02-08 07:00,1,+50.9,+33.3,+13.8,+7.6,+32.9,+45.2,+16.5,+16.5,+16.5,+16.5,+17.0,+17.0,+17.0
2023-02-08 08:00,1,+50.7,+33.3,+13.8,+7.6,+32.9,+45.2,+16.5,+16.5,+16.5,+16.5,+17.0,+17.0,+17.0
2023-02-08 09:00,1,+50.7,+33.3,+13.8,+7.6,+32.9,+45.2,+16.5,+16.5,+16.5,+16.5,+17.0,+17.0,+17.0
2023-02-08 10:00,1,+50.6,+33.3,+13.8,+7.6,+32.9,+45.0,+16.5,+16.5,+16.5,+16.5,+17.0,+17.0,+17.0
2023-02-08 11:00,1,+50.5,+33.3,+13.8,+7.6,+32.7,+45.0,+16.5,+16.5,+16.5,+16.5,+17.0,+17.0,+17.0
2023-02-08 12:00,1,+50.4,+33.3,+13.8,+7.6,+32.7,+45.0,+16.5,+16.5,+16.5,+16.5,+17.0,+17.0,+17.0
2023-02-08 13:00,1,+50.3,+33.3,+13.8,+7.6,+32.7,+45.0,+16.5,+16.5,+16.5,+16.5,+17.0,+17.0,+17.0
2023-02-08 14:00,1,+50.2,+33.3,+13.8,+7.6,+32.7,+45.0,+17.0,+16.5,+16.5,+16.5,+17.0,+17.0,+17.0
2023-02-08 15:00,1,+50.1,+33.3,+13.8,+7.6,+32.7,+45.0,+17.0,+16.5,+16.5,+16.5,+17.0,+17.0,+17.0
2023-02-08 16:00,1,+50.1,+33.3,+13.8,+7.6,+32.7,+45.0,+17.0,+16.5,+16.5,+16.5,+17.0,+17.0,+17.0
2023-02-08 17:00,1,+50.0,+33.3,+13.8,+7.6,+32.7,+45.0,+17.0,+16.5,+16.5,+16.5,+17.0,+17.0,+17.0
2023-02-08 18:00,1,+50.0,+33.3,+13.8,+7.6,+32.7,+45.0,+17.0,+16.5,+16.5,+16.5,+17.0,+17.0,+17.0
2023-02-08 19:00,1,+50.0,+33.4,+13.8,+7.6,+32.7,+45.0,+17.0,+16.5,+16.5,+16.5,+17.0,+17.0,+17.0
2023-02-08 20:00,1,+50.0,+33.4,+13.8,+7.6,+32.7,+45.0,+17.0,+16.5,+16.5,+16.5,+17.0,+17.0,+17.0
2023-02-08 21:00,1,+50.0,+33.4,+13.8,+7.6,+32.7,+45.0,+17.0,+16.5,+16.5,+16.5,+17.0,+17.0,+17.0
2023-02-08 22:00,1,+50.0,+33.4,+13.8,+7.6,+32.7,+45.0,+17.0,+16.5,+16.5,+16.5,+17.0,+17.0,+17.0
2023-02-08 23:00,1,+49.9,+33.4,+13.8,+7.6,+32.7,+45.0,+17.0,+16.5,+16.5,+16.5,+17.0,+17.0,+17.0
2023-02-09 00:00,1,+49.9,+33.5,+13.8,+7.6,+32.7,+45.0,+17.0,+16.5,+16.5,+16.5,+17.0,+17.0,+17.0
2023-02-09 01:00,1,+49.8,+33.5,+13.8,+7.6,+32.7,+45.0,+17.0,+16.5,+16.5,+16.5,+17.0,+17.0,+17.0
2023-02-09 02:00,1,+49.8,+33.5,+13.8,+7.6,+32.7,+45.0,+17.0,+16.5,+16.5,+16.5,+17.0,+17.0,+17.0
2023-02-09 03:00,1,+49.8,+33.5,+13.8,+7.6,+32.7,+45.0,+16.5,+16.5,+16.5,+16.5,+17.0,+17.0,+17.0
2023-02-09 04:00,1,+49.7,+33.5,+13.8,+7.6,+32.7,+45.0,+16.5,+16.5,+16.5,+16.5,+17.0,+17.0,+17.0
2023-02-09 05:00,1,+49.7,+33.5,+13.8,+7.6,+32.7,+45.0,+16.5,+16.5,+16.5,+16.5,+17.0,+17.0,+17.0
2023-02-09 06:00,1,+49.7,+33.5,+13.8,+7.6,+32.7,+45.0,+16.5,+16.5,+16.5,+16.5,+17.0,+17.0,+17.0
2023-02-09 07:00,1,+49.6,+33.5,+13.8,+7.6,+32.7,+44.9,+16.5,+16.5,+16.5,+16.5,+17.0,+17.0,+17.0
2023-02-09 08:00,1,+49.6,+33.5,+13.8,+7.6,+32.7,+44.9,+16.5,+16.5,+16.5,+16.5,+17.0,+17.0,+17.0
2023-02-09 09:00,1,+49.5,+33.5,+13.8,+7.6,+32.7,+44.9,+16.5,+16.5,+16.5,+16.5,+17.0,+17.0,+17.0
2023-02-09 10:00,1,+49.5,+33.5,+13.8,+7.6,+32.7,+44.9,+16.5,+16.5,+16.5,+16.5,+17.0,+17.0,+17.0
2023-02-09 11:00,1,+49.4,+33.5,+13.8,+7.6,+32.7,+44.9,+16.5,+16.5,+16.5,+16.5,+17.0,+17.0,+17.0
2023-02-09 12:00,1,+49.4,+33.5,+13.8,+7.6,+32.7,+44.9,+16.5,+16.5,+16.5,+16.5,+17.0,+17.0,+17.0
2023-02-09 13:00,1,+49.4,+33.5,+13.8,+7.6,+32.7,+44.9,+17.0,+16.5,+16.5,+16.5,+17.0,+17.0,+17.0
2023-02-09 14:00,1,+49.3,+33.5,+13.8,+7.6,+32.7,+44.9,+17.0,+16.5,+16.5,+16.5,+17.0,+17.0,+17.0
2023-02-09 15:00,1,+49.2,+33.5,+13.8,+7.6,+32.7,+44.9,+17.0,+16.5,+16.5,+16.5,+17.0,+17.0,+17.0
2023-02-09 16:00,1,+49.2,+33.5,+13.8,+7.6,+32.7,+44.9,+17.0,+16.5,+16.5,+16.5,+17.0,+17.0,+17.0
2023-02-09 17:00,1,+49.2,+33.4,+13.8,+7.6,+32.7,+44.9,+17.0,+16.5,+16.5,+16.5,+17.0,+17.0,+17.0
2023-02-09 18:00,1,+49.2,+33.5,+13.8,+7.6,+32.7,+44.9,+17.5,+16.5,+16.5,+16.5,+17.0,+17.0,+17.0
2023-02-09 19:00,1,+49.1,+33.5,+13.8,+7.6,+32.7,+44.7,+17.0,+16.5,+16.5,+16.5,+17.0,+17.0,+17.0
2023-02-09 20:00,1,+49.1,+33.5,+13.8,+7.6,+32.7,+44.7,+17.0,+17.0,+16.5,+16.5,+17.0,+17.0,+17.0
2023-02-09 21:00,1,+49.1,+33.5,+13.8,+7.6,+32.7,+44.7,+17.0,+16.5,+16.5,+16.5,+17.0,+17.0,+17.0
2023-02-09 22:00,1,+49.1,+33.5,+13.8,+7.6,+32.7,+44.7,+17.0,+17.0,+16.5,+16.5,+17.0,+17.0,+17.0
2023-02-09 23:00,1,+49.0,+33.5,+13.8,+7.6,+32.7,+44.7,+17.0,+17.0,+16.5,+16.5,+17.0,+17.0,+17.0
2023-02-10 00:00,1,+49.0,+33.5,+13.8,+7.6,+32.7,+44.7,+17.0,+16.5,+16.5,+16.5,+17.0,+17.0,+17.0
2023-02-10 01:00,1,+49.0,+33.5,+13.8,+7.6,+32.7,+44.7,+17.0,+16.5,+16.5,+16.5,+17.0,+17.0,+17.0
2023-02-10 02:00,1,+48.9,+33.5,+13.8,+7.6,+32.7,+44.7,+17.0,+16.5,+16.5,+16.5,+17.0,+17.0,+17.0
2023-02-10 03:00,1,+48.9,+33.5,+13.8,+7.6,+32.7,+44.7,+16.5,+16.5,+16.5,+16.5,+17.0,+17.0,+17.0
2023-02-10 04:00,1,+48.8,+33.5,+13.8,+7.6,+32.7,+44.7,+16.5,+16.5,+16.5,+16.5,+17.0,+17.0,+17.0
2023-02-10 05:00,1,+48.8,+33.5,+13.8,+7.6,+32.7,+44.7,+16.5,+16.5,+17.0,+16.5,+17.0,+17.0,+17.0
2023-02-10 06:00,1,+48.8,+33.5,+13.8,+7.6,+32.7,+44.7,+16.5,+16.5,+16.5,+16.5,+17.0,+17.0,+17.0
2023-02-10 07:00,1,+48.7,+33.5,+13.8,+7.6,+32.7,+44.7,+16.5,+16.5,+16.5,+16.5,+17.0,+17.0,+17.0
2023-02-10 08:00,1,+48.7,+33.5,+13.8,+7.6,+32.7,+44.7,+16.5,+16.5,+16.5,+16.5,+17.0,+17.0,+17.0
2023-02-10 09:00,1,+48.7,+33.5,+13.8,+7.6,+32.7,+44.7,+16.5,+16.5,+16.5,+16.5,+17.0,+17.0,+17.0
2023-02-10 10:00,1,+48.6,+33.5,+13.8,+7.6,+32.7,+44.7,+16.5,+16.5,+16.5,+16.5,+17.0,+17.0,+17.0
2023-02-10 11:00,1,+48.6,+33.5,+13.8,+7.6,+32.7,+44.7,+16.5,+16.5,+16.5,+16.5,+17.0,+17.0,+17.0
2023-02-10 12:00,1,+48.6,+33.5,+13.8,+7.6,+32.7,+44.7,+17.0,+16.5,+16.5,+16.5,+17.0,+17.0,+17.0
2023-02-10 13:00,1,+48.5,+33.5,+13.8,+7.6,+32.7,+44.7,+17.0,+16.5,+16.5,+16.5,+17.0,+17.0,+17.0
2023-02-10 14:00,1,+48.5,+33.5,+13.8,+7.6,+32.7,+44.7,+17.0,+16.5,+16.5,+16.5,+17.0,+17.0,+17.0
2023-02-10 15:00,1,+48.4,+33.4,+13.8,+7.6,+32.7,+44.7,+17.0,+16.5,+16.5,+16.5,+17.0,+17.0,+17.0
2023-02-10 16:00,1,+48.4,+33.4,+13.8,+7.6,+32.7,+44.7,+17.0,+16.5,+16.5,+16.5,+17.0,+17.0,+17.0
2023-02-10 17:00,1,+48.4,+33.4,+13.8,+7.6,+32.7,+44.7,+17.0,+16.5,+16.5,+16.5,+17.0,+17.0,+17.0
2023-02-10 18:00,1,+48.4,+33.4,+13.8,+7.6,+32.7,+44.5,+17.0,+16.5,+16.5,+16.5,+17.0,+17.0,+17.0
2023-02-10 19:00,1,+48.3,+33.4,+13.8,+7.6,+32.7,+44.5,+17.0,+16.5,+16.5,+16.5,+17.0,+17.0,+17.0
2023-02-10 20:00,1,+48.3,+33.4,+13.8,+7.6,+32.7,+44.5,+17.0,+16.5,+16.5,+16.5,+17.0,+17.0,+17.0
2023-02-10 21:00,1,+48.3,+33.4,+13.8,+7.6,+32.7,+44.5,+17.0,+16.5,+16.5,+16.5,+17.0,+17.0,+17.0
2023-02-10 22:00,1,+48.3,+33.4,+13.8,+7.6,+32.5,+44.5,+17.0,+16.5,+16.5,+16.5,+17.0,+17.0,+17.0
2023-02-10 23:00,1,+48.2,+33.4,+13.8,+7.6,+32.5,+44.5,+17.0,+16.5,+16.5,+16.5,+17.0,+17.0,+17.0
2023-02-11 00:00,1,+48.2,+33.4,+13.8,+7.5,+32.5,+44.5,+17.0,+16.5,+16.5,+16.5,+17.0,+17.0,+17.0
2023-02-11 01:00,1,+48.2,+33.4,+13.8,+7.6,+32.5,+44.5,+16.5,+16.5,+16.5,+16.5,+17.0,+17.0,+17.0
2023-02-11 02:00,1,+48.2,+33.4,+13.8,+7.5,+32.5,+44.5,+16.5,+16.5,+16.5,+16.5,+17.0,+17.0,+17.0
2023-02-11 03:00,1,+48.1,+33.4,+13.8,+7.5,+32.5,+44.5,+16.5,+16.5,+16.5,+16.5,+17.0,+17.0,+17.0
2023-02-11 04:00,1,+48.1,+33.4,+13.8,+7.5,+32.5,+44.5,+16.5,+16.5,+16.5,+16.5,+17.0,+17.0,+17.0
2023-02-11 05:00,1,+48.1,+33.4,+13.8,+7.5,+32.5,+44.5,+16.5,+16.5,+16.5,+16.5,+17.0,+17.0,+17.0
2023-02-11 06:00,1,+48.1,+33.4,+13.8,+7.5,+32.5,+44.5,+16.5,+16.5,+16.5,+16.5,+17.0,+17.0,+17.0
2023-02-11 07:00,1,+48.0,+33.4,+13.8,+7.5,+32.5,+44.5,+16.5,+16.5,+16.5,+16.5,+17.0,+17.0,+17.0
2023-02-11 08:00,1,+48.0,+33.4,+14.0,+7.5,+32.5,+44.5,+16.5,+16.5,+16.5,+16.5,+17.0,+17.0,+17.0
2023-02-11 09:00,1,+48.0,+33.4,+14.0,+7.5,+32.5,+44.5,+16.5,+16.5,+16.5,+16.5,+17.0,+17.0,+17.0
2023-02-11 10:00,1,+47.9,+33.4,+14.0,+7.5,+32.5,+44.5,+16.5,+16.5,+16.5,+16.5,+17.0,+17.0,+17.0
2023-02-11 11:00,1,+47.9,+33.3,+14.0,+7.5,+32.5,+44.5,+16.5,+16.5,+16.5,+16.5,+17.0,+17.0,+17.0
2023-02-11 12:00,1,+47.9,+33.3,+14.0,+7.5,+32.5,+44.5,+16.5,+16.5,+16.5,+16.5,+17.0,+17.0,+17.0
2023-02-11 13:00,1,+47.8,+33.3,+14.0,+7.5,+32.5,+44.5,+17.0,+16.5,+16.5,+16.5,+17.0,+17.0,+17.0
2023-02-11 14:00,1,+47.8,+33.3,+14.0,+7.5,+32.5,+44.5,+17.0,+16.5,+16.5,+16.5,+17.0,+17.0,+17.0
2023-02-11 15:00,1,+47.7,+33.3,+14.0,+7.5,+32.5,+44.5,+17.0,+16.5,+16.5,+16.5,+17.0,+17.0,+17.0
2023-02-11 16:00,1,+47.6,+33.3,+13.8,+7.5,+32.5,+44.5,+17.0,+16.5,+16.5,+16.5,+17.0,+17.0,+17.0
2023-02-11 17:00,1,+47.6,+33.2,+13.8,+7.5,+32.5,+44.5,+17.0,+16.5,+16.5,+16.5,+17.0,+17.0,+17.0
2023-02-11 18:00,1,+47.6,+33.2,+13.8,+7.5,+32.5,+44.5,+17.0,+16.5,+16.5,+16.5,+17.0,+17.0,+17.0
2023-02-11 19:00,1,+47.6,+33.2,+13.8,+7.5,+32.5,+44.4,+17.0,+16.5,+16.5,+16.5,+17.0,+17.0,+17.0
2023-02-11 20:00,1,+47.6,+33.2,+13.8,+7.5,+32.5,+44.4,+17.0,+16.5,+16.5,+16.5,+17.0,+17.0,+17.0
2023-02-11 21:00,1,+47.5,+33.2,+13.8,+7.5,+32.5,+44.4,+17.0,+16.5,+16.5,+16.5,+17.0,+17.0,+17.0
2023-02-11 22:00,1,+47.5,+33.2,+13.8,+7.5,+32.5,+44.4,+17.0,+17.0,+16.5,+16.5,+17.0,+17.0,+17.0
2023-02-11 23:00,1,+47.5,+33.1,+13.8,+7.5,+32.5,+44.4,+17.0,+17.0,+16.5,+16.5,+17.0,+17.0,+17.0
2023-02-12 00:00,1,+47.4,+33.1,+13.8,+7.5,+32.5,+44.4,+17.0,+16.5,+16.5,+16.5,+17.0,+17.0,+17.0
2023-02-12 01:00,1,+47.4,+33.0,+13.8,+7.5,+32.5,+44.4,+16.5,+16.5,+16.5,+16.5,+17.0,+17.0,+17.0
2023-02-12 02:00,1,+47.3,+33.0,+13.8,+7.5,+32.5,+44.4,+16.5,+16.5,+17.0,+16.5,+17.0,+17.0,+17.0
2023-02-12 03:00,1,+47.3,+33.0,+13.8,+7.5,+32.5,+44.4,+16.5,+16.5,+16.5,+16.5,+17.0,+17.0,+17.0
2023-02-12 04:00,1,+47.3,+33.0,+13.8,+7.5,+32.5,+44.4,+16.5,+16.5,+16.5,+16.5,+17.0,+17.0,+17.0
2023-02-12 05:00,1,+47.2,+33.0,+13.8,+7.5,+32.5,+44.4,+16.5,+16.5,+16.5,+16.5,+17.0,+17.0,+17.0
2023-02-12 06:00,1,+47.2,+33.0,+13.8,+7.5,+32.5,+44.4,+16.5,+16.5,+16.5,+16.5,+17.0,+17.0,+17.0
2023-02-12 07:00,1,+47.1,+32.9,+13.8,+7.5,+32.5,+44.2,+16.5,+16.5,+16.5,+16.5,+17.0,+17.0,+17.0
2023-02-12 08:00,1,+47.1,+32.9,+13.8,+7.5,+32.5,+44.2,+16.5,+16.5,+16.5,+16.5,+17.0,+17.0,+17.0
2023-02-12 09:00,1,+47.0,+32.8,+13.8,+7.5,+32.5,+44.2,+16.5,+16.5,+16.5,+16.5,+17.0,+17.0,+17.0
2023-02-12 10:00,1,+47.0,+32.7,+13.8,+7.5,+32.5,+44.2,+16.5,+16.5,+16.5,+16.5,+17.0,+17.0,+17.0
2023-02-12 11:00,1,+46.9,+32.7,+13.8,+7.5,+32.5,+44.2,+16.5,+16.5,+16.5,+16.5,+17.0,+17.0,+17.0
2023-02-12 12:00,1,+46.9,+32.6,+13.8,+7.5,+32.5,+44.2,+16.5,+16.5,+16.5,+16.5,+17.0,+17.0,+17.0
2023-02-12 13:00,1,+46.8,+32.5,+13.8,+7.5,+32.5,+44.2,+16.5,+16.5,+16.5,+16.5,+17.0,+17.0,+17.0
2023-02-12 14:00,1,+46.7,+32.5,+13.8,+7.5,+32.5,+44.2,+17.0,+16.5,+16.5,+16.5,+17.0,+17.0,+17.0
2023-02-12 15:00,1,+46.6,+32.4,+13.8,+7.5,+32.5,+44.2,+17.0,+16.5,+16.5,+16.5,+17.0,+17.0,+17.0
2023-02-12 16:00,1,+46.5,+32.4,+13.8,+7.5,+32.5,+44.2,+17.0,+16.5,+16.5,+16.5,+17.0,+17.0,+17.0
2023-02-12 17:00,1,+46.5,+32.3,+13.8,+7.5,+32.5,+44.2,+17.0,+16.5,+16.5,+16.5,+17.0,+17.0,+17.0
2023-02-12 18:00,1,+46.5,+32.3,+13.8,+7.5,+32.5,+44.2,+17.0,+16.5,+16.5,+16.5,+17.0,+17.0,+17.0
2023-02-12 19:00,1,+46.5,+32.3,+13.8,+7.5,+32.5,+44.2,+17.0,+16.5,+16.5,+16.5,+17.0,+17.0,+17.0
2023-02-12 20:00,1,+46.5,+32.2,+13.8,+7.5,+32.5,+44.2,+17.0,+16.5,+16.5,+16.5,+17.0,+17.0,+17.0
2023-02-12 21:00,1,+46.5,+32.2,+13.8,+7.5,+32.5,+44.2,+17.0,+16.5,+16.5,+16.5,+17.0,+17.0,+17.0
2023-02-12 22:00,1,+46.5,+32.2,+13.8,+7.5,+32.5,+44.2,+17.0,+16.5,+16.5,+16.5,+17.0,+17.0,+17.0
2023-02-12 23:00,1,+46.6,+32.1,+13.8,+7.5,+32.5,+44.2,+17.0,+16.5,+16.5,+16.5,+17.0,+17.0,+17.0
2023-02-13 00:00,1,+46.7,+32.1,+13.8,+7.5,+32.5,+44.2,+16.5,+16.5,+16.5,+16.5,+17.0,+17.0,+17.0
2023-02-13 01:00,1,+46.8,+32.0,+13.8,+7.5,+32.5,+44.2,+16.5,+16.5,+16.5,+16.5,+17.0,+17.0,+17.0
2023-02-13 02:00,1,+46.9,+32.0,+13.8,+7.5,+32.5,+44.2,+16.5,+16.5,+16.5,+16.5,+17.0,+17.0,+17.0
2023-02-13 03:00,1,+47.0,+32.0,+13.8,+7.5,+32.5,+44.2,+16.5,+16.5,+16.5,+16.5,+17.0,+17.0,+17.0
2023-02-13 04:00,1,+47.6,+32.3,+13.8,+7.5,+32.5,+44.2,+16.5,+16.5,+16.5,+16.5,+17.0,+17.0,+17.0
2023-02-13 05:00,1,+48.1,+32.8,+13.8,+7.5,+32.5,+44.2,+16.5,+16.5,+16.5,+16.5,+17.0,+17.0,+17.0
2023-02-13 06:00,1,+48.5,+33.1,+13.8,+7.5,+32.5,+44.2,+16.5,+16.5,+16.5,+16.5,+17.0,+17.0,+17.0
2023-02-13 07:00,1,+48.7,+33.3,+13.8,+7.5,+32.5,+44.2,+16.5,+16.5,+16.5,+16.5,+17.0,+17.0,+17.0
2023-02-13 08:00,1,+48.8,+33.3,+13.8,+7.5,+32.5,+44.0,+16.5,+16.5,+16.5,+16.5,+17.0,+17.0,+17.0
2023-02-13 09:00,1,+48.9,+33.4,+13.8,+7.5,+32.5,+44.0,+16.5,+16.5,+16.5,+16.5,+17.0,+17.0,+17.0
2023-02-13 10:00,1,+48.8,+33.4,+13.8,+7.5,+32.5,+44.0,+16.5,+16.5,+16.5,+16.5,+17.0,+17.0,+17.0
2023-02-13 11:00,1,+48.8,+33.4,+13.8,+7.5,+32.4,+44.0,+16.5,+16.5,+16.5,+16.5,+17.0,+17.0,+17.0
2023-02-13 12:00,1,+48.8,+33.5,+13.8,+7.5,+32.4,+44.0,+16.5,+16.5,+16.5,+16.5,+17.0,+17.0,+17.0
2023-02-13 13:00,1,+48.7,+33.5,+13.8,+7.5,+32.4,+44.0,+16.5,+16.5,+16.5,+16.5,+17.0,+17.0,+17.0
2023-02-13 14:00,1,+48.7,+33.5,+13.8,+7.5,+32.4,+44.0,+17.0,+16.5,+16.5,+16.5,+17.0,+17.0,+17.0
2023-02-13 15:00,1,+48.6,+33.5,+13.8,+7.5,+32.4,+44.0,+17.0,+16.5,+16.5,+16.5,+17.0,+17.0,+17.0
2023-02-13 16:00,1,+48.6,+33.5,+13.8,+7.5,+32.4,+44.0,+17.0,+16.5,+16.5,+16.5,+17.0,+17.0,+17.0
2023-02-13 17:00,1,+48.6,+33.5,+13.8,+7.5,+32.4,+44.0,+17.0,+16.5,+16.5,+16.5,+17.0,+17.0,+17.0
2023-02-13 18:00,1,+48.5,+33.5,+13.8,+7.4,+32.4,+44.0,+17.0,+16.5,+16.5,+16.5,+17.0,+17.0,+17.0
2023-02-13 19:00,1,+48.5,+33.6,+13.8,+7.4,+32.4,+44.0,+17.0,+16.5,+16.5,+16.5,+17.0,+17.0,+17.0
2023-02-13 20:00,1,+48.5,+33.6,+13.8,+7.4,+32.4,+44.0,+17.0,+16.5,+16.5,+16.5,+17.0,+17.0,+17.0
2023-02-13 21:00,1,+48.4,+33.6,+13.8,+7.4,+32.4,+44.0,+17.0,+16.5,+16.5,+16.5,+17.0,+17.0,+17.0
2023-02-13 22:00,1,+48.4,+33.6,+13.8,+7.4,+32.4,+44.0,+17.0,+16.5,+16.5,+16.5,+17.0,+17.0,+17.0
2023-02-13 23:00,1,+48.4,+33.6,+13.8,+7.4,+32.4,+44.0,+16.5,+16.5,+16.5,+16.5,+17.0,+17.0,+17.0
2023-02-14 00:00,1,+48.3,+33.6,+13.8,+7.4,+32.4,+44.0,+16.5,+16.5,+16.5,+16.5,+17.0,+17.0,+17.0
2023-02-14 01:00,1,+48.3,+33.6,+13.8,+7.4,+32.4,+44.0,+16.5,+16.5,+16.5,+16.5,+17.0,+17.0,+17.0
2023-02-14 02:00,1,+48.3,+33.6,+13.8,+7.4,+32.4,+44.0,+16.5,+16.5,+16.5,+16.5,+17.0,+17.0,+17.0
2023-02-14 03:00,1,+48.2,+33.6,+13.8,+7.4,+32.4,+44.0,+16.5,+16.5,+16.5,+16.5,+17.0,+17.0,+17.0
2023-02-14 04:00,1,+48.2,+33.6,+13.8,+7.4,+32.4,+44.0,+16.5,+16.5,+16.5,+16.5,+17.0,+17.0,+17.0
2023-02-14 05:00,1,+48.1,+33.6,+13.8,+7.4,+32.4,+44.0,+16.5,+16.5,+16.5,+16.5,+17.0,+17.0,+17.0
2023-02-14 06:00,1,+48.1,+33.6,+13.8,+7.4,+32.4,+44.0,+16.5,+16.5,+16.5,+16.5,+17.0,+17.0,+17.0
2023-02-14 07:00,1,+48.1,+33.6,+13.8,+7.4,+32.4,+44.0,+16.5,+16.5,+16.5,+16.5,+17.0,+17.0,+17.0
2023-02-14 08:00,1,+48.0,+33.6,+13.8,+7.4,+32.4,+44.0,+16.5,+16.5,+16.5,+16.5,+17.0,+17.0,+17.0
2023-02-14 09:00,1,+48.0,+33.5,+13.8,+7.4,+32.4,+44.0,+16.5,+16.5,+16.5,+16.5,+17.0,+17.0,+17.0
2023-02-14 10:00,1,+48.0,+33.5,+13.8,+7.4,+32.4,+43.9,+16.5,+16.5,+16.5,+16.5,+17.0,+17.0,+17.0
2023-02-14 11:00,1,+48.0,+33.5,+13.8,+7.4,+32.4,+43.9,+16.5,+16.5,+16.5,+16.5,+17.0,+17.0,+17.0
2023-02-14 12:00,1,+47.9,+33.5,+13.8,+7.4,+32.4,+43.9,+16.5,+16.5,+16.5,+16.5,+17.0,+17.0,+17.0
2023-03-29 09:06,1,+48.6,+31.3,+17.2,+13.6,+37.5,+47.5,+17.0,+17.0,+17.0,+17.0,+17.5,+17.5,+17.0
2023-07-10 08:41,1,+59.9,+54.6,+40.5,+38.2,+57.9,+68.5,+19.0,+19.0,+19.0,+18.5,+19.0,+19.0,+19.0
2023-07-10 09:41,1,(Error)
2023-07-10 10:41,1,(Error)