
2023-11-07 09:52,3,+31.6,+36.2,+25.0,+20.3,+23.6,+27.6,+19.6,+19.3,+19.6,+19.5,+20.0,+19.7,+19.8
2023-11-07 10:52,3,+31.6,+36.2,+25.0,+20.3,+23.6,+27.5,+19.6,+19.3,+19.6,+19.5,+20.0,+19.7,+19.8
2023-11-07 11:52,3,+31.4,+36.2,+25.0,+20.4,+23.6,+27.5,+19.7,+19.5,+19.6,+19.5,+20.0,+19.7,+19.8
2023-11-07 12:52,3,+31.4,+36.1,+25.0,+20.2,+23.5,+27.4,+19.8,+19.5,+19.6,+19.5,+20.0,+19.7,+19.8
2023-11-07 13:52,3,+31.4,+36.0,+24.9,+20.3,+23.6,+27.4,+20.0,+19.5,+19.6,+19.5,+20.0,+19.7,+19.8
2023-11-07 14:52,3,+31.3,+36.1,+24.9,+20.3,+23.5,+27.4,+20.0,+19.6,+19.6,+19.5,+20.0,+19.7,+20.0
2023-11-07 15:52,3,+31.2,+35.8,+24.9,+20.2,+23.5,+27.3,+20.0,+19.6,+19.7,+19.5,+20.0,+19.7,+20.0
2023-11-07 16:52,3,+31.2,+35.8,+24.9,+20.1,+23.4,+27.3,+20.0,+19.6,+19.6,+19.5,+20.0,+19.7,+20.0
2023-11-07 17:52,3,+31.2,+35.8,+24.8,+20.1,+23.4,+27.3,+20.0,+19.6,+19.7,+19.5,+20.0,+19.7,+20.0
2023-11-07 18:52,3,+31.3,+35.8,+24.8,+20.1,+23.4,+27.2,+20.0,+19.6,+19.7,+19.5,+20.0,+19.7,+20.0
2023-11-07 19:52,3,+31.3,+35.8,+24.8,+20.2,+23.4,+27.2,+20.0,+19.7,+19.7,+19.5,+20.0,+19.8,+20.0
2023-11-07 20:52,3,+31.6,+35.8,+24.8,+20.0,+23.3,+27.2,+20.0,+19.7,+19.7,+19.6,+20.0,+19.7,+20.0
2023-11-07 21:52,3,+32.3,+35.8,+24.8,+20.2,+23.3,+27.2,+20.0,+19.7,+19.7,+19.6,+20.0,+19.7,+20.0
2023-11-07 22:52,3,+32.3,+35.8,+24.7,+20.0,+23.3,+27.1,+19.8,+19.7,+19.7,+19.6,+20.0,+19.7,+20.0
2023-11-07 23:52,3,+32.1,+35.8,+24.7,+20.0,+23.2,+27.1,+19.8,+19.7,+19.7,+19.6,+20.0,+19.8,+20.0
2023-11-08 00:52,3,+32.0,+35.8,+24.7,+20.0,+23.2,+27.1,+19.7,+19.7,+19.8,+19.6,+20.0,+19.8,+20.0
2023-11-08 01:52,3,+31.8,+35.8,+24.7,+20.1,+23.2,+27.1,+19.8,+19.7,+19.8,+19.6,+20.1,+19.8,+20.0
2023-11-08 02:52,3,+31.8,+35.9,+24.7,+20.1,+23.2,+27.1,+19.7,+19.7,+19.8,+19.6,+20.0,+19.8,+20.0
2023-11-08 03:52,3,+31.7,+35.9,+24.7,+20.1,+23.2,+27.0,+19.7,+19.7,+19.8,+19.6,+20.1,+19.8,+20.0
2023-11-08 04:52,3,+31.7,+35.9,+24.7,+20.0,+23.2,+27.0,+19.6,+19.7,+19.8,+19.6,+20.1,+19.8,+20.0
2023-11-08 05:52,3,+31.7,+35.9,+24.7,+19.9,+23.2,+27.0,+19.7,+19.7,+19.8,+19.7,+20.1,+19.8,+20.0
2023-11-08 06:52,3,+31.5,+35.9,+24.7,+20.0,+23.2,+27.0,+19.6,+19.6,+19.8,+19.6,+20.1,+19.8,+20.0
2023-11-08 07:52,3,+31.4,+35.8,+24.7,+19.9,+23.1,+27.0,+19.6,+19.7,+19.8,+19.7,+20.1,+19.8,+20.1
2023-11-08 08:52,3,+31.4,+35.8,+24.7,+20.0,+23.2,+26.9,+19.6,+19.6,+19.8,+19.7,+20.1,+19.8,+20.0
2023-11-08 09:52,3,+31.3,+35.8,+24.7,+19.9,+23.1,+26.9,+19.7,+19.6,+19.8,+19.7,+20.1,+19.8,+20.0
2023-11-08 10:52,3,+31.3,+35.8,+24.7,+20.0,+23.1,+26.9,+19.7,+19.6,+19.8,+19.7,+20.1,+19.8,+20.0
2023-11-08 11:52,3,+31.2,+35.8,+24.7,+20.0,+23.1,+26.9,+19.8,+19.7,+19.8,+19.7,+20.1,+19.8,+20.1
2023-11-08 12:52,3,+31.1,+35.7,+24.7,+19.9,+23.1,+26.8,+20.0,+19.7,+19.8,+19.7,+20.1,+19.8,+20.0
2023-11-08 13:52,3,+31.1,+35.7,+24.7,+19.8,+23.0,+26.8,+20.0,+19.6,+19.8,+19.7,+20.1,+19.8,+20.1
2023-11-08 14:52,3,+31.2,+35.7,+24.7,+19.9,+23.0,+26.8,+20.0,+19.7,+19.8,+19.7,+20.2,+19.8,+20.1
2023-11-08 15:52,3,+31.1,+35.7,+24.7,+19.8,+23.0,+26.8,+20.1,+19.7,+19.8,+19.7,+20.1,+19.8,+20.1
2023-11-08 16:52,3,+31.1,+35.7,+24.7,+19.8,+23.0,+26.8,+20.0,+19.7,+19.8,+19.7,+20.2,+20.0,+20.1
2023-11-08 17:52,3,+31.1,+35.7,+24.7,+19.8,+23.0,+26.8,+20.0,+19.7,+20.0,+19.7,+20.1,+20.0,+20.1
2023-11-08 18:52,3,+31.1,+35.6,+24.7,+19.9,+23.0,+26.8,+20.0,+19.8,+20.0,+19.7,+20.1,+20.0,+20.1
2023-11-08 19:52,3,+30.9,+35.6,+24.7,+19.9,+23.0,+26.7,+20.0,+19.8,+20.0,+19.7,+20.2,+20.0,+20.1
2023-11-08 20:52,3,+30.9,+35.6,+24.7,+19.9,+23.0,+26.7,+20.0,+19.8,+20.0,+19.7,+20.2,+20.0,+20.1
2023-11-08 21:52,3,+30.9,+35.6,+24.6,+19.8,+22.9,+26.7,+19.8,+19.8,+20.0,+19.7,+20.2,+20.0,+20.1
2023-11-08 22:52,3,+30.9,+35.6,+24.6,+19.9,+23.0,+26.7,+19.8,+19.8,+20.0,+19.7,+20.2,+20.0,+20.1
2023-11-08 23:52,3,+30.8,+35.6,+24.6,+19.8,+22.9,+26.6,+19.7,+19.8,+20.0,+19.8,+20.2,+20.0,+20.1
2023-11-09 00:52,3,+30.8,+35.6,+24.6,+19.8,+22.9,+26.6,+19.6,+19.8,+20.0,+19.7,+20.2,+20.0,+20.1
2023-11-09 01:52,3,+30.7,+35.5,+24.6,+19.8,+22.9,+26.6,+19.6,+19.7,+20.0,+19.8,+20.2,+20.0,+20.1
2023-11-09 02:52,3,+30.7,+35.5,+24.6,+19.9,+22.9,+26.6,+19.5,+19.7,+20.0,+19.7,+20.2,+20.0,+20.1
2023-11-09 03:52,3,+30.7,+35.5,+24.6,+19.8,+22.9,+26.6,+19.5,+19.7,+20.0,+19.8,+20.2,+20.0,+20.1
2023-11-09 04:52,3,+30.6,+35.5,+24.6,+19.8,+22.9,+26.6,+19.3,+19.6,+20.0,+19.8,+20.2,+20.0,+20.1
2023-11-09 05:52,3,+30.6,+35.5,+24.6,+19.9,+22.9,+26.6,+19.3,+19.7,+20.0,+19.8,+20.2,+20.1,+20.1
2023-11-09 06:52,3,+30.6,+35.5,+24.6,+19.9,+22.9,+26.6,+19.2,+19.6,+20.0,+19.8,+20.2,+20.0,+20.1
2023-11-09 07:52,3,+30.6,+35.4,+24.6,+19.8,+22.9,+26.6,+19.3,+19.6,+20.0,+19.8,+20.2,+20.0,+20.1
2023-11-09 08:52,3,+30.5,+35.4,+24.5,+19.7,+22.9,+26.6,+19.3,+19.6,+20.0,+19.8,+20.2,+20.0,+20.2
2023-11-09 09:52,3,+30.4,+35.4,+24.5,+19.8,+22.9,+26.6,+19.3,+19.5,+20.0,+19.8,+20.3,+20.1,+20.2
2023-11-09 10:52,3,+30.4,+35.4,+24.5,+19.7,+22.8,+26.5,+19.3,+19.5,+19.8,+19.8,+20.2,+20.0,+20.1
2023-11-09 11:52,3,+30.3,+35.3,+24.5,+19.7,+22.8,+26.5,+19.5,+19.5,+20.0,+19.8,+20.2,+20.0,+20.2
2023-11-09 12:52,3,+30.3,+35.2,+24.5,+19.7,+22.8,+26.5,+19.7,+19.5,+19.8,+19.8,+20.2,+20.1,+20.1
2023-11-09 13:52,3,+30.3,+35.2,+24.5,+19.8,+22.8,+26.5,+19.8,+19.6,+19.8,+19.8,+20.2,+20.0,+20.2
2023-11-09 14:52,3,+30.2,+35.2,+24.4,+19.8,+22.8,+26.5,+19.8,+19.6,+20.0,+19.8,+20.3,+20.0,+20.2
2023-11-09 15:52,3,+30.1,+35.2,+24.4,+19.7,+22.8,+26.4,+19.8,+19.6,+19.8,+19.8,+20.2,+20.0,+20.2
2023-11-09 16:52,3,+30.1,+35.1,+24.4,+19.7,+22.8,+26.4,+19.8,+19.6,+19.8,+19.8,+20.2,+20.1,+20.2
2023-11-09 17:52,3,+30.0,+35.1,+24.4,+19.8,+22.8,+26.4,+19.8,+19.7,+20.0,+19.8,+20.3,+20.1,+20.2
2023-11-09 18:52,3,+30.0,+35.1,+24.4,+19.6,+22.7,+26.4,+19.8,+19.7,+20.0,+19.8,+20.3,+20.1,+20.2
2023-11-09 19:52,3,+30.0,+35.1,+24.4,+19.7,+22.8,+26.4,+19.7,+19.7,+20.0,+19.8,+20.3,+20.1,+20.2
2023-11-09 20:52,3,+30.0,+35.1,+24.4,+19.6,+22.7,+26.4,+19.7,+19.7,+20.0,+19.8,+20.2,+20.1,+20.2
2023-11-09 21:52,3,+29.9,+35.1,+24.4,+19.7,+22.8,+26.4,+19.7,+19.7,+20.0,+19.8,+20.3,+20.1,+20.2
2023-11-09 22:52,3,+29.9,+35.1,+24.4,+19.7,+22.7,+26.4,+19.6,+19.7,+19.8,+19.8,+20.3,+20.1,+20.2
2023-11-09 23:52,3,+29.8,+35.1,+24.4,+19.6,+22.7,+26.4,+19.6,+19.6,+20.0,+19.8,+20.3,+20.1,+20.2
2023-11-10 00:52,3,+29.8,+35.1,+24.4,+19.6,+22.7,+26.3,+19.5,+19.7,+20.0,+19.8,+20.3,+20.1,+20.2
2023-11-10 01:52,3,+29.8,+35.1,+24.4,+19.7,+22.7,+26.4,+19.3,+19.6,+20.0,+19.8,+20.3,+20.1,+20.2
2023-11-10 02:52,3,+29.7,+35.0,+24.4,+19.6,+22.7,+26.3,+19.3,+19.6,+20.0,+19.8,+20.3,+20.1,+20.2
2023-11-10 03:52,3,+29.7,+35.0,+24.4,+19.7,+22.7,+26.4,+19.3,+19.6,+20.0,+19.8,+20.3,+20.1,+20.2
2023-11-10 04:52,3,+29.7,+35.0,+24.4,+19.7,+22.7,+26.4,+19.2,+19.6,+20.0,+19.8,+20.3,+20.1,+20.2
2023-11-10 05:52,3,+29.6,+35.0,+24.4,+19.6,+22.6,+26.3,+19.3,+19.6,+19.8,+19.8,+20.3,+20.1,+20.2
2023-11-10 06:52,3,+29.6,+35.0,+24.3,+19.7,+22.7,+26.3,+19.3,+19.5,+20.0,+20.0,+20.3,+20.1,+20.2
2023-11-10 07:52,3,+29.6,+34.9,+24.3,+19.7,+22.7,+26.3,+19.3,+19.5,+20.0,+19.8,+20.3,+20.1,+20.2
2023-11-10 08:52,3,+29.6,+34.9,+24.3,+19.7,+22.7,+26.3,+19.5,+19.5,+20.0,+19.8,+20.3,+20.2,+20.2
2023-11-10 09:52,3,+29.5,+34.9,+24.3,+19.7,+22.7,+26.3,+19.6,+19.5,+20.0,+19.8,+20.3,+20.1,+20.2
2023-11-10 10:52,3,+29.5,+34.9,+24.3,+19.6,+22.6,+26.2,+19.7,+19.5,+20.0,+20.0,+20.3,+20.1,+20.2
2023-11-10 11:52,3,+29.5,+34.9,+24.3,+19.6,+22.6,+26.3,+19.8,+19.6,+20.0,+19.8,+20.3,+20.1,+20.3
2023-11-10 12:52,3,+29.4,+34.8,+24.2,+19.6,+22.6,+26.2,+20.0,+19.6,+20.0,+19.8,+20.3,+20.2,+20.2
2023-11-10 13:52,3,+29.4,+34.8,+24.2,+19.6,+22.6,+26.2,+20.0,+19.6,+20.0,+19.8,+20.3,+20.1,+20.2
2023-11-10 14:52,3,+29.3,+34.8,+24.2,+19.6,+22.6,+26.2,+20.1,+19.7,+19.8,+19.8,+20.3,+20.1,+20.2
2023-11-10 15:52,3,+29.3,+34.8,+24.2,+19.6,+22.6,+26.2,+20.1,+19.7,+20.0,+19.8,+20.3,+20.1,+20.2
2023-11-10 16:52,3,+29.2,+34.8,+24.2,+19.5,+22.5,+26.2,+20.1,+19.7,+20.0,+20.0,+20.3,+20.2,+20.2
2023-11-10 17:52,3,+29.2,+34.8,+24.2,+19.6,+22.6,+26.2,+20.1,+19.7,+20.0,+19.8,+20.3,+20.2,+20.3
2023-11-10 18:52,3,+29.2,+34.7,+24.2,+19.6,+22.6,+26.2,+20.1,+19.8,+20.0,+19.8,+20.5,+20.1,+20.3
2023-11-10 19:52,3,+29.2,+34.7,+24.2,+19.6,+22.6,+26.2,+20.1,+19.8,+20.0,+20.0,+20.3,+20.2,+20.3
2023-11-10 20:52,3,+29.2,+34.7,+24.2,+19.5,+22.5,+26.2,+20.1,+19.8,+20.0,+20.0,+20.3,+20.2,+20.3
2023-11-10 21:52,3,+29.1,+34.7,+24.2,+19.6,+22.5,+26.2,+20.0,+19.8,+20.0,+20.0,+20.3,+20.2,+20.3
2023-11-10 22:52,3,+29.1,+34.7,+24.2,+19.6,+22.6,+26.2,+20.0,+19.8,+20.0,+20.0,+20.5,+20.2,+20.2
2023-11-10 23:52,3,+29.1,+34.7,+24.2,+19.5,+22.5,+26.1,+20.0,+19.8,+20.1,+20.0,+20.5,+20.2,+20.3
2023-11-11 00:52,3,+29.1,+34.7,+24.2,+19.6,+22.5,+26.2,+20.0,+19.8,+20.1,+20.0,+20.5,+20.2,+20.3
2023-11-11 01:52,3,+29.1,+34.7,+24.2,+19.6,+22.5,+26.2,+20.0,+19.8,+20.1,+20.0,+20.5,+20.2,+20.3
2023-11-11 02:52,3,+29.1,+34.7,+24.2,+19.4,+22.5,+26.1,+20.0,+19.8,+20.1,+20.0,+20.5,+20.2,+20.3
2023-11-11 03:52,3,+29.1,+34.6,+24.2,+19.6,+22.5,+26.2,+19.8,+19.8,+20.1,+20.0,+20.5,+20.2,+20.3
2023-11-11 04:52,3,+29.1,+34.6,+24.2,+19.4,+22.5,+26.1,+19.8,+19.8,+20.1,+20.0,+20.5,+20.2,+20.3
2023-11-11 05:52,3,+29.1,+34.6,+24.2,+19.5,+22.5,+26.1,+19.8,+19.8,+20.1,+20.0,+20.3,+20.2,+20.3
2023-11-11 06:52,3,+29.1,+34.6,+24.2,+19.4,+22.5,+26.1,+20.0,+19.8,+20.1,+20.0,+20.5,+20.2,+20.3
2023-11-11 07:52,3,+29.1,+34.6,+24.2,+19.4,+22.5,+26.1,+20.0,+19.8,+20.1,+20.0,+20.5,+20.2,+20.3
2023-11-11 08:52,3,+29.1,+34.6,+24.2,+19.4,+22.5,+26.1,+20.0,+19.8,+20.1,+20.0,+20.5,+20.2,+20.3
2023-11-11 09:52,3,+29.1,+34.6,+24.2,+19.4,+22.5,+26.1,+20.0,+19.8,+20.1,+20.1,+20.5,+20.2,+20.3
2023-11-11 10:52,3,+29.1,+34.6,+24.2,+19.4,+22.4,+26.0,+20.0,+19.8,+20.1,+20.0,+20.5,+20.2,+20.3
2023-11-11 11:52,3,+29.0,+34.6,+24.1,+19.5,+22.5,+26.1,+20.1,+20.0,+20.1,+20.0,+20.5,+20.2,+20.3
2023-11-11 12:52,3,+29.0,+34.6,+24.1,+19.4,+22.4,+26.0,+20.1,+19.8,+20.1,+20.0,+20.5,+20.2,+20.3
2023-11-11 13:52,3,+29.0,+34.5,+24.1,+19.4,+22.4,+26.0,+20.2,+20.0,+20.2,+20.0,+20.5,+20.2,+20.3
2023-11-11 14:52,3,+29.0,+34.5,+24.1,+19.5,+22.5,+26.0,+20.2,+20.0,+20.1,+20.0,+20.5,+20.2,+20.3
2023-11-11 15:52,3,+29.0,+34.5,+24.1,+19.4,+22.4,+26.0,+20.2,+20.0,+20.2,+20.1,+20.5,+20.2,+20.3
2023-11-11 16:52,3,+28.9,+34.5,+24.1,+19.4,+22.4,+26.0,+20.2,+20.0,+20.1,+20.1,+20.5,+20.2,+20.3
2023-11-11 17:52,3,+28.9,+34.5,+24.1,+19.4,+22.4,+26.0,+20.1,+20.0,+20.2,+20.0,+20.5,+20.2,+20.3
2023-11-11 18:52,3,+28.9,+34.5,+24.1,+19.4,+22.4,+26.0,+20.0,+20.0,+20.2,+20.1,+20.5,+20.2,+20.3
2023-11-11 19:52,3,+28.9,+34.5,+24.1,+19.4,+22.4,+26.0,+19.8,+20.0,+20.2,+20.1,+20.5,+20.2,+20.3
2023-11-11 20:52,3,+28.8,+34.5,+24.1,+19.5,+22.4,+26.0,+19.7,+20.0,+20.2,+20.1,+20.5,+20.2,+20.3
2023-11-11 21:52,3,+28.8,+34.5,+24.1,+19.5,+22.4,+26.0,+19.7,+20.0,+20.2,+20.1,+20.5,+20.2,+20.3
2023-11-11 22:52,3,+28.8,+34.5,+24.1,+19.4,+22.4,+26.0,+19.6,+19.8,+20.2,+20.1,+20.5,+20.3,+20.5
2023-11-11 23:52,3,+28.8,+34.4,+24.1,+19.3,+22.4,+26.0,+19.6,+19.8,+20.2,+20.1,+20.5,+20.2,+20.3
2023-11-12 00:52,3,+28.8,+34.4,+24.1,+19.3,+22.4,+26.0,+19.5,+19.8,+20.2,+20.1,+20.5,+20.2,+20.3
2023-11-12 01:52,3,+28.7,+34.4,+24.1,+19.5,+22.4,+26.0,+19.5,+19.8,+20.2,+20.1,+20.6,+20.3,+20.3
2023-11-12 02:52,3,+28.7,+34.4,+24.1,+19.4,+22.3,+25.9,+19.5,+19.7,+20.2,+20.1,+20.5,+20.3,+20.5
2023-11-12 03:52,3,+28.7,+34.4,+24.1,+19.5,+22.4,+26.0,+19.3,+19.7,+20.2,+20.1,+20.5,+20.3,+20.5
2023-11-12 04:52,3,+28.7,+34.4,+24.1,+19.5,+22.4,+26.0,+19.3,+19.7,+20.2,+20.1,+20.6,+20.3,+20.5
2023-11-12 05:52,3,+28.6,+34.4,+24.0,+19.5,+22.4,+26.0,+19.3,+19.7,+20.2,+20.1,+20.5,+20.3,+20.3
2023-11-12 06:52,3,+28.6,+34.4,+24.0,+19.3,+22.3,+25.9,+19.3,+19.6,+20.2,+20.1,+20.5,+20.3,+20.5
2023-11-12 07:52,3,+28.6,+34.3,+24.0,+19.5,+22.4,+25.9,+19.3,+19.7,+20.1,+20.1,+20.6,+20.3,+20.3
2023-11-12 08:52,3,+28.5,+34.3,+24.0,+19.4,+22.4,+26.0,+19.3,+19.6,+20.1,+20.1,+20.5,+20.3,+20.5
2023-11-12 09:52,3,+28.5,+34.3,+24.0,+19.3,+22.3,+25.9,+19.5,+19.6,+20.2,+20.1,+20.6,+20.3,+20.3
2023-11-12 10:52,3,+28.4,+34.2,+24.0,+19.4,+22.3,+25.9,+19.6,+19.6,+20.1,+20.1,+20.6,+20.3,+20.5
2023-11-12 11:52,3,+28.4,+34.2,+24.0,+19.4,+22.3,+25.9,+19.7,+19.6,+20.1,+20.1,+20.6,+20.3,+20.5
2023-11-12 12:52,3,+28.3,+34.2,+23.9,+19.4,+22.3,+25.9,+20.0,+19.7,+20.1,+20.1,+20.5,+20.3,+20.5
2023-11-12 13:52,3,+28.2,+34.1,+23.9,+19.4,+22.3,+25.9,+20.0,+19.7,+20.1,+20.1,+20.5,+20.3,+20.5
2023-11-12 14:52,3,+28.1,+34.1,+23.9,+19.4,+22.3,+25.9,+20.0,+19.7,+20.1,+20.1,+20.5,+20.3,+20.5
2023-11-12 15:52,3,+28.1,+34.1,+23.9,+19.4,+22.3,+25.8,+20.1,+19.8,+20.1,+20.1,+20.6,+20.3,+20.5
2023-11-12 16:52,3,+28.1,+34.1,+23.9,+19.3,+22.2,+25.8,+20.0,+19.8,+20.1,+20.1,+20.6,+20.3,+20.5
2023-11-12 17:52,3,+28.1,+34.1,+23.9,+19.3,+22.2,+25.8,+20.0,+19.8,+20.1,+20.1,+20.6,+20.3,+20.5
2023-11-12 18:52,3,+28.1,+34.1,+23.9,+19.2,+22.2,+25.8,+20.0,+19.8,+20.1,+20.1,+20.6,+20.3,+20.5
2023-11-12 19:52,3,+28.0,+34.1,+23.9,+19.4,+22.3,+25.8,+19.8,+20.0,+20.1,+20.1,+20.6,+20.3,+20.3
2023-11-12 20:52,3,+28.0,+34.1,+23.9,+19.3,+22.3,+25.8,+19.8,+19.8,+20.1,+20.1,+20.6,+20.3,+20.5
2023-11-12 21:52,3,+28.0,+34.1,+23.9,+19.4,+22.3,+25.8,+19.8,+19.8,+20.2,+20.1,+20.5,+20.5,+20.5
2023-11-12 22:52,3,+28.0,+34.0,+23.9,+19.3,+22.2,+25.8,+19.8,+19.8,+20.1,+20.1,+20.6,+20.3,+20.5
2023-11-12 23:52,3,+28.0,+34.0,+23.9,+19.2,+22.2,+25.7,+19.7,+19.8,+20.2,+20.1,+20.6,+20.3,+20.5
2023-11-13 00:52,3,+27.9,+34.0,+23.9,+19.2,+22.2,+25.7,+19.7,+19.8,+20.2,+20.1,+20.6,+20.3,+20.5
2023-11-13 01:52,3,+27.9,+34.0,+23.9,+19.3,+22.2,+25.8,+19.6,+19.8,+20.2,+20.1,+20.6,+20.5,+20.5
2023-11-13 02:52,3,+27.9,+34.0,+23.9,+19.2,+22.2,+25.7,+19.6,+19.8,+20.1,+20.1,+20.6,+20.3,+20.5
2023-11-13 03:52,3,+27.8,+34.0,+23.9,+19.2,+22.2,+25.7,+19.5,+19.7,+20.2,+20.1,+20.6,+20.3,+20.5
2023-11-13 04:52,3,+27.8,+34.0,+23.9,+19.3,+22.2,+25.7,+19.5,+19.8,+20.2,+20.1,+20.6,+20.3,+20.5
2023-11-13 05:52,3,+27.8,+34.0,+23.9,+19.2,+22.2,+25.7,+19.5,+19.7,+20.2,+20.1,+20.6,+20.3,+20.5
2023-11-13 06:52,3,+27.8,+33.9,+23.9,+19.3,+22.2,+25.8,+19.3,+19.7,+20.1,+20.1,+20.6,+20.3,+20.5
2023-11-13 07:52,3,+27.7,+33.9,+23.9,+19.2,+22.2,+25.7,+19.5,+19.7,+20.2,+20.1,+20.6,+20.3,+20.5
2023-11-13 08:52,3,+27.7,+33.9,+23.9,+19.2,+22.2,+25.7,+19.5,+19.7,+20.2,+20.1,+20.6,+20.3,+20.5
2023-11-13 09:52,3,+27.6,+33.9,+23.8,+19.2,+22.2,+25.7,+19.6,+19.7,+20.2,+20.1,+20.6,+20.3,+20.5
2023-11-13 10:52,3,+27.6,+33.8,+23.8,+19.2,+22.2,+25.7,+19.7,+19.7,+20.2,+20.1,+20.6,+20.3,+20.5
2023-11-13 11:52,3,+27.5,+33.8,+23.8,+19.2,+22.2,+25.7,+19.8,+19.7,+20.1,+20.1,+20.6,+20.3,+20.5
2023-11-13 12:52,3,+27.4,+33.8,+23.8,+19.2,+22.2,+25.7,+20.0,+19.7,+20.1,+20.1,+20.6,+20.3,+20.5
2023-11-13 13:52,3,+27.3,+33.7,+23.8,+19.3,+22.2,+25.7,+20.1,+19.7,+20.1,+20.2,+20.6,+20.3,+20.5
2023-11-13 14:52,3,+27.3,+33.7,+23.8,+19.3,+22.2,+25.7,+20.1,+19.8,+20.2,+20.1,+20.6,+20.3,+20.5
2023-11-13 15:52,3,+27.2,+33.7,+23.8,+19.2,+22.1,+25.6,+20.1,+19.8,+20.1,+20.1,+20.6,+20.3,+20.5
2023-11-13 16:52,3,+27.2,+33.7,+23.8,+19.2,+22.1,+25.6,+20.1,+19.8,+20.1,+20.1,+20.6,+20.3,+20.5
2023-11-13 17:52,3,+27.1,+33.6,+23.8,+19.1,+22.1,+25.6,+20.0,+19.8,+20.1,+20.1,+20.6,+20.3,+20.5
2023-11-13 18:52,3,+27.1,+33.6,+23.8,+19.3,+22.1,+25.7,+20.0,+20.0,+20.2,+20.1,+20.6,+20.3,+20.5
2023-11-13 19:52,3,+27.1,+33.6,+23.8,+19.1,+22.1,+25.6,+19.8,+19.8,+20.2,+20.1,+20.6,+20.3,+20.5
2023-11-13 20:52,3,+27.1,+33.6,+23.8,+19.1,+22.1,+25.6,+19.8,+20.0,+20.1,+20.1,+20.6,+20.3,+20.5
2023-11-13 21:52,3,+27.0,+33.6,+23.8,+19.2,+22.1,+25.6,+19.7,+20.0,+20.2,+20.1,+20.6,+20.3,+20.5
2023-11-13 22:52,3,+27.0,+33.6,+23.8,+19.2,+22.1,+25.6,+19.7,+19.8,+20.2,+20.1,+20.6,+20.3,+20.5
2023-11-13 23:52,3,+27.0,+33.6,+23.7,+19.1,+22.1,+25.6,+19.6,+19.8,+20.2,+20.1,+20.6,+20.3,+20.5
2023-11-14 00:52,3,+26.9,+33.6,+23.8,+19.1,+22.1,+25.6,+19.6,+19.8,+20.2,+20.1,+20.6,+20.3,+20.5
2023-11-14 01:52,3,+26.9,+33.6,+23.8,+19.1,+22.1,+25.6,+19.6,+19.8,+20.2,+20.2,+20.6,+20.5,+20.5
2023-11-14 02:52,3,+26.9,+33.6,+23.7,+19.1,+22.1,+25.6,+19.7,+19.8,+20.2,+20.2,+20.6,+20.3,+20.5
2023-11-14 03:52,3,+26.8,+33.6,+23.7,+19.2,+22.1,+25.6,+19.7,+19.8,+20.2,+20.2,+20.6,+20.3,+20.5
2023-11-14 04:52,3,+26.8,+33.6,+23.7,+19.1,+22.0,+25.6,+19.7,+19.8,+20.2,+20.2,+20.7,+20.3,+20.5
2023-11-14 05:52,3,+26.8,+33.6,+23.7,+19.1,+22.0,+25.6,+19.7,+19.8,+20.2,+20.1,+20.6,+20.3,+20.6
2023-11-14 06:52,3,+26.8,+33.6,+23.7,+19.2,+22.1,+25.6,+19.7,+19.8,+20.2,+20.1,+20.6,+20.3,+20.5
2023-11-14 07:52,3,+26.8,+33.5,+23.7,+19.1,+22.0,+25.6,+19.7,+19.8,+20.2,+20.1,+20.6,+20.5,+20.5
2023-11-14 08:52,3,+26.8,+33.5,+23.7,+19.1,+22.0,+25.6,+19.8,+19.8,+20.2,+20.1,+20.6,+20.5,+20.5
2023-11-14 09:52,3,+26.7,+33.5,+23.7,+19.1,+22.0,+25.6,+20.0,+19.8,+20.2,+20.1,+20.6,+20.3,+20.6
2023-11-14 10:52,3,+26.7,+33.5,+23.7,+19.1,+22.0,+25.5,+20.1,+19.8,+20.1,+20.2,+20.6,+20.3,+20.5
2023-11-14 11:52,3,+26.6,+33.5,+23.7,+19.1,+22.0,+25.5,+20.1,+19.8,+20.2,+20.2,+20.6,+20.5,+20.6
2023-11-14 12:52,3,+26.6,+33.5,+23.7,+19.1,+22.0,+25.5,+20.2,+19.8,+20.2,+20.2,+20.6,+20.5,+20.6
2023-11-14 13:52,3,+26.6,+33.5,+23.7,+19.1,+22.0,+25.5,+20.2,+20.0,+20.2,+20.2,+20.6,+20.5,+20.6
2023-11-14 14:52,3,+26.6,+33.5,+23.7,+19.2,+22.0,+25.5,+20.2,+20.0,+20.2,+20.2,+20.6,+20.5,+20.5
2023-11-14 15:52,3,+26.6,+33.5,+23.7,+19.2,+22.0,+25.5,+20.2,+20.0,+20.2,+20.2,+20.6,+20.5,+20.5
2023-11-14 16:52,3,+26.6,+33.4,+23.7,+19.2,+22.0,+25.5,+20.2,+20.1,+20.3,+20.2,+20.6,+20.5,+20.5
2023-11-14 17:52,3,+26.5,+33.4,+23.7,+19.2,+22.0,+25.5,+20.2,+20.1,+20.2,+20.2,+20.6,+20.5,+20.6
2023-11-14 18:52,3,+26.5,+33.4,+23.7,+19.1,+22.0,+25.5,+20.2,+20.1,+20.3,+20.2,+20.6,+20.5,+20.6
2023-11-14 19:52,3,+26.5,+33.4,+23.7,+19.2,+22.0,+25.5,+20.1,+20.1,+20.2,+20.2,+20.7,+20.5,+20.6
2023-11-14 20:52,3,+26.5,+33.4,+23.7,+19.1,+22.0,+25.5,+20.1,+20.1,+20.3,+20.2,+20.6,+20.5,+20.6
2023-11-14 21:52,3,+26.5,+33.4,+23.7,+19.1,+22.0,+25.5,+20.1,+20.1,+20.3,+20.2,+20.7,+20.5,+20.6
2023-11-14 22:52,3,+26.5,+33.4,+23.7,+19.2,+22.0,+25.5,+20.0,+20.1,+20.3,+20.2,+20.7,+20.5,+20.5
2023-11-14 23:52,3,+26.5,+33.4,+23.7,+19.1,+22.0,+25.5,+20.0,+20.0,+20.3,+20.2,+20.6,+20.5,+20.6
2023-11-15 00:52,3,+26.5,+33.4,+23.7,+19.2,+22.0,+25.5,+19.8,+20.1,+20.3,+20.2,+20.7,+20.5,+20.6
2023-11-15 01:52,3,+26.4,+33.4,+23.7,+19.2,+22.0,+25.5,+19.8,+20.1,+20.3,+20.2,+20.7,+20.5,+20.6
2023-11-15 02:52,3,+26.4,+33.4,+23.7,+19.1,+22.0,+25.5,+19.8,+20.0,+20.3,+20.2,+20.7,+20.5,+20.6
2023-11-15 03:52,3,+26.4,+33.4,+23.7,+19.1,+22.0,+25.5,+19.8,+20.0,+20.3,+20.2,+20.7,+20.5,+20.6
2023-11-15 04:52,3,+26.4,+33.4,+23.7,+19.1,+22.0,+25.5,+19.8,+20.0,+20.3,+20.2,+20.7,+20.5,+20.6
2023-11-15 05:52,3,+26.4,+33.4,+23.7,+19.1,+22.0,+25.5,+19.8,+20.1,+20.3,+20.2,+20.7,+20.5,+20.6
2023-11-15 06:52,3,+26.4,+33.4,+23.7,+19.1,+22.0,+25.5,+20.0,+20.0,+20.3,+20.2,+20.7,+20.5,+20.6
2023-11-15 07:52,3,+26.4,+33.4,+23.7,+19.1,+22.0,+25.5,+20.0,+20.0,+20.3,+20.2,+20.7,+20.5,+20.6
2023-11-15 08:52,3,+26.4,+33.4,+23.7,+19.2,+22.0,+25.5,+20.0,+20.0,+20.3,+20.2,+20.7,+20.5,+20.6
2023-11-15 09:52,3,+26.3,+33.4,+23.6,+19.1,+22.0,+25.5,+20.1,+20.0,+20.3,+20.2,+20.7,+20.5,+20.6
2023-11-15 10:52,3,+26.3,+33.4,+23.6,+19.1,+22.0,+25.5,+20.2,+20.1,+20.3,+20.2,+20.7,+20.5,+20.6
2023-11-15 11:52,3,+26.3,+33.3,+23.6,+19.0,+22.0,+25.4,+20.3,+20.1,+20.3,+20.2,+20.7,+20.5,+20.6
2023-11-15 12:52,3,+26.2,+33.3,+23.6,+19.0,+21.9,+25.4,+20.5,+20.1,+20.3,+20.2,+20.7,+20.5,+20.6
2023-11-15 13:52,3,+26.2,+33.3,+23.6,+19.1,+22.0,+25.5,+20.5,+20.1,+20.3,+20.2,+20.7,+20.5,+20.6
2023-11-15 14:52,3,+26.2,+33.2,+23.6,+19.0,+21.9,+25.4,+20.5,+20.1,+20.3,+20.2,+20.7,+20.5,+20.6
2023-11-15 15:52,3,+32.4,+35.2,+23.6,+19.0,+21.9,+25.4,+20.3,+20.2,+20.3,+20.3,+20.7,+20.5,+20.6
2023-11-15 16:52,3,+31.7,+35.3,+23.7,+19.1,+22.0,+25.4,+20.2,+20.2,+20.3,+20.2,+20.7,+20.5,+20.6
2023-11-15 17:52,3,+31.3,+35.4,+23.7,+19.0,+21.9,+25.4,+20.2,+20.2,+20.3,+20.2,+20.7,+20.5,+20.6
2023-11-15 18:52,3,+31.1,+35.4,+23.7,+19.1,+22.0,+25.4,+20.2,+20.2,+20.5,+20.3,+20.7,+20.5,+20.6
2023-11-15 19:52,3,+30.9,+35.4,+23.7,+19.1,+22.0,+25.4,+20.1,+20.1,+20.3,+20.3,+20.7,+20.5,+20.6
2023-11-15 20:52,3,+30.8,+35.3,+23.7,+19.0,+21.9,+25.4,+20.1,+20.2,+20.3,+20.3,+20.7,+20.5,+20.6
2023-11-15 21:52,3,+30.6,+35.3,+23.7,+19.0,+21.9,+25.4,+20.0,+20.2,+20.5,+20.3,+20.7,+20.5,+20.6
2023-11-15 22:52,3,+30.5,+35.3,+23.8,+19.1,+21.9,+25.4,+20.1,+20.1,+20.3,+20.2,+20.7,+20.5,+20.6
2023-11-15 23:52,3,+30.6,+35.3,+23.8,+19.0,+21.9,+25.4,+20.1,+20.1,+20.5,+20.3,+20.7,+20.5,+20.6
2023-11-16 00:52,3,+30.6,+35.2,+23.8,+19.1,+22.0,+25.4,+20.1,+20.1,+20.5,+20.2,+20.7,+20.5,+20.6
2023-11-16 01:52,3,+30.6,+35.2,+23.8,+19.0,+21.9,+25.4,+20.1,+20.2,+20.5,+20.2,+20.7,+20.5,+20.6
2023-11-16 02:52,3,+30.6,+35.2,+23.8,+19.0,+21.9,+25.4,+20.1,+20.1,+20.3,+20.3,+20.7,+20.5,+20.6
2023-11-16 03:52,3,+30.6,+35.2,+23.8,+19.1,+22.0,+25.4,+20.1,+20.1,+20.5,+20.3,+20.7,+20.5,+20.6
2023-11-16 04:52,3,+30.5,+35.2,+23.8,+19.0,+21.9,+25.4,+20.1,+20.1,+20.5,+20.3,+20.7,+20.6,+20.6
2023-11-16 05:52,3,+30.5,+35.2,+23.9,+19.1,+21.9,+25.4,+20.0,+20.1,+20.5,+20.3,+20.7,+20.5,+20.6
2023-11-16 06:52,3,+30.4,+35.2,+23.9,+19.0,+21.9,+25.4,+20.1,+20.1,+20.5,+20.3,+20.7,+20.6,+20.6
2023-11-16 07:52,3,+30.4,+35.2,+23.9,+19.1,+21.9,+25.4,+20.1,+20.1,+20.5,+20.3,+20.7,+20.5,+20.6
2023-11-16 08:52,3,+30.4,+35.1,+23.9,+19.0,+21.9,+25.4,+20.1,+20.1,+20.5,+20.3,+20.7,+20.6,+20.6
2023-11-16 09:52,3,+30.4,+35.1,+23.9,+19.0,+21.9,+25.4,+20.2,+20.1,+20.5,+20.3,+20.7,+20.5,+20.6
2023-11-16 10:52,3,+30.3,+35.1,+23.9,+19.0,+21.9,+25.4,+20.2,+20.2,+20.5,+20.3,+20.7,+20.5,+20.6
2023-11-16 11:52,3,+30.3,+35.1,+23.9,+19.1,+21.9,+25.4,+20.3,+20.2,+20.5,+20.3,+20.8,+20.6,+20.7
2023-11-16 12:52,3,+30.3,+35.1,+23.9,+19.0,+21.9,+25.3,+20.5,+20.2,+20.5,+20.3,+20.7,+20.6,+20.6
2023-11-16 13:52,3,+30.2,+35.1,+23.9,+19.1,+21.9,+25.4,+20.5,+20.2,+20.5,+20.3,+20.8,+20.5,+20.6
2023-11-16 14:52,3,+36.6,+36.3,+24.0,+19.0,+21.9,+25.3,+20.5,+20.2,+20.5,+20.3,+20.7,+20.6,+20.6
2023-11-16 15:52,3,+37.0,+38.7,+25.1,+19.1,+21.9,+25.4,+20.1,+20.2,+20.5,+20.3,+20.7,+20.6,+20.6
2023-11-16 16:52,3,+37.0,+38.8,+26.4,+19.7,+21.9,+25.4,+20.0,+20.1,+20.5,+20.3,+20.7,+20.6,+20.6
2023-11-16 17:52,3,+35.3,+38.2,+26.6,+20.6,+22.0,+25.3,+19.8,+20.1,+20.5,+20.3,+20.7,+20.5,+20.6
2023-11-16 18:52,3,+33.9,+37.4,+26.3,+21.0,+22.6,+25.4,+19.8,+20.1,+20.3,+20.3,+20.7,+20.5,+20.6
2023-11-16 19:52,3,+33.2,+37.0,+26.1,+21.1,+23.3,+25.4,+19.8,+20.0,+20.5,+20.3,+20.7,+20.5,+20.6
2023-11-16 20:52,3,+32.7,+36.7,+26.0,+20.9,+23.7,+25.5,+19.8,+20.0,+20.5,+20.3,+20.7,+20.5,+20.6
2023-11-16 21:52,3,+32.4,+36.5,+25.8,+20.9,+23.9,+25.8,+19.8,+20.0,+20.3,+20.3,+20.7,+20.6,+20.6
2023-11-16 22:52,3,+32.1,+36.4,+25.7,+20.9,+23.9,+26.0,+20.0,+20.0,+20.5,+20.3,+20.7,+20.5,+20.6
2023-11-16 23:52,3,+32.2,+36.3,+25.7,+20.9,+24.0,+26.4,+20.0,+20.1,+20.3,+20.3,+20.7,+20.6,+20.6
2023-11-17 00:52,3,+32.1,+36.2,+25.6,+20.9,+24.0,+26.6,+19.8,+20.1,+20.5,+20.3,+20.7,+20.5,+20.6
2023-11-17 01:52,3,+32.0,+36.2,+25.5,+20.9,+24.0,+26.8,+19.8,+20.0,+20.3,+20.3,+20.7,+20.6,+20.6
2023-11-17 02:52,3,+31.8,+36.1,+25.5,+20.8,+24.0,+26.9,+19.8,+20.0,+20.3,+20.3,+20.7,+20.6,+20.6
2023-11-17 03:52,3,+31.6,+36.1,+25.5,+20.8,+24.0,+27.0,+19.8,+20.0,+20.3,+20.3,+20.8,+20.5,+20.6
2023-11-17 04:52,3,+31.5,+36.0,+25.4,+20.8,+23.9,+27.1,+19.7,+20.0,+20.3,+20.3,+20.7,+20.5,+20.6
2023-11-17 05:52,3,+31.3,+36.0,+25.4,+20.7,+23.9,+27.1,+19.7,+20.0,+20.3,+20.3,+20.7,+20.6,+20.7
2023-11-17 06:52,3,+31.2,+35.9,+25.3,+20.7,+23.9,+27.2,+19.7,+20.0,+20.3,+20.3,+20.7,+20.6,+20.7
2023-11-17 07:52,3,+31.2,+35.9,+25.3,+20.7,+23.9,+27.2,+19.7,+20.0,+20.3,+20.3,+20.7,+20.6,+20.7
2023-11-17 08:52,3,+31.1,+35.8,+25.3,+20.6,+23.8,+27.2,+19.7,+20.0,+20.3,+20.3,+20.8,+20.6,+20.6
2023-11-17 09:52,3,+31.0,+35.8,+25.2,+20.5,+23.8,+27.2,+19.7,+20.0,+20.3,+20.3,+20.8,+20.6,+20.6
2023-11-17 10:52,3,+30.9,+35.7,+25.2,+20.5,+23.8,+27.2,+19.8,+19.8,+20.3,+20.3,+20.7,+20.6,+20.6
2023-11-17 11:52,3,+30.8,+35.7,+25.2,+20.6,+23.8,+27.2,+19.8,+19.8,+20.3,+20.3,+20.8,+20.6,+20.6
2023-11-17 12:52,3,+30.8,+35.6,+25.2,+20.6,+23.8,+27.2,+19.8,+20.0,+20.3,+20.3,+20.7,+20.6,+20.7
2023-11-17 13:52,3,+30.7,+35.6,+25.1,+20.6,+23.8,+27.2,+20.0,+20.0,+20.3,+20.3,+20.7,+20.5,+20.6
2023-11-17 14:52,3,+30.6,+35.5,+25.1,+20.5,+23.7,+27.2,+20.0,+20.0,+20.3,+20.3,+20.8,+20.6,+20.6
2023-11-17 15:52,3,+30.6,+35.5,+25.1,+20.5,+23.7,+27.2,+20.0,+20.0,+20.3,+20.3,+20.7,+20.5,+20.7
2023-11-17 16:52,3,+38.3,+38.1,+25.1,+20.4,+23.7,+27.2,+19.8,+20.0,+20.3,+20.3,+20.7,+20.5,+20.7
2023-11-17 17:52,3,+35.5,+38.3,+26.5,+20.8,+23.7,+27.2,+19.6,+19.8,+20.3,+20.2,+20.7,+20.6,+20.7
2023-11-17 18:52,3,+34.1,+37.5,+26.4,+21.1,+23.9,+27.2,+19.6,+19.8,+20.3,+20.3,+20.7,+20.6,+20.6
2023-11-17 19:52,3,+33.4,+37.1,+26.2,+21.1,+24.2,+27.3,+19.6,+19.8,+20.2,+20.2,+20.7,+20.5,+20.7
2023-11-17 20:52,3,+32.8,+36.8,+26.0,+21.1,+24.4,+27.6,+19.6,+19.8,+20.2,+20.2,+20.7,+20.6,+20.7
2023-11-17 21:52,3,+32.4,+36.6,+25.9,+21.2,+24.5,+27.8,+19.6,+19.8,+20.3,+20.2,+20.7,+20.5,+20.6
2023-11-17 22:52,3,+32.2,+36.4,+25.8,+21.1,+24.5,+28.0,+19.6,+19.8,+20.3,+20.3,+20.7,+20.6,+20.7
2023-11-17 23:52,3,+32.0,+36.3,+25.7,+21.1,+24.4,+28.1,+19.5,+19.8,+20.2,+20.3,+20.7,+20.6,+20.7
2023-11-18 00:52,3,+31.8,+36.2,+25.6,+21.0,+24.4,+28.1,+19.5,+19.8,+20.2,+20.2,+20.7,+20.6,+20.6
2023-11-18 01:52,3,+31.6,+36.1,+25.5,+21.0,+24.4,+28.1,+19.5,+19.8,+20.3,+20.2,+20.7,+20.5,+20.6
2023-11-18 02:52,3,+31.5,+36.1,+25.5,+20.8,+24.2,+28.0,+19.5,+19.7,+20.2,+20.2,+20.7,+20.6,+20.6
2023-11-18 03:52,3,+31.4,+36.0,+25.5,+20.9,+24.2,+28.0,+19.5,+19.8,+20.2,+20.3,+20.7,+20.6,+20.7
2023-11-18 04:52,3,+31.4,+35.9,+25.4,+20.7,+24.1,+28.0,+19.5,+19.7,+20.2,+20.2,+20.7,+20.5,+20.6
2023-11-18 05:52,3,+31.3,+35.9,+25.4,+20.7,+24.1,+27.9,+19.5,+19.7,+20.2,+20.2,+20.7,+20.5,+20.7
2023-11-18 06:52,3,+31.3,+35.8,+25.3,+20.7,+24.1,+27.9,+19.5,+19.7,+20.2,+20.2,+20.8,+20.6,+20.7
2023-11-18 07:52,3,+31.2,+35.8,+25.3,+20.7,+24.1,+27.9,+19.5,+19.7,+20.2,+20.2,+20.7,+20.6,+20.6
2023-11-18 08:52,3,+31.1,+35.8,+25.2,+20.7,+24.0,+27.8,+19.5,+19.7,+20.2,+20.2,+20.8,+20.5,+20.6
2023-11-18 09:52,3,+31.1,+35.7,+25.2,+20.6,+23.9,+27.8,+19.6,+19.7,+20.2,+20.2,+20.7,+20.6,+20.6
2023-11-18 10:52,3,+31.0,+35.7,+25.2,+20.6,+23.9,+27.8,+19.7,+19.7,+20.2,+20.2,+20.7,+20.6,+20.6
2023-11-18 11:52,3,+31.0,+35.6,+25.1,+20.5,+23.9,+27.7,+19.8,+19.7,+20.2,+20.3,+20.7,+20.6,+20.7
2023-11-18 12:52,3,+30.9,+35.6,+25.1,+20.5,+23.8,+27.7,+19.8,+19.7,+20.2,+20.2,+20.7,+20.5,+20.6
2023-11-18 13:52,3,+30.8,+35.6,+25.1,+20.5,+23.8,+27.6,+20.0,+19.8,+20.2,+20.2,+20.7,+20.6,+20.6
2023-11-18 14:52,3,+32.9,+35.6,+25.0,+20.5,+23.8,+27.6,+20.0,+19.8,+20.2,+20.2,+20.7,+20.6,+20.7
2023-11-18 15:52,3,+33.1,+35.7,+25.0,+20.4,+23.7,+27.5,+20.0,+19.8,+20.2,+20.2,+20.7,+20.5,+20.6
2023-11-18 16:52,3,+32.8,+35.8,+25.0,+20.5,+23.7,+27.5,+19.8,+19.8,+20.2,+20.2,+20.7,+20.5,+20.6
2023-11-18 17:52,3,+37.9,+40.5,+27.8,+22.4,+24.6,+27.6,+19.5,+19.7,+20.1,+20.2,+20.7,+20.6,+20.7
2023-11-18 18:52,3,+35.0,+38.0,+26.4,+21.8,+25.6,+29.5,+19.5,+19.7,+20.2,+20.2,+20.7,+20.5,+20.6
2023-11-18 19:52,3,+33.9,+37.3,+26.2,+21.4,+25.2,+29.2,+19.5,+19.7,+20.1,+20.1,+20.7,+20.5,+20.6
2023-11-18 20:52,3,+36.1,+37.6,+26.0,+21.4,+25.0,+29.0,+19.3,+19.7,+20.2,+20.2,+20.7,+20.5,+20.6
2023-11-18 21:52,3,+34.6,+37.6,+26.1,+21.2,+24.8,+28.8,+19.3,+19.6,+20.2,+20.1,+20.7,+20.5,+20.6
2023-11-18 22:52,3,+34.1,+37.2,+26.1,+21.2,+24.8,+28.7,+19.3,+19.6,+20.1,+20.2,+20.6,+20.5,+20.6
2023-11-18 23:52,3,+33.7,+37.0,+26.0,+21.2,+24.7,+28.6,+19.3,+19.6,+20.1,+20.1,+20.6,+20.5,+20.6
2023-11-19 00:52,3,+33.2,+36.8,+25.9,+21.1,+24.7,+28.6,+19.3,+19.6,+20.1,+20.2,+20.6,+20.5,+20.6
2023-11-19 01:52,3,+32.8,+36.6,+25.8,+21.1,+24.6,+28.5,+19.3,+19.6,+20.1,+20.2,+20.7,+20.5,+20.6
2023-11-19 02:52,3,+32.4,+36.5,+25.7,+21.0,+24.5,+28.4,+19.3,+19.6,+20.1,+20.1,+20.7,+20.5,+20.6
2023-11-19 03:52,3,+32.3,+36.4,+25.6,+20.9,+24.4,+28.4,+19.3,+19.6,+20.1,+20.1,+20.6,+20.5,+20.6
2023-11-19 04:52,3,+32.1,+36.3,+25.5,+21.0,+24.4,+28.3,+19.2,+19.6,+20.1,+20.1,+20.6,+20.5,+20.6
2023-11-19 05:52,3,+31.9,+36.2,+25.5,+20.8,+24.3,+28.2,+19.3,+19.6,+20.0,+20.1,+20.6,+20.5,+20.6
2023-11-19 06:52,3,+31.8,+36.1,+25.5,+20.8,+24.2,+28.1,+19.2,+19.6,+20.1,+20.1,+20.6,+20.5,+20.6
2023-11-19 07:52,3,+31.6,+36.1,+25.4,+20.9,+24.2,+28.1,+19.3,+19.6,+20.1,+20.2,+20.7,+20.5,+20.6
2023-11-19 08:52,3,+31.5,+36.0,+25.4,+20.8,+24.2,+28.0,+19.3,+19.5,+20.1,+20.1,+20.6,+20.5,+20.6
2023-11-19 09:52,3,+31.4,+35.9,+25.3,+20.8,+24.1,+28.0,+19.5,+19.5,+20.1,+20.1,+20.6,+20.5,+20.6
2023-11-19 10:52,3,+31.3,+35.9,+25.3,+20.7,+24.1,+27.9,+19.5,+19.6,+20.1,+20.2,+20.6,+20.5,+20.6
2023-11-19 11:52,3,+31.3,+35.8,+25.2,+20.6,+24.0,+27.8,+19.6,+19.5,+20.1,+20.1,+20.6,+20.5,+20.6
2023-11-19 12:52,3,+31.2,+35.8,+25.2,+20.7,+24.0,+27.8,+19.7,+19.6,+20.0,+20.1,+20.6,+20.5,+20.6
2023-11-19 13:52,3,+31.1,+35.7,+25.2,+20.6,+23.9,+27.7,+19.7,+19.6,+20.1,+20.1,+20.6,+20.5,+20.6
2023-11-19 14:52,3,+31.0,+35.7,+25.1,+20.6,+23.9,+27.7,+19.8,+19.7,+20.1,+20.1,+20.6,+20.5,+20.6
2023-11-19 15:52,3,+31.0,+35.6,+25.1,+20.6,+23.9,+27.6,+19.7,+19.7,+20.1,+20.1,+20.6,+20.5,+20.6
2023-11-19 16:52,3,+31.0,+35.6,+25.1,+20.4,+23.8,+27.6,+19.8,+19.7,+20.1,+20.1,+20.7,+20.5,+20.6
2023-11-19 17:52,3,+30.9,+35.6,+25.0,+20.5,+23.8,+27.6,+19.8,+19.7,+20.0,+20.1,+20.6,+20.5,+20.6
2023-11-19 18:52,3,+30.9,+35.6,+25.0,+20.4,+23.7,+27.5,+19.8,+19.7,+20.1,+20.1,+20.6,+20.5,+20.6
2023-11-19 19:52,3,+30.9,+35.5,+25.0,+20.4,+23.7,+27.5,+19.7,+19.7,+20.1,+20.1,+20.6,+20.5,+20.6
2023-11-19 20:52,3,+30.8,+35.5,+25.0,+20.4,+23.6,+27.4,+19.8,+19.7,+20.1,+20.1,+20.6,+20.5,+20.6
2023-11-19 21:52,3,+30.8,+35.5,+25.0,+20.3,+23.6,+27.4,+19.8,+19.7,+20.1,+20.1,+20.6,+20.5,+20.6
2023-11-19 22:52,3,+30.8,+35.5,+25.0,+20.4,+23.6,+27.4,+19.7,+19.7,+20.1,+20.1,+20.6,+20.5,+20.6
2023-11-19 23:52,3,+30.9,+35.5,+25.0,+20.3,+23.6,+27.3,+19.7,+19.7,+20.1,+20.1,+20.6,+20.5,+20.6
2023-11-20 00:52,3,+31.9,+35.5,+25.0,+20.4,+23.6,+27.3,+19.7,+19.7,+20.1,+20.1,+20.6,+20.5,+20.6
2023-11-20 01:52,3,+32.2,+35.5,+24.9,+20.4,+23.6,+27.3,+19.6,+19.7,+20.1,+20.1,+20.6,+20.5,+20.6
2023-11-20 02:52,3,+32.4,+35.5,+24.9,+20.4,+23.6,+27.3,+19.6,+19.8,+20.1,+20.1,+20.6,+20.5,+20.6
2023-11-20 03:52,3,+32.6,+35.6,+24.9,+20.2,+23.5,+27.2,+19.6,+19.8,+20.1,+20.1,+20.6,+20.5,+20.6
2023-11-20 04:52,3,+32.4,+35.6,+24.9,+20.3,+23.5,+27.2,+19.6,+19.7,+20.1,+20.1,+20.7,+20.5,+20.6
2023-11-20 05:52,3,+32.3,+35.7,+24.9,+20.3,+23.5,+27.2,+19.5,+19.8,+20.1,+20.1,+20.6,+20.5,+20.6
2023-11-20 06:52,3,+32.2,+35.7,+24.9,+20.3,+23.5,+27.2,+19.5,+19.7,+20.2,+20.2,+20.6,+20.5,+20.6
2023-11-20 07:52,3,+32.1,+35.7,+24.9,+20.3,+23.5,+27.2,+19.5,+19.7,+20.2,+20.1,+20.6,+20.5,+20.6
2023-11-20 08:52,3,+31.9,+35.7,+24.9,+20.3,+23.4,+27.1,+19.6,+19.7,+20.1,+20.1,+20.6,+20.5,+20.6
2023-11-20 09:52,3,+31.8,+35.7,+24.9,+20.3,+23.4,+27.1,+19.7,+19.7,+20.1,+20.1,+20.6,+20.5,+20.6
2023-11-20 10:52,3,+31.6,+35.7,+24.9,+20.2,+23.3,+27.0,+19.8,+19.7,+20.1,+20.1,+20.6,+20.5,+20.6
2023-11-20 11:52,3,+31.4,+35.7,+24.9,+20.2,+23.4,+27.0,+19.8,+19.7,+20.1,+20.1,+20.6,+20.5,+20.6
2023-11-20 12:52,3,+31.3,+35.6,+24.9,+20.1,+23.3,+27.0,+20.0,+19.8,+20.1,+20.2,+20.7,+20.5,+20.6
2023-11-20 13:52,3,+31.2,+35.6,+24.9,+20.1,+23.3,+27.0,+20.0,+19.8,+20.1,+20.2,+20.6,+20.5,+20.6
2023-11-20 14:52,3,+31.1,+35.6,+24.9,+20.2,+23.3,+27.0,+20.0,+19.8,+20.1,+20.1,+20.6,+20.5,+20.6
2023-11-20 15:52,3,+31.1,+35.6,+24.9,+20.1,+23.3,+27.0,+20.0,+19.8,+20.1,+20.1,+20.6,+20.5,+20.6
2023-11-20 16:52,3,+31.0,+35.5,+24.9,+20.2,+23.3,+27.0,+20.0,+19.8,+20.2,+20.2,+20.7,+20.5,+20.6
2023-11-20 17:52,3,+30.9,+35.5,+24.9,+20.2,+23.3,+27.0,+20.0,+19.8,+20.2,+20.1,+20.6,+20.5,+20.6
2023-11-20 18:52,3,+30.9,+35.5,+24.9,+20.1,+23.2,+26.9,+20.0,+19.8,+20.1,+20.1,+20.6,+20.5,+20.6
2023-11-20 19:52,3,+30.9,+35.5,+24.9,+20.2,+23.3,+26.9,+20.0,+19.8,+20.2,+20.1,+20.6,+20.5,+20.6
2023-11-20 20:52,3,+30.8,+35.5,+24.9,+20.1,+23.2,+26.9,+20.0,+20.0,+20.2,+20.1,+20.6,+20.5,+20.6
2023-11-20 21:52,3,+30.8,+35.5,+24.9,+20.1,+23.2,+26.9,+19.8,+19.8,+20.2,+20.2,+20.6,+20.5,+20.6
2023-11-20 22:52,3,+30.7,+35.4,+24.8,+20.1,+23.2,+26.8,+19.8,+20.0,+20.2,+20.1,+20.7,+20.5,+20.6
2023-11-20 23:52,3,+30.7,+35.4,+24.8,+20.1,+23.2,+26.9,+19.8,+20.0,+20.2,+20.1,+20.6,+20.5,+20.6
2023-11-21 00:52,3,+30.6,+35.4,+24.8,+20.1,+23.2,+26.8,+19.8,+20.0,+20.2,+20.2,+20.6,+20.5,+20.6
2023-11-21 01:52,3,+30.6,+35.4,+24.8,+20.2,+23.2,+26.9,+19.7,+20.0,+20.2,+20.1,+20.7,+20.5,+20.6
2023-11-21 02:52,3,+30.6,+35.4,+24.8,+20.0,+23.2,+26.8,+19.7,+20.0,+20.2,+20.1,+20.6,+20.5,+20.6
2023-11-21 03:52,3,+30.6,+35.4,+24.8,+20.2,+23.2,+26.8,+19.6,+19.8,+20.2,+20.2,+20.7,+20.5,+20.6
2023-11-21 04:52,3,+30.5,+35.3,+24.8,+20.0,+23.2,+26.8,+19.6,+19.8,+20.2,+20.2,+20.6,+20.5,+20.6
2023-11-21 05:52,3,+30.5,+35.3,+24.8,+20.2,+23.2,+26.8,+19.5,+19.7,+20.2,+20.2,+20.6,+20.5,+20.6
2023-11-21 06:52,3,+30.4,+35.3,+24.8,+20.0,+23.2,+26.8,+19.5,+19.8,+20.2,+20.2,+20.7,+20.5,+20.6
2023-11-21 07:52,3,+30.4,+35.3,+24.8,+20.0,+23.2,+26.8,+19.5,+19.8,+20.2,+20.2,+20.6,+20.5,+20.6
2023-11-21 08:52,3,+30.4,+35.2,+24.8,+20.0,+23.1,+26.8,+19.5,+19.7,+20.2,+20.2,+20.7,+20.5,+20.6
2023-11-21 09:52,3,+30.3,+35.2,+24.7,+20.1,+23.2,+26.8,+19.6,+19.7,+20.2,+20.2,+20.7,+20.5,+20.6
2023-11-21 10:52,3,+30.3,+35.2,+24.7,+20.0,+23.1,+26.7,+19.7,+19.7,+20.2,+20.2,+20.7,+20.5,+20.6
2023-11-21 11:52,3,+30.2,+35.1,+24.7,+20.0,+23.1,+26.7,+19.8,+19.7,+20.2,+20.2,+20.7,+20.5,+20.6
2023-11-21 12:52,3,+30.2,+35.1,+24.7,+20.0,+23.1,+26.7,+19.8,+19.7,+20.2,+20.2,+20.6,+20.5,+20.6
2023-11-21 13:52,3,+30.2,+35.1,+24.7,+20.1,+23.1,+26.7,+20.0,+19.8,+20.1,+20.2,+20.6,+20.5,+20.6
2023-11-21 14:52,3,+30.1,+35.1,+24.7,+20.0,+23.1,+26.7,+20.0,+19.8,+20.2,+20.2,+20.7,+20.5,+20.6
2023-11-21 15:52,3,+30.1,+35.1,+24.7,+20.1,+23.1,+26.7,+20.0,+19.8,+20.2,+20.2,+20.7,+20.5,+20.6
2023-11-21 16:52,3,+30.0,+35.0,+24.7,+20.0,+23.1,+26.6,+20.0,+19.8,+20.2,+20.2,+20.7,+20.5,+20.6
2023-11-21 17:52,3,+30.0,+35.1,+24.6,+19.9,+23.1,+26.6,+20.0,+19.8,+20.2,+20.2,+20.6,+20.5,+20.6
2023-11-21 18:52,3,+38.0,+35.4,+24.6,+19.9,+23.0,+26.6,+19.7,+19.8,+20.2,+20.1,+20.7,+20.5,+20.6
2023-11-21 19:52,3,+37.8,+38.7,+24.8,+20.0,+23.1,+26.6,+19.3,+19.7,+20.1,+20.2,+20.6,+20.5,+20.6
2023-11-21 20:52,3,+35.8,+38.5,+26.2,+20.0,+23.0,+26.6,+19.3,+19.7,+20.1,+20.2,+20.7,+20.5,+20.6
2023-11-21 21:52,3,+34.8,+37.7,+26.3,+20.5,+23.1,+26.6,+19.3,+19.7,+20.2,+20.1,+20.6,+20.5,+20.6
2023-11-21 22:52,3,+34.1,+37.4,+26.2,+20.9,+23.3,+26.6,+19.2,+19.6,+20.2,+20.2,+20.7,+20.5,+20.6
2023-11-21 23:52,3,+33.5,+37.1,+26.1,+21.1,+23.6,+26.7,+19.3,+19.6,+20.1,+20.2,+20.7,+20.5,+20.6
2023-11-22 00:52,3,+32.9,+36.8,+26.0,+21.1,+23.8,+26.8,+19.2,+19.6,+20.1,+20.2,+20.6,+20.5,+20.6
2023-11-22 01:52,3,+32.5,+36.6,+25.9,+20.9,+23.9,+26.8,+19.2,+19.6,+20.1,+20.1,+20.6,+20.5,+20.6
2023-11-22 02:52,3,+32.2,+36.5,+25.8,+20.9,+24.0,+27.0,+19.2,+19.6,+20.1,+20.1,+20.7,+20.5,+20.6
2023-11-22 03:52,3,+32.0,+36.4,+25.7,+21.0,+24.1,+27.1,+19.1,+19.6,+20.1,+20.1,+20.7,+20.5,+20.6
2023-11-22 04:52,3,+31.8,+36.2,+25.6,+20.9,+24.0,+27.2,+19.1,+19.6,+20.1,+20.1,+20.7,+20.5,+20.6
2023-11-22 05:52,3,+31.7,+36.1,+25.5,+20.8,+24.0,+27.3,+19.1,+19.5,+20.1,+20.1,+20.7,+20.5,+20.6
2023-11-22 06:52,3,+31.6,+36.1,+25.5,+20.8,+24.0,+27.4,+19.1,+19.5,+20.1,+20.1,+20.7,+20.5,+20.6
2023-11-22 07:52,3,+31.5,+36.0,+25.5,+20.9,+24.0,+27.4,+19.1,+19.5,+20.1,+20.1,+20.7,+20.5,+20.6
2023-11-22 08:52,3,+31.4,+35.9,+25.4,+20.9,+24.0,+27.4,+19.1,+19.5,+20.1,+20.1,+20.7,+20.5,+20.6
2023-11-22 09:52,3,+31.3,+35.9,+25.3,+20.7,+23.9,+27.4,+19.1,+19.5,+20.1,+20.1,+20.7,+20.5,+20.6
2023-11-22 10:52,3,+31.3,+35.8,+25.3,+20.7,+23.9,+27.4,+19.2,+19.5,+20.0,+20.1,+20.6,+20.5,+20.6
2023-11-22 11:52,3,+31.2,+35.8,+25.2,+20.7,+23.9,+27.4,+19.2,+19.5,+20.0,+20.1,+20.6,+20.5,+20.6
2023-11-22 12:52,3,+31.1,+35.7,+25.2,+20.7,+23.9,+27.4,+19.3,+19.5,+20.0,+20.1,+20.7,+20.5,+20.6
2023-11-22 13:52,3,+31.1,+35.7,+25.2,+20.6,+23.8,+27.4,+19.3,+19.5,+20.0,+20.1,+20.7,+20.5,+20.6
2023-11-22 14:52,3,+31.1,+35.6,+25.2,+20.7,+23.8,+27.4,+19.3,+19.5,+20.0,+20.1,+20.6,+20.5,+20.6
2023-11-22 15:52,3,+31.0,+35.6,+25.1,+20.5,+23.8,+27.4,+19.3,+19.5,+20.0,+20.1,+20.7,+20.5,+20.6
2023-11-22 16:52,3,+30.9,+35.6,+25.1,+20.6,+23.8,+27.4,+19.3,+19.6,+20.0,+20.1,+20.7,+20.5,+20.6
2023-11-22 17:52,3,+30.9,+35.5,+25.1,+20.5,+23.7,+27.3,+19.3,+19.5,+20.0,+20.1,+20.7,+20.5,+20.6
2023-11-22 18:52,3,+30.9,+35.5,+25.1,+20.5,+23.7,+27.3,+19.2,+19.5,+20.0,+20.1,+20.6,+20.5,+20.6
2023-11-22 19:52,3,+30.8,+35.5,+25.1,+20.5,+23.7,+27.3,+19.2,+19.5,+20.0,+20.1,+20.7,+20.5,+20.6
2023-11-22 20:52,3,+30.8,+35.5,+25.0,+20.5,+23.7,+27.3,+19.2,+19.5,+20.0,+20.1,+20.6,+20.5,+20.6
2023-11-22 21:52,3,+30.8,+35.4,+25.0,+20.4,+23.6,+27.3,+19.2,+19.5,+20.0,+20.1,+20.6,+20.5,+20.6
2023-11-22 22:52,3,+30.8,+35.4,+25.0,+20.4,+23.6,+27.2,+19.2,+19.5,+20.1,+20.1,+20.6,+20.5,+20.6
2023-11-22 23:52,3,+30.7,+35.4,+25.0,+20.4,+23.6,+27.2,+19.1,+19.5,+20.0,+20.1,+20.6,+20.5,+20.6
2023-11-23 00:52,3,+30.7,+35.4,+25.0,+20.3,+23.6,+27.2,+19.1,+19.5,+20.0,+20.1,+20.6,+20.5,+20.7
2023-11-23 01:52,3,+30.7,+35.4,+25.0,+20.3,+23.5,+27.2,+19.1,+19.5,+20.0,+20.1,+20.6,+20.5,+20.6
2023-11-23 02:52,3,+30.6,+35.3,+24.9,+20.3,+23.5,+27.2,+19.1,+19.5,+20.0,+20.1,+20.6,+20.5,+20.6
2023-11-23 03:52,3,+30.6,+35.3,+24.9,+20.3,+23.5,+27.2,+19.1,+19.5,+20.0,+20.1,+20.6,+20.5,+20.6
2023-11-23 04:52,3,+30.6,+35.3,+24.9,+20.3,+23.5,+27.2,+19.1,+19.5,+20.0,+20.1,+20.6,+20.5,+20.6
2023-11-23 05:52,3,+30.6,+35.3,+24.9,+20.2,+23.5,+27.1,+19.2,+19.5,+20.0,+20.1,+20.7,+20.5,+20.6
2023-11-23 06:52,3,+30.6,+35.3,+24.9,+20.2,+23.5,+27.1,+19.2,+19.5,+20.0,+20.1,+20.7,+20.5,+20.6
2023-11-23 07:52,3,+30.5,+35.2,+24.9,+20.2,+23.5,+27.1,+19.2,+19.5,+20.0,+20.1,+20.6,+20.5,+20.6
2023-11-23 08:52,3,+30.5,+35.2,+24.8,+20.3,+23.5,+27.1,+19.2,+19.5,+20.0,+20.1,+20.6,+20.5,+20.6
2023-11-23 09:52,3,+30.4,+35.2,+24.8,+20.3,+23.5,+27.1,+19.3,+19.5,+20.0,+20.1,+20.6,+20.5,+20.6
2023-11-23 10:52,3,+30.4,+35.2,+24.8,+20.3,+23.4,+27.0,+19.5,+19.5,+20.0,+20.1,+20.7,+20.5,+20.6
2023-11-23 11:52,3,+30.4,+35.2,+24.8,+20.2,+23.4,+27.0,+19.5,+19.5,+20.0,+20.1,+20.6,+20.5,+20.6
2023-11-23 12:52,3,+30.3,+35.1,+24.8,+20.2,+23.4,+27.0,+19.6,+19.5,+20.0,+20.1,+20.6,+20.5,+20.6
2023-11-23 13:52,3,+30.3,+35.1,+24.7,+20.3,+23.4,+27.0,+19.7,+19.5,+20.0,+20.1,+20.6,+20.5,+20.6
2023-11-23 14:52,3,+30.3,+35.1,+24.7,+20.1,+23.3,+27.0,+19.7,+19.6,+20.0,+20.1,+20.6,+20.5,+20.6
2023-11-23 15:52,3,+30.3,+35.1,+24.7,+20.2,+23.3,+27.0,+19.7,+19.6,+20.0,+20.1,+20.6,+20.5,+20.6
2023-11-23 16:52,3,+30.2,+35.1,+24.7,+20.2,+23.3,+27.0,+19.7,+19.6,+20.0,+20.1,+20.6,+20.5,+20.6
2023-11-23 17:52,3,+30.2,+35.1,+24.7,+20.1,+23.3,+26.9,+19.6,+19.7,+20.0,+20.1,+20.6,+20.5,+20.6
2023-11-23 18:52,3,+30.2,+35.0,+24.7,+20.2,+23.3,+26.9,+19.6,+19.6,+20.0,+20.1,+20.6,+20.5,+20.6
2023-11-23 19:52,3,+30.2,+35.0,+24.7,+20.2,+23.3,+26.9,+19.6,+19.6,+20.0,+20.1,+20.6,+20.5,+20.6
2023-11-23 20:52,3,+30.2,+35.0,+24.7,+20.2,+23.3,+26.9,+19.6,+19.6,+20.1,+20.1,+20.7,+20.3,+20.6
2023-11-23 21:52,3,+30.2,+35.0,+24.7,+20.2,+23.3,+26.9,+19.7,+19.7,+20.0,+20.1,+20.6,+20.5,+20.6
2023-11-23 22:52,3,+30.4,+35.0,+24.7,+20.2,+23.3,+26.9,+19.6,+19.6,+20.0,+20.1,+20.6,+20.5,+20.6
2023-11-23 23:52,3,+31.9,+35.1,+24.7,+20.0,+23.2,+26.8,+19.6,+19.7,+20.0,+20.1,+20.6,+20.5,+20.6
2023-11-24 00:52,3,+32.5,+35.0,+24.7,+20.1,+23.2,+26.8,+19.6,+19.7,+20.1,+20.1,+20.6,+20.5,+20.6
2023-11-24 01:52,3,+33.4,+35.1,+24.7,+20.0,+23.2,+26.8,+19.6,+19.7,+20.0,+20.1,+20.6,+20.5,+20.6
2023-11-24 02:52,3,+33.3,+35.2,+24.7,+20.0,+23.2,+26.8,+19.6,+19.7,+20.1,+20.1,+20.6,+20.5,+20.6
2023-11-24 03:52,3,+33.2,+35.4,+24.7,+20.0,+23.2,+26.8,+19.6,+19.6,+20.1,+20.0,+20.6,+20.5,+20.6
2023-11-24 04:52,3,+33.0,+35.5,+24.7,+20.1,+23.2,+26.8,+19.6,+19.7,+20.1,+20.1,+20.7,+20.5,+20.6
2023-11-24 05:52,3,+32.7,+35.6,+24.7,+20.0,+23.1,+26.8,+19.6,+19.7,+20.1,+20.1,+20.6,+20.5,+20.6
2023-11-24 06:52,3,+32.4,+35.6,+24.7,+20.1,+23.2,+26.8,+19.6,+19.7,+20.1,+20.1,+20.6,+20.5,+20.6
2023-11-24 07:52,3,+32.2,+35.6,+24.7,+20.0,+23.1,+26.7,+19.6,+19.7,+20.1,+20.1,+20.6,+20.5,+20.7
2023-11-24 08:52,3,+32.0,+35.7,+24.7,+20.1,+23.1,+26.7,+19.6,+19.7,+20.1,+20.1,+20.6,+20.5,+20.6
2023-11-24 09:52,3,+31.9,+35.7,+24.7,+20.0,+23.1,+26.7,+19.7,+19.7,+20.1,+20.1,+20.6,+20.5,+20.6
2023-11-24 10:52,3,+31.8,+35.6,+24.7,+20.1,+23.1,+26.7,+19.7,+19.7,+20.1,+20.1,+20.6,+20.5,+20.6
2024-02-02 10:07,3,+18.0,+27.3,+20.4,+17.2,+20.2,+26.1,+17.1,+17.8,+18.6,+19.1,+19.7,+19.6,+20.0
2024-02-02 11:07,3,+18.0,+27.2,+20.4,+17.2,+20.2,+26.1,+17.2,+17.8,+18.6,+19.1,+19.7,+19.6,+20.0
2024-02-02 12:07,3,+18.0,+27.2,+20.4,+17.3,+20.3,+26.2,+17.3,+17.7,+18.6,+19.0,+19.7,+19.6,+20.0
2024-02-02 13:07,3,+17.9,+27.1,+20.4,+17.3,+20.3,+26.1,+17.7,+17.7,+18.6,+19.0,+19.7,+19.6,+19.8
2024-02-02 14:07,3,+17.8,+27.1,+20.4,+17.3,+20.3,+26.1,+18.0,+17.7,+18.6,+19.1,+19.7,+19.6,+20.0
2024-02-02 15:07,3,+17.8,+27.0,+20.4,+17.2,+20.3,+26.1,+18.1,+17.8,+18.6,+19.0,+19.7,+19.6,+19.8
2024-02-02 16:07,3,+17.8,+27.0,+20.4,+17.2,+20.2,+26.1,+18.1,+18.0,+18.6,+19.0,+19.7,+19.6,+19.8
2024-02-02 17:07,3,+17.8,+26.9,+20.3,+17.2,+20.2,+26.1,+18.2,+18.1,+18.5,+19.0,+19.7,+19.6,+20.0
2024-02-02 18:07,3,+17.8,+26.9,+20.4,+17.3,+20.3,+26.1,+18.1,+18.1,+18.6,+19.0,+19.7,+19.6,+19.8
2024-02-02 19:07,3,+17.8,+26.9,+20.3,+17.3,+20.3,+26.1,+18.2,+18.1,+18.6,+19.0,+19.7,+19.6,+19.8
2024-02-02 20:07,3,+17.8,+26.9,+20.3,+17.3,+20.3,+26.1,+18.1,+18.1,+18.6,+19.0,+19.7,+19.6,+20.0
2024-02-02 21:07,3,+17.8,+26.9,+20.4,+17.2,+20.2,+26.1,+18.2,+18.2,+18.7,+19.0,+19.7,+19.6,+20.0
2024-02-02 22:07,3,+17.8,+26.9,+20.3,+17.2,+20.2,+26.1,+18.2,+18.2,+18.6,+19.0,+19.7,+19.6,+19.8
2024-02-02 23:07,3,+17.8,+26.9,+20.3,+17.2,+20.2,+26.1,+18.2,+18.2,+18.7,+19.0,+19.6,+19.6,+19.8
2024-02-03 00:07,3,+17.8,+26.9,+20.3,+17.3,+20.2,+26.1,+18.2,+18.2,+18.6,+19.0,+19.7,+19.6,+19.8
2024-02-03 01:07,3,+17.8,+26.9,+20.3,+17.1,+20.2,+26.1,+18.2,+18.2,+18.7,+19.0,+19.6,+19.6,+19.8
2024-02-03 02:07,3,+17.8,+26.8,+20.3,+17.1,+20.2,+26.1,+18.2,+18.2,+18.7,+19.0,+19.7,+19.6,+19.8
2024-02-03 03:07,3,+17.8,+26.8,+20.3,+17.1,+20.2,+26.1,+18.2,+18.2,+18.6,+19.0,+19.6,+19.6,+19.8
2024-02-03 04:07,3,+17.8,+26.8,+20.3,+17.3,+20.2,+26.1,+18.2,+18.3,+18.7,+19.0,+19.7,+19.5,+19.8
2024-02-03 05:07,3,+17.8,+26.8,+20.3,+17.1,+20.2,+26.1,+18.2,+18.3,+18.7,+19.0,+19.7,+19.5,+19.8
2024-02-03 06:07,3,+17.8,+26.8,+20.3,+17.1,+20.2,+26.1,+18.3,+18.3,+18.7,+19.0,+19.6,+19.5,+19.8
2024-02-03 07:07,3,+17.8,+26.8,+20.3,+17.3,+20.2,+26.1,+18.3,+18.3,+18.7,+19.0,+19.6,+19.6,+19.8
2024-02-03 08:07,3,+17.8,+26.8,+20.3,+17.3,+20.2,+26.1,+18.3,+18.3,+18.7,+19.0,+19.6,+19.6,+19.8
2024-02-03 09:07,3,+17.8,+26.8,+20.3,+17.1,+20.2,+26.1,+18.3,+18.3,+18.7,+19.0,+19.7,+19.6,+19.8
2024-02-03 10:07,3,+17.9,+26.8,+20.3,+17.2,+20.2,+26.1,+18.3,+18.3,+18.7,+19.0,+19.7,+19.5,+19.8
2024-02-03 11:07,3,+17.9,+26.8,+20.3,+17.2,+20.2,+26.1,+18.5,+18.5,+18.8,+19.0,+19.6,+19.5,+19.8
2024-02-03 12:07,3,+17.9,+26.8,+20.3,+17.1,+20.2,+26.1,+18.6,+18.3,+18.8,+19.0,+19.6,+19.5,+19.8
2024-02-03 13:07,3,+17.8,+26.8,+20.3,+17.1,+20.2,+26.0,+18.8,+18.5,+18.8,+19.0,+19.6,+19.5,+19.8
2024-02-03 14:07,3,+17.8,+26.7,+20.3,+17.1,+20.2,+26.0,+18.8,+18.3,+18.7,+19.0,+19.6,+19.5,+19.8
2024-02-03 15:07,3,+17.8,+26.7,+20.3,+17.2,+20.2,+26.1,+19.0,+18.6,+18.8,+19.0,+19.6,+19.5,+19.8
2024-02-03 16:07,3,+17.8,+26.7,+20.3,+17.1,+20.2,+26.0,+18.8,+18.6,+18.8,+19.0,+19.6,+19.5,+19.8
2024-02-03 17:07,3,+17.8,+26.7,+20.3,+17.2,+20.2,+26.1,+19.0,+18.6,+18.8,+19.0,+19.6,+19.5,+19.8
2024-02-03 18:07,3,+17.8,+26.7,+20.3,+17.2,+20.2,+26.0,+19.0,+18.7,+18.8,+19.0,+19.6,+19.5,+19.8
2024-02-03 19:07,3,+17.8,+26.7,+20.3,+17.2,+20.2,+26.1,+19.0,+18.7,+18.8,+19.0,+19.6,+19.5,+19.8
2024-02-03 20:07,3,+17.8,+26.7,+20.3,+17.1,+20.2,+26.0,+19.0,+18.7,+19.0,+19.0,+19.6,+19.5,+19.8
2024-02-03 21:07,3,+17.8,+26.7,+20.3,+17.1,+20.2,+26.0,+19.0,+18.7,+18.8,+19.0,+19.6,+19.5,+19.8
2024-02-03 22:07,3,+17.8,+26.7,+20.3,+17.2,+20.2,+26.1,+19.0,+18.7,+19.0,+19.0,+19.6,+19.5,+19.7
2024-02-03 23:07,3,+17.8,+26.7,+20.3,+17.2,+20.2,+26.1,+18.8,+18.8,+18.8,+19.0,+19.6,+19.5,+19.8
2024-02-04 00:07,3,+17.8,+26.7,+20.3,+17.1,+20.2,+26.0,+18.7,+18.7,+19.0,+19.0,+19.6,+19.5,+19.8
2024-02-04 01:07,3,+17.8,+26.7,+20.3,+17.2,+20.2,+26.0,+18.5,+18.7,+19.0,+19.0,+19.6,+19.5,+19.8
2024-02-04 02:07,3,+17.8,+26.7,+20.2,+17.2,+20.2,+26.0,+18.5,+18.7,+19.0,+19.0,+19.6,+19.5,+19.7
2024-02-04 03:07,3,+17.8,+26.7,+20.3,+17.1,+20.2,+26.0,+18.3,+18.7,+19.0,+19.1,+19.6,+19.5,+19.8
2024-02-04 04:07,3,+17.8,+26.7,+20.2,+17.2,+20.2,+26.1,+18.3,+18.7,+19.0,+19.1,+19.6,+19.5,+19.7
2024-02-04 05:07,3,+17.8,+26.7,+20.3,+17.2,+20.2,+26.0,+18.3,+18.6,+19.0,+19.0,+19.6,+19.5,+19.8
2024-02-04 06:07,3,+17.8,+26.7,+20.2,+17.1,+20.1,+26.0,+18.2,+18.6,+19.0,+19.1,+19.7,+19.5,+19.8
2024-02-04 07:07,3,+17.8,+26.7,+20.2,+17.0,+20.2,+26.0,+18.2,+18.6,+19.0,+19.0,+19.6,+19.5,+19.8
2024-02-04 08:07,3,+17.8,+26.6,+20.2,+17.2,+20.2,+26.1,+18.2,+18.6,+19.0,+19.0,+19.6,+19.5,+19.7
2024-02-04 09:07,3,+17.7,+26.6,+20.2,+17.1,+20.1,+26.0,+18.3,+18.6,+19.0,+19.1,+19.6,+19.5,+19.8
2024-02-04 10:07,3,+17.7,+26.6,+20.2,+17.2,+20.2,+26.0,+18.5,+18.6,+19.0,+19.0,+19.6,+19.5,+19.8
2024-02-04 11:07,3,+17.6,+26.5,+20.2,+17.2,+20.2,+26.0,+18.6,+18.5,+19.0,+19.1,+19.6,+19.5,+19.8
2024-02-04 12:07,3,+17.6,+26.5,+20.2,+17.1,+20.1,+26.0,+18.7,+18.6,+19.0,+19.1,+19.6,+19.5,+19.8
2024-02-04 13:07,3,+17.5,+26.4,+20.2,+17.2,+20.2,+26.0,+19.0,+18.6,+19.0,+19.1,+19.6,+19.5,+19.8
2024-02-04 14:07,3,+17.4,+26.4,+20.2,+17.2,+20.2,+26.0,+19.2,+18.6,+19.0,+19.1,+19.6,+19.5,+19.8
2024-02-04 15:07,3,+17.4,+26.4,+20.1,+17.1,+20.2,+26.0,+19.2,+18.7,+19.0,+19.1,+19.7,+19.5,+19.8
2024-02-04 16:07,3,+17.4,+26.4,+20.1,+17.1,+20.2,+26.0,+19.1,+18.7,+19.0,+19.1,+19.7,+19.5,+19.7
2024-02-04 17:07,3,+17.4,+26.4,+20.1,+17.0,+20.1,+26.0,+19.1,+18.8,+19.0,+19.1,+19.6,+19.5,+19.8
2024-02-04 18:07,3,+17.4,+26.3,+20.1,+17.1,+20.1,+26.0,+19.1,+18.8,+19.0,+19.1,+19.7,+19.5,+19.8
2024-02-04 19:07,3,+17.4,+26.3,+20.1,+17.1,+20.2,+26.0,+19.1,+18.8,+19.0,+19.1,+19.6,+19.6,+19.8
2024-02-04 20:07,3,+17.4,+26.3,+20.1,+17.0,+20.1,+26.0,+19.0,+18.8,+19.1,+19.1,+19.6,+19.5,+19.8
2024-02-04 21:07,3,+17.4,+26.3,+20.1,+17.0,+20.1,+26.0,+18.8,+18.8,+19.1,+19.1,+19.6,+19.5,+19.7
2024-02-04 22:07,3,+17.4,+26.3,+20.1,+17.0,+20.1,+26.0,+18.8,+18.8,+19.0,+19.1,+19.7,+19.5,+19.8
2024-02-04 23:07,3,+17.4,+26.3,+20.1,+17.0,+20.1,+26.0,+18.6,+18.8,+19.1,+19.1,+19.6,+19.6,+19.8
2024-02-05 00:07,3,+17.4,+26.3,+20.1,+17.1,+20.1,+26.0,+18.6,+18.8,+19.0,+19.1,+19.7,+19.5,+19.8
2024-02-05 01:07,3,+17.4,+26.3,+20.1,+17.1,+20.1,+26.0,+18.5,+18.8,+19.1,+19.1,+19.7,+19.5,+19.8
2024-02-05 02:07,3,+17.4,+26.3,+20.1,+17.1,+20.1,+26.0,+18.5,+18.8,+19.1,+19.1,+19.6,+19.5,+19.8
2024-02-05 03:07,3,+17.4,+26.3,+20.1,+17.0,+20.1,+26.0,+18.2,+18.7,+19.1,+19.1,+19.7,+19.5,+19.8
2024-02-05 04:07,3,+17.3,+26.3,+20.1,+17.0,+20.1,+26.0,+18.1,+18.7,+19.1,+19.1,+19.7,+19.6,+19.8
2024-02-05 05:07,3,+17.3,+26.2,+20.1,+17.0,+20.1,+26.0,+18.1,+18.6,+19.1,+19.1,+19.7,+19.5,+19.7
2024-02-05 06:07,3,+17.2,+26.2,+20.1,+17.1,+20.1,+26.0,+18.1,+18.6,+19.1,+19.1,+19.7,+19.5,+19.8
2024-02-05 07:07,3,+17.2,+26.2,+20.1,+17.1,+20.1,+26.0,+18.1,+18.6,+19.1,+19.1,+19.7,+19.5,+19.8
2024-02-05 08:07,3,+17.2,+26.2,+20.1,+17.0,+20.1,+26.0,+18.1,+18.5,+19.1,+19.1,+19.7,+19.5,+19.7
2024-02-05 09:07,3,+17.2,+26.2,+20.1,+17.0,+20.1,+25.9,+18.2,+18.5,+19.1,+19.1,+19.7,+19.5,+19.8
2024-02-05 10:07,3,+17.1,+26.2,+20.1,+17.1,+20.1,+26.0,+18.3,+18.5,+19.0,+19.1,+19.7,+19.5,+19.8
2024-02-05 11:07,3,+17.1,+26.1,+20.1,+17.0,+20.0,+26.0,+18.5,+18.5,+19.0,+19.1,+19.7,+19.5,+19.7
2024-02-05 12:07,3,+17.0,+26.1,+20.1,+17.1,+20.1,+26.0,+18.6,+18.5,+19.0,+19.1,+19.7,+19.5,+19.7
2024-02-05 13:07,3,+16.9,+26.1,+20.0,+17.1,+20.1,+26.0,+18.7,+18.6,+19.0,+19.1,+19.7,+19.5,+19.8
2024-02-05 14:07,3,+16.9,+26.0,+20.0,+17.0,+20.0,+25.9,+19.0,+18.6,+19.0,+19.1,+19.6,+19.5,+19.8
2024-02-05 15:07,3,+16.8,+26.0,+20.0,+17.0,+20.0,+25.9,+19.0,+18.6,+19.0,+19.1,+19.7,+19.5,+19.8
2024-02-05 16:07,3,+16.8,+26.0,+20.0,+16.9,+20.0,+25.9,+19.0,+18.7,+19.0,+19.1,+19.7,+19.5,+19.8
2024-02-05 17:07,3,+16.8,+26.0,+20.0,+17.0,+20.0,+25.9,+19.0,+18.7,+19.0,+19.1,+19.6,+19.5,+19.7
2024-02-05 18:07,3,+16.8,+25.9,+20.0,+16.9,+20.0,+25.9,+19.0,+18.7,+19.0,+19.1,+19.7,+19.6,+19.8
2024-02-05 19:07,3,+16.8,+25.9,+20.0,+17.1,+20.1,+25.9,+19.0,+18.7,+19.0,+19.1,+19.7,+19.6,+19.8
2024-02-05 20:07,3,+16.9,+25.9,+20.0,+17.1,+20.1,+25.9,+19.1,+18.8,+19.0,+19.1,+19.7,+19.5,+19.8
2024-02-05 21:07,3,+16.9,+25.9,+20.0,+17.0,+20.0,+25.9,+19.0,+18.8,+19.0,+19.1,+19.7,+19.6,+19.8
2024-02-05 22:07,3,+16.8,+25.9,+20.0,+16.9,+20.0,+25.9,+19.0,+18.8,+19.0,+19.1,+19.7,+19.6,+19.8
2024-02-05 23:07,3,+16.8,+25.9,+20.0,+16.9,+20.0,+25.9,+18.8,+18.8,+19.0,+19.1,+19.7,+19.5,+19.7
2024-02-06 00:07,3,+16.8,+25.9,+20.0,+17.1,+20.0,+25.9,+18.8,+18.8,+19.1,+19.1,+19.7,+19.5,+19.7
2024-02-06 01:07,3,+16.8,+25.9,+20.0,+16.9,+20.0,+25.9,+18.8,+18.8,+19.1,+19.1,+19.6,+19.5,+19.8
2024-02-06 02:07,3,+16.8,+25.9,+20.0,+16.9,+20.0,+25.9,+18.7,+18.8,+19.1,+19.1,+19.7,+19.6,+19.7
2024-02-06 03:07,3,+16.8,+25.9,+20.0,+16.9,+20.0,+25.9,+18.6,+18.8,+19.1,+19.1,+19.7,+19.5,+19.7
2024-02-06 04:07,3,+16.8,+25.9,+20.0,+17.0,+20.1,+25.9,+18.3,+18.7,+19.2,+19.1,+19.6,+19.5,+19.7
2024-02-06 05:07,3,+16.8,+25.9,+20.0,+16.9,+20.0,+25.9,+18.3,+18.7,+19.1,+19.1,+19.7,+19.5,+19.7
2024-02-06 06:07,3,+16.8,+25.9,+20.0,+16.9,+20.0,+25.9,+18.1,+18.7,+19.1,+19.1,+19.7,+19.5,+19.7
2024-02-06 07:07,3,+16.8,+25.9,+20.0,+16.9,+20.0,+25.9,+18.1,+18.7,+19.1,+19.1,+19.7,+19.5,+19.7
2024-02-06 08:07,3,+16.8,+25.9,+20.0,+17.1,+20.0,+25.9,+18.1,+18.6,+19.1,+19.1,+19.7,+19.5,+19.7
2024-02-06 09:07,3,+16.7,+25.9,+20.0,+16.9,+20.0,+25.9,+18.1,+18.6,+19.1,+19.1,+19.6,+19.5,+19.7
2024-02-06 10:07,3,+16.7,+25.8,+20.0,+16.9,+20.0,+25.9,+18.3,+18.6,+19.1,+19.1,+19.7,+19.5,+19.7
2024-02-06 11:07,3,+16.6,+25.8,+19.9,+17.0,+20.0,+25.9,+18.5,+18.6,+19.0,+19.1,+19.7,+19.5,+19.7
2024-02-06 12:07,3,+16.5,+25.8,+19.9,+17.0,+20.0,+25.9,+18.6,+18.6,+19.1,+19.1,+19.6,+19.6,+19.8
2024-02-06 13:07,3,+16.4,+25.7,+19.9,+16.9,+20.0,+25.8,+18.8,+18.6,+19.1,+19.1,+19.7,+19.5,+19.8
2024-02-06 14:07,3,+16.4,+25.7,+19.9,+17.0,+20.0,+25.9,+19.0,+18.6,+19.0,+19.1,+19.7,+19.5,+19.7
2024-02-06 15:07,3,+16.4,+25.7,+19.9,+16.9,+20.0,+25.8,+19.0,+18.7,+19.0,+19.1,+19.7,+19.6,+19.7
2024-02-06 16:07,3,+16.4,+25.7,+19.9,+17.0,+20.0,+25.8,+19.0,+18.7,+19.0,+19.1,+19.7,+19.6,+19.8
2024-02-06 17:07,3,+16.4,+25.7,+19.9,+17.0,+20.0,+25.9,+19.0,+18.7,+19.1,+19.1,+19.7,+19.5,+19.7
2024-02-06 18:07,3,+16.3,+25.7,+19.9,+16.9,+20.0,+25.8,+19.0,+18.8,+19.1,+19.1,+19.7,+19.5,+19.7
2024-02-06 19:07,3,+16.4,+25.7,+19.9,+17.0,+20.0,+25.9,+19.0,+18.8,+19.1,+19.1,+19.7,+19.5,+19.8
2024-02-06 20:07,3,+16.3,+25.6,+19.9,+17.0,+20.0,+25.8,+18.8,+18.8,+19.1,+19.1,+19.7,+19.5,+19.7
2024-02-06 21:07,3,+16.4,+25.6,+19.9,+16.9,+19.9,+25.8,+18.7,+18.8,+19.1,+19.1,+19.7,+19.5,+19.7
2024-02-06 22:07,3,+16.3,+25.6,+19.9,+17.0,+20.0,+25.8,+18.6,+18.7,+19.1,+19.1,+19.7,+19.5,+19.8
2024-02-06 23:07,3,+16.4,+25.6,+19.9,+16.9,+20.0,+25.8,+18.5,+18.7,+19.1,+19.1,+19.7,+19.6,+19.7
2024-02-07 00:07,3,+16.3,+25.6,+19.9,+17.0,+20.0,+25.8,+18.3,+18.7,+19.1,+19.1,+19.6,+19.6,+19.7
2024-02-07 01:07,3,+16.3,+25.6,+19.9,+17.0,+20.0,+25.8,+18.2,+18.7,+19.1,+19.1,+19.7,+19.5,+19.7
2024-02-07 02:07,3,+16.3,+25.6,+19.9,+16.9,+19.9,+25.8,+18.1,+18.7,+19.1,+19.1,+19.7,+19.5,+19.7
2024-02-07 03:07,3,+16.3,+25.6,+19.9,+17.0,+20.0,+25.8,+18.1,+18.6,+19.1,+19.1,+19.7,+19.5,+19.7
2024-02-07 04:07,3,+16.3,+25.6,+19.9,+17.0,+20.0,+25.8,+18.0,+18.6,+19.1,+19.1,+19.7,+19.5,+19.7
2024-02-07 05:07,3,+16.3,+25.6,+19.9,+17.0,+20.0,+25.8,+18.0,+18.6,+19.1,+19.2,+19.7,+19.6,+19.7
2024-02-07 06:07,3,+16.3,+25.6,+19.9,+16.9,+19.9,+25.8,+17.8,+18.5,+19.1,+19.1,+19.7,+19.5,+19.7
2024-02-07 07:07,3,+16.2,+25.6,+19.9,+16.9,+20.0,+25.8,+17.8,+18.5,+19.1,+19.2,+19.7,+19.6,+19.7
2024-02-07 08:07,3,+16.2,+25.6,+19.9,+17.0,+20.0,+25.8,+17.8,+18.5,+19.0,+19.1,+19.7,+19.6,+19.7
2024-02-07 09:07,3,+16.2,+25.6,+19.9,+16.9,+20.0,+25.8,+17.8,+18.5,+19.0,+19.1,+19.7,+19.5,+19.7
2024-02-07 10:07,3,+16.1,+25.5,+19.9,+16.9,+20.0,+25.8,+17.6,+18.3,+19.1,+19.1,+19.6,+19.6,+19.7
2024-02-07 11:07,3,+16.1,+25.5,+19.9,+16.9,+20.0,+25.8,+17.6,+18.3,+19.0,+19.1,+19.6,+19.5,+19.7
2024-02-07 12:07,3,+16.0,+25.4,+19.8,+16.8,+19.9,+25.8,+17.6,+18.3,+19.0,+19.1,+19.6,+19.6,+19.7
2024-02-07 13:07,3,+15.9,+25.4,+19.8,+16.8,+19.9,+25.8,+18.0,+18.3,+19.0,+19.1,+19.7,+19.6,+19.7
2024-02-07 14:07,3,+15.8,+25.4,+19.8,+16.8,+19.9,+25.7,+17.8,+18.2,+19.0,+19.1,+19.7,+19.6,+19.8
2024-02-07 15:07,3,+15.8,+25.3,+19.8,+16.8,+19.9,+25.7,+17.8,+18.2,+19.0,+19.1,+19.7,+19.5,+19.7
2024-02-07 16:07,3,+15.7,+25.3,+19.8,+16.9,+19.9,+25.7,+17.7,+18.2,+18.8,+19.1,+19.7,+19.5,+19.7
2024-02-07 17:07,3,+15.7,+25.3,+19.8,+16.8,+19.9,+25.7,+17.6,+18.2,+18.8,+19.1,+19.7,+19.5,+19.7
2024-02-07 18:07,3,+15.7,+25.3,+19.8,+16.8,+19.9,+25.7,+17.5,+18.2,+18.8,+19.1,+19.7,+19.6,+19.7
2024-02-07 19:07,3,+15.7,+25.3,+19.8,+16.9,+19.9,+25.8,+17.3,+18.2,+18.8,+19.1,+19.7,+19.6,+19.7
2024-02-07 20:07,3,+15.7,+25.2,+19.8,+16.8,+19.9,+25.7,+17.2,+18.1,+18.8,+19.1,+19.7,+19.6,+19.7
2024-02-07 21:07,3,+15.7,+25.2,+19.8,+16.9,+19.9,+25.7,+17.2,+18.0,+18.8,+19.1,+19.7,+19.5,+19.8
2024-02-07 22:07,3,+15.7,+25.2,+19.8,+16.8,+19.9,+25.7,+17.1,+18.0,+18.8,+19.1,+19.7,+19.5,+19.7
2024-02-07 23:07,3,+15.7,+25.2,+19.7,+16.9,+19.9,+25.7,+17.2,+18.0,+18.7,+19.1,+19.7,+19.6,+19.8
2024-02-08 00:07,3,+15.7,+25.2,+19.7,+16.8,+19.9,+25.7,+17.1,+18.0,+18.8,+19.1,+19.7,+19.5,+19.7
2024-02-08 01:07,3,+15.7,+25.2,+19.7,+16.8,+19.9,+25.7,+17.2,+17.8,+18.7,+19.1,+19.7,+19.5,+19.7
2024-02-08 02:07,3,+15.7,+25.2,+19.8,+16.9,+19.9,+25.7,+17.2,+17.8,+18.7,+19.0,+19.7,+19.5,+19.7
2024-02-08 03:07,3,+15.6,+25.2,+19.7,+16.8,+19.9,+25.7,+17.2,+17.8,+18.7,+19.1,+19.7,+19.5,+19.7
2024-02-08 04:07,3,+15.6,+25.2,+19.7,+16.9,+19.9,+25.7,+17.2,+17.8,+18.7,+19.1,+19.7,+19.5,+19.7
2024-02-08 05:07,3,+15.6,+25.2,+19.7,+16.9,+19.9,+25.7,+17.2,+17.8,+18.7,+19.0,+19.7,+19.5,+19.7
2024-02-08 06:07,3,+15.6,+25.2,+19.7,+16.9,+19.9,+25.7,+17.3,+17.8,+18.7,+19.0,+19.6,+19.5,+19.7
2024-02-08 07:07,3,+15.6,+25.2,+19.7,+16.8,+19.9,+25.7,+17.3,+17.8,+18.7,+19.0,+19.7,+19.5,+19.7
2024-02-08 08:07,3,+15.6,+25.2,+19.7,+16.9,+19.9,+25.7,+17.3,+17.8,+18.6,+19.0,+19.6,+19.6,+19.7
2024-02-08 09:07,3,+15.6,+25.2,+19.7,+16.9,+19.9,+25.7,+17.3,+17.8,+18.6,+19.0,+19.6,+19.5,+19.7
2024-02-08 10:07,3,+15.6,+25.1,+19.7,+16.9,+19.9,+25.7,+17.6,+17.8,+18.7,+19.0,+19.6,+19.5,+19.7
2024-02-08 11:07,3,+15.5,+25.1,+19.7,+16.8,+19.9,+25.7,+17.7,+17.8,+18.6,+19.0,+19.6,+19.5,+19.7
2024-02-08 12:07,3,+15.5,+25.1,+19.7,+16.7,+19.9,+25.7,+17.8,+17.8,+18.6,+19.0,+19.6,+19.5,+19.7
2024-02-08 13:07,3,+15.4,+25.1,+19.7,+16.9,+19.9,+25.7,+18.3,+18.0,+18.6,+19.0,+19.7,+19.5,+19.8
2024-02-08 14:07,3,+15.4,+25.0,+19.7,+16.7,+19.8,+25.7,+18.3,+18.1,+18.6,+19.0,+19.6,+19.5,+19.7
2024-02-08 15:07,3,+15.4,+25.0,+19.7,+16.9,+19.9,+25.7,+18.3,+18.1,+18.6,+19.0,+19.6,+19.5,+19.7
2024-02-08 16:07,3,+15.3,+25.0,+19.7,+16.9,+19.9,+25.7,+18.3,+18.1,+18.6,+18.8,+19.6,+19.5,+19.7
2024-02-08 17:07,3,+15.4,+25.0,+19.7,+16.7,+19.8,+25.7,+18.3,+18.2,+18.6,+19.0,+19.6,+19.5,+19.7
2024-02-08 18:07,3,+15.3,+25.0,+19.7,+16.7,+19.8,+25.7,+18.2,+18.2,+18.6,+19.0,+19.6,+19.6,+19.8
2024-02-08 19:07,3,+15.4,+25.0,+19.7,+16.7,+19.8,+25.7,+18.1,+18.2,+18.7,+19.0,+19.6,+19.5,+19.7
2024-02-08 20:07,3,+15.4,+25.0,+19.7,+16.7,+19.8,+25.7,+18.0,+18.2,+18.7,+19.0,+19.6,+19.5,+19.7
2024-02-08 21:07,3,+15.4,+25.0,+19.7,+16.7,+19.8,+25.7,+18.0,+18.2,+18.7,+19.0,+19.6,+19.5,+19.7
2024-02-08 22:07,3,+15.4,+25.0,+19.7,+16.7,+19.8,+25.7,+17.8,+18.2,+18.7,+19.0,+19.6,+19.5,+19.7
2024-02-08 23:07,3,+15.4,+25.0,+19.7,+16.8,+19.9,+25.7,+17.7,+18.2,+18.7,+19.0,+19.6,+19.5,+19.7
2024-02-09 00:07,3,+15.4,+25.0,+19.7,+16.7,+19.8,+25.7,+17.6,+18.1,+18.7,+19.0,+19.6,+19.5,+19.7
2024-02-09 01:07,3,+15.4,+25.0,+19.7,+16.8,+19.9,+25.7,+17.3,+18.2,+18.7,+18.8,+19.6,+19.5,+19.7
2024-02-09 02:07,3,+15.4,+25.0,+19.7,+16.7,+19.8,+25.7,+17.3,+18.1,+18.7,+18.8,+19.6,+19.5,+19.7
2024-02-09 03:07,3,+15.4,+25.0,+19.6,+16.8,+19.8,+25.7,+17.2,+18.0,+18.7,+19.0,+19.6,+19.5,+19.7
2024-02-09 04:07,3,+15.4,+25.0,+19.7,+16.8,+19.9,+25.7,+17.1,+18.0,+18.7,+19.0,+19.6,+19.5,+19.7
2024-02-09 05:07,3,+15.4,+25.0,+19.6,+16.8,+19.8,+25.7,+17.0,+18.0,+18.7,+19.0,+19.6,+19.5,+19.7
2024-02-09 06:07,3,+15.4,+25.0,+19.6,+16.7,+19.8,+25.6,+17.0,+17.8,+18.7,+19.0,+19.6,+19.5,+19.7
2024-02-09 07:07,3,+15.4,+25.0,+19.7,+16.7,+19.8,+25.7,+17.0,+17.7,+18.6,+19.0,+19.6,+19.5,+19.7
2024-02-09 08:07,3,+15.3,+24.9,+19.6,+16.8,+19.8,+25.7,+17.0,+17.8,+18.6,+19.0,+19.6,+19.3,+19.7
2024-02-09 09:07,3,+15.3,+24.9,+19.6,+16.7,+19.8,+25.6,+17.1,+17.7,+18.6,+18.8,+19.6,+19.3,+19.7
2024-02-09 10:07,3,+15.2,+24.9,+19.6,+16.8,+19.8,+25.7,+17.3,+17.7,+18.6,+18.8,+19.6,+19.5,+19.7
2024-02-09 11:07,3,+15.2,+24.9,+19.6,+16.7,+19.8,+25.7,+17.5,+17.7,+18.6,+18.8,+19.5,+19.5,+19.7
2024-02-09 12:07,3,+15.1,+24.8,+19.6,+16.8,+19.8,+25.7,+17.7,+17.7,+18.5,+18.8,+19.6,+19.5,+19.7
2024-02-09 13:07,3,+15.1,+24.8,+19.6,+16.8,+19.8,+25.6,+18.3,+17.8,+18.6,+18.8,+19.6,+19.5,+19.7
2024-02-09 14:07,3,+15.0,+24.8,+19.6,+16.7,+19.8,+25.6,+18.5,+17.8,+18.5,+19.0,+19.6,+19.3,+19.7
2024-02-09 15:07,3,+14.9,+24.8,+19.6,+16.7,+19.8,+25.6,+18.3,+18.0,+18.6,+18.8,+19.5,+19.5,+19.7
2024-02-09 16:07,3,+14.9,+24.8,+19.6,+16.7,+19.8,+25.6,+18.3,+18.1,+18.6,+18.8,+19.6,+19.3,+19.7
2024-02-09 17:07,3,+14.9,+24.7,+19.6,+16.7,+19.8,+25.6,+18.2,+18.1,+18.6,+18.8,+19.6,+19.3,+19.7
2024-02-09 18:07,3,+14.9,+24.7,+19.6,+16.7,+19.8,+25.6,+18.2,+18.1,+18.6,+18.8,+19.5,+19.3,+19.7
2024-02-09 19:07,3,+14.9,+24.7,+19.6,+16.7,+19.7,+25.6,+18.1,+18.1,+18.6,+18.8,+19.6,+19.5,+19.7
2024-02-09 20:07,3,+14.9,+24.7,+19.6,+16.7,+19.8,+25.6,+18.0,+18.1,+18.6,+18.8,+19.6,+19.5,+19.7
2024-02-09 21:07,3,+14.9,+24.7,+19.6,+16.7,+19.8,+25.6,+18.0,+18.1,+18.6,+18.8,+19.5,+19.5,+19.7
2024-02-09 22:07,3,+14.9,+24.7,+19.6,+16.7,+19.8,+25.6,+18.0,+18.2,+18.6,+18.8,+19.6,+19.3,+19.7
2024-02-09 23:07,3,+14.9,+24.7,+19.6,+16.6,+19.7,+25.6,+17.8,+18.1,+18.6,+18.8,+19.5,+19.5,+19.7
2024-02-10 00:07,3,+14.9,+24.7,+19.6,+16.7,+19.8,+25.6,+17.7,+18.1,+18.6,+18.8,+19.5,+19.3,+19.7
2024-02-10 01:07,3,+14.9,+24.7,+19.6,+16.6,+19.7,+25.6,+17.7,+18.1,+18.7,+18.8,+19.5,+19.3,+19.7
2024-02-10 02:07,3,+14.9,+24.7,+19.6,+16.7,+19.8,+25.6,+17.7,+18.1,+18.6,+18.8,+19.5,+19.5,+19.7
2024-02-10 03:07,3,+14.9,+24.7,+19.5,+16.7,+19.8,+25.6,+17.7,+18.1,+18.6,+18.8,+19.6,+19.5,+19.7
2024-02-10 04:07,3,+14.9,+24.7,+19.6,+16.7,+19.8,+25.6,+17.6,+18.1,+18.7,+18.8,+19.5,+19.3,+19.7
2024-02-10 05:07,3,+14.9,+24.7,+19.6,+16.6,+19.7,+25.6,+17.6,+18.1,+18.6,+18.8,+19.5,+19.3,+19.7
2024-02-10 06:07,3,+14.9,+24.7,+19.6,+16.6,+19.7,+25.6,+17.6,+18.1,+18.6,+18.8,+19.6,+19.3,+19.7
2024-02-10 07:07,3,+14.9,+24.6,+19.6,+16.7,+19.7,+25.6,+17.5,+18.0,+18.6,+18.8,+19.5,+19.3,+19.7
2024-02-10 08:07,3,+14.9,+24.6,+19.5,+16.6,+19.7,+25.6,+17.5,+18.0,+18.6,+18.8,+19.5,+19.3,+19.7
2024-02-10 09:07,3,+14.9,+24.6,+19.5,+16.7,+19.7,+25.6,+17.6,+18.0,+18.6,+18.8,+19.5,+19.3,+19.7
2024-02-10 10:07,3,+14.8,+24.6,+19.5,+16.7,+19.7,+25.6,+17.6,+18.0,+18.6,+18.8,+19.5,+19.3,+19.7
2024-02-10 11:07,3,+14.7,+24.5,+19.5,+16.7,+19.7,+25.6,+17.7,+18.0,+18.6,+18.8,+19.5,+19.3,+19.7
2024-02-10 12:07,3,+14.7,+24.5,+19.5,+16.6,+19.7,+25.5,+18.0,+18.0,+18.6,+18.8,+19.5,+19.3,+19.7
2024-02-10 13:07,3,+14.6,+24.5,+19.5,+16.6,+19.7,+25.5,+18.3,+18.0,+18.6,+18.8,+19.5,+19.3,+19.7
2024-02-10 14:07,3,+14.6,+24.4,+19.5,+16.6,+19.7,+25.5,+18.3,+18.1,+18.6,+18.8,+19.5,+19.3,+19.7
2024-02-10 15:07,3,+14.5,+24.4,+19.5,+16.6,+19.7,+25.5,+18.3,+18.1,+18.6,+18.8,+19.5,+19.3,+19.7
2024-02-10 16:07,3,+14.5,+24.4,+19.4,+16.7,+19.7,+25.5,+18.3,+18.2,+18.6,+18.8,+19.5,+19.3,+19.7
2024-02-10 17:07,3,+14.5,+24.4,+19.4,+16.7,+19.7,+25.5,+18.3,+18.2,+18.6,+19.0,+19.6,+19.3,+19.7
2024-02-10 18:07,3,+14.5,+24.4,+19.4,+16.7,+19.7,+25.5,+18.2,+18.2,+18.6,+18.8,+19.6,+19.3,+19.6
2024-02-10 19:07,3,+14.5,+24.4,+19.4,+16.5,+19.7,+25.5,+18.1,+18.2,+18.7,+18.8,+19.5,+19.3,+19.7
2024-02-10 20:07,3,+14.4,+24.4,+19.4,+16.6,+19.7,+25.5,+18.1,+18.2,+18.7,+18.8,+19.5,+19.3,+19.7
2024-02-10 21:07,3,+14.4,+24.4,+19.4,+16.7,+19.7,+25.5,+18.0,+18.2,+18.6,+18.8,+19.5,+19.3,+19.7
2024-02-10 22:07,3,+14.4,+24.3,+19.4,+16.5,+19.6,+25.5,+18.0,+18.2,+18.7,+18.8,+19.5,+19.3,+19.7
2024-02-10 23:07,3,+14.4,+24.3,+19.4,+16.5,+19.7,+25.5,+17.8,+18.2,+18.6,+18.8,+19.6,+19.3,+19.7
2024-02-11 00:07,3,+14.4,+24.3,+19.4,+16.6,+19.7,+25.5,+17.8,+18.2,+18.7,+18.8,+19.5,+19.5,+19.7
2024-02-11 01:07,3,+14.4,+24.3,+19.4,+16.5,+19.6,+25.5,+17.8,+18.2,+18.7,+18.8,+19.5,+19.3,+19.6
2024-02-11 02:07,3,+14.4,+24.3,+19.4,+16.6,+19.7,+25.5,+17.7,+18.2,+18.7,+18.8,+19.5,+19.3,+19.7
2024-02-11 03:07,3,+14.3,+24.3,+19.4,+16.6,+19.7,+25.5,+17.7,+18.2,+18.7,+18.8,+19.6,+19.3,+19.7
2024-02-11 04:07,3,+14.3,+24.3,+19.4,+16.6,+19.7,+25.5,+17.6,+18.1,+18.7,+18.8,+19.5,+19.3,+19.6
2024-02-11 05:07,3,+14.3,+24.3,+19.4,+16.5,+19.6,+25.5,+17.7,+18.1,+18.7,+19.0,+19.6,+19.3,+19.7
2024-02-11 06:07,3,+14.3,+24.3,+19.4,+16.6,+19.7,+25.5,+17.6,+18.1,+18.7,+18.8,+19.5,+19.3,+19.6
2024-02-11 07:07,3,+14.3,+24.2,+19.4,+16.6,+19.7,+25.5,+17.6,+18.1,+18.7,+18.8,+19.5,+19.3,+19.7
2024-02-11 08:07,3,+14.3,+24.2,+19.4,+16.5,+19.6,+25.5,+17.6,+18.1,+18.6,+18.8,+19.5,+19.3,+19.7
2024-02-11 09:07,3,+14.3,+24.2,+19.4,+16.6,+19.7,+25.5,+17.8,+18.1,+18.7,+18.8,+19.5,+19.3,+19.6
2024-02-11 10:07,3,+14.2,+24.2,+19.4,+16.6,+19.7,+25.5,+17.8,+18.1,+18.6,+18.8,+19.5,+19.3,+19.6
2024-02-11 11:07,3,+14.2,+24.2,+19.3,+16.6,+19.7,+25.5,+18.1,+18.1,+18.7,+18.8,+19.5,+19.3,+19.7
2024-02-11 12:07,3,+14.1,+24.1,+19.3,+16.5,+19.6,+25.5,+18.3,+18.1,+18.7,+18.8,+19.5,+19.3,+19.7
2024-02-11 13:07,3,+14.1,+24.1,+19.3,+16.5,+19.6,+25.4,+18.7,+18.1,+18.6,+18.8,+19.5,+19.3,+19.6
2024-02-11 14:07,3,+14.0,+24.1,+19.3,+16.4,+19.6,+25.5,+18.8,+18.2,+18.6,+18.8,+19.5,+19.3,+19.6
2024-02-11 15:07,3,+14.0,+24.1,+19.3,+16.5,+19.6,+25.4,+19.0,+18.3,+18.6,+18.8,+19.5,+19.3,+19.7
2024-02-11 16:07,3,+14.0,+24.1,+19.3,+16.6,+19.6,+25.5,+19.0,+18.3,+18.6,+18.8,+19.5,+19.3,+19.6
2024-02-11 17:07,3,+14.0,+24.0,+19.3,+16.4,+19.6,+25.4,+19.0,+18.5,+18.7,+18.8,+19.5,+19.3,+19.7
2024-02-11 18:07,3,+14.0,+24.1,+19.3,+16.4,+19.6,+25.4,+18.8,+18.6,+18.7,+18.8,+19.5,+19.3,+19.7
2024-02-11 19:07,3,+14.0,+24.0,+19.3,+16.6,+19.6,+25.4,+18.8,+18.6,+18.7,+18.8,+19.5,+19.3,+19.7
2024-02-11 20:07,3,+14.0,+24.0,+19.3,+16.5,+19.6,+25.4,+18.7,+18.6,+18.7,+18.8,+19.5,+19.3,+19.6
2024-02-11 21:07,3,+14.0,+24.0,+19.3,+16.5,+19.6,+25.4,+18.7,+18.6,+18.7,+18.8,+19.5,+19.3,+19.6
2024-02-11 22:07,3,+14.0,+24.0,+19.3,+16.5,+19.6,+25.4,+18.7,+18.6,+18.8,+19.0,+19.5,+19.3,+19.6
2024-02-11 23:07,3,+14.0,+24.0,+19.3,+16.5,+19.6,+25.4,+18.6,+18.6,+18.8,+18.8,+19.5,+19.3,+19.6
2024-02-12 00:07,3,+14.0,+24.0,+19.3,+16.5,+19.6,+25.4,+18.5,+18.6,+18.8,+18.8,+19.5,+19.3,+19.7
2024-02-12 01:07,3,+14.0,+24.0,+19.3,+16.4,+19.6,+25.4,+18.3,+18.6,+18.8,+19.0,+19.5,+19.3,+19.6
2024-02-12 02:07,3,+14.0,+24.0,+19.3,+16.4,+19.6,+25.4,+18.1,+18.6,+18.8,+18.8,+19.5,+19.3,+19.6
2024-02-12 03:07,3,+14.0,+24.0,+19.3,+16.4,+19.6,+25.4,+17.8,+18.5,+18.8,+18.8,+19.5,+19.3,+19.6
2024-02-12 04:07,3,+14.0,+24.0,+19.3,+16.4,+19.5,+25.4,+17.8,+18.5,+18.8,+18.8,+19.5,+19.3,+19.6
2024-02-12 05:07,3,+13.9,+24.0,+19.3,+16.5,+19.6,+25.4,+17.8,+18.3,+18.8,+18.8,+19.5,+19.3,+19.7
2024-02-12 06:07,3,+13.9,+23.9,+19.3,+16.4,+19.5,+25.4,+17.7,+18.3,+18.8,+19.0,+19.5,+19.3,+19.6
2024-02-12 07:07,3,+13.9,+23.9,+19.3,+16.5,+19.6,+25.4,+17.7,+18.3,+18.8,+19.0,+19.5,+19.3,+19.6
2024-02-12 08:07,3,+13.9,+23.9,+19.3,+16.4,+19.6,+25.4,+17.7,+18.2,+18.8,+18.8,+19.5,+19.3,+19.6
2024-02-12 09:07,3,+13.8,+23.9,+19.3,+16.4,+19.6,+25.4,+17.8,+18.2,+18.8,+18.8,+19.5,+19.3,+19.6
2024-02-12 10:07,3,+13.7,+23.8,+19.2,+16.5,+19.6,+25.4,+18.1,+18.1,+18.7,+18.8,+19.5,+19.3,+19.6
2024-02-12 11:07,3,+13.7,+23.8,+19.2,+16.4,+19.5,+25.3,+18.3,+18.2,+18.7,+18.8,+19.5,+19.3,+19.7
2024-02-12 12:07,3,+13.6,+23.8,+19.2,+16.4,+19.5,+25.3,+18.6,+18.2,+18.7,+18.8,+19.5,+19.3,+19.6
2024-02-12 13:07,3,+13.6,+23.7,+19.2,+16.5,+19.6,+25.4,+18.8,+18.2,+18.7,+19.0,+19.5,+19.3,+19.6
2024-02-12 14:07,3,+13.5,+23.7,+19.2,+16.4,+19.5,+25.3,+19.0,+18.3,+18.7,+19.0,+19.5,+19.3,+19.7