
2023-10-31 08:24,1,+33.2,+32.2,+20.1,+24.0,+40.5,+42.1,+19.7,+19.8,+20.1,+20.7,+20.6,+20.6,+20.8
2023-10-31 09:24,1,+33.2,+32.2,+20.1,+24.1,+40.5,+42.1,+19.7,+19.8,+20.0,+20.7,+20.6,+20.6,+20.7
2023-10-31 10:24,1,+33.2,+32.1,+20.1,+24.1,+40.5,+42.1,+19.8,+19.8,+20.0,+20.7,+20.6,+20.6,+20.7
2023-10-31 11:24,1,+33.1,+32.1,+20.1,+23.9,+40.5,+42.0,+20.0,+19.8,+20.1,+20.7,+20.5,+20.6,+20.7
2023-10-31 12:24,1,+33.1,+32.1,+20.1,+24.1,+40.5,+42.1,+20.1,+19.8,+20.0,+20.7,+20.6,+20.6,+20.8
2023-10-31 13:24,1,+33.0,+32.1,+20.1,+24.0,+40.5,+42.1,+20.3,+20.0,+20.1,+20.7,+20.6,+20.6,+20.7
2023-10-31 14:24,1,+33.1,+32.0,+20.1,+24.0,+40.5,+42.0,+20.5,+20.0,+20.0,+20.7,+20.5,+20.6,+20.8
2023-10-31 15:24,1,+32.9,+32.0,+20.1,+23.9,+40.4,+42.0,+20.5,+20.1,+20.0,+20.7,+20.5,+20.6,+20.7
2023-10-31 16:24,1,+32.9,+32.0,+20.1,+23.9,+40.4,+42.0,+20.5,+20.1,+20.1,+20.6,+20.6,+20.6,+20.7
2023-10-31 17:24,1,+32.9,+32.0,+20.0,+24.0,+40.4,+42.0,+20.5,+20.1,+20.1,+20.6,+20.5,+20.6,+20.7
2023-10-31 18:24,1,+32.9,+32.0,+20.0,+23.9,+40.4,+42.0,+20.3,+20.1,+20.1,+20.7,+20.5,+20.6,+20.7
2023-10-31 19:24,1,+37.0,+33.3,+20.0,+24.0,+40.4,+42.0,+20.2,+20.2,+20.1,+20.6,+20.6,+20.6,+20.7
2023-10-31 20:24,1,+36.4,+33.5,+20.0,+23.9,+40.4,+42.0,+20.1,+20.2,+20.1,+20.7,+20.5,+20.6,+20.8
2023-10-31 21:24,1,+37.6,+35.0,+20.1,+23.9,+40.3,+42.0,+20.0,+20.1,+20.1,+20.7,+20.6,+20.6,+20.7
2023-10-31 22:24,1,+37.1,+34.9,+20.8,+23.9,+40.3,+42.0,+19.8,+20.1,+20.1,+20.7,+20.5,+20.6,+20.7
2023-10-31 23:24,1,+37.5,+34.6,+21.4,+24.1,+40.4,+42.0,+19.7,+20.1,+20.1,+20.7,+20.5,+20.6,+20.7
2023-11-01 00:24,1,+36.9,+34.4,+21.6,+24.1,+40.4,+42.0,+19.7,+20.0,+20.1,+20.7,+20.6,+20.6,+20.7
2023-11-01 01:24,1,+36.7,+34.2,+21.5,+24.2,+40.4,+42.0,+19.7,+20.0,+20.1,+20.7,+20.5,+20.6,+20.7
2023-11-01 02:24,1,+36.1,+33.9,+21.4,+24.4,+40.5,+42.0,+19.6,+20.0,+20.1,+20.7,+20.5,+20.6,+20.7
2023-11-01 03:24,1,+35.9,+33.7,+21.2,+24.4,+40.5,+42.0,+19.6,+20.0,+20.1,+20.7,+20.6,+20.6,+20.7
2023-11-01 04:24,1,+35.7,+33.6,+21.1,+24.3,+40.5,+42.0,+19.5,+19.8,+20.1,+20.7,+20.6,+20.6,+20.7
2023-11-01 05:24,1,+35.1,+33.4,+20.9,+24.4,+40.6,+42.1,+19.6,+20.0,+20.1,+20.7,+20.5,+20.6,+20.7
2023-11-01 06:24,1,+35.0,+33.3,+20.8,+24.3,+40.6,+42.0,+19.5,+19.8,+20.1,+20.7,+20.5,+20.6,+20.7
2023-11-01 07:24,1,+34.9,+33.2,+20.7,+24.4,+40.7,+42.1,+19.5,+19.8,+20.1,+20.7,+20.6,+20.6,+20.7
2023-11-01 08:24,1,+34.8,+33.1,+20.6,+24.4,+40.7,+42.1,+19.6,+19.8,+20.1,+20.6,+20.5,+20.6,+20.7
2023-11-01 09:24,1,+34.7,+33.0,+20.6,+24.3,+40.6,+42.1,+19.6,+19.8,+20.1,+20.7,+20.5,+20.6,+20.7
2023-11-01 10:24,1,+34.6,+33.0,+20.5,+24.4,+40.7,+42.1,+19.8,+19.8,+20.1,+20.7,+20.5,+20.6,+20.7
2023-11-01 11:24,1,+34.5,+32.9,+20.5,+24.2,+40.6,+42.1,+20.0,+19.8,+20.1,+20.7,+20.5,+20.6,+20.7
2023-11-01 12:24,1,+34.4,+32.8,+20.4,+24.3,+40.7,+42.1,+20.1,+19.8,+20.1,+20.7,+20.5,+20.6,+20.7
2023-11-01 13:24,1,+34.5,+32.8,+20.4,+24.3,+40.6,+42.2,+20.1,+19.8,+20.0,+20.6,+20.5,+20.6,+20.7
2023-11-01 14:24,1,+38.9,+33.6,+20.4,+24.3,+40.7,+42.2,+20.1,+20.0,+20.0,+20.7,+20.5,+20.6,+20.7
2023-11-01 15:24,1,+37.1,+34.9,+20.5,+24.3,+40.6,+42.2,+20.1,+20.0,+20.0,+20.6,+20.5,+20.6,+20.7
2023-11-01 16:24,1,+36.4,+34.4,+21.1,+24.2,+40.6,+42.1,+20.1,+20.0,+20.1,+20.6,+20.5,+20.6,+20.7
2023-11-01 17:24,1,+36.1,+34.1,+21.2,+24.4,+40.6,+42.2,+20.1,+20.0,+20.1,+20.7,+20.5,+20.6,+20.7
2023-11-01 18:24,1,+35.9,+33.9,+21.1,+24.3,+40.6,+42.1,+20.1,+20.0,+20.0,+20.6,+20.5,+20.6,+20.7
2023-11-01 19:24,1,+40.1,+39.2,+24.0,+24.3,+40.6,+42.1,+19.7,+20.0,+20.0,+20.6,+20.5,+20.6,+20.7
2023-11-01 20:24,1,+39.3,+37.8,+27.0,+28.5,+43.3,+42.2,+19.7,+20.0,+20.0,+20.7,+20.5,+20.6,+20.7
2023-11-01 21:24,1,+38.0,+36.2,+24.9,+26.2,+42.0,+42.4,+19.7,+20.0,+20.0,+20.6,+20.5,+20.6,+20.7
2023-11-01 22:24,1,+36.8,+34.9,+23.2,+25.4,+42.0,+42.9,+19.6,+19.8,+20.0,+20.6,+20.5,+20.6,+20.7
2023-11-01 23:24,1,+36.2,+34.3,+22.2,+25.2,+41.9,+42.9,+19.7,+19.8,+20.1,+20.6,+20.5,+20.6,+20.7
2023-11-02 00:24,1,+35.8,+33.9,+21.7,+24.9,+41.7,+42.9,+19.7,+19.8,+20.0,+20.7,+20.5,+20.6,+20.7
2023-11-02 01:24,1,+35.6,+33.7,+21.2,+24.8,+41.6,+42.8,+19.6,+19.8,+20.0,+20.6,+20.5,+20.6,+20.7
2023-11-02 02:24,1,+35.4,+33.5,+21.0,+24.7,+41.5,+42.8,+19.6,+19.8,+20.0,+20.6,+20.5,+20.5,+20.7
2023-11-02 03:24,1,+35.3,+33.4,+20.9,+24.6,+41.5,+42.7,+19.6,+19.8,+20.0,+20.7,+20.5,+20.6,+20.7
2023-11-02 04:24,1,+35.2,+33.3,+20.7,+24.6,+41.5,+42.7,+19.6,+19.8,+20.0,+20.6,+20.5,+20.6,+20.7
2023-11-02 05:24,1,+35.1,+33.2,+20.7,+24.5,+41.4,+42.7,+19.6,+19.8,+20.1,+20.6,+20.5,+20.6,+20.6
2023-11-02 06:24,1,+35.0,+33.1,+20.6,+24.5,+41.5,+42.7,+19.6,+19.8,+20.0,+20.6,+20.5,+20.5,+20.7
2023-11-02 07:24,1,+35.0,+33.1,+20.5,+24.5,+41.4,+42.7,+19.6,+19.8,+20.0,+20.6,+20.5,+20.6,+20.7
2023-11-02 08:24,1,+34.9,+33.0,+20.5,+24.3,+41.4,+42.6,+19.7,+19.8,+20.0,+20.6,+20.5,+20.6,+20.7
2023-11-02 09:24,1,+34.9,+33.0,+20.4,+24.4,+41.2,+42.6,+19.8,+19.8,+20.0,+20.6,+20.5,+20.6,+20.7
2023-11-02 10:24,1,+34.8,+32.9,+20.4,+24.4,+41.1,+42.6,+20.0,+19.8,+20.0,+20.6,+20.5,+20.6,+20.7
2023-11-02 11:24,1,+34.6,+32.9,+20.4,+24.4,+41.1,+42.6,+20.1,+19.8,+20.0,+20.6,+20.5,+20.5,+20.7
2023-11-02 12:24,1,+34.5,+32.8,+20.4,+24.3,+41.1,+42.6,+20.1,+19.8,+20.0,+20.6,+20.5,+20.6,+20.7
2023-11-02 13:24,1,+34.4,+32.8,+20.4,+24.3,+40.9,+42.4,+20.3,+19.8,+20.0,+20.7,+20.5,+20.5,+20.7
2023-11-02 14:24,1,+34.5,+32.8,+20.3,+24.3,+40.8,+42.3,+20.5,+20.0,+20.0,+20.6,+20.5,+20.5,+20.7
2023-11-02 15:24,1,+34.3,+32.8,+20.3,+24.2,+40.7,+42.3,+20.6,+20.0,+20.0,+20.6,+20.5,+20.6,+20.7
2023-11-02 16:24,1,+34.2,+32.8,+20.3,+24.3,+40.7,+42.3,+20.6,+20.1,+20.0,+20.6,+20.5,+20.5,+20.7
2023-11-02 17:24,1,+34.2,+32.7,+20.3,+24.3,+40.7,+42.3,+20.6,+20.2,+20.1,+20.6,+20.5,+20.6,+20.7
2023-11-02 18:24,1,+34.1,+32.7,+20.3,+24.3,+40.7,+42.3,+20.5,+20.2,+20.1,+20.6,+20.5,+20.6,+20.7
2023-11-02 19:24,1,+34.1,+32.7,+20.3,+24.3,+40.7,+42.3,+20.5,+20.2,+20.1,+20.6,+20.5,+20.5,+20.7
2023-11-02 20:24,1,+34.1,+32.7,+20.2,+24.2,+40.7,+42.3,+20.3,+20.2,+20.1,+20.6,+20.5,+20.5,+20.7
2023-11-02 21:24,1,+34.1,+32.7,+20.2,+24.2,+40.6,+42.2,+20.3,+20.2,+20.1,+20.7,+20.5,+20.5,+20.7
2023-11-02 22:24,1,+34.1,+32.6,+20.2,+24.2,+40.6,+42.2,+20.2,+20.2,+20.1,+20.7,+20.5,+20.6,+20.7
2023-11-02 23:24,1,+34.0,+32.6,+20.2,+24.2,+40.6,+42.2,+20.1,+20.2,+20.1,+20.7,+20.5,+20.5,+20.6
2023-11-03 00:24,1,+34.0,+32.6,+20.2,+24.1,+40.6,+42.2,+20.1,+20.2,+20.2,+20.7,+20.5,+20.5,+20.7
2023-11-03 01:24,1,+33.9,+32.5,+20.2,+24.1,+40.6,+42.2,+20.1,+20.2,+20.2,+20.7,+20.5,+20.6,+20.7
2023-11-03 02:24,1,+33.9,+32.5,+20.2,+24.1,+40.6,+42.2,+20.0,+20.1,+20.2,+20.6,+20.5,+20.6,+20.7
2023-11-03 03:24,1,+33.8,+32.5,+20.2,+24.1,+40.6,+42.2,+20.0,+20.1,+20.1,+20.7,+20.5,+20.6,+20.7
2023-11-03 04:24,1,+33.8,+32.5,+20.2,+24.1,+40.6,+42.2,+19.8,+20.1,+20.2,+20.7,+20.5,+20.6,+20.7
2023-11-03 05:24,1,+33.6,+32.5,+20.2,+24.0,+40.5,+42.1,+20.0,+20.1,+20.1,+20.7,+20.5,+20.6,+20.7
2023-11-03 06:24,1,+34.1,+32.5,+20.1,+24.1,+40.6,+42.1,+19.8,+20.1,+20.1,+20.7,+20.6,+20.5,+20.7
2023-11-03 07:24,1,+37.5,+34.1,+20.1,+24.1,+40.5,+42.1,+19.7,+20.1,+20.1,+20.7,+20.5,+20.6,+20.7
2023-11-03 08:24,1,+37.7,+35.4,+20.2,+24.0,+40.5,+42.1,+19.7,+20.0,+20.2,+20.7,+20.5,+20.6,+20.7
2023-11-03 09:24,1,+38.0,+35.8,+20.6,+24.0,+40.5,+42.1,+19.8,+20.0,+20.1,+20.7,+20.5,+20.5,+20.7
2023-11-03 10:24,1,+37.1,+35.1,+21.4,+24.2,+40.5,+42.1,+19.8,+20.0,+20.2,+20.7,+20.5,+20.6,+20.7
2023-11-03 11:24,1,+40.0,+37.6,+22.1,+24.3,+40.5,+42.1,+20.0,+20.0,+20.1,+20.7,+20.5,+20.6,+20.7
2023-11-03 12:24,1,+38.0,+36.8,+25.6,+26.1,+40.6,+42.1,+20.0,+20.0,+20.1,+20.7,+20.5,+20.6,+20.7
2023-11-03 13:24,1,+36.8,+35.0,+23.5,+24.9,+40.7,+42.1,+20.1,+20.0,+20.1,+20.7,+20.5,+20.6,+20.7
2023-11-03 14:24,1,+37.4,+34.7,+22.5,+24.9,+41.1,+42.1,+20.1,+20.0,+20.1,+20.7,+20.5,+20.6,+20.7
2023-11-03 15:24,1,+36.7,+34.5,+22.2,+25.0,+41.3,+42.3,+20.1,+20.0,+20.1,+20.7,+20.5,+20.6,+20.7
2023-11-03 16:24,1,+36.2,+34.2,+21.9,+24.9,+41.3,+42.4,+20.2,+20.0,+20.1,+20.7,+20.5,+20.6,+20.7
2023-11-03 17:24,1,+35.9,+33.9,+21.6,+24.8,+41.3,+42.5,+20.1,+20.1,+20.1,+20.7,+20.5,+20.5,+20.7
2023-11-03 18:24,1,+35.7,+33.7,+21.3,+24.9,+41.3,+42.6,+20.1,+20.1,+20.1,+20.7,+20.5,+20.6,+20.7
2023-11-03 19:24,1,+35.7,+33.6,+21.1,+24.8,+41.3,+42.6,+20.1,+20.0,+20.1,+20.7,+20.5,+20.6,+20.7
2023-11-03 20:24,1,+35.7,+33.6,+20.9,+24.7,+41.2,+42.6,+20.1,+20.1,+20.1,+20.7,+20.5,+20.5,+20.7
2023-11-03 21:24,1,+35.6,+33.5,+20.8,+24.7,+41.2,+42.6,+20.0,+20.1,+20.1,+20.7,+20.5,+20.5,+20.7
2023-11-03 22:24,1,+35.5,+33.4,+20.7,+24.5,+41.1,+42.5,+20.0,+20.1,+20.1,+20.7,+20.5,+20.6,+20.7
2023-11-03 23:24,1,+35.5,+33.4,+20.7,+24.6,+41.1,+42.5,+20.0,+20.0,+20.1,+20.7,+20.5,+20.6,+20.7
2023-11-04 00:24,1,+35.9,+33.4,+20.6,+24.5,+41.0,+42.5,+20.0,+20.0,+20.1,+20.7,+20.5,+20.6,+20.7
2023-11-04 01:24,1,+36.9,+33.8,+20.6,+24.5,+41.0,+42.5,+19.8,+20.0,+20.1,+20.7,+20.5,+20.5,+20.7
2023-11-04 02:24,1,+41.0,+39.6,+23.0,+24.4,+40.9,+42.4,+19.5,+19.8,+20.1,+20.7,+20.5,+20.6,+20.7
2023-11-04 03:24,1,+39.9,+38.6,+28.1,+35.1,+47.6,+43.2,+19.2,+19.7,+20.1,+20.6,+20.5,+20.5,+20.7
2023-11-04 04:24,1,+41.0,+39.7,+31.8,+49.4,+47.9,+43.8,+18.3,+19.1,+19.6,+20.5,+20.3,+20.3,+20.6
2023-11-04 05:24,1,+38.6,+37.5,+26.5,+30.4,+47.7,+43.7,+18.5,+19.0,+19.6,+20.5,+20.3,+20.5,+20.6
2023-11-04 06:24,1,+38.0,+35.3,+22.9,+25.5,+42.9,+43.5,+18.6,+19.0,+19.6,+20.5,+20.5,+20.5,+20.6
2023-11-04 07:24,1,+37.1,+35.1,+22.6,+25.1,+42.7,+43.4,+18.7,+19.0,+19.6,+20.5,+20.3,+20.5,+20.6
2023-11-04 08:24,1,+36.6,+34.5,+22.1,+25.0,+42.6,+43.4,+18.8,+19.1,+19.6,+20.5,+20.5,+20.5,+20.6
2023-11-04 09:24,1,+36.1,+34.2,+21.8,+24.9,+42.5,+43.4,+19.1,+19.1,+19.6,+20.5,+20.3,+20.5,+20.6
2023-11-04 10:24,1,+35.8,+33.9,+21.5,+24.9,+42.5,+43.4,+19.3,+19.2,+19.6,+20.5,+20.3,+20.5,+20.6
2023-11-04 11:24,1,+35.5,+33.7,+21.2,+24.7,+42.4,+43.3,+19.6,+19.2,+19.6,+20.5,+20.3,+20.5,+20.6
2023-11-04 12:24,1,+35.3,+33.6,+20.9,+24.7,+42.3,+43.2,+19.8,+19.3,+19.6,+20.5,+20.3,+20.5,+20.6
2023-11-04 13:24,1,+35.2,+33.4,+20.8,+24.6,+42.3,+43.2,+19.8,+19.3,+19.6,+20.5,+20.3,+20.5,+20.6
2023-11-04 14:24,1,+35.3,+33.4,+20.7,+24.7,+42.3,+43.2,+20.0,+19.5,+19.6,+20.5,+20.3,+20.5,+20.7
2023-11-04 15:24,1,+36.0,+33.3,+20.6,+24.5,+42.0,+43.2,+19.8,+19.6,+19.7,+20.3,+20.3,+20.5,+20.6
2023-11-04 16:24,1,+36.6,+33.4,+20.6,+24.5,+42.0,+43.1,+20.0,+19.6,+19.7,+20.5,+20.3,+20.5,+20.6
2023-11-04 17:24,1,+36.7,+33.5,+20.5,+24.4,+42.0,+43.1,+19.8,+19.7,+19.7,+20.5,+20.3,+20.5,+20.6
2023-11-04 18:24,1,+36.6,+33.6,+20.5,+24.5,+41.8,+43.0,+19.8,+19.7,+19.7,+20.5,+20.3,+20.5,+20.6
2023-11-04 19:24,1,+36.5,+33.5,+20.5,+24.4,+41.6,+43.0,+19.8,+19.7,+19.8,+20.3,+20.3,+20.5,+20.6
2023-11-04 20:24,1,+36.3,+33.4,+20.5,+24.5,+41.6,+43.0,+19.8,+19.7,+19.8,+20.5,+20.3,+20.3,+20.6
2023-11-04 21:24,1,+36.2,+33.4,+20.5,+24.3,+40.9,+42.5,+19.8,+19.7,+19.7,+20.5,+20.3,+20.5,+20.6
2023-11-04 22:24,1,+36.1,+33.4,+20.5,+24.5,+40.9,+42.5,+19.8,+19.8,+19.8,+20.5,+20.3,+20.3,+20.6
2023-11-04 23:24,1,+36.0,+33.3,+20.5,+24.3,+40.9,+42.4,+19.8,+19.8,+19.8,+20.5,+20.3,+20.3,+20.6
2023-11-05 00:24,1,+35.9,+33.2,+20.5,+24.4,+40.9,+42.5,+19.7,+19.8,+19.8,+20.5,+20.3,+20.3,+20.6
2023-11-05 01:24,1,+36.3,+33.2,+20.5,+24.4,+40.9,+42.5,+19.7,+19.8,+19.8,+20.5,+20.3,+20.5,+20.6
2023-11-05 02:24,1,+35.7,+33.2,+20.4,+24.3,+40.9,+42.4,+19.7,+19.8,+19.8,+20.5,+20.3,+20.5,+20.6
2023-11-05 03:24,1,+35.7,+33.1,+20.4,+24.3,+40.9,+42.4,+19.7,+19.8,+19.8,+20.5,+20.3,+20.5,+20.6
2023-11-05 04:24,1,+35.7,+33.1,+20.4,+24.4,+40.9,+42.4,+19.6,+19.7,+19.8,+20.5,+20.3,+20.5,+20.6
2023-11-05 05:24,1,+35.8,+33.1,+20.4,+24.4,+40.9,+42.4,+19.6,+19.7,+19.8,+20.5,+20.3,+20.5,+20.6
2023-11-05 06:24,1,+35.7,+33.0,+20.3,+24.3,+40.8,+42.4,+19.7,+19.7,+19.8,+20.5,+20.3,+20.5,+20.6
2023-11-05 07:24,1,+35.8,+33.0,+20.3,+24.3,+40.8,+42.4,+19.7,+19.7,+19.8,+20.5,+20.3,+20.5,+20.6
2023-11-05 08:24,1,+35.8,+33.0,+20.4,+24.5,+40.9,+42.4,+19.8,+19.7,+19.8,+20.5,+20.3,+20.5,+20.6
2023-11-05 09:24,1,+35.7,+33.0,+20.4,+24.5,+40.8,+42.4,+19.8,+19.7,+19.8,+20.5,+20.3,+20.5,+20.6
2023-11-05 10:24,1,+35.5,+33.0,+20.4,+24.3,+40.8,+42.4,+20.0,+19.8,+19.8,+20.5,+20.3,+20.3,+20.6
2023-11-05 11:24,1,+35.4,+33.0,+20.4,+24.3,+40.8,+42.4,+20.1,+19.8,+19.8,+20.5,+20.3,+20.5,+20.6
2023-11-05 12:24,1,+37.1,+33.0,+20.4,+24.3,+40.8,+42.4,+20.3,+19.8,+20.0,+20.5,+20.3,+20.5,+20.6
2023-11-05 13:24,1,+41.2,+38.6,+21.0,+24.4,+40.8,+42.4,+20.3,+20.0,+19.8,+20.5,+20.3,+20.5,+20.6
2023-11-05 14:24,1,+40.3,+37.6,+22.6,+24.5,+40.8,+42.4,+20.3,+20.0,+19.8,+20.5,+20.3,+20.5,+20.6
2023-11-05 15:24,1,+38.3,+35.7,+24.1,+24.9,+40.8,+42.4,+20.5,+20.0,+20.0,+20.5,+20.3,+20.3,+20.6
2023-11-05 16:24,1,+37.4,+34.8,+22.9,+24.9,+40.9,+42.4,+20.3,+20.0,+20.0,+20.5,+20.3,+20.3,+20.6
2023-11-05 17:24,1,+38.1,+34.4,+22.3,+25.1,+41.2,+42.4,+20.3,+20.1,+20.0,+20.5,+20.3,+20.5,+20.6
2023-11-05 18:24,1,+39.2,+35.9,+22.3,+25.1,+41.4,+42.5,+20.2,+20.1,+20.0,+20.5,+20.3,+20.5,+20.6
2023-11-05 19:24,1,+38.4,+35.1,+23.1,+25.2,+41.4,+42.6,+20.2,+20.1,+20.0,+20.5,+20.3,+20.5,+20.6
2023-11-05 20:24,1,+39.8,+35.8,+23.0,+25.2,+41.6,+42.7,+20.1,+20.1,+20.0,+20.5,+20.3,+20.3,+20.6
2023-11-05 21:24,1,+38.5,+35.7,+24.4,+25.5,+41.7,+42.8,+20.0,+20.1,+20.0,+20.5,+20.3,+20.3,+20.7
2023-11-05 22:24,1,+37.6,+35.0,+23.2,+25.4,+41.8,+42.9,+20.0,+20.1,+20.0,+20.5,+20.3,+20.3,+20.6
2023-11-05 23:24,1,+37.1,+34.5,+22.4,+25.2,+41.8,+43.0,+20.0,+20.0,+20.0,+20.6,+20.3,+20.3,+20.6
2023-11-06 00:24,1,+36.8,+34.2,+21.9,+25.1,+41.7,+43.0,+19.8,+20.0,+20.0,+20.5,+20.3,+20.5,+20.6
2023-11-06 01:24,1,+36.7,+34.0,+21.6,+25.0,+41.6,+42.9,+19.8,+20.0,+20.1,+20.6,+20.3,+20.3,+20.6
2023-11-06 02:24,1,+36.5,+33.8,+21.3,+24.9,+41.5,+42.9,+19.8,+20.0,+20.0,+20.5,+20.3,+20.5,+20.6
2023-11-06 03:24,1,+36.3,+33.7,+21.1,+24.9,+41.5,+42.9,+19.7,+20.0,+20.0,+20.5,+20.3,+20.3,+20.6
2023-11-06 04:24,1,+36.5,+33.6,+20.9,+24.7,+41.4,+42.8,+19.7,+20.0,+20.1,+20.6,+20.3,+20.5,+20.6
2023-11-06 05:24,1,+36.3,+33.5,+20.9,+24.7,+41.4,+42.7,+19.7,+19.8,+20.0,+20.6,+20.3,+20.5,+20.6
2023-11-06 06:24,1,+36.1,+33.4,+20.8,+24.7,+41.3,+42.7,+19.7,+20.0,+20.1,+20.6,+20.3,+20.5,+20.6
2023-11-06 07:24,1,+36.0,+33.4,+20.7,+24.6,+41.3,+42.7,+19.7,+19.8,+20.0,+20.6,+20.3,+20.3,+20.6
2023-11-06 08:24,1,+35.8,+33.3,+20.7,+24.6,+41.2,+42.6,+19.8,+20.0,+20.1,+20.6,+20.3,+20.5,+20.6
2023-11-06 09:24,1,+35.7,+33.3,+20.6,+24.7,+41.2,+42.6,+20.0,+19.8,+20.0,+20.6,+20.3,+20.5,+20.6
2023-11-06 10:24,1,+35.6,+33.2,+20.6,+24.5,+41.2,+42.6,+20.1,+20.0,+20.1,+20.5,+20.3,+20.3,+20.6
2023-11-06 11:24,1,+35.6,+33.2,+20.6,+24.6,+41.1,+42.6,+20.2,+20.0,+20.0,+20.6,+20.3,+20.5,+20.6
2023-11-06 12:24,1,+35.6,+33.1,+20.6,+24.5,+41.0,+42.6,+20.2,+20.0,+20.0,+20.6,+20.3,+20.3,+20.6
2023-11-06 13:24,1,+35.9,+33.1,+20.5,+24.4,+40.9,+42.5,+20.3,+20.0,+20.1,+20.6,+20.3,+20.3,+20.6
2023-11-06 14:24,1,+35.8,+33.1,+20.5,+24.5,+41.0,+42.5,+20.5,+20.1,+20.0,+20.6,+20.3,+20.5,+20.6
2023-11-06 15:24,1,+39.9,+34.0,+20.5,+24.4,+40.9,+42.5,+20.6,+20.1,+20.0,+20.6,+20.3,+20.3,+20.6
2023-11-06 16:24,1,+39.9,+36.6,+20.6,+24.4,+40.9,+42.5,+20.6,+20.2,+20.0,+20.6,+20.5,+20.5,+20.6
2023-11-06 17:24,1,+38.6,+35.3,+21.0,+24.5,+40.9,+42.5,+20.6,+20.2,+20.1,+20.6,+20.3,+20.5,+20.6
2023-11-06 18:24,1,+38.5,+34.9,+21.2,+24.5,+40.9,+42.5,+20.5,+20.2,+20.0,+20.6,+20.3,+20.5,+20.6
2023-11-06 19:24,1,+37.9,+34.7,+21.3,+24.6,+40.9,+42.5,+20.5,+20.2,+20.1,+20.6,+20.3,+20.5,+20.6
2023-11-06 20:24,1,+37.9,+34.5,+21.3,+24.5,+40.9,+42.4,+20.3,+20.2,+20.1,+20.6,+20.3,+20.5,+20.6
2023-11-06 21:24,1,+37.6,+34.2,+21.2,+24.7,+40.9,+42.5,+20.3,+20.2,+20.1,+20.6,+20.3,+20.5,+20.6
2023-11-06 22:24,1,+37.4,+34.1,+21.1,+24.7,+40.9,+42.4,+20.2,+20.2,+20.1,+20.6,+20.3,+20.5,+20.6
2023-11-06 23:24,1,+37.4,+33.9,+21.0,+24.6,+40.9,+42.4,+20.2,+20.2,+20.1,+20.6,+20.3,+20.3,+20.6
2023-11-07 00:24,1,+37.1,+33.8,+20.9,+24.7,+40.9,+42.5,+20.1,+20.2,+20.1,+20.6,+20.5,+20.5,+20.6
2023-11-07 01:24,1,+36.9,+33.7,+20.9,+24.6,+40.9,+42.4,+20.1,+20.2,+20.2,+20.6,+20.3,+20.3,+20.6
2023-11-07 02:24,1,+36.8,+33.6,+20.8,+24.5,+40.9,+42.4,+20.1,+20.2,+20.2,+20.6,+20.5,+20.5,+20.6
2023-11-07 03:24,1,+36.7,+33.6,+20.8,+24.5,+40.9,+42.4,+20.1,+20.1,+20.2,+20.6,+20.3,+20.5,+20.6
2023-11-07 04:24,1,+36.5,+33.5,+20.7,+24.5,+40.9,+42.4,+20.1,+20.1,+20.2,+20.7,+20.3,+20.5,+20.6
2023-11-07 05:24,1,+36.5,+33.5,+20.7,+24.6,+40.9,+42.5,+20.0,+20.2,+20.2,+20.6,+20.3,+20.5,+20.6
2023-11-07 06:24,1,+36.4,+33.4,+20.7,+24.6,+40.9,+42.5,+20.0,+20.1,+20.2,+20.6,+20.3,+20.5,+20.6
2023-11-07 07:24,1,+36.4,+33.4,+20.6,+24.6,+40.9,+42.5,+20.0,+20.1,+20.2,+20.6,+20.3,+20.5,+20.6
2023-11-07 08:24,1,+36.3,+33.3,+20.6,+24.4,+40.9,+42.4,+20.1,+20.1,+20.1,+20.6,+20.5,+20.5,+20.6
2023-11-07 09:24,1,+36.3,+33.3,+20.6,+24.5,+40.9,+42.5,+20.2,+20.1,+20.1,+20.7,+20.5,+20.5,+20.6
2023-11-07 10:24,1,+36.2,+33.3,+20.6,+24.5,+40.9,+42.4,+20.3,+20.1,+20.1,+20.6,+20.5,+20.5,+20.6
2023-11-07 11:24,1,+36.2,+33.2,+20.5,+24.4,+40.8,+42.4,+20.5,+20.2,+20.1,+20.6,+20.5,+20.5,+20.6
2023-11-07 12:24,1,+36.2,+33.2,+20.5,+24.5,+40.9,+42.4,+20.6,+20.1,+20.1,+20.7,+20.3,+20.5,+20.6
2023-11-07 13:24,1,+36.0,+33.1,+20.5,+24.3,+40.8,+42.4,+20.8,+20.2,+20.1,+20.7,+20.5,+20.5,+20.6
2023-11-07 14:24,1,+36.1,+33.1,+20.5,+24.3,+40.8,+42.4,+21.1,+20.2,+20.1,+20.7,+20.3,+20.5,+20.7
2023-11-07 15:24,1,+36.1,+33.1,+20.5,+24.3,+40.8,+42.4,+21.1,+20.3,+20.2,+20.6,+20.3,+20.5,+20.6
2023-11-07 16:24,1,+36.2,+33.1,+20.5,+24.3,+40.8,+42.4,+21.0,+20.5,+20.2,+20.7,+20.5,+20.5,+20.6
2023-11-07 17:24,1,+36.2,+33.1,+20.5,+24.4,+40.8,+42.4,+21.0,+20.5,+20.2,+20.6,+20.5,+20.5,+20.6
2023-11-07 18:24,1,+36.2,+33.0,+20.5,+24.4,+40.8,+42.4,+21.0,+20.5,+20.2,+20.7,+20.5,+20.5,+20.6
2023-11-07 19:24,1,+39.2,+33.1,+20.4,+24.3,+40.8,+42.4,+20.8,+20.5,+20.2,+20.7,+20.5,+20.5,+20.6
2023-11-07 20:24,1,+40.8,+38.2,+27.7,+33.0,+47.7,+43.0,+20.3,+20.5,+20.3,+20.7,+20.5,+20.5,+20.6
2023-11-07 21:24,1,+39.3,+35.7,+23.7,+26.0,+43.1,+43.5,+20.5,+20.5,+20.3,+20.7,+20.3,+20.5,+20.6
2023-11-07 22:24,1,+38.9,+34.8,+22.6,+25.5,+42.7,+43.4,+20.5,+20.5,+20.3,+20.7,+20.5,+20.5,+20.6
2023-11-07 23:24,1,+38.4,+34.5,+22.0,+25.3,+42.6,+43.4,+20.5,+20.5,+20.3,+20.7,+20.5,+20.5,+20.6
2023-11-08 00:24,1,+38.3,+34.2,+21.6,+25.1,+42.4,+43.3,+20.3,+20.5,+20.3,+20.7,+20.5,+20.5,+20.6
2023-11-08 01:24,1,+38.5,+34.1,+21.3,+25.0,+42.4,+43.3,+20.3,+20.3,+20.3,+20.7,+20.5,+20.5,+20.6
2023-11-08 02:24,1,+40.0,+35.5,+21.4,+25.0,+42.3,+43.2,+20.3,+20.5,+20.3,+20.7,+20.5,+20.5,+20.6
2023-11-08 03:24,1,+38.8,+35.0,+21.9,+25.0,+42.3,+43.2,+20.2,+20.3,+20.3,+20.7,+20.5,+20.5,+20.6
2023-11-08 04:24,1,+38.4,+34.5,+21.8,+24.9,+42.2,+43.1,+20.2,+20.3,+20.3,+20.7,+20.5,+20.5,+20.6
2023-11-08 05:24,1,+38.1,+34.3,+21.5,+24.9,+42.3,+43.2,+20.2,+20.3,+20.3,+20.8,+20.5,+20.5,+20.6
2023-11-08 06:24,1,+37.9,+34.1,+21.3,+24.8,+42.3,+43.1,+20.2,+20.3,+20.3,+20.8,+20.5,+20.5,+20.6
2023-11-08 07:24,1,+37.7,+34.0,+21.1,+24.9,+42.3,+43.2,+20.2,+20.3,+20.3,+20.7,+20.5,+20.5,+20.6
2023-11-08 08:24,1,+37.6,+33.9,+21.0,+24.9,+42.3,+43.2,+20.2,+20.2,+20.3,+20.8,+20.5,+20.5,+20.6
2023-11-08 09:24,1,+37.5,+33.9,+20.9,+24.7,+42.2,+43.6,+20.3,+20.3,+20.3,+20.8,+20.5,+20.5,+20.6
2023-11-08 10:24,1,+37.4,+33.8,+20.9,+24.7,+42.3,+44.1,+20.5,+20.2,+20.3,+20.7,+20.6,+20.6,+20.6
2023-11-08 11:24,1,+37.2,+33.7,+20.9,+24.7,+42.3,+44.2,+20.6,+20.3,+20.3,+20.7,+20.5,+20.5,+20.6
2023-11-08 12:24,1,+37.1,+33.7,+20.8,+24.7,+42.3,+44.2,+20.7,+20.3,+20.2,+20.8,+20.5,+20.5,+20.6
2023-11-08 13:24,1,+37.1,+33.7,+20.8,+24.8,+42.4,+44.2,+20.8,+20.3,+20.3,+20.8,+20.5,+20.5,+20.6
2023-11-08 14:24,1,+37.0,+33.6,+20.9,+24.7,+42.3,+44.2,+20.8,+20.3,+20.3,+20.8,+20.6,+20.5,+20.7
2023-11-08 15:24,1,+36.9,+33.6,+20.9,+24.7,+42.0,+44.1,+21.0,+20.5,+20.3,+20.7,+20.5,+20.6,+20.6
2023-11-08 16:24,1,+37.8,+33.7,+20.9,+24.8,+41.6,+43.8,+21.0,+20.5,+20.3,+20.8,+20.5,+20.6,+20.6
2023-11-08 17:24,1,+41.1,+37.5,+21.9,+26.1,+42.4,+44.1,+20.8,+20.6,+20.3,+20.7,+20.5,+20.6,+20.6
2023-11-08 18:24,1,+41.4,+38.0,+23.5,+26.3,+42.6,+44.3,+20.8,+20.6,+20.3,+20.8,+20.5,+20.5,+20.6
2023-11-08 19:24,1,+42.1,+37.3,+24.4,+26.5,+42.7,+44.4,+20.7,+20.6,+20.3,+20.8,+20.5,+20.5,+20.6
2023-11-08 20:24,1,+40.4,+36.9,+25.3,+26.8,+42.9,+44.5,+20.7,+20.6,+20.3,+20.7,+20.5,+20.6,+20.6
2023-11-08 21:24,1,+39.7,+36.4,+24.4,+26.8,+43.3,+44.7,+20.6,+20.6,+20.5,+20.8,+20.5,+20.6,+20.6
2023-11-08 22:24,1,+39.1,+35.8,+23.8,+27.0,+43.6,+45.0,+20.6,+20.6,+20.5,+20.8,+20.5,+20.6,+20.6
2023-11-08 23:24,1,+38.6,+35.4,+23.2,+26.8,+43.5,+45.1,+20.5,+20.6,+20.5,+20.8,+20.6,+20.5,+20.6
2023-11-09 00:24,1,+38.4,+35.1,+22.9,+26.7,+43.5,+45.2,+20.3,+20.6,+20.5,+20.8,+20.5,+20.5,+20.6
2023-11-09 01:24,1,+38.1,+34.9,+22.5,+26.7,+43.5,+45.2,+20.2,+20.5,+20.5,+20.8,+20.5,+20.5,+20.6
2023-11-09 02:24,1,+38.9,+34.8,+22.3,+26.6,+43.4,+45.2,+20.1,+20.5,+20.5,+20.8,+20.6,+20.6,+20.7
2023-11-09 03:24,1,+38.6,+34.9,+22.1,+26.6,+43.3,+45.1,+20.1,+20.3,+20.3,+20.8,+20.6,+20.6,+20.6
2023-11-09 04:24,1,+38.3,+34.8,+22.1,+26.5,+43.3,+45.1,+20.0,+20.3,+20.5,+20.8,+20.6,+20.6,+20.7
2023-11-09 05:24,1,+38.1,+34.8,+22.0,+26.5,+43.3,+45.1,+19.8,+20.3,+20.3,+20.8,+20.5,+20.6,+20.6
2023-11-09 06:24,1,+37.9,+34.6,+22.0,+26.5,+43.3,+45.1,+20.0,+20.3,+20.3,+20.8,+20.5,+20.6,+20.6
2023-11-09 07:24,1,+37.8,+34.6,+21.9,+26.3,+43.2,+45.0,+19.8,+20.2,+20.3,+20.8,+20.6,+20.6,+20.7
2023-11-09 08:24,1,+37.7,+34.5,+21.9,+26.3,+43.2,+45.0,+19.7,+20.2,+20.3,+20.8,+20.6,+20.6,+20.6
2023-11-09 09:24,1,+37.6,+34.5,+21.9,+26.3,+43.2,+45.0,+19.8,+20.2,+20.3,+20.8,+20.6,+20.6,+20.7
2023-11-09 10:24,1,+37.5,+34.4,+21.8,+26.3,+43.2,+45.0,+20.0,+20.2,+20.3,+20.8,+20.6,+20.6,+20.6
2023-11-09 11:24,1,+37.3,+34.4,+21.8,+26.2,+43.2,+45.0,+20.1,+20.1,+20.3,+20.8,+20.6,+20.6,+20.7
2023-11-09 12:24,1,+37.1,+34.4,+21.8,+26.2,+43.2,+44.9,+20.6,+20.2,+20.3,+20.8,+20.6,+20.6,+20.6
2023-11-09 13:24,1,+36.9,+34.3,+21.7,+26.2,+43.1,+44.9,+21.1,+20.2,+20.3,+20.8,+20.6,+20.6,+20.7
2023-11-09 14:24,1,+36.7,+34.3,+21.7,+26.3,+43.2,+44.9,+21.2,+20.3,+20.3,+20.8,+20.6,+20.6,+20.7
2023-11-09 15:24,1,+36.6,+34.2,+21.7,+26.1,+43.1,+44.9,+21.3,+20.3,+20.3,+20.8,+20.6,+20.6,+20.7
2023-11-09 16:24,1,+36.6,+34.2,+21.7,+26.1,+42.9,+44.9,+21.5,+20.5,+20.3,+20.8,+20.6,+20.6,+20.6
2023-11-09 17:24,1,+36.5,+34.2,+21.6,+26.2,+42.9,+44.9,+21.3,+20.6,+20.3,+20.8,+20.6,+20.6,+20.7
2023-11-09 18:24,1,+36.5,+34.2,+21.6,+26.1,+42.8,+44.8,+21.3,+20.7,+20.3,+20.8,+20.6,+20.6,+20.7
2023-11-09 19:24,1,+36.5,+34.2,+21.6,+26.2,+42.9,+44.8,+21.2,+20.7,+20.3,+20.8,+20.6,+20.6,+20.7
2023-11-09 20:24,1,+36.5,+34.2,+21.6,+26.2,+42.8,+44.8,+21.0,+20.7,+20.3,+20.8,+20.5,+20.6,+20.6
2023-11-09 21:24,1,+36.5,+34.2,+21.6,+26.2,+42.8,+44.9,+21.0,+20.7,+20.3,+20.8,+20.6,+20.6,+20.7
2023-11-09 22:24,1,+36.4,+34.2,+21.6,+26.1,+42.8,+44.8,+20.8,+20.7,+20.5,+20.8,+20.6,+20.6,+20.7
2023-11-09 23:24,1,+36.4,+34.2,+21.6,+26.1,+42.8,+44.8,+20.7,+20.7,+20.5,+20.8,+20.6,+20.6,+20.7
2023-11-10 00:24,1,+36.3,+34.2,+21.6,+26.0,+42.7,+44.8,+20.6,+20.7,+20.5,+20.8,+20.6,+20.6,+20.7
2023-11-10 01:24,1,+36.3,+34.2,+21.6,+26.0,+42.7,+44.8,+20.5,+20.7,+20.5,+21.0,+20.6,+20.6,+20.7
2023-11-10 02:24,1,+36.3,+34.2,+21.6,+26.0,+42.7,+44.8,+20.3,+20.6,+20.6,+20.8,+20.6,+20.6,+20.6
2023-11-10 03:24,1,+36.2,+34.1,+21.6,+26.1,+42.8,+44.8,+20.2,+20.6,+20.6,+20.8,+20.6,+20.6,+20.7
2023-11-10 04:24,1,+36.2,+34.1,+21.5,+26.0,+42.7,+44.8,+20.2,+20.6,+20.6,+20.8,+20.6,+20.6,+20.7
2023-11-10 05:24,1,+36.2,+34.1,+21.5,+26.0,+42.7,+44.8,+20.1,+20.5,+20.5,+20.8,+20.6,+20.6,+20.7
2023-11-10 06:24,1,+36.1,+34.1,+21.5,+26.0,+42.7,+44.8,+20.1,+20.5,+20.5,+20.8,+20.6,+20.6,+20.7
2023-11-10 07:24,1,+36.1,+34.1,+21.5,+26.1,+42.7,+44.8,+20.1,+20.5,+20.5,+21.0,+20.6,+20.6,+20.7
2023-11-10 08:24,1,+36.0,+34.0,+21.5,+26.1,+42.7,+44.8,+20.2,+20.3,+20.5,+21.0,+20.6,+20.6,+20.7
2023-11-10 09:24,1,+36.0,+34.0,+21.5,+26.0,+42.7,+44.8,+20.3,+20.3,+20.5,+21.0,+20.6,+20.6,+20.7
2023-11-10 10:24,1,+35.9,+34.1,+21.5,+26.1,+42.7,+44.8,+20.5,+20.3,+20.5,+21.0,+20.6,+20.6,+20.7
2023-11-10 11:24,1,+35.9,+34.0,+21.5,+26.1,+42.7,+44.8,+20.6,+20.3,+20.5,+21.0,+20.6,+20.6,+20.7
2023-11-10 12:24,1,+35.8,+34.0,+21.5,+26.1,+42.7,+44.8,+20.8,+20.5,+20.5,+21.0,+20.6,+20.6,+20.7
2023-11-10 13:24,1,+35.7,+34.0,+21.5,+26.0,+42.7,+44.7,+21.0,+20.5,+20.5,+20.8,+20.6,+20.7,+20.7
2023-11-10 14:24,1,+35.7,+34.0,+21.5,+26.1,+42.7,+44.8,+21.0,+20.5,+20.5,+21.0,+20.6,+20.6,+20.7
2023-11-10 15:24,1,+35.6,+33.9,+21.5,+26.1,+42.7,+44.8,+21.1,+20.6,+20.5,+21.0,+20.7,+20.6,+20.7
2023-11-10 16:24,1,+35.6,+33.9,+21.5,+26.1,+42.7,+44.7,+21.2,+20.6,+20.5,+20.8,+20.6,+20.6,+20.7
2023-11-10 17:24,1,+35.5,+33.9,+21.5,+25.9,+42.6,+44.7,+21.2,+20.7,+20.5,+21.0,+20.7,+20.7,+20.7
2023-11-10 18:24,1,+35.5,+33.9,+21.5,+26.1,+42.7,+44.7,+21.2,+20.7,+20.5,+21.0,+20.6,+20.6,+20.7
2023-11-10 19:24,1,+35.5,+33.9,+21.5,+26.0,+42.7,+44.7,+21.0,+20.7,+20.5,+21.0,+20.6,+20.7,+20.7
2023-11-10 20:24,1,+35.5,+33.8,+21.5,+26.1,+42.7,+44.7,+21.0,+20.7,+20.6,+21.0,+20.6,+20.6,+20.7
2023-11-10 21:24,1,+35.6,+33.8,+21.5,+26.0,+42.7,+44.7,+21.0,+20.7,+20.6,+21.0,+20.6,+20.7,+20.7
2023-11-10 22:24,1,+35.8,+33.9,+21.5,+26.0,+42.7,+44.7,+20.8,+20.7,+20.5,+21.0,+20.6,+20.6,+20.7
2023-11-10 23:24,1,+36.0,+33.9,+21.5,+25.9,+42.6,+44.7,+20.8,+20.7,+20.6,+21.0,+20.6,+20.6,+20.7
2023-11-11 00:24,1,+36.1,+33.9,+21.5,+26.0,+42.7,+44.7,+20.8,+20.7,+20.6,+21.0,+20.7,+20.6,+20.7
2023-11-11 01:24,1,+36.0,+33.9,+21.5,+26.0,+42.6,+44.7,+20.7,+20.7,+20.6,+21.0,+20.6,+20.6,+20.7
2023-11-11 02:24,1,+36.0,+33.9,+21.5,+25.9,+42.6,+44.7,+20.7,+20.7,+20.6,+21.0,+20.6,+20.7,+20.7
2023-11-11 03:24,1,+36.0,+33.9,+21.5,+26.0,+42.6,+44.7,+20.6,+20.7,+20.6,+21.0,+20.6,+20.6,+20.7
2023-11-11 04:24,1,+36.0,+33.9,+21.5,+25.9,+42.6,+44.7,+20.6,+20.7,+20.6,+21.0,+20.7,+20.6,+20.7
2023-11-11 05:24,1,+37.8,+34.0,+21.5,+26.0,+42.6,+44.7,+20.6,+20.6,+20.6,+21.0,+20.6,+20.6,+20.7
2023-11-11 06:24,1,+41.5,+38.7,+22.0,+25.9,+42.6,+44.7,+20.3,+20.6,+20.6,+21.0,+20.6,+20.7,+20.7
2023-11-11 07:24,1,+40.0,+36.9,+21.8,+26.1,+42.7,+44.8,+20.5,+20.6,+20.6,+21.0,+20.6,+20.6,+20.7
2023-11-11 08:24,1,+39.7,+36.4,+21.8,+26.1,+42.7,+44.8,+20.5,+20.6,+20.6,+21.0,+20.6,+20.7,+20.7
2023-11-11 09:24,1,+39.7,+36.4,+21.9,+26.1,+42.7,+44.8,+20.5,+20.5,+20.6,+21.0,+20.7,+20.7,+20.7
2023-11-11 10:24,1,+39.3,+36.3,+21.9,+26.1,+42.7,+44.8,+20.6,+20.5,+20.6,+21.0,+20.7,+20.7,+20.7
2023-11-11 11:24,1,+38.9,+36.1,+22.0,+26.0,+42.7,+44.8,+20.7,+20.6,+20.6,+21.0,+20.7,+20.7,+20.7
2023-11-11 12:24,1,+38.6,+35.9,+22.0,+26.2,+42.7,+44.8,+20.7,+20.5,+20.6,+21.0,+20.7,+20.6,+20.7
2023-11-11 13:24,1,+38.4,+35.8,+22.0,+26.1,+42.7,+44.7,+20.8,+20.6,+20.6,+21.1,+20.6,+20.7,+20.7
2023-11-11 14:24,1,+38.2,+35.7,+22.0,+26.2,+42.7,+44.8,+20.8,+20.6,+20.6,+21.1,+20.7,+20.7,+20.7
2023-11-11 15:24,1,+38.2,+35.6,+22.0,+26.2,+42.7,+44.8,+20.8,+20.6,+20.6,+21.0,+20.7,+20.6,+20.7
2023-11-11 16:24,1,+40.6,+35.5,+22.0,+26.2,+42.7,+44.8,+20.8,+20.6,+20.6,+21.0,+20.7,+20.6,+20.7
2023-11-11 17:24,1,+41.0,+37.2,+22.1,+26.1,+42.7,+44.8,+20.7,+20.6,+20.6,+21.0,+20.7,+20.7,+20.7
2023-11-11 18:24,1,+40.4,+37.2,+22.4,+26.2,+42.7,+44.7,+20.7,+20.6,+20.5,+21.0,+20.7,+20.7,+20.7
2023-11-11 19:24,1,+39.8,+36.7,+22.8,+26.2,+42.7,+44.8,+20.6,+20.6,+20.6,+21.0,+20.7,+20.7,+20.7
2023-11-11 20:24,1,+39.4,+36.4,+22.9,+26.3,+42.7,+44.8,+20.5,+20.6,+20.6,+21.0,+20.7,+20.7,+20.7
2023-11-11 21:24,1,+39.0,+36.2,+22.8,+26.3,+42.7,+44.8,+20.3,+20.6,+20.6,+21.1,+20.7,+20.7,+20.7
2023-11-11 22:24,1,+38.8,+36.0,+22.7,+26.4,+42.7,+44.8,+20.3,+20.6,+20.6,+21.0,+20.7,+20.7,+20.8
2023-11-11 23:24,1,+38.6,+35.8,+22.6,+26.4,+42.8,+44.8,+20.2,+20.6,+20.6,+21.1,+20.7,+20.7,+20.7
2023-11-12 00:24,1,+38.5,+35.7,+22.5,+26.5,+42.9,+44.8,+20.1,+20.5,+20.6,+21.1,+20.7,+20.7,+20.7
2023-11-12 01:24,1,+38.3,+35.6,+22.4,+26.4,+42.8,+44.8,+20.1,+20.5,+20.6,+21.1,+20.7,+20.7,+20.8
2023-11-12 02:24,1,+38.2,+35.5,+22.3,+26.5,+42.9,+44.8,+20.0,+20.5,+20.6,+21.1,+20.7,+20.7,+20.7
2023-11-12 03:24,1,+38.1,+35.4,+22.3,+26.5,+42.9,+44.8,+20.0,+20.3,+20.6,+21.1,+20.7,+20.7,+20.8
2023-11-12 04:24,1,+38.0,+35.4,+22.2,+26.4,+42.9,+44.8,+19.8,+20.3,+20.6,+21.1,+20.7,+20.7,+20.7
2023-11-12 05:24,1,+38.3,+35.3,+22.2,+26.5,+42.9,+44.9,+19.8,+20.3,+20.5,+21.0,+20.7,+20.7,+20.8
2023-11-12 06:24,1,+38.2,+35.3,+22.2,+26.5,+42.9,+44.9,+19.8,+20.3,+20.6,+21.0,+20.7,+20.7,+20.7
2023-11-12 07:24,1,+38.2,+35.2,+22.1,+26.5,+42.9,+44.9,+19.7,+20.2,+20.5,+21.0,+20.7,+20.7,+20.8
2023-11-12 08:24,1,+38.1,+35.2,+22.1,+26.4,+42.9,+44.9,+19.8,+20.2,+20.5,+21.1,+20.7,+20.7,+20.8
2023-11-12 09:24,1,+38.0,+35.1,+22.1,+26.5,+42.9,+44.9,+19.8,+20.2,+20.5,+21.0,+20.7,+20.7,+20.8
2023-11-12 10:24,1,+38.0,+35.1,+22.1,+26.3,+42.9,+44.9,+20.1,+20.2,+20.5,+21.0,+20.7,+20.7,+20.8
2023-11-12 11:24,1,+37.8,+35.0,+22.0,+26.4,+42.9,+44.9,+20.2,+20.2,+20.5,+21.0,+20.7,+20.7,+20.8
2023-11-12 12:24,1,+37.7,+35.0,+22.0,+26.5,+42.9,+44.9,+20.5,+20.2,+20.3,+21.0,+20.7,+20.7,+20.8
2023-11-12 13:24,1,+37.5,+34.9,+22.0,+26.4,+42.9,+44.9,+20.8,+20.2,+20.3,+21.0,+20.7,+20.7,+20.8
2023-11-12 14:24,1,+37.5,+34.9,+22.0,+26.3,+42.9,+44.9,+21.0,+20.3,+20.5,+21.0,+20.7,+20.7,+20.8
2023-11-12 15:24,1,+37.5,+34.9,+22.0,+26.4,+42.9,+44.9,+21.0,+20.3,+20.5,+21.0,+20.7,+20.7,+20.7
2023-11-12 16:24,1,+37.4,+34.8,+22.0,+26.3,+42.9,+44.9,+21.0,+20.5,+20.5,+21.0,+20.7,+20.7,+20.8
2023-11-12 17:24,1,+37.4,+34.8,+21.9,+26.4,+42.9,+44.9,+21.0,+20.5,+20.5,+21.0,+20.7,+20.7,+20.8
2023-11-12 18:24,1,+37.4,+34.8,+21.9,+26.3,+42.9,+44.9,+20.8,+20.6,+20.5,+21.0,+20.7,+20.7,+20.8
2023-11-12 19:24,1,+37.4,+34.8,+21.9,+26.4,+42.9,+44.9,+20.7,+20.6,+20.5,+21.0,+20.7,+20.7,+20.8
2023-11-12 20:24,1,+37.3,+34.7,+21.9,+26.4,+42.9,+44.9,+20.7,+20.6,+20.5,+21.0,+20.7,+20.7,+20.8
2023-11-12 21:24,1,+37.3,+34.7,+21.9,+26.4,+42.9,+44.9,+20.6,+20.6,+20.5,+21.0,+20.7,+20.7,+20.8
2023-11-12 22:24,1,+37.3,+34.7,+21.9,+26.3,+42.8,+44.9,+20.6,+20.6,+20.5,+21.0,+20.7,+20.7,+20.8
2023-11-12 23:24,1,+37.3,+34.7,+21.9,+26.4,+42.9,+44.9,+20.5,+20.6,+20.5,+21.1,+20.7,+20.7,+20.8
2023-11-13 00:24,1,+37.3,+34.7,+21.9,+26.3,+42.8,+44.9,+20.3,+20.6,+20.5,+21.0,+20.7,+20.8,+20.8
2023-11-13 01:24,1,+37.3,+34.6,+21.9,+26.2,+42.8,+44.9,+20.3,+20.5,+20.5,+21.0,+20.7,+20.7,+20.8
2023-11-13 02:24,1,+37.2,+34.6,+21.9,+26.3,+42.9,+44.9,+20.3,+20.5,+20.6,+21.0,+20.7,+20.7,+20.8
2023-11-13 03:24,1,+37.2,+34.6,+21.9,+26.3,+42.9,+44.9,+20.2,+20.5,+20.5,+21.0,+20.7,+20.7,+20.8
2023-11-13 04:24,1,+37.2,+34.6,+21.9,+26.3,+42.9,+44.9,+20.1,+20.5,+20.5,+21.0,+20.7,+20.7,+20.8
2023-11-13 05:24,1,+37.2,+34.6,+21.9,+26.2,+42.8,+44.9,+20.1,+20.3,+20.5,+21.0,+20.7,+20.7,+20.7
2023-11-13 06:24,1,+37.1,+34.6,+21.9,+26.2,+42.8,+44.9,+20.0,+20.3,+20.6,+21.0,+20.7,+20.7,+20.8
2023-11-13 07:24,1,+37.1,+34.6,+21.9,+26.2,+42.8,+44.9,+20.0,+20.3,+20.5,+21.0,+20.7,+20.7,+20.8
2023-11-13 08:24,1,+37.1,+34.6,+21.9,+26.3,+42.9,+44.9,+20.0,+20.3,+20.5,+21.0,+20.7,+20.7,+20.8
2023-11-13 09:24,1,+37.0,+34.6,+21.9,+26.2,+42.8,+44.9,+20.1,+20.3,+20.5,+21.0,+20.7,+20.7,+20.8
2023-11-13 10:24,1,+36.9,+34.6,+21.9,+26.3,+42.9,+44.9,+20.2,+20.3,+20.5,+21.0,+20.7,+20.7,+20.8
2023-11-13 11:24,1,+36.9,+34.6,+21.9,+26.3,+42.9,+44.9,+20.5,+20.3,+20.5,+21.0,+20.7,+20.7,+20.8
2023-11-13 12:24,1,+36.7,+34.6,+21.9,+26.3,+42.8,+44.9,+20.6,+20.3,+20.5,+21.0,+20.7,+20.7,+20.8
2023-11-13 13:24,1,+36.7,+34.6,+21.9,+26.3,+42.8,+44.9,+20.7,+20.3,+20.5,+21.0,+20.7,+20.7,+20.8
2023-11-13 14:24,1,+36.7,+34.5,+21.9,+26.2,+42.8,+44.9,+20.7,+20.5,+20.5,+21.0,+20.7,+20.7,+20.8
2023-11-13 15:24,1,+36.7,+34.5,+21.9,+26.3,+42.8,+44.9,+20.7,+20.5,+20.5,+21.0,+20.7,+20.7,+20.8
2023-11-13 16:24,1,+37.0,+34.5,+21.8,+26.2,+42.8,+44.9,+20.7,+20.5,+20.5,+21.0,+20.7,+20.7,+20.8
2023-11-13 17:24,1,+36.8,+34.5,+21.9,+26.3,+42.9,+44.9,+20.7,+20.5,+20.5,+21.0,+20.7,+20.7,+20.8
2023-11-13 18:24,1,+36.9,+34.5,+21.9,+26.2,+42.8,+44.9,+20.6,+20.5,+20.5,+21.0,+20.7,+20.7,+20.8
2023-11-13 19:24,1,+37.0,+34.5,+21.9,+26.3,+42.9,+44.9,+20.5,+20.6,+20.5,+21.0,+20.7,+20.7,+20.8
2023-11-13 20:24,1,+37.1,+34.5,+21.9,+26.3,+42.9,+44.9,+20.5,+20.5,+20.5,+21.0,+20.7,+20.7,+20.8
2023-11-13 21:24,1,+37.1,+34.5,+21.9,+26.3,+42.8,+44.9,+20.5,+20.5,+20.5,+21.0,+20.7,+20.7,+20.8
2023-11-13 22:24,1,+37.1,+34.5,+21.9,+26.2,+42.8,+44.9,+20.3,+20.5,+20.5,+21.0,+20.7,+20.7,+20.8
2023-11-13 23:24,1,+37.1,+34.5,+21.9,+26.2,+42.8,+44.9,+20.3,+20.5,+20.5,+21.0,+20.7,+20.7,+20.8
2023-11-14 00:24,1,+37.1,+34.5,+21.9,+26.3,+42.8,+44.9,+20.3,+20.5,+20.5,+21.0,+20.7,+20.7,+20.8
2023-11-14 01:24,1,+37.1,+34.5,+21.9,+26.3,+42.9,+44.9,+20.2,+20.5,+20.5,+21.0,+20.7,+20.7,+20.8
2023-11-14 02:24,1,+37.1,+34.5,+21.9,+26.3,+42.8,+44.9,+20.2,+20.5,+20.5,+21.0,+20.7,+20.7,+20.8
2023-11-14 03:24,1,+37.1,+34.5,+21.9,+26.2,+42.8,+44.9,+20.3,+20.5,+20.5,+21.0,+20.7,+20.7,+20.8
2023-11-14 04:24,1,+37.1,+34.5,+21.9,+26.3,+42.8,+44.9,+20.2,+20.5,+20.5,+21.1,+20.7,+20.7,+20.8
2023-11-14 05:24,1,+37.0,+34.5,+21.9,+26.2,+42.8,+44.9,+20.2,+20.5,+20.5,+21.1,+20.7,+20.7,+20.8
2023-11-14 06:24,1,+37.0,+34.5,+21.9,+26.2,+42.8,+44.9,+20.2,+20.3,+20.5,+21.0,+20.7,+20.7,+20.8
2023-11-14 07:24,1,+37.0,+34.5,+21.9,+26.3,+42.8,+44.9,+20.2,+20.3,+20.5,+21.0,+20.8,+20.7,+20.8
2023-11-14 08:24,1,+37.0,+34.5,+21.9,+26.3,+42.8,+44.9,+20.3,+20.3,+20.5,+21.1,+20.7,+20.7,+20.8
2023-11-14 09:24,1,+37.0,+34.5,+21.9,+26.2,+42.8,+44.9,+20.3,+20.5,+20.5,+21.0,+20.7,+20.7,+20.8
2023-11-14 10:24,1,+37.0,+34.5,+21.9,+26.2,+42.8,+44.9,+20.6,+20.5,+20.5,+21.0,+20.7,+20.8,+20.8
2023-11-14 11:24,1,+37.0,+34.5,+21.9,+26.3,+42.8,+44.9,+20.6,+20.3,+20.6,+21.0,+20.7,+20.7,+20.8
2023-11-14 12:24,1,+37.3,+34.5,+21.9,+26.2,+42.8,+44.9,+20.6,+20.5,+20.5,+21.0,+20.7,+20.7,+20.8
2023-11-14 13:24,1,+37.8,+34.5,+21.9,+26.3,+42.8,+44.9,+20.7,+20.5,+20.5,+21.0,+20.7,+20.8,+20.8
2023-11-14 14:24,1,+38.0,+34.5,+21.9,+26.2,+42.8,+44.9,+20.8,+20.5,+20.5,+21.1,+20.7,+20.7,+20.8
2023-11-14 15:24,1,+38.0,+34.6,+21.9,+26.2,+42.8,+44.8,+20.8,+20.6,+20.5,+21.0,+20.7,+20.7,+20.8
2023-11-14 16:24,1,+38.0,+34.6,+21.9,+26.3,+42.8,+44.9,+20.8,+20.6,+20.5,+21.0,+20.7,+20.7,+20.8
2023-11-14 17:24,1,+38.0,+34.6,+21.9,+26.2,+42.7,+44.9,+20.7,+20.6,+20.5,+21.1,+20.7,+20.8,+20.8
2023-11-14 18:24,1,+37.9,+34.6,+21.9,+26.3,+42.8,+44.9,+20.8,+20.6,+20.5,+21.0,+20.7,+20.7,+20.8
2023-11-14 19:24,1,+37.9,+34.7,+21.9,+26.3,+42.8,+44.9,+20.7,+20.6,+20.6,+21.1,+20.7,+20.7,+20.8
2023-11-14 20:24,1,+37.9,+34.7,+21.9,+26.2,+42.8,+44.9,+20.6,+20.6,+20.5,+21.0,+20.7,+20.8,+20.8
2023-11-14 21:24,1,+37.8,+34.7,+21.9,+26.3,+42.8,+44.9,+20.6,+20.6,+20.6,+21.0,+20.7,+20.7,+20.8
2023-11-14 22:24,1,+37.8,+34.7,+21.9,+26.2,+42.8,+44.9,+20.5,+20.6,+20.6,+21.0,+20.7,+20.7,+20.8
2023-11-14 23:24,1,+37.7,+34.7,+21.9,+26.2,+42.8,+44.9,+20.5,+20.6,+20.6,+21.0,+20.7,+20.7,+20.8
2023-11-15 00:24,1,+37.7,+34.7,+21.9,+26.3,+42.8,+44.9,+20.5,+20.6,+20.6,+21.0,+20.7,+20.7,+20.8
2023-11-15 01:24,1,+37.7,+34.7,+21.9,+26.3,+42.8,+44.9,+20.5,+20.6,+20.6,+21.0,+20.7,+20.7,+20.8
2023-11-15 02:24,1,+37.6,+34.7,+21.9,+26.3,+42.8,+44.9,+20.3,+20.6,+20.5,+21.0,+20.7,+20.7,+20.8
2023-11-15 03:24,1,+37.6,+34.7,+21.9,+26.3,+42.8,+44.9,+20.3,+20.5,+20.6,+21.1,+20.7,+20.7,+20.8
2023-11-15 04:24,1,+37.6,+34.7,+21.9,+26.2,+42.8,+44.9,+20.3,+20.5,+20.6,+21.1,+20.7,+20.7,+20.8
2023-11-15 05:24,1,+37.8,+34.7,+21.9,+26.3,+42.8,+44.9,+20.3,+20.5,+20.6,+21.1,+20.7,+20.7,+20.8
2023-11-15 06:24,1,+38.3,+34.7,+21.9,+26.3,+42.8,+44.9,+20.3,+20.5,+20.6,+21.0,+20.7,+20.8,+20.8
2023-11-15 07:24,1,+39.0,+34.7,+21.9,+26.3,+42.8,+44.9,+20.5,+20.5,+20.6,+21.0,+20.7,+20.8,+20.8
2023-11-15 08:24,1,+39.3,+34.8,+21.9,+26.2,+42.7,+44.9,+20.3,+20.5,+20.6,+21.0,+20.7,+20.8,+20.8
2023-11-15 09:24,1,+39.2,+34.9,+21.9,+26.2,+42.7,+44.9,+20.5,+20.3,+20.6,+21.0,+20.7,+20.7,+20.8
2023-11-15 10:24,1,+39.1,+35.0,+22.0,+26.3,+42.8,+44.9,+20.6,+20.5,+20.6,+21.1,+20.7,+20.8,+20.8
2023-11-15 11:24,1,+38.9,+35.1,+21.9,+26.3,+42.8,+44.9,+20.7,+20.5,+20.6,+21.1,+20.7,+20.8,+20.8
2023-11-15 12:24,1,+38.6,+35.2,+22.0,+26.3,+42.8,+44.9,+20.8,+20.5,+20.5,+21.1,+20.7,+20.7,+20.8
2023-11-15 13:24,1,+38.4,+35.2,+22.0,+26.4,+42.8,+44.9,+21.1,+20.5,+20.5,+21.0,+20.7,+20.8,+20.8
2023-11-15 14:24,1,+38.3,+35.2,+22.0,+26.4,+42.8,+44.9,+21.2,+20.6,+20.5,+21.1,+20.7,+20.8,+20.8
2023-11-15 15:24,1,+42.3,+39.3,+22.3,+26.3,+42.7,+44.8,+21.1,+20.7,+20.5,+21.1,+20.7,+20.8,+20.8
2023-11-15 16:24,1,+40.8,+37.9,+23.6,+26.4,+42.8,+44.9,+21.2,+20.7,+20.6,+21.0,+20.8,+20.8,+20.8
2023-11-15 17:24,1,+39.9,+37.1,+23.8,+26.4,+42.7,+44.9,+21.2,+20.7,+20.5,+21.1,+20.8,+20.8,+20.8
2023-11-15 18:24,1,+39.5,+36.7,+23.7,+26.6,+42.8,+44.9,+21.1,+20.8,+20.6,+21.1,+20.7,+20.8,+20.8
2023-11-15 19:24,1,+39.3,+36.4,+23.5,+26.6,+42.7,+44.9,+21.1,+20.8,+20.6,+21.1,+20.8,+20.7,+20.8
2023-11-15 20:24,1,+39.0,+36.3,+23.3,+26.6,+42.8,+44.9,+21.0,+20.8,+20.6,+21.1,+20.7,+20.8,+20.8
2023-11-15 21:24,1,+38.9,+36.1,+23.1,+26.8,+42.9,+44.9,+20.8,+20.8,+20.6,+21.1,+20.7,+20.8,+20.8
2023-11-15 22:24,1,+38.8,+36.0,+23.0,+26.8,+42.9,+44.9,+20.8,+20.8,+20.7,+21.0,+20.8,+20.8,+20.8
2023-11-15 23:24,1,+38.7,+36.0,+22.9,+26.7,+42.9,+44.9,+20.7,+20.8,+20.6,+21.1,+20.7,+20.8,+20.8
2023-11-16 00:24,1,+38.6,+35.9,+22.8,+26.8,+43.0,+44.9,+20.7,+20.7,+20.7,+21.1,+20.7,+20.8,+20.8
2023-11-16 01:24,1,+38.6,+35.8,+22.8,+26.8,+43.0,+44.9,+20.7,+20.7,+20.7,+21.1,+20.7,+20.8,+20.8
2023-11-16 02:24,1,+38.5,+35.8,+22.7,+26.8,+43.0,+45.0,+20.7,+20.8,+20.7,+21.1,+20.7,+20.8,+20.8
2023-11-16 03:24,1,+38.5,+35.7,+22.7,+26.7,+43.0,+45.0,+20.6,+20.7,+20.7,+21.1,+20.8,+20.8,+20.8
2023-11-16 04:24,1,+38.5,+35.7,+22.6,+26.8,+43.0,+45.0,+20.6,+20.7,+20.7,+21.1,+20.7,+20.8,+20.8
2023-11-16 05:24,1,+38.4,+35.7,+22.6,+26.7,+43.0,+45.0,+20.6,+20.7,+20.6,+21.1,+20.8,+20.8,+20.8
2023-11-16 06:24,1,+38.4,+35.6,+22.6,+26.7,+43.0,+45.0,+20.6,+20.7,+20.7,+21.1,+20.7,+20.8,+20.8
2023-11-16 07:24,1,+38.3,+35.6,+22.5,+26.8,+43.0,+45.0,+20.6,+20.7,+20.7,+21.1,+20.8,+20.8,+20.8
2023-11-16 08:24,1,+38.2,+35.6,+22.5,+26.8,+43.0,+45.0,+20.6,+20.6,+20.7,+21.1,+20.8,+20.8,+20.8
2023-11-16 09:24,1,+38.2,+35.5,+22.5,+26.7,+43.0,+45.0,+20.6,+20.6,+20.7,+21.1,+20.8,+20.8,+20.8
2023-11-16 10:24,1,+39.0,+35.5,+22.5,+26.8,+43.1,+45.1,+20.7,+20.7,+20.7,+21.1,+20.8,+20.8,+21.0
2023-11-16 11:24,1,+41.1,+35.6,+22.5,+26.7,+43.0,+45.1,+20.7,+20.7,+20.6,+21.1,+20.7,+20.8,+20.8
2023-11-16 12:24,1,+40.4,+36.0,+22.5,+26.8,+43.1,+45.1,+20.8,+20.6,+20.6,+21.1,+20.8,+20.8,+20.8
2023-11-16 13:24,1,+39.9,+36.2,+22.5,+26.7,+43.0,+45.1,+21.0,+20.7,+20.7,+21.1,+20.8,+20.8,+20.8
2023-11-16 14:24,1,+39.6,+36.2,+22.5,+26.7,+43.0,+45.1,+21.0,+20.7,+20.6,+21.1,+20.8,+20.8,+21.0
2023-11-16 15:24,1,+42.5,+39.6,+27.9,+28.7,+43.1,+45.1,+20.8,+20.7,+20.6,+21.1,+20.8,+20.8,+20.8
2023-11-16 16:24,1,+42.6,+38.8,+26.2,+27.7,+43.2,+45.1,+20.7,+20.7,+20.7,+21.1,+20.8,+20.8,+20.8
2023-11-16 17:24,1,+42.2,+39.8,+28.2,+29.8,+43.8,+45.2,+20.6,+20.7,+20.7,+21.2,+20.7,+20.8,+20.8
2023-11-16 18:24,1,+40.8,+37.7,+25.8,+28.1,+44.4,+45.5,+20.6,+20.7,+20.7,+21.1,+20.8,+20.8,+21.0
2023-11-16 19:24,1,+40.2,+37.1,+24.7,+27.9,+44.4,+45.8,+20.6,+20.7,+20.7,+21.1,+20.8,+20.8,+20.8
2023-11-16 20:24,1,+39.8,+36.7,+24.0,+27.7,+44.3,+45.9,+20.6,+20.7,+20.7,+21.1,+20.8,+20.8,+20.8
2023-11-16 21:24,1,+39.5,+36.5,+23.6,+27.5,+44.1,+45.9,+20.5,+20.6,+20.7,+21.1,+20.8,+20.8,+21.0
2023-11-16 22:24,1,+39.3,+36.3,+23.3,+27.3,+44.1,+45.8,+20.5,+20.6,+20.6,+21.1,+20.8,+20.8,+20.8
2023-11-16 23:24,1,+40.3,+36.3,+23.2,+27.3,+44.0,+45.7,+20.5,+20.6,+20.7,+21.1,+20.8,+20.8,+21.0
2023-11-17 00:24,1,+40.4,+36.6,+23.1,+27.2,+43.9,+45.7,+20.3,+20.6,+20.7,+21.1,+20.8,+20.8,+20.8
2023-11-17 01:24,1,+39.9,+36.6,+23.1,+27.3,+43.9,+45.7,+20.5,+20.6,+20.6,+21.1,+20.8,+20.8,+20.8
2023-11-17 02:24,1,+39.6,+36.5,+23.1,+27.3,+43.9,+45.7,+20.3,+20.6,+20.6,+21.1,+20.8,+20.8,+20.8
2023-11-17 03:24,1,+39.4,+36.4,+23.1,+27.2,+43.8,+45.6,+20.3,+20.5,+20.6,+21.1,+20.8,+20.8,+20.8
2023-11-17 04:24,1,+39.2,+36.3,+23.1,+27.3,+43.8,+45.6,+20.2,+20.5,+20.6,+21.1,+20.8,+20.8,+20.8
2023-11-17 05:24,1,+39.3,+36.2,+23.0,+27.2,+43.8,+45.6,+20.3,+20.5,+20.6,+21.1,+20.8,+20.8,+21.0
2023-11-17 06:24,1,+40.3,+36.1,+22.9,+27.2,+43.8,+45.6,+20.2,+20.5,+20.6,+21.1,+20.8,+20.8,+20.8
2023-11-17 07:24,1,+40.7,+36.7,+22.9,+27.1,+43.8,+45.6,+20.2,+20.5,+20.7,+21.1,+20.8,+20.8,+21.0
2023-11-17 08:24,1,+40.1,+36.8,+23.0,+27.1,+43.8,+45.6,+20.3,+20.5,+20.6,+21.2,+20.8,+20.8,+21.0
2023-11-17 09:24,1,+39.6,+36.6,+23.1,+27.2,+43.8,+45.6,+20.2,+20.5,+20.6,+21.2,+20.8,+20.8,+21.0
2023-11-17 10:24,1,+39.3,+36.4,+23.1,+27.2,+43.8,+45.6,+20.3,+20.5,+20.6,+21.1,+20.8,+20.8,+21.0
2023-11-17 11:24,1,+39.1,+36.3,+23.1,+27.2,+43.8,+45.6,+20.5,+20.5,+20.6,+21.1,+20.8,+20.8,+21.0
2023-11-17 12:24,1,+38.8,+36.2,+23.0,+27.2,+43.8,+45.5,+20.6,+20.5,+20.6,+21.1,+20.8,+20.8,+21.0
2023-11-17 13:24,1,+38.6,+36.1,+22.9,+27.1,+43.7,+45.5,+21.0,+20.5,+20.6,+21.1,+20.8,+20.8,+20.8
2023-11-17 14:24,1,+38.5,+36.0,+22.9,+27.1,+43.7,+45.5,+21.0,+20.6,+20.6,+21.1,+20.8,+20.8,+21.0
2023-11-17 15:24,1,+38.4,+35.9,+22.8,+27.1,+43.7,+45.5,+21.1,+20.6,+20.6,+21.1,+20.8,+20.8,+21.0
2023-11-17 16:24,1,+38.4,+35.8,+22.8,+27.0,+43.7,+45.5,+21.1,+20.7,+20.6,+21.1,+20.8,+20.8,+21.0
2023-11-17 17:24,1,+38.8,+35.8,+22.8,+27.1,+43.8,+45.5,+21.0,+20.7,+20.6,+21.1,+20.8,+20.8,+21.0
2023-11-17 18:24,1,+39.0,+35.8,+22.7,+27.1,+43.8,+45.5,+20.8,+20.7,+20.6,+21.1,+20.8,+20.8,+20.8
2023-11-17 19:24,1,+38.8,+35.7,+22.7,+27.0,+43.5,+45.5,+20.7,+20.7,+20.6,+21.1,+20.8,+20.8,+21.0
2023-11-17 20:24,1,+38.8,+35.7,+22.7,+27.0,+43.5,+45.5,+20.7,+20.7,+20.6,+21.1,+20.8,+20.8,+20.8
2023-11-17 21:24,1,+38.8,+35.7,+22.7,+26.9,+43.4,+45.4,+20.6,+20.7,+20.6,+21.1,+20.8,+20.8,+21.0
2023-11-17 22:24,1,+38.7,+35.7,+22.6,+27.1,+43.5,+45.5,+20.5,+20.7,+20.6,+21.1,+20.8,+20.8,+21.0
2023-11-17 23:24,1,+38.7,+35.7,+22.6,+26.9,+43.4,+45.4,+20.5,+20.6,+20.7,+21.1,+20.8,+20.8,+21.0
2023-11-18 00:24,1,+38.6,+35.7,+22.6,+27.0,+43.5,+45.5,+20.5,+20.7,+20.7,+21.1,+20.8,+20.8,+21.0
2023-11-18 01:24,1,+38.6,+35.7,+22.6,+27.0,+43.4,+45.4,+20.5,+20.6,+20.6,+21.1,+20.8,+20.8,+21.0
2023-11-18 02:24,1,+38.5,+35.6,+22.6,+27.0,+43.4,+45.5,+20.5,+20.6,+20.6,+21.1,+20.8,+20.8,+21.0
2023-11-18 03:24,1,+38.5,+35.6,+22.6,+26.9,+43.4,+45.4,+20.3,+20.6,+20.6,+21.1,+20.8,+20.8,+21.0
2023-11-18 04:24,1,+38.4,+35.6,+22.6,+26.9,+43.4,+45.4,+20.3,+20.6,+20.6,+21.1,+20.8,+20.8,+21.0
2023-11-18 05:24,1,+38.4,+35.6,+22.6,+27.0,+43.4,+45.4,+20.3,+20.6,+20.6,+21.1,+20.8,+20.8,+21.0
2023-11-18 06:24,1,+38.3,+35.6,+22.5,+26.9,+43.3,+45.4,+20.2,+20.5,+20.6,+21.1,+20.8,+20.8,+21.0
2023-11-18 07:24,1,+38.3,+35.6,+22.5,+26.9,+43.3,+45.4,+20.3,+20.5,+20.6,+21.1,+20.8,+20.8,+21.0
2023-11-18 08:24,1,+38.2,+35.5,+22.5,+27.0,+43.3,+45.4,+20.3,+20.5,+20.6,+21.1,+20.8,+20.8,+21.0
2023-11-18 09:24,1,+38.2,+35.5,+22.5,+26.9,+43.3,+45.4,+20.5,+20.5,+20.6,+21.1,+20.8,+20.8,+21.0
2023-11-18 10:24,1,+38.2,+35.5,+22.5,+26.9,+43.3,+45.4,+20.6,+20.5,+20.6,+21.1,+20.8,+20.8,+21.0
2023-11-18 11:24,1,+38.1,+35.5,+22.5,+26.9,+43.3,+45.3,+20.6,+20.5,+20.6,+21.1,+20.8,+20.8,+21.0
2023-11-18 12:24,1,+38.1,+35.4,+22.5,+26.9,+43.3,+45.3,+20.7,+20.5,+20.6,+21.1,+20.8,+20.8,+21.0
2023-11-18 13:24,1,+38.1,+35.4,+22.5,+26.9,+43.3,+45.4,+20.6,+20.6,+20.6,+21.1,+20.8,+20.8,+20.8
2023-11-18 14:24,1,+44.0,+41.2,+24.0,+26.9,+43.3,+45.4,+20.6,+20.6,+20.6,+21.1,+20.8,+20.8,+21.0
2023-11-18 15:24,1,+42.9,+40.1,+30.0,+32.0,+46.8,+45.4,+20.5,+20.6,+20.6,+21.1,+20.8,+20.8,+21.0
2023-11-18 16:24,1,+40.7,+37.8,+26.5,+28.3,+44.4,+45.7,+20.5,+20.6,+20.6,+21.1,+20.8,+20.8,+21.0
2023-11-18 17:24,1,+43.8,+41.2,+33.7,+45.2,+50.3,+46.7,+20.1,+20.3,+20.6,+21.1,+20.8,+20.8,+21.0
2023-11-18 18:24,1,+42.6,+39.6,+28.0,+29.8,+47.3,+46.8,+20.0,+20.3,+20.6,+21.1,+20.8,+20.8,+21.0
2023-11-18 19:24,1,+40.8,+37.8,+25.4,+28.1,+45.6,+46.8,+20.0,+20.3,+20.6,+21.1,+20.8,+20.8,+21.0
2023-11-18 20:24,1,+43.0,+39.2,+24.7,+27.9,+45.4,+46.7,+19.8,+20.2,+20.5,+21.1,+20.8,+20.8,+21.0
2023-11-18 21:24,1,+41.7,+38.4,+27.4,+28.9,+45.6,+46.7,+19.8,+20.2,+20.5,+21.1,+20.8,+20.8,+21.0
2023-11-18 22:24,1,+40.5,+37.5,+25.2,+28.2,+45.5,+46.8,+19.8,+20.1,+20.5,+21.1,+20.8,+20.8,+21.0
2023-11-18 23:24,1,+40.6,+37.1,+24.4,+27.9,+45.4,+46.7,+19.8,+20.2,+20.5,+21.1,+20.8,+20.8,+21.0
2023-11-19 00:24,1,+40.1,+36.9,+24.2,+27.8,+45.3,+46.7,+19.7,+20.1,+20.5,+21.1,+20.8,+20.8,+21.0
2023-11-19 01:24,1,+39.7,+36.7,+24.0,+27.7,+45.2,+46.6,+19.8,+20.1,+20.5,+21.1,+20.8,+20.8,+21.0
2023-11-19 02:24,1,+39.5,+36.6,+23.7,+27.6,+45.1,+46.5,+19.8,+20.1,+20.5,+21.1,+20.8,+20.8,+21.0
2023-11-19 03:24,1,+39.3,+36.4,+23.5,+27.5,+45.1,+46.5,+19.8,+20.1,+20.5,+21.1,+20.8,+20.8,+21.0
2023-11-19 04:24,1,+39.2,+36.3,+23.4,+27.5,+45.1,+46.5,+19.7,+20.1,+20.3,+21.0,+20.8,+20.8,+21.0
2023-11-19 05:24,1,+39.1,+36.2,+23.2,+27.5,+45.1,+46.5,+19.8,+20.1,+20.3,+21.0,+20.8,+20.8,+21.0
2023-11-19 06:24,1,+39.0,+36.1,+23.1,+27.4,+45.0,+46.5,+19.7,+20.1,+20.3,+21.0,+20.8,+20.8,+21.0
2023-11-19 07:24,1,+38.9,+36.1,+23.1,+27.3,+45.0,+46.5,+19.8,+20.1,+20.3,+21.0,+20.8,+20.8,+21.0
2023-11-19 08:24,1,+38.8,+36.0,+23.0,+27.3,+45.0,+46.5,+19.8,+20.0,+20.3,+21.0,+20.7,+20.8,+21.0
2023-11-19 09:24,1,+38.8,+36.0,+23.0,+27.3,+45.0,+46.5,+19.8,+20.0,+20.3,+21.0,+20.8,+20.8,+21.0
2023-11-19 10:24,1,+38.6,+35.9,+22.9,+27.4,+45.0,+46.4,+20.0,+20.1,+20.3,+21.0,+20.8,+20.8,+21.0
2023-11-19 11:24,1,+38.5,+35.8,+22.9,+27.2,+44.9,+46.3,+20.1,+20.1,+20.3,+21.0,+20.8,+20.8,+21.0
2023-11-19 12:24,1,+38.5,+35.8,+22.9,+27.2,+44.9,+46.3,+20.2,+20.1,+20.3,+21.0,+20.7,+20.8,+21.0
2023-11-19 13:24,1,+38.4,+35.8,+22.8,+27.2,+44.9,+46.3,+20.3,+20.1,+20.3,+21.1,+20.8,+20.8,+21.0
2023-11-19 14:24,1,+38.6,+35.7,+22.8,+27.2,+44.2,+45.7,+20.3,+20.2,+20.3,+21.0,+20.8,+20.8,+21.0
2023-11-19 15:24,1,+38.6,+35.7,+22.8,+27.3,+44.3,+45.7,+20.5,+20.2,+20.3,+21.0,+20.8,+20.8,+21.0
2023-11-19 16:24,1,+38.7,+35.7,+22.8,+27.3,+44.2,+45.7,+20.5,+20.3,+20.3,+21.0,+20.8,+20.8,+21.0
2023-11-19 17:24,1,+38.6,+35.7,+22.8,+27.1,+44.2,+45.6,+20.5,+20.2,+20.3,+21.0,+20.8,+20.8,+21.0
2023-11-19 18:24,1,+38.7,+35.7,+22.8,+27.1,+44.2,+45.6,+20.5,+20.3,+20.3,+21.0,+20.8,+20.8,+21.0
2023-11-19 19:24,1,+39.0,+35.7,+22.8,+27.2,+43.6,+45.6,+20.5,+20.3,+20.3,+21.0,+20.8,+20.8,+21.0
2023-11-19 20:24,1,+39.3,+35.7,+22.7,+27.2,+43.6,+45.6,+20.3,+20.3,+20.3,+21.0,+20.8,+20.8,+21.0
2023-11-19 21:24,1,+39.5,+35.8,+22.7,+27.1,+43.5,+45.6,+20.3,+20.3,+20.3,+21.0,+20.7,+20.8,+21.0
2023-11-19 22:24,1,+39.5,+35.8,+22.7,+27.1,+43.5,+45.6,+20.3,+20.3,+20.3,+21.0,+20.7,+20.8,+21.0
2023-11-19 23:24,1,+39.9,+35.9,+22.7,+27.2,+43.5,+45.6,+20.2,+20.3,+20.5,+21.1,+20.8,+20.8,+21.0
2023-11-20 00:24,1,+40.4,+36.1,+22.7,+27.1,+43.5,+45.6,+20.2,+20.3,+20.3,+21.0,+20.8,+20.8,+21.0
2023-11-20 01:24,1,+40.3,+36.5,+22.7,+27.2,+43.5,+45.6,+20.2,+20.3,+20.5,+21.0,+20.7,+20.8,+21.0
2023-11-20 02:24,1,+40.3,+36.6,+22.8,+27.1,+43.5,+45.5,+20.1,+20.3,+20.5,+21.0,+20.8,+20.8,+21.0
2023-11-20 03:24,1,+40.1,+36.7,+22.9,+27.2,+43.5,+45.6,+20.1,+20.3,+20.5,+21.0,+20.8,+20.8,+21.0
2023-11-20 04:24,1,+39.9,+36.6,+22.9,+27.2,+43.5,+45.6,+20.1,+20.3,+20.3,+21.0,+20.8,+20.8,+21.0
2023-11-20 05:24,1,+39.7,+36.6,+23.0,+27.2,+43.5,+45.5,+20.1,+20.3,+20.3,+21.0,+20.8,+20.8,+21.0
2023-11-20 06:24,1,+39.6,+36.5,+23.0,+27.2,+43.5,+45.5,+20.0,+20.2,+20.3,+21.0,+20.7,+20.8,+21.0
2023-11-20 07:24,1,+39.5,+36.4,+23.0,+27.1,+43.5,+45.5,+20.1,+20.2,+20.3,+21.0,+20.8,+20.8,+21.0
2023-11-20 08:24,1,+39.4,+36.4,+23.0,+27.1,+43.5,+45.5,+20.1,+20.2,+20.3,+21.0,+20.8,+20.8,+21.0
2023-11-20 09:24,1,+39.2,+36.3,+23.0,+27.1,+43.5,+45.5,+20.1,+20.2,+20.3,+21.1,+20.7,+20.8,+21.0
2023-11-20 10:24,1,+39.1,+36.2,+23.0,+27.2,+43.5,+45.5,+20.3,+20.2,+20.3,+21.0,+20.7,+20.8,+21.0
2023-11-20 11:24,1,+38.9,+36.1,+22.9,+27.1,+43.5,+45.5,+20.5,+20.2,+20.3,+21.0,+20.8,+20.8,+20.8
2023-11-20 12:24,1,+38.9,+36.1,+22.9,+27.1,+43.5,+45.5,+20.5,+20.3,+20.3,+21.0,+20.8,+20.8,+21.0
2023-11-20 13:24,1,+38.8,+36.0,+22.9,+27.1,+43.5,+45.5,+20.6,+20.3,+20.3,+21.0,+20.8,+20.8,+21.0
2023-11-20 14:24,1,+38.7,+36.0,+22.9,+27.1,+43.4,+45.5,+20.7,+20.3,+20.5,+21.0,+20.8,+20.8,+20.8
2023-11-20 15:24,1,+38.7,+35.9,+22.9,+27.1,+43.5,+45.5,+20.7,+20.3,+20.3,+21.0,+20.7,+20.8,+20.8
2023-11-20 16:24,1,+38.6,+35.9,+22.9,+27.2,+43.5,+45.5,+20.7,+20.5,+20.3,+21.0,+20.8,+20.8,+21.0
2023-11-20 17:24,1,+38.6,+35.8,+22.8,+27.1,+43.5,+45.5,+20.6,+20.5,+20.5,+21.0,+20.8,+20.8,+21.0
2023-11-20 18:24,1,+38.6,+35.8,+22.8,+27.1,+43.4,+45.5,+20.6,+20.5,+20.3,+21.0,+20.7,+20.8,+21.0
2023-11-20 19:24,1,+38.6,+35.8,+22.8,+27.1,+43.4,+45.5,+20.6,+20.5,+20.5,+21.0,+20.8,+20.8,+21.0
2023-11-20 20:24,1,+38.5,+35.8,+22.8,+27.2,+43.5,+45.5,+20.6,+20.5,+20.5,+21.0,+20.7,+20.8,+21.0
2023-11-20 21:24,1,+38.4,+35.7,+22.8,+27.2,+43.5,+45.5,+20.5,+20.5,+20.5,+21.0,+20.7,+20.8,+20.8
2023-11-20 22:24,1,+38.4,+35.7,+22.8,+27.2,+43.5,+45.5,+20.5,+20.5,+20.5,+21.0,+20.8,+20.8,+20.8
2023-11-20 23:24,1,+38.4,+35.7,+22.8,+27.1,+43.4,+45.5,+20.5,+20.6,+20.5,+21.0,+20.7,+20.8,+21.0
2023-11-21 00:24,1,+38.4,+35.7,+22.7,+27.1,+43.4,+45.5,+20.5,+20.5,+20.5,+21.0,+20.8,+20.8,+21.0
2023-11-21 01:24,1,+38.3,+35.6,+22.7,+27.1,+43.4,+45.5,+20.3,+20.5,+20.5,+21.0,+20.8,+20.8,+21.0
2023-11-21 02:24,1,+38.3,+35.6,+22.7,+27.0,+43.4,+45.5,+20.2,+20.5,+20.5,+21.1,+20.8,+20.8,+20.8
2023-11-21 03:24,1,+38.2,+35.6,+22.7,+27.1,+43.5,+45.5,+20.2,+20.5,+20.5,+21.1,+20.7,+20.8,+21.0
2023-11-21 04:24,1,+38.1,+35.6,+22.7,+27.0,+43.4,+45.5,+20.1,+20.5,+20.5,+21.0,+20.7,+20.8,+20.8
2023-11-21 05:24,1,+38.0,+35.6,+22.7,+27.1,+43.5,+45.5,+20.1,+20.3,+20.6,+21.0,+20.7,+20.8,+21.0
2023-11-21 06:24,1,+37.8,+35.5,+22.7,+27.0,+43.4,+45.5,+20.0,+20.3,+20.5,+21.1,+20.7,+20.8,+21.0
2023-11-21 07:24,1,+37.5,+35.5,+22.7,+27.1,+43.4,+45.5,+20.0,+20.3,+20.5,+21.0,+20.8,+20.8,+21.0
2023-11-21 08:24,1,+37.6,+35.5,+22.7,+27.0,+43.4,+45.5,+20.1,+20.3,+20.5,+21.0,+20.8,+20.7,+21.0
2023-11-21 09:24,1,+37.5,+35.5,+22.7,+27.1,+43.4,+45.5,+20.1,+20.2,+20.5,+21.1,+20.8,+20.8,+21.0
2023-11-21 10:24,1,+37.9,+35.4,+22.7,+27.0,+43.4,+45.4,+20.2,+20.2,+20.5,+21.0,+20.7,+20.8,+21.0
2023-11-21 11:24,1,+37.8,+35.4,+22.7,+27.0,+43.4,+45.4,+20.3,+20.2,+20.5,+21.0,+20.7,+20.8,+21.0
2023-11-21 12:24,1,+37.7,+35.4,+22.7,+27.0,+43.4,+45.4,+20.6,+20.3,+20.5,+21.1,+20.7,+20.8,+21.0
2023-11-21 13:24,1,+37.7,+35.4,+22.7,+27.0,+43.3,+45.4,+20.7,+20.3,+20.5,+21.0,+20.7,+20.8,+21.0
2023-11-21 14:24,1,+37.6,+35.4,+22.7,+27.0,+43.3,+45.4,+20.8,+20.3,+20.5,+21.0,+20.7,+20.8,+21.0
2023-11-21 15:24,1,+37.6,+35.4,+22.7,+27.0,+43.4,+45.4,+20.8,+20.5,+20.5,+21.1,+20.8,+20.8,+21.0
2023-11-21 16:24,1,+37.7,+35.4,+22.7,+27.1,+43.4,+45.5,+20.8,+20.5,+20.5,+21.0,+20.8,+20.8,+21.0
2023-11-21 17:24,1,+41.6,+36.1,+22.7,+27.1,+43.4,+45.5,+20.7,+20.6,+20.5,+21.0,+20.8,+20.8,+21.0
2023-11-21 18:24,1,+46.9,+43.8,+31.3,+29.8,+43.4,+45.5,+20.2,+20.3,+20.5,+21.0,+20.8,+20.8,+21.0
2023-11-21 19:24,1,+44.6,+40.1,+28.3,+30.7,+49.4,+46.9,+20.0,+20.3,+20.5,+21.0,+20.7,+20.8,+20.8
2023-11-21 20:24,1,+43.2,+40.6,+28.9,+31.7,+50.3,+47.0,+19.7,+20.2,+20.3,+21.0,+20.7,+20.8,+20.8
2023-11-21 21:24,1,+41.2,+38.2,+26.1,+28.7,+45.9,+46.9,+19.6,+20.1,+20.5,+21.0,+20.7,+20.8,+21.0
2023-11-21 22:24,1,+40.5,+37.4,+25.1,+28.3,+45.7,+46.9,+19.7,+20.1,+20.3,+21.0,+20.7,+20.8,+21.0
2023-11-21 23:24,1,+40.3,+37.1,+24.5,+28.1,+45.5,+46.8,+19.7,+20.1,+20.3,+21.0,+20.7,+20.8,+21.0
2023-11-22 00:24,1,+40.1,+36.9,+24.2,+28.0,+45.4,+46.8,+19.7,+20.0,+20.3,+21.0,+20.8,+20.8,+20.8
2023-11-22 01:24,1,+39.7,+36.7,+23.9,+27.9,+45.3,+46.7,+19.7,+20.0,+20.3,+21.0,+20.8,+20.8,+21.0
2023-11-22 02:24,1,+39.6,+36.6,+23.7,+27.7,+45.2,+46.6,+19.6,+20.0,+20.3,+21.0,+20.7,+20.8,+21.0
2023-11-22 03:24,1,+39.5,+36.5,+23.6,+27.7,+45.2,+46.6,+19.6,+20.0,+20.3,+21.0,+20.7,+20.8,+20.8
2023-11-22 04:24,1,+39.3,+36.4,+23.5,+27.6,+45.1,+46.6,+19.6,+20.0,+20.3,+21.0,+20.8,+20.8,+20.8
2023-11-22 05:24,1,+39.3,+36.3,+23.4,+27.7,+45.2,+46.6,+19.5,+20.0,+20.3,+21.0,+20.7,+20.8,+20.8
2023-11-22 06:24,1,+39.8,+36.3,+23.3,+27.6,+45.1,+46.5,+19.5,+20.0,+20.3,+21.0,+20.7,+20.8,+21.0
2023-11-22 07:24,1,+39.9,+36.3,+23.3,+27.5,+45.1,+46.5,+19.5,+20.0,+20.3,+21.0,+20.7,+20.8,+21.0
2023-11-22 08:24,1,+39.8,+36.3,+23.2,+27.5,+45.1,+46.4,+19.5,+20.0,+20.2,+21.0,+20.7,+20.8,+21.0
2023-11-22 09:24,1,+39.6,+36.3,+23.2,+27.5,+45.1,+46.4,+19.5,+19.8,+20.2,+21.0,+20.7,+20.8,+21.0
2023-11-22 10:24,1,+39.5,+36.3,+23.2,+27.5,+44.5,+45.9,+19.6,+19.8,+20.2,+21.0,+20.7,+20.8,+20.8
2023-11-22 11:24,1,+39.3,+36.3,+23.2,+27.5,+44.4,+45.9,+19.6,+19.8,+20.2,+21.0,+20.7,+20.8,+20.8
2023-11-22 12:24,1,+39.1,+36.2,+23.2,+27.5,+44.5,+45.9,+19.7,+19.8,+20.2,+21.0,+20.7,+20.8,+20.8
2023-11-22 13:24,1,+39.0,+36.2,+23.1,+27.5,+44.4,+45.9,+19.7,+19.8,+20.2,+21.0,+20.7,+20.8,+21.0
2023-11-22 14:24,1,+38.9,+36.1,+23.1,+27.4,+44.4,+45.8,+20.0,+19.8,+20.2,+21.0,+20.7,+20.8,+21.0
2023-11-22 15:24,1,+38.9,+36.1,+23.1,+27.5,+44.4,+45.8,+20.0,+20.0,+20.2,+21.0,+20.7,+20.8,+20.8
2023-11-22 16:24,1,+38.8,+36.1,+23.1,+27.5,+44.4,+45.8,+20.0,+20.0,+20.2,+20.8,+20.7,+20.7,+21.0
2023-11-22 17:24,1,+38.8,+36.0,+23.1,+27.4,+44.4,+45.8,+19.8,+20.0,+20.2,+21.0,+20.7,+20.7,+20.8
2023-11-22 18:24,1,+38.7,+36.0,+23.1,+27.4,+44.4,+45.8,+19.8,+20.0,+20.2,+20.8,+20.7,+20.7,+20.8
2023-11-22 19:24,1,+38.7,+36.0,+23.0,+27.3,+44.4,+45.8,+19.8,+20.0,+20.2,+20.8,+20.7,+20.8,+20.8
2023-11-22 20:24,1,+38.6,+35.9,+23.0,+27.4,+44.3,+45.8,+19.7,+20.0,+20.2,+20.8,+20.7,+20.8,+20.8
2023-11-22 21:24,1,+38.6,+35.9,+23.0,+27.3,+44.2,+45.8,+19.7,+20.0,+20.2,+20.8,+20.7,+20.7,+21.0
2023-11-22 22:24,1,+38.5,+35.9,+23.0,+27.4,+43.8,+45.7,+19.7,+20.0,+20.2,+20.8,+20.7,+20.7,+21.0
2023-11-22 23:24,1,+38.5,+35.8,+23.0,+27.4,+43.7,+45.7,+19.6,+20.0,+20.1,+20.8,+20.7,+20.7,+20.8
2023-11-23 00:24,1,+38.5,+35.8,+23.0,+27.4,+43.7,+45.7,+19.6,+20.0,+20.2,+20.8,+20.7,+20.7,+21.0
2023-11-23 01:24,1,+38.6,+35.8,+23.0,+27.3,+43.7,+45.7,+19.6,+20.0,+20.2,+20.8,+20.7,+20.7,+20.8
2023-11-23 02:24,1,+38.5,+35.8,+22.9,+27.3,+43.7,+45.7,+19.5,+20.0,+20.2,+20.8,+20.7,+20.7,+20.8
2023-11-23 03:24,1,+38.5,+35.8,+22.9,+27.4,+43.7,+45.7,+19.6,+19.8,+20.2,+20.8,+20.7,+20.7,+20.8
2023-11-23 04:24,1,+38.4,+35.7,+22.9,+27.4,+43.7,+45.7,+19.6,+19.8,+20.2,+20.8,+20.7,+20.7,+20.8
2023-11-23 05:24,1,+38.4,+35.7,+22.9,+27.4,+43.7,+45.7,+19.6,+19.8,+20.1,+20.8,+20.7,+20.7,+21.0
2023-11-23 06:24,1,+38.7,+35.7,+22.9,+27.3,+43.7,+45.7,+19.6,+19.8,+20.1,+20.8,+20.7,+20.7,+20.8
2023-11-23 07:24,1,+38.9,+35.7,+22.9,+27.4,+43.7,+45.7,+19.6,+19.8,+20.1,+20.8,+20.7,+20.7,+20.8
2023-11-23 08:24,1,+39.0,+35.7,+22.9,+27.2,+43.6,+45.7,+19.6,+19.8,+20.2,+20.8,+20.7,+20.7,+20.8
2023-11-23 09:24,1,+39.0,+35.7,+22.9,+27.2,+43.6,+45.7,+19.7,+19.8,+20.1,+20.8,+20.6,+20.7,+21.0
2023-11-23 10:24,1,+39.0,+35.7,+22.9,+27.2,+43.6,+45.7,+19.8,+19.8,+20.1,+20.8,+20.7,+20.7,+21.0
2023-11-23 11:24,1,+39.9,+35.8,+22.9,+27.3,+43.6,+45.7,+20.0,+19.8,+20.1,+20.8,+20.7,+20.7,+21.0
2023-11-23 12:24,1,+40.0,+35.9,+22.9,+27.3,+43.6,+45.7,+20.0,+19.8,+20.1,+20.8,+20.7,+20.8,+20.8
2023-11-23 13:24,1,+40.0,+36.1,+22.9,+27.2,+43.6,+45.7,+20.1,+20.0,+20.1,+20.8,+20.7,+20.7,+21.0
2023-11-23 14:24,1,+39.9,+36.2,+22.9,+27.3,+43.6,+45.7,+20.2,+20.0,+20.1,+20.8,+20.7,+20.7,+21.0
2023-11-23 15:24,1,+39.7,+36.3,+22.9,+27.3,+43.6,+45.7,+20.3,+20.1,+20.1,+20.8,+20.7,+20.7,+21.0
2023-11-23 16:24,1,+39.5,+36.3,+22.9,+27.2,+43.6,+45.6,+20.3,+20.1,+20.1,+20.8,+20.6,+20.7,+21.0
2023-11-23 17:24,1,+39.4,+36.3,+22.9,+27.3,+43.6,+45.6,+20.3,+20.1,+20.2,+20.8,+20.7,+20.7,+21.0
2023-11-23 18:24,1,+39.3,+36.3,+22.9,+27.3,+43.6,+45.6,+20.3,+20.1,+20.1,+20.8,+20.7,+20.7,+21.0
2023-11-23 19:24,1,+40.4,+36.3,+22.9,+27.3,+43.6,+45.7,+20.2,+20.2,+20.2,+20.8,+20.7,+20.7,+20.8
2023-11-23 20:24,1,+42.7,+38.0,+23.0,+27.3,+43.6,+45.6,+20.2,+20.2,+20.2,+20.8,+20.7,+20.7,+21.0
2023-11-23 21:24,1,+43.0,+39.2,+23.8,+27.2,+43.5,+45.6,+20.1,+20.2,+20.2,+20.8,+20.7,+20.7,+20.8
2023-11-23 22:24,1,+43.0,+40.2,+28.8,+30.5,+44.5,+45.6,+20.0,+20.1,+20.2,+20.8,+20.7,+20.7,+20.8
2023-11-23 23:24,1,+42.3,+39.3,+28.6,+30.5,+44.8,+45.7,+20.0,+20.1,+20.2,+20.8,+20.6,+20.7,+20.8
2023-11-24 00:24,1,+42.1,+38.6,+27.2,+28.9,+44.9,+46.1,+20.0,+20.1,+20.2,+20.8,+20.7,+20.7,+20.8
2023-11-24 01:24,1,+42.7,+39.1,+27.4,+28.9,+45.1,+46.4,+19.8,+20.1,+20.2,+20.8,+20.6,+20.7,+20.8
2023-11-24 02:24,1,+41.6,+38.4,+27.1,+28.9,+45.1,+46.6,+20.0,+20.1,+20.2,+20.7,+20.6,+20.7,+20.8
2023-11-24 03:24,1,+40.9,+37.8,+25.8,+28.4,+45.0,+46.6,+20.0,+20.0,+20.2,+20.8,+20.6,+20.7,+20.8
2023-11-24 04:24,1,+40.5,+37.4,+25.0,+28.3,+44.9,+46.5,+19.8,+20.0,+20.1,+20.8,+20.6,+20.7,+20.8
2023-11-24 05:24,1,+40.2,+37.1,+24.6,+28.1,+44.8,+46.5,+19.8,+20.0,+20.2,+20.8,+20.6,+20.7,+20.8
2023-11-24 06:24,1,+39.9,+36.9,+24.3,+28.1,+44.8,+46.5,+19.8,+20.1,+20.2,+20.8,+20.6,+20.7,+20.8
2023-11-24 07:24,1,+39.8,+36.7,+24.0,+27.9,+44.7,+46.4,+19.8,+20.1,+20.2,+20.8,+20.6,+20.7,+20.8
2023-11-24 08:24,1,+39.7,+36.6,+23.8,+27.9,+44.7,+46.4,+19.8,+20.0,+20.1,+20.7,+20.6,+20.7,+20.8
2023-11-24 09:24,1,+39.5,+36.5,+23.6,+27.8,+44.6,+46.4,+20.0,+20.0,+20.1,+20.8,+20.6,+20.7,+20.8
2023-11-24 10:24,1,+39.4,+36.4,+23.5,+27.8,+44.6,+46.4,+20.1,+20.0,+20.1,+20.8,+20.6,+20.7,+20.8
2023-11-24 11:24,1,+39.2,+36.4,+23.5,+27.7,+44.5,+46.4,+20.2,+20.0,+20.2,+20.7,+20.6,+20.7,+20.8
2023-11-24 12:24,1,+39.1,+36.3,+23.4,+27.6,+44.5,+46.3,+20.3,+20.1,+20.2,+20.8,+20.6,+20.7,+20.8
2023-11-24 13:24,1,+39.0,+36.3,+23.3,+27.6,+44.5,+46.3,+20.6,+20.1,+20.2,+20.8,+20.6,+20.7,+20.8
2023-11-24 14:24,1,+38.9,+36.2,+23.3,+27.7,+44.5,+46.3,+20.6,+20.1,+20.2,+20.7,+20.6,+20.7,+20.8
2023-11-24 15:24,1,+39.6,+36.1,+23.3,+27.5,+44.4,+46.3,+20.7,+20.2,+20.2,+20.8,+20.6,+20.6,+20.8
2023-11-24 16:24,1,+42.0,+36.2,+23.2,+27.7,+44.5,+46.3,+20.6,+20.2,+20.2,+20.8,+20.6,+20.7,+20.8
2023-11-24 17:24,1,+42.1,+39.0,+24.1,+27.7,+44.5,+46.3,+20.6,+20.3,+20.2,+20.8,+20.6,+20.7,+20.8
2023-11-24 18:24,1,+41.0,+37.9,+25.3,+27.7,+44.5,+46.2,+20.5,+20.3,+20.2,+20.8,+20.6,+20.7,+20.8
2023-11-24 19:24,1,+40.6,+37.4,+24.9,+27.9,+44.3,+46.0,+20.3,+20.3,+20.2,+20.7,+20.6,+20.7,+20.8
2023-11-24 20:24,1,+40.3,+37.1,+24.5,+27.9,+44.3,+46.0,+20.3,+20.3,+20.3,+20.8,+20.7,+20.7,+20.8
2023-11-24 21:24,1,+39.9,+36.9,+24.2,+27.9,+44.4,+46.0,+20.3,+20.3,+20.2,+20.8,+20.6,+20.7,+20.8
2023-11-24 22:24,1,+39.8,+36.7,+24.0,+27.9,+44.4,+46.0,+20.2,+20.3,+20.2,+20.8,+20.6,+20.7,+20.8
2023-11-24 23:24,1,+39.7,+36.6,+23.8,+27.9,+44.4,+46.0,+20.2,+20.3,+20.2,+20.8,+20.6,+20.7,+20.8
2023-11-25 00:24,1,+39.5,+36.5,+23.6,+27.7,+44.3,+46.0,+20.2,+20.2,+20.3,+20.8,+20.6,+20.6,+20.8
2023-11-25 01:24,1,+39.4,+36.4,+23.5,+27.7,+44.3,+46.0,+20.2,+20.3,+20.3,+20.8,+20.6,+20.6,+20.8
2023-11-25 02:24,1,+39.3,+36.3,+23.5,+27.8,+44.3,+46.0,+20.1,+20.2,+20.3,+20.8,+20.6,+20.6,+20.8
2023-11-25 03:24,1,+39.3,+36.3,+23.4,+27.7,+44.3,+46.0,+20.1,+20.3,+20.3,+20.8,+20.6,+20.7,+20.8
2023-11-25 04:24,1,+39.2,+36.3,+23.4,+27.7,+44.3,+46.0,+20.0,+20.2,+20.3,+20.8,+20.6,+20.7,+20.8
2023-11-25 05:24,1,+39.1,+36.2,+23.3,+27.7,+44.3,+46.0,+20.0,+20.2,+20.3,+20.8,+20.7,+20.7,+20.8
2023-11-25 06:24,1,+39.1,+36.2,+23.3,+27.6,+44.2,+45.9,+20.0,+20.2,+20.3,+20.8,+20.6,+20.7,+20.8
2023-11-25 07:24,1,+39.0,+36.1,+23.3,+27.7,+44.3,+46.0,+20.0,+20.2,+20.3,+20.8,+20.7,+20.7,+20.8
2023-11-25 08:24,1,+39.1,+36.1,+23.2,+27.5,+43.9,+45.9,+20.0,+20.1,+20.3,+20.8,+20.6,+20.7,+20.8
2023-11-25 09:24,1,+39.1,+36.1,+23.2,+27.5,+43.9,+45.9,+20.0,+20.2,+20.3,+20.8,+20.6,+20.7,+20.8
2023-11-25 10:24,1,+39.1,+36.0,+23.2,+27.6,+43.9,+45.9,+20.1,+20.1,+20.3,+20.8,+20.6,+20.7,+20.8
2023-11-25 11:24,1,+39.0,+36.0,+23.2,+27.5,+43.9,+45.9,+20.2,+20.1,+20.3,+20.8,+20.6,+20.7,+20.8
2023-11-25 12:24,1,+39.0,+36.0,+23.2,+27.5,+43.9,+45.9,+20.5,+20.2,+20.3,+20.8,+20.7,+20.7,+20.8
2023-11-25 13:24,1,+38.9,+36.0,+23.1,+27.5,+43.9,+45.9,+20.7,+20.2,+20.3,+20.8,+20.6,+20.7,+20.8
2023-11-25 14:24,1,+38.9,+36.0,+23.1,+27.5,+43.9,+45.9,+20.7,+20.2,+20.2,+20.8,+20.6,+20.7,+20.8
2023-11-25 15:24,1,+38.9,+35.9,+23.1,+27.5,+43.9,+45.9,+20.7,+20.3,+20.3,+20.8,+20.6,+20.7,+20.8
2023-11-25 16:24,1,+38.9,+35.9,+23.1,+27.5,+43.9,+45.9,+20.8,+20.3,+20.2,+20.8,+20.7,+20.7,+20.8
2023-11-25 17:24,1,+38.9,+35.9,+23.1,+27.4,+43.8,+45.9,+20.6,+20.5,+20.3,+20.8,+20.6,+20.7,+20.8
2023-11-25 18:24,1,+38.9,+35.8,+23.1,+27.4,+43.8,+45.9,+20.6,+20.5,+20.3,+20.8,+20.6,+20.7,+20.8
2023-11-25 19:24,1,+40.2,+35.9,+23.1,+27.5,+43.8,+45.9,+20.6,+20.5,+20.3,+20.8,+20.6,+20.7,+20.8
2023-11-25 20:24,1,+43.0,+39.2,+23.2,+27.4,+43.8,+45.8,+20.3,+20.5,+20.3,+20.8,+20.6,+20.7,+20.8
2023-11-25 21:24,1,+41.8,+38.1,+24.7,+27.6,+43.8,+45.9,+20.3,+20.3,+20.3,+20.8,+20.6,+20.7,+20.8
2023-11-25 22:24,1,+41.3,+37.6,+24.9,+27.7,+43.8,+45.9,+20.2,+20.5,+20.3,+20.8,+20.7,+20.7,+20.8
2023-11-25 23:24,1,+40.9,+37.3,+24.6,+27.8,+43.9,+45.9,+20.2,+20.3,+20.3,+20.8,+20.6,+20.7,+20.8
2023-11-26 00:24,1,+40.5,+37.1,+24.4,+27.9,+43.9,+45.9,+20.1,+20.3,+20.3,+20.8,+20.7,+20.7,+20.8
2023-11-26 01:24,1,+40.2,+36.9,+24.2,+27.9,+44.0,+45.9,+20.1,+20.3,+20.3,+20.8,+20.6,+20.7,+20.7
2023-11-26 02:24,1,+40.1,+36.8,+24.0,+27.8,+43.9,+45.9,+20.0,+20.2,+20.3,+20.8,+20.6,+20.7,+20.8
2023-11-26 03:24,1,+40.0,+36.6,+23.8,+27.9,+44.0,+45.9,+20.0,+20.3,+20.3,+20.8,+20.7,+20.7,+20.8
2023-11-26 04:24,1,+39.9,+36.6,+23.7,+27.8,+44.0,+45.9,+20.0,+20.2,+20.3,+20.8,+20.7,+20.7,+20.8
2023-11-26 05:24,1,+39.8,+36.5,+23.6,+27.7,+44.0,+45.9,+19.8,+20.2,+20.3,+21.0,+20.7,+20.7,+20.8
2023-11-26 06:24,1,+39.7,+36.4,+23.5,+27.8,+44.1,+45.9,+20.0,+20.2,+20.3,+20.8,+20.7,+20.7,+20.8
2023-11-26 07:24,1,+39.7,+36.4,+23.5,+27.8,+44.0,+45.9,+19.8,+20.1,+20.3,+20.8,+20.7,+20.7,+20.8
2023-11-26 08:24,1,+39.6,+36.3,+23.4,+27.6,+44.0,+45.9,+19.8,+20.1,+20.3,+20.8,+20.7,+20.7,+20.8
2023-11-26 09:24,1,+39.5,+36.3,+23.4,+27.6,+44.0,+45.9,+20.0,+20.1,+20.3,+20.8,+20.7,+20.7,+20.8
2023-11-26 10:24,1,+39.4,+36.2,+23.3,+27.7,+44.0,+46.0,+20.1,+20.1,+20.3,+20.8,+20.7,+20.7,+20.8
2023-11-26 11:24,1,+39.3,+36.2,+23.3,+27.7,+44.0,+45.9,+20.2,+20.1,+20.3,+20.8,+20.7,+20.7,+20.8
2023-11-26 12:24,1,+39.2,+36.1,+23.3,+27.5,+43.9,+45.9,+20.5,+20.2,+20.3,+20.8,+20.7,+20.7,+20.8
2023-11-26 13:24,1,+39.1,+36.1,+23.3,+27.7,+44.0,+45.9,+20.5,+20.2,+20.3,+21.0,+20.7,+20.7,+20.8
2023-11-26 14:24,1,+39.0,+36.1,+23.3,+27.6,+43.9,+45.9,+20.6,+20.2,+20.3,+21.0,+20.7,+20.7,+20.8
2023-11-26 15:24,1,+39.0,+36.1,+23.3,+27.5,+43.9,+45.9,+20.6,+20.3,+20.3,+21.0,+20.7,+20.7,+20.8
2023-11-26 16:24,1,+38.9,+36.1,+23.2,+27.6,+43.9,+45.9,+20.7,+20.3,+20.3,+20.8,+20.7,+20.7,+20.8
2023-11-26 17:24,1,+38.9,+36.0,+23.2,+27.5,+43.9,+45.9,+20.6,+20.5,+20.3,+20.8,+20.7,+20.7,+20.8
2023-11-26 18:24,1,+38.9,+36.0,+23.2,+27.5,+43.9,+45.9,+20.6,+20.5,+20.3,+20.8,+20.7,+20.7,+20.8
2023-11-26 19:24,1,+38.9,+36.0,+23.2,+27.5,+43.8,+45.9,+20.6,+20.5,+20.3,+21.0,+20.7,+20.7,+20.8
2023-11-26 20:24,1,+38.9,+36.0,+23.2,+27.6,+43.9,+45.9,+20.5,+20.3,+20.3,+20.8,+20.7,+20.7,+20.8
2023-11-26 21:24,1,+38.9,+36.0,+23.2,+27.5,+43.8,+45.9,+20.5,+20.5,+20.3,+20.8,+20.7,+20.7,+20.8
2023-11-26 22:24,1,+39.0,+36.0,+23.2,+27.5,+43.9,+45.9,+20.3,+20.5,+20.3,+21.0,+20.7,+20.7,+20.8
2023-11-26 23:24,1,+38.9,+35.9,+23.2,+27.4,+43.8,+45.9,+20.3,+20.3,+20.3,+20.8,+20.7,+20.7,+20.8
2023-11-27 00:24,1,+38.9,+35.9,+23.1,+27.4,+43.8,+45.9,+20.2,+20.3,+20.3,+21.0,+20.7,+20.7,+20.8
2023-11-27 01:24,1,+38.9,+35.9,+23.1,+27.5,+43.8,+45.9,+20.1,+20.3,+20.5,+21.0,+20.7,+20.7,+20.8
2023-11-27 02:24,1,+38.9,+35.9,+23.1,+27.5,+43.8,+45.9,+20.1,+20.3,+20.3,+21.0,+20.7,+20.7,+20.8
2023-11-27 03:24,1,+38.8,+35.9,+23.1,+27.4,+43.8,+45.9,+20.1,+20.3,+20.3,+21.0,+20.7,+20.7,+20.8
2023-11-27 04:24,1,+38.8,+35.9,+23.1,+27.4,+43.8,+45.8,+20.1,+20.3,+20.5,+21.0,+20.7,+20.7,+20.8
2023-11-27 05:24,1,+38.8,+35.8,+23.1,+27.5,+43.8,+45.9,+20.0,+20.3,+20.5,+21.0,+20.7,+20.7,+20.8
2023-11-27 06:24,1,+38.8,+35.8,+23.1,+27.4,+43.8,+45.8,+19.8,+20.2,+20.3,+20.8,+20.7,+20.7,+20.8
2023-11-27 07:24,1,+38.9,+35.8,+23.1,+27.5,+43.8,+45.9,+20.0,+20.2,+20.5,+21.0,+20.7,+20.7,+20.8
2023-11-27 08:24,1,+38.9,+35.8,+23.1,+27.5,+43.8,+45.9,+19.8,+20.2,+20.3,+21.0,+20.7,+20.7,+20.8
2023-11-27 09:24,1,+38.9,+35.8,+23.1,+27.4,+43.8,+45.8,+19.8,+20.2,+20.3,+21.0,+20.7,+20.7,+20.8
2023-11-27 10:24,1,+38.9,+35.8,+23.1,+27.5,+43.8,+45.9,+20.0,+20.2,+20.3,+21.0,+20.7,+20.7,+20.8
2023-11-27 11:24,1,+38.9,+35.8,+23.1,+27.5,+43.8,+45.9,+20.0,+20.1,+20.3,+21.0,+20.7,+20.7,+20.8
2023-11-27 12:24,1,+39.1,+35.8,+23.1,+27.5,+43.8,+45.9,+20.0,+20.1,+20.5,+21.0,+20.7,+20.7,+20.8
2023-11-27 13:24,1,+40.1,+35.8,+23.1,+27.4,+43.7,+45.8,+20.1,+20.2,+20.3,+21.0,+20.7,+20.8,+20.8
2023-11-27 14:24,1,+40.1,+35.8,+23.1,+27.3,+43.7,+45.8,+20.1,+20.1,+20.3,+21.0,+20.7,+20.7,+20.8
2023-11-27 15:24,1,+40.1,+36.0,+23.1,+27.5,+43.8,+45.8,+20.1,+20.2,+20.3,+21.0,+20.7,+20.7,+20.8
2023-11-27 16:24,1,+40.1,+36.0,+23.1,+27.3,+43.7,+45.8,+20.0,+20.2,+20.3,+21.0,+20.7,+20.7,+20.8
2023-11-27 17:24,1,+40.2,+36.1,+23.1,+27.5,+43.8,+45.8,+20.0,+20.2,+20.3,+21.0,+20.7,+20.7,+20.8
2023-11-27 18:24,1,+40.4,+36.2,+23.1,+27.5,+43.8,+45.8,+20.0,+20.1,+20.3,+21.0,+20.7,+20.7,+20.8
2023-11-27 19:24,1,+41.6,+36.4,+23.1,+27.3,+43.7,+45.8,+19.8,+20.2,+20.3,+20.8,+20.7,+20.7,+20.8
2023-11-27 20:24,1,+41.3,+36.9,+23.1,+27.3,+43.7,+45.8,+19.7,+20.1,+20.3,+20.8,+20.7,+20.7,+20.8
2023-11-27 21:24,1,+40.9,+37.1,+23.1,+27.5,+43.7,+45.8,+19.7,+20.1,+20.3,+21.0,+20.7,+20.8,+20.8
2023-11-27 22:24,1,+40.6,+37.1,+23.2,+27.5,+43.7,+45.8,+19.6,+20.0,+20.3,+20.8,+20.7,+20.7,+20.8
2023-11-27 23:24,1,+40.4,+37.0,+23.2,+27.3,+43.7,+45.8,+19.5,+20.0,+20.3,+20.8,+20.7,+20.7,+20.8
2023-11-28 00:24,1,+40.2,+36.9,+23.3,+27.4,+43.7,+45.8,+19.5,+20.0,+20.3,+20.8,+20.7,+20.8,+20.8
2023-11-28 01:24,1,+40.1,+36.9,+23.3,+27.4,+43.7,+45.8,+19.3,+20.0,+20.2,+21.0,+20.7,+20.7,+20.8
2023-11-28 02:24,1,+40.0,+36.8,+23.3,+27.5,+43.7,+45.8,+19.2,+19.8,+20.2,+20.8,+20.7,+20.7,+20.8
2023-11-28 03:24,1,+39.9,+36.7,+23.3,+27.5,+43.7,+45.8,+19.2,+19.8,+20.2,+21.0,+20.7,+20.7,+20.8
2023-11-28 04:24,1,+39.8,+36.6,+23.3,+27.4,+43.7,+45.8,+19.2,+19.8,+20.2,+20.8,+20.7,+20.7,+20.8
2023-11-28 05:24,1,+39.7,+36.6,+23.3,+27.4,+43.7,+45.8,+19.1,+19.7,+20.2,+20.8,+20.7,+20.7,+20.8
2023-11-28 06:24,1,+39.7,+36.5,+23.3,+27.4,+43.7,+45.8,+19.1,+19.7,+20.2,+20.8,+20.7,+20.7,+20.8
2023-11-28 07:24,1,+39.5,+36.5,+23.3,+27.5,+43.7,+45.8,+19.0,+19.7,+20.1,+20.8,+20.7,+20.7,+20.8
2023-11-28 08:24,1,+39.4,+36.5,+23.3,+27.4,+43.7,+45.8,+19.1,+19.7,+20.2,+20.8,+20.7,+20.7,+20.8
2023-11-28 09:24,1,+39.3,+36.5,+23.5,+27.5,+43.7,+45.8,+19.1,+19.7,+20.2,+20.8,+20.7,+20.7,+20.8
2023-11-28 10:24,1,+39.3,+36.7,+23.3,+27.4,+43.7,+45.8,+19.2,+19.6,+20.1,+20.8,+20.7,+20.7,+20.8
2023-11-28 11:24,1,+39.2,+36.5,+23.3,+27.4,+43.7,+45.8,+19.3,+19.6,+20.1,+20.8,+20.7,+20.7,+20.8
2023-11-28 12:24,1,+39.1,+36.3,+23.3,+27.5,+43.7,+45.8,+19.5,+19.6,+20.1,+20.8,+20.7,+20.7,+20.8
2023-11-28 13:24,1,+39.2,+36.2,+23.3,+27.5,+43.7,+45.8,+19.6,+19.6,+20.1,+20.8,+20.7,+20.7,+20.8
2023-11-28 14:24,1,+39.1,+36.2,+23.3,+27.4,+43.7,+45.8,+19.7,+19.6,+20.0,+20.8,+20.7,+20.7,+20.8
2023-11-28 15:24,1,+42.2,+36.4,+23.3,+27.4,+43.7,+45.8,+19.7,+19.7,+20.0,+20.8,+20.7,+20.7,+20.8
2023-11-28 16:24,1,+41.8,+37.2,+23.3,+27.5,+43.8,+45.8,+19.7,+19.7,+20.0,+20.8,+20.7,+20.7,+20.8
2023-11-28 17:24,1,+41.2,+37.4,+23.3,+27.5,+43.7,+45.8,+19.6,+19.7,+20.0,+20.8,+20.7,+20.7,+20.8
2023-11-28 18:24,1,+40.9,+37.3,+23.4,+27.4,+43.7,+45.8,+19.5,+19.7,+20.0,+20.8,+20.7,+20.7,+20.8
2023-11-28 19:24,1,+40.8,+37.2,+23.5,+27.5,+43.7,+45.8,+19.5,+19.7,+20.0,+20.7,+20.7,+20.7,+20.8
2023-11-28 20:24,1,+42.0,+37.6,+23.5,+27.5,+43.7,+45.8,+19.5,+19.7,+20.0,+20.7,+20.6,+20.7,+20.8
2023-11-28 21:24,1,+41.7,+37.8,+23.7,+27.5,+43.7,+45.8,+19.3,+19.7,+20.0,+20.7,+20.6,+20.7,+20.8
2023-11-28 22:24,1,+41.3,+37.6,+23.9,+27.6,+43.8,+45.8,+19.3,+19.7,+20.0,+20.7,+20.6,+20.7,+20.8
2023-11-28 23:24,1,+41.1,+37.5,+24.0,+27.6,+43.7,+45.8,+19.2,+19.7,+20.0,+20.7,+20.6,+20.7,+20.8
2023-11-29 00:24,1,+40.8,+37.4,+24.0,+27.7,+43.8,+45.8,+19.2,+19.7,+20.0,+20.7,+20.6,+20.7,+20.8
2023-11-29 01:24,1,+40.6,+37.2,+23.9,+27.7,+43.8,+45.8,+19.1,+19.6,+20.0,+20.7,+20.6,+20.7,+20.8
2023-11-29 02:24,1,+40.5,+37.2,+23.8,+27.6,+43.8,+45.8,+19.1,+19.6,+20.0,+20.7,+20.6,+20.7,+20.8
2023-11-29 03:24,1,+40.4,+37.1,+23.8,+27.7,+43.8,+45.8,+19.1,+19.5,+20.0,+20.7,+20.6,+20.7,+20.8
2023-11-29 04:24,1,+40.3,+37.0,+23.7,+27.8,+43.8,+45.8,+19.0,+19.6,+20.0,+20.7,+20.6,+20.7,+20.8
2023-11-29 05:24,1,+40.2,+36.9,+23.7,+27.8,+43.8,+45.8,+19.0,+19.6,+20.0,+20.7,+20.6,+20.7,+20.8
2023-11-29 06:24,1,+40.1,+36.8,+23.7,+27.7,+43.8,+45.8,+18.8,+19.5,+20.0,+20.7,+20.6,+20.6,+20.8
2023-11-29 07:24,1,+40.0,+36.8,+23.6,+27.6,+43.8,+45.8,+18.8,+19.5,+20.0,+20.7,+20.6,+20.7,+20.8
2023-11-29 08:24,1,+39.9,+36.7,+23.6,+27.6,+43.8,+45.8,+19.0,+19.5,+20.0,+20.7,+20.6,+20.7,+20.8
2023-11-29 09:24,1,+39.7,+36.7,+23.6,+27.7,+43.9,+45.9,+19.0,+19.5,+19.8,+20.7,+20.6,+20.6,+20.8
2023-11-29 10:24,1,+39.5,+36.6,+23.5,+27.6,+43.8,+45.9,+19.0,+19.3,+19.8,+20.7,+20.6,+20.7,+20.8
2023-11-29 11:24,1,+39.4,+36.6,+23.5,+27.6,+43.8,+45.9,+19.1,+19.5,+19.8,+20.7,+20.6,+20.6,+20.8
2023-11-29 12:24,1,+39.3,+36.5,+23.5,+27.7,+43.9,+45.9,+19.3,+19.5,+19.8,+20.7,+20.6,+20.6,+20.8
2023-11-29 13:24,1,+39.6,+36.5,+23.5,+27.6,+43.8,+45.9,+19.2,+19.5,+19.8,+20.7,+20.6,+20.6,+20.8
2023-11-29 14:24,1,+39.5,+36.5,+23.4,+27.6,+43.8,+45.9,+19.3,+19.5,+19.8,+20.7,+20.6,+20.7,+20.8
2023-11-29 15:24,1,+39.3,+36.4,+23.4,+27.7,+43.9,+45.9,+19.3,+19.5,+19.8,+20.7,+20.6,+20.6,+20.8
2023-11-29 16:24,1,+39.3,+36.4,+23.4,+27.5,+43.8,+45.9,+19.3,+19.5,+19.8,+20.7,+20.6,+20.6,+20.8
2023-11-29 17:24,1,+39.0,+36.4,+23.4,+27.7,+43.9,+45.9,+19.3,+19.5,+19.8,+20.7,+20.6,+20.6,+20.8
2023-11-29 18:24,1,+39.3,+36.4,+23.4,+27.5,+43.8,+45.9,+19.3,+19.6,+19.8,+20.6,+20.6,+20.6,+20.8
2023-11-29 19:24,1,+38.9,+36.3,+23.4,+27.5,+43.8,+45.9,+19.3,+19.5,+19.8,+20.6,+20.6,+20.6,+20.8
2023-11-29 20:24,1,+38.8,+36.3,+23.3,+27.6,+43.9,+45.9,+19.2,+19.5,+19.8,+20.6,+20.6,+20.7,+20.8
2023-11-29 21:24,1,+38.8,+36.3,+23.3,+27.5,+43.8,+45.9,+19.3,+19.5,+19.8,+20.6,+20.6,+20.6,+20.8
2023-11-29 22:24,1,+39.2,+36.3,+23.4,+27.6,+43.9,+45.9,+19.2,+19.6,+19.8,+20.6,+20.6,+20.6,+20.8
2023-11-29 23:24,1,+39.4,+36.3,+23.4,+27.5,+43.8,+45.9,+19.2,+19.6,+19.8,+20.6,+20.5,+20.6,+20.8
2023-11-30 00:24,1,+39.6,+36.3,+23.3,+27.5,+43.8,+45.9,+19.2,+19.6,+19.7,+20.6,+20.5,+20.6,+20.8
2023-11-30 01:24,1,+39.6,+36.3,+23.3,+27.6,+43.9,+45.9,+19.2,+19.5,+19.8,+20.6,+20.6,+20.6,+20.8
2023-11-30 02:24,1,+39.6,+36.3,+23.3,+27.6,+43.8,+45.9,+19.2,+19.5,+19.8,+20.6,+20.6,+20.6,+20.8
2023-11-30 03:24,1,+39.6,+36.3,+23.3,+27.5,+43.8,+45.9,+19.2,+19.5,+19.8,+20.6,+20.6,+20.6,+20.8
2023-11-30 04:24,1,+39.5,+36.3,+23.3,+27.5,+43.8,+45.9,+19.2,+19.5,+19.8,+20.6,+20.6,+20.6,+20.7
2023-11-30 05:24,1,+39.4,+36.3,+23.3,+27.6,+43.8,+45.9,+19.2,+19.5,+19.8,+20.6,+20.6,+20.6,+20.7
2023-11-30 06:24,1,+39.6,+36.3,+23.3,+27.5,+43.8,+45.9,+19.2,+19.5,+19.8,+20.6,+20.6,+20.6,+20.8
2023-11-30 07:24,1,+39.7,+36.3,+23.3,+27.6,+43.8,+45.9,+19.2,+19.5,+19.8,+20.6,+20.5,+20.6,+20.8
2023-11-30 08:24,1,+34.3,+36.2,+23.3,+27.5,+43.8,+45.9,+19.2,+19.5,+19.8,+20.6,+20.5,+20.6,+20.8
2023-11-30 09:24,1,+34.3,+36.3,+23.3,+27.6,+43.8,+45.9,+19.3,+19.5,+19.8,+20.6,+20.5,+20.6,+20.7
2023-11-30 10:24,1,+34.3,+36.3,+23.3,+27.5,+43.8,+45.8,+19.5,+19.5,+19.7,+20.6,+20.5,+20.6,+20.8
2023-11-30 11:24,1,+34.3,+36.3,+23.3,+27.6,+43.8,+45.9,+19.6,+19.5,+19.8,+20.6,+20.5,+20.6,+20.8
2023-11-30 12:24,1,+34.1,+36.3,+23.3,+27.5,+43.8,+45.8,+19.7,+19.5,+19.8,+20.6,+20.5,+20.6,+20.8
2023-11-30 13:24,1,+34.5,+36.3,+23.3,+27.6,+43.8,+45.9,+19.8,+19.6,+19.8,+20.6,+20.5,+20.6,+20.8
2023-11-30 14:24,1,+34.7,+36.3,+23.3,+27.6,+43.8,+45.9,+20.0,+19.6,+19.8,+20.6,+20.5,+20.6,+20.8
2023-11-30 15:24,1,+34.6,+36.3,+23.4,+27.5,+43.8,+45.8,+20.0,+19.7,+19.8,+20.6,+20.5,+20.6,+20.8
2023-11-30 16:24,1,+34.6,+36.3,+23.3,+27.5,+43.8,+45.9,+20.0,+19.7,+19.8,+20.5,+20.5,+20.6,+20.8
2023-11-30 17:24,1,+34.5,+36.3,+23.3,+27.5,+43.8,+45.9,+19.8,+19.7,+19.8,+20.6,+20.6,+20.6,+20.7
2023-11-30 18:24,1,+34.4,+36.3,+23.3,+27.4,+43.8,+45.8,+19.8,+19.8,+19.8,+20.6,+20.5,+20.6,+20.8
2023-11-30 19:24,1,+34.3,+36.3,+23.3,+27.5,+43.8,+45.9,+19.7,+19.8,+19.8,+20.6,+20.5,+20.6,+20.7
2023-11-30 20:24,1,+34.2,+36.3,+23.3,+27.4,+43.7,+45.8,+19.7,+19.8,+19.8,+20.6,+20.5,+20.6,+20.8
2023-11-30 21:24,1,+34.2,+36.3,+23.3,+27.5,+43.8,+45.8,+19.6,+19.7,+20.0,+20.6,+20.5,+20.6,+20.7
2023-11-30 22:24,1,+34.1,+36.3,+23.4,+27.5,+43.8,+45.9,+19.5,+19.7,+19.8,+20.6,+20.5,+20.6,+20.7
2023-11-30 23:24,1,+34.1,+36.3,+23.3,+27.5,+43.8,+45.8,+19.5,+19.7,+19.8,+20.6,+20.5,+20.5,+20.7
2023-12-01 00:24,1,+33.9,+36.3,+23.4,+27.5,+43.8,+45.8,+19.3,+19.7,+20.0,+20.6,+20.5,+20.6,+20.7
2023-12-01 01:24,1,+33.9,+36.3,+23.4,+27.5,+43.8,+45.9,+19.3,+19.7,+20.0,+20.6,+20.5,+20.6,+20.7
2023-12-01 02:24,1,+33.9,+36.3,+23.4,+27.5,+43.8,+45.8,+19.2,+19.7,+19.8,+20.5,+20.5,+20.6,+20.7
2023-12-01 03:24,1,+33.9,+36.2,+23.4,+27.4,+43.7,+45.8,+19.2,+19.6,+19.8,+20.6,+20.5,+20.6,+20.7
2023-12-01 04:24,1,+33.9,+36.2,+23.3,+27.4,+43.7,+45.8,+19.2,+19.6,+20.0,+20.6,+20.5,+20.6,+20.7
2023-12-01 05:24,1,+33.9,+36.2,+23.3,+27.5,+43.8,+45.8,+19.1,+19.6,+20.0,+20.6,+20.5,+20.6,+20.7
2023-12-01 06:24,1,+33.7,+36.2,+23.3,+27.4,+43.7,+45.8,+19.1,+19.6,+19.8,+20.6,+20.5,+20.6,+20.7
2023-12-01 07:24,1,+33.7,+36.1,+23.3,+27.5,+43.8,+45.8,+19.1,+19.5,+19.8,+20.6,+20.5,+20.6,+20.7
2023-12-01 08:24,1,+33.6,+36.1,+23.3,+27.4,+43.7,+45.8,+19.1,+19.5,+19.8,+20.6,+20.5,+20.6,+20.7
2023-12-01 09:24,1,+33.5,+36.1,+23.3,+27.4,+43.7,+45.8,+19.1,+19.5,+19.8,+20.6,+20.5,+20.6,+20.7
2023-12-01 10:24,1,+33.9,+36.1,+23.3,+27.5,+43.8,+45.8,+19.1,+19.5,+19.8,+20.6,+20.5,+20.6,+20.7
2023-12-01 11:24,1,+33.4,+36.1,+23.3,+27.4,+43.7,+45.8,+19.1,+19.5,+19.8,+20.6,+20.5,+20.6,+20.7