
2023-10-31 08:24,2,+39.1,+25.3,+14.8,+48.2,+38.9,+35.9,+19.0,+18.8,+19.5,+20.0,+19.8,+20.0,+20.1
2023-10-31 09:24,2,+39.1,+25.3,+14.8,+48.2,+38.9,+35.9,+19.1,+18.8,+19.5,+20.0,+20.0,+20.1,+20.1
2023-10-31 10:24,2,+39.1,+25.2,+14.8,+48.3,+38.9,+35.9,+19.2,+19.0,+19.5,+20.0,+20.0,+20.1,+20.1
2023-10-31 11:24,2,+39.1,+25.2,+14.8,+48.2,+38.8,+35.9,+19.3,+19.0,+19.5,+20.0,+20.0,+20.0,+20.1
2023-10-31 12:24,2,+39.1,+25.2,+14.8,+48.3,+38.9,+35.9,+19.5,+19.0,+19.5,+20.0,+20.0,+20.0,+20.1
2023-10-31 13:24,2,+39.1,+25.2,+14.8,+48.2,+38.8,+35.9,+19.7,+19.0,+19.5,+20.0,+20.0,+20.1,+20.1
2023-10-31 14:24,2,+39.1,+25.2,+14.8,+48.3,+38.9,+35.9,+20.0,+19.1,+19.5,+20.0,+19.8,+20.1,+20.1
2023-10-31 15:24,2,+39.2,+25.2,+14.8,+48.3,+38.8,+35.9,+20.1,+19.2,+19.5,+20.0,+20.0,+20.0,+20.1
2023-10-31 16:24,2,+39.2,+25.2,+14.8,+48.2,+38.8,+35.8,+20.1,+19.3,+19.5,+20.0,+19.8,+20.1,+20.1
2023-10-31 17:24,2,+39.2,+25.2,+14.8,+48.2,+38.8,+35.8,+20.1,+19.5,+19.6,+20.0,+20.0,+20.0,+20.1
2023-10-31 18:24,2,+39.2,+25.2,+14.8,+48.2,+38.8,+35.8,+20.1,+19.5,+19.6,+20.0,+19.8,+20.1,+20.1
2023-10-31 19:24,2,+39.7,+25.2,+14.8,+48.2,+38.8,+35.8,+20.0,+19.5,+19.6,+20.0,+20.0,+20.0,+20.1
2023-10-31 20:24,2,+39.9,+25.2,+14.8,+48.2,+38.8,+35.8,+19.8,+19.6,+19.7,+20.0,+19.8,+20.1,+20.1
2023-10-31 21:24,2,+40.3,+25.3,+14.8,+48.3,+38.8,+35.8,+19.8,+19.5,+19.6,+20.0,+19.8,+20.0,+20.1
2023-10-31 22:24,2,+40.5,+25.3,+14.8,+48.3,+38.8,+35.8,+19.7,+19.5,+19.7,+20.0,+20.0,+20.0,+20.0
2023-10-31 23:24,2,+40.5,+25.4,+14.8,+48.3,+38.8,+35.7,+19.6,+19.5,+19.7,+20.0,+19.8,+20.0,+20.0
2023-11-01 00:24,2,+40.5,+25.5,+14.9,+48.3,+38.8,+35.7,+19.5,+19.5,+19.7,+20.0,+19.8,+20.1,+20.0
2023-11-01 01:24,2,+40.3,+25.6,+14.9,+48.3,+38.8,+35.8,+19.3,+19.3,+19.7,+20.0,+19.8,+20.1,+20.1
2023-11-01 02:24,2,+40.3,+25.7,+14.9,+48.2,+38.7,+35.7,+19.3,+19.2,+19.7,+20.1,+20.0,+20.0,+20.1
2023-11-01 03:24,2,+40.1,+25.7,+14.9,+48.2,+38.7,+35.7,+19.2,+19.2,+19.7,+20.0,+20.0,+20.0,+20.1
2023-11-01 04:24,2,+40.0,+25.7,+14.9,+48.2,+38.7,+35.7,+19.2,+19.2,+19.6,+20.0,+20.0,+20.0,+20.0
2023-11-01 05:24,2,+39.9,+25.6,+14.9,+48.3,+38.8,+35.7,+19.1,+19.2,+19.7,+20.0,+19.8,+20.1,+20.1
2023-11-01 06:24,2,+39.8,+25.6,+14.9,+48.4,+38.8,+35.8,+19.1,+19.1,+19.6,+20.0,+20.0,+20.0,+20.1
2023-11-01 07:24,2,+39.7,+25.6,+14.9,+48.2,+38.8,+35.7,+19.0,+19.0,+19.6,+20.0,+19.8,+20.0,+20.1
2023-11-01 08:24,2,+39.7,+25.6,+14.9,+48.4,+38.8,+35.8,+19.0,+19.0,+19.6,+20.0,+20.0,+20.0,+20.1
2023-11-01 09:24,2,+39.6,+25.5,+14.9,+48.2,+38.8,+35.8,+19.1,+19.0,+19.6,+20.0,+20.0,+20.0,+20.1
2023-11-01 10:24,2,+39.6,+25.5,+14.9,+48.4,+38.9,+35.8,+19.3,+19.0,+19.5,+20.0,+19.8,+20.1,+20.1
2023-11-01 11:24,2,+39.6,+25.5,+14.9,+48.4,+39.0,+35.9,+19.3,+19.0,+19.5,+20.0,+19.8,+20.0,+20.1
2023-11-01 12:24,2,+39.6,+25.5,+14.9,+48.2,+38.9,+35.8,+19.6,+19.1,+19.5,+20.0,+20.0,+20.0,+20.0
2023-11-01 13:24,2,+39.6,+25.4,+14.9,+48.3,+39.0,+35.9,+19.7,+19.1,+19.6,+20.0,+20.0,+20.0,+20.0
2023-11-01 14:24,2,+39.8,+25.4,+14.9,+48.2,+38.9,+35.8,+19.8,+19.2,+19.6,+20.0,+20.0,+20.1,+20.0
2023-11-01 15:24,2,+40.0,+25.5,+14.9,+48.3,+39.0,+35.9,+19.8,+19.2,+19.5,+20.0,+20.0,+20.0,+20.0
2023-11-01 16:24,2,+40.2,+25.5,+14.9,+48.3,+39.0,+35.9,+19.8,+19.3,+19.5,+20.0,+20.0,+20.0,+20.1
2023-11-01 17:24,2,+40.2,+25.5,+14.9,+48.3,+39.0,+35.9,+19.8,+19.2,+19.6,+20.0,+19.8,+20.0,+20.1
2023-11-01 18:24,2,+40.2,+25.6,+14.9,+48.2,+39.0,+35.9,+19.8,+19.3,+19.6,+20.0,+20.0,+20.0,+20.0
2023-11-01 19:24,2,+40.2,+25.6,+14.9,+48.2,+38.9,+35.9,+19.8,+19.5,+19.6,+20.0,+19.8,+20.0,+20.1
2023-11-01 20:24,2,+40.6,+26.3,+15.0,+48.2,+38.9,+35.9,+19.7,+19.5,+19.6,+20.0,+19.8,+20.0,+20.1
2023-11-01 21:24,2,+40.7,+26.4,+15.2,+48.4,+39.2,+35.9,+19.6,+19.3,+19.6,+20.0,+19.8,+20.0,+20.1
2023-11-01 22:24,2,+40.6,+26.3,+15.2,+48.4,+39.5,+36.6,+19.6,+19.3,+19.6,+20.0,+19.8,+20.0,+20.1
2023-11-01 23:24,2,+40.5,+26.2,+15.2,+48.4,+39.6,+36.9,+19.6,+19.3,+19.6,+20.0,+19.8,+20.0,+20.0
2023-11-02 00:24,2,+40.4,+26.0,+15.2,+48.5,+39.6,+36.9,+19.5,+19.2,+19.6,+20.0,+20.0,+20.0,+20.0
2023-11-02 01:24,2,+40.3,+25.9,+15.1,+48.5,+39.6,+36.9,+19.5,+19.2,+19.7,+20.0,+19.8,+20.0,+20.0
2023-11-02 02:24,2,+40.0,+25.8,+15.1,+48.4,+39.5,+36.8,+19.5,+19.2,+19.7,+20.0,+19.8,+20.0,+20.0
2023-11-02 03:24,2,+39.9,+25.8,+15.0,+48.4,+39.5,+36.8,+19.3,+19.2,+19.6,+20.0,+19.8,+20.0,+20.0
2023-11-02 04:24,2,+39.9,+25.7,+15.0,+48.4,+39.4,+36.7,+19.3,+19.2,+19.6,+20.1,+19.8,+20.0,+20.1
2023-11-02 05:24,2,+39.8,+25.7,+15.0,+48.4,+39.4,+36.7,+19.3,+19.2,+19.6,+20.0,+19.8,+20.0,+20.0
2023-11-02 06:24,2,+39.8,+25.6,+15.0,+48.3,+39.3,+36.6,+19.3,+19.2,+19.6,+20.0,+19.8,+20.0,+20.1
2023-11-02 07:24,2,+39.7,+25.6,+15.0,+48.4,+39.3,+36.6,+19.3,+19.1,+19.6,+20.0,+19.8,+20.0,+20.0
2023-11-02 08:24,2,+39.7,+25.6,+15.0,+48.4,+39.3,+36.6,+19.3,+19.1,+19.6,+20.0,+19.8,+20.0,+20.0
2023-11-02 09:24,2,+39.7,+25.6,+15.0,+48.3,+39.3,+36.5,+19.3,+19.1,+19.6,+20.0,+19.8,+20.0,+20.1
2023-11-02 10:24,2,+39.6,+25.5,+15.0,+48.4,+39.3,+36.5,+19.6,+19.1,+19.6,+20.0,+19.8,+20.0,+20.0
2023-11-02 11:24,2,+39.6,+25.5,+15.0,+48.4,+39.2,+36.4,+19.7,+19.1,+19.6,+20.0,+19.8,+20.0,+20.0
2023-11-02 12:24,2,+39.6,+25.5,+14.9,+48.3,+39.2,+36.4,+19.8,+19.2,+19.5,+20.0,+19.8,+20.0,+20.0
2023-11-02 13:24,2,+39.6,+25.5,+15.0,+48.3,+39.2,+36.2,+20.0,+19.2,+19.5,+20.0,+19.8,+20.0,+20.1
2023-11-02 14:24,2,+39.6,+25.5,+14.9,+48.3,+39.1,+36.2,+20.2,+19.3,+19.6,+20.0,+19.8,+20.0,+20.0
2023-11-02 15:24,2,+39.6,+25.5,+14.9,+48.4,+39.2,+36.2,+20.5,+19.5,+19.6,+20.0,+19.8,+20.0,+20.0
2023-11-02 16:24,2,+39.6,+25.5,+14.9,+48.4,+39.1,+36.2,+20.6,+19.6,+19.6,+20.0,+19.8,+20.0,+20.0
2023-11-02 17:24,2,+39.6,+25.5,+14.9,+48.4,+39.1,+36.2,+20.6,+19.7,+19.7,+20.0,+19.8,+20.0,+20.1
2023-11-02 18:24,2,+39.5,+25.4,+14.9,+48.4,+39.1,+36.2,+20.5,+19.7,+19.7,+20.0,+19.8,+20.0,+20.1
2023-11-02 19:24,2,+39.5,+25.4,+14.9,+48.4,+39.1,+36.2,+20.5,+19.8,+19.7,+20.0,+19.8,+20.0,+20.0
2023-11-02 20:24,2,+39.5,+25.4,+14.9,+48.3,+39.0,+36.1,+20.3,+19.8,+19.7,+20.0,+20.0,+20.0,+20.0
2023-11-02 21:24,2,+39.5,+25.4,+14.9,+48.3,+39.0,+36.1,+20.3,+19.8,+19.8,+20.0,+20.0,+20.0,+20.0
2023-11-02 22:24,2,+39.4,+25.4,+14.9,+48.4,+39.0,+36.1,+20.2,+19.8,+19.8,+20.0,+19.8,+20.0,+20.0
2023-11-02 23:24,2,+39.4,+25.4,+14.9,+48.4,+39.0,+36.1,+20.2,+19.8,+19.8,+20.0,+19.8,+20.0,+20.0
2023-11-03 00:24,2,+39.4,+25.4,+14.9,+48.2,+39.0,+36.0,+20.0,+19.7,+19.8,+20.1,+19.8,+20.0,+20.0
2023-11-03 01:24,2,+39.4,+25.4,+14.9,+48.2,+39.0,+36.0,+19.8,+19.6,+19.8,+20.1,+19.8,+20.0,+20.0
2023-11-03 02:24,2,+39.4,+25.4,+14.9,+48.4,+39.0,+36.0,+19.8,+19.7,+19.8,+20.1,+19.8,+20.0,+20.0
2023-11-03 03:24,2,+39.4,+25.4,+14.9,+48.2,+38.9,+36.0,+19.7,+19.6,+19.8,+20.1,+20.0,+20.0,+20.1
2023-11-03 04:24,2,+39.3,+25.4,+14.9,+48.2,+38.9,+36.0,+19.7,+19.6,+19.8,+20.1,+19.8,+20.0,+20.0
2023-11-03 05:24,2,+39.3,+25.3,+14.9,+48.3,+38.9,+36.0,+19.6,+19.5,+19.8,+20.1,+19.8,+20.0,+20.0
2023-11-03 06:24,2,+39.5,+25.3,+14.9,+48.2,+38.9,+35.9,+19.6,+19.6,+19.8,+20.1,+19.8,+20.0,+20.0
2023-11-03 07:24,2,+39.6,+25.3,+14.9,+48.2,+38.9,+35.9,+19.6,+19.5,+19.8,+20.1,+19.8,+20.0,+20.0
2023-11-03 08:24,2,+39.9,+25.3,+14.9,+48.3,+38.9,+35.9,+19.5,+19.3,+19.8,+20.1,+19.8,+20.0,+20.0
2023-11-03 09:24,2,+40.1,+25.3,+14.9,+48.2,+38.8,+35.9,+19.5,+19.3,+19.8,+20.1,+20.0,+20.0,+20.0
2023-11-03 10:24,2,+40.4,+25.4,+14.9,+48.3,+38.9,+35.9,+19.6,+19.3,+19.7,+20.1,+19.8,+20.0,+20.0
2023-11-03 11:24,2,+40.5,+25.5,+14.9,+48.2,+38.8,+35.9,+19.7,+19.3,+19.7,+20.1,+20.0,+20.0,+20.0
2023-11-03 12:24,2,+40.9,+25.7,+14.9,+48.3,+38.8,+35.9,+19.8,+19.3,+19.7,+20.1,+20.0,+20.0,+20.0
2023-11-03 13:24,2,+40.9,+26.0,+15.0,+48.2,+38.8,+35.9,+19.8,+19.3,+19.7,+20.1,+20.0,+20.0,+20.0
2023-11-03 14:24,2,+40.9,+26.2,+15.1,+48.4,+38.9,+35.9,+20.0,+19.5,+19.7,+20.1,+20.0,+20.0,+20.0
2023-11-03 15:24,2,+40.8,+26.2,+15.1,+48.4,+38.9,+35.9,+20.0,+19.5,+19.7,+20.1,+20.0,+20.1,+20.1
2023-11-03 16:24,2,+40.6,+26.1,+15.2,+48.4,+38.9,+35.9,+20.1,+19.5,+19.7,+20.1,+19.8,+20.0,+20.0
2023-11-03 17:24,2,+40.5,+26.0,+15.2,+48.3,+39.0,+35.9,+20.1,+19.6,+19.7,+20.1,+20.0,+20.0,+20.1
2023-11-03 18:24,2,+40.4,+26.0,+15.2,+48.3,+39.1,+36.0,+20.1,+19.6,+19.7,+20.1,+20.0,+20.1,+20.0
2023-11-03 19:24,2,+40.4,+25.9,+15.1,+48.5,+39.3,+36.1,+20.0,+19.6,+19.7,+20.0,+20.0,+20.1,+20.0
2023-11-03 20:24,2,+40.1,+25.8,+15.1,+48.4,+39.3,+36.2,+20.0,+19.6,+19.8,+20.1,+19.8,+20.0,+20.1
2023-11-03 21:24,2,+40.0,+25.8,+15.1,+48.5,+39.4,+36.5,+20.0,+19.6,+19.7,+20.0,+20.0,+20.0,+20.0
2023-11-03 22:24,2,+40.0,+25.7,+15.1,+48.3,+39.3,+36.5,+19.8,+19.6,+19.8,+20.1,+20.0,+20.1,+20.1
2023-11-03 23:24,2,+40.0,+25.7,+15.1,+48.5,+39.4,+36.5,+19.8,+19.6,+19.8,+20.1,+20.0,+20.0,+20.0
2023-11-04 00:24,2,+40.0,+25.7,+15.1,+48.3,+39.3,+36.4,+19.7,+19.6,+19.8,+20.1,+19.8,+20.0,+20.0
2023-11-04 01:24,2,+40.1,+25.7,+15.0,+48.3,+39.3,+36.4,+19.7,+19.5,+19.8,+20.1,+20.0,+20.0,+20.0
2023-11-04 02:24,2,+40.2,+25.7,+15.0,+48.4,+39.3,+36.4,+19.6,+19.5,+19.8,+20.1,+20.0,+20.0,+20.0
2023-11-04 03:24,2,+40.7,+26.6,+15.3,+48.4,+39.3,+36.4,+19.6,+19.5,+19.8,+20.1,+20.0,+20.0,+20.0
2023-11-04 04:24,2,+41.0,+27.7,+15.8,+48.6,+40.0,+37.5,+19.5,+19.5,+19.7,+20.1,+20.0,+20.0,+20.1
2023-11-04 05:24,2,+41.0,+27.4,+15.8,+48.6,+40.1,+37.6,+19.3,+19.3,+19.7,+20.1,+19.8,+20.1,+20.0
2023-11-04 06:24,2,+40.9,+26.7,+15.5,+48.5,+40.0,+37.6,+19.2,+19.2,+19.7,+20.1,+19.8,+20.0,+20.0
2023-11-04 07:24,2,+40.9,+26.5,+15.4,+48.6,+40.0,+37.6,+19.2,+19.2,+19.7,+20.1,+20.0,+20.0,+20.0
2023-11-04 08:24,2,+40.8,+26.3,+15.3,+48.6,+40.0,+37.5,+19.3,+19.2,+19.6,+20.1,+19.8,+20.0,+20.0
2023-11-04 09:24,2,+40.6,+26.2,+15.2,+48.5,+40.0,+37.5,+19.3,+19.1,+19.6,+20.1,+20.0,+20.0,+20.0
2023-11-04 10:24,2,+40.5,+26.0,+15.2,+48.4,+39.9,+37.3,+19.6,+19.1,+19.6,+20.1,+20.0,+20.0,+20.0
2023-11-04 11:24,2,+40.3,+25.9,+15.2,+48.6,+39.9,+37.3,+19.8,+19.1,+19.6,+20.0,+19.8,+20.0,+20.0
2023-11-04 12:24,2,+40.1,+25.8,+15.2,+48.5,+39.9,+37.3,+20.1,+19.2,+19.6,+20.0,+19.8,+20.0,+20.0
2023-11-04 13:24,2,+40.0,+25.8,+15.1,+48.4,+39.8,+37.2,+20.2,+19.3,+19.6,+20.0,+19.8,+20.0,+20.0
2023-11-04 14:24,2,+40.0,+25.8,+15.1,+48.5,+39.8,+37.2,+20.2,+19.5,+19.6,+20.1,+20.0,+20.0,+20.0
2023-11-04 15:24,2,+40.1,+25.7,+15.1,+48.4,+39.5,+36.6,+20.2,+19.5,+19.6,+20.0,+19.8,+20.0,+20.0
2023-11-04 16:24,2,+40.2,+25.7,+15.1,+48.4,+39.4,+36.5,+20.2,+19.6,+19.6,+20.0,+19.8,+20.0,+20.0
2023-11-04 17:24,2,+40.2,+25.7,+15.1,+48.3,+39.3,+36.5,+20.2,+19.6,+19.7,+20.0,+19.8,+20.0,+20.0
2023-11-04 18:24,2,+40.2,+25.7,+15.1,+48.4,+39.3,+36.5,+20.2,+19.6,+19.7,+20.0,+19.8,+20.0,+20.0
2023-11-04 19:24,2,+40.1,+25.7,+15.1,+48.4,+39.2,+36.3,+20.1,+19.6,+19.7,+20.0,+19.8,+20.0,+20.0
2023-11-04 20:24,2,+40.0,+25.7,+15.1,+48.5,+39.2,+36.3,+20.0,+19.6,+19.7,+20.0,+19.8,+20.0,+20.0
2023-11-04 21:24,2,+40.0,+25.7,+15.1,+48.3,+39.2,+36.2,+20.0,+19.6,+19.7,+20.0,+19.8,+20.0,+20.0
2023-11-04 22:24,2,+39.9,+25.7,+15.1,+48.5,+39.2,+36.2,+20.0,+19.6,+19.7,+20.0,+19.8,+20.0,+20.0
2023-11-04 23:24,2,+39.9,+25.7,+15.1,+48.3,+39.2,+36.2,+20.0,+19.6,+19.7,+20.0,+19.8,+20.0,+20.0
2023-11-05 00:24,2,+39.9,+25.6,+15.1,+48.4,+39.2,+36.2,+19.8,+19.6,+19.7,+20.0,+19.8,+20.0,+20.0
2023-11-05 01:24,2,+39.8,+25.6,+15.1,+48.4,+39.2,+36.2,+19.8,+19.6,+19.8,+20.1,+19.8,+20.0,+20.0
2023-11-05 02:24,2,+39.8,+25.6,+15.0,+48.3,+39.1,+36.2,+19.7,+19.5,+19.8,+20.1,+20.0,+20.0,+20.0
2023-11-05 03:24,2,+39.7,+25.6,+15.0,+48.3,+39.1,+36.1,+19.6,+19.5,+19.7,+20.0,+19.8,+20.0,+20.0
2023-11-05 04:24,2,+39.7,+25.6,+15.1,+48.3,+39.1,+36.1,+19.6,+19.5,+19.7,+20.0,+19.8,+20.0,+20.0
2023-11-05 05:24,2,+39.7,+25.5,+15.0,+48.3,+39.1,+36.1,+19.6,+19.3,+19.7,+20.1,+19.8,+20.0,+20.0
2023-11-05 06:24,2,+39.6,+25.5,+15.0,+48.4,+39.1,+36.1,+19.5,+19.3,+19.7,+20.0,+19.8,+20.0,+20.0
2023-11-05 07:24,2,+39.6,+25.5,+15.0,+48.4,+39.1,+36.1,+19.6,+19.3,+19.7,+20.1,+19.8,+20.0,+20.0
2023-11-05 08:24,2,+39.6,+25.5,+15.0,+48.4,+39.1,+36.1,+19.6,+19.3,+19.7,+20.0,+19.8,+20.0,+20.0
2023-11-05 09:24,2,+39.6,+25.5,+15.0,+48.3,+39.0,+36.0,+19.6,+19.2,+19.7,+20.1,+19.8,+20.0,+20.0
2023-11-05 10:24,2,+39.6,+25.5,+15.0,+48.3,+39.0,+36.1,+19.7,+19.2,+19.7,+20.1,+20.0,+20.0,+20.0
2023-11-05 11:24,2,+39.6,+25.5,+15.0,+48.3,+39.0,+36.0,+20.0,+19.3,+19.7,+20.1,+19.8,+20.0,+20.0
2023-11-05 12:24,2,+39.7,+25.5,+15.0,+48.4,+39.0,+36.0,+20.1,+19.5,+19.7,+20.0,+19.8,+20.0,+20.0
2023-11-05 13:24,2,+40.1,+25.5,+15.0,+48.4,+39.0,+36.0,+20.2,+19.5,+19.7,+20.1,+19.8,+20.0,+20.0
2023-11-05 14:24,2,+40.7,+25.6,+15.0,+48.4,+39.0,+36.0,+20.2,+19.5,+19.7,+20.0,+19.8,+20.0,+20.0
2023-11-05 15:24,2,+41.0,+26.0,+15.0,+48.3,+39.0,+35.9,+20.2,+19.6,+19.8,+20.0,+19.8,+20.0,+20.0
2023-11-05 16:24,2,+41.0,+26.2,+15.1,+48.3,+39.0,+35.9,+20.3,+19.7,+19.7,+20.1,+19.8,+20.0,+20.0
2023-11-05 17:24,2,+41.1,+26.2,+15.1,+48.4,+39.0,+35.9,+20.3,+19.7,+19.7,+20.1,+19.8,+20.0,+20.0
2023-11-05 18:24,2,+41.5,+26.8,+15.2,+48.4,+39.0,+35.9,+20.2,+19.7,+19.8,+20.1,+19.8,+20.0,+20.0
2023-11-05 19:24,2,+41.5,+27.0,+15.3,+48.4,+39.0,+36.0,+20.2,+19.7,+19.8,+20.1,+19.8,+20.0,+20.0
2023-11-05 20:24,2,+41.7,+27.2,+15.3,+48.4,+39.0,+35.9,+20.1,+19.7,+19.8,+20.1,+20.0,+20.0,+20.0
2023-11-05 21:24,2,+41.7,+27.2,+15.4,+48.4,+39.1,+36.0,+20.0,+19.7,+19.8,+20.1,+19.8,+20.0,+20.0
2023-11-05 22:24,2,+41.5,+27.1,+15.4,+48.5,+39.4,+36.2,+19.8,+19.7,+19.8,+20.1,+19.8,+20.0,+20.0
2023-11-05 23:24,2,+41.0,+26.6,+15.4,+48.6,+39.5,+36.5,+19.8,+19.6,+19.8,+20.1,+20.0,+20.0,+20.0
2023-11-06 00:24,2,+40.7,+26.3,+15.3,+48.4,+39.6,+36.7,+19.7,+19.6,+19.8,+20.1,+20.0,+20.0,+20.0
2023-11-06 01:24,2,+40.5,+26.2,+15.3,+48.6,+39.6,+36.9,+19.7,+19.6,+19.8,+20.1,+19.8,+20.0,+20.0
2023-11-06 02:24,2,+40.2,+26.1,+15.3,+48.4,+39.6,+36.8,+19.6,+19.5,+19.8,+20.0,+19.8,+20.0,+20.0
2023-11-06 03:24,2,+40.1,+26.0,+15.2,+48.4,+39.6,+36.8,+19.6,+19.5,+19.8,+20.1,+20.0,+20.0,+20.0
2023-11-06 04:24,2,+40.0,+25.9,+15.2,+48.4,+39.5,+36.8,+19.5,+19.5,+19.8,+20.1,+20.0,+20.0,+20.0
2023-11-06 05:24,2,+40.0,+25.8,+15.2,+48.5,+39.5,+36.8,+19.5,+19.5,+19.8,+20.1,+19.8,+20.0,+20.0
2023-11-06 06:24,2,+39.9,+25.8,+15.2,+48.5,+39.5,+36.7,+19.5,+19.3,+19.7,+20.1,+19.8,+20.0,+20.0
2023-11-06 07:24,2,+39.9,+25.8,+15.2,+48.5,+39.5,+36.7,+19.3,+19.3,+19.7,+20.1,+20.0,+20.0,+20.0
2023-11-06 08:24,2,+39.8,+25.7,+15.2,+48.4,+39.4,+36.6,+19.3,+19.2,+19.7,+20.1,+19.8,+20.0,+20.0
2023-11-06 09:24,2,+39.8,+25.7,+15.1,+48.4,+39.4,+36.6,+19.5,+19.3,+19.7,+20.1,+19.8,+20.0,+20.0
2023-11-06 10:24,2,+39.8,+25.7,+15.1,+48.5,+39.4,+36.6,+19.7,+19.2,+19.7,+20.1,+20.0,+20.0,+20.0
2023-11-06 11:24,2,+39.7,+25.7,+15.1,+48.5,+39.4,+36.6,+19.8,+19.2,+19.7,+20.1,+20.0,+20.0,+20.0
2023-11-06 12:24,2,+39.8,+25.6,+15.1,+48.4,+39.3,+36.5,+19.8,+19.3,+19.7,+20.1,+19.8,+20.0,+20.0
2023-11-06 13:24,2,+39.8,+25.6,+15.1,+48.4,+39.2,+36.5,+20.1,+19.3,+19.7,+20.1,+19.8,+20.0,+20.0
2023-11-06 14:24,2,+39.8,+25.6,+15.1,+48.4,+39.2,+36.3,+20.3,+19.5,+19.7,+20.1,+19.8,+20.0,+20.0
2023-11-06 15:24,2,+40.0,+25.6,+15.1,+48.4,+39.2,+36.2,+20.5,+19.6,+19.7,+20.1,+20.0,+20.0,+20.0
2023-11-06 16:24,2,+40.5,+25.6,+15.1,+48.4,+39.2,+36.4,+20.6,+19.7,+19.7,+20.1,+20.0,+20.0,+20.0
2023-11-06 17:24,2,+40.9,+25.7,+15.1,+48.3,+39.1,+36.5,+20.6,+19.7,+19.7,+20.1,+20.0,+20.0,+20.0
2023-11-06 18:24,2,+41.0,+25.9,+15.1,+48.3,+39.1,+36.5,+20.5,+19.7,+19.7,+20.1,+20.0,+20.0,+20.0
2023-11-06 19:24,2,+41.0,+26.0,+15.1,+48.5,+39.1,+36.5,+20.5,+19.8,+19.8,+20.0,+20.0,+20.0,+20.0
2023-11-06 20:24,2,+40.7,+26.0,+15.2,+48.4,+39.1,+36.5,+20.3,+20.0,+19.8,+20.0,+19.8,+20.0,+20.0
2023-11-06 21:24,2,+40.6,+26.0,+15.2,+48.5,+39.1,+36.5,+20.3,+19.8,+20.0,+20.1,+20.0,+20.0,+20.0
2023-11-06 22:24,2,+40.3,+25.9,+15.2,+48.4,+39.1,+36.5,+20.2,+19.8,+20.0,+20.1,+19.8,+20.0,+20.0
2023-11-06 23:24,2,+40.2,+25.9,+15.2,+48.4,+39.1,+36.5,+20.1,+19.8,+20.0,+20.1,+19.8,+20.0,+20.0
2023-11-07 00:24,2,+40.1,+25.8,+15.2,+48.5,+39.2,+36.5,+20.0,+19.8,+20.0,+20.1,+20.0,+20.0,+20.0
2023-11-07 01:24,2,+40.1,+25.8,+15.2,+48.4,+39.1,+36.5,+20.0,+19.7,+20.0,+20.1,+20.0,+20.0,+20.0
2023-11-07 02:24,2,+40.0,+25.8,+15.2,+48.5,+39.2,+36.5,+20.0,+19.7,+20.0,+20.1,+19.8,+20.0,+20.0
2023-11-07 03:24,2,+39.9,+25.8,+15.2,+48.4,+39.1,+36.5,+20.0,+19.7,+20.0,+20.1,+20.0,+20.0,+20.0
2023-11-07 04:24,2,+39.9,+25.7,+15.2,+48.5,+39.2,+36.5,+19.8,+19.6,+20.0,+20.1,+20.0,+20.0,+20.0
2023-11-07 05:24,2,+39.9,+25.7,+15.1,+48.4,+39.1,+36.5,+19.8,+19.6,+20.0,+20.1,+20.0,+20.0,+20.0
2023-11-07 06:24,2,+39.8,+25.7,+15.2,+48.4,+39.1,+36.5,+19.7,+19.6,+20.0,+20.1,+20.0,+20.0,+20.0
2023-11-07 07:24,2,+39.8,+25.7,+15.2,+48.5,+39.2,+36.6,+19.7,+19.6,+20.0,+20.1,+20.0,+20.0,+20.0
2023-11-07 08:24,2,+39.8,+25.7,+15.1,+48.4,+39.1,+36.5,+19.8,+19.6,+20.0,+20.1,+20.0,+20.0,+20.0
2023-11-07 09:24,2,+39.8,+25.7,+15.1,+48.4,+39.1,+36.5,+19.8,+19.6,+19.8,+20.2,+20.0,+20.1,+20.0
2023-11-07 10:24,2,+39.7,+25.6,+15.1,+48.5,+39.2,+36.6,+20.0,+19.5,+19.8,+20.2,+20.0,+20.0,+20.0
2023-11-07 11:24,2,+39.7,+25.6,+15.1,+48.4,+39.1,+36.5,+20.2,+19.6,+19.8,+20.2,+20.0,+20.0,+20.0
2023-11-07 12:24,2,+39.7,+25.6,+15.1,+48.5,+39.2,+36.5,+20.3,+19.6,+19.8,+20.1,+19.8,+20.1,+20.0
2023-11-07 13:24,2,+39.7,+25.6,+15.1,+48.4,+39.1,+36.5,+20.6,+19.7,+19.8,+20.1,+20.0,+20.0,+20.0
2023-11-07 14:24,2,+39.7,+25.6,+15.1,+48.4,+39.1,+36.5,+21.0,+19.8,+19.8,+20.2,+20.0,+20.0,+20.1
2023-11-07 15:24,2,+39.7,+25.6,+15.1,+48.4,+39.1,+36.5,+21.2,+20.0,+19.8,+20.1,+20.0,+20.1,+20.0
2023-11-07 16:24,2,+39.7,+25.6,+15.1,+48.4,+39.0,+36.5,+21.2,+20.1,+20.0,+20.2,+20.0,+20.0,+20.1
2023-11-07 17:24,2,+39.7,+25.6,+15.1,+48.4,+39.1,+36.5,+21.2,+20.2,+20.0,+20.2,+20.0,+20.0,+20.0
2023-11-07 18:24,2,+39.7,+25.6,+15.1,+48.4,+39.0,+36.5,+21.1,+20.3,+20.1,+20.2,+20.0,+20.0,+20.1
2023-11-07 19:24,2,+39.8,+25.6,+15.1,+48.4,+39.0,+36.5,+21.1,+20.3,+20.1,+20.1,+20.0,+20.1,+20.0
2023-11-07 20:24,2,+40.9,+26.7,+15.2,+48.3,+39.0,+36.4,+21.0,+20.3,+20.1,+20.2,+20.0,+20.0,+20.0
2023-11-07 21:24,2,+41.1,+26.8,+15.5,+48.6,+39.3,+36.5,+20.8,+20.3,+20.1,+20.1,+20.0,+20.1,+20.1
2023-11-07 22:24,2,+41.0,+26.6,+15.5,+48.6,+39.6,+37.1,+20.7,+20.3,+20.2,+20.2,+20.0,+20.1,+20.0
2023-11-07 23:24,2,+40.8,+26.4,+15.4,+48.6,+39.7,+37.4,+20.7,+20.2,+20.2,+20.2,+20.0,+20.1,+20.0
2023-11-08 00:24,2,+40.7,+26.3,+15.4,+48.6,+39.7,+37.4,+20.6,+20.2,+20.2,+20.2,+20.0,+20.1,+20.0
2023-11-08 01:24,2,+40.6,+26.2,+15.4,+48.5,+39.6,+37.3,+20.5,+20.2,+20.2,+20.2,+20.0,+20.0,+20.0
2023-11-08 02:24,2,+40.7,+26.1,+15.3,+48.5,+39.6,+37.3,+20.5,+20.1,+20.2,+20.2,+20.0,+20.1,+20.0
2023-11-08 03:24,2,+40.7,+26.1,+15.3,+48.6,+39.6,+37.3,+20.3,+20.1,+20.2,+20.3,+20.0,+20.1,+20.0
2023-11-08 04:24,2,+40.7,+26.1,+15.3,+48.5,+39.5,+37.2,+20.3,+20.1,+20.2,+20.2,+20.0,+20.0,+20.0
2023-11-08 05:24,2,+40.6,+26.1,+15.3,+48.5,+39.5,+37.2,+20.3,+20.1,+20.2,+20.2,+20.0,+20.1,+20.0
2023-11-08 06:24,2,+40.4,+26.0,+15.3,+48.5,+39.5,+37.2,+20.2,+20.0,+20.2,+20.3,+20.0,+20.1,+20.0
2023-11-08 07:24,2,+40.2,+26.0,+15.3,+48.5,+39.5,+37.2,+20.2,+20.0,+20.2,+20.3,+20.0,+20.1,+20.0
2023-11-08 08:24,2,+40.2,+26.0,+15.3,+48.5,+39.5,+37.1,+20.2,+20.0,+20.2,+20.3,+20.0,+20.1,+20.0
2023-11-08 09:24,2,+40.1,+25.9,+15.3,+48.6,+39.5,+37.2,+20.2,+20.0,+20.1,+20.3,+20.1,+20.1,+20.1
2023-11-08 10:24,2,+40.1,+25.9,+15.3,+48.5,+39.4,+37.1,+20.3,+20.0,+20.2,+20.3,+20.0,+20.1,+20.0
2023-11-08 11:24,2,+40.0,+25.9,+15.2,+48.4,+39.4,+37.1,+20.5,+20.0,+20.2,+20.3,+20.1,+20.1,+20.1
2023-11-08 12:24,2,+40.0,+25.8,+15.3,+48.4,+39.3,+37.0,+20.7,+20.0,+20.1,+20.3,+20.1,+20.1,+20.0
2023-11-08 13:24,2,+40.0,+25.8,+15.2,+48.4,+39.3,+37.0,+20.7,+20.0,+20.2,+20.3,+20.0,+20.1,+20.0
2023-11-08 14:24,2,+40.0,+25.8,+15.3,+48.5,+39.3,+37.0,+20.8,+20.1,+20.2,+20.3,+20.1,+20.1,+20.1
2023-11-08 15:24,2,+39.9,+25.8,+15.3,+48.5,+39.3,+36.9,+21.0,+20.1,+20.1,+20.3,+20.1,+20.1,+20.1
2023-11-08 16:24,2,+40.0,+25.7,+15.2,+48.5,+39.3,+36.8,+21.0,+20.2,+20.2,+20.3,+20.1,+20.1,+20.1
2023-11-08 17:24,2,+40.3,+25.8,+15.2,+48.4,+39.2,+36.7,+21.0,+20.3,+20.2,+20.3,+20.1,+20.1,+20.0
2023-11-08 18:24,2,+40.6,+25.8,+15.3,+48.5,+39.3,+36.7,+21.0,+20.3,+20.2,+20.3,+20.1,+20.1,+20.1
2023-11-08 19:24,2,+40.9,+25.9,+15.3,+48.4,+39.2,+36.7,+20.8,+20.3,+20.2,+20.3,+20.1,+20.2,+20.1
2023-11-08 20:24,2,+41.0,+26.1,+15.3,+48.4,+39.2,+36.7,+20.7,+20.3,+20.2,+20.3,+20.1,+20.1,+20.1
2023-11-08 21:24,2,+41.1,+26.3,+15.4,+48.4,+39.2,+36.7,+20.7,+20.3,+20.3,+20.3,+20.0,+20.1,+20.0
2023-11-08 22:24,2,+41.0,+26.3,+15.4,+48.4,+39.2,+36.7,+20.6,+20.2,+20.3,+20.3,+20.1,+20.2,+20.1
2023-11-08 23:24,2,+40.8,+26.3,+15.4,+48.6,+39.3,+36.7,+20.5,+20.2,+20.3,+20.3,+20.1,+20.1,+20.1
2023-11-09 00:24,2,+40.7,+26.2,+15.4,+48.6,+39.4,+36.8,+20.5,+20.2,+20.3,+20.3,+20.1,+20.2,+20.0
2023-11-09 01:24,2,+40.6,+26.2,+15.4,+48.6,+39.5,+37.0,+20.3,+20.2,+20.3,+20.3,+20.1,+20.1,+20.1
2023-11-09 02:24,2,+40.7,+26.1,+15.4,+48.5,+39.5,+37.0,+20.1,+20.1,+20.3,+20.3,+20.1,+20.2,+20.1
2023-11-09 03:24,2,+40.6,+26.1,+15.3,+48.6,+39.5,+37.1,+20.1,+20.1,+20.3,+20.5,+20.1,+20.1,+20.1
2023-11-09 04:24,2,+40.5,+26.0,+15.3,+48.5,+39.5,+37.1,+20.0,+20.0,+20.3,+20.5,+20.2,+20.2,+20.1
2023-11-09 05:24,2,+40.3,+26.0,+15.3,+48.5,+39.5,+37.1,+19.8,+20.0,+20.3,+20.5,+20.1,+20.2,+20.0
2023-11-09 06:24,2,+40.2,+26.0,+15.3,+48.6,+39.5,+37.1,+19.7,+19.8,+20.2,+20.5,+20.1,+20.2,+20.1
2023-11-09 07:24,2,+40.2,+25.9,+15.3,+48.5,+39.4,+37.0,+19.7,+19.8,+20.2,+20.5,+20.1,+20.2,+20.1
2023-11-09 08:24,2,+40.1,+25.9,+15.3,+48.5,+39.4,+37.0,+19.7,+19.7,+20.2,+20.5,+20.2,+20.2,+20.1
2023-11-09 09:24,2,+40.0,+25.9,+15.3,+48.5,+39.4,+37.0,+19.7,+19.7,+20.2,+20.3,+20.1,+20.2,+20.1
2023-11-09 10:24,2,+40.0,+25.8,+15.3,+48.5,+39.4,+37.0,+19.7,+19.6,+20.2,+20.3,+20.2,+20.2,+20.1
2023-11-09 11:24,2,+40.0,+25.8,+15.3,+48.5,+39.3,+37.0,+20.0,+19.6,+20.1,+20.3,+20.2,+20.2,+20.1
2023-11-09 12:24,2,+39.9,+25.8,+15.3,+48.5,+39.3,+37.0,+20.2,+19.6,+20.1,+20.5,+20.1,+20.2,+20.1
2023-11-09 13:24,2,+39.9,+25.8,+15.2,+48.6,+39.3,+36.9,+20.6,+19.7,+20.1,+20.3,+20.1,+20.2,+20.1
2023-11-09 14:24,2,+39.9,+25.8,+15.2,+48.6,+39.3,+36.9,+21.1,+19.8,+20.1,+20.3,+20.2,+20.2,+20.1
2023-11-09 15:24,2,+39.9,+25.8,+15.2,+48.6,+39.3,+36.8,+21.5,+20.0,+20.1,+20.5,+20.1,+20.2,+20.1
2023-11-09 16:24,2,+39.9,+25.8,+15.2,+48.6,+39.3,+36.8,+21.7,+20.2,+20.1,+20.3,+20.1,+20.2,+20.1
2023-11-09 17:24,2,+39.9,+25.8,+15.2,+48.6,+39.3,+36.8,+21.7,+20.3,+20.1,+20.3,+20.1,+20.2,+20.1
2023-11-09 18:24,2,+39.8,+25.8,+15.2,+48.4,+39.2,+36.8,+21.6,+20.6,+20.2,+20.3,+20.2,+20.2,+20.1
2023-11-09 19:24,2,+39.8,+25.8,+15.2,+48.4,+39.2,+36.7,+21.5,+20.6,+20.2,+20.5,+20.2,+20.2,+20.1
2023-11-09 20:24,2,+39.8,+25.8,+15.2,+48.5,+39.2,+36.7,+21.3,+20.6,+20.3,+20.3,+20.2,+20.2,+20.1
2023-11-09 21:24,2,+39.8,+25.8,+15.2,+48.6,+39.2,+36.7,+21.2,+20.6,+20.3,+20.5,+20.2,+20.2,+20.1
2023-11-09 22:24,2,+39.8,+25.7,+15.2,+48.4,+39.2,+36.7,+21.1,+20.7,+20.3,+20.5,+20.2,+20.2,+20.1
2023-11-09 23:24,2,+39.8,+25.8,+15.2,+48.5,+39.2,+36.7,+21.0,+20.6,+20.5,+20.5,+20.2,+20.2,+20.1
2023-11-10 00:24,2,+39.8,+25.7,+15.3,+48.4,+39.1,+36.6,+20.8,+20.6,+20.5,+20.5,+20.2,+20.2,+20.1
2023-11-10 01:24,2,+39.7,+25.7,+15.2,+48.4,+39.1,+36.6,+20.7,+20.6,+20.5,+20.5,+20.2,+20.2,+20.1
2023-11-10 02:24,2,+39.7,+25.7,+15.2,+48.4,+39.1,+36.6,+20.6,+20.5,+20.5,+20.5,+20.2,+20.2,+20.1
2023-11-10 03:24,2,+39.7,+25.7,+15.2,+48.5,+39.2,+36.6,+20.3,+20.3,+20.5,+20.5,+20.2,+20.2,+20.1
2023-11-10 04:24,2,+39.6,+25.7,+15.2,+48.5,+39.2,+36.5,+20.2,+20.2,+20.5,+20.5,+20.2,+20.2,+20.2
2023-11-10 05:24,2,+39.6,+25.7,+15.2,+48.4,+39.1,+36.5,+20.1,+20.2,+20.5,+20.5,+20.1,+20.2,+20.2
2023-11-10 06:24,2,+39.6,+25.7,+15.2,+48.5,+39.1,+36.5,+20.1,+20.1,+20.5,+20.5,+20.2,+20.2,+20.2
2023-11-10 07:24,2,+39.6,+25.7,+15.2,+48.5,+39.1,+36.5,+20.0,+20.0,+20.3,+20.5,+20.2,+20.2,+20.2
2023-11-10 08:24,2,+39.6,+25.7,+15.2,+48.5,+39.1,+36.5,+20.1,+20.0,+20.3,+20.5,+20.2,+20.2,+20.1
2023-11-10 09:24,2,+39.5,+25.7,+15.2,+48.5,+39.1,+36.5,+20.1,+20.0,+20.3,+20.5,+20.2,+20.2,+20.1
2023-11-10 10:24,2,+39.5,+25.7,+15.2,+48.4,+39.0,+36.4,+20.3,+20.0,+20.3,+20.5,+20.2,+20.2,+20.1
2023-11-10 11:24,2,+39.5,+25.6,+15.2,+48.5,+39.1,+36.5,+20.5,+20.0,+20.3,+20.5,+20.2,+20.2,+20.1
2023-11-10 12:24,2,+39.5,+25.6,+15.2,+48.4,+39.0,+36.4,+20.7,+20.0,+20.2,+20.5,+20.2,+20.2,+20.1
2023-11-10 13:24,2,+39.5,+25.6,+15.2,+48.4,+39.0,+36.4,+20.8,+20.1,+20.3,+20.5,+20.2,+20.2,+20.2
2023-11-10 14:24,2,+39.5,+25.6,+15.2,+48.4,+39.0,+36.3,+21.0,+20.2,+20.3,+20.5,+20.2,+20.2,+20.1
2023-11-10 15:24,2,+39.5,+25.6,+15.2,+48.4,+39.0,+36.4,+21.1,+20.2,+20.2,+20.5,+20.2,+20.2,+20.2
2023-11-10 16:24,2,+39.5,+25.6,+15.2,+48.4,+39.0,+36.3,+21.1,+20.3,+20.3,+20.5,+20.2,+20.2,+20.1
2023-11-10 17:24,2,+39.5,+25.6,+15.2,+48.4,+39.0,+36.3,+21.2,+20.3,+20.3,+20.5,+20.2,+20.2,+20.2
2023-11-10 18:24,2,+39.5,+25.6,+15.2,+48.4,+39.0,+36.3,+21.2,+20.5,+20.3,+20.6,+20.2,+20.3,+20.1
2023-11-10 19:24,2,+39.5,+25.6,+15.2,+48.5,+39.0,+36.3,+21.1,+20.5,+20.3,+20.6,+20.2,+20.3,+20.1
2023-11-10 20:24,2,+39.5,+25.6,+15.2,+48.5,+39.0,+36.3,+21.1,+20.5,+20.5,+20.6,+20.2,+20.2,+20.2
2023-11-10 21:24,2,+39.5,+25.6,+15.2,+48.5,+39.0,+36.3,+21.0,+20.5,+20.5,+20.6,+20.2,+20.2,+20.2
2023-11-10 22:24,2,+39.4,+25.6,+15.2,+48.5,+39.0,+36.3,+20.8,+20.5,+20.5,+20.5,+20.2,+20.2,+20.2
2023-11-10 23:24,2,+39.4,+25.6,+15.2,+48.4,+38.9,+36.3,+20.8,+20.5,+20.5,+20.5,+20.2,+20.3,+20.2
2023-11-11 00:24,2,+39.4,+25.6,+15.2,+48.5,+39.0,+36.3,+20.7,+20.5,+20.5,+20.5,+20.2,+20.3,+20.2
2023-11-11 01:24,2,+39.4,+25.6,+15.2,+48.4,+38.9,+36.2,+20.7,+20.3,+20.5,+20.6,+20.2,+20.3,+20.1
2023-11-11 02:24,2,+39.4,+25.6,+15.2,+48.5,+39.0,+36.3,+20.6,+20.3,+20.5,+20.6,+20.2,+20.3,+20.2
2023-11-11 03:24,2,+39.4,+25.6,+15.2,+48.5,+39.0,+36.3,+20.5,+20.3,+20.5,+20.6,+20.2,+20.3,+20.2
2023-11-11 04:24,2,+39.4,+25.6,+15.2,+48.5,+39.0,+36.3,+20.5,+20.2,+20.5,+20.6,+20.2,+20.2,+20.2
2023-11-11 05:24,2,+39.5,+25.5,+15.2,+48.5,+38.9,+36.2,+20.5,+20.2,+20.5,+20.6,+20.2,+20.3,+20.2
2023-11-11 06:24,2,+39.8,+25.5,+15.2,+48.4,+38.9,+36.2,+20.3,+20.2,+20.5,+20.6,+20.2,+20.3,+20.2
2023-11-11 07:24,2,+40.1,+25.5,+15.2,+48.5,+39.0,+36.2,+20.3,+20.2,+20.5,+20.6,+20.2,+20.3,+20.2
2023-11-11 08:24,2,+40.3,+25.6,+15.2,+48.5,+38.9,+36.2,+20.3,+20.1,+20.5,+20.6,+20.3,+20.2,+20.2
2023-11-11 09:24,2,+40.3,+25.6,+15.2,+48.4,+38.9,+36.2,+20.3,+20.1,+20.5,+20.6,+20.2,+20.3,+20.2
2023-11-11 10:24,2,+40.3,+25.7,+15.2,+48.5,+38.9,+36.2,+20.5,+20.1,+20.3,+20.6,+20.2,+20.3,+20.2
2023-11-11 11:24,2,+40.3,+25.7,+15.2,+48.5,+38.9,+36.2,+20.5,+20.1,+20.3,+20.5,+20.2,+20.3,+20.2
2023-11-11 12:24,2,+40.3,+25.8,+15.2,+48.5,+38.9,+36.2,+20.6,+20.1,+20.3,+20.6,+20.2,+20.3,+20.2
2023-11-11 13:24,2,+40.2,+25.8,+15.2,+48.5,+38.9,+36.2,+20.7,+20.1,+20.3,+20.6,+20.2,+20.3,+20.2
2023-11-11 14:24,2,+40.2,+25.8,+15.2,+48.5,+38.9,+36.2,+20.8,+20.2,+20.3,+20.6,+20.3,+20.3,+20.2
2023-11-11 15:24,2,+40.1,+25.8,+15.3,+48.4,+38.9,+36.2,+20.8,+20.2,+20.3,+20.6,+20.2,+20.3,+20.2
2023-11-11 16:24,2,+40.3,+25.8,+15.2,+48.4,+38.8,+36.1,+20.8,+20.2,+20.3,+20.6,+20.3,+20.3,+20.2
2023-11-11 17:24,2,+40.5,+25.8,+15.3,+48.5,+38.9,+36.2,+20.8,+20.3,+20.5,+20.6,+20.3,+20.3,+20.2
2023-11-11 18:24,2,+40.6,+25.8,+15.3,+48.5,+38.9,+36.2,+20.7,+20.2,+20.3,+20.6,+20.3,+20.3,+20.2
2023-11-11 19:24,2,+40.7,+25.9,+15.3,+48.4,+38.9,+36.1,+20.6,+20.3,+20.3,+20.6,+20.3,+20.3,+20.2
2023-11-11 20:24,2,+40.6,+26.0,+15.3,+48.4,+38.9,+36.2,+20.5,+20.3,+20.5,+20.6,+20.3,+20.3,+20.2
2023-11-11 21:24,2,+40.6,+26.0,+15.3,+48.4,+38.9,+36.2,+20.3,+20.2,+20.5,+20.6,+20.3,+20.3,+20.2
2023-11-11 22:24,2,+40.5,+26.0,+15.3,+48.5,+39.0,+36.2,+20.2,+20.2,+20.5,+20.6,+20.3,+20.3,+20.2
2023-11-11 23:24,2,+40.3,+26.0,+15.3,+48.6,+39.0,+36.2,+20.2,+20.1,+20.5,+20.6,+20.3,+20.3,+20.2
2023-11-12 00:24,2,+40.3,+26.0,+15.4,+48.5,+39.0,+36.2,+20.1,+20.1,+20.3,+20.6,+20.3,+20.3,+20.2
2023-11-12 01:24,2,+40.2,+26.0,+15.4,+48.5,+39.0,+36.2,+20.0,+20.0,+20.3,+20.6,+20.3,+20.3,+20.2
2023-11-12 02:24,2,+40.2,+26.0,+15.4,+48.6,+39.0,+36.2,+19.8,+20.0,+20.3,+20.6,+20.3,+20.3,+20.2
2023-11-12 03:24,2,+40.1,+25.9,+15.4,+48.6,+39.0,+36.2,+19.8,+19.8,+20.3,+20.6,+20.3,+20.3,+20.2
2023-11-12 04:24,2,+40.0,+25.9,+15.4,+48.6,+39.1,+36.2,+19.7,+19.8,+20.3,+20.6,+20.3,+20.3,+20.2
2023-11-12 05:24,2,+40.0,+25.9,+15.4,+48.5,+39.0,+36.2,+19.6,+19.7,+20.3,+20.6,+20.3,+20.3,+20.2
2023-11-12 06:24,2,+39.9,+25.9,+15.3,+48.6,+39.1,+36.3,+19.6,+19.7,+20.2,+20.6,+20.3,+20.3,+20.2
2023-11-12 07:24,2,+39.9,+25.8,+15.3,+48.5,+39.1,+36.3,+19.5,+19.6,+20.2,+20.6,+20.3,+20.3,+20.2
2023-11-12 08:24,2,+39.9,+25.8,+15.3,+48.5,+39.1,+36.3,+19.5,+19.6,+20.2,+20.6,+20.2,+20.3,+20.2
2023-11-12 09:24,2,+39.8,+25.8,+15.3,+48.6,+39.2,+36.3,+19.6,+19.6,+20.2,+20.6,+20.3,+20.3,+20.2
2023-11-12 10:24,2,+39.8,+25.8,+15.3,+48.5,+39.1,+36.4,+19.7,+19.5,+20.1,+20.6,+20.2,+20.3,+20.2
2023-11-12 11:24,2,+39.8,+25.8,+15.3,+48.5,+39.1,+36.3,+19.8,+19.6,+20.1,+20.6,+20.3,+20.3,+20.2
2023-11-12 12:24,2,+39.8,+25.8,+15.3,+48.6,+39.2,+36.4,+20.1,+19.6,+20.1,+20.5,+20.3,+20.3,+20.2
2023-11-12 13:24,2,+39.8,+25.7,+15.3,+48.5,+39.2,+36.3,+20.5,+19.6,+20.1,+20.6,+20.2,+20.3,+20.2
2023-11-12 14:24,2,+39.8,+25.8,+15.3,+48.5,+39.2,+36.3,+20.7,+19.7,+20.1,+20.6,+20.3,+20.5,+20.2
2023-11-12 15:24,2,+39.8,+25.7,+15.3,+48.6,+39.2,+36.4,+21.0,+19.8,+20.1,+20.6,+20.3,+20.3,+20.2
2023-11-12 16:24,2,+39.7,+25.7,+15.3,+48.5,+39.2,+36.4,+21.0,+20.0,+20.1,+20.5,+20.2,+20.3,+20.3
2023-11-12 17:24,2,+39.8,+25.7,+15.3,+48.6,+39.2,+36.4,+21.0,+20.1,+20.1,+20.5,+20.3,+20.3,+20.2
2023-11-12 18:24,2,+39.8,+25.7,+15.3,+48.6,+39.2,+36.4,+20.8,+20.2,+20.2,+20.5,+20.3,+20.3,+20.2
2023-11-12 19:24,2,+39.8,+25.7,+15.3,+48.5,+39.2,+36.4,+20.8,+20.2,+20.2,+20.5,+20.2,+20.3,+20.3
2023-11-12 20:24,2,+39.8,+25.7,+15.3,+48.6,+39.2,+36.4,+20.7,+20.2,+20.2,+20.5,+20.2,+20.3,+20.2
2023-11-12 21:24,2,+39.7,+25.7,+15.3,+48.5,+39.1,+36.3,+20.6,+20.2,+20.2,+20.5,+20.2,+20.3,+20.2
2023-11-12 22:24,2,+39.7,+25.7,+15.3,+48.5,+39.1,+36.4,+20.5,+20.2,+20.2,+20.5,+20.3,+20.3,+20.2
2023-11-12 23:24,2,+39.7,+25.7,+15.3,+48.6,+39.2,+36.4,+20.5,+20.2,+20.3,+20.5,+20.2,+20.3,+20.2
2023-11-13 00:24,2,+39.7,+25.7,+15.3,+48.6,+39.2,+36.4,+20.3,+20.1,+20.3,+20.5,+20.3,+20.3,+20.3
2023-11-13 01:24,2,+39.6,+25.7,+15.3,+48.6,+39.2,+36.4,+20.2,+20.1,+20.3,+20.5,+20.2,+20.3,+20.2
2023-11-13 02:24,2,+39.6,+25.7,+15.3,+48.6,+39.2,+36.4,+20.2,+20.1,+20.3,+20.5,+20.3,+20.3,+20.3
2023-11-13 03:24,2,+39.6,+25.7,+15.3,+48.6,+39.2,+36.4,+20.2,+20.0,+20.3,+20.5,+20.3,+20.3,+20.2
2023-11-13 04:24,2,+39.6,+25.7,+15.3,+48.4,+39.1,+36.3,+20.1,+20.0,+20.3,+20.5,+20.2,+20.3,+20.2
2023-11-13 05:24,2,+39.6,+25.7,+15.3,+48.5,+39.1,+36.3,+19.8,+20.0,+20.3,+20.6,+20.3,+20.3,+20.2
2023-11-13 06:24,2,+39.5,+25.7,+15.3,+48.6,+39.2,+36.4,+19.8,+19.8,+20.2,+20.5,+20.3,+20.3,+20.2
2023-11-13 07:24,2,+39.5,+25.7,+15.3,+48.5,+39.1,+36.3,+19.7,+19.8,+20.2,+20.6,+20.3,+20.3,+20.2
2023-11-13 08:24,2,+39.5,+25.6,+15.3,+48.5,+39.1,+36.3,+19.7,+19.7,+20.2,+20.5,+20.3,+20.3,+20.2
2023-11-13 09:24,2,+39.5,+25.6,+15.2,+48.6,+39.1,+36.3,+19.8,+19.7,+20.2,+20.6,+20.2,+20.3,+20.2
2023-11-13 10:24,2,+39.5,+25.6,+15.3,+48.5,+39.1,+36.3,+20.0,+19.7,+20.2,+20.6,+20.2,+20.3,+20.2
2023-11-13 11:24,2,+39.5,+25.6,+15.3,+48.6,+39.2,+36.3,+20.1,+19.7,+20.2,+20.5,+20.3,+20.3,+20.2
2023-11-13 12:24,2,+39.5,+25.6,+15.2,+48.5,+39.1,+36.3,+20.3,+19.7,+20.1,+20.5,+20.3,+20.3,+20.2
2023-11-13 13:24,2,+39.4,+25.6,+15.2,+48.5,+39.1,+36.3,+20.6,+19.8,+20.1,+20.5,+20.3,+20.3,+20.2
2023-11-13 14:24,2,+39.5,+25.6,+15.2,+48.6,+39.1,+36.3,+20.6,+19.8,+20.1,+20.5,+20.3,+20.3,+20.2
2023-11-13 15:24,2,+39.5,+25.6,+15.2,+48.6,+39.1,+36.3,+20.6,+20.0,+20.1,+20.5,+20.3,+20.3,+20.2
2023-11-13 16:24,2,+39.6,+25.6,+15.2,+48.4,+39.0,+36.2,+20.7,+20.0,+20.2,+20.5,+20.2,+20.3,+20.2
2023-11-13 17:24,2,+39.6,+25.6,+15.2,+48.4,+39.0,+36.2,+20.6,+20.1,+20.2,+20.5,+20.3,+20.3,+20.3
2023-11-13 18:24,2,+39.6,+25.6,+15.2,+48.6,+39.1,+36.2,+20.6,+20.1,+20.2,+20.5,+20.3,+20.3,+20.2
2023-11-13 19:24,2,+39.6,+25.6,+15.2,+48.6,+39.1,+36.2,+20.5,+20.1,+20.2,+20.5,+20.3,+20.3,+20.2
2023-11-13 20:24,2,+39.6,+25.6,+15.2,+48.4,+39.0,+36.2,+20.5,+20.1,+20.2,+20.5,+20.2,+20.3,+20.2
2023-11-13 21:24,2,+39.6,+25.6,+15.2,+48.4,+39.0,+36.2,+20.2,+20.1,+20.3,+20.5,+20.2,+20.3,+20.2
2023-11-13 22:24,2,+39.6,+25.6,+15.2,+48.4,+39.0,+36.2,+20.2,+20.0,+20.3,+20.5,+20.2,+20.3,+20.2
2023-11-13 23:24,2,+39.6,+25.6,+15.2,+48.4,+39.0,+36.2,+20.2,+20.0,+20.2,+20.5,+20.2,+20.3,+20.2
2023-11-14 00:24,2,+39.6,+25.6,+15.2,+48.4,+39.0,+36.2,+20.1,+20.0,+20.2,+20.5,+20.3,+20.3,+20.3
2023-11-14 01:24,2,+39.6,+25.6,+15.2,+48.6,+39.1,+36.2,+20.1,+20.0,+20.2,+20.5,+20.3,+20.3,+20.3
2023-11-14 02:24,2,+39.6,+25.6,+15.2,+48.6,+39.0,+36.2,+20.0,+19.8,+20.2,+20.5,+20.2,+20.3,+20.2
2023-11-14 03:24,2,+39.5,+25.6,+15.2,+48.6,+39.0,+36.2,+20.0,+19.8,+20.2,+20.5,+20.3,+20.3,+20.2
2023-11-14 04:24,2,+39.5,+25.6,+15.2,+48.4,+39.0,+36.2,+20.0,+19.8,+20.2,+20.5,+20.3,+20.3,+20.2
2023-11-14 05:24,2,+39.5,+25.6,+15.2,+48.4,+39.0,+36.2,+20.0,+19.8,+20.2,+20.5,+20.2,+20.3,+20.3
2023-11-14 06:24,2,+39.5,+25.6,+15.2,+48.4,+39.0,+36.2,+20.0,+19.7,+20.1,+20.5,+20.3,+20.3,+20.2
2023-11-14 07:24,2,+39.5,+25.6,+15.2,+48.4,+39.0,+36.2,+20.0,+19.7,+20.2,+20.5,+20.2,+20.3,+20.2
2023-11-14 08:24,2,+39.5,+25.6,+15.2,+48.4,+39.0,+36.2,+20.0,+19.7,+20.1,+20.5,+20.3,+20.3,+20.3
2023-11-14 09:24,2,+39.5,+25.6,+15.2,+48.4,+39.0,+36.1,+20.1,+19.7,+20.2,+20.5,+20.3,+20.3,+20.2
2023-11-14 10:24,2,+39.5,+25.6,+15.2,+48.6,+39.0,+36.2,+20.2,+19.7,+20.2,+20.5,+20.3,+20.3,+20.2
2023-11-14 11:24,2,+39.5,+25.6,+15.2,+48.4,+39.0,+36.1,+20.2,+19.8,+20.1,+20.5,+20.2,+20.3,+20.2
2023-11-14 12:24,2,+39.6,+25.6,+15.2,+48.4,+39.0,+36.1,+20.3,+19.7,+20.1,+20.5,+20.2,+20.3,+20.2
2023-11-14 13:24,2,+39.7,+25.6,+15.2,+48.5,+39.0,+36.2,+20.5,+19.8,+20.1,+20.5,+20.3,+20.3,+20.2
2023-11-14 14:24,2,+39.8,+25.6,+15.2,+48.5,+39.0,+36.2,+20.6,+19.8,+20.1,+20.5,+20.3,+20.3,+20.3
2023-11-14 15:24,2,+39.8,+25.6,+15.2,+48.4,+39.0,+36.1,+20.6,+20.0,+20.1,+20.5,+20.2,+20.3,+20.2
2023-11-14 16:24,2,+39.8,+25.6,+15.2,+48.4,+39.0,+36.1,+20.7,+20.0,+20.2,+20.5,+20.2,+20.3,+20.2
2023-11-14 17:24,2,+39.8,+25.6,+15.2,+48.4,+39.0,+36.1,+20.6,+20.1,+20.2,+20.5,+20.3,+20.3,+20.3
2023-11-14 18:24,2,+39.8,+25.6,+15.2,+48.4,+39.0,+36.1,+20.6,+20.1,+20.2,+20.5,+20.3,+20.3,+20.2
2023-11-14 19:24,2,+39.7,+25.6,+15.2,+48.4,+38.9,+36.1,+20.6,+20.1,+20.2,+20.5,+20.3,+20.3,+20.2
2023-11-14 20:24,2,+39.7,+25.6,+15.2,+48.4,+39.0,+36.1,+20.6,+20.1,+20.2,+20.5,+20.2,+20.3,+20.3
2023-11-14 21:24,2,+39.7,+25.6,+15.2,+48.4,+39.0,+36.1,+20.5,+20.1,+20.2,+20.5,+20.2,+20.3,+20.2
2023-11-14 22:24,2,+39.7,+25.7,+15.2,+48.6,+39.0,+36.1,+20.3,+20.1,+20.3,+20.5,+20.2,+20.3,+20.3
2023-11-14 23:24,2,+39.7,+25.7,+15.3,+48.5,+39.0,+36.1,+20.3,+20.1,+20.2,+20.5,+20.2,+20.3,+20.2
2023-11-15 00:24,2,+39.7,+25.7,+15.3,+48.4,+39.0,+36.1,+20.2,+20.0,+20.2,+20.5,+20.3,+20.3,+20.3
2023-11-15 01:24,2,+39.6,+25.7,+15.3,+48.6,+39.0,+36.1,+20.1,+20.0,+20.2,+20.5,+20.3,+20.3,+20.2
2023-11-15 02:24,2,+39.6,+25.7,+15.3,+48.6,+39.0,+36.1,+20.1,+20.0,+20.2,+20.5,+20.2,+20.3,+20.2
2023-11-15 03:24,2,+39.6,+25.6,+15.3,+48.4,+38.9,+36.1,+20.1,+19.8,+20.2,+20.5,+20.2,+20.3,+20.2
2023-11-15 04:24,2,+39.6,+25.6,+15.3,+48.6,+39.0,+36.1,+20.1,+19.8,+20.2,+20.5,+20.3,+20.3,+20.3
2023-11-15 05:24,2,+39.6,+25.6,+15.3,+48.6,+39.0,+36.1,+20.0,+19.8,+20.2,+20.5,+20.3,+20.3,+20.3
2023-11-15 06:24,2,+39.6,+25.6,+15.2,+48.4,+38.9,+36.1,+20.0,+19.8,+20.2,+20.5,+20.2,+20.3,+20.3
2023-11-15 07:24,2,+39.8,+25.6,+15.2,+48.6,+39.0,+36.1,+20.0,+19.8,+20.2,+20.5,+20.3,+20.3,+20.2
2023-11-15 08:24,2,+39.8,+25.6,+15.2,+48.6,+39.0,+36.1,+20.0,+19.8,+20.2,+20.5,+20.3,+20.3,+20.2
2023-11-15 09:24,2,+39.8,+25.7,+15.2,+48.6,+39.0,+36.1,+20.1,+19.7,+20.2,+20.5,+20.3,+20.3,+20.2
2023-11-15 10:24,2,+39.8,+25.7,+15.3,+48.6,+39.0,+36.1,+20.2,+19.8,+20.1,+20.5,+20.3,+20.3,+20.3
2023-11-15 11:24,2,+39.8,+25.7,+15.3,+48.4,+39.0,+36.1,+20.3,+19.8,+20.2,+20.5,+20.2,+20.3,+20.2
2023-11-15 12:24,2,+39.8,+25.7,+15.3,+48.4,+39.0,+36.1,+20.6,+19.8,+20.2,+20.5,+20.2,+20.3,+20.3
2023-11-15 13:24,2,+39.8,+25.7,+15.3,+48.6,+39.0,+36.1,+20.8,+20.0,+20.2,+20.5,+20.2,+20.3,+20.3
2023-11-15 14:24,2,+39.8,+25.7,+15.3,+48.4,+39.0,+36.1,+21.0,+20.1,+20.1,+20.5,+20.2,+20.3,+20.2
2023-11-15 15:24,2,+40.6,+25.7,+15.3,+48.6,+39.0,+36.1,+21.1,+20.2,+20.2,+20.5,+20.3,+20.3,+20.2
2023-11-15 16:24,2,+40.7,+25.8,+15.3,+48.6,+39.0,+36.1,+21.1,+20.2,+20.2,+20.5,+20.2,+20.3,+20.2
2023-11-15 17:24,2,+40.6,+25.9,+15.3,+48.6,+39.0,+36.1,+21.1,+20.3,+20.2,+20.5,+20.2,+20.3,+20.2
2023-11-15 18:24,2,+40.5,+25.9,+15.3,+48.6,+39.0,+36.1,+21.1,+20.3,+20.2,+20.5,+20.3,+20.3,+20.3
2023-11-15 19:24,2,+40.4,+26.0,+15.4,+48.6,+39.0,+36.1,+21.1,+20.3,+20.3,+20.5,+20.3,+20.3,+20.3
2023-11-15 20:24,2,+40.3,+26.0,+15.4,+48.5,+39.0,+36.0,+21.0,+20.5,+20.3,+20.5,+20.2,+20.3,+20.2
2023-11-15 21:24,2,+40.3,+26.0,+15.4,+48.6,+39.0,+36.1,+20.8,+20.3,+20.3,+20.6,+20.2,+20.3,+20.2
2023-11-15 22:24,2,+40.2,+26.0,+15.4,+48.6,+39.0,+36.1,+20.7,+20.3,+20.3,+20.5,+20.3,+20.3,+20.2
2023-11-15 23:24,2,+40.1,+26.0,+15.4,+48.5,+39.0,+36.1,+20.6,+20.3,+20.3,+20.5,+20.2,+20.3,+20.2
2023-11-16 00:24,2,+40.1,+26.0,+15.4,+48.6,+39.0,+36.1,+20.6,+20.2,+20.3,+20.5,+20.2,+20.3,+20.2
2023-11-16 01:24,2,+40.0,+25.9,+15.4,+48.6,+39.0,+36.1,+20.5,+20.3,+20.5,+20.5,+20.2,+20.3,+20.2
2023-11-16 02:24,2,+40.0,+25.9,+15.4,+48.5,+39.0,+36.1,+20.5,+20.2,+20.5,+20.5,+20.3,+20.3,+20.2
2023-11-16 03:24,2,+40.0,+25.9,+15.4,+48.7,+39.1,+36.1,+20.5,+20.2,+20.3,+20.6,+20.3,+20.3,+20.2
2023-11-16 04:24,2,+39.9,+25.9,+15.4,+48.5,+39.1,+36.1,+20.3,+20.1,+20.3,+20.6,+20.2,+20.3,+20.3
2023-11-16 05:24,2,+39.9,+25.9,+15.4,+48.5,+39.1,+36.1,+20.3,+20.1,+20.3,+20.6,+20.3,+20.3,+20.2
2023-11-16 06:24,2,+39.9,+25.9,+15.4,+48.7,+39.2,+36.2,+20.2,+20.1,+20.3,+20.6,+20.3,+20.3,+20.2
2023-11-16 07:24,2,+39.8,+25.9,+15.4,+48.6,+39.1,+36.1,+20.2,+20.0,+20.3,+20.6,+20.2,+20.3,+20.3
2023-11-16 08:24,2,+39.8,+25.8,+15.4,+48.7,+39.2,+36.2,+20.2,+20.0,+20.3,+20.6,+20.3,+20.3,+20.2
2023-11-16 09:24,2,+39.8,+25.8,+15.4,+48.6,+39.2,+36.2,+20.2,+20.0,+20.3,+20.6,+20.3,+20.3,+20.2
2023-11-16 10:24,2,+39.9,+25.8,+15.4,+48.6,+39.2,+36.2,+20.3,+20.0,+20.3,+20.6,+20.2,+20.3,+20.2
2023-11-16 11:24,2,+40.0,+25.8,+15.4,+48.5,+39.2,+36.2,+20.3,+20.0,+20.3,+20.6,+20.3,+20.3,+20.2
2023-11-16 12:24,2,+40.2,+25.8,+15.4,+48.5,+39.2,+36.2,+20.6,+20.1,+20.3,+20.5,+20.3,+20.3,+20.3
2023-11-16 13:24,2,+40.2,+25.8,+15.4,+48.6,+39.2,+36.2,+20.6,+20.1,+20.3,+20.6,+20.2,+20.3,+20.3
2023-11-16 14:24,2,+40.2,+25.8,+15.4,+48.6,+39.2,+36.2,+20.7,+20.1,+20.3,+20.6,+20.3,+20.3,+20.2
2023-11-16 15:24,2,+40.5,+25.8,+15.4,+48.5,+39.2,+36.2,+20.7,+20.1,+20.2,+20.6,+20.3,+20.3,+20.2
2023-11-16 16:24,2,+40.8,+26.1,+15.4,+48.5,+39.2,+36.2,+20.7,+20.2,+20.3,+20.6,+20.3,+20.3,+20.2
2023-11-16 17:24,2,+40.9,+26.3,+15.5,+48.6,+39.2,+36.2,+20.6,+20.2,+20.3,+20.6,+20.3,+20.5,+20.3
2023-11-16 18:24,2,+40.9,+26.5,+15.6,+48.7,+39.3,+36.3,+20.6,+20.1,+20.3,+20.5,+20.3,+20.3,+20.3
2023-11-16 19:24,2,+40.7,+26.5,+15.6,+48.8,+39.5,+36.3,+20.5,+20.2,+20.3,+20.6,+20.3,+20.3,+20.3
2023-11-16 20:24,2,+40.6,+26.4,+15.6,+48.8,+39.6,+36.5,+20.5,+20.1,+20.3,+20.6,+20.2,+20.3,+20.2
2023-11-16 21:24,2,+40.5,+26.3,+15.6,+48.7,+39.7,+36.8,+20.3,+20.1,+20.3,+20.6,+20.3,+20.3,+20.2
2023-11-16 22:24,2,+40.4,+26.2,+15.6,+48.8,+39.8,+37.0,+20.3,+20.1,+20.3,+20.6,+20.3,+20.3,+20.2
2023-11-16 23:24,2,+40.5,+26.2,+15.5,+48.7,+39.7,+37.0,+20.3,+20.1,+20.3,+20.6,+20.3,+20.3,+20.2
2023-11-17 00:24,2,+40.5,+26.2,+15.5,+48.7,+39.7,+37.1,+20.2,+20.1,+20.3,+20.6,+20.3,+20.5,+20.3
2023-11-17 01:24,2,+40.5,+26.2,+15.5,+48.7,+39.7,+37.1,+20.2,+20.1,+20.3,+20.6,+20.3,+20.3,+20.3
2023-11-17 02:24,2,+40.4,+26.2,+15.5,+48.8,+39.8,+37.1,+20.2,+20.0,+20.3,+20.6,+20.3,+20.3,+20.3
2023-11-17 03:24,2,+40.3,+26.1,+15.5,+48.6,+39.7,+37.0,+20.2,+20.0,+20.3,+20.6,+20.3,+20.3,+20.3
2023-11-17 04:24,2,+40.3,+26.1,+15.5,+48.8,+39.7,+37.0,+20.1,+20.0,+20.3,+20.6,+20.3,+20.3,+20.3
2023-11-17 05:24,2,+40.3,+26.0,+15.5,+48.8,+39.7,+37.0,+20.1,+20.0,+20.3,+20.6,+20.3,+20.3,+20.3
2023-11-17 06:24,2,+40.3,+26.0,+15.5,+48.7,+39.6,+37.0,+20.0,+19.8,+20.3,+20.5,+20.3,+20.3,+20.3
2023-11-17 07:24,2,+40.4,+26.0,+15.5,+48.8,+39.6,+37.0,+20.0,+19.8,+20.3,+20.6,+20.3,+20.3,+20.3
2023-11-17 08:24,2,+40.4,+26.0,+15.5,+48.6,+39.6,+37.0,+20.0,+19.8,+20.2,+20.6,+20.3,+20.3,+20.3
2023-11-17 09:24,2,+40.4,+26.0,+15.5,+48.6,+39.6,+36.9,+20.0,+19.8,+20.2,+20.5,+20.3,+20.3,+20.3
2023-11-17 10:24,2,+40.3,+26.0,+15.5,+48.8,+39.6,+37.0,+20.1,+19.7,+20.2,+20.5,+20.3,+20.3,+20.2
2023-11-17 11:24,2,+40.3,+26.0,+15.5,+48.6,+39.6,+36.9,+20.2,+19.8,+20.2,+20.6,+20.3,+20.5,+20.2
2023-11-17 12:24,2,+40.2,+26.0,+15.5,+48.8,+39.6,+36.9,+20.5,+19.8,+20.2,+20.6,+20.3,+20.5,+20.3
2023-11-17 13:24,2,+40.2,+26.0,+15.5,+48.8,+39.6,+36.9,+20.7,+19.8,+20.2,+20.6,+20.3,+20.3,+20.3
2023-11-17 14:24,2,+40.2,+26.0,+15.5,+48.6,+39.5,+36.9,+21.1,+20.0,+20.2,+20.5,+20.3,+20.3,+20.2
2023-11-17 15:24,2,+40.1,+25.9,+15.5,+48.8,+39.6,+36.9,+21.2,+20.1,+20.2,+20.6,+20.3,+20.5,+20.3
2023-11-17 16:24,2,+40.1,+25.9,+15.5,+48.6,+39.5,+36.8,+21.2,+20.2,+20.2,+20.5,+20.3,+20.3,+20.3
2023-11-17 17:24,2,+40.1,+25.9,+15.5,+48.8,+39.5,+36.8,+21.2,+20.3,+20.2,+20.5,+20.3,+20.5,+20.3
2023-11-17 18:24,2,+40.1,+25.9,+15.5,+48.6,+39.5,+36.7,+21.1,+20.3,+20.3,+20.5,+20.3,+20.5,+20.3
2023-11-17 19:24,2,+40.1,+25.9,+15.5,+48.8,+39.5,+36.7,+21.0,+20.3,+20.3,+20.5,+20.3,+20.5,+20.3
2023-11-17 20:24,2,+40.1,+25.9,+15.5,+48.6,+39.5,+36.7,+20.8,+20.5,+20.3,+20.6,+20.3,+20.3,+20.3
2023-11-17 21:24,2,+40.1,+25.9,+15.5,+48.6,+39.5,+36.7,+20.7,+20.3,+20.3,+20.5,+20.3,+20.3,+20.3
2023-11-17 22:24,2,+40.0,+25.8,+15.5,+48.6,+39.5,+36.7,+20.7,+20.3,+20.5,+20.6,+20.3,+20.5,+20.3
2023-11-17 23:24,2,+40.0,+25.8,+15.5,+48.6,+39.4,+36.7,+20.6,+20.3,+20.5,+20.6,+20.3,+20.5,+20.3
2023-11-18 00:24,2,+40.0,+25.8,+15.5,+48.7,+39.5,+36.7,+20.5,+20.3,+20.5,+20.6,+20.3,+20.3,+20.3
2023-11-18 01:24,2,+40.0,+25.8,+15.5,+48.6,+39.4,+36.7,+20.3,+20.2,+20.5,+20.6,+20.3,+20.3,+20.3
2023-11-18 02:24,2,+39.9,+25.8,+15.4,+48.6,+39.4,+36.6,+20.3,+20.2,+20.5,+20.6,+20.3,+20.3,+20.2
2023-11-18 03:24,2,+39.9,+25.8,+15.4,+48.6,+39.4,+36.6,+20.2,+20.1,+20.3,+20.6,+20.3,+20.3,+20.2
2023-11-18 04:24,2,+39.9,+25.8,+15.4,+48.6,+39.4,+36.6,+20.2,+20.1,+20.3,+20.6,+20.3,+20.3,+20.3
2023-11-18 05:24,2,+39.8,+25.8,+15.4,+48.7,+39.4,+36.6,+20.1,+20.0,+20.3,+20.6,+20.3,+20.3,+20.3
2023-11-18 06:24,2,+39.8,+25.8,+15.4,+48.6,+39.4,+36.6,+20.0,+20.0,+20.3,+20.6,+20.3,+20.3,+20.3
2023-11-18 07:24,2,+39.8,+25.8,+15.4,+48.7,+39.4,+36.6,+20.1,+20.0,+20.3,+20.6,+20.3,+20.5,+20.3
2023-11-18 08:24,2,+39.8,+25.7,+15.4,+48.7,+39.4,+36.6,+20.0,+19.8,+20.3,+20.6,+20.3,+20.3,+20.3
2023-11-18 09:24,2,+39.8,+25.7,+15.4,+48.6,+39.3,+36.5,+20.1,+19.8,+20.3,+20.6,+20.3,+20.3,+20.3
2023-11-18 10:24,2,+39.8,+25.7,+15.4,+48.6,+39.3,+36.5,+20.2,+19.8,+20.2,+20.6,+20.3,+20.5,+20.3
2023-11-18 11:24,2,+39.8,+25.7,+15.4,+48.7,+39.4,+36.5,+20.2,+19.8,+20.2,+20.5,+20.3,+20.3,+20.3
2023-11-18 12:24,2,+39.8,+25.7,+15.4,+48.6,+39.3,+36.5,+20.3,+20.0,+20.2,+20.6,+20.3,+20.5,+20.3
2023-11-18 13:24,2,+39.8,+25.7,+15.4,+48.7,+39.3,+36.5,+20.5,+20.0,+20.2,+20.6,+20.3,+20.5,+20.3
2023-11-18 14:24,2,+40.2,+25.7,+15.4,+48.6,+39.3,+36.5,+20.3,+20.0,+20.2,+20.6,+20.3,+20.5,+20.3
2023-11-18 15:24,2,+41.3,+25.8,+15.4,+48.7,+39.3,+36.5,+20.5,+20.0,+20.2,+20.5,+20.3,+20.3,+20.3
2023-11-18 16:24,2,+41.3,+26.4,+15.5,+48.6,+39.3,+36.4,+20.5,+20.1,+20.3,+20.5,+20.3,+20.3,+20.3
2023-11-18 17:24,2,+41.5,+27.2,+15.7,+48.7,+39.3,+36.4,+20.3,+20.1,+20.3,+20.5,+20.3,+20.5,+20.3
2023-11-18 18:24,2,+41.6,+27.2,+16.0,+48.8,+40.0,+36.9,+20.2,+20.0,+20.2,+20.6,+20.3,+20.5,+20.3
2023-11-18 19:24,2,+41.5,+26.9,+15.9,+48.8,+40.2,+37.8,+20.2,+20.0,+20.2,+20.6,+20.3,+20.5,+20.3
2023-11-18 20:24,2,+41.5,+26.7,+15.8,+48.9,+40.2,+37.9,+20.1,+20.0,+20.2,+20.6,+20.3,+20.3,+20.3
2023-11-18 21:24,2,+41.6,+26.6,+15.8,+48.8,+40.1,+37.8,+20.0,+19.8,+20.3,+20.6,+20.3,+20.3,+20.3
2023-11-18 22:24,2,+41.5,+26.7,+15.8,+48.8,+40.2,+37.8,+20.0,+19.8,+20.2,+20.6,+20.3,+20.3,+20.3
2023-11-18 23:24,2,+41.4,+26.5,+15.7,+48.9,+40.2,+37.8,+20.0,+19.8,+20.2,+20.5,+20.3,+20.5,+20.3
2023-11-19 00:24,2,+41.3,+26.5,+15.7,+48.8,+40.1,+37.7,+19.8,+19.7,+20.2,+20.6,+20.3,+20.3,+20.3
2023-11-19 01:24,2,+41.2,+26.3,+15.7,+48.8,+40.1,+37.6,+19.8,+19.7,+20.2,+20.5,+20.3,+20.5,+20.2
2023-11-19 02:24,2,+41.1,+26.2,+15.6,+48.9,+40.1,+37.6,+19.8,+19.7,+20.2,+20.6,+20.3,+20.5,+20.3
2023-11-19 03:24,2,+40.5,+26.2,+15.6,+48.8,+40.1,+37.6,+19.7,+19.7,+20.2,+20.5,+20.3,+20.3,+20.3
2023-11-19 04:24,2,+40.3,+26.1,+15.6,+48.8,+40.1,+37.5,+19.7,+19.7,+20.1,+20.5,+20.3,+20.5,+20.3
2023-11-19 05:24,2,+40.3,+26.1,+15.5,+48.9,+39.9,+37.2,+19.6,+19.6,+20.1,+20.5,+20.3,+20.5,+20.3
2023-11-19 06:24,2,+40.2,+26.0,+15.5,+48.8,+39.8,+37.1,+19.6,+19.6,+20.1,+20.6,+20.3,+20.5,+20.3
2023-11-19 07:24,2,+40.2,+26.0,+15.5,+48.7,+39.7,+37.1,+19.6,+19.6,+20.1,+20.5,+20.3,+20.3,+20.3
2023-11-19 08:24,2,+40.1,+25.9,+15.5,+48.8,+39.7,+37.1,+19.6,+19.6,+20.1,+20.5,+20.3,+20.5,+20.3
2023-11-19 09:24,2,+40.1,+25.9,+15.5,+48.8,+39.7,+37.0,+19.7,+19.5,+20.1,+20.5,+20.3,+20.3,+20.3
2023-11-19 10:24,2,+40.1,+25.9,+15.5,+48.9,+39.7,+37.0,+19.7,+19.6,+20.1,+20.5,+20.3,+20.5,+20.3
2023-11-19 11:24,2,+40.0,+25.9,+15.5,+48.7,+39.6,+36.9,+20.0,+19.5,+20.1,+20.5,+20.3,+20.5,+20.3
2023-11-19 12:24,2,+40.0,+25.8,+15.5,+48.8,+39.6,+36.9,+20.1,+19.6,+20.0,+20.5,+20.3,+20.3,+20.3
2023-11-19 13:24,2,+40.0,+25.8,+15.5,+48.7,+39.5,+36.8,+20.2,+19.6,+20.0,+20.5,+20.3,+20.3,+20.3
2023-11-19 14:24,2,+40.1,+25.8,+15.5,+48.7,+39.5,+36.8,+20.3,+19.7,+20.0,+20.5,+20.3,+20.3,+20.3
2023-11-19 15:24,2,+40.2,+25.8,+15.5,+48.8,+39.5,+36.8,+20.5,+19.8,+20.1,+20.5,+20.3,+20.3,+20.3
2023-11-19 16:24,2,+40.3,+25.8,+15.5,+48.8,+39.5,+36.8,+20.3,+19.8,+20.1,+20.5,+20.3,+20.3,+20.3
2023-11-19 17:24,2,+40.3,+25.8,+15.5,+48.8,+39.5,+36.8,+20.5,+20.0,+20.1,+20.5,+20.3,+20.5,+20.3
2023-11-19 18:24,2,+40.3,+25.8,+15.5,+48.8,+39.5,+36.7,+20.5,+19.8,+20.1,+20.3,+20.3,+20.3,+20.3
2023-11-19 19:24,2,+40.3,+25.8,+15.5,+48.6,+39.4,+36.7,+20.3,+19.8,+20.1,+20.5,+20.3,+20.3,+20.3
2023-11-19 20:24,2,+40.4,+25.8,+15.5,+48.8,+39.5,+36.7,+20.3,+20.0,+20.1,+20.3,+20.2,+20.5,+20.3
2023-11-19 21:24,2,+40.1,+25.8,+15.5,+48.7,+39.4,+36.6,+20.3,+20.0,+20.1,+20.5,+20.2,+20.5,+20.3
2023-11-19 22:24,2,+40.2,+25.8,+15.5,+48.8,+39.4,+36.7,+20.2,+20.0,+20.1,+20.5,+20.3,+20.3,+20.2
2023-11-19 23:24,2,+40.2,+25.8,+15.5,+48.7,+39.4,+36.6,+20.2,+19.8,+20.1,+20.5,+20.3,+20.3,+20.3
2023-11-20 00:24,2,+40.4,+25.8,+15.5,+48.8,+39.4,+36.6,+20.1,+19.8,+20.2,+20.5,+20.2,+20.3,+20.3
2023-11-20 01:24,2,+40.4,+25.8,+15.5,+48.6,+39.4,+36.6,+20.1,+19.8,+20.1,+20.5,+20.3,+20.3,+20.3
2023-11-20 02:24,2,+40.4,+25.8,+15.5,+48.7,+39.3,+36.6,+20.0,+19.8,+20.2,+20.5,+20.3,+20.3,+20.3
2023-11-20 03:24,2,+40.4,+25.9,+15.5,+48.8,+39.4,+36.6,+20.0,+19.8,+20.1,+20.5,+20.3,+20.3,+20.3
2023-11-20 04:24,2,+40.4,+25.9,+15.5,+48.7,+39.3,+36.6,+19.8,+19.7,+20.1,+20.5,+20.2,+20.3,+20.3
2023-11-20 05:24,2,+40.3,+25.9,+15.5,+48.8,+39.4,+36.6,+19.8,+19.7,+20.1,+20.5,+20.2,+20.3,+20.3
2023-11-20 06:24,2,+40.3,+25.9,+15.5,+48.7,+39.3,+36.5,+19.8,+19.7,+20.1,+20.5,+20.3,+20.3,+20.3
2023-11-20 07:24,2,+40.3,+25.9,+15.5,+48.8,+39.4,+36.6,+19.7,+19.7,+20.1,+20.5,+20.2,+20.5,+20.3
2023-11-20 08:24,2,+40.3,+25.9,+15.5,+48.8,+39.4,+36.6,+19.8,+19.7,+20.1,+20.5,+20.3,+20.3,+20.3
2023-11-20 09:24,2,+40.3,+25.8,+15.5,+48.7,+39.3,+36.5,+19.8,+19.7,+20.1,+20.5,+20.2,+20.3,+20.3
2023-11-20 10:24,2,+40.3,+25.8,+15.5,+48.8,+39.4,+36.6,+20.0,+19.6,+20.1,+20.5,+20.3,+20.3,+20.2
2023-11-20 11:24,2,+40.3,+25.8,+15.5,+48.7,+39.4,+36.5,+20.1,+19.6,+20.1,+20.5,+20.3,+20.3,+20.3
2023-11-20 12:24,2,+40.2,+25.8,+15.5,+48.8,+39.4,+36.5,+20.3,+19.6,+20.1,+20.5,+20.3,+20.3,+20.3
2023-11-20 13:24,2,+40.3,+25.8,+15.5,+48.8,+39.4,+36.5,+20.5,+19.7,+20.1,+20.5,+20.2,+20.3,+20.3
2023-11-20 14:24,2,+40.3,+25.8,+15.5,+48.8,+39.4,+36.5,+20.6,+19.8,+20.1,+20.5,+20.2,+20.3,+20.3
2023-11-20 15:24,2,+40.3,+25.8,+15.5,+48.7,+39.4,+36.5,+20.6,+19.8,+20.1,+20.5,+20.2,+20.3,+20.3
2023-11-20 16:24,2,+40.3,+25.8,+15.5,+48.8,+39.4,+36.5,+20.7,+20.0,+20.1,+20.5,+20.3,+20.3,+20.3
2023-11-20 17:24,2,+40.3,+25.8,+15.5,+48.7,+39.3,+36.5,+20.6,+20.0,+20.1,+20.3,+20.2,+20.3,+20.3
2023-11-20 18:24,2,+40.3,+25.8,+15.5,+48.8,+39.4,+36.5,+20.6,+20.0,+20.1,+20.5,+20.3,+20.3,+20.3
2023-11-20 19:24,2,+40.3,+25.8,+15.5,+48.6,+39.3,+36.5,+20.6,+20.1,+20.1,+20.5,+20.2,+20.3,+20.3
2023-11-20 20:24,2,+40.2,+25.8,+15.5,+48.8,+39.4,+36.5,+20.6,+20.1,+20.2,+20.5,+20.3,+20.3,+20.3
2023-11-20 21:24,2,+40.2,+25.7,+15.5,+48.7,+39.3,+36.5,+20.5,+20.1,+20.2,+20.5,+20.2,+20.3,+20.2
2023-11-20 22:24,2,+40.2,+25.8,+15.5,+48.6,+39.3,+36.5,+20.5,+20.1,+20.2,+20.5,+20.2,+20.3,+20.3
2023-11-20 23:24,2,+40.2,+25.7,+15.5,+48.7,+39.3,+36.4,+20.3,+20.1,+20.2,+20.5,+20.2,+20.3,+20.3
2023-11-21 00:24,2,+40.2,+25.7,+15.5,+48.8,+39.4,+36.4,+20.2,+20.0,+20.2,+20.5,+20.2,+20.3,+20.3
2023-11-21 01:24,2,+40.1,+25.7,+15.4,+48.6,+39.3,+36.4,+20.2,+20.0,+20.2,+20.5,+20.2,+20.3,+20.3
2023-11-21 02:24,2,+40.1,+25.7,+15.5,+48.6,+39.3,+36.4,+20.1,+20.0,+20.2,+20.5,+20.3,+20.3,+20.2
2023-11-21 03:24,2,+40.1,+25.7,+15.5,+48.8,+39.4,+36.4,+20.0,+20.0,+20.2,+20.5,+20.2,+20.3,+20.3
2023-11-21 04:24,2,+40.1,+25.7,+15.4,+48.8,+39.4,+36.4,+20.0,+19.8,+20.2,+20.5,+20.3,+20.3,+20.3
2023-11-21 05:24,2,+40.1,+25.7,+15.5,+48.8,+39.4,+36.4,+19.8,+19.8,+20.2,+20.5,+20.3,+20.3,+20.3
2023-11-21 06:24,2,+40.0,+25.7,+15.4,+48.8,+39.4,+36.4,+19.8,+19.8,+20.2,+20.5,+20.2,+20.3,+20.3
2023-11-21 07:24,2,+40.0,+25.7,+15.4,+48.6,+39.3,+36.4,+19.7,+19.7,+20.2,+20.5,+20.3,+20.3,+20.2
2023-11-21 08:24,2,+40.0,+25.7,+15.4,+48.6,+39.3,+36.3,+19.7,+19.6,+20.1,+20.5,+20.3,+20.3,+20.3
2023-11-21 09:24,2,+40.0,+25.7,+15.4,+48.6,+39.3,+36.3,+19.7,+19.6,+20.1,+20.5,+20.3,+20.3,+20.3
2023-11-21 10:24,2,+40.0,+25.7,+15.4,+48.8,+39.3,+36.3,+19.8,+19.7,+20.1,+20.5,+20.2,+20.3,+20.2
2023-11-21 11:24,2,+40.0,+25.7,+15.4,+48.7,+39.3,+36.3,+20.0,+19.6,+20.1,+20.5,+20.2,+20.3,+20.3
2023-11-21 12:24,2,+40.0,+25.7,+15.4,+48.7,+39.3,+36.3,+20.2,+19.6,+20.1,+20.5,+20.2,+20.3,+20.3
2023-11-21 13:24,2,+40.0,+25.7,+15.4,+48.6,+39.3,+36.3,+20.5,+19.7,+20.1,+20.5,+20.2,+20.3,+20.3
2023-11-21 14:24,2,+40.0,+25.6,+15.4,+48.6,+39.3,+36.3,+20.7,+19.8,+20.1,+20.5,+20.2,+20.3,+20.3
2023-11-21 15:24,2,+40.0,+25.6,+15.4,+48.7,+39.3,+36.3,+20.8,+19.8,+20.1,+20.5,+20.2,+20.3,+20.3
2023-11-21 16:24,2,+40.1,+25.6,+15.4,+48.7,+39.3,+36.3,+20.8,+20.0,+20.1,+20.5,+20.3,+20.3,+20.3
2023-11-21 17:24,2,+40.8,+25.6,+15.4,+48.6,+39.2,+36.2,+20.8,+20.1,+20.1,+20.5,+20.2,+20.3,+20.3
2023-11-21 18:24,2,+41.7,+26.0,+15.4,+48.6,+39.2,+36.2,+20.7,+20.1,+20.1,+20.5,+20.3,+20.3,+20.3
2023-11-21 19:24,2,+42.0,+27.3,+15.6,+48.6,+39.2,+36.2,+20.6,+20.1,+20.2,+20.5,+20.2,+20.3,+20.3
2023-11-21 20:24,2,+42.0,+27.7,+16.1,+48.9,+39.8,+36.3,+20.3,+20.1,+20.2,+20.5,+20.3,+20.3,+20.3
2023-11-21 21:24,2,+41.8,+27.3,+16.0,+48.9,+40.2,+37.7,+20.2,+20.1,+20.2,+20.5,+20.2,+20.3,+20.2
2023-11-21 22:24,2,+41.4,+26.8,+15.9,+49.0,+40.3,+37.8,+20.2,+20.1,+20.2,+20.5,+20.2,+20.3,+20.3
2023-11-21 23:24,2,+41.1,+26.6,+15.8,+48.8,+40.2,+37.8,+20.1,+20.0,+20.2,+20.5,+20.2,+20.3,+20.3
2023-11-22 00:24,2,+41.0,+26.4,+15.7,+48.8,+40.2,+37.7,+20.1,+20.0,+20.2,+20.5,+20.2,+20.3,+20.3
2023-11-22 01:24,2,+40.9,+26.3,+15.7,+48.9,+40.2,+37.6,+20.0,+19.8,+20.2,+20.5,+20.3,+20.3,+20.2
2023-11-22 02:24,2,+40.8,+26.2,+15.7,+48.8,+40.1,+37.5,+20.0,+19.8,+20.2,+20.5,+20.2,+20.3,+20.2
2023-11-22 03:24,2,+40.7,+26.2,+15.6,+48.8,+40.1,+37.4,+19.8,+19.8,+20.2,+20.5,+20.3,+20.3,+20.2
2023-11-22 04:24,2,+40.6,+26.1,+15.6,+48.8,+40.1,+37.4,+19.7,+19.7,+20.2,+20.5,+20.3,+20.3,+20.3
2023-11-22 05:24,2,+40.6,+26.0,+15.6,+48.9,+39.9,+37.0,+19.6,+19.7,+20.2,+20.5,+20.3,+20.3,+20.3
2023-11-22 06:24,2,+40.6,+26.0,+15.5,+48.9,+39.9,+37.0,+19.6,+19.6,+20.1,+20.5,+20.2,+20.3,+20.3
2023-11-22 07:24,2,+40.6,+26.0,+15.5,+48.8,+39.7,+37.0,+19.5,+19.6,+20.1,+20.5,+20.2,+20.3,+20.3
2023-11-22 08:24,2,+40.8,+26.0,+15.6,+48.8,+39.7,+36.9,+19.5,+19.6,+20.1,+20.5,+20.3,+20.3,+20.3
2023-11-22 09:24,2,+40.8,+26.0,+15.5,+48.8,+39.7,+36.9,+19.5,+19.5,+20.1,+20.5,+20.2,+20.3,+20.3
2023-11-22 10:24,2,+40.7,+26.0,+15.5,+48.8,+39.7,+36.9,+19.6,+19.5,+20.1,+20.5,+20.2,+20.3,+20.3
2023-11-22 11:24,2,+40.7,+25.9,+15.5,+48.8,+39.6,+36.8,+19.6,+19.5,+20.0,+20.5,+20.2,+20.3,+20.3
2023-11-22 12:24,2,+40.7,+25.9,+15.5,+48.7,+39.6,+36.7,+19.7,+19.5,+20.0,+20.5,+20.3,+20.3,+20.2
2023-11-22 13:24,2,+40.7,+25.9,+15.5,+48.7,+39.6,+36.7,+19.8,+19.5,+20.0,+20.3,+20.2,+20.3,+20.2
2023-11-22 14:24,2,+40.6,+25.9,+15.5,+48.7,+39.6,+36.7,+20.0,+19.5,+20.0,+20.5,+20.2,+20.3,+20.3
2023-11-22 15:24,2,+40.6,+25.9,+15.5,+48.7,+39.6,+36.6,+20.0,+19.6,+20.0,+20.3,+20.2,+20.3,+20.3
2023-11-22 16:24,2,+40.6,+25.9,+15.5,+48.7,+39.5,+36.6,+20.0,+19.6,+20.0,+20.5,+20.2,+20.3,+20.2
2023-11-22 17:24,2,+40.6,+25.8,+15.5,+48.8,+39.6,+36.6,+20.0,+19.6,+20.0,+20.3,+20.3,+20.3,+20.2
2023-11-22 18:24,2,+40.5,+25.8,+15.5,+48.7,+39.5,+36.6,+20.0,+19.6,+20.0,+20.3,+20.2,+20.3,+20.3
2023-11-22 19:24,2,+40.5,+25.8,+15.5,+48.8,+39.5,+36.6,+20.0,+19.6,+20.0,+20.3,+20.2,+20.3,+20.3
2023-11-22 20:24,2,+40.5,+25.8,+15.5,+48.7,+39.5,+36.5,+19.8,+19.7,+20.0,+20.5,+20.2,+20.3,+20.3
2023-11-22 21:24,2,+40.5,+25.8,+15.5,+48.8,+39.5,+36.6,+19.8,+19.6,+20.0,+20.5,+20.2,+20.3,+20.3
2023-11-22 22:24,2,+40.4,+25.8,+15.5,+48.7,+39.5,+36.5,+19.7,+19.6,+20.0,+20.3,+20.2,+20.3,+20.3
2023-11-22 23:24,2,+40.4,+25.8,+15.5,+48.8,+39.5,+36.5,+19.7,+19.6,+20.0,+20.3,+20.2,+20.3,+20.3
2023-11-23 00:24,2,+40.4,+25.8,+15.5,+48.7,+39.4,+36.5,+19.6,+19.6,+20.0,+20.3,+20.2,+20.3,+20.3
2023-11-23 01:24,2,+40.4,+25.8,+15.5,+48.7,+39.4,+36.5,+19.6,+19.5,+20.0,+20.3,+20.2,+20.3,+20.3
2023-11-23 02:24,2,+40.4,+25.7,+15.5,+48.8,+39.5,+36.5,+19.5,+19.5,+20.0,+20.3,+20.2,+20.3,+20.3
2023-11-23 03:24,2,+40.4,+25.7,+15.5,+48.7,+39.4,+36.5,+19.5,+19.5,+20.0,+20.3,+20.2,+20.3,+20.2
2023-11-23 04:24,2,+40.4,+25.7,+15.5,+48.8,+39.5,+36.5,+19.5,+19.3,+20.0,+20.3,+20.2,+20.3,+20.3
2023-11-23 05:24,2,+40.3,+25.7,+15.5,+48.7,+39.4,+36.4,+19.5,+19.3,+20.0,+20.5,+20.2,+20.3,+20.3
2023-11-23 06:24,2,+40.4,+25.7,+15.5,+48.7,+39.4,+36.4,+19.3,+19.3,+19.8,+20.3,+20.2,+20.3,+20.3
2023-11-23 07:24,2,+40.4,+25.7,+15.5,+48.7,+39.4,+36.4,+19.3,+19.3,+20.0,+20.3,+20.2,+20.3,+20.2
2023-11-23 08:24,2,+40.5,+25.7,+15.5,+48.8,+39.4,+36.4,+19.5,+19.3,+19.8,+20.5,+20.2,+20.3,+20.2
2023-11-23 09:24,2,+40.5,+25.7,+15.5,+48.7,+39.4,+36.4,+19.5,+19.3,+19.8,+20.3,+20.2,+20.3,+20.2
2023-11-23 10:24,2,+40.5,+25.7,+15.5,+48.7,+39.4,+36.4,+19.6,+19.3,+19.8,+20.3,+20.2,+20.3,+20.3
2023-11-23 11:24,2,+40.7,+25.7,+15.5,+48.8,+39.4,+36.4,+19.7,+19.3,+19.8,+20.3,+20.2,+20.3,+20.3
2023-11-23 12:24,2,+40.7,+25.7,+15.5,+48.8,+39.4,+36.4,+20.0,+19.5,+19.8,+20.3,+20.2,+20.3,+20.3
2023-11-23 13:24,2,+40.8,+25.7,+15.5,+48.8,+39.4,+36.4,+20.1,+19.5,+19.8,+20.3,+20.2,+20.3,+20.3
2023-11-23 14:24,2,+40.8,+25.8,+15.5,+48.7,+39.3,+36.3,+20.3,+19.5,+19.8,+20.3,+20.2,+20.3,+20.3
2023-11-23 15:24,2,+40.8,+25.8,+15.5,+48.7,+39.3,+36.4,+20.5,+19.6,+19.8,+20.3,+20.2,+20.3,+20.3
2023-11-23 16:24,2,+40.8,+25.8,+15.5,+48.7,+39.3,+36.4,+20.6,+19.7,+19.8,+20.3,+20.2,+20.2,+20.2
2023-11-23 17:24,2,+40.7,+25.8,+15.5,+48.7,+39.3,+36.3,+20.6,+19.7,+19.8,+20.3,+20.2,+20.3,+20.3
2023-11-23 18:24,2,+40.7,+25.8,+15.5,+48.7,+39.3,+36.3,+20.6,+19.8,+20.0,+20.3,+20.2,+20.3,+20.3
2023-11-23 19:24,2,+40.9,+25.8,+15.5,+48.8,+39.3,+36.3,+20.5,+20.0,+20.0,+20.3,+20.2,+20.3,+20.2
2023-11-23 20:24,2,+41.1,+25.8,+15.5,+48.8,+39.3,+36.3,+20.3,+19.8,+20.0,+20.3,+20.2,+20.3,+20.2
2023-11-23 21:24,2,+41.3,+25.8,+15.5,+48.8,+39.3,+36.3,+20.3,+20.0,+20.0,+20.3,+20.2,+20.3,+20.3
2023-11-23 22:24,2,+41.6,+26.0,+15.5,+48.7,+39.3,+36.2,+20.2,+19.8,+20.1,+20.3,+20.2,+20.3,+20.3
2023-11-23 23:24,2,+41.8,+26.4,+15.5,+48.7,+39.3,+36.3,+20.2,+19.8,+20.0,+20.3,+20.2,+20.3,+20.3
2023-11-24 00:24,2,+41.8,+26.8,+15.7,+48.8,+39.3,+36.3,+20.1,+19.8,+20.0,+20.3,+20.2,+20.3,+20.3
2023-11-24 01:24,2,+41.8,+26.8,+15.8,+48.8,+39.3,+36.2,+20.1,+19.8,+20.1,+20.3,+20.2,+20.2,+20.2
2023-11-24 02:24,2,+41.8,+26.8,+15.8,+48.9,+39.5,+36.3,+20.1,+19.7,+20.1,+20.3,+20.2,+20.2,+20.2
2023-11-24 03:24,2,+41.6,+26.7,+15.8,+48.8,+39.7,+36.4,+20.0,+19.8,+20.1,+20.3,+20.2,+20.2,+20.2
2023-11-24 04:24,2,+41.4,+26.6,+15.8,+48.9,+39.9,+36.9,+20.0,+19.7,+20.1,+20.3,+20.2,+20.3,+20.2
2023-11-24 05:24,2,+41.3,+26.5,+15.8,+49.0,+40.1,+37.3,+19.8,+19.7,+20.0,+20.3,+20.2,+20.3,+20.2
2023-11-24 06:24,2,+41.3,+26.3,+15.7,+48.8,+40.1,+37.3,+19.8,+19.7,+20.0,+20.3,+20.2,+20.2,+20.2
2023-11-24 07:24,2,+41.1,+26.3,+15.7,+49.0,+40.1,+37.4,+19.8,+19.7,+20.0,+20.3,+20.2,+20.2,+20.2
2023-11-24 08:24,2,+41.1,+26.2,+15.7,+48.8,+40.1,+37.3,+19.8,+19.7,+20.0,+20.3,+20.2,+20.2,+20.2
2023-11-24 09:24,2,+41.1,+26.2,+15.7,+48.9,+40.1,+37.3,+20.0,+19.6,+20.0,+20.3,+20.2,+20.2,+20.2
2023-11-24 10:24,2,+40.9,+26.1,+15.6,+48.8,+39.9,+37.2,+20.0,+19.7,+20.1,+20.3,+20.2,+20.2,+20.2
2023-11-24 11:24,2,+40.8,+26.1,+15.6,+48.9,+39.9,+37.2,+20.2,+19.7,+20.0,+20.5,+20.2,+20.2,+20.2
2023-11-24 12:24,2,+40.8,+26.0,+15.6,+48.8,+39.8,+37.1,+20.5,+19.7,+20.0,+20.3,+20.2,+20.2,+20.2
2023-11-24 13:24,2,+40.7,+26.0,+15.6,+48.8,+39.8,+37.1,+20.6,+19.7,+20.0,+20.3,+20.2,+20.2,+20.2
2023-11-24 14:24,2,+40.7,+26.0,+15.6,+48.9,+39.8,+37.1,+20.7,+19.8,+20.0,+20.3,+20.2,+20.2,+20.2
2023-11-24 15:24,2,+40.7,+25.9,+15.6,+48.8,+39.7,+36.9,+20.8,+20.0,+20.0,+20.3,+20.2,+20.2,+20.2
2023-11-24 16:24,2,+40.8,+25.9,+15.6,+48.9,+39.7,+36.9,+20.8,+20.1,+20.1,+20.3,+20.2,+20.3,+20.2
2023-11-24 17:24,2,+41.0,+25.9,+15.6,+48.8,+39.6,+36.8,+20.8,+20.1,+20.1,+20.3,+20.2,+20.3,+20.2
2023-11-24 18:24,2,+41.1,+26.0,+15.6,+48.8,+39.6,+36.8,+20.7,+20.1,+20.1,+20.3,+20.2,+20.2,+20.2
2023-11-24 19:24,2,+41.2,+26.0,+15.6,+48.9,+39.7,+36.7,+20.6,+20.1,+20.1,+20.3,+20.2,+20.3,+20.2
2023-11-24 20:24,2,+41.2,+26.1,+15.6,+48.9,+39.6,+36.7,+20.6,+20.2,+20.2,+20.3,+20.2,+20.2,+20.2
2023-11-24 21:24,2,+41.1,+26.2,+15.6,+48.9,+39.6,+36.7,+20.5,+20.1,+20.2,+20.3,+20.2,+20.2,+20.2
2023-11-24 22:24,2,+41.1,+26.2,+15.6,+48.8,+39.6,+36.7,+20.5,+20.1,+20.2,+20.3,+20.2,+20.2,+20.3
2023-11-24 23:24,2,+41.0,+26.2,+15.6,+48.8,+39.6,+36.7,+20.3,+20.0,+20.2,+20.5,+20.2,+20.2,+20.2
2023-11-25 00:24,2,+40.9,+26.1,+15.6,+48.9,+39.6,+36.7,+20.2,+20.0,+20.2,+20.3,+20.2,+20.2,+20.2
2023-11-25 01:24,2,+40.9,+26.1,+15.6,+48.8,+39.6,+36.7,+20.2,+20.0,+20.2,+20.3,+20.2,+20.2,+20.2
2023-11-25 02:24,2,+40.8,+26.1,+15.6,+48.8,+39.6,+36.7,+20.2,+20.0,+20.2,+20.3,+20.2,+20.2,+20.3
2023-11-25 03:24,2,+40.8,+26.1,+15.6,+48.9,+39.7,+36.7,+20.1,+19.8,+20.2,+20.3,+20.2,+20.2,+20.2
2023-11-25 04:24,2,+40.7,+26.0,+15.6,+48.9,+39.7,+36.7,+20.0,+19.8,+20.2,+20.5,+20.2,+20.3,+20.2
2023-11-25 05:24,2,+40.7,+26.0,+15.6,+48.9,+39.7,+36.7,+20.0,+19.8,+20.2,+20.3,+20.2,+20.3,+20.2
2023-11-25 06:24,2,+40.7,+26.0,+15.6,+48.9,+39.6,+36.7,+20.0,+19.8,+20.2,+20.5,+20.2,+20.2,+20.2
2023-11-25 07:24,2,+40.7,+26.0,+15.6,+48.8,+39.6,+36.7,+19.8,+19.7,+20.1,+20.5,+20.2,+20.2,+20.2
2023-11-25 08:24,2,+40.7,+25.9,+15.6,+48.9,+39.6,+36.7,+19.8,+19.7,+20.1,+20.5,+20.2,+20.2,+20.3
2023-11-25 09:24,2,+40.7,+25.9,+15.6,+48.9,+39.6,+36.7,+19.8,+19.7,+20.1,+20.5,+20.2,+20.3,+20.2
2023-11-25 10:24,2,+40.7,+25.9,+15.6,+48.9,+39.6,+36.7,+20.0,+19.7,+20.1,+20.3,+20.2,+20.3,+20.2
2023-11-25 11:24,2,+40.9,+25.9,+15.5,+48.9,+39.6,+36.7,+20.1,+19.7,+20.1,+20.3,+20.2,+20.3,+20.2
2023-11-25 12:24,2,+40.9,+25.9,+15.6,+48.8,+39.6,+36.6,+20.3,+19.7,+20.1,+20.5,+20.2,+20.3,+20.2
2023-11-25 13:24,2,+40.9,+25.9,+15.5,+48.9,+39.6,+36.6,+20.6,+19.7,+20.1,+20.5,+20.2,+20.3,+20.3
2023-11-25 14:24,2,+40.9,+25.9,+15.6,+48.8,+39.5,+36.6,+20.7,+19.8,+20.1,+20.3,+20.2,+20.3,+20.2
2023-11-25 15:24,2,+40.9,+25.9,+15.6,+48.8,+39.5,+36.6,+20.8,+20.0,+20.1,+20.3,+20.2,+20.3,+20.2
2023-11-25 16:24,2,+40.9,+25.9,+15.5,+48.9,+39.6,+36.6,+20.7,+20.1,+20.1,+20.3,+20.2,+20.3,+20.2
2023-11-25 17:24,2,+40.8,+25.8,+15.5,+48.8,+39.5,+36.6,+20.8,+20.1,+20.1,+20.3,+20.2,+20.3,+20.2
2023-11-25 18:24,2,+40.8,+25.9,+15.5,+48.8,+39.5,+36.5,+20.7,+20.1,+20.2,+20.3,+20.2,+20.3,+20.2
2023-11-25 19:24,2,+40.9,+25.8,+15.5,+48.8,+39.5,+36.5,+20.6,+20.2,+20.2,+20.3,+20.2,+20.3,+20.2
2023-11-25 20:24,2,+41.3,+25.8,+15.5,+48.7,+39.4,+36.5,+20.5,+20.1,+20.2,+20.5,+20.2,+20.3,+20.2
2023-11-25 21:24,2,+41.5,+25.9,+15.5,+48.8,+39.4,+36.5,+20.5,+20.1,+20.2,+20.5,+20.2,+20.2,+20.3
2023-11-25 22:24,2,+41.5,+26.0,+15.5,+48.7,+39.4,+36.5,+20.3,+20.1,+20.2,+20.3,+20.2,+20.3,+20.2
2023-11-25 23:24,2,+41.5,+26.1,+15.6,+48.8,+39.5,+36.5,+20.2,+20.0,+20.2,+20.5,+20.2,+20.2,+20.2
2023-11-26 00:24,2,+41.5,+26.1,+15.6,+48.8,+39.5,+36.5,+20.2,+20.0,+20.2,+20.5,+20.2,+20.3,+20.2
2023-11-26 01:24,2,+41.4,+26.1,+15.6,+48.8,+39.5,+36.5,+20.1,+20.0,+20.2,+20.5,+20.2,+20.3,+20.2
2023-11-26 02:24,2,+41.3,+26.1,+15.6,+48.8,+39.5,+36.5,+20.0,+20.0,+20.2,+20.3,+20.2,+20.3,+20.3
2023-11-26 03:24,2,+41.3,+26.1,+15.6,+48.8,+39.5,+36.5,+20.0,+19.8,+20.2,+20.5,+20.2,+20.3,+20.2
2023-11-26 04:24,2,+41.2,+26.1,+15.6,+48.8,+39.5,+36.5,+19.8,+19.8,+20.2,+20.5,+20.2,+20.3,+20.3
2023-11-26 05:24,2,+41.2,+26.1,+15.6,+48.8,+39.5,+36.5,+19.8,+19.7,+20.2,+20.5,+20.2,+20.3,+20.2
2023-11-26 06:24,2,+41.1,+26.1,+15.6,+48.9,+39.6,+36.5,+19.7,+19.8,+20.1,+20.5,+20.2,+20.3,+20.2
2023-11-26 07:24,2,+41.0,+26.0,+15.6,+48.9,+39.6,+36.5,+19.7,+19.7,+20.1,+20.5,+20.2,+20.2,+20.2
2023-11-26 08:24,2,+41.0,+26.0,+15.6,+48.9,+39.6,+36.5,+19.7,+19.7,+20.1,+20.5,+20.2,+20.2,+20.2
2023-11-26 09:24,2,+41.0,+26.0,+15.6,+48.8,+39.6,+36.5,+19.8,+19.6,+20.1,+20.5,+20.2,+20.3,+20.3
2023-11-26 10:24,2,+40.9,+26.0,+15.6,+48.8,+39.5,+36.5,+20.0,+19.6,+20.1,+20.5,+20.2,+20.3,+20.2
2023-11-26 11:24,2,+41.1,+26.0,+15.6,+48.9,+39.6,+36.6,+20.1,+19.6,+20.1,+20.3,+20.2,+20.3,+20.2
2023-11-26 12:24,2,+41.1,+26.0,+15.6,+48.9,+39.6,+36.6,+20.2,+19.7,+20.1,+20.3,+20.2,+20.3,+20.2
2023-11-26 13:24,2,+41.1,+25.9,+15.6,+48.8,+39.6,+36.5,+20.5,+19.7,+20.1,+20.5,+20.3,+20.3,+20.2
2023-11-26 14:24,2,+41.1,+25.9,+15.6,+48.9,+39.6,+36.6,+20.6,+19.8,+20.1,+20.5,+20.2,+20.3,+20.2
2023-11-26 15:24,2,+41.0,+25.9,+15.6,+48.8,+39.6,+36.5,+20.7,+19.8,+20.1,+20.3,+20.2,+20.2,+20.3
2023-11-26 16:24,2,+41.0,+25.9,+15.6,+48.9,+39.6,+36.6,+20.8,+20.0,+20.1,+20.5,+20.2,+20.3,+20.2
2023-11-26 17:24,2,+41.0,+25.9,+15.6,+48.9,+39.6,+36.6,+20.7,+20.0,+20.1,+20.5,+20.2,+20.3,+20.2
2023-11-26 18:24,2,+41.1,+25.9,+15.6,+48.8,+39.5,+36.5,+20.7,+20.1,+20.1,+20.5,+20.2,+20.3,+20.2
2023-11-26 19:24,2,+41.1,+25.9,+15.6,+48.8,+39.5,+36.5,+20.6,+20.1,+20.1,+20.3,+20.2,+20.3,+20.3
2023-11-26 20:24,2,+41.1,+25.9,+15.6,+48.8,+39.5,+36.5,+20.6,+20.1,+20.2,+20.3,+20.2,+20.3,+20.2
2023-11-26 21:24,2,+41.1,+25.9,+15.6,+48.8,+39.5,+36.5,+20.5,+20.1,+20.1,+20.5,+20.2,+20.3,+20.2
2023-11-26 22:24,2,+41.0,+25.9,+15.6,+48.8,+39.5,+36.5,+20.5,+20.1,+20.2,+20.5,+20.2,+20.3,+20.2
2023-11-26 23:24,2,+41.0,+25.9,+15.6,+48.8,+39.5,+36.5,+20.3,+20.1,+20.2,+20.5,+20.2,+20.3,+20.2
2023-11-27 00:24,2,+41.0,+25.9,+15.6,+48.7,+39.5,+36.5,+20.3,+20.0,+20.2,+20.5,+20.2,+20.3,+20.2
2023-11-27 01:24,2,+41.0,+25.9,+15.6,+48.8,+39.5,+36.5,+20.2,+20.0,+20.2,+20.5,+20.2,+20.3,+20.2
2023-11-27 02:24,2,+41.0,+25.8,+15.6,+48.7,+39.5,+36.5,+20.1,+20.0,+20.1,+20.5,+20.2,+20.3,+20.2
2023-11-27 03:24,2,+41.0,+25.8,+15.5,+48.8,+39.5,+36.5,+20.1,+20.0,+20.2,+20.5,+20.2,+20.2,+20.2
2023-11-27 04:24,2,+40.9,+25.8,+15.5,+48.8,+39.5,+36.5,+20.0,+19.8,+20.2,+20.5,+20.2,+20.3,+20.2
2023-11-27 05:24,2,+40.9,+25.8,+15.5,+48.8,+39.5,+36.5,+19.8,+19.8,+20.2,+20.5,+20.2,+20.3,+20.2
2023-11-27 06:24,2,+40.9,+25.8,+15.5,+48.8,+39.4,+36.4,+19.8,+19.8,+20.2,+20.5,+20.2,+20.3,+20.2
2023-11-27 07:24,2,+40.9,+25.8,+15.5,+48.8,+39.5,+36.5,+19.8,+19.7,+20.2,+20.5,+20.2,+20.3,+20.2
2023-11-27 08:24,2,+40.9,+25.8,+15.5,+48.8,+39.5,+36.5,+19.8,+19.7,+20.1,+20.5,+20.2,+20.3,+20.3
2023-11-27 09:24,2,+40.9,+25.8,+15.5,+48.8,+39.4,+36.4,+19.7,+19.7,+20.2,+20.5,+20.2,+20.3,+20.2
2023-11-27 10:24,2,+40.9,+25.8,+15.5,+48.7,+39.4,+36.4,+19.7,+19.7,+20.1,+20.5,+20.2,+20.3,+20.3
2023-11-27 11:24,2,+40.9,+25.8,+15.5,+48.8,+39.5,+36.4,+19.8,+19.6,+20.1,+20.5,+20.2,+20.3,+20.3
2023-11-27 12:24,2,+41.0,+25.8,+15.5,+48.7,+39.4,+36.4,+19.8,+19.6,+20.1,+20.5,+20.2,+20.3,+20.3
2023-11-27 13:24,2,+41.1,+25.8,+15.5,+48.8,+39.5,+36.4,+20.0,+19.6,+20.1,+20.5,+20.2,+20.3,+20.3
2023-11-27 14:24,2,+41.2,+25.8,+15.5,+48.7,+39.4,+36.4,+20.1,+19.6,+20.1,+20.5,+20.2,+20.2,+20.2
2023-11-27 15:24,2,+41.2,+25.8,+15.5,+48.8,+39.4,+36.4,+20.1,+19.7,+20.1,+20.5,+20.2,+20.3,+20.2
2023-11-27 16:24,2,+41.3,+25.8,+15.5,+48.8,+39.4,+36.4,+20.0,+19.7,+20.1,+20.5,+20.2,+20.3,+20.2
2023-11-27 17:24,2,+41.3,+25.8,+15.5,+48.7,+39.3,+36.4,+20.0,+19.7,+20.0,+20.3,+20.2,+20.3,+20.2
2023-11-27 18:24,2,+41.3,+25.8,+15.5,+48.7,+39.3,+36.4,+19.8,+19.7,+20.0,+20.3,+20.2,+20.3,+20.2
2023-11-27 19:24,2,+41.3,+25.8,+15.5,+48.8,+39.4,+36.4,+19.8,+19.7,+20.1,+20.5,+20.2,+20.3,+20.2
2023-11-27 20:24,2,+41.4,+25.8,+15.5,+48.8,+39.4,+36.4,+19.7,+19.6,+20.1,+20.5,+20.2,+20.3,+20.2
2023-11-27 21:24,2,+41.4,+25.9,+15.5,+48.8,+39.4,+36.4,+19.7,+19.6,+20.1,+20.5,+20.2,+20.3,+20.3
2023-11-27 22:24,2,+41.4,+25.9,+15.5,+48.7,+39.3,+36.3,+19.5,+19.6,+20.1,+20.5,+20.2,+20.3,+20.2
2023-11-27 23:24,2,+41.4,+25.9,+15.5,+48.7,+39.3,+36.3,+19.3,+19.5,+20.0,+20.5,+20.3,+20.3,+20.2
2023-11-28 00:24,2,+41.4,+25.9,+15.5,+48.8,+39.4,+36.4,+19.3,+19.5,+20.0,+20.3,+20.2,+20.3,+20.3
2023-11-28 01:24,2,+41.3,+25.9,+15.5,+48.7,+39.3,+36.3,+19.2,+19.3,+20.0,+20.3,+20.2,+20.3,+20.2
2023-11-28 02:24,2,+41.3,+25.9,+15.5,+48.8,+39.3,+36.3,+19.1,+19.3,+20.0,+20.3,+20.2,+20.3,+20.3
2023-11-28 03:24,2,+41.3,+25.9,+15.5,+48.7,+39.3,+36.3,+19.1,+19.2,+20.0,+20.3,+20.2,+20.3,+20.2
2023-11-28 04:24,2,+41.3,+25.9,+15.5,+48.8,+39.4,+36.4,+19.0,+19.2,+19.8,+20.3,+20.2,+20.3,+20.2
2023-11-28 05:24,2,+41.2,+25.9,+15.5,+48.8,+39.4,+36.4,+19.0,+19.2,+19.8,+20.3,+20.2,+20.3,+20.2
2023-11-28 06:24,2,+41.3,+25.9,+15.5,+48.8,+39.3,+36.3,+18.8,+19.1,+19.8,+20.3,+20.2,+20.3,+20.2
2023-11-28 07:24,2,+41.4,+25.9,+15.5,+48.9,+39.4,+36.4,+18.8,+19.0,+19.8,+20.3,+20.2,+20.3,+20.2
2023-11-28 08:24,2,+41.4,+25.8,+15.5,+48.9,+39.4,+36.4,+18.8,+19.0,+19.8,+20.2,+20.2,+20.3,+20.2
2023-11-28 09:24,2,+41.5,+25.8,+15.5,+48.9,+39.4,+36.4,+18.8,+19.0,+19.8,+20.3,+20.2,+20.3,+20.3
2023-11-28 10:24,2,+41.5,+25.8,+15.5,+48.9,+39.4,+36.4,+18.8,+19.0,+19.7,+20.3,+20.2,+20.3,+20.3
2023-11-28 11:24,2,+41.5,+25.8,+15.5,+48.8,+39.4,+36.3,+19.0,+18.8,+19.7,+20.3,+20.2,+20.3,+20.2
2023-11-28 12:24,2,+41.5,+25.8,+15.5,+48.8,+39.3,+36.3,+19.2,+19.0,+19.7,+20.3,+20.2,+20.3,+20.2
2023-11-28 13:24,2,+41.5,+25.8,+15.5,+48.9,+39.4,+36.4,+19.3,+19.0,+19.7,+20.3,+20.2,+20.3,+20.3
2023-11-28 14:24,2,+41.5,+25.8,+15.5,+48.9,+39.4,+36.4,+19.6,+19.0,+19.7,+20.3,+20.2,+20.2,+20.2
2023-11-28 15:24,2,+41.6,+25.8,+15.5,+48.9,+39.4,+36.3,+19.8,+19.1,+19.7,+20.2,+20.2,+20.3,+20.2
2023-11-28 16:24,2,+41.8,+25.8,+15.5,+48.8,+39.3,+36.3,+19.8,+19.2,+19.7,+20.2,+20.2,+20.3,+20.2
2023-11-28 17:24,2,+41.8,+25.8,+15.5,+48.8,+39.4,+36.4,+19.7,+19.3,+19.7,+20.3,+20.2,+20.2,+20.2
2023-11-28 18:24,2,+41.9,+25.9,+15.5,+48.8,+39.4,+36.3,+19.7,+19.3,+19.6,+20.2,+20.2,+20.3,+20.2
2023-11-28 19:24,2,+41.9,+25.9,+15.5,+48.8,+39.3,+36.3,+19.6,+19.3,+19.7,+20.2,+20.2,+20.2,+20.2
2023-11-28 20:24,2,+41.9,+25.9,+15.5,+48.8,+39.3,+36.3,+19.6,+19.2,+19.7,+20.2,+20.2,+20.3,+20.2
2023-11-28 21:24,2,+42.0,+26.0,+15.5,+48.8,+39.4,+36.3,+19.5,+19.2,+19.7,+20.2,+20.1,+20.2,+20.2
2023-11-28 22:24,2,+42.0,+26.0,+15.6,+48.9,+39.4,+36.3,+19.5,+19.3,+19.7,+20.2,+20.1,+20.2,+20.2
2023-11-28 23:24,2,+41.9,+26.0,+15.6,+48.8,+39.4,+36.3,+19.3,+19.2,+19.7,+20.2,+20.1,+20.2,+20.2
2023-11-29 00:24,2,+41.9,+26.0,+15.6,+48.8,+39.4,+36.3,+19.2,+19.2,+19.7,+20.2,+20.1,+20.2,+20.2
2023-11-29 01:24,2,+41.9,+26.0,+15.6,+48.9,+39.4,+36.4,+19.1,+19.2,+19.7,+20.2,+20.1,+20.2,+20.2
2023-11-29 02:24,2,+41.8,+26.0,+15.6,+48.9,+39.4,+36.4,+19.1,+19.1,+19.7,+20.2,+20.1,+20.2,+20.2
2023-11-29 03:24,2,+41.8,+26.0,+15.6,+48.8,+39.4,+36.3,+19.0,+19.1,+19.7,+20.2,+20.1,+20.2,+20.2
2023-11-29 04:24,2,+41.7,+26.0,+15.6,+48.8,+39.4,+36.3,+19.0,+19.1,+19.7,+20.2,+20.1,+20.2,+20.2
2023-11-29 05:24,2,+41.7,+26.0,+15.6,+48.8,+39.4,+36.4,+18.8,+19.0,+19.6,+20.2,+20.1,+20.2,+20.2
2023-11-29 06:24,2,+41.7,+26.0,+15.6,+48.9,+39.5,+36.4,+18.8,+19.0,+19.6,+20.2,+20.1,+20.2,+20.2
2023-11-29 07:24,2,+41.6,+26.0,+15.6,+48.8,+39.5,+36.4,+18.7,+19.0,+19.7,+20.2,+20.1,+20.2,+20.2
2023-11-29 08:24,2,+41.5,+25.9,+15.5,+48.8,+39.5,+36.4,+18.7,+18.8,+19.6,+20.2,+20.1,+20.2,+20.2
2023-11-29 09:24,2,+41.5,+25.9,+15.6,+48.8,+39.5,+36.4,+18.7,+18.8,+19.6,+20.2,+20.1,+20.2,+20.2
2023-11-29 10:24,2,+41.5,+25.9,+15.5,+48.9,+39.5,+36.4,+18.8,+18.7,+19.6,+20.1,+20.2,+20.2,+20.2
2023-11-29 11:24,2,+41.5,+25.9,+15.5,+48.9,+39.5,+36.5,+18.8,+18.8,+19.6,+20.2,+20.1,+20.2,+20.3
2023-11-29 12:24,2,+41.5,+25.9,+15.5,+48.8,+39.5,+36.4,+19.0,+18.8,+19.5,+20.1,+20.1,+20.2,+20.2
2023-11-29 13:24,2,+41.4,+25.8,+15.5,+48.9,+39.5,+36.5,+19.1,+18.7,+19.5,+20.1,+20.1,+20.2,+20.2
2023-11-29 14:24,2,+41.5,+25.8,+15.5,+48.9,+39.5,+36.5,+19.2,+18.8,+19.5,+20.1,+20.1,+20.2,+20.2
2023-11-29 15:24,2,+41.4,+25.8,+15.5,+48.9,+39.5,+36.5,+19.2,+18.8,+19.5,+20.1,+20.1,+20.2,+20.2
2023-11-29 16:24,2,+41.4,+25.8,+15.5,+48.8,+39.5,+36.4,+19.3,+19.0,+19.5,+20.1,+20.1,+20.2,+20.2
2023-11-29 17:24,2,+41.4,+25.8,+15.5,+48.8,+39.5,+36.5,+19.2,+19.0,+19.5,+20.1,+20.1,+20.2,+20.2
2023-11-29 18:24,2,+41.4,+25.8,+15.5,+48.8,+39.5,+36.5,+19.2,+19.1,+19.5,+20.1,+20.1,+20.2,+20.2
2023-11-29 19:24,2,+41.4,+25.8,+15.5,+48.8,+39.5,+36.4,+19.2,+19.0,+19.5,+20.1,+20.1,+20.2,+20.2
2023-11-29 20:24,2,+41.3,+25.8,+15.5,+48.9,+39.5,+36.5,+19.2,+19.0,+19.5,+20.1,+20.0,+20.2,+20.2
2023-11-29 21:24,2,+41.3,+25.8,+15.5,+48.9,+39.5,+36.5,+19.1,+19.0,+19.5,+20.1,+20.1,+20.2,+20.1
2023-11-29 22:24,2,+41.4,+25.8,+15.5,+48.9,+39.5,+36.5,+19.1,+19.0,+19.5,+20.1,+20.1,+20.1,+20.2
2023-11-29 23:24,2,+41.4,+25.8,+15.5,+48.8,+39.5,+36.4,+19.1,+19.0,+19.5,+20.0,+20.0,+20.2,+20.2
2023-11-30 00:24,2,+41.5,+25.8,+15.5,+48.8,+39.5,+36.4,+19.1,+19.0,+19.5,+20.1,+20.1,+20.1,+20.2
2023-11-30 01:24,2,+41.5,+25.8,+15.5,+48.9,+39.5,+36.5,+19.1,+19.0,+19.5,+20.0,+20.0,+20.1,+20.2
2023-11-30 02:24,2,+41.5,+25.8,+15.5,+48.8,+39.5,+36.4,+19.0,+19.0,+19.5,+20.1,+20.1,+20.2,+20.2
2023-11-30 03:24,2,+41.4,+25.8,+15.5,+48.9,+39.5,+36.5,+19.0,+19.0,+19.5,+20.1,+20.0,+20.1,+20.2
2023-11-30 04:24,2,+41.4,+25.8,+15.5,+48.9,+39.5,+36.5,+19.0,+18.8,+19.5,+20.1,+20.0,+20.2,+20.2
2023-11-30 05:24,2,+41.4,+25.8,+15.5,+48.9,+39.5,+36.4,+18.8,+18.8,+19.5,+20.0,+20.1,+20.1,+20.2
2023-11-30 06:24,2,+41.4,+25.8,+15.5,+48.8,+39.4,+36.4,+18.8,+18.8,+19.5,+20.0,+20.0,+20.1,+20.2
2023-11-30 07:24,2,+41.4,+25.8,+15.5,+48.8,+39.5,+36.4,+18.8,+18.8,+19.5,+20.0,+20.0,+20.2,+20.2
2023-11-30 08:24,2,+41.5,+25.8,+15.5,+48.9,+39.5,+36.4,+19.0,+18.8,+19.5,+20.0,+20.0,+20.1,+20.2
2023-11-30 09:24,2,+41.5,+25.8,+15.5,+48.7,+39.4,+36.4,+19.0,+18.7,+19.5,+20.0,+20.0,+20.1,+20.2
2023-11-30 10:24,2,+41.5,+25.8,+15.5,+48.8,+39.4,+36.4,+19.1,+18.8,+19.3,+20.0,+20.0,+20.1,+20.2
2023-11-30 11:24,2,+41.5,+25.8,+15.5,+48.9,+39.5,+36.4,+19.2,+18.8,+19.5,+20.0,+20.0,+20.1,+20.1
2023-11-30 12:24,2,+41.5,+25.8,+15.5,+48.8,+39.4,+36.4,+19.3,+18.8,+19.5,+20.0,+20.0,+20.1,+20.2
2023-11-30 13:24,2,+41.5,+25.8,+15.5,+48.7,+39.4,+36.4,+19.6,+19.0,+19.5,+20.0,+20.0,+20.1,+20.1
2023-11-30 14:24,2,+41.6,+25.8,+15.5,+48.7,+39.4,+36.4,+19.7,+19.0,+19.5,+20.0,+20.0,+20.1,+20.2
2023-11-30 15:24,2,+41.7,+25.8,+15.5,+48.8,+39.4,+36.3,+19.8,+19.1,+19.5,+20.0,+20.0,+20.1,+20.2
2023-11-30 16:24,2,+41.7,+25.8,+15.5,+48.7,+39.4,+36.4,+19.8,+19.2,+19.5,+20.0,+20.0,+20.1,+20.1
2023-11-30 17:24,2,+41.7,+25.8,+15.5,+48.7,+39.4,+36.3,+19.8,+19.2,+19.5,+20.0,+20.0,+20.1,+20.2
2023-11-30 18:24,2,+41.7,+25.8,+15.5,+48.9,+39.4,+36.4,+19.7,+19.3,+19.6,+20.0,+20.0,+20.0,+20.2
2023-11-30 19:24,2,+41.7,+25.8,+15.5,+48.8,+39.4,+36.4,+19.7,+19.3,+19.5,+20.0,+20.0,+20.1,+20.2
2023-11-30 20:24,2,+41.6,+25.8,+15.5,+48.8,+39.4,+36.4,+19.6,+19.3,+19.6,+20.0,+20.0,+20.1,+20.2
2023-11-30 21:24,2,+41.6,+25.8,+15.5,+48.9,+39.4,+36.4,+19.5,+19.2,+19.6,+20.0,+20.0,+20.1,+20.1
2023-11-30 22:24,2,+41.6,+25.8,+15.5,+48.8,+39.4,+36.4,+19.5,+19.3,+19.6,+20.0,+20.0,+20.1,+20.1
2023-11-30 23:24,2,+41.6,+25.8,+15.5,+48.7,+39.4,+36.3,+19.3,+19.3,+19.6,+20.0,+20.0,+20.1,+20.2
2023-12-01 00:24,2,+41.6,+25.8,+15.5,+48.8,+39.4,+36.4,+19.2,+19.2,+19.6,+20.0,+20.0,+20.1,+20.1
2023-12-01 01:24,2,+41.5,+25.8,+15.5,+48.8,+39.4,+36.4,+19.1,+19.2,+19.6,+20.0,+20.0,+20.1,+20.1
2023-12-01 02:24,2,+41.5,+25.8,+15.5,+48.8,+39.4,+36.3,+19.0,+19.1,+19.6,+20.0,+20.0,+20.0,+20.1
2023-12-01 03:24,2,+41.5,+25.8,+15.5,+48.8,+39.4,+36.4,+19.0,+19.0,+19.6,+20.0,+20.0,+20.1,+20.1
2023-12-01 04:24,2,+41.5,+25.8,+15.5,+48.8,+39.4,+36.4,+19.0,+19.0,+19.5,+20.0,+20.0,+20.1,+20.1
2023-12-01 05:24,2,+41.5,+25.8,+15.5,+48.8,+39.4,+36.4,+18.8,+19.0,+19.6,+20.0,+20.0,+20.1,+20.1
2023-12-01 06:24,2,+41.5,+25.8,+15.5,+48.8,+39.3,+36.3,+18.8,+18.8,+19.6,+20.0,+20.0,+20.1,+20.1
2023-12-01 07:24,2,+41.4,+25.8,+15.5,+48.9,+39.4,+36.4,+18.8,+18.8,+19.6,+20.0,+20.0,+20.0,+20.1
2023-12-01 08:24,2,+41.4,+25.8,+15.5,+48.8,+39.4,+36.4,+18.7,+18.7,+19.5,+20.0,+19.8,+20.1,+20.1
2023-12-01 09:24,2,+41.4,+25.8,+15.5,+48.8,+39.4,+36.3,+18.7,+18.7,+19.5,+20.0,+19.8,+20.1,+20.1
2023-12-01 10:24,2,+41.4,+25.8,+15.5,+48.8,+39.4,+36.3,+18.7,+18.7,+19.5,+20.0,+20.0,+20.1,+20.1
2023-12-01 11:24,2,+41.4,+25.8,+15.5,+48.8,+39.3,+36.3,+18.8,+18.7,+19.5,+20.0,+20.0,+20.1,+20.1