
2023-10-31 08:20,3,+44.4,+30.5,+18.8,+26.7,+42.0,+33.1,+19.7,+20.2,+20.3,+20.6,+20.7,+20.6,+20.6
2023-10-31 09:20,3,+44.4,+30.5,+18.8,+26.7,+42.0,+33.1,+19.7,+20.2,+20.3,+20.5,+20.7,+20.7,+20.7
2023-10-31 10:20,3,+44.3,+30.5,+18.8,+26.7,+42.0,+33.0,+19.8,+20.2,+20.3,+20.5,+20.7,+20.7,+20.6
2023-10-31 11:20,3,+44.3,+30.5,+18.7,+26.7,+42.0,+33.1,+20.0,+20.2,+20.3,+20.5,+20.7,+20.7,+20.6
2023-10-31 12:20,3,+44.2,+30.4,+18.7,+26.8,+42.1,+33.1,+20.1,+20.3,+20.2,+20.5,+20.7,+20.7,+20.6
2023-10-31 13:20,3,+44.2,+30.4,+18.7,+26.7,+42.0,+33.0,+20.2,+20.3,+20.2,+20.5,+20.7,+20.7,+20.6
2023-10-31 14:20,3,+44.1,+30.4,+18.7,+26.8,+42.1,+33.1,+20.3,+20.3,+20.2,+20.5,+20.7,+20.7,+20.7
2023-10-31 15:20,3,+44.1,+30.4,+18.7,+26.6,+42.0,+33.0,+20.5,+20.5,+20.3,+20.5,+20.7,+20.7,+20.6
2023-10-31 16:20,3,+44.1,+30.3,+18.7,+26.6,+42.0,+33.0,+20.5,+20.5,+20.3,+20.5,+20.7,+20.7,+20.6
2023-10-31 17:20,3,+44.1,+30.4,+18.7,+26.7,+42.0,+33.0,+20.5,+20.6,+20.3,+20.5,+20.7,+20.7,+20.6
2023-10-31 18:20,3,+44.0,+30.4,+18.7,+26.8,+42.1,+33.0,+20.5,+20.6,+20.3,+20.5,+20.7,+20.7,+20.6
2023-10-31 19:20,3,+44.0,+30.3,+18.8,+26.8,+42.0,+33.0,+20.3,+20.6,+20.3,+20.5,+20.7,+20.6,+20.6
2023-10-31 20:20,3,+44.0,+30.3,+18.7,+26.7,+42.0,+33.0,+20.2,+20.6,+20.3,+20.5,+20.7,+20.7,+20.6
2023-10-31 21:20,3,+44.1,+30.4,+18.8,+26.6,+42.0,+33.0,+20.2,+20.6,+20.3,+20.5,+20.7,+20.7,+20.6
2023-10-31 22:20,3,+44.4,+30.4,+18.8,+26.8,+42.1,+33.0,+20.2,+20.6,+20.3,+20.5,+20.7,+20.7,+20.6
2023-10-31 23:20,3,+44.6,+30.3,+18.8,+26.8,+42.0,+33.0,+20.0,+20.6,+20.3,+20.5,+20.7,+20.6,+20.6
2023-11-01 00:20,3,+44.7,+30.4,+18.8,+26.8,+42.1,+33.0,+20.0,+20.6,+20.3,+20.5,+20.7,+20.7,+20.6
2023-11-01 01:20,3,+44.8,+30.3,+18.8,+26.8,+42.0,+33.0,+20.0,+20.5,+20.3,+20.5,+20.7,+20.7,+20.6
2023-11-01 02:20,3,+44.8,+30.4,+18.8,+26.7,+42.0,+33.0,+19.8,+20.6,+20.3,+20.5,+20.7,+20.6,+20.6
2023-11-01 03:20,3,+44.8,+30.3,+18.8,+26.6,+42.0,+33.0,+19.8,+20.5,+20.3,+20.5,+20.7,+20.6,+20.6
2023-11-01 04:20,3,+44.8,+30.3,+18.9,+26.6,+42.0,+33.0,+19.7,+20.5,+20.3,+20.5,+20.7,+20.7,+20.6
2023-11-01 05:20,3,+44.8,+30.4,+18.9,+26.8,+42.0,+33.0,+19.7,+20.5,+20.3,+20.5,+20.7,+20.7,+20.6
2023-11-01 06:20,3,+44.8,+30.3,+18.9,+26.8,+42.0,+33.0,+19.7,+20.5,+20.3,+20.5,+20.7,+20.7,+20.6
2023-11-01 07:20,3,+44.8,+30.3,+18.9,+26.8,+42.0,+33.0,+19.7,+20.3,+20.3,+20.6,+20.7,+20.7,+20.6
2023-11-01 08:20,3,+44.7,+30.3,+18.9,+26.8,+42.0,+33.0,+19.7,+20.3,+20.3,+20.5,+20.7,+20.7,+20.6
2023-11-01 09:20,3,+44.7,+30.3,+18.9,+26.8,+42.1,+33.0,+19.8,+20.3,+20.3,+20.5,+20.7,+20.7,+20.6
2023-11-01 10:20,3,+44.7,+30.3,+18.9,+26.8,+42.0,+33.0,+19.8,+20.3,+20.3,+20.5,+20.7,+20.7,+20.6
2023-11-01 11:20,3,+44.6,+30.3,+18.9,+26.8,+42.1,+33.0,+20.0,+20.3,+20.3,+20.5,+20.7,+20.7,+20.6
2023-11-01 12:20,3,+44.6,+30.3,+18.9,+26.8,+42.0,+33.0,+20.1,+20.3,+20.3,+20.5,+20.7,+20.7,+20.6
2023-11-01 13:20,3,+44.5,+30.3,+18.9,+26.8,+42.0,+33.0,+20.2,+20.3,+20.3,+20.5,+20.7,+20.7,+20.6
2023-11-01 14:20,3,+44.5,+30.3,+18.9,+26.8,+42.0,+33.0,+20.2,+20.5,+20.3,+20.5,+20.6,+20.6,+20.6
2023-11-01 15:20,3,+44.5,+30.3,+18.9,+26.8,+42.0,+33.0,+20.3,+20.5,+20.3,+20.5,+20.7,+20.6,+20.6
2023-11-01 16:20,3,+44.5,+30.3,+18.9,+26.8,+42.0,+33.0,+20.2,+20.5,+20.5,+20.5,+20.7,+20.7,+20.6
2023-11-01 17:20,3,+44.5,+30.3,+18.9,+26.8,+42.0,+33.0,+20.2,+20.6,+20.3,+20.5,+20.7,+20.7,+20.6
2023-11-01 18:20,3,+44.5,+30.3,+18.9,+26.6,+42.0,+33.0,+20.2,+20.6,+20.3,+20.5,+20.7,+20.6,+20.6
2023-11-01 19:20,3,+44.5,+30.3,+18.9,+26.6,+42.0,+33.0,+20.2,+20.6,+20.3,+20.5,+20.7,+20.7,+20.6
2023-11-01 20:20,3,+47.5,+30.9,+19.0,+26.8,+42.0,+33.0,+20.2,+20.6,+20.3,+20.5,+20.7,+20.6,+20.6
2023-11-01 21:20,3,+47.6,+33.3,+19.1,+26.8,+42.0,+33.0,+20.0,+20.6,+20.3,+20.5,+20.7,+20.6,+20.6
2023-11-01 22:20,3,+47.3,+33.3,+19.3,+26.7,+42.0,+33.0,+19.8,+20.5,+20.5,+20.5,+20.7,+20.7,+20.6
2023-11-01 23:20,3,+47.0,+33.1,+19.5,+26.8,+42.0,+33.0,+19.8,+20.5,+20.3,+20.5,+20.7,+20.6,+20.6
2023-11-02 00:20,3,+46.8,+32.9,+19.7,+26.9,+42.1,+33.0,+19.8,+20.5,+20.3,+20.5,+20.7,+20.6,+20.6
2023-11-02 01:20,3,+46.7,+32.7,+19.8,+26.9,+42.1,+33.0,+19.8,+20.5,+20.3,+20.5,+20.7,+20.7,+20.6
2023-11-02 02:20,3,+46.6,+32.6,+19.8,+26.9,+42.0,+33.0,+19.8,+20.5,+20.5,+20.5,+20.7,+20.6,+20.6
2023-11-02 03:20,3,+46.5,+32.5,+19.9,+26.9,+42.1,+33.0,+19.8,+20.5,+20.3,+20.5,+20.7,+20.7,+20.6
2023-11-02 04:20,3,+46.4,+32.4,+19.9,+26.9,+42.1,+33.0,+19.8,+20.5,+20.5,+20.5,+20.7,+20.7,+20.6
2023-11-02 05:20,3,+46.4,+32.3,+19.9,+27.0,+42.1,+33.0,+19.8,+20.5,+20.3,+20.5,+20.7,+20.6,+20.6
2023-11-02 06:20,3,+46.3,+32.3,+19.8,+26.9,+42.1,+33.0,+19.8,+20.5,+20.3,+20.5,+20.7,+20.7,+20.6
2023-11-02 07:20,3,+46.2,+32.2,+19.8,+26.9,+42.1,+33.0,+19.8,+20.3,+20.3,+20.5,+20.7,+20.7,+20.6
2023-11-02 08:20,3,+46.2,+32.1,+19.7,+26.9,+42.1,+33.0,+19.8,+20.5,+20.3,+20.5,+20.7,+20.7,+20.6
2023-11-02 09:20,3,+46.1,+32.1,+19.7,+27.0,+42.2,+33.1,+19.8,+20.3,+20.3,+20.6,+20.7,+20.7,+20.6
2023-11-02 10:20,3,+46.1,+32.0,+19.7,+26.9,+42.2,+33.1,+20.1,+20.5,+20.3,+20.5,+20.7,+20.6,+20.6
2023-11-02 11:20,3,+46.0,+31.9,+19.7,+27.0,+42.2,+33.1,+20.1,+20.3,+20.3,+20.5,+20.7,+20.6,+20.6
2023-11-02 12:20,3,+45.9,+31.9,+19.7,+26.9,+42.2,+33.1,+20.2,+20.5,+20.3,+20.5,+20.7,+20.7,+20.6
2023-11-02 13:20,3,+45.8,+31.8,+19.6,+27.0,+42.2,+33.2,+20.3,+20.5,+20.3,+20.5,+20.7,+20.6,+20.6
2023-11-02 14:20,3,+45.8,+31.7,+19.6,+26.9,+42.2,+33.2,+20.5,+20.6,+20.3,+20.5,+20.7,+20.6,+20.6
2023-11-02 15:20,3,+45.7,+31.7,+19.6,+26.9,+42.2,+33.2,+20.6,+20.6,+20.3,+20.5,+20.7,+20.7,+20.6
2023-11-02 16:20,3,+45.7,+31.6,+19.6,+27.0,+42.3,+33.2,+20.6,+20.6,+20.3,+20.5,+20.7,+20.6,+20.6
2023-11-02 17:20,3,+45.6,+31.6,+19.6,+26.9,+42.2,+33.2,+20.7,+20.6,+20.5,+20.5,+20.7,+20.7,+20.6
2023-11-02 18:20,3,+45.7,+31.7,+19.6,+26.9,+42.2,+33.2,+20.6,+20.7,+20.3,+20.5,+20.7,+20.6,+20.5
2023-11-02 19:20,3,+45.6,+32.0,+19.5,+26.9,+42.2,+33.2,+20.6,+20.7,+20.5,+20.5,+20.7,+20.6,+20.6
2023-11-02 20:20,3,+45.6,+31.5,+19.5,+26.9,+42.2,+33.3,+20.5,+20.7,+20.5,+20.5,+20.7,+20.7,+20.6
2023-11-02 21:20,3,+45.5,+31.5,+19.5,+27.0,+42.3,+33.3,+20.5,+20.7,+20.5,+20.5,+20.7,+20.6,+20.6
2023-11-02 22:20,3,+45.5,+31.5,+19.5,+27.0,+42.2,+33.3,+20.3,+20.8,+20.5,+20.5,+20.7,+20.7,+20.5
2023-11-02 23:20,3,+45.5,+31.5,+19.5,+26.9,+42.2,+33.3,+20.3,+20.7,+20.5,+20.5,+20.7,+20.6,+20.6
2023-11-03 00:20,3,+45.5,+31.5,+19.5,+26.9,+42.2,+33.3,+20.2,+20.7,+20.5,+20.5,+20.7,+20.6,+20.6
2023-11-03 01:20,3,+45.4,+31.4,+19.5,+27.0,+42.3,+33.3,+20.2,+20.7,+20.6,+20.5,+20.7,+20.6,+20.6
2023-11-03 02:20,3,+45.4,+31.4,+19.4,+27.0,+42.2,+33.3,+20.1,+20.7,+20.5,+20.6,+20.7,+20.6,+20.5
2023-11-03 03:20,3,+45.3,+31.4,+19.4,+26.8,+42.2,+33.3,+20.1,+20.7,+20.5,+20.6,+20.7,+20.6,+20.6
2023-11-03 04:20,3,+45.3,+31.3,+19.4,+27.0,+42.2,+33.3,+20.1,+20.6,+20.6,+20.5,+20.7,+20.6,+20.6
2023-11-03 05:20,3,+45.3,+31.3,+19.4,+26.8,+42.2,+33.3,+20.1,+20.6,+20.5,+20.5,+20.7,+20.6,+20.6
2023-11-03 06:20,3,+45.3,+31.2,+19.4,+26.8,+42.2,+33.3,+20.0,+20.6,+20.5,+20.6,+20.7,+20.6,+20.6
2023-11-03 07:20,3,+45.2,+31.2,+19.4,+27.0,+42.2,+33.3,+20.1,+20.6,+20.5,+20.6,+20.7,+20.7,+20.6
2023-11-03 08:20,3,+45.2,+31.2,+19.4,+27.0,+42.2,+33.3,+20.1,+20.6,+20.6,+20.6,+20.7,+20.6,+20.6
2023-11-03 09:20,3,+45.2,+31.2,+19.4,+26.8,+42.2,+33.3,+20.1,+20.6,+20.5,+20.6,+20.7,+20.6,+20.6
2023-11-03 10:20,3,+45.2,+31.2,+19.4,+27.0,+42.2,+33.3,+20.1,+20.6,+20.5,+20.5,+20.7,+20.7,+20.6
2023-11-03 11:20,3,+45.3,+31.1,+19.4,+27.0,+42.2,+33.3,+20.2,+20.6,+20.5,+20.6,+20.7,+20.6,+20.6
2023-11-03 12:20,3,+46.8,+31.2,+19.4,+26.8,+42.2,+33.3,+20.2,+20.6,+20.5,+20.6,+20.7,+20.6,+20.6
2023-11-03 13:20,3,+47.2,+32.2,+19.4,+26.9,+42.2,+33.3,+20.3,+20.6,+20.5,+20.6,+20.7,+20.6,+20.5
2023-11-03 14:20,3,+47.0,+32.5,+19.4,+26.9,+42.2,+33.3,+20.5,+20.6,+20.5,+20.6,+20.7,+20.7,+20.6
2023-11-03 15:20,3,+47.0,+32.5,+19.4,+26.9,+42.2,+33.3,+20.5,+20.6,+20.5,+20.6,+20.7,+20.6,+20.6
2023-11-03 16:20,3,+46.9,+32.6,+19.4,+26.8,+42.2,+33.3,+20.5,+20.7,+20.5,+20.6,+20.7,+20.7,+20.6
2023-11-03 17:20,3,+46.8,+32.6,+19.4,+26.8,+42.2,+33.3,+20.5,+20.6,+20.6,+20.5,+20.7,+20.7,+20.6
2023-11-03 18:20,3,+46.7,+32.5,+19.5,+26.8,+42.2,+33.3,+20.5,+20.7,+20.5,+20.6,+20.7,+20.6,+20.6
2023-11-03 19:20,3,+46.7,+32.4,+19.5,+26.8,+42.2,+33.3,+20.3,+20.7,+20.6,+20.6,+20.7,+20.7,+20.6
2023-11-03 20:20,3,+46.6,+32.4,+19.5,+27.0,+42.2,+33.3,+20.3,+20.7,+20.5,+20.6,+20.7,+20.7,+20.6
2023-11-03 21:20,3,+46.6,+32.3,+19.5,+27.0,+42.2,+33.3,+20.3,+20.7,+20.5,+20.6,+20.7,+20.7,+20.6
2023-11-03 22:20,3,+46.5,+32.3,+19.5,+27.0,+42.2,+33.3,+20.3,+20.7,+20.6,+20.6,+20.7,+20.7,+20.6
2023-11-03 23:20,3,+46.5,+32.2,+19.5,+27.0,+42.2,+33.3,+20.2,+20.7,+20.5,+20.6,+20.7,+20.6,+20.6
2023-11-04 00:20,3,+46.4,+32.2,+19.6,+27.0,+42.2,+33.3,+20.2,+20.7,+20.5,+20.6,+20.7,+20.7,+20.5
2023-11-04 01:20,3,+46.4,+32.2,+19.6,+26.9,+42.2,+33.3,+20.2,+20.7,+20.5,+20.6,+20.7,+20.7,+20.6
2023-11-04 02:20,3,+46.4,+32.1,+19.6,+26.9,+42.2,+33.3,+20.2,+20.7,+20.5,+20.6,+20.7,+20.6,+20.5
2023-11-04 03:20,3,+48.1,+34.9,+20.6,+27.1,+42.2,+33.3,+19.8,+20.6,+20.6,+20.6,+20.7,+20.6,+20.6
2023-11-04 04:20,3,+49.3,+37.7,+39.6,+54.7,+42.5,+33.3,+19.3,+20.2,+20.5,+20.6,+20.7,+20.7,+20.6
2023-11-04 05:20,3,+48.5,+36.0,+34.2,+54.7,+43.0,+35.5,+18.8,+19.8,+20.2,+20.5,+20.7,+20.7,+20.6
2023-11-04 06:20,3,+47.5,+34.2,+25.5,+54.7,+43.2,+36.4,+18.8,+19.8,+20.2,+20.5,+20.7,+20.7,+20.6
2023-11-04 07:20,3,+47.2,+33.8,+22.5,+45.1,+43.1,+36.2,+19.1,+19.8,+20.2,+20.6,+20.8,+20.7,+20.6
2023-11-04 08:20,3,+47.0,+33.5,+21.7,+29.7,+42.9,+36.1,+19.1,+19.8,+20.2,+20.6,+20.7,+20.7,+20.6
2023-11-04 09:20,3,+46.8,+33.2,+21.3,+27.8,+42.8,+36.0,+19.2,+20.0,+20.2,+20.5,+20.7,+20.7,+20.6
2023-11-04 10:20,3,+46.7,+33.0,+21.0,+27.8,+42.8,+35.9,+19.5,+19.8,+20.2,+20.5,+20.7,+20.7,+20.6
2023-11-04 11:20,3,+46.6,+32.7,+20.8,+27.7,+42.8,+35.8,+19.7,+20.0,+20.2,+20.5,+20.7,+20.7,+20.6
2023-11-04 12:20,3,+46.6,+32.5,+20.5,+27.5,+42.7,+35.6,+20.0,+20.0,+20.2,+20.5,+20.7,+20.7,+20.6
2023-11-04 13:20,3,+46.5,+32.4,+20.4,+27.4,+42.7,+35.5,+20.1,+20.1,+20.1,+20.5,+20.8,+20.6,+20.6
2023-11-04 14:20,3,+46.4,+32.3,+20.2,+27.3,+42.7,+35.4,+20.1,+20.2,+20.1,+20.5,+20.7,+20.7,+20.6
2023-11-04 15:20,3,+46.3,+32.2,+20.1,+27.4,+42.7,+35.3,+20.1,+20.2,+20.1,+20.5,+20.7,+20.6,+20.6
2023-11-04 16:20,3,+46.4,+32.1,+20.0,+27.4,+42.7,+35.2,+20.1,+20.3,+20.2,+20.5,+20.7,+20.7,+20.6
2023-11-04 17:20,3,+46.3,+32.0,+20.0,+27.2,+42.6,+35.0,+20.1,+20.3,+20.2,+20.5,+20.7,+20.7,+20.6
2023-11-04 18:20,3,+46.4,+32.0,+19.9,+27.3,+42.6,+35.0,+20.1,+20.3,+20.2,+20.5,+20.7,+20.7,+20.5
2023-11-04 19:20,3,+46.4,+31.9,+19.9,+27.2,+42.6,+34.9,+20.1,+20.3,+20.2,+20.5,+20.7,+20.6,+20.6
2023-11-04 20:20,3,+46.4,+31.9,+19.9,+27.2,+42.6,+34.8,+20.1,+20.3,+20.2,+20.5,+20.7,+20.7,+20.6
2023-11-04 21:20,3,+46.4,+31.8,+19.9,+27.3,+42.6,+34.8,+20.0,+20.5,+20.2,+20.5,+20.7,+20.6,+20.6
2023-11-04 22:20,3,+46.4,+31.8,+19.8,+27.2,+42.6,+34.7,+20.0,+20.3,+20.3,+20.3,+20.7,+20.7,+20.6
2023-11-04 23:20,3,+46.4,+31.7,+19.8,+27.1,+42.5,+34.7,+20.0,+20.5,+20.2,+20.5,+20.6,+20.6,+20.6
2023-11-05 00:20,3,+46.3,+31.7,+19.8,+27.1,+42.5,+34.6,+20.0,+20.3,+20.3,+20.5,+20.7,+20.7,+20.6
2023-11-05 01:20,3,+46.3,+31.7,+19.7,+27.1,+42.5,+34.5,+20.0,+20.3,+20.3,+20.5,+20.7,+20.6,+20.6
2023-11-05 02:20,3,+46.3,+31.6,+19.7,+27.2,+42.5,+34.5,+20.0,+20.5,+20.3,+20.5,+20.7,+20.7,+20.6
2023-11-05 03:20,3,+46.3,+31.2,+19.7,+27.2,+42.5,+34.5,+20.0,+20.5,+20.3,+20.5,+20.7,+20.6,+20.6
2023-11-05 04:20,3,+46.3,+31.5,+19.7,+27.1,+42.5,+34.4,+19.8,+20.3,+20.3,+20.5,+20.7,+20.6,+20.5
2023-11-05 05:20,3,+46.3,+31.3,+19.7,+27.1,+42.4,+34.4,+19.8,+20.5,+20.3,+20.5,+20.7,+20.6,+20.6
2023-11-05 06:20,3,+46.2,+31.2,+19.7,+27.2,+42.5,+34.4,+19.8,+20.3,+20.3,+20.5,+20.7,+20.6,+20.6
2023-11-05 07:20,3,+46.2,+31.0,+19.7,+27.2,+42.5,+34.3,+19.8,+20.3,+20.3,+20.5,+20.6,+20.7,+20.6
2023-11-05 08:20,3,+46.2,+31.1,+19.6,+27.2,+42.5,+34.3,+20.0,+20.3,+20.3,+20.5,+20.6,+20.6,+20.6
2023-11-05 09:20,3,+46.2,+31.0,+19.6,+27.0,+42.4,+34.2,+20.0,+20.3,+20.3,+20.5,+20.6,+20.6,+20.6
2023-11-05 10:20,3,+46.2,+31.1,+19.6,+27.0,+42.4,+34.2,+20.1,+20.3,+20.3,+20.5,+20.7,+20.6,+20.6
2023-11-05 11:20,3,+46.1,+31.3,+19.6,+27.0,+42.4,+34.2,+20.2,+20.3,+20.3,+20.5,+20.6,+20.6,+20.6
2023-11-05 12:20,3,+46.1,+31.4,+19.6,+27.2,+42.4,+34.1,+20.3,+20.5,+20.3,+20.5,+20.6,+20.6,+20.6
2023-11-05 13:20,3,+46.1,+31.5,+19.6,+27.0,+42.4,+34.1,+20.3,+20.5,+20.3,+20.5,+20.7,+20.7,+20.5
2023-11-05 14:20,3,+46.5,+31.5,+19.6,+27.1,+42.4,+34.1,+20.5,+20.6,+20.3,+20.5,+20.6,+20.6,+20.5
2023-11-05 15:20,3,+47.6,+31.9,+19.6,+27.0,+42.4,+34.1,+20.5,+20.6,+20.3,+20.5,+20.7,+20.6,+20.6
2023-11-05 16:20,3,+47.6,+32.4,+19.6,+27.0,+42.4,+34.0,+20.5,+20.6,+20.3,+20.5,+20.7,+20.6,+20.6
2023-11-05 17:20,3,+47.6,+32.6,+19.6,+27.0,+42.4,+34.0,+20.5,+20.6,+20.3,+20.5,+20.6,+20.6,+20.6
2023-11-05 18:20,3,+47.8,+32.7,+19.6,+27.0,+42.4,+33.9,+20.5,+20.7,+20.5,+20.5,+20.6,+20.6,+20.6
2023-11-05 19:20,3,+48.0,+33.3,+19.6,+27.1,+42.4,+33.9,+20.3,+20.7,+20.5,+20.5,+20.6,+20.6,+20.5
2023-11-05 20:20,3,+48.0,+33.5,+19.7,+27.0,+42.4,+33.9,+20.3,+20.7,+20.5,+20.5,+20.6,+20.7,+20.5
2023-11-05 21:20,3,+48.2,+33.8,+19.9,+27.1,+42.4,+33.9,+20.2,+20.6,+20.3,+20.5,+20.6,+20.6,+20.6
2023-11-05 22:20,3,+48.0,+33.8,+20.1,+27.2,+42.4,+33.9,+20.1,+20.6,+20.5,+20.5,+20.6,+20.6,+20.6
2023-11-05 23:20,3,+47.8,+33.6,+20.4,+27.2,+42.4,+33.9,+20.1,+20.6,+20.5,+20.5,+20.7,+20.6,+20.6
2023-11-06 00:20,3,+47.6,+33.4,+20.5,+27.4,+42.5,+33.9,+20.1,+20.6,+20.5,+20.5,+20.7,+20.6,+20.5
2023-11-06 01:20,3,+47.5,+33.2,+20.5,+27.3,+42.5,+33.9,+20.1,+20.6,+20.5,+20.5,+20.6,+20.6,+20.5
2023-11-06 02:20,3,+47.3,+33.1,+20.4,+27.3,+42.5,+33.9,+20.1,+20.6,+20.5,+20.5,+20.6,+20.6,+20.5
2023-11-06 03:20,3,+47.2,+32.9,+20.4,+27.3,+42.5,+34.0,+20.0,+20.6,+20.5,+20.5,+20.7,+20.6,+20.5
2023-11-06 04:20,3,+47.2,+32.8,+20.4,+27.4,+42.6,+34.1,+20.0,+20.6,+20.5,+20.5,+20.7,+20.6,+20.5
2023-11-06 05:20,3,+47.0,+32.7,+20.3,+27.4,+42.6,+34.1,+20.0,+20.5,+20.5,+20.5,+20.7,+20.6,+20.6
2023-11-06 06:20,3,+47.0,+32.6,+20.2,+27.4,+42.6,+34.2,+19.8,+20.6,+20.5,+20.5,+20.7,+20.6,+20.5
2023-11-06 07:20,3,+47.0,+32.6,+20.2,+27.4,+42.6,+34.2,+19.8,+20.5,+20.5,+20.5,+20.6,+20.6,+20.5
2023-11-06 08:20,3,+46.9,+32.5,+20.1,+27.2,+42.6,+34.2,+20.0,+20.5,+20.5,+20.5,+20.7,+20.6,+20.5
2023-11-06 09:20,3,+46.8,+32.3,+20.1,+27.2,+42.5,+34.2,+20.0,+20.5,+20.3,+20.5,+20.7,+20.6,+20.6
2023-11-06 10:20,3,+46.6,+32.2,+20.0,+27.3,+42.6,+34.3,+20.1,+20.5,+20.5,+20.6,+20.6,+20.6,+20.6
2023-11-06 11:20,3,+46.6,+32.1,+20.0,+27.3,+42.6,+34.3,+20.2,+20.5,+20.3,+20.5,+20.7,+20.6,+20.5
2023-11-06 12:20,3,+46.5,+32.1,+19.9,+27.2,+42.5,+34.3,+20.3,+20.6,+20.3,+20.5,+20.7,+20.6,+20.6
2023-11-06 13:20,3,+46.5,+32.0,+19.9,+27.3,+42.6,+34.3,+20.5,+20.6,+20.5,+20.5,+20.6,+20.6,+20.6
2023-11-06 14:20,3,+46.4,+32.0,+19.9,+27.2,+42.5,+34.3,+20.5,+20.6,+20.3,+20.5,+20.7,+20.6,+20.5
2023-11-06 15:20,3,+46.4,+31.9,+19.9,+27.3,+42.6,+34.3,+20.6,+20.6,+20.3,+20.5,+20.7,+20.6,+20.6
2023-11-06 16:20,3,+46.3,+31.9,+19.9,+27.2,+42.6,+34.2,+20.6,+20.7,+20.5,+20.5,+20.7,+20.6,+20.6
2023-11-06 17:20,3,+46.3,+31.9,+19.8,+27.2,+42.5,+34.2,+20.6,+20.7,+20.5,+20.5,+20.7,+20.6,+20.6
2023-11-06 18:20,3,+46.3,+31.8,+19.8,+27.1,+42.5,+34.2,+20.6,+20.7,+20.5,+20.5,+20.7,+20.6,+20.5
2023-11-06 19:20,3,+46.3,+31.8,+19.8,+27.2,+42.5,+34.2,+20.6,+20.7,+20.5,+20.5,+20.7,+20.6,+20.6
2023-11-06 20:20,3,+46.3,+31.7,+19.8,+27.1,+42.5,+34.1,+20.6,+20.7,+20.5,+20.5,+20.7,+20.6,+20.5
2023-11-06 21:20,3,+46.3,+31.7,+19.8,+27.2,+42.5,+34.1,+20.5,+20.7,+20.5,+20.5,+20.6,+20.6,+20.6
2023-11-06 22:20,3,+46.4,+31.7,+19.8,+27.2,+42.5,+34.1,+20.3,+20.7,+20.5,+20.5,+20.7,+20.6,+20.6
2023-11-06 23:20,3,+46.4,+31.7,+19.7,+27.2,+42.5,+34.1,+20.3,+20.7,+20.5,+20.5,+20.7,+20.6,+20.6
2023-11-07 00:20,3,+46.4,+31.7,+19.7,+27.2,+42.5,+34.1,+20.3,+20.7,+20.6,+20.5,+20.6,+20.6,+20.5
2023-11-07 01:20,3,+46.4,+31.7,+19.7,+27.1,+42.4,+34.1,+20.3,+20.7,+20.6,+20.6,+20.7,+20.6,+20.6
2023-11-07 02:20,3,+46.4,+31.6,+19.7,+27.1,+42.4,+34.0,+20.3,+20.7,+20.5,+20.6,+20.6,+20.6,+20.5
2023-11-07 03:20,3,+46.4,+31.6,+19.7,+27.1,+42.4,+34.0,+20.2,+20.7,+20.5,+20.5,+20.6,+20.6,+20.5
2023-11-07 04:20,3,+46.4,+31.6,+19.7,+27.0,+42.4,+34.0,+20.2,+20.7,+20.5,+20.5,+20.7,+20.7,+20.5
2023-11-07 05:20,3,+46.4,+31.6,+19.7,+27.0,+42.4,+34.0,+20.2,+20.7,+20.5,+20.6,+20.7,+20.6,+20.6
2023-11-07 06:20,3,+46.4,+31.6,+19.7,+27.2,+42.5,+34.0,+20.1,+20.7,+20.5,+20.6,+20.7,+20.6,+20.5
2023-11-07 07:20,3,+46.4,+31.6,+19.7,+27.0,+42.4,+33.9,+20.1,+20.6,+20.5,+20.5,+20.7,+20.6,+20.5
2023-11-07 08:20,3,+46.4,+31.6,+19.7,+27.1,+42.5,+33.9,+20.2,+20.6,+20.5,+20.6,+20.7,+20.7,+20.6
2023-11-07 09:20,3,+46.4,+31.6,+19.7,+27.0,+42.4,+33.9,+20.3,+20.7,+20.5,+20.6,+20.7,+20.6,+20.6
2023-11-07 10:20,3,+46.3,+31.5,+19.6,+27.1,+42.4,+33.9,+20.3,+20.6,+20.5,+20.6,+20.7,+20.7,+20.6
2023-11-07 11:20,3,+46.3,+31.5,+19.6,+27.0,+42.4,+33.9,+20.5,+20.6,+20.5,+20.6,+20.7,+20.6,+20.5
2023-11-07 12:20,3,+46.3,+31.5,+19.6,+27.0,+42.4,+33.9,+20.6,+20.7,+20.5,+20.6,+20.7,+20.6,+20.5
2023-11-07 13:20,3,+46.2,+31.4,+19.6,+27.1,+42.4,+33.9,+20.8,+20.7,+20.5,+20.6,+20.7,+20.6,+20.6
2023-11-07 14:20,3,+46.2,+31.4,+19.6,+27.1,+42.4,+33.9,+21.0,+20.8,+20.6,+20.6,+20.7,+20.6,+20.6
2023-11-07 15:20,3,+46.2,+31.4,+19.6,+27.0,+42.4,+33.8,+21.1,+20.8,+20.6,+20.6,+20.7,+20.6,+20.6
2023-11-07 16:20,3,+46.1,+31.4,+19.6,+27.1,+42.4,+33.8,+21.1,+21.0,+20.6,+20.6,+20.7,+20.6,+20.6
2023-11-07 17:20,3,+46.1,+31.4,+19.6,+27.1,+42.4,+33.8,+21.0,+21.0,+20.5,+20.6,+20.7,+20.6,+20.5
2023-11-07 18:20,3,+46.1,+31.4,+19.6,+27.0,+42.4,+33.8,+21.0,+21.0,+20.6,+20.6,+20.7,+20.6,+20.5
2023-11-07 19:20,3,+46.1,+31.4,+19.6,+27.1,+42.4,+33.8,+21.0,+21.0,+20.6,+20.6,+20.7,+20.7,+20.5
2023-11-07 20:20,3,+49.5,+36.4,+20.7,+27.0,+42.4,+33.8,+20.7,+21.1,+20.6,+20.6,+20.7,+20.6,+20.6
2023-11-07 21:20,3,+48.8,+34.9,+21.5,+27.2,+42.4,+33.8,+20.6,+21.1,+20.7,+20.6,+20.7,+20.7,+20.6
2023-11-07 22:20,3,+48.2,+34.1,+21.7,+27.7,+42.5,+33.8,+20.6,+21.1,+20.7,+20.6,+20.7,+20.6,+20.6
2023-11-07 23:20,3,+48.2,+33.7,+21.5,+27.7,+42.6,+33.8,+20.6,+21.0,+20.7,+20.6,+20.7,+20.7,+20.6
2023-11-08 00:20,3,+48.0,+33.5,+21.3,+27.7,+42.7,+34.0,+20.5,+21.0,+20.7,+20.6,+20.7,+20.6,+20.5
2023-11-08 01:20,3,+47.9,+33.3,+21.1,+27.7,+42.7,+34.3,+20.5,+21.0,+20.7,+20.6,+20.7,+20.6,+20.5
2023-11-08 02:20,3,+47.9,+33.2,+21.0,+27.7,+42.7,+34.7,+20.5,+21.0,+20.7,+20.6,+20.7,+20.6,+20.6
2023-11-08 03:20,3,+48.0,+33.1,+20.8,+27.5,+42.7,+34.9,+20.5,+21.0,+20.7,+20.6,+20.7,+20.7,+20.5
2023-11-08 04:20,3,+48.0,+33.2,+20.6,+27.5,+42.7,+35.0,+20.3,+21.0,+20.6,+20.6,+20.7,+20.7,+20.5
2023-11-08 05:20,3,+48.0,+33.1,+20.6,+27.4,+42.7,+35.1,+20.3,+20.8,+20.7,+20.7,+20.7,+20.6,+20.6
2023-11-08 06:20,3,+47.8,+33.1,+20.5,+27.4,+42.7,+35.0,+20.3,+21.0,+20.7,+20.6,+20.7,+20.7,+20.5
2023-11-08 07:20,3,+47.8,+33.0,+20.4,+27.5,+42.7,+35.0,+20.3,+20.8,+20.7,+20.6,+20.7,+20.7,+20.5
2023-11-08 08:20,3,+47.7,+32.9,+20.4,+27.4,+42.7,+35.0,+20.3,+20.8,+20.7,+20.7,+20.7,+20.6,+20.5
2023-11-08 09:20,3,+47.5,+32.8,+20.4,+27.4,+42.7,+34.9,+20.5,+20.8,+20.7,+20.6,+20.7,+20.6,+20.5
2023-11-08 10:20,3,+47.4,+32.7,+20.3,+27.4,+42.7,+34.9,+20.6,+20.8,+20.6,+20.6,+20.7,+20.7,+20.6
2023-11-08 11:20,3,+47.3,+32.6,+20.2,+27.3,+42.7,+34.9,+20.7,+20.8,+20.7,+20.6,+20.7,+20.7,+20.6
2023-11-08 12:20,3,+47.2,+32.5,+20.2,+27.3,+42.7,+34.8,+20.7,+20.8,+20.7,+20.6,+20.7,+20.7,+20.6
2023-11-08 13:20,3,+46.8,+32.4,+20.2,+27.3,+42.7,+34.7,+21.0,+21.0,+20.7,+20.7,+20.7,+20.7,+20.6
2023-11-08 14:20,3,+47.0,+32.4,+20.1,+27.3,+42.6,+34.7,+21.0,+21.0,+20.7,+20.6,+20.8,+20.7,+20.5
2023-11-08 15:20,3,+46.3,+32.3,+20.1,+27.3,+42.6,+34.7,+21.0,+21.0,+20.7,+20.6,+20.7,+20.7,+20.6
2023-11-08 16:20,3,+47.2,+32.2,+20.1,+27.4,+42.7,+34.7,+21.1,+21.1,+20.7,+20.6,+20.7,+20.7,+20.6
2023-11-08 17:20,3,+47.4,+32.2,+20.0,+27.2,+42.6,+34.6,+21.0,+21.1,+20.7,+20.7,+20.7,+20.7,+20.6
2023-11-08 18:20,3,+47.5,+32.1,+20.0,+27.2,+42.6,+34.6,+21.0,+21.1,+20.7,+20.7,+20.8,+20.7,+20.6
2023-11-08 19:20,3,+48.2,+32.1,+20.0,+27.2,+42.6,+34.5,+21.0,+21.1,+20.7,+20.7,+20.8,+20.7,+20.6
2023-11-08 20:20,3,+49.0,+32.5,+20.0,+27.3,+42.6,+34.5,+20.8,+21.1,+20.7,+20.7,+20.8,+20.7,+20.6
2023-11-08 21:20,3,+49.0,+33.1,+20.0,+27.2,+42.6,+34.4,+20.7,+21.1,+20.7,+20.7,+20.8,+20.7,+20.6
2023-11-08 22:20,3,+48.9,+33.3,+20.0,+27.3,+42.6,+34.4,+20.7,+21.1,+20.8,+20.7,+20.7,+20.7,+20.6
2023-11-08 23:20,3,+48.7,+33.3,+20.1,+27.3,+42.6,+34.4,+20.6,+21.1,+20.7,+20.7,+20.7,+20.7,+20.6
2023-11-09 00:20,3,+48.6,+33.1,+20.1,+27.2,+42.6,+34.4,+20.6,+21.1,+20.8,+20.7,+20.7,+20.7,+20.6
2023-11-09 01:20,3,+48.5,+33.1,+20.2,+27.2,+42.6,+34.3,+20.5,+21.0,+20.7,+20.7,+20.7,+20.7,+20.6
2023-11-09 02:20,3,+48.4,+32.9,+20.2,+27.3,+42.6,+34.3,+20.5,+21.1,+20.8,+20.7,+20.8,+20.7,+20.6
2023-11-09 03:20,3,+48.4,+32.8,+20.2,+27.3,+42.6,+34.3,+20.3,+21.0,+20.8,+20.7,+20.8,+20.7,+20.6
2023-11-09 04:20,3,+48.3,+32.7,+20.2,+27.4,+42.6,+34.4,+20.3,+21.0,+20.7,+20.7,+20.7,+20.7,+20.6
2023-11-09 05:20,3,+48.2,+32.7,+20.2,+27.3,+42.6,+34.3,+20.2,+20.8,+20.8,+20.7,+20.8,+20.7,+20.6
2023-11-09 06:20,3,+48.2,+32.7,+20.2,+27.3,+42.6,+34.4,+20.1,+21.0,+20.8,+20.7,+20.8,+20.7,+20.6
2023-11-09 07:20,3,+48.1,+32.7,+20.2,+27.4,+42.6,+34.4,+20.1,+20.8,+20.7,+20.7,+20.7,+20.7,+20.6
2023-11-09 08:20,3,+48.0,+32.6,+20.1,+27.4,+42.6,+34.4,+20.1,+20.8,+20.7,+20.7,+20.8,+20.7,+20.6
2023-11-09 09:20,3,+47.9,+32.6,+20.1,+27.3,+42.6,+34.4,+20.1,+20.7,+20.7,+20.7,+20.8,+20.7,+20.6
2023-11-09 10:20,3,+47.8,+32.5,+20.1,+27.3,+42.6,+34.4,+20.2,+20.7,+20.7,+20.7,+20.8,+20.7,+20.6
2023-11-09 11:20,3,+47.7,+32.5,+20.1,+27.2,+42.6,+34.4,+20.2,+20.7,+20.7,+20.7,+20.8,+20.7,+20.6
2023-11-09 12:20,3,+47.6,+32.4,+20.0,+27.4,+42.6,+34.4,+20.3,+20.7,+20.7,+20.7,+20.8,+20.7,+20.5
2023-11-09 13:20,3,+47.6,+32.4,+20.0,+27.4,+42.6,+34.4,+20.5,+20.8,+20.7,+20.7,+20.8,+20.7,+20.6
2023-11-09 14:20,3,+47.4,+32.3,+19.9,+27.3,+42.6,+34.4,+20.6,+20.7,+20.7,+20.7,+20.8,+20.7,+20.6
2023-11-09 15:20,3,+47.3,+32.2,+19.9,+27.3,+42.6,+34.4,+20.8,+20.8,+20.7,+20.7,+20.8,+20.7,+20.6
2023-11-09 16:20,3,+47.2,+32.2,+19.9,+27.3,+42.6,+34.4,+21.0,+21.0,+20.7,+20.7,+20.8,+20.7,+20.6
2023-11-09 17:20,3,+47.2,+32.1,+19.9,+27.3,+42.6,+34.4,+21.0,+21.0,+20.7,+20.7,+20.8,+20.7,+20.6
2023-11-09 18:20,3,+47.1,+32.1,+19.9,+27.2,+42.6,+34.3,+20.8,+21.0,+20.6,+20.7,+20.8,+20.7,+20.6
2023-11-09 19:20,3,+47.1,+32.2,+19.9,+27.2,+42.6,+34.3,+20.8,+21.1,+20.6,+20.7,+20.8,+20.7,+20.6
2023-11-09 20:20,3,+47.0,+32.1,+19.8,+27.2,+42.6,+34.3,+20.8,+21.0,+20.7,+20.7,+20.8,+20.7,+20.6
2023-11-09 21:20,3,+47.0,+32.1,+19.8,+27.3,+42.6,+34.2,+20.7,+21.1,+20.7,+20.7,+20.8,+20.7,+20.6
2023-11-09 22:20,3,+47.0,+32.1,+19.8,+27.2,+42.6,+34.2,+20.7,+21.1,+20.7,+20.7,+20.8,+20.7,+20.6
2023-11-09 23:20,3,+47.0,+32.1,+19.8,+27.3,+42.6,+34.2,+20.6,+21.0,+20.7,+20.7,+20.8,+20.7,+20.6
2023-11-10 00:20,3,+46.9,+32.0,+19.8,+27.2,+42.6,+34.1,+20.6,+21.0,+20.7,+20.7,+20.8,+20.7,+20.6
2023-11-10 01:20,3,+46.9,+32.1,+19.8,+27.3,+42.6,+34.2,+20.5,+21.0,+20.7,+20.7,+20.8,+20.8,+20.6
2023-11-10 02:20,3,+46.8,+32.1,+19.8,+27.2,+42.5,+34.1,+20.3,+21.0,+20.7,+20.7,+20.8,+20.7,+20.6
2023-11-10 03:20,3,+46.8,+32.1,+19.8,+27.2,+42.5,+34.1,+20.2,+21.0,+20.7,+20.7,+20.8,+20.7,+20.6
2023-11-10 04:20,3,+46.8,+32.0,+19.8,+27.2,+42.6,+34.1,+20.2,+21.0,+20.7,+20.7,+20.7,+20.7,+20.6
2023-11-10 05:20,3,+46.7,+32.0,+19.7,+27.2,+42.5,+34.1,+20.2,+20.8,+20.8,+20.7,+20.8,+20.7,+20.6
2023-11-10 06:20,3,+46.7,+31.9,+19.7,+27.2,+42.6,+34.0,+20.2,+20.8,+20.7,+20.7,+20.8,+20.7,+20.6
2023-11-10 07:20,3,+46.7,+32.0,+19.7,+27.2,+42.6,+34.0,+20.2,+20.8,+20.7,+20.7,+20.8,+20.7,+20.6
2023-11-10 08:20,3,+46.7,+32.0,+19.7,+27.1,+42.5,+34.0,+20.2,+20.7,+20.7,+20.7,+20.8,+20.7,+20.6
2023-11-10 09:20,3,+46.6,+32.0,+19.7,+27.1,+42.5,+33.9,+20.3,+20.8,+20.7,+20.7,+20.8,+20.7,+20.6
2023-11-10 10:20,3,+46.6,+32.0,+19.7,+27.1,+42.5,+33.9,+20.5,+20.8,+20.7,+20.7,+20.8,+20.7,+20.6
2023-11-10 11:20,3,+46.6,+32.0,+19.6,+27.1,+42.5,+33.9,+20.6,+20.8,+20.7,+20.7,+20.8,+20.7,+20.6
2023-11-10 12:20,3,+46.5,+32.0,+19.6,+27.2,+42.5,+33.9,+20.7,+20.8,+20.7,+20.7,+20.8,+20.7,+20.6
2023-11-10 13:20,3,+46.5,+32.0,+19.6,+27.1,+42.5,+33.9,+20.8,+20.8,+20.7,+20.7,+20.8,+20.7,+20.6
2023-11-10 14:20,3,+46.4,+32.0,+19.6,+27.2,+42.5,+33.9,+21.0,+20.8,+20.7,+20.8,+20.8,+20.8,+20.6
2023-11-10 15:20,3,+46.4,+32.0,+19.6,+27.2,+42.5,+33.9,+21.0,+21.0,+20.7,+20.7,+20.8,+20.8,+20.6
2023-11-10 16:20,3,+46.4,+31.9,+19.6,+27.2,+42.5,+33.9,+21.1,+21.0,+20.7,+20.7,+20.8,+20.7,+20.6
2023-11-10 17:20,3,+46.3,+31.9,+19.6,+27.2,+42.5,+33.9,+21.1,+21.1,+20.7,+20.7,+20.8,+20.8,+20.6
2023-11-10 18:20,3,+46.3,+31.9,+19.6,+27.2,+42.5,+33.9,+21.1,+21.1,+20.7,+20.7,+20.8,+20.7,+20.6
2023-11-10 19:20,3,+46.3,+31.9,+19.6,+27.2,+42.5,+33.8,+21.1,+21.1,+20.8,+20.7,+20.8,+20.7,+20.6
2023-11-10 20:20,3,+46.3,+31.9,+19.6,+27.2,+42.5,+33.8,+21.0,+21.1,+20.7,+20.7,+20.8,+20.7,+20.6
2023-11-10 21:20,3,+46.3,+31.9,+19.6,+27.1,+42.4,+33.8,+21.0,+21.1,+20.8,+20.7,+20.8,+20.8,+20.6
2023-11-10 22:20,3,+46.2,+31.9,+19.6,+27.1,+42.4,+33.7,+21.0,+21.1,+20.7,+20.7,+20.8,+20.7,+20.6
2023-11-10 23:20,3,+46.2,+31.9,+19.6,+27.2,+42.5,+33.8,+20.8,+21.2,+20.8,+20.7,+20.8,+20.7,+20.6
2023-11-11 00:20,3,+46.2,+31.9,+19.6,+27.1,+42.4,+33.7,+20.8,+21.1,+20.8,+20.7,+20.8,+20.7,+20.6
2023-11-11 01:20,3,+46.2,+31.9,+19.6,+27.1,+42.4,+33.7,+20.7,+21.2,+20.7,+20.7,+20.8,+20.7,+20.6
2023-11-11 02:20,3,+46.1,+31.9,+19.6,+27.2,+42.5,+33.7,+20.7,+21.1,+20.8,+20.7,+20.8,+20.8,+20.6
2023-11-11 03:20,3,+46.1,+31.8,+19.6,+27.2,+42.4,+33.7,+20.7,+21.1,+20.8,+20.7,+20.8,+20.7,+20.6
2023-11-11 04:20,3,+46.1,+31.8,+19.6,+27.1,+42.4,+33.6,+20.6,+21.1,+20.8,+20.7,+20.8,+20.7,+20.6
2023-11-11 05:20,3,+46.1,+31.8,+19.6,+27.1,+42.4,+33.6,+20.6,+21.1,+20.8,+20.8,+20.8,+20.7,+20.6
2023-11-11 06:20,3,+46.1,+31.8,+19.6,+27.2,+42.4,+33.6,+20.6,+21.1,+20.8,+20.7,+20.8,+20.7,+20.6
2023-11-11 07:20,3,+46.1,+31.8,+19.5,+27.2,+42.4,+33.6,+20.6,+21.1,+20.8,+20.7,+20.8,+20.7,+20.6
2023-11-11 08:20,3,+46.1,+31.8,+19.5,+27.1,+42.4,+33.6,+20.6,+21.1,+20.8,+20.7,+20.8,+20.7,+20.6
2023-11-11 09:20,3,+46.1,+31.8,+19.5,+27.1,+42.4,+33.6,+20.6,+21.1,+20.8,+20.7,+20.8,+20.7,+20.6
2023-11-11 10:20,3,+46.1,+31.8,+19.5,+27.0,+42.4,+33.6,+20.7,+21.1,+20.8,+20.7,+20.8,+20.7,+20.6
2023-11-11 11:20,3,+46.1,+31.7,+19.5,+27.1,+42.4,+33.6,+20.7,+21.1,+20.8,+20.8,+20.8,+20.8,+20.6
2023-11-11 12:20,3,+46.1,+31.8,+19.5,+27.2,+42.4,+33.6,+21.0,+21.1,+20.8,+20.8,+20.8,+20.7,+20.6
2023-11-11 13:20,3,+46.0,+31.8,+19.5,+27.0,+42.4,+33.6,+21.0,+21.1,+20.8,+20.7,+20.8,+20.8,+20.6
2023-11-11 14:20,3,+46.0,+31.8,+19.5,+27.0,+42.4,+33.6,+21.0,+21.1,+20.8,+20.7,+20.8,+20.8,+20.6
2023-11-11 15:20,3,+46.0,+31.8,+19.5,+27.0,+42.4,+33.6,+21.1,+21.1,+20.8,+20.8,+21.0,+20.8,+20.6
2023-11-11 16:20,3,+46.0,+31.8,+19.5,+27.2,+42.4,+33.6,+21.0,+21.2,+20.8,+20.8,+20.8,+20.8,+20.6
2023-11-11 17:20,3,+46.0,+31.7,+19.5,+27.0,+42.4,+33.5,+21.0,+21.2,+20.8,+20.7,+20.8,+20.8,+20.6
2023-11-11 18:20,3,+46.0,+31.7,+19.5,+27.2,+42.4,+33.6,+21.0,+21.2,+20.8,+20.8,+20.8,+20.8,+20.6
2023-11-11 19:20,3,+46.0,+31.7,+19.5,+27.0,+42.4,+33.5,+20.8,+21.2,+20.8,+20.8,+20.8,+20.8,+20.6
2023-11-11 20:20,3,+46.0,+31.7,+19.5,+27.2,+42.4,+33.5,+20.7,+21.1,+20.8,+20.7,+20.8,+20.8,+20.6
2023-11-11 21:20,3,+46.0,+31.7,+19.5,+27.2,+42.4,+33.5,+20.7,+21.2,+21.0,+20.8,+20.8,+20.7,+20.6
2023-11-11 22:20,3,+46.0,+31.7,+19.5,+27.0,+42.3,+33.5,+20.6,+21.1,+21.0,+20.8,+20.8,+20.7,+20.6
2023-11-11 23:20,3,+46.0,+31.7,+19.5,+27.0,+42.3,+33.5,+20.5,+21.1,+21.0,+20.8,+21.0,+20.8,+20.6
2023-11-12 00:20,3,+46.0,+31.7,+19.5,+27.1,+42.4,+33.5,+20.5,+21.1,+20.8,+20.8,+20.8,+20.8,+20.6
2023-11-12 01:20,3,+46.0,+31.7,+19.5,+27.1,+42.4,+33.5,+20.3,+21.1,+20.8,+20.8,+20.8,+20.8,+20.6
2023-11-12 02:20,3,+46.0,+31.7,+19.5,+27.1,+42.4,+33.5,+20.3,+21.1,+20.8,+20.8,+21.0,+20.8,+20.6
2023-11-12 03:20,3,+46.0,+31.7,+19.5,+27.0,+42.3,+33.5,+20.2,+21.0,+20.8,+20.8,+21.0,+20.8,+20.6
2023-11-12 04:20,3,+46.0,+31.6,+19.5,+27.1,+42.4,+33.5,+20.2,+21.0,+20.8,+20.8,+20.8,+20.8,+20.6
2023-11-12 05:20,3,+46.0,+31.7,+19.5,+27.0,+42.3,+33.4,+20.2,+21.0,+20.8,+20.8,+21.0,+20.8,+20.6
2023-11-12 06:20,3,+45.9,+31.6,+19.5,+27.0,+42.3,+33.4,+20.1,+20.8,+20.8,+20.8,+20.8,+20.7,+20.6
2023-11-12 07:20,3,+45.9,+31.6,+19.5,+27.1,+42.4,+33.5,+20.1,+20.8,+20.8,+20.8,+20.8,+20.8,+20.6
2023-11-12 08:20,3,+45.9,+31.6,+19.4,+27.0,+42.3,+33.4,+20.1,+20.8,+20.8,+20.8,+20.8,+20.8,+20.7
2023-11-12 09:20,3,+45.9,+31.6,+19.4,+27.1,+42.4,+33.5,+20.2,+20.8,+20.8,+20.8,+20.8,+20.8,+20.6
2023-11-12 10:20,3,+45.9,+31.6,+19.4,+27.1,+42.4,+33.4,+20.2,+20.7,+20.8,+20.8,+20.8,+20.8,+20.6
2023-11-12 11:20,3,+45.9,+31.6,+19.4,+27.2,+42.4,+33.4,+20.5,+20.8,+20.8,+20.8,+21.0,+20.8,+20.6
2023-11-12 12:20,3,+45.9,+31.6,+19.4,+27.1,+42.4,+33.4,+20.5,+20.8,+20.7,+20.8,+21.0,+20.8,+20.6
2023-11-12 13:20,3,+45.9,+31.5,+19.4,+27.1,+42.4,+33.4,+20.7,+20.8,+20.7,+20.8,+21.0,+20.8,+20.7
2023-11-12 14:20,3,+45.8,+31.5,+19.4,+27.0,+42.3,+33.4,+20.8,+20.8,+20.7,+20.8,+20.8,+20.8,+20.6
2023-11-12 15:20,3,+45.7,+31.5,+19.4,+27.1,+42.4,+33.4,+21.0,+21.0,+20.7,+20.8,+21.0,+20.8,+20.6
2023-11-12 16:20,3,+45.7,+31.5,+19.4,+27.1,+42.4,+33.4,+21.0,+21.0,+20.7,+20.8,+21.0,+20.7,+20.6
2023-11-12 17:20,3,+45.7,+31.5,+19.4,+27.0,+42.3,+33.4,+21.0,+21.1,+20.8,+20.8,+20.8,+20.8,+20.6
2023-11-12 18:20,3,+45.6,+31.5,+19.4,+27.0,+42.3,+33.4,+20.8,+21.1,+20.8,+20.8,+21.0,+20.8,+20.6
2023-11-12 19:20,3,+45.6,+31.5,+19.4,+27.0,+42.3,+33.4,+20.8,+21.1,+20.7,+20.8,+20.8,+20.8,+20.6
2023-11-12 20:20,3,+45.6,+31.5,+19.4,+27.0,+42.3,+33.3,+20.7,+21.1,+20.8,+20.7,+20.8,+20.8,+20.6
2023-11-12 21:20,3,+45.6,+31.4,+19.4,+27.0,+42.3,+33.3,+20.7,+21.1,+20.8,+20.7,+20.8,+20.8,+20.7
2023-11-12 22:20,3,+45.6,+31.5,+19.4,+27.1,+42.4,+33.4,+20.6,+21.1,+20.8,+20.7,+20.8,+20.8,+20.7
2023-11-12 23:20,3,+45.6,+31.4,+19.4,+27.1,+42.3,+33.3,+20.6,+21.0,+20.8,+20.8,+21.0,+20.8,+20.6
2023-11-13 00:20,3,+45.5,+31.4,+19.4,+27.0,+42.3,+33.3,+20.6,+21.1,+20.8,+20.8,+20.8,+20.8,+20.6
2023-11-13 01:20,3,+45.5,+31.4,+19.4,+27.0,+42.3,+33.3,+20.5,+21.1,+20.8,+20.7,+21.0,+20.8,+20.6
2023-11-13 02:20,3,+45.5,+31.4,+19.4,+27.0,+42.3,+33.3,+20.5,+21.0,+20.8,+20.7,+20.8,+20.8,+20.7
2023-11-13 03:20,3,+45.5,+31.4,+19.4,+27.1,+42.3,+33.3,+20.5,+21.0,+20.8,+20.8,+20.8,+20.8,+20.7
2023-11-13 04:20,3,+45.5,+31.4,+19.4,+27.0,+42.3,+33.3,+20.3,+21.0,+20.8,+20.8,+20.8,+20.8,+20.7
2023-11-13 05:20,3,+45.5,+31.4,+19.4,+27.0,+42.3,+33.3,+20.3,+21.0,+20.8,+20.8,+21.0,+20.8,+20.7
2023-11-13 06:20,3,+45.5,+31.5,+19.4,+27.1,+42.3,+33.3,+20.2,+21.0,+20.8,+20.8,+20.8,+20.8,+20.6
2023-11-13 07:20,3,+45.5,+31.5,+19.4,+27.0,+42.3,+33.3,+20.2,+20.8,+20.8,+20.7,+20.8,+20.8,+20.6
2023-11-13 08:20,3,+45.4,+31.5,+19.4,+27.1,+42.3,+33.3,+20.2,+20.8,+20.8,+20.7,+20.8,+20.8,+20.7
2023-11-13 09:20,3,+45.4,+31.4,+19.4,+27.1,+42.3,+33.3,+20.3,+20.8,+20.8,+20.8,+21.0,+20.8,+20.6
2023-11-13 10:20,3,+45.4,+31.4,+19.4,+27.1,+42.3,+33.3,+20.3,+20.8,+20.8,+20.8,+20.8,+20.8,+20.7
2023-11-13 11:20,3,+45.3,+31.4,+19.4,+27.1,+42.3,+33.3,+20.5,+20.8,+20.8,+20.8,+21.0,+20.8,+20.7
2023-11-13 12:20,3,+45.3,+31.4,+19.3,+27.1,+42.3,+33.3,+20.7,+20.8,+20.7,+20.8,+20.8,+20.8,+20.7
2023-11-13 13:20,3,+45.3,+31.4,+19.3,+27.0,+42.3,+33.3,+20.7,+20.8,+20.8,+20.8,+21.0,+20.8,+20.7
2023-11-13 14:20,3,+45.2,+31.4,+19.3,+27.0,+42.3,+33.3,+20.8,+21.0,+20.8,+20.8,+21.0,+20.8,+20.7
2023-11-13 15:20,3,+45.2,+31.4,+19.3,+27.1,+42.3,+33.3,+20.8,+21.0,+20.7,+20.8,+21.0,+20.8,+20.7
2023-11-13 16:20,3,+45.1,+31.4,+19.3,+27.0,+42.3,+33.3,+20.8,+21.0,+20.7,+20.8,+21.0,+20.8,+20.7
2023-11-13 17:20,3,+45.1,+31.4,+19.3,+27.0,+42.3,+33.3,+20.7,+21.0,+20.7,+20.8,+20.8,+20.8,+20.6
2023-11-13 18:20,3,+45.1,+31.4,+19.3,+27.1,+42.3,+33.3,+20.7,+21.1,+20.7,+20.8,+21.0,+20.8,+20.6
2023-11-13 19:20,3,+45.0,+31.4,+19.3,+27.0,+42.2,+33.2,+20.7,+21.1,+20.7,+20.7,+20.8,+20.8,+20.7
2023-11-13 20:20,3,+44.9,+31.4,+19.3,+27.0,+42.3,+33.2,+20.6,+21.1,+20.8,+20.8,+21.0,+20.8,+20.7
2023-11-13 21:20,3,+44.9,+31.4,+19.4,+27.1,+42.3,+33.3,+20.5,+21.1,+20.8,+20.8,+21.0,+20.8,+20.7
2023-11-13 22:20,3,+44.8,+31.4,+19.3,+27.0,+42.2,+33.2,+20.6,+21.1,+20.8,+20.8,+21.0,+20.8,+20.7
2023-11-13 23:20,3,+44.8,+31.4,+19.3,+27.1,+42.3,+33.3,+20.5,+21.0,+20.8,+20.8,+21.0,+20.8,+20.7
2023-11-14 00:20,3,+44.7,+31.4,+19.3,+27.0,+42.2,+33.2,+20.5,+21.0,+20.8,+20.8,+21.0,+20.8,+20.6
2023-11-14 01:20,3,+44.7,+31.4,+19.3,+27.1,+42.2,+33.3,+20.5,+21.0,+20.8,+20.7,+20.8,+20.8,+20.7
2023-11-14 02:20,3,+44.7,+31.4,+19.3,+27.0,+42.2,+33.2,+20.5,+21.0,+20.8,+20.8,+20.8,+20.8,+20.7
2023-11-14 03:20,3,+44.7,+31.4,+19.3,+27.0,+42.2,+33.2,+20.5,+20.8,+20.8,+20.8,+21.0,+20.8,+20.7
2023-11-14 04:20,3,+44.7,+31.4,+19.3,+27.1,+42.2,+33.2,+20.3,+20.8,+20.8,+20.8,+20.8,+20.8,+20.7
2023-11-14 05:20,3,+44.6,+31.3,+19.3,+27.1,+42.2,+33.2,+20.3,+21.0,+20.8,+20.8,+21.0,+21.0,+20.6
2023-11-14 06:20,3,+44.6,+31.3,+19.3,+27.0,+42.2,+33.2,+20.3,+20.8,+20.7,+20.8,+21.0,+20.8,+20.7
2023-11-14 07:20,3,+44.6,+31.3,+19.3,+27.1,+42.2,+33.2,+20.3,+21.0,+20.7,+20.7,+20.8,+20.8,+20.7
2023-11-14 08:20,3,+44.6,+31.3,+19.3,+27.1,+42.2,+33.2,+20.5,+20.8,+20.7,+20.8,+20.8,+20.8,+20.7
2023-11-14 09:20,3,+44.6,+31.3,+19.3,+27.1,+42.2,+33.2,+20.6,+20.8,+20.8,+20.8,+21.0,+20.8,+20.7
2023-11-14 10:20,3,+44.6,+31.2,+19.3,+27.0,+42.2,+33.2,+20.6,+21.0,+20.8,+20.8,+21.0,+20.8,+20.7
2023-11-14 11:20,3,+44.6,+31.2,+19.3,+27.0,+42.2,+33.2,+20.7,+21.0,+20.7,+20.8,+21.0,+20.8,+20.6
2023-11-14 12:20,3,+44.6,+31.2,+19.3,+27.0,+42.2,+33.2,+20.7,+21.0,+20.7,+20.8,+20.8,+20.8,+20.6
2023-11-14 13:20,3,+44.6,+31.2,+19.3,+27.1,+42.2,+33.2,+20.8,+21.0,+20.8,+20.8,+20.8,+20.8,+20.7
2023-11-14 14:20,3,+44.6,+31.2,+19.3,+27.1,+42.2,+33.2,+21.0,+21.1,+20.8,+20.8,+20.8,+20.8,+20.7
2023-11-14 15:20,3,+44.5,+31.2,+19.3,+27.1,+42.2,+33.2,+21.0,+21.0,+20.8,+20.8,+21.0,+20.8,+20.7
2023-11-14 16:20,3,+44.5,+31.2,+19.3,+27.1,+42.2,+33.2,+21.0,+21.1,+20.8,+20.8,+21.0,+20.8,+20.7
2023-11-14 17:20,3,+44.5,+31.2,+19.3,+27.0,+42.2,+33.2,+21.0,+21.1,+20.7,+20.8,+20.8,+20.8,+20.7
2023-11-14 18:20,3,+44.5,+31.2,+19.3,+27.1,+42.2,+33.2,+20.8,+21.1,+20.8,+20.8,+21.0,+20.8,+20.7
2023-11-14 19:20,3,+44.5,+31.2,+19.3,+27.0,+42.2,+33.1,+20.8,+21.1,+20.8,+20.8,+21.0,+20.8,+20.7
2023-11-14 20:20,3,+44.5,+31.2,+19.3,+27.0,+42.2,+33.1,+20.8,+21.1,+20.8,+20.8,+21.0,+20.8,+20.7
2023-11-14 21:20,3,+44.5,+31.2,+19.3,+27.1,+42.2,+33.2,+20.7,+21.1,+20.8,+20.8,+20.8,+20.8,+20.6
2023-11-14 22:20,3,+44.5,+31.2,+19.3,+27.1,+42.2,+33.2,+20.7,+21.1,+20.8,+20.8,+21.0,+20.8,+20.7
2023-11-14 23:20,3,+44.4,+31.2,+19.3,+27.1,+42.2,+33.2,+20.7,+21.1,+20.8,+20.8,+21.0,+20.7,+20.6
2023-11-15 00:20,3,+44.4,+31.2,+19.3,+27.1,+42.2,+33.2,+20.6,+21.1,+20.8,+20.8,+21.0,+20.8,+20.7
2023-11-15 01:20,3,+44.4,+31.2,+19.3,+27.0,+42.2,+33.1,+20.6,+21.1,+20.8,+20.8,+21.0,+20.8,+20.6
2023-11-15 02:20,3,+44.4,+31.2,+19.3,+27.0,+42.2,+33.1,+20.6,+21.1,+20.8,+20.8,+21.0,+20.8,+20.6
2023-11-15 03:20,3,+44.4,+31.2,+19.3,+27.0,+42.2,+33.1,+20.5,+21.0,+20.8,+20.8,+21.0,+20.8,+20.7
2023-11-15 04:20,3,+44.4,+31.2,+19.3,+27.0,+42.2,+33.1,+20.5,+21.0,+20.8,+20.8,+21.0,+20.8,+20.7
2023-11-15 05:20,3,+44.4,+31.2,+19.3,+27.0,+42.2,+33.1,+20.5,+21.1,+20.8,+20.8,+20.8,+20.8,+20.7
2023-11-15 06:20,3,+44.4,+31.1,+19.3,+27.1,+42.2,+33.2,+20.5,+21.0,+20.8,+20.8,+21.0,+20.8,+20.7
2023-11-15 07:20,3,+44.4,+31.1,+19.3,+27.1,+42.2,+33.1,+20.5,+21.0,+20.8,+20.8,+21.0,+20.8,+20.7
2023-11-15 08:20,3,+44.4,+31.1,+19.3,+27.0,+42.2,+33.1,+20.6,+21.0,+21.0,+20.8,+21.0,+20.8,+20.7
2023-11-15 09:20,3,+44.4,+31.1,+19.3,+27.0,+42.2,+33.1,+20.6,+21.0,+20.8,+20.8,+21.0,+20.8,+20.7
2023-11-15 10:20,3,+44.7,+31.1,+19.3,+27.0,+42.2,+33.1,+20.7,+21.1,+20.8,+20.8,+21.0,+20.8,+20.7
2023-11-15 11:20,3,+44.4,+31.1,+19.3,+27.1,+42.2,+33.1,+20.7,+21.0,+20.8,+20.8,+21.0,+20.8,+20.6
2023-11-15 12:20,3,+44.4,+31.1,+19.3,+27.0,+42.2,+33.1,+21.0,+21.1,+20.8,+20.8,+21.0,+20.8,+20.7
2023-11-15 13:20,3,+44.4,+31.1,+19.3,+27.0,+42.2,+33.1,+21.1,+21.1,+20.8,+20.8,+21.0,+20.8,+20.7
2023-11-15 14:20,3,+44.4,+31.1,+19.3,+27.0,+42.2,+33.1,+21.2,+21.1,+20.8,+20.8,+21.0,+20.8,+20.7
2023-11-15 15:20,3,+44.4,+31.1,+19.3,+27.0,+42.2,+33.1,+21.2,+21.2,+20.8,+20.8,+21.0,+20.8,+20.7
2023-11-15 16:20,3,+44.4,+31.1,+19.3,+27.1,+42.2,+33.1,+21.2,+21.2,+20.8,+20.8,+21.0,+20.8,+20.7
2023-11-15 17:20,3,+44.3,+31.1,+19.3,+27.1,+42.2,+33.1,+21.2,+21.2,+20.8,+20.8,+21.0,+20.8,+20.7
2023-11-15 18:20,3,+44.3,+31.1,+19.3,+27.1,+42.2,+33.1,+21.2,+21.2,+20.8,+20.8,+21.0,+20.8,+20.7
2023-11-15 19:20,3,+44.3,+31.1,+19.3,+27.0,+42.1,+33.1,+21.1,+21.3,+20.8,+20.8,+21.0,+20.8,+20.7
2023-11-15 20:20,3,+44.3,+31.1,+19.3,+27.0,+42.1,+33.1,+21.0,+21.3,+20.8,+20.8,+21.0,+20.8,+20.7
2023-11-15 21:20,3,+44.3,+31.1,+19.3,+27.1,+42.2,+33.1,+21.0,+21.3,+21.0,+20.8,+21.0,+21.0,+20.7
2023-11-15 22:20,3,+44.2,+31.1,+19.3,+27.0,+42.1,+33.1,+21.0,+21.2,+21.0,+20.8,+21.0,+20.8,+20.7
2023-11-15 23:20,3,+44.3,+31.0,+19.3,+27.0,+42.1,+33.1,+20.8,+21.3,+21.0,+20.8,+21.0,+20.8,+20.7
2023-11-16 00:20,3,+44.3,+31.0,+19.3,+27.1,+42.2,+33.1,+20.8,+21.2,+21.0,+20.8,+21.0,+20.8,+20.7
2023-11-16 01:20,3,+44.3,+31.0,+19.3,+27.1,+42.2,+33.1,+20.8,+21.2,+21.0,+20.8,+21.0,+20.8,+20.7
2023-11-16 02:20,3,+44.3,+31.0,+19.3,+27.1,+42.2,+33.1,+20.8,+21.2,+21.0,+20.8,+21.0,+20.8,+20.7
2023-11-16 03:20,3,+44.3,+31.0,+19.3,+27.0,+42.1,+33.1,+20.8,+21.2,+21.0,+20.8,+21.0,+20.8,+20.7
2023-11-16 04:20,3,+44.2,+31.0,+19.3,+27.1,+42.2,+33.1,+20.7,+21.2,+21.0,+20.8,+21.0,+20.8,+20.7
2023-11-16 05:20,3,+44.2,+31.0,+19.3,+27.1,+42.2,+33.1,+20.7,+21.2,+21.0,+21.0,+21.0,+20.8,+20.7
2023-11-16 06:20,3,+44.2,+31.0,+19.3,+27.0,+42.1,+33.0,+20.7,+21.2,+21.0,+20.8,+21.0,+20.8,+20.7
2023-11-16 07:20,3,+44.2,+31.0,+19.3,+27.1,+42.2,+33.1,+20.7,+21.2,+21.0,+20.8,+21.0,+20.8,+20.7
2023-11-16 08:20,3,+44.2,+31.0,+19.3,+27.1,+42.2,+33.1,+20.7,+21.1,+21.0,+20.8,+21.0,+20.8,+20.7
2023-11-16 09:20,3,+44.2,+31.0,+19.3,+27.1,+42.2,+33.1,+20.7,+21.1,+21.0,+21.0,+21.0,+20.8,+20.7
2023-11-16 10:20,3,+44.2,+31.0,+19.3,+27.1,+42.2,+33.1,+20.8,+21.2,+21.0,+21.0,+21.0,+20.8,+20.7
2023-11-16 11:20,3,+44.2,+31.0,+19.3,+27.1,+42.2,+33.1,+20.8,+21.2,+21.0,+21.0,+21.0,+20.8,+20.7
2023-11-16 12:20,3,+44.2,+31.0,+19.3,+27.0,+42.1,+33.0,+21.0,+21.2,+21.0,+21.0,+21.0,+20.8,+20.7
2023-11-16 13:20,3,+44.1,+31.0,+19.3,+27.1,+42.2,+33.1,+21.0,+21.2,+21.0,+20.8,+21.0,+20.8,+20.7
2023-11-16 14:20,3,+44.1,+31.0,+19.3,+27.1,+42.2,+33.1,+21.1,+21.2,+21.0,+20.8,+21.0,+20.8,+20.7
2023-11-16 15:20,3,+47.1,+31.0,+19.3,+27.0,+42.1,+33.0,+21.1,+21.2,+21.0,+21.0,+21.0,+20.8,+20.7
2023-11-16 16:20,3,+48.0,+32.1,+19.4,+27.1,+42.2,+33.1,+21.0,+21.2,+21.0,+21.0,+21.0,+20.8,+20.7
2023-11-16 17:20,3,+48.7,+33.7,+19.4,+27.1,+42.2,+33.1,+20.8,+21.2,+21.0,+20.8,+21.0,+20.8,+20.7
2023-11-16 18:20,3,+48.5,+34.1,+19.5,+27.0,+42.1,+33.0,+20.7,+21.2,+21.0,+20.8,+21.0,+20.8,+20.7
2023-11-16 19:20,3,+48.1,+33.9,+19.6,+27.0,+42.1,+33.0,+20.7,+21.2,+21.0,+20.8,+21.1,+21.0,+20.7
2023-11-16 20:20,3,+47.9,+33.8,+19.7,+27.1,+42.2,+33.1,+20.6,+21.2,+21.0,+20.8,+21.0,+21.0,+20.7
2023-11-16 21:20,3,+47.7,+33.6,+19.7,+27.0,+42.1,+33.0,+20.7,+21.2,+21.0,+21.0,+21.0,+21.0,+20.7
2023-11-16 22:20,3,+47.5,+33.5,+19.7,+27.1,+42.2,+33.0,+20.6,+21.2,+21.0,+21.0,+21.0,+20.8,+20.7
2023-11-16 23:20,3,+47.5,+33.4,+19.8,+27.0,+42.1,+33.0,+20.6,+21.1,+21.0,+21.0,+21.0,+20.8,+20.7
2023-11-17 00:20,3,+47.7,+33.4,+19.8,+27.0,+42.1,+33.0,+20.6,+21.1,+21.0,+21.0,+21.0,+21.0,+20.7
2023-11-17 01:20,3,+47.7,+33.4,+19.8,+27.1,+42.2,+33.0,+20.6,+21.1,+21.0,+21.0,+21.0,+20.8,+20.7
2023-11-17 02:20,3,+47.8,+33.4,+19.8,+27.0,+42.1,+33.0,+20.5,+21.2,+21.0,+21.0,+21.1,+21.0,+20.7
2023-11-17 03:20,3,+48.0,+33.4,+19.8,+27.0,+42.1,+33.0,+20.5,+21.1,+21.0,+21.0,+21.0,+21.0,+20.7
2023-11-17 04:20,3,+48.0,+33.4,+19.8,+27.0,+42.1,+33.0,+20.5,+21.1,+21.0,+21.0,+21.0,+21.0,+20.7
2023-11-17 05:20,3,+47.9,+33.4,+19.8,+27.2,+42.2,+33.0,+20.5,+21.1,+21.0,+21.0,+21.0,+21.0,+20.7
2023-11-17 06:20,3,+48.0,+33.4,+19.8,+27.2,+42.2,+33.0,+20.5,+21.1,+21.0,+21.0,+21.1,+21.0,+20.7
2023-11-17 07:20,3,+48.0,+33.3,+19.8,+27.2,+42.2,+33.0,+20.5,+21.0,+21.0,+21.0,+21.0,+21.0,+20.7
2023-11-17 08:20,3,+48.1,+33.3,+19.8,+27.2,+42.2,+33.0,+20.5,+21.0,+20.8,+21.0,+21.0,+21.0,+20.7
2023-11-17 09:20,3,+48.1,+33.3,+19.8,+27.1,+42.2,+33.0,+20.5,+21.1,+21.0,+20.8,+21.0,+20.8,+20.7
2023-11-17 10:20,3,+48.1,+33.3,+19.8,+27.2,+42.2,+33.0,+20.6,+21.1,+20.8,+21.0,+21.0,+20.8,+20.7
2023-11-17 11:20,3,+48.0,+33.3,+19.8,+27.1,+42.2,+33.0,+20.7,+21.0,+20.8,+20.8,+21.0,+21.0,+20.7
2023-11-17 12:20,3,+48.0,+33.2,+19.9,+27.1,+42.2,+33.0,+20.7,+21.0,+20.8,+21.0,+21.0,+20.8,+20.7
2023-11-17 13:20,3,+47.8,+33.1,+19.8,+27.1,+42.2,+33.0,+20.8,+21.1,+20.8,+21.0,+21.0,+21.0,+20.7
2023-11-17 14:20,3,+47.6,+33.1,+19.8,+27.2,+42.2,+33.0,+21.0,+21.1,+21.0,+21.0,+21.0,+21.0,+20.7
2023-11-17 15:20,3,+47.6,+33.0,+19.8,+27.2,+42.2,+33.0,+21.1,+21.1,+20.8,+21.0,+21.0,+21.0,+20.7
2023-11-17 16:20,3,+47.6,+33.0,+19.8,+27.2,+42.2,+33.1,+21.1,+21.1,+20.8,+21.0,+21.1,+20.8,+20.7
2023-11-17 17:20,3,+47.5,+32.9,+19.9,+27.1,+42.2,+33.0,+21.1,+21.2,+20.8,+20.8,+21.0,+20.8,+20.7
2023-11-17 18:20,3,+47.5,+32.9,+19.9,+27.2,+42.3,+33.1,+21.1,+21.2,+20.8,+20.8,+21.0,+21.0,+20.7
2023-11-17 19:20,3,+47.4,+32.8,+19.9,+27.2,+42.2,+33.1,+21.0,+21.2,+21.0,+20.8,+21.0,+21.0,+20.7
2023-11-17 20:20,3,+47.4,+32.8,+19.9,+27.2,+42.3,+33.1,+21.0,+21.2,+21.0,+21.0,+21.0,+21.0,+20.7
2023-11-17 21:20,3,+47.4,+32.8,+19.9,+27.2,+42.3,+33.1,+20.8,+21.2,+21.0,+20.8,+21.0,+20.8,+20.7
2023-11-17 22:20,3,+47.4,+32.7,+19.9,+27.2,+42.3,+33.1,+20.7,+21.2,+21.0,+21.0,+21.0,+20.8,+20.7
2023-11-17 23:20,3,+47.4,+32.7,+19.9,+27.2,+42.3,+33.1,+20.7,+21.2,+21.0,+20.8,+21.1,+21.0,+20.7
2023-11-18 00:20,3,+47.4,+32.7,+19.9,+27.2,+42.2,+33.1,+20.6,+21.2,+21.0,+20.8,+21.0,+20.8,+20.7
2023-11-18 01:20,3,+47.4,+32.6,+19.9,+27.3,+42.3,+33.1,+20.6,+21.1,+21.0,+20.8,+21.1,+20.8,+20.7
2023-11-18 02:20,3,+47.3,+32.6,+19.9,+27.2,+42.3,+33.1,+20.6,+21.1,+21.0,+21.0,+21.0,+21.0,+20.7
2023-11-18 03:20,3,+47.3,+32.6,+19.9,+27.2,+42.3,+33.1,+20.5,+21.1,+21.0,+21.0,+21.0,+21.0,+20.7
2023-11-18 04:20,3,+47.3,+32.5,+19.9,+27.2,+42.2,+33.1,+20.5,+21.1,+21.0,+20.8,+21.0,+20.8,+20.7
2023-11-18 05:20,3,+47.2,+32.5,+19.9,+27.2,+42.3,+33.1,+20.5,+21.1,+21.0,+21.0,+21.0,+20.8,+20.7
2023-11-18 06:20,3,+47.2,+32.5,+19.9,+27.3,+42.3,+33.1,+20.5,+21.1,+21.0,+21.0,+21.0,+21.0,+20.7
2023-11-18 07:20,3,+47.2,+32.5,+19.9,+27.2,+42.3,+33.1,+20.5,+21.0,+21.0,+21.0,+21.1,+20.8,+20.7
2023-11-18 08:20,3,+47.1,+32.4,+19.8,+27.3,+42.3,+33.1,+20.5,+21.1,+20.8,+20.8,+21.1,+20.8,+20.7
2023-11-18 09:20,3,+47.1,+32.4,+19.8,+27.3,+42.3,+33.1,+20.6,+21.0,+21.0,+21.0,+21.0,+21.0,+20.7
2023-11-18 10:20,3,+47.0,+32.4,+19.8,+27.3,+42.4,+33.1,+20.6,+21.0,+21.0,+21.0,+21.0,+21.0,+20.7
2023-11-18 11:20,3,+47.0,+32.4,+19.9,+27.2,+42.3,+33.1,+20.7,+21.1,+20.8,+20.8,+21.1,+21.0,+20.7
2023-11-18 12:20,3,+46.9,+32.3,+19.8,+27.1,+42.3,+33.1,+20.7,+21.0,+21.0,+21.0,+21.0,+20.8,+20.7
2023-11-18 13:20,3,+47.0,+32.3,+19.9,+27.2,+42.3,+33.1,+20.8,+21.1,+20.8,+21.0,+21.0,+21.0,+20.7
2023-11-18 14:20,3,+46.9,+32.3,+19.8,+27.2,+42.3,+33.1,+20.8,+21.1,+21.0,+20.8,+21.0,+20.8,+20.7
2023-11-18 15:20,3,+48.5,+32.3,+19.9,+27.1,+42.3,+33.1,+20.7,+21.1,+21.0,+21.0,+21.1,+21.0,+20.7
2023-11-18 16:20,3,+49.0,+33.5,+19.9,+27.3,+42.4,+33.2,+20.7,+21.1,+20.8,+20.8,+21.1,+21.0,+20.7
2023-11-18 17:20,3,+51.1,+38.4,+22.2,+27.3,+42.3,+33.2,+20.5,+21.0,+20.8,+21.0,+21.0,+21.0,+20.7
2023-11-18 18:20,3,+50.2,+36.0,+23.4,+29.3,+42.4,+33.2,+20.0,+20.8,+20.8,+20.8,+21.0,+21.0,+20.7
2023-11-18 19:20,3,+49.6,+35.3,+23.0,+29.0,+42.6,+33.2,+20.0,+20.8,+20.8,+20.8,+21.0,+21.0,+20.7
2023-11-18 20:20,3,+49.3,+34.7,+22.5,+28.4,+42.7,+33.3,+19.8,+20.7,+20.8,+20.8,+21.0,+21.0,+20.7
2023-11-18 21:20,3,+49.8,+35.4,+22.2,+28.3,+42.9,+33.7,+19.8,+20.7,+20.8,+20.8,+21.0,+21.0,+20.7
2023-11-18 22:20,3,+49.5,+35.0,+22.3,+28.3,+42.9,+34.5,+19.8,+20.6,+20.8,+20.8,+21.1,+21.0,+20.8
2023-11-18 23:20,3,+49.3,+34.6,+22.1,+28.3,+43.0,+35.5,+19.8,+20.6,+20.7,+20.8,+21.1,+20.8,+20.7
2023-11-19 00:20,3,+49.1,+34.4,+21.9,+28.2,+43.0,+35.8,+19.8,+20.7,+20.7,+20.8,+21.1,+21.0,+20.7
2023-11-19 01:20,3,+48.9,+34.2,+21.6,+28.1,+43.0,+35.8,+19.8,+20.6,+20.7,+20.8,+21.0,+21.0,+20.7
2023-11-19 02:20,3,+48.8,+34.1,+21.4,+27.9,+43.0,+35.8,+19.8,+20.6,+20.7,+21.0,+21.1,+21.0,+20.7
2023-11-19 03:20,3,+48.7,+33.9,+21.2,+27.8,+43.0,+35.7,+19.8,+20.6,+20.7,+20.8,+21.0,+21.0,+20.8
2023-11-19 04:20,3,+48.5,+33.8,+21.1,+27.9,+43.0,+35.7,+19.8,+20.6,+20.7,+20.8,+21.0,+21.0,+20.8
2023-11-19 05:20,3,+48.5,+33.7,+20.9,+27.8,+43.0,+35.6,+19.8,+20.6,+20.7,+20.8,+21.0,+21.0,+20.7
2023-11-19 06:20,3,+48.3,+33.6,+20.8,+27.8,+43.0,+35.5,+19.8,+20.6,+20.7,+20.8,+21.0,+21.0,+20.7
2023-11-19 07:20,3,+48.3,+33.6,+20.7,+27.6,+42.9,+35.4,+19.8,+20.6,+20.7,+20.8,+21.0,+21.0,+20.7
2023-11-19 08:20,3,+48.2,+33.5,+20.9,+27.7,+42.9,+35.4,+20.0,+20.6,+20.7,+20.8,+21.0,+21.0,+20.7
2023-11-19 09:20,3,+48.1,+33.5,+20.9,+27.7,+42.9,+35.3,+20.0,+20.6,+20.6,+20.8,+21.0,+21.0,+20.7
2023-11-19 10:20,3,+48.0,+33.4,+20.8,+27.6,+42.9,+35.2,+20.1,+20.6,+20.7,+20.8,+21.0,+21.0,+20.8
2023-11-19 11:20,3,+48.0,+33.3,+20.7,+27.6,+42.8,+35.1,+20.2,+20.6,+20.6,+20.8,+21.0,+21.0,+20.7
2023-11-19 12:20,3,+47.9,+33.3,+20.7,+27.6,+42.9,+35.1,+20.3,+20.6,+20.7,+20.8,+21.0,+21.0,+20.8
2023-11-19 13:20,3,+47.8,+33.2,+20.7,+27.5,+42.8,+35.0,+20.5,+20.6,+20.6,+20.8,+21.0,+20.8,+20.7
2023-11-19 14:20,3,+48.0,+33.1,+20.6,+27.6,+42.8,+35.0,+20.5,+20.7,+20.6,+20.8,+21.0,+21.0,+20.7
2023-11-19 15:20,3,+47.9,+33.1,+20.6,+27.6,+42.8,+35.0,+20.5,+20.7,+20.6,+20.8,+21.0,+21.0,+20.7
2023-11-19 16:20,3,+47.9,+33.0,+20.6,+27.6,+42.8,+34.9,+20.6,+20.7,+20.6,+20.8,+21.0,+21.0,+20.7
2023-11-19 17:20,3,+47.8,+33.0,+20.6,+27.6,+42.8,+34.9,+20.6,+20.8,+20.7,+20.7,+21.0,+21.0,+20.7
2023-11-19 18:20,3,+47.8,+33.0,+20.6,+27.5,+42.7,+34.8,+20.5,+20.8,+20.6,+20.7,+21.0,+20.8,+20.7
2023-11-19 19:20,3,+47.7,+32.9,+20.5,+27.4,+42.7,+34.7,+20.6,+20.8,+20.7,+20.8,+21.0,+21.0,+20.7
2023-11-19 20:20,3,+47.7,+32.9,+20.5,+27.6,+42.8,+34.7,+20.5,+20.8,+20.7,+20.7,+21.0,+21.0,+20.7
2023-11-19 21:20,3,+47.6,+32.9,+20.5,+27.4,+42.7,+34.7,+20.5,+20.8,+20.7,+20.8,+21.0,+21.0,+20.7
2023-11-19 22:20,3,+47.7,+32.8,+20.5,+27.5,+42.8,+34.7,+20.5,+20.8,+20.7,+20.7,+21.0,+21.0,+20.7
2023-11-19 23:20,3,+47.6,+32.8,+20.4,+27.4,+42.7,+34.6,+20.5,+20.8,+20.7,+20.8,+21.0,+20.8,+20.7
2023-11-20 00:20,3,+47.6,+32.8,+20.4,+27.5,+42.8,+34.6,+20.3,+20.8,+20.7,+20.8,+21.0,+21.0,+20.7
2023-11-20 01:20,3,+47.6,+32.8,+20.4,+27.4,+42.7,+34.6,+20.3,+20.8,+20.7,+20.8,+21.0,+21.0,+20.7
2023-11-20 02:20,3,+47.6,+32.7,+20.4,+27.5,+42.7,+34.6,+20.3,+20.8,+20.7,+20.8,+21.0,+20.8,+20.7
2023-11-20 03:20,3,+47.5,+32.7,+20.4,+27.4,+42.7,+34.5,+20.3,+20.8,+20.7,+20.7,+21.0,+20.8,+20.8
2023-11-20 04:20,3,+47.5,+32.7,+20.4,+27.4,+42.7,+34.5,+20.3,+20.8,+20.7,+20.8,+21.0,+20.8,+20.7
2023-11-20 05:20,3,+47.5,+32.7,+20.4,+27.5,+42.7,+34.5,+20.3,+20.8,+20.7,+20.8,+21.0,+20.8,+20.7
2023-11-20 06:20,3,+47.5,+32.7,+20.4,+27.4,+42.7,+34.4,+20.2,+20.8,+20.7,+20.8,+21.0,+20.8,+20.7
2023-11-20 07:20,3,+47.6,+32.7,+20.4,+27.4,+42.7,+34.4,+20.2,+20.8,+20.7,+20.7,+21.0,+21.0,+20.7
2023-11-20 08:20,3,+47.6,+32.6,+20.4,+27.4,+42.7,+34.4,+20.2,+20.7,+20.7,+20.8,+21.0,+21.0,+20.7
2023-11-20 09:20,3,+47.6,+32.6,+20.4,+27.4,+42.7,+34.3,+20.3,+20.8,+20.7,+20.8,+21.0,+20.8,+20.7
2023-11-20 10:20,3,+47.5,+32.6,+20.3,+27.5,+42.7,+34.3,+20.3,+20.7,+20.7,+20.8,+21.0,+21.0,+20.7
2023-11-20 11:20,3,+47.5,+32.6,+20.3,+27.5,+42.7,+34.3,+20.6,+20.8,+20.6,+20.7,+21.0,+20.8,+20.7
2023-11-20 12:20,3,+47.4,+32.6,+20.3,+27.5,+42.7,+34.3,+20.7,+20.8,+20.7,+20.8,+21.0,+20.8,+20.7
2023-11-20 13:20,3,+47.4,+32.6,+20.3,+27.3,+42.6,+34.2,+20.7,+20.8,+20.7,+20.7,+21.0,+20.8,+20.7
2023-11-20 14:20,3,+47.3,+32.6,+20.3,+27.4,+42.7,+34.2,+20.8,+20.8,+20.7,+20.8,+21.0,+20.8,+20.7
2023-11-20 15:20,3,+47.2,+32.6,+20.3,+27.4,+42.7,+34.1,+20.8,+21.0,+20.7,+20.8,+21.0,+20.8,+20.7
2023-11-20 16:20,3,+47.2,+32.5,+20.3,+27.3,+42.6,+34.1,+20.8,+21.0,+20.7,+20.8,+21.0,+21.0,+20.7
2023-11-20 17:20,3,+47.2,+32.5,+20.3,+27.3,+42.6,+34.1,+20.8,+21.0,+20.7,+20.8,+21.0,+21.0,+20.7
2023-11-20 18:20,3,+47.2,+32.5,+20.2,+27.4,+42.7,+34.1,+20.8,+21.0,+20.7,+20.8,+21.0,+20.8,+20.8
2023-11-20 19:20,3,+47.2,+32.5,+20.3,+27.3,+42.6,+34.1,+20.7,+21.0,+20.7,+20.7,+20.8,+21.0,+20.7
2023-11-20 20:20,3,+47.2,+32.5,+20.2,+27.3,+42.6,+34.1,+20.7,+21.0,+20.7,+20.7,+21.0,+20.8,+20.7
2023-11-20 21:20,3,+47.2,+32.5,+20.3,+27.4,+42.6,+34.1,+20.7,+21.0,+20.7,+20.8,+21.0,+20.8,+20.7
2023-11-20 22:20,3,+47.1,+32.5,+20.2,+27.3,+42.6,+34.0,+20.7,+21.1,+20.8,+20.8,+21.0,+20.8,+20.7
2023-11-20 23:20,3,+47.1,+32.5,+20.2,+27.4,+42.6,+34.0,+20.6,+21.1,+20.8,+20.7,+21.0,+20.8,+20.7
2023-11-21 00:20,3,+47.1,+32.5,+20.2,+27.4,+42.6,+34.0,+20.6,+21.0,+20.7,+20.8,+21.0,+20.8,+20.7
2023-11-21 01:20,3,+47.0,+32.5,+20.2,+27.4,+42.6,+34.0,+20.6,+21.0,+20.8,+20.8,+21.0,+21.0,+20.7
2023-11-21 02:20,3,+47.1,+32.5,+20.2,+27.4,+42.6,+34.0,+20.5,+21.1,+20.8,+20.8,+21.0,+20.8,+20.7
2023-11-21 03:20,3,+47.1,+32.4,+20.2,+27.3,+42.6,+33.9,+20.3,+21.0,+20.8,+20.8,+21.0,+20.8,+20.7
2023-11-21 04:20,3,+47.0,+32.4,+20.2,+27.3,+42.6,+33.9,+20.3,+21.0,+20.8,+20.8,+21.0,+20.8,+20.7
2023-11-21 05:20,3,+47.0,+32.4,+20.2,+27.3,+42.6,+33.9,+20.3,+21.0,+20.8,+20.8,+21.0,+20.8,+20.7
2023-11-21 06:20,3,+47.0,+32.4,+20.2,+27.4,+42.6,+33.9,+20.2,+20.8,+20.8,+20.8,+21.0,+20.8,+20.7
2023-11-21 07:20,3,+47.0,+32.4,+20.2,+27.4,+42.6,+33.9,+20.2,+20.8,+20.7,+20.8,+21.0,+20.8,+20.7
2023-11-21 08:20,3,+47.0,+32.4,+20.2,+27.4,+42.6,+33.9,+20.2,+20.8,+20.8,+20.8,+21.0,+20.8,+20.7
2023-11-21 09:20,3,+47.0,+32.4,+20.2,+27.4,+42.6,+33.9,+20.3,+20.8,+20.7,+20.8,+21.0,+20.8,+20.7
2023-11-21 10:20,3,+47.0,+32.4,+20.2,+27.4,+42.6,+33.9,+20.5,+20.8,+20.7,+20.8,+21.0,+20.8,+20.7
2023-11-21 11:20,3,+46.9,+32.4,+20.2,+27.3,+42.6,+33.8,+20.5,+20.8,+20.8,+20.8,+21.0,+20.8,+20.7
2023-11-21 12:20,3,+46.9,+32.3,+20.1,+27.4,+42.6,+33.9,+20.6,+20.8,+20.7,+20.8,+21.0,+20.8,+20.7
2023-11-21 13:20,3,+46.9,+32.3,+20.1,+27.4,+42.6,+33.9,+20.7,+20.8,+20.8,+20.8,+21.0,+21.0,+20.7
2023-11-21 14:20,3,+46.8,+32.3,+20.1,+27.3,+42.6,+33.8,+20.8,+21.0,+20.7,+20.8,+21.0,+20.8,+20.7
2023-11-21 15:20,3,+46.8,+32.2,+20.1,+27.4,+42.6,+33.8,+21.0,+21.0,+20.7,+20.8,+21.0,+21.0,+20.7
2023-11-21 16:20,3,+46.8,+32.2,+20.1,+27.3,+42.5,+33.8,+21.0,+21.0,+20.8,+20.8,+21.0,+20.8,+20.7
2023-11-21 17:20,3,+46.8,+32.2,+20.1,+27.3,+42.5,+33.8,+20.8,+21.1,+20.7,+20.8,+21.0,+20.8,+20.7
2023-11-21 18:20,3,+46.8,+32.2,+20.1,+27.2,+42.5,+33.8,+20.8,+21.1,+20.7,+20.8,+21.0,+20.8,+20.7
2023-11-21 19:20,3,+50.4,+37.3,+22.4,+27.3,+42.5,+33.7,+20.2,+21.1,+20.7,+20.8,+20.8,+20.8,+20.7
2023-11-21 20:20,3,+50.4,+37.1,+24.7,+29.6,+42.6,+33.8,+20.0,+20.8,+20.8,+20.8,+21.0,+20.8,+20.7
2023-11-21 21:20,3,+50.0,+36.1,+24.2,+35.7,+42.7,+33.8,+19.8,+20.7,+20.8,+20.8,+21.0,+20.8,+20.7
2023-11-21 22:20,3,+49.7,+35.4,+23.5,+29.9,+42.9,+34.1,+19.8,+20.7,+20.8,+20.8,+21.0,+20.8,+20.7
2023-11-21 23:20,3,+49.5,+35.0,+22.9,+28.4,+43.0,+35.2,+19.8,+20.7,+20.7,+20.8,+21.0,+20.8,+20.7
2023-11-22 00:20,3,+49.4,+34.7,+22.4,+28.4,+43.1,+35.8,+19.8,+20.6,+20.7,+20.8,+21.0,+20.8,+20.7
2023-11-22 01:20,3,+49.2,+34.5,+22.0,+28.2,+43.1,+35.9,+19.8,+20.7,+20.7,+20.8,+21.0,+20.8,+20.7
2023-11-22 02:20,3,+49.1,+34.3,+21.8,+28.0,+43.1,+35.8,+19.8,+20.7,+20.7,+20.7,+21.0,+21.0,+20.7
2023-11-22 03:20,3,+49.0,+34.2,+21.5,+27.9,+43.0,+35.8,+19.8,+20.6,+20.7,+20.8,+21.0,+20.8,+20.7
2023-11-22 04:20,3,+48.9,+34.1,+21.4,+27.8,+43.0,+35.7,+19.7,+20.6,+20.7,+20.8,+21.0,+20.8,+20.7
2023-11-22 05:20,3,+48.8,+33.9,+21.2,+27.8,+43.0,+35.6,+19.7,+20.6,+20.7,+20.8,+21.0,+20.8,+20.7
2023-11-22 06:20,3,+48.7,+33.8,+21.1,+27.8,+43.0,+35.5,+19.7,+20.6,+20.7,+20.8,+21.0,+21.0,+20.7
2023-11-22 07:20,3,+48.6,+33.8,+21.0,+27.7,+43.0,+35.4,+19.7,+20.6,+20.6,+20.8,+21.0,+20.8,+20.7
2023-11-22 08:20,3,+48.6,+33.7,+20.9,+27.8,+43.0,+35.3,+19.8,+20.6,+20.7,+20.7,+21.0,+20.8,+20.7
2023-11-22 09:20,3,+48.5,+33.6,+20.9,+27.6,+42.9,+35.2,+19.8,+20.5,+20.6,+20.8,+21.0,+20.8,+20.7
2023-11-22 10:20,3,+48.5,+33.6,+20.9,+27.6,+42.9,+35.1,+19.8,+20.5,+20.6,+20.8,+21.0,+21.0,+20.7
2023-11-22 11:20,3,+48.5,+33.5,+20.8,+27.7,+42.9,+35.1,+19.8,+20.5,+20.6,+20.7,+21.0,+20.8,+20.7
2023-11-22 12:20,3,+48.5,+33.5,+20.8,+27.7,+42.9,+35.0,+20.0,+20.6,+20.6,+20.7,+21.0,+20.8,+20.7
2023-11-22 13:20,3,+48.4,+33.4,+20.7,+27.6,+42.9,+35.0,+20.1,+20.6,+20.6,+20.7,+20.8,+21.0,+20.7
2023-11-22 14:20,3,+48.3,+33.4,+20.7,+27.6,+42.9,+34.9,+20.1,+20.6,+20.6,+20.7,+21.0,+20.8,+20.7
2023-11-22 15:20,3,+48.2,+33.3,+20.6,+27.6,+42.8,+34.9,+20.2,+20.6,+20.6,+20.7,+21.0,+21.0,+20.7
2023-11-22 16:20,3,+48.2,+33.3,+20.6,+27.6,+42.9,+34.9,+20.2,+20.6,+20.6,+20.7,+21.0,+21.0,+20.7
2023-11-22 17:20,3,+48.1,+33.3,+20.6,+27.6,+42.9,+34.8,+20.2,+20.6,+20.6,+20.7,+21.0,+20.8,+20.7
2023-11-22 18:20,3,+48.1,+33.2,+20.6,+27.6,+42.8,+34.8,+20.2,+20.6,+20.6,+20.7,+21.0,+20.8,+20.7
2023-11-22 19:20,3,+48.0,+33.2,+20.6,+27.6,+42.8,+34.7,+20.2,+20.6,+20.6,+20.7,+20.8,+21.0,+20.7
2023-11-22 20:20,3,+47.8,+33.2,+20.6,+27.5,+42.8,+34.7,+20.2,+20.6,+20.6,+20.7,+21.0,+20.8,+20.7
2023-11-22 21:20,3,+47.6,+33.1,+20.5,+27.6,+42.8,+34.7,+20.1,+20.6,+20.6,+20.7,+21.0,+21.0,+20.7
2023-11-22 22:20,3,+47.4,+33.1,+20.5,+27.6,+42.8,+34.6,+20.0,+20.6,+20.6,+20.7,+21.0,+20.8,+20.7
2023-11-22 23:20,3,+47.4,+33.1,+20.5,+27.6,+42.8,+34.6,+20.0,+20.6,+20.6,+20.7,+20.8,+20.8,+20.8
2023-11-23 00:20,3,+47.3,+33.0,+20.5,+27.6,+42.8,+34.6,+20.0,+20.6,+20.6,+20.7,+20.8,+20.8,+20.7
2023-11-23 01:20,3,+47.2,+33.0,+20.5,+27.5,+42.7,+34.5,+19.8,+20.6,+20.6,+20.7,+21.0,+20.8,+20.7
2023-11-23 02:20,3,+47.1,+33.0,+20.4,+27.5,+42.7,+34.5,+19.8,+20.6,+20.6,+20.7,+20.8,+20.8,+20.7
2023-11-23 03:20,3,+47.1,+33.0,+20.4,+27.6,+42.8,+34.4,+20.0,+20.6,+20.6,+20.7,+21.0,+20.8,+20.7
2023-11-23 04:20,3,+47.2,+33.0,+20.4,+27.6,+42.8,+34.4,+19.8,+20.5,+20.6,+20.7,+21.0,+20.8,+20.7
2023-11-23 05:20,3,+47.2,+32.9,+20.4,+27.6,+42.8,+34.4,+19.8,+20.6,+20.6,+20.7,+21.0,+20.8,+20.7
2023-11-23 06:20,3,+47.0,+32.9,+20.4,+27.4,+42.7,+34.4,+20.0,+20.6,+20.6,+20.7,+21.0,+20.8,+20.7
2023-11-23 07:20,3,+47.1,+32.9,+20.4,+27.4,+42.7,+34.3,+19.8,+20.5,+20.6,+20.7,+21.0,+20.8,+20.7
2023-11-23 08:20,3,+46.9,+32.9,+20.4,+27.6,+42.7,+34.3,+20.0,+20.5,+20.5,+20.7,+21.0,+20.8,+20.7
2023-11-23 09:20,3,+46.9,+32.8,+20.4,+27.5,+42.7,+34.3,+20.0,+20.5,+20.6,+20.7,+21.0,+20.8,+20.7
2023-11-23 10:20,3,+47.0,+32.8,+20.3,+27.4,+42.7,+34.2,+20.1,+20.5,+20.6,+20.7,+20.8,+20.8,+20.7
2023-11-23 11:20,3,+47.0,+32.8,+20.3,+27.5,+42.7,+34.2,+20.2,+20.5,+20.6,+20.7,+20.8,+20.8,+20.7
2023-11-23 12:20,3,+47.0,+32.8,+20.3,+27.4,+42.7,+34.2,+20.3,+20.6,+20.5,+20.7,+20.8,+20.8,+20.7
2023-11-23 13:20,3,+47.1,+32.9,+20.3,+27.5,+42.7,+34.2,+20.5,+20.6,+20.5,+20.6,+20.8,+20.8,+20.7
2023-11-23 14:20,3,+47.3,+32.9,+20.3,+27.4,+42.7,+34.1,+20.6,+20.7,+20.6,+20.6,+21.0,+20.8,+20.7
2023-11-23 15:20,3,+47.4,+32.9,+20.3,+27.4,+42.7,+34.1,+20.7,+20.7,+20.6,+20.6,+20.8,+20.8,+20.7
2023-11-23 16:20,3,+47.5,+32.8,+20.3,+27.5,+42.7,+34.1,+20.7,+20.7,+20.5,+20.7,+20.8,+20.8,+20.7
2023-11-23 17:20,3,+47.4,+32.8,+20.3,+27.4,+42.7,+34.1,+20.7,+20.8,+20.6,+20.7,+20.8,+20.8,+20.7
2023-11-23 18:20,3,+47.4,+32.8,+20.3,+27.4,+42.7,+34.1,+20.6,+20.8,+20.6,+20.7,+20.8,+20.8,+20.7
2023-11-23 19:20,3,+47.5,+32.8,+20.3,+27.5,+42.7,+34.1,+20.6,+20.8,+20.6,+20.7,+20.8,+20.8,+20.7
2023-11-23 20:20,3,+47.4,+32.8,+20.3,+27.5,+42.7,+34.1,+20.6,+21.0,+20.6,+20.6,+20.8,+20.8,+20.7
2023-11-23 21:20,3,+47.5,+32.8,+20.3,+27.5,+42.7,+34.1,+20.6,+20.8,+20.6,+20.7,+20.8,+20.8,+20.7
2023-11-23 22:20,3,+48.7,+32.8,+20.2,+27.5,+42.7,+34.1,+20.6,+20.8,+20.6,+20.7,+20.8,+20.8,+20.7
2023-11-23 23:20,3,+49.8,+34.0,+20.3,+27.5,+42.7,+34.1,+20.3,+20.8,+20.6,+20.7,+20.8,+20.8,+20.7
2023-11-24 00:20,3,+49.7,+35.0,+20.3,+27.5,+42.7,+34.0,+20.3,+20.8,+20.6,+20.7,+21.0,+20.8,+20.7
2023-11-24 01:20,3,+49.7,+35.2,+20.5,+27.5,+42.7,+34.0,+20.3,+20.8,+20.6,+20.7,+20.8,+20.8,+20.7
2023-11-24 02:20,3,+49.8,+35.5,+20.8,+27.4,+42.6,+34.0,+20.2,+20.8,+20.6,+20.7,+20.8,+20.8,+20.7
2023-11-24 03:20,3,+49.6,+35.2,+21.2,+27.5,+42.7,+34.0,+20.2,+20.7,+20.6,+20.7,+20.8,+20.8,+20.7
2023-11-24 04:20,3,+49.5,+35.0,+21.5,+27.7,+42.7,+34.0,+20.2,+20.7,+20.7,+20.7,+20.8,+20.8,+20.7
2023-11-24 05:20,3,+49.5,+34.9,+21.5,+27.8,+42.7,+34.0,+20.2,+20.7,+20.6,+20.7,+21.0,+20.8,+20.7
2023-11-24 06:20,3,+49.4,+34.7,+21.5,+27.9,+42.8,+34.0,+20.2,+20.7,+20.6,+20.7,+20.8,+20.8,+20.7
2023-11-24 07:20,3,+49.3,+34.5,+21.4,+27.8,+42.8,+34.1,+20.2,+20.7,+20.6,+20.7,+20.8,+20.8,+20.7
2023-11-24 08:20,3,+49.2,+34.4,+21.3,+27.9,+42.9,+34.1,+20.2,+20.7,+20.6,+20.7,+20.8,+20.8,+20.7
2023-11-24 09:20,3,+49.1,+34.3,+21.2,+27.9,+42.9,+34.2,+20.3,+20.7,+20.6,+20.7,+20.8,+20.8,+20.7
2023-11-24 10:20,3,+49.0,+34.2,+21.1,+27.8,+42.9,+34.3,+20.3,+20.7,+20.7,+20.7,+20.8,+20.8,+20.7
2023-11-24 11:20,3,+48.9,+34.1,+21.1,+27.8,+42.9,+34.4,+20.5,+20.7,+20.6,+20.7,+20.8,+20.8,+20.7
2023-11-24 12:20,3,+48.9,+34.0,+21.0,+27.8,+42.9,+34.5,+20.6,+20.7,+20.6,+20.7,+20.8,+20.8,+20.7
2023-11-24 13:20,3,+48.7,+33.9,+21.0,+27.7,+42.9,+34.5,+20.7,+20.8,+20.6,+20.7,+20.8,+20.8,+20.7
2023-11-24 14:20,3,+48.7,+33.8,+20.9,+27.7,+42.9,+34.6,+20.8,+20.8,+20.6,+20.7,+20.8,+20.8,+20.7
2023-11-24 15:20,3,+48.6,+33.8,+20.9,+27.8,+42.9,+34.7,+21.0,+20.8,+20.7,+20.7,+20.8,+20.8,+20.7
2023-11-24 16:20,3,+48.6,+33.7,+20.8,+27.8,+42.9,+34.7,+20.8,+20.8,+20.6,+20.7,+21.0,+20.8,+20.7
2023-11-24 17:20,3,+48.5,+33.6,+20.8,+27.8,+42.9,+34.7,+20.8,+21.0,+20.7,+20.7,+20.8,+20.8,+20.7
2023-11-24 18:20,3,+48.7,+33.6,+20.7,+27.6,+42.9,+34.6,+20.8,+21.0,+20.7,+20.7,+20.8,+20.8,+20.7
2023-11-24 19:20,3,+48.8,+33.6,+20.7,+27.7,+42.9,+34.7,+20.7,+21.0,+20.7,+20.7,+21.0,+20.8,+20.7
2023-11-24 20:20,3,+48.9,+33.5,+20.7,+27.7,+42.9,+34.6,+20.7,+21.0,+20.7,+20.7,+20.8,+20.8,+20.7
2023-11-24 21:20,3,+48.9,+33.6,+20.7,+27.7,+42.9,+34.6,+20.7,+21.0,+20.7,+20.7,+20.8,+20.8,+20.7
2023-11-24 22:20,3,+48.9,+33.6,+20.6,+27.6,+42.8,+34.5,+20.6,+21.0,+20.7,+20.7,+20.8,+20.8,+20.7
2023-11-24 23:20,3,+48.9,+33.6,+20.6,+27.7,+42.9,+34.6,+20.5,+21.0,+20.7,+20.7,+20.8,+20.8,+20.7
2023-11-25 00:20,3,+48.9,+33.6,+20.6,+27.6,+42.8,+34.5,+20.5,+21.0,+20.7,+20.7,+20.8,+20.8,+20.7
2023-11-25 01:20,3,+48.8,+33.6,+20.6,+27.6,+42.9,+34.5,+20.5,+21.0,+20.7,+20.7,+20.8,+20.8,+20.7
2023-11-25 02:20,3,+48.4,+33.6,+20.6,+27.5,+42.8,+34.4,+20.5,+21.0,+20.7,+20.8,+20.8,+20.8,+20.6
2023-11-25 03:20,3,+48.3,+33.5,+20.6,+27.5,+42.8,+34.4,+20.3,+21.0,+20.7,+20.7,+21.0,+20.8,+20.7
2023-11-25 04:20,3,+48.3,+33.5,+20.6,+27.5,+42.8,+34.4,+20.3,+20.8,+20.7,+20.7,+20.8,+20.8,+20.7
2023-11-25 05:20,3,+48.2,+33.5,+20.5,+27.5,+42.8,+34.4,+20.2,+20.8,+20.7,+20.7,+21.0,+20.8,+20.7
2023-11-25 06:20,3,+48.2,+33.5,+20.5,+27.6,+42.8,+34.4,+20.2,+20.8,+20.7,+20.7,+20.8,+20.8,+20.7
2023-11-25 07:20,3,+48.2,+33.5,+20.5,+27.5,+42.8,+34.4,+20.2,+20.8,+20.7,+20.7,+21.0,+20.8,+20.7
2023-11-25 08:20,3,+48.2,+33.5,+20.5,+27.6,+42.8,+34.4,+20.3,+20.8,+20.7,+20.7,+21.0,+20.8,+20.7
2023-11-25 09:20,3,+48.2,+33.4,+20.5,+27.5,+42.8,+34.3,+20.3,+20.8,+20.7,+20.7,+21.0,+20.8,+20.7
2023-11-25 10:20,3,+48.2,+33.4,+20.5,+27.6,+42.8,+34.3,+20.5,+20.8,+20.7,+20.7,+20.8,+20.8,+20.7
2023-11-25 11:20,3,+48.1,+33.4,+20.5,+27.6,+42.8,+34.3,+20.5,+20.8,+20.7,+20.8,+20.8,+20.8,+20.7
2023-11-25 12:20,3,+48.1,+33.4,+20.5,+27.6,+42.8,+34.3,+20.6,+20.8,+20.7,+20.7,+21.0,+20.8,+20.7
2023-11-25 13:20,3,+48.0,+33.3,+20.4,+27.5,+42.8,+34.3,+20.7,+20.8,+20.7,+20.7,+20.8,+20.8,+20.7
2023-11-25 14:20,3,+48.0,+33.3,+20.4,+27.5,+42.8,+34.2,+20.8,+20.8,+20.7,+20.7,+20.8,+20.8,+20.7
2023-11-25 15:20,3,+48.0,+33.3,+20.4,+27.6,+42.8,+34.2,+21.0,+21.0,+20.7,+20.7,+21.0,+20.8,+20.7
2023-11-25 16:20,3,+47.9,+33.3,+20.4,+27.5,+42.7,+34.2,+21.0,+21.0,+20.7,+20.7,+20.8,+20.8,+20.7
2023-11-25 17:20,3,+47.9,+33.2,+20.4,+27.5,+42.7,+34.2,+20.8,+21.0,+20.7,+20.7,+21.0,+20.8,+20.7
2023-11-25 18:20,3,+47.9,+33.2,+20.4,+27.6,+42.8,+34.2,+20.8,+21.0,+20.7,+20.7,+20.8,+20.8,+20.7
2023-11-25 19:20,3,+47.8,+33.2,+20.4,+27.5,+42.7,+34.2,+20.7,+21.1,+20.7,+20.7,+21.0,+20.8,+20.6
2023-11-25 20:20,3,+47.8,+33.2,+20.4,+27.5,+42.7,+34.1,+20.7,+21.0,+20.7,+20.7,+20.8,+20.8,+20.7
2023-11-25 21:20,3,+48.0,+33.2,+20.4,+27.5,+42.7,+34.1,+20.6,+21.1,+20.7,+20.8,+20.8,+20.8,+20.7
2023-11-25 22:20,3,+48.5,+33.2,+20.4,+27.4,+42.7,+34.1,+20.6,+21.1,+20.7,+20.7,+20.8,+20.8,+20.7
2023-11-25 23:20,3,+48.7,+33.4,+20.4,+27.6,+42.8,+34.1,+20.6,+21.1,+20.8,+20.8,+21.0,+20.8,+20.7
2023-11-26 00:20,3,+48.7,+33.5,+20.4,+27.6,+42.8,+34.1,+20.5,+21.0,+20.8,+20.7,+21.0,+20.8,+20.7
2023-11-26 01:20,3,+48.7,+33.5,+20.4,+27.6,+42.8,+34.1,+20.5,+21.0,+20.8,+20.7,+21.0,+20.8,+20.7
2023-11-26 02:20,3,+48.7,+33.6,+20.4,+27.4,+42.7,+34.1,+20.3,+21.0,+20.7,+20.7,+20.8,+20.8,+20.7
2023-11-26 03:20,3,+48.7,+33.5,+20.4,+27.5,+42.7,+34.1,+20.3,+21.0,+20.8,+20.8,+20.8,+20.8,+20.6
2023-11-26 04:20,3,+48.6,+33.5,+20.4,+27.6,+42.7,+34.1,+20.2,+20.8,+20.8,+20.7,+21.0,+20.8,+20.7
2023-11-26 05:20,3,+48.5,+33.5,+20.4,+27.5,+42.7,+34.1,+20.2,+20.8,+20.7,+20.8,+21.0,+20.8,+20.7
2023-11-26 06:20,3,+48.5,+33.5,+20.4,+27.4,+42.7,+34.1,+20.2,+20.8,+20.7,+20.8,+20.8,+20.8,+20.7
2023-11-26 07:20,3,+48.5,+33.5,+20.4,+27.4,+42.7,+34.1,+20.2,+20.8,+20.7,+20.8,+20.8,+20.8,+20.7
2023-11-26 08:20,3,+48.4,+33.6,+20.4,+27.4,+42.7,+34.0,+20.2,+20.7,+20.7,+20.8,+21.0,+20.8,+20.7
2023-11-26 09:20,3,+48.3,+33.7,+20.4,+27.4,+42.7,+34.0,+20.2,+20.7,+20.7,+20.8,+20.8,+20.8,+20.7
2023-11-26 10:20,3,+48.3,+33.7,+20.4,+27.6,+42.7,+34.0,+20.3,+20.8,+20.7,+20.8,+21.0,+20.8,+20.7
2023-11-26 11:20,3,+48.2,+33.7,+20.4,+27.4,+42.7,+34.0,+20.5,+20.8,+20.7,+20.7,+21.0,+20.8,+20.7
2023-11-26 12:20,3,+48.2,+33.7,+20.4,+27.6,+42.7,+34.0,+20.6,+20.8,+20.7,+20.7,+21.0,+20.8,+20.7
2023-11-26 13:20,3,+48.2,+33.7,+20.4,+27.6,+42.7,+34.0,+20.7,+20.8,+20.7,+20.7,+21.0,+20.8,+20.7
2023-11-26 14:20,3,+48.1,+33.7,+20.4,+27.4,+42.7,+34.0,+20.8,+20.8,+20.7,+20.7,+20.8,+20.8,+20.7
2023-11-26 15:20,3,+48.0,+33.7,+20.4,+27.6,+42.7,+34.0,+20.8,+21.0,+20.7,+20.8,+20.8,+20.8,+20.7
2023-11-26 16:20,3,+48.0,+33.6,+20.4,+27.6,+42.7,+34.0,+20.8,+21.0,+20.7,+20.7,+20.8,+20.8,+20.7
2023-11-26 17:20,3,+48.0,+33.6,+20.4,+27.4,+42.7,+33.9,+20.8,+21.0,+20.7,+20.7,+21.0,+20.8,+20.6
2023-11-26 18:20,3,+48.0,+33.6,+20.4,+27.4,+42.7,+33.9,+20.8,+21.0,+20.7,+20.7,+21.0,+20.8,+20.7
2023-11-26 19:20,3,+47.9,+33.6,+20.4,+27.6,+42.7,+33.9,+20.8,+21.1,+20.7,+20.7,+20.8,+20.8,+20.7
2023-11-26 20:20,3,+47.9,+33.6,+20.4,+27.6,+42.7,+33.9,+20.7,+21.1,+20.7,+20.8,+21.0,+20.8,+20.7
2023-11-26 21:20,3,+47.9,+33.6,+20.4,+27.6,+42.7,+33.9,+20.7,+21.1,+20.7,+20.8,+21.0,+20.8,+20.7
2023-11-26 22:20,3,+47.8,+33.5,+20.4,+27.6,+42.7,+33.9,+20.7,+21.1,+20.8,+20.7,+21.0,+20.8,+20.7
2023-11-26 23:20,3,+47.8,+33.5,+20.4,+27.6,+42.7,+33.9,+20.6,+21.0,+20.7,+20.7,+21.0,+20.8,+20.7
2023-11-27 00:20,3,+47.8,+33.5,+20.4,+27.6,+42.7,+33.9,+20.6,+21.1,+20.8,+20.7,+21.0,+20.8,+20.7
2023-11-27 01:20,3,+47.8,+33.5,+20.4,+27.6,+42.7,+33.9,+20.5,+21.0,+20.8,+20.7,+21.0,+20.8,+20.7
2023-11-27 02:20,3,+47.7,+33.5,+20.4,+27.4,+42.7,+33.9,+20.5,+21.0,+20.8,+20.8,+21.0,+20.8,+20.7
2023-11-27 03:20,3,+47.6,+33.5,+20.3,+27.6,+42.7,+33.9,+20.3,+21.0,+20.8,+20.7,+21.0,+20.8,+20.7
2023-11-27 04:20,3,+47.6,+33.5,+20.3,+27.4,+42.7,+33.9,+20.3,+21.0,+20.7,+20.8,+21.0,+20.8,+20.7
2023-11-27 05:20,3,+47.6,+33.5,+20.3,+27.6,+42.7,+33.9,+20.2,+21.0,+20.8,+20.8,+20.8,+20.8,+20.7
2023-11-27 06:20,3,+47.6,+33.4,+20.3,+27.4,+42.7,+33.9,+20.2,+20.8,+20.8,+20.8,+21.0,+20.8,+20.7
2023-11-27 07:20,3,+47.6,+33.4,+20.3,+27.4,+42.7,+33.9,+20.2,+20.8,+20.7,+20.8,+21.0,+20.8,+20.7
2023-11-27 08:20,3,+47.5,+33.4,+20.3,+27.4,+42.7,+33.9,+20.2,+20.8,+20.8,+20.8,+20.8,+20.8,+20.7
2023-11-27 09:20,3,+47.5,+33.4,+20.3,+27.6,+42.7,+33.9,+20.2,+20.8,+20.7,+20.8,+20.8,+20.8,+20.7
2023-11-27 10:20,3,+47.5,+33.4,+20.3,+27.4,+42.7,+33.9,+20.2,+20.8,+20.8,+20.8,+21.0,+20.8,+20.7
2023-11-27 11:20,3,+47.4,+33.3,+20.3,+27.6,+42.7,+33.9,+20.2,+20.8,+20.8,+20.7,+21.0,+20.8,+20.7
2023-11-27 12:20,3,+47.4,+33.3,+20.3,+27.4,+42.7,+33.8,+20.3,+20.8,+20.7,+20.8,+21.0,+20.8,+20.7
2023-11-27 13:20,3,+47.4,+33.3,+20.3,+27.6,+42.7,+33.9,+20.3,+20.8,+20.7,+20.8,+21.0,+20.8,+20.7
2023-11-27 14:20,3,+47.3,+33.3,+20.3,+27.6,+42.7,+33.9,+20.5,+20.8,+20.7,+20.8,+21.0,+21.0,+20.7
2023-11-27 15:20,3,+47.3,+33.3,+20.3,+27.4,+42.7,+33.8,+20.5,+20.8,+20.7,+20.8,+21.0,+20.8,+20.7
2023-11-27 16:20,3,+47.3,+33.3,+20.3,+27.4,+42.7,+33.8,+20.5,+20.8,+20.7,+20.7,+21.0,+20.8,+20.7
2023-11-27 17:20,3,+47.3,+33.3,+20.3,+27.6,+42.7,+33.9,+20.3,+20.8,+20.7,+20.7,+20.8,+20.8,+20.7
2023-11-27 18:20,3,+47.3,+33.3,+20.3,+27.5,+42.7,+33.9,+20.3,+20.8,+20.7,+20.8,+21.0,+21.0,+20.7
2023-11-27 19:20,3,+47.3,+33.3,+20.3,+27.4,+42.7,+33.8,+20.2,+20.8,+20.7,+20.7,+21.0,+20.8,+20.7
2023-11-27 20:20,3,+47.3,+33.3,+20.3,+27.6,+42.7,+33.8,+20.2,+20.8,+20.7,+20.7,+21.0,+20.8,+20.7
2023-11-27 21:20,3,+47.2,+33.3,+20.3,+27.4,+42.7,+33.8,+20.1,+20.8,+20.7,+20.8,+21.0,+20.8,+20.7
2023-11-27 22:20,3,+47.2,+33.3,+20.3,+27.4,+42.7,+33.8,+20.1,+20.8,+20.7,+20.8,+21.0,+21.0,+20.7
2023-11-27 23:20,3,+47.2,+33.2,+20.2,+27.6,+42.7,+33.8,+20.0,+20.7,+20.7,+20.8,+21.0,+20.8,+20.7
2023-11-28 00:20,3,+47.2,+33.2,+20.2,+27.6,+42.7,+33.8,+20.0,+20.7,+20.7,+20.7,+21.0,+20.8,+20.7
2023-11-28 01:20,3,+47.2,+33.3,+20.2,+27.5,+42.7,+33.8,+19.8,+20.7,+20.7,+20.7,+21.0,+20.8,+20.7
2023-11-28 02:20,3,+47.1,+33.3,+20.2,+27.4,+42.6,+33.8,+19.7,+20.6,+20.7,+20.7,+21.0,+20.8,+20.7
2023-11-28 03:20,3,+47.1,+33.2,+20.2,+27.5,+42.7,+33.8,+19.7,+20.6,+20.7,+20.7,+21.0,+20.8,+20.7
2023-11-28 04:20,3,+47.1,+33.2,+20.2,+27.4,+42.6,+33.8,+19.6,+20.6,+20.6,+20.8,+21.0,+20.8,+20.7
2023-11-28 05:20,3,+47.1,+33.2,+20.2,+27.4,+42.6,+33.8,+19.6,+20.6,+20.7,+20.8,+20.8,+20.8,+20.7
2023-11-28 06:20,3,+47.1,+33.2,+20.2,+27.5,+42.7,+33.8,+19.6,+20.5,+20.7,+20.7,+21.0,+20.8,+20.7
2023-11-28 07:20,3,+47.0,+33.2,+20.2,+27.5,+42.7,+33.8,+19.5,+20.5,+20.6,+20.8,+21.0,+20.8,+20.7
2023-11-28 08:20,3,+47.0,+33.1,+20.2,+27.4,+42.6,+33.7,+19.5,+20.5,+20.6,+20.7,+21.0,+21.0,+20.7
2023-11-28 09:20,3,+47.0,+33.1,+20.2,+27.4,+42.6,+33.8,+19.5,+20.3,+20.6,+20.7,+21.0,+20.8,+20.7
2023-11-28 10:20,3,+47.0,+33.1,+20.2,+27.5,+42.7,+33.8,+19.7,+20.3,+20.6,+20.7,+21.0,+20.8,+20.8
2023-11-28 11:20,3,+47.0,+33.1,+20.2,+27.5,+42.7,+33.8,+19.7,+20.3,+20.6,+20.7,+20.8,+20.8,+20.7
2023-11-28 12:20,3,+47.0,+33.1,+20.2,+27.5,+42.7,+33.8,+19.8,+20.3,+20.5,+20.7,+20.8,+20.8,+20.7
2023-11-28 13:20,3,+47.0,+33.1,+20.1,+27.4,+42.6,+33.7,+19.8,+20.3,+20.5,+20.7,+21.0,+20.8,+20.7
2023-11-28 14:20,3,+46.9,+33.0,+20.1,+27.4,+42.6,+33.7,+20.0,+20.3,+20.5,+20.7,+21.0,+20.8,+20.7
2023-11-28 15:20,3,+46.9,+32.9,+20.1,+27.5,+42.7,+33.7,+20.1,+20.3,+20.5,+20.7,+20.8,+20.8,+20.7
2023-11-28 16:20,3,+46.8,+32.9,+20.1,+27.5,+42.7,+33.7,+20.1,+20.5,+20.5,+20.7,+21.0,+20.8,+20.7
2023-11-28 17:20,3,+46.8,+32.9,+20.1,+27.5,+42.7,+33.7,+20.0,+20.5,+20.5,+20.7,+21.0,+20.8,+20.7
2023-11-28 18:20,3,+46.8,+32.9,+20.1,+27.4,+42.6,+33.7,+20.0,+20.5,+20.5,+20.7,+21.0,+21.0,+20.7
2023-11-28 19:20,3,+46.8,+32.9,+20.1,+27.4,+42.6,+33.7,+20.0,+20.5,+20.5,+20.6,+21.0,+20.8,+20.7
2023-11-28 20:20,3,+46.8,+32.9,+20.1,+27.4,+42.6,+33.7,+19.8,+20.5,+20.5,+20.7,+20.8,+20.8,+20.7
2023-11-28 21:20,3,+46.8,+32.9,+20.1,+27.5,+42.6,+33.7,+19.8,+20.5,+20.5,+20.7,+20.8,+20.8,+20.7
2023-11-28 22:20,3,+46.8,+32.9,+20.1,+27.5,+42.7,+33.7,+19.8,+20.5,+20.5,+20.6,+20.8,+20.8,+20.7
2023-11-28 23:20,3,+46.8,+32.9,+20.1,+27.5,+42.7,+33.7,+19.7,+20.5,+20.5,+20.7,+20.8,+20.8,+20.7
2023-11-29 00:20,3,+46.8,+32.8,+20.1,+27.4,+42.6,+33.7,+19.7,+20.3,+20.5,+20.6,+20.8,+20.8,+20.7
2023-11-29 01:20,3,+46.8,+32.8,+20.1,+27.5,+42.6,+33.7,+19.6,+20.5,+20.5,+20.7,+20.8,+20.8,+20.7
2023-11-29 02:20,3,+46.8,+32.8,+20.1,+27.5,+42.7,+33.7,+19.6,+20.3,+20.5,+20.7,+20.8,+20.8,+20.7
2023-11-29 03:20,3,+46.8,+32.8,+20.1,+27.5,+42.6,+33.7,+19.5,+20.3,+20.5,+20.6,+20.8,+20.8,+20.7
2023-11-29 04:20,3,+46.8,+32.8,+20.1,+27.4,+42.6,+33.6,+19.5,+20.3,+20.5,+20.6,+21.0,+20.8,+20.7
2023-11-29 05:20,3,+46.8,+32.8,+20.1,+27.4,+42.6,+33.6,+19.5,+20.2,+20.5,+20.6,+20.8,+20.8,+20.7
2023-11-29 06:20,3,+46.8,+32.8,+20.1,+27.5,+42.6,+33.6,+19.3,+20.3,+20.5,+20.7,+20.8,+20.8,+20.7
2023-11-29 07:20,3,+46.7,+32.8,+20.1,+27.4,+42.6,+33.6,+19.3,+20.2,+20.5,+20.6,+20.8,+20.8,+20.7
2023-11-29 08:20,3,+46.7,+32.8,+20.1,+27.5,+42.6,+33.6,+19.5,+20.2,+20.3,+20.6,+20.8,+20.8,+20.7
2023-11-29 09:20,3,+46.7,+32.8,+20.1,+27.5,+42.6,+33.6,+19.3,+20.2,+20.3,+20.6,+20.8,+20.8,+20.7
2023-11-29 10:20,3,+46.7,+32.8,+20.1,+27.5,+42.6,+33.6,+19.5,+20.2,+20.3,+20.6,+20.8,+20.8,+20.7
2023-11-29 11:20,3,+46.7,+32.9,+20.1,+27.5,+42.6,+33.6,+19.6,+20.2,+20.3,+20.6,+20.8,+20.8,+20.7
2023-11-29 12:20,3,+46.7,+32.9,+20.1,+27.4,+42.6,+33.6,+19.6,+20.2,+20.3,+20.6,+20.8,+20.8,+20.7
2023-11-29 13:20,3,+46.7,+32.9,+20.1,+27.5,+42.6,+33.6,+19.7,+20.2,+20.3,+20.6,+20.8,+20.7,+20.7
2023-11-29 14:20,3,+46.7,+32.9,+20.1,+27.5,+42.6,+33.6,+19.7,+20.2,+20.3,+20.6,+20.8,+20.8,+20.7
2023-11-29 15:20,3,+46.7,+32.9,+20.1,+27.4,+42.6,+33.6,+19.7,+20.2,+20.3,+20.6,+20.8,+20.8,+20.6
2023-11-29 16:20,3,+46.7,+32.9,+20.1,+27.4,+42.6,+33.6,+19.8,+20.2,+20.3,+20.6,+20.8,+20.8,+20.7
2023-11-29 17:20,3,+46.7,+32.9,+20.1,+27.5,+42.6,+33.6,+19.8,+20.3,+20.3,+20.6,+20.8,+20.8,+20.7
2023-11-29 18:20,3,+46.7,+32.8,+20.0,+27.5,+42.6,+33.6,+19.8,+20.3,+20.3,+20.6,+20.8,+20.8,+20.7
2023-11-29 19:20,3,+46.7,+32.8,+20.1,+27.4,+42.6,+33.6,+19.8,+20.3,+20.3,+20.6,+20.8,+20.8,+20.7
2023-11-29 20:20,3,+46.7,+32.8,+20.1,+27.5,+42.6,+33.6,+19.7,+20.3,+20.3,+20.6,+20.8,+20.8,+20.7
2023-11-29 21:20,3,+46.7,+32.8,+20.0,+27.5,+42.6,+33.6,+19.7,+20.3,+20.3,+20.6,+20.8,+20.7,+20.7
2023-11-29 22:20,3,+46.7,+32.8,+20.0,+27.5,+42.6,+33.6,+19.7,+20.3,+20.3,+20.5,+20.8,+20.8,+20.7
2023-11-29 23:20,3,+46.7,+32.8,+20.1,+27.4,+42.6,+33.6,+19.7,+20.3,+20.3,+20.6,+20.8,+20.8,+20.7
2023-11-30 00:20,3,+46.7,+32.8,+20.0,+27.5,+42.6,+33.6,+19.7,+20.3,+20.3,+20.5,+20.8,+20.7,+20.7
2023-11-30 01:20,3,+46.6,+32.8,+20.1,+27.5,+42.6,+33.6,+19.7,+20.2,+20.3,+20.6,+20.8,+20.7,+20.7
2023-11-30 02:20,3,+46.7,+32.8,+20.0,+27.5,+42.6,+33.6,+19.7,+20.2,+20.3,+20.5,+20.7,+20.7,+20.7
2023-11-30 03:20,3,+46.7,+32.8,+20.0,+27.5,+42.6,+33.6,+19.6,+20.3,+20.3,+20.6,+20.8,+20.7,+20.7
2023-11-30 04:20,3,+46.7,+32.8,+20.0,+27.4,+42.6,+33.6,+19.6,+20.2,+20.3,+20.6,+20.7,+20.7,+20.7
2023-11-30 05:20,3,+46.7,+32.8,+20.0,+27.5,+42.6,+33.6,+19.6,+20.2,+20.3,+20.6,+20.7,+20.7,+20.7
2023-11-30 06:20,3,+46.7,+32.8,+20.0,+27.5,+42.6,+33.6,+19.6,+20.2,+20.3,+20.6,+20.7,+20.7,+20.6
2023-11-30 07:20,3,+46.7,+32.8,+20.0,+27.5,+42.6,+33.6,+19.6,+20.2,+20.3,+20.6,+20.7,+20.7,+20.7
2023-11-30 08:20,3,+46.7,+32.8,+20.0,+27.4,+42.6,+33.5,+19.6,+20.2,+20.3,+20.5,+20.8,+20.7,+20.6
2023-11-30 09:20,3,+46.7,+32.8,+20.0,+27.5,+42.6,+33.6,+19.7,+20.2,+20.2,+20.5,+20.8,+20.7,+20.7
2023-11-30 10:20,3,+46.7,+32.8,+20.0,+27.4,+42.6,+33.5,+19.7,+20.2,+20.3,+20.6,+20.7,+20.7,+20.7
2023-11-30 11:20,3,+46.7,+32.8,+20.0,+27.4,+42.6,+33.6,+19.8,+20.2,+20.3,+20.5,+20.8,+20.7,+20.7
2023-11-30 12:20,3,+46.7,+32.8,+20.0,+27.4,+42.6,+33.6,+20.0,+20.3,+20.3,+20.5,+20.7,+20.7,+20.6
2023-11-30 13:20,3,+46.7,+32.8,+20.0,+27.3,+42.6,+33.5,+20.1,+20.3,+20.2,+20.5,+20.8,+20.7,+20.7
2023-11-30 14:20,3,+46.7,+32.8,+20.0,+27.4,+42.6,+33.6,+20.2,+20.3,+20.2,+20.5,+20.7,+20.7,+20.7
2023-11-30 15:20,3,+46.7,+32.8,+20.0,+27.4,+42.6,+33.5,+20.2,+20.3,+20.3,+20.5,+20.7,+20.7,+20.6
2023-11-30 16:20,3,+46.7,+32.8,+20.0,+27.4,+42.6,+33.6,+20.2,+20.3,+20.3,+20.6,+20.7,+20.7,+20.6
2023-11-30 17:20,3,+46.7,+32.8,+20.0,+27.3,+42.6,+33.5,+20.2,+20.5,+20.3,+20.5,+20.8,+20.7,+20.7
2023-11-30 18:20,3,+46.7,+32.8,+20.0,+27.3,+42.6,+33.5,+20.2,+20.5,+20.3,+20.5,+20.7,+20.7,+20.7
2023-11-30 19:20,3,+46.7,+32.8,+20.0,+27.3,+42.6,+33.5,+20.1,+20.5,+20.3,+20.5,+20.7,+20.7,+20.7
2023-11-30 20:20,3,+46.7,+32.8,+20.0,+27.4,+42.6,+33.5,+20.1,+20.5,+20.3,+20.5,+20.7,+20.7,+20.6
2023-11-30 21:20,3,+46.7,+32.8,+20.0,+27.3,+42.5,+33.5,+20.0,+20.5,+20.3,+20.5,+20.7,+20.7,+20.7
2023-11-30 22:20,3,+46.7,+32.8,+20.0,+27.4,+42.6,+33.5,+20.0,+20.5,+20.3,+20.5,+20.7,+20.7,+20.6
2023-11-30 23:20,3,+46.7,+32.7,+20.0,+27.3,+42.6,+33.5,+19.8,+20.5,+20.3,+20.5,+20.7,+20.7,+20.6
2023-12-01 00:20,3,+46.6,+32.7,+20.0,+27.3,+42.6,+33.5,+19.7,+20.5,+20.3,+20.5,+20.7,+20.7,+20.6
2023-12-01 01:20,3,+46.6,+32.7,+20.0,+27.4,+42.6,+33.5,+19.7,+20.5,+20.3,+20.5,+20.7,+20.7,+20.6
2023-12-01 02:20,3,+46.6,+32.7,+20.0,+27.3,+42.5,+33.5,+19.7,+20.5,+20.3,+20.6,+20.7,+20.7,+20.7
2023-12-01 03:20,3,+46.5,+32.7,+20.0,+27.4,+42.6,+33.5,+19.6,+20.5,+20.3,+20.5,+20.7,+20.7,+20.7
2023-12-01 04:20,3,+46.6,+32.7,+20.0,+27.3,+42.5,+33.5,+19.6,+20.3,+20.3,+20.6,+20.7,+20.7,+20.6
2023-12-01 05:20,3,+46.6,+32.7,+20.0,+27.4,+42.6,+33.5,+19.6,+20.3,+20.3,+20.5,+20.7,+20.7,+20.6
2023-12-01 06:20,3,+46.5,+32.7,+20.0,+27.3,+42.5,+33.5,+19.5,+20.3,+20.3,+20.5,+20.7,+20.7,+20.6
2023-12-01 07:20,3,+46.5,+32.7,+20.0,+27.4,+42.6,+33.5,+19.5,+20.2,+20.3,+20.5,+20.7,+20.7,+20.6
2023-12-01 08:20,3,+46.5,+32.7,+20.0,+27.4,+42.5,+33.5,+19.5,+20.2,+20.3,+20.6,+20.7,+20.7,+20.6
2023-12-01 09:20,3,+46.5,+32.7,+20.0,+27.4,+42.5,+33.5,+19.5,+20.2,+20.3,+20.5,+20.7,+20.7,+20.7
2023-12-01 10:20,3,+46.5,+32.7,+19.9,+27.4,+42.5,+33.5,+19.5,+20.2,+20.3,+20.5,+20.7,+20.7,+20.6
2023-12-01 11:20,3,+46.4,+32.7,+19.9,+27.3,+42.5,+33.5,+19.6,+20.2,+20.3,+20.5,+20.7,+20.7,+20.6