
2024-04-11 13:07,1,+42.9,+21.9,+21.7,+24.2,+41.7,+37.0,+20.2,+19.7,+19.7,+20.2,+20.0,+20.1,+20.1
2024-04-11 14:07,1,+42.7,+21.9,+21.7,+24.2,+41.7,+37.0,+20.2,+19.7,+19.7,+20.2,+20.1,+20.1,+20.0
2024-04-11 15:07,1,+42.6,+21.9,+21.6,+24.3,+41.8,+37.0,+20.2,+19.7,+19.7,+20.2,+20.1,+20.1,+20.0
2024-04-11 16:07,1,+42.5,+21.9,+21.6,+24.2,+41.7,+37.0,+20.2,+19.8,+19.7,+20.2,+20.0,+20.1,+20.0
2024-04-11 17:07,1,+42.5,+21.9,+21.6,+24.3,+41.7,+37.0,+20.2,+19.8,+19.7,+20.2,+20.0,+20.0,+20.0
2024-04-11 18:07,1,+42.4,+21.9,+21.5,+24.3,+41.7,+37.0,+20.2,+19.8,+19.8,+20.2,+20.0,+20.1,+20.0
2024-04-11 19:07,1,+42.4,+21.9,+21.5,+24.3,+41.7,+37.0,+20.1,+19.8,+19.7,+20.2,+20.1,+20.0,+20.0
2024-04-11 20:07,1,+42.3,+21.9,+21.4,+24.2,+41.7,+37.0,+20.1,+19.8,+19.8,+20.2,+20.1,+20.0,+20.0
2024-04-11 21:07,1,+42.3,+21.9,+21.4,+24.3,+41.7,+37.0,+20.1,+19.8,+19.8,+20.2,+20.1,+20.0,+20.0
2024-04-11 22:07,1,+42.3,+21.9,+21.3,+24.2,+41.7,+37.0,+20.0,+19.8,+19.8,+20.2,+20.0,+20.0,+20.0
2024-04-11 23:07,1,+42.3,+21.9,+21.3,+24.3,+41.7,+37.0,+20.1,+19.8,+19.8,+20.2,+20.0,+20.0,+20.0
2024-04-12 00:07,1,+47.3,+22.1,+21.5,+24.3,+41.7,+37.0,+20.0,+19.8,+19.8,+20.2,+20.0,+20.0,+20.0
2024-04-12 01:07,1,+47.6,+22.6,+21.5,+24.4,+41.8,+37.0,+20.0,+19.8,+19.8,+20.2,+20.0,+20.0,+20.0
2024-04-12 02:07,1,+47.5,+23.1,+21.5,+24.4,+41.8,+37.0,+20.0,+19.8,+19.8,+20.2,+20.0,+20.0,+20.0
2024-04-12 03:07,1,+48.0,+23.5,+21.5,+24.4,+41.8,+37.0,+19.8,+19.8,+19.8,+20.2,+20.0,+20.0,+20.0
2024-04-12 04:07,1,+49.0,+25.1,+21.5,+24.3,+41.8,+37.0,+19.8,+19.8,+19.8,+20.2,+20.0,+20.0,+20.0
2024-04-12 05:07,1,+48.1,+25.5,+21.6,+24.4,+41.8,+37.0,+19.8,+19.8,+19.8,+20.2,+20.0,+20.0,+20.0
2024-04-12 06:07,1,+49.2,+26.8,+21.8,+24.2,+41.7,+37.0,+19.7,+19.7,+19.8,+20.2,+20.0,+20.0,+20.0
2024-04-12 07:07,1,+49.6,+27.4,+22.4,+24.4,+41.8,+37.0,+19.6,+19.7,+19.8,+20.2,+20.0,+20.0,+20.0
2024-04-12 08:07,1,+48.2,+26.6,+23.3,+24.2,+41.7,+37.0,+19.6,+19.7,+19.8,+20.2,+20.0,+20.0,+20.0
2024-04-12 09:07,1,+47.3,+26.1,+23.8,+24.2,+41.8,+37.0,+19.5,+19.6,+19.8,+20.2,+20.0,+20.0,+20.0
2024-04-12 10:07,1,+46.8,+25.8,+24.0,+24.2,+41.7,+37.0,+19.5,+19.6,+19.8,+20.2,+20.0,+20.0,+20.0
2024-04-12 11:07,1,+46.5,+25.6,+24.2,+24.2,+41.7,+37.0,+19.6,+19.6,+19.8,+20.2,+20.1,+20.0,+20.0
2024-04-12 12:07,1,+46.1,+25.4,+24.2,+24.4,+41.8,+37.0,+19.6,+19.6,+19.7,+20.2,+20.0,+20.0,+20.0
2024-04-12 13:07,1,+45.9,+25.2,+24.2,+24.2,+41.7,+37.0,+19.7,+19.6,+19.8,+20.2,+20.0,+20.0,+20.0
2024-04-12 14:07,1,+45.7,+25.1,+24.2,+24.3,+41.7,+37.0,+19.7,+19.6,+19.7,+20.2,+20.0,+20.0,+20.0
2024-04-12 15:07,1,+45.6,+25.0,+24.2,+24.4,+41.7,+37.0,+19.7,+19.6,+19.7,+20.2,+20.0,+20.0,+20.0
2024-04-12 16:07,1,+45.3,+24.9,+24.2,+24.5,+41.7,+37.0,+19.7,+19.6,+19.7,+20.2,+20.0,+20.0,+20.0
2024-04-12 17:07,1,+45.2,+24.8,+24.1,+24.4,+41.7,+37.0,+19.7,+19.6,+19.7,+20.2,+20.0,+20.0,+20.0
2024-04-12 18:07,1,+45.0,+24.7,+24.1,+24.4,+41.7,+37.0,+19.6,+19.6,+19.7,+20.2,+20.0,+20.1,+20.0
2024-04-12 19:07,1,+44.9,+24.7,+24.0,+24.6,+41.7,+37.0,+19.6,+19.6,+19.7,+20.2,+20.0,+20.0,+20.0
2024-04-12 20:07,1,+44.9,+24.7,+24.0,+24.6,+41.7,+37.0,+19.5,+19.6,+19.7,+20.2,+20.0,+20.0,+20.0
2024-04-12 21:07,1,+44.9,+24.6,+24.0,+24.6,+41.7,+37.0,+19.3,+19.6,+19.7,+20.2,+20.0,+20.0,+20.0
2024-04-12 22:07,1,+44.8,+24.6,+24.0,+24.7,+41.8,+37.0,+19.3,+19.6,+19.7,+20.2,+20.0,+20.1,+20.0
2024-04-12 23:07,1,+44.7,+24.5,+23.9,+24.8,+41.7,+37.0,+19.2,+19.5,+19.7,+20.2,+20.0,+20.0,+20.0
2024-04-13 00:07,1,+44.6,+24.5,+23.9,+24.8,+41.8,+37.0,+19.1,+19.5,+19.7,+20.2,+20.0,+20.0,+20.0
2024-04-13 01:07,1,+44.5,+24.5,+23.8,+24.8,+41.8,+37.0,+19.0,+19.5,+19.6,+20.2,+20.0,+20.0,+20.0
2024-04-13 02:07,1,+44.5,+24.4,+23.9,+24.8,+41.7,+37.0,+18.8,+19.3,+19.6,+20.2,+20.0,+20.0,+20.0
2024-04-13 03:07,1,+45.1,+24.4,+24.0,+25.0,+41.9,+37.1,+18.8,+19.2,+19.7,+20.2,+20.0,+20.0,+20.0
2024-04-13 04:07,1,+45.5,+24.4,+24.0,+25.0,+41.9,+37.1,+19.0,+19.2,+19.6,+20.2,+20.0,+20.0,+20.0
2024-04-13 05:07,1,+45.6,+24.4,+24.0,+25.0,+41.8,+37.0,+18.8,+19.2,+19.6,+20.2,+20.0,+20.0,+20.1
2024-04-13 06:07,1,+45.5,+24.4,+24.0,+25.0,+41.8,+37.0,+18.6,+19.2,+19.6,+20.1,+20.0,+20.0,+20.0
2024-04-13 07:07,1,+45.4,+24.4,+24.0,+25.0,+41.9,+37.0,+18.6,+19.1,+19.6,+20.2,+20.0,+20.0,+20.1
2024-04-13 08:07,1,+45.3,+24.4,+24.0,+25.2,+41.9,+37.1,+18.6,+19.1,+19.5,+20.1,+20.0,+20.0,+20.0
2024-04-13 09:07,1,+45.2,+24.3,+23.9,+25.1,+41.9,+37.0,+18.6,+19.0,+19.5,+20.2,+20.0,+20.0,+20.0
2024-04-13 10:07,1,+45.1,+24.3,+23.9,+25.2,+41.9,+37.1,+18.8,+19.1,+19.5,+20.2,+20.0,+20.0,+20.0
2024-04-13 11:07,1,+45.0,+24.2,+23.8,+25.2,+41.9,+37.1,+18.7,+19.1,+19.5,+20.1,+20.0,+20.0,+20.0
2024-04-13 12:07,1,+45.0,+24.2,+23.8,+25.2,+41.9,+37.1,+18.7,+19.1,+19.5,+20.1,+20.0,+20.0,+20.0
2024-04-13 13:07,1,+44.9,+24.2,+23.8,+25.2,+41.9,+37.1,+18.8,+19.0,+19.5,+20.1,+20.0,+20.0,+20.0
2024-04-13 14:07,1,+44.8,+24.2,+23.7,+25.3,+41.9,+37.1,+18.6,+19.0,+19.5,+20.1,+20.0,+20.0,+20.1
2024-04-13 15:07,1,+44.7,+24.1,+23.7,+25.2,+41.9,+37.0,+18.6,+19.0,+19.5,+20.1,+20.0,+20.0,+20.0
2024-04-13 16:07,1,+44.7,+24.1,+23.7,+25.3,+42.0,+37.1,+18.5,+19.0,+19.3,+20.1,+20.0,+20.0,+20.0
2024-04-13 17:07,1,+44.7,+24.1,+23.7,+25.2,+41.9,+37.1,+18.5,+18.8,+19.3,+20.1,+20.0,+20.0,+20.0
2024-04-13 18:07,1,+44.7,+24.1,+23.7,+25.4,+42.0,+37.1,+18.5,+18.8,+19.3,+20.1,+20.0,+20.0,+20.0
2024-04-13 19:07,1,+45.4,+24.1,+23.8,+25.3,+42.0,+37.1,+18.5,+18.8,+19.3,+20.0,+20.0,+20.0,+20.0
2024-04-13 20:07,1,+45.6,+24.1,+23.8,+25.4,+42.0,+37.2,+18.5,+18.8,+19.3,+20.0,+20.0,+20.0,+20.0
2024-04-13 21:07,1,+45.6,+24.1,+23.8,+25.3,+42.0,+37.1,+18.5,+18.7,+19.3,+20.0,+20.0,+20.0,+20.0
2024-04-13 22:07,1,+45.6,+24.1,+23.8,+25.4,+42.1,+37.2,+18.3,+18.8,+19.3,+20.1,+19.8,+20.0,+20.0
2024-04-13 23:07,1,+45.5,+24.1,+23.8,+25.4,+42.1,+37.2,+18.3,+18.8,+19.2,+20.0,+19.8,+20.0,+20.0
2024-04-14 00:07,1,+45.4,+24.1,+23.8,+25.4,+42.1,+37.2,+18.2,+18.7,+19.2,+20.0,+19.8,+20.0,+20.0
2024-04-14 01:07,1,+45.3,+24.1,+23.8,+25.3,+42.0,+37.1,+18.3,+18.7,+19.2,+20.0,+20.0,+20.0,+20.1
2024-04-14 02:07,1,+45.2,+24.1,+23.8,+25.3,+42.1,+37.1,+18.3,+18.7,+19.2,+20.0,+19.8,+20.0,+20.1
2024-04-14 03:07,1,+45.0,+24.1,+23.7,+25.3,+42.1,+37.1,+18.2,+18.7,+19.2,+20.0,+19.8,+20.0,+20.0
2024-04-14 04:07,1,+45.0,+24.1,+23.7,+25.4,+42.1,+37.2,+18.1,+18.6,+19.2,+20.0,+19.8,+20.0,+20.0
2024-04-14 05:07,1,+44.9,+24.1,+23.7,+25.3,+42.1,+37.1,+18.1,+18.6,+19.1,+20.0,+19.8,+20.0,+20.0
2024-04-14 06:07,1,+44.8,+24.0,+23.6,+25.3,+42.1,+37.2,+18.0,+18.5,+19.2,+20.0,+19.8,+19.8,+20.0
2024-04-14 07:07,1,+44.7,+24.0,+23.6,+25.4,+42.2,+37.2,+18.0,+18.5,+19.1,+19.8,+19.8,+20.0,+20.0
2024-04-14 08:07,1,+44.6,+24.0,+23.6,+25.4,+42.2,+37.2,+18.1,+18.5,+19.1,+20.0,+19.8,+20.0,+20.0
2024-04-14 09:07,1,+44.5,+23.9,+23.5,+25.3,+42.1,+37.2,+18.5,+18.5,+19.1,+20.0,+19.8,+20.0,+20.0
2024-04-14 10:07,1,+44.4,+23.9,+23.4,+25.4,+42.2,+37.2,+18.6,+18.5,+19.1,+19.8,+19.8,+19.8,+20.0
2024-04-14 11:07,1,+44.3,+23.8,+23.4,+25.4,+42.2,+37.2,+18.8,+18.5,+19.0,+19.8,+19.8,+20.0,+20.0
2024-04-14 12:07,1,+44.3,+23.8,+23.4,+25.3,+42.1,+37.2,+18.7,+18.6,+19.0,+19.8,+19.8,+20.0,+20.0
2024-04-14 13:07,1,+44.2,+23.8,+23.4,+25.4,+42.2,+37.2,+18.8,+18.6,+19.0,+19.8,+19.8,+20.0,+20.0
2024-04-14 14:07,1,+44.1,+23.7,+23.3,+25.4,+42.2,+37.2,+19.0,+18.7,+19.1,+19.8,+19.8,+20.0,+20.0
2024-04-14 15:07,1,+44.0,+23.7,+23.3,+25.4,+42.2,+37.2,+19.1,+18.8,+19.1,+19.8,+19.8,+20.0,+20.1
2024-04-14 16:07,1,+44.0,+23.7,+23.2,+25.4,+42.2,+37.2,+19.2,+18.7,+19.0,+19.8,+19.8,+19.8,+20.0
2024-04-14 17:07,1,+43.9,+23.7,+23.2,+25.4,+42.2,+37.2,+19.1,+18.7,+19.1,+19.8,+19.8,+19.8,+20.0
2024-04-14 18:07,1,+43.9,+23.7,+23.2,+25.4,+42.2,+37.2,+19.1,+18.8,+19.1,+19.8,+19.8,+19.8,+20.0
2024-04-14 19:07,1,+43.8,+23.6,+23.2,+25.3,+42.1,+37.2,+19.0,+19.0,+19.1,+19.8,+19.8,+19.8,+20.0
2024-04-14 20:07,1,+43.8,+23.6,+23.2,+25.3,+42.2,+37.2,+18.8,+18.8,+19.1,+19.8,+19.8,+19.8,+20.0
2024-04-14 21:07,1,+43.8,+23.6,+23.2,+25.3,+42.2,+37.2,+18.8,+18.8,+19.1,+19.8,+19.8,+20.0,+20.0
2024-04-14 22:07,1,+43.7,+23.6,+23.1,+25.3,+42.2,+37.2,+18.8,+18.8,+19.1,+19.8,+19.8,+19.8,+20.0
2024-04-14 23:07,1,+43.7,+23.6,+23.1,+25.3,+42.2,+37.2,+18.6,+18.8,+19.2,+19.8,+19.8,+20.0,+20.0
2024-04-15 00:07,1,+43.6,+23.6,+23.1,+25.3,+42.2,+37.2,+18.6,+18.8,+19.1,+19.8,+19.8,+20.0,+20.0
2024-04-15 01:07,1,+43.6,+23.6,+23.1,+25.4,+42.2,+37.2,+18.5,+18.8,+19.1,+19.7,+19.8,+19.8,+20.0
2024-04-15 02:07,1,+43.5,+23.6,+23.1,+25.4,+42.2,+37.2,+18.3,+18.8,+19.1,+19.8,+19.8,+20.0,+20.0
2024-04-15 03:07,1,+43.5,+23.5,+23.1,+25.3,+42.2,+37.2,+18.2,+18.7,+19.1,+19.8,+19.8,+19.8,+20.0
2024-04-15 04:07,1,+43.4,+23.5,+23.0,+25.2,+42.2,+37.2,+18.2,+18.7,+19.1,+19.8,+19.7,+20.0,+20.0
2024-04-15 05:07,1,+43.4,+23.5,+23.0,+25.3,+42.2,+37.2,+18.1,+18.6,+19.1,+19.8,+19.8,+19.8,+20.0
2024-04-15 06:07,1,+43.3,+23.5,+23.0,+25.4,+42.2,+37.2,+18.1,+18.6,+19.1,+19.8,+19.7,+19.8,+20.0
2024-04-15 07:07,1,+43.3,+23.5,+23.0,+25.2,+42.2,+37.2,+18.1,+18.5,+19.1,+19.8,+19.7,+19.8,+20.0
2024-04-15 08:07,1,+43.2,+23.5,+23.0,+25.2,+42.2,+37.2,+18.2,+18.5,+19.1,+19.8,+19.7,+19.8,+20.0
2024-04-15 09:07,1,+43.1,+23.4,+22.9,+25.2,+42.2,+37.2,+18.6,+18.5,+19.1,+19.8,+19.8,+19.8,+20.0
2024-04-15 10:07,1,+43.2,+23.4,+22.8,+25.4,+42.2,+37.2,+18.8,+18.6,+19.0,+19.8,+19.7,+19.8,+20.0
2024-04-15 11:07,1,+43.1,+23.4,+22.6,+25.3,+42.2,+37.2,+19.0,+18.6,+19.0,+19.8,+19.7,+19.8,+20.0
2024-04-15 12:07,1,+43.0,+23.3,+22.4,+25.3,+42.2,+37.2,+19.0,+18.7,+19.0,+19.7,+19.7,+19.8,+20.0
2024-04-15 13:07,1,+42.9,+23.3,+22.4,+25.3,+42.2,+37.2,+18.8,+18.7,+19.0,+19.7,+19.7,+19.8,+20.0
2024-04-15 14:07,1,+42.8,+23.3,+22.3,+25.2,+42.2,+37.2,+19.1,+18.7,+19.1,+19.7,+19.7,+19.8,+20.0
2024-04-15 15:07,1,+42.8,+23.3,+22.3,+25.2,+42.2,+37.2,+19.1,+18.7,+19.0,+19.7,+19.7,+19.8,+20.0
2024-04-15 16:07,1,+42.7,+23.2,+22.2,+25.3,+42.2,+37.2,+19.2,+18.8,+19.0,+19.7,+19.7,+19.8,+20.0
2024-04-15 17:07,1,+42.8,+23.2,+22.2,+25.3,+42.2,+37.2,+19.2,+18.8,+19.0,+19.7,+19.8,+19.8,+20.0
2024-04-15 18:07,1,+42.9,+23.2,+22.2,+25.2,+42.2,+37.2,+19.1,+18.8,+19.1,+19.7,+19.7,+19.8,+20.0
2024-04-15 19:07,1,+43.1,+23.2,+22.2,+25.2,+42.2,+37.2,+19.1,+18.8,+19.1,+19.7,+19.7,+19.8,+20.0
2024-04-15 20:07,1,+43.5,+23.2,+22.2,+25.3,+42.2,+37.2,+19.0,+18.8,+19.1,+19.7,+19.7,+19.8,+20.0
2024-04-15 21:07,1,+44.0,+23.2,+22.2,+25.3,+42.2,+37.2,+18.8,+18.8,+19.1,+19.7,+19.7,+19.8,+19.8
2024-04-15 22:07,1,+44.1,+23.2,+22.1,+25.3,+42.2,+37.2,+18.7,+18.8,+19.1,+19.7,+19.7,+19.8,+20.0
2024-04-15 23:07,1,+44.0,+23.2,+22.1,+25.3,+42.2,+37.2,+18.5,+18.8,+19.1,+19.8,+19.7,+19.8,+20.0
2024-04-16 00:07,1,+43.9,+23.2,+22.0,+25.3,+42.2,+37.2,+18.5,+18.8,+19.1,+19.7,+19.7,+19.8,+20.0
2024-04-16 01:07,1,+43.9,+23.1,+22.0,+25.2,+42.2,+37.2,+18.2,+18.7,+19.1,+19.7,+19.7,+19.8,+20.0
2024-04-16 02:07,1,+43.8,+23.2,+22.0,+25.2,+42.2,+37.2,+18.1,+18.7,+19.1,+19.8,+19.7,+19.8,+20.0
2024-04-16 03:07,1,+43.7,+23.1,+21.9,+25.2,+42.2,+37.2,+18.0,+18.7,+19.1,+19.8,+19.7,+19.8,+20.0
2024-04-16 04:07,1,+43.6,+23.1,+21.9,+25.3,+42.2,+37.2,+17.8,+18.6,+19.1,+19.7,+19.7,+19.8,+20.0
2024-04-16 05:07,1,+43.6,+23.1,+21.9,+25.3,+42.2,+37.2,+17.7,+18.5,+19.1,+19.7,+19.7,+19.8,+20.0
2024-04-16 06:07,1,+43.5,+23.1,+21.9,+25.2,+42.2,+37.2,+17.6,+18.3,+19.1,+19.7,+19.7,+19.8,+19.8
2024-04-16 07:07,1,+43.4,+23.0,+21.8,+25.3,+42.2,+37.2,+17.6,+18.3,+19.1,+19.7,+19.7,+19.8,+19.8
2024-04-16 08:07,1,+43.3,+23.0,+21.8,+25.2,+42.2,+37.2,+17.7,+18.2,+19.0,+19.7,+19.7,+19.8,+20.0
2024-04-16 09:07,1,+43.1,+22.9,+21.7,+25.3,+42.2,+37.2,+18.2,+18.2,+19.0,+19.7,+19.7,+19.8,+20.0
2024-04-16 10:07,1,+43.0,+22.9,+21.7,+25.2,+42.2,+37.2,+18.2,+18.3,+18.8,+19.7,+19.7,+19.8,+19.8
2024-04-16 11:07,1,+42.9,+22.8,+21.5,+25.1,+42.2,+37.2,+18.5,+18.3,+19.0,+19.7,+19.7,+19.8,+20.0
2024-04-16 12:07,1,+42.8,+22.8,+21.5,+25.2,+42.2,+37.2,+18.5,+18.3,+18.8,+19.7,+19.7,+19.7,+20.0
2024-04-16 13:07,1,+42.7,+22.8,+21.5,+25.1,+42.2,+37.2,+18.7,+18.3,+18.8,+19.7,+19.7,+19.8,+19.8
2024-04-16 14:07,1,+42.6,+22.8,+21.4,+25.2,+42.2,+37.2,+18.7,+18.5,+18.8,+19.7,+19.7,+19.7,+19.8
2024-04-16 15:07,1,+42.5,+22.7,+21.4,+25.1,+42.1,+37.2,+18.8,+18.5,+18.8,+19.7,+19.7,+19.8,+19.8
2024-04-16 16:07,1,+42.4,+22.7,+21.4,+25.1,+42.1,+37.2,+19.0,+18.6,+18.8,+19.7,+19.6,+19.7,+19.8
2024-04-16 17:07,1,+42.3,+22.7,+21.3,+25.2,+42.2,+37.2,+18.8,+18.6,+18.8,+19.7,+19.7,+19.7,+19.8
2024-04-16 18:07,1,+42.3,+22.7,+21.3,+25.2,+42.2,+37.2,+18.7,+18.7,+18.8,+19.6,+19.6,+19.8,+20.0
2024-04-16 19:07,1,+42.2,+22.7,+21.3,+25.2,+42.2,+37.2,+18.7,+18.6,+18.8,+19.6,+19.7,+19.7,+19.8
2024-04-16 20:07,1,+42.1,+22.7,+21.3,+25.1,+42.1,+37.2,+18.7,+18.7,+18.8,+19.7,+19.7,+19.7,+20.0
2024-04-16 21:07,1,+42.1,+22.7,+21.3,+25.2,+42.2,+37.2,+18.7,+18.7,+19.0,+19.7,+19.7,+19.8,+19.8
2024-04-16 22:07,1,+42.1,+22.6,+21.2,+25.0,+42.1,+37.2,+18.5,+18.7,+19.0,+19.7,+19.6,+19.7,+20.0
2024-04-16 23:07,1,+41.9,+22.6,+21.2,+25.2,+42.2,+37.2,+18.2,+18.6,+19.0,+19.7,+19.7,+19.7,+19.8
2024-04-17 00:07,1,+41.8,+22.6,+21.2,+25.0,+42.1,+37.2,+18.0,+18.6,+19.0,+19.6,+19.6,+19.7,+19.8
2024-04-17 01:07,1,+41.8,+22.6,+21.2,+25.0,+42.1,+37.2,+17.7,+18.6,+19.0,+19.6,+19.6,+19.7,+19.8
2024-04-17 02:07,1,+41.6,+22.6,+21.2,+25.2,+42.2,+37.2,+17.3,+18.5,+19.0,+19.7,+19.7,+19.7,+19.8
2024-04-17 03:07,1,+41.5,+22.7,+21.2,+25.0,+42.1,+37.2,+17.2,+18.3,+19.0,+19.6,+19.6,+19.7,+19.8
2024-04-17 04:07,1,+41.4,+22.7,+21.1,+25.1,+42.2,+37.2,+17.1,+18.2,+19.0,+19.7,+19.6,+19.7,+19.8
2024-04-17 05:07,1,+41.4,+22.6,+21.1,+25.1,+42.1,+37.2,+17.2,+18.1,+18.8,+19.7,+19.6,+19.7,+19.8
2024-04-17 06:07,1,+41.2,+22.6,+21.1,+25.1,+42.2,+37.2,+17.1,+18.0,+18.8,+19.7,+19.6,+19.7,+19.8
2024-04-17 07:07,1,+41.1,+22.6,+21.1,+25.1,+42.2,+37.2,+17.3,+18.0,+18.8,+19.7,+19.6,+19.7,+19.8
2024-04-17 08:07,1,+41.0,+22.6,+21.0,+25.1,+42.2,+37.2,+17.5,+18.0,+18.7,+19.6,+19.6,+19.7,+19.8
2024-04-17 09:07,1,+40.9,+22.5,+20.9,+25.0,+42.1,+37.1,+18.0,+18.0,+18.7,+19.6,+19.6,+19.7,+19.8
2024-04-17 10:07,1,+40.8,+22.5,+20.9,+25.1,+42.1,+37.2,+18.1,+18.0,+18.6,+19.6,+19.6,+19.7,+19.8
2024-04-17 11:07,1,+40.7,+22.4,+20.8,+25.0,+42.1,+37.1,+18.2,+18.1,+18.7,+19.6,+19.6,+19.7,+19.8
2024-04-17 12:07,1,+40.6,+22.4,+20.8,+25.0,+42.1,+37.2,+18.6,+18.2,+18.7,+19.6,+19.6,+19.7,+19.8
2024-04-17 13:07,1,+40.5,+22.4,+20.8,+24.9,+42.0,+37.1,+18.7,+18.2,+18.6,+19.6,+19.6,+19.7,+19.8
2024-04-17 14:07,1,+40.4,+22.4,+20.7,+25.0,+42.1,+37.2,+18.7,+18.2,+18.7,+19.6,+19.6,+19.7,+19.8
2024-04-17 15:07,1,+40.3,+22.3,+20.7,+24.9,+42.0,+37.1,+18.8,+18.3,+18.6,+19.6,+19.6,+19.7,+19.8
2024-04-17 16:07,1,+40.2,+22.3,+20.7,+24.9,+42.0,+37.1,+18.8,+18.5,+18.7,+19.6,+19.6,+19.7,+19.8
2024-04-17 17:07,1,+40.1,+22.3,+20.7,+25.0,+42.0,+37.1,+18.8,+18.5,+18.7,+19.6,+19.6,+19.7,+19.8
2024-04-17 18:07,1,+40.1,+22.3,+20.7,+25.0,+42.0,+37.1,+18.8,+18.5,+18.7,+19.5,+19.6,+19.6,+19.8
2024-04-17 19:07,1,+40.1,+22.3,+20.6,+24.9,+42.0,+37.1,+18.8,+18.6,+18.7,+19.6,+19.6,+19.7,+19.8
2024-04-17 20:07,1,+40.0,+22.3,+20.6,+25.0,+42.0,+37.1,+18.8,+18.6,+18.7,+19.6,+19.6,+19.7,+19.8
2024-04-17 21:07,1,+40.0,+22.3,+20.6,+25.0,+42.1,+37.1,+18.8,+18.6,+18.7,+19.5,+19.6,+19.6,+19.8
2024-04-17 22:07,1,+39.8,+22.3,+20.6,+24.9,+42.0,+37.1,+18.7,+18.6,+18.8,+19.5,+19.6,+19.7,+19.8
2024-04-17 23:07,1,+39.7,+22.3,+20.6,+25.0,+42.1,+37.1,+18.8,+18.7,+18.8,+19.5,+19.6,+19.7,+19.8
2024-04-18 00:07,1,+39.7,+22.3,+20.6,+25.0,+42.1,+37.1,+18.7,+18.7,+18.8,+19.6,+19.6,+19.7,+19.8
2024-04-18 01:07,1,+39.6,+22.3,+20.6,+25.0,+42.0,+37.1,+18.6,+18.6,+18.8,+19.6,+19.6,+19.7,+19.8
2024-04-18 02:07,1,+39.6,+22.3,+20.6,+24.8,+42.0,+37.1,+18.3,+18.6,+19.0,+19.6,+19.6,+19.7,+19.8
2024-04-18 03:07,1,+39.5,+22.2,+20.6,+24.8,+42.0,+37.1,+18.2,+18.6,+18.8,+19.6,+19.6,+19.7,+19.8
2024-04-18 04:07,1,+39.5,+22.2,+20.6,+24.8,+42.0,+37.1,+18.1,+18.6,+18.8,+19.6,+19.6,+19.7,+19.8
2024-04-18 05:07,1,+39.6,+22.2,+20.5,+24.8,+42.0,+37.1,+18.0,+18.5,+19.0,+19.6,+19.6,+19.6,+19.8
2024-04-18 06:07,1,+39.5,+22.2,+20.5,+24.8,+42.0,+37.1,+17.8,+18.5,+18.8,+19.6,+19.6,+19.6,+19.8
2024-04-18 07:07,1,+39.4,+22.1,+20.5,+24.9,+42.0,+37.1,+17.8,+18.3,+18.8,+19.6,+19.6,+19.6,+19.8
2024-04-18 08:07,1,+39.2,+22.1,+20.5,+24.8,+42.0,+37.1,+18.0,+18.3,+18.8,+19.6,+19.6,+19.7,+19.7
2024-04-18 09:07,1,+39.1,+22.1,+20.4,+24.8,+42.0,+37.1,+18.3,+18.3,+18.8,+19.6,+19.6,+19.6,+19.8
2024-04-18 10:07,1,+39.0,+22.0,+20.4,+24.8,+42.0,+37.1,+18.5,+18.3,+18.8,+19.6,+19.6,+19.7,+19.8
2024-04-18 11:07,1,+38.8,+22.0,+20.4,+24.7,+42.0,+37.1,+18.6,+18.3,+18.8,+19.6,+19.5,+19.6,+19.8
2024-04-18 12:07,1,+38.8,+22.0,+20.4,+24.8,+42.0,+37.1,+18.8,+18.5,+18.8,+19.6,+19.6,+19.7,+19.8
2024-04-18 13:07,1,+38.6,+21.9,+20.3,+24.8,+42.0,+37.1,+18.8,+18.5,+18.8,+19.6,+19.6,+19.6,+19.8
2024-04-18 14:07,1,+38.5,+21.9,+20.3,+24.7,+41.9,+37.1,+19.0,+18.5,+18.7,+19.6,+19.6,+19.6,+19.8
2024-04-18 15:07,1,+38.4,+21.9,+20.3,+24.7,+41.9,+37.1,+19.0,+18.6,+18.8,+19.6,+19.6,+19.6,+19.7
2024-04-18 16:07,1,+38.4,+21.9,+20.3,+24.8,+42.0,+37.1,+19.0,+18.6,+18.8,+19.6,+19.5,+19.6,+19.8
2024-04-18 17:07,1,+38.3,+21.9,+20.2,+24.8,+41.9,+37.1,+19.0,+18.6,+18.8,+19.6,+19.6,+19.7,+19.8
2024-04-18 18:07,1,+38.3,+21.8,+20.2,+24.8,+41.9,+37.1,+19.0,+18.7,+18.8,+19.6,+19.5,+19.6,+19.7
2024-04-18 19:07,1,+38.3,+21.8,+20.2,+24.6,+41.9,+37.0,+18.8,+18.7,+18.8,+19.6,+19.6,+19.6,+19.7
2024-04-18 20:07,1,+38.2,+21.8,+20.2,+24.7,+41.9,+37.1,+18.8,+18.7,+18.8,+19.6,+19.6,+19.6,+19.7
2024-04-18 21:07,1,+38.2,+21.8,+20.2,+24.6,+41.9,+37.0,+18.8,+18.8,+18.8,+19.6,+19.6,+19.6,+19.8
2024-04-18 22:07,1,+38.1,+21.8,+20.2,+24.6,+41.9,+37.0,+18.7,+18.7,+19.0,+19.6,+19.6,+19.6,+19.8
2024-04-18 23:07,1,+38.1,+21.8,+20.2,+24.6,+41.9,+37.0,+18.6,+18.7,+19.0,+19.6,+19.6,+19.6,+19.7
2024-04-19 00:07,1,+38.0,+21.8,+20.2,+24.6,+41.9,+37.0,+18.6,+18.7,+19.0,+19.6,+19.5,+19.6,+19.8
2024-04-19 01:07,1,+37.9,+21.8,+20.2,+24.7,+41.9,+37.1,+18.5,+18.7,+19.0,+19.6,+19.5,+19.6,+19.7
2024-04-19 02:07,1,+37.8,+21.8,+20.1,+24.6,+41.9,+37.1,+18.3,+18.7,+19.0,+19.6,+19.6,+19.6,+19.8
2024-04-19 03:07,1,+37.7,+21.8,+20.1,+24.6,+41.9,+37.1,+18.2,+18.6,+19.0,+19.6,+19.5,+19.6,+19.8
2024-04-19 04:07,1,+37.6,+21.8,+20.1,+24.6,+41.9,+37.1,+18.0,+18.6,+19.0,+19.6,+19.6,+19.6,+19.7
2024-04-19 05:07,1,+37.5,+21.7,+20.1,+24.6,+41.9,+37.0,+17.7,+18.5,+19.0,+19.6,+19.6,+19.6,+19.7
2024-04-19 06:07,1,+37.4,+21.7,+20.1,+24.6,+41.9,+37.1,+17.6,+18.3,+18.8,+19.6,+19.6,+19.6,+19.7
2024-04-19 07:07,1,+37.2,+21.7,+20.1,+24.5,+41.9,+37.0,+17.7,+18.3,+18.8,+19.6,+19.6,+19.6,+19.8
2024-04-19 08:07,1,+37.1,+21.6,+20.1,+24.5,+41.9,+37.0,+17.8,+18.2,+18.8,+19.6,+19.5,+19.6,+19.7
2024-04-19 09:07,1,+37.0,+21.6,+20.0,+24.4,+41.9,+37.0,+18.3,+18.2,+18.8,+19.6,+19.6,+19.6,+19.7
2024-04-19 10:07,1,+36.8,+21.6,+20.0,+24.5,+41.9,+37.0,+18.6,+18.3,+18.8,+19.6,+19.6,+19.6,+19.8
2024-04-19 11:07,1,+36.7,+21.6,+20.0,+24.4,+41.9,+37.0,+18.7,+18.3,+18.8,+19.6,+19.6,+19.6,+19.7
2024-04-19 12:07,1,+36.6,+21.5,+20.0,+24.5,+41.9,+37.0,+18.8,+18.5,+18.8,+19.6,+19.5,+19.6,+19.7
2024-04-19 13:07,1,+36.5,+21.5,+20.0,+24.3,+41.8,+37.0,+19.0,+18.5,+18.8,+19.6,+19.5,+19.7,+19.7
2024-04-19 14:07,1,+36.4,+21.5,+19.9,+24.4,+41.9,+37.0,+19.0,+18.6,+18.8,+19.6,+19.6,+19.6,+19.8
2024-04-19 15:07,1,+36.3,+21.4,+19.9,+24.4,+41.8,+37.0,+19.1,+18.6,+18.8,+19.6,+19.5,+19.6,+19.7
2024-04-19 16:07,1,+36.2,+21.4,+19.9,+24.4,+41.8,+37.0,+19.1,+18.6,+18.8,+19.6,+19.6,+19.7,+19.8
2024-04-19 17:07,1,+36.1,+21.4,+19.9,+24.4,+41.8,+37.0,+19.2,+18.7,+18.8,+19.6,+19.5,+19.7,+19.7
2024-04-19 18:07,1,+36.1,+21.4,+19.9,+24.3,+41.8,+37.0,+19.1,+18.7,+19.0,+19.6,+19.5,+19.6,+19.8
2024-04-19 19:07,1,+36.1,+21.4,+19.8,+24.2,+41.7,+37.0,+19.1,+18.8,+19.0,+19.6,+19.5,+19.6,+19.8
2024-04-19 20:07,1,+36.0,+21.4,+19.8,+24.3,+41.8,+37.0,+19.0,+18.7,+18.8,+19.6,+19.6,+19.6,+19.8
2024-04-19 21:07,1,+36.0,+21.4,+19.8,+24.3,+41.8,+37.0,+19.0,+18.8,+19.0,+19.6,+19.5,+19.6,+19.7
2024-04-19 22:07,1,+36.0,+21.4,+19.8,+24.2,+41.7,+37.0,+18.8,+18.7,+19.0,+19.6,+19.6,+19.6,+19.8
2024-04-19 23:07,1,+36.0,+21.4,+19.8,+24.2,+41.7,+37.0,+18.6,+18.8,+19.0,+19.6,+19.5,+19.6,+19.7
2024-04-20 00:07,1,+36.0,+21.4,+19.8,+24.3,+41.8,+37.0,+18.6,+18.8,+19.0,+19.6,+19.5,+19.6,+19.7
2024-04-20 01:07,1,+35.9,+21.4,+19.8,+24.2,+41.7,+37.0,+18.5,+18.7,+19.0,+19.6,+19.5,+19.7,+19.7
2024-04-20 02:07,1,+35.9,+21.3,+19.8,+24.2,+41.7,+36.9,+18.3,+18.7,+19.0,+19.6,+19.5,+19.6,+19.7
2024-04-20 03:07,1,+35.8,+21.3,+19.8,+24.2,+41.8,+37.0,+18.3,+18.7,+19.0,+19.6,+19.5,+19.6,+19.7
2024-04-20 04:07,1,+35.7,+21.3,+19.8,+24.2,+41.8,+37.0,+18.2,+18.7,+19.0,+19.6,+19.5,+19.6,+19.7
2024-04-20 05:07,1,+35.7,+21.3,+19.8,+24.2,+41.8,+37.0,+18.2,+18.6,+19.0,+19.6,+19.5,+19.6,+19.7
2024-04-20 06:07,1,+35.5,+21.3,+19.8,+24.1,+41.7,+36.9,+18.1,+18.6,+19.0,+19.6,+19.5,+19.6,+19.7
2024-04-20 07:07,1,+35.5,+21.3,+19.7,+24.1,+41.7,+36.9,+18.0,+18.5,+19.0,+19.6,+19.6,+19.6,+19.7
2024-04-20 08:07,1,+35.4,+21.2,+19.7,+24.0,+41.7,+36.9,+18.3,+18.5,+19.0,+19.6,+19.5,+19.6,+19.7
2024-04-20 09:07,1,+35.3,+21.2,+19.7,+24.0,+41.7,+36.9,+18.7,+18.3,+18.8,+19.6,+19.6,+19.6,+19.7
2024-04-20 10:07,1,+35.2,+21.2,+19.7,+24.0,+41.7,+36.9,+19.0,+18.5,+18.8,+19.6,+19.6,+19.6,+19.8
2024-04-20 11:07,1,+35.2,+21.2,+19.7,+24.1,+41.7,+36.9,+19.1,+18.6,+19.0,+19.6,+19.5,+19.6,+19.7
2024-04-20 12:07,1,+35.1,+21.1,+19.6,+24.1,+41.7,+36.9,+19.2,+18.6,+19.0,+19.6,+19.6,+19.6,+19.8
2024-04-20 13:07,1,+35.0,+21.1,+19.6,+24.1,+41.7,+36.9,+19.2,+18.7,+19.0,+19.6,+19.5,+19.6,+19.7
2024-04-20 14:07,1,+34.9,+21.1,+19.6,+23.9,+41.6,+36.9,+19.3,+18.7,+19.0,+19.6,+19.6,+19.6,+19.8
2024-04-20 15:07,1,+34.8,+21.0,+19.6,+24.0,+41.7,+36.9,+19.3,+18.8,+18.8,+19.6,+19.5,+19.6,+19.7
2024-04-20 16:07,1,+34.8,+21.0,+19.6,+24.0,+41.6,+36.9,+19.3,+18.8,+19.0,+19.6,+19.6,+19.6,+19.7
2024-04-20 17:07,1,+34.7,+21.0,+19.5,+24.0,+41.7,+36.9,+19.3,+19.0,+19.0,+19.6,+19.6,+19.6,+19.7
2024-04-20 18:07,1,+34.7,+21.0,+19.5,+23.8,+41.6,+36.8,+19.3,+19.0,+19.0,+19.6,+19.6,+19.7,+19.7
2024-04-20 19:07,1,+34.6,+21.0,+19.5,+23.9,+41.6,+36.9,+19.3,+19.0,+19.0,+19.7,+19.6,+19.6,+19.7
2024-04-20 20:07,1,+34.6,+21.0,+19.5,+23.8,+41.6,+36.8,+19.3,+19.0,+19.0,+19.6,+19.6,+19.6,+19.7
2024-04-20 21:07,1,+34.6,+21.0,+19.5,+23.8,+41.6,+36.8,+19.2,+19.0,+19.1,+19.6,+19.5,+19.6,+19.7
2024-04-20 22:07,1,+34.5,+21.0,+19.5,+23.8,+41.6,+36.8,+19.2,+19.0,+19.1,+19.6,+19.5,+19.6,+19.7
2024-04-20 23:07,1,+34.5,+21.0,+19.5,+23.9,+41.6,+36.9,+19.1,+19.0,+19.1,+19.6,+19.5,+19.6,+19.7
2024-04-21 00:07,1,+34.4,+21.0,+19.5,+23.9,+41.6,+36.8,+19.0,+19.0,+19.1,+19.6,+19.5,+19.6,+19.8
2024-04-21 01:07,1,+34.4,+21.0,+19.5,+23.8,+41.6,+36.8,+18.7,+19.0,+19.1,+19.6,+19.6,+19.6,+19.7
2024-04-21 02:07,1,+34.3,+21.0,+19.5,+23.8,+41.6,+36.8,+18.7,+19.0,+19.2,+19.7,+19.6,+19.6,+19.7
2024-04-21 03:07,1,+34.3,+21.0,+19.5,+23.8,+41.6,+36.8,+18.6,+19.0,+19.1,+19.7,+19.6,+19.6,+19.8
2024-04-21 04:07,1,+34.2,+21.0,+19.5,+23.8,+41.6,+36.8,+18.5,+18.8,+19.1,+19.7,+19.6,+19.6,+19.7
2024-04-21 05:07,1,+34.2,+20.9,+19.5,+23.8,+41.6,+36.8,+18.3,+18.8,+19.1,+19.7,+19.6,+19.6,+19.7
2024-04-21 06:07,1,+34.1,+20.9,+19.5,+23.8,+41.6,+36.8,+18.3,+18.7,+19.0,+19.6,+19.6,+19.6,+19.7
2024-04-21 07:07,1,+34.1,+20.9,+19.4,+23.6,+41.6,+36.8,+18.3,+18.7,+19.1,+19.7,+19.6,+19.6,+19.7
2024-04-21 08:07,1,+33.9,+20.9,+19.4,+23.7,+41.6,+36.8,+18.6,+18.7,+19.1,+19.7,+19.6,+19.7,+19.8
2024-04-21 09:07,1,+33.8,+20.8,+19.4,+23.7,+41.6,+36.8,+18.7,+18.6,+19.0,+19.7,+19.6,+19.6,+19.7
2024-04-21 10:07,1,+33.7,+20.8,+19.4,+23.5,+41.5,+36.7,+19.2,+18.7,+19.0,+19.7,+19.6,+19.6,+19.7
2024-04-21 11:07,1,+33.6,+20.8,+19.3,+23.5,+41.5,+36.8,+19.3,+18.7,+19.0,+19.7,+19.6,+19.6,+19.7
2024-04-21 12:07,1,+33.5,+20.8,+19.3,+23.6,+41.5,+36.8,+19.3,+18.8,+19.0,+19.7,+19.6,+19.6,+19.7
2024-04-21 13:07,1,+33.5,+20.7,+19.3,+23.6,+41.5,+36.7,+19.5,+18.8,+19.0,+19.7,+19.6,+19.7,+19.7
2024-04-21 14:07,1,+33.4,+20.7,+19.3,+23.6,+41.4,+36.7,+19.5,+19.0,+19.1,+19.7,+19.6,+19.6,+19.7
2024-04-21 15:07,1,+33.4,+20.7,+19.3,+23.5,+41.4,+36.7,+19.5,+19.0,+19.0,+19.6,+19.6,+19.6,+19.7
2024-04-21 16:07,1,+33.3,+20.7,+19.2,+23.5,+41.4,+36.7,+19.6,+19.1,+19.1,+19.7,+19.6,+19.6,+19.7
2024-04-21 17:07,1,+33.3,+20.7,+19.2,+23.5,+41.4,+36.7,+19.6,+19.1,+19.1,+19.6,+19.6,+19.6,+19.7
2024-04-21 18:07,1,+33.2,+20.7,+19.2,+23.4,+41.4,+36.7,+19.6,+19.1,+19.1,+19.6,+19.6,+19.6,+19.8
2024-04-21 19:07,1,+33.2,+20.6,+19.2,+23.4,+41.4,+36.7,+19.6,+19.1,+19.1,+19.7,+19.6,+19.6,+19.7
2024-04-21 20:07,1,+33.2,+20.6,+19.2,+23.5,+41.4,+36.7,+19.5,+19.1,+19.2,+19.7,+19.6,+19.6,+19.7
2024-04-21 21:07,1,+33.1,+20.6,+19.2,+23.4,+41.3,+36.7,+19.3,+19.2,+19.2,+19.7,+19.6,+19.7,+19.8
2024-04-21 22:07,1,+33.1,+20.6,+19.2,+23.3,+41.3,+36.7,+19.3,+19.2,+19.2,+19.7,+19.6,+19.6,+19.7
2024-04-21 23:07,1,+33.1,+20.6,+19.2,+23.3,+41.3,+36.7,+19.2,+19.2,+19.2,+19.7,+19.6,+19.6,+19.7
2024-04-22 00:07,1,+33.0,+20.6,+19.2,+23.4,+41.4,+36.7,+19.2,+19.2,+19.2,+19.7,+19.6,+19.7,+19.7
2024-04-22 01:07,1,+33.0,+20.6,+19.2,+23.3,+41.3,+36.7,+19.2,+19.1,+19.2,+19.7,+19.6,+19.6,+19.7
2024-04-22 02:07,1,+33.0,+20.6,+19.2,+23.4,+41.4,+36.7,+19.2,+19.1,+19.2,+19.7,+19.6,+19.7,+19.7
2024-04-22 03:07,1,+33.0,+20.6,+19.2,+23.4,+41.4,+36.7,+19.1,+19.1,+19.2,+19.7,+19.6,+19.6,+19.7
2024-04-22 04:07,1,+32.9,+20.6,+19.2,+23.4,+41.4,+36.7,+19.1,+19.1,+19.2,+19.7,+19.6,+19.7,+19.7
2024-04-22 05:07,1,+32.8,+20.6,+19.2,+23.3,+41.3,+36.6,+19.0,+19.1,+19.2,+19.7,+19.6,+19.7,+19.7
2024-04-22 06:07,1,+32.8,+20.6,+19.2,+23.3,+41.4,+36.7,+19.1,+19.1,+19.2,+19.7,+19.6,+19.6,+19.7
2024-04-22 07:07,1,+32.8,+20.6,+19.2,+23.3,+41.4,+36.7,+19.1,+19.1,+19.2,+19.7,+19.6,+19.7,+19.8
2024-04-22 08:07,1,+32.7,+20.6,+19.2,+23.3,+41.4,+36.7,+19.3,+19.1,+19.2,+19.7,+19.6,+19.6,+19.7
2024-04-22 09:07,1,+32.6,+20.5,+19.2,+23.3,+41.3,+36.7,+19.6,+19.1,+19.2,+19.7,+19.6,+19.7,+19.8
2024-04-22 10:07,1,+32.6,+20.5,+19.1,+23.2,+41.3,+36.7,+20.1,+19.1,+19.2,+19.7,+19.6,+19.7,+19.8
2024-04-22 11:07,1,+32.4,+20.5,+19.1,+23.1,+41.3,+36.6,+20.0,+19.2,+19.3,+19.7,+19.6,+19.6,+19.7
2024-04-22 12:07,1,+32.3,+20.5,+19.1,+23.1,+41.2,+36.6,+20.0,+19.2,+19.2,+19.7,+19.7,+19.7,+19.8
2024-04-22 13:07,1,+32.3,+20.4,+19.1,+23.1,+41.2,+36.6,+20.0,+19.3,+19.3,+19.7,+19.6,+19.7,+19.7
2024-04-22 14:07,1,+32.1,+20.4,+19.0,+23.0,+41.2,+36.6,+19.8,+19.3,+19.3,+19.7,+19.6,+19.7,+19.8
2024-04-22 15:07,1,+32.1,+20.4,+19.0,+23.0,+41.1,+36.6,+19.7,+19.3,+19.3,+19.7,+19.6,+19.7,+19.7
2024-04-22 16:07,1,+32.0,+20.4,+19.0,+23.1,+41.1,+36.6,+19.7,+19.5,+19.3,+19.8,+19.6,+19.6,+19.7
2024-04-22 17:07,1,+31.9,+20.4,+19.0,+23.0,+41.1,+36.6,+19.7,+19.3,+19.3,+19.8,+19.6,+19.7,+19.7
2024-04-22 18:07,1,+31.9,+20.3,+19.0,+23.1,+41.1,+36.6,+19.7,+19.5,+19.3,+19.8,+19.6,+19.6,+19.8
2024-04-22 19:07,1,+31.8,+20.3,+19.0,+22.9,+41.1,+36.5,+19.7,+19.5,+19.3,+19.8,+19.6,+19.6,+19.7
2024-04-22 20:07,1,+31.8,+20.3,+19.0,+23.0,+41.1,+36.6,+19.7,+19.5,+19.3,+19.8,+19.6,+19.7,+19.8
2024-04-22 21:07,1,+31.8,+20.3,+19.0,+23.0,+41.1,+36.5,+19.6,+19.5,+19.3,+19.8,+19.7,+19.7,+19.8
2024-04-22 22:07,1,+31.7,+20.3,+19.0,+23.0,+41.1,+36.5,+19.6,+19.5,+19.5,+19.8,+19.6,+19.7,+19.7
2024-04-22 23:07,1,+31.7,+20.3,+19.0,+22.9,+41.1,+36.5,+19.3,+19.5,+19.5,+19.8,+19.7,+19.7,+19.8
2024-04-23 00:07,1,+31.6,+20.3,+18.9,+22.9,+41.0,+36.5,+19.1,+19.3,+19.5,+19.8,+19.6,+19.7,+19.8
2024-04-23 01:07,1,+31.6,+20.3,+19.0,+23.0,+41.1,+36.5,+19.0,+19.3,+19.5,+19.8,+19.6,+19.7,+19.7
2024-04-23 02:07,1,+31.5,+20.3,+18.9,+22.9,+41.1,+36.5,+18.8,+19.3,+19.5,+19.8,+19.7,+19.7,+19.8
2024-04-23 03:07,1,+31.4,+20.3,+18.9,+22.8,+41.0,+36.5,+18.6,+19.2,+19.5,+19.8,+19.6,+19.7,+19.7
2024-04-23 04:07,1,+31.4,+20.2,+18.9,+22.8,+41.0,+36.5,+18.6,+19.1,+19.5,+19.8,+19.6,+19.7,+19.8
2024-04-23 05:07,1,+31.3,+20.2,+18.9,+22.8,+41.0,+36.5,+18.6,+19.1,+19.3,+19.8,+19.7,+19.7,+19.8
2024-04-23 06:07,1,+31.2,+20.2,+18.9,+22.9,+41.1,+36.5,+18.5,+19.0,+19.3,+19.8,+19.7,+19.7,+19.8
2024-04-23 07:07,1,+31.2,+20.2,+18.9,+22.7,+41.0,+36.4,+18.6,+18.8,+19.3,+19.8,+19.7,+19.7,+19.8
2024-04-23 08:07,1,+31.1,+20.2,+18.9,+22.8,+41.1,+36.5,+18.7,+18.8,+19.3,+19.8,+19.7,+19.7,+19.8
2024-04-23 09:07,1,+31.0,+20.1,+18.8,+22.7,+41.0,+36.4,+19.1,+18.8,+19.2,+19.8,+19.7,+19.7,+19.8
2024-04-23 10:07,1,+30.9,+20.1,+18.8,+22.6,+41.0,+36.4,+19.5,+18.8,+19.3,+19.8,+19.7,+19.7,+19.8
2024-04-23 11:07,1,+30.8,+20.0,+18.8,+22.7,+41.0,+36.4,+19.5,+19.0,+19.2,+19.8,+19.7,+19.7,+19.8
2024-04-23 12:07,1,+30.8,+20.0,+18.8,+22.6,+41.0,+36.4,+19.6,+19.0,+19.2,+19.8,+19.7,+19.7,+19.8
2024-04-23 13:07,1,+30.7,+20.0,+18.7,+22.5,+40.9,+36.4,+19.6,+19.1,+19.2,+19.8,+19.7,+19.7,+19.8
2024-04-23 14:07,1,+30.6,+20.0,+18.7,+22.4,+40.9,+36.4,+19.6,+19.2,+19.2,+19.8,+19.7,+19.7,+19.8
2024-04-23 15:07,1,+30.6,+20.0,+18.7,+22.5,+40.9,+36.4,+19.7,+19.2,+19.2,+19.8,+19.7,+19.7,+19.8
2024-04-23 16:07,1,+30.5,+20.0,+18.7,+22.5,+40.9,+36.4,+19.7,+19.2,+19.3,+19.8,+19.7,+19.7,+19.8
2024-04-23 17:07,1,+30.5,+19.9,+18.7,+22.3,+40.8,+36.4,+19.7,+19.2,+19.3,+19.8,+19.7,+19.7,+19.7
2024-04-23 18:07,1,+30.4,+19.9,+18.7,+22.3,+40.8,+36.4,+19.6,+19.3,+19.3,+19.8,+19.7,+19.7,+19.8
2024-04-23 19:07,1,+30.4,+19.9,+18.7,+22.4,+40.9,+36.4,+19.5,+19.3,+19.3,+19.8,+19.6,+19.7,+19.8
2024-04-23 20:07,1,+30.4,+19.9,+18.7,+22.3,+40.8,+36.4,+19.3,+19.3,+19.3,+19.8,+19.7,+19.7,+19.8
2024-04-23 21:07,1,+30.3,+19.9,+18.7,+22.4,+40.9,+36.4,+19.2,+19.3,+19.3,+19.8,+19.7,+19.7,+19.8
2024-04-23 22:07,1,+30.3,+19.9,+18.6,+22.4,+40.8,+36.4,+19.1,+19.2,+19.3,+19.8,+19.7,+19.7,+19.8
2024-04-23 23:07,1,+30.3,+19.9,+18.6,+22.3,+40.8,+36.3,+19.0,+19.2,+19.3,+19.8,+19.7,+19.7,+19.8
2024-04-24 00:07,1,+30.2,+19.9,+18.6,+22.2,+40.8,+36.3,+18.8,+19.1,+19.3,+19.8,+19.7,+19.7,+19.8
2024-04-24 01:07,1,+30.2,+19.9,+18.6,+22.3,+40.8,+36.4,+18.7,+19.2,+19.3,+19.8,+19.7,+19.7,+19.8
2024-04-24 02:07,1,+30.2,+19.9,+18.6,+22.3,+40.8,+36.4,+18.6,+19.1,+19.3,+19.8,+19.7,+19.7,+19.8
2024-04-24 03:07,1,+30.1,+19.8,+18.6,+22.2,+40.8,+36.3,+18.6,+19.0,+19.3,+19.8,+19.7,+19.7,+19.8
2024-04-24 04:07,1,+30.1,+19.8,+18.6,+22.3,+40.8,+36.3,+18.5,+19.0,+19.3,+19.8,+19.7,+19.7,+19.8
2024-04-24 05:07,1,+30.0,+19.8,+18.6,+22.2,+40.8,+36.3,+18.5,+19.0,+19.3,+19.8,+19.7,+19.8,+19.8
2024-04-24 06:07,1,+30.0,+19.8,+18.6,+22.1,+40.8,+36.3,+18.5,+18.8,+19.2,+19.8,+19.7,+19.7,+19.8
2024-04-24 07:07,1,+30.0,+19.8,+18.6,+22.2,+40.8,+36.3,+18.5,+18.8,+19.2,+19.8,+19.7,+19.7,+19.7
2024-04-24 08:07,1,+29.9,+19.8,+18.5,+22.1,+40.8,+36.3,+18.6,+18.8,+19.2,+19.8,+19.7,+19.7,+19.8
2024-04-24 09:07,1,+29.8,+19.7,+18.5,+22.1,+40.7,+36.3,+18.8,+18.7,+19.2,+19.8,+19.7,+19.7,+19.7
2024-04-24 10:07,1,+29.7,+19.7,+18.5,+22.1,+40.8,+36.3,+19.2,+18.8,+19.2,+19.8,+19.7,+19.7,+19.8
2024-04-24 11:07,1,+29.7,+19.6,+18.5,+22.0,+40.7,+36.3,+19.2,+18.8,+19.2,+19.8,+19.7,+19.7,+19.8
2024-04-24 12:07,1,+29.6,+19.6,+18.4,+22.0,+40.7,+36.2,+19.6,+19.0,+19.2,+19.8,+19.7,+19.7,+19.8
2024-04-24 13:07,1,+29.5,+19.6,+18.4,+22.0,+40.7,+36.3,+19.6,+19.1,+19.2,+19.8,+19.7,+19.7,+19.8
2024-04-24 14:07,1,+29.4,+19.6,+18.4,+21.9,+40.6,+36.2,+19.6,+19.1,+19.1,+19.8,+19.7,+19.7,+19.8
2024-04-24 15:07,1,+29.4,+19.5,+18.4,+21.9,+40.6,+36.2,+19.6,+19.1,+19.1,+19.8,+19.6,+19.7,+19.8
2024-04-24 16:07,1,+42.7,+23.1,+18.5,+22.1,+40.7,+36.3,+19.6,+19.2,+19.2,+19.7,+19.7,+19.7,+19.8
2024-04-24 17:07,1,+45.2,+23.7,+18.6,+22.1,+40.7,+36.3,+19.5,+19.2,+19.2,+19.8,+19.7,+19.7,+19.8
2024-04-24 18:07,1,+44.4,+23.4,+18.6,+22.1,+40.7,+36.3,+19.2,+19.2,+19.2,+19.7,+19.6,+19.7,+19.8
2024-04-24 19:07,1,+43.4,+23.0,+18.6,+22.2,+40.7,+36.3,+19.1,+19.2,+19.2,+19.8,+19.6,+19.7,+19.8
2024-04-24 20:07,1,+43.0,+22.7,+18.5,+22.1,+40.7,+36.3,+19.0,+19.2,+19.3,+19.8,+19.7,+19.7,+19.8
2024-04-24 21:07,1,+42.7,+22.6,+18.5,+22.1,+40.6,+36.2,+19.0,+19.1,+19.2,+19.8,+19.6,+19.7,+19.8
2024-04-24 22:07,1,+42.4,+22.4,+18.5,+22.1,+40.7,+36.3,+19.0,+19.1,+19.3,+19.7,+19.6,+19.7,+19.8
2024-04-24 23:07,1,+42.2,+22.4,+18.5,+22.1,+40.7,+36.3,+19.0,+19.1,+19.3,+19.8,+19.7,+19.7,+19.8
2024-04-25 00:07,1,+42.0,+22.3,+18.5,+22.1,+40.7,+36.2,+18.8,+19.1,+19.3,+19.7,+19.7,+19.7,+19.7
2024-04-25 01:07,1,+41.9,+22.3,+18.5,+22.1,+40.7,+36.2,+18.8,+19.0,+19.2,+19.8,+19.7,+19.7,+19.8
2024-04-25 02:07,1,+41.8,+22.2,+18.5,+22.1,+40.7,+36.2,+18.7,+19.0,+19.2,+19.8,+19.7,+19.7,+19.7
2024-04-25 03:07,1,+41.6,+22.2,+18.5,+22.0,+40.6,+36.2,+18.7,+19.0,+19.2,+19.8,+19.6,+19.7,+19.7
2024-04-25 04:07,1,+41.5,+22.1,+18.5,+22.0,+40.6,+36.2,+18.7,+19.0,+19.2,+19.8,+19.6,+19.7,+19.8
2024-04-25 05:07,1,+41.4,+22.1,+18.5,+22.0,+40.6,+36.2,+18.7,+19.0,+19.2,+19.8,+19.7,+19.7,+19.8
2024-04-25 06:07,1,+41.4,+22.1,+18.4,+22.0,+40.6,+36.2,+18.7,+19.0,+19.2,+19.8,+19.7,+19.7,+19.7
2024-04-25 07:07,1,+41.3,+22.0,+18.4,+22.1,+40.7,+36.2,+18.7,+18.8,+19.2,+19.8,+19.7,+19.7,+19.8
2024-04-25 08:07,1,+41.2,+22.0,+18.4,+22.1,+40.6,+36.2,+18.7,+18.8,+19.2,+19.8,+19.7,+19.7,+19.8
2024-04-25 09:07,1,+41.4,+22.0,+18.5,+22.2,+40.7,+36.3,+18.8,+19.0,+19.2,+19.8,+19.7,+19.7,+19.8
2024-04-25 10:07,1,+41.6,+22.0,+18.5,+22.3,+40.7,+36.3,+18.8,+19.0,+19.2,+19.8,+19.7,+19.7,+19.8
2024-04-25 11:07,1,+41.7,+22.0,+18.5,+22.3,+40.7,+36.3,+18.8,+19.0,+19.2,+19.8,+19.7,+19.7,+19.8
2024-04-25 12:07,1,+41.6,+22.0,+18.5,+22.1,+40.7,+36.2,+19.0,+19.0,+19.2,+19.8,+19.6,+19.7,+19.8
2024-04-25 13:07,1,+41.6,+22.0,+18.5,+22.1,+40.7,+36.2,+19.0,+19.0,+19.2,+19.7,+19.7,+19.7,+19.8
2024-04-25 14:07,1,+41.5,+21.9,+18.5,+22.1,+40.7,+36.2,+19.0,+19.0,+19.2,+19.8,+19.7,+19.7,+19.8
2024-04-25 15:07,1,+41.4,+21.9,+18.5,+22.1,+40.6,+36.2,+19.0,+19.0,+19.1,+19.8,+19.7,+19.7,+19.8
2024-04-25 16:07,1,+41.3,+21.9,+18.5,+22.2,+40.7,+36.2,+19.0,+19.0,+19.1,+19.8,+19.7,+19.7,+19.8
2024-04-25 17:07,1,+41.2,+21.9,+18.4,+22.2,+40.7,+36.2,+18.7,+19.0,+19.1,+19.8,+19.7,+19.7,+19.8
2024-04-25 18:07,1,+41.2,+21.9,+18.4,+22.2,+40.7,+36.2,+18.6,+19.0,+19.1,+19.7,+19.6,+19.7,+19.8
2024-04-25 19:07,1,+41.1,+21.8,+18.5,+22.2,+40.7,+36.2,+18.6,+18.8,+19.2,+19.8,+19.6,+19.7,+19.8
2024-04-25 20:07,1,+41.1,+21.8,+18.5,+22.1,+40.6,+36.2,+18.3,+18.8,+19.2,+19.8,+19.7,+19.7,+19.8
2024-04-25 21:07,1,+41.0,+21.8,+18.4,+22.2,+40.7,+36.2,+18.3,+18.8,+19.2,+19.8,+19.6,+19.7,+19.8
2024-04-25 22:07,1,+40.9,+21.8,+18.4,+22.1,+40.6,+36.1,+18.3,+18.7,+19.2,+19.8,+19.7,+19.7,+19.8
2024-04-25 23:07,1,+40.8,+21.8,+18.4,+22.2,+40.7,+36.2,+18.3,+18.7,+19.2,+19.7,+19.7,+19.7,+19.8
2024-04-26 00:07,1,+40.8,+21.8,+18.4,+22.1,+40.6,+36.1,+18.2,+18.7,+19.1,+19.8,+19.7,+19.7,+19.8
2024-04-26 01:07,1,+40.7,+21.7,+18.4,+22.2,+40.6,+36.2,+18.2,+18.7,+19.1,+19.7,+19.7,+19.7,+19.8
2024-04-26 02:07,1,+40.7,+21.7,+18.4,+22.1,+40.6,+36.2,+18.2,+18.6,+19.1,+19.8,+19.7,+19.7,+19.8
2024-04-26 03:07,1,+40.6,+21.7,+18.4,+22.0,+40.6,+36.1,+18.2,+18.6,+19.1,+19.7,+19.6,+19.7,+19.8
2024-04-26 04:07,1,+40.5,+21.7,+18.4,+22.0,+40.6,+36.1,+18.1,+18.6,+19.1,+19.7,+19.7,+19.7,+19.8
2024-04-26 05:07,1,+40.5,+21.7,+18.4,+22.1,+40.6,+36.2,+18.2,+18.6,+19.0,+19.7,+19.7,+19.7,+19.8
2024-04-26 06:07,1,+40.4,+21.6,+18.4,+22.0,+40.6,+36.1,+18.2,+18.5,+19.0,+19.7,+19.6,+19.7,+19.8
2024-04-26 07:07,1,+40.4,+21.6,+18.4,+22.0,+40.6,+36.2,+18.3,+18.6,+19.0,+19.7,+19.7,+19.7,+19.8
2024-04-26 08:07,1,+40.3,+21.6,+18.4,+22.0,+40.6,+36.1,+18.3,+18.5,+19.0,+19.7,+19.6,+19.7,+19.8
2024-04-26 09:07,1,+40.2,+21.6,+18.4,+22.1,+40.6,+36.2,+18.6,+18.5,+19.0,+19.7,+19.6,+19.7,+19.8
2024-04-26 10:07,1,+40.1,+21.6,+18.4,+22.0,+40.6,+36.1,+18.8,+18.6,+19.0,+19.7,+19.6,+19.7,+19.8
2024-04-26 11:07,1,+40.0,+21.5,+18.4,+22.0,+40.6,+36.1,+19.0,+18.6,+19.0,+19.7,+19.6,+19.7,+19.8
2024-04-26 12:07,1,+39.9,+21.5,+18.4,+22.1,+40.6,+36.1,+19.2,+18.7,+19.0,+19.7,+19.6,+19.7,+19.7
2024-04-26 13:07,1,+39.8,+21.5,+18.3,+22.1,+40.6,+36.1,+19.3,+18.7,+18.8,+19.7,+19.6,+19.7,+19.8
2024-04-26 14:07,1,+39.7,+21.4,+18.3,+21.9,+40.5,+36.1,+19.3,+18.8,+19.0,+19.7,+19.6,+19.7,+19.7
2024-04-26 15:07,1,+39.7,+21.4,+18.3,+22.0,+40.6,+36.1,+19.3,+18.8,+19.0,+19.6,+19.6,+19.7,+19.8
2024-04-26 16:07,1,+39.6,+21.4,+18.3,+22.0,+40.6,+36.1,+19.3,+18.8,+19.0,+19.7,+19.6,+19.7,+19.8
2024-04-26 17:07,1,+46.5,+24.2,+18.4,+22.0,+40.6,+36.1,+19.3,+19.0,+19.0,+19.6,+19.6,+19.7,+19.8
2024-04-26 18:07,1,+46.3,+22.8,+18.4,+22.1,+40.6,+36.2,+19.2,+19.0,+19.1,+19.7,+19.6,+19.6,+19.7
2024-04-26 19:07,1,+46.7,+22.9,+18.4,+22.2,+40.6,+36.2,+19.2,+19.1,+19.1,+19.7,+19.6,+19.7,+19.8
2024-04-26 20:07,1,+46.5,+22.9,+18.4,+22.0,+40.6,+36.1,+19.2,+19.0,+19.1,+19.7,+19.6,+19.6,+19.8
2024-04-26 21:07,1,+46.2,+22.9,+18.4,+22.0,+40.6,+36.1,+19.1,+19.0,+19.1,+19.6,+19.6,+19.7,+19.8
2024-04-26 22:07,1,+45.8,+22.9,+18.4,+22.0,+40.6,+36.1,+19.0,+19.1,+19.1,+19.7,+19.6,+19.7,+19.8
2024-04-26 23:07,1,+45.5,+22.9,+18.4,+22.1,+40.6,+36.1,+19.0,+19.0,+19.2,+19.6,+19.6,+19.7,+19.8
2024-04-27 00:07,1,+45.5,+23.1,+18.4,+22.1,+40.6,+36.1,+18.8,+19.0,+19.1,+19.7,+19.6,+19.6,+19.8
2024-04-27 01:07,1,+45.4,+23.1,+18.4,+22.3,+40.6,+36.2,+18.8,+19.0,+19.1,+19.7,+19.6,+19.6,+19.8
2024-04-27 02:07,1,+45.2,+23.1,+18.4,+22.1,+40.6,+36.1,+18.8,+19.0,+19.1,+19.7,+19.6,+19.6,+19.8
2024-04-27 03:07,1,+45.2,+23.2,+18.4,+22.3,+40.6,+36.2,+18.8,+19.0,+19.1,+19.7,+19.6,+19.7,+19.7
2024-04-27 04:07,1,+45.0,+23.1,+18.4,+22.3,+40.6,+36.2,+18.6,+18.8,+19.1,+19.7,+19.6,+19.6,+19.7
2024-04-27 05:07,1,+44.9,+23.1,+18.4,+22.3,+40.6,+36.2,+18.6,+18.8,+19.1,+19.7,+19.6,+19.7,+19.7
2024-04-27 06:07,1,+44.7,+23.1,+18.4,+22.1,+40.6,+36.1,+18.5,+18.8,+19.1,+19.7,+19.6,+19.7,+19.7
2024-04-27 07:07,1,+44.6,+23.1,+18.4,+22.1,+40.6,+36.1,+18.5,+18.7,+19.1,+19.7,+19.6,+19.7,+19.8
2024-04-27 08:07,1,+44.4,+23.1,+18.4,+22.1,+40.6,+36.1,+18.6,+18.8,+19.1,+19.7,+19.6,+19.7,+19.8
2024-04-27 09:07,1,+44.3,+23.0,+18.4,+22.2,+40.6,+36.1,+18.8,+18.7,+19.1,+19.7,+19.6,+19.6,+19.8
2024-04-27 10:07,1,+44.1,+23.0,+18.4,+22.2,+40.6,+36.1,+18.8,+18.8,+19.1,+19.7,+19.6,+19.7,+19.8
2024-04-27 11:07,1,+44.0,+22.9,+18.4,+22.2,+40.6,+36.1,+19.0,+18.8,+19.1,+19.7,+19.6,+19.7,+19.7
2024-04-27 12:07,1,+43.9,+22.9,+18.4,+22.2,+40.6,+36.1,+19.1,+19.0,+19.1,+19.7,+19.6,+19.7,+19.8
2024-04-27 13:07,1,+43.8,+22.9,+18.4,+22.1,+40.5,+36.1,+19.2,+18.8,+19.1,+19.7,+19.6,+19.6,+19.8
2024-04-27 14:07,1,+43.6,+22.8,+18.3,+22.2,+40.5,+36.1,+19.3,+19.0,+19.1,+19.7,+19.6,+19.6,+19.8
2024-04-27 15:07,1,+43.6,+22.8,+18.3,+22.2,+40.5,+36.1,+19.5,+19.0,+19.1,+19.6,+19.6,+19.7,+19.7
2024-04-27 16:07,1,+43.5,+22.8,+18.3,+22.1,+40.5,+36.1,+19.5,+19.0,+19.1,+19.7,+19.6,+19.6,+19.8
2024-04-27 17:07,1,+44.4,+22.8,+18.3,+22.3,+40.6,+36.1,+19.5,+19.1,+19.1,+19.7,+19.6,+19.7,+19.8
2024-04-27 18:07,1,+44.4,+22.8,+18.3,+22.5,+40.6,+36.1,+19.5,+19.1,+19.1,+19.7,+19.6,+19.6,+19.7
2024-04-27 19:07,1,+44.3,+22.8,+18.3,+22.4,+40.5,+36.1,+19.3,+19.1,+19.2,+19.7,+19.6,+19.7,+19.8
2024-04-27 20:07,1,+44.2,+22.8,+18.3,+22.5,+40.5,+36.1,+19.3,+19.1,+19.1,+19.7,+19.6,+19.7,+19.7
2024-04-27 21:07,1,+44.1,+22.8,+18.4,+22.4,+40.5,+36.1,+19.2,+19.1,+19.2,+19.7,+19.6,+19.7,+19.7
2024-04-27 22:07,1,+44.1,+22.8,+18.4,+22.5,+40.5,+36.1,+19.1,+19.1,+19.2,+19.7,+19.6,+19.7,+19.7
2024-04-27 23:07,1,+44.0,+22.8,+18.4,+22.4,+40.5,+36.1,+19.0,+19.1,+19.2,+19.7,+19.6,+19.6,+19.8
2024-04-28 00:07,1,+44.0,+22.8,+18.4,+22.5,+40.5,+36.1,+19.1,+19.1,+19.2,+19.7,+19.6,+19.7,+19.7
2024-04-28 01:07,1,+43.9,+22.7,+18.4,+22.4,+40.5,+36.1,+19.1,+19.1,+19.2,+19.7,+19.6,+19.7,+19.8
2024-04-28 02:07,1,+43.8,+22.8,+18.3,+22.4,+40.5,+36.1,+19.0,+19.1,+19.2,+19.7,+19.6,+19.7,+19.7
2024-04-28 03:07,1,+43.8,+22.7,+18.3,+22.5,+40.5,+36.1,+19.0,+19.1,+19.2,+19.7,+19.6,+19.7,+19.8
2024-04-28 04:07,1,+43.7,+22.7,+18.3,+22.5,+40.5,+36.1,+19.0,+19.0,+19.2,+19.8,+19.6,+19.7,+19.7
2024-04-28 05:07,1,+43.6,+22.7,+18.4,+22.4,+40.5,+36.1,+19.0,+19.0,+19.2,+19.7,+19.6,+19.7,+19.8
2024-04-28 06:07,1,+43.6,+22.7,+18.4,+22.4,+40.5,+36.1,+19.0,+19.0,+19.2,+19.7,+19.6,+19.7,+19.7
2024-04-28 07:07,1,+43.6,+22.7,+18.3,+22.5,+40.5,+36.1,+19.1,+19.0,+19.2,+19.7,+19.6,+19.7,+19.8
2024-04-28 08:07,1,+43.5,+22.6,+18.3,+22.4,+40.5,+36.1,+19.2,+19.0,+19.2,+19.7,+19.6,+19.7,+19.8
2024-04-28 09:07,1,+43.4,+22.6,+18.3,+22.4,+40.5,+36.1,+19.2,+19.1,+19.2,+19.7,+19.6,+19.7,+19.8
2024-04-28 10:07,1,+43.4,+22.6,+18.3,+22.4,+40.5,+36.1,+19.2,+19.0,+19.2,+19.8,+19.6,+19.7,+19.7
2024-04-28 11:07,1,+43.3,+22.6,+18.3,+22.5,+40.5,+36.1,+19.5,+19.1,+19.2,+19.7,+19.6,+19.7,+19.8
2024-04-28 12:07,1,+43.2,+22.6,+18.3,+22.5,+40.5,+36.1,+19.5,+19.1,+19.2,+19.7,+19.7,+19.7,+19.8
2024-04-28 13:07,1,+43.1,+22.6,+18.3,+22.5,+40.5,+36.1,+19.6,+19.2,+19.2,+19.7,+19.6,+19.7,+19.8
2024-04-28 14:07,1,+43.0,+22.5,+18.3,+22.5,+40.5,+36.1,+19.7,+19.2,+19.2,+19.8,+19.6,+19.7,+19.8
2024-04-28 15:07,1,+43.0,+22.5,+18.3,+22.5,+40.5,+36.1,+19.7,+19.2,+19.2,+19.7,+19.6,+19.7,+19.8
2024-04-28 16:07,1,+42.9,+22.5,+18.3,+22.4,+40.4,+36.0,+19.7,+19.3,+19.3,+19.7,+19.6,+19.7,+19.8
2024-04-28 17:07,1,+42.9,+22.5,+18.3,+22.3,+40.4,+36.0,+19.7,+19.3,+19.2,+19.8,+19.6,+19.7,+19.8
2024-04-28 18:07,1,+42.8,+22.5,+18.3,+22.3,+40.4,+36.0,+19.7,+19.3,+19.3,+19.8,+19.7,+19.7,+19.8
2024-04-28 19:07,1,+42.7,+22.5,+18.3,+22.4,+40.5,+36.0,+19.7,+19.3,+19.3,+19.8,+19.6,+19.7,+19.7
2024-04-28 20:07,1,+42.7,+22.5,+18.3,+22.3,+40.4,+36.0,+19.6,+19.3,+19.3,+19.8,+19.6,+19.7,+19.7
2024-04-28 21:07,1,+42.7,+22.5,+18.3,+22.4,+40.5,+36.0,+19.6,+19.3,+19.3,+19.8,+19.6,+19.7,+19.8
2024-04-28 22:07,1,+42.6,+22.5,+18.3,+22.3,+40.4,+36.0,+19.7,+19.3,+19.3,+19.8,+19.6,+19.7,+19.8
2024-04-28 23:07,1,+42.6,+22.5,+18.3,+22.3,+40.4,+36.0,+19.6,+19.3,+19.3,+19.7,+19.6,+19.7,+19.7
2024-04-29 00:07,1,+42.5,+22.4,+18.3,+22.3,+40.4,+36.0,+19.6,+19.5,+19.3,+19.8,+19.7,+19.7,+19.8
2024-04-29 01:07,1,+42.5,+22.4,+18.3,+22.4,+40.5,+36.0,+19.5,+19.3,+19.3,+19.7,+19.6,+19.7,+19.8
2024-04-29 02:07,1,+42.5,+22.4,+18.3,+22.4,+40.5,+36.0,+19.3,+19.3,+19.5,+19.8,+19.6,+19.7,+19.8
2024-04-29 03:07,1,+42.4,+22.4,+18.3,+22.4,+40.5,+36.0,+19.3,+19.3,+19.3,+19.8,+19.6,+19.7,+19.8
2024-04-29 04:07,1,+42.3,+22.4,+18.3,+22.3,+40.4,+36.0,+19.3,+19.3,+19.3,+19.8,+19.6,+19.7,+19.7
2024-04-29 05:07,1,+42.4,+22.4,+18.3,+22.3,+40.4,+36.0,+19.3,+19.3,+19.3,+19.8,+19.6,+19.7,+19.8
2024-04-29 06:07,1,+42.3,+22.4,+18.3,+22.3,+40.4,+36.0,+19.2,+19.2,+19.5,+19.8,+19.6,+19.7,+19.8
2024-04-29 07:07,1,+42.2,+22.4,+18.3,+22.4,+40.5,+36.0,+19.3,+19.3,+19.3,+19.8,+19.7,+19.7,+19.8
2024-04-29 08:07,1,+42.2,+22.4,+18.3,+22.4,+40.5,+36.0,+19.3,+19.2,+19.5,+19.8,+19.7,+19.7,+19.8
2024-04-29 09:07,1,+42.1,+22.3,+18.3,+22.3,+40.5,+36.0,+19.5,+19.2,+19.5,+19.8,+19.7,+19.7,+19.8
2024-04-29 10:07,1,+42.0,+22.3,+18.3,+22.2,+40.4,+36.0,+19.6,+19.2,+19.3,+19.8,+19.7,+19.7,+19.8
2024-04-29 11:07,1,+41.9,+22.3,+18.3,+22.2,+40.4,+36.0,+19.7,+19.3,+19.3,+19.8,+19.7,+19.7,+19.8
2024-04-29 12:07,1,+41.9,+22.3,+18.3,+22.3,+40.4,+36.0,+19.8,+19.3,+19.5,+19.8,+19.7,+19.7,+19.8
2024-04-29 13:07,1,+41.8,+22.3,+18.3,+22.3,+40.4,+36.0,+20.0,+19.5,+19.5,+19.8,+19.7,+19.7,+19.8
2024-04-29 14:07,1,+41.7,+22.2,+18.3,+22.2,+40.4,+36.0,+20.1,+19.5,+19.3,+19.8,+19.7,+19.7,+19.8
2024-04-29 15:07,1,+41.6,+22.2,+18.3,+22.2,+40.4,+36.0,+20.1,+19.5,+19.5,+19.8,+19.7,+19.7,+19.8
2024-04-29 16:07,1,+41.6,+22.2,+18.3,+22.1,+40.3,+36.0,+20.1,+19.6,+19.5,+19.8,+19.7,+19.7,+19.8
2024-04-29 17:07,1,+41.5,+22.2,+18.3,+22.1,+40.3,+36.0,+20.1,+19.6,+19.5,+19.8,+19.7,+19.7,+19.8
2024-04-29 18:07,1,+41.5,+22.2,+18.3,+22.1,+40.3,+35.9,+20.1,+19.6,+19.5,+19.8,+19.7,+19.7,+19.8
2024-04-29 19:07,1,+41.4,+22.2,+18.3,+22.1,+40.3,+36.0,+20.1,+19.6,+19.6,+19.8,+19.7,+19.7,+19.8
2024-04-29 20:07,1,+41.4,+22.2,+18.3,+22.1,+40.4,+36.0,+20.1,+19.7,+19.6,+20.0,+19.7,+19.7,+19.8
2024-04-29 21:07,1,+41.4,+22.2,+18.3,+22.1,+40.3,+36.0,+20.0,+19.7,+19.6,+20.0,+19.7,+19.7,+19.8
2024-04-29 22:07,1,+41.3,+22.1,+18.3,+22.1,+40.4,+36.0,+20.0,+19.7,+19.6,+20.0,+19.7,+19.7,+19.7
2024-04-29 23:07,1,+41.3,+22.1,+18.3,+22.0,+40.3,+36.0,+19.8,+19.7,+19.6,+20.0,+19.7,+19.7,+19.8
2024-04-30 00:07,1,+41.2,+22.1,+18.3,+22.0,+40.3,+36.0,+19.7,+19.6,+19.6,+20.0,+19.7,+19.7,+19.8
2024-04-30 01:07,1,+41.2,+22.1,+18.3,+22.0,+40.3,+35.9,+19.7,+19.7,+19.6,+20.0,+19.7,+19.7,+19.8
2024-04-30 02:07,1,+41.1,+22.1,+18.3,+22.0,+40.3,+35.9,+19.5,+19.6,+19.6,+20.0,+19.7,+19.7,+19.8
2024-04-30 03:07,1,+41.0,+22.1,+18.3,+22.1,+40.4,+36.0,+19.3,+19.6,+19.7,+20.0,+19.7,+19.7,+19.8
2024-04-30 04:07,1,+40.9,+22.1,+18.3,+22.1,+40.4,+36.0,+19.2,+19.5,+19.7,+20.0,+19.7,+19.8,+19.8
2024-04-30 05:07,1,+40.8,+22.1,+18.3,+21.9,+40.3,+35.9,+19.1,+19.5,+19.6,+20.0,+19.7,+19.7,+19.8
2024-04-30 06:07,1,+40.8,+22.1,+18.3,+21.9,+40.3,+35.9,+19.1,+19.5,+19.6,+20.0,+19.7,+19.7,+19.8
2024-04-30 07:07,1,+40.7,+22.1,+18.3,+22.0,+40.4,+36.0,+19.1,+19.3,+19.6,+20.0,+19.7,+19.8,+19.8
2024-04-30 08:07,1,+40.6,+22.0,+18.3,+22.0,+40.4,+36.0,+19.2,+19.3,+19.6,+20.0,+19.8,+19.7,+19.8
2024-04-30 09:07,1,+40.5,+22.0,+18.3,+21.9,+40.3,+35.9,+19.5,+19.3,+19.6,+20.0,+19.8,+19.8,+19.8
2024-04-30 10:07,1,+40.3,+22.0,+18.3,+21.8,+40.3,+35.9,+19.7,+19.3,+19.5,+20.0,+19.8,+19.8,+19.8
2024-04-30 11:07,1,+40.2,+21.9,+18.3,+21.8,+40.3,+35.9,+19.8,+19.5,+19.6,+20.0,+19.8,+19.7,+19.8
2024-04-30 12:07,1,+40.1,+21.9,+18.2,+21.8,+40.3,+35.9,+20.0,+19.5,+19.6,+20.0,+19.7,+19.8,+19.8
2024-04-30 13:07,1,+39.9,+21.9,+18.2,+21.9,+40.3,+35.9,+20.0,+19.5,+19.6,+20.1,+19.7,+19.8,+19.8
2024-04-30 14:07,1,+39.8,+21.8,+18.2,+21.9,+40.3,+35.9,+20.0,+19.6,+19.5,+20.0,+19.7,+19.8,+19.8
2024-04-30 15:07,1,+39.7,+21.8,+18.2,+21.7,+40.2,+35.9,+20.0,+19.6,+19.6,+20.0,+19.7,+19.8,+19.8
2024-04-30 16:07,1,+39.6,+21.8,+18.2,+21.7,+40.2,+35.9,+20.1,+19.6,+19.6,+20.0,+19.7,+19.8,+19.8
2024-04-30 17:07,1,+39.5,+21.8,+18.2,+21.8,+40.2,+35.9,+20.0,+19.6,+19.6,+20.0,+19.7,+19.8,+19.8
2024-04-30 18:07,1,+39.5,+21.8,+18.2,+21.8,+40.2,+35.9,+20.0,+19.6,+19.6,+20.0,+19.8,+19.8,+19.8
2024-04-30 19:07,1,+39.5,+21.8,+18.2,+21.8,+40.2,+35.9,+19.8,+19.6,+19.6,+20.0,+19.7,+19.8,+19.8
2024-04-30 20:07,1,+39.4,+21.7,+18.2,+21.8,+40.2,+35.9,+19.8,+19.6,+19.6,+20.1,+19.7,+19.8,+20.0
2024-04-30 21:07,1,+39.3,+21.8,+18.1,+21.8,+40.2,+35.9,+19.7,+19.6,+19.6,+20.1,+19.7,+19.8,+20.0
2024-04-30 22:07,1,+39.3,+21.8,+18.2,+21.7,+40.2,+35.9,+19.5,+19.6,+19.6,+20.0,+19.8,+19.8,+19.8
2024-04-30 23:07,1,+39.2,+21.7,+18.2,+21.7,+40.2,+35.9,+19.5,+19.6,+19.6,+20.0,+19.8,+19.8,+20.0
2024-05-01 00:07,1,+39.1,+21.7,+18.2,+21.6,+40.2,+35.8,+19.3,+19.6,+19.7,+20.0,+19.8,+19.8,+19.8
2024-05-01 01:07,1,+39.0,+21.7,+18.1,+21.6,+40.2,+35.8,+19.2,+19.5,+19.6,+20.0,+19.8,+19.8,+20.0
2024-05-01 02:07,1,+39.0,+21.7,+18.2,+21.7,+40.2,+35.9,+19.1,+19.5,+19.6,+20.0,+19.7,+19.8,+19.8
2024-05-01 03:07,1,+38.9,+21.6,+18.1,+21.7,+40.2,+35.9,+19.0,+19.3,+19.6,+20.0,+19.7,+19.8,+19.8
2024-05-01 04:07,1,+38.9,+21.6,+18.1,+21.6,+40.2,+35.8,+19.0,+19.2,+19.6,+20.0,+19.8,+19.8,+20.0
2024-05-01 05:07,1,+38.8,+21.6,+18.1,+21.6,+40.2,+35.8,+19.0,+19.2,+19.6,+20.0,+19.8,+19.8,+19.8
2024-05-01 06:07,1,+38.7,+21.6,+18.1,+21.7,+40.2,+35.9,+19.0,+19.2,+19.5,+20.0,+19.8,+19.8,+20.0
2024-05-01 07:07,1,+38.7,+21.6,+18.1,+21.7,+40.2,+35.9,+19.1,+19.2,+19.6,+20.1,+19.8,+19.8,+20.0
2024-05-01 08:07,1,+38.6,+21.6,+18.1,+21.6,+40.2,+35.8,+19.1,+19.2,+19.5,+20.0,+19.8,+19.8,+19.8
2024-05-01 09:07,1,+38.5,+21.6,+18.1,+21.6,+40.2,+35.8,+19.3,+19.2,+19.5,+20.0,+19.8,+19.8,+20.0
2024-05-01 10:07,1,+38.4,+21.5,+18.1,+21.6,+40.2,+35.8,+19.5,+19.2,+19.5,+20.1,+19.8,+19.8,+20.0
2024-05-01 11:07,1,+38.4,+21.4,+18.1,+21.6,+40.2,+35.8,+19.7,+19.2,+19.5,+20.1,+19.8,+19.8,+20.0
2024-05-01 12:07,1,+38.3,+21.4,+18.1,+21.6,+40.1,+35.8,+19.8,+19.3,+19.5,+20.0,+19.8,+20.0,+19.8
2024-05-01 13:07,1,+38.1,+21.4,+18.1,+21.5,+40.1,+35.8,+19.8,+19.3,+19.5,+20.0,+19.8,+19.8,+20.0
2024-05-01 14:07,1,+38.0,+21.3,+18.1,+21.6,+40.1,+35.8,+20.0,+19.5,+19.5,+20.0,+19.8,+19.8,+20.0
2024-05-01 15:07,1,+37.9,+21.3,+18.1,+21.4,+40.0,+35.8,+20.0,+19.5,+19.5,+20.0,+19.8,+19.8,+20.0
2024-05-01 16:07,1,+37.8,+21.3,+18.0,+21.4,+40.0,+35.8,+20.0,+19.5,+19.5,+20.0,+19.8,+19.8,+20.0
2024-05-01 17:07,1,+37.7,+21.3,+18.0,+21.4,+40.0,+35.8,+20.0,+19.5,+19.6,+20.0,+19.8,+19.8,+20.0
2024-05-01 18:07,1,+37.6,+21.3,+18.0,+21.5,+40.0,+35.8,+20.0,+19.6,+19.5,+20.0,+19.8,+19.8,+20.0
2024-05-01 19:07,1,+37.6,+21.3,+18.0,+21.5,+40.0,+35.8,+19.8,+19.6,+19.5,+20.0,+19.7,+19.8,+20.0
2024-05-01 20:07,1,+37.5,+21.3,+18.0,+21.4,+40.0,+35.8,+19.7,+19.6,+19.6,+20.0,+19.8,+19.8,+20.0
2024-05-01 21:07,1,+37.5,+21.3,+18.0,+21.4,+40.0,+35.8,+19.6,+19.6,+19.6,+20.1,+19.8,+19.8,+20.0
2024-05-01 22:07,1,+37.4,+21.2,+18.0,+21.5,+40.0,+35.8,+19.5,+19.5,+19.6,+20.1,+19.8,+19.8,+20.0
2024-05-01 23:07,1,+37.3,+21.2,+18.0,+21.4,+40.0,+35.8,+19.3,+19.5,+19.6,+20.1,+19.8,+19.8,+20.0
2024-05-02 00:07,1,+37.2,+21.2,+18.0,+21.4,+40.0,+35.8,+19.1,+19.5,+19.6,+20.1,+19.8,+19.8,+20.0
2024-05-02 01:07,1,+37.1,+21.2,+18.0,+21.4,+40.0,+35.7,+19.1,+19.3,+19.6,+20.0,+19.8,+19.8,+20.0
2024-05-02 02:07,1,+37.0,+21.2,+18.0,+21.4,+40.0,+35.7,+19.1,+19.3,+19.5,+20.1,+19.8,+19.8,+20.0
2024-05-02 03:07,1,+37.0,+21.1,+18.0,+21.4,+40.0,+35.8,+19.0,+19.3,+19.6,+20.1,+19.8,+19.8,+20.0
2024-05-02 04:07,1,+36.9,+21.1,+18.0,+21.4,+40.0,+35.8,+18.8,+19.2,+19.5,+20.1,+19.8,+19.8,+20.0
2024-05-02 05:07,1,+37.0,+21.1,+18.0,+21.3,+40.0,+35.7,+18.8,+19.2,+19.6,+20.0,+19.8,+20.0,+20.0
2024-05-02 06:07,1,+36.9,+21.1,+18.0,+21.4,+40.0,+35.8,+18.7,+19.2,+19.6,+20.0,+19.8,+19.8,+20.0
2024-05-02 07:07,1,+36.8,+21.1,+18.0,+21.4,+40.0,+35.8,+18.7,+19.1,+19.5,+20.0,+19.8,+19.8,+20.0
2024-05-02 08:07,1,+36.7,+21.1,+18.0,+21.4,+40.0,+35.7,+18.8,+19.1,+19.5,+20.1,+19.8,+20.0,+20.0
2024-05-02 09:07,1,+36.6,+21.0,+17.9,+21.2,+39.9,+35.7,+19.0,+19.0,+19.5,+20.0,+19.8,+19.8,+20.0
2024-05-02 10:07,1,+36.6,+21.0,+17.9,+21.2,+39.9,+35.7,+19.2,+19.1,+19.3,+20.1,+19.8,+20.0,+20.0
2024-05-02 11:07,1,+36.4,+21.0,+17.9,+21.2,+39.9,+35.7,+19.5,+19.1,+19.3,+20.0,+19.8,+19.8,+20.0
2024-05-02 12:07,1,+36.3,+20.9,+17.9,+21.1,+39.8,+35.7,+19.5,+19.2,+19.5,+20.0,+19.8,+19.8,+20.0
2024-05-02 13:07,1,+36.2,+20.9,+17.9,+21.2,+39.9,+35.7,+19.6,+19.2,+19.3,+20.0,+19.8,+20.0,+20.0
2024-05-02 14:07,1,+36.1,+20.9,+17.9,+21.1,+39.8,+35.7,+19.6,+19.2,+19.3,+20.0,+19.8,+19.8,+20.0
2024-05-02 15:07,1,+35.9,+20.8,+17.9,+21.2,+39.8,+35.7,+19.7,+19.2,+19.5,+20.1,+19.8,+19.8,+20.0
2024-05-02 16:07,1,+35.9,+20.8,+17.8,+21.1,+39.8,+35.6,+19.8,+19.3,+19.5,+20.0,+19.8,+19.8,+20.0
2024-05-02 17:07,1,+35.8,+20.8,+17.8,+21.1,+39.7,+35.6,+19.8,+19.3,+19.3,+20.0,+19.8,+20.0,+20.0
2024-05-02 18:07,1,+35.7,+20.8,+17.8,+21.2,+39.8,+35.7,+19.7,+19.3,+19.5,+20.0,+19.8,+20.0,+20.0
2024-05-02 19:07,1,+35.7,+20.8,+17.8,+21.2,+39.7,+35.7,+19.7,+19.3,+19.5,+20.0,+19.8,+19.8,+20.0
2024-05-02 20:07,1,+35.6,+20.8,+17.8,+21.2,+39.7,+35.6,+19.7,+19.5,+19.5,+20.0,+19.8,+19.8,+20.0
2024-05-02 21:07,1,+35.6,+20.8,+17.8,+21.2,+39.7,+35.6,+19.7,+19.5,+19.5,+20.0,+19.8,+19.8,+20.0
2024-05-02 22:07,1,+35.5,+20.8,+17.8,+21.1,+39.7,+35.6,+19.6,+19.5,+19.5,+20.0,+19.8,+20.0,+20.0
2024-05-02 23:07,1,+35.6,+20.8,+17.8,+21.1,+39.7,+35.6,+19.6,+19.5,+19.5,+20.0,+19.8,+20.0,+20.0
2024-05-03 00:07,1,+35.5,+20.7,+17.8,+21.0,+39.7,+35.6,+19.6,+19.5,+19.5,+20.0,+19.8,+19.8,+20.0
2024-05-03 01:07,1,+35.4,+20.7,+17.8,+21.0,+39.7,+35.6,+19.5,+19.5,+19.5,+20.0,+19.8,+19.8,+20.0
2024-05-03 02:07,1,+35.3,+20.7,+17.8,+21.0,+39.7,+35.6,+19.3,+19.5,+19.5,+20.0,+19.8,+19.8,+20.0
2024-05-03 03:07,1,+35.2,+20.7,+17.8,+21.1,+39.7,+35.6,+19.5,+19.3,+19.5,+20.0,+19.8,+19.8,+20.0
2024-05-03 04:07,1,+35.2,+20.7,+17.8,+20.9,+39.7,+35.5,+19.3,+19.5,+19.5,+20.0,+19.8,+19.8,+20.0
2024-05-03 05:07,1,+35.1,+20.7,+17.8,+21.0,+39.7,+35.6,+19.3,+19.3,+19.5,+20.1,+19.8,+19.8,+20.0
2024-05-03 06:07,1,+35.1,+20.7,+17.8,+20.8,+39.7,+35.5,+19.3,+19.3,+19.5,+20.0,+19.8,+20.0,+20.0
2024-05-03 07:07,1,+35.0,+20.6,+17.7,+20.9,+39.7,+35.6,+19.3,+19.3,+19.5,+20.0,+19.8,+19.8,+20.0
2024-05-03 08:07,1,+35.0,+20.6,+17.8,+20.7,+39.7,+35.5,+19.5,+19.3,+19.5,+20.1,+19.8,+19.8,+20.0
2024-05-03 09:07,1,+35.0,+20.6,+17.7,+20.7,+39.7,+35.5,+19.5,+19.3,+19.5,+20.0,+19.8,+19.8,+19.8
2024-05-03 10:07,1,+34.8,+20.6,+17.7,+20.8,+39.7,+35.5,+19.7,+19.3,+19.5,+20.0,+19.8,+19.8,+20.0
2024-05-03 11:07,1,+34.7,+20.5,+17.7,+20.6,+39.6,+35.5,+20.0,+19.3,+19.5,+20.1,+19.8,+19.8,+20.0
2024-05-03 12:07,1,+34.6,+20.5,+17.7,+20.7,+39.6,+35.5,+20.1,+19.5,+19.5,+20.0,+19.8,+20.0,+20.0
2024-05-03 13:07,1,+34.5,+20.5,+17.7,+20.6,+39.5,+35.5,+20.1,+19.5,+19.5,+20.0,+19.8,+19.8,+20.0
2024-05-03 14:07,1,+34.4,+20.5,+17.6,+20.7,+39.5,+35.5,+20.1,+19.6,+19.5,+20.0,+19.8,+19.8,+19.8
2024-05-03 15:07,1,+34.3,+20.5,+17.6,+20.7,+39.5,+35.5,+20.2,+19.6,+19.6,+20.1,+19.8,+19.8,+20.0
2024-05-03 16:07,1,+34.2,+20.4,+17.6,+20.5,+39.4,+35.5,+20.2,+19.7,+19.5,+20.0,+19.8,+19.8,+20.0
2024-05-03 17:07,1,+34.1,+20.4,+17.6,+20.6,+39.5,+35.5,+20.2,+19.7,+19.6,+20.0,+19.8,+19.8,+20.0
2024-05-03 18:07,1,+34.1,+20.4,+17.6,+20.6,+39.5,+35.5,+20.1,+19.7,+19.6,+20.1,+19.8,+19.8,+20.0
2024-05-03 19:07,1,+34.0,+20.4,+17.6,+20.5,+39.5,+35.5,+20.1,+19.7,+19.6,+20.0,+19.8,+19.8,+20.0
2024-05-03 20:07,1,+33.9,+20.4,+17.6,+20.5,+39.5,+35.4,+20.0,+19.7,+19.6,+20.0,+19.8,+19.8,+20.0
2024-05-03 21:07,1,+33.9,+20.4,+17.6,+20.5,+39.5,+35.5,+20.0,+19.7,+19.6,+20.0,+19.8,+19.8,+20.0
2024-05-03 22:07,1,+33.9,+20.4,+17.6,+20.5,+39.5,+35.5,+20.0,+19.7,+19.6,+20.1,+19.8,+19.8,+20.0
2024-05-03 23:07,1,+33.8,+20.4,+17.6,+20.5,+39.5,+35.4,+19.8,+19.7,+19.6,+20.1,+19.8,+19.8,+20.0
2024-05-04 00:07,1,+33.8,+20.4,+17.6,+20.5,+39.5,+35.4,+19.8,+19.7,+19.7,+20.1,+19.8,+19.8,+20.0
2024-05-04 01:07,1,+33.7,+20.4,+17.6,+20.3,+39.4,+35.4,+19.7,+19.7,+19.7,+20.1,+19.8,+19.8,+20.0
2024-05-04 02:07,1,+33.7,+20.4,+17.6,+20.3,+39.4,+35.4,+19.7,+19.6,+19.7,+20.1,+19.8,+19.8,+20.0
2024-05-04 03:07,1,+33.6,+20.4,+17.6,+20.3,+39.4,+35.4,+19.6,+19.6,+19.7,+20.1,+19.8,+19.8,+20.0
2024-05-04 04:07,1,+33.6,+20.3,+17.6,+20.4,+39.5,+35.4,+19.6,+19.6,+19.7,+20.1,+19.8,+19.8,+20.0
2024-05-04 05:07,1,+33.5,+20.3,+17.6,+20.3,+39.4,+35.4,+19.6,+19.6,+19.7,+20.1,+19.8,+19.8,+20.0
2024-05-04 06:07,1,+33.5,+20.3,+17.6,+20.3,+39.4,+35.4,+19.6,+19.6,+19.7,+20.1,+19.8,+20.0,+20.0
2024-05-04 07:07,1,+33.4,+20.3,+17.6,+20.2,+39.4,+35.4,+19.6,+19.6,+19.7,+20.1,+19.8,+19.8,+20.0
2024-05-04 08:07,1,+33.4,+20.3,+17.6,+20.2,+39.4,+35.4,+19.7,+19.6,+19.6,+20.1,+19.8,+19.8,+20.0
2024-05-04 09:07,1,+33.3,+20.3,+17.6,+20.2,+39.4,+35.3,+19.8,+19.6,+19.6,+20.1,+19.8,+19.8,+20.0
2024-05-04 10:07,1,+33.2,+20.3,+17.6,+20.3,+39.4,+35.4,+20.1,+19.6,+19.7,+20.1,+19.8,+19.8,+20.0
2024-05-04 11:07,1,+33.1,+20.2,+17.6,+20.2,+39.4,+35.4,+20.3,+19.7,+19.7,+20.1,+19.8,+20.0,+20.0
2024-05-04 12:07,1,+33.0,+20.2,+17.5,+20.2,+39.4,+35.4,+20.3,+19.7,+19.7,+20.1,+19.8,+20.0,+20.0
2024-05-04 13:07,1,+32.9,+20.2,+17.5,+20.1,+39.3,+35.3,+20.5,+19.7,+19.7,+20.1,+19.8,+19.8,+20.0
2024-05-04 14:07,1,+32.8,+20.1,+17.5,+20.2,+39.3,+35.3,+20.5,+19.8,+19.7,+20.1,+19.8,+19.8,+20.0
2024-05-04 15:07,1,+32.8,+20.1,+17.5,+20.2,+39.3,+35.3,+20.5,+19.8,+19.7,+20.1,+19.8,+20.0,+20.0
2024-05-04 16:07,1,+32.7,+20.1,+17.5,+20.0,+39.2,+35.3,+20.5,+20.0,+19.7,+20.1,+19.8,+19.8,+20.0
2024-05-04 17:07,1,+32.7,+20.1,+17.5,+20.1,+39.2,+35.3,+20.3,+20.0,+19.7,+20.1,+19.8,+20.0,+20.0
2024-05-04 18:07,1,+32.6,+20.1,+17.5,+20.0,+39.2,+35.3,+20.3,+20.0,+19.7,+20.1,+19.8,+19.8,+20.0
2024-05-04 19:07,1,+32.5,+20.1,+17.5,+20.1,+39.2,+35.3,+20.3,+20.0,+19.8,+20.1,+20.0,+20.0,+20.0
2024-05-04 20:07,1,+32.5,+20.1,+17.5,+20.1,+39.2,+35.3,+20.2,+20.0,+19.8,+20.1,+19.8,+19.8,+20.0
2024-05-04 21:07,1,+32.5,+20.1,+17.5,+20.1,+39.2,+35.3,+20.2,+20.0,+19.7,+20.1,+19.8,+20.0,+20.0
2024-05-04 22:07,1,+32.5,+20.0,+17.5,+20.1,+39.2,+35.3,+20.0,+20.0,+19.8,+20.1,+19.8,+20.0,+20.0
2024-05-04 23:07,1,+32.4,+20.1,+17.4,+20.0,+39.2,+35.2,+20.0,+19.8,+19.8,+20.1,+20.0,+19.8,+20.0
2024-05-05 00:07,1,+32.3,+20.0,+17.4,+20.0,+39.2,+35.3,+19.8,+19.8,+19.8,+20.2,+19.8,+20.0,+20.0
2024-05-05 01:07,1,+32.3,+20.0,+17.4,+19.9,+39.2,+35.2,+19.8,+19.8,+19.8,+20.2,+20.0,+20.0,+20.0
2024-05-05 02:07,1,+32.2,+20.0,+17.4,+19.9,+39.2,+35.2,+19.7,+19.8,+19.8,+20.2,+20.0,+20.0,+20.0
2024-05-05 03:07,1,+32.2,+20.0,+17.4,+19.9,+39.2,+35.2,+19.6,+19.8,+19.8,+20.2,+20.0,+20.0,+20.0
2024-05-05 04:07,1,+32.1,+20.0,+17.4,+19.9,+39.2,+35.3,+19.6,+19.7,+19.8,+20.2,+20.0,+20.0,+20.0
2024-05-05 05:07,1,+32.0,+20.0,+17.4,+19.9,+39.2,+35.3,+19.5,+19.7,+19.8,+20.2,+20.0,+20.0,+20.0
2024-05-05 06:07,1,+32.0,+20.0,+17.4,+19.8,+39.2,+35.2,+19.2,+19.6,+19.8,+20.2,+20.0,+20.0,+20.0
2024-05-05 07:07,1,+31.9,+20.0,+17.4,+19.8,+39.2,+35.2,+19.2,+19.6,+19.8,+20.2,+20.0,+20.0,+20.0
2024-05-05 08:07,1,+31.8,+19.9,+17.4,+19.6,+39.2,+35.2,+19.3,+19.5,+19.8,+20.2,+20.0,+20.0,+20.0
2024-05-05 09:07,1,+31.7,+19.9,+17.4,+19.5,+39.2,+35.2,+19.6,+19.6,+19.7,+20.2,+19.8,+20.0,+20.0
2024-05-05 10:07,1,+31.6,+19.9,+17.4,+19.5,+39.1,+35.2,+19.8,+19.6,+19.8,+20.2,+20.0,+20.0,+20.0
2024-05-05 11:07,1,+31.5,+19.8,+17.4,+19.4,+39.1,+35.2,+20.1,+19.6,+19.7,+20.2,+20.0,+20.0,+20.0
2024-05-05 12:07,1,+31.4,+19.8,+17.3,+19.4,+39.1,+35.2,+20.1,+19.6,+19.7,+20.2,+20.0,+20.0,+20.0
2024-05-05 13:07,1,+31.3,+19.8,+17.3,+19.4,+39.1,+35.2,+20.1,+19.7,+19.7,+20.2,+20.0,+20.0,+20.0
2024-05-05 14:07,1,+31.2,+19.7,+17.3,+19.4,+39.0,+35.1,+20.1,+19.7,+19.7,+20.2,+20.0,+20.0,+20.0
2024-05-05 15:07,1,+31.1,+19.7,+17.3,+19.4,+39.1,+35.2,+20.1,+19.7,+19.7,+20.2,+20.0,+20.0,+20.0
2024-05-05 16:07,1,+31.1,+19.7,+17.3,+19.3,+39.0,+35.1,+20.1,+19.7,+19.7,+20.2,+20.0,+20.0,+20.0
2024-05-05 17:07,1,+31.0,+19.6,+17.3,+19.4,+39.0,+35.1,+20.1,+19.7,+19.7,+20.1,+20.0,+20.0,+20.0
2024-05-05 18:07,1,+31.0,+19.6,+17.3,+19.3,+39.0,+35.1,+20.1,+19.7,+19.7,+20.2,+20.0,+20.0,+20.0
2024-05-05 19:07,1,+30.9,+19.6,+17.3,+19.2,+39.0,+35.1,+20.0,+19.8,+19.7,+20.2,+20.0,+20.0,+20.1
2024-05-05 20:07,1,+30.9,+19.6,+17.3,+19.3,+39.0,+35.1,+19.8,+19.7,+19.8,+20.2,+20.0,+20.0,+20.0
2024-05-05 21:07,1,+30.8,+19.6,+17.3,+19.1,+39.0,+35.1,+19.8,+19.7,+19.7,+20.2,+20.0,+20.0,+20.0
2024-05-05 22:07,1,+30.8,+19.6,+17.2,+19.3,+39.0,+35.1,+19.7,+19.7,+19.7,+20.2,+20.0,+20.0,+20.0
2024-05-05 23:07,1,+30.8,+19.6,+17.3,+19.1,+39.0,+35.1,+19.6,+19.7,+19.7,+20.2,+20.0,+20.0,+20.0
2024-05-06 00:07,1,+30.7,+19.6,+17.3,+19.1,+39.0,+35.1,+19.5,+19.7,+19.8,+20.2,+20.0,+20.0,+20.0
2024-05-06 01:07,1,+30.6,+19.6,+17.3,+19.1,+39.0,+35.1,+19.2,+19.6,+19.7,+20.2,+20.0,+20.0,+20.0
2024-05-06 02:07,1,+30.6,+19.6,+17.3,+19.2,+39.0,+35.1,+19.2,+19.6,+19.7,+20.2,+20.0,+20.0,+20.0
2024-05-06 03:07,1,+30.5,+19.6,+17.2,+19.2,+39.0,+35.1,+19.0,+19.5,+19.7,+20.2,+20.0,+20.0,+20.0
2024-05-06 04:07,1,+30.4,+19.5,+17.2,+19.1,+38.9,+35.0,+19.0,+19.3,+19.7,+20.2,+20.0,+20.0,+20.0
2024-05-06 05:07,1,+30.4,+19.5,+17.2,+19.0,+38.9,+35.0,+18.8,+19.3,+19.7,+20.2,+20.0,+20.0,+20.0
2024-05-06 06:07,1,+30.4,+19.5,+17.2,+19.0,+38.9,+35.0,+18.7,+19.3,+19.7,+20.2,+20.0,+20.0,+20.0
2024-05-06 07:07,1,+30.2,+19.5,+17.2,+19.0,+39.0,+35.1,+18.8,+19.2,+19.6,+20.2,+20.0,+20.0,+20.0
2024-05-06 08:07,1,+30.2,+19.4,+17.2,+19.0,+39.0,+35.0,+18.8,+19.2,+19.6,+20.2,+20.0,+20.0,+20.0
2024-05-06 09:07,1,+30.1,+19.4,+17.2,+18.9,+38.9,+35.0,+19.2,+19.2,+19.6,+20.2,+20.0,+20.0,+20.0
2024-05-06 10:07,1,+30.0,+19.4,+17.1,+18.9,+38.9,+35.0,+19.3,+19.1,+19.6,+20.2,+20.0,+20.0,+20.0
2024-05-06 11:07,1,+29.9,+19.3,+17.1,+18.9,+38.9,+35.0,+19.7,+19.2,+19.6,+20.2,+20.0,+20.0,+20.0
2024-05-06 12:07,1,+29.8,+19.3,+17.1,+18.8,+38.9,+35.0,+19.8,+19.2,+19.6,+20.1,+20.0,+20.0,+20.0
2024-05-06 13:07,1,+29.7,+19.2,+17.1,+18.6,+38.8,+35.0,+19.8,+19.3,+19.5,+20.1,+20.0,+20.0,+20.0
2024-05-06 14:07,1,+29.7,+19.2,+17.0,+18.7,+38.8,+35.0,+19.7,+19.3,+19.5,+20.2,+20.0,+20.0,+20.0
2024-05-06 15:07,1,+29.5,+19.2,+17.0,+18.6,+38.7,+34.9,+19.8,+19.5,+19.5,+20.1,+20.0,+20.0,+20.1
2024-05-06 16:07,1,+29.4,+19.1,+17.0,+18.7,+38.7,+35.0,+19.8,+19.5,+19.6,+20.1,+20.0,+20.0,+20.0
2024-05-06 17:07,1,+29.3,+19.1,+17.0,+18.5,+38.7,+34.9,+19.8,+19.5,+19.6,+20.1,+19.8,+20.0,+20.0
2024-05-06 18:07,1,+29.3,+19.1,+17.0,+18.6,+38.7,+34.9,+19.8,+19.5,+19.6,+20.1,+20.0,+20.0,+20.0
2024-05-06 19:07,1,+29.3,+19.1,+17.0,+18.6,+38.7,+34.9,+19.7,+19.6,+19.6,+20.1,+20.0,+20.0,+20.0
2024-05-06 20:07,1,+29.2,+19.1,+17.0,+18.6,+38.7,+34.9,+19.7,+19.6,+19.6,+20.1,+20.0,+20.0,+20.0
2024-05-06 21:07,1,+29.2,+19.1,+17.0,+18.5,+38.7,+34.9,+19.7,+19.6,+19.6,+20.1,+20.0,+20.0,+20.0
2024-05-06 22:07,1,+29.1,+19.1,+17.0,+18.5,+38.7,+34.9,+19.6,+19.6,+19.6,+20.1,+20.0,+20.0,+20.0
2024-05-06 23:07,1,+29.1,+19.1,+17.0,+18.5,+38.7,+34.9,+19.6,+19.5,+19.6,+20.1,+19.8,+20.0,+20.0
2024-05-07 00:07,1,+29.0,+19.1,+17.0,+18.3,+38.6,+34.9,+19.6,+19.6,+19.6,+20.1,+20.0,+20.0,+20.1
2024-05-07 01:07,1,+29.0,+19.1,+17.0,+18.3,+38.7,+34.9,+19.5,+19.5,+19.6,+20.1,+20.0,+20.0,+20.0
2024-05-07 02:07,1,+28.9,+19.1,+17.0,+18.4,+38.7,+34.9,+19.2,+19.5,+19.6,+20.1,+20.0,+20.0,+20.0
2024-05-07 03:07,1,+28.9,+19.0,+17.0,+18.4,+38.7,+34.9,+19.2,+19.5,+19.6,+20.2,+20.0,+20.0,+20.0
2024-05-07 04:07,1,+28.8,+19.0,+17.0,+18.3,+38.6,+34.8,+19.2,+19.5,+19.6,+20.2,+19.8,+20.0,+20.0
2024-05-07 05:07,1,+28.7,+19.0,+17.0,+18.4,+38.7,+34.9,+19.1,+19.3,+19.6,+20.2,+20.0,+20.0,+20.0
2024-05-07 06:07,1,+28.7,+19.0,+17.0,+18.2,+38.6,+34.8,+19.1,+19.3,+19.6,+20.1,+20.0,+20.0,+20.0
2024-05-07 07:07,1,+28.6,+19.0,+17.0,+18.2,+38.7,+34.9,+19.1,+19.3,+19.6,+20.2,+19.8,+20.0,+20.0
2024-05-07 08:07,1,+28.5,+19.0,+16.9,+18.1,+38.7,+34.9,+19.3,+19.2,+19.6,+20.1,+20.0,+20.0,+20.0
2024-05-07 09:07,1,+28.4,+18.9,+16.9,+18.1,+38.6,+34.8,+19.6,+19.2,+19.6,+20.1,+19.8,+20.0,+20.0
2024-05-07 10:07,1,+28.3,+18.9,+16.9,+18.1,+38.6,+34.8,+19.7,+19.3,+19.6,+20.1,+20.0,+20.0,+20.1
2024-05-07 11:07,1,+28.2,+18.8,+16.9,+17.9,+38.5,+34.8,+20.1,+19.5,+19.6,+20.1,+20.0,+20.0,+20.0
2024-05-07 12:07,1,+28.1,+18.8,+16.9,+17.9,+38.5,+34.7,+20.0,+19.5,+19.6,+20.1,+19.8,+20.0,+20.0
2024-05-07 13:07,1,+28.0,+18.8,+16.8,+17.8,+38.5,+34.7,+20.1,+19.5,+19.6,+20.1,+20.0,+20.0,+20.1
2024-05-07 14:07,1,+28.0,+18.8,+16.8,+17.8,+38.4,+34.7,+20.3,+19.6,+19.6,+20.1,+20.0,+20.0,+20.0
2024-05-07 15:07,1,+27.9,+18.7,+16.8,+17.8,+38.5,+34.7,+20.3,+19.6,+19.6,+20.1,+19.8,+20.0,+20.0
2024-05-07 16:07,1,+27.9,+18.7,+16.8,+17.7,+38.4,+34.7,+20.3,+19.7,+19.6,+20.1,+20.0,+20.0,+20.0
2024-05-07 17:07,1,+27.9,+18.7,+16.8,+17.7,+38.4,+34.7,+20.3,+19.7,+19.6,+20.1,+20.0,+20.0,+20.0
2024-05-07 18:07,1,+27.9,+18.7,+16.8,+17.8,+38.4,+34.7,+20.3,+19.7,+19.6,+20.1,+19.8,+20.0,+20.0
2024-05-07 19:07,1,+27.9,+18.7,+16.8,+17.8,+38.4,+34.7,+20.2,+19.8,+19.7,+20.1,+20.0,+20.0,+20.0
2024-05-07 20:07,1,+27.9,+18.7,+16.8,+17.8,+38.4,+34.7,+20.2,+19.8,+19.7,+20.1,+20.0,+20.0,+20.0
2024-05-07 21:07,1,+27.8,+18.7,+16.8,+17.7,+38.4,+34.7,+20.2,+19.8,+19.7,+20.1,+20.0,+20.0,+20.0
2024-05-07 22:07,1,+27.8,+18.7,+16.8,+17.7,+38.4,+34.7,+20.2,+19.8,+19.7,+20.1,+20.0,+20.0,+20.0
2024-05-07 23:07,1,+27.8,+18.7,+16.8,+17.7,+38.4,+34.7,+20.2,+19.8,+19.7,+20.1,+20.0,+20.0,+20.0
2024-05-08 00:07,1,+27.8,+18.7,+16.8,+17.6,+38.4,+34.7,+20.2,+19.8,+19.7,+20.1,+20.0,+20.0,+20.1
2024-05-08 01:07,1,+27.8,+18.7,+16.8,+17.6,+38.4,+34.7,+20.2,+19.8,+19.7,+20.2,+19.8,+20.0,+20.0
2024-05-08 02:07,1,+27.7,+18.7,+16.8,+17.6,+38.4,+34.7,+20.2,+19.8,+19.8,+20.1,+20.0,+20.0,+20.0
2024-05-08 03:07,1,+27.7,+18.7,+16.8,+17.2,+38.4,+34.6,+20.1,+19.8,+19.8,+20.2,+20.0,+20.0,+20.0
2024-05-08 04:07,1,+27.7,+18.7,+16.8,+17.3,+38.4,+34.7,+20.1,+19.8,+19.8,+20.1,+20.0,+20.0,+20.0
2024-05-08 05:07,1,+27.7,+18.7,+16.8,+17.2,+38.4,+34.6,+20.1,+20.0,+19.8,+20.2,+20.0,+20.0,+20.0
2024-05-08 06:07,1,+27.7,+18.7,+16.8,+17.1,+38.4,+34.7,+20.1,+19.8,+19.8,+20.2,+20.0,+20.0,+20.0
2024-05-08 07:07,1,+27.7,+18.7,+16.8,+17.0,+38.4,+34.6,+20.1,+19.8,+19.8,+20.2,+20.0,+20.0,+20.1
2024-05-08 08:07,1,+27.6,+18.7,+16.8,+17.1,+38.4,+34.7,+20.2,+19.8,+19.8,+20.2,+20.0,+20.0,+20.0
2024-05-08 09:07,1,+27.6,+18.7,+16.8,+16.9,+38.4,+34.6,+20.2,+20.0,+19.8,+20.2,+20.0,+20.0,+20.1
2024-05-08 10:07,1,+27.6,+18.7,+16.8,+17.0,+38.4,+34.6,+20.2,+20.0,+19.8,+20.2,+20.0,+20.0,+20.1
2024-05-08 11:07,1,+27.6,+18.7,+16.8,+16.8,+38.4,+34.6,+20.3,+20.0,+19.8,+20.2,+20.0,+20.0,+20.1
2024-05-08 12:07,1,+27.5,+18.7,+16.8,+16.7,+38.4,+34.6,+20.3,+20.0,+20.0,+20.2,+20.0,+20.1,+20.0
2024-05-08 13:07,1,+27.5,+18.6,+16.8,+16.8,+38.4,+34.6,+20.5,+20.0,+19.8,+20.2,+20.0,+20.1,+20.0
2024-05-08 14:07,1,+27.5,+18.6,+16.8,+16.8,+38.4,+34.6,+20.3,+20.0,+19.8,+20.2,+20.0,+20.0,+20.0
2024-05-08 15:07,1,+27.5,+18.6,+16.8,+16.8,+38.4,+34.6,+20.3,+20.0,+20.0,+20.3,+20.0,+20.0,+20.1
2024-05-08 16:07,1,+27.5,+18.6,+16.8,+16.8,+38.4,+34.6,+20.2,+20.1,+20.0,+20.2,+20.0,+20.0,+20.1
2024-05-08 17:07,1,+27.4,+18.6,+16.8,+16.7,+38.3,+34.6,+20.1,+20.0,+20.0,+20.3,+20.0,+20.1,+20.1
2024-05-08 18:07,1,+27.4,+18.6,+16.8,+16.6,+38.3,+34.6,+20.0,+20.0,+20.0,+20.3,+20.0,+20.0,+20.1
2024-05-08 19:07,1,+27.3,+18.6,+16.8,+16.7,+38.4,+34.6,+20.0,+20.0,+20.0,+20.3,+20.0,+20.0,+20.1
2024-05-08 20:07,1,+27.3,+18.6,+16.8,+16.6,+38.3,+34.6,+19.8,+20.0,+20.0,+20.3,+20.0,+20.0,+20.1
2024-05-08 21:07,1,+27.3,+18.5,+16.8,+16.7,+38.3,+34.6,+19.8,+19.8,+20.0,+20.2,+20.0,+20.0,+20.1
2024-05-08 22:07,1,+27.2,+18.5,+16.8,+16.6,+38.3,+34.6,+20.0,+19.8,+20.0,+20.3,+20.0,+20.1,+20.1
2024-05-08 23:07,1,+27.2,+18.5,+16.8,+16.7,+38.3,+34.6,+20.0,+19.8,+20.0,+20.3,+20.0,+20.1,+20.1
2024-05-09 00:07,1,+27.1,+18.5,+16.8,+16.6,+38.3,+34.5,+20.0,+19.8,+20.0,+20.3,+20.1,+20.1,+20.1
2024-05-09 01:07,1,+27.1,+18.5,+16.8,+16.6,+38.3,+34.6,+20.0,+19.8,+19.8,+20.3,+20.1,+20.1,+20.0
2024-05-09 02:07,1,+27.1,+18.5,+16.8,+16.6,+38.3,+34.6,+20.0,+19.8,+19.8,+20.3,+20.1,+20.1,+20.1
2024-05-09 03:07,1,+27.1,+18.5,+16.8,+16.7,+38.3,+34.6,+19.8,+19.8,+20.0,+20.3,+20.0,+20.1,+20.1
2024-05-09 04:07,1,+27.0,+18.5,+16.8,+16.6,+38.3,+34.5,+19.8,+19.8,+20.0,+20.3,+20.1,+20.1,+20.1
2024-05-09 05:07,1,+27.0,+18.5,+16.8,+16.5,+38.3,+34.5,+19.8,+19.8,+19.8,+20.3,+20.1,+20.1,+20.2
2024-05-09 06:07,1,+27.0,+18.5,+16.8,+16.7,+38.3,+34.6,+19.8,+19.8,+20.0,+20.3,+20.1,+20.1,+20.1
2024-05-09 07:07,1,+27.0,+18.5,+16.8,+16.7,+38.3,+34.6,+19.8,+19.7,+19.8,+20.3,+20.1,+20.1,+20.1
2024-05-09 08:07,1,+26.9,+18.5,+16.8,+16.6,+38.3,+34.6,+20.0,+19.7,+20.0,+20.3,+20.1,+20.1,+20.1
2024-05-09 09:07,1,+26.9,+18.4,+16.8,+16.6,+38.3,+34.6,+20.2,+19.8,+20.0,+20.3,+20.1,+20.1,+20.1
2024-05-09 10:07,1,+26.9,+18.4,+16.8,+16.6,+38.3,+34.6,+20.5,+19.8,+19.8,+20.3,+20.1,+20.1,+20.1
2024-05-09 11:07,1,+26.8,+18.4,+16.8,+16.5,+38.2,+34.5,+20.7,+20.0,+19.8,+20.3,+20.1,+20.1,+20.1
2024-05-09 12:07,1,+26.7,+18.4,+16.7,+16.5,+38.2,+34.5,+20.8,+20.0,+20.0,+20.3,+20.1,+20.1,+20.1
2024-05-09 13:07,1,+26.7,+18.3,+16.7,+16.5,+38.1,+34.5,+20.8,+20.1,+20.0,+20.3,+20.1,+20.1,+20.2
2024-05-09 14:07,1,+26.6,+18.3,+16.7,+16.6,+38.2,+34.5,+20.8,+20.1,+20.0,+20.3,+20.1,+20.1,+20.1
2024-05-09 15:07,1,+26.6,+18.3,+16.7,+16.6,+38.1,+34.5,+21.0,+20.2,+20.0,+20.3,+20.1,+20.1,+20.1
2024-05-09 16:07,1,+26.5,+18.3,+16.7,+16.6,+38.1,+34.5,+20.8,+20.2,+20.0,+20.3,+20.1,+20.1,+20.1
2024-05-09 17:07,1,+26.6,+18.3,+16.7,+16.6,+38.1,+34.5,+20.8,+20.3,+20.0,+20.3,+20.1,+20.1,+20.1
2024-05-09 18:07,1,+26.6,+18.3,+16.7,+16.5,+38.1,+34.5,+20.8,+20.3,+20.1,+20.3,+20.1,+20.2,+20.1
2024-05-09 19:07,1,+27.0,+18.3,+16.7,+16.5,+38.2,+34.5,+20.8,+20.3,+20.1,+20.3,+20.1,+20.1,+20.2
2024-05-09 20:07,1,+27.1,+18.3,+16.8,+16.6,+38.3,+34.6,+20.7,+20.3,+20.1,+20.3,+20.1,+20.1,+20.2
2024-05-09 21:07,1,+27.0,+18.4,+16.8,+16.5,+38.3,+34.5,+20.7,+20.3,+20.1,+20.3,+20.2,+20.2,+20.2
2024-05-09 22:07,1,+27.1,+18.4,+16.8,+16.6,+38.3,+34.6,+20.6,+20.3,+20.2,+20.3,+20.1,+20.1,+20.2
2024-05-09 23:07,1,+27.0,+18.4,+16.8,+16.5,+38.3,+34.5,+20.5,+20.3,+20.1,+20.5,+20.1,+20.2,+20.1
2024-05-10 00:07,1,+27.0,+18.3,+16.8,+16.6,+38.3,+34.6,+20.3,+20.3,+20.1,+20.3,+20.1,+20.2,+20.2
2024-05-10 01:07,1,+26.9,+18.3,+16.8,+16.5,+38.3,+34.5,+20.3,+20.2,+20.2,+20.5,+20.1,+20.2,+20.2
2024-05-10 02:07,1,+26.9,+18.3,+16.8,+16.6,+38.3,+34.6,+20.2,+20.2,+20.2,+20.5,+20.1,+20.2,+20.2
2024-05-10 03:07,1,+26.9,+18.3,+16.8,+16.6,+38.3,+34.5,+20.2,+20.2,+20.1,+20.5,+20.1,+20.1,+20.2
2024-05-10 04:07,1,+26.9,+18.3,+16.8,+16.6,+38.3,+34.5,+20.1,+20.2,+20.2,+20.5,+20.1,+20.2,+20.2
2024-05-10 05:07,1,+26.8,+18.3,+16.8,+16.5,+38.3,+34.5,+20.1,+20.1,+20.2,+20.5,+20.1,+20.2,+20.2
2024-05-10 06:07,1,+26.8,+18.3,+16.8,+16.6,+38.3,+34.5,+20.0,+20.1,+20.2,+20.5,+20.2,+20.2,+20.2
2024-05-10 07:07,1,+26.8,+18.3,+16.8,+16.5,+38.3,+34.5,+20.1,+20.1,+20.2,+20.5,+20.2,+20.2,+20.2
2024-05-10 08:07,1,+26.8,+18.3,+16.8,+16.5,+38.3,+34.5,+20.2,+20.1,+20.1,+20.5,+20.2,+20.2,+20.2
2024-05-10 09:07,1,+26.7,+18.3,+16.7,+16.5,+38.2,+34.5,+20.3,+20.1,+20.1,+20.5,+20.2,+20.2,+20.2
2024-05-10 10:07,1,+26.6,+18.2,+16.7,+16.5,+38.2,+34.5,+20.5,+20.1,+20.1,+20.5,+20.2,+20.2,+20.2
2024-05-10 11:07,1,+26.5,+18.2,+16.7,+16.6,+38.2,+34.5,+20.8,+20.1,+20.1,+20.5,+20.2,+20.2,+20.2
2024-05-10 12:07,1,+26.4,+18.2,+16.7,+16.4,+38.2,+34.4,+20.8,+20.2,+20.2,+20.5,+20.2,+20.2,+20.2
2024-05-10 13:07,1,+26.4,+18.2,+16.7,+16.4,+38.1,+34.4,+21.0,+20.3,+20.2,+20.5,+20.2,+20.2,+20.2
2024-05-10 14:07,1,+26.3,+18.2,+16.7,+16.4,+38.1,+34.4,+20.8,+20.3,+20.2,+20.5,+20.2,+20.2,+20.2
2024-05-10 15:07,1,+26.3,+18.2,+16.7,+16.5,+38.1,+34.4,+21.0,+20.3,+20.2,+20.5,+20.2,+20.2,+20.2
2024-05-10 16:07,1,+26.8,+18.2,+16.7,+16.5,+38.1,+34.4,+21.0,+20.3,+20.2,+20.5,+20.2,+20.2,+20.2
2024-05-10 17:07,1,+26.9,+18.2,+16.8,+16.6,+38.3,+34.5,+20.8,+20.5,+20.2,+20.5,+20.3,+20.2,+20.2
2024-05-10 18:07,1,+27.2,+18.2,+16.8,+16.6,+38.3,+34.5,+20.8,+20.5,+20.2,+20.5,+20.2,+20.2,+20.3
2024-05-10 19:07,1,+33.3,+19.8,+16.8,+16.8,+38.4,+34.5,+20.8,+20.5,+20.2,+20.5,+20.2,+20.3,+20.2
2024-05-10 20:07,1,+35.1,+19.6,+16.8,+16.8,+38.4,+34.5,+20.7,+20.5,+20.2,+20.6,+20.2,+20.2,+20.2
2024-05-10 21:07,1,+34.4,+19.5,+16.8,+16.7,+38.3,+34.5,+20.7,+20.5,+20.2,+20.5,+20.2,+20.2,+20.2
2024-05-10 22:07,1,+33.9,+19.5,+16.8,+16.7,+38.3,+34.5,+20.7,+20.5,+20.3,+20.6,+20.2,+20.3,+20.2
2024-05-10 23:07,1,+33.6,+19.4,+16.8,+16.8,+38.4,+34.5,+20.7,+20.5,+20.3,+20.6,+20.2,+20.2,+20.2
2024-05-11 00:07,1,+33.4,+19.4,+16.8,+16.7,+38.3,+34.5,+20.7,+20.5,+20.3,+20.6,+20.3,+20.2,+20.3
2024-05-11 01:07,1,+33.3,+19.3,+16.8,+16.8,+38.4,+34.5,+20.6,+20.5,+20.3,+20.6,+20.3,+20.2,+20.2
2024-05-11 02:07,1,+33.2,+19.3,+16.8,+16.8,+38.4,+34.5,+20.6,+20.5,+20.3,+20.6,+20.2,+20.3,+20.2
2024-05-11 03:07,1,+33.1,+19.3,+16.8,+16.8,+38.4,+34.5,+20.6,+20.5,+20.3,+20.6,+20.2,+20.3,+20.2
2024-05-11 04:07,1,+33.0,+19.3,+16.8,+16.8,+38.4,+34.5,+20.5,+20.5,+20.3,+20.6,+20.3,+20.2,+20.3
2024-05-11 05:07,1,+32.9,+19.3,+16.8,+16.7,+38.3,+34.4,+20.5,+20.5,+20.3,+20.6,+20.2,+20.2,+20.2
2024-05-11 06:07,1,+32.8,+19.3,+16.8,+16.8,+38.4,+34.5,+20.5,+20.3,+20.3,+20.6,+20.3,+20.2,+20.3
2024-05-11 07:07,1,+32.8,+19.3,+16.8,+16.8,+38.4,+34.5,+20.5,+20.3,+20.3,+20.6,+20.3,+20.3,+20.3
2024-05-11 08:07,1,+32.7,+19.3,+16.8,+16.7,+38.3,+34.4,+20.5,+20.3,+20.3,+20.6,+20.2,+20.3,+20.2
2024-05-11 09:07,1,+32.6,+19.3,+16.8,+16.8,+38.4,+34.4,+20.6,+20.3,+20.3,+20.6,+20.3,+20.3,+20.2
2024-05-11 10:07,1,+32.5,+19.3,+16.8,+16.8,+38.4,+34.4,+20.6,+20.3,+20.3,+20.6,+20.3,+20.3,+20.2
2024-05-11 11:07,1,+32.4,+19.2,+16.8,+16.8,+38.3,+34.4,+20.7,+20.3,+20.3,+20.7,+20.3,+20.3,+20.3
2024-05-11 12:07,1,+32.3,+19.2,+16.8,+16.8,+38.3,+34.4,+20.8,+20.5,+20.3,+20.6,+20.3,+20.3,+20.3
2024-05-11 13:07,1,+32.2,+19.2,+16.8,+16.8,+38.3,+34.4,+21.0,+20.5,+20.3,+20.7,+20.3,+20.3,+20.2
2024-05-11 14:07,1,+32.2,+19.2,+16.8,+16.6,+38.3,+34.4,+21.0,+20.5,+20.3,+20.7,+20.3,+20.3,+20.3
2024-05-11 15:07,1,+32.1,+19.2,+16.8,+16.8,+38.3,+34.4,+21.0,+20.6,+20.3,+20.7,+20.3,+20.3,+20.2
2024-05-11 16:07,1,+32.0,+19.1,+16.8,+16.6,+38.3,+34.4,+21.0,+20.6,+20.3,+20.7,+20.3,+20.3,+20.3
2024-05-11 17:07,1,+32.0,+19.1,+16.8,+16.7,+38.3,+34.4,+20.8,+20.6,+20.3,+20.6,+20.3,+20.3,+20.3
2024-05-11 18:07,1,+32.0,+19.1,+16.8,+16.6,+38.3,+34.4,+20.8,+20.6,+20.5,+20.7,+20.3,+20.3,+20.3
2024-05-11 19:07,1,+39.7,+22.5,+16.9,+17.0,+38.4,+34.5,+20.6,+20.6,+20.3,+20.7,+20.3,+20.3,+20.3
2024-05-11 20:07,1,+38.3,+22.0,+16.9,+17.1,+38.4,+34.5,+20.5,+20.5,+20.5,+20.7,+20.3,+20.3,+20.3
2024-05-11 21:07,1,+37.7,+21.8,+16.9,+17.1,+38.4,+34.5,+20.5,+20.6,+20.5,+20.7,+20.3,+20.3,+20.3
2024-05-11 22:07,1,+37.4,+21.7,+16.9,+17.1,+38.4,+34.5,+20.3,+20.5,+20.5,+20.7,+20.3,+20.3,+20.3
2024-05-11 23:07,1,+37.2,+21.6,+16.9,+17.0,+38.4,+34.4,+20.3,+20.5,+20.5,+20.7,+20.3,+20.3,+20.3
2024-05-12 00:07,1,+37.0,+21.5,+16.9,+17.1,+38.4,+34.4,+20.3,+20.5,+20.5,+20.7,+20.3,+20.3,+20.3
2024-05-12 01:07,1,+36.8,+21.5,+16.9,+17.1,+38.4,+34.4,+20.3,+20.3,+20.5,+20.7,+20.3,+20.3,+20.3
2024-05-12 02:07,1,+36.8,+21.4,+16.9,+17.1,+38.4,+34.4,+20.3,+20.3,+20.5,+20.7,+20.3,+20.3,+20.3
2024-05-12 03:07,1,+36.6,+21.4,+16.9,+17.1,+38.4,+34.4,+20.3,+20.3,+20.5,+20.7,+20.3,+20.5,+20.3
2024-05-12 04:07,1,+36.5,+21.4,+16.9,+17.1,+38.4,+34.4,+20.3,+20.3,+20.5,+20.7,+20.3,+20.5,+20.3
2024-05-12 05:07,1,+36.5,+21.3,+16.9,+17.1,+38.4,+34.4,+20.3,+20.3,+20.3,+20.7,+20.3,+20.3,+20.3
2024-05-12 06:07,1,+36.4,+21.3,+16.9,+17.1,+38.4,+34.4,+20.3,+20.3,+20.5,+20.7,+20.5,+20.3,+20.3
2024-05-12 07:07,1,+36.3,+21.3,+16.9,+17.1,+38.4,+34.4,+20.2,+20.3,+20.3,+20.7,+20.3,+20.3,+20.3
2024-05-12 08:07,1,+36.2,+21.3,+16.9,+17.0,+38.4,+34.4,+20.3,+20.3,+20.5,+20.7,+20.5,+20.3,+20.3
2024-05-12 09:07,1,+36.2,+21.2,+16.9,+17.0,+38.4,+34.4,+20.6,+20.2,+20.5,+20.7,+20.3,+20.5,+20.3
2024-05-12 10:07,1,+36.1,+21.2,+16.9,+17.0,+38.3,+34.4,+20.7,+20.3,+20.3,+20.7,+20.3,+20.3,+20.3
2024-05-12 11:07,1,+36.0,+21.1,+16.9,+17.0,+38.4,+34.4,+20.8,+20.3,+20.3,+20.7,+20.5,+20.5,+20.3
2024-05-12 12:07,1,+35.9,+21.1,+16.9,+17.0,+38.3,+34.4,+21.0,+20.5,+20.5,+20.7,+20.5,+20.3,+20.3
2024-05-12 13:07,1,+35.7,+21.1,+16.9,+16.9,+38.3,+34.4,+21.1,+20.5,+20.3,+20.7,+20.5,+20.3,+20.3
2024-05-12 14:07,1,+35.7,+21.0,+16.9,+17.0,+38.3,+34.4,+21.2,+20.5,+20.5,+20.7,+20.5,+20.3,+20.3
2024-05-12 15:07,1,+35.6,+21.0,+16.9,+16.9,+38.3,+34.4,+21.2,+20.6,+20.5,+20.7,+20.5,+20.5,+20.3
2024-05-12 16:07,1,+36.0,+21.1,+17.0,+17.1,+38.3,+34.4,+21.2,+20.6,+20.5,+20.7,+20.5,+20.3,+20.3
2024-05-12 17:07,1,+37.4,+21.1,+17.0,+17.2,+38.4,+34.4,+21.1,+20.6,+20.5,+20.7,+20.5,+20.5,+20.3
2024-05-12 18:07,1,+37.9,+21.1,+17.0,+17.4,+38.4,+34.4,+21.1,+20.7,+20.5,+20.7,+20.5,+20.5,+20.3
2024-05-12 19:07,1,+37.6,+21.1,+17.0,+17.3,+38.4,+34.4,+21.1,+20.7,+20.5,+20.7,+20.5,+20.5,+20.3
2024-05-12 20:07,1,+37.4,+21.1,+17.0,+17.5,+38.4,+34.4,+21.0,+20.7,+20.6,+20.8,+20.5,+20.5,+20.3
2024-05-12 21:07,1,+37.2,+21.1,+17.0,+17.5,+38.4,+34.4,+20.8,+20.7,+20.6,+20.7,+20.5,+20.3,+20.3
2024-05-12 22:07,1,+37.1,+21.1,+17.0,+17.4,+38.4,+34.4,+20.8,+20.7,+20.6,+20.7,+20.5,+20.5,+20.3
2024-05-12 23:07,1,+37.0,+21.1,+17.0,+17.4,+38.4,+34.4,+20.7,+20.7,+20.5,+20.7,+20.5,+20.5,+20.3
2024-05-13 00:07,1,+36.9,+21.1,+17.0,+17.4,+38.4,+34.4,+20.7,+20.6,+20.6,+20.8,+20.5,+20.5,+20.3
2024-05-13 01:07,1,+36.9,+21.1,+17.0,+17.5,+38.4,+34.4,+20.6,+20.6,+20.6,+20.8,+20.5,+20.5,+20.3
2024-05-13 02:07,1,+36.8,+21.1,+17.0,+17.5,+38.4,+34.4,+20.6,+20.6,+20.5,+20.8,+20.5,+20.3,+20.3
2024-05-13 03:07,1,+36.7,+21.0,+17.0,+17.5,+38.4,+34.4,+20.5,+20.6,+20.6,+20.8,+20.5,+20.3,+20.3
2024-05-13 04:07,1,+36.6,+21.0,+17.0,+17.5,+38.4,+34.4,+20.5,+20.6,+20.6,+20.8,+20.5,+20.5,+20.3
2024-05-13 05:07,1,+36.6,+21.0,+17.0,+17.5,+38.4,+34.4,+20.3,+20.5,+20.6,+20.8,+20.5,+20.5,+20.3
2024-05-13 06:07,1,+36.5,+21.0,+17.0,+17.4,+38.4,+34.4,+20.3,+20.5,+20.5,+20.8,+20.5,+20.5,+20.3
2024-05-13 07:07,1,+36.5,+21.0,+17.0,+17.4,+38.4,+34.4,+20.3,+20.5,+20.6,+20.8,+20.5,+20.5,+20.3
2024-05-13 08:07,1,+36.4,+21.0,+17.0,+17.5,+38.4,+34.4,+20.3,+20.5,+20.6,+20.8,+20.5,+20.5,+20.3
2024-05-13 09:07,1,+36.3,+21.0,+17.0,+17.5,+38.4,+34.4,+20.5,+20.5,+20.5,+20.8,+20.5,+20.3,+20.3
2024-05-13 10:07,1,+36.3,+21.0,+17.0,+17.5,+38.4,+34.4,+20.6,+20.5,+20.5,+20.8,+20.5,+20.3,+20.3
2024-05-13 11:07,1,+36.2,+21.0,+17.0,+17.4,+38.3,+34.4,+20.6,+20.3,+20.5,+20.8,+20.5,+20.5,+20.3
2024-05-13 12:07,1,+36.4,+20.9,+17.0,+17.5,+38.4,+34.4,+20.5,+20.5,+20.5,+20.8,+20.5,+20.5,+20.3
2024-05-13 13:07,1,+36.4,+21.0,+17.0,+17.8,+38.4,+34.4,+20.5,+20.5,+20.5,+20.8,+20.5,+20.5,+20.3
2024-05-13 14:07,1,+36.3,+21.0,+17.0,+17.9,+38.4,+34.4,+20.5,+20.5,+20.5,+20.8,+20.5,+20.5,+20.3
2024-05-13 15:07,1,+36.2,+20.9,+17.0,+17.9,+38.4,+34.4,+20.5,+20.5,+20.5,+20.8,+20.5,+20.5,+20.3
2024-05-13 16:07,1,+36.1,+20.9,+17.0,+17.9,+38.4,+34.4,+20.3,+20.3,+20.5,+20.8,+20.5,+20.5,+20.3
2024-05-13 17:07,1,+36.1,+20.9,+17.0,+18.0,+38.4,+34.4,+20.3,+20.3,+20.5,+20.8,+20.5,+20.5,+20.3
2024-05-13 18:07,1,+36.0,+20.9,+17.0,+17.9,+38.4,+34.4,+20.3,+20.3,+20.5,+20.8,+20.5,+20.6,+20.3
2024-05-13 19:07,1,+36.0,+20.9,+17.0,+17.9,+38.4,+34.4,+20.3,+20.3,+20.5,+20.7,+20.5,+20.5,+20.3
2024-05-13 20:07,1,+35.9,+20.9,+17.0,+18.0,+38.4,+34.4,+20.2,+20.3,+20.5,+20.8,+20.5,+20.5,+20.5
2024-05-13 21:07,1,+35.9,+20.9,+17.0,+18.0,+38.4,+34.4,+20.2,+20.2,+20.5,+20.8,+20.5,+20.5,+20.5
2024-05-13 22:07,1,+35.8,+20.8,+17.0,+17.9,+38.4,+34.4,+20.2,+20.3,+20.5,+20.8,+20.5,+20.5,+20.5
2024-05-13 23:07,1,+35.8,+20.8,+17.0,+18.0,+38.4,+34.4,+20.2,+20.2,+20.3,+20.8,+20.6,+20.5,+20.3
2024-05-14 00:07,1,+35.8,+20.8,+17.0,+18.0,+38.4,+34.4,+20.2,+20.2,+20.3,+20.8,+20.5,+20.5,+20.3
2024-05-14 01:07,1,+35.7,+20.8,+17.0,+18.0,+38.4,+34.4,+20.2,+20.2,+20.3,+20.8,+20.5,+20.5,+20.3
2024-05-14 02:07,1,+35.7,+20.8,+17.0,+17.9,+38.4,+34.4,+20.1,+20.2,+20.3,+20.7,+20.5,+20.5,+20.5
2024-05-14 03:07,1,+35.7,+20.8,+17.0,+17.9,+38.4,+34.4,+20.2,+20.2,+20.3,+20.8,+20.5,+20.5,+20.5
2024-05-14 04:07,1,+35.6,+20.8,+17.0,+18.0,+38.4,+34.4,+20.2,+20.2,+20.3,+20.8,+20.5,+20.5,+20.5
2024-05-14 05:07,1,+35.6,+20.8,+17.0,+18.0,+38.4,+34.4,+20.1,+20.2,+20.3,+20.7,+20.5,+20.5,+20.3
2024-05-14 06:07,1,+35.5,+20.8,+17.0,+18.0,+38.4,+34.4,+20.0,+20.2,+20.3,+20.7,+20.5,+20.5,+20.3
2024-05-14 07:07,1,+35.5,+20.7,+17.0,+18.0,+38.4,+34.4,+20.0,+20.2,+20.3,+20.7,+20.5,+20.5,+20.3
2024-05-14 08:07,1,+35.4,+20.7,+17.0,+17.9,+38.4,+34.4,+20.1,+20.1,+20.3,+20.7,+20.5,+20.5,+20.5
2024-05-14 09:07,1,+35.3,+20.7,+17.0,+18.0,+38.4,+34.4,+20.1,+20.1,+20.3,+20.7,+20.5,+20.5,+20.5
2024-05-14 10:07,1,+35.3,+20.7,+17.0,+17.9,+38.4,+34.4,+20.2,+20.1,+20.3,+20.7,+20.5,+20.5,+20.3
2024-05-14 11:07,1,+35.2,+20.7,+17.0,+18.0,+38.4,+34.4,+20.3,+20.2,+20.2,+20.7,+20.5,+20.5,+20.5
2024-05-14 12:07,1,+35.1,+20.7,+17.0,+17.9,+38.3,+34.4,+20.5,+20.1,+20.3,+20.7,+20.5,+20.5,+20.3
2024-05-14 13:07,1,+35.0,+20.6,+17.0,+17.9,+38.4,+34.4,+20.6,+20.2,+20.2,+20.7,+20.5,+20.5,+20.3
2024-05-14 14:07,1,+34.9,+20.6,+17.0,+17.9,+38.3,+34.4,+20.6,+20.2,+20.3,+20.7,+20.5,+20.5,+20.3
2024-05-14 15:07,1,+34.9,+20.6,+17.0,+18.0,+38.4,+34.4,+20.6,+20.3,+20.3,+20.7,+20.5,+20.5,+20.3
2024-05-14 16:07,1,+34.8,+20.6,+17.0,+17.9,+38.3,+34.4,+20.6,+20.3,+20.3,+20.7,+20.5,+20.5,+20.3
2024-05-14 17:07,1,+34.8,+20.6,+17.0,+18.0,+38.4,+34.4,+20.5,+20.3,+20.3,+20.7,+20.5,+20.5,+20.5
2024-05-14 18:07,1,+34.8,+20.6,+17.0,+18.0,+38.4,+34.4,+20.5,+20.3,+20.3,+20.7,+20.5,+20.5,+20.5
2024-05-14 19:07,1,+34.8,+20.6,+17.0,+17.9,+38.3,+34.4,+20.3,+20.3,+20.3,+20.7,+20.5,+20.5,+20.5
2024-05-14 20:07,1,+34.7,+20.6,+17.0,+17.9,+38.3,+34.3,+20.3,+20.3,+20.3,+20.7,+20.5,+20.5,+20.3
2024-05-14 21:07,1,+34.7,+20.6,+17.0,+18.0,+38.4,+34.4,+20.3,+20.3,+20.3,+20.7,+20.5,+20.5,+20.5
2024-05-14 22:07,1,+34.7,+20.6,+17.0,+17.9,+38.3,+34.4,+20.2,+20.2,+20.3,+20.7,+20.5,+20.5,+20.5
2024-05-14 23:07,1,+34.6,+20.6,+17.0,+17.9,+38.3,+34.3,+20.2,+20.2,+20.3,+20.7,+20.5,+20.5,+20.3
2024-05-15 00:07,1,+34.6,+20.5,+17.0,+17.8,+38.4,+34.3,+20.2,+20.2,+20.3,+20.7,+20.5,+20.5,+20.3
2024-05-15 01:07,1,+34.5,+20.5,+17.0,+17.9,+38.4,+34.4,+20.2,+20.2,+20.3,+20.7,+20.5,+20.5,+20.3
2024-05-15 02:07,1,+34.5,+20.5,+17.0,+17.8,+38.4,+34.3,+20.1,+20.2,+20.3,+20.7,+20.5,+20.5,+20.5
2024-05-15 03:07,1,+34.5,+20.5,+17.0,+17.8,+38.3,+34.4,+20.1,+20.2,+20.3,+20.7,+20.5,+20.5,+20.3
2024-05-15 04:07,1,+34.4,+20.5,+17.0,+17.8,+38.3,+34.3,+20.1,+20.2,+20.3,+20.7,+20.5,+20.5,+20.5
2024-05-15 05:07,1,+34.4,+20.5,+17.0,+17.8,+38.4,+34.3,+20.1,+20.2,+20.3,+20.7,+20.5,+20.5,+20.3
2024-05-15 06:07,1,+34.4,+20.5,+17.0,+17.9,+38.4,+34.4,+20.1,+20.1,+20.3,+20.7,+20.5,+20.5,+20.3
2024-05-15 07:07,1,+34.3,+20.5,+17.0,+17.8,+38.4,+34.4,+20.2,+20.1,+20.3,+20.7,+20.5,+20.5,+20.5
2024-05-15 08:07,1,+34.3,+20.5,+17.0,+17.9,+38.4,+34.4,+20.2,+20.2,+20.2,+20.7,+20.5,+20.5,+20.3
2024-05-15 09:07,1,+34.2,+20.5,+17.0,+17.9,+38.4,+34.4,+20.2,+20.2,+20.2,+20.7,+20.5,+20.5,+20.3
2024-05-15 10:07,1,+34.1,+20.4,+17.0,+17.8,+38.4,+34.4,+20.5,+20.2,+20.2,+20.7,+20.5,+20.5,+20.3
2024-05-15 11:07,1,+34.0,+20.4,+17.0,+17.8,+38.4,+34.4,+20.6,+20.2,+20.2,+20.7,+20.5,+20.5,+20.3
2024-05-15 12:07,1,+33.9,+20.4,+17.0,+17.8,+38.4,+34.4,+20.7,+20.2,+20.3,+20.7,+20.5,+20.5,+20.5
2024-05-15 13:07,1,+33.8,+20.3,+16.9,+17.8,+38.3,+34.4,+20.8,+20.3,+20.2,+20.7,+20.5,+20.5,+20.5
2024-05-15 14:07,1,+33.8,+20.3,+16.9,+17.8,+38.3,+34.4,+20.8,+20.3,+20.2,+20.7,+20.3,+20.5,+20.3
2024-05-15 15:07,1,+41.4,+21.8,+17.0,+18.0,+38.4,+34.4,+20.8,+20.5,+20.3,+20.7,+20.5,+20.5,+20.3
2024-05-15 16:07,1,+41.9,+24.5,+17.1,+17.9,+38.4,+34.4,+20.7,+20.5,+20.3,+20.7,+20.5,+20.5,+20.3
2024-05-15 17:07,1,+41.7,+24.3,+17.1,+18.1,+38.4,+34.4,+20.6,+20.5,+20.3,+20.7,+20.5,+20.5,+20.5
2024-05-15 18:07,1,+41.6,+24.4,+17.2,+17.9,+38.4,+34.4,+20.5,+20.5,+20.3,+20.7,+20.5,+20.5,+20.5
2024-05-15 19:07,1,+40.9,+24.3,+17.3,+17.9,+38.4,+34.4,+20.5,+20.5,+20.3,+20.7,+20.5,+20.5,+20.3
2024-05-15 20:07,1,+44.1,+25.4,+17.3,+18.0,+38.4,+34.4,+20.3,+20.3,+20.3,+20.7,+20.5,+20.5,+20.3
2024-05-15 21:07,1,+43.4,+26.1,+17.7,+18.1,+38.4,+34.4,+20.3,+20.3,+20.3,+20.7,+20.5,+20.5,+20.5
2024-05-15 22:07,1,+44.8,+26.6,+18.2,+18.0,+38.4,+34.4,+20.3,+20.3,+20.3,+20.7,+20.5,+20.5,+20.5
2024-05-15 23:07,1,+47.9,+29.8,+21.4,+18.1,+38.4,+34.4,+20.0,+20.2,+20.3,+20.7,+20.5,+20.5,+20.3
2024-05-16 00:07,1,+43.7,+27.1,+22.2,+20.0,+38.4,+34.4,+20.0,+20.1,+20.3,+20.7,+20.5,+20.5,+20.3
2024-05-16 01:07,1,+42.4,+26.2,+22.0,+21.4,+38.6,+34.4,+19.8,+20.1,+20.3,+20.8,+20.5,+20.5,+20.3
2024-05-16 02:07,1,+41.8,+25.8,+22.0,+21.9,+38.9,+34.5,+19.8,+20.1,+20.2,+20.7,+20.5,+20.5,+20.5
2024-05-16 03:07,1,+41.4,+25.5,+21.9,+22.1,+39.4,+34.5,+20.0,+20.0,+20.2,+20.7,+20.5,+20.5,+20.3
2024-05-16 04:07,1,+41.2,+25.3,+21.9,+22.1,+40.0,+34.5,+19.8,+20.0,+20.2,+20.7,+20.5,+20.5,+20.5
2024-05-16 05:07,1,+41.0,+25.2,+21.8,+22.0,+40.4,+34.5,+20.0,+20.0,+20.2,+20.7,+20.5,+20.5,+20.5
2024-05-16 06:07,1,+40.8,+25.1,+21.8,+22.1,+40.9,+34.5,+20.0,+20.0,+20.2,+20.7,+20.5,+20.5,+20.5
2024-05-16 07:07,1,+40.7,+25.0,+21.8,+22.1,+41.3,+34.6,+20.0,+20.0,+20.2,+20.7,+20.5,+20.5,+20.5
2024-05-16 08:07,1,+40.6,+24.9,+21.7,+22.0,+41.5,+34.6,+20.1,+20.0,+20.2,+20.7,+20.5,+20.5,+20.5
2024-05-16 09:07,1,+40.5,+24.8,+21.7,+22.1,+41.8,+34.6,+20.2,+20.1,+20.2,+20.7,+20.5,+20.5,+20.3
2024-05-16 10:07,1,+40.4,+24.7,+21.7,+22.1,+41.9,+34.7,+20.3,+20.0,+20.2,+20.7,+20.5,+20.5,+20.5
2024-05-16 11:07,1,+40.3,+24.7,+21.6,+22.0,+42.0,+34.7,+20.5,+20.1,+20.2,+20.7,+20.5,+20.5,+20.5