
2024-03-27 09:39,4,+30.7,+23.8,+20.6,+22.1,+23.1,+30.9,+20.6,+20.6,+20.6,+20.5,+20.3,+20.1,+20.0
2024-03-27 10:39,4,+30.5,+23.8,+20.5,+22.2,+23.1,+30.9,+20.7,+20.6,+20.6,+20.5,+20.3,+20.1,+20.0
2024-03-27 11:39,4,+30.5,+23.7,+20.5,+22.1,+23.1,+30.8,+20.8,+20.6,+20.6,+20.5,+20.3,+20.1,+20.0
2024-03-27 12:39,4,+30.4,+23.7,+20.5,+22.0,+23.1,+30.8,+21.0,+20.7,+20.6,+20.5,+20.3,+20.1,+20.0
2024-03-27 13:39,4,+30.3,+23.7,+20.5,+22.0,+23.1,+30.8,+21.0,+20.7,+20.6,+20.5,+20.3,+20.1,+20.0
2024-03-27 14:39,4,+30.2,+23.7,+20.5,+22.1,+23.1,+30.8,+21.1,+20.7,+20.6,+20.3,+20.3,+20.1,+20.0
2024-03-27 15:39,4,+50.2,+30.4,+20.8,+22.2,+23.2,+30.9,+21.1,+21.0,+20.6,+20.3,+20.3,+20.1,+20.0
2024-03-27 16:39,4,+43.9,+30.8,+24.9,+22.3,+23.3,+31.0,+20.6,+20.8,+20.7,+20.5,+20.3,+20.2,+20.0
2024-03-27 17:39,4,+42.6,+30.0,+24.0,+22.9,+23.3,+31.0,+20.7,+20.8,+20.7,+20.6,+20.3,+20.2,+20.0
2024-03-27 18:39,4,+42.0,+29.7,+23.5,+23.3,+23.2,+30.9,+20.7,+20.8,+20.7,+20.5,+20.3,+20.2,+20.0
2024-03-27 19:39,4,+41.7,+29.6,+23.3,+23.4,+23.2,+30.9,+20.7,+20.8,+20.7,+20.6,+20.3,+20.2,+20.0
2024-03-27 20:39,4,+41.6,+29.4,+23.2,+23.6,+23.3,+31.0,+20.7,+20.8,+20.7,+20.5,+20.5,+20.2,+20.0
2024-03-27 21:39,4,+41.5,+29.3,+23.1,+23.7,+23.3,+31.0,+20.6,+20.8,+20.7,+20.6,+20.5,+20.2,+20.0
2024-03-27 22:39,4,+41.4,+29.2,+23.0,+23.6,+23.3,+30.9,+20.6,+20.8,+20.7,+20.5,+20.3,+20.2,+20.0
2024-03-27 23:39,4,+41.3,+29.2,+23.0,+23.6,+23.3,+30.9,+20.6,+20.7,+20.7,+20.5,+20.3,+20.2,+20.1
2024-03-28 00:39,4,+41.2,+29.1,+22.9,+23.7,+23.3,+31.0,+20.5,+20.7,+20.7,+20.6,+20.5,+20.2,+20.1
2024-03-28 01:39,4,+41.1,+29.0,+22.9,+23.7,+23.4,+31.0,+20.5,+20.7,+20.7,+20.6,+20.5,+20.2,+20.1
2024-03-28 02:39,4,+41.1,+29.0,+22.8,+23.7,+23.4,+31.0,+20.5,+20.7,+20.7,+20.5,+20.5,+20.2,+20.1
2024-03-28 03:39,4,+41.0,+28.9,+22.8,+23.6,+23.3,+30.9,+20.5,+20.7,+20.7,+20.6,+20.5,+20.2,+20.1
2024-03-28 04:39,4,+41.0,+28.9,+22.7,+23.7,+23.4,+31.0,+20.3,+20.7,+20.7,+20.6,+20.5,+20.2,+20.1
2024-03-28 05:39,4,+40.9,+28.9,+22.7,+23.6,+23.4,+30.9,+20.5,+20.7,+20.6,+20.6,+20.3,+20.2,+20.1
2024-03-28 06:39,4,+40.9,+28.8,+22.7,+23.6,+23.4,+30.9,+20.3,+20.7,+20.7,+20.6,+20.5,+20.2,+20.1
2024-03-28 07:39,4,+40.8,+28.8,+22.7,+23.6,+23.4,+31.0,+20.5,+20.6,+20.6,+20.6,+20.5,+20.2,+20.1
2024-03-28 08:39,4,+40.8,+28.7,+22.6,+23.7,+23.4,+31.0,+20.5,+20.6,+20.7,+20.6,+20.5,+20.2,+20.1
2024-03-28 09:39,4,+40.7,+28.7,+22.6,+23.7,+23.4,+31.0,+20.7,+20.6,+20.6,+20.6,+20.5,+20.2,+20.1
2024-03-28 10:39,4,+40.6,+28.7,+22.6,+23.7,+23.4,+31.0,+20.7,+20.6,+20.6,+20.6,+20.5,+20.2,+20.1
2024-03-28 11:39,4,+40.6,+28.6,+22.5,+23.7,+23.5,+30.9,+21.0,+20.7,+20.6,+20.5,+20.5,+20.2,+20.1
2024-03-28 12:39,4,+40.5,+28.6,+22.5,+23.6,+23.5,+31.0,+21.0,+20.7,+20.6,+20.6,+20.5,+20.2,+20.1
2024-03-28 13:39,4,+40.3,+28.4,+22.4,+23.6,+23.4,+30.9,+21.1,+20.7,+20.7,+20.5,+20.5,+20.2,+20.1
2024-03-28 14:39,4,+40.2,+28.3,+22.4,+23.6,+23.5,+30.9,+21.2,+20.8,+20.6,+20.5,+20.5,+20.2,+20.1
2024-03-28 15:39,4,+40.1,+28.2,+22.4,+23.6,+23.5,+30.9,+21.3,+20.8,+20.6,+20.5,+20.5,+20.3,+20.1
2024-03-28 16:39,4,+40.0,+28.1,+22.4,+23.6,+23.5,+30.9,+21.2,+21.0,+20.6,+20.6,+20.5,+20.3,+20.1
2024-03-28 17:39,4,+39.9,+27.9,+22.4,+23.5,+23.5,+30.9,+21.2,+21.0,+20.7,+20.5,+20.5,+20.3,+20.1
2024-03-28 18:39,4,+39.8,+27.8,+22.3,+23.5,+23.5,+31.0,+21.2,+21.0,+20.7,+20.6,+20.5,+20.2,+20.1
2024-03-28 19:39,4,+39.8,+27.7,+22.3,+23.4,+23.4,+30.9,+21.2,+21.1,+20.7,+20.6,+20.5,+20.2,+20.1
2024-03-28 20:39,4,+39.8,+27.7,+22.3,+23.4,+23.5,+30.9,+21.1,+21.0,+20.7,+20.5,+20.5,+20.3,+20.1
2024-03-28 21:39,4,+39.7,+27.6,+22.3,+23.5,+23.5,+31.0,+21.0,+21.0,+20.7,+20.6,+20.5,+20.3,+20.2
2024-03-28 22:39,4,+39.6,+27.5,+22.3,+23.5,+23.5,+31.0,+20.8,+21.0,+20.8,+20.6,+20.5,+20.3,+20.1
2024-03-28 23:39,4,+39.6,+27.5,+22.3,+23.5,+23.5,+31.0,+20.7,+21.0,+20.8,+20.6,+20.5,+20.3,+20.1
2024-03-29 00:39,4,+39.5,+27.4,+22.3,+23.4,+23.5,+30.9,+20.6,+21.0,+20.8,+20.6,+20.5,+20.3,+20.1
2024-03-29 01:39,4,+39.5,+27.4,+22.2,+23.4,+23.5,+30.9,+20.5,+20.8,+20.7,+20.6,+20.5,+20.3,+20.1
2024-03-29 02:39,4,+39.4,+27.3,+22.2,+23.4,+23.5,+30.9,+20.3,+20.8,+20.8,+20.6,+20.5,+20.3,+20.2
2024-03-29 03:39,4,+39.4,+27.3,+22.2,+23.4,+23.5,+31.0,+20.3,+20.8,+20.8,+20.6,+20.5,+20.3,+20.2
2024-03-29 04:39,4,+39.3,+27.3,+22.2,+23.5,+23.6,+31.0,+20.2,+20.7,+20.8,+20.6,+20.6,+20.3,+20.2
2024-03-29 05:39,4,+39.3,+27.2,+22.2,+23.5,+23.6,+31.0,+20.1,+20.6,+20.7,+20.6,+20.6,+20.3,+20.1
2024-03-29 06:39,4,+39.2,+27.2,+22.2,+23.4,+23.5,+31.0,+20.0,+20.6,+20.7,+20.6,+20.6,+20.3,+20.2
2024-03-29 07:39,4,+39.1,+27.2,+22.1,+23.5,+23.6,+31.0,+20.0,+20.6,+20.7,+20.6,+20.5,+20.3,+20.2
2024-03-29 08:39,4,+39.0,+27.1,+22.1,+23.5,+23.6,+31.0,+20.0,+20.5,+20.7,+20.6,+20.6,+20.3,+20.2
2024-03-29 09:39,4,+39.0,+27.1,+22.1,+23.4,+23.6,+31.0,+20.1,+20.5,+20.6,+20.6,+20.5,+20.3,+20.2
2024-03-29 10:39,4,+38.8,+27.0,+22.1,+23.5,+23.6,+31.0,+20.1,+20.5,+20.6,+20.6,+20.5,+20.3,+20.2
2024-03-29 11:39,4,+38.7,+27.0,+22.1,+23.3,+23.5,+30.9,+20.2,+20.5,+20.7,+20.6,+20.5,+20.3,+20.1
2024-03-29 12:39,4,+38.6,+26.9,+22.0,+23.4,+23.5,+31.0,+20.3,+20.3,+20.6,+20.6,+20.5,+20.3,+20.2
2024-03-29 13:39,4,+38.5,+26.9,+22.0,+23.4,+23.6,+31.0,+20.2,+20.5,+20.6,+20.6,+20.5,+20.3,+20.2
2024-03-29 14:39,4,+38.4,+26.8,+21.9,+23.3,+23.5,+30.9,+20.2,+20.3,+20.6,+20.5,+20.5,+20.2,+20.1
2024-03-29 15:39,4,+38.3,+26.8,+21.9,+23.3,+23.5,+30.9,+20.2,+20.3,+20.5,+20.5,+20.5,+20.2,+20.2
2024-03-29 16:39,4,+38.2,+26.8,+21.9,+23.3,+23.5,+31.0,+20.1,+20.3,+20.5,+20.5,+20.5,+20.3,+20.2
2024-03-29 17:39,4,+38.1,+26.7,+21.9,+23.2,+23.5,+31.0,+20.0,+20.3,+20.5,+20.5,+20.3,+20.2,+20.2
2024-03-29 18:39,4,+38.1,+26.7,+21.9,+23.3,+23.6,+31.0,+19.8,+20.3,+20.5,+20.5,+20.3,+20.2,+20.2
2024-03-29 19:39,4,+38.0,+26.7,+21.9,+23.3,+23.6,+31.0,+19.8,+20.2,+20.5,+20.5,+20.3,+20.2,+20.2
2024-03-29 20:39,4,+38.0,+26.6,+21.9,+23.3,+23.5,+31.0,+19.6,+20.2,+20.5,+20.3,+20.3,+20.2,+20.1
2024-03-29 21:39,4,+37.9,+26.6,+21.8,+23.3,+23.6,+31.0,+19.5,+20.1,+20.5,+20.5,+20.3,+20.2,+20.1
2024-03-29 22:39,4,+37.8,+26.6,+21.8,+23.3,+23.5,+31.0,+19.2,+20.1,+20.5,+20.3,+20.3,+20.2,+20.1
2024-03-29 23:39,4,+37.8,+26.5,+21.8,+23.3,+23.6,+31.0,+19.1,+20.0,+20.3,+20.3,+20.3,+20.2,+20.1
2024-03-30 00:39,4,+37.7,+26.5,+21.8,+23.3,+23.6,+31.0,+18.8,+20.0,+20.3,+20.5,+20.3,+20.2,+20.2
2024-03-30 01:39,4,+37.6,+26.5,+21.8,+23.2,+23.5,+31.0,+18.7,+19.8,+20.3,+20.3,+20.3,+20.2,+20.2
2024-03-30 02:39,4,+37.6,+26.5,+21.8,+23.2,+23.5,+31.0,+18.6,+19.8,+20.2,+20.3,+20.3,+20.2,+20.1
2024-03-30 03:39,4,+37.5,+26.4,+21.8,+23.2,+23.5,+31.0,+18.6,+19.7,+20.2,+20.3,+20.3,+20.2,+20.1
2024-03-30 04:39,4,+37.5,+26.4,+21.8,+23.3,+23.6,+31.0,+18.5,+19.6,+20.2,+20.2,+20.3,+20.1,+20.1
2024-03-30 05:39,4,+37.4,+26.4,+21.7,+23.3,+23.5,+31.0,+18.3,+19.6,+20.1,+20.2,+20.3,+20.2,+20.1
2024-03-30 06:39,4,+37.3,+26.3,+21.7,+23.3,+23.5,+31.0,+18.2,+19.5,+20.1,+20.2,+20.2,+20.1,+20.1
2024-03-30 07:39,4,+37.2,+26.3,+21.7,+23.3,+23.5,+31.0,+18.3,+19.3,+20.1,+20.2,+20.2,+20.2,+20.1
2024-03-30 08:39,4,+37.1,+26.2,+21.7,+23.2,+23.5,+31.0,+18.5,+19.3,+20.0,+20.2,+20.2,+20.1,+20.1
2024-03-30 09:39,4,+37.0,+26.2,+21.6,+23.2,+23.5,+31.0,+18.6,+19.2,+20.0,+20.1,+20.2,+20.1,+20.1
2024-03-30 10:39,4,+36.8,+26.2,+21.6,+23.2,+23.5,+31.0,+18.7,+19.2,+19.8,+20.1,+20.2,+20.0,+20.1
2024-03-30 11:39,4,+36.7,+26.1,+21.6,+23.0,+23.5,+31.0,+18.7,+19.2,+19.8,+20.0,+20.1,+20.0,+20.1
2024-03-30 12:39,4,+36.6,+26.1,+21.6,+23.1,+23.5,+31.0,+18.8,+19.1,+19.7,+20.0,+20.1,+20.0,+20.1
2024-03-30 13:39,4,+36.5,+26.0,+21.5,+23.0,+23.4,+31.0,+19.0,+19.2,+19.7,+20.0,+20.1,+20.0,+20.1
2024-03-30 14:39,4,+36.3,+26.0,+21.5,+23.0,+23.4,+31.0,+19.1,+19.2,+19.7,+19.8,+20.0,+20.0,+20.1
2024-03-30 15:39,4,+36.2,+25.9,+21.5,+23.0,+23.4,+30.9,+19.0,+19.2,+19.6,+19.8,+20.0,+19.8,+20.0
2024-03-30 16:39,4,+36.1,+25.9,+21.5,+23.0,+23.4,+30.9,+19.0,+19.2,+19.6,+19.8,+20.0,+19.8,+20.0
2024-03-30 17:39,4,+36.1,+25.9,+21.5,+23.0,+23.4,+30.9,+19.1,+19.2,+19.5,+19.7,+19.8,+19.8,+20.0
2024-03-30 18:39,4,+36.0,+25.8,+21.5,+23.1,+23.5,+31.0,+19.0,+19.2,+19.5,+19.7,+19.8,+19.7,+20.0
2024-03-30 19:39,4,+36.0,+25.8,+21.4,+22.9,+23.4,+31.0,+18.8,+19.3,+19.6,+19.7,+19.8,+19.8,+20.0
2024-03-30 20:39,4,+35.9,+25.8,+21.4,+22.9,+23.4,+31.0,+18.8,+19.3,+19.5,+19.7,+19.8,+19.8,+20.0
2024-03-30 21:39,4,+35.9,+25.8,+21.4,+22.9,+23.4,+31.0,+18.7,+19.2,+19.6,+19.7,+19.8,+19.7,+20.0
2024-03-30 22:39,4,+35.8,+25.8,+21.4,+23.0,+23.4,+31.0,+18.6,+19.2,+19.5,+19.7,+19.8,+19.7,+19.8
2024-03-30 23:39,4,+35.7,+25.7,+21.4,+22.9,+23.4,+31.0,+18.5,+19.2,+19.5,+19.6,+19.8,+19.7,+20.0
2024-03-31 00:39,4,+35.7,+25.7,+21.4,+23.0,+23.4,+31.0,+18.3,+19.1,+19.5,+19.7,+19.7,+19.7,+19.8
2024-03-31 01:39,4,+35.6,+25.7,+21.4,+23.0,+23.4,+31.0,+18.2,+19.1,+19.5,+19.7,+19.8,+19.7,+19.8
2024-03-31 02:39,4,+35.6,+25.7,+21.4,+23.0,+23.4,+31.0,+18.1,+19.1,+19.5,+19.6,+19.7,+19.7,+19.8
2024-03-31 03:39,4,+35.5,+25.7,+21.4,+22.9,+23.4,+31.0,+18.0,+19.0,+19.5,+19.6,+19.7,+19.7,+19.8
2024-03-31 04:39,4,+35.5,+25.6,+21.3,+22.9,+23.4,+30.9,+18.0,+18.8,+19.3,+19.6,+19.7,+19.7,+19.8
2024-03-31 05:39,4,+35.4,+25.6,+21.3,+23.0,+23.4,+31.0,+17.8,+18.8,+19.3,+19.6,+19.7,+19.7,+19.8
2024-03-31 06:39,4,+35.3,+25.6,+21.3,+22.9,+23.4,+30.9,+17.8,+18.7,+19.3,+19.6,+19.7,+19.6,+19.8
2024-03-31 07:39,4,(Error)
2024-03-31 08:39,4,,,,,,,,,,,,,
2024-03-31 09:39,4,(Error)
2024-03-31 10:39,4,+25.1,+26.7,+18.6,+19.4,+20.4,+28.1,+20.1,+20.3,+20.3,+20.2,+20.2,+20.0,+20.0
2024-03-31 11:39,4,,,,,,,+19.8,+20.2,+20.3,+20.2,+20.2,+20.0,+19.8
2024-03-31 12:39,4,+23.7,+26.2,+18.4,+19.3,+20.3,+27.9,+19.7,+20.2,+20.3,+20.2,+20.2,+20.1,+20.0
2024-03-31 13:39,4,,,,,,,+19.3,+20.1,+20.3,+20.2,+20.2,+20.1,+20.0
2024-03-31 14:39,4,,,,,,,+19.1,+20.1,+20.3,+20.2,+20.2,+20.1,+20.0
2024-03-31 15:39,4,+20.8,+24.5,+17.9,+18.8,+19.9,+27.1,+20.3,+20.5,+20.6,+20.5,+20.3,+20.2,+20.1
2024-03-31 16:39,4,(Error)
2024-03-31 17:39,4,+20.8,+24.5,+17.9,+18.9,+20.0,+27.2,+20.2,+20.5,+20.5,+20.5,+20.3,+20.2,+20.1
2024-03-31 18:39,4,+20.7,+24.5,+17.9,+18.8,+19.9,+27.2,+20.2,+20.3,+20.5,+20.5,+20.3,+20.2,+20.1
2024-03-31 19:39,4,,,,,,,,,,,,,