
2024-04-17 10:16,1,+29.2,+39.6,+26.9,+30.0,+46.5,+49.2,+18.6,+19.2,+19.8,+20.6,+20.3,+20.5,+20.5
2024-04-17 11:16,1,+29.1,+39.7,+26.9,+29.9,+46.5,+49.2,+18.8,+19.2,+19.8,+20.6,+20.3,+20.5,+20.6
2024-04-17 12:16,1,+28.9,+39.6,+26.9,+30.0,+46.5,+49.2,+19.1,+19.2,+19.8,+20.5,+20.3,+20.5,+20.6
2024-04-17 13:16,1,+28.7,+39.6,+26.9,+30.0,+46.5,+49.2,+19.5,+19.2,+19.7,+20.5,+20.3,+20.5,+20.6
2024-04-17 14:16,1,+28.6,+39.5,+26.9,+29.9,+46.5,+49.2,+19.8,+19.2,+19.7,+20.5,+20.3,+20.5,+20.6
2024-04-17 15:16,1,+28.4,+39.5,+26.9,+30.0,+46.5,+49.2,+20.3,+19.3,+19.7,+20.6,+20.3,+20.5,+20.6
2024-04-17 16:16,1,+28.3,+39.4,+26.9,+29.9,+46.4,+49.1,+20.8,+19.6,+19.7,+20.5,+20.3,+20.5,+20.6
2024-04-17 17:16,1,+28.2,+39.4,+26.9,+30.0,+46.5,+49.1,+20.8,+19.7,+19.7,+20.5,+20.3,+20.5,+20.6
2024-04-17 18:16,1,+28.2,+39.4,+26.9,+30.0,+46.5,+49.1,+20.7,+19.8,+19.7,+20.5,+20.3,+20.5,+20.6
2024-04-17 19:16,1,+28.3,+39.4,+26.8,+29.9,+46.4,+49.1,+20.5,+19.8,+19.7,+20.5,+20.3,+20.5,+20.6
2024-04-17 20:16,1,+28.3,+39.4,+26.9,+30.0,+46.5,+49.1,+20.3,+20.0,+19.7,+20.5,+20.3,+20.5,+20.6
2024-04-17 21:16,1,+28.4,+39.4,+26.8,+30.0,+46.5,+49.2,+20.2,+20.0,+19.8,+20.5,+20.3,+20.3,+20.6
2024-04-17 22:16,1,+28.4,+39.4,+26.8,+29.9,+46.4,+49.1,+20.1,+20.0,+19.8,+20.5,+20.3,+20.5,+20.6
2024-04-17 23:16,1,+28.4,+39.4,+26.8,+30.0,+46.5,+49.2,+20.0,+20.1,+19.8,+20.5,+20.3,+20.5,+20.6
2024-04-18 00:16,1,+28.4,+39.4,+26.8,+29.9,+46.4,+49.1,+20.0,+20.0,+20.0,+20.5,+20.3,+20.3,+20.6
2024-04-18 01:16,1,+28.4,+39.4,+26.8,+29.9,+46.4,+49.1,+19.7,+20.0,+20.0,+20.6,+20.3,+20.5,+20.5
2024-04-18 02:16,1,+28.5,+39.3,+26.8,+30.0,+46.4,+49.1,+19.5,+20.0,+20.0,+20.5,+20.3,+20.5,+20.6
2024-04-18 03:16,1,+28.5,+39.3,+26.8,+30.0,+46.4,+49.1,+19.5,+19.8,+20.0,+20.5,+20.3,+20.3,+20.6
2024-04-18 04:16,1,(Error)
2024-04-18 05:16,1,(Error)
2024-04-18 06:16,1,+28.4,+39.3,+26.8,+30.0,+46.4,+49.1,+19.1,+19.7,+20.0,+20.5,+20.3,+20.5,+20.6
2024-04-18 07:16,1,+28.3,+39.3,+26.8,+29.9,+46.4,+49.1,+19.1,+19.7,+20.0,+20.5,+20.3,+20.3,+20.6
2024-04-18 08:16,1,+28.2,+39.3,+26.8,+29.8,+46.4,+49.1,+19.1,+19.6,+20.0,+20.6,+20.3,+20.3,+20.5
2024-04-18 09:16,1,+28.0,+39.2,+26.8,+29.8,+46.4,+49.1,+19.1,+19.6,+20.0,+20.6,+20.3,+20.5,+20.6
2024-04-18 10:16,1,+27.9,+39.2,+26.8,+29.9,+46.4,+49.1,+19.2,+19.6,+20.0,+20.6,+20.3,+20.5,+20.6
2024-04-18 11:16,1,+27.7,+39.1,+26.8,+29.8,+46.4,+49.1,+19.3,+19.6,+20.0,+20.6,+20.3,+20.3,+20.5
2024-04-18 12:16,1,+27.5,+39.1,+26.8,+29.8,+46.4,+49.1,+19.5,+19.6,+20.0,+20.6,+20.3,+20.3,+20.6
2024-04-18 13:16,1,+27.3,+39.0,+26.8,+30.0,+46.4,+49.1,+20.0,+19.6,+20.0,+20.6,+20.3,+20.5,+20.5
2024-04-18 14:16,1,+27.2,+39.0,+26.8,+30.0,+46.4,+49.1,+20.3,+19.6,+19.8,+20.6,+20.3,+20.3,+20.5
2024-04-18 15:16,1,+26.9,+38.9,+26.8,+29.8,+46.3,+49.1,+20.8,+19.7,+19.8,+20.6,+20.3,+20.3,+20.6
2024-04-18 16:16,1,+26.7,+38.8,+26.8,+29.9,+46.4,+49.1,+21.2,+19.8,+19.8,+20.5,+20.3,+20.5,+20.5
2024-04-18 17:16,1,+26.6,+38.8,+26.7,+29.8,+46.3,+49.1,+21.3,+20.0,+20.0,+20.5,+20.3,+20.3,+20.6
2024-04-18 18:16,1,+26.6,+38.8,+26.7,+29.8,+46.3,+49.1,+21.1,+20.2,+20.0,+20.6,+20.3,+20.5,+20.6
2024-04-18 19:16,1,+26.6,+38.8,+26.7,+29.8,+46.3,+49.1,+20.7,+20.2,+20.0,+20.5,+20.3,+20.3,+20.5
2024-04-18 20:16,1,+26.7,+38.7,+26.7,+29.9,+46.4,+49.1,+20.5,+20.2,+20.0,+20.6,+20.3,+20.3,+20.6
2024-04-18 21:16,1,+26.7,+38.7,+26.7,+29.9,+46.4,+49.1,+20.3,+20.2,+20.0,+20.5,+20.3,+20.3,+20.6
2024-04-18 22:16,1,+26.8,+38.7,+26.7,+29.9,+46.4,+49.1,+20.2,+20.2,+20.1,+20.5,+20.3,+20.3,+20.6
2024-04-18 23:16,1,+26.8,+38.7,+26.7,+29.9,+46.4,+49.1,+20.0,+20.2,+20.1,+20.5,+20.3,+20.3,+20.6
2024-04-19 00:16,1,+26.8,+38.7,+26.7,+29.8,+46.3,+49.0,+19.8,+20.2,+20.1,+20.6,+20.3,+20.3,+20.6
2024-04-19 01:16,1,+26.9,+38.7,+26.7,+29.9,+46.4,+49.1,+19.7,+20.2,+20.1,+20.6,+20.3,+20.5,+20.5
2024-04-19 02:16,1,+26.9,+38.7,+26.7,+29.9,+46.4,+49.1,+19.6,+20.1,+20.1,+20.6,+20.3,+20.3,+20.6
2024-04-19 03:16,1,+26.8,+38.7,+26.7,+29.9,+46.4,+49.1,+19.5,+20.1,+20.1,+20.6,+20.3,+20.5,+20.6
2024-04-19 04:16,1,+26.8,+38.7,+26.7,+29.9,+46.4,+49.1,+19.3,+20.0,+20.1,+20.6,+20.3,+20.5,+20.5
2024-04-19 05:16,1,+26.7,+38.6,+26.7,+29.8,+46.3,+49.0,+19.2,+20.0,+20.1,+20.6,+20.3,+20.3,+20.6
2024-04-19 06:16,1,+26.6,+38.6,+26.7,+29.8,+46.3,+49.0,+19.1,+19.8,+20.2,+20.6,+20.3,+20.5,+20.6
2024-04-19 07:16,1,+26.9,+38.6,+26.7,+29.8,+46.3,+49.0,+19.0,+19.8,+20.1,+20.6,+20.3,+20.5,+20.6
2024-04-19 08:16,1,+26.7,+38.6,+26.7,+29.8,+46.3,+49.0,+19.1,+19.7,+20.1,+20.6,+20.3,+20.3,+20.6
2024-04-19 09:16,1,+26.4,+38.5,+26.7,+29.8,+46.3,+49.1,+19.2,+19.7,+20.1,+20.6,+20.3,+20.5,+20.6
2024-04-19 10:16,1,+26.0,+38.4,+26.7,+29.9,+46.3,+49.1,+19.3,+19.7,+20.1,+20.6,+20.5,+20.3,+20.5
2024-04-19 11:16,1,+25.9,+38.4,+26.7,+29.8,+46.3,+49.0,+19.6,+19.7,+20.0,+20.7,+20.5,+20.3,+20.6
2024-04-19 12:16,1,+25.7,+38.3,+26.7,+29.8,+46.3,+49.1,+19.8,+19.7,+20.0,+20.6,+20.3,+20.3,+20.5
2024-04-19 13:16,1,+25.5,+38.3,+26.6,+29.8,+46.3,+49.0,+20.1,+19.7,+20.0,+20.6,+20.5,+20.3,+20.5
2024-04-19 14:16,1,+25.3,+38.2,+26.6,+29.8,+46.3,+49.0,+20.5,+19.8,+20.0,+20.6,+20.3,+20.3,+20.6
2024-04-19 15:16,1,+25.2,+38.2,+26.6,+29.7,+46.2,+49.0,+20.8,+19.8,+20.0,+20.6,+20.3,+20.5,+20.6
2024-04-19 16:16,1,+25.1,+38.1,+26.6,+29.8,+46.3,+49.0,+20.8,+20.0,+20.0,+20.6,+20.3,+20.5,+20.5
2024-04-19 17:16,1,+25.0,+38.1,+26.6,+29.7,+46.3,+49.0,+20.7,+20.1,+20.0,+20.6,+20.3,+20.5,+20.5
2024-04-19 18:16,1,+25.1,+38.1,+26.6,+29.8,+46.3,+49.0,+20.5,+20.1,+20.0,+20.6,+20.3,+20.5,+20.6
2024-04-19 19:16,1,+25.1,+38.1,+26.6,+29.7,+46.2,+49.0,+20.3,+20.2,+20.1,+20.6,+20.3,+20.5,+20.5
2024-04-19 20:16,1,+25.1,+38.1,+26.6,+29.8,+46.3,+49.0,+20.2,+20.2,+20.1,+20.6,+20.3,+20.5,+20.6
2024-04-19 21:16,1,+25.2,+38.1,+26.6,+29.8,+46.3,+49.0,+20.0,+20.1,+20.1,+20.6,+20.3,+20.5,+20.5
2024-04-19 22:16,1,+25.2,+38.1,+26.6,+29.8,+46.3,+49.0,+20.0,+20.1,+20.1,+20.7,+20.5,+20.3,+20.5
2024-04-19 23:16,1,+25.2,+38.1,+26.6,+29.7,+46.2,+49.0,+19.8,+20.1,+20.1,+20.6,+20.3,+20.5,+20.6
2024-04-20 00:16,1,+25.2,+38.1,+26.6,+29.8,+46.3,+49.0,+19.7,+20.1,+20.1,+20.6,+20.3,+20.3,+20.6
2024-04-20 01:16,1,+25.1,+38.1,+26.6,+29.8,+46.3,+49.0,+19.6,+20.1,+20.1,+20.6,+20.3,+20.5,+20.6
2024-04-20 02:16,1,+25.1,+38.0,+26.6,+29.7,+46.2,+49.0,+19.5,+20.0,+20.1,+20.6,+20.3,+20.5,+20.6
2024-04-20 03:16,1,+25.1,+38.0,+26.6,+29.7,+46.2,+49.0,+19.3,+20.0,+20.2,+20.6,+20.5,+20.5,+20.5
2024-04-20 04:16,1,+25.1,+38.0,+26.6,+29.7,+46.2,+49.0,+19.2,+20.0,+20.1,+20.6,+20.5,+20.5,+20.6
2024-04-20 05:16,1,+25.1,+38.0,+26.6,+29.7,+46.2,+49.0,+19.2,+19.8,+20.1,+20.6,+20.3,+20.5,+20.5
2024-04-20 06:16,1,+25.1,+38.0,+26.6,+29.8,+46.3,+49.0,+19.1,+19.8,+20.1,+20.7,+20.5,+20.3,+20.5
2024-04-20 07:16,1,+25.0,+38.0,+26.6,+29.8,+46.3,+49.0,+19.0,+19.8,+20.1,+20.6,+20.5,+20.5,+20.6
2024-04-20 08:16,1,+24.9,+37.9,+26.6,+29.7,+46.2,+49.0,+19.1,+19.7,+20.1,+20.7,+20.3,+20.5,+20.5
2024-04-20 09:16,1,+24.7,+37.9,+26.6,+29.8,+46.2,+49.0,+19.3,+19.7,+20.1,+20.6,+20.5,+20.5,+20.6
2024-04-20 10:16,1,+24.6,+37.8,+26.6,+29.7,+46.2,+49.0,+19.5,+19.7,+20.0,+20.6,+20.3,+20.5,+20.6
2024-04-20 11:16,1,+24.5,+37.8,+26.6,+29.8,+46.3,+49.0,+19.7,+19.7,+20.0,+20.7,+20.5,+20.5,+20.6
2024-04-20 12:16,1,+24.4,+37.7,+26.6,+29.7,+46.2,+48.9,+20.0,+19.7,+20.0,+20.6,+20.3,+20.5,+20.6
2024-04-20 13:16,1,+24.2,+37.7,+26.6,+29.7,+46.2,+49.0,+20.3,+19.8,+20.0,+20.6,+20.5,+20.5,+20.5
2024-04-20 14:16,1,+24.0,+37.6,+26.6,+29.8,+46.2,+49.0,+20.6,+19.8,+20.0,+20.6,+20.5,+20.5,+20.5
2024-04-20 15:16,1,+23.9,+37.6,+26.6,+29.7,+46.2,+48.9,+20.7,+20.0,+20.0,+20.6,+20.3,+20.5,+20.5
2024-04-20 16:16,1,+23.9,+37.5,+26.6,+29.7,+46.2,+48.9,+20.6,+20.0,+20.0,+20.6,+20.5,+20.5,+20.6
2024-04-20 17:16,1,+23.8,+37.5,+26.6,+29.8,+46.2,+49.0,+20.7,+20.1,+20.0,+20.6,+20.3,+20.5,+20.5
2024-04-20 18:16,1,+23.8,+37.5,+26.6,+29.7,+46.2,+48.9,+20.6,+20.2,+20.0,+20.6,+20.5,+20.5,+20.6
2024-04-20 19:16,1,+23.9,+37.5,+26.5,+29.8,+46.2,+48.9,+20.3,+20.2,+20.1,+20.6,+20.3,+20.5,+20.6
2024-04-20 20:16,1,+23.9,+37.5,+26.5,+29.7,+46.2,+48.9,+20.3,+20.2,+20.1,+20.6,+20.5,+20.5,+20.6
2024-04-20 21:16,1,+23.9,+37.5,+26.5,+29.8,+46.2,+48.9,+20.2,+20.2,+20.1,+20.6,+20.3,+20.5,+20.5
2024-04-20 22:16,1,+24.0,+37.5,+26.5,+29.8,+46.2,+48.9,+20.1,+20.2,+20.1,+20.6,+20.3,+20.5,+20.5
2024-04-20 23:16,1,+24.0,+37.5,+26.5,+29.8,+46.2,+48.9,+19.8,+20.2,+20.1,+20.6,+20.3,+20.5,+20.5
2024-04-21 00:16,1,+24.0,+37.5,+26.5,+29.7,+46.2,+48.9,+19.7,+20.1,+20.1,+20.6,+20.3,+20.5,+20.6
2024-04-21 01:16,1,+24.0,+37.5,+26.5,+29.8,+46.2,+48.9,+19.6,+20.1,+20.1,+20.6,+20.3,+20.5,+20.6
2024-04-21 02:16,1,+24.0,+37.4,+26.5,+29.7,+46.2,+48.9,+19.3,+20.1,+20.2,+20.6,+20.5,+20.3,+20.5
2024-04-21 03:16,1,+23.9,+37.4,+26.5,+29.6,+46.2,+48.9,+19.3,+20.0,+20.1,+20.6,+20.5,+20.5,+20.6
2024-04-21 04:16,1,+23.9,+37.4,+26.5,+29.7,+46.2,+48.9,+19.1,+20.0,+20.1,+20.7,+20.5,+20.5,+20.6
2024-04-21 05:16,1,+23.9,+37.4,+26.5,+29.8,+46.2,+48.9,+19.0,+19.8,+20.1,+20.7,+20.3,+20.5,+20.5
2024-04-21 06:16,1,+23.9,+37.4,+26.5,+29.6,+46.2,+48.9,+19.0,+19.8,+20.1,+20.6,+20.5,+20.5,+20.5
2024-04-21 07:16,1,+23.8,+37.4,+26.5,+29.6,+46.2,+48.9,+18.8,+19.7,+20.1,+20.6,+20.5,+20.5,+20.6
2024-04-21 08:16,1,+23.7,+37.3,+26.5,+29.6,+46.2,+48.9,+19.0,+19.6,+20.1,+20.6,+20.3,+20.5,+20.6
2024-04-21 09:16,1,+23.6,+37.3,+26.5,+29.6,+46.2,+48.9,+19.1,+19.7,+20.1,+20.6,+20.5,+20.5,+20.6
2024-04-21 10:16,1,+23.5,+37.2,+26.5,+29.7,+46.2,+48.9,+19.3,+19.6,+20.0,+20.6,+20.5,+20.5,+20.6
2024-04-21 11:16,1,+23.3,+37.2,+26.5,+29.7,+46.2,+48.9,+19.5,+19.6,+20.1,+20.6,+20.5,+20.3,+20.6
2024-04-21 12:16,1,+23.2,+37.1,+26.5,+29.7,+46.2,+48.9,+19.7,+19.6,+20.1,+20.6,+20.5,+20.5,+20.6
2024-04-21 13:16,1,+23.1,+37.1,+26.4,+29.7,+46.2,+48.9,+20.0,+19.7,+20.0,+20.6,+20.5,+20.5,+20.6
2024-04-21 14:16,1,+23.0,+37.0,+26.5,+29.6,+46.1,+48.9,+20.1,+19.7,+20.0,+20.6,+20.3,+20.5,+20.6
2024-04-21 15:16,1,+23.0,+37.0,+26.5,+29.6,+46.1,+48.9,+20.2,+19.8,+20.0,+20.6,+20.3,+20.5,+20.5
2024-04-21 16:16,1,+23.0,+37.0,+26.5,+29.7,+46.2,+48.9,+20.3,+20.0,+20.0,+20.6,+20.5,+20.5,+20.6
2024-04-21 17:16,1,+22.9,+36.9,+26.4,+29.7,+46.2,+48.9,+20.5,+20.0,+20.0,+20.6,+20.3,+20.5,+20.6
2024-04-21 18:16,1,+22.9,+36.9,+26.5,+29.6,+46.1,+48.9,+20.3,+20.0,+20.0,+20.6,+20.5,+20.5,+20.6
2024-04-21 19:16,1,+22.9,+36.9,+26.4,+29.7,+46.2,+48.9,+20.2,+20.1,+20.0,+20.6,+20.3,+20.5,+20.6
2024-04-21 20:16,1,+23.0,+36.9,+26.4,+29.6,+46.1,+48.9,+20.1,+20.1,+20.0,+20.6,+20.5,+20.5,+20.5
2024-04-21 21:16,1,+23.0,+36.9,+26.4,+29.6,+46.1,+48.9,+20.0,+20.1,+20.0,+20.6,+20.3,+20.5,+20.6
2024-04-21 22:16,1,+23.0,+36.9,+26.4,+29.7,+46.2,+48.9,+19.8,+20.1,+20.0,+20.6,+20.5,+20.5,+20.6
2024-04-21 23:16,1,+23.1,+36.9,+26.4,+29.7,+46.2,+48.9,+19.7,+20.1,+20.1,+20.6,+20.3,+20.5,+20.5
2024-04-22 00:16,1,+23.1,+36.9,+26.4,+29.6,+46.1,+48.8,+19.6,+20.0,+20.1,+20.6,+20.5,+20.5,+20.6
2024-04-22 01:16,1,+23.2,+36.9,+26.4,+29.7,+46.2,+48.9,+19.6,+20.0,+20.0,+20.6,+20.5,+20.5,+20.5
2024-04-22 02:16,1,+23.2,+36.9,+26.4,+29.6,+46.1,+48.8,+19.5,+20.0,+20.1,+20.6,+20.5,+20.5,+20.6
2024-04-22 03:16,1,+23.4,+36.9,+26.4,+29.6,+46.1,+48.9,+19.5,+19.8,+20.1,+20.6,+20.5,+20.5,+20.6
2024-04-22 04:16,1,+23.4,+36.9,+26.4,+29.7,+46.2,+48.9,+19.5,+19.8,+20.0,+20.6,+20.3,+20.5,+20.6
2024-04-22 05:16,1,+23.4,+36.8,+26.4,+29.6,+46.1,+48.8,+19.3,+19.8,+20.1,+20.7,+20.3,+20.5,+20.6
2024-04-22 06:16,1,+23.4,+36.8,+26.4,+29.6,+46.1,+48.8,+19.3,+19.7,+20.1,+20.6,+20.5,+20.3,+20.6
2024-04-22 07:16,1,+23.4,+36.8,+26.4,+29.6,+46.1,+48.8,+19.5,+19.8,+20.1,+20.6,+20.3,+20.5,+20.6
2024-04-22 08:16,1,+23.4,+36.8,+26.4,+29.7,+46.1,+48.9,+19.5,+19.8,+20.1,+20.6,+20.5,+20.5,+20.6
2024-04-22 09:16,1,+23.6,+36.8,+26.4,+29.6,+46.1,+48.8,+19.6,+19.7,+20.1,+20.6,+20.5,+20.5,+20.6
2024-04-22 10:16,1,+23.5,+36.7,+26.4,+29.7,+46.1,+48.8,+19.8,+19.7,+20.0,+20.6,+20.5,+20.5,+20.6
2024-04-22 11:16,1,+23.5,+36.7,+26.4,+29.6,+46.1,+48.8,+20.0,+19.8,+20.0,+20.7,+20.3,+20.5,+20.5
2024-04-22 12:16,1,+23.2,+36.6,+26.4,+29.7,+46.1,+48.8,+20.3,+19.8,+20.0,+20.6,+20.3,+20.5,+20.6
2024-04-22 13:16,1,+23.0,+36.6,+26.4,+29.6,+46.1,+48.8,+20.6,+19.8,+20.0,+20.7,+20.3,+20.5,+20.6
2024-04-22 14:16,1,+22.8,+36.6,+26.4,+29.6,+46.1,+48.8,+20.8,+20.0,+20.0,+20.6,+20.5,+20.5,+20.5
2024-04-22 15:16,1,+22.7,+36.5,+26.4,+29.6,+46.1,+48.8,+21.2,+20.1,+20.0,+20.6,+20.3,+20.5,+20.6
2024-04-22 16:16,1,+22.4,+36.4,+26.4,+29.7,+46.1,+48.8,+21.5,+20.2,+20.0,+20.6,+20.3,+20.5,+20.6
2024-04-22 17:16,1,(Error)
2024-04-22 18:16,1,+22.3,+36.4,+26.4,+29.6,+46.1,+48.8,+21.2,+20.5,+20.1,+20.6,+20.5,+20.5,+20.5
2024-04-22 19:16,1,+22.3,+36.4,+26.4,+29.6,+46.1,+48.8,+21.1,+20.5,+20.1,+20.6,+20.5,+20.5,+20.6
2024-04-22 20:16,1,+22.3,+36.4,+26.4,+29.6,+46.1,+48.8,+20.8,+20.5,+20.1,+20.6,+20.3,+20.5,+20.5
2024-04-22 21:16,1,+22.3,+36.4,+26.4,+29.6,+46.1,+48.8,+20.7,+20.6,+20.2,+20.6,+20.3,+20.3,+20.6
2024-04-22 22:16,1,+22.3,+36.4,+26.4,+29.6,+46.1,+48.8,+20.5,+20.6,+20.2,+20.6,+20.5,+20.5,+20.6
2024-04-22 23:16,1,+22.4,+36.4,+26.4,+29.6,+46.1,+48.8,+20.3,+20.5,+20.2,+20.6,+20.3,+20.5,+20.6
2024-04-23 00:16,1,+22.4,+36.4,+26.4,+29.5,+46.1,+48.8,+20.2,+20.5,+20.2,+20.6,+20.5,+20.5,+20.6
2024-04-23 01:16,1,+22.4,+36.4,+26.4,+29.5,+46.1,+48.8,+20.0,+20.3,+20.2,+20.7,+20.5,+20.5,+20.6
2024-04-23 02:16,1,+22.4,+36.4,+26.4,+29.6,+46.1,+48.8,+19.8,+20.3,+20.2,+20.6,+20.3,+20.3,+20.6
2024-04-23 03:16,1,+22.4,+36.4,+26.4,+29.6,+46.1,+48.8,+19.7,+20.2,+20.2,+20.7,+20.5,+20.5,+20.6
2024-04-23 04:16,1,+22.5,+36.3,+26.4,+29.6,+46.1,+48.8,+19.6,+20.2,+20.3,+20.7,+20.5,+20.5,+20.6
2024-04-23 05:16,1,+22.4,+36.3,+26.4,+29.5,+46.0,+48.8,+19.5,+20.2,+20.2,+20.7,+20.3,+20.5,+20.6
2024-04-23 06:16,1,+22.4,+36.3,+26.3,+29.5,+46.0,+48.8,+19.5,+20.1,+20.2,+20.7,+20.5,+20.5,+20.6
2024-04-23 07:16,1,+22.4,+36.3,+26.4,+29.6,+46.1,+48.8,+19.5,+20.1,+20.2,+20.7,+20.5,+20.3,+20.6
2024-04-23 08:16,1,+22.3,+36.3,+26.3,+29.5,+46.0,+48.8,+19.5,+20.0,+20.2,+20.7,+20.5,+20.5,+20.6
2024-04-23 09:16,1,+22.2,+36.2,+26.3,+29.6,+46.1,+48.8,+19.6,+20.0,+20.2,+20.7,+20.5,+20.5,+20.6
2024-04-23 10:16,1,+22.1,+36.2,+26.3,+29.5,+46.0,+48.8,+19.8,+20.0,+20.2,+20.7,+20.5,+20.5,+20.6
2024-04-23 11:16,1,+22.0,+36.1,+26.3,+29.6,+46.1,+48.8,+20.0,+20.0,+20.2,+20.7,+20.5,+20.5,+20.5
2024-04-23 12:16,1,+21.9,+36.1,+26.3,+29.5,+46.1,+48.8,+20.3,+20.0,+20.2,+20.7,+20.5,+20.5,+20.6
2024-04-23 13:16,1,+21.7,+36.1,+26.3,+29.5,+46.0,+48.8,+20.7,+20.0,+20.2,+20.7,+20.5,+20.5,+20.6
2024-04-23 14:16,1,+21.5,+36.0,+26.3,+29.5,+46.0,+48.8,+20.8,+20.1,+20.2,+20.7,+20.5,+20.5,+20.6
2024-04-23 15:16,1,+21.5,+36.0,+26.3,+29.5,+46.0,+48.8,+21.1,+20.2,+20.2,+20.7,+20.5,+20.5,+20.6
2024-04-23 16:16,1,+21.3,+36.0,+26.3,+29.5,+46.0,+48.8,+21.1,+20.3,+20.2,+20.7,+20.5,+20.5,+20.6
2024-04-23 17:16,1,+21.3,+36.0,+26.3,+29.5,+46.0,+48.8,+21.0,+20.3,+20.2,+20.7,+20.5,+20.5,+20.6
2024-04-23 18:16,1,+21.3,+35.9,+26.3,+29.6,+46.1,+48.8,+20.7,+20.3,+20.2,+20.7,+20.5,+20.5,+20.6
2024-04-23 19:16,1,+21.4,+35.9,+26.3,+29.6,+46.1,+48.8,+20.6,+20.5,+20.2,+20.7,+20.5,+20.5,+20.6
2024-04-23 20:16,1,+21.1,+35.9,+26.3,+29.6,+46.1,+48.8,+20.3,+20.3,+20.3,+20.7,+20.5,+20.5,+20.6
2024-04-23 21:16,1,+21.1,+35.9,+26.3,+29.5,+46.0,+48.8,+20.2,+20.3,+20.3,+20.7,+20.5,+20.5,+20.5
2024-04-23 22:16,1,+21.1,+35.9,+26.3,+29.5,+46.0,+48.8,+20.0,+20.3,+20.3,+20.7,+20.5,+20.5,+20.6
2024-04-23 23:16,1,+21.1,+35.9,+26.3,+29.5,+46.0,+48.8,+19.8,+20.3,+20.3,+20.7,+20.5,+20.5,+20.6
2024-04-24 00:16,1,+21.1,+35.9,+26.3,+29.5,+46.0,+48.8,+19.7,+20.2,+20.3,+20.7,+20.5,+20.5,+20.6
2024-04-24 01:16,1,+21.1,+35.9,+26.3,+29.6,+46.1,+48.8,+19.7,+20.2,+20.3,+20.7,+20.5,+20.5,+20.6
2024-04-24 02:16,1,+21.1,+35.8,+26.3,+29.6,+46.0,+48.8,+19.6,+20.2,+20.3,+20.7,+20.5,+20.5,+20.6
2024-04-24 03:16,1,+21.1,+35.9,+26.3,+29.6,+46.0,+48.8,+19.5,+20.1,+20.3,+20.7,+20.5,+20.5,+20.6
2024-04-24 04:16,1,+21.1,+35.8,+26.2,+29.6,+46.1,+48.8,+19.5,+20.1,+20.3,+20.7,+20.5,+20.5,+20.6
2024-04-24 05:16,1,+21.1,+35.8,+26.3,+29.6,+46.0,+48.8,+19.3,+20.0,+20.2,+20.7,+20.5,+20.5,+20.6
2024-04-24 06:16,1,+21.1,+35.8,+26.3,+29.5,+46.0,+48.8,+19.3,+20.0,+20.2,+20.7,+20.5,+20.5,+20.6
2024-04-24 07:16,1,+21.1,+35.8,+26.2,+29.6,+46.1,+48.8,+19.3,+20.0,+20.2,+20.7,+20.6,+20.5,+20.6
2024-04-24 08:16,1,+21.0,+35.8,+26.2,+29.5,+46.0,+48.8,+19.3,+19.8,+20.2,+20.7,+20.5,+20.5,+20.6
2024-04-24 09:16,1,+20.9,+35.7,+26.2,+29.6,+46.0,+48.8,+19.5,+20.0,+20.2,+20.7,+20.5,+20.5,+20.6
2024-04-24 10:16,1,+20.8,+35.7,+26.2,+29.5,+46.0,+48.8,+19.7,+19.8,+20.2,+20.8,+20.5,+20.5,+20.6
2024-04-24 11:16,1,+20.7,+35.7,+26.2,+29.5,+46.0,+48.8,+20.0,+19.8,+20.2,+20.7,+20.5,+20.5,+20.6
2024-04-24 12:16,1,+20.6,+35.6,+26.2,+29.6,+46.0,+48.8,+20.2,+20.0,+20.2,+20.7,+20.5,+20.5,+20.6
2024-04-24 13:16,1,+20.5,+35.6,+26.2,+29.5,+46.0,+48.8,+20.7,+20.0,+20.2,+20.7,+20.5,+20.6,+20.6
2024-04-24 14:16,1,+20.4,+35.5,+26.2,+29.5,+46.0,+48.7,+21.0,+20.1,+20.1,+20.7,+20.5,+20.5,+20.6
2024-04-24 15:16,1,+20.3,+35.5,+26.2,+29.6,+46.0,+48.7,+21.0,+20.1,+20.2,+20.7,+20.5,+20.5,+20.6
2024-04-24 16:16,1,+24.0,+42.2,+30.5,+30.4,+46.7,+48.8,+20.6,+20.2,+20.2,+20.7,+20.5,+20.5,+20.6
2024-04-24 17:16,1,+28.2,+44.0,+33.4,+33.4,+46.7,+48.8,+20.2,+20.2,+20.1,+20.7,+20.5,+20.5,+20.6
2024-04-24 18:16,1,+27.5,+42.4,+30.5,+31.4,+46.7,+48.8,+20.0,+20.2,+20.1,+20.7,+20.5,+20.5,+20.5
2024-04-24 19:16,1,+27.4,+41.8,+29.6,+31.2,+46.8,+48.8,+20.0,+20.1,+20.1,+20.7,+20.5,+20.5,+20.6
2024-04-24 20:16,1,(Error)
2024-04-24 21:16,1,+27.4,+41.2,+28.7,+31.0,+47.0,+48.9,+19.8,+20.1,+20.2,+20.7,+20.5,+20.5,+20.6
2024-04-24 22:16,1,+27.4,+41.0,+28.5,+31.0,+47.1,+48.9,+19.7,+20.1,+20.2,+20.7,+20.5,+20.5,+20.6
2024-04-24 23:16,1,+27.4,+40.9,+28.4,+31.0,+47.3,+48.9,+19.7,+20.1,+20.2,+20.7,+20.5,+20.6,+20.6
2024-04-25 00:16,1,+27.4,+40.8,+28.3,+30.9,+47.3,+49.0,+19.7,+20.0,+20.2,+20.7,+20.5,+20.5,+20.6
2024-04-25 01:16,1,+27.4,+40.7,+28.2,+31.0,+47.4,+49.0,+19.7,+20.1,+20.2,+20.7,+20.5,+20.5,+20.6
2024-04-25 02:16,1,+27.4,+40.6,+28.1,+30.9,+47.4,+49.0,+19.6,+20.0,+20.2,+20.7,+20.5,+20.5,+20.6
2024-04-25 03:16,1,(Error)
2024-04-25 04:16,1,+27.5,+40.4,+28.0,+30.9,+47.4,+49.1,+19.5,+20.0,+20.2,+20.7,+20.5,+20.5,+20.6
2024-04-25 05:16,1,(Error)
2024-04-25 06:16,1,+27.4,+40.3,+27.9,+30.9,+47.5,+49.2,+19.5,+19.8,+20.1,+20.7,+20.5,+20.5,+20.6
2024-04-25 07:16,1,+27.4,+40.2,+27.8,+30.9,+47.5,+49.2,+19.5,+19.8,+20.2,+20.7,+20.5,+20.5,+20.6
2024-04-25 08:16,1,+27.4,+40.2,+27.8,+30.8,+47.4,+49.2,+19.5,+19.8,+20.1,+20.7,+20.5,+20.5,+20.6
2024-04-25 09:16,1,+27.4,+40.2,+27.8,+30.9,+47.5,+49.3,+19.6,+19.8,+20.1,+20.7,+20.5,+20.5,+20.6
2024-04-25 10:16,1,+27.4,+40.1,+27.8,+30.9,+47.5,+49.3,+19.6,+19.8,+20.1,+20.7,+20.5,+20.5,+20.6
2024-04-25 11:16,1,+27.6,+40.1,+27.8,+31.0,+47.5,+49.3,+19.7,+19.8,+20.1,+20.7,+20.5,+20.5,+20.6
2024-04-25 12:16,1,+27.6,+40.1,+27.8,+30.9,+47.5,+49.3,+19.8,+19.8,+20.1,+20.7,+20.5,+20.5,+20.6
2024-04-25 13:16,1,+27.7,+40.1,+27.7,+31.1,+47.5,+49.4,+19.8,+19.8,+20.1,+20.7,+20.5,+20.5,+20.6
2024-04-25 14:16,1,+27.8,+40.0,+27.7,+31.1,+47.5,+49.4,+20.0,+20.0,+20.1,+20.7,+20.5,+20.5,+20.6
2024-04-25 15:16,1,+27.8,+40.0,+27.7,+31.2,+47.5,+49.4,+20.0,+20.0,+20.1,+20.7,+20.5,+20.5,+20.6
2024-04-25 16:16,1,+27.9,+40.0,+27.7,+31.2,+47.5,+49.4,+19.8,+20.0,+20.1,+20.7,+20.5,+20.5,+20.6
2024-04-25 17:16,1,+28.0,+39.9,+27.7,+31.4,+47.5,+49.4,+19.8,+20.0,+20.1,+20.7,+20.5,+20.6,+20.6
2024-04-25 18:16,1,+28.0,+39.9,+27.7,+31.4,+47.5,+49.4,+19.7,+20.0,+20.1,+20.7,+20.5,+20.5,+20.6
2024-04-25 19:16,1,+28.1,+39.9,+27.7,+31.5,+47.5,+49.4,+19.6,+20.0,+20.1,+20.7,+20.5,+20.5,+20.6
2024-04-25 20:16,1,+28.1,+39.9,+27.6,+31.5,+47.5,+49.4,+19.5,+20.0,+20.1,+20.7,+20.5,+20.5,+20.6
2024-04-25 21:16,1,+28.1,+39.9,+27.6,+31.4,+47.5,+49.4,+19.5,+19.8,+20.1,+20.7,+20.5,+20.6,+20.6
2024-04-25 22:16,1,+28.1,+39.8,+27.6,+31.5,+47.4,+49.4,+19.3,+19.8,+20.1,+20.7,+20.5,+20.5,+20.6
2024-04-25 23:16,1,+28.2,+39.8,+27.6,+31.5,+47.4,+49.4,+19.3,+19.8,+20.1,+20.7,+20.5,+20.5,+20.6
2024-04-26 00:16,1,+28.1,+39.8,+27.6,+31.5,+47.4,+49.4,+19.2,+19.7,+20.1,+20.7,+20.5,+20.5,+20.6
2024-04-26 01:16,1,+28.1,+39.8,+27.6,+31.5,+47.4,+49.4,+19.1,+19.8,+20.1,+20.7,+20.5,+20.5,+20.6
2024-04-26 02:16,1,+28.1,+39.7,+27.6,+31.5,+47.4,+49.4,+19.1,+19.7,+20.1,+20.7,+20.5,+20.5,+20.6
2024-04-26 03:16,1,+28.1,+39.7,+27.6,+31.6,+47.5,+49.5,+19.1,+19.7,+20.0,+20.7,+20.5,+20.5,+20.6
2024-04-26 04:16,1,+28.2,+39.7,+27.6,+31.5,+47.4,+49.4,+19.1,+19.6,+20.0,+20.6,+20.5,+20.6,+20.6
2024-04-26 05:16,1,+28.1,+39.6,+27.6,+31.6,+47.4,+49.5,+19.0,+19.6,+20.1,+20.7,+20.5,+20.5,+20.6
2024-04-26 06:16,1,+28.0,+39.6,+27.5,+31.6,+47.5,+49.5,+19.0,+19.6,+20.0,+20.7,+20.5,+20.5,+20.6
2024-04-26 07:16,1,+28.0,+39.6,+27.5,+31.5,+47.4,+49.4,+19.1,+19.6,+20.0,+20.6,+20.5,+20.5,+20.6
2024-04-26 08:16,1,(Error)
2024-04-26 09:16,1,(Error)
2024-04-26 10:16,1,+27.8,+39.5,+27.5,+31.5,+47.4,+49.4,+19.5,+19.6,+19.8,+20.6,+20.5,+20.5,+20.6
2024-04-26 11:16,1,+27.7,+39.5,+27.5,+31.5,+47.4,+49.4,+19.6,+19.6,+20.0,+20.6,+20.5,+20.5,+20.6
2024-04-26 12:16,1,+27.6,+39.4,+27.5,+31.5,+47.4,+49.5,+19.8,+19.6,+20.0,+20.6,+20.5,+20.5,+20.6
2024-04-26 13:16,1,+27.5,+39.4,+27.5,+31.6,+47.4,+49.5,+20.3,+19.7,+20.0,+20.6,+20.5,+20.5,+20.6
2024-04-26 14:16,1,+27.4,+39.4,+27.5,+31.6,+47.4,+49.5,+20.5,+19.7,+20.0,+20.6,+20.5,+20.5,+20.6
2024-04-26 15:16,1,+27.4,+39.3,+27.5,+31.6,+47.4,+49.4,+20.5,+19.8,+20.0,+20.6,+20.5,+20.5,+20.6
2024-04-26 16:16,1,+27.5,+39.3,+27.5,+31.6,+47.4,+49.4,+20.5,+19.8,+20.0,+20.6,+20.5,+20.5,+20.6
2024-04-26 17:16,1,+29.9,+41.2,+27.5,+31.9,+47.4,+49.5,+20.3,+20.0,+20.0,+20.6,+20.5,+20.5,+20.6
2024-04-26 18:16,1,+30.4,+42.2,+27.8,+32.1,+47.4,+49.4,+20.2,+20.1,+20.0,+20.6,+20.5,+20.5,+20.6
2024-04-26 19:16,1,+30.9,+42.6,+28.1,+32.3,+47.4,+49.4,+20.1,+20.0,+20.0,+20.6,+20.3,+20.5,+20.6
2024-04-26 20:16,1,+30.9,+42.5,+28.4,+32.4,+47.4,+49.5,+20.1,+20.1,+20.0,+20.6,+20.5,+20.5,+20.6
2024-04-26 21:16,1,+30.9,+42.4,+28.6,+32.5,+47.4,+49.5,+20.0,+20.1,+20.0,+20.6,+20.3,+20.5,+20.6
2024-04-26 22:16,1,+30.9,+42.2,+28.6,+32.5,+47.4,+49.5,+19.8,+20.0,+20.1,+20.6,+20.5,+20.5,+20.6
2024-04-26 23:16,1,+31.0,+42.1,+28.6,+32.5,+47.4,+49.4,+19.8,+20.0,+20.1,+20.6,+20.5,+20.5,+20.6
2024-04-27 00:16,1,+31.0,+42.1,+28.5,+32.5,+47.4,+49.4,+19.8,+20.0,+20.1,+20.6,+20.3,+20.3,+20.6
2024-04-27 01:16,1,+31.0,+42.0,+28.5,+32.5,+47.4,+49.4,+19.7,+20.0,+20.0,+20.6,+20.5,+20.5,+20.6
2024-04-27 02:16,1,+31.1,+42.0,+28.5,+32.6,+47.4,+49.4,+19.7,+20.0,+20.0,+20.6,+20.5,+20.5,+20.6
2024-04-27 03:16,1,+32.1,+42.5,+28.4,+32.7,+47.5,+49.5,+19.6,+20.0,+20.0,+20.6,+20.3,+20.5,+20.6
2024-04-27 04:16,1,+32.0,+42.9,+28.6,+32.7,+47.6,+49.5,+19.5,+19.8,+20.1,+20.6,+20.3,+20.3,+20.6
2024-04-27 05:16,1,+31.8,+42.7,+28.9,+32.8,+47.7,+49.5,+19.5,+19.8,+20.1,+20.6,+20.5,+20.5,+20.6
2024-04-27 06:16,1,+31.6,+42.5,+28.9,+32.8,+47.8,+49.5,+19.5,+19.8,+20.1,+20.6,+20.5,+20.5,+20.6
2024-04-27 07:16,1,+31.5,+42.3,+28.8,+32.7,+47.8,+49.5,+19.3,+19.8,+20.1,+20.6,+20.5,+20.5,+20.6
2024-04-27 08:16,1,+31.4,+42.2,+28.7,+32.8,+47.9,+49.5,+19.5,+19.7,+20.0,+20.6,+20.5,+20.5,+20.6
2024-04-27 09:16,1,+31.3,+42.0,+28.6,+32.7,+47.8,+49.5,+19.6,+19.7,+20.1,+20.6,+20.3,+20.5,+20.6
2024-04-27 10:16,1,+31.1,+41.9,+28.6,+32.8,+47.9,+49.5,+19.7,+19.7,+20.0,+20.6,+20.5,+20.5,+20.6
2024-04-27 11:16,1,+31.0,+41.8,+28.5,+32.7,+47.9,+49.5,+19.8,+19.8,+20.0,+20.6,+20.3,+20.5,+20.6
2024-04-27 12:16,1,+30.9,+41.7,+28.4,+32.8,+47.9,+49.6,+20.0,+19.8,+20.0,+20.6,+20.3,+20.5,+20.6
2024-04-27 13:16,1,+30.7,+41.6,+28.4,+32.8,+47.9,+49.6,+20.2,+19.8,+20.0,+20.6,+20.3,+20.5,+20.6
2024-04-27 14:16,1,+30.6,+41.5,+28.3,+32.7,+47.9,+49.5,+20.5,+19.8,+20.0,+20.6,+20.3,+20.5,+20.6
2024-04-27 15:16,1,+30.5,+41.4,+28.3,+32.8,+47.9,+49.6,+20.5,+20.0,+20.0,+20.6,+20.3,+20.5,+20.6
2024-04-27 16:16,1,+30.5,+41.4,+28.2,+32.6,+47.9,+49.6,+20.6,+20.0,+20.0,+20.6,+20.5,+20.5,+20.5
2024-04-27 17:16,1,+30.5,+41.3,+28.2,+32.8,+48.0,+49.6,+20.6,+20.1,+20.0,+20.6,+20.3,+20.5,+20.6
2024-04-27 18:16,1,+30.7,+41.3,+28.2,+32.7,+47.9,+49.6,+20.6,+20.1,+20.0,+20.6,+20.3,+20.5,+20.6
2024-04-27 19:16,1,+30.9,+41.2,+28.1,+32.8,+48.0,+49.6,+20.5,+20.2,+20.1,+20.6,+20.5,+20.5,+20.6
2024-04-27 20:16,1,+31.1,+41.2,+28.1,+32.8,+48.0,+49.6,+20.3,+20.2,+20.1,+20.6,+20.5,+20.5,+20.6
2024-04-27 21:16,1,+31.2,+41.2,+28.1,+32.7,+47.9,+49.6,+20.2,+20.2,+20.1,+20.6,+20.3,+20.5,+20.5
2024-04-27 22:16,1,+31.2,+41.2,+28.1,+32.7,+47.9,+49.6,+20.1,+20.2,+20.1,+20.6,+20.5,+20.5,+20.6
2024-04-27 23:16,1,+31.2,+41.2,+28.0,+32.7,+47.9,+49.6,+20.0,+20.2,+20.1,+20.6,+20.3,+20.5,+20.6
2024-04-28 00:16,1,+31.2,+41.2,+28.0,+32.8,+48.0,+49.6,+20.0,+20.2,+20.1,+20.6,+20.5,+20.5,+20.6
2024-04-28 01:16,1,+31.2,+41.2,+28.0,+32.7,+47.9,+49.6,+20.0,+20.1,+20.1,+20.6,+20.3,+20.5,+20.5
2024-04-28 02:16,1,+31.2,+41.2,+28.0,+32.7,+47.9,+49.6,+19.8,+20.1,+20.1,+20.6,+20.5,+20.5,+20.6
2024-04-28 03:16,1,+31.2,+41.2,+28.0,+32.8,+48.0,+49.6,+19.8,+20.1,+20.1,+20.6,+20.5,+20.5,+20.5
2024-04-28 04:16,1,+31.1,+41.1,+28.0,+32.7,+47.9,+49.6,+19.7,+20.0,+20.1,+20.6,+20.3,+20.5,+20.6
2024-04-28 05:16,1,+31.1,+41.1,+28.0,+32.8,+48.0,+49.6,+19.7,+20.0,+20.2,+20.7,+20.3,+20.5,+20.5
2024-04-28 06:16,1,+31.0,+41.1,+28.0,+32.8,+47.9,+49.6,+19.7,+20.0,+20.1,+20.6,+20.3,+20.5,+20.6
2024-04-28 07:16,1,+31.0,+41.0,+27.9,+32.8,+47.9,+49.6,+19.7,+20.0,+20.2,+20.6,+20.3,+20.5,+20.5
2024-04-28 08:16,1,+31.0,+41.0,+27.9,+32.7,+47.9,+49.6,+19.8,+20.0,+20.1,+20.6,+20.3,+20.5,+20.5
2024-04-28 09:16,1,+30.9,+41.0,+27.9,+32.7,+47.9,+49.6,+19.8,+20.0,+20.1,+20.7,+20.3,+20.3,+20.5
2024-04-28 10:16,1,+30.8,+40.9,+27.9,+32.6,+47.9,+49.6,+20.1,+20.0,+20.1,+20.6,+20.3,+20.5,+20.6
2024-04-28 11:16,1,+30.7,+40.9,+27.9,+32.7,+47.9,+49.6,+20.1,+20.0,+20.1,+20.6,+20.5,+20.5,+20.6
2024-04-28 12:16,1,(Error)
2024-04-28 13:16,1,+30.5,+40.8,+27.9,+32.7,+47.9,+49.6,+20.7,+20.1,+20.1,+20.7,+20.5,+20.5,+20.6
2024-04-28 14:16,1,+30.4,+40.7,+27.8,+32.6,+47.9,+49.6,+20.8,+20.1,+20.1,+20.6,+20.5,+20.5,+20.6
2024-04-28 15:16,1,(Error)
2024-04-28 16:16,1,(Error)
2024-04-28 17:16,1,(Error)
2024-04-28 18:16,1,(Error)
2024-04-28 19:16,1,(Error)
2024-04-28 20:16,1,(Error)
2024-04-28 21:16,1,(Error)
2024-04-28 22:16,1,(Error)
2024-04-28 23:16,1,(Error)
2024-04-29 00:16,1,(Error)
2024-04-29 01:16,1,(Error)
2024-04-29 02:16,1,(Error)
2024-04-29 03:16,1,(Error)
2024-04-29 04:16,1,(Error)
2024-04-29 05:16,1,(Error)
2024-04-29 06:16,1,(Error)
2024-04-29 07:16,1,(Error)
2024-04-29 08:16,1,(Error)
2024-04-29 09:16,1,+30.1,+40.3,+27.7,+32.4,+47.8,+49.5,+20.2,+20.2,+20.3,+20.7,+20.5,+20.5,+20.6
2024-04-29 10:16,1,(Error)
2024-04-29 11:16,1,+29.9,+40.2,+27.7,+32.3,+47.8,+49.5,+20.5,+20.2,+20.2,+20.7,+20.5,+20.5,+20.6
2024-04-29 12:16,1,(Error)
2024-04-29 13:16,1,(Error)
2024-04-29 14:16,1,(Error)
2024-04-29 15:16,1,(Error)
2024-04-29 16:16,1,(Error)
2024-04-29 17:16,1,(Error)
2024-04-29 18:16,1,(Error)
2024-04-29 19:16,1,(Error)
2024-04-29 20:16,1,+29.7,+40.0,+27.7,+32.2,+47.7,+49.5,+21.0,+20.7,+20.3,+20.8,+20.5,+20.5,+20.6
2024-04-29 21:16,1,+29.7,+40.0,+27.7,+32.3,+47.8,+49.5,+20.8,+20.7,+20.5,+20.7,+20.5,+20.5,+20.6
2024-04-29 22:16,1,+29.7,+40.0,+27.7,+32.3,+47.8,+49.5,+20.7,+20.6,+20.5,+20.8,+20.5,+20.5,+20.6
2024-04-29 23:16,1,+29.7,+39.9,+27.7,+32.2,+47.7,+49.5,+20.6,+20.7,+20.5,+20.7,+20.5,+20.5,+20.6
2024-04-30 00:16,1,(Error)
2024-04-30 01:16,1,(Error)
2024-04-30 02:16,1,(Error)
2024-04-30 03:16,1,(Error)
2024-04-30 04:16,1,(Error)
2024-04-30 05:16,1,(Error)
2024-04-30 06:16,1,(Error)
2024-04-30 07:16,1,(Error)
2024-04-30 08:16,1,(Error)
2024-04-30 09:16,1,+29.2,+39.8,+27.6,+32.2,+47.7,+49.5,+20.0,+20.2,+20.5,+20.8,+20.5,+20.5,+20.6
2024-04-30 10:16,1,+29.1,+39.7,+27.6,+32.2,+47.7,+49.5,+20.2,+20.2,+20.3,+20.8,+20.5,+20.5,+20.6
2024-04-30 11:16,1,+28.9,+39.7,+27.6,+32.2,+47.7,+49.5,+20.3,+20.2,+20.3,+20.8,+20.6,+20.5,+20.6
2024-04-30 12:16,1,+28.8,+39.6,+27.6,+32.2,+47.8,+49.5,+20.6,+20.3,+20.3,+20.8,+20.6,+20.6,+20.6
2024-04-30 13:16,1,+28.6,+39.6,+27.6,+32.2,+47.8,+49.5,+21.1,+20.3,+20.3,+20.8,+20.6,+20.5,+20.6
2024-04-30 14:16,1,+28.5,+39.5,+27.6,+32.2,+47.8,+49.5,+21.3,+20.5,+20.3,+20.8,+20.6,+20.6,+20.6
2024-04-30 15:16,1,+28.4,+39.5,+27.6,+32.1,+47.7,+49.5,+21.5,+20.5,+20.5,+21.0,+20.6,+20.6,+20.6
2024-04-30 16:16,1,+28.3,+39.5,+27.6,+32.2,+47.7,+49.5,+21.6,+20.6,+20.5,+20.8,+20.6,+20.6,+20.6
2024-04-30 17:16,1,+28.2,+39.4,+27.6,+32.1,+47.7,+49.5,+21.6,+20.7,+20.3,+20.8,+20.6,+20.5,+20.6
2024-04-30 18:16,1,+28.3,+39.4,+27.6,+32.2,+47.7,+49.5,+21.3,+20.8,+20.5,+20.8,+20.5,+20.6,+20.6
2024-04-30 19:16,1,+28.4,+39.4,+27.6,+32.2,+47.7,+49.5,+21.1,+20.8,+20.5,+20.8,+20.6,+20.6,+20.6
2024-04-30 20:16,1,+28.4,+39.4,+27.6,+32.2,+47.7,+49.5,+21.0,+20.8,+20.5,+20.8,+20.5,+20.6,+20.6
2024-04-30 21:16,1,+28.4,+39.4,+27.6,+32.1,+47.7,+49.5,+20.8,+20.8,+20.5,+20.8,+20.6,+20.6,+20.6
2024-04-30 22:16,1,+28.5,+39.4,+27.6,+32.0,+47.7,+49.5,+20.7,+20.8,+20.5,+20.8,+20.6,+20.6,+20.6
2024-04-30 23:16,1,+28.4,+39.4,+27.6,+32.1,+47.7,+49.5,+20.5,+20.8,+20.6,+20.8,+20.6,+20.6,+20.6
2024-05-01 00:16,1,+28.4,+39.3,+27.6,+32.1,+47.7,+49.5,+20.3,+20.7,+20.6,+20.8,+20.6,+20.6,+20.6
2024-05-01 01:16,1,+28.4,+39.3,+27.6,+32.1,+47.7,+49.5,+20.2,+20.7,+20.6,+20.8,+20.6,+20.6,+20.6
2024-05-01 02:16,1,+28.3,+39.3,+27.6,+32.0,+47.7,+49.5,+20.1,+20.6,+20.6,+21.0,+20.6,+20.6,+20.6
2024-05-01 03:16,1,+28.3,+39.3,+27.6,+31.9,+47.7,+49.4,+20.0,+20.5,+20.5,+21.0,+20.6,+20.6,+20.6
2024-05-01 04:16,1,+28.3,+39.3,+27.6,+31.9,+47.7,+49.4,+20.0,+20.5,+20.6,+21.0,+20.6,+20.6,+20.6
2024-05-01 05:16,1,+28.3,+39.3,+27.6,+32.0,+47.7,+49.4,+19.8,+20.3,+20.5,+21.0,+20.6,+20.6,+20.6
2024-05-01 06:16,1,+28.3,+39.3,+27.6,+31.9,+47.7,+49.4,+19.8,+20.3,+20.6,+20.8,+20.6,+20.6,+20.6
2024-05-01 07:16,1,+28.2,+39.2,+27.6,+32.0,+47.7,+49.5,+19.8,+20.3,+20.5,+21.0,+20.6,+20.6,+20.6
2024-05-01 08:16,1,+28.1,+39.2,+27.6,+32.0,+47.7,+49.4,+19.8,+20.3,+20.5,+21.0,+20.6,+20.6,+20.6
2024-05-01 09:16,1,+28.0,+39.2,+27.6,+31.9,+47.7,+49.4,+20.0,+20.3,+20.5,+20.8,+20.6,+20.6,+20.6
2024-05-01 10:16,1,+27.8,+39.1,+27.6,+31.9,+47.7,+49.4,+20.1,+20.2,+20.5,+21.0,+20.6,+20.6,+20.6
2024-05-01 11:16,1,+27.7,+39.1,+27.5,+31.9,+47.7,+49.4,+20.3,+20.3,+20.5,+21.0,+20.6,+20.6,+20.6
2024-05-01 12:16,1,+27.5,+39.0,+27.6,+31.9,+47.7,+49.4,+20.6,+20.2,+20.5,+20.8,+20.6,+20.6,+20.6
2024-05-01 13:16,1,+27.3,+39.0,+27.5,+31.9,+47.7,+49.4,+21.2,+20.3,+20.5,+21.0,+20.6,+20.6,+20.6
2024-05-01 14:16,1,+27.1,+38.9,+27.5,+31.9,+47.7,+49.4,+21.5,+20.5,+20.5,+21.0,+20.6,+20.6,+20.7
2024-05-01 15:16,1,+27.0,+38.9,+27.5,+32.0,+47.7,+49.4,+21.6,+20.6,+20.5,+21.0,+20.6,+20.6,+20.6
2024-05-01 16:16,1,+26.9,+38.8,+27.5,+32.0,+47.7,+49.4,+21.6,+20.7,+20.5,+21.0,+20.6,+20.6,+20.7
2024-05-01 17:16,1,+26.9,+38.8,+27.5,+31.8,+47.7,+49.4,+21.6,+20.7,+20.5,+21.0,+20.6,+20.6,+20.7
2024-05-01 18:16,1,+27.0,+38.8,+27.5,+31.8,+47.6,+49.4,+21.3,+20.8,+20.5,+21.0,+20.6,+20.6,+20.6
2024-05-01 19:16,1,+27.0,+38.8,+27.5,+31.9,+47.7,+49.4,+21.1,+20.8,+20.5,+21.0,+20.6,+20.7,+20.6
2024-05-01 20:16,1,+27.0,+38.8,+27.5,+31.9,+47.7,+49.4,+21.0,+20.8,+20.5,+20.8,+20.6,+20.6,+20.7
2024-05-01 21:16,1,+27.0,+38.8,+27.5,+31.8,+47.6,+49.4,+20.7,+20.7,+20.6,+21.0,+20.6,+20.6,+20.7
2024-05-01 22:16,1,+27.0,+38.8,+27.5,+31.9,+47.7,+49.4,+20.5,+20.7,+20.6,+21.0,+20.6,+20.6,+20.6
2024-05-01 23:16,1,+27.0,+38.7,+27.5,+31.9,+47.7,+49.4,+20.5,+20.7,+20.6,+20.8,+20.6,+20.6,+20.6
2024-05-02 00:16,1,+27.0,+38.7,+27.5,+31.8,+47.6,+49.4,+20.3,+20.7,+20.6,+21.0,+20.6,+20.6,+20.7
2024-05-02 01:16,1,+27.0,+38.7,+27.5,+31.7,+47.6,+49.4,+20.1,+20.6,+20.6,+21.0,+20.6,+20.6,+20.7
2024-05-02 02:16,1,+26.9,+38.7,+27.5,+31.7,+47.6,+49.4,+20.1,+20.6,+20.6,+21.0,+20.6,+20.6,+20.7
2024-05-02 03:16,1,+26.9,+38.7,+27.5,+31.8,+47.7,+49.4,+19.8,+20.6,+20.6,+21.0,+20.6,+20.6,+20.6
2024-05-02 04:16,1,+26.9,+38.7,+27.5,+31.8,+47.7,+49.4,+19.7,+20.5,+20.6,+21.0,+20.6,+20.7,+20.6
2024-05-02 05:16,1,+26.8,+38.6,+27.5,+31.7,+47.6,+49.4,+19.6,+20.5,+20.6,+21.0,+20.6,+20.6,+20.6
2024-05-02 06:16,1,+26.7,+38.6,+27.5,+31.7,+47.6,+49.4,+19.6,+20.3,+20.6,+21.0,+20.6,+20.6,+20.7
2024-05-02 07:16,1,+26.7,+38.6,+27.5,+31.8,+47.7,+49.4,+19.6,+20.2,+20.6,+21.0,+20.6,+20.6,+20.6
2024-05-02 08:16,1,+26.6,+38.6,+27.4,+31.7,+47.6,+49.4,+19.6,+20.2,+20.5,+21.0,+20.6,+20.6,+20.7
2024-05-02 09:16,1,+26.5,+38.5,+27.5,+31.7,+47.6,+49.4,+19.8,+20.2,+20.6,+21.0,+20.6,+20.6,+20.6
2024-05-02 10:16,1,+26.3,+38.5,+27.4,+31.7,+47.6,+49.4,+20.0,+20.2,+20.5,+21.0,+20.7,+20.6,+20.6
2024-05-02 11:16,1,+26.1,+38.4,+27.4,+31.7,+47.6,+49.4,+20.2,+20.1,+20.5,+21.0,+20.6,+20.6,+20.6
2024-05-02 12:16,1,+25.9,+38.4,+27.4,+31.8,+47.6,+49.4,+20.6,+20.2,+20.5,+21.0,+20.6,+20.7,+20.7
2024-05-02 13:16,1,+25.7,+38.3,+27.4,+31.7,+47.6,+49.4,+21.2,+20.2,+20.3,+21.0,+20.6,+20.6,+20.7
2024-05-02 14:16,1,+25.5,+38.2,+27.4,+31.6,+47.6,+49.4,+21.5,+20.3,+20.5,+21.0,+20.6,+20.6,+20.7
2024-05-02 15:16,1,+25.4,+38.2,+27.4,+31.8,+47.6,+49.4,+21.6,+20.5,+20.5,+21.0,+20.7,+20.6,+20.7
2024-05-02 16:16,1,+25.2,+38.1,+27.4,+31.7,+47.6,+49.4,+21.6,+20.6,+20.5,+21.0,+20.6,+20.6,+20.7
2024-05-02 17:16,1,+25.2,+38.1,+27.4,+31.7,+47.6,+49.4,+21.6,+20.7,+20.5,+21.0,+20.6,+20.6,+20.7
2024-05-02 18:16,1,+25.2,+38.1,+27.4,+31.6,+47.6,+49.4,+21.3,+20.7,+20.5,+21.0,+20.7,+20.6,+20.6
2024-05-02 19:16,1,+25.3,+38.1,+27.4,+31.7,+47.6,+49.4,+21.1,+20.8,+20.5,+21.0,+20.7,+20.6,+20.7
2024-05-02 20:16,1,+25.3,+38.1,+27.4,+31.6,+47.6,+49.4,+21.1,+20.8,+20.5,+21.0,+20.6,+20.6,+20.7
2024-05-02 21:16,1,+25.4,+38.1,+27.4,+31.6,+47.6,+49.4,+20.8,+20.8,+20.6,+21.0,+20.6,+20.6,+20.7
2024-05-02 22:16,1,+25.4,+38.1,+27.4,+31.7,+47.6,+49.4,+20.7,+20.8,+20.6,+21.0,+20.6,+20.6,+20.6
2024-05-02 23:16,1,+25.4,+38.1,+27.4,+31.6,+47.6,+49.4,+20.5,+20.7,+20.6,+21.0,+20.7,+20.6,+20.7
2024-05-03 00:16,1,+25.4,+38.1,+27.4,+31.6,+47.6,+49.4,+20.3,+20.7,+20.6,+21.0,+20.6,+20.7,+20.7
2024-05-03 01:16,1,+25.4,+38.1,+27.4,+31.6,+47.6,+49.4,+20.3,+20.7,+20.6,+21.0,+20.6,+20.6,+20.7
2024-05-03 02:16,1,+25.4,+38.0,+27.4,+31.6,+47.6,+49.4,+20.2,+20.6,+20.6,+21.0,+20.6,+20.7,+20.7
2024-05-03 03:16,1,+25.3,+38.0,+27.4,+31.5,+47.6,+49.4,+20.1,+20.6,+20.6,+21.0,+20.6,+20.7,+20.7
2024-05-03 04:16,1,+25.3,+38.0,+27.4,+31.6,+47.6,+49.4,+20.0,+20.5,+20.6,+21.0,+20.7,+20.7,+20.7
2024-05-03 05:16,1,+25.3,+38.0,+27.4,+31.6,+47.6,+49.4,+19.8,+20.5,+20.6,+21.0,+20.6,+20.6,+20.7
2024-05-03 06:16,1,+25.3,+38.0,+27.4,+31.5,+47.6,+49.4,+19.8,+20.5,+20.6,+21.0,+20.7,+20.7,+20.7
2024-05-03 07:16,1,+25.3,+38.0,+27.4,+31.6,+47.6,+49.4,+19.8,+20.3,+20.6,+21.0,+20.7,+20.7,+20.7
2024-05-03 08:16,1,+25.2,+37.9,+27.4,+31.5,+47.6,+49.4,+20.0,+20.3,+20.6,+21.0,+20.7,+20.6,+20.7
2024-05-03 09:16,1,+25.0,+37.9,+27.4,+31.5,+47.6,+49.4,+20.1,+20.3,+20.6,+21.1,+20.7,+20.7,+20.7
2024-05-03 10:16,1,+24.9,+37.8,+27.4,+31.4,+47.6,+49.4,+20.2,+20.3,+20.5,+21.0,+20.7,+20.7,+20.7
2024-05-03 11:16,1,+24.8,+37.8,+27.4,+31.6,+47.6,+49.4,+20.5,+20.3,+20.6,+21.0,+20.7,+20.7,+20.7
2024-05-03 12:16,1,+24.6,+37.7,+27.4,+31.4,+47.6,+49.4,+20.8,+20.3,+20.5,+21.0,+20.7,+20.7,+20.7
2024-05-03 13:16,1,+24.3,+37.7,+27.3,+31.4,+47.6,+49.4,+21.5,+20.5,+20.5,+21.0,+20.7,+20.7,+20.7
2024-05-03 14:16,1,+24.2,+37.7,+27.3,+31.5,+47.6,+49.4,+21.7,+20.5,+20.5,+21.0,+20.6,+20.7,+20.7
2024-05-03 15:16,1,+24.1,+37.6,+27.3,+31.5,+47.6,+49.4,+21.6,+20.6,+20.5,+21.1,+20.7,+20.6,+20.7
2024-05-03 16:16,1,+24.1,+37.6,+27.3,+31.5,+47.6,+49.4,+21.7,+20.7,+20.6,+21.0,+20.7,+20.7,+20.7
2024-05-03 17:16,1,+24.0,+37.6,+27.3,+31.5,+47.6,+49.4,+21.6,+20.8,+20.6,+21.0,+20.7,+20.7,+20.7
2024-05-03 18:16,1,+24.1,+37.6,+27.3,+31.4,+47.6,+49.4,+21.3,+20.8,+20.5,+21.0,+20.7,+20.7,+20.7
2024-05-03 19:16,1,+24.1,+37.5,+27.3,+31.4,+47.5,+49.4,+21.2,+20.8,+20.6,+21.1,+20.7,+20.7,+20.7
2024-05-03 20:16,1,+24.1,+37.6,+27.3,+31.5,+47.6,+49.4,+21.1,+20.8,+20.6,+21.0,+20.7,+20.7,+20.7
2024-05-03 21:16,1,+24.1,+37.5,+27.3,+31.5,+47.6,+49.4,+21.0,+20.8,+20.6,+21.1,+20.7,+20.7,+20.7
2024-05-03 22:16,1,+24.1,+37.5,+27.3,+31.5,+47.6,+49.4,+20.8,+20.8,+20.6,+21.0,+20.6,+20.7,+20.7
2024-05-03 23:16,1,+24.2,+37.5,+27.3,+31.5,+47.6,+49.4,+20.7,+20.8,+20.6,+21.1,+20.7,+20.7,+20.7
2024-05-04 00:16,1,+24.2,+37.5,+27.3,+31.5,+47.6,+49.4,+20.6,+20.7,+20.6,+21.0,+20.7,+20.7,+20.7
2024-05-04 01:16,1,+24.2,+37.5,+27.3,+31.4,+47.6,+49.4,+20.5,+20.7,+20.6,+21.1,+20.7,+20.7,+20.7
2024-05-04 02:16,1,+24.2,+37.5,+27.3,+31.5,+47.6,+49.4,+20.3,+20.7,+20.7,+21.1,+20.7,+20.7,+20.7
2024-05-04 03:16,1,+24.3,+37.5,+27.3,+31.3,+47.5,+49.4,+20.2,+20.7,+20.6,+21.1,+20.7,+20.7,+20.7
2024-05-04 04:16,1,+24.3,+37.5,+27.3,+31.3,+47.5,+49.4,+20.2,+20.6,+20.7,+21.1,+20.7,+20.7,+20.7
2024-05-04 05:16,1,+24.3,+37.5,+27.3,+31.3,+47.5,+49.4,+20.1,+20.6,+20.7,+21.0,+20.7,+20.7,+20.7
2024-05-04 06:16,1,+24.3,+37.5,+27.3,+31.3,+47.5,+49.4,+20.0,+20.6,+20.6,+21.1,+20.7,+20.7,+20.7
2024-05-04 07:16,1,+24.3,+37.5,+27.3,+31.3,+47.5,+49.4,+20.1,+20.5,+20.7,+21.1,+20.7,+20.7,+20.7
2024-05-04 08:16,1,+24.2,+37.5,+27.3,+31.3,+47.5,+49.4,+20.2,+20.5,+20.7,+21.1,+20.7,+20.7,+20.7
2024-05-04 09:16,1,+24.0,+37.4,+27.3,+31.3,+47.5,+49.4,+20.3,+20.5,+20.6,+21.1,+20.7,+20.7,+20.7
2024-05-04 10:16,1,+23.9,+37.4,+27.3,+31.4,+47.6,+49.4,+20.6,+20.5,+20.6,+21.1,+20.7,+20.7,+20.7
2024-05-04 11:16,1,+23.8,+37.4,+27.3,+31.4,+47.6,+49.4,+20.7,+20.6,+20.6,+21.1,+20.7,+20.7,+20.7
2024-05-04 12:16,1,+23.6,+37.3,+27.3,+31.4,+47.6,+49.4,+21.1,+20.5,+20.6,+21.1,+20.7,+20.7,+20.7
2024-05-04 13:16,1,+23.4,+37.3,+27.3,+31.4,+47.6,+49.4,+21.7,+20.6,+20.6,+21.1,+20.7,+20.7,+20.7
2024-05-04 14:16,1,+23.3,+37.2,+27.3,+31.2,+47.5,+49.3,+22.0,+20.7,+20.6,+21.1,+20.7,+20.7,+20.7
2024-05-04 15:16,1,+23.2,+37.2,+27.3,+31.2,+47.5,+49.3,+22.0,+20.8,+20.6,+21.0,+20.7,+20.7,+20.7
2024-05-04 16:16,1,+23.0,+37.1,+27.3,+31.4,+47.6,+49.4,+22.1,+20.8,+20.6,+21.1,+20.7,+20.7,+20.7
2024-05-04 17:16,1,+23.0,+37.1,+27.3,+31.3,+47.5,+49.4,+22.0,+21.0,+20.6,+21.1,+20.7,+20.7,+20.7
2024-05-04 18:16,1,+23.0,+37.1,+27.3,+31.2,+47.5,+49.3,+21.7,+21.1,+20.7,+21.0,+20.7,+20.7,+20.7
2024-05-04 19:16,1,+23.1,+37.1,+27.3,+31.3,+47.6,+49.4,+21.5,+21.1,+20.7,+21.1,+20.7,+20.7,+20.7
2024-05-04 20:16,1,+23.1,+37.1,+27.3,+31.2,+47.5,+49.3,+21.3,+21.1,+20.7,+21.1,+20.7,+20.7,+20.8
2024-05-04 21:16,1,+23.1,+37.1,+27.3,+31.3,+47.5,+49.4,+21.2,+21.1,+20.7,+21.1,+20.7,+20.7,+20.7
2024-05-04 22:16,1,+23.2,+37.1,+27.3,+31.3,+47.5,+49.4,+21.0,+21.1,+20.7,+21.1,+20.7,+20.7,+20.7
2024-05-04 23:16,1,+23.2,+37.1,+27.2,+31.3,+47.5,+49.4,+20.8,+21.0,+20.8,+21.1,+20.7,+20.7,+20.7
2024-05-05 00:16,1,+23.2,+37.1,+27.2,+31.2,+47.5,+49.3,+20.7,+21.0,+20.8,+21.1,+20.7,+20.7,+20.8
2024-05-05 01:16,1,+23.2,+37.1,+27.2,+31.3,+47.5,+49.4,+20.6,+21.0,+20.8,+21.1,+20.7,+20.7,+20.7
2024-05-05 02:16,1,+23.2,+37.1,+27.2,+31.2,+47.5,+49.3,+20.5,+20.8,+20.8,+21.1,+20.7,+20.7,+20.7
2024-05-05 03:16,1,+23.2,+37.0,+27.2,+31.1,+47.5,+49.3,+20.5,+20.8,+20.8,+21.1,+20.7,+20.7,+20.7
2024-05-05 04:16,1,+23.2,+37.0,+27.2,+31.2,+47.6,+49.4,+20.2,+20.7,+20.8,+21.1,+20.8,+20.7,+20.7
2024-05-05 05:16,1,+23.2,+37.0,+27.2,+31.1,+47.5,+49.3,+20.1,+20.7,+20.8,+21.1,+20.7,+20.7,+20.7
2024-05-05 06:16,1,+23.2,+37.0,+27.2,+31.1,+47.5,+49.3,+20.1,+20.7,+20.8,+21.1,+20.7,+20.7,+20.7
2024-05-05 07:16,1,+23.1,+37.0,+27.2,+31.2,+47.5,+49.3,+20.0,+20.6,+20.7,+21.1,+20.7,+20.7,+20.7
2024-05-05 08:16,1,+23.0,+36.9,+27.2,+31.2,+47.5,+49.3,+20.1,+20.6,+20.7,+21.2,+20.8,+20.7,+20.7
2024-05-05 09:16,1,+22.9,+36.9,+27.2,+31.2,+47.5,+49.3,+20.2,+20.6,+20.7,+21.1,+20.7,+20.8,+20.7
2024-05-05 10:16,1,+22.8,+36.9,+27.2,+31.2,+47.5,+49.3,+20.5,+20.5,+20.7,+21.1,+20.7,+20.7,+20.7
2024-05-05 11:16,1,+22.6,+36.8,+27.2,+31.2,+47.5,+49.3,+20.7,+20.6,+20.7,+21.2,+20.7,+20.7,+20.7
2024-05-05 12:16,1,+22.5,+36.8,+27.2,+31.2,+47.5,+49.3,+21.1,+20.6,+20.7,+21.1,+20.7,+20.7,+20.8
2024-05-05 13:16,1,+22.3,+36.7,+27.2,+31.2,+47.5,+49.3,+21.6,+20.6,+20.6,+21.1,+20.7,+20.7,+20.8
2024-05-05 14:16,1,+22.2,+36.7,+27.2,+31.2,+47.5,+49.3,+21.5,+20.7,+20.6,+21.1,+20.8,+20.8,+20.8
2024-05-05 15:16,1,+22.1,+36.7,+27.2,+31.0,+47.5,+49.3,+21.6,+20.8,+20.7,+21.2,+20.7,+20.8,+20.8
2024-05-05 16:16,1,+22.1,+36.7,+27.2,+31.2,+47.5,+49.3,+21.5,+20.8,+20.7,+21.1,+20.7,+20.7,+20.8
2024-05-05 17:16,1,+22.0,+36.6,+27.2,+31.0,+47.5,+49.3,+21.3,+21.0,+20.7,+21.1,+20.7,+20.8,+20.8
2024-05-05 18:16,1,+22.1,+36.6,+27.2,+31.0,+47.5,+49.3,+21.2,+21.0,+20.7,+21.1,+20.7,+20.8,+20.7
2024-05-05 19:16,1,+22.1,+36.6,+27.2,+31.0,+47.6,+49.3,+21.1,+21.0,+20.7,+21.1,+20.7,+20.7,+20.8
2024-05-05 20:16,1,+22.1,+36.6,+27.2,+31.1,+47.8,+49.3,+21.0,+21.0,+20.7,+21.1,+20.8,+20.7,+20.7
2024-05-05 21:16,1,+22.1,+36.6,+27.2,+31.1,+47.8,+49.3,+20.7,+20.8,+20.7,+21.1,+20.8,+20.7,+20.8
2024-05-05 22:16,1,+22.1,+36.6,+27.2,+31.1,+47.8,+49.3,+20.6,+20.8,+20.7,+21.1,+20.8,+20.8,+20.8
2024-05-05 23:16,1,+22.2,+36.6,+27.2,+31.0,+47.7,+49.3,+20.5,+20.8,+20.7,+21.1,+20.8,+20.8,+20.7
2024-05-06 00:16,1,+22.1,+36.6,+27.2,+31.0,+47.7,+49.3,+20.3,+20.8,+20.8,+21.1,+20.7,+20.8,+20.7
2024-05-06 01:16,1,+22.1,+36.6,+27.2,+31.0,+47.8,+49.3,+20.2,+20.7,+20.7,+21.1,+20.8,+20.7,+20.7
2024-05-06 02:16,1,+22.1,+36.6,+27.2,+31.0,+47.8,+49.3,+20.0,+20.6,+20.7,+21.1,+20.8,+20.7,+20.8
2024-05-06 03:16,1,+22.1,+36.5,+27.2,+31.0,+47.8,+49.3,+19.8,+20.6,+20.8,+21.1,+20.7,+20.8,+20.7
2024-05-06 04:16,1,+22.1,+36.5,+27.2,+31.0,+47.8,+49.3,+19.7,+20.5,+20.7,+21.1,+20.8,+20.7,+20.7
2024-05-06 05:16,1,+22.1,+36.5,+27.2,+30.8,+47.7,+49.3,+19.7,+20.5,+20.7,+21.2,+20.8,+20.7,+20.7
2024-05-06 06:16,1,+22.0,+36.5,+27.2,+31.0,+47.8,+49.3,+19.6,+20.5,+20.7,+21.2,+20.7,+20.7,+20.8
2024-05-06 07:16,1,+21.9,+36.4,+27.2,+30.8,+47.7,+49.3,+19.5,+20.3,+20.7,+21.1,+20.8,+20.8,+20.8
2024-05-06 08:16,1,+21.9,+36.4,+27.2,+30.9,+47.8,+49.3,+19.6,+20.3,+20.6,+21.2,+20.8,+20.8,+20.7
2024-05-06 09:16,1,+21.7,+36.4,+27.1,+30.8,+47.7,+49.2,+19.7,+20.2,+20.7,+21.2,+20.8,+20.7,+20.8
2024-05-06 10:16,1,+21.6,+36.3,+27.1,+30.9,+47.9,+49.3,+20.0,+20.2,+20.7,+21.1,+20.8,+20.8,+20.8
2024-05-06 11:16,1,+21.5,+36.3,+27.1,+30.8,+47.8,+49.3,+20.2,+20.2,+20.6,+21.1,+20.8,+20.8,+20.8
2024-05-06 12:16,1,+21.3,+36.3,+27.1,+30.8,+47.8,+49.3,+20.8,+20.2,+20.6,+21.2,+20.8,+20.8,+20.8
2024-05-06 13:16,1,+21.1,+36.2,+27.1,+30.8,+47.8,+49.3,+21.5,+20.3,+20.6,+21.1,+20.8,+20.8,+20.8
2024-05-06 14:16,1,+21.0,+36.1,+27.1,+30.7,+47.8,+49.2,+21.5,+20.5,+20.6,+21.1,+20.8,+20.8,+20.7
2024-05-06 15:16,1,+20.9,+36.1,+27.1,+30.7,+47.8,+49.3,+21.6,+20.6,+20.5,+21.1,+20.8,+20.8,+20.7
2024-05-06 16:16,1,+20.8,+36.1,+27.1,+30.8,+47.9,+49.3,+21.7,+20.7,+20.6,+21.1,+20.7,+20.8,+20.8
2024-05-06 17:16,1,+20.8,+36.0,+27.1,+30.7,+47.8,+49.2,+21.6,+20.7,+20.6,+21.1,+20.8,+20.7,+20.8
2024-05-06 18:16,1,+20.7,+36.0,+27.1,+30.8,+47.8,+49.3,+21.3,+20.8,+20.6,+21.1,+20.8,+20.7,+20.8
2024-05-06 19:16,1,+20.8,+36.0,+27.1,+30.8,+47.8,+49.3,+21.1,+20.8,+20.6,+21.1,+20.7,+20.8,+20.8
2024-05-06 20:16,1,+20.8,+36.0,+27.1,+30.6,+47.8,+49.2,+21.0,+20.8,+20.6,+21.1,+20.8,+20.8,+20.8
2024-05-06 21:16,1,+20.8,+36.0,+27.1,+30.8,+47.8,+49.3,+20.8,+20.8,+20.6,+21.1,+20.8,+20.8,+20.8
2024-05-06 22:16,1,+20.9,+36.0,+27.1,+30.7,+47.9,+49.3,+20.7,+20.8,+20.7,+21.1,+20.8,+20.7,+20.8
2024-05-06 23:16,1,+20.9,+36.0,+27.1,+30.6,+47.8,+49.2,+20.6,+20.7,+20.7,+21.1,+20.8,+20.8,+20.8
2024-05-07 00:16,1,+20.9,+36.0,+27.1,+30.6,+47.8,+49.2,+20.5,+20.7,+20.7,+21.1,+20.7,+20.8,+20.8
2024-05-07 01:16,1,+20.8,+36.0,+27.1,+30.7,+47.8,+49.3,+20.3,+20.7,+20.7,+21.1,+20.7,+20.7,+20.7
2024-05-07 02:16,1,+20.8,+36.0,+27.1,+30.6,+47.8,+49.2,+20.2,+20.7,+20.6,+21.1,+20.7,+20.7,+20.8
2024-05-07 03:16,1,+20.8,+35.9,+27.0,+30.6,+47.8,+49.2,+20.1,+20.7,+20.7,+21.1,+20.8,+20.8,+20.8
2024-05-07 04:16,1,+20.8,+35.9,+27.1,+30.7,+47.8,+49.3,+20.1,+20.6,+20.7,+21.1,+20.8,+20.8,+20.8
2024-05-07 05:16,1,+20.8,+35.9,+27.0,+30.7,+47.8,+49.2,+20.0,+20.6,+20.7,+21.1,+20.8,+20.8,+20.8
2024-05-07 06:16,1,+20.8,+35.9,+27.0,+30.8,+47.9,+49.3,+19.8,+20.6,+20.7,+21.1,+20.8,+20.8,+20.8
2024-05-07 07:16,1,+20.8,+35.8,+27.0,+30.8,+47.8,+49.3,+19.8,+20.5,+20.6,+21.1,+20.8,+20.8,+20.8
2024-05-07 08:16,1,+20.7,+35.8,+27.0,+30.8,+47.8,+49.2,+20.0,+20.5,+20.7,+21.1,+20.8,+20.8,+20.8
2024-05-07 09:16,1,+20.6,+35.8,+27.0,+30.9,+47.8,+49.3,+20.2,+20.3,+20.6,+21.1,+20.8,+20.8,+20.8
2024-05-07 10:16,1,+20.5,+35.8,+27.0,+31.0,+47.8,+49.2,+20.5,+20.5,+20.6,+21.1,+20.8,+20.8,+20.8
2024-05-07 11:16,1,+20.4,+35.7,+27.0,+31.1,+47.8,+49.2,+20.7,+20.5,+20.6,+21.1,+20.8,+20.8,+20.8
2024-05-07 12:16,1,+20.2,+35.7,+27.0,+31.1,+47.8,+49.2,+21.1,+20.5,+20.6,+21.1,+20.8,+20.8,+20.8
2024-05-07 13:16,1,+20.1,+35.6,+27.0,+31.0,+47.8,+49.2,+21.7,+20.6,+20.6,+21.1,+20.8,+20.8,+20.8
2024-05-07 14:16,1,+20.0,+35.5,+27.0,+30.9,+47.8,+49.2,+21.8,+20.7,+20.6,+21.1,+20.8,+20.8,+20.8
2024-05-07 15:16,1,+20.0,+35.5,+27.0,+30.9,+47.8,+49.2,+21.8,+20.7,+20.6,+21.1,+20.8,+20.8,+20.8
2024-05-07 16:16,1,+20.0,+35.5,+27.0,+31.0,+47.8,+49.2,+21.7,+20.8,+20.6,+21.1,+20.8,+20.8,+20.8
2024-05-07 17:16,1,+20.0,+35.5,+27.0,+30.9,+47.8,+49.2,+21.6,+21.0,+20.6,+21.1,+20.8,+20.8,+20.8
2024-05-07 18:16,1,+20.0,+35.5,+27.0,+30.9,+47.8,+49.2,+21.3,+21.0,+20.6,+21.1,+20.8,+20.8,+20.8
2024-05-07 19:16,1,+20.0,+35.5,+27.0,+30.9,+47.8,+49.2,+21.3,+21.0,+20.7,+21.1,+20.8,+20.8,+20.8
2024-05-07 20:16,1,+20.0,+35.5,+27.0,+30.9,+47.7,+49.2,+21.1,+21.0,+20.7,+21.1,+20.8,+20.8,+20.8
2024-05-07 21:16,1,+20.0,+35.5,+27.0,+31.0,+47.8,+49.2,+21.1,+21.0,+20.7,+21.1,+20.8,+20.8,+20.8
2024-05-07 22:16,1,+20.0,+35.5,+27.0,+30.8,+47.7,+49.2,+21.0,+21.0,+20.7,+21.1,+20.8,+20.8,+20.8
2024-05-07 23:16,1,+20.0,+35.5,+27.0,+30.9,+47.8,+49.2,+21.0,+20.8,+20.7,+21.1,+20.8,+20.8,+20.8
2024-05-08 00:16,1,+20.0,+35.4,+27.0,+30.8,+47.7,+49.2,+20.8,+21.0,+20.8,+21.1,+20.8,+20.8,+20.8
2024-05-08 01:16,1,+20.0,+35.4,+27.0,+30.8,+47.7,+49.2,+20.7,+20.8,+20.7,+21.1,+20.8,+20.8,+20.8
2024-05-08 02:16,1,+20.1,+35.4,+27.0,+30.9,+47.8,+49.2,+20.7,+20.8,+20.7,+21.2,+20.8,+20.8,+20.8
2024-05-08 03:16,1,+20.1,+35.4,+27.0,+30.8,+47.8,+49.2,+20.7,+20.8,+20.8,+21.1,+20.8,+20.8,+20.8
2024-05-08 04:16,1,+20.1,+35.4,+27.0,+30.9,+47.8,+49.2,+20.6,+20.8,+20.8,+21.2,+20.8,+20.8,+20.8
2024-05-08 05:16,1,+20.1,+35.4,+27.0,+30.9,+47.8,+49.2,+20.6,+20.8,+20.7,+21.2,+20.8,+20.8,+20.8
2024-05-08 06:16,1,+20.1,+35.4,+27.0,+30.8,+47.7,+49.2,+20.6,+20.8,+20.8,+21.2,+20.8,+20.7,+20.8
2024-05-08 07:16,1,+20.1,+35.4,+27.0,+30.8,+47.7,+49.2,+20.6,+20.7,+20.8,+21.2,+20.8,+20.8,+20.8
2024-05-08 08:16,1,+20.1,+35.4,+27.0,+30.8,+47.8,+49.2,+20.7,+20.7,+20.7,+21.2,+20.8,+20.8,+20.8
2024-05-08 09:16,1,+20.0,+35.4,+27.0,+30.8,+47.8,+49.2,+20.8,+20.8,+20.7,+21.2,+20.7,+20.8,+20.8
2024-05-08 10:16,1,+20.0,+35.3,+27.0,+30.7,+47.7,+49.2,+20.8,+20.8,+20.7,+21.1,+20.8,+20.8,+20.8
2024-05-08 11:16,1,+20.0,+35.3,+27.0,+30.7,+47.7,+49.2,+21.0,+20.8,+20.7,+21.2,+20.8,+20.8,+20.8
2024-05-08 12:16,1,+20.0,+35.3,+27.0,+30.8,+47.8,+49.2,+21.2,+20.8,+20.7,+21.2,+20.8,+20.8,+20.8
2024-05-08 13:16,1,+19.9,+35.3,+27.0,+30.7,+47.7,+49.2,+21.3,+20.8,+20.8,+21.2,+20.8,+20.8,+20.8
2024-05-08 14:16,1,+19.8,+35.3,+27.0,+30.8,+47.8,+49.2,+21.3,+20.8,+20.7,+21.2,+20.8,+20.8,+20.8
2024-05-08 15:16,1,+19.9,+35.3,+27.0,+30.7,+47.7,+49.2,+21.3,+21.0,+20.8,+21.2,+20.8,+20.8,+20.8
2024-05-08 16:16,1,+19.9,+35.2,+26.9,+30.8,+47.8,+49.2,+21.2,+21.0,+20.8,+21.2,+20.8,+20.8,+20.8
2024-05-08 17:16,1,+19.9,+35.2,+27.0,+30.7,+47.7,+49.2,+21.1,+21.0,+20.8,+21.2,+20.8,+20.8,+20.8
2024-05-08 18:16,1,+19.9,+35.2,+27.0,+30.8,+47.8,+49.2,+21.0,+21.0,+20.8,+21.2,+20.8,+20.8,+20.8
2024-05-08 19:16,1,+19.9,+35.2,+26.9,+30.7,+47.7,+49.2,+20.8,+21.0,+20.8,+21.1,+20.8,+20.8,+20.8
2024-05-08 20:16,1,+19.9,+35.2,+26.9,+30.7,+47.7,+49.2,+20.7,+21.0,+20.8,+21.2,+20.8,+20.8,+20.8
2024-05-08 21:16,1,+19.9,+35.2,+26.9,+30.7,+47.7,+49.2,+20.7,+20.8,+20.8,+21.1,+20.8,+20.8,+20.8
2024-05-08 22:16,1,+19.9,+35.2,+26.9,+30.7,+47.7,+49.2,+20.6,+20.8,+20.8,+21.2,+20.8,+20.8,+20.8
2024-05-08 23:16,1,+19.9,+35.2,+26.9,+30.6,+47.7,+49.1,+20.6,+20.8,+20.8,+21.2,+20.8,+20.8,+20.8
2024-05-09 00:16,1,+19.9,+35.2,+26.9,+30.8,+47.8,+49.2,+20.6,+20.8,+20.8,+21.2,+20.8,+20.8,+20.8
2024-05-09 01:16,1,+19.9,+35.1,+26.9,+30.6,+47.7,+49.1,+20.5,+20.7,+20.8,+21.2,+20.8,+20.8,+20.8
2024-05-09 02:16,1,+20.0,+35.1,+26.9,+30.7,+47.8,+49.2,+20.5,+20.7,+20.8,+21.2,+20.8,+20.8,+20.8
2024-05-09 03:16,1,+20.0,+35.1,+26.9,+30.7,+47.8,+49.2,+20.5,+20.7,+20.8,+21.1,+20.8,+20.8,+20.8
2024-05-09 04:16,1,+20.0,+35.1,+26.9,+30.7,+47.8,+49.2,+20.3,+20.7,+20.8,+21.2,+20.8,+20.8,+20.8
2024-05-09 05:16,1,+20.0,+35.1,+26.9,+30.6,+47.7,+49.1,+20.3,+20.7,+20.8,+21.2,+20.8,+20.8,+20.8
2024-05-09 06:16,1,+20.0,+35.1,+26.9,+30.7,+47.8,+49.2,+20.3,+20.7,+20.7,+21.2,+20.8,+20.8,+20.8
2024-05-09 07:16,1,+20.0,+35.1,+26.9,+30.7,+47.8,+49.2,+20.3,+20.6,+20.8,+21.2,+20.8,+20.8,+20.8
2024-05-09 08:16,1,+20.0,+35.1,+26.9,+30.6,+47.7,+49.1,+20.3,+20.6,+20.7,+21.2,+20.8,+20.8,+20.8
2024-05-09 09:16,1,+19.9,+35.0,+26.9,+30.6,+47.7,+49.1,+20.6,+20.6,+20.7,+21.2,+20.8,+20.8,+20.8
2024-05-09 10:16,1,+19.8,+35.0,+26.9,+30.7,+47.7,+49.2,+20.8,+20.7,+20.7,+21.2,+20.8,+20.8,+20.8
2024-05-09 11:16,1,+19.7,+34.9,+26.9,+30.7,+47.7,+49.2,+21.0,+20.7,+20.7,+21.2,+20.8,+20.8,+20.8
2024-05-09 12:16,1,+19.6,+34.9,+26.9,+30.7,+47.7,+49.2,+21.3,+20.7,+20.7,+21.2,+20.8,+20.8,+20.8
2024-05-09 13:16,1,+19.5,+34.9,+26.9,+30.6,+47.7,+49.1,+21.5,+20.7,+20.7,+21.2,+20.8,+20.8,+20.8
2024-05-09 14:16,1,+19.4,+34.8,+26.9,+30.7,+47.8,+49.2,+21.7,+20.8,+20.7,+21.2,+20.8,+20.8,+20.8
2024-05-09 15:16,1,+19.4,+34.8,+26.9,+30.7,+47.8,+49.2,+21.8,+20.8,+20.7,+21.2,+20.8,+20.8,+20.8
2024-05-09 16:16,1,+19.3,+34.8,+26.9,+30.7,+47.7,+49.2,+21.8,+21.0,+20.7,+21.2,+20.8,+20.8,+20.8
2024-05-09 17:16,1,+20.2,+35.7,+26.9,+30.6,+47.7,+49.1,+21.8,+21.1,+20.8,+21.2,+20.8,+20.8,+20.8
2024-05-09 18:16,1,+21.1,+39.3,+27.0,+31.0,+47.8,+49.2,+21.7,+21.2,+20.8,+21.2,+20.8,+20.8,+20.8
2024-05-09 19:16,1,+20.6,+36.9,+27.0,+31.4,+47.8,+49.2,+21.6,+21.2,+20.8,+21.2,+20.8,+20.8,+20.8
2024-05-09 20:16,1,+20.5,+36.3,+27.0,+31.6,+47.9,+49.2,+21.5,+21.1,+20.8,+21.2,+20.8,+20.8,+20.8
2024-05-09 21:16,1,+20.4,+36.1,+27.0,+31.6,+47.8,+49.2,+21.3,+21.1,+20.8,+21.2,+20.8,+20.8,+20.8
2024-05-09 22:16,1,+20.4,+35.9,+27.0,+31.6,+47.8,+49.2,+21.2,+21.2,+20.8,+21.2,+20.8,+20.8,+20.8
2024-05-09 23:16,1,+20.4,+35.9,+26.9,+31.7,+47.9,+49.2,+21.1,+21.2,+20.8,+21.2,+20.8,+20.8,+20.8
2024-05-10 00:16,1,+20.4,+35.8,+26.9,+31.6,+47.8,+49.1,+21.0,+21.1,+20.8,+21.2,+20.8,+20.8,+20.8
2024-05-10 01:16,1,+20.4,+35.7,+26.9,+31.6,+47.8,+49.1,+21.0,+21.1,+21.0,+21.2,+20.8,+20.8,+20.8
2024-05-10 02:16,1,+20.4,+35.7,+26.9,+31.7,+47.9,+49.1,+20.8,+21.1,+21.0,+21.2,+20.8,+20.8,+20.8
2024-05-10 03:16,1,+20.6,+35.7,+26.9,+31.7,+47.8,+49.1,+20.7,+21.1,+20.8,+21.2,+20.8,+21.0,+20.8
2024-05-10 04:16,1,+20.6,+35.7,+26.9,+31.7,+47.8,+49.1,+20.7,+21.0,+21.0,+21.2,+21.0,+20.8,+20.8
2024-05-10 05:16,1,+20.6,+35.6,+26.9,+31.6,+47.8,+49.1,+20.6,+21.0,+21.0,+21.2,+20.8,+20.8,+20.8
2024-05-10 06:16,1,+20.6,+35.6,+26.9,+31.7,+47.9,+49.2,+20.6,+20.8,+21.0,+21.2,+20.8,+21.0,+20.8
2024-05-10 07:16,1,+20.6,+35.5,+26.9,+31.6,+47.8,+49.1,+20.6,+20.8,+21.0,+21.2,+21.0,+20.8,+20.8
2024-05-10 08:16,1,+20.6,+35.5,+26.9,+31.6,+47.8,+49.1,+20.7,+20.8,+21.0,+21.3,+20.8,+20.8,+21.0
2024-05-10 09:16,1,+20.5,+35.5,+26.9,+31.7,+47.8,+49.2,+20.8,+20.8,+20.8,+21.2,+20.8,+20.8,+20.8
2024-05-10 10:16,1,+20.4,+35.4,+26.9,+31.6,+47.8,+49.1,+21.1,+20.8,+20.8,+21.3,+20.8,+20.8,+21.0
2024-05-10 11:16,1,+20.3,+35.4,+26.9,+31.7,+47.8,+49.2,+21.3,+20.8,+20.8,+21.3,+21.0,+20.8,+20.8
2024-05-10 12:16,1,+20.2,+35.3,+26.9,+31.6,+47.8,+49.1,+21.6,+21.0,+20.8,+21.2,+21.0,+20.8,+20.8
2024-05-10 13:16,1,+20.2,+35.3,+26.9,+31.5,+47.8,+49.1,+21.7,+21.0,+20.8,+21.2,+21.0,+21.0,+20.8
2024-05-10 14:16,1,+20.2,+35.2,+26.9,+31.7,+47.8,+49.1,+21.6,+21.1,+20.8,+21.2,+21.0,+20.8,+20.8
2024-05-10 15:16,1,+20.1,+35.2,+26.9,+31.7,+47.8,+49.1,+21.8,+21.1,+21.0,+21.2,+20.8,+21.0,+20.8
2024-05-10 16:16,1,+20.1,+35.2,+26.9,+31.6,+47.8,+49.1,+22.0,+21.2,+21.0,+21.2,+21.0,+20.8,+20.8
2024-05-10 17:16,1,+20.3,+35.1,+26.9,+31.6,+47.8,+49.1,+21.8,+21.2,+21.0,+21.2,+21.0,+20.8,+20.8
2024-05-10 18:16,1,+20.4,+35.1,+26.9,+31.6,+47.8,+49.1,+21.7,+21.2,+21.0,+21.3,+21.0,+20.8,+20.8
2024-05-10 19:16,1,+22.6,+41.4,+27.3,+31.7,+47.8,+49.1,+21.5,+21.3,+21.0,+21.3,+21.0,+20.8,+20.8
2024-05-10 20:16,1,+24.1,+42.4,+28.9,+32.2,+47.9,+49.1,+21.3,+21.2,+21.0,+21.3,+21.0,+20.8,+21.0
2024-05-10 21:16,1,+23.4,+41.0,+28.5,+32.3,+47.8,+49.1,+21.3,+21.2,+21.1,+21.3,+21.0,+21.0,+20.8
2024-05-10 22:16,1,+23.1,+40.4,+28.2,+32.4,+47.9,+49.1,+21.2,+21.2,+21.1,+21.3,+20.8,+20.8,+20.8
2024-05-10 23:16,1,+23.0,+40.0,+28.1,+32.4,+47.9,+49.1,+21.2,+21.2,+21.0,+21.3,+21.0,+21.0,+20.8
2024-05-11 00:16,1,+23.0,+39.8,+27.9,+32.4,+47.8,+49.1,+21.2,+21.2,+21.0,+21.3,+21.0,+21.0,+20.8
2024-05-11 01:16,1,+23.0,+39.6,+27.8,+32.4,+47.8,+49.1,+21.2,+21.2,+21.1,+21.3,+21.0,+21.0,+20.8
2024-05-11 02:16,1,+23.0,+39.4,+27.8,+32.4,+47.8,+49.1,+21.2,+21.2,+21.0,+21.3,+21.0,+21.0,+20.8
2024-05-11 03:16,1,+23.0,+39.3,+27.7,+32.5,+47.9,+49.1,+21.1,+21.2,+21.0,+21.3,+21.0,+20.8,+20.8
2024-05-11 04:16,1,+23.1,+39.1,+27.7,+32.4,+47.8,+49.1,+21.1,+21.1,+21.1,+21.3,+21.0,+21.0,+21.0
2024-05-11 05:16,1,+23.1,+39.0,+27.7,+32.5,+47.9,+49.1,+21.1,+21.1,+21.1,+21.3,+21.0,+21.0,+20.8
2024-05-11 06:16,1,+23.2,+38.9,+27.6,+32.4,+47.8,+49.1,+21.0,+21.1,+21.1,+21.3,+21.0,+21.0,+20.8
2024-05-11 07:16,1,+23.4,+38.8,+27.6,+32.5,+47.9,+49.1,+21.1,+21.1,+21.1,+21.3,+21.0,+21.0,+20.8
2024-05-11 08:16,1,+23.4,+38.7,+27.6,+32.4,+47.9,+49.1,+21.2,+21.1,+21.1,+21.3,+21.0,+21.0,+21.0
2024-05-11 09:16,1,+23.4,+38.6,+27.6,+32.4,+47.9,+49.1,+21.2,+21.1,+21.0,+21.3,+21.0,+21.0,+21.0
2024-05-11 10:16,1,+23.3,+38.6,+27.6,+32.6,+47.9,+49.1,+21.2,+21.1,+21.0,+21.3,+21.0,+21.0,+20.8
2024-05-11 11:16,1,+23.2,+38.5,+27.5,+32.5,+47.9,+49.1,+21.3,+21.1,+21.1,+21.3,+21.0,+21.0,+21.0
2024-05-11 12:16,1,+23.2,+38.4,+27.5,+32.5,+47.9,+49.1,+21.5,+21.1,+21.0,+21.3,+21.0,+21.0,+21.0
2024-05-11 13:16,1,+23.2,+38.3,+27.5,+32.6,+47.9,+49.1,+21.7,+21.2,+21.0,+21.3,+21.0,+21.0,+21.0
2024-05-11 14:16,1,+23.2,+38.2,+27.5,+32.4,+47.9,+49.1,+21.7,+21.2,+21.0,+21.3,+21.0,+21.0,+21.0
2024-05-11 15:16,1,+23.2,+38.2,+27.5,+32.4,+47.9,+49.1,+21.8,+21.2,+21.0,+21.3,+21.0,+21.0,+21.0
2024-05-11 16:16,1,+23.2,+38.1,+27.5,+32.6,+47.9,+49.1,+21.7,+21.3,+21.1,+21.3,+21.0,+21.0,+20.8
2024-05-11 17:16,1,+23.2,+38.1,+27.5,+32.6,+47.9,+49.1,+21.7,+21.2,+21.1,+21.3,+21.0,+21.0,+21.0
2024-05-11 18:16,1,+23.2,+38.0,+27.4,+32.4,+47.9,+49.1,+21.6,+21.3,+21.1,+21.3,+21.0,+21.0,+20.8
2024-05-11 19:16,1,+25.5,+43.6,+32.8,+33.2,+47.9,+49.1,+21.1,+21.2,+21.0,+21.3,+21.0,+21.0,+21.0
2024-05-11 20:16,1,+25.4,+42.1,+30.8,+33.3,+48.0,+49.1,+21.0,+21.1,+21.0,+21.5,+21.0,+21.0,+21.0
2024-05-11 21:16,1,+25.3,+41.5,+30.0,+33.5,+48.0,+49.1,+21.0,+21.1,+21.1,+21.3,+21.0,+21.0,+21.0
2024-05-11 22:16,1,+25.3,+41.2,+29.6,+33.4,+48.0,+49.1,+20.8,+21.1,+21.1,+21.3,+21.0,+21.0,+20.8
2024-05-11 23:16,1,+25.3,+41.0,+29.4,+33.6,+48.0,+49.1,+20.8,+21.1,+21.1,+21.3,+21.0,+21.0,+21.0
2024-05-12 00:16,1,+25.4,+40.8,+29.2,+33.6,+48.0,+49.1,+20.8,+21.1,+21.1,+21.3,+21.0,+21.0,+21.0
2024-05-12 01:16,1,+25.4,+40.7,+29.0,+33.5,+48.0,+49.1,+20.7,+21.0,+21.1,+21.5,+21.1,+21.0,+21.0
2024-05-12 02:16,1,+25.4,+40.6,+29.0,+33.6,+48.1,+49.2,+20.7,+21.1,+21.1,+21.3,+21.1,+21.0,+21.0
2024-05-12 03:16,1,+25.3,+40.5,+28.9,+33.5,+48.0,+49.1,+20.7,+21.1,+21.0,+21.5,+21.0,+21.1,+21.0
2024-05-12 04:16,1,+25.3,+40.4,+28.8,+33.5,+48.1,+49.1,+20.7,+21.0,+21.1,+21.3,+21.0,+21.0,+21.0
2024-05-12 05:16,1,+25.3,+40.3,+28.8,+33.6,+48.1,+49.2,+20.7,+21.0,+21.0,+21.3,+21.0,+21.0,+21.0
2024-05-12 06:16,1,+25.8,+40.2,+28.7,+33.6,+48.2,+49.2,+20.8,+21.0,+21.1,+21.5,+21.1,+21.0,+21.0
2024-05-12 07:16,1,+25.5,+40.1,+28.6,+33.6,+48.2,+49.2,+20.7,+21.0,+21.1,+21.5,+21.1,+21.0,+21.0
2024-05-12 08:16,1,+25.5,+40.1,+28.6,+33.5,+48.2,+49.2,+20.8,+20.8,+21.1,+21.5,+21.0,+21.1,+21.0
2024-05-12 09:16,1,+25.4,+40.0,+28.6,+33.5,+48.2,+49.2,+21.0,+21.0,+21.0,+21.3,+21.1,+21.0,+21.0
2024-05-12 10:16,1,+25.2,+39.9,+28.6,+33.6,+48.2,+49.3,+21.1,+21.0,+21.0,+21.5,+21.0,+21.0,+21.0
2024-05-12 11:16,1,+25.2,+39.9,+28.6,+33.6,+48.2,+49.3,+21.3,+21.0,+21.0,+21.5,+21.1,+21.0,+21.0
2024-05-12 12:16,1,+25.1,+39.8,+28.5,+33.5,+48.2,+49.3,+21.7,+21.0,+21.0,+21.5,+21.0,+21.1,+21.0
2024-05-12 13:16,1,+25.0,+39.7,+28.5,+33.5,+48.2,+49.3,+22.1,+21.1,+21.0,+21.3,+21.1,+21.1,+21.0
2024-05-12 14:16,1,+24.9,+39.6,+28.5,+33.5,+48.3,+49.3,+22.5,+21.2,+21.0,+21.5,+21.1,+21.1,+21.0
2024-05-12 15:16,1,+24.9,+39.5,+28.4,+33.5,+48.3,+49.3,+22.5,+21.2,+21.0,+21.3,+21.0,+21.0,+21.0
2024-05-12 16:16,1,+26.1,+42.0,+28.8,+33.5,+48.3,+49.3,+22.3,+21.5,+21.0,+21.3,+21.1,+21.0,+21.1
2024-05-12 17:16,1,+26.3,+41.7,+28.8,+33.6,+48.3,+49.4,+22.2,+21.5,+21.1,+21.3,+21.1,+21.1,+21.0
2024-05-12 18:16,1,+27.9,+44.1,+31.1,+33.7,+48.3,+49.4,+22.0,+21.6,+21.1,+21.5,+21.1,+21.1,+21.0
2024-05-12 19:16,1,+27.6,+43.0,+31.0,+33.8,+48.4,+49.4,+21.8,+21.6,+21.1,+21.3,+21.1,+21.0,+21.0
2024-05-12 20:16,1,+27.5,+42.4,+30.5,+33.8,+48.4,+49.4,+21.8,+21.6,+21.1,+21.5,+21.1,+21.0,+21.0
2024-05-12 21:16,1,+27.5,+42.1,+30.1,+33.9,+48.4,+49.4,+21.6,+21.5,+21.2,+21.3,+21.1,+21.0,+21.0
2024-05-12 22:16,1,+27.4,+41.9,+29.8,+33.9,+48.4,+49.4,+21.6,+21.5,+21.1,+21.5,+21.1,+21.1,+21.0
2024-05-12 23:16,1,+27.4,+41.7,+29.6,+33.9,+48.5,+49.4,+21.6,+21.5,+21.2,+21.5,+21.1,+21.1,+21.0
2024-05-13 00:16,1,+27.4,+41.5,+29.4,+34.0,+48.5,+49.5,+21.5,+21.5,+21.2,+21.5,+21.1,+21.1,+21.0
2024-05-13 01:16,1,+27.4,+41.4,+29.3,+34.0,+48.6,+49.5,+21.3,+21.5,+21.2,+21.5,+21.1,+21.1,+21.0
2024-05-13 02:16,1,+27.4,+41.3,+29.2,+34.0,+48.6,+49.5,+21.3,+21.5,+21.2,+21.5,+21.1,+21.1,+21.0
2024-05-13 03:16,1,+27.4,+41.2,+29.1,+34.0,+48.6,+49.5,+21.2,+21.5,+21.2,+21.5,+21.1,+21.1,+21.0
2024-05-13 04:16,1,+27.4,+41.1,+29.1,+34.0,+48.7,+49.6,+21.2,+21.3,+21.2,+21.5,+21.1,+21.1,+21.0
2024-05-13 05:16,1,+27.4,+41.0,+29.0,+34.0,+48.7,+49.6,+21.1,+21.3,+21.2,+21.5,+21.0,+21.1,+21.0
2024-05-13 06:16,1,+27.4,+41.0,+29.0,+33.9,+48.7,+49.6,+21.0,+21.2,+21.2,+21.5,+21.1,+21.1,+21.0
2024-05-13 07:16,1,+27.4,+40.9,+28.9,+34.0,+48.7,+49.6,+21.0,+21.2,+21.2,+21.5,+21.1,+21.1,+21.0
2024-05-13 08:16,1,+27.4,+40.8,+28.9,+33.9,+48.7,+49.6,+21.0,+21.2,+21.2,+21.5,+21.1,+21.1,+21.0
2024-05-13 09:16,1,+27.3,+40.8,+28.8,+33.9,+48.7,+49.6,+21.1,+21.2,+21.2,+21.5,+21.1,+21.1,+21.0
2024-05-13 10:16,1,+27.3,+40.7,+28.8,+33.9,+48.7,+49.6,+21.2,+21.2,+21.2,+21.5,+21.1,+21.1,+21.1
2024-05-13 11:16,1,+27.2,+40.7,+28.8,+33.8,+48.8,+49.7,+21.3,+21.2,+21.2,+21.5,+21.1,+21.0,+21.1
2024-05-13 12:16,1,+27.3,+40.6,+28.8,+33.8,+48.7,+49.7,+21.3,+21.2,+21.2,+21.5,+21.1,+21.1,+21.0
2024-05-13 13:16,1,+27.3,+40.5,+28.7,+33.8,+48.8,+49.7,+21.3,+21.2,+21.2,+21.5,+21.1,+21.1,+21.1
2024-05-13 14:16,1,+27.3,+40.5,+28.7,+34.0,+48.8,+49.8,+21.3,+21.2,+21.1,+21.5,+21.1,+21.1,+21.0
2024-05-13 15:16,1,+27.3,+40.5,+28.7,+34.1,+48.8,+49.8,+21.3,+21.2,+21.2,+21.5,+21.1,+21.1,+21.1
2024-05-13 16:16,1,+27.3,+40.4,+28.7,+34.2,+48.8,+49.8,+21.3,+21.2,+21.1,+21.5,+21.1,+21.1,+21.1
2024-05-13 17:16,1,+27.4,+40.4,+28.7,+34.2,+48.8,+49.8,+21.3,+21.2,+21.1,+21.5,+21.1,+21.1,+21.0
2024-05-13 18:16,1,+27.4,+40.4,+28.7,+34.2,+48.8,+49.8,+21.2,+21.2,+21.2,+21.5,+21.1,+21.1,+21.1
2024-05-13 19:16,1,+27.4,+40.3,+28.7,+34.2,+48.8,+49.9,+21.2,+21.2,+21.2,+21.5,+21.1,+21.1,+21.1
2024-05-13 20:16,1,+27.4,+40.3,+28.7,+34.2,+48.8,+49.9,+21.1,+21.2,+21.1,+21.5,+21.1,+21.1,+21.0
2024-05-13 21:16,1,+27.4,+40.3,+28.6,+34.1,+48.8,+49.9,+21.1,+21.2,+21.2,+21.5,+21.1,+21.1,+21.1
2024-05-13 22:16,1,+27.4,+40.2,+28.6,+34.2,+48.8,+49.9,+21.1,+21.2,+21.2,+21.5,+21.1,+21.1,+21.1
2024-05-13 23:16,1,+27.4,+40.2,+28.6,+34.2,+48.8,+49.9,+21.0,+21.2,+21.1,+21.5,+21.2,+21.1,+21.1
2024-05-14 00:16,1,+27.4,+40.2,+28.6,+34.0,+48.8,+49.9,+21.0,+21.2,+21.2,+21.5,+21.1,+21.1,+21.1
2024-05-14 01:16,1,+27.4,+40.1,+28.6,+34.1,+48.8,+49.9,+21.0,+21.1,+21.1,+21.5,+21.1,+21.1,+21.1
2024-05-14 02:16,1,+27.4,+40.1,+28.6,+34.1,+48.8,+49.9,+20.8,+21.1,+21.2,+21.5,+21.1,+21.1,+21.1
2024-05-14 03:16,1,+27.4,+40.1,+28.6,+34.0,+48.8,+49.9,+20.8,+21.1,+21.1,+21.5,+21.1,+21.1,+21.1
2024-05-14 04:16,1,+27.4,+40.1,+28.6,+34.0,+48.8,+49.9,+20.8,+21.1,+21.1,+21.5,+21.1,+21.1,+21.1
2024-05-14 05:16,1,+27.4,+40.0,+28.5,+34.1,+48.8,+49.9,+20.8,+21.1,+21.1,+21.5,+21.1,+21.1,+21.1
2024-05-14 06:16,1,+27.4,+40.0,+28.5,+34.1,+48.8,+49.9,+20.7,+21.1,+21.1,+21.5,+21.1,+21.1,+21.1
2024-05-14 07:16,1,+27.4,+40.0,+28.5,+34.1,+48.8,+49.9,+20.7,+21.0,+21.1,+21.5,+21.1,+21.1,+21.1
2024-05-14 08:16,1,+27.4,+39.9,+28.5,+34.0,+48.8,+49.9,+20.7,+21.0,+21.1,+21.5,+21.2,+21.1,+21.1
2024-05-14 09:16,1,+27.3,+39.9,+28.5,+34.0,+48.8,+49.9,+21.0,+21.0,+21.1,+21.5,+21.1,+21.2,+21.1
2024-05-14 10:16,1,+27.2,+39.9,+28.5,+34.0,+48.8,+49.9,+21.0,+21.0,+21.1,+21.5,+21.1,+21.1,+21.1
2024-05-14 11:16,1,+27.2,+39.8,+28.4,+34.1,+48.8,+49.9,+21.2,+21.0,+21.1,+21.5,+21.2,+21.1,+21.1
2024-05-14 12:16,1,+27.1,+39.8,+28.5,+34.1,+48.8,+49.9,+21.3,+21.0,+21.1,+21.5,+21.2,+21.1,+21.1
2024-05-14 13:16,1,+26.9,+39.7,+28.4,+34.0,+48.7,+49.9,+21.7,+21.1,+21.1,+21.5,+21.1,+21.1,+21.1
2024-05-14 14:16,1,+26.8,+39.6,+28.4,+34.0,+48.7,+49.9,+22.0,+21.2,+21.1,+21.5,+21.1,+21.1,+21.1
2024-05-14 15:16,1,+27.0,+39.6,+28.4,+34.0,+48.7,+49.9,+22.0,+21.2,+21.1,+21.5,+21.1,+21.1,+21.1
2024-05-14 16:16,1,+27.2,+39.6,+28.4,+34.0,+48.8,+49.9,+21.7,+21.3,+21.1,+21.5,+21.1,+21.1,+21.1
2024-05-14 17:16,1,+27.3,+39.6,+28.4,+34.0,+48.7,+49.9,+21.7,+21.3,+21.1,+21.5,+21.1,+21.1,+21.1
2024-05-14 18:16,1,+27.3,+39.6,+28.4,+34.0,+48.8,+49.9,+21.6,+21.3,+21.1,+21.5,+21.1,+21.1,+21.1
2024-05-14 19:16,1,+27.4,+39.6,+28.4,+34.2,+48.8,+49.9,+21.5,+21.3,+21.1,+21.5,+21.1,+21.1,+21.1
2024-05-14 20:16,1,+27.4,+39.6,+28.5,+34.1,+48.7,+49.9,+21.5,+21.3,+21.1,+21.5,+21.1,+21.1,+21.1
2024-05-14 21:16,1,+27.4,+39.6,+28.5,+34.2,+48.8,+49.9,+21.3,+21.3,+21.1,+21.5,+21.1,+21.2,+21.1
2024-05-14 22:16,1,+27.4,+39.6,+28.5,+34.2,+48.8,+49.9,+21.3,+21.3,+21.1,+21.5,+21.1,+21.1,+21.1
2024-05-14 23:16,1,+27.4,+39.6,+28.5,+34.2,+48.8,+49.9,+21.2,+21.3,+21.2,+21.5,+21.1,+21.1,+21.1
2024-05-15 00:16,1,+27.4,+39.6,+28.5,+34.2,+48.8,+49.9,+21.1,+21.2,+21.2,+21.5,+21.1,+21.1,+21.1
2024-05-15 01:16,1,+27.4,+39.6,+28.4,+34.2,+48.8,+49.9,+21.0,+21.2,+21.2,+21.5,+21.2,+21.1,+21.1
2024-05-15 02:16,1,+27.4,+39.5,+28.4,+34.1,+48.7,+49.9,+21.0,+21.2,+21.2,+21.5,+21.2,+21.1,+21.1
2024-05-15 03:16,1,+27.4,+39.5,+28.4,+34.1,+48.7,+49.9,+21.0,+21.2,+21.1,+21.5,+21.2,+21.1,+21.1
2024-05-15 04:16,1,+27.4,+39.5,+28.4,+34.1,+48.7,+49.9,+21.0,+21.2,+21.2,+21.5,+21.1,+21.1,+21.1
2024-05-15 05:16,1,+27.4,+39.5,+28.4,+34.2,+48.8,+49.9,+20.8,+21.1,+21.2,+21.6,+21.1,+21.1,+21.1
2024-05-15 06:16,1,+27.4,+39.5,+28.4,+34.1,+48.7,+49.9,+20.8,+21.1,+21.2,+21.6,+21.1,+21.1,+21.1
2024-05-15 07:16,1,+27.4,+39.5,+28.4,+34.1,+48.7,+49.9,+20.8,+21.1,+21.2,+21.5,+21.2,+21.1,+21.1
2024-05-15 08:16,1,+27.3,+39.4,+28.4,+34.2,+48.8,+49.9,+21.0,+21.1,+21.1,+21.6,+21.1,+21.2,+21.1
2024-05-15 09:16,1,+27.3,+39.4,+28.4,+34.0,+48.7,+49.9,+21.1,+21.1,+21.2,+21.5,+21.2,+21.1,+21.1
2024-05-15 10:16,1,+27.1,+39.3,+28.4,+34.1,+48.7,+49.9,+21.2,+21.1,+21.1,+21.6,+21.2,+21.1,+21.1
2024-05-15 11:16,1,+27.1,+39.3,+28.4,+34.0,+48.7,+49.9,+21.5,+21.0,+21.1,+21.6,+21.1,+21.1,+21.1
2024-05-15 12:16,1,+26.9,+39.2,+28.4,+34.0,+48.7,+49.9,+21.7,+21.1,+21.1,+21.5,+21.1,+21.1,+21.1
2024-05-15 13:16,1,+26.9,+39.2,+28.4,+34.1,+48.7,+49.9,+22.0,+21.2,+21.1,+21.5,+21.2,+21.1,+21.1
2024-05-15 14:16,1,+26.9,+39.2,+28.4,+34.0,+48.7,+49.9,+22.0,+21.2,+21.1,+21.5,+21.2,+21.1,+21.1
2024-05-15 15:16,1,+29.2,+43.9,+29.0,+34.0,+48.7,+49.9,+22.0,+21.3,+21.1,+21.6,+21.2,+21.1,+21.1
2024-05-15 16:16,1,+30.3,+44.8,+30.7,+34.2,+48.7,+49.9,+21.7,+21.5,+21.2,+21.5,+21.2,+21.1,+21.1
2024-05-15 17:16,1,+30.7,+44.7,+31.7,+34.5,+48.7,+49.9,+21.5,+21.5,+21.2,+21.5,+21.2,+21.1,+21.1
2024-05-15 18:16,1,+30.7,+44.3,+32.2,+34.7,+48.8,+49.9,+21.3,+21.5,+21.2,+21.5,+21.2,+21.2,+21.1
2024-05-15 19:16,1,+30.5,+43.6,+31.7,+34.9,+48.8,+49.9,+21.3,+21.3,+21.2,+21.6,+21.2,+21.2,+21.1
2024-05-15 20:16,1,+32.1,+46.2,+35.9,+38.3,+48.8,+49.9,+21.1,+21.2,+21.2,+21.6,+21.2,+21.1,+21.1
2024-05-15 21:16,1,+31.9,+45.1,+34.6,+37.4,+49.1,+49.9,+20.8,+21.1,+21.2,+21.6,+21.2,+21.2,+21.1
2024-05-15 22:16,1,+32.5,+45.4,+34.8,+37.9,+49.5,+49.9,+20.7,+21.0,+21.2,+21.6,+21.2,+21.2,+21.1
2024-05-15 23:16,1,+33.0,+46.3,+38.1,+45.6,+56.4,+53.2,+20.3,+20.7,+21.0,+21.6,+21.2,+21.2,+21.2
2024-05-16 00:16,1,+31.6,+44.1,+32.4,+36.7,+51.6,+51.9,+20.0,+20.5,+20.8,+21.6,+21.2,+21.2,+21.2
2024-05-16 01:16,1,+31.2,+43.3,+31.2,+36.1,+51.1,+51.5,+20.0,+20.6,+21.0,+21.6,+21.2,+21.2,+21.2
2024-05-16 02:16,1,+30.8,+42.9,+30.7,+35.9,+50.9,+51.3,+20.1,+20.5,+21.0,+21.6,+21.2,+21.2,+21.2
2024-05-16 03:16,1,+30.6,+42.7,+30.3,+35.7,+50.6,+51.3,+20.1,+20.5,+21.0,+21.5,+21.2,+21.2,+21.2
2024-05-16 04:16,1,+30.5,+42.5,+30.1,+35.6,+50.6,+51.1,+20.1,+20.6,+21.0,+21.6,+21.2,+21.2,+21.2
2024-05-16 05:16,1,+30.3,+42.3,+30.0,+35.4,+50.4,+51.0,+20.2,+20.6,+20.8,+21.6,+21.2,+21.2,+21.2
2024-05-16 06:16,1,+30.5,+42.2,+29.8,+35.3,+50.4,+50.9,+20.2,+20.6,+20.8,+21.5,+21.2,+21.2,+21.2
2024-05-16 07:16,1,+30.6,+42.1,+29.7,+35.3,+50.3,+50.8,+20.2,+20.6,+21.0,+21.6,+21.2,+21.2,+21.1
2024-05-16 08:16,1,+30.5,+42.0,+29.7,+35.3,+50.3,+50.8,+20.3,+20.6,+21.0,+21.5,+21.2,+21.2,+21.2
2024-05-16 09:16,1,+30.4,+41.9,+29.6,+35.2,+50.3,+50.8,+20.5,+20.6,+21.0,+21.5,+21.2,+21.2,+21.2
2024-05-16 10:16,1,+30.2,+41.8,+29.6,+35.2,+50.2,+50.7,+20.7,+20.7,+21.0,+21.5,+21.2,+21.2,+21.2
2024-05-16 11:16,1,+30.1,+41.7,+29.5,+35.1,+50.2,+50.7,+21.0,+20.6,+20.8,+21.5,+21.2,+21.2,+21.2
2024-05-16 12:16,1,+30.1,+41.6,+29.4,+35.1,+50.2,+50.6,+21.1,+20.7,+20.8,+21.5,+21.2,+21.2,+21.2
2024-05-16 13:16,1,+30.0,+41.5,+29.4,+35.1,+50.1,+50.6,+21.2,+20.7,+20.8,+21.5,+21.2,+21.2,+21.2
2024-05-16 14:16,1,+30.0,+41.5,+29.4,+35.1,+50.1,+50.6,+21.3,+20.8,+20.8,+21.5,+21.2,+21.2,+21.2
2024-05-16 15:16,1,+29.9,+41.4,+29.3,+35.0,+50.1,+50.5,+21.3,+21.0,+20.8,+21.5,+21.2,+21.2,+21.1
2024-05-16 16:16,1,+31.5,+42.3,+29.3,+35.0,+50.1,+50.5,+21.3,+21.0,+21.0,+21.5,+21.2,+21.2,+21.2
2024-05-16 17:16,1,+31.6,+42.6,+29.3,+35.2,+50.1,+50.6,+21.3,+21.1,+20.8,+21.5,+21.2,+21.2,+21.2
2024-05-16 18:16,1,+31.5,+42.7,+29.4,+35.1,+50.1,+50.5,+21.2,+21.0,+21.0,+21.5,+21.2,+21.2,+21.2
2024-05-16 19:16,1,+31.3,+42.6,+29.4,+35.1,+50.1,+50.5,+21.1,+21.1,+21.0,+21.5,+21.2,+21.2,+21.2
2024-05-16 20:16,1,+31.2,+42.6,+29.5,+35.2,+50.1,+50.5,+21.1,+21.1,+21.0,+21.5,+21.2,+21.2,+21.2
2024-05-16 21:16,1,+31.2,+42.5,+29.5,+35.1,+50.0,+50.5,+21.1,+21.0,+21.0,+21.5,+21.2,+21.2,+21.2
2024-05-16 22:16,1,+31.1,+42.4,+29.5,+35.1,+50.0,+50.4,+21.0,+21.1,+21.0,+21.5,+21.2,+21.2,+21.2
2024-05-16 23:16,1,+31.0,+42.2,+29.5,+35.1,+50.0,+50.5,+21.0,+21.0,+21.0,+21.5,+21.2,+21.2,+21.2
2024-05-17 00:16,1,+31.0,+42.2,+29.4,+35.0,+50.0,+50.4,+21.0,+21.0,+21.0,+21.5,+21.2,+21.2,+21.2
2024-05-17 01:16,1,+31.0,+42.1,+29.4,+35.1,+50.0,+50.4,+21.0,+21.0,+21.0,+21.5,+21.2,+21.2,+21.2
2024-05-17 02:16,1,+31.3,+42.0,+29.4,+34.9,+50.0,+50.4,+21.0,+21.0,+21.1,+21.5,+21.2,+21.2,+21.2
2024-05-17 03:16,1,+31.4,+42.1,+29.4,+35.2,+50.0,+50.4,+20.8,+21.0,+21.1,+21.5,+21.2,+21.2,+21.2
2024-05-17 04:16,1,+31.4,+42.1,+29.4,+35.1,+50.0,+50.4,+20.7,+21.0,+21.0,+21.5,+21.2,+21.2,+21.2
2024-05-17 05:16,1,+31.3,+42.1,+29.4,+35.1,+50.0,+50.4,+20.7,+21.0,+21.0,+21.5,+21.2,+21.2,+21.1
2024-05-17 06:16,1,+31.3,+42.1,+29.4,+35.1,+50.0,+50.4,+20.7,+21.0,+21.0,+21.5,+21.2,+21.2,+21.2
2024-05-17 07:16,1,+31.2,+42.0,+29.4,+35.0,+50.0,+50.4,+20.6,+20.8,+21.1,+21.5,+21.2,+21.2,+21.2
2024-05-17 08:16,1,+31.1,+41.9,+29.4,+35.1,+50.0,+50.4,+20.7,+20.8,+21.0,+21.5,+21.2,+21.1,+21.2
2024-05-17 09:16,1,+30.9,+41.9,+29.3,+35.1,+50.0,+50.4,+21.0,+20.8,+21.0,+21.5,+21.2,+21.2,+21.2
2024-05-17 10:16,1,+30.8,+41.8,+29.3,+34.9,+49.9,+50.4,+21.1,+21.0,+21.0,+21.5,+21.2,+21.2,+21.2
2024-05-17 11:16,1,+30.8,+41.7,+29.3,+35.0,+50.0,+50.4,+21.2,+21.0,+21.0,+21.5,+21.1,+21.2,+21.2
2024-05-17 12:16,1,+34.7,+47.1,+40.9,+51.9,+55.9,+52.6,+21.2,+21.0,+21.0,+21.5,+21.1,+21.2,+21.2
2024-05-17 13:16,1,+33.4,+45.1,+35.7,+40.2,+54.5,+53.1,+20.7,+20.8,+21.0,+21.5,+21.2,+21.2,+21.2
2024-05-17 14:16,1,+32.5,+43.9,+32.4,+36.6,+51.4,+51.7,+20.7,+20.7,+20.8,+21.5,+21.2,+21.2,+21.2
2024-05-17 15:16,1,+32.1,+43.3,+31.6,+36.1,+51.0,+51.4,+20.8,+20.8,+20.8,+21.5,+21.2,+21.2,+21.2
2024-05-17 16:16,1,+31.9,+43.0,+31.1,+35.9,+50.9,+51.3,+21.0,+20.8,+20.8,+21.5,+21.1,+21.2,+21.2
2024-05-17 17:16,1,+31.8,+42.7,+30.7,+35.9,+50.7,+51.2,+21.0,+20.8,+20.8,+21.5,+21.2,+21.2,+21.2
2024-05-17 18:16,1,+31.7,+42.6,+30.4,+35.8,+50.6,+51.2,+21.1,+20.8,+20.8,+21.5,+21.2,+21.2,+21.2
2024-05-17 19:16,1,+31.6,+42.4,+30.2,+35.7,+50.5,+51.1,+21.0,+20.8,+20.8,+21.3,+21.2,+21.2,+21.2
2024-05-17 20:16,1,+31.5,+42.4,+30.1,+35.5,+50.5,+51.0,+21.0,+20.8,+20.8,+21.5,+21.2,+21.2,+21.2
2024-05-17 21:16,1,+32.1,+42.3,+30.0,+35.6,+50.4,+51.0,+21.0,+20.8,+21.0,+21.5,+21.2,+21.2,+21.2
2024-05-17 22:16,1,+35.5,+47.2,+45.2,+55.7,+56.3,+52.9,+20.8,+20.8,+21.0,+21.5,+21.2,+21.2,+21.2
2024-05-17 23:16,1,+33.0,+44.2,+33.7,+37.3,+51.8,+51.8,+20.7,+20.7,+20.8,+21.3,+21.1,+21.2,+21.2
2024-05-18 00:16,1,+33.0,+43.9,+32.4,+36.4,+51.3,+51.5,+20.7,+20.7,+20.8,+21.3,+21.2,+21.2,+21.2
2024-05-18 01:16,1,+32.8,+43.5,+32.0,+36.1,+51.0,+51.3,+20.7,+20.7,+21.0,+21.3,+21.2,+21.2,+21.2
2024-05-18 02:16,1,+33.0,+43.5,+31.7,+36.1,+50.9,+51.2,+20.6,+20.7,+20.8,+21.3,+21.2,+21.2,+21.2
2024-05-18 03:16,1,+32.8,+43.4,+31.5,+36.1,+50.8,+51.2,+20.6,+20.7,+20.8,+21.5,+21.1,+21.2,+21.2
2024-05-18 04:16,1,+33.4,+43.3,+31.4,+35.9,+50.7,+51.1,+20.6,+20.7,+20.8,+21.5,+21.2,+21.2,+21.2
2024-05-18 05:16,1,+33.2,+43.6,+31.4,+36.0,+50.7,+51.1,+20.7,+20.7,+20.8,+21.3,+21.1,+21.2,+21.2
2024-05-18 06:16,1,+32.8,+43.4,+31.4,+35.9,+50.6,+51.1,+20.6,+20.7,+20.8,+21.3,+21.2,+21.2,+21.2
2024-05-18 07:16,1,+32.6,+43.1,+31.2,+35.8,+50.6,+51.0,+20.7,+20.7,+20.8,+21.5,+21.2,+21.2,+21.2
2024-05-18 08:16,1,+32.4,+42.9,+31.0,+35.9,+50.6,+51.1,+20.7,+20.7,+20.8,+21.5,+21.2,+21.2,+21.2
2024-05-18 09:16,1,+32.2,+42.8,+30.8,+35.8,+50.6,+51.0,+20.8,+20.7,+20.8,+21.3,+21.2,+21.2,+21.2
2024-05-18 10:16,1,+32.0,+42.6,+30.6,+35.8,+50.6,+51.0,+21.0,+20.8,+21.0,+21.5,+21.2,+21.2,+21.2
2024-05-18 11:16,1,+31.9,+42.4,+30.5,+35.6,+50.5,+51.0,+21.2,+20.8,+20.8,+21.5,+21.2,+21.2,+21.2
2024-05-18 12:16,1,+31.9,+42.3,+30.4,+35.5,+50.4,+51.0,+21.3,+20.8,+21.0,+21.5,+21.2,+21.2,+21.2
2024-05-18 13:16,1,+31.7,+42.2,+30.2,+35.5,+50.4,+50.9,+21.6,+21.0,+20.8,+21.5,+21.1,+21.2,+21.2
2024-05-18 14:16,1,+31.5,+42.1,+30.2,+35.4,+50.4,+50.8,+21.8,+21.0,+20.8,+21.3,+21.2,+21.2,+21.2
2024-05-18 15:16,1,+31.4,+42.0,+30.1,+35.5,+50.4,+50.8,+22.0,+21.1,+20.8,+21.3,+21.2,+21.2,+21.3
2024-05-18 16:16,1,+31.3,+41.9,+29.9,+35.4,+50.3,+50.8,+22.1,+21.1,+21.0,+21.3,+21.1,+21.2,+21.2
2024-05-18 17:16,1,+31.3,+41.8,+29.8,+35.3,+50.3,+50.7,+22.0,+21.2,+21.0,+21.5,+21.1,+21.2,+21.2
2024-05-18 18:16,1,+31.3,+41.8,+29.7,+35.3,+50.3,+50.7,+22.0,+21.2,+21.0,+21.5,+21.2,+21.2,+21.2
2024-05-18 19:16,1,+31.3,+41.8,+29.6,+35.3,+50.3,+50.7,+21.7,+21.3,+21.0,+21.3,+21.2,+21.2,+21.2
2024-05-18 20:16,1,+31.3,+41.7,+29.6,+35.2,+50.3,+50.7,+21.6,+21.3,+21.0,+21.3,+21.2,+21.2,+21.2
2024-05-18 21:16,1,+31.3,+41.7,+29.5,+35.2,+50.3,+50.7,+21.6,+21.3,+21.0,+21.5,+21.2,+21.2,+21.2
2024-05-18 22:16,1,+31.2,+41.6,+29.5,+35.2,+50.2,+50.7,+21.5,+21.3,+21.1,+21.5,+21.1,+21.2,+21.2
2024-05-18 23:16,1,+31.2,+41.6,+29.4,+35.1,+50.2,+50.7,+21.3,+21.3,+21.1,+21.5,+21.2,+21.2,+21.2
2024-05-19 00:16,1,+31.2,+41.6,+29.4,+35.0,+50.1,+50.6,+21.3,+21.3,+21.1,+21.5,+21.2,+21.2,+21.2
2024-05-19 01:16,1,+31.2,+41.5,+29.4,+35.0,+50.1,+50.6,+21.2,+21.2,+21.1,+21.5,+21.1,+21.2,+21.2
2024-05-19 02:16,1,+31.1,+41.5,+29.3,+35.1,+50.1,+50.6,+21.2,+21.2,+21.1,+21.5,+21.2,+21.2,+21.2
2024-05-19 03:16,1,+31.1,+41.5,+29.3,+34.9,+50.1,+50.6,+21.1,+21.2,+21.1,+21.5,+21.1,+21.2,+21.2
2024-05-19 04:16,1,+31.1,+41.4,+29.2,+35.0,+50.1,+50.6,+21.1,+21.2,+21.1,+21.5,+21.2,+21.2,+21.2
2024-05-19 05:16,1,+31.1,+41.4,+29.2,+35.0,+50.1,+50.6,+21.1,+21.2,+21.1,+21.5,+21.1,+21.2,+21.2
2024-05-19 06:16,1,+31.0,+41.4,+29.2,+35.0,+50.1,+50.6,+21.1,+21.2,+21.1,+21.5,+21.2,+21.2,+21.2
2024-05-19 07:16,1,+31.0,+41.3,+29.2,+35.0,+50.1,+50.6,+21.1,+21.2,+21.1,+21.5,+21.2,+21.2,+21.2
2024-05-19 08:16,1,+31.0,+41.3,+29.2,+34.9,+50.1,+50.5,+21.0,+21.1,+21.1,+21.5,+21.2,+21.2,+21.2
2024-05-19 09:16,1,+30.9,+41.3,+29.1,+34.9,+50.1,+50.5,+21.1,+21.1,+21.1,+21.6,+21.2,+21.2,+21.2
2024-05-19 10:16,1,+30.9,+41.2,+29.1,+34.8,+50.0,+50.5,+21.2,+21.1,+21.1,+21.6,+21.2,+21.1,+21.2
2024-05-19 11:16,1,+30.8,+41.2,+29.1,+34.8,+50.0,+50.5,+21.3,+21.1,+21.1,+21.5,+21.2,+21.2,+21.2
2024-05-19 12:16,1,+30.8,+41.1,+29.1,+34.8,+50.0,+50.5,+21.5,+21.2,+21.1,+21.6,+21.2,+21.2,+21.2
2024-05-19 13:16,1,+30.7,+41.1,+29.0,+34.9,+50.1,+50.5,+21.5,+21.2,+21.1,+21.5,+21.2,+21.2,+21.2
2024-05-19 14:16,1,+30.6,+41.0,+29.0,+34.7,+50.0,+50.4,+21.7,+21.2,+21.1,+21.6,+21.2,+21.2,+21.2
2024-05-19 15:16,1,+30.6,+41.0,+29.0,+34.8,+50.0,+50.4,+21.7,+21.2,+21.2,+21.6,+21.2,+21.2,+21.2
2024-05-19 16:16,1,+30.7,+41.0,+29.0,+34.8,+50.0,+50.4,+21.7,+21.3,+21.2,+21.5,+21.2,+21.2,+21.2
2024-05-19 17:16,1,+32.4,+41.1,+29.0,+34.7,+50.0,+50.4,+21.7,+21.3,+21.1,+21.6,+21.2,+21.2,+21.2
2024-05-19 18:16,1,+32.8,+41.5,+29.1,+34.8,+50.0,+50.4,+21.6,+21.3,+21.2,+21.6,+21.2,+21.2,+21.2
2024-05-19 19:16,1,+33.3,+42.2,+29.1,+34.9,+50.0,+50.4,+21.5,+21.3,+21.1,+21.5,+21.2,+21.2,+21.2
2024-05-19 20:16,1,+33.1,+42.6,+29.2,+35.0,+50.0,+50.4,+21.5,+21.3,+21.2,+21.5,+21.2,+21.2,+21.2
2024-05-19 21:16,1,+32.9,+42.7,+29.4,+35.1,+50.0,+50.4,+21.3,+21.3,+21.2,+21.6,+21.2,+21.2,+21.2
2024-05-19 22:16,1,+32.8,+42.8,+29.6,+35.1,+50.0,+50.4,+21.3,+21.3,+21.2,+21.6,+21.2,+21.2,+21.2
2024-05-19 23:16,1,+32.7,+42.8,+29.7,+35.2,+50.0,+50.4,+21.2,+21.3,+21.2,+21.6,+21.2,+21.2,+21.2
2024-05-20 00:16,1,+32.7,+42.7,+29.7,+35.2,+50.0,+50.4,+21.2,+21.3,+21.2,+21.5,+21.2,+21.2,+21.2
2024-05-20 01:16,1,+32.6,+42.7,+29.8,+35.1,+50.0,+50.4,+21.1,+21.3,+21.2,+21.6,+21.2,+21.2,+21.2
2024-05-20 02:16,1,+32.5,+42.6,+29.8,+35.1,+50.0,+50.4,+21.1,+21.2,+21.2,+21.6,+21.2,+21.2,+21.2
2024-05-20 03:16,1,+32.4,+42.5,+29.8,+35.1,+50.0,+50.4,+21.1,+21.2,+21.2,+21.6,+21.2,+21.2,+21.2
2024-05-20 04:16,1,+32.4,+42.5,+29.8,+35.1,+50.0,+50.3,+21.0,+21.2,+21.2,+21.6,+21.2,+21.2,+21.2
2024-05-20 05:16,1,+32.3,+42.4,+29.8,+35.0,+50.0,+50.3,+21.0,+21.2,+21.2,+21.6,+21.2,+21.2,+21.2
2024-05-20 06:16,1,+32.3,+42.4,+29.8,+35.1,+49.9,+50.3,+20.8,+21.1,+21.2,+21.6,+21.2,+21.2,+21.2
2024-05-20 07:16,1,+32.2,+42.3,+29.8,+35.1,+50.0,+50.4,+20.8,+21.1,+21.2,+21.6,+21.2,+21.2,+21.2
2024-05-20 08:16,1,+32.2,+42.3,+29.8,+35.1,+50.0,+50.3,+21.0,+21.1,+21.2,+21.6,+21.3,+21.2,+21.2
2024-05-20 09:16,1,+32.1,+42.2,+29.8,+35.0,+50.0,+50.3,+21.1,+21.1,+21.2,+21.6,+21.2,+21.2,+21.2
2024-05-20 10:16,1,+32.1,+42.2,+29.8,+35.1,+50.0,+50.4,+21.1,+21.1,+21.2,+21.6,+21.2,+21.2,+21.2
2024-05-20 11:16,1,+32.0,+42.1,+29.8,+35.0,+49.9,+50.3,+21.2,+21.1,+21.2,+21.6,+21.3,+21.2,+21.2
2024-05-20 12:16,1,+31.9,+42.1,+29.8,+35.1,+50.0,+50.4,+21.3,+21.2,+21.2,+21.6,+21.2,+21.2,+21.2
2024-05-20 13:16,1,+31.8,+42.0,+29.7,+35.1,+50.0,+50.4,+21.6,+21.2,+21.2,+21.6,+21.3,+21.2,+21.3
2024-05-20 14:16,1,+31.7,+41.9,+29.7,+35.0,+49.9,+50.3,+21.8,+21.2,+21.1,+21.6,+21.2,+21.2,+21.2
2024-05-20 15:16,1,+31.6,+41.8,+29.6,+35.1,+50.0,+50.3,+22.0,+21.3,+21.2,+21.6,+21.2,+21.3,+21.2
2024-05-20 16:16,1,+31.5,+41.7,+29.4,+35.0,+50.0,+50.3,+22.0,+21.3,+21.1,+21.6,+21.3,+21.3,+21.2
2024-05-20 17:16,1,+31.5,+41.7,+29.4,+35.0,+50.0,+50.3,+22.1,+21.5,+21.2,+21.6,+21.3,+21.2,+21.2
2024-05-20 18:16,1,+31.5,+41.6,+29.3,+34.9,+49.9,+50.3,+22.1,+21.5,+21.2,+21.6,+21.2,+21.2,+21.2
2024-05-20 19:16,1,+31.5,+41.6,+29.3,+35.0,+50.0,+50.3,+22.0,+21.5,+21.2,+21.6,+21.2,+21.2,+21.2
2024-05-20 20:16,1,+31.5,+41.6,+29.2,+34.8,+49.9,+50.3,+21.8,+21.5,+21.2,+21.6,+21.3,+21.2,+21.2
2024-05-20 21:16,1,+31.7,+41.6,+29.2,+34.8,+49.9,+50.3,+21.8,+21.5,+21.2,+21.6,+21.2,+21.2,+21.2
2024-05-20 22:16,1,+31.7,+41.5,+29.2,+34.9,+50.0,+50.3,+21.8,+21.6,+21.2,+21.6,+21.2,+21.2,+21.2
2024-05-20 23:16,1,+31.7,+41.5,+29.2,+34.8,+49.9,+50.3,+21.7,+21.5,+21.2,+21.6,+21.2,+21.2,+21.3
2024-05-21 00:16,1,+31.7,+41.5,+29.2,+34.9,+49.9,+50.3,+21.7,+21.5,+21.3,+21.6,+21.3,+21.2,+21.2
2024-05-21 01:16,1,+31.7,+41.5,+29.2,+35.0,+50.0,+50.3,+21.6,+21.5,+21.3,+21.7,+21.3,+21.3,+21.2
2024-05-21 02:16,1,+31.7,+41.5,+29.2,+34.9,+49.9,+50.3,+21.6,+21.5,+21.3,+21.6,+21.2,+21.2,+21.2
2024-05-21 03:16,1,+31.6,+41.4,+29.2,+35.0,+50.0,+50.3,+21.5,+21.5,+21.3,+21.6,+21.3,+21.3,+21.2
2024-05-21 04:16,1,+31.6,+41.4,+29.2,+34.9,+49.9,+50.3,+21.3,+21.5,+21.3,+21.6,+21.2,+21.2,+21.2
2024-05-21 05:16,1,+31.6,+41.4,+29.2,+34.9,+49.9,+50.2,+21.3,+21.5,+21.3,+21.6,+21.3,+21.2,+21.2
2024-05-21 06:16,1,+31.6,+41.3,+29.2,+35.0,+49.9,+50.3,+21.2,+21.3,+21.3,+21.7,+21.2,+21.3,+21.2
2024-05-21 07:16,1,+31.6,+41.3,+29.2,+34.9,+49.9,+50.3,+21.2,+21.3,+21.3,+21.7,+21.3,+21.3,+21.2
2024-05-21 08:16,1,+31.5,+41.3,+29.2,+34.9,+49.7,+50.2,+21.3,+21.3,+21.3,+21.7,+21.3,+21.3,+21.2
2024-05-21 09:16,1,+31.5,+41.3,+29.2,+35.0,+49.7,+50.3,+21.3,+21.3,+21.3,+21.7,+21.3,+21.2,+21.2
2024-05-21 10:16,1,+31.4,+41.2,+29.2,+34.9,+49.7,+50.2,+21.5,+21.3,+21.3,+21.7,+21.3,+21.3,+21.2
2024-05-21 11:16,1,+31.3,+41.2,+29.2,+34.9,+49.7,+50.2,+21.6,+21.3,+21.3,+21.7,+21.3,+21.3,+21.3
2024-05-21 12:16,1,+31.2,+41.1,+29.2,+34.9,+49.7,+50.2,+22.0,+21.3,+21.3,+21.7,+21.3,+21.2,+21.3
2024-05-21 13:16,1,+31.1,+41.0,+29.1,+34.8,+49.7,+50.2,+22.1,+21.5,+21.3,+21.7,+21.3,+21.3,+21.2
2024-05-21 14:16,1,+31.0,+41.0,+29.1,+34.8,+49.7,+50.2,+22.3,+21.5,+21.3,+21.7,+21.3,+21.2,+21.3
2024-05-21 15:16,1,+31.0,+40.9,+29.1,+34.8,+49.7,+50.2,+22.5,+21.6,+21.3,+21.7,+21.3,+21.3,+21.2
2024-05-21 16:16,1,+31.0,+40.9,+29.1,+34.8,+49.3,+50.2,+22.5,+21.6,+21.3,+21.7,+21.3,+21.3,+21.2
2024-05-21 17:16,1,+31.0,+40.8,+29.0,+34.7,+49.2,+50.2,+22.3,+21.7,+21.3,+21.7,+21.3,+21.3,+21.2
2024-05-21 18:16,1,+31.0,+40.8,+29.0,+34.9,+49.2,+50.2,+22.2,+21.7,+21.3,+21.7,+21.3,+21.3,+21.3
2024-05-21 19:16,1,+31.0,+40.8,+29.0,+34.7,+49.2,+50.2,+22.0,+21.7,+21.5,+21.7,+21.3,+21.3,+21.3
2024-05-21 20:16,1,+31.0,+40.9,+29.0,+34.7,+49.2,+50.2,+21.8,+21.7,+21.5,+21.7,+21.3,+21.3,+21.3
2024-05-21 21:16,1,+31.0,+41.1,+29.0,+34.7,+49.2,+50.2,+21.8,+21.7,+21.5,+21.7,+21.3,+21.3,+21.3
2024-05-21 22:16,1,+30.9,+41.0,+28.9,+34.7,+49.2,+50.2,+21.7,+21.7,+21.5,+21.7,+21.3,+21.3,+21.3
2024-05-21 23:16,1,+30.9,+41.0,+29.0,+34.7,+49.2,+50.2,+21.5,+21.7,+21.5,+21.7,+21.3,+21.2,+21.3
2024-05-22 00:16,1,+30.9,+40.9,+28.9,+34.8,+49.2,+50.2,+21.3,+21.7,+21.5,+21.7,+21.3,+21.3,+21.3
2024-05-22 01:16,1,+30.9,+40.9,+28.9,+34.8,+49.2,+50.2,+21.3,+21.6,+21.5,+21.7,+21.3,+21.3,+21.3
2024-05-22 02:16,1,+30.9,+40.8,+28.9,+34.8,+49.2,+50.2,+21.2,+21.5,+21.5,+21.8,+21.3,+21.3,+21.3
2024-05-22 03:16,1,+30.8,+40.8,+28.9,+34.7,+49.2,+50.2,+21.1,+21.5,+21.5,+21.7,+21.3,+21.3,+21.2
2024-05-22 04:16,1,+30.8,+40.8,+28.8,+34.8,+49.2,+50.2,+21.1,+21.5,+21.5,+21.7,+21.3,+21.3,+21.3
2024-05-22 05:16,1,+30.8,+40.8,+28.8,+34.8,+49.2,+50.2,+21.0,+21.5,+21.5,+21.7,+21.3,+21.3,+21.2
2024-05-22 06:16,1,+30.8,+40.7,+28.8,+34.6,+49.2,+50.2,+21.0,+21.3,+21.5,+21.7,+21.3,+21.3,+21.3
2024-05-22 07:16,1,+30.7,+40.7,+28.8,+34.7,+49.2,+50.2,+20.8,+21.3,+21.5,+21.8,+21.3,+21.3,+21.3
2024-05-22 08:16,1,+30.7,+40.7,+28.8,+34.7,+49.2,+50.2,+21.0,+21.3,+21.3,+21.8,+21.3,+21.3,+21.3
2024-05-22 09:16,1,+30.6,+40.7,+28.8,+34.7,+49.2,+50.2,+21.1,+21.2,+21.5,+21.8,+21.3,+21.3,+21.3
2024-05-22 10:16,1,+30.4,+40.6,+28.8,+34.7,+49.2,+50.2,+21.2,+21.2,+21.3,+21.7,+21.3,+21.3,+21.2
2024-05-22 11:16,1,+30.3,+40.5,+28.8,+34.7,+49.2,+50.2,+21.5,+21.2,+21.3,+21.7,+21.3,+21.3,+21.3