
2024-04-17 10:16,2,+38.9,+26.9,+16.9,+51.2,+41.5,+39.8,+18.7,+18.8,+19.7,+20.2,+20.0,+20.0,+20.1
2024-04-17 11:16,2,+38.8,+26.9,+16.9,+51.2,+41.5,+39.8,+18.8,+18.8,+19.7,+20.1,+20.0,+20.1,+20.0
2024-04-17 12:16,2,+38.8,+26.9,+16.9,+51.2,+41.5,+39.8,+19.1,+18.8,+19.6,+20.1,+20.0,+20.0,+20.1
2024-04-17 13:16,2,+38.8,+26.9,+16.8,+51.2,+41.5,+39.8,+19.5,+18.8,+19.6,+20.1,+20.0,+20.1,+20.0
2024-04-17 14:16,2,+38.8,+26.9,+16.9,+51.2,+41.5,+39.8,+20.0,+19.0,+19.6,+20.1,+20.0,+20.1,+20.0
2024-04-17 15:16,2,+38.8,+26.9,+16.8,+51.2,+41.5,+39.8,+20.7,+19.1,+19.6,+20.1,+20.0,+20.0,+20.0
2024-04-17 16:16,2,+38.7,+26.9,+16.8,+51.1,+41.4,+39.7,+21.2,+19.3,+19.6,+20.1,+20.0,+20.1,+20.1
2024-04-17 17:16,2,+38.7,+26.9,+16.8,+51.0,+41.4,+39.7,+21.5,+19.6,+19.6,+20.1,+20.0,+20.1,+20.1
2024-04-17 18:16,2,+38.7,+26.9,+16.9,+51.2,+41.5,+39.8,+21.5,+19.8,+19.7,+20.1,+20.0,+20.1,+20.0
2024-04-17 19:16,2,+38.6,+26.9,+16.9,+51.0,+41.4,+39.7,+21.3,+20.1,+19.7,+20.1,+20.0,+20.1,+20.0
2024-04-17 20:16,2,+38.6,+26.9,+16.9,+51.2,+41.4,+39.8,+21.2,+20.1,+19.8,+20.1,+20.0,+20.0,+20.1
2024-04-17 21:16,2,+38.6,+26.9,+16.9,+51.0,+41.4,+39.7,+21.1,+20.2,+19.8,+20.1,+20.0,+20.0,+20.0
2024-04-17 22:16,2,+38.6,+26.9,+16.9,+51.0,+41.4,+39.7,+21.0,+20.2,+19.8,+20.1,+20.0,+20.1,+20.0
2024-04-17 23:16,2,+38.6,+26.9,+16.9,+51.2,+41.4,+39.7,+20.7,+20.1,+20.0,+20.1,+20.0,+20.0,+20.0
2024-04-18 00:16,2,+38.6,+26.9,+16.9,+51.1,+41.4,+39.7,+20.6,+20.1,+20.0,+20.1,+19.8,+20.0,+20.0
2024-04-18 01:16,2,+38.5,+26.9,+16.9,+51.0,+41.4,+39.7,+20.5,+20.1,+20.0,+20.1,+20.0,+20.0,+20.1
2024-04-18 02:16,2,+38.5,+26.9,+16.9,+51.0,+41.4,+39.7,+20.3,+20.1,+20.0,+20.1,+20.0,+20.0,+20.0
2024-04-18 03:16,2,+38.5,+26.9,+16.9,+51.1,+41.4,+39.8,+20.1,+20.0,+20.0,+20.1,+20.0,+20.0,+20.0
2024-04-18 04:16,2,(Error)
2024-04-18 05:16,2,(Error)
2024-04-18 06:16,2,+38.4,+26.9,+16.9,+51.0,+41.4,+39.7,+19.7,+19.7,+20.0,+20.1,+20.0,+20.1,+20.0
2024-04-18 07:16,2,+38.4,+26.9,+16.9,+51.0,+41.4,+39.7,+19.5,+19.6,+20.0,+20.2,+20.0,+20.1,+20.0
2024-04-18 08:16,2,+38.4,+26.9,+16.9,+51.0,+41.4,+39.7,+19.5,+19.5,+20.0,+20.2,+20.0,+20.1,+20.0
2024-04-18 09:16,2,+38.4,+26.9,+16.9,+51.1,+41.4,+39.7,+19.3,+19.5,+20.0,+20.1,+20.0,+20.1,+20.0
2024-04-18 10:16,2,+38.4,+26.9,+16.8,+51.0,+41.4,+39.7,+19.3,+19.3,+19.8,+20.1,+20.0,+20.1,+20.0
2024-04-18 11:16,2,+38.3,+26.9,+16.8,+51.0,+41.4,+39.7,+19.5,+19.2,+19.8,+20.2,+20.0,+20.1,+20.0
2024-04-18 12:16,2,+38.3,+26.8,+16.8,+51.0,+41.4,+39.7,+19.8,+19.2,+19.7,+20.2,+20.0,+20.1,+20.0
2024-04-18 13:16,2,+38.2,+26.8,+16.8,+51.1,+41.4,+39.7,+20.1,+19.3,+19.8,+20.2,+20.0,+20.1,+20.0
2024-04-18 14:16,2,+38.2,+26.8,+16.8,+51.0,+41.4,+39.7,+20.5,+19.5,+19.7,+20.1,+20.0,+20.1,+20.0
2024-04-18 15:16,2,+38.0,+26.8,+16.8,+51.0,+41.3,+39.7,+21.2,+19.6,+19.7,+20.1,+20.0,+20.1,+20.0
2024-04-18 16:16,2,+38.0,+26.8,+16.8,+51.1,+41.4,+39.7,+21.7,+19.8,+19.8,+20.1,+20.0,+20.1,+20.0
2024-04-18 17:16,2,+37.9,+26.8,+16.8,+51.1,+41.4,+39.7,+21.8,+20.1,+19.8,+20.1,+20.0,+20.0,+20.0
2024-04-18 18:16,2,+37.9,+26.8,+16.8,+51.1,+41.4,+39.7,+21.8,+20.2,+19.8,+20.1,+20.0,+20.1,+20.0
2024-04-18 19:16,2,+37.8,+26.8,+16.8,+51.0,+41.3,+39.7,+21.7,+20.3,+20.0,+20.1,+20.0,+20.1,+20.0
2024-04-18 20:16,2,+37.8,+26.9,+16.9,+51.1,+41.4,+39.7,+21.6,+20.5,+20.0,+20.1,+20.0,+20.1,+20.0
2024-04-18 21:16,2,+37.7,+26.9,+16.9,+51.0,+41.3,+39.6,+21.3,+20.5,+20.1,+20.1,+20.0,+20.1,+20.1
2024-04-18 22:16,2,+37.7,+26.9,+16.9,+51.0,+41.3,+39.6,+21.1,+20.5,+20.1,+20.2,+20.0,+20.1,+20.0
2024-04-18 23:16,2,+37.7,+26.9,+16.9,+51.1,+41.3,+39.7,+21.0,+20.5,+20.1,+20.2,+20.0,+20.0,+20.0
2024-04-19 00:16,2,+37.6,+26.9,+16.9,+51.0,+41.3,+39.7,+20.7,+20.3,+20.1,+20.2,+20.0,+20.1,+20.0
2024-04-19 01:16,2,+37.6,+26.9,+16.9,+51.1,+41.4,+39.7,+20.6,+20.2,+20.2,+20.1,+20.0,+20.1,+20.0
2024-04-19 02:16,2,+37.6,+26.9,+16.9,+51.1,+41.3,+39.7,+20.3,+20.2,+20.2,+20.2,+20.0,+20.0,+20.0
2024-04-19 03:16,2,+37.6,+26.8,+16.8,+51.0,+41.3,+39.6,+20.2,+20.1,+20.2,+20.2,+20.0,+20.0,+20.0
2024-04-19 04:16,2,+37.6,+26.8,+16.9,+51.0,+41.3,+39.6,+20.0,+20.0,+20.1,+20.2,+20.0,+20.1,+20.0
2024-04-19 05:16,2,+37.5,+26.8,+16.8,+51.1,+41.3,+39.7,+19.8,+19.8,+20.2,+20.2,+20.0,+20.1,+20.0
2024-04-19 06:16,2,+37.5,+26.8,+16.8,+51.0,+41.3,+39.6,+19.7,+19.8,+20.1,+20.2,+20.0,+20.0,+20.0
2024-04-19 07:16,2,+37.5,+26.8,+16.8,+51.1,+41.3,+39.7,+19.5,+19.7,+20.1,+20.2,+20.0,+20.0,+20.0
2024-04-19 08:16,2,+37.5,+26.8,+16.8,+51.0,+41.3,+39.6,+19.5,+19.6,+20.1,+20.2,+20.0,+20.0,+20.0
2024-04-19 09:16,2,+37.4,+26.8,+16.8,+50.9,+41.3,+39.6,+19.5,+19.5,+20.0,+20.2,+20.0,+20.1,+20.0
2024-04-19 10:16,2,+37.4,+26.8,+16.8,+51.1,+41.3,+39.6,+19.5,+19.5,+20.0,+20.2,+20.0,+20.1,+20.0
2024-04-19 11:16,2,+37.4,+26.8,+16.8,+51.0,+41.3,+39.6,+19.6,+19.3,+19.8,+20.2,+20.0,+20.0,+20.0
2024-04-19 12:16,2,+37.3,+26.8,+16.8,+51.0,+41.3,+39.7,+20.0,+19.5,+19.8,+20.2,+20.0,+20.1,+20.0
2024-04-19 13:16,2,+37.2,+26.8,+16.8,+51.0,+41.3,+39.6,+20.2,+19.5,+19.8,+20.2,+20.0,+20.1,+20.1
2024-04-19 14:16,2,+37.2,+26.8,+16.8,+51.0,+41.3,+39.6,+20.6,+19.5,+19.8,+20.2,+20.0,+20.1,+20.0
2024-04-19 15:16,2,+37.1,+26.8,+16.8,+50.9,+41.3,+39.6,+21.1,+19.7,+19.8,+20.2,+20.0,+20.1,+20.0
2024-04-19 16:16,2,+37.0,+26.8,+16.8,+50.9,+41.3,+39.6,+21.3,+19.8,+19.8,+20.2,+20.0,+20.1,+20.0
2024-04-19 17:16,2,+37.0,+26.8,+16.8,+51.0,+41.3,+39.6,+21.5,+20.0,+19.8,+20.2,+20.0,+20.1,+20.0
2024-04-19 18:16,2,+37.0,+26.8,+16.8,+50.9,+41.3,+39.6,+21.3,+20.2,+20.0,+20.2,+20.0,+20.1,+20.0
2024-04-19 19:16,2,+37.0,+26.8,+16.8,+50.9,+41.3,+39.6,+21.2,+20.2,+20.0,+20.2,+20.0,+20.0,+20.0
2024-04-19 20:16,2,+36.9,+26.8,+16.8,+50.9,+41.3,+39.6,+21.1,+20.2,+20.0,+20.2,+20.0,+20.1,+20.0
2024-04-19 21:16,2,+36.9,+26.8,+16.8,+51.0,+41.3,+39.6,+21.0,+20.3,+20.1,+20.1,+20.0,+20.1,+20.0
2024-04-19 22:16,2,+36.9,+26.8,+16.8,+51.0,+41.3,+39.6,+20.8,+20.2,+20.1,+20.1,+20.0,+20.1,+20.0
2024-04-19 23:16,2,+36.9,+26.8,+16.8,+50.9,+41.2,+39.6,+20.6,+20.2,+20.1,+20.2,+20.0,+20.1,+20.0
2024-04-20 00:16,2,+36.8,+26.8,+16.8,+50.9,+41.2,+39.6,+20.3,+20.2,+20.1,+20.2,+20.0,+20.0,+20.1
2024-04-20 01:16,2,+36.8,+26.8,+16.8,+51.0,+41.3,+39.6,+20.3,+20.1,+20.1,+20.2,+20.0,+20.0,+20.0
2024-04-20 02:16,2,+36.8,+26.8,+16.8,+50.9,+41.2,+39.6,+20.1,+20.0,+20.1,+20.3,+20.0,+20.1,+20.0
2024-04-20 03:16,2,+36.8,+26.8,+16.8,+51.0,+41.3,+39.6,+20.0,+20.0,+20.1,+20.2,+20.0,+20.1,+20.0
2024-04-20 04:16,2,+36.7,+26.8,+16.8,+51.0,+41.3,+39.6,+19.7,+19.8,+20.1,+20.2,+20.0,+20.1,+20.0
2024-04-20 05:16,2,+36.7,+26.7,+16.8,+51.0,+41.3,+39.6,+19.7,+19.7,+20.1,+20.2,+20.0,+20.1,+20.1
2024-04-20 06:16,2,+36.7,+26.7,+16.8,+50.9,+41.3,+39.6,+19.5,+19.7,+20.0,+20.2,+20.0,+20.1,+20.0
2024-04-20 07:16,2,+36.7,+26.7,+16.8,+50.9,+41.2,+39.6,+19.5,+19.6,+20.0,+20.2,+20.0,+20.1,+20.0
2024-04-20 08:16,2,+36.7,+26.7,+16.8,+50.9,+41.2,+39.6,+19.3,+19.5,+20.0,+20.2,+20.0,+20.1,+20.0
2024-04-20 09:16,2,+36.7,+26.7,+16.8,+50.9,+41.2,+39.6,+19.5,+19.5,+20.0,+20.2,+20.0,+20.1,+20.0
2024-04-20 10:16,2,+36.6,+26.7,+16.8,+51.0,+41.3,+39.6,+19.5,+19.3,+19.8,+20.2,+20.0,+20.1,+20.1
2024-04-20 11:16,2,+36.5,+26.7,+16.8,+50.9,+41.2,+39.5,+19.6,+19.3,+19.8,+20.2,+20.0,+20.0,+20.0
2024-04-20 12:16,2,+36.5,+26.7,+16.8,+51.0,+41.3,+39.6,+20.0,+19.3,+19.8,+20.2,+20.0,+20.1,+20.0
2024-04-20 13:16,2,+36.4,+26.7,+16.8,+50.9,+41.2,+39.6,+20.2,+19.5,+19.8,+20.2,+20.0,+20.1,+20.0
2024-04-20 14:16,2,+36.2,+26.7,+16.8,+50.9,+41.2,+39.5,+20.6,+19.5,+19.8,+20.2,+20.0,+20.1,+20.0
2024-04-20 15:16,2,+36.1,+26.7,+16.8,+51.0,+41.2,+39.6,+20.8,+19.6,+19.8,+20.2,+20.0,+20.1,+20.0
2024-04-20 16:16,2,+36.1,+26.7,+16.8,+51.0,+41.2,+39.6,+21.1,+19.8,+19.8,+20.2,+20.0,+20.1,+20.0
2024-04-20 17:16,2,+36.0,+26.7,+16.8,+50.9,+41.2,+39.5,+21.1,+20.0,+19.8,+20.2,+20.0,+20.1,+20.0
2024-04-20 18:16,2,+36.0,+26.7,+16.8,+51.0,+41.2,+39.6,+21.1,+20.1,+20.0,+20.2,+20.0,+20.1,+20.0
2024-04-20 19:16,2,+36.0,+26.7,+16.8,+50.9,+41.2,+39.5,+21.0,+20.1,+20.0,+20.2,+20.0,+20.1,+20.0
2024-04-20 20:16,2,+36.0,+26.7,+16.8,+50.9,+41.2,+39.5,+20.8,+20.1,+20.0,+20.2,+20.0,+20.1,+20.0
2024-04-20 21:16,2,+36.0,+26.7,+16.8,+51.0,+41.2,+39.6,+20.7,+20.2,+20.1,+20.2,+20.0,+20.1,+20.0
2024-04-20 22:16,2,+36.0,+26.7,+16.8,+51.0,+41.2,+39.6,+20.6,+20.2,+20.1,+20.2,+20.0,+20.1,+20.0
2024-04-20 23:16,2,+35.9,+26.7,+16.8,+51.0,+41.2,+39.6,+20.5,+20.1,+20.1,+20.2,+20.0,+20.1,+20.0
2024-04-21 00:16,2,+35.9,+26.7,+16.8,+50.9,+41.2,+39.5,+20.3,+20.1,+20.1,+20.2,+20.1,+20.1,+20.0
2024-04-21 01:16,2,+35.9,+26.7,+16.8,+51.0,+41.2,+39.6,+20.2,+20.1,+20.1,+20.2,+20.0,+20.1,+20.0
2024-04-21 02:16,2,+35.9,+26.7,+16.8,+51.0,+41.2,+39.5,+20.0,+20.0,+20.1,+20.2,+20.0,+20.1,+20.0
2024-04-21 03:16,2,+35.8,+26.7,+16.8,+51.0,+41.2,+39.5,+19.8,+19.8,+20.1,+20.2,+20.0,+20.1,+20.0
2024-04-21 04:16,2,+35.8,+26.7,+16.8,+51.0,+41.2,+39.5,+19.7,+19.7,+20.0,+20.2,+20.0,+20.0,+20.1
2024-04-21 05:16,2,+35.8,+26.6,+16.8,+51.0,+41.2,+39.6,+19.5,+19.7,+20.0,+20.2,+20.0,+20.1,+20.0
2024-04-21 06:16,2,+35.8,+26.6,+16.8,+50.9,+41.1,+39.5,+19.3,+19.6,+20.0,+20.2,+20.0,+20.1,+20.0
2024-04-21 07:16,2,+35.7,+26.6,+16.7,+51.0,+41.2,+39.5,+19.2,+19.3,+20.0,+20.3,+20.0,+20.1,+20.0
2024-04-21 08:16,2,+35.7,+26.6,+16.7,+50.9,+41.2,+39.5,+19.1,+19.5,+20.0,+20.2,+20.0,+20.1,+20.0
2024-04-21 09:16,2,+35.7,+26.6,+16.7,+50.9,+41.1,+39.5,+19.1,+19.2,+19.8,+20.2,+20.0,+20.1,+20.0
2024-04-21 10:16,2,+35.7,+26.6,+16.7,+50.9,+41.1,+39.5,+19.1,+19.2,+19.8,+20.2,+20.0,+20.1,+20.0
2024-04-21 11:16,2,+35.7,+26.6,+16.7,+50.9,+41.1,+39.5,+19.3,+19.2,+19.8,+20.2,+20.0,+20.1,+20.0
2024-04-21 12:16,2,+35.6,+26.6,+16.7,+51.0,+41.2,+39.5,+19.6,+19.2,+19.7,+20.2,+20.0,+20.1,+20.0
2024-04-21 13:16,2,+35.5,+26.6,+16.7,+51.0,+41.2,+39.5,+19.7,+19.2,+19.7,+20.2,+20.1,+20.0,+20.0
2024-04-21 14:16,2,+35.5,+26.6,+16.7,+51.0,+41.2,+39.5,+19.8,+19.2,+19.8,+20.2,+20.0,+20.1,+20.0
2024-04-21 15:16,2,+35.5,+26.5,+16.7,+50.8,+41.1,+39.5,+20.1,+19.3,+19.7,+20.2,+20.0,+20.0,+20.0
2024-04-21 16:16,2,+35.5,+26.5,+16.7,+51.0,+41.2,+39.5,+20.1,+19.5,+19.7,+20.1,+20.0,+20.1,+20.0
2024-04-21 17:16,2,+35.4,+26.5,+16.7,+50.8,+41.1,+39.5,+20.2,+19.6,+19.7,+20.2,+20.0,+20.1,+20.0
2024-04-21 18:16,2,+35.5,+26.5,+16.7,+50.8,+41.1,+39.5,+20.3,+19.6,+19.7,+20.2,+20.0,+20.1,+20.0
2024-04-21 19:16,2,+35.4,+26.5,+16.7,+51.0,+41.1,+39.5,+20.2,+19.6,+19.7,+20.2,+20.0,+20.1,+20.0
2024-04-21 20:16,2,+35.4,+26.5,+16.7,+51.0,+41.2,+39.5,+20.1,+19.6,+19.8,+20.1,+20.0,+20.1,+20.0
2024-04-21 21:16,2,+35.4,+26.5,+16.7,+51.0,+41.2,+39.5,+20.1,+19.7,+19.8,+20.1,+20.0,+20.1,+20.0
2024-04-21 22:16,2,+35.4,+26.5,+16.7,+50.8,+41.1,+39.5,+20.0,+19.7,+19.8,+20.1,+20.0,+20.0,+20.0
2024-04-21 23:16,2,+35.4,+26.5,+16.7,+51.0,+41.1,+39.5,+19.8,+19.6,+19.8,+20.1,+20.0,+20.1,+20.0
2024-04-22 00:16,2,+35.4,+26.5,+16.7,+51.0,+41.1,+39.5,+19.7,+19.6,+19.8,+20.1,+20.0,+20.1,+20.0
2024-04-22 01:16,2,+35.4,+26.5,+16.7,+50.8,+41.1,+39.5,+19.6,+19.5,+19.8,+20.2,+20.0,+20.1,+20.0
2024-04-22 02:16,2,+35.4,+26.5,+16.7,+50.8,+41.1,+39.5,+19.6,+19.5,+19.8,+20.1,+20.0,+20.1,+20.0
2024-04-22 03:16,2,+35.3,+26.5,+16.7,+50.8,+41.1,+39.5,+19.5,+19.3,+19.8,+20.2,+20.0,+20.0,+20.0
2024-04-22 04:16,2,+35.3,+26.5,+16.7,+51.0,+41.1,+39.5,+19.3,+19.3,+19.8,+20.1,+20.0,+20.1,+20.0
2024-04-22 05:16,2,+35.3,+26.5,+16.7,+50.9,+41.1,+39.5,+19.3,+19.3,+19.8,+20.1,+20.0,+20.1,+20.0
2024-04-22 06:16,2,+35.3,+26.5,+16.7,+50.8,+41.1,+39.5,+19.2,+19.2,+19.8,+20.1,+20.0,+20.1,+20.0
2024-04-22 07:16,2,+35.3,+26.5,+16.7,+50.9,+41.1,+39.5,+19.2,+19.2,+19.7,+20.1,+20.0,+20.1,+20.0
2024-04-22 08:16,2,+35.3,+26.5,+16.7,+50.8,+41.1,+39.5,+19.2,+19.2,+19.7,+20.1,+20.0,+20.1,+20.0
2024-04-22 09:16,2,+35.3,+26.5,+16.7,+50.8,+41.1,+39.5,+19.3,+19.2,+19.7,+20.1,+20.0,+20.0,+20.0
2024-04-22 10:16,2,+35.3,+26.5,+16.7,+50.8,+41.0,+39.5,+19.3,+19.1,+19.7,+20.1,+20.0,+20.0,+20.0
2024-04-22 11:16,2,+35.3,+26.5,+16.7,+50.8,+41.1,+39.5,+19.6,+19.2,+19.7,+20.1,+20.0,+20.1,+20.0
2024-04-22 12:16,2,+35.2,+26.5,+16.7,+50.8,+41.1,+39.5,+19.8,+19.2,+19.6,+20.1,+20.0,+20.1,+20.0
2024-04-22 13:16,2,+35.2,+26.5,+16.6,+50.8,+41.0,+39.5,+20.2,+19.2,+19.6,+20.1,+20.0,+20.1,+20.0
2024-04-22 14:16,2,+35.1,+26.5,+16.6,+50.8,+41.1,+39.5,+20.6,+19.3,+19.7,+20.1,+20.0,+20.0,+20.0
2024-04-22 15:16,2,+35.0,+26.5,+16.7,+50.9,+41.1,+39.5,+21.1,+19.6,+19.7,+20.1,+20.0,+20.1,+20.0
2024-04-22 16:16,2,+34.9,+26.5,+16.6,+50.9,+41.1,+39.5,+21.5,+19.7,+19.7,+20.1,+20.0,+20.0,+20.0
2024-04-22 17:16,2,(Error)
2024-04-22 18:16,2,+34.9,+26.5,+16.7,+50.9,+41.1,+39.5,+21.6,+20.1,+19.7,+20.1,+19.8,+20.1,+20.0
2024-04-22 19:16,2,+34.8,+26.5,+16.7,+50.8,+41.1,+39.5,+21.5,+20.2,+19.8,+20.1,+20.0,+20.0,+20.0
2024-04-22 20:16,2,+34.8,+26.5,+16.7,+50.9,+41.1,+39.5,+21.5,+20.3,+20.0,+20.1,+20.0,+20.0,+20.0
2024-04-22 21:16,2,+34.8,+26.5,+16.7,+50.8,+41.0,+39.5,+21.3,+20.3,+20.0,+20.1,+20.0,+20.1,+20.0
2024-04-22 22:16,2,+34.8,+26.5,+16.7,+50.9,+41.1,+39.5,+21.1,+20.3,+20.0,+20.2,+20.0,+20.0,+20.0
2024-04-22 23:16,2,+34.8,+26.5,+16.7,+50.9,+41.1,+39.5,+21.0,+20.3,+20.1,+20.1,+20.0,+20.0,+20.0
2024-04-23 00:16,2,+34.8,+26.5,+16.7,+50.8,+41.0,+39.4,+20.8,+20.3,+20.1,+20.1,+20.0,+20.0,+20.0
2024-04-23 01:16,2,+34.7,+26.5,+16.7,+50.9,+41.1,+39.5,+20.7,+20.2,+20.1,+20.2,+20.0,+20.0,+20.0
2024-04-23 02:16,2,+34.7,+26.5,+16.7,+50.9,+41.1,+39.5,+20.5,+20.2,+20.2,+20.1,+20.0,+20.0,+20.0
2024-04-23 03:16,2,+34.7,+26.5,+16.7,+50.8,+41.0,+39.4,+20.3,+20.2,+20.1,+20.2,+20.0,+20.0,+20.0
2024-04-23 04:16,2,+34.7,+26.5,+16.7,+50.9,+41.1,+39.5,+20.2,+20.1,+20.1,+20.2,+20.0,+20.0,+20.0
2024-04-23 05:16,2,+34.7,+26.5,+16.7,+50.8,+41.0,+39.4,+20.1,+20.0,+20.1,+20.2,+20.0,+20.0,+20.0
2024-04-23 06:16,2,+34.6,+26.5,+16.7,+50.8,+41.0,+39.4,+20.0,+20.0,+20.1,+20.2,+20.0,+20.0,+20.0
2024-04-23 07:16,2,+34.6,+26.5,+16.7,+50.9,+41.1,+39.5,+19.7,+19.8,+20.1,+20.2,+20.0,+20.0,+20.0
2024-04-23 08:16,2,+34.6,+26.5,+16.7,+50.8,+41.0,+39.4,+19.7,+19.7,+20.1,+20.2,+20.0,+20.0,+20.0
2024-04-23 09:16,2,+34.5,+26.5,+16.7,+50.9,+41.1,+39.5,+19.7,+19.6,+20.0,+20.2,+20.0,+20.1,+20.0
2024-04-23 10:16,2,+34.5,+26.5,+16.7,+50.8,+41.0,+39.4,+19.7,+19.6,+20.0,+20.2,+20.0,+20.0,+20.0
2024-04-23 11:16,2,+34.4,+26.5,+16.7,+50.9,+41.0,+39.5,+20.0,+19.6,+20.0,+20.2,+20.0,+20.0,+20.0
2024-04-23 12:16,2,+34.3,+26.5,+16.6,+50.8,+41.0,+39.4,+20.1,+19.6,+20.0,+20.2,+20.0,+20.1,+20.0
2024-04-23 13:16,2,+34.2,+26.4,+16.7,+50.8,+41.0,+39.4,+20.5,+19.7,+20.0,+20.2,+20.0,+20.0,+20.0
2024-04-23 14:16,2,+34.2,+26.4,+16.6,+50.8,+41.0,+39.4,+20.7,+19.7,+20.0,+20.2,+20.0,+20.1,+20.0
2024-04-23 15:16,2,+34.1,+26.4,+16.7,+50.8,+41.0,+39.4,+21.1,+19.8,+20.0,+20.2,+20.0,+20.1,+20.0
2024-04-23 16:16,2,+34.1,+26.4,+16.7,+50.9,+41.0,+39.5,+21.3,+20.0,+20.0,+20.2,+20.0,+20.1,+20.0
2024-04-23 17:16,2,+34.0,+26.4,+16.7,+50.9,+41.0,+39.5,+21.3,+20.2,+20.0,+20.2,+20.1,+20.0,+20.0
2024-04-23 18:16,2,+34.0,+26.4,+16.7,+50.9,+41.0,+39.5,+21.3,+20.2,+20.0,+20.2,+20.0,+20.1,+20.0
2024-04-23 19:16,2,+34.0,+26.4,+16.7,+50.8,+41.0,+39.5,+21.2,+20.2,+20.1,+20.2,+20.0,+20.0,+20.0
2024-04-23 20:16,2,+34.0,+26.4,+16.7,+50.8,+41.0,+39.4,+21.1,+20.3,+20.1,+20.2,+20.0,+20.1,+20.0
2024-04-23 21:16,2,+34.0,+26.4,+16.7,+50.9,+41.0,+39.4,+20.8,+20.3,+20.2,+20.2,+20.0,+20.1,+20.0
2024-04-23 22:16,2,+34.0,+26.4,+16.7,+50.8,+40.9,+39.4,+20.7,+20.3,+20.1,+20.2,+20.0,+20.1,+20.0
2024-04-23 23:16,2,+34.0,+26.4,+16.7,+50.7,+41.0,+39.4,+20.6,+20.2,+20.1,+20.2,+20.0,+20.0,+20.0
2024-04-24 00:16,2,+33.9,+26.4,+16.7,+50.7,+41.0,+39.4,+20.3,+20.2,+20.2,+20.2,+20.0,+20.1,+20.0
2024-04-24 01:16,2,+33.9,+26.4,+16.6,+50.8,+41.0,+39.4,+20.3,+20.1,+20.2,+20.2,+20.0,+20.0,+20.0
2024-04-24 02:16,2,+33.9,+26.4,+16.7,+50.7,+40.9,+39.4,+20.2,+20.1,+20.2,+20.2,+20.0,+20.1,+20.0
2024-04-24 03:16,2,+33.9,+26.4,+16.7,+50.8,+41.0,+39.4,+20.0,+20.0,+20.2,+20.2,+20.0,+20.1,+20.0
2024-04-24 04:16,2,+33.8,+26.4,+16.7,+50.8,+41.0,+39.4,+19.8,+19.8,+20.1,+20.2,+20.0,+20.1,+20.0
2024-04-24 05:16,2,+33.8,+26.4,+16.6,+50.8,+41.0,+39.4,+19.8,+19.8,+20.1,+20.2,+20.0,+20.0,+20.0
2024-04-24 06:16,2,+33.8,+26.4,+16.6,+50.8,+41.0,+39.4,+19.7,+19.8,+20.1,+20.2,+20.0,+20.1,+20.0
2024-04-24 07:16,2,+33.8,+26.4,+16.6,+50.8,+41.0,+39.4,+19.6,+19.6,+20.1,+20.2,+20.0,+20.1,+20.0
2024-04-24 08:16,2,+33.8,+26.4,+16.6,+50.8,+41.0,+39.4,+19.5,+19.6,+20.1,+20.3,+20.0,+20.1,+20.0
2024-04-24 09:16,2,+33.8,+26.4,+16.6,+50.7,+40.9,+39.4,+19.6,+19.6,+20.0,+20.2,+20.0,+20.1,+20.0
2024-04-24 10:16,2,+33.8,+26.4,+16.6,+50.8,+40.9,+39.4,+19.7,+19.5,+20.0,+20.3,+20.0,+20.1,+20.0
2024-04-24 11:16,2,+33.7,+26.4,+16.6,+50.7,+40.9,+39.4,+19.8,+19.5,+20.0,+20.2,+20.0,+20.1,+20.0
2024-04-24 12:16,2,+33.6,+26.3,+16.6,+50.7,+40.9,+39.4,+20.1,+19.5,+20.0,+20.2,+20.1,+20.1,+20.0
2024-04-24 13:16,2,+33.6,+26.3,+16.6,+50.7,+40.9,+39.4,+20.3,+19.6,+19.8,+20.2,+20.0,+20.1,+20.0
2024-04-24 14:16,2,+33.5,+26.3,+16.6,+50.8,+41.0,+39.4,+20.7,+19.7,+20.0,+20.2,+20.0,+20.1,+20.0
2024-04-24 15:16,2,+33.5,+26.3,+16.6,+50.8,+41.0,+39.4,+21.1,+19.8,+19.8,+20.2,+20.0,+20.1,+20.0
2024-04-24 16:16,2,+45.3,+30.5,+16.8,+50.9,+41.0,+39.4,+21.2,+20.2,+20.0,+20.2,+20.0,+20.1,+20.0
2024-04-24 17:16,2,+46.3,+31.3,+17.0,+50.8,+40.9,+39.4,+21.1,+20.3,+20.1,+20.2,+20.0,+20.1,+20.0
2024-04-24 18:16,2,+44.7,+28.9,+16.9,+50.7,+40.9,+39.4,+21.0,+20.3,+20.1,+20.2,+20.0,+20.1,+20.0
2024-04-24 19:16,2,+43.7,+28.3,+16.9,+50.8,+40.9,+39.4,+20.8,+20.3,+20.1,+20.2,+20.1,+20.1,+20.0
2024-04-24 20:16,2,(Error)
2024-04-24 21:16,2,+41.7,+28.0,+17.1,+50.9,+41.0,+39.4,+20.6,+20.2,+20.2,+20.2,+20.0,+20.1,+20.0
2024-04-24 22:16,2,+41.5,+27.9,+17.1,+50.8,+40.9,+39.4,+20.5,+20.2,+20.2,+20.3,+20.0,+20.1,+20.0
2024-04-24 23:16,2,+41.3,+27.8,+17.1,+50.8,+40.9,+39.4,+20.5,+20.1,+20.2,+20.2,+20.0,+20.1,+20.0
2024-04-25 00:16,2,+41.0,+27.7,+17.1,+50.8,+40.9,+39.4,+20.3,+20.1,+20.2,+20.3,+20.0,+20.1,+20.0
2024-04-25 01:16,2,+40.8,+27.7,+17.1,+50.9,+40.9,+39.4,+20.2,+20.0,+20.2,+20.2,+20.0,+20.1,+20.0
2024-04-25 02:16,2,+40.7,+27.6,+17.1,+50.9,+41.0,+39.4,+20.1,+20.0,+20.2,+20.3,+20.0,+20.1,+20.0
2024-04-25 03:16,2,(Error)
2024-04-25 04:16,2,+40.4,+27.5,+17.1,+51.0,+41.0,+39.4,+20.0,+19.8,+20.1,+20.2,+20.0,+20.1,+20.0
2024-04-25 05:16,2,(Error)
2024-04-25 06:16,2,+40.2,+27.5,+17.1,+50.9,+40.9,+39.4,+19.7,+19.7,+20.1,+20.3,+20.0,+20.1,+20.0
2024-04-25 07:16,2,+40.1,+27.5,+17.1,+51.0,+41.0,+39.4,+19.7,+19.7,+20.1,+20.2,+20.0,+20.1,+20.0
2024-04-25 08:16,2,+40.1,+27.4,+17.1,+50.9,+40.9,+39.3,+19.7,+19.6,+20.1,+20.3,+20.1,+20.1,+20.0
2024-04-25 09:16,2,+40.1,+27.4,+17.1,+50.9,+40.9,+39.3,+19.7,+19.6,+20.0,+20.2,+20.0,+20.1,+20.0
2024-04-25 10:16,2,+40.3,+27.4,+17.1,+51.0,+41.0,+39.4,+19.7,+19.6,+20.0,+20.3,+20.0,+20.1,+20.0
2024-04-25 11:16,2,+40.5,+27.4,+17.1,+50.9,+41.0,+39.4,+19.8,+19.6,+20.0,+20.3,+20.0,+20.1,+20.0
2024-04-25 12:16,2,+40.5,+27.4,+17.1,+50.9,+41.0,+39.4,+19.8,+19.6,+20.0,+20.2,+20.1,+20.1,+20.0
2024-04-25 13:16,2,+40.5,+27.4,+17.1,+51.0,+41.1,+39.4,+20.0,+19.5,+20.0,+20.2,+20.1,+20.1,+20.0
2024-04-25 14:16,2,+40.5,+27.4,+17.1,+51.0,+41.0,+39.4,+20.1,+19.6,+20.0,+20.2,+20.0,+20.1,+20.0
2024-04-25 15:16,2,+40.5,+27.4,+17.1,+51.1,+41.1,+39.4,+20.1,+19.6,+20.0,+20.2,+20.1,+20.1,+20.0
2024-04-25 16:16,2,+40.5,+27.4,+17.1,+51.1,+41.1,+39.5,+20.1,+19.6,+20.0,+20.2,+20.1,+20.1,+20.0
2024-04-25 17:16,2,+40.5,+27.4,+17.1,+51.0,+41.1,+39.4,+20.1,+19.6,+20.0,+20.2,+20.0,+20.1,+20.0
2024-04-25 18:16,2,+40.5,+27.4,+17.1,+51.1,+41.1,+39.5,+20.0,+19.7,+19.8,+20.2,+20.0,+20.1,+20.1
2024-04-25 19:16,2,+40.4,+27.4,+17.1,+51.1,+41.1,+39.5,+20.0,+19.7,+20.0,+20.3,+20.0,+20.1,+20.0
2024-04-25 20:16,2,+40.3,+27.4,+17.1,+51.0,+41.1,+39.4,+19.8,+19.7,+20.0,+20.2,+20.1,+20.1,+20.0
2024-04-25 21:16,2,+40.3,+27.4,+17.1,+51.1,+41.2,+39.5,+19.8,+19.6,+20.0,+20.2,+20.1,+20.1,+20.0
2024-04-25 22:16,2,+40.2,+27.4,+17.1,+51.1,+41.2,+39.5,+19.7,+19.6,+20.0,+20.2,+20.1,+20.1,+20.0
2024-04-25 23:16,2,+40.2,+27.4,+17.1,+51.0,+41.1,+39.4,+19.6,+19.5,+20.0,+20.2,+20.1,+20.1,+20.0
2024-04-26 00:16,2,+40.1,+27.4,+17.1,+51.1,+41.2,+39.5,+19.5,+19.5,+20.0,+20.2,+20.1,+20.1,+20.0
2024-04-26 01:16,2,+40.1,+27.3,+17.1,+51.1,+41.2,+39.5,+19.5,+19.5,+20.0,+20.2,+20.0,+20.1,+20.1
2024-04-26 02:16,2,+40.0,+27.3,+17.1,+51.1,+41.2,+39.5,+19.3,+19.3,+19.8,+20.2,+20.1,+20.1,+20.0
2024-04-26 03:16,2,+40.0,+27.3,+17.1,+51.1,+41.2,+39.5,+19.3,+19.3,+19.8,+20.2,+20.0,+20.1,+20.0
2024-04-26 04:16,2,+40.0,+27.3,+17.1,+51.1,+41.3,+39.5,+19.2,+19.2,+19.8,+20.2,+20.1,+20.1,+20.0
2024-04-26 05:16,2,+39.9,+27.3,+17.1,+51.0,+41.2,+39.5,+19.1,+19.2,+19.8,+20.2,+20.0,+20.1,+20.0
2024-04-26 06:16,2,+39.9,+27.3,+17.1,+51.1,+41.3,+39.5,+19.1,+19.1,+19.8,+20.2,+20.1,+20.1,+20.0
2024-04-26 07:16,2,+39.9,+27.3,+17.1,+51.1,+41.3,+39.5,+19.1,+19.1,+19.7,+20.2,+20.0,+20.1,+20.0
2024-04-26 08:16,2,(Error)
2024-04-26 09:16,2,(Error)
2024-04-26 10:16,2,+39.8,+27.2,+17.1,+51.0,+41.3,+39.5,+19.2,+19.1,+19.6,+20.1,+20.0,+20.1,+20.1
2024-04-26 11:16,2,+39.8,+27.2,+17.1,+51.2,+41.3,+39.6,+19.3,+19.1,+19.7,+20.1,+20.1,+20.1,+20.0
2024-04-26 12:16,2,+39.8,+27.2,+17.1,+51.2,+41.3,+39.6,+19.6,+19.1,+19.6,+20.1,+20.0,+20.1,+20.0
2024-04-26 13:16,2,+39.8,+27.2,+17.1,+51.2,+41.3,+39.6,+20.0,+19.2,+19.6,+20.2,+20.0,+20.1,+20.1
2024-04-26 14:16,2,+39.8,+27.2,+17.1,+51.2,+41.3,+39.6,+20.2,+19.2,+19.6,+20.1,+20.0,+20.1,+20.1
2024-04-26 15:16,2,+39.8,+27.2,+17.1,+51.2,+41.3,+39.6,+20.5,+19.3,+19.6,+20.1,+20.0,+20.1,+20.0
2024-04-26 16:16,2,+39.8,+27.2,+17.1,+51.0,+41.3,+39.6,+20.6,+19.5,+19.7,+20.1,+20.0,+20.0,+20.0
2024-04-26 17:16,2,+44.8,+28.0,+17.1,+51.2,+41.3,+39.6,+20.6,+19.6,+19.7,+20.1,+20.0,+20.1,+20.0
2024-04-26 18:16,2,+44.2,+27.8,+17.1,+51.3,+41.4,+39.6,+20.6,+19.8,+19.7,+20.1,+20.0,+20.1,+20.0
2024-04-26 19:16,2,+44.2,+27.9,+17.1,+51.3,+41.4,+39.6,+20.6,+19.8,+19.7,+20.1,+20.0,+20.1,+20.1
2024-04-26 20:16,2,+43.8,+27.9,+17.2,+51.3,+41.4,+39.6,+20.5,+19.8,+19.8,+20.1,+20.0,+20.1,+20.0
2024-04-26 21:16,2,+43.4,+27.9,+17.2,+51.2,+41.3,+39.6,+20.3,+19.8,+19.8,+20.1,+20.0,+20.1,+20.0
2024-04-26 22:16,2,+43.0,+27.9,+17.2,+51.2,+41.3,+39.6,+20.2,+19.8,+19.8,+20.1,+20.0,+20.0,+20.1
2024-04-26 23:16,2,+42.7,+27.9,+17.2,+51.2,+41.3,+39.6,+20.2,+19.8,+19.8,+20.1,+20.0,+20.1,+20.0
2024-04-27 00:16,2,+42.5,+27.9,+17.2,+51.2,+41.4,+39.6,+20.1,+19.8,+19.8,+20.1,+20.0,+20.0,+20.0
2024-04-27 01:16,2,+42.2,+27.9,+17.3,+51.2,+41.3,+39.6,+20.1,+19.7,+19.8,+20.1,+20.0,+20.1,+20.0
2024-04-27 02:16,2,+42.1,+27.9,+17.3,+51.2,+41.4,+39.6,+20.0,+19.7,+19.8,+20.2,+20.0,+20.0,+20.0
2024-04-27 03:16,2,+43.1,+28.0,+17.3,+51.2,+41.4,+39.6,+19.8,+19.7,+19.8,+20.1,+19.8,+20.1,+20.0
2024-04-27 04:16,2,+43.3,+28.0,+17.3,+51.3,+41.4,+39.7,+19.8,+19.7,+20.0,+20.1,+20.0,+20.0,+20.0
2024-04-27 05:16,2,+42.9,+28.0,+17.3,+51.3,+41.4,+39.7,+19.7,+19.6,+19.8,+20.1,+20.0,+20.0,+20.0
2024-04-27 06:16,2,+42.5,+28.0,+17.3,+51.2,+41.4,+39.7,+19.7,+19.5,+20.0,+20.2,+20.0,+20.1,+20.0
2024-04-27 07:16,2,+42.2,+28.0,+17.3,+51.4,+41.5,+39.7,+19.7,+19.5,+19.8,+20.1,+20.0,+20.0,+20.0
2024-04-27 08:16,2,+42.0,+27.9,+17.3,+51.3,+41.5,+39.7,+19.6,+19.5,+19.8,+20.2,+20.0,+20.1,+20.0
2024-04-27 09:16,2,+41.9,+27.9,+17.3,+51.3,+41.5,+39.7,+19.7,+19.5,+19.8,+20.1,+20.0,+20.1,+20.0
2024-04-27 10:16,2,+41.7,+27.9,+17.3,+51.3,+41.5,+39.7,+19.7,+19.5,+19.8,+20.1,+20.0,+20.1,+20.0
2024-04-27 11:16,2,+41.6,+27.8,+17.3,+51.4,+41.6,+39.8,+19.8,+19.3,+19.8,+20.1,+20.0,+20.1,+20.0
2024-04-27 12:16,2,+41.4,+27.7,+17.3,+51.4,+41.6,+39.8,+20.0,+19.5,+19.8,+20.1,+20.0,+20.1,+20.0
2024-04-27 13:16,2,+41.3,+27.7,+17.3,+51.3,+41.6,+39.8,+20.1,+19.5,+19.8,+20.1,+20.0,+20.0,+20.0
2024-04-27 14:16,2,+41.3,+27.7,+17.3,+51.3,+41.6,+39.8,+20.2,+19.6,+19.8,+20.1,+20.0,+20.1,+20.0
2024-04-27 15:16,2,+41.2,+27.7,+17.3,+51.3,+41.6,+39.8,+20.6,+19.6,+19.7,+20.1,+20.0,+20.0,+20.0
2024-04-27 16:16,2,+41.1,+27.6,+17.3,+51.4,+41.7,+39.9,+20.6,+19.7,+19.8,+20.1,+20.0,+20.1,+20.0
2024-04-27 17:16,2,+41.3,+27.6,+17.3,+51.4,+41.7,+39.9,+20.7,+19.8,+19.8,+20.1,+20.0,+20.0,+20.1
2024-04-27 18:16,2,+41.7,+27.7,+17.3,+51.3,+41.7,+39.9,+20.7,+19.8,+19.8,+20.2,+20.0,+20.1,+20.0
2024-04-27 19:16,2,+41.8,+27.7,+17.3,+51.4,+41.8,+39.9,+20.7,+20.0,+20.0,+20.1,+20.0,+20.1,+20.0
2024-04-27 20:16,2,+41.7,+27.7,+17.3,+51.4,+41.8,+40.0,+20.6,+20.0,+20.0,+20.1,+20.0,+20.0,+20.0
2024-04-27 21:16,2,+41.7,+27.7,+17.3,+51.3,+41.7,+39.9,+20.6,+20.0,+20.0,+20.2,+20.0,+20.1,+20.0
2024-04-27 22:16,2,+41.6,+27.7,+17.3,+51.4,+41.8,+40.0,+20.5,+20.0,+20.0,+20.2,+20.0,+20.0,+20.0
2024-04-27 23:16,2,+41.5,+27.7,+17.3,+51.4,+41.8,+40.0,+20.3,+20.0,+20.0,+20.1,+20.0,+20.1,+20.0
2024-04-28 00:16,2,+41.4,+27.7,+17.3,+51.3,+41.8,+40.0,+20.2,+20.0,+20.0,+20.2,+20.0,+20.1,+20.0
2024-04-28 01:16,2,+41.3,+27.7,+17.2,+51.3,+41.8,+40.0,+20.2,+19.8,+20.0,+20.2,+20.0,+20.1,+20.0
2024-04-28 02:16,2,+41.3,+27.7,+17.2,+51.3,+41.8,+40.0,+20.1,+19.8,+20.0,+20.2,+20.0,+20.1,+20.0
2024-04-28 03:16,2,+41.2,+27.7,+17.2,+51.4,+41.8,+40.0,+20.0,+19.8,+20.0,+20.2,+20.0,+20.0,+20.0
2024-04-28 04:16,2,+41.1,+27.7,+17.2,+51.4,+41.8,+40.1,+19.8,+19.7,+20.0,+20.2,+20.0,+20.0,+20.0
2024-04-28 05:16,2,+41.0,+27.7,+17.2,+51.3,+41.8,+40.0,+19.8,+19.7,+20.0,+20.2,+20.0,+20.1,+20.0
2024-04-28 06:16,2,+41.0,+27.6,+17.2,+51.3,+41.8,+40.0,+19.7,+19.6,+20.0,+20.2,+20.0,+20.1,+20.0
2024-04-28 07:16,2,+40.9,+27.6,+17.2,+51.4,+41.8,+40.0,+19.7,+19.6,+20.0,+20.2,+20.0,+20.0,+20.0
2024-04-28 08:16,2,+40.9,+27.6,+17.2,+51.3,+41.8,+40.0,+19.7,+19.5,+20.0,+20.2,+20.0,+20.1,+20.0
2024-04-28 09:16,2,+40.8,+27.6,+17.2,+51.3,+41.8,+40.0,+19.7,+19.5,+20.0,+20.1,+20.0,+20.1,+20.0
2024-04-28 10:16,2,+40.8,+27.5,+17.2,+51.3,+41.8,+40.0,+19.7,+19.5,+19.8,+20.2,+20.0,+20.1,+20.0
2024-04-28 11:16,2,+40.7,+27.5,+17.2,+51.3,+41.8,+40.0,+19.8,+19.5,+19.8,+20.2,+20.0,+20.1,+20.0
2024-04-28 12:16,2,(Error)
2024-04-28 13:16,2,+40.7,+27.5,+17.2,+51.3,+41.8,+40.0,+20.2,+19.6,+19.8,+20.2,+20.0,+20.0,+20.0
2024-04-28 14:16,2,+40.7,+27.5,+17.2,+51.4,+41.8,+40.1,+20.5,+19.6,+19.8,+20.2,+20.0,+20.0,+20.0
2024-04-28 15:16,2,(Error)
2024-04-28 16:16,2,(Error)
2024-04-28 17:16,2,(Error)
2024-04-28 18:16,2,(Error)
2024-04-28 19:16,2,(Error)
2024-04-28 20:16,2,(Error)
2024-04-28 21:16,2,(Error)
2024-04-28 22:16,2,(Error)
2024-04-28 23:16,2,(Error)
2024-04-29 00:16,2,(Error)
2024-04-29 01:16,2,(Error)
2024-04-29 02:16,2,(Error)
2024-04-29 03:16,2,(Error)
2024-04-29 04:16,2,(Error)
2024-04-29 05:16,2,(Error)
2024-04-29 06:16,2,(Error)
2024-04-29 07:16,2,(Error)
2024-04-29 08:16,2,(Error)
2024-04-29 09:16,2,+40.0,+27.4,+17.2,+51.3,+41.7,+40.0,+20.0,+19.8,+20.1,+20.3,+20.0,+20.0,+20.0
2024-04-29 10:16,2,(Error)
2024-04-29 11:16,2,+40.0,+27.4,+17.2,+51.3,+41.7,+40.0,+20.2,+19.7,+20.1,+20.2,+20.0,+20.1,+20.0
2024-04-29 12:16,2,(Error)
2024-04-29 13:16,2,(Error)
2024-04-29 14:16,2,(Error)
2024-04-29 15:16,2,(Error)
2024-04-29 16:16,2,(Error)
2024-04-29 17:16,2,(Error)
2024-04-29 18:16,2,(Error)
2024-04-29 19:16,2,(Error)
2024-04-29 20:16,2,+39.8,+27.3,+17.2,+51.3,+41.6,+40.0,+21.1,+20.3,+20.1,+20.3,+20.1,+20.1,+20.0
2024-04-29 21:16,2,+39.7,+27.3,+17.1,+51.3,+41.7,+40.0,+21.0,+20.3,+20.2,+20.3,+20.0,+20.1,+20.0
2024-04-29 22:16,2,+39.7,+27.3,+17.2,+51.2,+41.6,+40.0,+20.8,+20.3,+20.2,+20.3,+20.0,+20.1,+20.1
2024-04-29 23:16,2,+39.6,+27.3,+17.1,+51.3,+41.7,+40.0,+20.7,+20.3,+20.2,+20.3,+20.1,+20.1,+20.0
2024-04-30 00:16,2,(Error)
2024-04-30 01:16,2,(Error)
2024-04-30 02:16,2,(Error)
2024-04-30 03:16,2,(Error)
2024-04-30 04:16,2,(Error)
2024-04-30 05:16,2,(Error)
2024-04-30 06:16,2,(Error)
2024-04-30 07:16,2,(Error)
2024-04-30 08:16,2,(Error)
2024-04-30 09:16,2,+39.3,+27.2,+17.1,+51.3,+41.7,+40.0,+20.0,+19.8,+20.2,+20.3,+20.1,+20.1,+20.0
2024-04-30 10:16,2,+39.3,+27.2,+17.1,+51.3,+41.6,+40.0,+20.0,+19.7,+20.1,+20.3,+20.1,+20.1,+20.0
2024-04-30 11:16,2,+39.3,+27.2,+17.1,+51.3,+41.6,+40.0,+20.1,+19.7,+20.1,+20.3,+20.1,+20.1,+20.0
2024-04-30 12:16,2,+39.3,+27.2,+17.1,+51.3,+41.6,+40.0,+20.3,+19.7,+20.1,+20.3,+20.0,+20.1,+20.0
2024-04-30 13:16,2,+39.2,+27.2,+17.1,+51.2,+41.6,+40.0,+20.7,+19.8,+20.1,+20.3,+20.1,+20.1,+20.0
2024-04-30 14:16,2,+39.2,+27.2,+17.1,+51.2,+41.6,+40.0,+21.0,+20.0,+20.1,+20.3,+20.1,+20.1,+20.0
2024-04-30 15:16,2,+39.2,+27.2,+17.1,+51.2,+41.6,+40.0,+21.3,+20.1,+20.1,+20.3,+20.1,+20.1,+20.0
2024-04-30 16:16,2,+39.2,+27.2,+17.1,+51.3,+41.7,+40.0,+21.6,+20.2,+20.1,+20.3,+20.1,+20.2,+20.0
2024-04-30 17:16,2,+39.2,+27.2,+17.1,+51.3,+41.6,+40.0,+21.6,+20.3,+20.1,+20.3,+20.1,+20.1,+20.0
2024-04-30 18:16,2,+39.2,+27.2,+17.1,+51.2,+41.6,+40.0,+21.6,+20.5,+20.2,+20.3,+20.1,+20.2,+20.0
2024-04-30 19:16,2,+39.2,+27.2,+17.1,+51.2,+41.6,+40.0,+21.5,+20.5,+20.2,+20.3,+20.1,+20.1,+20.1
2024-04-30 20:16,2,+39.1,+27.2,+17.1,+51.3,+41.6,+40.0,+21.3,+20.6,+20.2,+20.3,+20.1,+20.2,+20.1
2024-04-30 21:16,2,+39.1,+27.2,+17.1,+51.2,+41.6,+40.0,+21.2,+20.5,+20.3,+20.3,+20.1,+20.1,+20.0
2024-04-30 22:16,2,+39.1,+27.2,+17.1,+51.3,+41.6,+40.0,+21.1,+20.6,+20.3,+20.3,+20.1,+20.1,+20.1
2024-04-30 23:16,2,+39.0,+27.2,+17.1,+51.3,+41.6,+40.0,+20.8,+20.5,+20.3,+20.3,+20.1,+20.1,+20.0
2024-05-01 00:16,2,+39.0,+27.2,+17.1,+51.2,+41.6,+40.0,+20.7,+20.5,+20.3,+20.3,+20.1,+20.2,+20.1
2024-05-01 01:16,2,+38.9,+27.2,+17.1,+51.2,+41.6,+40.0,+20.6,+20.3,+20.3,+20.3,+20.1,+20.1,+20.1
2024-05-01 02:16,2,+38.9,+27.2,+17.1,+51.2,+41.6,+40.0,+20.3,+20.2,+20.3,+20.3,+20.1,+20.2,+20.0
2024-05-01 03:16,2,+38.9,+27.2,+17.1,+51.3,+41.6,+40.0,+20.2,+20.2,+20.3,+20.3,+20.1,+20.2,+20.0
2024-05-01 04:16,2,+38.9,+27.2,+17.1,+51.3,+41.6,+40.0,+20.1,+20.2,+20.3,+20.3,+20.2,+20.1,+20.1
2024-05-01 05:16,2,+38.8,+27.2,+17.1,+51.2,+41.6,+40.0,+20.1,+20.0,+20.3,+20.5,+20.1,+20.1,+20.1
2024-05-01 06:16,2,+38.8,+27.2,+17.1,+51.2,+41.6,+40.0,+19.8,+20.0,+20.3,+20.5,+20.1,+20.1,+20.1
2024-05-01 07:16,2,+38.8,+27.2,+17.1,+51.3,+41.6,+40.0,+20.0,+19.8,+20.2,+20.5,+20.1,+20.2,+20.0
2024-05-01 08:16,2,+38.9,+27.1,+17.1,+51.3,+41.6,+40.0,+19.7,+19.8,+20.2,+20.5,+20.1,+20.2,+20.1
2024-05-01 09:16,2,+38.8,+27.1,+17.1,+51.2,+41.6,+40.0,+19.8,+19.7,+20.2,+20.5,+20.1,+20.1,+20.1
2024-05-01 10:16,2,+38.9,+27.1,+17.1,+51.3,+41.6,+40.0,+20.0,+19.7,+20.2,+20.5,+20.1,+20.1,+20.0
2024-05-01 11:16,2,+38.8,+27.1,+17.1,+51.2,+41.5,+40.0,+20.1,+19.7,+20.1,+20.5,+20.1,+20.2,+20.1
2024-05-01 12:16,2,+38.8,+27.1,+17.1,+51.3,+41.6,+40.0,+20.3,+19.7,+20.1,+20.5,+20.1,+20.2,+20.1
2024-05-01 13:16,2,+38.8,+27.1,+17.1,+51.2,+41.5,+40.0,+20.6,+19.8,+20.1,+20.3,+20.1,+20.2,+20.0
2024-05-01 14:16,2,+38.8,+27.1,+17.1,+51.2,+41.5,+40.0,+21.1,+19.8,+20.1,+20.5,+20.1,+20.2,+20.1
2024-05-01 15:16,2,+38.7,+27.1,+17.1,+51.2,+41.5,+40.0,+21.5,+20.1,+20.1,+20.3,+20.2,+20.2,+20.1
2024-05-01 16:16,2,+38.6,+27.1,+17.1,+51.3,+41.6,+40.0,+21.6,+20.2,+20.1,+20.5,+20.1,+20.2,+20.1
2024-05-01 17:16,2,+38.6,+27.1,+17.1,+51.3,+41.6,+40.0,+21.7,+20.3,+20.2,+20.3,+20.1,+20.2,+20.1
2024-05-01 18:16,2,+38.6,+27.1,+17.1,+51.2,+41.5,+39.9,+21.7,+20.5,+20.2,+20.3,+20.1,+20.2,+20.1
2024-05-01 19:16,2,+38.6,+27.1,+17.1,+51.3,+41.6,+40.0,+21.5,+20.6,+20.2,+20.3,+20.1,+20.2,+20.0
2024-05-01 20:16,2,+38.5,+27.1,+17.1,+51.3,+41.6,+40.0,+21.3,+20.6,+20.3,+20.5,+20.2,+20.2,+20.1
2024-05-01 21:16,2,+38.5,+27.1,+17.1,+51.2,+41.5,+39.9,+21.2,+20.6,+20.3,+20.5,+20.1,+20.2,+20.0
2024-05-01 22:16,2,+38.5,+27.1,+17.1,+51.2,+41.5,+39.9,+21.1,+20.6,+20.3,+20.3,+20.1,+20.2,+20.1
2024-05-01 23:16,2,+38.4,+27.1,+17.1,+51.3,+41.6,+39.9,+21.0,+20.5,+20.5,+20.5,+20.1,+20.2,+20.1
2024-05-02 00:16,2,+38.4,+27.1,+17.1,+51.2,+41.5,+39.9,+20.7,+20.5,+20.3,+20.3,+20.2,+20.1,+20.1
2024-05-02 01:16,2,+38.4,+27.1,+17.1,+51.3,+41.5,+40.0,+20.6,+20.3,+20.3,+20.3,+20.2,+20.2,+20.1
2024-05-02 02:16,2,+38.3,+27.1,+17.1,+51.2,+41.5,+39.9,+20.3,+20.3,+20.5,+20.5,+20.2,+20.2,+20.1
2024-05-02 03:16,2,+38.3,+27.1,+17.1,+51.3,+41.5,+39.9,+20.2,+20.2,+20.5,+20.5,+20.2,+20.2,+20.1
2024-05-02 04:16,2,+38.3,+27.1,+17.1,+51.3,+41.5,+40.0,+20.1,+20.2,+20.3,+20.5,+20.1,+20.2,+20.1
2024-05-02 05:16,2,+38.2,+27.1,+17.1,+51.3,+41.5,+39.9,+20.0,+20.1,+20.2,+20.5,+20.1,+20.2,+20.0
2024-05-02 06:16,2,+38.2,+27.1,+17.1,+51.2,+41.5,+39.9,+19.8,+20.0,+20.3,+20.5,+20.2,+20.2,+20.1
2024-05-02 07:16,2,+38.2,+27.1,+17.1,+51.1,+41.5,+39.9,+19.7,+19.8,+20.3,+20.5,+20.2,+20.2,+20.1
2024-05-02 08:16,2,+38.2,+27.0,+17.1,+51.3,+41.5,+39.9,+19.7,+19.7,+20.3,+20.5,+20.1,+20.2,+20.0
2024-05-02 09:16,2,+38.2,+27.0,+17.1,+51.3,+41.5,+39.9,+19.7,+19.7,+20.2,+20.5,+20.2,+20.2,+20.1
2024-05-02 10:16,2,+38.1,+27.0,+17.1,+51.1,+41.5,+39.9,+19.7,+19.7,+20.2,+20.5,+20.2,+20.2,+20.1
2024-05-02 11:16,2,+38.1,+27.0,+17.1,+51.1,+41.4,+39.9,+19.8,+19.6,+20.1,+20.5,+20.1,+20.2,+20.1
2024-05-02 12:16,2,+38.1,+27.0,+17.1,+51.1,+41.5,+39.9,+20.1,+19.6,+20.1,+20.5,+20.2,+20.2,+20.1
2024-05-02 13:16,2,+38.0,+27.0,+17.1,+51.1,+41.4,+39.9,+20.5,+19.7,+20.1,+20.5,+20.2,+20.2,+20.1
2024-05-02 14:16,2,+38.0,+27.0,+17.1,+51.1,+41.5,+39.9,+20.8,+19.8,+20.1,+20.5,+20.1,+20.2,+20.1
2024-05-02 15:16,2,+37.9,+27.0,+17.1,+51.2,+41.5,+39.9,+21.2,+19.8,+20.1,+20.5,+20.2,+20.2,+20.1
2024-05-02 16:16,2,+37.8,+27.0,+17.1,+51.3,+41.5,+39.9,+21.5,+20.1,+20.1,+20.5,+20.1,+20.2,+20.1
2024-05-02 17:16,2,+37.8,+27.0,+17.1,+51.3,+41.5,+39.9,+21.5,+20.2,+20.2,+20.5,+20.1,+20.2,+20.1
2024-05-02 18:16,2,+37.8,+27.0,+17.0,+51.1,+41.4,+39.9,+21.5,+20.3,+20.2,+20.3,+20.2,+20.2,+20.1
2024-05-02 19:16,2,+37.8,+27.0,+17.1,+51.2,+41.5,+39.9,+21.5,+20.5,+20.2,+20.3,+20.2,+20.2,+20.1
2024-05-02 20:16,2,+37.7,+27.0,+17.1,+51.3,+41.5,+39.9,+21.2,+20.5,+20.2,+20.3,+20.2,+20.2,+20.1
2024-05-02 21:16,2,+37.7,+27.0,+17.1,+51.2,+41.5,+39.9,+21.1,+20.5,+20.3,+20.5,+20.2,+20.2,+20.1
2024-05-02 22:16,2,+37.6,+27.0,+17.1,+51.2,+41.5,+39.9,+21.0,+20.5,+20.3,+20.5,+20.2,+20.2,+20.1
2024-05-02 23:16,2,+37.6,+27.0,+17.1,+51.1,+41.4,+39.9,+20.8,+20.5,+20.3,+20.3,+20.2,+20.2,+20.1
2024-05-03 00:16,2,+37.5,+27.0,+17.1,+51.2,+41.5,+39.9,+20.7,+20.3,+20.3,+20.3,+20.2,+20.2,+20.1
2024-05-03 01:16,2,+37.5,+27.0,+17.1,+51.1,+41.4,+39.9,+20.5,+20.3,+20.3,+20.5,+20.1,+20.2,+20.1
2024-05-03 02:16,2,+37.4,+27.0,+17.1,+51.2,+41.4,+39.9,+20.3,+20.3,+20.3,+20.3,+20.2,+20.2,+20.1
2024-05-03 03:16,2,+37.4,+27.0,+17.0,+51.1,+41.4,+39.9,+20.2,+20.2,+20.3,+20.3,+20.1,+20.2,+20.1
2024-05-03 04:16,2,+37.4,+27.0,+17.0,+51.2,+41.5,+39.9,+20.1,+20.1,+20.3,+20.5,+20.2,+20.2,+20.1
2024-05-03 05:16,2,+37.4,+27.0,+17.1,+51.2,+41.4,+39.9,+20.0,+20.0,+20.3,+20.5,+20.2,+20.2,+20.1
2024-05-03 06:16,2,+37.3,+27.0,+17.1,+51.3,+41.4,+39.9,+19.8,+19.8,+20.2,+20.5,+20.1,+20.2,+20.1
2024-05-03 07:16,2,+37.3,+27.0,+17.0,+51.1,+41.4,+39.9,+19.8,+19.8,+20.2,+20.5,+20.2,+20.2,+20.1
2024-05-03 08:16,2,+37.3,+27.0,+17.0,+51.2,+41.4,+39.9,+19.7,+19.8,+20.2,+20.5,+20.2,+20.2,+20.1
2024-05-03 09:16,2,+37.3,+27.0,+17.0,+51.2,+41.4,+39.9,+19.7,+19.7,+20.2,+20.5,+20.2,+20.2,+20.1
2024-05-03 10:16,2,+37.2,+27.0,+17.0,+51.2,+41.4,+39.9,+19.8,+19.7,+20.2,+20.5,+20.1,+20.2,+20.1
2024-05-03 11:16,2,+37.2,+26.9,+17.0,+51.2,+41.4,+39.9,+20.0,+19.7,+20.1,+20.5,+20.1,+20.2,+20.1
2024-05-03 12:16,2,+37.2,+26.9,+17.0,+51.1,+41.4,+39.8,+20.2,+19.6,+20.1,+20.5,+20.2,+20.2,+20.1
2024-05-03 13:16,2,+37.1,+26.9,+17.0,+51.1,+41.4,+39.9,+20.6,+19.7,+20.1,+20.3,+20.2,+20.2,+20.1
2024-05-03 14:16,2,+37.0,+26.9,+17.0,+51.1,+41.4,+39.8,+20.8,+19.8,+20.1,+20.3,+20.1,+20.2,+20.1
2024-05-03 15:16,2,+36.9,+26.9,+17.0,+51.1,+41.4,+39.8,+21.1,+20.0,+20.1,+20.5,+20.2,+20.2,+20.1
2024-05-03 16:16,2,+36.9,+26.9,+17.0,+51.2,+41.4,+39.9,+21.2,+20.1,+20.1,+20.3,+20.2,+20.2,+20.1
2024-05-03 17:16,2,+36.9,+26.9,+17.0,+51.2,+41.4,+39.9,+21.2,+20.2,+20.2,+20.5,+20.2,+20.2,+20.1
2024-05-03 18:16,2,+36.9,+26.9,+17.0,+51.2,+41.4,+39.9,+21.2,+20.3,+20.2,+20.3,+20.2,+20.2,+20.1
2024-05-03 19:16,2,+36.9,+26.9,+17.0,+51.2,+41.4,+39.9,+21.2,+20.3,+20.2,+20.5,+20.2,+20.2,+20.1
2024-05-03 20:16,2,+36.8,+26.9,+17.0,+51.1,+41.4,+39.8,+21.1,+20.3,+20.2,+20.3,+20.2,+20.2,+20.1
2024-05-03 21:16,2,+36.8,+26.9,+17.0,+51.1,+41.4,+39.8,+21.0,+20.3,+20.2,+20.5,+20.2,+20.2,+20.1
2024-05-03 22:16,2,+36.8,+26.9,+17.0,+51.1,+41.4,+39.8,+20.8,+20.5,+20.3,+20.3,+20.2,+20.2,+20.1
2024-05-03 23:16,2,+36.8,+26.9,+17.0,+51.2,+41.4,+39.8,+20.7,+20.3,+20.3,+20.3,+20.2,+20.2,+20.1
2024-05-04 00:16,2,+36.7,+26.9,+17.0,+51.0,+41.4,+39.8,+20.6,+20.3,+20.3,+20.5,+20.2,+20.2,+20.1
2024-05-04 01:16,2,+36.7,+26.9,+17.0,+51.2,+41.4,+39.9,+20.5,+20.2,+20.3,+20.5,+20.2,+20.2,+20.1
2024-05-04 02:16,2,+36.7,+26.9,+17.0,+51.1,+41.4,+39.8,+20.5,+20.2,+20.3,+20.5,+20.2,+20.2,+20.1
2024-05-04 03:16,2,+36.7,+26.9,+17.0,+51.2,+41.4,+39.8,+20.3,+20.2,+20.3,+20.5,+20.2,+20.2,+20.1
2024-05-04 04:16,2,+36.7,+26.9,+17.0,+51.0,+41.3,+39.8,+20.2,+20.1,+20.2,+20.5,+20.2,+20.2,+20.1
2024-05-04 05:16,2,+36.6,+26.9,+17.0,+51.0,+41.3,+39.8,+20.1,+20.0,+20.3,+20.5,+20.2,+20.2,+20.1
2024-05-04 06:16,2,+36.6,+26.9,+17.0,+51.1,+41.4,+39.8,+20.0,+20.0,+20.3,+20.5,+20.2,+20.2,+20.1
2024-05-04 07:16,2,+36.6,+26.9,+17.0,+51.2,+41.4,+39.8,+20.0,+19.8,+20.2,+20.5,+20.2,+20.2,+20.2
2024-05-04 08:16,2,+36.6,+26.9,+17.0,+51.2,+41.4,+39.8,+20.0,+19.8,+20.2,+20.5,+20.2,+20.2,+20.2
2024-05-04 09:16,2,+36.6,+26.9,+17.0,+51.2,+41.4,+39.8,+20.0,+19.8,+20.2,+20.5,+20.2,+20.2,+20.1
2024-05-04 10:16,2,+36.5,+26.8,+17.0,+51.0,+41.3,+39.8,+20.0,+19.7,+20.2,+20.5,+20.2,+20.2,+20.2
2024-05-04 11:16,2,+36.5,+26.9,+17.0,+51.1,+41.4,+39.8,+20.2,+19.7,+20.2,+20.5,+20.2,+20.3,+20.1
2024-05-04 12:16,2,+36.5,+26.9,+17.0,+51.0,+41.3,+39.8,+20.3,+19.8,+20.2,+20.5,+20.2,+20.2,+20.1
2024-05-04 13:16,2,+36.4,+26.8,+17.0,+51.1,+41.3,+39.8,+20.7,+19.8,+20.1,+20.5,+20.2,+20.2,+20.2
2024-05-04 14:16,2,+36.4,+26.8,+17.0,+51.0,+41.3,+39.8,+21.1,+20.0,+20.2,+20.5,+20.2,+20.2,+20.2
2024-05-04 15:16,2,+36.3,+26.8,+16.9,+51.0,+41.3,+39.8,+21.5,+20.1,+20.1,+20.3,+20.2,+20.2,+20.1
2024-05-04 16:16,2,+36.3,+26.8,+17.0,+51.0,+41.3,+39.8,+21.6,+20.2,+20.2,+20.3,+20.2,+20.2,+20.2
2024-05-04 17:16,2,+36.2,+26.8,+17.0,+51.1,+41.4,+39.8,+21.7,+20.3,+20.2,+20.5,+20.2,+20.2,+20.2
2024-05-04 18:16,2,+36.2,+26.8,+17.0,+51.1,+41.3,+39.8,+21.7,+20.5,+20.2,+20.5,+20.2,+20.2,+20.1
2024-05-04 19:16,2,+36.2,+26.8,+17.0,+51.1,+41.3,+39.8,+21.6,+20.6,+20.3,+20.5,+20.2,+20.2,+20.1
2024-05-04 20:16,2,+36.2,+26.9,+17.0,+51.1,+41.4,+39.8,+21.5,+20.6,+20.3,+20.5,+20.2,+20.2,+20.1
2024-05-04 21:16,2,+36.2,+26.9,+17.0,+51.2,+41.3,+39.8,+21.3,+20.6,+20.3,+20.5,+20.2,+20.2,+20.1
2024-05-04 22:16,2,+36.2,+26.9,+17.0,+51.1,+41.4,+39.8,+21.2,+20.6,+20.5,+20.5,+20.2,+20.2,+20.1
2024-05-04 23:16,2,+36.1,+26.9,+17.0,+51.0,+41.3,+39.8,+21.1,+20.7,+20.5,+20.5,+20.2,+20.2,+20.2
2024-05-05 00:16,2,+36.1,+26.9,+17.0,+51.1,+41.4,+39.8,+21.0,+20.6,+20.5,+20.5,+20.2,+20.2,+20.1
2024-05-05 01:16,2,+36.1,+26.9,+17.0,+51.0,+41.3,+39.8,+20.8,+20.5,+20.5,+20.5,+20.2,+20.2,+20.1
2024-05-05 02:16,2,+36.1,+26.9,+17.0,+51.1,+41.3,+39.8,+20.7,+20.5,+20.5,+20.5,+20.2,+20.2,+20.1
2024-05-05 03:16,2,+36.1,+26.9,+17.0,+51.1,+41.3,+39.8,+20.6,+20.3,+20.5,+20.5,+20.2,+20.2,+20.1
2024-05-05 04:16,2,+36.1,+26.9,+17.0,+51.0,+41.3,+39.8,+20.3,+20.3,+20.5,+20.5,+20.2,+20.2,+20.1
2024-05-05 05:16,2,+36.0,+26.8,+17.0,+51.1,+41.3,+39.8,+20.3,+20.2,+20.5,+20.6,+20.2,+20.2,+20.1
2024-05-05 06:16,2,+36.0,+26.8,+17.0,+51.1,+41.3,+39.8,+20.2,+20.2,+20.5,+20.5,+20.2,+20.2,+20.1
2024-05-05 07:16,2,+36.0,+26.8,+17.0,+51.0,+41.3,+39.8,+20.1,+20.1,+20.3,+20.6,+20.2,+20.3,+20.2
2024-05-05 08:16,2,+36.0,+26.8,+17.0,+51.0,+41.3,+39.8,+20.0,+20.0,+20.3,+20.6,+20.2,+20.2,+20.1
2024-05-05 09:16,2,+35.9,+26.8,+16.9,+51.0,+41.3,+39.8,+20.0,+20.0,+20.3,+20.5,+20.2,+20.2,+20.1
2024-05-05 10:16,2,+35.9,+26.8,+16.9,+51.0,+41.3,+39.8,+20.1,+20.0,+20.3,+20.5,+20.2,+20.2,+20.1
2024-05-05 11:16,2,+35.9,+26.8,+16.9,+51.0,+41.3,+39.8,+20.2,+19.8,+20.2,+20.5,+20.2,+20.2,+20.2
2024-05-05 12:16,2,+35.8,+26.8,+16.9,+51.0,+41.3,+39.7,+20.3,+20.0,+20.2,+20.5,+20.2,+20.3,+20.2
2024-05-05 13:16,2,+35.8,+26.8,+16.9,+51.1,+41.3,+39.8,+20.6,+20.0,+20.3,+20.5,+20.2,+20.3,+20.2
2024-05-05 14:16,2,+35.7,+26.8,+16.9,+51.1,+41.3,+39.8,+20.8,+20.0,+20.2,+20.5,+20.2,+20.3,+20.2
2024-05-05 15:16,2,+35.7,+26.8,+16.9,+51.1,+41.3,+39.8,+21.1,+20.1,+20.3,+20.5,+20.2,+20.2,+20.2
2024-05-05 16:16,2,+35.6,+26.8,+16.9,+51.1,+41.3,+39.8,+21.1,+20.2,+20.3,+20.5,+20.2,+20.3,+20.1
2024-05-05 17:16,2,+35.6,+26.8,+16.9,+51.0,+41.3,+39.8,+21.1,+20.2,+20.3,+20.5,+20.2,+20.2,+20.2
2024-05-05 18:16,2,+35.6,+26.8,+16.9,+51.0,+41.3,+39.8,+21.1,+20.3,+20.3,+20.5,+20.2,+20.3,+20.2
2024-05-05 19:16,2,+35.6,+26.8,+16.9,+51.0,+41.3,+39.8,+21.1,+20.3,+20.3,+20.6,+20.2,+20.2,+20.2
2024-05-05 20:16,2,+35.6,+26.8,+16.9,+51.0,+41.3,+39.8,+21.0,+20.3,+20.3,+20.5,+20.2,+20.3,+20.1
2024-05-05 21:16,2,+35.5,+26.8,+16.9,+51.1,+41.3,+39.8,+20.8,+20.5,+20.3,+20.6,+20.2,+20.2,+20.2
2024-05-05 22:16,2,+35.5,+26.8,+16.9,+51.1,+41.3,+39.8,+20.7,+20.3,+20.3,+20.5,+20.2,+20.3,+20.2
2024-05-05 23:16,2,+35.5,+26.8,+16.9,+51.0,+41.3,+39.7,+20.6,+20.3,+20.5,+20.6,+20.2,+20.3,+20.1
2024-05-06 00:16,2,+35.5,+26.8,+16.9,+51.0,+41.3,+39.8,+20.5,+20.3,+20.5,+20.5,+20.2,+20.3,+20.2
2024-05-06 01:16,2,+35.5,+26.8,+16.9,+51.1,+41.3,+39.8,+20.3,+20.2,+20.3,+20.6,+20.2,+20.3,+20.2
2024-05-06 02:16,2,+35.5,+26.8,+16.9,+51.1,+41.3,+39.8,+20.2,+20.2,+20.3,+20.5,+20.2,+20.3,+20.2
2024-05-06 03:16,2,+35.5,+26.8,+16.9,+51.1,+41.3,+39.8,+20.1,+20.1,+20.3,+20.5,+20.2,+20.3,+20.1
2024-05-06 04:16,2,+35.4,+26.8,+16.9,+51.1,+41.3,+39.8,+20.0,+20.0,+20.3,+20.5,+20.2,+20.3,+20.2
2024-05-06 05:16,2,+35.4,+26.8,+16.9,+51.0,+41.3,+39.7,+19.7,+20.0,+20.3,+20.6,+20.2,+20.3,+20.2
2024-05-06 06:16,2,+35.4,+26.8,+16.9,+51.1,+41.3,+39.8,+19.7,+19.8,+20.2,+20.5,+20.2,+20.3,+20.2
2024-05-06 07:16,2,+35.4,+26.8,+16.9,+51.0,+41.3,+39.8,+19.6,+19.7,+20.3,+20.6,+20.2,+20.3,+20.2
2024-05-06 08:16,2,+35.3,+26.8,+16.9,+51.1,+41.3,+39.8,+19.5,+19.7,+20.2,+20.6,+20.2,+20.2,+20.2
2024-05-06 09:16,2,+35.3,+26.7,+16.9,+51.0,+41.2,+39.8,+19.5,+19.6,+20.2,+20.5,+20.2,+20.2,+20.2
2024-05-06 10:16,2,+35.3,+26.7,+16.9,+50.9,+41.2,+39.8,+19.6,+19.5,+20.2,+20.5,+20.2,+20.3,+20.2
2024-05-06 11:16,2,+35.2,+26.7,+16.9,+51.0,+41.2,+39.7,+19.7,+19.5,+20.2,+20.5,+20.2,+20.3,+20.2
2024-05-06 12:16,2,+35.2,+26.7,+16.9,+51.1,+41.3,+39.8,+20.0,+19.6,+20.1,+20.5,+20.2,+20.2,+20.2
2024-05-06 13:16,2,+35.1,+26.7,+16.9,+51.1,+41.3,+39.8,+20.3,+19.6,+20.1,+20.5,+20.3,+20.3,+20.2
2024-05-06 14:16,2,+35.0,+26.7,+16.9,+51.1,+41.3,+39.8,+20.6,+19.7,+20.1,+20.5,+20.2,+20.3,+20.2
2024-05-06 15:16,2,+34.9,+26.7,+16.9,+51.1,+41.3,+39.8,+21.0,+19.8,+20.1,+20.5,+20.3,+20.3,+20.2
2024-05-06 16:16,2,+34.9,+26.7,+16.9,+51.0,+41.2,+39.7,+21.1,+19.8,+20.1,+20.5,+20.2,+20.3,+20.2
2024-05-06 17:16,2,+34.9,+26.7,+16.9,+51.0,+41.2,+39.7,+21.1,+20.1,+20.1,+20.5,+20.2,+20.3,+20.2
2024-05-06 18:16,2,+34.9,+26.7,+16.9,+51.0,+41.3,+39.8,+21.2,+20.1,+20.1,+20.5,+20.2,+20.3,+20.2
2024-05-06 19:16,2,+34.9,+26.7,+16.9,+51.0,+41.2,+39.7,+21.1,+20.2,+20.2,+20.5,+20.2,+20.3,+20.2
2024-05-06 20:16,2,+34.8,+26.7,+16.9,+51.0,+41.3,+39.7,+21.0,+20.2,+20.2,+20.5,+20.2,+20.3,+20.2
2024-05-06 21:16,2,+34.8,+26.7,+16.9,+51.0,+41.3,+39.8,+20.8,+20.3,+20.2,+20.5,+20.2,+20.3,+20.1
2024-05-06 22:16,2,+34.8,+26.7,+16.9,+51.0,+41.2,+39.7,+20.7,+20.3,+20.2,+20.5,+20.2,+20.3,+20.2
2024-05-06 23:16,2,+34.8,+26.7,+16.9,+50.9,+41.2,+39.7,+20.6,+20.2,+20.2,+20.5,+20.2,+20.2,+20.2
2024-05-07 00:16,2,+34.8,+26.7,+16.9,+51.0,+41.3,+39.8,+20.6,+20.2,+20.2,+20.5,+20.2,+20.2,+20.2
2024-05-07 01:16,2,+34.8,+26.7,+16.9,+50.9,+41.2,+39.7,+20.5,+20.2,+20.3,+20.5,+20.2,+20.3,+20.2
2024-05-07 02:16,2,+34.7,+26.7,+16.9,+51.0,+41.2,+39.7,+20.3,+20.1,+20.3,+20.5,+20.2,+20.2,+20.2
2024-05-07 03:16,2,+34.7,+26.7,+16.9,+51.0,+41.2,+39.7,+20.2,+20.1,+20.2,+20.5,+20.2,+20.3,+20.2
2024-05-07 04:16,2,+34.7,+26.7,+16.9,+51.0,+41.2,+39.7,+20.1,+20.0,+20.3,+20.5,+20.2,+20.2,+20.2
2024-05-07 05:16,2,+34.7,+26.7,+16.9,+50.9,+41.2,+39.7,+20.0,+20.0,+20.2,+20.5,+20.2,+20.3,+20.2
2024-05-07 06:16,2,+34.7,+26.7,+16.9,+51.0,+41.2,+39.7,+20.0,+20.0,+20.2,+20.5,+20.2,+20.2,+20.2
2024-05-07 07:16,2,+34.7,+26.7,+16.9,+50.9,+41.2,+39.7,+19.8,+19.8,+20.2,+20.5,+20.2,+20.3,+20.2
2024-05-07 08:16,2,+34.6,+26.7,+16.9,+51.0,+41.2,+39.7,+19.8,+19.8,+20.2,+20.5,+20.2,+20.3,+20.2
2024-05-07 09:16,2,+34.6,+26.7,+16.8,+51.0,+41.2,+39.7,+19.8,+19.7,+20.2,+20.5,+20.2,+20.3,+20.2
2024-05-07 10:16,2,+34.6,+26.7,+16.8,+51.0,+41.2,+39.7,+20.0,+19.7,+20.2,+20.5,+20.2,+20.3,+20.2
2024-05-07 11:16,2,+34.5,+26.7,+16.8,+50.9,+41.2,+39.7,+20.1,+19.7,+20.1,+20.5,+20.2,+20.2,+20.1
2024-05-07 12:16,2,+34.5,+26.6,+16.8,+51.0,+41.2,+39.7,+20.3,+19.7,+20.1,+20.5,+20.2,+20.3,+20.2
2024-05-07 13:16,2,+34.4,+26.6,+16.8,+51.0,+41.2,+39.7,+20.7,+19.8,+20.1,+20.5,+20.2,+20.2,+20.2
2024-05-07 14:16,2,+34.3,+26.6,+16.8,+51.0,+41.2,+39.7,+21.0,+20.0,+20.1,+20.5,+20.2,+20.2,+20.2
2024-05-07 15:16,2,+34.3,+26.6,+16.8,+50.9,+41.2,+39.7,+21.1,+20.0,+20.1,+20.5,+20.2,+20.3,+20.2
2024-05-07 16:16,2,+34.3,+26.6,+16.8,+51.0,+41.2,+39.7,+21.2,+20.1,+20.1,+20.5,+20.2,+20.2,+20.2
2024-05-07 17:16,2,+34.3,+26.6,+16.8,+51.0,+41.2,+39.7,+21.3,+20.3,+20.2,+20.5,+20.2,+20.3,+20.2
2024-05-07 18:16,2,+34.3,+26.6,+16.8,+50.9,+41.1,+39.7,+21.2,+20.3,+20.2,+20.5,+20.2,+20.3,+20.2
2024-05-07 19:16,2,+34.3,+26.6,+16.8,+51.0,+41.2,+39.7,+21.2,+20.3,+20.2,+20.5,+20.2,+20.3,+20.2
2024-05-07 20:16,2,+34.3,+26.6,+16.8,+50.9,+41.1,+39.7,+21.2,+20.5,+20.3,+20.5,+20.2,+20.3,+20.2
2024-05-07 21:16,2,+34.3,+26.6,+16.8,+51.0,+41.2,+39.7,+21.1,+20.5,+20.3,+20.5,+20.2,+20.3,+20.2
2024-05-07 22:16,2,+34.3,+26.6,+16.8,+51.0,+41.2,+39.7,+21.0,+20.5,+20.3,+20.5,+20.2,+20.3,+20.2
2024-05-07 23:16,2,+34.3,+26.6,+16.8,+50.9,+41.2,+39.7,+21.0,+20.5,+20.3,+20.5,+20.2,+20.3,+20.2
2024-05-08 00:16,2,+34.3,+26.6,+16.8,+50.8,+41.1,+39.7,+20.8,+20.3,+20.3,+20.5,+20.2,+20.3,+20.2
2024-05-08 01:16,2,+34.3,+26.6,+16.8,+51.0,+41.2,+39.7,+20.8,+20.3,+20.3,+20.5,+20.2,+20.3,+20.1
2024-05-08 02:16,2,+34.3,+26.7,+16.8,+50.8,+41.1,+39.7,+20.7,+20.3,+20.5,+20.5,+20.2,+20.2,+20.2
2024-05-08 03:16,2,+34.3,+26.6,+16.8,+51.0,+41.2,+39.7,+20.7,+20.3,+20.3,+20.5,+20.2,+20.3,+20.2
2024-05-08 04:16,2,+34.2,+26.6,+16.8,+51.0,+41.2,+39.7,+20.6,+20.3,+20.5,+20.5,+20.2,+20.3,+20.2
2024-05-08 05:16,2,+34.2,+26.6,+16.8,+51.0,+41.2,+39.7,+20.6,+20.2,+20.3,+20.5,+20.2,+20.3,+20.2
2024-05-08 06:16,2,+34.2,+26.6,+16.8,+50.8,+41.1,+39.6,+20.5,+20.2,+20.3,+20.5,+20.2,+20.3,+20.2
2024-05-08 07:16,2,+34.2,+26.6,+16.8,+51.0,+41.1,+39.7,+20.5,+20.2,+20.3,+20.5,+20.2,+20.3,+20.2
2024-05-08 08:16,2,+34.2,+26.6,+16.8,+50.9,+41.2,+39.7,+20.5,+20.2,+20.3,+20.5,+20.2,+20.3,+20.2
2024-05-08 09:16,2,+34.2,+26.6,+16.8,+51.0,+41.2,+39.7,+20.5,+20.1,+20.3,+20.6,+20.2,+20.3,+20.2
2024-05-08 10:16,2,+34.2,+26.6,+16.8,+51.0,+41.2,+39.7,+20.5,+20.1,+20.3,+20.6,+20.2,+20.3,+20.2
2024-05-08 11:16,2,+34.2,+26.6,+16.8,+51.0,+41.2,+39.7,+20.6,+20.1,+20.3,+20.6,+20.2,+20.2,+20.2
2024-05-08 12:16,2,+34.2,+26.6,+16.8,+50.9,+41.1,+39.7,+20.6,+20.1,+20.3,+20.6,+20.2,+20.3,+20.2
2024-05-08 13:16,2,+34.2,+26.6,+16.8,+51.0,+41.1,+39.7,+20.7,+20.2,+20.3,+20.5,+20.3,+20.3,+20.1
2024-05-08 14:16,2,+34.2,+26.6,+16.8,+50.9,+41.2,+39.7,+20.8,+20.2,+20.3,+20.5,+20.2,+20.3,+20.2
2024-05-08 15:16,2,+34.2,+26.6,+16.8,+50.8,+41.1,+39.6,+21.0,+20.2,+20.3,+20.6,+20.2,+20.3,+20.2
2024-05-08 16:16,2,+34.2,+26.6,+16.8,+50.8,+41.1,+39.6,+21.0,+20.3,+20.2,+20.6,+20.3,+20.2,+20.2
2024-05-08 17:16,2,+34.2,+26.6,+16.8,+51.0,+41.1,+39.7,+21.0,+20.3,+20.3,+20.5,+20.2,+20.3,+20.1
2024-05-08 18:16,2,+34.2,+26.6,+16.8,+50.9,+41.1,+39.7,+20.8,+20.3,+20.3,+20.6,+20.2,+20.3,+20.2
2024-05-08 19:16,2,+34.2,+26.6,+16.8,+50.9,+41.1,+39.7,+20.8,+20.3,+20.5,+20.6,+20.2,+20.3,+20.2
2024-05-08 20:16,2,+34.2,+26.6,+16.8,+50.8,+41.1,+39.6,+20.8,+20.3,+20.3,+20.6,+20.2,+20.3,+20.2
2024-05-08 21:16,2,+34.2,+26.6,+16.8,+50.9,+41.1,+39.7,+20.7,+20.3,+20.5,+20.6,+20.2,+20.3,+20.2
2024-05-08 22:16,2,+34.2,+26.6,+16.8,+50.8,+41.1,+39.6,+20.6,+20.3,+20.3,+20.6,+20.2,+20.3,+20.2
2024-05-08 23:16,2,+34.2,+26.6,+16.8,+50.9,+41.2,+39.7,+20.6,+20.2,+20.5,+20.6,+20.2,+20.3,+20.2
2024-05-09 00:16,2,+34.2,+26.6,+16.8,+50.9,+41.1,+39.7,+20.5,+20.2,+20.5,+20.6,+20.2,+20.3,+20.2
2024-05-09 01:16,2,+34.1,+26.6,+16.8,+50.9,+41.1,+39.7,+20.5,+20.2,+20.3,+20.6,+20.3,+20.3,+20.2
2024-05-09 02:16,2,+34.1,+26.6,+16.8,+50.8,+41.1,+39.6,+20.3,+20.1,+20.3,+20.6,+20.2,+20.3,+20.2
2024-05-09 03:16,2,+34.1,+26.6,+16.8,+50.8,+41.1,+39.6,+20.3,+20.1,+20.3,+20.6,+20.2,+20.3,+20.2
2024-05-09 04:16,2,+34.1,+26.6,+16.8,+50.8,+41.1,+39.6,+20.2,+20.1,+20.3,+20.5,+20.2,+20.3,+20.2
2024-05-09 05:16,2,+34.1,+26.5,+16.8,+50.8,+41.1,+39.6,+20.2,+20.1,+20.3,+20.6,+20.3,+20.3,+20.2
2024-05-09 06:16,2,+34.1,+26.5,+16.8,+50.9,+41.1,+39.6,+20.1,+20.0,+20.3,+20.5,+20.3,+20.3,+20.2
2024-05-09 07:16,2,+34.1,+26.5,+16.8,+50.8,+41.1,+39.6,+20.1,+20.0,+20.3,+20.6,+20.2,+20.3,+20.2
2024-05-09 08:16,2,+34.1,+26.5,+16.8,+50.8,+41.1,+39.6,+20.1,+20.0,+20.3,+20.5,+20.3,+20.3,+20.2
2024-05-09 09:16,2,+34.1,+26.5,+16.8,+50.9,+41.1,+39.6,+20.1,+19.8,+20.3,+20.6,+20.3,+20.3,+20.2
2024-05-09 10:16,2,+34.1,+26.5,+16.8,+50.8,+41.1,+39.6,+20.2,+19.8,+20.2,+20.6,+20.2,+20.3,+20.2
2024-05-09 11:16,2,+34.0,+26.5,+16.8,+50.8,+41.1,+39.6,+20.5,+20.0,+20.3,+20.6,+20.2,+20.3,+20.2
2024-05-09 12:16,2,+34.0,+26.5,+16.8,+50.9,+41.1,+39.6,+20.6,+20.0,+20.2,+20.5,+20.3,+20.3,+20.2
2024-05-09 13:16,2,+34.0,+26.5,+16.8,+50.8,+41.1,+39.6,+20.8,+20.0,+20.2,+20.6,+20.3,+20.3,+20.2
2024-05-09 14:16,2,+33.9,+26.5,+16.8,+50.9,+41.1,+39.6,+21.1,+20.1,+20.2,+20.6,+20.3,+20.3,+20.2
2024-05-09 15:16,2,+33.9,+26.5,+16.8,+50.7,+41.1,+39.6,+21.2,+20.2,+20.3,+20.5,+20.3,+20.3,+20.2
2024-05-09 16:16,2,+33.9,+26.5,+16.8,+50.8,+41.1,+39.6,+21.3,+20.3,+20.3,+20.6,+20.3,+20.3,+20.2
2024-05-09 17:16,2,+34.2,+26.5,+16.8,+50.8,+41.1,+39.6,+21.5,+20.5,+20.3,+20.6,+20.3,+20.3,+20.2
2024-05-09 18:16,2,+34.3,+26.5,+16.8,+50.7,+41.0,+39.6,+21.5,+20.5,+20.3,+20.5,+20.3,+20.3,+20.2
2024-05-09 19:16,2,+34.5,+26.5,+16.8,+50.8,+41.1,+39.6,+21.3,+20.6,+20.3,+20.5,+20.2,+20.3,+20.2
2024-05-09 20:16,2,+34.7,+26.5,+16.8,+50.8,+41.1,+39.6,+21.3,+20.6,+20.5,+20.5,+20.2,+20.3,+20.2
2024-05-09 21:16,2,+34.8,+26.5,+16.8,+50.8,+41.1,+39.6,+21.3,+20.6,+20.5,+20.6,+20.3,+20.3,+20.2
2024-05-09 22:16,2,+34.8,+26.5,+16.8,+50.8,+41.1,+39.6,+21.3,+20.6,+20.5,+20.6,+20.3,+20.3,+20.2
2024-05-09 23:16,2,+34.8,+26.5,+16.8,+50.8,+41.1,+39.6,+21.2,+20.6,+20.5,+20.6,+20.3,+20.3,+20.2
2024-05-10 00:16,2,+34.9,+26.5,+16.8,+50.8,+41.1,+39.6,+21.1,+20.6,+20.5,+20.6,+20.3,+20.3,+20.2
2024-05-10 01:16,2,+34.9,+26.6,+16.8,+50.7,+41.0,+39.6,+21.0,+20.6,+20.5,+20.6,+20.3,+20.3,+20.2
2024-05-10 02:16,2,+34.9,+26.6,+16.8,+50.7,+41.0,+39.6,+21.0,+20.6,+20.5,+20.5,+20.3,+20.3,+20.2
2024-05-10 03:16,2,+34.9,+26.6,+16.8,+50.8,+41.0,+39.6,+20.7,+20.5,+20.6,+20.6,+20.3,+20.3,+20.2
2024-05-10 04:16,2,+34.9,+26.5,+16.8,+50.8,+41.1,+39.6,+20.7,+20.5,+20.6,+20.6,+20.3,+20.3,+20.2
2024-05-10 05:16,2,+34.9,+26.6,+16.8,+50.7,+41.0,+39.6,+20.6,+20.3,+20.5,+20.6,+20.3,+20.3,+20.2
2024-05-10 06:16,2,+34.9,+26.5,+16.8,+50.7,+41.0,+39.6,+20.6,+20.3,+20.6,+20.6,+20.3,+20.3,+20.2
2024-05-10 07:16,2,+34.9,+26.5,+16.8,+50.8,+41.1,+39.6,+20.5,+20.3,+20.6,+20.6,+20.3,+20.3,+20.2
2024-05-10 08:16,2,+34.8,+26.5,+16.8,+50.7,+41.0,+39.6,+20.5,+20.3,+20.5,+20.6,+20.3,+20.3,+20.2
2024-05-10 09:16,2,+34.8,+26.5,+16.8,+50.7,+41.0,+39.6,+20.6,+20.2,+20.5,+20.6,+20.3,+20.3,+20.2
2024-05-10 10:16,2,+34.8,+26.5,+16.8,+50.8,+41.1,+39.6,+20.6,+20.2,+20.5,+20.6,+20.3,+20.5,+20.2
2024-05-10 11:16,2,+34.7,+26.5,+16.8,+50.7,+41.0,+39.6,+20.7,+20.2,+20.5,+20.7,+20.3,+20.5,+20.2
2024-05-10 12:16,2,+34.7,+26.5,+16.8,+50.7,+41.0,+39.6,+21.0,+20.2,+20.5,+20.6,+20.3,+20.3,+20.2
2024-05-10 13:16,2,+34.7,+26.5,+16.8,+50.7,+41.0,+39.6,+21.1,+20.3,+20.5,+20.6,+20.3,+20.5,+20.2
2024-05-10 14:16,2,+34.7,+26.5,+16.8,+50.7,+41.0,+39.6,+21.2,+20.5,+20.5,+20.7,+20.2,+20.3,+20.2
2024-05-10 15:16,2,+34.7,+26.5,+16.8,+50.7,+41.0,+39.5,+21.3,+20.5,+20.5,+20.6,+20.3,+20.3,+20.2
2024-05-10 16:16,2,+34.7,+26.5,+16.8,+50.8,+41.0,+39.6,+21.5,+20.5,+20.5,+20.6,+20.3,+20.3,+20.3
2024-05-10 17:16,2,+34.7,+26.5,+16.8,+50.7,+41.0,+39.6,+21.5,+20.6,+20.5,+20.6,+20.3,+20.3,+20.2
2024-05-10 18:16,2,+36.1,+26.5,+16.8,+50.8,+41.0,+39.6,+21.3,+20.6,+20.5,+20.6,+20.3,+20.5,+20.2
2024-05-10 19:16,2,+36.9,+26.7,+16.8,+50.7,+41.0,+39.5,+21.3,+20.6,+20.6,+20.7,+20.3,+20.3,+20.2
2024-05-10 20:16,2,+42.0,+27.1,+16.8,+50.7,+41.0,+39.6,+21.5,+20.7,+20.6,+20.6,+20.3,+20.3,+20.2
2024-05-10 21:16,2,+40.7,+26.8,+16.8,+50.8,+41.1,+39.6,+21.2,+20.7,+20.6,+20.7,+20.3,+20.3,+20.2
2024-05-10 22:16,2,+40.0,+26.8,+16.8,+50.7,+41.0,+39.6,+21.2,+20.7,+20.6,+20.6,+20.3,+20.5,+20.2
2024-05-10 23:16,2,+39.8,+26.8,+16.8,+50.8,+41.0,+39.6,+21.2,+20.7,+20.6,+20.6,+20.3,+20.5,+20.2
2024-05-11 00:16,2,+39.5,+26.8,+16.8,+50.8,+41.1,+39.6,+21.2,+20.7,+20.6,+20.7,+20.3,+20.5,+20.2
2024-05-11 01:16,2,+39.4,+26.8,+16.8,+50.7,+41.0,+39.6,+21.1,+20.6,+20.7,+20.7,+20.3,+20.5,+20.2
2024-05-11 02:16,2,+39.2,+26.8,+16.8,+50.8,+41.0,+39.6,+21.1,+20.6,+20.7,+20.7,+20.3,+20.3,+20.3
2024-05-11 03:16,2,+39.2,+26.8,+16.8,+50.7,+41.0,+39.5,+21.1,+20.6,+20.6,+20.7,+20.3,+20.5,+20.3
2024-05-11 04:16,2,+39.1,+26.8,+16.8,+50.7,+41.0,+39.5,+21.0,+20.6,+20.6,+20.7,+20.3,+20.5,+20.2
2024-05-11 05:16,2,+39.0,+26.8,+16.8,+50.7,+41.0,+39.5,+20.8,+20.6,+20.6,+20.7,+20.3,+20.3,+20.2
2024-05-11 06:16,2,+39.0,+26.8,+16.8,+50.7,+41.0,+39.5,+21.0,+20.6,+20.6,+20.7,+20.3,+20.5,+20.2
2024-05-11 07:16,2,+38.9,+26.9,+16.8,+50.7,+41.0,+39.5,+20.8,+20.6,+20.6,+20.7,+20.3,+20.5,+20.2
2024-05-11 08:16,2,+38.9,+26.9,+16.8,+50.8,+41.0,+39.6,+20.8,+20.6,+20.6,+20.7,+20.3,+20.3,+20.2
2024-05-11 09:16,2,+38.8,+26.9,+16.8,+50.7,+41.0,+39.5,+20.8,+20.5,+20.6,+20.7,+20.3,+20.5,+20.3
2024-05-11 10:16,2,+38.8,+26.9,+16.8,+50.7,+41.0,+39.5,+21.0,+20.5,+20.6,+20.7,+20.3,+20.5,+20.2
2024-05-11 11:16,2,+38.8,+26.9,+16.8,+50.8,+41.0,+39.6,+21.0,+20.5,+20.6,+20.7,+20.5,+20.5,+20.3
2024-05-11 12:16,2,+38.7,+26.9,+16.8,+50.7,+41.0,+39.5,+21.1,+20.5,+20.6,+20.7,+20.5,+20.5,+20.3
2024-05-11 13:16,2,+38.7,+26.9,+16.9,+50.8,+41.0,+39.5,+21.2,+20.6,+20.6,+20.7,+20.3,+20.5,+20.3
2024-05-11 14:16,2,+38.7,+26.9,+16.9,+50.8,+41.0,+39.6,+21.2,+20.6,+20.7,+20.7,+20.5,+20.3,+20.2
2024-05-11 15:16,2,+38.6,+26.9,+16.9,+50.7,+41.0,+39.5,+21.3,+20.6,+20.6,+20.7,+20.5,+20.5,+20.3
2024-05-11 16:16,2,+38.6,+26.9,+16.9,+50.7,+41.0,+39.5,+21.3,+20.6,+20.6,+20.7,+20.5,+20.5,+20.3
2024-05-11 17:16,2,+38.6,+26.9,+16.9,+50.7,+41.0,+39.5,+21.3,+20.7,+20.7,+20.7,+20.5,+20.5,+20.3
2024-05-11 18:16,2,+38.6,+26.9,+16.9,+50.7,+41.0,+39.5,+21.3,+20.7,+20.7,+20.7,+20.5,+20.5,+20.3
2024-05-11 19:16,2,+44.9,+31.6,+17.2,+50.9,+41.0,+39.6,+21.1,+20.8,+20.7,+20.7,+20.5,+20.5,+20.2
2024-05-11 20:16,2,+43.6,+29.3,+17.2,+50.9,+41.0,+39.5,+21.0,+20.7,+20.7,+20.7,+20.5,+20.5,+20.3
2024-05-11 21:16,2,+42.1,+28.7,+17.3,+50.8,+41.0,+39.5,+21.0,+20.6,+20.7,+20.8,+20.5,+20.5,+20.3
2024-05-11 22:16,2,+41.6,+28.4,+17.4,+50.8,+41.0,+39.5,+20.8,+20.6,+20.7,+20.7,+20.5,+20.5,+20.3
2024-05-11 23:16,2,+41.3,+28.3,+17.5,+50.9,+41.0,+39.6,+20.7,+20.6,+20.7,+20.8,+20.5,+20.5,+20.2
2024-05-12 00:16,2,+41.1,+28.2,+17.5,+50.9,+41.0,+39.5,+20.7,+20.5,+20.7,+20.8,+20.5,+20.5,+20.3
2024-05-12 01:16,2,+40.9,+28.1,+17.5,+51.0,+41.0,+39.6,+20.7,+20.5,+20.7,+20.8,+20.5,+20.5,+20.3
2024-05-12 02:16,2,+40.8,+28.0,+17.5,+51.0,+41.0,+39.6,+20.6,+20.5,+20.7,+20.8,+20.5,+20.5,+20.3
2024-05-12 03:16,2,+40.7,+28.0,+17.5,+50.9,+41.0,+39.5,+20.5,+20.5,+20.7,+20.8,+20.5,+20.5,+20.3
2024-05-12 04:16,2,+40.6,+27.9,+17.5,+51.0,+41.0,+39.6,+20.5,+20.3,+20.7,+20.8,+20.5,+20.5,+20.3
2024-05-12 05:16,2,+40.5,+27.9,+17.5,+51.0,+41.1,+39.6,+20.5,+20.3,+20.6,+20.7,+20.5,+20.5,+20.3
2024-05-12 06:16,2,+40.5,+27.9,+17.5,+50.9,+41.0,+39.5,+20.5,+20.2,+20.6,+20.8,+20.5,+20.5,+20.3
2024-05-12 07:16,2,+40.3,+27.8,+17.5,+51.0,+41.1,+39.6,+20.5,+20.3,+20.6,+20.8,+20.5,+20.6,+20.3
2024-05-12 08:16,2,+40.3,+27.8,+17.5,+51.0,+41.1,+39.6,+20.5,+20.2,+20.6,+20.8,+20.5,+20.5,+20.3
2024-05-12 09:16,2,+40.3,+27.7,+17.5,+51.1,+41.1,+39.6,+20.5,+20.2,+20.6,+20.7,+20.5,+20.5,+20.3
2024-05-12 10:16,2,+40.2,+27.7,+17.5,+51.0,+41.1,+39.6,+20.6,+20.2,+20.6,+20.8,+20.5,+20.5,+20.3
2024-05-12 11:16,2,+40.1,+27.7,+17.5,+51.1,+41.1,+39.6,+20.7,+20.2,+20.5,+20.8,+20.5,+20.5,+20.3
2024-05-12 12:16,2,+40.1,+27.7,+17.5,+51.1,+41.2,+39.6,+21.0,+20.2,+20.5,+20.8,+20.5,+20.5,+20.3
2024-05-12 13:16,2,+40.0,+27.7,+17.5,+51.2,+41.2,+39.7,+21.2,+20.3,+20.6,+20.8,+20.5,+20.5,+20.3
2024-05-12 14:16,2,+40.0,+27.7,+17.5,+51.1,+41.2,+39.6,+21.5,+20.5,+20.6,+20.7,+20.5,+20.6,+20.3
2024-05-12 15:16,2,+40.0,+27.7,+17.4,+51.2,+41.3,+39.7,+21.7,+20.6,+20.5,+20.7,+20.5,+20.6,+20.3
2024-05-12 16:16,2,+43.8,+28.4,+17.5,+51.3,+41.3,+39.7,+21.8,+20.6,+20.6,+20.7,+20.5,+20.5,+20.3
2024-05-12 17:16,2,+43.2,+28.0,+17.5,+51.3,+41.3,+39.7,+22.0,+20.8,+20.6,+20.7,+20.5,+20.5,+20.3
2024-05-12 18:16,2,+44.8,+29.8,+17.5,+51.3,+41.4,+39.7,+21.8,+21.0,+20.7,+20.8,+20.5,+20.5,+20.3
2024-05-12 19:16,2,+43.9,+29.0,+17.5,+51.3,+41.4,+39.7,+21.8,+21.0,+20.7,+20.8,+20.5,+20.6,+20.3
2024-05-12 20:16,2,+43.0,+28.6,+17.6,+51.3,+41.4,+39.7,+21.7,+21.0,+20.7,+20.8,+20.5,+20.5,+20.3
2024-05-12 21:16,2,+42.2,+28.5,+17.6,+51.5,+41.5,+39.8,+21.6,+21.0,+20.7,+20.7,+20.5,+20.5,+20.3
2024-05-12 22:16,2,+41.9,+28.4,+17.7,+51.4,+41.5,+39.8,+21.6,+21.0,+20.8,+20.8,+20.5,+20.6,+20.3
2024-05-12 23:16,2,+41.7,+28.4,+17.7,+51.5,+41.6,+39.8,+21.6,+21.0,+20.8,+20.8,+20.5,+20.6,+20.3
2024-05-13 00:16,2,+41.5,+28.3,+17.6,+51.4,+41.6,+39.8,+21.5,+21.0,+20.8,+20.8,+20.5,+20.5,+20.5
2024-05-13 01:16,2,+41.3,+28.2,+17.6,+51.5,+41.6,+39.8,+21.3,+21.0,+20.8,+20.8,+20.5,+20.5,+20.3
2024-05-13 02:16,2,+41.1,+28.2,+17.6,+51.4,+41.7,+39.8,+21.3,+21.0,+20.8,+20.8,+20.5,+20.5,+20.3
2024-05-13 03:16,2,+41.1,+28.1,+17.6,+51.4,+41.8,+39.9,+21.2,+20.8,+20.8,+20.8,+20.5,+20.6,+20.3
2024-05-13 04:16,2,+41.0,+28.0,+17.6,+51.5,+41.8,+39.9,+21.2,+20.8,+20.8,+20.8,+20.5,+20.6,+20.3
2024-05-13 05:16,2,+40.9,+28.0,+17.6,+51.4,+41.9,+40.0,+21.1,+20.8,+20.8,+20.8,+20.5,+20.6,+20.5
2024-05-13 06:16,2,+40.8,+28.0,+17.6,+51.4,+41.9,+40.0,+21.0,+20.7,+20.8,+20.8,+20.5,+20.6,+20.3
2024-05-13 07:16,2,+40.7,+27.9,+17.6,+51.4,+42.0,+40.0,+20.8,+20.7,+20.8,+20.8,+20.6,+20.6,+20.3
2024-05-13 08:16,2,+40.7,+27.9,+17.5,+51.4,+42.0,+40.1,+20.8,+20.6,+20.8,+21.0,+20.6,+20.6,+20.3
2024-05-13 09:16,2,+40.6,+27.9,+17.5,+51.4,+42.1,+40.1,+20.8,+20.6,+20.8,+21.0,+20.6,+20.6,+20.5
2024-05-13 10:16,2,+40.5,+27.9,+17.5,+51.4,+42.0,+40.2,+21.0,+20.5,+20.8,+20.8,+20.5,+20.6,+20.3
2024-05-13 11:16,2,+40.5,+27.8,+17.5,+51.4,+42.1,+40.3,+21.0,+20.6,+20.8,+20.8,+20.5,+20.6,+20.3
2024-05-13 12:16,2,+40.5,+27.8,+17.5,+51.4,+42.1,+40.3,+21.0,+20.6,+20.8,+20.8,+20.6,+20.6,+20.3
2024-05-13 13:16,2,+40.5,+27.8,+17.5,+51.5,+42.1,+40.3,+21.0,+20.6,+20.7,+20.8,+20.6,+20.6,+20.5
2024-05-13 14:16,2,+40.6,+27.8,+17.5,+51.4,+42.1,+40.4,+21.0,+20.6,+20.7,+20.8,+20.5,+20.6,+20.5
2024-05-13 15:16,2,+40.5,+27.8,+17.5,+51.5,+42.1,+40.4,+21.1,+20.6,+20.7,+20.8,+20.6,+20.6,+20.3
2024-05-13 16:16,2,+40.5,+27.8,+17.5,+51.5,+42.1,+40.4,+21.1,+20.6,+20.7,+20.8,+20.6,+20.6,+20.5
2024-05-13 17:16,2,+40.5,+27.7,+17.5,+51.5,+42.1,+40.5,+21.0,+20.6,+20.7,+20.8,+20.6,+20.6,+20.5
2024-05-13 18:16,2,+40.4,+27.7,+17.5,+51.4,+42.1,+40.4,+21.0,+20.6,+20.7,+21.0,+20.6,+20.6,+20.5
2024-05-13 19:16,2,+40.4,+27.7,+17.5,+51.4,+42.1,+40.4,+21.0,+20.6,+20.7,+20.8,+20.6,+20.6,+20.5
2024-05-13 20:16,2,+40.3,+27.7,+17.5,+51.4,+42.1,+40.4,+21.0,+20.6,+20.7,+21.0,+20.6,+20.6,+20.3
2024-05-13 21:16,2,+40.3,+27.7,+17.5,+51.4,+42.1,+40.4,+20.8,+20.6,+20.7,+20.8,+20.6,+20.6,+20.3
2024-05-13 22:16,2,+40.3,+27.7,+17.5,+51.4,+42.1,+40.4,+20.8,+20.6,+20.7,+20.8,+20.6,+20.6,+20.5
2024-05-13 23:16,2,+40.2,+27.7,+17.5,+51.5,+42.1,+40.5,+20.7,+20.5,+20.7,+21.0,+20.6,+20.6,+20.5
2024-05-14 00:16,2,+40.2,+27.7,+17.5,+51.5,+42.1,+40.5,+20.8,+20.5,+20.7,+20.8,+20.6,+20.6,+20.5
2024-05-14 01:16,2,+40.2,+27.7,+17.5,+51.4,+42.0,+40.4,+20.7,+20.6,+20.7,+20.8,+20.6,+20.6,+20.5
2024-05-14 02:16,2,+40.1,+27.7,+17.5,+51.5,+42.1,+40.5,+20.7,+20.5,+20.7,+20.8,+20.6,+20.6,+20.5
2024-05-14 03:16,2,+40.1,+27.7,+17.5,+51.4,+42.0,+40.4,+20.6,+20.3,+20.7,+20.8,+20.6,+20.6,+20.5
2024-05-14 04:16,2,+40.0,+27.6,+17.5,+51.4,+42.0,+40.4,+20.6,+20.3,+20.7,+20.8,+20.6,+20.6,+20.5
2024-05-14 05:16,2,+40.0,+27.6,+17.5,+51.5,+42.1,+40.5,+20.6,+20.3,+20.7,+20.8,+20.6,+20.6,+20.5
2024-05-14 06:16,2,+40.0,+27.6,+17.4,+51.5,+42.1,+40.5,+20.5,+20.3,+20.7,+20.8,+20.6,+20.6,+20.5
2024-05-14 07:16,2,+40.0,+27.6,+17.5,+51.5,+42.1,+40.5,+20.5,+20.3,+20.6,+20.8,+20.6,+20.6,+20.5
2024-05-14 08:16,2,+39.9,+27.6,+17.5,+51.4,+42.0,+40.4,+20.5,+20.3,+20.6,+20.8,+20.6,+20.6,+20.5
2024-05-14 09:16,2,+39.9,+27.6,+17.4,+51.5,+42.0,+40.5,+20.5,+20.2,+20.6,+20.8,+20.6,+20.6,+20.5
2024-05-14 10:16,2,+39.9,+27.6,+17.4,+51.5,+42.0,+40.4,+20.5,+20.2,+20.6,+20.8,+20.6,+20.6,+20.5
2024-05-14 11:16,2,+39.9,+27.6,+17.4,+51.4,+42.0,+40.4,+20.6,+20.3,+20.6,+20.8,+20.6,+20.6,+20.5
2024-05-14 12:16,2,+39.9,+27.5,+17.4,+51.5,+42.0,+40.4,+20.7,+20.2,+20.6,+20.8,+20.6,+20.6,+20.5
2024-05-14 13:16,2,+39.9,+27.5,+17.4,+51.4,+42.0,+40.4,+21.0,+20.3,+20.6,+20.8,+20.6,+20.6,+20.5
2024-05-14 14:16,2,+39.8,+27.5,+17.4,+51.4,+42.0,+40.4,+21.1,+20.3,+20.6,+20.8,+20.6,+20.6,+20.5
2024-05-14 15:16,2,+40.0,+27.5,+17.4,+51.3,+41.9,+40.4,+21.3,+20.5,+20.6,+20.8,+20.6,+20.6,+20.5
2024-05-14 16:16,2,+40.0,+27.5,+17.4,+51.3,+41.9,+40.4,+21.3,+20.6,+20.6,+20.8,+20.6,+20.6,+20.5
2024-05-14 17:16,2,+40.0,+27.5,+17.4,+51.4,+41.9,+40.4,+21.3,+20.6,+20.6,+20.8,+20.5,+20.6,+20.5
2024-05-14 18:16,2,+40.0,+27.5,+17.4,+51.3,+41.9,+40.4,+21.3,+20.6,+20.6,+20.8,+20.6,+20.6,+20.5
2024-05-14 19:16,2,+40.0,+27.5,+17.4,+51.5,+42.0,+40.4,+21.3,+20.7,+20.6,+20.8,+20.6,+20.6,+20.5
2024-05-14 20:16,2,+40.0,+27.5,+17.4,+51.3,+41.9,+40.4,+21.2,+20.7,+20.7,+20.8,+20.6,+20.6,+20.5
2024-05-14 21:16,2,+39.9,+27.5,+17.4,+51.4,+41.9,+40.4,+21.2,+20.7,+20.7,+20.8,+20.6,+20.6,+20.5
2024-05-14 22:16,2,+39.9,+27.5,+17.4,+51.3,+41.9,+40.4,+21.1,+20.7,+20.7,+20.8,+20.6,+20.6,+20.5
2024-05-14 23:16,2,+39.9,+27.5,+17.4,+51.5,+41.9,+40.4,+21.0,+20.7,+20.7,+20.8,+20.6,+20.6,+20.5
2024-05-15 00:16,2,+39.9,+27.5,+17.4,+51.5,+42.0,+40.4,+21.0,+20.6,+20.7,+20.8,+20.6,+20.6,+20.5
2024-05-15 01:16,2,+39.8,+27.5,+17.4,+51.5,+41.9,+40.4,+20.8,+20.6,+20.7,+20.8,+20.6,+20.6,+20.5
2024-05-15 02:16,2,+39.8,+27.5,+17.4,+51.5,+41.9,+40.4,+20.7,+20.6,+20.7,+20.8,+20.6,+20.6,+20.5
2024-05-15 03:16,2,+39.8,+27.5,+17.4,+51.4,+41.9,+40.3,+20.7,+20.5,+20.7,+21.0,+20.6,+20.6,+20.5
2024-05-15 04:16,2,+39.8,+27.5,+17.4,+51.4,+41.9,+40.3,+20.6,+20.5,+20.7,+20.8,+20.6,+20.6,+20.5
2024-05-15 05:16,2,+39.7,+27.5,+17.4,+51.3,+41.9,+40.3,+20.6,+20.5,+20.7,+20.8,+20.6,+20.6,+20.5
2024-05-15 06:16,2,+39.7,+27.5,+17.4,+51.4,+41.9,+40.3,+20.6,+20.5,+20.7,+20.8,+20.6,+20.6,+20.5
2024-05-15 07:16,2,+39.7,+27.5,+17.4,+51.5,+41.9,+40.3,+20.5,+20.3,+20.7,+20.8,+20.6,+20.6,+20.5
2024-05-15 08:16,2,+39.6,+27.5,+17.4,+51.5,+41.9,+40.3,+20.5,+20.3,+20.6,+20.8,+20.6,+20.6,+20.5
2024-05-15 09:16,2,+39.9,+27.5,+17.4,+51.5,+41.9,+40.4,+20.6,+20.3,+20.6,+20.8,+20.6,+20.6,+20.5
2024-05-15 10:16,2,+39.8,+27.5,+17.4,+51.5,+41.9,+40.4,+20.6,+20.2,+20.6,+20.8,+20.6,+20.6,+20.5
2024-05-15 11:16,2,+39.8,+27.5,+17.4,+51.5,+41.9,+40.3,+20.7,+20.2,+20.6,+20.8,+20.6,+20.6,+20.5
2024-05-15 12:16,2,+39.8,+27.5,+17.4,+51.3,+41.9,+40.3,+20.8,+20.3,+20.6,+20.8,+20.6,+20.7,+20.5
2024-05-15 13:16,2,+39.8,+27.4,+17.4,+51.3,+41.8,+40.3,+21.1,+20.3,+20.6,+20.8,+20.6,+20.6,+20.5
2024-05-15 14:16,2,+40.2,+27.4,+17.4,+51.5,+41.9,+40.3,+21.2,+20.5,+20.6,+20.8,+20.6,+20.6,+20.5
2024-05-15 15:16,2,+44.8,+28.3,+17.5,+51.5,+41.9,+40.3,+21.3,+20.5,+20.6,+20.8,+20.5,+20.6,+20.5
2024-05-15 16:16,2,+45.6,+28.5,+17.5,+51.5,+41.8,+40.3,+21.3,+20.6,+20.6,+20.8,+20.6,+20.7,+20.5
2024-05-15 17:16,2,+45.9,+29.3,+17.5,+51.6,+41.9,+40.4,+21.3,+20.7,+20.6,+20.8,+20.6,+20.6,+20.5
2024-05-15 18:16,2,+44.9,+29.1,+17.5,+51.6,+41.9,+40.3,+21.3,+20.7,+20.6,+20.8,+20.6,+20.6,+20.5
2024-05-15 19:16,2,+44.0,+28.8,+17.6,+51.6,+41.9,+40.3,+21.2,+20.7,+20.7,+20.8,+20.6,+20.6,+20.5
2024-05-15 20:16,2,+46.4,+30.3,+17.6,+51.5,+41.8,+40.3,+21.2,+20.7,+20.7,+20.8,+20.6,+20.6,+20.6
2024-05-15 21:16,2,+45.3,+30.5,+17.8,+51.6,+41.9,+40.3,+21.1,+20.7,+20.7,+20.8,+20.6,+20.7,+20.5
2024-05-15 22:16,2,+46.4,+30.7,+18.1,+51.5,+41.8,+40.3,+21.0,+20.6,+20.7,+20.8,+20.6,+20.6,+20.5
2024-05-15 23:16,2,+47.1,+31.5,+23.7,+51.9,+43.4,+41.8,+20.6,+20.6,+20.7,+20.8,+20.6,+20.6,+20.5
2024-05-16 00:16,2,+45.5,+29.8,+19.8,+52.0,+43.4,+42.2,+20.3,+20.6,+20.8,+21.0,+20.6,+20.6,+20.5
2024-05-16 01:16,2,+44.2,+29.0,+18.0,+51.9,+43.2,+42.0,+20.3,+20.5,+20.7,+20.8,+20.6,+20.6,+20.5
2024-05-16 02:16,2,+43.4,+28.7,+17.9,+51.8,+43.1,+41.8,+20.3,+20.3,+20.7,+21.0,+20.6,+20.6,+20.5
2024-05-16 03:16,2,+43.0,+28.6,+17.8,+51.7,+43.1,+41.7,+20.2,+20.3,+20.7,+20.8,+20.6,+20.7,+20.5
2024-05-16 04:16,2,+42.8,+28.4,+17.8,+51.7,+43.1,+41.6,+20.2,+20.2,+20.7,+20.8,+20.6,+20.6,+20.5
2024-05-16 05:16,2,+42.6,+28.3,+17.8,+51.8,+43.1,+41.6,+20.2,+20.2,+20.6,+20.8,+20.6,+20.7,+20.5
2024-05-16 06:16,2,+42.4,+28.2,+17.7,+51.8,+43.0,+41.5,+20.1,+20.1,+20.6,+21.0,+20.6,+20.6,+20.5
2024-05-16 07:16,2,+42.3,+28.2,+17.7,+51.7,+42.9,+41.4,+20.1,+20.1,+20.6,+21.0,+20.6,+20.7,+20.5
2024-05-16 08:16,2,+42.2,+28.1,+17.7,+51.8,+42.9,+41.4,+20.1,+20.1,+20.6,+21.0,+20.6,+20.6,+20.6
2024-05-16 09:16,2,+42.2,+28.1,+17.7,+51.8,+42.9,+41.4,+20.2,+20.0,+20.5,+20.8,+20.6,+20.7,+20.5
2024-05-16 10:16,2,+42.1,+28.0,+17.7,+51.7,+42.9,+41.3,+20.2,+20.0,+20.5,+21.0,+20.6,+20.7,+20.5
2024-05-16 11:16,2,+41.9,+28.0,+17.6,+51.8,+42.9,+41.3,+20.3,+20.1,+20.5,+20.8,+20.6,+20.7,+20.6
2024-05-16 12:16,2,+41.9,+28.0,+17.6,+51.7,+42.7,+41.2,+20.5,+20.1,+20.6,+20.8,+20.6,+20.7,+20.5
2024-05-16 13:16,2,+41.9,+28.0,+17.6,+51.8,+42.7,+41.2,+20.6,+20.1,+20.5,+20.8,+20.6,+20.7,+20.6
2024-05-16 14:16,2,+41.9,+27.9,+17.6,+51.7,+42.4,+40.9,+20.7,+20.2,+20.5,+20.8,+20.6,+20.7,+20.5
2024-05-16 15:16,2,+41.8,+27.9,+17.6,+51.6,+42.3,+40.8,+20.8,+20.2,+20.5,+20.8,+20.7,+20.7,+20.6
2024-05-16 16:16,2,+42.7,+28.2,+17.6,+51.6,+42.3,+40.8,+20.8,+20.2,+20.5,+20.8,+20.6,+20.7,+20.6
2024-05-16 17:16,2,+42.7,+28.2,+17.6,+51.6,+42.3,+40.8,+21.0,+20.3,+20.5,+20.8,+20.7,+20.7,+20.6
2024-05-16 18:16,2,+42.6,+28.2,+17.6,+51.7,+42.3,+40.8,+21.0,+20.5,+20.6,+20.8,+20.6,+20.7,+20.5
2024-05-16 19:16,2,+42.4,+28.1,+17.6,+51.6,+42.3,+40.7,+20.8,+20.3,+20.6,+20.8,+20.7,+20.7,+20.6
2024-05-16 20:16,2,+42.3,+28.1,+17.6,+51.6,+42.2,+40.7,+20.8,+20.5,+20.6,+20.8,+20.6,+20.7,+20.6
2024-05-16 21:16,2,+42.3,+28.1,+17.6,+51.7,+42.3,+40.7,+20.7,+20.3,+20.6,+20.8,+20.6,+20.6,+20.5
2024-05-16 22:16,2,+42.2,+28.1,+17.6,+51.6,+42.2,+40.7,+20.7,+20.3,+20.6,+20.8,+20.6,+20.6,+20.6
2024-05-16 23:16,2,+42.1,+28.1,+17.6,+51.6,+42.2,+40.7,+20.7,+20.3,+20.6,+20.8,+20.6,+20.6,+20.5
2024-05-17 00:16,2,+41.8,+28.0,+17.6,+51.7,+42.2,+40.7,+20.7,+20.5,+20.6,+20.8,+20.6,+20.6,+20.6
2024-05-17 01:16,2,+41.7,+28.0,+17.6,+51.7,+42.2,+40.6,+20.6,+20.3,+20.6,+20.8,+20.6,+20.6,+20.6
2024-05-17 02:16,2,+42.5,+28.2,+17.6,+51.7,+42.2,+40.6,+20.6,+20.3,+20.6,+20.8,+20.6,+20.6,+20.6
2024-05-17 03:16,2,+42.5,+28.2,+17.6,+51.6,+42.2,+40.6,+20.6,+20.3,+20.6,+20.8,+20.6,+20.6,+20.6
2024-05-17 04:16,2,+42.2,+28.2,+17.6,+51.6,+42.2,+40.6,+20.5,+20.2,+20.6,+20.8,+20.6,+20.6,+20.5
2024-05-17 05:16,2,+42.2,+28.2,+17.6,+51.7,+42.2,+40.6,+20.5,+20.2,+20.6,+20.8,+20.6,+20.6,+20.5
2024-05-17 06:16,2,+42.2,+28.1,+17.6,+51.7,+42.2,+40.6,+20.3,+20.2,+20.6,+20.8,+20.6,+20.6,+20.5
2024-05-17 07:16,2,+42.1,+28.1,+17.6,+51.7,+42.2,+40.6,+20.3,+20.2,+20.6,+20.8,+20.6,+20.6,+20.6
2024-05-17 08:16,2,+42.1,+28.1,+17.6,+51.6,+42.2,+40.6,+20.3,+20.2,+20.6,+20.8,+20.6,+20.6,+20.6
2024-05-17 09:16,2,+42.1,+28.0,+17.6,+51.6,+42.1,+40.6,+20.5,+20.1,+20.5,+20.8,+20.6,+20.6,+20.6
2024-05-17 10:16,2,+42.1,+28.0,+17.6,+51.6,+42.1,+40.6,+20.5,+20.1,+20.5,+20.8,+20.6,+20.7,+20.6
2024-05-17 11:16,2,+42.1,+28.0,+17.6,+51.6,+42.1,+40.6,+20.6,+20.2,+20.5,+20.8,+20.6,+20.7,+20.5
2024-05-17 12:16,2,+47.3,+32.1,+17.7,+51.8,+42.2,+40.6,+20.7,+20.2,+20.5,+20.8,+20.6,+20.7,+20.5
2024-05-17 13:16,2,+46.3,+32.3,+44.7,+52.2,+43.4,+42.2,+20.6,+20.2,+20.5,+20.8,+20.6,+20.6,+20.6
2024-05-17 14:16,2,+44.9,+29.7,+30.1,+52.1,+43.4,+42.2,+20.6,+20.3,+20.5,+20.8,+20.6,+20.6,+20.6
2024-05-17 15:16,2,+43.9,+29.1,+20.2,+52.0,+43.3,+42.0,+20.7,+20.2,+20.5,+20.8,+20.6,+20.7,+20.6
2024-05-17 16:16,2,+43.4,+28.9,+18.0,+52.0,+43.2,+41.9,+20.7,+20.3,+20.5,+20.8,+20.6,+20.6,+20.6
2024-05-17 17:16,2,+43.1,+28.7,+17.9,+52.0,+43.2,+41.9,+20.7,+20.3,+20.6,+20.7,+20.6,+20.6,+20.6
2024-05-17 18:16,2,+42.9,+28.6,+17.9,+51.8,+43.1,+41.8,+20.7,+20.3,+20.6,+20.8,+20.6,+20.7,+20.6
2024-05-17 19:16,2,+42.7,+28.6,+17.8,+51.8,+43.1,+41.7,+20.7,+20.3,+20.6,+20.8,+20.6,+20.7,+20.6
2024-05-17 20:16,2,+42.5,+28.5,+17.8,+51.8,+43.0,+41.6,+20.7,+20.3,+20.6,+20.8,+20.6,+20.6,+20.6
2024-05-17 21:16,2,+42.6,+28.4,+17.8,+51.9,+43.1,+41.6,+20.7,+20.3,+20.6,+20.7,+20.6,+20.6,+20.6
2024-05-17 22:16,2,+47.5,+30.9,+17.8,+51.9,+43.0,+41.6,+20.7,+20.3,+20.6,+20.7,+20.6,+20.6,+20.6
2024-05-17 23:16,2,+45.4,+30.4,+18.5,+52.1,+43.2,+41.7,+20.6,+20.2,+20.6,+20.8,+20.6,+20.7,+20.6
2024-05-18 00:16,2,+44.4,+29.3,+18.2,+51.9,+43.2,+42.0,+20.6,+20.3,+20.6,+20.8,+20.6,+20.6,+20.6
2024-05-18 01:16,2,+43.9,+29.1,+18.1,+51.9,+43.1,+41.9,+20.6,+20.3,+20.6,+20.8,+20.6,+20.6,+20.6
2024-05-18 02:16,2,+43.6,+28.9,+18.0,+51.9,+43.1,+41.8,+20.6,+20.3,+20.6,+20.8,+20.6,+20.7,+20.6
2024-05-18 03:16,2,+43.3,+28.8,+18.0,+52.0,+43.1,+41.8,+20.6,+20.3,+20.5,+20.7,+20.6,+20.6,+20.6
2024-05-18 04:16,2,+43.3,+28.7,+17.9,+51.9,+43.1,+41.7,+20.6,+20.2,+20.6,+20.8,+20.6,+20.7,+20.6
2024-05-18 05:16,2,+43.3,+28.7,+17.9,+51.9,+43.0,+41.7,+20.5,+20.2,+20.6,+20.8,+20.6,+20.7,+20.6
2024-05-18 06:16,2,+42.9,+28.7,+17.8,+52.0,+43.0,+41.6,+20.5,+20.3,+20.6,+20.8,+20.6,+20.7,+20.5
2024-05-18 07:16,2,+42.8,+28.6,+17.8,+51.9,+43.0,+41.6,+20.5,+20.2,+20.6,+20.8,+20.6,+20.6,+20.6
2024-05-18 08:16,2,+42.7,+28.6,+17.8,+51.9,+42.9,+41.5,+20.6,+20.2,+20.5,+20.8,+20.6,+20.6,+20.6
2024-05-18 09:16,2,+42.4,+28.5,+17.8,+51.9,+42.9,+41.5,+20.6,+20.2,+20.5,+20.8,+20.6,+20.6,+20.6
2024-05-18 10:16,2,+42.2,+28.5,+17.8,+51.9,+42.9,+41.5,+20.7,+20.2,+20.6,+20.8,+20.6,+20.6,+20.6
2024-05-18 11:16,2,+42.3,+28.4,+17.8,+51.8,+42.9,+41.4,+20.7,+20.2,+20.6,+20.8,+20.6,+20.7,+20.6
2024-05-18 12:16,2,+42.3,+28.4,+17.8,+51.9,+42.9,+41.4,+21.0,+20.2,+20.5,+20.8,+20.6,+20.7,+20.6
2024-05-18 13:16,2,+42.3,+28.4,+17.8,+51.9,+42.8,+41.3,+21.1,+20.3,+20.6,+20.8,+20.6,+20.6,+20.6
2024-05-18 14:16,2,+42.2,+28.3,+17.7,+51.9,+42.8,+41.2,+21.3,+20.3,+20.6,+20.8,+20.6,+20.7,+20.6
2024-05-18 15:16,2,+42.1,+28.3,+17.7,+51.8,+42.7,+41.1,+21.5,+20.5,+20.6,+20.8,+20.6,+20.7,+20.5
2024-05-18 16:16,2,+42.2,+28.3,+17.7,+51.9,+42.7,+41.1,+21.5,+20.6,+20.6,+20.8,+20.6,+20.7,+20.6
2024-05-18 17:16,2,+42.2,+28.2,+17.7,+51.9,+42.4,+40.9,+21.6,+20.6,+20.6,+20.8,+20.6,+20.6,+20.5
2024-05-18 18:16,2,+42.2,+28.2,+17.7,+51.9,+42.4,+40.9,+21.7,+20.7,+20.6,+20.8,+20.6,+20.6,+20.5
2024-05-18 19:16,2,+42.2,+28.2,+17.7,+51.9,+42.4,+40.9,+21.6,+20.8,+20.7,+20.8,+20.6,+20.7,+20.6
2024-05-18 20:16,2,+42.2,+28.2,+17.7,+51.9,+42.4,+40.9,+21.5,+20.7,+20.7,+20.8,+20.6,+20.6,+20.5
2024-05-18 21:16,2,+42.2,+28.2,+17.7,+51.9,+42.4,+40.9,+21.5,+20.8,+20.7,+20.8,+20.6,+20.6,+20.6
2024-05-18 22:16,2,+42.1,+28.2,+17.7,+51.9,+42.4,+40.8,+21.3,+20.8,+20.7,+20.8,+20.6,+20.6,+20.6
2024-05-18 23:16,2,+42.1,+28.1,+17.7,+51.9,+42.3,+40.8,+21.3,+20.8,+20.7,+20.8,+20.6,+20.6,+20.6
2024-05-19 00:16,2,+42.1,+28.1,+17.7,+51.8,+42.3,+40.8,+21.2,+20.8,+20.8,+20.8,+20.6,+20.7,+20.5
2024-05-19 01:16,2,+42.1,+28.1,+17.7,+51.7,+42.2,+40.8,+21.2,+20.8,+20.7,+20.8,+20.6,+20.7,+20.6
2024-05-19 02:16,2,+42.0,+28.1,+17.7,+51.7,+42.2,+40.7,+21.1,+20.7,+20.7,+20.8,+20.6,+20.6,+20.6
2024-05-19 03:16,2,+42.0,+28.0,+17.7,+51.8,+42.3,+40.7,+21.1,+20.7,+20.8,+20.8,+20.6,+20.7,+20.5
2024-05-19 04:16,2,+42.0,+28.0,+17.6,+51.8,+42.3,+40.7,+21.0,+20.7,+20.7,+20.8,+20.6,+20.6,+20.6
2024-05-19 05:16,2,+42.0,+28.0,+17.7,+51.8,+42.2,+40.7,+21.0,+20.6,+20.8,+21.0,+20.6,+20.6,+20.6
2024-05-19 06:16,2,+42.0,+28.0,+17.7,+51.7,+42.2,+40.7,+20.8,+20.6,+20.8,+20.8,+20.6,+20.6,+20.6
2024-05-19 07:16,2,+42.0,+28.0,+17.6,+51.7,+42.2,+40.6,+20.8,+20.6,+20.7,+20.8,+20.6,+20.6,+20.6
2024-05-19 08:16,2,+41.9,+28.0,+17.6,+51.7,+42.2,+40.6,+20.8,+20.6,+20.8,+20.8,+20.6,+20.7,+20.6
2024-05-19 09:16,2,+41.9,+28.0,+17.6,+51.7,+42.2,+40.6,+20.8,+20.6,+20.7,+20.8,+20.6,+20.7,+20.6
2024-05-19 10:16,2,+41.9,+28.0,+17.6,+51.8,+42.2,+40.6,+20.8,+20.5,+20.7,+20.8,+20.6,+20.7,+20.5
2024-05-19 11:16,2,+41.9,+27.9,+17.6,+51.8,+42.2,+40.6,+21.0,+20.5,+20.7,+20.8,+20.6,+20.7,+20.6
2024-05-19 12:16,2,+41.9,+27.9,+17.6,+51.7,+42.2,+40.6,+21.1,+20.6,+20.7,+20.8,+20.6,+20.7,+20.6
2024-05-19 13:16,2,+41.9,+27.9,+17.6,+51.7,+42.1,+40.6,+21.1,+20.6,+20.7,+20.8,+20.6,+20.7,+20.6
2024-05-19 14:16,2,+41.9,+27.9,+17.6,+51.7,+42.1,+40.6,+21.2,+20.6,+20.7,+20.8,+20.6,+20.7,+20.6
2024-05-19 15:16,2,+41.9,+27.9,+17.6,+51.8,+42.2,+40.6,+21.3,+20.6,+20.7,+20.8,+20.6,+20.7,+20.6
2024-05-19 16:16,2,+41.9,+27.9,+17.6,+51.8,+42.2,+40.6,+21.5,+20.6,+20.7,+20.8,+20.6,+20.7,+20.6
2024-05-19 17:16,2,+42.4,+28.2,+17.6,+51.9,+42.2,+40.6,+21.5,+20.7,+20.7,+21.0,+20.6,+20.6,+20.5
2024-05-19 18:16,2,+42.5,+28.2,+17.6,+51.7,+42.1,+40.6,+21.5,+20.7,+20.7,+20.8,+20.6,+20.7,+20.6
2024-05-19 19:16,2,+42.8,+28.2,+17.6,+51.9,+42.1,+40.6,+21.3,+20.8,+20.7,+21.0,+20.6,+20.6,+20.6
2024-05-19 20:16,2,+42.8,+28.2,+17.6,+51.9,+42.2,+40.6,+21.3,+20.8,+20.8,+21.0,+20.7,+20.7,+20.6
2024-05-19 21:16,2,+42.8,+28.2,+17.6,+51.7,+42.1,+40.6,+21.2,+20.7,+20.8,+21.0,+20.6,+20.6,+20.6
2024-05-19 22:16,2,+42.8,+28.2,+17.6,+51.9,+42.1,+40.6,+21.2,+20.8,+20.8,+20.8,+20.6,+20.6,+20.6
2024-05-19 23:16,2,+42.8,+28.2,+17.6,+51.8,+42.1,+40.6,+21.2,+20.7,+20.8,+21.0,+20.6,+20.7,+20.6
2024-05-20 00:16,2,+42.8,+28.2,+17.6,+51.7,+42.1,+40.5,+21.1,+20.7,+20.8,+21.0,+20.6,+20.7,+20.6
2024-05-20 01:16,2,+42.7,+28.2,+17.6,+51.8,+42.1,+40.6,+21.0,+20.7,+20.8,+21.0,+20.7,+20.7,+20.6
2024-05-20 02:16,2,+42.7,+28.2,+17.6,+51.8,+42.1,+40.6,+21.0,+20.7,+20.8,+21.0,+20.6,+20.7,+20.6
2024-05-20 03:16,2,+42.7,+28.2,+17.6,+51.8,+42.1,+40.6,+20.8,+20.6,+20.8,+21.0,+20.6,+20.7,+20.6
2024-05-20 04:16,2,+42.6,+28.1,+17.6,+51.7,+42.1,+40.5,+20.8,+20.6,+20.8,+21.0,+20.6,+20.7,+20.6
2024-05-20 05:16,2,+42.6,+28.1,+17.6,+51.7,+42.1,+40.5,+20.8,+20.6,+20.8,+21.0,+20.7,+20.7,+20.6
2024-05-20 06:16,2,+42.5,+28.1,+17.6,+51.8,+42.1,+40.5,+20.8,+20.6,+20.7,+21.0,+20.7,+20.7,+20.6
2024-05-20 07:16,2,+42.5,+28.1,+17.6,+51.7,+42.0,+40.5,+20.7,+20.5,+20.8,+21.0,+20.7,+20.7,+20.6
2024-05-20 08:16,2,+42.5,+28.1,+17.6,+51.8,+42.1,+40.5,+20.7,+20.5,+20.8,+21.0,+20.7,+20.7,+20.6
2024-05-20 09:16,2,+42.5,+28.1,+17.6,+51.8,+42.1,+40.5,+20.7,+20.5,+20.8,+21.0,+20.6,+20.7,+20.6
2024-05-20 10:16,2,+42.5,+28.1,+17.6,+51.7,+42.0,+40.5,+20.8,+20.5,+20.7,+21.0,+20.7,+20.7,+20.6
2024-05-20 11:16,2,+42.4,+28.1,+17.6,+51.8,+42.1,+40.5,+20.8,+20.5,+20.7,+21.0,+20.7,+20.7,+20.6
2024-05-20 12:16,2,+42.4,+28.1,+17.6,+51.7,+42.0,+40.5,+21.0,+20.5,+20.7,+21.0,+20.7,+20.7,+20.6
2024-05-20 13:16,2,+42.4,+28.0,+17.6,+51.7,+42.0,+40.5,+21.1,+20.5,+20.7,+21.0,+20.7,+20.7,+20.6
2024-05-20 14:16,2,+42.3,+28.0,+17.6,+51.8,+42.1,+40.5,+21.2,+20.6,+20.7,+21.0,+20.7,+20.7,+20.6
2024-05-20 15:16,2,+42.3,+28.0,+17.6,+51.8,+42.1,+40.5,+21.3,+20.6,+20.7,+21.0,+20.7,+20.7,+20.6
2024-05-20 16:16,2,+42.3,+28.0,+17.6,+51.8,+42.1,+40.5,+21.5,+20.7,+20.7,+21.0,+20.7,+20.7,+20.6
2024-05-20 17:16,2,+42.3,+28.0,+17.6,+51.7,+42.0,+40.5,+21.6,+20.8,+20.7,+21.0,+20.6,+20.7,+20.6
2024-05-20 18:16,2,+42.2,+28.0,+17.6,+51.7,+42.0,+40.4,+21.6,+20.8,+20.8,+21.0,+20.7,+20.7,+20.6
2024-05-20 19:16,2,+42.2,+28.0,+17.6,+51.8,+42.1,+40.5,+21.6,+20.8,+20.8,+20.8,+20.7,+20.7,+20.6
2024-05-20 20:16,2,+42.1,+28.0,+17.6,+51.8,+42.1,+40.5,+21.6,+20.8,+20.8,+21.0,+20.6,+20.7,+20.6
2024-05-20 21:16,2,+42.1,+28.0,+17.6,+51.7,+42.0,+40.4,+21.6,+21.0,+20.8,+21.0,+20.7,+20.7,+20.6
2024-05-20 22:16,2,+42.1,+28.0,+17.6,+51.7,+42.0,+40.5,+21.5,+21.0,+20.8,+21.0,+20.7,+20.7,+20.6
2024-05-20 23:16,2,+42.1,+28.0,+17.6,+51.7,+42.0,+40.4,+21.5,+21.0,+20.8,+21.0,+20.7,+20.7,+20.6
2024-05-21 00:16,2,+42.1,+28.0,+17.6,+51.8,+42.0,+40.5,+21.5,+21.0,+20.8,+21.0,+20.7,+20.7,+20.6
2024-05-21 01:16,2,+42.1,+28.0,+17.6,+51.7,+42.0,+40.4,+21.3,+21.0,+21.0,+21.0,+20.7,+20.7,+20.6
2024-05-21 02:16,2,+42.1,+28.0,+17.6,+51.7,+42.0,+40.4,+21.2,+20.8,+20.8,+21.0,+20.7,+20.7,+20.6
2024-05-21 03:16,2,+42.1,+28.0,+17.6,+51.7,+42.0,+40.4,+21.2,+20.8,+21.0,+21.0,+20.7,+20.7,+20.6
2024-05-21 04:16,2,+42.0,+28.0,+17.6,+51.8,+42.0,+40.5,+21.2,+20.8,+20.8,+21.1,+20.7,+20.7,+20.6
2024-05-21 05:16,2,+42.0,+28.0,+17.6,+51.8,+42.0,+40.5,+21.1,+20.8,+21.0,+21.0,+20.7,+20.7,+20.6
2024-05-21 06:16,2,+42.0,+28.0,+17.6,+51.8,+42.0,+40.5,+21.0,+20.7,+20.8,+21.0,+20.7,+20.7,+20.6
2024-05-21 07:16,2,+42.0,+28.0,+17.6,+51.8,+42.0,+40.4,+21.0,+20.7,+20.8,+21.1,+20.7,+20.7,+20.6
2024-05-21 08:16,2,+41.9,+28.0,+17.6,+51.8,+42.0,+40.5,+21.0,+20.7,+20.8,+21.0,+20.7,+20.7,+20.6
2024-05-21 09:16,2,+41.9,+27.9,+17.6,+51.8,+42.0,+40.5,+21.0,+20.7,+20.8,+21.0,+20.7,+20.7,+20.6
2024-05-21 10:16,2,+41.9,+27.9,+17.6,+51.7,+42.0,+40.4,+21.0,+20.6,+20.8,+21.1,+20.7,+20.7,+20.6
2024-05-21 11:16,2,+41.9,+27.9,+17.6,+51.8,+42.0,+40.5,,,,,,,
2024-05-21 12:16,2,+41.9,+27.9,+17.6,+51.6,+42.0,+40.4,+21.2,+20.6,+20.8,+21.0,+20.7,+20.7,+20.6
2024-05-21 13:16,2,+41.9,+27.9,+17.6,+51.7,+42.0,+40.4,+21.5,+20.7,+20.8,+21.0,+20.7,+20.7,+20.6
2024-05-21 14:16,2,+41.9,+27.9,+17.6,+51.7,+41.9,+40.4,+21.7,+20.7,+20.8,+21.0,+20.7,+20.7,+20.6
2024-05-21 15:16,2,+41.8,+27.9,+17.6,+51.7,+42.0,+40.4,+21.8,+20.8,+20.8,+21.0,+20.7,+20.7,+20.6
2024-05-21 16:16,2,+41.8,+27.9,+17.6,+51.8,+42.0,+40.4,+22.0,+21.0,+20.8,+21.0,+20.7,+20.7,+20.6
2024-05-21 17:16,2,+41.8,+27.9,+17.6,+51.8,+42.0,+40.4,+22.0,+21.0,+20.8,+21.0,+20.7,+20.7,+20.6
2024-05-21 18:16,2,+41.8,+27.9,+17.6,+51.8,+42.0,+40.4,+22.0,+21.1,+21.0,+21.0,+20.7,+20.7,+20.6
2024-05-21 19:16,2,+41.7,+27.9,+17.6,+51.7,+41.9,+40.4,+21.8,+21.1,+21.0,+21.1,+20.7,+20.8,+20.6
2024-05-21 20:16,2,+41.7,+27.9,+17.6,+51.8,+42.0,+40.4,+21.7,+21.1,+21.0,+21.1,+20.7,+20.7,+20.6
2024-05-21 21:16,2,+41.7,+27.9,+17.6,+51.6,+41.9,+40.4,+21.7,+21.1,+21.0,+21.1,+20.7,+20.7,+20.6
2024-05-21 22:16,2,+41.7,+27.9,+17.6,+51.8,+42.0,+40.5,+21.6,+21.1,+21.0,+21.0,+20.7,+20.7,+20.6
2024-05-21 23:16,2,+41.6,+27.9,+17.6,+51.7,+41.9,+40.4,+21.5,+21.1,+21.1,+21.1,+20.7,+20.7,+20.6
2024-05-22 00:16,2,+41.6,+27.9,+17.6,+51.8,+42.0,+40.4,+21.3,+21.0,+21.1,+21.1,+20.7,+20.8,+20.6
2024-05-22 01:16,2,+41.6,+27.9,+17.6,+51.8,+42.0,+40.4,+21.1,+21.0,+21.0,+21.1,+20.7,+20.7,+20.6
2024-05-22 02:16,2,+41.5,+27.9,+17.6,+51.7,+41.9,+40.4,+21.1,+20.8,+21.0,+21.1,+20.7,+20.8,+20.6
2024-05-22 03:16,2,+41.5,+27.9,+17.6,+51.7,+41.9,+40.4,+21.0,+20.8,+21.0,+21.1,+20.7,+20.7,+20.6
2024-05-22 04:16,2,+41.5,+27.9,+17.6,+51.8,+42.0,+40.4,+20.8,+20.7,+21.0,+21.1,+20.7,+20.7,+20.6
2024-05-22 05:16,2,+41.4,+27.8,+17.6,+51.8,+42.0,+40.4,+20.7,+20.7,+21.0,+21.1,+20.7,+20.8,+20.6
2024-05-22 06:16,2,+41.4,+27.8,+17.6,+51.7,+41.9,+40.4,+20.7,+20.6,+21.0,+21.1,+20.7,+20.7,+20.6
2024-05-22 07:16,2,+41.4,+27.8,+17.6,+51.8,+42.0,+40.4,+20.5,+20.6,+21.0,+21.1,+20.7,+20.7,+20.6
2024-05-22 08:16,2,+41.3,+27.8,+17.6,+51.8,+42.0,+40.4,+20.6,+20.6,+21.0,+21.1,+20.7,+20.8,+20.6
2024-05-22 09:16,2,+41.3,+27.8,+17.6,+51.8,+42.0,+40.4,+20.5,+20.5,+20.8,+21.1,+20.7,+20.8,+20.6
2024-05-22 10:16,2,+41.3,+27.8,+17.6,+51.8,+42.0,+40.4,+20.6,+20.5,+20.8,+21.1,+20.8,+20.8,+20.6
2024-05-22 11:16,2,+41.3,+27.8,+17.6,+51.8,+42.0,+40.4,+20.7,+20.3,+20.8,+21.1,+20.7,+20.8,+20.7