
2024-04-17 08:59,3,+24.2,+30.4,+24.1,+34.2,+47.4,+39.3,+18.5,+19.7,+20.1,+20.3,+20.5,+20.5,+20.3
2024-04-17 09:59,3,+24.2,+30.4,+24.1,+34.2,+47.4,+39.3,+18.6,+19.7,+20.1,+20.2,+20.5,+20.5,+20.3
2024-04-17 10:59,3,+24.1,+30.3,+24.1,+34.0,+47.4,+39.2,+18.7,+19.7,+20.0,+20.2,+20.5,+20.5,+20.3
2024-04-17 11:59,3,+24.1,+30.3,+24.1,+34.1,+47.4,+39.2,+19.0,+19.6,+20.0,+20.2,+20.5,+20.3,+20.3
2024-04-17 12:59,3,+24.0,+30.3,+24.1,+34.1,+47.4,+39.2,+19.1,+19.7,+20.0,+20.2,+20.5,+20.5,+20.3
2024-04-17 13:59,3,+23.9,+30.3,+24.1,+34.0,+47.4,+39.2,+19.5,+19.7,+20.0,+20.2,+20.5,+20.5,+20.3
2024-04-17 14:59,3,+23.9,+30.2,+24.0,+34.1,+47.4,+39.2,+20.0,+19.7,+20.0,+20.2,+20.5,+20.5,+20.3
2024-04-17 15:59,3,+23.8,+30.1,+24.0,+34.1,+47.4,+39.2,+21.2,+20.0,+20.0,+20.2,+20.5,+20.5,+20.3
2024-04-17 16:59,3,+23.7,+30.1,+24.0,+34.0,+47.4,+39.2,+21.5,+20.1,+20.0,+20.2,+20.5,+20.5,+20.3
2024-04-17 17:59,3,+23.7,+30.1,+24.0,+34.0,+47.4,+39.2,+21.2,+20.2,+20.0,+20.2,+20.5,+20.3,+20.3
2024-04-17 18:59,3,+23.8,+30.1,+24.0,+34.0,+47.4,+39.2,+21.0,+20.3,+20.0,+20.2,+20.5,+20.5,+20.3
2024-04-17 19:59,3,+23.8,+30.1,+24.0,+34.1,+47.4,+39.2,+20.7,+20.5,+20.0,+20.2,+20.5,+20.5,+20.3
2024-04-17 20:59,3,+23.8,+30.1,+24.0,+34.1,+47.4,+39.2,+20.6,+20.5,+20.1,+20.2,+20.5,+20.5,+20.3
2024-04-17 21:59,3,+23.8,+30.1,+24.0,+34.1,+47.4,+39.2,+20.5,+20.5,+20.1,+20.2,+20.5,+20.5,+20.3
2024-04-17 22:59,3,+23.8,+30.1,+24.0,+34.0,+47.4,+39.1,+20.2,+20.5,+20.1,+20.2,+20.5,+20.3,+20.3
2024-04-17 23:59,3,+23.8,+30.1,+24.0,+34.1,+47.4,+39.2,+20.1,+20.5,+20.1,+20.2,+20.5,+20.3,+20.3
2024-04-18 00:59,3,+23.8,+30.1,+24.0,+34.1,+47.4,+39.2,+20.0,+20.5,+20.1,+20.2,+20.5,+20.5,+20.3
2024-04-18 01:59,3,+23.8,+30.1,+24.0,+34.1,+47.4,+39.1,+19.7,+20.5,+20.2,+20.2,+20.5,+20.5,+20.3
2024-04-18 02:59,3,+23.8,+30.1,+24.0,+34.1,+47.4,+39.1,+19.6,+20.3,+20.2,+20.2,+20.5,+20.3,+20.3
2024-04-18 03:59,3,+23.8,+30.1,+24.0,+33.9,+47.4,+39.1,+19.3,+20.3,+20.2,+20.2,+20.5,+20.5,+20.3
2024-04-18 04:59,3,+23.8,+30.1,+24.0,+34.1,+47.4,+39.1,+19.3,+20.3,+20.2,+20.2,+20.5,+20.3,+20.3
2024-04-18 05:59,3,+23.8,+30.1,+24.0,+34.1,+47.4,+39.1,+19.2,+20.2,+20.2,+20.2,+20.5,+20.5,+20.3
2024-04-18 06:59,3,+23.8,+30.1,+24.0,+33.9,+47.3,+39.1,+19.1,+20.1,+20.2,+20.2,+20.5,+20.3,+20.3
2024-04-18 07:59,3,+23.8,+30.0,+24.0,+33.9,+47.3,+39.1,+19.1,+20.2,+20.2,+20.2,+20.5,+20.5,+20.3
2024-04-18 08:59,3,+23.7,+30.0,+24.0,+34.1,+47.4,+39.1,+19.1,+20.1,+20.2,+20.2,+20.5,+20.3,+20.3
2024-04-18 09:59,3,+23.7,+30.0,+24.0,+33.9,+47.3,+39.0,+19.2,+20.0,+20.1,+20.3,+20.5,+20.5,+20.3
2024-04-18 10:59,3,+23.6,+30.0,+24.0,+34.0,+47.4,+39.0,+19.3,+20.1,+20.1,+20.2,+20.5,+20.5,+20.3
2024-04-18 11:59,3,+23.5,+29.9,+23.9,+34.0,+47.4,+39.0,+19.5,+20.0,+20.1,+20.2,+20.5,+20.5,+20.3
2024-04-18 12:59,3,+23.5,+29.9,+23.9,+33.9,+47.3,+39.0,+19.6,+20.0,+20.1,+20.2,+20.5,+20.5,+20.3
2024-04-18 13:59,3,+23.4,+29.9,+23.9,+34.0,+47.4,+39.0,+20.0,+20.0,+20.1,+20.2,+20.5,+20.5,+20.2
2024-04-18 14:59,3,+23.4,+29.8,+23.9,+34.0,+47.4,+39.0,+20.5,+20.1,+20.1,+20.2,+20.5,+20.3,+20.3
2024-04-18 15:59,3,+23.3,+29.7,+23.9,+33.9,+47.3,+39.0,+21.8,+20.2,+20.1,+20.2,+20.5,+20.3,+20.3
2024-04-18 16:59,3,+23.2,+29.7,+23.9,+33.9,+47.3,+39.0,+22.0,+20.5,+20.1,+20.2,+20.5,+20.5,+20.3
2024-04-18 17:59,3,+23.2,+29.7,+23.9,+34.0,+47.4,+39.0,+21.7,+20.6,+20.1,+20.2,+20.5,+20.5,+20.3
2024-04-18 18:59,3,+23.2,+29.7,+23.9,+34.0,+47.4,+39.0,+21.2,+20.7,+20.1,+20.2,+20.5,+20.5,+20.2
2024-04-18 19:59,3,+23.2,+29.7,+23.9,+33.9,+47.3,+38.9,+21.0,+20.7,+20.1,+20.2,+20.5,+20.3,+20.3
2024-04-18 20:59,3,+23.2,+29.7,+23.9,+34.0,+47.4,+39.0,+20.7,+20.7,+20.2,+20.2,+20.5,+20.5,+20.2
2024-04-18 21:59,3,+23.3,+29.7,+23.9,+33.9,+47.4,+39.0,+20.5,+20.7,+20.2,+20.2,+20.5,+20.5,+20.3
2024-04-18 22:59,3,+23.3,+29.7,+23.9,+33.9,+47.4,+39.0,+20.3,+20.7,+20.2,+20.2,+20.5,+20.3,+20.3
2024-04-18 23:59,3,+23.2,+29.7,+23.9,+33.8,+47.3,+38.9,+20.2,+20.7,+20.3,+20.2,+20.5,+20.3,+20.3
2024-04-19 00:59,3,+23.3,+29.7,+23.9,+33.9,+47.4,+38.9,+20.0,+20.6,+20.3,+20.2,+20.5,+20.3,+20.3
2024-04-19 01:59,3,+23.2,+29.7,+23.9,+33.8,+47.3,+38.9,+19.8,+20.7,+20.3,+20.3,+20.5,+20.3,+20.3
2024-04-19 02:59,3,+23.2,+29.7,+23.9,+33.9,+47.4,+38.9,+19.7,+20.6,+20.3,+20.3,+20.5,+20.3,+20.3
2024-04-19 03:59,3,+23.2,+29.7,+23.9,+33.9,+47.4,+38.9,+19.6,+20.5,+20.3,+20.3,+20.5,+20.3,+20.3
2024-04-19 04:59,3,+23.2,+29.7,+23.9,+33.8,+47.3,+38.9,+19.5,+20.5,+20.3,+20.3,+20.5,+20.5,+20.3
2024-04-19 05:59,3,+23.2,+29.7,+23.9,+33.9,+47.4,+38.9,+19.2,+20.3,+20.3,+20.3,+20.5,+20.5,+20.3
2024-04-19 06:59,3,+23.2,+29.7,+23.8,+33.8,+47.3,+38.9,+19.2,+20.3,+20.3,+20.3,+20.5,+20.3,+20.2
2024-04-19 07:59,3,+23.1,+29.6,+23.8,+33.9,+47.4,+38.9,+19.2,+20.3,+20.2,+20.3,+20.5,+20.3,+20.3
2024-04-19 08:59,3,+23.1,+29.6,+23.8,+33.9,+47.4,+38.9,+19.3,+20.2,+20.2,+20.3,+20.5,+20.3,+20.2
2024-04-19 09:59,3,+23.0,+29.6,+23.9,+33.9,+47.4,+38.9,+19.5,+20.2,+20.2,+20.3,+20.5,+20.5,+20.3
2024-04-19 10:59,3,+22.9,+29.5,+23.9,+33.8,+47.3,+38.9,+19.6,+20.1,+20.2,+20.3,+20.5,+20.5,+20.3
2024-04-19 11:59,3,+22.9,+29.5,+23.9,+33.9,+47.3,+38.9,+19.8,+20.2,+20.2,+20.3,+20.5,+20.5,+20.3
2024-04-19 12:59,3,+22.8,+29.4,+23.8,+33.9,+47.3,+38.9,+20.0,+20.2,+20.2,+20.3,+20.5,+20.3,+20.2
2024-04-19 13:59,3,+22.7,+29.4,+23.8,+33.7,+47.3,+38.9,+20.3,+20.2,+20.2,+20.3,+20.5,+20.5,+20.3
2024-04-19 14:59,3,+22.7,+29.3,+23.8,+33.9,+47.3,+38.9,+20.7,+20.3,+20.2,+20.3,+20.5,+20.5,+20.3
2024-04-19 15:59,3,+22.6,+29.3,+23.8,+33.7,+47.3,+38.9,+21.1,+20.3,+20.2,+20.2,+20.5,+20.5,+20.3
2024-04-19 16:59,3,+22.6,+29.3,+23.8,+33.8,+47.3,+38.9,+21.1,+20.5,+20.2,+20.3,+20.5,+20.3,+20.2
2024-04-19 17:59,3,+22.6,+29.3,+23.8,+33.7,+47.3,+38.9,+20.8,+20.6,+20.2,+20.3,+20.5,+20.5,+20.3
2024-04-19 18:59,3,+22.7,+29.3,+23.8,+33.7,+47.3,+38.9,+20.6,+20.6,+20.2,+20.3,+20.5,+20.5,+20.3
2024-04-19 19:59,3,+22.7,+29.3,+23.8,+33.8,+47.3,+38.9,+20.3,+20.6,+20.3,+20.3,+20.5,+20.5,+20.3
2024-04-19 20:59,3,+22.7,+29.3,+23.7,+33.7,+47.3,+38.8,+20.2,+20.6,+20.2,+20.3,+20.5,+20.5,+20.3
2024-04-19 21:59,3,+22.7,+29.3,+23.8,+33.7,+47.3,+38.8,+20.1,+20.6,+20.2,+20.3,+20.5,+20.5,+20.3
2024-04-19 22:59,3,+22.7,+29.4,+23.7,+33.7,+47.3,+38.8,+20.0,+20.6,+20.3,+20.3,+20.5,+20.5,+20.3
2024-04-19 23:59,3,+22.7,+29.4,+23.7,+33.7,+47.3,+38.9,+19.8,+20.6,+20.3,+20.3,+20.5,+20.3,+20.3
2024-04-20 00:59,3,+22.6,+29.3,+23.7,+33.7,+47.3,+38.9,+19.8,+20.6,+20.3,+20.3,+20.5,+20.5,+20.3
2024-04-20 01:59,3,+22.6,+29.3,+23.7,+33.6,+47.3,+38.8,+19.6,+20.5,+20.3,+20.3,+20.5,+20.5,+20.3
2024-04-20 02:59,3,+22.6,+29.3,+23.7,+33.7,+47.3,+38.9,+19.6,+20.5,+20.3,+20.3,+20.5,+20.5,+20.3
2024-04-20 03:59,3,+22.6,+29.3,+23.7,+33.6,+47.3,+38.8,+19.5,+20.3,+20.3,+20.3,+20.5,+20.5,+20.3
2024-04-20 04:59,3,+22.6,+29.3,+23.7,+33.7,+47.3,+38.8,+19.3,+20.3,+20.3,+20.3,+20.5,+20.3,+20.3
2024-04-20 05:59,3,+22.6,+29.3,+23.7,+33.7,+47.3,+38.8,+19.2,+20.3,+20.3,+20.3,+20.5,+20.5,+20.3
2024-04-20 06:59,3,+22.6,+29.3,+23.7,+33.6,+47.3,+38.8,+19.2,+20.2,+20.2,+20.3,+20.5,+20.3,+20.2
2024-04-20 07:59,3,+22.7,+29.3,+23.7,+33.7,+47.3,+38.8,+19.2,+20.2,+20.2,+20.3,+20.5,+20.5,+20.2
2024-04-20 08:59,3,+22.6,+29.3,+23.7,+33.6,+47.3,+38.8,+19.3,+20.1,+20.2,+20.3,+20.5,+20.5,+20.3
2024-04-20 09:59,3,+22.5,+29.2,+23.7,+33.6,+47.3,+38.8,+19.5,+20.1,+20.2,+20.3,+20.5,+20.5,+20.2
2024-04-20 10:59,3,+22.4,+29.2,+23.6,+33.7,+47.3,+38.8,+19.6,+20.1,+20.2,+20.3,+20.5,+20.5,+20.3
2024-04-20 11:59,3,+22.4,+29.1,+23.6,+33.6,+47.3,+38.8,+19.8,+20.1,+20.2,+20.3,+20.5,+20.3,+20.2
2024-04-20 12:59,3,+22.3,+29.1,+23.6,+33.5,+47.2,+38.8,+20.1,+20.1,+20.1,+20.3,+20.5,+20.3,+20.3
2024-04-20 13:59,3,+22.3,+29.0,+23.6,+33.7,+47.3,+38.8,+20.3,+20.2,+20.2,+20.3,+20.5,+20.5,+20.2
2024-04-20 14:59,3,+22.2,+29.0,+23.6,+33.7,+47.3,+38.8,+20.6,+20.2,+20.2,+20.3,+20.5,+20.3,+20.2
2024-04-20 15:59,3,+22.2,+29.0,+23.6,+33.5,+47.2,+38.7,+20.6,+20.3,+20.2,+20.3,+20.5,+20.5,+20.3
2024-04-20 16:59,3,+22.2,+29.0,+23.6,+33.5,+47.2,+38.7,+20.7,+20.3,+20.2,+20.3,+20.5,+20.5,+20.3
2024-04-20 17:59,3,+22.2,+28.9,+23.6,+33.6,+47.3,+38.8,+20.6,+20.3,+20.2,+20.3,+20.5,+20.5,+20.3
2024-04-20 18:59,3,+22.2,+29.0,+23.6,+33.5,+47.2,+38.7,+20.5,+20.5,+20.2,+20.3,+20.5,+20.5,+20.3
2024-04-20 19:59,3,+22.2,+29.0,+23.6,+33.6,+47.3,+38.7,+20.3,+20.5,+20.2,+20.3,+20.5,+20.5,+20.3
2024-04-20 20:59,3,+22.2,+28.9,+23.6,+33.5,+47.2,+38.7,+20.2,+20.6,+20.2,+20.3,+20.5,+20.5,+20.3
2024-04-20 21:59,3,+22.3,+28.9,+23.6,+33.5,+47.2,+38.7,+20.0,+20.5,+20.2,+20.2,+20.5,+20.5,+20.2
2024-04-20 22:59,3,+22.2,+28.9,+23.5,+33.5,+47.2,+38.7,+20.0,+20.5,+20.2,+20.2,+20.5,+20.5,+20.3
2024-04-20 23:59,3,+22.2,+28.9,+23.5,+33.4,+47.2,+38.7,+19.7,+20.5,+20.2,+20.3,+20.5,+20.5,+20.3
2024-04-21 00:59,3,+22.2,+28.9,+23.5,+33.5,+47.3,+38.7,+19.6,+20.5,+20.2,+20.3,+20.5,+20.5,+20.3
2024-04-21 01:59,3,+22.2,+28.9,+23.8,+33.5,+47.3,+38.7,+19.5,+20.3,+20.2,+20.3,+20.5,+20.3,+20.3
2024-04-21 02:59,3,+22.2,+28.9,+23.6,+33.5,+47.3,+38.7,+19.3,+20.3,+20.3,+20.3,+20.5,+20.3,+20.3
2024-04-21 03:59,3,+22.2,+28.9,+23.6,+33.5,+47.3,+38.7,+19.2,+20.2,+20.2,+20.3,+20.5,+20.5,+20.3
2024-04-21 04:59,3,+22.2,+28.9,+23.6,+33.5,+47.3,+38.7,+19.1,+20.2,+20.2,+20.2,+20.5,+20.5,+20.3
2024-04-21 05:59,3,+22.2,+28.9,+23.5,+33.5,+47.3,+38.7,+19.0,+20.1,+20.2,+20.3,+20.5,+20.5,+20.3
2024-04-21 06:59,3,+22.2,+28.9,+23.5,+33.4,+47.2,+38.7,+18.8,+20.1,+20.2,+20.3,+20.5,+20.3,+20.2
2024-04-21 07:59,3,+22.2,+28.8,+23.5,+33.5,+47.3,+38.7,+19.0,+20.0,+20.2,+20.3,+20.5,+20.5,+20.2
2024-04-21 08:59,3,+22.1,+28.8,+23.5,+33.4,+47.2,+38.7,+19.1,+20.0,+20.2,+20.3,+20.5,+20.5,+20.3
2024-04-21 09:59,3,+22.1,+28.8,+23.4,+33.5,+47.3,+38.7,+19.2,+20.0,+20.2,+20.3,+20.5,+20.3,+20.3
2024-04-21 10:59,3,+22.0,+28.7,+23.4,+33.5,+47.3,+38.7,+19.3,+20.0,+20.2,+20.3,+20.5,+20.5,+20.3
2024-04-21 11:59,3,+21.9,+28.7,+23.4,+33.5,+47.3,+38.7,+19.6,+20.0,+20.2,+20.3,+20.5,+20.3,+20.3
2024-04-21 12:59,3,+21.9,+28.7,+23.4,+33.3,+47.2,+38.6,+19.8,+20.0,+20.2,+20.3,+20.5,+20.5,+20.3
2024-04-21 13:59,3,+21.9,+28.6,+23.4,+33.3,+47.2,+38.6,+20.0,+20.1,+20.1,+20.3,+20.5,+20.5,+20.3
2024-04-21 14:59,3,+21.9,+28.6,+23.4,+33.3,+47.2,+38.6,+20.1,+20.1,+20.1,+20.2,+20.5,+20.5,+20.3
2024-04-21 15:59,3,+21.9,+28.6,+23.4,+33.4,+47.3,+38.6,+20.2,+20.1,+20.1,+20.3,+20.5,+20.5,+20.3
2024-04-21 16:59,3,+21.9,+28.6,+23.4,+33.4,+47.3,+38.6,+20.3,+20.2,+20.1,+20.2,+20.5,+20.3,+20.2
2024-04-21 17:59,3,+21.9,+28.6,+23.4,+33.4,+47.3,+38.6,+20.3,+20.2,+20.1,+20.2,+20.5,+20.5,+20.3
2024-04-21 18:59,3,+21.9,+28.6,+23.4,+33.4,+47.2,+38.6,+20.2,+20.3,+20.1,+20.2,+20.5,+20.5,+20.2
2024-04-21 19:59,3,+21.9,+28.6,+23.4,+33.3,+47.2,+38.6,+20.1,+20.3,+20.1,+20.2,+20.5,+20.5,+20.3
2024-04-21 20:59,3,+21.9,+28.6,+23.4,+33.2,+47.2,+38.6,+19.8,+20.3,+20.2,+20.2,+20.5,+20.3,+20.3
2024-04-21 21:59,3,+21.9,+28.6,+23.4,+33.3,+47.3,+38.6,+19.8,+20.3,+20.2,+20.2,+20.5,+20.5,+20.3
2024-04-21 22:59,3,+21.9,+28.6,+23.4,+33.3,+47.2,+38.6,+19.6,+20.3,+20.2,+20.2,+20.5,+20.5,+20.3
2024-04-21 23:59,3,+21.9,+28.6,+23.4,+33.4,+47.2,+38.6,+19.6,+20.2,+20.1,+20.2,+20.5,+20.5,+20.3
2024-04-22 00:59,3,+21.9,+28.6,+23.4,+33.2,+47.2,+38.6,+19.5,+20.3,+20.1,+20.2,+20.5,+20.5,+20.3
2024-04-22 01:59,3,+21.9,+28.6,+23.4,+33.2,+47.2,+38.6,+19.5,+20.2,+20.2,+20.2,+20.5,+20.5,+20.2
2024-04-22 02:59,3,+21.9,+28.6,+23.4,+33.3,+47.2,+38.6,+19.5,+20.2,+20.1,+20.2,+20.5,+20.3,+20.2
2024-04-22 03:59,3,+21.9,+28.6,+23.4,+33.2,+47.2,+38.6,+19.3,+20.1,+20.2,+20.3,+20.5,+20.3,+20.2
2024-04-22 04:59,3,+21.9,+28.6,+23.3,+33.3,+47.2,+38.6,+19.3,+20.1,+20.2,+20.2,+20.5,+20.3,+20.2
2024-04-22 05:59,3,+21.9,+28.5,+23.3,+33.3,+47.2,+38.6,+19.3,+20.1,+20.1,+20.2,+20.5,+20.5,+20.3
2024-04-22 06:59,3,+21.9,+28.5,+23.3,+33.3,+47.2,+38.6,+19.3,+20.1,+20.2,+20.2,+20.5,+20.5,+20.3
2024-04-22 07:59,3,+21.9,+28.5,+23.3,+33.2,+47.2,+38.6,+19.3,+20.1,+20.1,+20.2,+20.5,+20.5,+20.3
2024-04-22 08:59,3,+21.8,+28.6,+23.3,+33.2,+47.2,+38.6,+19.5,+20.1,+20.1,+20.2,+20.5,+20.5,+20.3
2024-04-22 09:59,3,+21.8,+28.5,+23.3,+33.3,+47.2,+38.6,+19.6,+20.1,+20.1,+20.2,+20.5,+20.3,+20.2
2024-04-22 10:59,3,+21.8,+28.5,+23.3,+33.2,+47.2,+38.6,+19.8,+20.1,+20.1,+20.2,+20.5,+20.3,+20.3
2024-04-22 11:59,3,+21.7,+28.5,+23.3,+33.3,+47.2,+38.6,+20.0,+20.1,+20.1,+20.2,+20.5,+20.3,+20.2
2024-04-22 12:59,3,+21.7,+28.4,+23.3,+33.3,+47.2,+38.6,+20.2,+20.1,+20.1,+20.2,+20.5,+20.5,+20.2
2024-04-22 13:59,3,+21.6,+28.4,+23.2,+33.3,+47.2,+38.6,+20.6,+20.2,+20.1,+20.2,+20.5,+20.3,+20.2
2024-04-22 14:59,3,+21.6,+28.3,+23.2,+33.1,+47.2,+38.6,+21.2,+20.2,+20.1,+20.2,+20.5,+20.3,+20.3
2024-04-22 15:59,3,+21.5,+28.2,+23.2,+33.2,+47.2,+38.6,+22.3,+20.5,+20.1,+20.2,+20.5,+20.3,+20.2
2024-04-22 16:59,3,+21.5,+28.2,+23.2,+33.2,+47.2,+38.6,+22.3,+20.6,+20.1,+20.2,+20.5,+20.3,+20.3
2024-04-22 17:59,3,+21.4,+28.2,+23.2,+33.1,+47.2,+38.5,+22.0,+20.8,+20.1,+20.2,+20.5,+20.3,+20.3
2024-04-22 18:59,3,+21.5,+28.2,+23.2,+33.1,+47.2,+38.5,+21.7,+21.0,+20.2,+20.2,+20.5,+20.3,+20.3
2024-04-22 19:59,3,+21.5,+28.2,+23.2,+33.1,+47.2,+38.5,+21.3,+21.0,+20.2,+20.2,+20.5,+20.3,+20.3
2024-04-22 20:59,3,+21.5,+28.2,+23.2,+33.0,+47.2,+38.5,+21.2,+21.1,+20.2,+20.2,+20.5,+20.5,+20.2
2024-04-22 21:59,3,+21.5,+28.2,+23.2,+33.1,+47.2,+38.5,+21.0,+21.0,+20.3,+20.2,+20.5,+20.5,+20.2
2024-04-22 22:59,3,+21.5,+28.2,+23.2,+33.1,+47.2,+38.5,+20.8,+21.0,+20.3,+20.2,+20.5,+20.5,+20.2
2024-04-22 23:59,3,+21.5,+28.2,+23.2,+33.0,+47.2,+38.5,+20.6,+21.0,+20.3,+20.2,+20.5,+20.3,+20.2
2024-04-23 00:59,3,+21.5,+28.2,+23.2,+33.1,+47.2,+38.5,+20.3,+21.0,+20.5,+20.3,+20.5,+20.5,+20.2
2024-04-23 01:59,3,+21.5,+28.2,+23.2,+33.1,+47.2,+38.5,+20.2,+20.8,+20.5,+20.3,+20.5,+20.3,+20.2
2024-04-23 02:59,3,+21.5,+28.2,+23.2,+33.1,+47.2,+38.5,+20.0,+20.8,+20.5,+20.3,+20.5,+20.3,+20.3
2024-04-23 03:59,3,+21.5,+28.2,+23.2,+33.0,+47.2,+38.5,+20.0,+20.7,+20.5,+20.3,+20.5,+20.3,+20.3
2024-04-23 04:59,3,+21.5,+28.2,+23.2,+32.9,+47.2,+38.5,+19.7,+20.7,+20.5,+20.3,+20.5,+20.5,+20.3
2024-04-23 05:59,3,+21.5,+28.2,+23.1,+33.0,+47.2,+38.5,+19.7,+20.6,+20.5,+20.3,+20.5,+20.5,+20.2
2024-04-23 06:59,3,+21.4,+28.2,+23.1,+32.9,+47.2,+38.5,+19.6,+20.6,+20.5,+20.3,+20.5,+20.3,+20.2
2024-04-23 07:59,3,+21.4,+28.1,+23.1,+33.1,+47.2,+38.5,+19.6,+20.5,+20.5,+20.3,+20.5,+20.5,+20.3
2024-04-23 08:59,3,+21.4,+28.1,+23.1,+32.9,+47.2,+38.5,+19.6,+20.5,+20.5,+20.3,+20.5,+20.5,+20.2
2024-04-23 09:59,3,+21.3,+28.1,+23.1,+32.9,+47.2,+38.5,+19.8,+20.5,+20.3,+20.3,+20.5,+20.5,+20.3
2024-04-23 10:59,3,+21.3,+28.1,+23.1,+33.0,+47.2,+38.5,+20.0,+20.5,+20.3,+20.3,+20.5,+20.5,+20.2
2024-04-23 11:59,3,+21.3,+28.0,+23.0,+33.0,+47.2,+38.5,+20.1,+20.5,+20.5,+20.3,+20.5,+20.5,+20.2
2024-04-23 12:59,3,+21.2,+28.0,+23.0,+32.9,+47.2,+38.5,+20.3,+20.5,+20.3,+20.3,+20.5,+20.5,+20.3
2024-04-23 13:59,3,+21.1,+27.9,+23.0,+32.9,+47.2,+38.5,+20.7,+20.5,+20.3,+20.3,+20.5,+20.5,+20.3
2024-04-23 14:59,3,+21.1,+27.9,+23.0,+32.9,+47.2,+38.4,+21.1,+20.6,+20.3,+20.3,+20.5,+20.3,+20.3
2024-04-23 15:59,3,+21.1,+27.9,+23.0,+32.8,+47.2,+38.5,+21.3,+20.6,+20.3,+20.3,+20.5,+20.5,+20.2
2024-04-23 16:59,3,+21.1,+27.9,+23.0,+32.9,+47.2,+38.5,+21.2,+20.7,+20.3,+20.3,+20.5,+20.5,+20.3
2024-04-23 17:59,3,+21.1,+27.9,+23.0,+32.8,+47.2,+38.4,+21.1,+20.7,+20.3,+20.3,+20.5,+20.5,+20.2
2024-04-23 18:59,3,+21.1,+27.9,+23.0,+32.9,+47.2,+38.5,+20.8,+20.8,+20.3,+20.3,+20.5,+20.5,+20.3
2024-04-23 19:59,3,+21.1,+27.9,+23.0,+32.9,+47.2,+38.5,+20.6,+20.8,+20.3,+20.3,+20.5,+20.3,+20.2
2024-04-23 20:59,3,+21.1,+27.9,+22.9,+32.8,+47.2,+38.4,+20.5,+20.8,+20.5,+20.3,+20.5,+20.5,+20.2
2024-04-23 21:59,3,+21.1,+27.9,+22.9,+32.9,+47.2,+38.4,+20.2,+20.8,+20.5,+20.3,+20.5,+20.5,+20.2
2024-04-23 22:59,3,+21.1,+27.8,+22.9,+32.9,+47.2,+38.5,+20.1,+20.7,+20.5,+20.3,+20.6,+20.5,+20.3
2024-04-23 23:59,3,+21.1,+27.8,+22.9,+32.7,+47.2,+38.4,+20.0,+20.7,+20.3,+20.3,+20.5,+20.5,+20.3
2024-04-24 00:59,3,+21.1,+27.8,+22.9,+32.7,+47.1,+38.4,+19.8,+20.6,+20.5,+20.3,+20.5,+20.5,+20.3
2024-04-24 01:59,3,+21.1,+27.8,+22.9,+32.7,+47.1,+38.4,+19.7,+20.6,+20.5,+20.3,+20.5,+20.5,+20.3
2024-04-24 02:59,3,+21.1,+27.8,+22.9,+32.7,+47.1,+38.4,+19.7,+20.6,+20.5,+20.5,+20.5,+20.5,+20.3
2024-04-24 03:59,3,+21.0,+27.8,+22.9,+32.7,+47.1,+38.4,+19.6,+20.6,+20.5,+20.3,+20.5,+20.5,+20.3
2024-04-24 04:59,3,+21.0,+27.8,+22.9,+32.7,+47.1,+38.4,+19.5,+20.5,+20.5,+20.3,+20.5,+20.5,+20.2
2024-04-24 05:59,3,+21.0,+27.8,+22.9,+32.7,+47.1,+38.4,+19.5,+20.5,+20.5,+20.5,+20.5,+20.5,+20.3
2024-04-24 06:59,3,+21.0,+27.8,+22.9,+32.7,+47.1,+38.4,+19.5,+20.3,+20.5,+20.3,+20.5,+20.3,+20.2
2024-04-24 07:59,3,+21.0,+27.8,+22.9,+32.8,+47.2,+38.4,+19.5,+20.3,+20.5,+20.5,+20.6,+20.5,+20.2
2024-04-24 08:59,3,+21.0,+27.8,+22.9,+32.8,+47.2,+38.4,+19.5,+20.3,+20.5,+20.3,+20.5,+20.5,+20.3
2024-04-24 09:59,3,+20.9,+27.7,+22.8,+32.8,+47.2,+38.4,+19.6,+20.2,+20.3,+20.5,+20.6,+20.5,+20.2
2024-04-24 10:59,3,+20.9,+27.7,+22.8,+32.8,+47.2,+38.4,+19.7,+20.2,+20.3,+20.3,+20.5,+20.5,+20.3
2024-04-24 11:59,3,+20.9,+27.7,+22.8,+32.8,+47.2,+38.4,+20.0,+20.2,+20.3,+20.3,+20.5,+20.5,+20.2
2024-04-24 12:59,3,+20.8,+27.6,+22.8,+32.7,+47.1,+38.4,+20.2,+20.3,+20.3,+20.3,+20.6,+20.5,+20.3
2024-04-24 13:59,3,+20.7,+27.6,+22.8,+32.7,+47.2,+38.4,+20.5,+20.3,+20.3,+20.3,+20.5,+20.5,+20.3
2024-04-24 14:59,3,+20.7,+27.6,+22.7,+32.7,+47.2,+38.4,+20.7,+20.3,+20.2,+20.3,+20.5,+20.5,+20.3
2024-04-24 15:59,3,+20.8,+27.6,+22.8,+32.6,+47.1,+38.4,+20.7,+20.5,+20.3,+20.3,+20.6,+20.5,+20.3
2024-04-24 16:59,3,+20.9,+27.7,+22.8,+32.6,+47.2,+38.6,+20.6,+20.6,+20.3,+20.3,+20.6,+20.5,+20.3
2024-04-24 17:59,3,+22.0,+28.8,+22.9,+32.9,+47.3,+39.2,+20.3,+20.6,+20.3,+20.3,+20.5,+20.5,+20.3
2024-04-24 18:59,3,+21.7,+29.0,+22.9,+33.0,+47.2,+39.5,+20.2,+20.6,+20.3,+20.3,+20.5,+20.5,+20.3
2024-04-24 19:59,3,+22.2,+28.9,+22.9,+33.2,+47.2,+39.7,+20.1,+20.6,+20.3,+20.3,+20.5,+20.5,+20.3
2024-04-24 20:59,3,+22.0,+28.8,+23.0,+33.5,+47.3,+39.7,+20.0,+20.6,+20.3,+20.3,+20.5,+20.5,+20.3
2024-04-24 21:59,3,+22.0,+28.7,+22.9,+33.5,+47.3,+39.7,+20.0,+20.6,+20.3,+20.3,+20.5,+20.5,+20.3
2024-04-24 22:59,3,+21.9,+28.7,+23.0,+33.5,+47.3,+39.7,+19.8,+20.5,+20.3,+20.3,+20.6,+20.5,+20.3
2024-04-24 23:59,3,+21.9,+28.6,+22.9,+33.7,+47.3,+39.8,+19.8,+20.5,+20.3,+20.3,+20.6,+20.5,+20.3
2024-04-25 00:59,3,+21.9,+28.6,+23.0,+33.6,+47.3,+39.7,+19.7,+20.5,+20.3,+20.3,+20.5,+20.3,+20.3
2024-04-25 01:59,3,+22.0,+28.6,+23.0,+33.7,+47.3,+39.8,+19.6,+20.3,+20.3,+20.3,+20.5,+20.5,+20.3
2024-04-25 02:59,3,+22.0,+28.6,+23.0,+33.6,+47.2,+39.7,+19.6,+20.3,+20.3,+20.3,+20.5,+20.5,+20.3
2024-04-25 03:59,3,+21.9,+28.6,+23.0,+33.6,+47.2,+39.7,+19.5,+20.3,+20.3,+20.3,+20.5,+20.5,+20.3
2024-04-25 04:59,3,+22.0,+28.6,+22.9,+33.7,+47.3,+39.7,+19.5,+20.3,+20.3,+20.3,+20.5,+20.5,+20.3
2024-04-25 05:59,3,+22.0,+28.6,+22.9,+33.7,+47.3,+39.7,+19.5,+20.3,+20.3,+20.3,+20.5,+20.5,+20.3
2024-04-25 06:59,3,+22.0,+28.6,+23.0,+33.6,+47.2,+39.7,+19.5,+20.2,+20.3,+20.5,+20.5,+20.5,+20.3
2024-04-25 07:59,3,+22.0,+28.6,+22.9,+33.6,+47.2,+39.7,+19.6,+20.2,+20.3,+20.3,+20.6,+20.5,+20.3
2024-04-25 08:59,3,+21.9,+28.6,+22.9,+33.6,+47.2,+39.7,+19.6,+20.2,+20.3,+20.3,+20.5,+20.5,+20.3
2024-04-25 09:59,3,+21.9,+28.6,+22.9,+33.7,+47.3,+39.7,+19.6,+20.2,+20.2,+20.3,+20.5,+20.5,+20.3
2024-04-25 10:59,3,+21.9,+28.6,+22.9,+33.7,+47.3,+39.7,+19.8,+20.2,+20.2,+20.3,+20.5,+20.3,+20.3
2024-04-25 11:59,3,+21.9,+28.5,+22.9,+33.7,+47.3,+39.7,+20.0,+20.2,+20.3,+20.3,+20.5,+20.5,+20.3
2024-04-25 12:59,3,+21.9,+28.5,+22.9,+33.6,+47.2,+39.7,+20.0,+20.2,+20.2,+20.3,+20.5,+20.5,+20.2
2024-04-25 13:59,3,+21.9,+28.5,+22.9,+33.6,+47.2,+39.7,+20.1,+20.2,+20.2,+20.3,+20.5,+20.5,+20.3
2024-04-25 14:59,3,+21.9,+28.5,+22.9,+33.6,+47.2,+39.7,+20.1,+20.3,+20.2,+20.3,+20.5,+20.5,+20.3
2024-04-25 15:59,3,+21.8,+28.5,+22.9,+33.6,+47.2,+39.7,+20.1,+20.3,+20.2,+20.3,+20.5,+20.5,+20.3
2024-04-25 16:59,3,+21.8,+28.5,+22.9,+33.6,+47.2,+39.7,+20.0,+20.3,+20.2,+20.3,+20.5,+20.5,+20.3
2024-04-25 17:59,3,+21.8,+28.5,+22.9,+33.6,+47.2,+39.7,+19.8,+20.3,+20.2,+20.3,+20.5,+20.5,+20.3
2024-04-25 18:59,3,+21.8,+28.5,+22.9,+33.6,+47.2,+39.7,+19.7,+20.3,+20.3,+20.3,+20.5,+20.5,+20.3
2024-04-25 19:59,3,+21.8,+28.5,+22.9,+33.7,+47.3,+39.7,+19.7,+20.3,+20.2,+20.3,+20.5,+20.5,+20.3
2024-04-25 20:59,3,+21.8,+28.5,+22.9,+33.7,+47.3,+39.7,+19.6,+20.3,+20.2,+20.3,+20.5,+20.5,+20.3
2024-04-25 21:59,3,+21.8,+28.5,+22.9,+33.6,+47.2,+39.7,+19.5,+20.2,+20.2,+20.3,+20.5,+20.5,+20.3
2024-04-25 22:59,3,+21.8,+28.5,+22.9,+33.6,+47.2,+39.7,+19.3,+20.2,+20.2,+20.3,+20.5,+20.5,+20.3
2024-04-25 23:59,3,+21.8,+28.5,+22.9,+33.6,+47.2,+39.7,+19.3,+20.2,+20.2,+20.3,+20.5,+20.5,+20.3
2024-04-26 00:59,3,+21.8,+28.5,+22.9,+33.6,+47.2,+39.7,+19.2,+20.2,+20.2,+20.3,+20.5,+20.5,+20.3
2024-04-26 01:59,3,+21.8,+28.5,+22.9,+33.7,+47.3,+39.7,+19.2,+20.2,+20.2,+20.3,+20.5,+20.5,+20.3
2024-04-26 02:59,3,+21.8,+28.4,+22.9,+33.6,+47.2,+39.7,+19.1,+20.1,+20.2,+20.3,+20.5,+20.5,+20.3
2024-04-26 03:59,3,+21.8,+28.5,+22.9,+33.7,+47.3,+39.7,+19.1,+20.1,+20.2,+20.3,+20.5,+20.5,+20.3
2024-04-26 04:59,3,+21.8,+28.4,+22.9,+33.6,+47.2,+39.7,+19.1,+20.1,+20.2,+20.3,+20.5,+20.5,+20.3
2024-04-26 05:59,3,+21.8,+28.4,+22.9,+33.6,+47.2,+39.7,+19.1,+20.0,+20.2,+20.3,+20.6,+20.5,+20.3
2024-04-26 06:59,3,+21.8,+28.4,+22.9,+33.7,+47.3,+39.7,+19.0,+20.0,+20.2,+20.3,+20.5,+20.5,+20.3
2024-04-26 07:59,3,+21.8,+28.4,+22.9,+33.6,+47.2,+39.7,+19.1,+20.0,+20.1,+20.3,+20.5,+20.5,+20.3
2024-04-26 08:59,3,+21.8,+28.4,+22.9,+33.6,+47.2,+39.7,+19.2,+20.0,+20.1,+20.3,+20.5,+20.5,+20.3
2024-04-26 09:59,3,+21.8,+28.4,+22.9,+33.7,+47.3,+39.7,+19.3,+20.0,+20.1,+20.3,+20.5,+20.5,+20.3
2024-04-26 10:59,3,+21.8,+28.4,+22.9,+33.5,+47.2,+39.7,+19.6,+19.8,+20.1,+20.3,+20.5,+20.5,+20.2
2024-04-26 11:59,3,+21.7,+28.4,+22.9,+33.7,+47.3,+39.7,+19.8,+20.0,+20.1,+20.3,+20.5,+20.5,+20.3
2024-04-26 12:59,3,+21.7,+28.4,+22.9,+33.5,+47.2,+39.7,+20.1,+20.0,+20.1,+20.2,+20.5,+20.5,+20.3
2024-04-26 13:59,3,+21.7,+28.3,+22.9,+33.5,+47.2,+39.7,+20.3,+20.1,+20.1,+20.3,+20.5,+20.5,+20.3
2024-04-26 14:59,3,+21.7,+28.3,+22.9,+33.5,+47.2,+39.7,+20.5,+20.1,+20.1,+20.3,+20.5,+20.5,+20.2
2024-04-26 15:59,3,+21.7,+28.3,+22.9,+33.5,+47.2,+39.7,+20.5,+20.2,+20.1,+20.2,+20.5,+20.5,+20.3
2024-04-26 16:59,3,+21.7,+28.3,+22.9,+33.5,+47.2,+39.7,+20.5,+20.3,+20.1,+20.2,+20.5,+20.5,+20.2
2024-04-26 17:59,3,+21.7,+28.3,+22.9,+33.6,+47.3,+39.7,+20.3,+20.3,+20.1,+20.2,+20.5,+20.5,+20.3
2024-04-26 18:59,3,+21.7,+28.3,+22.9,+33.5,+47.2,+39.7,+20.2,+20.3,+20.1,+20.2,+20.5,+20.5,+20.3
2024-04-26 19:59,3,+21.7,+28.3,+22.9,+33.6,+47.3,+39.7,+20.1,+20.3,+20.1,+20.2,+20.5,+20.3,+20.3
2024-04-26 20:59,3,+21.7,+28.3,+22.9,+33.6,+47.3,+39.7,+20.0,+20.5,+20.1,+20.2,+20.5,+20.5,+20.3
2024-04-26 21:59,3,+21.8,+28.3,+22.9,+33.5,+47.2,+39.7,+20.0,+20.5,+20.2,+20.3,+20.5,+20.3,+20.3
2024-04-26 22:59,3,+21.8,+28.3,+22.9,+33.5,+47.2,+39.8,+19.8,+20.3,+20.2,+20.2,+20.5,+20.3,+20.3
2024-04-26 23:59,3,+21.7,+28.3,+22.9,+33.6,+47.3,+39.9,+19.8,+20.3,+20.2,+20.2,+20.5,+20.5,+20.3
2024-04-27 00:59,3,+21.7,+28.4,+22.9,+33.5,+47.2,+40.1,+19.8,+20.3,+20.2,+20.2,+20.5,+20.5,+20.3
2024-04-27 01:59,3,+21.7,+28.4,+22.9,+33.6,+47.3,+40.4,+19.7,+20.3,+20.2,+20.2,+20.5,+20.3,+20.3
2024-04-27 02:59,3,+21.7,+28.4,+22.9,+33.5,+47.3,+40.5,+19.7,+20.3,+20.2,+20.2,+20.5,+20.5,+20.3
2024-04-27 03:59,3,+21.7,+28.4,+22.9,+33.7,+47.4,+40.7,+19.6,+20.3,+20.2,+20.2,+20.5,+20.3,+20.3
2024-04-27 04:59,3,+21.7,+28.4,+22.9,+33.7,+47.4,+40.7,+19.5,+20.3,+20.2,+20.2,+20.5,+20.3,+20.3
2024-04-27 05:59,3,+21.7,+28.4,+22.9,+33.7,+47.3,+40.7,+19.5,+20.3,+20.2,+20.3,+20.5,+20.3,+20.3
2024-04-27 06:59,3,+21.7,+28.4,+22.9,+33.7,+47.4,+40.7,+19.5,+20.2,+20.2,+20.2,+20.5,+20.5,+20.3
2024-04-27 07:59,3,+21.7,+28.4,+22.9,+33.7,+47.3,+40.8,+19.5,+20.2,+20.2,+20.2,+20.5,+20.3,+20.3
2024-04-27 08:59,3,+21.7,+28.4,+23.0,+33.8,+47.3,+40.8,+19.6,+20.1,+20.2,+20.3,+20.5,+20.5,+20.3
2024-04-27 09:59,3,+21.7,+28.4,+23.0,+33.9,+47.4,+40.8,+19.7,+20.2,+20.2,+20.3,+20.5,+20.3,+20.3
2024-04-27 10:59,3,+21.7,+28.4,+23.0,+33.8,+47.3,+40.7,+20.0,+20.2,+20.2,+20.2,+20.5,+20.5,+20.2
2024-04-27 11:59,3,+21.7,+28.4,+23.0,+33.9,+47.4,+40.8,+20.1,+20.2,+20.2,+20.3,+20.5,+20.5,+20.3
2024-04-27 12:59,3,+21.6,+28.4,+23.0,+33.9,+47.4,+40.8,+20.2,+20.2,+20.2,+20.2,+20.5,+20.5,+20.3
2024-04-27 13:59,3,+21.6,+28.4,+23.0,+33.9,+47.4,+40.8,+20.5,+20.3,+20.2,+20.2,+20.5,+20.5,+20.3
2024-04-27 14:59,3,+21.6,+28.4,+23.0,+33.9,+47.3,+40.8,+20.7,+20.3,+20.1,+20.2,+20.5,+20.5,+20.3
2024-04-27 15:59,3,+21.6,+28.4,+23.0,+33.9,+47.4,+40.8,+20.8,+20.5,+20.2,+20.2,+20.5,+20.5,+20.3
2024-04-27 16:59,3,+21.6,+28.4,+23.0,+33.8,+47.3,+40.7,+20.8,+20.5,+20.2,+20.2,+20.5,+20.5,+20.3
2024-04-27 17:59,3,+21.6,+28.4,+23.0,+33.8,+47.3,+40.7,+20.8,+20.6,+20.2,+20.2,+20.5,+20.3,+20.2
2024-04-27 18:59,3,+21.6,+28.4,+23.0,+33.8,+47.3,+40.7,+20.6,+20.6,+20.2,+20.2,+20.5,+20.3,+20.3
2024-04-27 19:59,3,+21.7,+28.4,+23.0,+33.9,+47.4,+40.7,+20.5,+20.6,+20.2,+20.3,+20.5,+20.3,+20.2
2024-04-27 20:59,3,+21.7,+28.4,+23.0,+33.8,+47.3,+40.7,+20.3,+20.6,+20.2,+20.2,+20.5,+20.5,+20.3
2024-04-27 21:59,3,+21.7,+28.4,+23.0,+33.9,+47.4,+40.8,+20.2,+20.6,+20.2,+20.3,+20.5,+20.3,+20.2
2024-04-27 22:59,3,+21.7,+28.4,+23.0,+33.8,+47.3,+40.7,+20.1,+20.6,+20.2,+20.2,+20.5,+20.5,+20.3
2024-04-27 23:59,3,+21.7,+28.4,+23.0,+33.8,+47.3,+40.7,+20.0,+20.6,+20.3,+20.2,+20.5,+20.5,+20.2
2024-04-28 00:59,3,+21.7,+28.4,+23.0,+33.9,+47.4,+40.7,+20.0,+20.5,+20.3,+20.2,+20.5,+20.5,+20.3
2024-04-28 01:59,3,+21.7,+28.4,+23.0,+33.8,+47.3,+40.7,+19.8,+20.5,+20.3,+20.3,+20.5,+20.3,+20.3
2024-04-28 02:59,3,+21.7,+28.4,+23.0,+33.9,+47.3,+40.8,+19.7,+20.5,+20.2,+20.3,+20.5,+20.3,+20.2
2024-04-28 03:59,3,+21.7,+28.4,+23.0,+33.8,+47.3,+40.7,+19.7,+20.5,+20.3,+20.3,+20.5,+20.3,+20.2
2024-04-28 04:59,3,+21.7,+28.4,+23.0,+33.9,+47.4,+40.8,+19.6,+20.5,+20.3,+20.3,+20.5,+20.3,+20.2
2024-04-28 05:59,3,+21.7,+28.4,+23.0,+33.8,+47.3,+40.7,+19.6,+20.5,+20.3,+20.3,+20.5,+20.3,+20.2
2024-04-28 06:59,3,+21.7,+28.4,+22.9,+33.8,+47.3,+40.8,+19.6,+20.3,+20.2,+20.3,+20.5,+20.5,+20.2
2024-04-28 07:59,3,+21.7,+28.4,+22.9,+33.9,+47.3,+40.8,+19.7,+20.3,+20.3,+20.3,+20.5,+20.5,+20.2
2024-04-28 08:59,3,+21.6,+28.4,+22.9,+33.8,+47.3,+40.8,+19.8,+20.2,+20.2,+20.2,+20.5,+20.5,+20.3
2024-04-28 09:59,3,+21.7,+28.4,+22.9,+33.8,+47.3,+40.8,+20.0,+20.3,+20.2,+20.3,+20.5,+20.5,+20.2
2024-04-28 10:59,3,+21.7,+28.3,+22.9,+33.7,+47.3,+40.7,+20.1,+20.3,+20.3,+20.3,+20.5,+20.5,+20.2
2024-04-28 11:59,3,+21.6,+28.3,+22.9,+33.9,+47.3,+40.8,+20.3,+20.3,+20.2,+20.3,+20.5,+20.3,+20.2
2024-04-28 12:59,3,+21.6,+28.3,+22.9,+33.7,+47.3,+40.7,+20.5,+20.5,+20.2,+20.3,+20.5,+20.3,+20.2
2024-04-28 13:59,3,+21.6,+28.2,+22.9,+33.7,+47.3,+40.7,+20.8,+20.5,+20.3,+20.3,+20.5,+20.5,+20.3
2024-04-28 14:59,3,+21.5,+28.2,+22.9,+33.9,+47.3,+40.8,+21.3,+20.6,+20.2,+20.3,+20.5,+20.3,+20.2
2024-04-28 15:59,3,+21.5,+28.2,+22.9,+33.7,+47.3,+40.7,+21.5,+20.6,+20.2,+20.3,+20.5,+20.3,+20.3
2024-04-28 16:59,3,+21.5,+28.2,+22.9,+33.8,+47.3,+40.8,+21.3,+20.7,+20.3,+20.3,+20.5,+20.3,+20.2
2024-04-28 17:59,3,+21.6,+28.2,+22.9,+33.8,+47.3,+40.8,+21.2,+20.8,+20.3,+20.2,+20.5,+20.5,+20.2
2024-04-28 18:59,3,+21.6,+28.2,+22.9,+33.7,+47.3,+40.7,+21.1,+20.8,+20.3,+20.3,+20.5,+20.5,+20.2
2024-04-28 19:59,3,+21.6,+28.2,+22.9,+33.7,+47.3,+40.7,+21.0,+20.8,+20.3,+20.3,+20.5,+20.3,+20.3
2024-04-28 20:59,3,+21.7,+28.2,+22.9,+33.8,+47.3,+40.7,+20.8,+20.8,+20.3,+20.3,+20.5,+20.5,+20.3
2024-04-28 21:59,3,+21.7,+28.2,+22.9,+33.7,+47.3,+40.7,+20.7,+21.0,+20.5,+20.3,+20.5,+20.5,+20.3
2024-04-28 22:59,3,+21.7,+28.2,+22.9,+33.8,+47.3,+40.7,+20.6,+21.0,+20.3,+20.3,+20.5,+20.5,+20.2
2024-04-28 23:59,3,+21.7,+28.2,+22.9,+33.8,+47.3,+40.7,+20.6,+20.8,+20.5,+20.3,+20.5,+20.5,+20.3
2024-04-29 00:59,3,+21.7,+28.2,+22.9,+33.8,+47.3,+40.7,+20.5,+20.8,+20.5,+20.3,+20.5,+20.5,+20.3
2024-04-29 01:59,3,+21.7,+28.2,+22.9,+33.7,+47.3,+40.7,+20.3,+20.8,+20.5,+20.3,+20.5,+20.5,+20.3
2024-04-29 02:59,3,+21.7,+28.2,+22.9,+33.8,+47.3,+40.7,+20.2,+20.8,+20.5,+20.3,+20.5,+20.3,+20.3
2024-04-29 03:59,3,+21.6,+28.2,+22.9,+33.8,+47.3,+40.7,+20.1,+20.8,+20.5,+20.3,+20.5,+20.3,+20.3
2024-04-29 04:59,3,+21.6,+28.2,+22.9,+33.7,+47.3,+40.6,+20.1,+20.7,+20.5,+20.3,+20.5,+20.5,+20.2
2024-04-29 05:59,3,+21.6,+28.2,+22.9,+33.7,+47.3,+40.6,+20.0,+20.7,+20.5,+20.3,+20.5,+20.5,+20.3
2024-04-29 06:59,3,+21.6,+28.2,+22.9,+33.7,+47.3,+40.6,+20.0,+20.6,+20.5,+20.3,+20.5,+20.5,+20.3
2024-04-29 07:59,3,+21.6,+28.2,+22.9,+33.7,+47.3,+40.6,+20.0,+20.6,+20.5,+20.3,+20.5,+20.5,+20.3
2024-04-29 08:59,3,+21.6,+28.2,+22.9,+33.7,+47.3,+40.6,+20.1,+20.6,+20.5,+20.5,+20.5,+20.5,+20.3
2024-04-29 09:59,3,+21.6,+28.2,+22.9,+33.8,+47.3,+40.7,+20.3,+20.6,+20.5,+20.3,+20.5,+20.3,+20.2
2024-04-29 10:59,3,+21.6,+28.1,+22.9,+33.8,+47.3,+40.6,+20.5,+20.6,+20.3,+20.3,+20.5,+20.5,+20.2
2024-04-29 11:59,3,+21.5,+28.1,+22.9,+33.7,+47.3,+40.6,+20.6,+20.6,+20.3,+20.3,+20.5,+20.5,+20.2
2024-04-29 12:59,3,+21.5,+28.1,+22.9,+33.7,+47.3,+40.6,+20.8,+20.7,+20.5,+20.3,+20.5,+20.5,+20.2
2024-04-29 13:59,3,+21.5,+28.1,+22.9,+33.6,+47.3,+40.6,+21.1,+20.7,+20.5,+20.5,+20.5,+20.5,+20.3
2024-04-29 14:59,3,+21.5,+28.1,+22.9,+33.7,+47.3,+40.5,+21.2,+20.7,+20.5,+20.5,+20.5,+20.5,+20.2
2024-04-29 15:59,3,+21.5,+28.1,+22.9,+33.7,+47.3,+40.6,+21.3,+20.8,+20.5,+20.5,+20.5,+20.3,+20.3
2024-04-29 16:59,3,+21.5,+28.1,+22.9,+33.7,+47.3,+40.5,+21.3,+21.0,+20.5,+20.3,+20.6,+20.5,+20.3
2024-04-29 17:59,3,+21.5,+28.1,+22.9,+33.6,+47.3,+40.5,+21.2,+21.0,+20.5,+20.5,+20.5,+20.5,+20.3
2024-04-29 18:59,3,+21.5,+28.1,+22.9,+33.7,+47.3,+40.5,+21.1,+21.1,+20.5,+20.5,+20.5,+20.5,+20.3
2024-04-29 19:59,3,+21.5,+28.1,+22.9,+33.6,+47.3,+40.5,+21.0,+21.1,+20.5,+20.5,+20.5,+20.5,+20.3
2024-04-29 20:59,3,+21.5,+28.1,+22.8,+33.7,+47.3,+40.5,+20.8,+21.1,+20.6,+20.5,+20.6,+20.5,+20.2
2024-04-29 21:59,3,+21.5,+28.1,+22.8,+33.6,+47.3,+40.5,+20.7,+21.0,+20.6,+20.5,+20.5,+20.5,+20.3
2024-04-29 22:59,3,+21.5,+28.1,+22.8,+33.7,+47.3,+40.5,+20.6,+21.0,+20.6,+20.5,+20.6,+20.5,+20.3
2024-04-29 23:59,3,+21.5,+28.1,+22.9,+33.6,+47.3,+40.5,+20.5,+21.0,+20.6,+20.5,+20.6,+20.5,+20.3
2024-04-30 00:59,3,+21.5,+28.1,+22.8,+33.7,+47.3,+40.5,+20.3,+21.0,+20.6,+20.5,+20.5,+20.5,+20.3
2024-04-30 01:59,3,+21.5,+28.1,+22.8,+33.7,+47.3,+40.5,+20.2,+21.0,+20.6,+20.5,+20.6,+20.5,+20.3
2024-04-30 02:59,3,+21.5,+28.1,+22.8,+33.7,+47.3,+40.5,+20.1,+20.8,+20.6,+20.5,+20.5,+20.5,+20.2
2024-04-30 03:59,3,+21.5,+28.1,+22.8,+33.7,+47.3,+40.5,+20.0,+20.8,+20.6,+20.5,+20.6,+20.5,+20.3
2024-04-30 04:59,3,+21.5,+28.1,+22.8,+33.7,+47.3,+40.4,+19.8,+20.7,+20.6,+20.5,+20.5,+20.5,+20.3
2024-04-30 05:59,3,+21.5,+28.1,+22.8,+33.7,+47.3,+40.4,+19.8,+20.7,+20.6,+20.5,+20.5,+20.5,+20.3
2024-04-30 06:59,3,+21.5,+28.1,+22.8,+33.6,+47.3,+40.4,+19.8,+20.7,+20.6,+20.5,+20.5,+20.5,+20.3
2024-04-30 07:59,3,+21.5,+28.1,+22.8,+33.6,+47.3,+40.4,+19.8,+20.6,+20.6,+20.5,+20.6,+20.5,+20.3
2024-04-30 08:59,3,+21.4,+28.1,+22.8,+33.7,+47.3,+40.4,+20.0,+20.6,+20.5,+20.5,+20.6,+20.5,+20.2
2024-04-30 09:59,3,+21.4,+28.1,+22.8,+33.7,+47.3,+40.4,+20.1,+20.6,+20.5,+20.5,+20.6,+20.5,+20.3
2024-04-30 10:59,3,+21.4,+28.0,+22.8,+33.5,+47.3,+40.4,+20.3,+20.6,+20.5,+20.5,+20.6,+20.5,+20.3
2024-04-30 11:59,3,+21.3,+28.0,+22.8,+33.7,+47.3,+40.4,+20.5,+20.6,+20.5,+20.5,+20.6,+20.5,+20.3
2024-04-30 12:59,3,+21.3,+27.9,+22.7,+33.5,+47.3,+40.4,+20.7,+20.6,+20.5,+20.5,+20.6,+20.5,+20.3
2024-04-30 13:59,3,+21.3,+27.9,+22.7,+33.5,+47.3,+40.3,+21.0,+20.7,+20.5,+20.5,+20.6,+20.5,+20.3
2024-04-30 14:59,3,+21.2,+27.9,+22.7,+33.7,+47.3,+40.3,+21.3,+20.7,+20.5,+20.5,+20.6,+20.5,+20.3
2024-04-30 15:59,3,+21.2,+27.8,+22.7,+33.6,+47.3,+40.3,+22.2,+20.8,+20.5,+20.5,+20.6,+20.5,+20.3
2024-04-30 16:59,3,+21.1,+27.8,+22.7,+33.5,+47.3,+40.3,+22.2,+21.1,+20.5,+20.5,+20.6,+20.5,+20.3
2024-04-30 17:59,3,+21.2,+27.8,+22.7,+33.6,+47.3,+40.3,+22.0,+21.1,+20.5,+20.5,+20.6,+20.5,+20.3
2024-04-30 18:59,3,+21.2,+27.8,+22.7,+33.6,+47.3,+40.3,+21.6,+21.2,+20.6,+20.5,+20.6,+20.5,+20.3
2024-04-30 19:59,3,+21.2,+27.8,+22.7,+33.5,+47.3,+40.3,+21.5,+21.2,+20.6,+20.5,+20.5,+20.5,+20.3
2024-04-30 20:59,3,+21.2,+27.8,+22.7,+33.5,+47.3,+40.3,+21.2,+21.2,+20.6,+20.5,+20.6,+20.5,+20.3
2024-04-30 21:59,3,+21.2,+27.8,+22.7,+33.6,+47.3,+40.3,+21.0,+21.2,+20.6,+20.5,+20.6,+20.5,+20.3
2024-04-30 22:59,3,+21.2,+27.8,+22.7,+33.6,+47.3,+40.3,+20.7,+21.2,+20.7,+20.5,+20.6,+20.6,+20.3
2024-04-30 23:59,3,+21.2,+27.8,+22.7,+33.6,+47.3,+40.3,+20.6,+21.2,+20.7,+20.5,+20.6,+20.6,+20.3
2024-05-01 00:59,3,+21.2,+27.8,+22.7,+33.6,+47.3,+40.3,+20.5,+21.1,+20.7,+20.5,+20.6,+20.5,+20.3
2024-05-01 01:59,3,+21.2,+27.8,+22.7,+33.6,+47.3,+40.3,+20.2,+21.1,+20.7,+20.5,+20.6,+20.5,+20.3
2024-05-01 02:59,3,+21.2,+27.8,+22.7,+33.6,+47.3,+40.2,+20.1,+21.0,+20.7,+20.6,+20.6,+20.5,+20.3
2024-05-01 03:59,3,+21.2,+27.8,+22.7,+33.5,+47.3,+40.2,+20.0,+20.8,+20.7,+20.6,+20.6,+20.5,+20.3
2024-05-01 04:59,3,+21.2,+27.8,+22.7,+33.4,+47.3,+40.2,+20.0,+20.8,+20.7,+20.6,+20.6,+20.5,+20.3
2024-05-01 05:59,3,+21.1,+27.8,+22.7,+33.5,+47.3,+40.2,+19.8,+20.7,+20.7,+20.5,+20.6,+20.5,+20.3
2024-05-01 06:59,3,+21.1,+27.8,+22.7,+33.5,+47.3,+40.2,+19.8,+20.7,+20.7,+20.6,+20.6,+20.5,+20.3
2024-05-01 07:59,3,+21.1,+27.8,+22.7,+33.5,+47.3,+40.2,+19.8,+20.7,+20.6,+20.5,+20.6,+20.5,+20.3
2024-05-01 08:59,3,+21.1,+27.8,+22.6,+33.5,+47.3,+40.2,+20.0,+20.6,+20.7,+20.6,+20.6,+20.6,+20.3
2024-05-01 09:59,3,+21.1,+27.8,+22.6,+33.5,+47.3,+40.2,+20.2,+20.6,+20.6,+20.6,+20.6,+20.5,+20.3
2024-05-01 10:59,3,+21.1,+27.8,+22.6,+33.5,+47.3,+40.2,+20.2,+20.7,+20.6,+20.6,+20.6,+20.5,+20.3
2024-05-01 11:59,3,+21.0,+27.7,+22.6,+33.4,+47.3,+40.1,+20.5,+20.6,+20.6,+20.6,+20.6,+20.5,+20.3
2024-05-01 12:59,3,+21.0,+27.7,+22.6,+33.4,+47.2,+40.1,+20.7,+20.7,+20.6,+20.6,+20.6,+20.5,+20.3
2024-05-01 13:59,3,+20.9,+27.6,+22.6,+33.4,+47.3,+40.1,+21.0,+20.7,+20.6,+20.6,+20.6,+20.5,+20.3
2024-05-01 14:59,3,+20.9,+27.6,+22.6,+33.5,+47.3,+40.1,+21.5,+20.8,+20.6,+20.5,+20.6,+20.5,+20.3
2024-05-01 15:59,3,+20.9,+27.5,+22.6,+33.3,+47.2,+40.1,+21.7,+21.0,+20.6,+20.5,+20.6,+20.5,+20.3
2024-05-01 16:59,3,+20.9,+27.5,+22.5,+33.3,+47.2,+40.1,+21.7,+21.0,+20.6,+20.6,+20.6,+20.5,+20.3
2024-05-01 17:59,3,+20.9,+27.5,+22.5,+33.3,+47.2,+40.1,+21.6,+21.1,+20.6,+20.5,+20.6,+20.6,+20.3
2024-05-01 18:59,3,+20.9,+27.5,+22.5,+33.3,+47.2,+40.1,+21.3,+21.2,+20.6,+20.6,+20.6,+20.6,+20.3
2024-05-01 19:59,3,+20.9,+27.5,+22.5,+33.4,+47.3,+40.1,+21.1,+21.2,+20.6,+20.6,+20.6,+20.6,+20.3
2024-05-01 20:59,3,+20.9,+27.5,+22.5,+33.4,+47.3,+40.1,+20.8,+21.2,+20.7,+20.6,+20.6,+20.6,+20.3
2024-05-01 21:59,3,+20.9,+27.5,+22.5,+33.4,+47.3,+40.1,+20.7,+21.2,+20.7,+20.5,+20.6,+20.5,+20.3
2024-05-01 22:59,3,+20.9,+27.5,+22.5,+33.3,+47.2,+40.0,+20.6,+21.1,+20.7,+20.6,+20.6,+20.6,+20.3
2024-05-01 23:59,3,+20.9,+27.5,+22.5,+33.3,+47.2,+40.0,+20.5,+21.1,+20.7,+20.5,+20.6,+20.5,+20.3
2024-05-02 00:59,3,+20.9,+27.5,+22.5,+33.3,+47.2,+40.0,+20.2,+21.0,+20.7,+20.6,+20.6,+20.6,+20.3
2024-05-02 01:59,3,+20.9,+27.5,+22.5,+33.3,+47.2,+40.0,+20.2,+21.0,+20.7,+20.6,+20.7,+20.6,+20.3
2024-05-02 02:59,3,+20.8,+27.5,+22.5,+33.3,+47.2,+40.0,+20.1,+20.8,+20.7,+20.6,+20.6,+20.6,+20.3
2024-05-02 03:59,3,+20.8,+27.5,+22.5,+33.4,+47.3,+40.0,+19.8,+20.8,+20.7,+20.6,+20.6,+20.5,+20.3
2024-05-02 04:59,3,+20.8,+27.5,+22.5,+33.3,+47.2,+40.0,+19.8,+20.8,+20.7,+20.6,+20.6,+20.6,+20.3
2024-05-02 05:59,3,+20.8,+27.5,+22.5,+33.3,+47.2,+40.0,+19.7,+20.7,+20.6,+20.6,+20.6,+20.6,+20.3
2024-05-02 06:59,3,+20.8,+27.5,+22.4,+33.3,+47.3,+40.0,+19.6,+20.7,+20.7,+20.6,+20.6,+20.6,+20.3
2024-05-02 07:59,3,+20.8,+27.5,+22.4,+33.2,+47.2,+40.0,+19.7,+20.6,+20.6,+20.6,+20.7,+20.6,+20.3
2024-05-02 08:59,3,+20.8,+27.4,+22.4,+33.4,+47.3,+40.0,+19.7,+20.6,+20.6,+20.6,+20.6,+20.6,+20.3
2024-05-02 09:59,3,+20.7,+27.4,+22.4,+33.2,+47.2,+40.0,+19.8,+20.6,+20.6,+20.6,+20.7,+20.6,+20.3
2024-05-02 10:59,3,+20.7,+27.4,+22.4,+33.2,+47.2,+40.0,+20.0,+20.6,+20.6,+20.6,+20.6,+20.6,+20.3
2024-05-02 11:59,3,+20.7,+27.3,+22.4,+33.3,+47.3,+40.0,+20.2,+20.5,+20.6,+20.6,+20.6,+20.6,+20.3
2024-05-02 12:59,3,+20.6,+27.3,+22.4,+33.2,+47.2,+39.9,+20.5,+20.6,+20.6,+20.6,+20.6,+20.6,+20.3
2024-05-02 13:59,3,+20.6,+27.3,+22.3,+33.3,+47.3,+39.9,+20.7,+20.6,+20.5,+20.6,+20.6,+20.6,+20.3
2024-05-02 14:59,3,+20.5,+27.2,+22.3,+33.3,+47.3,+39.9,+21.3,+20.7,+20.5,+20.6,+20.6,+20.6,+20.3
2024-05-02 15:59,3,+20.5,+27.1,+22.3,+33.3,+47.3,+39.9,+22.0,+20.8,+20.5,+20.6,+20.7,+20.6,+20.5
2024-05-02 16:59,3,+20.5,+27.1,+22.3,+33.3,+47.3,+40.0,+22.1,+21.0,+20.5,+20.6,+20.7,+20.6,+20.5
2024-05-02 17:59,3,+20.5,+27.1,+22.3,+33.1,+47.2,+39.9,+21.8,+21.1,+20.5,+20.5,+20.6,+20.6,+20.5
2024-05-02 18:59,3,+20.5,+27.1,+22.3,+33.3,+47.3,+39.9,+21.6,+21.1,+20.6,+20.5,+20.7,+20.6,+20.3
2024-05-02 19:59,3,+20.5,+27.1,+22.3,+33.2,+47.3,+39.9,+21.2,+21.2,+20.6,+20.6,+20.6,+20.6,+20.3
2024-05-02 20:59,3,+20.5,+27.1,+22.3,+33.1,+47.2,+39.9,+21.1,+21.2,+20.6,+20.5,+20.7,+20.6,+20.5
2024-05-02 21:59,3,+20.5,+27.1,+22.3,+33.2,+47.2,+39.9,+20.8,+21.2,+20.6,+20.6,+20.6,+20.6,+20.5
2024-05-02 22:59,3,+20.5,+27.1,+22.3,+33.1,+47.2,+39.9,+20.7,+21.2,+20.6,+20.5,+20.6,+20.6,+20.3
2024-05-02 23:59,3,+20.5,+27.1,+22.3,+33.1,+47.2,+39.9,+20.6,+21.1,+20.7,+20.6,+20.7,+20.6,+20.3
2024-05-03 00:59,3,+20.5,+27.1,+22.2,+33.2,+47.3,+39.9,+20.5,+21.1,+20.7,+20.6,+20.7,+20.6,+20.3
2024-05-03 01:59,3,+20.5,+27.1,+22.2,+33.2,+47.2,+39.9,+20.3,+21.0,+20.7,+20.6,+20.7,+20.6,+20.5
2024-05-03 02:59,3,+20.5,+27.1,+22.2,+33.1,+47.2,+39.9,+20.2,+21.0,+20.7,+20.6,+20.7,+20.6,+20.3
2024-05-03 03:59,3,+20.5,+27.1,+22.2,+33.2,+47.2,+39.9,+20.1,+21.0,+20.7,+20.6,+20.7,+20.6,+20.5
2024-05-03 04:59,3,+20.5,+27.1,+22.2,+33.1,+47.2,+39.8,+20.0,+20.8,+20.7,+20.6,+20.7,+20.6,+20.3
2024-05-03 05:59,3,+20.5,+27.1,+22.2,+33.1,+47.2,+39.8,+19.8,+20.8,+20.7,+20.6,+20.6,+20.5,+20.5
2024-05-03 06:59,3,+20.5,+27.1,+22.2,+33.1,+47.2,+39.9,+19.8,+20.7,+20.7,+20.6,+20.7,+20.6,+20.5
2024-05-03 07:59,3,+20.5,+27.1,+22.2,+33.0,+47.2,+39.8,+19.8,+20.7,+20.7,+20.6,+20.7,+20.6,+20.3
2024-05-03 08:59,3,+20.4,+27.0,+22.2,+33.1,+47.2,+39.8,+20.0,+20.7,+20.6,+20.6,+20.6,+20.6,+20.5
2024-05-03 09:59,3,+20.4,+27.0,+22.2,+33.1,+47.2,+39.9,+20.1,+20.6,+20.6,+20.6,+20.7,+20.6,+20.5
2024-05-03 10:59,3,+20.4,+27.0,+22.1,+33.0,+47.2,+39.8,+20.2,+20.7,+20.6,+20.6,+20.6,+20.6,+20.3
2024-05-03 11:59,3,+20.3,+26.9,+22.1,+33.1,+47.2,+39.8,+20.5,+20.7,+20.6,+20.6,+20.7,+20.6,+20.5
2024-05-03 12:59,3,+20.3,+26.8,+22.1,+33.0,+47.2,+39.8,+20.7,+20.7,+20.6,+20.6,+20.6,+20.6,+20.3
2024-05-03 13:59,3,+20.2,+26.8,+22.1,+33.1,+47.2,+39.8,+21.0,+20.7,+20.6,+20.6,+20.7,+20.6,+20.3
2024-05-03 14:59,3,+20.2,+26.8,+22.0,+33.0,+47.2,+39.8,+21.1,+20.7,+20.6,+20.6,+20.7,+20.6,+20.5
2024-05-03 15:59,3,+20.2,+26.7,+22.0,+33.0,+47.2,+39.8,+21.5,+20.8,+20.6,+20.6,+20.7,+20.6,+20.3
2024-05-03 16:59,3,+20.2,+26.7,+22.0,+32.9,+47.2,+39.8,+21.6,+21.0,+20.6,+20.6,+20.7,+20.6,+20.3
2024-05-03 17:59,3,+20.2,+26.7,+22.0,+33.1,+47.2,+39.8,+21.3,+21.1,+20.6,+20.6,+20.7,+20.6,+20.5
2024-05-03 18:59,3,+20.2,+26.7,+22.0,+32.9,+47.2,+39.8,+21.2,+21.1,+20.6,+20.6,+20.6,+20.6,+20.3
2024-05-03 19:59,3,+20.2,+26.7,+22.0,+33.0,+47.2,+39.8,+21.1,+21.1,+20.6,+20.6,+20.7,+20.6,+20.3
2024-05-03 20:59,3,+20.2,+26.7,+22.0,+33.0,+47.2,+39.8,+21.0,+21.1,+20.7,+20.6,+20.7,+20.6,+20.3
2024-05-03 21:59,3,+20.2,+26.7,+22.0,+33.0,+47.2,+39.8,+20.8,+21.1,+20.7,+20.6,+20.7,+20.6,+20.5
2024-05-03 22:59,3,+20.2,+26.7,+22.0,+33.0,+47.2,+39.8,+20.7,+21.1,+20.7,+20.6,+20.7,+20.6,+20.3
2024-05-03 23:59,3,+20.2,+26.7,+22.0,+33.0,+47.2,+39.8,+20.6,+21.1,+20.7,+20.6,+20.7,+20.6,+20.5
2024-05-04 00:59,3,+20.2,+26.7,+22.0,+32.9,+47.2,+39.7,+20.5,+21.1,+20.7,+20.6,+20.7,+20.6,+20.5
2024-05-04 01:59,3,+20.2,+26.7,+22.0,+32.9,+47.2,+39.7,+20.3,+21.0,+20.7,+20.6,+20.7,+20.6,+20.5
2024-05-04 02:59,3,+20.2,+26.7,+22.0,+33.0,+47.2,+39.8,+20.2,+21.0,+20.7,+20.6,+20.7,+20.6,+20.3
2024-05-04 03:59,3,+20.2,+26.7,+21.9,+32.9,+47.2,+39.7,+20.1,+20.8,+20.7,+20.6,+20.7,+20.6,+20.5
2024-05-04 04:59,3,+20.2,+26.7,+21.9,+33.0,+47.2,+39.8,+20.0,+20.8,+20.7,+20.6,+20.7,+20.6,+20.5
2024-05-04 05:59,3,+20.2,+26.7,+21.9,+32.9,+47.2,+39.7,+20.0,+20.8,+20.7,+20.6,+20.7,+20.6,+20.5
2024-05-04 06:59,3,+20.2,+26.7,+21.9,+33.0,+47.2,+39.8,+20.0,+20.7,+20.7,+20.6,+20.7,+20.6,+20.5
2024-05-04 07:59,3,+20.2,+26.7,+21.9,+32.9,+47.2,+39.7,+20.0,+20.7,+20.7,+20.6,+20.7,+20.6,+20.3
2024-05-04 08:59,3,+20.1,+26.6,+21.9,+32.9,+47.2,+39.7,+20.2,+20.7,+20.7,+20.6,+20.6,+20.6,+20.5
2024-05-04 09:59,3,+20.1,+26.6,+21.9,+32.8,+47.2,+39.7,+20.3,+20.7,+20.6,+20.6,+20.7,+20.6,+20.5
2024-05-04 10:59,3,+20.1,+26.5,+21.9,+32.8,+47.2,+39.7,+20.7,+20.7,+20.6,+20.6,+20.7,+20.6,+20.5
2024-05-04 11:59,3,+20.0,+26.5,+21.9,+32.8,+47.2,+39.7,+20.8,+20.7,+20.6,+20.6,+20.7,+20.6,+20.3
2024-05-04 12:59,3,+20.0,+26.4,+21.9,+32.8,+47.1,+39.7,+21.1,+20.7,+20.6,+20.6,+20.7,+20.6,+20.5
2024-05-04 13:59,3,+20.0,+26.3,+21.8,+32.8,+47.1,+39.7,+21.3,+20.8,+20.6,+20.6,+20.7,+20.6,+20.5
2024-05-04 14:59,3,+19.9,+26.3,+21.8,+32.9,+47.2,+39.7,+22.1,+21.0,+20.6,+20.6,+20.7,+20.6,+20.5
2024-05-04 15:59,3,+19.9,+26.2,+21.8,+32.7,+47.1,+39.7,+22.6,+21.1,+20.6,+20.6,+20.7,+20.6,+20.5
2024-05-04 16:59,3,+19.9,+26.2,+21.8,+32.9,+47.2,+39.7,+22.5,+21.2,+20.6,+20.6,+20.7,+20.6,+20.5
2024-05-04 17:59,3,+19.9,+26.2,+21.8,+32.9,+47.2,+39.7,+22.2,+21.3,+20.7,+20.6,+20.7,+20.6,+20.5
2024-05-04 18:59,3,+19.9,+26.2,+21.8,+32.8,+47.2,+39.7,+22.0,+21.5,+20.7,+20.6,+20.7,+20.6,+20.5
2024-05-04 19:59,3,+19.9,+26.2,+21.8,+32.7,+47.1,+39.7,+21.7,+21.5,+20.7,+20.6,+20.7,+20.6,+20.5
2024-05-04 20:59,3,+19.9,+26.2,+21.8,+32.8,+47.2,+39.7,+21.5,+21.5,+20.8,+20.7,+20.7,+20.6,+20.5
2024-05-04 21:59,3,+19.9,+26.2,+21.8,+32.7,+47.1,+39.7,+21.3,+21.5,+20.8,+20.6,+20.7,+20.6,+20.5
2024-05-04 22:59,3,+19.9,+26.2,+21.8,+32.8,+47.2,+39.7,+21.1,+21.5,+20.8,+20.6,+20.7,+20.6,+20.5
2024-05-04 23:59,3,+19.9,+26.2,+21.8,+32.7,+47.1,+39.7,+21.0,+21.5,+20.8,+20.7,+20.7,+20.6,+20.5
2024-05-05 00:59,3,+19.9,+26.2,+21.8,+32.8,+47.2,+39.7,+20.8,+21.3,+20.8,+20.6,+20.7,+20.7,+20.5
2024-05-05 01:59,3,+19.9,+26.2,+21.8,+32.8,+47.2,+39.7,+20.7,+21.3,+21.0,+20.7,+20.7,+20.6,+20.5
2024-05-05 02:59,3,+19.9,+26.2,+21.8,+32.7,+47.1,+39.7,+20.6,+21.3,+21.0,+20.7,+20.7,+20.6,+20.5
2024-05-05 03:59,3,+19.9,+26.2,+21.8,+32.8,+47.2,+39.7,+20.5,+21.2,+21.0,+20.7,+20.7,+20.6,+20.5
2024-05-05 04:59,3,+19.9,+26.2,+21.8,+32.6,+47.1,+39.6,+20.3,+21.1,+20.8,+20.7,+20.7,+20.6,+20.5
2024-05-05 05:59,3,+19.8,+26.2,+21.8,+32.7,+47.2,+39.7,+20.1,+21.1,+20.8,+20.7,+20.7,+20.6,+20.5
2024-05-05 06:59,3,+19.8,+26.2,+21.8,+32.7,+47.2,+39.7,+20.2,+21.1,+20.8,+20.7,+20.7,+20.7,+20.5
2024-05-05 07:59,3,+19.8,+26.2,+21.8,+32.6,+47.1,+39.6,+20.2,+21.0,+21.0,+20.7,+20.7,+20.6,+20.5
2024-05-05 08:59,3,+19.8,+26.2,+21.8,+32.7,+47.2,+39.7,+20.2,+21.0,+20.8,+20.7,+20.7,+20.6,+20.5
2024-05-05 09:59,3,+19.7,+26.1,+21.7,+32.7,+47.2,+39.7,+20.3,+21.0,+20.8,+20.7,+20.7,+20.6,+20.5
2024-05-05 10:59,3,+19.7,+26.1,+21.7,+32.7,+47.2,+39.7,+20.6,+20.8,+20.8,+20.7,+20.7,+20.6,+20.5
2024-05-05 11:59,3,+19.7,+26.0,+21.7,+32.7,+47.1,+39.7,+20.8,+20.8,+20.8,+20.7,+20.7,+20.7,+20.5
2024-05-05 12:59,3,+19.7,+26.0,+21.7,+32.6,+47.1,+39.6,+21.0,+21.0,+20.7,+20.7,+20.7,+20.6,+20.5
2024-05-05 13:59,3,+19.6,+25.9,+21.7,+32.6,+47.1,+39.6,+21.1,+21.1,+20.7,+20.7,+20.7,+20.6,+20.5
2024-05-05 14:59,3,+19.6,+25.9,+21.7,+32.7,+47.1,+39.6,+21.3,+21.1,+20.7,+20.7,+20.7,+20.6,+20.5
2024-05-05 15:59,3,+19.6,+25.9,+21.7,+32.7,+47.1,+39.6,+21.5,+21.1,+20.8,+20.7,+20.7,+20.7,+20.5
2024-05-05 16:59,3,+19.6,+25.8,+21.7,+32.5,+47.1,+39.6,+21.5,+21.1,+20.8,+20.7,+20.7,+20.7,+20.5
2024-05-05 17:59,3,+19.6,+25.8,+21.7,+32.5,+47.1,+39.6,+21.2,+21.2,+20.7,+20.7,+20.8,+20.7,+20.5
2024-05-05 18:59,3,+19.6,+25.9,+21.7,+32.5,+47.1,+39.6,+21.1,+21.2,+20.8,+20.7,+20.7,+20.7,+20.5
2024-05-05 19:59,3,+19.6,+25.9,+21.6,+32.6,+47.1,+39.6,+21.0,+21.2,+20.8,+20.7,+20.7,+20.6,+20.5
2024-05-05 20:59,3,+19.6,+25.9,+21.7,+32.5,+47.1,+39.6,+20.8,+21.2,+20.8,+20.7,+20.7,+20.7,+20.5
2024-05-05 21:59,3,+19.6,+25.9,+21.7,+32.6,+47.1,+39.6,+20.7,+21.2,+20.8,+20.7,+20.7,+20.7,+20.5
2024-05-05 22:59,3,+19.6,+25.9,+21.6,+32.5,+47.1,+39.5,+20.6,+21.1,+20.8,+20.7,+20.7,+20.7,+20.5
2024-05-05 23:59,3,+19.6,+25.9,+21.6,+32.5,+47.1,+39.6,+20.3,+21.1,+20.8,+20.7,+20.8,+20.6,+20.5
2024-05-06 00:59,3,+19.6,+25.9,+21.6,+32.6,+47.1,+39.6,+20.2,+21.1,+20.8,+20.7,+20.7,+20.7,+20.5
2024-05-06 01:59,3,+19.6,+25.9,+21.6,+32.6,+47.1,+39.6,+20.1,+21.0,+20.8,+20.7,+20.7,+20.7,+20.5
2024-05-06 02:59,3,+19.5,+25.8,+21.6,+32.6,+47.1,+39.6,+20.0,+21.0,+20.8,+20.7,+20.7,+20.6,+20.5
2024-05-06 03:59,3,+19.5,+25.8,+21.6,+32.5,+47.1,+39.5,+19.8,+20.8,+20.8,+20.7,+20.8,+20.7,+20.5
2024-05-06 04:59,3,+19.5,+25.8,+21.6,+32.5,+47.1,+39.6,+19.7,+20.8,+20.8,+20.7,+20.8,+20.7,+20.5
2024-05-06 05:59,3,+19.5,+25.8,+21.6,+32.5,+47.1,+39.6,+19.7,+20.7,+20.8,+20.7,+20.8,+20.7,+20.5
2024-05-06 06:59,3,+19.5,+25.8,+21.6,+32.5,+47.1,+39.6,+19.6,+20.7,+20.7,+20.7,+20.7,+20.7,+20.5
2024-05-06 07:59,3,+19.4,+25.7,+21.6,+32.4,+47.1,+39.5,+19.6,+20.7,+20.7,+20.7,+20.8,+20.7,+20.5
2024-05-06 08:59,3,+19.4,+25.7,+21.5,+32.4,+47.1,+39.5,+19.7,+20.6,+20.7,+20.7,+20.7,+20.7,+20.5
2024-05-06 09:59,3,+19.4,+25.7,+21.5,+32.4,+47.1,+39.5,+19.8,+20.6,+20.6,+20.7,+20.8,+20.7,+20.5
2024-05-06 10:59,3,+19.4,+25.6,+21.5,+32.5,+47.1,+39.5,+20.0,+20.6,+20.7,+20.7,+20.8,+20.6,+20.5
2024-05-06 11:59,3,+19.3,+25.6,+21.4,+32.5,+47.1,+39.5,+20.2,+20.6,+20.6,+20.7,+20.8,+20.7,+20.5
2024-05-06 12:59,3,+19.3,+25.5,+21.4,+32.4,+47.1,+39.5,+20.5,+20.6,+20.7,+20.7,+20.8,+20.6,+20.5
2024-05-06 13:59,3,+19.2,+25.5,+21.4,+32.3,+47.1,+39.5,+20.7,+20.6,+20.6,+20.6,+20.8,+20.7,+20.5
2024-05-06 14:59,3,+19.2,+25.4,+21.4,+32.4,+47.1,+39.5,+21.3,+20.7,+20.6,+20.7,+20.8,+20.7,+20.5
2024-05-06 15:59,3,+19.2,+25.3,+21.4,+32.3,+47.1,+39.5,+22.0,+20.8,+20.6,+20.7,+20.7,+20.7,+20.5
2024-05-06 16:59,3,+19.2,+25.3,+21.4,+32.4,+47.1,+39.5,+22.0,+21.0,+20.6,+20.6,+20.8,+20.7,+20.5
2024-05-06 17:59,3,+19.2,+25.3,+21.4,+32.4,+47.1,+39.5,+21.8,+21.1,+20.6,+20.6,+20.7,+20.7,+20.5
2024-05-06 18:59,3,+19.2,+25.3,+21.4,+32.4,+47.1,+39.5,+21.5,+21.1,+20.7,+20.6,+20.8,+20.7,+20.5
2024-05-06 19:59,3,+19.2,+25.3,+21.4,+32.4,+47.1,+39.5,+21.2,+21.2,+20.7,+20.6,+20.7,+20.7,+20.5
2024-05-06 20:59,3,+19.2,+25.3,+21.4,+32.4,+47.1,+39.5,+21.1,+21.2,+20.7,+20.6,+20.7,+20.7,+20.5
2024-05-06 21:59,3,+19.2,+25.3,+21.4,+32.4,+47.1,+39.5,+21.0,+21.2,+20.7,+20.6,+20.7,+20.7,+20.5
2024-05-06 22:59,3,+19.2,+25.4,+21.4,+32.4,+47.1,+39.5,+20.7,+21.2,+20.7,+20.7,+20.8,+20.7,+20.5
2024-05-06 23:59,3,+19.2,+25.4,+21.4,+32.3,+47.1,+39.5,+20.7,+21.2,+20.7,+20.6,+20.7,+20.7,+20.5
2024-05-07 00:59,3,+19.2,+25.4,+21.3,+32.4,+47.1,+39.5,+20.6,+21.1,+20.8,+20.6,+20.8,+20.7,+20.5
2024-05-07 01:59,3,+19.2,+25.3,+21.3,+32.3,+47.1,+39.5,+20.5,+21.1,+20.8,+20.7,+20.7,+20.7,+20.5
2024-05-07 02:59,3,+19.2,+25.3,+21.3,+32.3,+47.1,+39.5,+20.3,+21.1,+20.8,+20.7,+20.7,+20.6,+20.5
2024-05-07 03:59,3,+19.2,+25.3,+21.3,+32.2,+47.0,+39.4,+20.2,+21.0,+20.8,+20.7,+20.8,+20.7,+20.5
2024-05-07 04:59,3,+19.2,+25.3,+21.3,+32.3,+47.1,+39.5,+20.1,+21.0,+20.7,+20.7,+20.7,+20.7,+20.5
2024-05-07 05:59,3,+19.1,+25.3,+21.3,+32.3,+47.1,+39.5,+20.1,+20.8,+20.8,+20.7,+20.7,+20.7,+20.5
2024-05-07 06:59,3,+19.1,+25.3,+21.3,+32.3,+47.1,+39.5,+20.0,+20.8,+20.7,+20.7,+20.8,+20.7,+20.5
2024-05-07 07:59,3,+19.1,+25.3,+21.3,+32.2,+47.0,+39.4,+20.0,+20.8,+20.7,+20.7,+20.8,+20.7,+20.5
2024-05-07 08:59,3,+19.1,+25.3,+21.3,+32.2,+47.0,+39.4,+20.1,+20.7,+20.7,+20.7,+20.8,+20.6,+20.5
2024-05-07 09:59,3,+19.1,+25.2,+21.2,+32.3,+47.1,+39.4,+20.3,+20.7,+20.7,+20.7,+20.7,+20.7,+20.5
2024-05-07 10:59,3,+19.0,+25.2,+21.2,+32.2,+47.0,+39.4,+20.6,+20.7,+20.7,+20.7,+20.8,+20.7,+20.6
2024-05-07 11:59,3,+19.0,+25.1,+21.2,+32.1,+47.0,+39.4,+20.8,+20.8,+20.7,+20.7,+20.8,+20.7,+20.5
2024-05-07 12:59,3,+19.0,+25.1,+21.2,+32.1,+47.0,+39.4,+21.1,+20.8,+20.7,+20.7,+20.7,+20.7,+20.5
2024-05-07 13:59,3,+19.0,+25.0,+21.1,+32.1,+47.0,+39.4,+21.3,+21.0,+20.7,+20.7,+20.7,+20.7,+20.5
2024-05-07 14:59,3,+18.9,+25.0,+21.1,+32.1,+47.0,+39.4,+21.6,+21.0,+20.6,+20.7,+20.7,+20.6,+20.5
2024-05-07 15:59,3,+19.0,+25.0,+21.1,+32.1,+47.0,+39.4,+21.6,+21.1,+20.6,+20.7,+20.7,+20.7,+20.5
2024-05-07 16:59,3,+19.0,+25.0,+21.1,+32.1,+47.0,+39.4,+21.5,+21.1,+20.7,+20.6,+20.8,+20.7,+20.5
2024-05-07 17:59,3,+19.0,+25.0,+21.1,+32.2,+47.1,+39.4,+21.3,+21.2,+20.7,+20.6,+20.7,+20.7,+20.5
2024-05-07 18:59,3,+19.0,+25.0,+21.1,+32.1,+47.1,+39.4,+21.2,+21.2,+20.7,+20.7,+20.7,+20.7,+20.5
2024-05-07 19:59,3,+19.0,+25.0,+21.1,+32.1,+47.1,+39.4,+21.1,+21.2,+20.7,+20.7,+20.8,+20.7,+20.5
2024-05-07 20:59,3,+19.0,+25.0,+21.1,+32.1,+47.0,+39.4,+21.0,+21.2,+20.7,+20.7,+20.7,+20.7,+20.5
2024-05-07 21:59,3,+19.0,+25.0,+21.1,+32.0,+47.0,+39.4,+20.8,+21.2,+20.8,+20.7,+20.8,+20.7,+20.5
2024-05-07 22:59,3,+19.0,+25.0,+21.1,+32.1,+47.0,+39.4,+20.8,+21.2,+20.8,+20.7,+20.7,+20.7,+20.5
2024-05-07 23:59,3,+19.0,+25.0,+21.1,+32.1,+47.1,+39.4,+20.8,+21.1,+20.8,+20.7,+20.7,+20.6,+20.6
2024-05-08 00:59,3,+19.0,+25.0,+21.1,+32.1,+47.0,+39.4,+20.8,+21.2,+20.8,+20.7,+20.7,+20.7,+20.5
2024-05-08 01:59,3,+19.0,+25.0,+21.1,+32.1,+47.0,+39.4,+20.7,+21.1,+20.8,+20.7,+20.7,+20.7,+20.5
2024-05-08 02:59,3,+19.0,+25.0,+21.1,+32.0,+47.0,+39.4,+20.6,+21.1,+20.8,+20.7,+20.8,+20.7,+20.5
2024-05-08 03:59,3,+19.0,+25.0,+21.1,+32.1,+47.0,+39.4,+20.6,+21.1,+20.8,+20.7,+20.8,+20.7,+20.5
2024-05-08 04:59,3,+19.0,+25.0,+21.1,+32.1,+47.0,+39.4,+20.6,+21.1,+20.8,+20.7,+20.7,+20.7,+20.5
2024-05-08 05:59,3,+19.0,+25.0,+21.1,+32.1,+47.0,+39.4,+20.5,+21.1,+20.8,+20.7,+20.7,+20.7,+20.5
2024-05-08 06:59,3,+19.0,+25.0,+21.1,+31.9,+47.0,+39.4,+20.5,+21.1,+20.8,+20.7,+20.8,+20.7,+20.5
2024-05-08 07:59,3,+19.0,+25.0,+21.1,+31.9,+47.0,+39.4,+20.6,+21.0,+20.8,+20.7,+20.8,+20.6,+20.5
2024-05-08 08:59,3,+19.0,+25.0,+21.1,+31.9,+47.0,+39.4,+20.7,+21.0,+20.7,+20.7,+20.7,+20.7,+20.5
2024-05-08 09:59,3,+19.0,+25.0,+21.1,+32.0,+47.0,+39.4,+20.7,+21.0,+20.7,+20.7,+20.8,+20.7,+20.5
2024-05-08 10:59,3,+19.0,+25.0,+21.1,+31.9,+47.0,+39.3,+20.8,+21.0,+20.7,+20.7,+20.8,+20.7,+20.5
2024-05-08 11:59,3,+19.0,+24.9,+21.0,+31.9,+47.0,+39.3,+21.0,+21.1,+20.8,+20.7,+20.8,+20.7,+20.6
2024-05-08 12:59,3,+19.0,+24.9,+21.0,+32.0,+47.0,+39.4,+21.2,+21.1,+20.8,+20.7,+20.8,+20.7,+20.5
2024-05-08 13:59,3,+19.0,+24.9,+21.0,+31.9,+47.0,+39.3,+21.3,+21.1,+20.7,+20.7,+20.8,+20.7,+20.5
2024-05-08 14:59,3,+19.0,+24.9,+21.0,+31.9,+47.0,+39.3,+21.2,+21.1,+20.7,+20.7,+20.8,+20.7,+20.5
2024-05-08 15:59,3,+19.0,+24.9,+21.0,+31.9,+47.0,+39.3,+21.2,+21.2,+20.8,+20.7,+20.8,+20.7,+20.5
2024-05-08 16:59,3,+18.9,+24.9,+21.0,+31.9,+47.0,+39.3,+21.1,+21.2,+20.8,+20.7,+20.8,+20.7,+20.6
2024-05-08 17:59,3,+19.0,+24.9,+21.0,+32.0,+47.0,+39.3,+21.0,+21.2,+20.8,+20.7,+20.8,+20.7,+20.5
2024-05-08 18:59,3,+18.9,+24.9,+21.0,+32.0,+47.0,+39.3,+20.8,+21.2,+20.8,+20.7,+20.8,+20.7,+20.5
2024-05-08 19:59,3,+18.9,+24.9,+21.0,+31.9,+47.0,+39.3,+20.8,+21.2,+20.8,+20.7,+20.7,+20.7,+20.6
2024-05-08 20:59,3,+18.9,+24.9,+21.0,+31.9,+47.0,+39.3,+20.7,+21.2,+20.8,+20.7,+20.8,+20.7,+20.6
2024-05-08 21:59,3,+18.9,+24.9,+21.0,+31.9,+47.0,+39.3,+20.6,+21.2,+20.8,+20.7,+20.8,+20.7,+20.5
2024-05-08 22:59,3,+18.9,+24.9,+21.0,+31.9,+47.0,+39.3,+20.5,+21.1,+20.8,+20.7,+20.8,+20.7,+20.5
2024-05-08 23:59,3,+18.9,+24.9,+21.0,+31.8,+47.0,+39.3,+20.5,+21.1,+20.8,+20.7,+20.7,+20.7,+20.6
2024-05-09 00:59,3,+18.9,+24.9,+21.0,+31.9,+47.0,+39.3,+20.5,+21.1,+20.8,+20.7,+20.8,+20.7,+20.5
2024-05-09 01:59,3,+18.9,+24.9,+21.0,+31.9,+47.0,+39.3,+20.5,+21.0,+20.8,+20.7,+20.8,+20.7,+20.5
2024-05-09 02:59,3,+18.9,+24.9,+21.0,+31.8,+46.9,+39.3,+20.3,+21.0,+20.8,+20.7,+20.8,+20.7,+20.6
2024-05-09 03:59,3,+18.9,+24.9,+21.0,+31.8,+46.9,+39.3,+20.3,+21.0,+20.8,+20.8,+20.8,+20.7,+20.6
2024-05-09 04:59,3,+18.9,+24.9,+21.0,+31.9,+47.0,+39.3,+20.2,+21.0,+20.8,+20.7,+20.8,+20.7,+20.5
2024-05-09 05:59,3,+18.9,+24.9,+21.0,+31.8,+46.9,+39.3,+20.2,+21.0,+20.8,+20.8,+20.8,+20.7,+20.5
2024-05-09 06:59,3,+18.9,+24.9,+21.0,+31.8,+46.9,+39.3,+20.2,+20.8,+20.8,+20.7,+20.8,+20.7,+20.5
2024-05-09 07:59,3,+18.9,+24.9,+21.0,+31.8,+46.9,+39.3,+20.2,+20.8,+20.7,+20.7,+20.7,+20.7,+20.5
2024-05-09 08:59,3,+18.9,+24.8,+20.9,+31.8,+46.9,+39.3,+20.3,+20.8,+20.7,+20.7,+20.8,+20.7,+20.6
2024-05-09 09:59,3,+18.8,+24.8,+20.9,+31.9,+47.0,+39.3,+20.6,+20.8,+20.8,+20.7,+20.8,+20.7,+20.6
2024-05-09 10:59,3,+18.8,+24.8,+20.9,+31.9,+47.0,+39.3,+20.7,+20.8,+20.7,+20.7,+20.8,+20.7,+20.6
2024-05-09 11:59,3,+18.8,+24.7,+20.9,+31.7,+46.9,+39.3,+21.0,+20.8,+20.7,+20.7,+20.8,+20.7,+20.5
2024-05-09 12:59,3,+18.8,+24.7,+20.9,+31.7,+46.9,+39.3,+21.1,+21.0,+20.7,+20.7,+20.8,+20.7,+20.6
2024-05-09 13:59,3,+18.7,+24.6,+20.9,+31.8,+47.0,+39.3,+21.3,+21.1,+20.7,+20.7,+20.8,+20.7,+20.6
2024-05-09 14:59,3,+18.7,+24.6,+20.9,+31.7,+46.9,+39.2,+21.7,+21.1,+20.8,+20.7,+20.8,+20.7,+20.6
2024-05-09 15:59,3,+18.7,+24.5,+20.9,+31.7,+46.9,+39.3,+22.0,+21.1,+20.8,+20.7,+20.8,+20.7,+20.6
2024-05-09 16:59,3,+18.7,+24.6,+20.9,+31.8,+47.0,+39.3,+21.8,+21.2,+20.8,+20.7,+20.8,+20.7,+20.6
2024-05-09 17:59,3,+18.7,+24.6,+20.9,+31.8,+47.0,+39.3,+21.7,+21.3,+20.7,+20.7,+20.8,+20.7,+20.5
2024-05-09 18:59,3,+18.8,+24.6,+20.9,+31.7,+46.9,+39.2,+21.7,+21.3,+20.8,+20.7,+20.8,+20.7,+20.6
2024-05-09 19:59,3,+18.8,+24.6,+20.9,+31.7,+46.9,+39.2,+21.5,+21.5,+20.8,+20.7,+20.8,+20.7,+20.6
2024-05-09 20:59,3,+18.8,+24.6,+20.9,+31.7,+46.9,+39.2,+21.5,+21.5,+20.8,+20.7,+20.8,+20.7,+20.5
2024-05-09 21:59,3,+18.8,+24.6,+20.8,+31.6,+46.9,+39.2,+21.2,+21.5,+20.8,+20.7,+20.7,+20.7,+20.5
2024-05-09 22:59,3,+18.8,+24.6,+20.8,+31.6,+46.9,+39.2,+21.1,+21.5,+21.0,+20.7,+20.7,+20.7,+20.5
2024-05-09 23:59,3,+18.8,+24.6,+20.9,+31.7,+47.0,+39.3,+21.0,+21.3,+21.0,+20.8,+20.8,+20.7,+20.6
2024-05-10 00:59,3,+18.8,+24.6,+20.8,+31.7,+47.0,+39.3,+20.8,+21.3,+21.0,+20.7,+20.8,+20.7,+20.5
2024-05-10 01:59,3,+18.7,+24.6,+20.8,+31.6,+46.9,+39.2,+20.8,+21.3,+21.0,+20.8,+20.8,+20.7,+20.6
2024-05-10 02:59,3,+18.7,+24.6,+20.9,+31.7,+47.0,+39.2,+20.7,+21.2,+21.0,+20.8,+20.8,+20.7,+20.6
2024-05-10 03:59,3,+18.7,+24.6,+20.9,+31.7,+47.0,+39.2,+20.6,+21.2,+21.0,+20.7,+20.8,+20.7,+20.5
2024-05-10 04:59,3,+18.7,+24.6,+20.8,+31.6,+46.9,+39.2,+20.5,+21.2,+21.0,+20.7,+20.8,+20.7,+20.5
2024-05-10 05:59,3,+18.7,+24.6,+20.8,+31.6,+46.9,+39.2,+20.5,+21.2,+21.0,+20.8,+20.8,+20.7,+20.6
2024-05-10 06:59,3,+18.7,+24.6,+20.8,+31.6,+46.9,+39.2,+20.5,+21.1,+21.0,+20.8,+20.8,+20.7,+20.6
2024-05-10 07:59,3,+18.7,+24.6,+20.8,+31.6,+46.9,+39.2,+20.6,+21.1,+21.0,+20.8,+20.8,+20.7,+20.6
2024-05-10 08:59,3,+18.7,+24.6,+20.8,+31.7,+47.0,+39.2,+20.7,+21.1,+20.8,+20.8,+20.8,+20.7,+20.5
2024-05-10 09:59,3,+18.7,+24.6,+20.8,+31.7,+47.0,+39.2,+21.0,+21.1,+20.8,+20.8,+20.8,+20.8,+20.6
2024-05-10 10:59,3,+18.7,+24.5,+20.8,+31.7,+47.0,+39.2,+21.2,+21.1,+20.8,+20.8,+20.8,+20.7,+20.6
2024-05-10 11:59,3,+18.6,+24.5,+20.8,+31.6,+46.9,+39.2,+21.3,+21.1,+20.8,+20.8,+20.8,+20.7,+20.6
2024-05-10 12:59,3,+18.6,+24.4,+20.8,+31.5,+46.9,+39.2,+21.5,+21.2,+20.8,+20.8,+20.8,+20.8,+20.6
2024-05-10 13:59,3,+18.6,+24.4,+20.8,+31.5,+46.9,+39.2,+21.6,+21.2,+20.8,+20.8,+20.8,+20.7,+20.6
2024-05-10 14:59,3,+18.6,+24.4,+20.7,+31.5,+46.9,+39.2,+21.8,+21.3,+20.8,+20.8,+20.8,+20.7,+20.6
2024-05-10 15:59,3,+18.6,+24.4,+20.8,+31.5,+46.9,+39.2,+22.1,+21.3,+20.8,+20.7,+20.8,+20.7,+20.6
2024-05-10 16:59,3,+18.6,+24.4,+20.7,+31.6,+46.9,+39.2,+22.0,+21.5,+21.0,+20.8,+20.8,+20.7,+20.6
2024-05-10 17:59,3,+18.6,+24.4,+20.7,+31.6,+46.9,+39.2,+21.7,+21.5,+21.0,+20.8,+20.8,+20.7,+20.6
2024-05-10 18:59,3,+18.6,+24.4,+20.7,+31.6,+46.9,+39.2,+21.7,+21.6,+21.0,+20.8,+20.8,+20.7,+20.6
2024-05-10 19:59,3,+18.6,+24.4,+20.7,+31.6,+46.9,+39.2,+21.6,+21.6,+21.0,+20.8,+20.8,+20.7,+20.6
2024-05-10 20:59,3,+18.6,+24.4,+20.7,+31.6,+46.9,+39.2,+21.5,+21.6,+21.0,+20.8,+20.8,+20.7,+20.6
2024-05-10 21:59,3,+18.6,+24.4,+20.7,+31.5,+46.9,+39.2,+21.3,+21.6,+21.0,+20.8,+20.8,+20.8,+20.6
2024-05-10 22:59,3,+18.6,+24.4,+20.8,+31.5,+46.9,+39.2,+21.3,+21.5,+21.1,+20.8,+20.8,+20.7,+20.6
2024-05-10 23:59,3,+18.6,+24.4,+20.7,+31.6,+46.9,+39.2,+21.2,+21.6,+21.1,+20.8,+20.8,+20.8,+20.6
2024-05-11 00:59,3,+18.6,+24.4,+20.8,+31.6,+46.9,+39.2,+21.2,+21.5,+21.1,+20.8,+20.8,+20.7,+20.6
2024-05-11 01:59,3,+18.6,+24.4,+20.7,+31.5,+46.9,+39.2,+21.1,+21.5,+21.1,+20.8,+20.8,+20.8,+20.6
2024-05-11 02:59,3,+18.6,+24.4,+20.7,+31.4,+46.9,+39.2,+21.1,+21.5,+21.1,+20.8,+21.0,+20.7,+20.6
2024-05-11 03:59,3,+18.6,+24.4,+20.7,+31.5,+46.9,+39.2,+21.1,+21.5,+21.0,+20.8,+20.8,+20.8,+20.6
2024-05-11 04:59,3,+18.6,+24.4,+20.7,+31.5,+46.9,+39.2,+21.0,+21.5,+21.1,+21.0,+20.8,+20.8,+20.6
2024-05-11 05:59,3,+18.6,+24.4,+20.7,+31.5,+46.9,+39.2,+21.0,+21.3,+21.1,+20.8,+21.0,+20.7,+20.6
2024-05-11 06:59,3,+18.6,+24.4,+20.7,+31.5,+46.9,+39.2,+21.0,+21.3,+21.1,+20.8,+20.8,+20.8,+20.6
2024-05-11 07:59,3,+18.6,+24.4,+20.7,+31.4,+46.9,+39.2,+21.1,+21.3,+21.1,+20.8,+20.8,+20.8,+20.6
2024-05-11 08:59,3,+18.6,+24.4,+20.7,+31.4,+46.9,+39.2,+21.1,+21.3,+21.1,+21.0,+20.8,+20.8,+20.6
2024-05-11 09:59,3,+18.6,+24.4,+20.7,+31.5,+46.9,+39.2,+21.2,+21.3,+21.1,+21.0,+20.8,+20.8,+20.5
2024-05-11 10:59,3,+18.6,+24.4,+20.7,+31.4,+46.9,+39.2,+21.3,+21.3,+21.0,+21.0,+20.8,+20.8,+20.6
2024-05-11 11:59,3,+18.6,+24.4,+20.7,+31.5,+46.9,+39.2,+21.5,+21.3,+21.1,+20.8,+21.0,+20.8,+20.6
2024-05-11 12:59,3,+18.6,+24.3,+20.7,+31.5,+46.9,+39.2,+21.6,+21.5,+21.1,+21.0,+20.8,+20.7,+20.6
2024-05-11 13:59,3,+18.6,+24.3,+20.7,+31.4,+46.9,+39.2,+21.6,+21.5,+21.1,+20.8,+20.8,+20.8,+20.6
2024-05-11 14:59,3,+18.6,+24.3,+20.7,+31.5,+46.9,+39.2,+21.8,+21.6,+21.1,+21.0,+21.0,+20.8,+20.6
2024-05-11 15:59,3,+18.6,+24.3,+20.7,+31.4,+46.9,+39.2,+21.7,+21.5,+21.1,+20.8,+21.0,+20.8,+20.6
2024-05-11 16:59,3,+18.6,+24.3,+20.7,+31.3,+46.9,+39.2,+21.6,+21.6,+21.1,+21.0,+21.0,+20.8,+20.6
2024-05-11 17:59,3,+18.6,+24.3,+20.7,+31.3,+46.9,+39.2,+21.6,+21.6,+21.1,+21.0,+20.8,+20.8,+20.6
2024-05-11 18:59,3,+19.5,+28.0,+23.2,+31.5,+46.9,+39.2,+21.2,+21.3,+21.1,+21.0,+21.0,+20.8,+20.6
2024-05-11 19:59,3,+19.6,+26.5,+22.7,+31.5,+47.0,+39.5,+20.8,+21.5,+21.1,+21.0,+21.0,+20.8,+20.6
2024-05-11 20:59,3,+20.7,+26.9,+22.7,+31.9,+47.1,+40.2,+20.8,+21.3,+21.1,+21.0,+21.0,+20.8,+20.6
2024-05-11 21:59,3,+20.8,+26.6,+22.6,+32.1,+47.1,+40.5,+20.7,+21.3,+21.1,+21.0,+21.0,+20.8,+20.6
2024-05-11 22:59,3,+20.6,+26.6,+22.6,+32.2,+47.0,+40.6,+20.7,+21.3,+21.1,+21.0,+21.0,+20.8,+20.6
2024-05-11 23:59,3,+20.3,+26.5,+22.6,+32.4,+47.1,+40.7,+20.6,+21.3,+21.1,+21.0,+21.0,+20.8,+20.6
2024-05-12 00:59,3,+20.3,+26.5,+22.6,+32.5,+47.1,+40.8,+20.6,+21.2,+21.1,+21.0,+21.0,+20.8,+20.6
2024-05-12 01:59,3,+20.2,+26.5,+22.6,+32.5,+47.1,+40.8,+20.6,+21.2,+21.1,+20.8,+21.0,+20.8,+20.6
2024-05-12 02:59,3,+20.2,+26.5,+22.6,+32.6,+47.1,+40.8,+20.6,+21.2,+21.1,+21.0,+21.0,+20.8,+20.6
2024-05-12 03:59,3,+20.2,+26.5,+22.6,+32.6,+47.1,+40.8,+20.6,+21.2,+21.1,+21.0,+21.0,+20.8,+20.6
2024-05-12 04:59,3,+20.2,+26.5,+22.6,+32.7,+47.1,+40.8,+20.5,+21.1,+21.0,+21.0,+21.0,+20.8,+20.6
2024-05-12 05:59,3,+20.2,+26.5,+22.6,+32.7,+47.1,+40.8,+20.5,+21.1,+21.1,+21.0,+21.0,+20.8,+20.6
2024-05-12 06:59,3,+20.2,+26.5,+22.6,+32.8,+47.1,+40.8,+20.5,+21.1,+21.0,+20.8,+21.0,+20.8,+20.6
2024-05-12 07:59,3,+20.1,+26.5,+22.6,+32.7,+47.1,+40.8,+20.6,+21.0,+21.0,+21.0,+21.0,+20.8,+20.6
2024-05-12 08:59,3,+20.0,+26.5,+22.5,+32.9,+47.1,+40.8,+20.6,+21.1,+21.0,+21.0,+21.0,+20.8,+20.6
2024-05-12 09:59,3,+20.0,+26.5,+22.5,+32.8,+47.1,+40.8,+20.8,+21.1,+21.0,+20.8,+21.0,+20.8,+20.6
2024-05-12 10:59,3,+19.9,+26.4,+22.5,+32.9,+47.2,+40.8,+21.1,+21.1,+21.0,+20.8,+21.0,+20.8,+20.6
2024-05-12 11:59,3,+19.9,+26.4,+22.5,+32.8,+47.1,+40.8,+21.2,+21.1,+21.0,+20.8,+21.0,+20.8,+20.6
2024-05-12 12:59,3,+19.9,+26.3,+22.5,+32.9,+47.1,+40.8,+21.5,+21.2,+20.8,+21.0,+21.0,+20.8,+20.6
2024-05-12 13:59,3,+19.8,+26.3,+22.5,+32.8,+47.1,+40.8,+21.7,+21.2,+21.0,+21.0,+21.0,+20.8,+20.6
2024-05-12 14:59,3,+19.8,+26.3,+22.5,+32.8,+47.1,+40.8,+22.0,+21.3,+21.0,+20.8,+21.0,+20.8,+20.6
2024-05-12 15:59,3,+19.8,+26.3,+22.5,+32.8,+47.1,+40.8,+22.0,+21.3,+21.0,+20.8,+21.0,+20.8,+20.6
2024-05-12 16:59,3,+19.9,+26.3,+22.5,+32.8,+47.1,+40.8,+21.8,+21.5,+21.0,+21.0,+21.0,+20.8,+20.6
2024-05-12 17:59,3,+19.9,+26.3,+22.5,+32.9,+47.2,+40.8,+21.8,+21.6,+21.1,+20.8,+21.0,+20.8,+20.6
2024-05-12 18:59,3,+19.9,+26.4,+22.5,+32.8,+47.1,+40.8,+21.7,+21.6,+21.0,+20.8,+21.0,+20.8,+20.6
2024-05-12 19:59,3,+19.9,+26.4,+22.5,+32.9,+47.2,+40.8,+21.5,+21.6,+21.1,+20.8,+21.0,+20.8,+20.6
2024-05-12 20:59,3,+19.9,+26.4,+22.5,+32.9,+47.2,+40.8,+21.5,+21.6,+21.1,+20.8,+21.0,+20.8,+20.6
2024-05-12 21:59,3,+19.9,+26.4,+22.5,+32.8,+47.1,+40.8,+21.3,+21.6,+21.1,+20.8,+21.0,+20.8,+20.6
2024-05-12 22:59,3,+19.9,+26.4,+22.5,+32.9,+47.2,+40.8,+21.3,+21.6,+21.1,+20.8,+21.0,+20.8,+20.6
2024-05-12 23:59,3,+19.9,+26.4,+22.5,+32.8,+47.1,+40.8,+21.2,+21.5,+21.1,+21.0,+21.0,+20.8,+20.6
2024-05-13 00:59,3,+19.9,+26.4,+22.4,+32.8,+47.1,+40.8,+21.2,+21.6,+21.1,+21.0,+21.0,+20.8,+20.6
2024-05-13 01:59,3,+19.9,+26.4,+22.4,+32.9,+47.2,+40.8,+21.1,+21.5,+21.1,+21.0,+21.0,+20.8,+20.6
2024-05-13 02:59,3,+19.9,+26.4,+22.4,+32.8,+47.1,+40.8,+21.0,+21.5,+21.1,+21.0,+21.0,+20.8,+20.6
2024-05-13 03:59,3,+19.9,+26.4,+22.4,+32.8,+47.1,+40.8,+20.8,+21.3,+21.1,+21.0,+21.0,+20.8,+20.6
2024-05-13 04:59,3,+19.9,+26.4,+22.4,+32.9,+47.2,+40.8,+20.7,+21.3,+21.1,+21.0,+21.0,+20.8,+20.6
2024-05-13 05:59,3,+19.9,+26.4,+22.4,+32.9,+47.2,+40.8,+20.7,+21.3,+21.1,+21.0,+21.0,+20.8,+20.6
2024-05-13 06:59,3,+19.9,+26.4,+22.4,+32.9,+47.2,+40.8,+20.7,+21.3,+21.1,+21.0,+21.0,+20.8,+20.7
2024-05-13 07:59,3,+19.9,+26.4,+22.4,+32.9,+47.2,+40.8,+20.7,+21.3,+21.1,+21.0,+21.0,+20.8,+20.6
2024-05-13 08:59,3,+19.9,+26.4,+22.4,+32.8,+47.2,+40.8,+20.8,+21.2,+21.1,+21.0,+21.0,+20.8,+20.6
2024-05-13 09:59,3,+19.9,+26.4,+22.4,+32.9,+47.2,+40.8,+21.0,+21.2,+21.1,+21.0,+21.0,+20.8,+20.7
2024-05-13 10:59,3,+19.8,+26.4,+22.4,+33.0,+47.2,+40.8,+21.1,+21.2,+21.1,+21.0,+21.0,+20.8,+20.6
2024-05-13 11:59,3,+19.9,+26.4,+22.4,+32.8,+47.2,+40.8,+21.1,+21.3,+21.1,+21.0,+21.0,+20.8,+20.6
2024-05-13 12:59,3,+19.9,+26.4,+22.4,+33.0,+47.2,+40.8,+21.1,+21.3,+21.1,+21.0,+21.0,+20.8,+20.6
2024-05-13 13:59,3,+19.9,+26.4,+22.4,+32.8,+47.2,+40.8,+21.1,+21.2,+21.1,+21.0,+21.0,+20.8,+20.6
2024-05-13 14:59,3,+19.8,+26.4,+22.4,+32.8,+47.2,+40.8,+21.1,+21.3,+21.1,+21.0,+21.0,+20.8,+20.6
2024-05-13 15:59,3,+19.8,+26.3,+22.4,+32.9,+47.2,+40.8,+21.1,+21.3,+21.1,+21.0,+21.0,+20.8,+20.6
2024-05-13 16:59,3,+19.9,+26.3,+22.4,+32.9,+47.2,+40.8,+21.1,+21.3,+21.0,+21.0,+21.0,+20.8,+20.7
2024-05-13 17:59,3,+19.8,+26.3,+22.4,+32.9,+47.2,+40.8,+21.1,+21.3,+21.1,+21.0,+21.0,+20.8,+20.6
2024-05-13 18:59,3,+19.9,+26.3,+22.4,+32.9,+47.2,+40.7,+21.0,+21.3,+21.1,+21.0,+21.0,+20.8,+20.6
2024-05-13 19:59,3,+19.9,+26.3,+22.4,+32.9,+47.2,+40.7,+21.0,+21.3,+21.1,+21.0,+21.0,+20.8,+20.6
2024-05-13 20:59,3,+19.9,+26.3,+22.4,+32.9,+47.2,+40.7,+20.8,+21.3,+21.1,+21.0,+21.0,+20.8,+20.6
2024-05-13 21:59,3,+19.9,+26.3,+22.4,+32.9,+47.2,+40.7,+20.7,+21.2,+21.1,+21.0,+21.0,+20.8,+20.6
2024-05-13 22:59,3,+19.9,+26.3,+22.4,+32.9,+47.2,+40.7,+20.7,+21.3,+21.1,+21.0,+21.0,+20.8,+20.7
2024-05-13 23:59,3,+19.8,+26.3,+22.4,+32.9,+47.2,+40.7,+20.7,+21.2,+21.1,+21.0,+21.0,+20.8,+20.6
2024-05-14 00:59,3,+19.8,+26.3,+22.4,+32.8,+47.2,+40.6,+20.6,+21.2,+21.1,+21.0,+21.0,+21.0,+20.6
2024-05-14 01:59,3,+19.8,+26.3,+22.4,+32.8,+47.2,+40.6,+20.6,+21.2,+21.1,+21.0,+21.0,+20.8,+20.7
2024-05-14 02:59,3,+19.8,+26.3,+22.4,+32.8,+47.2,+40.6,+20.6,+21.2,+21.1,+21.0,+21.0,+20.8,+20.6
2024-05-14 03:59,3,+19.8,+26.3,+22.3,+32.8,+47.2,+40.6,+20.6,+21.2,+21.1,+21.0,+21.0,+20.8,+20.7
2024-05-14 04:59,3,+19.8,+26.3,+22.3,+32.8,+47.2,+40.6,+20.5,+21.1,+21.1,+21.0,+21.0,+21.0,+20.7
2024-05-14 05:59,3,+19.8,+26.3,+22.3,+32.8,+47.2,+40.6,+20.5,+21.2,+21.1,+21.0,+21.0,+21.0,+20.6
2024-05-14 06:59,3,+19.8,+26.3,+22.4,+32.8,+47.2,+40.6,+20.5,+21.1,+21.1,+21.0,+21.0,+21.0,+20.7
2024-05-14 07:59,3,+19.8,+26.3,+22.3,+32.9,+47.2,+40.6,+20.5,+21.1,+21.0,+21.0,+21.0,+20.8,+20.6
2024-05-14 08:59,3,+19.8,+26.3,+22.3,+32.8,+47.2,+40.6,+20.6,+21.1,+21.0,+21.0,+21.0,+20.8,+20.6
2024-05-14 09:59,3,+19.8,+26.3,+22.3,+32.8,+47.2,+40.6,+20.7,+21.1,+21.0,+21.0,+21.0,+20.8,+20.7
2024-05-14 10:59,3,+19.8,+26.3,+22.3,+32.8,+47.2,+40.6,+21.0,+21.1,+21.0,+21.0,+21.0,+21.0,+20.7
2024-05-14 11:59,3,+19.7,+26.2,+22.3,+32.8,+47.2,+40.6,+21.2,+21.1,+21.0,+21.0,+21.0,+21.0,+20.6
2024-05-14 12:59,3,+19.7,+26.2,+22.3,+32.8,+47.2,+40.6,+21.3,+21.2,+21.0,+21.0,+21.0,+20.8,+20.7
2024-05-14 13:59,3,+19.7,+26.2,+22.3,+32.9,+47.3,+40.6,+21.6,+21.2,+21.0,+21.0,+21.0,+20.8,+20.6
2024-05-14 14:59,3,+19.7,+26.2,+22.3,+32.8,+47.2,+40.5,+21.6,+21.3,+21.0,+20.8,+21.0,+21.0,+20.6
2024-05-14 15:59,3,+19.7,+26.2,+22.3,+32.9,+47.3,+40.5,+21.5,+21.3,+21.0,+21.0,+21.0,+20.8,+20.6
2024-05-14 16:59,3,+19.7,+26.2,+22.3,+32.9,+47.3,+40.5,+21.5,+21.5,+21.0,+20.8,+21.0,+20.8,+20.7
2024-05-14 17:59,3,+19.7,+26.2,+22.3,+32.9,+47.3,+40.5,+21.3,+21.5,+21.0,+21.0,+21.0,+20.8,+20.7
2024-05-14 18:59,3,+19.7,+26.2,+22.3,+32.9,+47.3,+40.5,+21.2,+21.5,+21.0,+20.8,+21.0,+21.0,+20.6
2024-05-14 19:59,3,+19.7,+26.2,+22.3,+32.9,+47.3,+40.5,+21.1,+21.5,+21.0,+20.8,+21.0,+20.8,+20.6
2024-05-14 20:59,3,+19.7,+26.2,+22.3,+32.8,+47.2,+40.5,+21.1,+21.3,+21.0,+21.0,+21.0,+20.8,+20.6
2024-05-14 21:59,3,+19.7,+26.2,+22.3,+32.9,+47.3,+40.5,+21.0,+21.5,+21.0,+21.0,+21.0,+20.8,+20.7
2024-05-14 22:59,3,+19.7,+26.2,+22.3,+32.8,+47.2,+40.5,+20.8,+21.3,+21.1,+21.0,+21.0,+20.8,+20.7
2024-05-14 23:59,3,+19.7,+26.2,+22.3,+32.8,+47.2,+40.5,+20.8,+21.3,+21.1,+21.0,+21.0,+21.0,+20.7
2024-05-15 00:59,3,+19.7,+26.2,+22.3,+32.8,+47.2,+40.5,+20.7,+21.3,+21.0,+21.0,+21.0,+20.8,+20.7
2024-05-15 01:59,3,+19.7,+26.2,+22.2,+32.8,+47.2,+40.4,+20.7,+21.3,+21.1,+21.0,+21.0,+20.8,+20.7
2024-05-15 02:59,3,+19.7,+26.2,+22.3,+32.8,+47.2,+40.4,+20.7,+21.3,+21.1,+21.0,+21.0,+20.8,+20.7
2024-05-15 03:59,3,+19.7,+26.2,+22.3,+32.8,+47.2,+40.4,+20.6,+21.2,+21.1,+21.0,+21.0,+20.8,+20.7
2024-05-15 04:59,3,+19.7,+26.2,+22.2,+32.9,+47.3,+40.4,+20.6,+21.2,+21.0,+21.0,+21.0,+20.8,+20.7
2024-05-15 05:59,3,+19.7,+26.2,+22.2,+32.8,+47.2,+40.4,+20.5,+21.1,+21.1,+21.0,+21.0,+20.8,+20.7
2024-05-15 06:59,3,+19.7,+26.2,+22.2,+32.9,+47.3,+40.4,+20.5,+21.1,+21.1,+21.0,+21.0,+21.0,+20.7
2024-05-15 07:59,3,+19.6,+26.2,+22.2,+32.9,+47.3,+40.4,+20.6,+21.1,+21.0,+21.0,+21.0,+21.0,+20.7
2024-05-15 08:59,3,+19.6,+26.2,+22.2,+32.8,+47.2,+40.4,+20.7,+21.1,+21.0,+21.0,+21.0,+20.8,+20.7
2024-05-15 09:59,3,+19.6,+26.2,+22.2,+32.8,+47.2,+40.4,+21.0,+21.1,+21.0,+21.0,+21.0,+21.0,+20.7
2024-05-15 10:59,3,+19.6,+26.1,+22.2,+32.8,+47.2,+40.4,+21.1,+21.1,+21.0,+21.0,+21.0,+20.8,+20.7
2024-05-15 11:59,3,+19.6,+26.1,+22.2,+32.9,+47.3,+40.4,+21.2,+21.2,+21.0,+21.0,+21.0,+20.8,+20.7
2024-05-15 12:59,3,+19.5,+26.0,+22.2,+32.8,+47.2,+40.4,+21.5,+21.2,+21.0,+21.1,+21.0,+21.0,+20.6
2024-05-15 13:59,3,+19.5,+26.0,+22.2,+32.7,+47.2,+40.4,+21.6,+21.3,+21.0,+21.0,+21.1,+21.0,+20.7
2024-05-15 14:59,3,+19.6,+26.0,+22.2,+32.9,+47.3,+40.4,+21.6,+21.3,+21.0,+21.0,+21.0,+21.0,+20.7
2024-05-15 15:59,3,+19.6,+26.1,+22.2,+32.9,+47.3,+40.3,+21.5,+21.3,+21.0,+21.0,+21.0,+21.0,+20.7
2024-05-15 16:59,3,+19.6,+26.1,+22.2,+32.7,+47.2,+40.3,+21.3,+21.3,+21.0,+21.0,+21.0,+21.0,+20.7
2024-05-15 17:59,3,+19.6,+26.1,+22.2,+32.7,+47.2,+40.3,+21.2,+21.5,+21.1,+21.0,+21.0,+21.0,+20.7
2024-05-15 18:59,3,+19.6,+26.2,+22.2,+32.9,+47.3,+40.3,+21.1,+21.5,+21.1,+21.0,+21.0,+21.0,+20.7
2024-05-15 19:59,3,+19.6,+26.2,+22.2,+32.7,+47.2,+40.3,+21.1,+21.3,+21.1,+21.0,+21.0,+21.0,+20.7
2024-05-15 20:59,3,+20.1,+29.6,+24.4,+32.7,+47.2,+40.3,+21.0,+21.3,+21.1,+21.0,+21.0,+20.8,+20.7
2024-05-15 21:59,3,+20.3,+31.2,+24.9,+32.8,+47.3,+40.6,+20.8,+21.3,+21.1,+21.0,+21.0,+21.0,+20.7
2024-05-15 22:59,3,+20.5,+35.4,+45.8,+59.9,+47.7,+41.1,+20.0,+20.5,+20.2,+20.3,+20.6,+20.7,+20.7
2024-05-15 23:59,3,+20.6,+33.6,+37.5,+60.0,+47.9,+41.4,+19.5,+20.3,+20.3,+20.6,+20.8,+20.8,+20.7
2024-05-16 00:59,3,+20.8,+32.7,+30.5,+59.2,+48.0,+41.7,+19.7,+20.6,+20.6,+20.7,+21.0,+20.8,+20.7
2024-05-16 01:59,3,+20.9,+32.3,+29.1,+49.6,+48.0,+41.9,+19.8,+20.6,+20.7,+20.7,+21.0,+20.8,+20.7
2024-05-16 02:59,3,+21.0,+32.0,+28.3,+41.2,+48.1,+41.9,+19.8,+20.6,+20.7,+20.7,+21.0,+20.8,+20.7
2024-05-16 03:59,3,+21.1,+31.7,+27.8,+37.1,+48.1,+41.9,+19.8,+20.6,+20.7,+20.7,+21.0,+20.8,+20.7
2024-05-16 04:59,3,+21.2,+31.6,+27.5,+37.0,+48.2,+42.0,+19.8,+20.7,+20.7,+20.7,+21.0,+20.8,+20.7
2024-05-16 05:59,3,+21.3,+31.1,+27.3,+36.9,+48.4,+42.1,+19.8,+20.6,+20.7,+20.8,+20.8,+20.8,+20.7
2024-05-16 06:59,3,+21.3,+30.9,+27.2,+36.7,+48.4,+42.1,+20.0,+20.6,+20.7,+20.8,+21.0,+20.8,+20.7
2024-05-16 07:59,3,+21.4,+30.7,+27.0,+36.7,+48.5,+42.2,+20.0,+20.6,+20.6,+20.7,+21.0,+20.8,+20.7
2024-05-16 08:59,3,+21.4,+30.5,+26.9,+36.5,+48.6,+42.2,+20.2,+20.6,+20.6,+20.8,+21.0,+20.8,+20.7
2024-05-16 09:59,3,+21.4,+30.2,+26.9,+36.5,+48.7,+42.3,+20.3,+20.6,+20.7,+20.8,+20.8,+20.8,+20.7
2024-05-16 10:59,3,+21.3,+29.9,+26.8,+36.5,+48.8,+42.4,+20.6,+20.7,+20.6,+20.8,+21.0,+20.8,+20.7
2024-05-16 11:59,3,+21.3,+29.8,+26.8,+36.5,+48.8,+42.5,+20.7,+20.7,+20.7,+20.8,+21.0,+20.8,+20.7
2024-05-16 12:59,3,+21.3,+29.7,+26.7,+36.4,+48.8,+42.5,+20.8,+20.7,+20.7,+20.7,+21.0,+20.8,+20.7
2024-05-16 13:59,3,+21.3,+29.5,+26.7,+36.3,+48.8,+42.5,+21.0,+20.8,+20.7,+20.7,+21.0,+20.8,+20.7
2024-05-16 14:59,3,+21.3,+29.5,+26.6,+36.4,+48.9,+42.6,+21.1,+20.8,+20.7,+20.7,+21.0,+20.8,+20.7
2024-05-16 15:59,3,+21.3,+29.5,+26.6,+36.3,+48.9,+42.6,+21.1,+21.0,+20.7,+20.8,+20.8,+20.8,+20.7
2024-05-16 16:59,3,+21.3,+29.4,+26.5,+36.3,+48.9,+42.6,+21.0,+21.0,+20.7,+20.7,+20.8,+20.8,+20.7
2024-05-16 17:59,3,+21.3,+29.4,+26.5,+36.3,+48.9,+42.7,+20.8,+21.0,+20.7,+20.7,+21.0,+20.8,+20.6
2024-05-16 18:59,3,+21.3,+29.4,+26.4,+36.3,+48.9,+42.8,+20.8,+21.0,+20.7,+20.7,+21.0,+20.8,+20.7
2024-05-16 19:59,3,+21.3,+29.4,+26.4,+36.3,+49.0,+42.8,+20.7,+21.1,+20.7,+20.7,+21.0,+20.8,+20.7
2024-05-16 20:59,3,+21.3,+29.4,+26.4,+36.2,+48.9,+42.8,+20.7,+21.0,+20.8,+20.7,+21.0,+20.8,+20.7
2024-05-16 21:59,3,+21.3,+29.4,+26.4,+36.3,+49.0,+42.9,+20.6,+21.1,+20.7,+20.7,+20.8,+20.8,+20.7
2024-05-16 22:59,3,+21.3,+29.4,+26.3,+36.3,+49.0,+42.9,+20.6,+21.1,+20.7,+20.7,+21.0,+20.8,+20.7
2024-05-16 23:59,3,+21.3,+29.4,+26.3,+36.2,+49.0,+42.9,+20.6,+21.0,+20.8,+20.8,+20.8,+20.8,+20.6
2024-05-17 00:59,3,+21.3,+29.3,+26.3,+36.3,+49.0,+43.0,+20.5,+21.0,+20.8,+20.7,+20.8,+20.8,+20.6
2024-05-17 01:59,3,+21.3,+29.3,+26.3,+36.3,+49.0,+43.0,+20.5,+21.0,+20.8,+20.7,+21.0,+20.8,+20.7
2024-05-17 02:59,3,+21.3,+29.3,+26.3,+36.3,+49.0,+43.0,+20.5,+21.0,+20.7,+20.7,+21.0,+20.8,+20.7
2024-05-17 03:59,3,+21.3,+29.3,+26.3,+36.1,+49.0,+43.0,+20.5,+21.0,+20.8,+20.8,+21.0,+20.8,+20.7
2024-05-17 04:59,3,+21.3,+29.3,+26.2,+36.2,+49.0,+43.0,+20.3,+20.8,+20.8,+20.7,+21.0,+20.8,+20.7
2024-05-17 05:59,3,+21.3,+29.3,+26.2,+36.1,+49.0,+43.0,+20.3,+20.8,+20.7,+20.7,+20.8,+20.8,+20.7
2024-05-17 06:59,3,+21.3,+29.3,+26.2,+36.2,+49.0,+43.1,+20.3,+20.8,+20.8,+20.8,+21.0,+20.8,+20.6
2024-05-17 07:59,3,+21.3,+29.3,+26.2,+36.1,+49.0,+43.1,+20.3,+20.8,+20.7,+20.8,+21.0,+20.8,+20.7
2024-05-17 08:59,3,+21.2,+29.3,+26.1,+36.1,+49.0,+43.1,+20.5,+20.8,+20.7,+20.7,+20.8,+20.8,+20.7
2024-05-17 09:59,3,+21.2,+29.2,+26.1,+36.1,+49.0,+43.1,+20.7,+20.8,+20.7,+20.8,+20.8,+20.8,+20.7
2024-05-17 10:59,3,+21.2,+29.2,+26.1,+36.1,+49.0,+43.1,+20.8,+20.8,+20.7,+20.7,+21.0,+20.8,+20.7
2024-05-17 11:59,3,+21.3,+29.2,+26.1,+36.1,+49.0,+43.1,+21.0,+21.0,+20.7,+20.8,+20.8,+20.8,+20.6
2024-05-17 12:59,3,+22.5,+36.3,+43.2,+60.2,+49.3,+43.3,+20.2,+20.6,+20.5,+20.6,+21.0,+20.8,+20.7
2024-05-17 13:59,3,+22.6,+34.8,+33.1,+60.1,+49.5,+43.5,+20.2,+20.6,+20.6,+20.6,+20.8,+20.8,+20.7
2024-05-17 14:59,3,+22.7,+34.3,+30.8,+53.1,+49.7,+43.8,+20.5,+20.7,+20.6,+20.7,+20.8,+20.8,+20.7
2024-05-17 15:59,3,+22.7,+33.7,+29.8,+43.0,+49.6,+44.4,+20.6,+20.7,+20.6,+20.7,+20.8,+20.8,+20.6
2024-05-17 16:59,3,+22.8,+33.1,+29.1,+37.6,+49.6,+45.3,+20.6,+20.7,+20.6,+20.6,+20.8,+20.8,+20.6
2024-05-17 17:59,3,+22.8,+32.8,+28.7,+37.3,+49.7,+46.4,+20.6,+20.8,+20.6,+20.7,+20.8,+20.8,+20.7
2024-05-17 18:59,3,+22.9,+32.2,+28.4,+37.1,+49.7,+46.7,+20.6,+20.8,+20.6,+20.7,+20.8,+20.8,+20.7
2024-05-17 19:59,3,+22.9,+32.0,+28.2,+37.1,+49.7,+46.8,+20.6,+20.8,+20.6,+20.7,+20.8,+20.8,+20.7
2024-05-17 20:59,3,+23.0,+31.9,+28.1,+36.9,+49.7,+46.8,+20.6,+20.8,+20.6,+20.7,+20.8,+20.8,+20.7
2024-05-17 21:59,3,+23.0,+31.7,+28.0,+36.8,+49.7,+46.8,+20.6,+20.8,+20.7,+20.7,+20.8,+20.8,+20.6
2024-05-17 22:59,3,+24.0,+35.5,+32.9,+47.0,+49.8,+46.8,+20.5,+20.8,+20.6,+20.7,+20.8,+20.8,+20.7
2024-05-17 23:59,3,+24.3,+34.3,+31.5,+46.4,+49.9,+47.0,+20.5,+20.8,+20.7,+20.7,+20.8,+20.8,+20.6
2024-05-18 00:59,3,+24.3,+34.0,+30.7,+39.9,+49.9,+47.8,+20.5,+20.8,+20.7,+20.7,+20.8,+20.8,+20.7
2024-05-18 01:59,3,+24.3,+33.9,+30.0,+37.9,+50.0,+48.0,+20.5,+20.8,+20.7,+20.7,+20.8,+20.8,+20.6
2024-05-18 02:59,3,+24.6,+33.8,+29.5,+37.5,+49.9,+48.0,+20.5,+20.8,+20.7,+20.7,+20.8,+20.8,+20.6
2024-05-18 03:59,3,+24.7,+33.6,+29.1,+37.4,+49.9,+47.9,+20.5,+20.8,+20.7,+20.7,+20.8,+20.8,+20.6
2024-05-18 04:59,3,+24.8,+33.8,+28.8,+37.2,+49.9,+47.8,+20.5,+20.8,+20.7,+20.7,+20.8,+20.8,+20.7
2024-05-18 05:59,3,+24.8,+34.0,+28.7,+37.1,+49.9,+47.8,+20.5,+20.8,+20.7,+20.7,+20.8,+20.8,+20.6
2024-05-18 06:59,3,+24.9,+34.1,+28.6,+37.0,+49.9,+47.8,+20.5,+20.8,+20.7,+20.7,+20.8,+20.8,+20.6
2024-05-18 07:59,3,+25.0,+33.8,+28.5,+37.1,+50.0,+47.8,+20.5,+20.8,+20.7,+20.7,+20.8,+20.8,+20.7
2024-05-18 08:59,3,+25.1,+33.6,+28.4,+36.9,+49.9,+47.7,+20.6,+20.8,+20.7,+20.7,+20.8,+20.7,+20.6
2024-05-18 09:59,3,+25.1,+33.5,+28.3,+36.9,+49.9,+47.6,+20.7,+20.8,+20.7,+20.7,+20.8,+20.8,+20.7
2024-05-18 10:59,3,+25.1,+33.3,+28.3,+36.8,+50.0,+47.6,+20.8,+20.8,+20.7,+20.7,+20.8,+20.8,+20.7
2024-05-18 11:59,3,+25.1,+33.1,+28.2,+36.9,+50.0,+47.6,+21.1,+21.0,+20.7,+20.7,+20.8,+20.7,+20.7
2024-05-18 12:59,3,+25.0,+33.2,+28.1,+36.9,+50.0,+47.5,+21.2,+21.0,+20.7,+20.7,+20.8,+20.8,+20.6
2024-05-18 13:59,3,+25.0,+32.8,+28.1,+36.7,+49.9,+47.5,+21.3,+21.0,+20.7,+20.7,+20.8,+20.8,+20.7
2024-05-18 14:59,3,+25.1,+33.4,+28.0,+36.7,+49.9,+47.4,+21.6,+21.1,+20.7,+20.7,+20.8,+20.8,+20.6
2024-05-18 15:59,3,+25.4,+33.1,+28.0,+36.7,+49.9,+47.4,+22.2,+21.1,+20.7,+20.6,+20.8,+20.8,+20.6
2024-05-18 16:59,3,+25.5,+32.9,+28.1,+36.8,+49.9,+47.3,+22.5,+21.3,+20.8,+20.7,+20.8,+20.8,+20.6
2024-05-18 17:59,3,+25.5,+32.8,+28.7,+36.8,+49.9,+47.3,+22.3,+21.5,+20.7,+20.7,+20.8,+20.8,+20.6
2024-05-18 18:59,3,+25.5,+32.7,+28.9,+36.7,+49.9,+47.2,+22.1,+21.5,+20.8,+20.7,+20.8,+20.8,+20.6
2024-05-18 19:59,3,+25.5,+32.7,+28.8,+36.7,+49.9,+47.2,+22.0,+21.6,+20.8,+20.7,+20.8,+20.8,+20.6
2024-05-18 20:59,3,+25.7,+32.2,+28.3,+36.7,+49.9,+47.2,+21.7,+21.6,+20.8,+20.7,+20.8,+20.8,+20.6
2024-05-18 21:59,3,+25.7,+32.2,+28.3,+36.7,+49.9,+47.1,+21.7,+21.6,+21.0,+20.7,+20.8,+20.8,+20.6
2024-05-18 22:59,3,+25.8,+32.0,+28.3,+36.6,+49.8,+47.0,+21.6,+21.6,+21.0,+20.7,+20.8,+20.7,+20.6
2024-05-18 23:59,3,+25.7,+32.0,+28.2,+36.7,+49.9,+47.0,+21.5,+21.6,+21.0,+20.7,+20.8,+20.8,+20.6
2024-05-19 00:59,3,+25.7,+31.9,+28.2,+36.7,+49.8,+47.0,+21.3,+21.6,+21.0,+20.8,+20.8,+20.8,+20.7
2024-05-19 01:59,3,+25.6,+31.9,+28.2,+36.5,+49.8,+47.0,+21.2,+21.6,+21.0,+20.8,+20.8,+20.8,+20.6
2024-05-19 02:59,3,+25.6,+31.9,+28.2,+36.5,+49.8,+46.9,+21.2,+21.5,+21.0,+20.8,+20.8,+20.8,+20.6
2024-05-19 03:59,3,+25.6,+31.8,+28.2,+36.6,+49.8,+46.9,+21.1,+21.5,+21.1,+20.8,+21.0,+20.8,+20.7
2024-05-19 04:59,3,+25.5,+31.8,+28.1,+36.5,+49.8,+46.9,+21.0,+21.5,+21.1,+20.8,+20.8,+20.8,+20.7
2024-05-19 05:59,3,+25.5,+31.8,+28.1,+36.6,+49.8,+46.9,+21.0,+21.5,+21.0,+20.8,+20.8,+20.8,+20.6
2024-05-19 06:59,3,+25.5,+31.9,+28.1,+36.5,+49.8,+46.9,+21.0,+21.3,+21.0,+20.8,+21.0,+20.7,+20.6
2024-05-19 07:59,3,+25.6,+32.0,+28.1,+36.6,+49.8,+46.9,+21.0,+21.3,+21.0,+20.8,+20.8,+20.8,+20.7
2024-05-19 08:59,3,+25.6,+32.0,+28.0,+36.5,+49.7,+46.8,+21.0,+21.3,+21.1,+20.8,+21.0,+20.8,+20.7
2024-05-19 09:59,3,+25.5,+32.0,+28.0,+36.5,+49.7,+46.8,+21.1,+21.3,+21.1,+20.8,+21.0,+20.8,+20.6
2024-05-19 10:59,3,+25.4,+32.0,+28.0,+36.5,+49.7,+46.8,+21.2,+21.3,+21.0,+20.8,+20.8,+20.8,+20.6
2024-05-19 11:59,3,+25.4,+32.0,+28.0,+36.5,+49.8,+46.8,+21.3,+21.3,+21.0,+20.8,+21.0,+20.8,+20.6
2024-05-19 12:59,3,+25.3,+32.0,+28.0,+36.5,+49.8,+46.8,+21.3,+21.3,+21.0,+20.8,+21.0,+20.8,+20.6
2024-05-19 13:59,3,+25.3,+31.9,+28.0,+36.4,+49.7,+46.8,+21.5,+21.5,+21.0,+20.8,+20.8,+20.8,+20.6
2024-05-19 14:59,3,+25.3,+31.8,+28.0,+36.5,+49.7,+46.8,+21.6,+21.5,+21.1,+21.0,+21.0,+20.8,+20.6
2024-05-19 15:59,3,+25.3,+32.3,+28.4,+36.5,+49.7,+46.7,+21.6,+21.3,+21.0,+20.8,+21.0,+20.8,+20.6
2024-05-19 16:59,3,+25.3,+31.9,+28.0,+36.5,+49.7,+46.7,+21.5,+21.5,+21.0,+21.0,+21.0,+20.8,+20.6
2024-05-19 17:59,3,+25.3,+31.7,+27.9,+36.4,+49.7,+46.7,+21.5,+21.5,+21.0,+21.0,+21.0,+20.8,+20.6
2024-05-19 18:59,3,+25.3,+31.7,+27.9,+36.5,+49.7,+46.7,+21.3,+21.5,+21.1,+21.0,+21.0,+20.8,+20.6
2024-05-19 19:59,3,+25.3,+31.7,+27.9,+36.5,+49.7,+46.7,+21.3,+21.5,+21.1,+20.8,+21.0,+20.8,+20.6
2024-05-19 20:59,3,+25.3,+31.7,+27.9,+36.5,+49.7,+46.7,+21.2,+21.5,+21.1,+21.0,+21.0,+20.8,+20.6
2024-05-19 21:59,3,+25.2,+31.8,+27.9,+36.5,+49.7,+46.7,+21.2,+21.5,+21.1,+21.0,+21.0,+20.8,+20.7
2024-05-19 22:59,3,+25.2,+31.8,+27.9,+36.5,+49.7,+46.6,+21.1,+21.5,+21.1,+21.0,+21.0,+21.0,+20.6
2024-05-19 23:59,3,+25.2,+31.8,+27.8,+36.5,+49.7,+46.6,+21.1,+21.5,+21.1,+21.0,+21.0,+20.8,+20.7
2024-05-20 00:59,3,+25.2,+31.7,+27.8,+36.4,+49.6,+46.6,+21.0,+21.5,+21.1,+21.0,+21.0,+20.8,+20.7
2024-05-20 01:59,3,+25.2,+31.8,+27.8,+36.5,+49.7,+46.6,+21.0,+21.3,+21.1,+21.0,+21.0,+20.8,+20.6
2024-05-20 02:59,3,+25.1,+31.8,+27.8,+36.5,+49.7,+46.6,+20.8,+21.3,+21.1,+21.0,+21.0,+20.8,+20.6
2024-05-20 03:59,3,+25.1,+31.8,+27.8,+36.3,+49.6,+46.5,+20.8,+21.3,+21.1,+21.0,+21.0,+20.8,+20.7
2024-05-20 04:59,3,+25.1,+31.8,+27.8,+36.5,+49.6,+46.5,+20.8,+21.3,+21.1,+21.0,+21.0,+20.8,+20.7
2024-05-20 05:59,3,+25.1,+31.8,+27.8,+36.5,+49.6,+46.5,+20.8,+21.3,+21.1,+21.0,+21.0,+20.8,+20.7
2024-05-20 06:59,3,+25.1,+31.7,+27.8,+36.5,+49.6,+46.5,+20.7,+21.2,+21.1,+21.0,+21.0,+20.8,+20.7
2024-05-20 07:59,3,+25.1,+31.7,+27.7,+36.4,+49.6,+46.5,+20.7,+21.2,+21.1,+21.0,+21.0,+20.8,+20.7
2024-05-20 08:59,3,+25.0,+31.7,+27.7,+36.4,+49.6,+46.5,+20.8,+21.2,+21.1,+21.0,+21.0,+20.8,+20.6
2024-05-20 09:59,3,+25.0,+31.7,+27.7,+36.3,+49.5,+46.4,+21.0,+21.2,+21.1,+21.0,+21.0,+20.8,+20.7
2024-05-20 10:59,3,+25.1,+31.7,+27.7,+36.4,+49.6,+46.4,+21.0,+21.2,+21.1,+21.0,+21.0,+20.8,+20.7
2024-05-20 11:59,3,+25.0,+31.6,+27.7,+36.4,+49.6,+46.4,+21.1,+21.3,+21.0,+21.0,+21.0,+20.8,+20.7
2024-05-20 12:59,3,+24.9,+31.6,+27.7,+36.3,+49.5,+46.4,+21.3,+21.2,+21.1,+21.0,+21.0,+20.8,+20.7
2024-05-20 13:59,3,+24.8,+31.5,+27.6,+36.3,+49.5,+46.4,+21.5,+21.3,+21.0,+21.0,+21.0,+21.0,+20.7
2024-05-20 14:59,3,+24.8,+31.5,+27.6,+36.4,+49.6,+46.4,+21.7,+21.3,+21.0,+21.0,+21.0,+20.8,+20.7
2024-05-20 15:59,3,+24.7,+31.4,+27.6,+36.3,+49.5,+46.4,+22.1,+21.5,+21.0,+21.0,+21.0,+20.8,+20.7
2024-05-20 16:59,3,+24.7,+31.2,+27.6,+36.3,+49.5,+46.4,+22.3,+21.5,+21.0,+21.0,+21.1,+20.8,+20.7
2024-05-20 17:59,3,+24.7,+31.3,+27.6,+36.4,+49.5,+46.4,+22.2,+21.6,+21.1,+21.0,+21.0,+20.8,+20.7
2024-05-20 18:59,3,+24.8,+31.3,+27.6,+36.4,+49.5,+46.4,+22.1,+21.6,+21.1,+21.0,+21.0,+21.0,+20.7
2024-05-20 19:59,3,+24.9,+31.3,+27.6,+36.3,+49.5,+46.3,+22.0,+21.7,+21.1,+21.0,+21.0,+21.0,+20.7
2024-05-20 20:59,3,+24.9,+31.3,+27.6,+36.3,+49.5,+46.3,+21.8,+21.7,+21.2,+21.0,+21.0,+21.0,+20.7
2024-05-20 21:59,3,+24.9,+31.3,+27.6,+36.4,+49.5,+46.3,+21.8,+21.7,+21.2,+21.0,+21.0,+20.8,+20.7
2024-05-20 22:59,3,+24.9,+31.3,+27.5,+36.4,+49.5,+46.3,+21.7,+21.7,+21.2,+21.0,+21.0,+20.8,+20.7
2024-05-20 23:59,3,+24.8,+31.3,+27.5,+36.3,+49.5,+46.3,+21.6,+21.7,+21.2,+21.0,+21.0,+20.8,+20.7
2024-05-21 00:59,3,+24.8,+31.3,+27.5,+36.4,+49.5,+46.3,+21.6,+21.7,+21.2,+21.0,+21.1,+20.8,+20.7
2024-05-21 01:59,3,+24.8,+31.3,+27.5,+36.4,+49.5,+46.3,+21.5,+21.7,+21.2,+21.0,+21.0,+20.8,+20.7
2024-05-21 02:59,3,+24.8,+31.3,+27.5,+36.4,+49.5,+46.3,+21.3,+21.7,+21.2,+21.0,+21.0,+21.0,+20.7
2024-05-21 03:59,3,+24.8,+31.3,+27.5,+36.3,+49.5,+46.2,+21.2,+21.7,+21.2,+21.0,+21.0,+21.0,+20.7
2024-05-21 04:59,3,+24.8,+31.3,+27.5,+36.3,+49.4,+46.2,+21.2,+21.7,+21.2,+21.1,+21.0,+21.0,+20.7
2024-05-21 05:59,3,+24.8,+31.3,+27.5,+36.4,+49.5,+46.2,+21.1,+21.6,+21.2,+21.0,+21.0,+20.8,+20.7
2024-05-21 06:59,3,+24.8,+31.3,+27.4,+36.3,+49.5,+46.2,+21.1,+21.6,+21.2,+21.1,+21.0,+20.8,+20.7
2024-05-21 07:59,3,+24.7,+31.3,+27.4,+36.4,+49.5,+46.2,+21.1,+21.6,+21.2,+21.1,+21.0,+21.0,+20.7
2024-05-21 08:59,3,+24.6,+31.3,+27.4,+36.3,+49.5,+46.2,+21.1,+21.5,+21.2,+21.1,+21.0,+21.0,+20.7
2024-05-21 09:59,3,+24.6,+31.2,+27.4,+36.4,+49.5,+46.2,+21.2,+21.5,+21.2,+21.1,+21.1,+21.0,+20.7
2024-05-21 10:59,3,+24.5,+31.2,+27.4,+36.4,+49.5,+46.1,+21.5,+21.5,+21.2,+21.1,+21.1,+21.0,+20.7
2024-05-21 11:59,3,+24.5,+31.2,+27.4,+36.2,+49.4,+46.1,+21.6,+21.5,+21.2,+21.1,+21.1,+21.0,+20.7
2024-05-21 12:59,3,+24.3,+31.1,+27.4,+36.2,+49.4,+46.1,+21.7,+21.6,+21.2,+21.1,+21.1,+21.0,+20.7
2024-05-21 13:59,3,+24.3,+31.1,+27.3,+36.2,+49.4,+46.1,+22.0,+21.6,+21.2,+21.1,+21.1,+21.0,+20.7
2024-05-21 14:59,3,+24.3,+31.1,+27.3,+36.3,+49.5,+46.1,+22.1,+21.6,+21.2,+21.1,+21.1,+21.0,+20.7
2024-05-21 15:59,3,+24.2,+30.9,+27.3,+36.2,+49.4,+46.1,+22.7,+21.7,+21.2,+21.1,+21.1,+21.0,+20.7
2024-05-21 16:59,3,+24.1,+30.9,+27.3,+36.3,+49.4,+46.1,+23.0,+21.8,+21.2,+21.1,+21.1,+21.0,+20.7
2024-05-21 17:59,3,+24.1,+30.9,+27.3,+36.3,+49.4,+46.1,+22.7,+22.0,+21.2,+21.1,+21.1,+21.0,+20.7
2024-05-21 18:59,3,+24.1,+31.0,+27.3,+36.2,+49.4,+46.1,+22.5,+22.1,+21.3,+21.1,+21.1,+21.0,+20.7
2024-05-21 19:59,3,+24.2,+31.0,+27.3,+36.3,+49.4,+46.1,+22.2,+22.1,+21.3,+21.1,+21.1,+21.0,+20.7
2024-05-21 20:59,3,+24.2,+31.0,+27.3,+36.3,+49.4,+46.1,+22.1,+22.1,+21.3,+21.1,+21.1,+21.0,+20.7
2024-05-21 21:59,3,+24.1,+31.0,+27.2,+36.3,+49.4,+46.1,+22.0,+22.1,+21.3,+21.1,+21.1,+21.0,+20.7
2024-05-21 22:59,3,+24.1,+31.0,+27.2,+36.3,+49.4,+46.0,+21.8,+22.1,+21.5,+21.1,+21.1,+21.0,+20.7
2024-05-21 23:59,3,+24.1,+31.0,+27.2,+36.3,+49.4,+46.0,+21.6,+22.0,+21.5,+21.1,+21.1,+21.0,+20.7
2024-05-22 00:59,3,+24.1,+31.0,+27.2,+36.3,+49.4,+46.0,+21.5,+22.0,+21.5,+21.1,+21.1,+21.0,+20.7
2024-05-22 01:59,3,+24.1,+31.0,+27.2,+36.2,+49.4,+46.0,+21.3,+21.8,+21.3,+21.2,+21.1,+21.0,+20.7
2024-05-22 02:59,3,+24.0,+31.0,+27.2,+36.2,+49.3,+46.0,+21.2,+21.8,+21.3,+21.1,+21.1,+21.0,+20.7
2024-05-22 03:59,3,+24.0,+31.0,+27.2,+36.3,+49.4,+46.0,+21.1,+21.8,+21.3,+21.2,+21.1,+21.0,+20.8
2024-05-22 04:59,3,+24.0,+30.9,+27.2,+36.2,+49.3,+46.0,+21.0,+21.7,+21.5,+21.2,+21.1,+21.0,+20.7
2024-05-22 05:59,3,+24.0,+31.0,+27.2,+36.2,+49.3,+46.0,+21.0,+21.7,+21.3,+21.2,+21.1,+21.0,+20.7
2024-05-22 06:59,3,+24.0,+31.0,+27.2,+36.2,+49.3,+46.0,+20.8,+21.6,+21.3,+21.1,+21.1,+21.0,+20.7
2024-05-22 07:59,3,+24.0,+31.0,+27.2,+36.3,+49.4,+46.0,+21.0,+21.6,+21.5,+21.2,+21.1,+21.0,+20.7
2024-05-22 08:59,3,+23.9,+31.0,+27.1,+36.2,+49.3,+45.9,+21.1,+21.5,+21.3,+21.2,+21.1,+21.0,+20.7
2024-05-22 09:59,3,+23.9,+31.0,+27.1,+36.2,+49.3,+45.9,+21.1,+21.6,+21.3,+21.2,+21.2,+21.0,+20.7
2024-05-22 10:59,3,+23.8,+30.9,+27.1,+36.2,+49.3,+45.9,+21.2,+21.6,+21.3,+21.2,+21.1,+21.0,+20.7
2024-05-22 11:59,3,+23.8,+30.9,+27.1,+36.3,+49.4,+45.9,+21.3,+21.5,+21.3,+21.2,+21.2,+21.0,+20.7