
2024-03-26 09:24,1,+35.7,+39.6,+20.8,+9.6,+32.3,+45.1,+19.5,+19.6,+19.6,+19.1,+19.1,+19.1,+18.6
2024-03-26 10:24,1,+35.6,+39.5,+20.8,+9.4,+32.2,+45.0,+19.6,+19.6,+19.6,+19.1,+19.0,+19.1,+18.6
2024-03-26 11:24,1,+35.4,+39.5,+20.8,+9.6,+32.3,+45.0,+19.7,+19.6,+19.6,+19.1,+19.1,+19.1,+18.6
2024-03-26 12:24,1,+35.2,+39.5,+20.8,+9.4,+32.2,+45.0,+19.8,+19.6,+19.6,+19.1,+19.1,+19.1,+18.6
2024-03-26 13:24,1,+35.1,+39.4,+20.8,+9.5,+32.3,+45.0,+20.1,+19.7,+19.6,+19.1,+19.1,+19.1,+18.6
2024-03-26 14:24,1,+34.9,+39.4,+20.8,+9.5,+32.2,+45.0,+20.2,+19.7,+19.6,+19.1,+19.1,+19.0,+18.6
2024-03-26 15:24,1,+34.8,+39.4,+20.7,+9.4,+32.2,+44.9,+20.3,+19.7,+19.6,+19.1,+19.0,+19.0,+18.7
2024-03-26 16:24,1,+34.6,+39.3,+20.8,+9.5,+32.2,+44.9,+20.5,+19.8,+19.6,+19.1,+19.0,+19.1,+18.6
2024-03-26 17:24,1,+34.6,+39.3,+20.7,+9.4,+32.2,+44.9,+20.5,+19.8,+19.6,+19.1,+19.1,+19.1,+18.6
2024-03-26 18:24,1,+34.5,+39.3,+20.7,+9.5,+32.2,+44.9,+20.3,+20.0,+19.6,+19.1,+19.1,+19.1,+18.6
2024-03-26 19:24,1,+34.5,+39.4,+20.7,+9.5,+32.2,+44.9,+20.3,+20.0,+19.6,+19.1,+19.1,+19.1,+18.6
2024-03-26 20:24,1,+34.4,+39.4,+20.7,+9.4,+32.2,+44.9,+20.2,+20.0,+19.6,+19.2,+19.1,+19.1,+18.6
2024-03-26 21:24,1,+34.3,+39.4,+20.7,+9.4,+32.2,+44.9,+20.2,+20.0,+19.6,+19.1,+19.1,+19.1,+18.6
2024-03-26 22:24,1,+34.3,+39.4,+20.7,+9.4,+32.2,+44.9,+20.2,+20.0,+19.6,+19.1,+19.0,+19.1,+18.7
2024-03-26 23:24,1,+34.3,+39.3,+20.7,+9.4,+32.2,+44.9,+20.1,+20.0,+19.6,+19.1,+19.1,+19.1,+18.6
2024-03-27 00:24,1,+34.2,+39.2,+20.7,+9.4,+32.2,+44.9,+20.0,+20.0,+19.7,+19.2,+19.1,+19.1,+18.6
2024-03-27 01:24,1,+34.2,+39.2,+20.7,+9.5,+32.2,+44.9,+20.0,+20.0,+19.7,+19.1,+19.1,+19.0,+18.7
2024-03-27 02:24,1,+34.1,+39.2,+20.7,+9.4,+32.2,+44.9,+20.0,+19.8,+19.7,+19.2,+19.1,+19.1,+18.6
2024-03-27 03:24,1,+34.1,+39.2,+20.7,+9.5,+32.2,+45.0,+19.8,+19.8,+19.7,+19.2,+19.1,+19.1,+18.7
2024-03-27 04:24,1,+34.1,+39.2,+20.7,+9.5,+32.2,+44.9,+19.8,+19.8,+19.7,+19.2,+19.1,+19.1,+18.6
2024-03-27 05:24,1,+34.1,+39.2,+20.7,+9.5,+32.2,+44.9,+19.7,+19.8,+19.7,+19.2,+19.1,+19.1,+18.6
2024-03-27 06:24,1,+34.0,+39.2,+20.7,+9.5,+32.2,+44.9,+19.7,+19.8,+19.7,+19.2,+19.1,+19.1,+18.6
2024-03-27 07:24,1,+33.9,+39.2,+20.7,+9.5,+32.2,+44.9,+19.7,+19.8,+19.7,+19.2,+19.1,+19.1,+18.7
2024-03-27 08:24,1,+33.9,+39.2,+20.7,+9.4,+32.2,+44.9,+19.7,+19.8,+19.7,+19.1,+19.1,+19.1,+18.6
2024-03-27 09:24,1,+33.8,+39.2,+20.7,+9.4,+32.1,+44.9,+19.7,+19.7,+19.7,+19.2,+19.1,+19.1,+18.6
2024-03-27 10:24,1,+33.7,+39.1,+20.7,+9.4,+32.1,+44.9,+19.8,+19.7,+19.7,+19.2,+19.1,+19.1,+18.6
2024-03-27 11:24,1,+33.6,+39.1,+20.7,+9.4,+32.1,+44.8,+20.0,+19.7,+19.7,+19.2,+19.1,+19.1,+18.6
2024-03-27 12:24,1,+33.4,+39.1,+20.7,+9.5,+32.2,+44.9,+20.1,+19.8,+19.7,+19.2,+19.1,+19.1,+18.6
2024-03-27 13:24,1,+33.3,+39.1,+20.7,+9.4,+32.1,+44.8,+20.1,+19.8,+19.7,+19.2,+19.2,+19.1,+18.6
2024-03-27 14:24,1,+33.2,+39.1,+20.7,+9.4,+32.1,+44.8,+20.2,+19.8,+19.7,+19.2,+19.1,+19.2,+18.6
2024-03-27 15:24,1,+40.9,+41.1,+20.8,+9.4,+32.1,+44.8,+20.2,+20.0,+19.7,+19.2,+19.1,+19.1,+18.7
2024-03-27 16:24,1,+45.8,+43.5,+22.0,+9.7,+32.3,+45.7,+20.1,+20.0,+19.7,+19.3,+19.1,+19.2,+18.7
2024-03-27 17:24,1,+44.9,+43.3,+22.3,+10.0,+32.4,+46.8,+20.1,+20.0,+19.7,+19.2,+19.1,+19.1,+18.6
2024-03-27 18:24,1,+44.5,+43.0,+22.4,+10.1,+32.6,+47.2,+20.1,+20.0,+19.8,+19.2,+19.1,+19.1,+18.7
2024-03-27 19:24,1,+44.2,+42.8,+22.4,+10.2,+32.9,+47.4,+20.0,+20.0,+19.7,+19.2,+19.1,+19.2,+18.6
2024-03-27 20:24,1,+44.0,+42.7,+22.3,+10.1,+33.1,+47.6,+20.0,+20.0,+19.8,+19.2,+19.2,+19.2,+18.6
2024-03-27 21:24,1,+43.9,+42.7,+22.3,+10.1,+33.3,+47.7,+20.0,+20.0,+19.8,+19.2,+19.1,+19.2,+18.7
2024-03-27 22:24,1,+43.8,+42.6,+22.3,+10.3,+33.5,+47.9,+20.0,+20.0,+19.8,+19.2,+19.2,+19.1,+18.6
2024-03-27 23:24,1,+43.7,+42.5,+22.3,+10.2,+33.5,+47.9,+19.8,+20.0,+19.8,+19.3,+19.2,+19.1,+18.7
2024-03-28 00:24,1,+43.6,+42.5,+22.3,+10.2,+33.6,+48.0,+19.8,+20.0,+19.8,+19.2,+19.1,+19.2,+18.7
2024-03-28 01:24,1,+43.5,+42.5,+22.3,+10.2,+33.5,+48.0,+19.8,+20.0,+19.8,+19.3,+19.2,+19.2,+18.7
2024-03-28 02:24,1,+43.4,+42.5,+22.2,+10.2,+33.6,+48.0,+19.8,+20.0,+19.8,+19.2,+19.2,+19.2,+18.7
2024-03-28 03:24,1,+43.4,+42.4,+22.2,+10.2,+33.5,+48.0,+19.8,+19.8,+19.8,+19.3,+19.2,+19.2,+18.7
2024-03-28 04:24,1,+43.3,+42.4,+22.2,+10.2,+33.6,+48.0,+19.8,+19.8,+19.7,+19.3,+19.2,+19.2,+18.7
2024-03-28 05:24,1,+43.2,+42.4,+22.2,+10.1,+33.5,+48.0,+19.8,+19.8,+19.8,+19.3,+19.2,+19.2,+18.8
2024-03-28 06:24,1,+43.1,+42.3,+22.2,+10.1,+33.5,+48.0,+19.7,+19.8,+19.7,+19.3,+19.2,+19.2,+18.7
2024-03-28 07:24,1,+43.1,+42.3,+22.2,+10.2,+33.5,+48.0,+19.7,+19.8,+19.7,+19.3,+19.2,+19.2,+18.7
2024-03-28 08:24,1,+43.1,+42.3,+22.2,+10.2,+33.5,+48.0,+19.8,+19.8,+19.8,+19.3,+19.2,+19.2,+18.7
2024-03-28 09:24,1,+43.0,+42.3,+22.2,+10.2,+33.5,+48.0,+19.8,+19.8,+19.8,+19.3,+19.2,+19.2,+18.7
2024-03-28 10:24,1,+42.9,+42.3,+22.2,+10.2,+33.5,+48.0,+20.0,+19.8,+19.8,+19.3,+19.2,+19.2,+18.8
2024-03-28 11:24,1,+42.8,+42.2,+22.2,+10.1,+33.4,+47.9,+20.1,+19.8,+19.8,+19.3,+19.2,+19.2,+18.7
2024-03-28 12:24,1,+42.7,+42.2,+22.2,+10.2,+33.4,+47.9,+20.1,+19.8,+19.7,+19.3,+19.2,+19.3,+18.7
2024-03-28 13:24,1,+42.7,+42.2,+22.1,+10.2,+33.4,+47.9,+20.2,+19.8,+19.7,+19.3,+19.2,+19.3,+18.7
2024-03-28 14:24,1,+42.6,+42.1,+22.1,+10.1,+33.4,+47.9,+20.3,+20.0,+19.7,+19.3,+19.2,+19.2,+18.8
2024-03-28 15:24,1,+42.6,+42.1,+22.1,+10.1,+33.4,+47.9,+20.3,+20.0,+19.8,+19.3,+19.2,+19.2,+18.7
2024-03-28 16:24,1,+42.5,+42.0,+22.1,+10.0,+33.3,+47.9,+20.5,+20.1,+19.8,+19.3,+19.2,+19.3,+18.7
2024-03-28 17:24,1,+42.5,+42.0,+22.1,+10.1,+33.3,+47.9,+20.3,+20.1,+19.8,+19.3,+19.3,+19.2,+18.7
2024-03-28 18:24,1,+42.4,+42.0,+22.1,+10.1,+33.3,+47.9,+20.3,+20.1,+19.8,+19.3,+19.2,+19.3,+18.7
2024-03-28 19:24,1,+42.4,+42.0,+22.1,+10.1,+33.3,+47.9,+20.3,+20.1,+19.8,+19.3,+19.2,+19.2,+18.7
2024-03-28 20:24,1,+42.4,+42.0,+22.0,+10.0,+33.3,+47.8,+20.2,+20.1,+19.8,+19.3,+19.2,+19.2,+18.8
2024-03-28 21:24,1,+42.4,+41.9,+22.0,+10.0,+33.2,+47.8,+20.2,+20.1,+20.0,+19.3,+19.2,+19.3,+18.7
2024-03-28 22:24,1,+42.3,+41.9,+22.0,+10.0,+33.2,+47.8,+20.1,+20.1,+19.8,+19.3,+19.2,+19.2,+18.7
2024-03-28 23:24,1,+42.3,+41.8,+22.0,+10.0,+33.2,+47.8,+19.8,+20.1,+19.8,+19.3,+19.2,+19.2,+18.7
2024-03-29 00:24,1,+42.2,+41.8,+22.0,+10.1,+33.3,+47.8,+19.7,+20.0,+19.8,+19.3,+19.2,+19.2,+18.8
2024-03-29 01:24,1,+42.2,+41.8,+22.0,+10.0,+33.2,+47.8,+19.6,+20.0,+19.8,+19.5,+19.2,+19.2,+18.8
2024-03-29 02:24,1,+42.1,+41.8,+22.0,+10.0,+33.2,+47.7,+19.6,+20.0,+19.8,+19.5,+19.2,+19.3,+18.8
2024-03-29 03:24,1,+42.0,+41.8,+22.0,+10.1,+33.2,+47.8,+19.5,+19.8,+19.8,+19.3,+19.3,+19.2,+18.7
2024-03-29 04:24,1,+42.0,+41.8,+21.9,+10.0,+33.2,+47.7,+19.3,+19.8,+19.8,+19.3,+19.3,+19.2,+18.8
2024-03-29 05:24,1,+42.0,+41.8,+21.9,+10.0,+33.2,+47.7,+19.3,+19.8,+19.8,+19.5,+19.2,+19.2,+18.7
2024-03-29 06:24,1,+41.9,+41.8,+21.9,+10.0,+33.2,+47.7,+19.2,+19.7,+19.8,+19.3,+19.3,+19.3,+18.8
2024-03-29 07:24,1,+41.8,+41.7,+21.9,+10.0,+33.1,+47.7,+19.1,+19.7,+19.8,+19.5,+19.3,+19.3,+18.8
2024-03-29 08:24,1,+41.7,+41.8,+21.9,+10.1,+33.2,+47.7,+19.1,+19.7,+19.8,+19.3,+19.3,+19.3,+18.8
2024-03-29 09:24,1,+41.6,+41.8,+21.9,+9.9,+33.1,+47.6,+19.1,+19.6,+19.8,+19.5,+19.3,+19.2,+18.8
2024-03-29 10:24,1,+41.6,+41.7,+21.9,+10.0,+33.2,+47.6,+19.1,+19.6,+19.8,+19.5,+19.3,+19.2,+18.8
2024-03-29 11:24,1,+41.5,+41.7,+21.9,+9.9,+33.1,+47.6,+19.1,+19.5,+19.7,+19.3,+19.3,+19.3,+18.8
2024-03-29 12:24,1,+41.4,+41.6,+21.9,+10.0,+33.1,+47.5,+19.1,+19.5,+19.7,+19.5,+19.3,+19.3,+18.8
2024-03-29 13:24,1,+41.3,+41.6,+21.8,+10.0,+33.1,+47.4,+19.3,+19.5,+19.7,+19.5,+19.3,+19.3,+18.8
2024-03-29 14:24,1,+41.2,+41.6,+21.8,+9.9,+33.0,+47.4,+19.3,+19.5,+19.7,+19.3,+19.3,+19.3,+18.8
2024-03-29 15:24,1,+41.1,+41.7,+21.8,+10.0,+33.1,+47.4,+19.2,+19.5,+19.7,+19.5,+19.3,+19.3,+18.8
2024-03-29 16:24,1,+41.1,+41.6,+21.8,+9.9,+33.0,+47.4,+19.2,+19.5,+19.7,+19.3,+19.3,+19.3,+18.8
2024-03-29 17:24,1,+41.0,+41.7,+21.8,+9.9,+33.0,+47.4,+19.2,+19.5,+19.7,+19.3,+19.3,+19.3,+18.8
2024-03-29 18:24,1,+41.0,+41.8,+21.8,+10.0,+33.0,+47.4,+19.1,+19.5,+19.7,+19.3,+19.3,+19.3,+18.8
2024-03-29 19:24,1,+41.0,+41.8,+21.8,+9.9,+33.0,+47.4,+19.0,+19.5,+19.6,+19.3,+19.3,+19.5,+18.8
2024-03-29 20:24,1,+40.9,+41.7,+21.8,+9.9,+33.0,+47.4,+18.8,+19.3,+19.6,+19.3,+19.2,+19.3,+18.8
2024-03-29 21:24,1,+40.9,+41.7,+21.8,+9.9,+33.0,+47.4,+18.7,+19.3,+19.6,+19.3,+19.3,+19.3,+18.8
2024-03-29 22:24,1,+40.8,+41.7,+21.7,+9.9,+33.0,+47.4,+18.7,+19.3,+19.6,+19.3,+19.3,+19.3,+18.8
2024-03-29 23:24,1,+40.7,+41.7,+21.7,+10.0,+33.0,+47.4,+18.5,+19.2,+19.6,+19.3,+19.2,+19.3,+18.8
2024-03-30 00:24,1,+40.6,+41.7,+21.7,+10.0,+33.0,+47.4,+18.3,+19.2,+19.6,+19.3,+19.3,+19.3,+18.8
2024-03-30 01:24,1,+40.6,+41.6,+21.7,+10.0,+33.0,+47.4,+18.2,+19.1,+19.6,+19.3,+19.2,+19.3,+18.8
2024-03-30 02:24,1,+40.5,+41.6,+21.7,+10.0,+33.0,+47.4,+18.1,+19.1,+19.5,+19.3,+19.2,+19.3,+18.8
2024-03-30 03:24,1,+40.5,+41.6,+21.7,+9.9,+32.9,+47.3,+18.0,+19.0,+19.6,+19.3,+19.3,+19.2,+18.8
2024-03-30 04:24,1,+40.4,+41.6,+21.7,+10.0,+33.0,+47.4,+18.0,+19.0,+19.5,+19.2,+19.2,+19.3,+18.8
2024-03-30 05:24,1,+40.5,+41.6,+21.7,+10.0,+33.0,+47.4,+17.8,+19.0,+19.5,+19.2,+19.2,+19.3,+18.8
2024-03-30 06:24,1,+40.5,+41.6,+21.7,+10.0,+32.9,+47.4,+17.7,+18.8,+19.5,+19.2,+19.2,+19.3,+18.8
2024-03-30 07:24,1,+40.4,+41.5,+21.7,+9.8,+32.9,+47.3,+17.7,+18.7,+19.5,+19.2,+19.3,+19.3,+18.8
2024-03-30 08:24,1,+40.5,+41.5,+21.7,+10.0,+32.9,+47.4,+17.6,+18.6,+19.3,+19.2,+19.3,+19.3,+18.8
2024-03-30 09:24,1,+40.1,+41.5,+21.6,+9.8,+32.9,+47.3,+17.6,+18.6,+19.3,+19.2,+19.3,+19.3,+18.8
2024-03-30 10:24,1,+40.0,+41.4,+21.7,+9.8,+32.9,+47.3,+17.6,+18.6,+19.3,+19.2,+19.3,+19.3,+18.8
2024-03-30 11:24,1,+40.0,+41.4,+21.6,+9.8,+32.9,+47.2,+17.6,+18.5,+19.2,+19.2,+19.3,+19.3,+18.8
2024-03-30 12:24,1,+39.9,+41.4,+21.6,+9.9,+32.9,+47.2,+17.8,+18.5,+19.2,+19.2,+19.3,+19.3,+19.0
2024-03-30 13:24,1,+39.6,+41.3,+21.6,+9.8,+32.8,+47.0,+18.1,+18.5,+19.2,+19.2,+19.2,+19.3,+18.8
2024-03-30 14:24,1,+39.2,+41.3,+21.6,+9.9,+32.9,+47.0,+18.3,+18.5,+19.1,+19.2,+19.2,+19.2,+18.8
2024-03-30 15:24,1,+39.2,+41.3,+21.5,+9.9,+32.8,+47.0,+18.5,+18.5,+19.1,+19.1,+19.2,+19.2,+18.8
2024-03-30 16:24,1,+39.1,+41.2,+21.5,+9.8,+32.8,+47.0,+18.3,+18.5,+19.1,+19.1,+19.2,+19.2,+18.8
2024-03-30 17:24,1,+39.0,+41.2,+21.5,+9.9,+32.8,+47.0,+18.3,+18.6,+19.1,+19.0,+19.2,+19.2,+18.8
2024-03-30 18:24,1,+38.9,+41.2,+21.5,+9.9,+32.8,+47.0,+18.3,+18.6,+19.0,+19.1,+19.2,+19.3,+18.8
2024-03-30 19:24,1,+38.9,+41.2,+21.5,+9.8,+32.8,+47.0,+18.3,+18.6,+19.1,+19.1,+19.2,+19.3,+18.8
2024-03-30 20:24,1,+38.8,+41.1,+21.5,+9.8,+32.8,+47.0,+18.2,+18.6,+19.0,+19.1,+19.1,+19.3,+18.8
2024-03-30 21:24,1,+38.8,+41.1,+21.5,+9.8,+32.8,+47.0,+18.2,+18.6,+19.1,+19.0,+19.1,+19.3,+18.8
2024-03-30 22:24,1,+38.8,+41.1,+21.5,+9.9,+32.8,+47.0,+18.1,+18.7,+19.1,+19.0,+19.2,+19.2,+18.8
2024-03-30 23:24,1,+38.6,+41.1,+21.5,+9.9,+32.8,+47.0,+18.0,+18.6,+19.0,+19.1,+19.2,+19.2,+18.8
2024-03-31 00:24,1,+38.6,+41.1,+21.5,+9.9,+32.8,+47.0,+18.0,+18.6,+19.0,+19.0,+19.2,+19.3,+18.8
2024-03-31 01:24,1,+38.6,+41.0,+21.5,+9.8,+32.7,+47.0,+17.8,+18.6,+19.0,+19.0,+19.1,+19.2,+18.8
2024-03-31 02:24,1,+38.4,+41.0,+21.5,+9.9,+32.8,+47.0,+17.7,+18.5,+19.0,+19.0,+19.1,+19.2,+18.8
2024-03-31 03:24,1,+38.4,+41.0,+21.5,+9.9,+32.7,+47.0,+17.6,+18.5,+19.1,+19.0,+19.1,+19.2,+18.8
2024-03-31 04:24,1,+38.3,+41.0,+21.5,+9.9,+32.8,+47.0,+17.6,+18.5,+19.0,+19.0,+19.2,+19.2,+18.8
2024-03-31 05:24,1,+38.3,+41.0,+21.5,+9.8,+32.7,+46.9,+17.5,+18.3,+19.0,+19.0,+19.1,+19.2,+18.8
2024-03-31 06:24,1,+38.3,+41.0,+21.4,+9.8,+32.7,+46.9,+17.5,+18.3,+18.8,+19.0,+19.1,+19.2,+18.8
2024-03-31 07:24,1,+38.2,+40.9,+21.4,+9.8,+32.7,+46.9,+17.5,+18.2,+18.8,+19.0,+19.2,+19.2,+18.8
2024-03-31 08:24,1,+38.1,+40.9,+21.4,+9.9,+32.7,+46.9,+17.3,+18.2,+18.8,+19.0,+19.1,+19.2,+19.0
2024-03-31 09:24,1,+38.0,+40.9,+21.4,+9.9,+32.7,+46.8,+17.5,+18.2,+19.0,+19.0,+19.2,+19.2,+18.8
2024-03-31 10:24,1,+37.9,+40.8,+21.4,+9.8,+32.6,+46.8,+17.5,+18.2,+18.8,+19.0,+19.1,+19.2,+18.8
2024-03-31 11:24,1,+37.7,+40.8,+21.3,+9.7,+32.6,+46.7,+17.6,+18.1,+18.8,+19.0,+19.1,+19.2,+18.8
2024-03-31 12:24,1,+37.5,+40.8,+21.3,+9.8,+32.7,+46.7,+17.7,+18.1,+18.7,+18.8,+19.2,+19.2,+18.8
2024-03-31 13:24,1,+37.3,+40.7,+21.3,+9.8,+32.7,+46.7,+18.1,+18.2,+18.7,+19.0,+19.1,+19.2,+18.8
2024-03-31 14:24,1,+37.2,+40.7,+21.3,+9.7,+32.6,+46.7,+18.2,+18.2,+18.8,+18.8,+19.1,+19.2,+18.8
2024-03-31 15:24,1,+37.0,+40.6,+21.3,+9.8,+32.7,+46.7,+18.5,+18.2,+18.7,+18.8,+19.1,+19.2,+18.8
2024-03-31 16:24,1,+36.9,+40.6,+21.3,+9.8,+32.6,+46.7,+18.3,+18.3,+18.7,+18.8,+19.1,+19.2,+19.0
2024-03-31 17:24,1,+36.8,+40.6,+21.3,+9.7,+32.6,+46.7,+18.3,+18.3,+18.7,+18.8,+19.1,+19.2,+18.8
2024-03-31 18:24,1,+36.7,+40.6,+21.3,+9.8,+32.6,+46.7,+18.2,+18.5,+18.7,+18.8,+19.1,+19.1,+18.8
2024-03-31 19:24,1,+37.1,+40.5,+21.3,+9.7,+32.6,+46.7,+18.2,+18.5,+18.7,+18.8,+19.1,+19.1,+18.8
2024-03-31 20:24,1,+37.0,+40.5,+21.3,+9.7,+32.6,+46.7,+18.2,+18.5,+18.8,+18.8,+19.0,+19.2,+18.8
2024-03-31 21:24,1,+37.0,+40.5,+21.3,+9.7,+32.6,+46.7,+18.1,+18.3,+18.7,+18.7,+19.1,+19.1,+18.8
2024-03-31 22:24,1,+37.0,+40.5,+21.2,+9.8,+32.6,+46.7,+18.0,+18.5,+18.7,+18.8,+19.1,+19.1,+18.8
2024-03-31 23:24,1,+37.0,+40.5,+21.2,+9.8,+32.6,+46.7,+18.0,+18.5,+18.7,+18.8,+19.0,+19.2,+18.8
2024-04-01 00:24,1,+36.9,+40.4,+21.2,+9.8,+32.6,+46.7,+17.8,+18.3,+18.7,+18.8,+19.0,+19.2,+18.7
2024-04-01 01:24,1,+36.9,+40.4,+21.2,+9.7,+32.5,+46.6,+17.7,+18.3,+18.8,+18.8,+19.0,+19.1,+18.8
2024-04-01 02:24,1,+36.9,+40.4,+21.2,+9.8,+32.6,+46.7,+17.7,+18.3,+18.7,+18.8,+19.1,+19.1,+18.7
2024-04-01 03:24,1,+36.8,+40.4,+21.2,+9.8,+32.6,+46.6,+17.6,+18.3,+18.7,+18.7,+19.0,+19.1,+18.8
2024-04-01 04:24,1,+36.7,+40.4,+21.2,+9.8,+32.6,+46.6,+17.6,+18.3,+18.7,+18.8,+19.0,+19.1,+18.7
2024-04-01 05:24,1,+36.7,+40.4,+21.2,+9.8,+32.6,+46.6,+17.6,+18.2,+18.8,+18.8,+19.1,+19.2,+18.8
2024-04-01 06:24,1,+36.7,+40.3,+21.2,+9.7,+32.5,+46.5,+17.5,+18.2,+18.7,+18.8,+19.0,+19.1,+18.7
2024-04-01 07:24,1,+36.7,+40.3,+21.2,+9.8,+32.6,+46.6,+17.6,+18.2,+18.7,+18.7,+19.0,+19.1,+18.8
2024-04-01 08:24,1,+36.6,+40.3,+21.2,+9.8,+32.6,+46.5,+17.6,+18.1,+18.6,+18.8,+19.0,+19.1,+18.8
2024-04-01 09:24,1,+36.6,+40.3,+21.2,+9.7,+32.5,+46.4,+17.7,+18.1,+18.7,+18.7,+19.0,+19.1,+18.8
2024-04-01 10:24,1,+36.5,+40.2,+21.1,+9.7,+32.5,+46.4,+17.7,+18.1,+18.7,+18.7,+19.0,+19.1,+18.8
2024-04-01 11:24,1,+36.3,+40.2,+21.1,+9.7,+32.5,+46.4,+17.8,+18.2,+18.6,+18.7,+19.0,+19.1,+18.8
2024-04-01 12:24,1,+36.2,+40.1,+21.1,+9.8,+32.5,+46.4,+18.1,+18.2,+18.7,+18.7,+19.0,+19.1,+18.7
2024-04-01 13:24,1,+36.0,+40.1,+21.1,+9.6,+32.5,+46.3,+18.5,+18.2,+18.6,+18.7,+19.0,+19.1,+18.8
2024-04-01 14:24,1,+35.8,+40.1,+21.1,+9.8,+32.5,+46.3,+18.6,+18.2,+18.7,+18.7,+19.0,+19.1,+18.8
2024-04-01 15:24,1,+35.7,+40.0,+21.1,+9.8,+32.5,+46.3,+18.7,+18.3,+18.7,+18.7,+19.0,+19.1,+18.7
2024-04-01 16:24,1,+35.5,+40.0,+21.1,+9.6,+32.5,+46.3,+18.6,+18.5,+18.7,+18.7,+19.0,+19.1,+18.7
2024-04-01 17:24,1,+35.4,+40.0,+21.1,+9.6,+32.4,+46.3,+18.6,+18.5,+18.6,+18.7,+19.0,+19.1,+18.7
2024-04-01 18:24,1,+35.4,+40.0,+21.1,+9.6,+32.4,+46.3,+18.5,+18.5,+18.6,+18.7,+19.0,+19.1,+18.8
2024-04-01 19:24,1,+35.5,+40.0,+21.0,+9.6,+32.4,+46.3,+18.5,+18.5,+18.7,+18.6,+19.0,+19.1,+18.7
2024-04-01 20:24,1,+35.4,+39.9,+21.0,+9.6,+32.4,+46.3,+18.3,+18.6,+18.7,+18.6,+19.0,+19.1,+18.8
2024-04-01 21:24,1,+35.4,+39.9,+21.0,+9.6,+32.4,+46.3,+18.2,+18.6,+18.7,+18.7,+19.0,+19.1,+18.7
2024-04-01 22:24,1,+35.1,+39.9,+21.0,+9.6,+32.4,+46.2,+18.1,+18.5,+18.7,+18.7,+19.0,+19.1,+18.7
2024-04-01 23:24,1,+35.4,+39.9,+21.0,+9.7,+32.5,+46.3,+18.0,+18.5,+18.7,+18.7,+19.0,+19.1,+18.7
2024-04-02 00:24,1,+35.6,+39.9,+21.0,+9.6,+32.4,+46.2,+17.8,+18.5,+18.8,+18.7,+19.0,+19.1,+18.7
2024-04-02 01:24,1,+35.5,+39.9,+21.0,+9.6,+32.4,+46.2,+17.8,+18.5,+18.7,+18.7,+19.0,+19.1,+18.8
2024-04-02 02:24,1,+35.5,+39.8,+21.0,+9.8,+32.5,+46.2,+17.7,+18.3,+18.7,+18.7,+19.0,+19.1,+18.8
2024-04-02 03:24,1,+35.5,+39.8,+21.0,+9.7,+32.4,+46.2,+17.6,+18.3,+18.8,+18.7,+19.0,+19.0,+18.8
2024-04-02 04:24,1,+35.4,+39.8,+21.0,+9.6,+32.4,+46.2,+17.6,+18.2,+18.8,+18.7,+19.0,+19.0,+18.7
2024-04-02 05:24,1,+35.5,+39.8,+21.0,+9.7,+32.5,+46.2,+17.5,+18.2,+18.7,+18.7,+19.0,+19.0,+18.7
2024-04-02 06:24,1,+35.4,+39.8,+21.0,+9.7,+32.4,+46.2,+17.5,+18.2,+18.7,+18.7,+18.8,+19.1,+18.7
2024-04-02 07:24,1,+35.4,+39.8,+21.0,+9.6,+32.4,+46.1,+17.5,+18.2,+18.7,+18.7,+19.0,+19.1,+18.8
2024-04-02 08:24,1,+35.2,+39.7,+21.0,+9.7,+32.4,+46.1,+17.6,+18.1,+18.7,+18.7,+19.0,+19.1,+18.7
2024-04-02 09:24,1,+35.1,+39.7,+20.9,+9.7,+32.4,+46.1,+17.6,+18.1,+18.6,+18.7,+18.8,+19.1,+18.7
2024-04-02 10:24,1,+35.0,+39.6,+20.9,+9.6,+32.4,+46.0,+17.7,+18.1,+18.6,+18.7,+19.0,+19.0,+18.7
2024-04-02 11:24,1,+34.9,+39.6,+20.9,+9.6,+32.4,+46.0,+17.8,+18.1,+18.6,+18.7,+19.0,+19.1,+18.7
2024-04-02 12:24,1,+34.7,+39.6,+20.9,+9.6,+32.4,+46.0,+18.0,+18.1,+18.6,+18.7,+19.0,+19.1,+18.7
2024-04-02 13:24,1,+34.6,+39.6,+20.9,+9.7,+32.4,+46.0,+18.5,+18.2,+18.6,+18.6,+18.8,+19.1,+18.7
2024-04-02 14:24,1,+34.4,+39.5,+20.9,+9.7,+32.4,+46.0,+18.7,+18.2,+18.6,+18.6,+18.8,+19.1,+18.7
2024-04-02 15:24,1,+34.3,+39.5,+20.9,+9.7,+32.4,+46.0,+19.0,+18.3,+18.6,+18.6,+19.0,+19.1,+18.7
2024-04-02 16:24,1,+34.2,+39.4,+20.9,+9.6,+32.3,+45.9,+19.0,+18.3,+18.6,+18.7,+19.0,+19.0,+18.8
2024-04-02 17:24,1,+34.1,+39.4,+20.9,+9.6,+32.3,+45.9,+18.8,+18.5,+18.6,+18.6,+18.8,+19.0,+18.7
2024-04-02 18:24,1,+34.1,+39.4,+20.9,+9.7,+32.4,+46.0,+18.8,+18.6,+18.6,+18.7,+19.0,+19.1,+18.7
2024-04-02 19:24,1,+34.1,+39.4,+20.9,+9.6,+32.3,+46.0,+18.7,+18.6,+18.6,+18.6,+18.8,+19.0,+18.7
2024-04-02 20:24,1,+34.0,+39.4,+20.9,+9.6,+32.3,+45.9,+18.7,+18.6,+18.6,+18.6,+19.0,+19.0,+18.8
2024-04-02 21:24,1,+34.0,+39.4,+20.9,+9.6,+32.3,+45.9,+18.7,+18.6,+18.7,+18.7,+18.8,+19.0,+18.7
2024-04-02 22:24,1,+33.9,+39.4,+20.9,+9.6,+32.3,+45.9,+18.6,+18.6,+18.7,+18.6,+19.0,+19.0,+18.7
2024-04-02 23:24,1,+33.9,+39.3,+20.8,+9.7,+32.4,+45.9,+18.6,+18.6,+18.7,+18.6,+18.8,+19.0,+18.7
2024-04-03 00:24,1,+33.9,+39.3,+20.8,+9.6,+32.3,+45.9,+18.5,+18.6,+18.7,+18.6,+18.8,+19.0,+18.7
2024-04-03 01:24,1,+33.8,+39.3,+20.8,+9.7,+32.3,+45.9,+18.5,+18.6,+18.7,+18.7,+19.0,+19.0,+18.7
2024-04-03 02:24,1,+33.8,+39.3,+20.8,+9.6,+32.3,+45.9,+18.3,+18.6,+18.8,+18.7,+18.8,+19.0,+18.8
2024-04-03 03:24,1,+33.8,+39.3,+20.8,+9.6,+32.3,+45.9,+18.5,+18.6,+18.8,+18.6,+18.8,+19.0,+18.7
2024-04-03 04:24,1,+33.8,+39.3,+20.8,+9.7,+32.3,+45.9,+18.3,+18.6,+18.7,+18.6,+18.8,+19.0,+18.7
2024-04-03 05:24,1,+33.8,+39.3,+20.8,+9.6,+32.3,+45.9,+18.2,+18.6,+18.8,+18.7,+18.8,+19.0,+18.7
2024-04-03 06:24,1,+33.7,+39.3,+20.8,+9.7,+32.3,+45.9,+18.2,+18.6,+18.8,+18.7,+18.8,+19.0,+18.7
2024-04-03 07:24,1,+33.7,+39.3,+20.8,+9.6,+32.2,+45.8,+18.2,+18.6,+18.8,+18.6,+18.8,+19.0,+18.7
2024-04-03 08:24,1,+33.6,+39.2,+20.8,+9.6,+32.3,+45.9,+18.3,+18.6,+18.7,+18.7,+18.8,+19.0,+18.7
2024-04-03 09:24,1,+33.5,+39.2,+20.8,+9.6,+32.2,+45.8,+18.3,+18.6,+18.7,+18.7,+18.8,+19.0,+18.7
2024-04-03 10:24,1,+33.5,+39.2,+20.8,+9.5,+32.2,+45.8,+18.5,+18.6,+18.8,+18.7,+18.8,+19.0,+18.7
2024-04-03 11:24,1,+33.4,+39.2,+20.8,+9.5,+32.2,+45.5,+18.6,+18.6,+18.8,+18.7,+18.8,+19.0,+18.7
2024-04-03 12:24,1,+33.3,+39.1,+20.8,+9.6,+32.2,+45.4,+18.7,+18.6,+18.7,+18.7,+18.8,+19.0,+18.7
2024-04-03 13:24,1,+33.2,+39.1,+20.7,+9.5,+32.2,+45.3,+18.8,+18.6,+18.7,+18.7,+18.8,+19.0,+18.7
2024-04-03 14:24,1,+33.1,+39.1,+20.7,+9.6,+32.2,+45.3,+19.0,+18.7,+18.8,+18.7,+18.8,+19.0,+18.7
2024-04-03 15:24,1,+33.0,+39.1,+20.7,+9.5,+32.2,+45.2,+19.1,+18.7,+18.7,+18.6,+18.8,+19.0,+18.7
2024-04-03 16:24,1,+33.0,+39.0,+20.7,+9.6,+32.2,+45.2,+19.1,+18.7,+18.7,+18.7,+18.8,+19.0,+18.7
2024-04-03 17:24,1,+32.9,+39.0,+20.7,+9.5,+32.2,+45.1,+19.1,+18.7,+18.8,+18.6,+18.8,+19.0,+18.7
2024-04-03 18:24,1,+32.9,+39.0,+20.7,+9.6,+32.2,+45.1,+19.1,+18.8,+19.0,+18.6,+18.8,+19.0,+18.7
2024-04-03 19:24,1,+32.8,+38.9,+20.7,+9.5,+32.2,+45.1,+19.1,+19.0,+18.8,+18.6,+18.8,+19.0,+18.7
2024-04-03 20:24,1,+32.8,+38.9,+20.7,+9.5,+32.1,+45.1,+19.1,+18.8,+18.8,+18.7,+19.0,+19.0,+18.7
2024-04-03 21:24,1,+33.0,+38.9,+20.7,+9.6,+32.2,+45.1,+19.0,+18.8,+18.8,+18.7,+18.8,+19.0,+18.7
2024-04-03 22:24,1,+32.9,+38.9,+20.7,+9.6,+32.2,+45.0,+18.8,+19.0,+18.8,+18.7,+19.0,+19.0,+18.7
2024-04-03 23:24,1,+32.9,+38.9,+20.7,+9.5,+32.1,+45.0,+18.8,+19.0,+19.0,+18.7,+18.8,+19.0,+18.7
2024-04-04 00:24,1,+32.9,+38.9,+20.7,+9.6,+32.2,+45.0,+18.7,+18.8,+19.0,+18.7,+18.8,+19.0,+18.7
2024-04-04 01:24,1,+32.8,+38.9,+20.7,+9.6,+32.2,+45.0,+18.7,+18.8,+18.8,+18.7,+19.0,+19.0,+18.7
2024-04-04 02:24,1,+32.8,+38.9,+20.7,+9.6,+32.2,+45.0,+18.6,+18.8,+19.0,+18.7,+18.8,+19.0,+18.7
2024-04-04 03:24,1,+32.8,+38.9,+20.7,+9.6,+32.2,+44.9,+18.6,+18.8,+19.0,+18.7,+18.8,+19.0,+18.7
2024-04-04 04:24,1,+32.7,+38.8,+20.7,+9.6,+32.1,+44.9,+18.6,+18.8,+19.0,+18.7,+19.0,+19.0,+18.7
2024-04-04 05:24,1,+32.7,+38.8,+20.7,+9.5,+32.1,+44.9,+18.6,+18.8,+18.8,+18.7,+18.8,+19.0,+18.7
2024-04-04 06:24,1,+32.7,+38.8,+20.7,+9.5,+32.1,+44.8,+18.5,+18.8,+19.0,+18.7,+19.0,+19.0,+18.7
2024-04-04 07:24,1,+32.7,+38.8,+20.7,+9.5,+32.1,+44.8,+18.5,+18.7,+19.0,+18.7,+18.8,+19.0,+18.7
2024-04-04 08:24,1,+32.6,+38.8,+20.7,+9.6,+32.1,+44.8,+18.6,+18.7,+19.0,+18.7,+19.0,+19.1,+18.7
2024-04-04 09:24,1,+32.5,+38.7,+20.7,+9.6,+32.1,+44.8,+18.6,+18.7,+19.0,+18.7,+19.0,+19.0,+18.7
2024-04-04 10:24,1,+32.4,+38.7,+20.7,+9.6,+32.1,+44.7,+18.7,+18.7,+19.0,+18.8,+18.8,+19.0,+18.7
2024-04-04 11:24,1,+32.3,+38.7,+20.7,+9.5,+32.0,+44.7,+19.0,+18.7,+19.0,+18.7,+19.0,+19.0,+18.7
2024-04-04 12:24,1,+32.2,+38.6,+20.7,+9.6,+32.1,+44.7,+19.1,+18.8,+19.0,+18.7,+18.8,+19.0,+18.7
2024-04-04 13:24,1,+32.1,+38.6,+20.6,+9.6,+32.1,+44.6,+19.5,+18.8,+19.0,+18.8,+19.0,+19.0,+18.6
2024-04-04 14:24,1,+32.0,+38.6,+20.6,+9.6,+32.1,+44.6,+19.3,+18.8,+19.0,+18.7,+19.0,+19.0,+18.7
2024-04-04 15:24,1,+31.9,+38.5,+20.6,+9.4,+32.0,+44.6,+19.5,+19.0,+19.0,+18.7,+18.8,+19.0,+18.6
2024-04-04 16:24,1,+31.9,+38.5,+20.6,+9.5,+32.0,+44.6,+19.5,+19.0,+19.0,+18.7,+18.8,+19.0,+18.7
2024-04-04 17:24,1,+31.8,+38.5,+20.6,+9.5,+32.0,+44.6,+19.3,+19.0,+19.0,+18.7,+19.0,+19.0,+18.7
2024-04-04 18:24,1,+31.7,+38.5,+20.6,+9.4,+32.0,+44.5,+19.3,+19.1,+19.1,+18.7,+18.8,+19.0,+18.6
2024-04-04 19:24,1,+31.7,+38.4,+20.6,+9.5,+32.0,+44.6,+19.3,+19.2,+19.1,+18.7,+18.8,+19.0,+18.7
2024-04-04 20:24,1,+31.6,+38.4,+20.6,+9.4,+32.0,+44.5,+19.2,+19.1,+19.0,+18.7,+19.0,+19.0,+18.7
2024-04-04 21:24,1,+31.6,+38.4,+20.6,+9.4,+32.0,+44.5,+19.2,+19.1,+19.1,+18.8,+19.0,+19.1,+18.7
2024-04-04 22:24,1,+31.5,+38.4,+20.6,+9.4,+32.0,+44.5,+19.1,+19.1,+19.1,+18.8,+18.8,+19.0,+18.7
2024-04-04 23:24,1,+31.4,+38.3,+20.6,+9.6,+32.0,+44.5,+19.1,+19.1,+19.1,+18.8,+19.0,+19.0,+18.7
2024-04-05 00:24,1,+31.4,+38.3,+20.6,+9.5,+32.0,+44.5,+19.0,+19.1,+19.1,+18.8,+19.0,+19.0,+18.6
2024-04-05 01:24,1,+31.3,+38.3,+20.6,+9.4,+32.0,+44.5,+18.8,+19.1,+19.1,+18.8,+19.0,+19.1,+18.7
2024-04-05 02:24,1,+31.3,+38.3,+20.6,+9.5,+32.0,+44.5,+18.7,+19.1,+19.1,+18.8,+19.0,+19.0,+18.6
2024-04-05 03:24,1,+31.2,+38.2,+20.6,+9.6,+32.0,+44.5,+18.7,+19.0,+19.1,+18.8,+19.0,+19.0,+18.7
2024-04-05 04:24,1,+31.1,+38.2,+20.6,+9.4,+32.0,+44.4,+18.6,+19.0,+19.2,+18.8,+19.0,+19.0,+18.7
2024-04-05 05:24,1,+31.1,+38.2,+20.6,+9.5,+32.0,+44.4,+18.5,+19.0,+19.1,+18.8,+19.0,+19.0,+18.7
2024-04-05 06:24,1,+31.0,+38.2,+20.6,+9.4,+31.9,+44.4,+18.5,+19.0,+19.1,+18.8,+19.0,+19.0,+18.7
2024-04-05 07:24,1,+30.9,+38.1,+20.6,+9.5,+32.0,+44.4,+18.3,+18.8,+19.1,+18.8,+19.0,+19.1,+18.7
2024-04-05 08:24,1,+30.9,+38.1,+20.5,+9.4,+31.9,+44.3,+18.3,+18.8,+19.1,+18.8,+19.0,+19.0,+18.7
2024-04-05 09:24,1,+30.7,+38.0,+20.5,+9.5,+32.0,+44.3,+18.5,+18.7,+19.1,+18.8,+19.0,+19.0,+18.7
2024-04-05 10:24,1,+30.6,+38.0,+20.5,+9.5,+32.0,+44.3,+18.6,+18.7,+19.1,+18.8,+19.0,+19.1,+18.7
2024-04-05 11:24,1,+30.4,+37.9,+20.5,+9.5,+31.9,+44.2,+18.6,+18.7,+19.1,+18.8,+19.0,+19.0,+18.7
2024-04-05 12:24,1,+30.3,+37.8,+20.5,+9.5,+31.9,+44.2,+18.7,+18.8,+19.1,+18.8,+19.0,+19.0,+18.7
2024-04-05 13:24,1,+30.2,+37.8,+20.5,+9.5,+31.9,+44.2,+19.0,+18.8,+19.0,+18.8,+19.0,+19.1,+18.7
2024-04-05 14:24,1,+30.1,+37.7,+20.5,+9.5,+31.9,+44.2,+19.1,+18.8,+19.0,+18.8,+19.0,+19.0,+18.7
2024-04-05 15:24,1,+30.0,+37.7,+20.5,+9.4,+31.8,+44.2,+19.3,+18.8,+19.0,+18.8,+19.0,+19.0,+18.7
2024-04-05 16:24,1,+29.9,+37.7,+20.5,+9.5,+31.9,+44.2,+19.2,+19.0,+19.0,+18.8,+19.0,+19.1,+18.7
2024-04-05 17:24,1,+29.8,+37.6,+20.5,+9.4,+31.8,+44.2,+19.1,+19.0,+19.1,+18.8,+18.8,+19.0,+18.7
2024-04-05 18:24,1,+29.8,+37.5,+20.5,+9.4,+31.8,+44.2,+19.1,+19.0,+19.1,+18.8,+19.0,+19.0,+18.7
2024-04-05 19:24,1,+29.8,+37.5,+20.5,+9.5,+31.9,+44.2,+19.0,+19.0,+19.1,+18.8,+19.0,+19.0,+18.7
2024-04-05 20:24,1,+29.7,+37.5,+20.5,+9.5,+31.9,+44.2,+19.0,+19.0,+19.0,+18.8,+19.0,+19.1,+18.7
2024-04-05 21:24,1,+29.7,+37.5,+20.5,+9.5,+31.9,+44.2,+18.8,+19.0,+19.1,+18.8,+19.0,+19.0,+18.7
2024-04-05 22:24,1,+29.6,+37.5,+20.5,+9.4,+31.8,+44.1,+18.8,+19.0,+19.1,+18.8,+19.0,+19.1,+18.7
2024-04-05 23:24,1,+29.6,+37.5,+20.5,+9.4,+31.8,+44.1,+18.8,+19.0,+19.1,+18.8,+19.0,+19.0,+18.7
2024-04-06 00:24,1,+29.6,+37.5,+20.5,+9.4,+31.8,+44.1,+18.7,+19.0,+19.1,+18.8,+19.0,+19.1,+18.7
2024-04-06 01:24,1,+29.5,+37.4,+20.5,+9.4,+31.8,+44.1,+18.7,+19.0,+19.1,+18.8,+19.0,+19.1,+18.7
2024-04-06 02:24,1,+29.5,+37.4,+20.5,+9.4,+31.8,+44.0,+18.7,+19.0,+19.1,+18.8,+19.0,+19.1,+18.7
2024-04-06 03:24,1,+29.5,+37.4,+20.5,+9.4,+31.8,+44.0,+18.7,+18.8,+19.1,+18.8,+19.0,+19.1,+18.7
2024-04-06 04:24,1,+29.5,+37.4,+20.5,+9.5,+31.8,+44.1,+18.7,+18.8,+19.1,+18.8,+19.0,+19.0,+18.7
2024-04-06 05:24,1,+29.5,+37.4,+20.5,+9.5,+31.8,+44.0,+18.7,+19.0,+19.1,+18.8,+19.0,+19.0,+18.7
2024-04-06 06:24,1,+29.5,+37.4,+20.6,+9.5,+31.8,+44.0,+18.7,+18.8,+19.1,+18.8,+19.0,+19.0,+18.7
2024-04-06 07:24,1,+29.5,+37.3,+20.9,+9.4,+31.8,+44.0,+18.7,+19.0,+19.1,+18.8,+19.0,+19.0,+18.7
2024-04-06 08:24,1,+29.5,+37.3,+21.3,+9.5,+31.8,+44.0,+18.7,+18.8,+19.1,+18.8,+19.0,+19.1,+18.7
2024-04-06 09:24,1,+29.4,+37.3,+21.5,+9.4,+31.8,+44.0,+18.7,+18.8,+19.1,+18.8,+18.8,+19.1,+18.7
2024-04-06 10:24,1,+29.4,+37.3,+21.6,+9.5,+31.8,+44.0,+18.8,+18.8,+19.0,+18.8,+19.0,+19.0,+18.7
2024-04-06 11:24,1,+29.4,+37.3,+21.7,+9.4,+31.8,+43.9,+18.8,+19.0,+19.1,+18.8,+19.0,+19.1,+18.7
2024-04-06 12:24,1,+29.3,+37.3,+21.7,+9.4,+31.8,+43.9,+18.8,+18.8,+19.1,+18.8,+19.0,+19.1,+18.7
2024-04-06 13:24,1,+29.3,+37.3,+21.7,+9.5,+31.8,+43.9,+18.8,+19.0,+19.1,+18.8,+19.0,+19.0,+18.8
2024-04-06 14:24,1,+29.2,+37.3,+21.8,+9.4,+31.8,+43.9,+18.8,+19.0,+19.1,+18.8,+19.0,+19.1,+18.7
2024-04-06 15:24,1,+29.2,+37.3,+21.8,+9.4,+31.8,+43.8,+19.0,+19.0,+19.1,+18.8,+19.0,+19.1,+18.7
2024-04-06 16:24,1,+29.2,+37.3,+21.8,+9.4,+31.8,+43.8,+19.0,+19.0,+19.1,+18.8,+19.0,+19.1,+18.7
2024-04-06 17:24,1,+29.2,+37.2,+21.8,+9.5,+31.8,+43.8,+19.0,+19.0,+19.1,+18.8,+19.0,+19.0,+18.7
2024-04-06 18:24,1,+29.1,+37.2,+21.8,+9.5,+31.8,+43.8,+19.0,+19.0,+19.1,+18.8,+19.0,+19.0,+18.7
2024-04-06 19:24,1,+29.1,+37.2,+21.8,+9.4,+31.8,+43.8,+19.0,+19.0,+19.1,+18.8,+19.0,+19.1,+18.7
2024-04-06 20:24,1,+29.1,+37.2,+21.8,+9.5,+31.8,+43.8,+19.0,+19.0,+19.1,+18.8,+19.0,+19.0,+18.7
2024-04-06 21:24,1,+29.1,+37.2,+21.8,+9.4,+31.8,+43.8,+19.0,+19.0,+19.1,+18.8,+19.0,+19.1,+18.8
2024-04-06 22:24,1,+29.1,+37.2,+21.8,+9.5,+31.8,+43.8,+19.0,+19.0,+19.1,+18.8,+19.0,+19.1,+18.7
2024-04-06 23:24,1,+29.0,+37.2,+21.8,+9.5,+31.8,+43.8,+19.0,+19.1,+19.1,+18.8,+19.0,+19.1,+18.7
2024-04-07 00:24,1,+29.0,+37.2,+21.8,+9.5,+31.8,+43.8,+18.8,+19.0,+19.1,+18.8,+19.0,+19.1,+18.7
2024-04-07 01:24,1,+29.0,+37.2,+21.8,+9.4,+31.8,+43.7,+18.8,+19.0,+19.1,+18.8,+19.0,+19.1,+18.7
2024-04-07 02:24,1,+29.0,+37.1,+21.8,+9.5,+31.8,+43.7,+18.8,+19.0,+19.1,+18.8,+19.0,+19.0,+18.7
2024-04-07 03:24,1,+29.0,+37.1,+21.8,+9.4,+31.7,+43.7,+18.8,+19.0,+19.1,+18.8,+19.0,+19.0,+18.7
2024-04-07 04:24,1,+29.0,+37.1,+21.8,+9.4,+31.7,+43.7,+19.0,+19.0,+19.2,+18.8,+19.0,+19.1,+18.7
2024-04-07 05:24,1,+29.8,+37.2,+21.8,+9.4,+31.7,+43.7,+19.0,+19.0,+19.2,+18.8,+19.0,+19.1,+18.7
2024-04-07 06:24,1,+29.6,+37.2,+21.8,+9.4,+31.7,+43.7,+19.0,+19.0,+19.1,+18.8,+19.0,+19.0,+18.7
2024-04-07 07:24,1,+29.6,+37.1,+21.8,+9.4,+31.8,+43.7,+19.0,+19.0,+19.1,+18.8,+19.0,+19.1,+18.7
2024-04-07 08:24,1,+29.6,+37.1,+21.8,+9.5,+31.8,+43.7,+19.0,+19.0,+19.1,+19.0,+19.0,+19.1,+18.7
2024-04-07 09:24,1,+29.6,+37.1,+21.8,+9.5,+31.8,+43.7,+19.0,+19.0,+19.1,+18.8,+19.0,+19.1,+18.7
2024-04-07 10:24,1,+30.3,+37.1,+21.8,+9.3,+31.7,+43.7,+19.0,+19.1,+19.1,+19.0,+19.0,+19.0,+18.7
2024-04-07 11:24,1,+30.7,+37.2,+21.8,+9.3,+31.7,+43.6,+19.1,+19.1,+19.1,+18.8,+19.0,+19.1,+18.7
2024-04-07 12:24,1,+31.0,+37.2,+21.8,+9.4,+31.7,+43.6,+19.0,+19.0,+19.2,+18.8,+19.0,+19.1,+18.8
2024-04-07 13:24,1,+31.1,+37.2,+21.8,+9.3,+31.7,+43.6,+19.1,+19.1,+19.2,+18.8,+19.0,+19.1,+18.8
2024-04-07 14:24,1,+31.1,+37.2,+21.8,+9.4,+31.8,+43.7,+19.1,+19.1,+19.2,+18.8,+19.0,+19.1,+18.7
2024-04-07 15:24,1,+31.3,+37.2,+21.8,+9.3,+31.7,+43.6,+19.1,+19.1,+19.2,+18.8,+19.0,+19.1,+18.7
2024-04-07 16:24,1,+31.3,+37.2,+21.8,+9.4,+31.8,+43.7,+19.1,+19.1,+19.2,+18.8,+19.0,+19.1,+18.7
2024-04-07 17:24,1,+31.4,+37.2,+21.8,+9.4,+31.7,+43.6,+19.1,+19.1,+19.2,+19.0,+19.0,+19.1,+18.7
2024-04-07 18:24,1,+31.4,+37.2,+21.8,+9.4,+31.7,+43.6,+19.1,+19.1,+19.2,+18.8,+19.0,+19.1,+18.7
2024-04-07 19:24,1,+31.5,+37.2,+21.8,+9.4,+31.7,+43.6,+19.1,+19.1,+19.1,+19.0,+19.1,+19.1,+18.8
2024-04-07 20:24,1,+31.5,+37.2,+21.8,+9.4,+31.7,+43.6,+19.0,+19.1,+19.2,+18.8,+19.1,+19.1,+18.7
2024-04-07 21:24,1,+31.5,+37.2,+21.8,+9.4,+31.8,+43.6,+19.0,+19.1,+19.2,+18.8,+19.0,+19.1,+18.7
2024-04-07 22:24,1,+31.6,+37.2,+21.8,+9.4,+31.8,+43.6,+19.0,+19.1,+19.2,+19.0,+19.0,+19.0,+18.7
2024-04-07 23:24,1,+31.6,+37.2,+21.8,+9.4,+31.8,+43.6,+19.0,+19.1,+19.2,+18.8,+19.0,+19.0,+18.7
2024-04-08 00:24,1,+31.6,+37.2,+21.8,+9.4,+31.7,+43.6,+18.8,+19.1,+19.2,+19.0,+19.0,+19.1,+18.7
2024-04-08 01:24,1,+31.7,+37.2,+21.8,+9.5,+31.8,+43.6,+18.8,+19.1,+19.2,+19.0,+19.0,+19.1,+18.7
2024-04-08 02:24,1,+31.7,+37.2,+21.8,+9.4,+31.8,+43.5,+18.8,+19.0,+19.2,+19.0,+19.0,+19.1,+18.7
2024-04-08 03:24,1,+31.7,+37.2,+21.8,+9.4,+31.8,+43.6,+18.7,+19.1,+19.1,+19.0,+19.0,+19.1,+18.7
2024-04-08 04:24,1,+31.7,+37.3,+21.8,+9.4,+31.8,+43.5,+18.7,+19.1,+19.2,+19.0,+19.1,+19.1,+18.7
2024-04-08 05:24,1,+31.7,+37.3,+21.8,+9.4,+31.8,+43.5,+18.7,+19.0,+19.1,+19.0,+19.0,+19.2,+18.7
2024-04-08 06:24,1,+31.7,+37.3,+21.8,+9.5,+31.8,+43.5,+18.7,+19.0,+19.2,+19.0,+19.0,+19.1,+18.7
2024-04-08 07:24,1,+31.7,+37.3,+21.8,+9.5,+31.8,+43.6,+18.8,+19.0,+19.2,+18.8,+19.0,+19.1,+18.7
2024-04-08 08:24,1,+32.2,+37.7,+22.0,+9.6,+31.8,+43.6,+18.8,+19.0,+19.2,+19.0,+19.0,+19.0,+18.7
2024-04-08 09:24,1,+32.2,+37.7,+22.0,+9.6,+31.9,+44.0,+18.8,+19.0,+19.1,+19.0,+19.1,+19.1,+18.8
2024-04-08 10:24,1,+32.2,+37.6,+21.9,+9.6,+31.9,+44.4,+18.8,+19.0,+19.2,+19.0,+19.0,+19.1,+18.7
2024-04-08 11:24,1,+32.2,+37.5,+21.9,+9.4,+31.8,+44.5,+19.0,+19.0,+19.2,+19.0,+19.1,+19.1,+18.7
2024-04-08 12:24,1,+32.2,+37.5,+21.9,+9.6,+31.9,+44.6,+19.1,+19.0,+19.2,+18.8,+19.1,+19.1,+18.7
2024-04-08 13:24,1,+32.2,+37.5,+21.9,+9.6,+31.9,+44.6,+19.2,+19.1,+19.2,+19.0,+19.1,+19.1,+18.8
2024-04-08 14:24,1,+32.2,+37.4,+21.9,+9.5,+31.9,+44.7,+19.2,+19.1,+19.1,+19.0,+19.1,+19.1,+18.8
2024-04-08 15:24,1,+32.2,+37.4,+21.9,+9.5,+31.9,+44.7,+19.3,+19.1,+19.2,+19.0,+19.0,+19.1,+18.7
2024-04-08 16:24,1,+32.2,+37.4,+21.9,+9.5,+31.9,+44.7,+19.3,+19.2,+19.2,+19.0,+19.0,+19.1,+18.7
2024-04-08 17:24,1,+32.3,+37.4,+21.9,+9.5,+31.9,+44.7,+19.3,+19.2,+19.2,+19.0,+19.1,+19.1,+18.8
2024-04-08 18:24,1,+32.3,+37.4,+21.9,+9.4,+31.9,+44.7,+19.2,+19.2,+19.1,+19.0,+19.0,+19.1,+18.7
2024-04-08 19:24,1,+32.3,+37.4,+21.9,+9.5,+31.9,+44.7,+19.2,+19.1,+19.2,+19.0,+19.1,+19.1,+18.7
2024-04-08 20:24,1,+32.4,+37.4,+21.9,+9.6,+31.9,+44.7,+19.2,+19.2,+19.1,+19.0,+19.0,+19.1,+18.7
2024-04-08 21:24,1,+32.4,+37.4,+21.9,+9.5,+31.9,+44.8,+19.2,+19.2,+19.2,+18.8,+19.0,+19.1,+18.7
2024-04-08 22:24,1,+32.5,+37.5,+21.9,+9.5,+31.9,+44.8,+19.1,+19.2,+19.3,+19.0,+19.0,+19.1,+18.8
2024-04-08 23:24,1,+32.5,+37.5,+21.9,+9.5,+31.9,+44.8,+19.1,+19.2,+19.2,+19.0,+19.0,+19.1,+18.7
2024-04-09 00:24,1,+32.6,+37.5,+21.9,+9.5,+31.9,+44.8,+19.1,+19.2,+19.2,+19.0,+19.0,+19.1,+18.7
2024-04-09 01:24,1,+32.7,+37.5,+21.9,+9.5,+31.9,+44.9,+19.1,+19.2,+19.2,+19.0,+19.1,+19.1,+18.8
2024-04-09 02:24,1,+33.0,+37.6,+21.9,+9.6,+32.0,+45.0,+19.1,+19.2,+19.2,+19.0,+19.0,+19.2,+18.7
2024-04-09 03:24,1,+33.0,+37.6,+21.9,+9.6,+32.0,+45.1,+19.0,+19.1,+19.2,+19.0,+19.0,+19.1,+18.7
2024-04-09 04:24,1,+33.0,+37.6,+21.9,+9.6,+32.0,+45.2,+19.0,+19.2,+19.2,+19.0,+19.0,+19.1,+18.7
2024-04-09 05:24,1,+33.1,+37.6,+21.9,+9.4,+31.9,+45.2,+19.0,+19.2,+19.2,+19.0,+19.0,+19.1,+18.7
2024-04-09 06:24,1,+33.2,+37.6,+21.9,+9.4,+31.9,+45.3,+19.0,+19.1,+19.3,+19.0,+19.0,+19.1,+18.7
2024-04-09 07:24,1,+33.3,+37.6,+21.9,+9.4,+31.9,+45.4,+19.0,+19.1,+19.2,+19.0,+19.1,+19.1,+18.8
2024-04-09 08:24,1,+33.6,+37.7,+21.9,+9.6,+32.0,+45.8,+19.0,+19.1,+19.2,+19.0,+19.1,+19.1,+18.8
2024-04-09 09:24,1,+33.9,+37.8,+22.0,+9.6,+32.0,+46.2,+19.0,+19.1,+19.2,+19.0,+19.1,+19.1,+18.8
2024-04-09 10:24,1,+34.6,+37.9,+22.0,+9.5,+32.0,+46.7,+19.0,+19.1,+19.2,+19.0,+19.0,+19.1,+18.7
2024-04-09 11:24,1,+35.3,+37.9,+22.0,+9.6,+32.1,+47.2,+19.0,+19.1,+19.2,+19.0,+19.1,+19.1,+18.7
2024-04-09 12:24,1,+35.7,+37.9,+22.0,+9.6,+32.1,+47.4,+19.1,+19.1,+19.2,+19.0,+19.1,+19.1,+18.7
2024-04-09 13:24,1,+35.9,+37.9,+22.0,+9.5,+32.0,+47.5,+19.1,+19.1,+19.2,+19.0,+19.0,+19.2,+18.7
2024-04-09 14:24,1,+36.2,+37.9,+22.0,+9.5,+32.1,+47.6,+19.1,+19.1,+19.2,+19.0,+19.0,+19.1,+18.8
2024-04-09 15:24,1,+36.4,+37.9,+22.0,+9.6,+32.1,+47.7,+19.1,+19.1,+19.2,+19.0,+19.1,+19.1,+18.7
2024-04-09 16:24,1,+36.5,+37.9,+22.0,+9.6,+32.2,+47.7,+19.1,+19.2,+19.2,+19.0,+19.0,+19.1,+18.7
2024-04-09 17:24,1,+36.6,+37.9,+22.0,+9.6,+32.2,+47.7,+19.1,+19.2,+19.2,+19.0,+19.1,+19.1,+18.8
2024-04-09 18:24,1,+36.6,+37.9,+22.0,+9.6,+32.2,+47.8,+19.1,+19.2,+19.2,+19.0,+19.1,+19.2,+18.8
2024-04-09 19:24,1,+36.6,+37.9,+22.0,+9.6,+32.2,+47.8,+19.0,+19.1,+19.2,+19.0,+19.1,+19.1,+18.8
2024-04-09 20:24,1,+36.6,+37.9,+22.0,+9.6,+32.2,+47.8,+19.1,+19.2,+19.2,+19.0,+19.1,+19.2,+18.8
2024-04-09 21:24,1,+36.6,+37.9,+22.0,+9.6,+32.2,+47.8,+19.0,+19.2,+19.2,+19.0,+19.1,+19.1,+18.8
2024-04-09 22:24,1,+36.6,+37.9,+22.0,+9.6,+32.2,+47.8,+19.0,+19.1,+19.2,+19.0,+19.1,+19.1,+18.8
2024-04-09 23:24,1,+36.6,+37.9,+22.0,+9.6,+32.2,+47.8,+19.1,+19.1,+19.2,+19.0,+19.1,+19.2,+18.7
2024-04-10 00:24,1,+36.6,+37.9,+22.0,+9.7,+32.3,+47.9,+19.0,+19.1,+19.2,+19.0,+19.0,+19.1,+18.7
2024-04-10 01:24,1,+36.5,+37.9,+22.0,+9.6,+32.2,+47.8,+19.0,+19.1,+19.2,+19.0,+19.1,+19.2,+18.7
2024-04-10 02:24,1,+36.6,+37.9,+22.0,+9.7,+32.3,+47.9,+19.1,+19.2,+19.2,+19.1,+19.1,+19.1,+18.7
2024-04-10 03:24,1,+36.6,+37.9,+22.0,+9.7,+32.3,+47.9,+19.1,+19.2,+19.2,+19.0,+19.1,+19.1,+18.7
2024-04-10 04:24,1,+36.6,+37.9,+22.0,+9.7,+32.3,+47.9,+19.1,+19.1,+19.2,+19.0,+19.1,+19.1,+18.7
2024-04-10 05:24,1,+36.6,+38.0,+22.0,+9.7,+32.3,+47.8,+19.1,+19.1,+19.2,+19.0,+19.1,+19.1,+18.8
2024-04-10 06:24,1,+36.6,+38.0,+22.0,+9.7,+32.3,+47.9,+19.0,+19.1,+19.2,+19.0,+19.1,+19.2,+18.7
2024-04-10 07:24,1,+36.6,+38.0,+22.0,+9.6,+32.2,+47.8,+19.1,+19.1,+19.2,+19.0,+19.1,+19.1,+18.8
2024-04-10 08:24,1,+36.7,+38.0,+22.0,+9.7,+32.3,+47.9,+19.1,+19.1,+19.2,+19.0,+19.1,+19.1,+18.8
2024-04-10 09:24,1,+36.8,+38.0,+22.0,+9.7,+32.3,+47.9,+19.2,+19.1,+19.3,+19.0,+19.1,+19.1,+18.7
2024-04-10 10:24,1,+37.0,+38.0,+22.0,+9.6,+32.2,+47.8,+19.2,+19.1,+19.3,+19.0,+19.1,+19.1,+18.7
2024-04-10 11:24,1,+37.1,+38.0,+22.0,+9.6,+32.2,+47.9,+19.2,+19.2,+19.2,+19.0,+19.1,+19.2,+18.7
2024-04-10 12:24,1,+37.2,+38.1,+22.0,+9.6,+32.2,+47.9,+19.2,+19.2,+19.2,+19.1,+19.1,+19.2,+18.8
2024-04-10 13:24,1,+37.3,+38.1,+22.0,+9.6,+32.3,+48.0,+19.3,+19.2,+19.3,+19.0,+19.1,+19.1,+18.8
2024-04-10 14:24,1,+37.3,+38.1,+22.0,+9.7,+32.3,+48.0,+19.5,+19.2,+19.3,+19.0,+19.1,+19.1,+18.8
2024-04-10 15:24,1,+37.3,+38.1,+22.0,+9.7,+32.3,+48.0,+19.3,+19.2,+19.3,+19.0,+19.1,+19.1,+18.7
2024-04-10 16:24,1,+37.4,+38.1,+22.0,+9.7,+32.3,+48.0,+19.5,+19.2,+19.3,+19.0,+19.1,+19.1,+18.8
2024-04-10 17:24,1,+37.5,+38.2,+22.0,+9.6,+32.3,+48.0,+19.5,+19.3,+19.3,+19.0,+19.1,+19.1,+18.8
2024-04-10 18:24,1,+37.7,+38.2,+22.0,+9.7,+32.4,+48.0,+19.3,+19.3,+19.3,+19.0,+19.1,+19.1,+18.8
2024-04-10 19:24,1,+37.7,+38.2,+22.0,+9.7,+32.4,+48.0,+19.3,+19.3,+19.3,+19.1,+19.1,+19.1,+18.7
2024-04-10 20:24,1,+37.6,+38.2,+22.1,+9.7,+32.4,+48.0,+19.3,+19.3,+19.3,+19.0,+19.1,+19.2,+18.8
2024-04-10 21:24,1,+37.6,+38.2,+22.1,+9.7,+32.4,+48.0,+19.3,+19.3,+19.3,+19.0,+19.1,+19.2,+18.8
2024-04-10 22:24,1,+37.5,+38.2,+22.1,+9.7,+32.4,+48.0,+19.3,+19.3,+19.3,+19.0,+19.1,+19.1,+18.8
2024-04-10 23:24,1,+37.4,+38.2,+22.1,+9.7,+32.4,+48.0,+19.3,+19.3,+19.3,+19.0,+19.1,+19.1,+18.8
2024-04-11 00:24,1,+37.5,+38.2,+22.1,+9.6,+32.3,+48.0,+19.3,+19.3,+19.3,+19.1,+19.1,+19.2,+18.8
2024-04-11 01:24,1,+37.3,+38.2,+22.1,+9.7,+32.4,+48.1,+19.3,+19.3,+19.3,+19.0,+19.1,+19.2,+18.8
2024-04-11 02:24,1,+37.3,+38.3,+22.1,+9.6,+32.4,+48.0,+19.2,+19.3,+19.3,+19.1,+19.1,+19.1,+18.7
2024-04-11 03:24,1,+37.3,+38.3,+22.1,+9.7,+32.4,+48.1,+19.2,+19.3,+19.3,+19.0,+19.1,+19.2,+18.8
2024-04-11 04:24,1,+37.3,+38.3,+22.1,+9.8,+32.4,+48.1,+19.2,+19.3,+19.3,+19.0,+19.1,+19.2,+18.8
2024-04-11 05:24,1,+37.3,+38.3,+22.1,+9.6,+32.4,+48.0,+19.2,+19.3,+19.3,+19.1,+19.1,+19.1,+18.7
2024-04-11 06:24,1,+37.3,+38.3,+22.1,+9.6,+32.4,+48.0,+19.2,+19.3,+19.3,+19.1,+19.1,+19.2,+18.8
2024-04-11 07:24,1,+37.4,+38.3,+22.1,+9.7,+32.4,+48.1,+19.1,+19.2,+19.3,+19.1,+19.1,+19.2,+18.8
2024-04-11 08:24,1,+37.4,+38.3,+22.1,+9.6,+32.3,+48.0,+19.1,+19.2,+19.5,+19.1,+19.1,+19.1,+18.8
2024-04-11 09:24,1,+37.4,+38.3,+22.1,+9.8,+32.4,+48.1,+19.2,+19.3,+19.3,+19.1,+19.1,+19.1,+18.8
2024-04-11 10:24,1,+37.3,+38.3,+22.1,+9.7,+32.4,+48.0,+19.3,+19.3,+19.3,+19.1,+19.1,+19.2,+18.7
2024-04-11 11:24,1,+37.3,+38.3,+22.1,+9.6,+32.4,+48.0,+19.3,+19.2,+19.3,+19.1,+19.1,+19.2,+18.8
2024-04-11 12:24,1,+37.2,+38.3,+22.1,+9.6,+32.4,+48.0,+19.5,+19.3,+19.3,+19.1,+19.1,+19.2,+18.8
2024-04-11 13:24,1,+37.1,+38.3,+22.1,+9.6,+32.4,+48.0,+19.6,+19.3,+19.5,+19.1,+19.1,+19.2,+18.8
2024-04-11 14:24,1,+37.0,+38.3,+22.1,+9.7,+32.4,+48.0,+19.7,+19.3,+19.5,+19.1,+19.2,+19.2,+18.8
2024-04-11 15:24,1,+37.0,+38.3,+22.1,+9.6,+32.3,+48.0,+19.7,+19.3,+19.3,+19.1,+19.1,+19.2,+18.7
2024-04-11 16:24,1,+37.0,+38.3,+22.1,+9.7,+32.4,+48.0,+19.8,+19.5,+19.5,+19.1,+19.1,+19.2,+18.8
2024-04-11 17:24,1,+37.0,+38.3,+22.1,+9.7,+32.4,+48.1,+19.7,+19.5,+19.5,+19.1,+19.1,+19.2,+18.8
2024-04-11 18:24,1,+37.0,+38.3,+22.1,+9.7,+32.4,+48.1,+19.7,+19.6,+19.5,+19.1,+19.1,+19.2,+18.7
2024-04-11 19:24,1,+37.0,+38.3,+22.1,+9.6,+32.3,+48.0,+19.7,+19.6,+19.5,+19.1,+19.1,+19.2,+18.8
2024-04-11 20:24,1,+36.9,+38.3,+22.1,+9.6,+32.3,+48.0,+19.6,+19.6,+19.5,+19.1,+19.1,+19.1,+18.8
2024-04-11 21:24,1,+36.9,+38.3,+22.1,+9.6,+32.3,+48.0,+19.6,+19.5,+19.5,+19.1,+19.1,+19.2,+18.8
2024-04-11 22:24,1,+36.9,+38.3,+22.1,+9.7,+32.4,+48.0,+19.6,+19.6,+19.5,+19.1,+19.1,+19.2,+18.8
2024-04-11 23:24,1,+37.0,+38.4,+22.1,+9.7,+32.4,+48.1,+19.6,+19.6,+19.5,+19.1,+19.1,+19.1,+18.8
2024-04-12 00:24,1,+37.6,+38.4,+22.2,+9.6,+32.3,+48.0,+19.5,+19.6,+19.5,+19.1,+19.1,+19.2,+18.8
2024-04-12 01:24,1,+38.9,+38.6,+22.2,+9.7,+32.4,+48.1,+19.6,+19.6,+19.5,+19.1,+19.1,+19.2,+18.8
2024-04-12 02:24,1,+40.2,+38.8,+22.2,+9.7,+32.4,+48.1,+19.6,+19.5,+19.5,+19.1,+19.1,+19.2,+19.0
2024-04-12 03:24,1,+41.9,+39.0,+22.2,+9.6,+32.4,+48.2,+19.5,+19.6,+19.5,+19.1,+19.1,+19.2,+18.8
2024-04-12 04:24,1,+44.2,+41.4,+22.6,+9.6,+32.4,+48.2,+19.5,+19.6,+19.5,+19.1,+19.1,+19.2,+18.8
2024-04-12 05:24,1,+43.4,+42.1,+24.0,+9.6,+32.4,+48.4,+19.3,+19.5,+19.5,+19.1,+19.1,+19.3,+18.7
2024-04-12 06:24,1,+44.1,+43.5,+24.6,+9.8,+32.5,+48.4,+19.3,+19.5,+19.6,+19.1,+19.1,+19.2,+18.8
2024-04-12 07:24,1,+43.4,+43.6,+24.6,+9.8,+32.5,+48.5,+19.3,+19.6,+19.5,+19.1,+19.1,+19.2,+18.8
2024-04-12 08:24,1,+43.0,+43.5,+24.6,+9.8,+32.5,+48.6,+19.3,+19.5,+19.5,+19.1,+19.2,+19.3,+18.8
2024-04-12 09:24,1,+42.6,+43.3,+24.6,+9.8,+32.6,+48.6,+19.2,+19.5,+19.5,+19.2,+19.1,+19.2,+18.8
2024-04-12 10:24,1,+42.3,+43.2,+24.5,+9.8,+32.6,+48.6,+19.1,+19.5,+19.6,+19.1,+19.2,+19.1,+18.8
2024-04-12 11:24,1,+42.1,+43.1,+24.5,+9.8,+32.6,+48.7,+19.2,+19.3,+19.5,+19.1,+19.2,+19.2,+18.8
2024-04-12 12:24,1,+42.0,+43.0,+24.4,+9.9,+32.7,+48.8,+19.2,+19.3,+19.5,+19.2,+19.2,+19.2,+18.8
2024-04-12 13:24,1,+41.8,+42.9,+24.4,+9.9,+32.8,+48.8,+19.3,+19.5,+19.5,+19.2,+19.2,+19.2,+18.8
2024-04-12 14:24,1,+41.7,+42.8,+24.4,+9.8,+32.8,+48.8,+19.3,+19.5,+19.5,+19.2,+19.2,+19.2,+18.8
2024-04-12 15:24,1,+41.5,+42.7,+24.4,+9.8,+32.9,+48.8,+19.5,+19.3,+19.5,+19.1,+19.1,+19.2,+18.8
2024-04-12 16:24,1,+41.4,+42.7,+24.4,+10.0,+33.0,+48.9,+19.3,+19.3,+19.5,+19.2,+19.2,+19.2,+18.8
2024-04-12 17:24,1,+41.3,+42.6,+24.3,+10.0,+33.0,+48.9,+19.3,+19.5,+19.5,+19.2,+19.2,+19.2,+18.8
2024-04-12 18:24,1,+41.1,+42.5,+24.3,+9.9,+33.0,+48.9,+19.3,+19.3,+19.5,+19.2,+19.2,+19.2,+18.8
2024-04-12 19:24,1,+41.0,+42.5,+24.3,+9.9,+33.0,+48.9,+19.2,+19.3,+19.5,+19.1,+19.1,+19.2,+18.8
2024-04-12 20:24,1,+41.0,+42.5,+24.3,+10.0,+33.0,+48.9,+19.2,+19.5,+19.5,+19.2,+19.1,+19.3,+18.8
2024-04-12 21:24,1,+41.0,+42.4,+24.3,+10.1,+33.0,+48.9,+19.1,+19.3,+19.5,+19.2,+19.2,+19.2,+18.8
2024-04-12 22:24,1,+40.9,+42.4,+24.3,+9.9,+33.0,+48.9,+19.1,+19.3,+19.5,+19.2,+19.2,+19.3,+18.8
2024-04-12 23:24,1,+40.8,+42.3,+24.3,+10.1,+33.1,+48.9,+19.0,+19.3,+19.5,+19.2,+19.2,+19.2,+18.8
2024-04-13 00:24,1,+40.7,+42.3,+24.3,+10.0,+33.0,+48.9,+18.8,+19.2,+19.5,+19.2,+19.2,+19.2,+18.8
2024-04-13 01:24,1,+40.7,+42.2,+24.3,+10.1,+33.1,+49.0,+18.8,+19.3,+19.5,+19.1,+19.2,+19.3,+18.8
2024-04-13 02:24,1,+40.7,+42.2,+24.3,+10.1,+33.1,+49.0,+18.8,+19.2,+19.3,+19.1,+19.2,+19.2,+18.8
2024-04-13 03:24,1,+40.7,+42.2,+24.3,+10.0,+33.0,+48.9,+18.7,+19.2,+19.5,+19.1,+19.2,+19.2,+18.8
2024-04-13 04:24,1,+40.8,+42.2,+24.3,+10.1,+33.1,+48.9,+18.6,+19.2,+19.5,+19.2,+19.2,+19.2,+19.0
2024-04-13 05:24,1,+41.1,+42.2,+24.3,+10.1,+33.1,+49.0,+18.6,+19.2,+19.5,+19.1,+19.2,+19.2,+18.8
2024-04-13 06:24,1,+41.3,+42.2,+24.2,+10.0,+33.0,+48.9,+18.6,+19.1,+19.5,+19.1,+19.2,+19.2,+18.8
2024-04-13 07:24,1,+41.3,+42.2,+24.2,+10.0,+33.0,+48.9,+18.5,+19.0,+19.5,+19.1,+19.2,+19.2,+18.8
2024-04-13 08:24,1,+41.2,+42.2,+24.2,+10.0,+33.1,+48.9,+18.5,+19.0,+19.3,+19.1,+19.2,+19.3,+18.8
2024-04-13 09:24,1,+41.2,+42.2,+24.2,+10.0,+33.0,+48.9,+18.3,+19.0,+19.3,+19.1,+19.2,+19.2,+18.8
2024-04-13 10:24,1,+41.1,+42.2,+24.2,+10.1,+33.1,+49.0,+18.5,+19.0,+19.3,+19.1,+19.2,+19.2,+18.8
2024-04-13 11:24,1,+41.0,+42.2,+24.2,+10.0,+33.0,+48.9,+18.5,+19.0,+19.3,+19.1,+19.2,+19.2,+18.8
2024-04-13 12:24,1,+41.0,+42.2,+24.2,+10.0,+33.0,+48.9,+18.5,+18.8,+19.3,+19.1,+19.2,+19.2,+18.8
2024-04-13 13:24,1,+40.9,+42.1,+24.2,+10.0,+33.0,+48.9,+18.6,+19.0,+19.3,+19.1,+19.2,+19.2,+18.8
2024-04-13 14:24,1,+40.9,+42.1,+24.2,+10.0,+33.0,+48.9,+18.6,+18.8,+19.2,+19.1,+19.2,+19.2,+19.0
2024-04-13 15:24,1,+41.0,+42.1,+24.2,+10.1,+33.1,+49.0,+18.5,+19.0,+19.2,+19.1,+19.2,+19.2,+19.0
2024-04-13 16:24,1,+41.0,+42.1,+24.1,+10.1,+33.1,+49.0,+18.3,+18.8,+19.2,+19.1,+19.2,+19.3,+19.0
2024-04-13 17:24,1,+41.0,+42.2,+24.1,+10.0,+33.1,+49.0,+18.3,+18.8,+19.2,+19.1,+19.2,+19.2,+18.8
2024-04-13 18:24,1,+41.0,+42.1,+24.1,+10.0,+33.0,+49.0,+18.3,+18.8,+19.2,+19.1,+19.2,+19.2,+18.8
2024-04-13 19:24,1,+41.1,+42.1,+24.1,+10.0,+33.0,+49.0,+18.3,+18.8,+19.2,+19.1,+19.1,+19.2,+19.0
2024-04-13 20:24,1,+41.1,+42.1,+24.1,+10.0,+33.0,+49.0,+18.3,+18.8,+19.2,+19.1,+19.2,+19.2,+18.8
2024-04-13 21:24,1,+41.2,+42.1,+24.1,+10.0,+33.0,+49.0,+18.3,+18.8,+19.2,+19.1,+19.1,+19.2,+18.8
2024-04-13 22:24,1,+41.3,+42.1,+24.1,+10.0,+33.0,+49.1,+18.3,+18.7,+19.2,+19.1,+19.2,+19.2,+18.8
2024-04-13 23:24,1,+41.3,+42.1,+24.1,+10.0,+33.0,+49.1,+18.2,+18.7,+19.2,+19.1,+19.1,+19.2,+19.0
2024-04-14 00:24,1,+41.2,+42.1,+24.1,+10.1,+33.1,+49.1,+18.2,+18.7,+19.1,+19.1,+19.1,+19.2,+18.8
2024-04-14 01:24,1,+41.2,+42.1,+24.1,+10.0,+33.0,+49.1,+18.2,+18.7,+19.2,+19.0,+19.2,+19.2,+18.8
2024-04-14 02:24,1,+41.2,+42.1,+24.1,+10.1,+33.1,+49.1,+18.2,+18.7,+19.2,+19.1,+19.2,+19.3,+18.8
2024-04-14 03:24,1,+41.1,+42.1,+24.1,+10.0,+33.0,+49.1,+18.1,+18.6,+19.1,+19.0,+19.1,+19.3,+19.0
2024-04-14 04:24,1,+41.1,+42.1,+24.1,+10.0,+33.0,+49.1,+18.1,+18.6,+19.1,+19.0,+19.1,+19.2,+18.8
2024-04-14 05:24,1,+41.0,+42.1,+24.1,+10.1,+33.1,+49.1,+18.1,+18.6,+19.0,+19.0,+19.2,+19.2,+18.8
2024-04-14 06:24,1,+41.0,+42.1,+24.1,+10.1,+33.1,+49.1,+18.0,+18.6,+19.1,+19.0,+19.1,+19.2,+19.0
2024-04-14 07:24,1,+41.0,+42.1,+24.1,+10.0,+33.0,+49.1,+18.0,+18.6,+19.1,+19.0,+19.2,+19.3,+18.8
2024-04-14 08:24,1,+40.9,+42.1,+24.1,+10.1,+33.1,+49.1,+18.0,+18.5,+19.0,+19.0,+19.1,+19.2,+18.8
2024-04-14 09:24,1,+40.8,+42.0,+24.1,+9.9,+33.0,+49.1,+18.0,+18.5,+19.1,+19.0,+19.1,+19.2,+19.0
2024-04-14 10:24,1,+40.8,+42.0,+24.1,+9.9,+33.0,+49.1,+18.1,+18.5,+19.0,+19.0,+19.1,+19.2,+18.8
2024-04-14 11:24,1,+40.7,+42.0,+24.0,+9.9,+33.0,+49.1,+18.2,+18.5,+19.0,+19.0,+19.1,+19.2,+18.8
2024-04-14 12:24,1,+40.6,+42.0,+24.0,+10.0,+33.1,+49.1,+18.2,+18.5,+19.0,+19.0,+19.1,+19.2,+19.0
2024-04-14 13:24,1,+40.5,+41.9,+24.0,+10.0,+33.0,+49.1,+18.5,+18.5,+19.0,+19.0,+19.2,+19.2,+19.0
2024-04-14 14:24,1,+40.5,+41.9,+24.0,+10.0,+33.0,+49.1,+18.7,+18.5,+19.0,+19.0,+19.1,+19.2,+18.8
2024-04-14 15:24,1,+40.4,+41.8,+24.0,+9.9,+33.0,+49.1,+18.8,+18.6,+18.8,+19.0,+19.1,+19.2,+18.8
2024-04-14 16:24,1,+40.3,+41.8,+24.0,+9.9,+33.0,+49.1,+18.7,+18.7,+18.8,+18.8,+19.1,+19.2,+19.0
2024-04-14 17:24,1,+40.3,+41.8,+24.0,+10.0,+33.0,+49.1,+18.7,+18.7,+19.0,+18.8,+19.1,+19.2,+18.8
2024-04-14 18:24,1,+40.2,+41.8,+24.0,+9.9,+33.0,+49.1,+18.7,+18.7,+19.0,+18.8,+19.1,+19.2,+18.8
2024-04-14 19:24,1,+40.2,+41.8,+24.0,+9.9,+33.0,+49.1,+18.7,+18.7,+19.0,+19.0,+19.1,+19.2,+19.0
2024-04-14 20:24,1,+40.1,+41.7,+24.0,+10.0,+33.0,+49.1,+18.6,+18.7,+19.0,+19.0,+19.1,+19.2,+18.8
2024-04-14 21:24,1,+40.1,+41.7,+23.9,+9.9,+33.0,+49.1,+18.5,+18.8,+19.0,+18.8,+19.1,+19.2,+18.8
2024-04-14 22:24,1,+40.1,+41.7,+23.9,+9.9,+33.0,+49.1,+18.5,+18.7,+19.0,+18.8,+19.1,+19.1,+18.8
2024-04-14 23:24,1,+40.0,+41.7,+23.9,+10.0,+33.0,+49.1,+18.3,+18.7,+19.0,+19.0,+19.1,+19.2,+18.8
2024-04-15 00:24,1,+40.0,+41.6,+23.9,+9.9,+32.9,+49.1,+18.2,+18.7,+19.0,+18.8,+19.1,+19.1,+18.8
2024-04-15 01:24,1,+39.9,+41.6,+23.9,+10.0,+33.0,+49.1,+18.3,+18.7,+19.0,+18.8,+19.1,+19.2,+19.0
2024-04-15 02:24,1,+39.9,+41.6,+23.9,+10.0,+33.0,+49.1,+18.2,+18.7,+19.0,+18.8,+19.1,+19.2,+18.8
2024-04-15 03:24,1,+39.9,+41.6,+23.9,+9.9,+32.9,+49.1,+18.2,+18.6,+19.0,+18.8,+19.1,+19.1,+19.0
2024-04-15 04:24,1,+39.9,+41.6,+23.9,+10.0,+33.0,+49.1,+18.0,+18.6,+19.1,+19.0,+19.1,+19.2,+18.8
2024-04-15 05:24,1,+39.9,+41.6,+23.9,+9.9,+32.9,+49.0,+18.0,+18.6,+18.8,+18.8,+19.1,+19.2,+19.0
2024-04-15 06:24,1,+39.8,+41.5,+23.8,+9.9,+32.9,+49.0,+18.0,+18.6,+18.8,+18.8,+19.1,+19.2,+18.8
2024-04-15 07:24,1,+39.8,+41.5,+23.8,+10.0,+33.0,+49.1,+18.0,+18.6,+19.0,+18.8,+19.1,+19.2,+18.8
2024-04-15 08:24,1,+39.7,+41.5,+23.8,+10.0,+33.0,+49.1,+18.0,+18.5,+19.0,+18.8,+19.1,+19.2,+18.8
2024-04-15 09:24,1,+39.7,+41.5,+23.8,+10.0,+33.0,+49.0,+18.0,+18.5,+18.8,+18.8,+19.1,+19.2,+18.8
2024-04-15 10:24,1,+39.7,+41.5,+23.8,+10.0,+33.0,+49.0,+18.1,+18.5,+19.0,+18.8,+19.1,+19.2,+18.8
2024-04-15 11:24,1,+39.6,+41.4,+23.8,+10.0,+33.0,+49.0,+18.2,+18.5,+19.0,+18.8,+19.1,+19.1,+18.8
2024-04-15 12:24,1,+39.5,+41.4,+23.8,+10.0,+32.9,+49.0,+18.3,+18.5,+18.8,+18.8,+19.1,+19.1,+18.8
2024-04-15 13:24,1,+39.4,+41.3,+23.8,+10.0,+32.9,+49.0,+18.7,+18.5,+19.0,+18.8,+19.1,+19.1,+18.8
2024-04-15 14:24,1,+39.4,+41.3,+23.8,+10.0,+32.9,+49.0,+18.7,+18.6,+18.8,+18.8,+19.0,+19.2,+18.8
2024-04-15 15:24,1,+39.3,+41.3,+23.8,+9.8,+32.9,+49.0,+18.7,+18.6,+18.8,+18.8,+19.1,+19.2,+18.8
2024-04-15 16:24,1,+39.3,+41.3,+23.8,+9.8,+32.9,+49.0,+18.7,+18.6,+18.8,+18.8,+19.1,+19.1,+18.8
2024-04-15 17:24,1,+39.3,+41.3,+23.7,+10.0,+32.9,+49.0,+18.7,+18.7,+18.8,+18.8,+19.1,+19.1,+18.8
2024-04-15 18:24,1,+39.2,+41.2,+23.8,+9.8,+32.8,+49.0,+18.7,+18.7,+18.8,+18.8,+19.1,+19.1,+18.8
2024-04-15 19:24,1,+39.2,+41.2,+23.7,+9.8,+32.8,+49.0,+18.7,+18.7,+18.8,+18.8,+19.0,+19.1,+18.8
2024-04-15 20:24,1,+39.2,+41.2,+23.7,+9.8,+32.8,+49.0,+18.7,+18.8,+19.0,+18.8,+19.0,+19.1,+18.8
2024-04-15 21:24,1,+39.2,+41.2,+23.7,+10.0,+32.9,+49.0,+18.6,+18.7,+18.8,+18.8,+19.0,+19.2,+18.8
2024-04-15 22:24,1,+39.1,+41.2,+23.7,+9.8,+32.8,+49.0,+18.5,+18.7,+19.0,+18.8,+19.0,+19.1,+18.8
2024-04-15 23:24,1,+39.1,+41.1,+23.7,+9.8,+32.8,+49.0,+18.3,+18.7,+18.8,+18.8,+19.0,+19.1,+18.8
2024-04-16 00:24,1,+39.1,+41.1,+23.7,+9.8,+32.8,+49.0,+18.2,+18.7,+19.0,+18.8,+19.0,+19.1,+18.8
2024-04-16 01:24,1,+39.0,+41.1,+23.7,+9.8,+32.8,+49.0,+18.2,+18.7,+19.0,+18.8,+19.0,+19.1,+18.8
2024-04-16 02:24,1,+39.0,+41.1,+23.6,+9.9,+32.8,+49.0,+18.1,+18.7,+19.0,+18.8,+19.0,+19.1,+18.8
2024-04-16 03:24,1,+39.0,+41.1,+23.6,+10.0,+32.8,+49.0,+18.0,+18.6,+18.8,+18.8,+19.0,+19.2,+18.8
2024-04-16 04:24,1,+38.9,+41.1,+23.6,+10.0,+32.8,+49.0,+17.8,+18.6,+19.0,+18.8,+19.0,+19.2,+18.8
2024-04-16 05:24,1,+38.9,+41.0,+23.6,+9.9,+32.8,+49.0,+17.7,+18.5,+19.0,+18.8,+19.0,+19.1,+18.8
2024-04-16 06:24,1,+38.9,+41.0,+23.6,+9.8,+32.8,+49.0,+17.6,+18.5,+19.0,+18.8,+19.1,+19.1,+18.8
2024-04-16 07:24,1,+38.8,+41.0,+23.6,+9.9,+32.8,+49.0,+17.7,+18.5,+18.8,+18.8,+19.0,+19.1,+18.8
2024-04-16 08:24,1,+38.8,+41.0,+23.6,+9.9,+32.8,+49.0,+17.7,+18.3,+19.0,+18.8,+19.0,+19.1,+18.8
2024-04-16 09:24,1,+38.7,+40.9,+23.6,+9.9,+32.8,+49.0,+17.7,+18.3,+18.8,+18.8,+19.0,+19.1,+18.8
2024-04-16 10:24,1,+38.6,+40.9,+23.6,+9.9,+32.8,+48.9,+17.8,+18.3,+18.8,+18.8,+19.0,+19.1,+18.8
2024-04-16 11:24,1,+38.5,+40.8,+23.6,+9.8,+32.8,+48.9,+18.0,+18.3,+18.7,+18.8,+19.0,+19.1,+18.8
2024-04-16 12:24,1,+38.5,+40.8,+23.5,+9.8,+32.8,+48.9,+18.2,+18.3,+18.8,+18.7,+19.0,+19.1,+18.8
2024-04-16 13:24,1,+38.4,+40.7,+23.5,+9.8,+32.8,+48.9,+18.5,+18.3,+18.8,+18.8,+19.0,+19.1,+18.8
2024-04-16 14:24,1,+38.3,+40.7,+23.5,+9.8,+32.7,+48.9,+18.6,+18.5,+18.7,+18.8,+19.0,+19.1,+18.8
2024-04-16 15:24,1,+38.3,+40.7,+23.5,+9.8,+32.7,+48.9,+18.6,+18.5,+18.8,+18.7,+19.0,+19.1,+18.8
2024-04-16 16:24,1,+38.3,+40.7,+23.5,+9.9,+32.8,+49.0,+18.6,+18.5,+18.7,+18.7,+19.0,+19.1,+18.8
2024-04-16 17:24,1,+38.2,+40.6,+23.5,+9.8,+32.7,+48.9,+18.6,+18.6,+18.8,+18.8,+19.0,+19.1,+18.8
2024-04-16 18:24,1,+38.2,+40.6,+23.5,+9.9,+32.8,+49.0,+18.6,+18.6,+18.7,+18.7,+19.0,+19.1,+18.8
2024-04-16 19:24,1,+38.2,+40.6,+23.5,+9.8,+32.7,+48.9,+18.6,+18.6,+18.8,+18.7,+19.0,+19.1,+18.8
2024-04-16 20:24,1,+38.1,+40.6,+23.5,+9.8,+32.7,+48.9,+18.6,+18.7,+18.8,+18.8,+19.0,+19.1,+18.8
2024-04-16 21:24,1,+38.1,+40.6,+23.4,+9.9,+32.7,+49.0,+18.6,+18.6,+18.8,+18.7,+19.0,+19.1,+18.8
2024-04-16 22:24,1,+38.1,+40.6,+23.4,+9.9,+32.7,+48.9,+18.5,+18.7,+18.8,+18.7,+19.0,+19.1,+18.8
2024-04-16 23:24,1,+38.0,+40.6,+23.4,+9.8,+32.7,+48.9,+18.3,+18.6,+18.8,+18.8,+19.0,+19.1,+18.8
2024-04-17 00:24,1,+38.0,+40.5,+23.4,+9.9,+32.7,+48.9,+18.2,+18.6,+18.8,+18.7,+19.0,+19.1,+18.8
2024-04-17 01:24,1,+38.0,+40.5,+23.4,+9.9,+32.7,+48.9,+18.0,+18.6,+19.0,+18.8,+19.0,+19.1,+18.8
2024-04-17 02:24,1,+37.9,+40.5,+23.4,+9.9,+32.7,+48.9,+17.8,+18.6,+18.8,+18.7,+19.0,+19.1,+18.8
2024-04-17 03:24,1,+37.8,+40.4,+23.4,+9.8,+32.7,+48.9,+17.6,+18.5,+18.8,+18.7,+19.0,+19.1,+18.8
2024-04-17 04:24,1,+37.8,+40.4,+23.4,+9.8,+32.7,+48.8,+17.6,+18.5,+18.8,+18.7,+19.0,+19.1,+18.8
2024-04-17 05:24,1,+37.7,+40.4,+23.4,+9.9,+32.7,+48.8,+17.5,+18.3,+18.8,+18.7,+19.0,+19.1,+18.8
2024-04-17 06:24,1,+37.7,+40.4,+23.4,+9.9,+32.7,+48.8,+17.5,+18.3,+18.8,+18.7,+19.0,+19.1,+18.8
2024-04-17 07:24,1,+37.6,+40.4,+23.4,+9.9,+32.7,+48.8,+17.5,+18.2,+18.7,+18.7,+19.0,+19.1,+18.8
2024-04-17 08:24,1,+37.5,+40.3,+23.4,+9.9,+32.7,+48.8,+17.5,+18.2,+18.7,+18.8,+19.0,+19.1,+18.8
2024-04-17 09:24,1,+37.5,+40.3,+23.3,+9.8,+32.7,+48.8,+17.6,+18.2,+18.7,+18.7,+19.0,+19.1,+18.8
2024-04-17 10:24,1,+37.4,+40.3,+23.3,+9.8,+32.7,+48.8,+17.7,+18.2,+18.7,+18.7,+19.0,+19.1,+18.7
2024-04-17 11:24,1,+37.3,+40.2,+23.3,+9.8,+32.7,+48.8,+18.0,+18.2,+18.7,+18.7,+19.0,+19.1,+18.8
2024-04-17 12:24,1,+37.2,+40.2,+23.3,+9.7,+32.6,+48.8,+18.2,+18.2,+18.7,+18.7,+19.0,+19.1,+18.7
2024-04-17 13:24,1,+37.1,+40.1,+23.3,+9.8,+32.7,+48.8,+18.6,+18.2,+18.7,+18.7,+18.8,+19.1,+18.8
2024-04-17 14:24,1,+37.0,+40.1,+23.3,+9.8,+32.6,+48.8,+18.7,+18.3,+18.7,+18.7,+19.0,+19.1,+18.8
2024-04-17 15:24,1,+36.9,+40.1,+23.3,+9.8,+32.6,+48.8,+18.8,+18.5,+18.7,+18.7,+19.0,+19.1,+18.8
2024-04-17 16:24,1,+36.8,+40.1,+23.3,+9.7,+32.6,+48.8,+18.8,+18.5,+18.7,+18.7,+19.0,+19.1,+18.8
2024-04-17 17:24,1,+36.7,+40.0,+23.2,+9.7,+32.6,+48.8,+19.0,+18.6,+18.6,+18.7,+19.0,+19.1,+18.8
2024-04-17 18:24,1,+36.7,+40.0,+23.2,+9.8,+32.6,+48.8,+18.8,+18.6,+18.6,+18.7,+19.0,+19.1,+18.8
2024-04-17 19:24,1,+36.7,+40.0,+23.2,+9.8,+32.6,+48.8,+18.8,+18.6,+18.7,+18.7,+19.0,+19.1,+18.7
2024-04-17 20:24,1,+36.7,+40.0,+23.2,+9.8,+32.6,+48.8,+18.8,+18.7,+18.8,+18.7,+19.0,+19.0,+18.7
2024-04-17 21:24,1,+36.6,+40.0,+23.2,+9.7,+32.6,+48.8,+18.7,+18.7,+18.7,+18.7,+19.0,+19.0,+18.7
2024-04-17 22:24,1,+36.6,+40.0,+23.2,+9.7,+32.6,+48.8,+18.7,+18.7,+18.7,+18.7,+19.0,+19.1,+18.8
2024-04-17 23:24,1,+36.5,+39.9,+23.2,+9.7,+32.6,+48.8,+18.7,+18.7,+18.8,+18.7,+19.0,+19.0,+18.7
2024-04-18 00:24,1,+36.5,+39.9,+23.2,+9.8,+32.6,+48.8,+18.6,+18.7,+18.7,+18.7,+18.8,+19.1,+18.8
2024-04-18 01:24,1,+36.5,+39.9,+23.2,+9.8,+32.6,+48.8,+18.6,+18.7,+18.8,+18.7,+18.8,+19.0,+18.7
2024-04-18 02:24,1,+36.5,+39.9,+23.1,+9.7,+32.6,+48.8,+18.5,+18.7,+18.8,+18.7,+19.0,+19.1,+18.7
2024-04-18 03:24,1,+36.4,+39.9,+23.2,+9.7,+32.6,+48.8,+18.5,+18.7,+18.8,+18.7,+19.0,+19.1,+18.8
2024-04-18 04:24,1,+36.4,+39.9,+23.1,+9.7,+32.6,+48.8,+18.2,+18.7,+18.8,+18.7,+18.8,+19.1,+18.7
2024-04-18 05:24,1,+36.3,+39.9,+23.1,+9.7,+32.6,+48.8,+18.2,+18.7,+18.8,+18.7,+18.8,+19.1,+18.8
2024-04-18 06:24,1,+36.3,+39.8,+23.1,+9.8,+32.6,+48.8,+18.1,+18.6,+18.8,+18.7,+19.0,+19.1,+18.7
2024-04-18 07:24,1,+36.2,+39.8,+23.1,+9.7,+32.5,+48.7,+18.2,+18.6,+18.8,+18.7,+19.0,+19.0,+18.7
2024-04-18 08:24,1,+36.1,+39.8,+23.1,+9.7,+32.6,+48.7,+18.1,+18.6,+18.8,+18.7,+18.8,+19.0,+18.8
2024-04-18 09:24,1,+36.0,+39.7,+23.1,+9.8,+32.6,+48.7,+18.2,+18.5,+19.0,+18.7,+19.0,+19.1,+18.7
2024-04-18 10:24,1,+35.9,+39.6,+23.1,+9.8,+32.6,+48.7,+18.2,+18.5,+18.8,+18.7,+19.0,+19.1,+18.8
2024-04-18 11:24,1,+35.7,+39.6,+23.1,+9.8,+32.6,+48.7,+18.3,+18.5,+18.8,+18.7,+19.0,+19.1,+18.7
2024-04-18 12:24,1,+35.6,+39.6,+23.1,+9.8,+32.6,+48.6,+18.5,+18.5,+18.8,+18.7,+19.0,+19.1,+18.8
2024-04-18 13:24,1,+35.5,+39.5,+23.1,+9.6,+32.5,+48.6,+19.0,+18.6,+18.8,+18.7,+19.0,+19.0,+18.7
2024-04-18 14:24,1,+35.4,+39.5,+23.1,+9.6,+32.5,+48.6,+19.1,+18.6,+18.8,+18.7,+19.0,+19.0,+18.7
2024-04-18 15:24,1,+35.2,+39.4,+23.0,+9.8,+32.5,+48.6,+19.1,+18.7,+18.8,+18.7,+19.0,+19.1,+18.7
2024-04-18 16:24,1,+35.1,+39.4,+23.0,+9.8,+32.5,+48.6,+19.1,+18.7,+18.7,+18.7,+19.0,+19.1,+18.7
2024-04-18 17:24,1,+35.1,+39.4,+23.0,+9.8,+32.5,+48.6,+19.1,+18.7,+18.8,+18.7,+19.0,+19.0,+18.7
2024-04-18 18:24,1,+35.0,+39.4,+23.0,+9.7,+32.5,+48.6,+19.1,+18.8,+18.8,+18.7,+18.8,+19.0,+18.7
2024-04-18 19:24,1,+34.9,+39.3,+23.0,+9.6,+32.5,+48.6,+19.0,+18.8,+18.8,+18.7,+19.0,+19.1,+18.7
2024-04-18 20:24,1,+34.9,+39.3,+23.0,+9.8,+32.5,+48.6,+18.8,+18.8,+19.0,+18.7,+19.0,+19.0,+18.7
2024-04-18 21:24,1,+34.8,+39.3,+23.0,+9.6,+32.5,+48.6,+18.8,+18.8,+19.0,+18.7,+18.8,+19.1,+18.7
2024-04-18 22:24,1,+34.7,+39.3,+23.0,+9.7,+32.5,+48.6,+18.8,+18.8,+19.0,+18.7,+19.0,+19.0,+18.7
2024-04-18 23:24,1,+34.7,+39.2,+23.0,+9.7,+32.5,+48.5,+18.7,+18.8,+19.0,+18.7,+19.0,+19.1,+18.8
2024-04-19 00:24,1,+34.7,+39.2,+23.0,+9.8,+32.5,+48.6,+18.7,+18.8,+18.8,+18.7,+19.0,+19.0,+18.7
2024-04-19 01:24,1,+34.6,+39.2,+23.0,+9.8,+32.5,+48.6,+18.6,+18.8,+18.8,+18.7,+19.0,+19.1,+18.7
2024-04-19 02:24,1,+34.6,+39.2,+22.9,+9.8,+32.5,+48.6,+18.6,+18.8,+19.0,+18.7,+19.0,+19.1,+18.8
2024-04-19 03:24,1,+34.6,+39.2,+22.9,+9.6,+32.4,+48.5,+18.5,+18.8,+19.0,+18.7,+18.8,+19.1,+18.7
2024-04-19 04:24,1,+34.5,+39.2,+22.9,+9.6,+32.5,+48.5,+18.3,+18.7,+19.0,+18.7,+19.0,+19.1,+18.8
2024-04-19 05:24,1,+34.4,+39.1,+22.9,+9.7,+32.4,+48.5,+18.3,+18.7,+19.0,+18.7,+18.8,+19.0,+18.7
2024-04-19 06:24,1,+34.3,+39.1,+22.9,+9.7,+32.4,+48.5,+18.2,+18.7,+19.0,+18.8,+19.0,+19.0,+18.8
2024-04-19 07:24,1,+34.3,+39.1,+22.9,+9.8,+32.5,+48.5,+18.1,+18.7,+19.0,+18.8,+19.0,+19.1,+18.8
2024-04-19 08:24,1,+34.1,+39.0,+22.9,+9.8,+32.5,+48.5,+18.2,+18.6,+19.0,+18.8,+19.0,+19.0,+18.8
2024-04-19 09:24,1,+34.0,+39.0,+22.9,+9.6,+32.4,+48.4,+18.2,+18.6,+19.0,+18.8,+19.0,+19.1,+18.7
2024-04-19 10:24,1,+33.8,+38.9,+22.9,+9.6,+32.4,+48.4,+18.3,+18.6,+18.8,+18.7,+19.0,+19.1,+18.8
2024-04-19 11:24,1,+33.7,+38.9,+22.9,+9.6,+32.4,+48.4,+18.5,+18.6,+18.8,+18.7,+19.0,+19.0,+18.7
2024-04-19 12:24,1,+33.6,+38.9,+22.9,+9.6,+32.4,+48.4,+18.6,+18.6,+18.8,+18.7,+19.0,+19.1,+18.7
2024-04-19 13:24,1,+33.4,+38.8,+22.9,+9.7,+32.4,+48.4,+18.8,+18.6,+18.8,+18.8,+19.0,+19.1,+18.7
2024-04-19 14:24,1,+33.3,+38.7,+22.9,+9.6,+32.4,+48.3,+19.0,+18.7,+18.8,+18.7,+19.0,+19.1,+18.7
2024-04-19 15:24,1,+33.1,+38.7,+22.8,+9.7,+32.4,+48.4,+19.1,+18.7,+18.8,+18.7,+19.0,+19.1,+18.7
2024-04-19 16:24,1,+33.0,+38.7,+22.8,+9.6,+32.4,+48.3,+19.0,+18.7,+18.8,+18.7,+18.8,+19.1,+18.7
2024-04-19 17:24,1,+32.9,+38.7,+22.8,+9.6,+32.4,+48.3,+19.0,+18.8,+19.0,+18.8,+19.0,+19.0,+18.8
2024-04-19 18:24,1,+32.9,+38.7,+22.8,+9.6,+32.4,+48.3,+19.0,+18.8,+18.8,+18.7,+19.0,+19.1,+18.7
2024-04-19 19:24,1,+32.8,+38.6,+22.8,+9.6,+32.4,+48.3,+19.0,+18.8,+18.8,+18.8,+19.0,+19.0,+18.8
2024-04-19 20:24,1,+32.8,+38.6,+22.8,+9.6,+32.4,+48.3,+18.8,+18.8,+18.8,+18.7,+19.0,+19.1,+18.7
2024-04-19 21:24,1,+32.8,+38.6,+22.8,+9.7,+32.4,+48.4,+18.8,+18.8,+19.0,+18.7,+19.0,+19.1,+18.7
2024-04-19 22:24,1,+32.7,+38.6,+22.8,+9.6,+32.4,+48.3,+18.8,+19.0,+19.0,+18.7,+19.0,+19.0,+18.8
2024-04-19 23:24,1,+32.7,+38.6,+22.8,+9.7,+32.4,+48.4,+18.7,+18.8,+18.8,+18.7,+19.0,+19.1,+18.7
2024-04-20 00:24,1,+32.6,+38.6,+22.8,+9.6,+32.4,+48.3,+18.6,+18.8,+19.0,+18.7,+19.0,+19.1,+18.7
2024-04-20 01:24,1,+32.6,+38.6,+22.7,+9.7,+32.4,+48.3,+18.6,+18.8,+19.0,+18.7,+19.0,+19.1,+18.7
2024-04-20 02:24,1,+32.6,+38.6,+22.8,+9.6,+32.4,+48.3,+18.6,+18.8,+19.0,+18.8,+19.0,+19.1,+18.7
2024-04-20 03:24,1,+32.5,+38.5,+22.7,+9.7,+32.4,+48.3,+18.5,+18.8,+19.0,+18.8,+19.0,+19.1,+18.7
2024-04-20 04:24,1,+32.5,+38.5,+22.7,+9.7,+32.4,+48.3,+18.5,+18.8,+19.0,+18.8,+19.0,+19.1,+18.7
2024-04-20 05:24,1,+32.5,+38.5,+22.7,+9.6,+32.3,+48.3,+18.5,+18.7,+19.0,+18.8,+19.0,+19.1,+18.7
2024-04-20 06:24,1,+32.4,+38.5,+22.7,+9.7,+32.4,+48.3,+18.3,+18.7,+19.0,+18.8,+19.0,+19.1,+18.8
2024-04-20 07:24,1,+32.3,+38.4,+22.7,+9.6,+32.4,+48.2,+18.3,+18.7,+19.0,+18.8,+19.0,+19.1,+18.8
2024-04-20 08:24,1,+32.2,+38.4,+22.7,+9.7,+32.4,+48.2,+18.3,+18.7,+19.0,+18.7,+19.0,+19.1,+18.7
2024-04-20 09:24,1,+32.1,+38.4,+22.7,+9.6,+32.3,+48.2,+18.3,+18.7,+18.8,+18.8,+19.0,+19.1,+18.7
2024-04-20 10:24,1,+32.0,+38.4,+22.7,+9.6,+32.3,+48.1,+18.6,+18.6,+18.8,+18.8,+19.0,+19.1,+18.7
2024-04-20 11:24,1,+31.9,+38.3,+22.7,+9.6,+32.3,+48.1,+18.7,+18.7,+19.0,+18.8,+19.0,+19.1,+18.8
2024-04-20 12:24,1,+31.7,+38.3,+22.7,+9.6,+32.3,+48.1,+18.8,+18.6,+19.0,+18.8,+18.8,+19.1,+18.7
2024-04-20 13:24,1,+31.6,+38.2,+22.6,+9.6,+32.3,+48.1,+19.2,+18.7,+19.0,+18.7,+19.0,+19.0,+18.8
2024-04-20 14:24,1,+31.5,+38.2,+22.6,+9.7,+32.3,+48.1,+19.2,+18.8,+19.0,+18.8,+19.0,+19.1,+18.7
2024-04-20 15:24,1,+31.4,+38.2,+22.6,+9.7,+32.3,+48.1,+19.2,+18.8,+18.8,+18.8,+19.0,+19.1,+18.7
2024-04-20 16:24,1,+31.3,+38.2,+22.6,+9.7,+32.3,+48.1,+19.2,+19.0,+19.0,+18.8,+18.8,+19.1,+18.7
2024-04-20 17:24,1,+31.3,+38.2,+22.6,+9.6,+32.3,+48.1,+19.2,+19.0,+19.0,+18.8,+19.0,+19.1,+18.7
2024-04-20 18:24,1,+31.2,+38.1,+22.6,+9.7,+32.3,+48.1,+19.2,+19.0,+18.8,+18.8,+19.0,+19.0,+18.7
2024-04-20 19:24,1,+31.2,+38.1,+22.6,+9.7,+32.3,+48.1,+19.1,+19.0,+19.0,+18.8,+19.0,+19.0,+18.8
2024-04-20 20:24,1,+31.1,+38.2,+22.6,+9.7,+32.3,+48.1,+19.1,+19.1,+19.0,+18.8,+19.0,+19.1,+18.8
2024-04-20 21:24,1,+31.1,+38.1,+22.6,+9.7,+32.3,+48.1,+19.1,+19.1,+19.1,+18.7,+19.0,+19.1,+18.8
2024-04-20 22:24,1,+31.1,+38.1,+22.6,+9.6,+32.2,+48.1,+19.0,+19.0,+19.0,+18.8,+19.0,+19.0,+18.7
2024-04-20 23:24,1,+31.1,+38.1,+22.6,+9.6,+32.3,+48.1,+19.0,+19.0,+19.1,+18.8,+19.0,+19.1,+18.7
2024-04-21 00:24,1,+31.0,+38.1,+22.6,+9.6,+32.2,+48.1,+18.8,+19.0,+19.1,+18.8,+19.0,+19.1,+18.7
2024-04-21 01:24,1,+31.0,+38.1,+22.6,+9.6,+32.2,+48.1,+18.7,+19.0,+19.1,+18.8,+19.0,+19.1,+18.8
2024-04-21 02:24,1,(Error)
2024-04-21 03:24,1,(Error)
2024-04-21 04:24,1,(Error)
2024-04-21 05:24,1,(Error)
2024-04-21 06:24,1,+30.7,+38.0,+22.6,+9.6,+32.2,+48.0,+18.2,+18.8,+19.0,+18.8,+19.0,+19.0,+18.7
2024-04-21 07:24,1,+30.6,+38.0,+22.6,+9.6,+32.2,+48.0,+18.2,+18.7,+19.1,+18.8,+19.0,+19.1,+18.7
2024-04-21 08:24,1,+30.5,+37.9,+22.6,+9.6,+32.3,+48.0,+18.2,+18.7,+19.1,+18.8,+19.0,+19.1,+18.8
2024-04-21 09:24,1,+30.4,+37.9,+22.6,+9.6,+32.2,+48.0,+18.2,+18.7,+19.0,+18.8,+19.0,+19.1,+18.7
2024-04-21 10:24,1,+30.3,+37.9,+22.5,+9.6,+32.2,+47.9,+18.5,+18.7,+19.0,+18.8,+19.0,+19.1,+18.7
2024-04-21 11:24,1,+30.1,+37.8,+22.5,+9.6,+32.2,+47.9,+18.6,+18.6,+19.0,+18.8,+19.0,+19.1,+18.8
2024-04-21 12:24,1,+30.1,+37.8,+22.5,+9.5,+32.2,+47.8,+18.7,+18.6,+19.0,+18.8,+19.0,+19.1,+18.7
2024-04-21 13:24,1,+29.9,+37.7,+22.5,+9.6,+32.2,+47.9,+18.8,+18.6,+19.0,+18.8,+19.0,+19.0,+18.7
2024-04-21 14:24,1,+29.8,+37.7,+22.5,+9.6,+32.2,+47.9,+19.0,+18.7,+18.8,+18.8,+19.0,+19.1,+18.7
2024-04-21 15:24,1,+29.8,+37.7,+22.5,+9.5,+32.2,+47.9,+19.0,+18.7,+19.0,+18.8,+19.0,+19.1,+18.8
2024-04-21 16:24,1,+29.8,+37.7,+22.5,+9.5,+32.2,+47.8,+19.0,+18.8,+19.0,+18.8,+19.0,+19.1,+18.8
2024-04-21 17:24,1,+29.7,+37.7,+22.5,+9.6,+32.2,+47.9,+19.1,+18.8,+19.0,+18.7,+19.0,+19.0,+18.8
2024-04-21 18:24,1,+29.7,+37.7,+22.5,+9.6,+32.2,+47.9,+19.0,+18.8,+19.0,+18.8,+19.0,+19.1,+18.7
2024-04-21 19:24,1,+29.7,+37.7,+22.5,+9.5,+32.2,+47.9,+19.0,+18.8,+19.0,+18.8,+19.0,+19.1,+18.7
2024-04-21 20:24,1,+29.6,+37.6,+22.5,+9.6,+32.2,+47.9,+19.0,+18.8,+19.0,+18.8,+19.0,+19.1,+18.8
2024-04-21 21:24,1,+29.6,+37.6,+22.5,+9.5,+32.2,+47.8,+19.0,+19.0,+19.0,+18.8,+19.0,+19.0,+18.8
2024-04-21 22:24,1,+29.6,+37.6,+22.5,+9.5,+32.1,+47.8,+18.8,+19.0,+19.1,+18.8,+19.0,+19.1,+18.7
2024-04-21 23:24,1,+29.6,+37.6,+22.5,+9.6,+32.2,+47.9,+18.8,+19.0,+19.1,+18.8,+19.0,+19.1,+18.7
2024-04-22 00:24,1,+29.5,+37.6,+22.5,+9.5,+32.1,+47.8,+18.7,+19.0,+19.0,+18.8,+19.0,+19.1,+18.7
2024-04-22 01:24,1,+29.5,+37.6,+22.5,+9.5,+32.2,+47.8,+18.7,+18.8,+19.0,+18.8,+19.0,+19.1,+18.7
2024-04-22 02:24,1,+29.5,+37.5,+22.5,+9.5,+32.1,+47.8,+18.7,+19.0,+19.0,+18.8,+19.0,+19.0,+18.8
2024-04-22 03:24,1,+29.5,+37.5,+22.4,+9.6,+32.2,+47.8,+18.7,+19.0,+19.1,+18.8,+19.0,+19.1,+18.7
2024-04-22 04:24,1,+29.5,+37.5,+22.4,+9.5,+32.1,+47.8,+18.7,+18.8,+19.0,+18.8,+19.0,+19.1,+18.8
2024-04-22 05:24,1,+29.5,+37.5,+22.4,+9.5,+32.1,+47.8,+18.7,+18.8,+19.1,+18.8,+19.0,+19.0,+18.8
2024-04-22 06:24,1,+29.4,+37.5,+22.4,+9.5,+32.1,+47.7,+18.7,+18.8,+19.1,+18.8,+19.0,+19.1,+18.7
2024-04-22 07:24,1,+29.4,+37.5,+22.4,+9.6,+32.2,+47.8,+18.7,+18.8,+19.1,+18.8,+19.0,+19.1,+18.7
2024-04-22 08:24,1,+29.4,+37.5,+22.4,+9.5,+32.1,+47.7,+18.7,+18.8,+19.1,+18.8,+19.0,+19.1,+18.7
2024-04-22 09:24,1,+29.3,+37.4,+22.4,+9.6,+32.2,+47.7,+18.8,+18.8,+19.0,+18.8,+19.0,+19.0,+18.7
2024-04-22 10:24,1,+29.2,+37.4,+22.4,+9.6,+32.2,+47.7,+19.0,+18.8,+19.1,+18.8,+19.0,+19.0,+18.7
2024-04-22 11:24,1,+29.1,+37.4,+22.4,+9.6,+32.1,+47.7,+19.1,+18.8,+19.1,+18.8,+19.0,+19.0,+18.7
2024-04-22 12:24,1,+29.0,+37.3,+22.4,+9.5,+32.1,+47.6,+19.2,+19.0,+19.0,+18.8,+19.0,+19.1,+18.7
2024-04-22 13:24,1,+28.8,+37.3,+22.4,+9.6,+32.1,+47.6,+19.3,+19.0,+19.1,+18.8,+19.0,+19.1,+18.8
2024-04-22 14:24,1,+28.7,+37.3,+22.4,+9.5,+32.1,+47.5,+19.5,+19.0,+19.1,+18.8,+19.0,+19.1,+18.8
2024-04-22 15:24,1,+28.6,+37.2,+22.4,+9.5,+32.1,+47.5,+19.3,+19.1,+19.1,+18.8,+19.0,+19.1,+18.7
2024-04-22 16:24,1,+28.5,+37.2,+22.4,+9.5,+32.1,+47.5,+19.3,+19.1,+19.0,+18.8,+19.0,+19.1,+18.7
2024-04-22 17:24,1,+28.4,+37.2,+22.4,+9.6,+32.1,+47.5,+19.3,+19.1,+19.1,+18.8,+19.0,+19.1,+18.8
2024-04-22 18:24,1,+28.4,+37.2,+22.4,+9.5,+32.0,+47.5,+19.3,+19.1,+19.1,+18.8,+19.0,+19.1,+18.7
2024-04-22 19:24,1,+28.3,+37.2,+22.4,+9.5,+32.1,+47.5,+19.2,+19.1,+19.1,+18.8,+19.0,+19.1,+18.8
2024-04-22 20:24,1,+28.3,+37.1,+22.4,+9.5,+32.0,+47.5,+19.2,+19.1,+19.1,+18.8,+19.0,+19.0,+18.7
2024-04-22 21:24,1,+28.3,+37.1,+22.3,+9.5,+32.0,+47.5,+19.2,+19.2,+19.1,+18.8,+19.0,+19.1,+18.7
2024-04-22 22:24,1,+28.3,+37.1,+22.4,+9.5,+32.0,+47.5,+19.1,+19.1,+19.1,+18.8,+19.0,+19.1,+18.7
2024-04-22 23:24,1,+28.2,+37.1,+22.3,+9.6,+32.1,+47.5,+19.0,+19.2,+19.1,+18.8,+19.0,+19.1,+18.8
2024-04-23 00:24,1,+28.2,+37.0,+22.3,+9.5,+32.0,+47.5,+19.0,+19.1,+19.2,+18.8,+19.0,+19.0,+18.7
2024-04-23 01:24,1,+28.1,+37.0,+22.3,+9.6,+32.1,+47.5,+18.8,+19.1,+19.1,+18.8,+19.0,+19.1,+18.8
2024-04-23 02:24,1,+28.2,+37.0,+22.3,+9.6,+32.1,+47.5,+18.8,+19.1,+19.2,+18.8,+19.0,+19.1,+18.7
2024-04-23 03:24,1,+28.1,+37.0,+22.3,+9.6,+32.1,+47.5,+18.6,+19.1,+19.2,+18.8,+19.0,+19.1,+18.8
2024-04-23 04:24,1,+28.1,+37.0,+22.3,+9.5,+32.0,+47.4,+18.6,+19.0,+19.2,+18.8,+19.0,+19.1,+18.8
2024-04-23 05:24,1,+28.0,+36.9,+22.3,+9.5,+32.0,+47.4,+18.5,+19.0,+19.1,+18.8,+19.0,+19.1,+18.7
2024-04-23 06:24,1,+28.0,+36.9,+22.3,+9.5,+32.0,+47.4,+18.3,+19.0,+19.2,+18.8,+19.0,+19.1,+18.8
2024-04-23 07:24,1,+28.0,+36.8,+22.3,+9.6,+32.1,+47.4,+18.5,+18.8,+19.2,+19.0,+19.1,+19.1,+18.8
2024-04-23 08:24,1,+27.9,+36.8,+22.3,+9.5,+32.0,+47.3,+18.5,+18.8,+19.2,+18.8,+19.0,+19.1,+18.7
2024-04-23 09:24,1,+27.8,+36.7,+22.2,+9.6,+32.0,+47.3,+18.6,+18.8,+19.1,+19.0,+19.0,+19.1,+18.8
2024-04-23 10:24,1,+27.7,+36.7,+22.2,+9.5,+32.0,+47.2,+18.7,+18.8,+19.1,+19.0,+19.0,+19.1,+18.8
2024-04-23 11:24,1,+27.6,+36.6,+22.2,+9.5,+32.0,+47.2,+18.8,+18.8,+19.1,+18.8,+19.0,+19.0,+18.8
2024-04-23 12:24,1,+27.5,+36.6,+22.2,+9.4,+32.0,+47.1,+19.0,+18.8,+19.1,+18.8,+19.1,+19.0,+18.8
2024-04-23 13:24,1,+27.4,+36.5,+22.2,+9.6,+32.0,+47.1,+19.2,+18.8,+19.1,+18.8,+19.0,+19.1,+18.8
2024-04-23 14:24,1,+27.3,+36.5,+22.2,+9.4,+32.0,+47.1,+19.3,+19.0,+19.1,+18.8,+19.0,+19.1,+18.7
2024-04-23 15:24,1,+27.2,+36.5,+22.2,+9.4,+32.0,+47.1,+19.3,+19.0,+19.1,+19.0,+19.0,+19.1,+18.7
2024-04-23 16:24,1,+27.2,+36.5,+22.2,+9.4,+32.0,+47.1,+19.3,+19.1,+19.1,+19.0,+19.0,+19.1,+18.7
2024-04-23 17:24,1,+27.1,+36.5,+22.2,+9.6,+32.0,+47.1,+19.3,+19.1,+19.1,+18.8,+19.1,+19.1,+18.7
2024-04-23 18:24,1,+27.1,+36.5,+22.2,+9.6,+32.0,+47.1,+19.2,+19.1,+19.1,+18.8,+19.0,+19.1,+18.7
2024-04-23 19:24,1,+27.1,+36.5,+22.2,+9.6,+32.0,+47.1,+19.2,+19.1,+19.1,+19.0,+19.1,+19.1,+18.7
2024-04-23 20:24,1,+27.1,+36.4,+22.2,+9.6,+32.0,+47.1,+19.1,+19.1,+19.2,+18.8,+19.0,+19.1,+18.8
2024-04-23 21:24,1,+27.1,+36.4,+22.2,+9.5,+32.0,+47.0,+19.0,+19.1,+19.1,+19.0,+19.1,+19.1,+18.7
2024-04-23 22:24,1,+27.0,+36.4,+22.2,+9.4,+32.0,+47.0,+18.8,+19.1,+19.1,+18.8,+19.0,+19.1,+18.7
2024-04-23 23:24,1,+27.0,+36.4,+22.2,+9.4,+32.0,+47.0,+18.7,+19.1,+19.2,+18.8,+19.0,+19.1,+18.8
2024-04-24 00:24,1,+27.0,+36.4,+22.2,+9.5,+31.9,+47.0,+18.7,+19.0,+19.2,+19.0,+19.0,+19.1,+18.8
2024-04-24 01:24,1,+27.0,+36.3,+22.2,+9.6,+32.0,+47.0,+18.6,+19.0,+19.1,+18.8,+19.0,+19.1,+18.8
2024-04-24 02:24,1,+26.9,+36.3,+22.2,+9.6,+32.0,+47.0,+18.5,+19.0,+19.1,+18.8,+19.0,+19.1,+18.8
2024-04-24 03:24,1,+26.9,+36.3,+22.2,+9.6,+32.0,+47.0,+18.6,+19.0,+19.2,+18.8,+19.0,+19.1,+18.7
2024-04-24 04:24,1,+26.8,+36.3,+22.2,+9.4,+31.9,+46.9,+18.5,+19.0,+19.2,+19.0,+19.1,+19.1,+18.7
2024-04-24 05:24,1,+26.8,+36.3,+22.2,+9.6,+32.0,+46.9,+18.3,+18.8,+19.1,+19.0,+19.0,+19.1,+18.7
2024-04-24 06:24,1,+26.8,+36.3,+22.2,+9.4,+31.9,+46.8,+18.3,+18.8,+19.2,+19.0,+19.0,+19.1,+18.7
2024-04-24 07:24,1,+26.7,+36.2,+22.2,+9.6,+32.0,+46.9,+18.3,+18.8,+19.1,+18.8,+19.1,+19.1,+18.7
2024-04-24 08:24,1,+26.6,+36.2,+22.1,+9.5,+31.9,+46.8,+18.5,+18.7,+19.1,+19.0,+19.1,+19.1,+18.7
2024-04-24 09:24,1,+26.5,+36.2,+22.1,+9.5,+32.0,+46.8,+18.6,+18.7,+19.1,+19.0,+19.0,+19.1,+18.7
2024-04-24 10:24,1,+26.5,+36.1,+22.1,+9.4,+31.9,+46.7,+18.6,+18.7,+19.1,+18.8,+19.0,+19.1,+18.7
2024-04-24 11:24,1,+26.3,+36.1,+22.1,+9.5,+31.9,+46.7,+18.8,+18.8,+19.1,+19.0,+19.0,+19.1,+18.8
2024-04-24 12:24,1,+26.2,+36.1,+22.1,+9.5,+31.9,+46.7,+19.0,+18.8,+19.1,+18.8,+19.1,+19.1,+18.7
2024-04-24 13:24,1,+26.1,+36.0,+22.1,+9.4,+31.9,+46.7,+19.3,+18.8,+19.1,+18.8,+19.0,+19.1,+18.8
2024-04-24 14:24,1,+26.0,+36.0,+22.1,+9.4,+31.9,+46.6,+19.3,+18.8,+19.0,+19.0,+19.1,+19.1,+18.8
2024-04-24 15:24,1,+26.0,+36.0,+22.1,+9.5,+31.9,+46.7,+19.3,+19.0,+19.1,+19.0,+19.0,+19.1,+18.8
2024-04-24 16:24,1,+36.6,+42.2,+24.3,+9.6,+32.1,+47.8,+19.3,+19.1,+19.1,+18.8,+19.0,+19.1,+18.8
2024-04-24 17:24,1,+38.9,+42.7,+24.3,+9.5,+32.0,+48.0,+19.2,+19.1,+19.2,+18.8,+19.0,+19.1,+18.8
2024-04-24 18:24,1,+38.2,+42.4,+24.3,+9.5,+32.0,+48.1,+19.0,+19.1,+19.1,+19.0,+19.1,+19.1,+18.7
2024-04-24 19:24,1,+37.9,+42.2,+24.2,+9.6,+32.0,+48.1,+19.0,+19.1,+19.1,+18.8,+19.0,+19.1,+18.8
2024-04-24 20:24,1,+37.6,+42.0,+24.1,+9.6,+32.0,+48.2,+18.8,+19.1,+19.1,+18.8,+19.1,+19.1,+18.8
2024-04-24 21:24,1,+37.4,+41.9,+24.0,+9.6,+32.1,+48.3,+18.8,+19.1,+19.1,+18.8,+19.0,+19.1,+18.8
2024-04-24 22:24,1,+37.3,+41.7,+24.0,+9.5,+32.0,+48.3,+18.7,+19.0,+19.2,+19.0,+19.0,+19.2,+18.7
2024-04-24 23:24,1,+37.2,+41.6,+23.9,+9.6,+32.1,+48.4,+18.7,+19.0,+19.2,+18.8,+19.0,+19.1,+18.7
2024-04-25 00:24,1,+37.0,+41.5,+23.9,+9.5,+32.1,+48.4,+18.7,+19.1,+19.2,+19.0,+19.1,+19.1,+18.8
2024-04-25 01:24,1,+36.9,+41.5,+23.8,+9.6,+32.1,+48.4,+18.7,+19.0,+19.2,+18.8,+19.0,+19.1,+18.8
2024-04-25 02:24,1,+36.8,+41.4,+23.8,+9.6,+32.1,+48.4,+18.6,+19.0,+19.2,+19.0,+19.1,+19.1,+18.8
2024-04-25 03:24,1,+36.7,+41.3,+23.8,+9.7,+32.2,+48.5,+18.6,+19.0,+19.2,+18.8,+19.1,+19.1,+18.8
2024-04-25 04:24,1,+36.7,+41.3,+23.8,+9.6,+32.2,+48.4,+18.6,+18.8,+19.1,+19.0,+19.0,+19.1,+18.8
2024-04-25 05:24,1,+36.6,+41.2,+23.8,+9.6,+32.2,+48.5,+18.5,+18.8,+19.1,+19.0,+19.0,+19.1,+18.8
2024-04-25 06:24,1,+36.5,+41.2,+23.7,+9.6,+32.2,+48.5,+18.6,+19.0,+19.1,+18.8,+19.1,+19.1,+18.7
2024-04-25 07:24,1,+36.5,+41.1,+23.7,+9.6,+32.2,+48.5,+18.5,+18.8,+19.1,+18.8,+19.1,+19.1,+18.7
2024-04-25 08:24,1,+36.4,+41.1,+23.7,+9.6,+32.2,+48.5,+18.6,+18.8,+19.1,+18.8,+19.1,+19.1,+18.7
2024-04-25 09:24,1,+36.4,+41.1,+23.7,+9.7,+32.3,+48.6,+18.6,+18.8,+19.1,+19.0,+19.1,+19.1,+18.7
2024-04-25 10:24,1,+36.4,+41.0,+23.6,+9.6,+32.3,+48.6,+18.5,+18.8,+19.1,+18.8,+19.0,+19.1,+18.8
2024-04-25 11:24,1,+36.5,+41.0,+23.6,+9.8,+32.3,+48.6,+18.6,+18.8,+19.1,+18.8,+19.0,+19.1,+18.8
2024-04-25 12:24,1,+36.5,+41.0,+23.6,+9.6,+32.3,+48.6,+18.7,+18.8,+19.0,+18.8,+19.1,+19.1,+18.7
2024-04-25 13:24,1,+36.5,+40.9,+23.6,+9.6,+32.3,+48.6,+18.7,+18.8,+19.1,+18.8,+19.1,+19.2,+18.8
2024-04-25 14:24,1,+36.4,+40.8,+23.6,+9.6,+32.3,+48.7,+18.7,+18.8,+19.1,+19.0,+19.1,+19.1,+18.8
2024-04-25 15:24,1,+36.4,+40.8,+23.6,+9.8,+32.4,+48.7,+18.7,+18.8,+19.0,+18.8,+19.1,+19.1,+18.8
2024-04-25 16:24,1,+36.4,+40.8,+23.6,+9.7,+32.4,+48.6,+18.6,+18.8,+19.1,+19.0,+19.0,+19.1,+18.8
2024-04-25 17:24,1,+36.3,+40.8,+23.6,+9.7,+32.4,+48.7,+18.5,+18.8,+19.1,+18.8,+19.1,+19.1,+18.8
2024-04-25 18:24,1,+36.3,+40.7,+23.6,+9.8,+32.4,+48.7,+18.5,+18.8,+19.1,+19.0,+19.0,+19.1,+18.7
2024-04-25 19:24,1,+36.3,+40.7,+23.5,+9.7,+32.4,+48.7,+18.5,+18.8,+19.1,+18.8,+19.1,+19.1,+18.7
2024-04-25 20:24,1,+36.2,+40.7,+23.5,+9.8,+32.4,+48.7,+18.3,+18.8,+19.1,+19.0,+19.1,+19.1,+18.8
2024-04-25 21:24,1,+36.2,+40.7,+23.5,+9.7,+32.4,+48.7,+18.3,+18.8,+19.1,+18.8,+19.0,+19.1,+18.8
2024-04-25 22:24,1,+36.2,+40.6,+23.5,+9.8,+32.4,+48.7,+18.3,+18.7,+19.1,+18.8,+19.0,+19.1,+18.8
2024-04-25 23:24,1,+36.2,+40.6,+23.5,+9.7,+32.4,+48.7,+18.3,+18.7,+19.1,+18.8,+19.1,+19.1,+18.8
2024-04-26 00:24,1,+36.1,+40.6,+23.5,+9.8,+32.4,+48.7,+18.2,+18.7,+19.0,+18.8,+19.1,+19.1,+18.8
2024-04-26 01:24,1,+36.1,+40.6,+23.5,+9.8,+32.4,+48.7,+18.2,+18.7,+19.1,+18.8,+19.0,+19.1,+18.8
2024-04-26 02:24,1,+36.1,+40.6,+23.5,+9.8,+32.4,+48.7,+18.2,+18.7,+19.0,+19.0,+19.1,+19.1,+18.8
2024-04-26 03:24,1,+36.0,+40.5,+23.5,+9.7,+32.4,+48.7,+18.1,+18.6,+19.0,+18.8,+19.1,+19.1,+18.8
2024-04-26 04:24,1,+36.0,+40.5,+23.4,+9.7,+32.4,+48.7,+18.1,+18.6,+19.0,+18.8,+19.1,+19.1,+18.7
2024-04-26 05:24,1,+36.0,+40.5,+23.4,+9.7,+32.4,+48.7,+18.1,+18.6,+19.0,+19.0,+19.0,+19.1,+18.8
2024-04-26 06:24,1,+35.9,+40.4,+23.4,+9.8,+32.4,+48.7,+18.1,+18.6,+19.0,+18.8,+19.0,+19.1,+18.7
2024-04-26 07:24,1,+35.9,+40.4,+23.4,+9.7,+32.4,+48.7,+18.2,+18.6,+19.0,+18.8,+19.0,+19.2,+18.7
2024-04-26 08:24,1,+35.9,+40.4,+23.4,+9.7,+32.4,+48.7,+18.2,+18.6,+19.0,+18.8,+19.1,+19.1,+18.8
2024-04-26 09:24,1,+35.8,+40.4,+23.4,+9.7,+32.4,+48.7,+18.2,+18.6,+19.0,+18.8,+19.0,+19.2,+18.8
2024-04-26 10:24,1,+35.8,+40.3,+23.4,+9.7,+32.4,+48.7,+18.5,+18.6,+19.0,+18.8,+19.0,+19.1,+18.7
2024-04-26 11:24,1,+35.7,+40.3,+23.4,+9.7,+32.4,+48.7,+18.5,+18.6,+19.0,+18.8,+19.1,+19.1,+18.7
2024-04-26 12:24,1,+35.6,+40.3,+23.4,+9.8,+32.4,+48.7,+18.7,+18.6,+19.0,+18.8,+19.0,+19.1,+18.8
2024-04-26 13:24,1,+35.5,+40.2,+23.4,+9.8,+32.4,+48.7,+19.0,+18.6,+19.0,+18.8,+19.0,+19.1,+18.8
2024-04-26 14:24,1,+35.5,+40.2,+23.4,+9.8,+32.4,+48.7,+19.0,+18.7,+18.8,+18.8,+19.1,+19.1,+18.8
2024-04-26 15:24,1,+35.5,+40.1,+23.4,+9.7,+32.4,+48.7,+19.1,+18.7,+18.8,+18.8,+19.0,+19.1,+18.8
2024-04-26 16:24,1,+35.5,+40.1,+23.3,+9.7,+32.4,+48.7,+19.1,+18.8,+19.0,+18.8,+19.0,+19.1,+18.8
2024-04-26 17:24,1,+41.4,+41.7,+23.4,+9.8,+32.4,+48.7,+19.0,+18.8,+18.8,+18.8,+19.0,+19.1,+18.7
2024-04-26 18:24,1,+41.1,+42.1,+23.4,+9.7,+32.4,+48.7,+19.0,+18.8,+19.0,+18.8,+19.1,+19.1,+18.7
2024-04-26 19:24,1,+41.1,+42.4,+23.4,+9.7,+32.4,+48.9,+19.0,+19.0,+19.0,+18.8,+19.0,+19.1,+18.8
2024-04-26 20:24,1,+40.7,+42.5,+23.5,+9.8,+32.5,+49.0,+18.8,+19.0,+19.0,+18.7,+19.0,+19.1,+18.8
2024-04-26 21:24,1,+40.5,+42.5,+23.5,+9.8,+32.5,+49.0,+18.8,+18.8,+19.0,+18.8,+19.1,+19.1,+18.8
2024-04-26 22:24,1,+40.2,+42.4,+23.5,+9.9,+32.5,+49.0,+18.7,+19.0,+19.0,+18.8,+19.0,+19.1,+18.8
2024-04-26 23:24,1,+40.0,+42.4,+23.5,+9.8,+32.5,+49.0,+18.7,+19.0,+19.0,+18.8,+19.0,+19.0,+18.8
2024-04-27 00:24,1,+39.9,+42.3,+23.5,+9.9,+32.6,+49.1,+18.6,+18.8,+19.1,+18.7,+19.0,+19.1,+18.7
2024-04-27 01:24,1,+39.8,+42.3,+23.5,+9.8,+32.6,+49.1,+18.7,+18.8,+19.1,+18.8,+19.0,+19.1,+18.8
2024-04-27 02:24,1,+39.7,+42.3,+23.5,+9.9,+32.6,+49.1,+18.7,+18.8,+19.0,+18.8,+19.0,+19.1,+18.8
2024-04-27 03:24,1,+39.7,+42.3,+23.6,+9.8,+32.6,+49.1,+18.6,+18.8,+19.1,+18.8,+19.0,+19.1,+18.8
2024-04-27 04:24,1,+39.7,+42.2,+23.6,+9.8,+32.6,+49.1,+18.6,+18.8,+19.1,+18.8,+19.0,+19.1,+18.8
2024-04-27 05:24,1,+39.6,+42.2,+23.6,+10.0,+32.7,+49.2,+18.6,+18.8,+19.0,+18.8,+19.0,+19.1,+18.8
2024-04-27 06:24,1,+39.5,+42.2,+23.6,+9.9,+32.7,+49.2,+18.5,+18.8,+19.1,+18.8,+19.0,+19.1,+18.8
2024-04-27 07:24,1,+39.4,+42.2,+23.6,+10.0,+32.8,+49.2,+18.5,+18.7,+19.1,+18.8,+19.0,+19.1,+18.8
2024-04-27 08:24,1,+39.6,+42.2,+23.6,+10.0,+32.8,+49.2,+18.5,+18.8,+19.1,+18.8,+19.0,+19.1,+18.8
2024-04-27 09:24,1,+39.6,+42.1,+23.6,+9.9,+32.8,+49.2,+18.6,+18.7,+19.1,+18.8,+19.0,+19.1,+18.7
2024-04-27 10:24,1,+39.6,+42.0,+23.6,+9.9,+32.8,+49.2,+18.6,+18.7,+19.0,+18.8,+19.0,+19.1,+18.7
2024-04-27 11:24,1,+39.5,+42.0,+23.6,+10.0,+32.9,+49.3,+18.7,+18.7,+19.0,+18.8,+19.0,+19.1,+18.7
2024-04-27 12:24,1,+39.4,+42.0,+23.6,+10.0,+32.9,+49.3,+18.7,+18.7,+19.0,+18.8,+19.0,+19.1,+18.7
2024-04-27 13:24,1,+39.3,+41.9,+23.6,+9.9,+32.8,+49.3,+19.0,+18.8,+19.1,+18.8,+19.0,+19.1,+18.8
2024-04-27 14:24,1,+39.2,+41.9,+23.6,+9.9,+32.8,+49.3,+19.0,+18.8,+19.1,+18.8,+19.0,+19.1,+18.8
2024-04-27 15:24,1,+39.1,+41.8,+23.6,+10.0,+32.9,+49.3,+19.1,+18.8,+19.0,+18.8,+19.0,+19.1,+18.8
2024-04-27 16:24,1,+39.1,+41.8,+23.6,+10.0,+32.9,+49.3,+19.1,+19.0,+19.0,+18.8,+19.0,+19.1,+18.8
2024-04-27 17:24,1,+39.0,+41.7,+23.6,+10.0,+32.9,+49.3,+19.1,+19.0,+19.0,+18.8,+19.0,+19.1,+18.8
2024-04-27 18:24,1,+39.0,+41.6,+23.6,+9.9,+32.8,+49.3,+19.1,+19.0,+19.0,+18.8,+19.0,+19.1,+18.7
2024-04-27 19:24,1,+38.9,+41.6,+23.6,+10.0,+32.9,+49.3,+19.1,+19.0,+19.1,+18.8,+19.0,+19.1,+18.7
2024-04-27 20:24,1,+38.9,+41.6,+23.6,+9.9,+32.8,+49.3,+19.0,+19.0,+19.1,+18.8,+19.0,+19.1,+18.7
2024-04-27 21:24,1,+38.9,+41.6,+23.6,+9.9,+32.8,+49.3,+19.0,+19.0,+19.0,+18.8,+19.0,+19.2,+18.8
2024-04-27 22:24,1,+38.9,+41.6,+23.6,+9.9,+32.8,+49.3,+18.8,+19.0,+19.1,+18.8,+19.1,+19.1,+18.8
2024-04-27 23:24,1,+38.9,+41.5,+23.6,+10.0,+32.9,+49.3,+18.8,+19.0,+19.1,+18.8,+19.0,+19.1,+18.8
2024-04-28 00:24,1,+38.9,+41.5,+23.6,+9.9,+32.8,+49.3,+18.8,+19.0,+19.1,+18.8,+19.0,+19.1,+18.8
2024-04-28 01:24,1,+38.8,+41.5,+23.6,+10.0,+32.9,+49.3,+18.7,+19.1,+19.1,+18.8,+19.0,+19.1,+18.7
2024-04-28 02:24,1,+38.8,+41.5,+23.6,+9.9,+32.8,+49.3,+18.7,+19.0,+19.1,+18.8,+19.0,+19.1,+18.8
2024-04-28 03:24,1,+38.7,+41.5,+23.6,+10.0,+32.9,+49.3,+18.7,+19.0,+19.1,+18.8,+19.0,+19.1,+18.7
2024-04-28 04:24,1,+38.7,+41.5,+23.6,+10.0,+32.9,+49.3,+18.7,+19.0,+19.1,+18.8,+19.0,+19.1,+18.8
2024-04-28 05:24,1,+38.7,+41.4,+23.6,+9.9,+32.8,+49.3,+18.7,+19.0,+19.1,+18.8,+19.0,+19.1,+18.8
2024-04-28 06:24,1,+38.6,+41.4,+23.6,+9.9,+32.8,+49.3,+18.7,+18.8,+19.1,+19.0,+19.0,+19.1,+18.8
2024-04-28 07:24,1,+38.6,+41.4,+23.6,+10.0,+32.9,+49.3,+18.7,+18.8,+19.1,+18.8,+19.0,+19.1,+18.7
2024-04-28 08:24,1,+38.6,+41.4,+23.6,+9.9,+32.8,+49.3,+18.8,+18.8,+19.1,+18.8,+19.0,+19.1,+18.7
2024-04-28 09:24,1,+38.5,+41.3,+23.6,+10.0,+32.9,+49.3,+18.8,+18.8,+19.1,+18.8,+19.0,+19.1,+18.7
2024-04-28 10:24,1,+38.5,+41.3,+23.6,+9.9,+32.8,+49.3,+18.8,+19.0,+19.1,+18.8,+19.0,+19.1,+18.7
2024-04-28 11:24,1,+38.4,+41.3,+23.6,+9.9,+32.8,+49.3,+19.0,+19.0,+19.1,+18.8,+19.0,+19.1,+18.7
2024-04-28 12:24,1,+38.4,+41.2,+23.6,+9.9,+32.8,+49.3,+19.1,+19.0,+19.1,+18.8,+19.0,+19.2,+18.8
2024-04-28 13:24,1,+38.3,+41.2,+23.6,+10.0,+32.8,+49.3,+19.2,+19.0,+19.1,+18.8,+19.0,+19.1,+18.8
2024-04-28 14:24,1,+38.2,+41.1,+23.6,+9.9,+32.8,+49.2,+19.3,+19.0,+19.1,+18.8,+19.1,+19.1,+18.7
2024-04-28 15:24,1,+38.2,+41.1,+23.6,+10.0,+32.8,+49.3,+19.3,+19.1,+19.1,+18.8,+19.0,+19.1,+18.8
2024-04-28 16:24,1,+38.1,+41.1,+23.6,+9.9,+32.8,+49.2,+19.3,+19.1,+19.1,+18.8,+19.0,+19.1,+18.8
2024-04-28 17:24,1,+38.1,+41.1,+23.6,+10.0,+32.8,+49.3,+19.3,+19.1,+19.1,+18.8,+19.1,+19.1,+18.8
2024-04-28 18:24,1,+38.1,+41.1,+23.6,+9.9,+32.8,+49.3,+19.3,+19.2,+19.2,+18.8,+19.0,+19.1,+18.7
2024-04-28 19:24,1,+38.1,+41.0,+23.6,+9.9,+32.8,+49.3,+19.3,+19.2,+19.2,+18.8,+19.0,+19.1,+18.7
2024-04-28 20:24,1,+38.1,+41.0,+23.6,+9.9,+32.8,+49.2,+19.3,+19.2,+19.2,+18.8,+19.1,+19.1,+18.8
2024-04-28 21:24,1,+38.0,+41.0,+23.6,+10.0,+32.8,+49.3,+19.2,+19.2,+19.2,+18.8,+19.0,+19.1,+18.7
2024-04-28 22:24,1,+38.0,+41.0,+23.6,+10.0,+32.8,+49.3,+19.2,+19.2,+19.1,+18.8,+19.1,+19.1,+18.7
2024-04-28 23:24,1,+38.0,+41.0,+23.6,+10.0,+32.8,+49.3,+19.2,+19.2,+19.2,+18.8,+19.0,+19.1,+18.7
2024-04-29 00:24,1,+37.9,+41.0,+23.6,+10.0,+32.8,+49.3,+19.2,+19.2,+19.2,+19.0,+19.0,+19.1,+18.8
2024-04-29 01:24,1,+37.9,+41.0,+23.6,+10.0,+32.8,+49.3,+19.1,+19.2,+19.2,+18.8,+19.0,+19.1,+18.7
2024-04-29 02:24,1,+37.9,+40.9,+23.6,+9.9,+32.7,+49.3,+19.1,+19.2,+19.2,+19.0,+19.0,+19.1,+18.8
2024-04-29 03:24,1,+37.9,+40.9,+23.6,+9.9,+32.7,+49.2,+19.1,+19.2,+19.2,+19.0,+19.1,+19.1,+18.7
2024-04-29 04:24,1,+37.9,+40.9,+23.5,+10.0,+32.8,+49.3,+19.1,+19.2,+19.2,+18.8,+19.0,+19.1,+18.8
2024-04-29 05:24,1,+37.8,+40.9,+23.6,+9.9,+32.7,+49.2,+19.1,+19.2,+19.2,+19.0,+19.0,+19.1,+18.8
2024-04-29 06:24,1,+37.8,+40.9,+23.5,+9.9,+32.7,+49.2,+19.0,+19.1,+19.2,+19.0,+19.0,+19.1,+18.7
2024-04-29 07:24,1,+37.8,+40.8,+23.5,+9.9,+32.7,+49.3,+19.0,+19.1,+19.2,+19.0,+19.1,+19.1,+18.8
2024-04-29 08:24,1,+37.8,+40.8,+23.5,+9.9,+32.7,+49.2,+19.1,+19.1,+19.2,+19.0,+19.1,+19.1,+18.8
2024-04-29 09:24,1,+37.8,+40.8,+23.5,+9.8,+32.7,+49.2,+19.1,+19.1,+19.2,+19.0,+19.0,+19.1,+18.7
2024-04-29 10:24,1,+37.7,+40.8,+23.5,+10.0,+32.8,+49.3,+19.1,+19.1,+19.2,+19.0,+19.0,+19.2,+18.8
2024-04-29 11:24,1,+37.6,+40.7,+23.5,+9.8,+32.7,+49.2,+19.3,+19.2,+19.2,+19.0,+19.0,+19.1,+18.7
2024-04-29 12:24,1,+37.5,+40.7,+23.5,+9.8,+32.7,+49.2,+19.3,+19.2,+19.2,+19.0,+19.1,+19.1,+18.8
2024-04-29 13:24,1,+37.5,+40.7,+23.5,+9.8,+32.7,+49.2,+19.5,+19.2,+19.2,+19.0,+19.1,+19.1,+18.8
2024-04-29 14:24,1,+37.4,+40.6,+23.5,+9.8,+32.7,+49.2,+19.6,+19.2,+19.2,+19.0,+19.0,+19.1,+18.8
2024-04-29 15:24,1,+37.4,+40.6,+23.5,+9.8,+32.7,+49.2,+19.6,+19.3,+19.2,+19.0,+19.1,+19.1,+18.7
2024-04-29 16:24,1,+37.4,+40.6,+23.5,+9.8,+32.7,+49.2,+19.6,+19.3,+19.2,+19.0,+19.1,+19.1,+18.8
2024-04-29 17:24,1,+37.3,+40.6,+23.5,+9.9,+32.7,+49.2,+19.6,+19.3,+19.2,+19.0,+19.1,+19.1,+18.7
2024-04-29 18:24,1,+37.3,+40.5,+23.5,+9.8,+32.7,+49.2,+19.6,+19.3,+19.3,+19.0,+19.1,+19.1,+18.8
2024-04-29 19:24,1,+37.3,+40.5,+23.4,+10.0,+32.7,+49.2,+19.6,+19.3,+19.3,+19.0,+19.1,+19.1,+18.8
2024-04-29 20:24,1,+37.3,+40.5,+23.4,+10.0,+32.7,+49.2,+19.6,+19.5,+19.3,+19.0,+19.1,+19.1,+18.7
2024-04-29 21:24,1,+37.3,+40.5,+23.5,+9.8,+32.7,+49.2,+19.5,+19.5,+19.3,+19.0,+19.1,+19.2,+18.8
2024-04-29 22:24,1,+37.3,+40.5,+23.4,+10.0,+32.7,+49.2,+19.5,+19.5,+19.3,+19.0,+19.1,+19.1,+18.7
2024-04-29 23:24,1,+37.2,+40.5,+23.4,+9.8,+32.6,+49.2,+19.5,+19.3,+19.3,+19.0,+19.1,+19.1,+18.8
2024-04-30 00:24,1,+37.2,+40.4,+23.4,+9.8,+32.6,+49.2,+19.5,+19.5,+19.3,+19.0,+19.1,+19.1,+18.8
2024-04-30 01:24,1,+37.2,+40.4,+23.4,+10.0,+32.7,+49.2,+19.3,+19.5,+19.3,+19.0,+19.1,+19.1,+18.8
2024-04-30 02:24,1,+37.1,+40.4,+23.4,+10.0,+32.7,+49.2,+19.2,+19.3,+19.3,+19.0,+19.1,+19.2,+18.8
2024-04-30 03:24,1,+37.1,+40.4,+23.4,+10.0,+32.7,+49.2,+19.2,+19.5,+19.3,+19.0,+19.1,+19.1,+18.8
2024-04-30 04:24,1,+37.1,+40.4,+23.4,+9.9,+32.7,+49.2,+19.1,+19.3,+19.5,+19.1,+19.1,+19.2,+18.8
2024-04-30 05:24,1,+37.0,+40.3,+23.4,+9.9,+32.7,+49.2,+19.1,+19.3,+19.3,+19.0,+19.1,+19.1,+18.8
2024-04-30 06:24,1,+37.0,+40.3,+23.4,+10.0,+32.7,+49.2,+19.0,+19.3,+19.3,+19.1,+19.1,+19.1,+18.8
2024-04-30 07:24,1,+37.0,+40.3,+23.4,+9.8,+32.6,+49.2,+19.0,+19.3,+19.3,+19.1,+19.1,+19.1,+18.7
2024-04-30 08:24,1,+36.9,+40.3,+23.4,+9.8,+32.6,+49.2,+19.1,+19.3,+19.3,+19.0,+19.1,+19.2,+18.7
2024-04-30 09:24,1,+36.8,+40.3,+23.4,+9.8,+32.6,+49.2,+19.1,+19.2,+19.3,+19.1,+19.1,+19.2,+18.8
2024-04-30 10:24,1,+36.7,+40.2,+23.4,+9.8,+32.6,+49.1,+19.2,+19.2,+19.3,+19.1,+19.1,+19.2,+18.7
2024-04-30 11:24,1,+36.6,+40.3,+23.4,+9.8,+32.6,+49.2,+19.3,+19.2,+19.3,+19.0,+19.1,+19.2,+18.7
2024-04-30 12:24,1,+36.5,+40.2,+23.3,+9.9,+32.6,+49.2,+19.3,+19.2,+19.5,+19.1,+19.1,+19.1,+18.8
2024-04-30 13:24,1,+36.4,+40.2,+23.3,+9.9,+32.6,+49.2,+19.6,+19.3,+19.3,+19.1,+19.1,+19.2,+18.8
2024-04-30 14:24,1,+36.3,+40.1,+23.3,+9.8,+32.6,+49.1,+19.6,+19.3,+19.3,+19.0,+19.1,+19.2,+18.8
2024-04-30 15:24,1,+36.2,+40.1,+23.3,+9.8,+32.6,+49.1,+19.7,+19.3,+19.3,+19.1,+19.1,+19.1,+18.8
2024-04-30 16:24,1,+36.2,+40.1,+23.3,+9.9,+32.6,+49.2,+19.7,+19.5,+19.3,+19.1,+19.1,+19.2,+18.8
2024-04-30 17:24,1,+36.1,+40.1,+23.3,+9.9,+32.6,+49.2,+19.6,+19.5,+19.5,+19.1,+19.1,+19.2,+18.8
2024-04-30 18:24,1,+36.1,+40.0,+23.3,+9.9,+32.6,+49.1,+19.6,+19.5,+19.5,+19.1,+19.1,+19.1,+18.8
2024-04-30 19:24,1,+36.1,+40.0,+23.3,+9.8,+32.6,+49.1,+19.6,+19.6,+19.5,+19.1,+19.1,+19.2,+18.8
2024-04-30 20:24,1,+36.0,+40.0,+23.3,+9.9,+32.6,+49.2,+19.5,+19.5,+19.5,+19.1,+19.1,+19.2,+18.8
2024-04-30 21:24,1,+35.9,+40.0,+23.3,+9.8,+32.6,+49.1,+19.3,+19.5,+19.5,+19.1,+19.1,+19.1,+18.8
2024-04-30 22:24,1,+35.9,+40.0,+23.2,+9.9,+32.6,+49.2,+19.3,+19.5,+19.5,+19.1,+19.1,+19.2,+18.8
2024-04-30 23:24,1,+35.9,+39.9,+23.2,+9.9,+32.6,+49.2,+19.2,+19.5,+19.5,+19.1,+19.1,+19.2,+18.8
2024-05-01 00:24,1,+35.8,+39.9,+23.2,+9.9,+32.6,+49.2,+19.2,+19.5,+19.5,+19.1,+19.1,+19.2,+18.8
2024-05-01 01:24,1,+35.8,+39.9,+23.2,+9.8,+32.6,+49.1,+19.1,+19.3,+19.5,+19.1,+19.1,+19.2,+18.8
2024-05-01 02:24,1,+35.7,+39.9,+23.2,+9.8,+32.5,+49.1,+19.1,+19.3,+19.5,+19.1,+19.1,+19.2,+18.8
2024-05-01 03:24,1,+35.7,+39.9,+23.2,+9.9,+32.6,+49.1,+19.0,+19.3,+19.5,+19.1,+19.1,+19.2,+18.8
2024-05-01 04:24,1,+35.7,+39.8,+23.2,+9.9,+32.6,+49.1,+19.0,+19.2,+19.5,+19.1,+19.2,+19.1,+18.8
2024-05-01 05:24,1,+35.7,+39.8,+23.2,+9.9,+32.6,+49.1,+18.8,+19.2,+19.5,+19.1,+19.1,+19.1,+18.8
2024-05-01 06:24,1,+35.6,+39.8,+23.2,+9.8,+32.6,+49.1,+18.8,+19.2,+19.5,+19.1,+19.1,+19.2,+18.8
2024-05-01 07:24,1,+35.6,+39.8,+23.1,+9.9,+32.6,+49.1,+19.0,+19.2,+19.5,+19.1,+19.1,+19.2,+18.8
2024-05-01 08:24,1,+35.5,+39.8,+23.2,+9.9,+32.6,+49.1,+19.0,+19.2,+19.5,+19.1,+19.2,+19.2,+18.8
2024-05-01 09:24,1,+35.4,+39.7,+23.1,+9.8,+32.5,+49.1,+19.0,+19.1,+19.3,+19.1,+19.1,+19.2,+18.8
2024-05-01 10:24,1,+35.3,+39.7,+23.1,+9.8,+32.5,+49.1,+19.1,+19.2,+19.3,+19.1,+19.1,+19.2,+18.8
2024-05-01 11:24,1,+35.2,+39.6,+23.1,+9.8,+32.5,+49.1,+19.2,+19.2,+19.3,+19.1,+19.1,+19.2,+18.8
2024-05-01 12:24,1,+35.1,+39.6,+23.1,+9.8,+32.5,+49.0,+19.3,+19.2,+19.5,+19.1,+19.2,+19.2,+18.8
2024-05-01 13:24,1,+35.0,+39.5,+23.1,+9.8,+32.5,+49.0,+19.6,+19.2,+19.3,+19.1,+19.1,+19.2,+18.8
2024-05-01 14:24,1,+34.9,+39.5,+23.1,+9.7,+32.5,+49.0,+19.7,+19.3,+19.3,+19.1,+19.1,+19.2,+18.8
2024-05-01 15:24,1,+34.8,+39.5,+23.1,+9.8,+32.5,+48.9,+19.7,+19.5,+19.3,+19.1,+19.1,+19.2,+18.8
2024-05-01 16:24,1,+34.7,+39.4,+23.1,+9.8,+32.5,+48.9,+19.7,+19.5,+19.3,+19.1,+19.1,+19.2,+18.8
2024-05-01 17:24,1,+34.6,+39.4,+23.1,+9.8,+32.5,+48.9,+19.7,+19.5,+19.3,+19.1,+19.2,+19.2,+18.8
2024-05-01 18:24,1,+34.6,+39.4,+23.1,+9.8,+32.5,+48.9,+19.7,+19.5,+19.3,+19.1,+19.1,+19.2,+18.8
2024-05-01 19:24,1,+34.5,+39.4,+23.1,+9.7,+32.5,+48.9,+19.6,+19.5,+19.3,+19.1,+19.1,+19.2,+18.8
2024-05-01 20:24,1,+34.5,+39.4,+23.1,+9.9,+32.5,+48.9,+19.5,+19.5,+19.5,+19.1,+19.1,+19.2,+18.8
2024-05-01 21:24,1,+34.4,+39.4,+23.1,+9.9,+32.5,+48.9,+19.5,+19.5,+19.5,+19.1,+19.2,+19.2,+18.8
2024-05-01 22:24,1,+34.4,+39.4,+23.1,+9.7,+32.4,+48.8,+19.3,+19.5,+19.5,+19.1,+19.2,+19.2,+18.8
2024-05-01 23:24,1,+34.3,+39.3,+23.0,+9.8,+32.4,+48.8,+19.3,+19.5,+19.5,+19.1,+19.1,+19.2,+18.8
2024-05-02 00:24,1,+34.3,+39.3,+23.0,+9.8,+32.5,+48.9,+19.2,+19.5,+19.5,+19.1,+19.1,+19.2,+18.8
2024-05-02 01:24,1,+34.2,+39.3,+23.0,+9.9,+32.5,+48.8,+19.1,+19.5,+19.5,+19.1,+19.2,+19.2,+18.8
2024-05-02 02:24,1,+34.2,+39.3,+23.0,+9.8,+32.4,+48.8,+19.1,+19.5,+19.5,+19.1,+19.1,+19.2,+18.8
2024-05-02 03:24,1,+34.1,+39.2,+23.0,+9.8,+32.5,+48.8,+19.1,+19.3,+19.5,+19.1,+19.2,+19.2,+19.0
2024-05-02 04:24,1,+34.1,+39.2,+23.0,+9.7,+32.4,+48.8,+19.0,+19.3,+19.5,+19.2,+19.1,+19.2,+18.8
2024-05-02 05:24,1,+34.0,+39.2,+23.0,+9.8,+32.5,+48.8,+19.0,+19.2,+19.5,+19.1,+19.2,+19.3,+19.0
2024-05-02 06:24,1,+34.0,+39.2,+23.0,+9.8,+32.5,+48.8,+18.8,+19.3,+19.5,+19.1,+19.2,+19.2,+18.8
2024-05-02 07:24,1,+33.9,+39.2,+23.0,+9.8,+32.4,+48.8,+18.8,+19.2,+19.5,+19.1,+19.2,+19.2,+19.0
2024-05-02 08:24,1,+33.8,+39.1,+23.0,+9.8,+32.5,+48.8,+18.8,+19.2,+19.5,+19.2,+19.1,+19.2,+18.8
2024-05-02 09:24,1,+33.7,+39.1,+22.9,+9.7,+32.4,+48.7,+19.0,+19.2,+19.5,+19.1,+19.2,+19.2,+18.8
2024-05-02 10:24,1,+33.6,+39.0,+23.0,+9.8,+32.5,+48.7,+19.0,+19.1,+19.3,+19.1,+19.2,+19.2,+19.0
2024-05-02 11:24,1,+33.5,+39.0,+22.9,+9.8,+32.4,+48.7,+19.1,+19.1,+19.5,+19.1,+19.2,+19.2,+18.8
2024-05-02 12:24,1,+33.3,+38.9,+22.9,+9.7,+32.4,+48.6,+19.3,+19.2,+19.3,+19.1,+19.1,+19.2,+18.8
2024-05-02 13:24,1,+33.2,+38.9,+22.9,+9.8,+32.4,+48.6,+19.6,+19.2,+19.3,+19.1,+19.2,+19.2,+18.8
2024-05-02 14:24,1,+33.0,+38.9,+22.9,+9.8,+32.4,+48.6,+19.6,+19.2,+19.3,+19.1,+19.2,+19.2,+18.8
2024-05-02 15:24,1,+32.9,+38.8,+22.9,+9.8,+32.4,+48.6,+19.7,+19.3,+19.3,+19.1,+19.1,+19.2,+18.8
2024-05-02 16:24,1,+32.8,+38.8,+22.9,+9.7,+32.4,+48.6,+19.7,+19.3,+19.3,+19.1,+19.2,+19.2,+18.8
2024-05-02 17:24,1,+32.7,+38.8,+22.9,+9.7,+32.4,+48.6,+19.7,+19.5,+19.5,+19.1,+19.1,+19.2,+18.8
2024-05-02 18:24,1,+32.7,+38.8,+22.9,+9.8,+32.4,+48.6,+19.7,+19.5,+19.5,+19.1,+19.2,+19.2,+18.8
2024-05-02 19:24,1,+32.7,+38.7,+22.9,+9.7,+32.4,+48.6,+19.6,+19.5,+19.3,+19.1,+19.1,+19.2,+18.8
2024-05-02 20:24,1,+32.6,+38.7,+22.9,+9.8,+32.4,+48.6,+19.6,+19.5,+19.5,+19.1,+19.2,+19.3,+18.8
2024-05-02 21:24,1,+32.6,+38.7,+22.9,+9.8,+32.4,+48.6,+19.5,+19.5,+19.5,+19.1,+19.1,+19.2,+18.8
2024-05-02 22:24,1,+32.5,+38.7,+22.9,+9.7,+32.4,+48.6,+19.5,+19.6,+19.5,+19.1,+19.1,+19.2,+19.0
2024-05-02 23:24,1,+32.5,+38.7,+22.9,+9.7,+32.4,+48.6,+19.5,+19.5,+19.5,+19.1,+19.2,+19.3,+18.8
2024-05-03 00:24,1,+32.5,+38.7,+22.9,+9.7,+32.3,+48.6,+19.3,+19.5,+19.5,+19.1,+19.2,+19.2,+18.8
2024-05-03 01:24,1,+32.5,+38.7,+22.8,+9.8,+32.4,+48.6,+19.3,+19.5,+19.5,+19.1,+19.2,+19.2,+18.8
2024-05-03 02:24,1,+32.4,+38.7,+22.9,+9.8,+32.4,+48.6,+19.2,+19.5,+19.5,+19.1,+19.2,+19.2,+18.8
2024-05-03 03:24,1,+32.4,+38.6,+22.8,+9.7,+32.3,+48.5,+19.2,+19.3,+19.5,+19.1,+19.2,+19.3,+18.8
2024-05-03 04:24,1,+32.3,+38.6,+22.8,+9.7,+32.3,+48.5,+19.1,+19.5,+19.5,+19.1,+19.2,+19.3,+18.8
2024-05-03 05:24,1,+32.3,+38.6,+22.8,+9.8,+32.4,+48.5,+19.1,+19.3,+19.5,+19.2,+19.2,+19.2,+18.8
2024-05-03 06:24,1,+32.2,+38.6,+22.8,+9.8,+32.4,+48.5,+19.0,+19.3,+19.5,+19.1,+19.2,+19.2,+18.8
2024-05-03 07:24,1,+32.2,+38.6,+22.8,+9.8,+32.4,+48.5,+19.1,+19.2,+19.3,+19.1,+19.2,+19.2,+18.8
2024-05-03 08:24,1,+32.1,+38.6,+22.8,+9.7,+32.3,+48.4,+19.1,+19.2,+19.3,+19.1,+19.2,+19.2,+18.8
2024-05-03 09:24,1,+32.0,+38.5,+22.8,+9.7,+32.3,+48.4,+19.1,+19.2,+19.5,+19.1,+19.2,+19.2,+18.8
2024-05-03 10:24,1,+31.9,+38.5,+22.8,+9.8,+32.4,+48.4,+19.2,+19.2,+19.5,+19.1,+19.2,+19.2,+18.8
2024-05-03 11:24,1,+31.7,+38.4,+22.8,+9.7,+32.3,+48.4,+19.3,+19.3,+19.5,+19.1,+19.1,+19.2,+19.0
2024-05-03 12:24,1,+31.6,+38.4,+22.8,+9.7,+32.3,+48.3,+19.6,+19.3,+19.3,+19.1,+19.2,+19.3,+18.8
2024-05-03 13:24,1,+31.4,+38.3,+22.7,+9.7,+32.3,+48.3,+19.8,+19.3,+19.5,+19.1,+19.2,+19.2,+19.0
2024-05-03 14:24,1,+31.3,+38.3,+22.7,+9.6,+32.3,+48.3,+20.0,+19.5,+19.5,+19.2,+19.2,+19.3,+19.0
2024-05-03 15:24,1,+31.3,+38.3,+22.7,+9.6,+32.3,+48.3,+20.0,+19.5,+19.3,+19.1,+19.2,+19.2,+18.8
2024-05-03 16:24,1,+31.2,+38.3,+22.7,+9.6,+32.3,+48.3,+20.0,+19.6,+19.5,+19.1,+19.2,+19.2,+19.0
2024-05-03 17:24,1,+31.1,+38.2,+22.7,+9.7,+32.3,+48.3,+19.8,+19.6,+19.5,+19.1,+19.2,+19.2,+19.0
2024-05-03 18:24,1,+31.1,+38.2,+22.7,+9.7,+32.2,+48.3,+19.8,+19.6,+19.5,+19.1,+19.2,+19.2,+18.8
2024-05-03 19:24,1,+31.1,+38.2,+22.7,+9.7,+32.2,+48.3,+19.8,+19.6,+19.5,+19.1,+19.2,+19.2,+19.0
2024-05-03 20:24,1,+31.0,+38.2,+22.7,+9.8,+32.3,+48.3,+19.7,+19.6,+19.5,+19.2,+19.2,+19.2,+18.8
2024-05-03 21:24,1,+31.0,+38.2,+22.7,+9.7,+32.2,+48.3,+19.7,+19.6,+19.5,+19.1,+19.2,+19.2,+19.0
2024-05-03 22:24,1,+31.0,+38.2,+22.7,+9.7,+32.2,+48.2,+19.7,+19.6,+19.5,+19.1,+19.2,+19.2,+19.0
2024-05-03 23:24,1,+30.9,+38.2,+22.7,+9.8,+32.3,+48.3,+19.6,+19.6,+19.6,+19.2,+19.2,+19.2,+18.8
2024-05-04 00:24,1,+30.9,+38.2,+22.7,+9.8,+32.3,+48.3,+19.5,+19.6,+19.5,+19.2,+19.2,+19.2,+19.0
2024-05-04 01:24,1,+30.9,+38.2,+22.7,+9.8,+32.3,+48.2,+19.5,+19.6,+19.6,+19.2,+19.2,+19.2,+18.8
2024-05-04 02:24,1,+30.9,+38.1,+22.7,+9.7,+32.2,+48.2,+19.3,+19.6,+19.6,+19.2,+19.2,+19.2,+19.0
2024-05-04 03:24,1,+30.8,+38.1,+22.7,+9.7,+32.2,+48.2,+19.3,+19.6,+19.6,+19.2,+19.2,+19.3,+19.0
2024-05-04 04:24,1,+30.8,+38.1,+22.7,+9.7,+32.2,+48.2,+19.3,+19.5,+19.5,+19.2,+19.2,+19.2,+19.0
2024-05-04 05:24,1,+30.7,+38.1,+22.7,+9.7,+32.2,+48.1,+19.3,+19.6,+19.6,+19.2,+19.2,+19.2,+19.0
2024-05-04 06:24,1,+30.7,+38.1,+22.6,+9.8,+32.3,+48.2,+19.2,+19.5,+19.5,+19.2,+19.2,+19.3,+18.8
2024-05-04 07:24,1,+30.7,+38.1,+22.6,+9.8,+32.3,+48.1,+19.2,+19.5,+19.6,+19.2,+19.2,+19.2,+19.0
2024-05-04 08:24,1,+30.6,+38.0,+22.6,+9.7,+32.2,+48.1,+19.2,+19.3,+19.5,+19.2,+19.2,+19.2,+18.8
2024-05-04 09:24,1,+30.5,+38.0,+22.6,+9.6,+32.2,+48.1,+19.3,+19.5,+19.5,+19.2,+19.2,+19.3,+19.0
2024-05-04 10:24,1,+30.4,+38.0,+22.6,+9.8,+32.2,+48.0,+19.5,+19.3,+19.5,+19.2,+19.2,+19.2,+18.8
2024-05-04 11:24,1,+30.3,+37.9,+22.6,+9.6,+32.2,+48.0,+19.6,+19.5,+19.6,+19.2,+19.2,+19.2,+19.0
2024-05-04 12:24,1,+30.1,+37.9,+22.6,+9.6,+32.2,+47.9,+19.7,+19.5,+19.5,+19.2,+19.2,+19.2,+19.0
2024-05-04 13:24,1,+30.0,+37.8,+22.6,+9.6,+32.2,+47.9,+20.0,+19.5,+19.5,+19.2,+19.2,+19.2,+18.8
2024-05-04 14:24,1,+29.9,+37.8,+22.6,+9.7,+32.2,+47.9,+20.1,+19.6,+19.5,+19.2,+19.2,+19.3,+19.0
2024-05-04 15:24,1,+29.8,+37.7,+22.6,+9.6,+32.2,+47.8,+20.0,+19.6,+19.6,+19.2,+19.2,+19.2,+19.0
2024-05-04 16:24,1,+29.7,+37.7,+22.6,+9.7,+32.2,+47.8,+20.0,+19.6,+19.6,+19.2,+19.2,+19.3,+19.0
2024-05-04 17:24,1,+29.7,+37.7,+22.6,+9.7,+32.2,+47.8,+20.0,+19.7,+19.6,+19.2,+19.2,+19.3,+19.0
2024-05-04 18:24,1,+29.6,+37.7,+22.6,+9.6,+32.1,+47.8,+20.0,+19.7,+19.6,+19.2,+19.2,+19.3,+19.0
2024-05-04 19:24,1,+29.6,+37.6,+22.6,+9.7,+32.2,+47.8,+19.8,+19.7,+19.6,+19.2,+19.2,+19.3,+19.0
2024-05-04 20:24,1,+29.6,+37.6,+22.6,+9.6,+32.1,+47.8,+20.0,+19.7,+19.6,+19.2,+19.2,+19.2,+19.0
2024-05-04 21:24,1,+29.5,+37.6,+22.6,+9.6,+32.1,+47.8,+19.8,+19.7,+19.6,+19.2,+19.2,+19.2,+18.8
2024-05-04 22:24,1,+29.5,+37.6,+22.6,+9.7,+32.2,+47.8,+19.7,+19.7,+19.6,+19.2,+19.2,+19.3,+19.0
2024-05-04 23:24,1,+29.5,+37.6,+22.6,+9.6,+32.1,+47.7,+19.7,+19.7,+19.6,+19.2,+19.2,+19.3,+19.0
2024-05-05 00:24,1,+29.5,+37.6,+22.6,+9.6,+32.1,+47.7,+19.6,+19.8,+19.6,+19.2,+19.2,+19.2,+19.0
2024-05-05 01:24,1,+29.4,+37.5,+22.6,+9.6,+32.1,+47.7,+19.6,+19.6,+19.6,+19.2,+19.2,+19.3,+19.0
2024-05-05 02:24,1,+29.4,+37.5,+22.6,+9.7,+32.2,+47.7,+19.5,+19.7,+19.6,+19.2,+19.2,+19.3,+18.8
2024-05-05 03:24,1,+29.3,+37.5,+22.5,+9.6,+32.1,+47.7,+19.5,+19.6,+19.6,+19.2,+19.3,+19.3,+18.8
2024-05-05 04:24,1,+29.3,+37.5,+22.5,+9.7,+32.2,+47.7,+19.3,+19.6,+19.7,+19.2,+19.2,+19.2,+19.0
2024-05-05 05:24,1,+29.3,+37.5,+22.5,+9.6,+32.1,+47.6,+19.3,+19.6,+19.6,+19.2,+19.2,+19.2,+19.0
2024-05-05 06:24,1,+29.2,+37.4,+22.5,+9.7,+32.1,+47.6,+19.2,+19.6,+19.6,+19.3,+19.3,+19.3,+19.0
2024-05-05 07:24,1,+29.2,+37.4,+22.5,+9.6,+32.1,+47.6,+19.2,+19.5,+19.7,+19.2,+19.3,+19.3,+19.0
2024-05-05 08:24,1,+29.1,+37.3,+22.5,+9.6,+32.1,+47.5,+19.2,+19.5,+19.6,+19.2,+19.2,+19.3,+19.0
2024-05-05 09:24,1,+29.0,+37.3,+22.5,+9.7,+32.1,+47.5,+19.3,+19.5,+19.6,+19.2,+19.3,+19.3,+19.0
2024-05-05 10:24,1,+28.9,+37.2,+22.5,+9.7,+32.1,+47.5,+19.3,+19.5,+19.6,+19.2,+19.3,+19.3,+19.0
2024-05-05 11:24,1,+28.7,+37.2,+22.5,+9.7,+32.1,+47.4,+19.5,+19.5,+19.6,+19.2,+19.2,+19.3,+18.8
2024-05-05 12:24,1,+28.6,+37.2,+22.5,+9.6,+32.0,+47.4,+19.6,+19.5,+19.6,+19.2,+19.2,+19.3,+19.0
2024-05-05 13:24,1,+28.5,+37.1,+22.5,+9.6,+32.1,+47.3,+19.8,+19.6,+19.6,+19.2,+19.2,+19.3,+19.0
2024-05-05 14:24,1,+28.4,+37.1,+22.5,+9.7,+32.1,+47.4,+19.7,+19.5,+19.6,+19.3,+19.3,+19.3,+19.0
2024-05-05 15:24,1,+28.3,+37.0,+22.5,+9.7,+32.1,+47.4,+19.7,+19.6,+19.6,+19.2,+19.3,+19.3,+19.0
2024-05-05 16:24,1,+28.3,+37.0,+22.5,+9.7,+32.1,+47.3,+19.7,+19.6,+19.6,+19.2,+19.2,+19.3,+19.0
2024-05-05 17:24,1,(Error)
2024-05-05 18:24,1,(Error)
2024-05-05 19:24,1,+28.2,+37.0,+22.5,+9.7,+32.1,+47.3,+19.7,+19.7,+19.6,+19.2,+19.3,+19.3,+19.0
2024-05-05 20:24,1,+28.2,+37.0,+22.4,+9.6,+32.0,+47.3,+19.6,+19.6,+19.6,+19.2,+19.3,+19.3,+19.0
2024-05-05 21:24,1,+28.2,+36.9,+22.4,+9.7,+32.1,+47.4,+19.6,+19.6,+19.6,+19.2,+19.2,+19.3,+18.8
2024-05-05 22:24,1,+28.1,+36.9,+22.4,+9.7,+32.1,+47.3,+19.5,+19.7,+19.6,+19.2,+19.3,+19.3,+19.0
2024-05-05 23:24,1,+28.1,+36.9,+22.4,+9.6,+32.0,+47.3,+19.5,+19.6,+19.6,+19.2,+19.2,+19.3,+19.0
2024-05-06 00:24,1,+28.1,+36.9,+22.4,+9.6,+32.0,+47.3,+19.3,+19.6,+19.6,+19.2,+19.3,+19.3,+19.0
2024-05-06 01:24,1,(Error)
2024-05-06 02:24,1,(Error)
2024-05-06 03:24,1,(Error)
2024-05-06 04:24,1,(Error)
2024-05-06 05:24,1,(Error)
2024-05-06 06:24,1,(Error)
2024-05-06 07:24,1,(Error)
2024-05-06 08:24,1,(Error)
2024-05-06 09:24,1,(Error)
2024-05-06 10:24,1,(Error)
2024-05-06 11:24,1,(Error)
2024-05-06 12:24,1,(Error)
2024-05-06 13:24,1,(Error)
2024-05-06 14:24,1,(Error)
2024-05-06 15:24,1,(Error)
2024-05-06 16:24,1,(Error)
2024-05-06 17:24,1,(Error)
2024-05-06 18:24,1,(Error)
2024-05-06 19:24,1,(Error)
2024-05-06 20:24,1,(Error)
2024-05-06 21:24,1,(Error)
2024-05-06 22:24,1,(Error)
2024-05-06 23:24,1,(Error)
2024-05-07 00:24,1,(Error)
2024-05-07 01:24,1,(Error)
2024-05-07 02:24,1,(Error)
2024-05-07 03:24,1,(Error)
2024-05-07 04:24,1,(Error)
2024-05-07 05:24,1,(Error)
2024-05-07 06:24,1,(Error)
2024-05-07 07:24,1,(Error)
2024-05-07 08:24,1,(Error)
2024-05-07 09:24,1,(Error)
2024-05-07 10:24,1,(Error)
2024-05-07 11:24,1,(Error)
2024-05-07 12:24,1,(Error)
2024-05-07 13:24,1,(Error)
2024-05-07 14:24,1,(Error)
2024-05-07 15:24,1,(Error)
2024-05-07 16:24,1,(Error)
2024-05-07 17:24,1,(Error)
2024-05-07 18:24,1,(Error)
2024-05-07 19:24,1,,,,,,,+19.8,+19.7,+19.6,+19.2,+19.3,+19.3,+19.1
2024-05-07 20:24,1,,,,,,,+19.8,+19.7,+19.6,+19.2,+19.3,+19.3,+19.0
2024-05-07 21:24,1,,,,,,,+19.7,+19.7,+19.6,+19.2,+19.3,+19.5,+19.0
2024-05-07 22:24,1,,,,,,,+19.8,+19.7,+19.6,+19.2,+19.3,+19.3,+19.0
2024-05-07 23:24,1,,,,,,,+19.8,+19.7,+19.6,+19.2,+19.2,+19.3,+19.0
2024-05-08 00:24,1,+23.3,+22.8,+26.2,,,,+19.7,+19.7,+19.6,+19.2,+19.2,+19.3,+19.1
2024-05-08 01:24,1,+23.6,+23.6,+26.7,,,,+19.7,+19.7,+19.6,+19.3,+19.3,+19.3,+19.0
2024-05-08 02:24,1,,,,,,,+19.7,+19.7,+19.7,+19.2,+19.3,+19.3,+19.0
2024-05-08 03:24,1,,,,,,,+19.7,+19.7,+19.7,+19.3,+19.2,+19.3,+19.1
2024-05-08 04:24,1,,,,,,,+19.7,+19.7,+19.7,+19.2,+19.3,+19.3,+19.1
2024-05-08 05:24,1,,,,,,,+19.7,+19.7,+19.7,+19.3,+19.3,+19.5,+19.0
2024-05-08 06:24,1,,,,,,,+19.7,+19.7,+19.6,+19.3,+19.3,+19.3,+19.1
2024-05-08 07:24,1,+23.6,+26.2,+24.9,,,,+19.7,+19.7,+19.7,+19.2,+19.2,+19.3,+19.1
2024-05-08 08:24,1,+23.5,+26.5,+24.6,,,,+19.7,+19.7,+19.6,+19.3,+19.2,+19.3,+19.0
2024-05-08 09:24,1,+23.5,+26.7,+24.4,+13.6,+13.4,+18.9,+19.7,+19.7,+19.6,+19.3,+19.3,+19.3,+19.0
2024-05-08 10:24,1,+23.6,+27.0,+24.3,+13.3,+13.8,+19.3,+19.7,+19.7,+19.7,+19.3,+19.3,+19.3,+19.0
2024-05-08 11:24,1,+23.6,+27.4,+23.9,+12.9,+14.5,+20.2,+19.7,+19.7,+19.7,+19.3,+19.3,+19.3,+19.0
2024-05-08 12:24,1,+23.8,+27.9,+23.6,+12.3,+15.3,+21.1,+19.8,+19.7,+19.7,+19.3,+19.3,+19.3,+19.1
2024-05-08 13:24,1,+23.6,+28.1,+23.5,+12.0,+15.8,+21.7,+19.8,+19.7,+19.7,+19.3,+19.3,+19.5,+19.0
2024-05-08 14:24,1,+23.8,+28.1,+23.8,+12.2,+15.5,+21.0,+19.8,+19.7,+19.7,+19.3,+19.3,+19.5,+19.0
2024-05-08 15:24,1,+23.7,+28.2,+23.6,+12.1,+15.7,+21.4,+19.8,+19.8,+19.7,+19.3,+19.3,+19.3,+19.1
2024-05-08 16:24,1,+24.0,+28.4,+23.2,+11.7,+16.0,+21.7,+19.8,+19.8,+19.7,+19.3,+19.3,+19.5,+19.1
2024-05-08 17:24,1,+23.8,+28.4,+23.3,+11.5,+16.3,+22.0,+19.7,+19.7,+19.7,+19.3,+19.3,+19.3,+19.0
2024-05-08 18:24,1,+23.9,+28.8,+23.1,+11.2,+16.8,+22.6,+19.7,+19.8,+19.7,+19.3,+19.3,+19.5,+19.1
2024-05-08 19:24,1,+24.0,+29.1,+23.0,+11.0,+17.2,+23.0,+19.7,+19.8,+19.7,+19.3,+19.5,+19.5,+19.0
2024-05-08 20:24,1,+24.0,+29.2,+22.9,+10.9,+17.3,+23.2,+19.6,+19.7,+19.7,+19.3,+19.3,+19.3,+19.1
2024-05-08 21:24,1,+23.9,+29.1,+22.9,+10.9,+17.2,+23.0,+19.6,+19.8,+19.7,+19.3,+19.3,+19.3,+19.0
2024-05-08 22:24,1,+23.8,+29.2,+22.9,+10.7,+17.4,+23.1,+19.6,+19.7,+19.7,+19.3,+19.3,+19.3,+19.0
2024-05-08 23:24,1,+23.8,+29.3,+22.8,+10.6,+17.6,+23.4,+19.6,+19.7,+19.7,+19.3,+19.3,+19.3,+19.0
2024-05-09 00:24,1,+23.8,+29.3,+22.8,+10.6,+17.8,+23.6,+19.6,+19.7,+19.7,+19.3,+19.3,+19.3,+19.1
2024-05-09 01:24,1,+23.9,+29.5,+22.8,+10.4,+17.8,+23.7,+19.6,+19.7,+19.7,+19.3,+19.3,+19.5,+19.1
2024-05-09 02:24,1,+23.9,+29.5,+22.8,+10.4,+18.0,+23.8,+19.6,+19.7,+19.7,+19.3,+19.3,+19.3,+19.1
2024-05-09 03:24,1,+23.9,+29.6,+22.7,+10.3,+18.1,+23.9,+19.5,+19.7,+19.8,+19.3,+19.3,+19.5,+19.1
2024-05-09 04:24,1,+24.0,+29.7,+22.7,+10.4,+18.3,+24.1,+19.5,+19.7,+19.7,+19.3,+19.3,+19.5,+19.0
2024-05-09 05:24,1,+24.0,+29.8,+22.7,+10.2,+18.4,+24.3,+19.5,+19.7,+19.7,+19.3,+19.3,+19.5,+19.0
2024-05-09 06:24,1,+23.9,+30.0,+22.6,+10.2,+18.6,+24.5,+19.5,+19.7,+19.7,+19.5,+19.5,+19.5,+19.1
2024-05-09 07:24,1,+24.1,+30.2,+22.5,+10.1,+19.0,+25.0,+19.6,+19.7,+19.7,+19.3,+19.3,+19.3,+19.1
2024-05-09 08:24,1,+24.2,+30.5,+22.5,+10.0,+19.4,+25.5,+19.6,+19.7,+19.6,+19.3,+19.3,+19.5,+19.1