
2024-04-12 09:53,1,+38.6,+38.6,+34.4,+26.7,+43.0,+40.5,+18.8,+19.2,+19.1,+19.0,+18.8,+19.0,+18.6
2024-04-12 10:53,1,+38.5,+38.6,+34.4,+26.6,+42.9,+40.5,+18.8,+19.2,+19.1,+19.0,+18.8,+19.0,+18.6
2024-04-12 11:53,1,+38.3,+38.5,+34.4,+26.7,+43.0,+40.5,+18.8,+19.1,+19.1,+19.0,+18.8,+19.0,+18.6
2024-04-12 12:53,1,+38.1,+38.5,+34.4,+26.7,+43.0,+40.5,+19.0,+19.1,+19.1,+19.0,+19.0,+19.0,+18.6
2024-04-12 13:53,1,+37.9,+38.4,+34.4,+26.7,+43.0,+40.5,+19.1,+19.1,+19.1,+19.0,+19.0,+19.0,+18.6
2024-04-12 14:53,1,+37.8,+38.4,+34.4,+26.7,+42.9,+40.5,+19.1,+19.1,+19.1,+19.0,+18.8,+19.0,+18.6
2024-04-12 15:53,1,+37.7,+38.3,+34.4,+26.7,+43.0,+40.5,+19.1,+19.1,+19.1,+19.0,+18.8,+19.0,+18.6
2024-04-12 16:53,1,+37.5,+38.3,+34.4,+26.6,+42.9,+40.5,+19.1,+19.2,+19.1,+19.0,+19.0,+19.0,+18.6
2024-04-12 17:53,1,+37.5,+38.3,+34.4,+26.6,+42.9,+40.5,+19.1,+19.2,+19.1,+19.0,+18.8,+19.0,+18.6
2024-04-12 18:53,1,+37.3,+38.3,+34.4,+26.7,+42.9,+40.5,+19.0,+19.2,+19.1,+19.0,+18.8,+19.0,+18.6
2024-04-12 19:53,1,+37.3,+38.2,+34.4,+26.7,+42.9,+40.5,+19.0,+19.2,+19.1,+19.0,+19.0,+19.0,+18.6
2024-04-12 20:53,1,+37.2,+38.2,+34.4,+26.6,+42.9,+40.5,+18.7,+19.2,+19.1,+19.0,+18.8,+19.0,+18.6
2024-04-12 21:53,1,+37.1,+38.2,+34.4,+26.7,+42.9,+40.5,+18.8,+19.2,+19.1,+19.0,+19.0,+19.0,+18.6
2024-04-12 22:53,1,+37.0,+38.2,+34.4,+26.7,+43.0,+40.5,+18.7,+19.1,+19.1,+18.8,+18.8,+19.0,+18.6
2024-04-12 23:53,1,+37.0,+38.2,+34.4,+26.6,+42.9,+40.5,+18.6,+19.1,+19.1,+18.8,+19.0,+19.0,+18.6
2024-04-13 00:53,1,+36.9,+38.2,+34.4,+26.6,+42.9,+40.5,+18.6,+19.1,+19.1,+19.0,+19.0,+19.0,+18.6
2024-04-13 01:53,1,+36.8,+38.1,+34.4,+26.6,+42.9,+40.5,+18.5,+19.0,+19.1,+19.0,+19.0,+19.0,+18.6
2024-04-13 02:53,1,+36.8,+38.1,+34.4,+26.7,+43.0,+40.5,+18.3,+19.0,+19.0,+19.0,+19.0,+19.0,+18.6
2024-04-13 03:53,1,+36.9,+38.1,+34.4,+26.6,+42.9,+40.5,+18.3,+19.0,+19.0,+19.0,+19.0,+19.0,+18.7
2024-04-13 04:53,1,+37.4,+38.2,+34.4,+26.7,+43.0,+40.5,+18.2,+18.8,+19.0,+19.0,+19.0,+19.0,+18.6
2024-04-13 05:53,1,+37.6,+38.2,+34.4,+26.6,+42.9,+40.5,+18.2,+18.8,+19.0,+19.0,+19.0,+19.1,+18.6
2024-04-13 06:53,1,+37.8,+38.2,+34.4,+26.6,+42.9,+40.5,+18.1,+18.8,+19.0,+19.0,+19.0,+19.0,+18.6
2024-04-13 07:53,1,+38.1,+38.2,+34.4,+26.7,+43.0,+40.5,+18.1,+18.8,+19.0,+18.8,+18.8,+19.1,+18.6
2024-04-13 08:53,1,+38.3,+38.2,+34.4,+26.7,+43.0,+40.5,+18.1,+18.7,+19.0,+18.8,+19.0,+19.0,+18.6
2024-04-13 09:53,1,+38.4,+38.2,+34.4,+26.7,+42.9,+40.5,+18.0,+18.7,+19.0,+18.8,+19.0,+19.0,+18.6
2024-04-13 10:53,1,+38.4,+38.2,+34.4,+26.7,+43.0,+40.5,+18.0,+18.7,+19.0,+18.8,+19.0,+19.0,+18.6
2024-04-13 11:53,1,+38.3,+38.1,+34.4,+26.7,+43.0,+40.5,+18.1,+18.6,+18.8,+19.0,+19.0,+19.0,+18.6
2024-04-13 12:53,1,+38.3,+38.1,+34.4,+26.7,+42.9,+40.5,+18.1,+18.6,+18.8,+19.0,+19.0,+19.1,+18.6
2024-04-13 13:53,1,+38.2,+38.1,+34.4,+26.6,+42.9,+40.5,+18.1,+18.6,+18.8,+19.0,+19.0,+19.0,+18.6
2024-04-13 14:53,1,+38.2,+38.1,+34.4,+26.6,+42.9,+40.5,+18.2,+18.6,+18.8,+18.8,+19.0,+19.0,+18.6
2024-04-13 15:53,1,+38.3,+38.1,+34.4,+26.7,+42.9,+40.5,+18.1,+18.6,+18.8,+18.8,+19.0,+19.1,+18.6
2024-04-13 16:53,1,+38.4,+38.1,+34.4,+26.8,+43.0,+40.5,+18.1,+18.6,+18.8,+18.8,+19.0,+19.0,+18.7
2024-04-13 17:53,1,+38.5,+38.1,+34.4,+26.8,+43.0,+40.5,+18.1,+18.6,+18.8,+18.8,+19.0,+19.1,+18.6
2024-04-13 18:53,1,+38.8,+38.1,+34.4,+26.8,+43.0,+40.5,+18.1,+18.6,+18.8,+18.8,+19.0,+19.1,+18.6
2024-04-13 19:53,1,+39.7,+38.1,+34.4,+26.7,+43.0,+40.5,+18.0,+18.5,+18.8,+18.8,+19.0,+19.1,+18.7
2024-04-13 20:53,1,+40.6,+38.1,+34.4,+26.7,+43.0,+40.5,+18.0,+18.6,+18.8,+18.8,+19.0,+19.0,+18.6
2024-04-13 21:53,1,+41.1,+38.1,+34.4,+26.7,+42.9,+40.5,+18.0,+18.6,+18.7,+18.8,+19.0,+19.0,+18.6
2024-04-13 22:53,1,+41.1,+38.1,+34.4,+26.8,+43.0,+40.6,+18.0,+18.5,+18.7,+18.8,+19.0,+19.1,+18.6
2024-04-13 23:53,1,+40.9,+38.1,+34.4,+26.8,+43.0,+40.5,+17.8,+18.5,+18.7,+18.8,+19.0,+19.1,+18.7
2024-04-14 00:53,1,+40.8,+38.2,+34.4,+26.7,+43.0,+40.5,+17.8,+18.5,+18.7,+18.8,+18.8,+19.0,+18.6
2024-04-14 01:53,1,+40.7,+38.2,+34.4,+26.8,+43.0,+40.6,+17.8,+18.5,+18.7,+18.8,+19.0,+19.0,+18.6
2024-04-14 02:53,1,+40.6,+38.2,+34.4,+26.8,+43.0,+40.5,+17.7,+18.3,+18.6,+18.7,+19.0,+19.1,+18.7
2024-04-14 03:53,1,+40.5,+38.2,+34.4,+26.8,+43.0,+40.6,+17.7,+18.5,+18.7,+18.7,+19.0,+19.0,+18.7
2024-04-14 04:53,1,+40.4,+38.2,+34.4,+26.7,+43.0,+40.5,+17.7,+18.5,+18.7,+18.8,+19.0,+19.0,+18.7
2024-04-14 05:53,1,+40.2,+38.2,+34.4,+26.8,+43.0,+40.5,+17.7,+18.3,+18.6,+18.8,+18.8,+19.0,+18.7
2024-04-14 06:53,1,+40.1,+38.2,+34.4,+26.7,+43.0,+40.5,+17.7,+18.3,+18.6,+18.8,+19.0,+19.0,+18.7
2024-04-14 07:53,1,+40.0,+38.2,+34.4,+26.7,+43.0,+40.5,+17.6,+18.3,+18.6,+18.8,+19.0,+19.0,+18.6
2024-04-14 08:53,1,+39.9,+38.2,+34.4,+26.7,+42.9,+40.5,+17.7,+18.2,+18.6,+18.7,+18.8,+19.0,+18.7
2024-04-14 09:53,1,+39.8,+38.1,+34.4,+26.7,+42.9,+40.5,+17.7,+18.2,+18.6,+18.7,+18.8,+19.0,+18.7
2024-04-14 10:53,1,+39.7,+38.1,+34.4,+26.7,+42.9,+40.5,+17.7,+18.2,+18.6,+18.7,+19.0,+19.0,+18.6
2024-04-14 11:53,1,+39.6,+38.1,+34.3,+26.7,+43.0,+40.5,+17.8,+18.2,+18.6,+18.7,+19.0,+19.1,+18.7
2024-04-14 12:53,1,+39.5,+38.1,+34.3,+26.6,+42.9,+40.5,+18.0,+18.2,+18.6,+18.7,+18.8,+19.0,+18.7
2024-04-14 13:53,1,+39.4,+38.0,+34.3,+26.7,+43.0,+40.5,+18.2,+18.2,+18.6,+18.7,+18.8,+19.0,+18.7
2024-04-14 14:53,1,+39.3,+38.0,+34.3,+26.6,+42.9,+40.5,+18.3,+18.3,+18.5,+18.7,+18.8,+19.0,+18.7
2024-04-14 15:53,1,+39.2,+38.0,+34.3,+26.6,+42.9,+40.5,+18.3,+18.3,+18.5,+18.7,+19.0,+19.0,+18.6
2024-04-14 16:53,1,+39.1,+38.0,+34.3,+26.7,+42.9,+40.5,+18.3,+18.3,+18.6,+18.7,+18.8,+19.0,+18.6
2024-04-14 17:53,1,+39.0,+38.0,+34.3,+26.7,+42.9,+40.5,+18.3,+18.5,+18.6,+18.7,+19.0,+19.0,+18.6
2024-04-14 18:53,1,+39.1,+38.0,+34.3,+26.6,+42.9,+40.5,+18.3,+18.5,+18.5,+18.7,+18.8,+19.0,+18.6
2024-04-14 19:53,1,+39.1,+38.0,+34.3,+26.7,+43.0,+40.5,+18.2,+18.5,+18.5,+18.7,+18.8,+19.0,+18.7
2024-04-14 20:53,1,+39.0,+38.0,+34.3,+26.6,+42.9,+40.5,+18.2,+18.5,+18.5,+18.7,+18.8,+19.0,+18.6
2024-04-14 21:53,1,+39.0,+38.0,+34.3,+26.7,+42.9,+40.5,+18.1,+18.5,+18.6,+18.7,+18.8,+19.0,+18.7
2024-04-14 22:53,1,+38.9,+38.0,+34.3,+26.7,+42.9,+40.5,+18.1,+18.5,+18.6,+18.7,+18.8,+19.0,+18.6
2024-04-14 23:53,1,+38.8,+38.0,+34.3,+26.7,+42.9,+40.5,+18.0,+18.5,+18.6,+18.7,+18.8,+19.0,+18.7
2024-04-15 00:53,1,+38.8,+38.0,+34.3,+26.6,+42.9,+40.5,+18.0,+18.5,+18.6,+18.7,+18.7,+19.0,+18.7
2024-04-15 01:53,1,+38.7,+38.0,+34.3,+26.6,+42.9,+40.5,+17.8,+18.5,+18.6,+18.6,+18.8,+19.0,+18.6
2024-04-15 02:53,1,+38.7,+38.0,+34.3,+26.7,+42.9,+40.5,+17.8,+18.3,+18.6,+18.6,+18.8,+19.0,+18.7
2024-04-15 03:53,1,+38.6,+38.0,+34.3,+26.6,+42.9,+40.5,+17.8,+18.3,+18.5,+18.6,+18.8,+19.0,+18.6
2024-04-15 04:53,1,+38.6,+38.0,+34.3,+26.6,+42.9,+40.5,+17.7,+18.3,+18.5,+18.6,+18.8,+19.0,+18.7
2024-04-15 05:53,1,+38.5,+38.0,+34.3,+26.6,+42.9,+40.5,+17.7,+18.3,+18.6,+18.7,+18.8,+19.0,+18.6
2024-04-15 06:53,1,+38.4,+38.0,+34.3,+26.7,+42.9,+40.5,+17.6,+18.3,+18.5,+18.6,+18.8,+19.0,+18.7
2024-04-15 07:53,1,+38.4,+38.0,+34.3,+26.6,+42.9,+40.5,+17.7,+18.2,+18.5,+18.6,+18.8,+19.0,+18.6
2024-04-15 08:53,1,+38.3,+38.0,+34.3,+26.6,+42.9,+40.5,+17.7,+18.2,+18.5,+18.6,+18.8,+19.0,+18.6
2024-04-15 09:53,1,+38.2,+37.9,+34.3,+26.7,+42.9,+40.5,+17.7,+18.2,+18.6,+18.7,+18.8,+19.0,+18.6
2024-04-15 10:53,1,+38.2,+37.9,+34.2,+26.7,+42.9,+40.5,+17.7,+18.2,+18.5,+18.6,+18.8,+19.0,+18.7
2024-04-15 11:53,1,+38.1,+37.9,+34.2,+26.6,+42.8,+40.5,+17.8,+18.2,+18.5,+18.7,+18.8,+19.0,+18.6
2024-04-15 12:53,1,+37.9,+37.9,+34.2,+26.7,+42.9,+40.5,+18.0,+18.2,+18.5,+18.6,+18.7,+19.0,+18.6
2024-04-15 13:53,1,+37.9,+37.8,+34.2,+26.7,+42.9,+40.5,+18.2,+18.2,+18.5,+18.7,+18.7,+19.0,+18.6
2024-04-15 14:53,1,+37.8,+37.8,+34.2,+26.5,+42.8,+40.4,+18.5,+18.3,+18.3,+18.6,+18.8,+19.0,+18.6
2024-04-15 15:53,1,+37.7,+37.8,+34.2,+26.5,+42.8,+40.4,+18.3,+18.3,+18.5,+18.6,+18.7,+18.8,+18.6
2024-04-15 16:53,1,+37.6,+37.8,+34.2,+26.5,+42.8,+40.4,+18.5,+18.3,+18.3,+18.6,+18.8,+18.8,+18.6
2024-04-15 17:53,1,+37.6,+37.8,+34.2,+26.5,+42.8,+40.4,+18.5,+18.5,+18.5,+18.6,+18.8,+18.8,+18.6
2024-04-15 18:53,1,+37.6,+37.8,+34.1,+26.7,+42.9,+40.5,+18.5,+18.5,+18.5,+18.7,+18.8,+19.0,+18.6
2024-04-15 19:53,1,+37.5,+37.8,+34.2,+26.7,+42.9,+40.5,+18.3,+18.6,+18.5,+18.6,+18.7,+19.0,+18.6
2024-04-15 20:53,1,+37.4,+37.8,+34.2,+26.5,+42.8,+40.4,+18.3,+18.6,+18.5,+18.6,+18.8,+19.0,+18.6
2024-04-15 21:53,1,+37.4,+37.8,+34.2,+26.7,+42.8,+40.5,+18.2,+18.5,+18.5,+18.6,+18.8,+19.0,+18.6
2024-04-15 22:53,1,+37.3,+37.8,+34.2,+26.7,+42.8,+40.5,+18.2,+18.5,+18.6,+18.6,+18.8,+18.8,+18.6
2024-04-15 23:53,1,+37.3,+37.8,+34.2,+26.7,+42.8,+40.5,+18.1,+18.5,+18.5,+18.6,+18.7,+19.0,+18.7
2024-04-16 00:53,1,+37.3,+37.8,+34.2,+26.6,+42.9,+40.5,+18.0,+18.5,+18.6,+18.6,+18.7,+18.8,+18.6
2024-04-16 01:53,1,+37.2,+37.8,+34.2,+26.5,+42.8,+40.4,+18.0,+18.5,+18.5,+18.6,+18.7,+18.8,+18.6
2024-04-16 02:53,1,+37.1,+37.8,+34.2,+26.5,+42.8,+40.4,+17.8,+18.5,+18.5,+18.6,+18.7,+19.0,+18.6
2024-04-16 03:53,1,+37.1,+37.8,+34.2,+26.5,+42.8,+40.4,+17.7,+18.3,+18.6,+18.6,+18.7,+19.0,+18.6
2024-04-16 04:53,1,+37.0,+37.8,+34.2,+26.5,+42.8,+40.4,+17.7,+18.3,+18.6,+18.6,+18.7,+18.8,+18.6
2024-04-16 05:53,1,+37.0,+37.8,+34.2,+26.5,+42.8,+40.4,+17.6,+18.3,+18.5,+18.6,+18.8,+18.8,+18.6
2024-04-16 06:53,1,+36.9,+37.8,+34.2,+26.5,+42.8,+40.4,+17.6,+18.3,+18.5,+18.6,+18.7,+19.0,+18.6
2024-04-16 07:53,1,+36.8,+37.8,+34.2,+26.6,+42.8,+40.5,+17.5,+18.2,+18.6,+18.6,+18.7,+19.0,+18.6
2024-04-16 08:53,1,+36.7,+37.8,+34.1,+26.6,+42.8,+40.5,+17.6,+18.2,+18.5,+18.6,+18.7,+19.0,+18.6
2024-04-16 09:53,1,+36.6,+37.7,+34.1,+26.6,+42.8,+40.5,+17.6,+18.1,+18.5,+18.6,+18.8,+19.0,+18.6
2024-04-16 10:53,1,+36.5,+37.7,+34.1,+26.6,+42.8,+40.4,+17.6,+18.2,+18.5,+18.6,+18.7,+18.8,+18.6
2024-04-16 11:53,1,+36.4,+37.6,+34.1,+26.6,+42.8,+40.4,+17.8,+18.2,+18.5,+18.6,+18.8,+18.8,+18.6
2024-04-16 12:53,1,+36.3,+37.6,+34.1,+26.5,+42.8,+40.4,+18.0,+18.1,+18.3,+18.6,+18.7,+19.0,+18.6
2024-04-16 13:53,1,+36.2,+37.6,+34.1,+26.5,+42.8,+40.4,+18.1,+18.2,+18.3,+18.6,+18.7,+18.8,+18.6
2024-04-16 14:53,1,+36.1,+37.6,+34.1,+26.5,+42.7,+40.4,+18.3,+18.2,+18.3,+18.6,+18.7,+18.8,+18.6
2024-04-16 15:53,1,+36.0,+37.5,+34.1,+26.5,+42.7,+40.4,+18.3,+18.2,+18.3,+18.6,+18.7,+18.8,+18.6
2024-04-16 16:53,1,+35.8,+37.6,+34.1,+26.5,+42.7,+40.4,+18.3,+18.3,+18.3,+18.6,+18.7,+18.8,+18.6
2024-04-16 17:53,1,+36.0,+37.5,+34.1,+26.5,+42.7,+40.4,+18.3,+18.3,+18.3,+18.6,+18.7,+18.8,+18.6
2024-04-16 18:53,1,+36.1,+37.5,+34.1,+26.5,+42.7,+40.4,+18.3,+18.5,+18.5,+18.6,+18.7,+18.8,+18.6
2024-04-16 19:53,1,+36.0,+37.6,+34.1,+26.6,+42.8,+40.4,+18.3,+18.3,+18.5,+18.6,+18.7,+19.0,+18.6
2024-04-16 20:53,1,+36.0,+37.6,+34.1,+26.5,+42.8,+40.4,+18.3,+18.5,+18.5,+18.6,+18.7,+18.8,+18.6
2024-04-16 21:53,1,+36.0,+37.6,+34.1,+26.5,+42.8,+40.4,+18.2,+18.5,+18.5,+18.6,+18.7,+18.8,+18.6
2024-04-16 22:53,1,+36.0,+37.6,+34.1,+26.6,+42.8,+40.4,+18.1,+18.5,+18.5,+18.6,+18.7,+18.8,+18.6
2024-04-16 23:53,1,+35.9,+37.6,+34.1,+26.5,+42.7,+40.4,+18.0,+18.5,+18.5,+18.5,+18.7,+18.8,+18.6
2024-04-17 00:53,1,+35.8,+37.6,+34.1,+26.6,+42.8,+40.4,+17.8,+18.3,+18.5,+18.5,+18.7,+18.8,+18.6
2024-04-17 01:53,1,+35.8,+37.6,+34.1,+26.5,+42.7,+40.4,+17.7,+18.3,+18.5,+18.6,+18.7,+18.8,+18.6
2024-04-17 02:53,1,+35.7,+37.5,+34.1,+26.6,+42.8,+40.4,+17.6,+18.3,+18.5,+18.5,+18.7,+18.8,+18.6
2024-04-17 03:53,1,+35.7,+37.5,+34.1,+26.5,+42.7,+40.4,+17.5,+18.3,+18.5,+18.6,+18.7,+18.8,+18.6
2024-04-17 04:53,1,+35.7,+37.5,+34.1,+26.5,+42.7,+40.4,+17.5,+18.2,+18.5,+18.6,+18.7,+18.8,+18.6
2024-04-17 05:53,1,+35.6,+37.5,+34.1,+26.5,+42.7,+40.4,+17.3,+18.2,+18.5,+18.6,+18.7,+18.8,+18.6
2024-04-17 06:53,1,+35.5,+37.5,+34.1,+26.6,+42.8,+40.4,+17.3,+18.1,+18.3,+18.5,+18.7,+18.8,+18.6
2024-04-17 07:53,1,+35.9,+37.5,+34.0,+26.5,+42.7,+40.4,+17.3,+18.1,+18.3,+18.6,+18.7,+18.8,+18.6
2024-04-17 08:53,1,+35.4,+37.5,+34.0,+26.5,+42.7,+40.4,+17.3,+18.0,+18.3,+18.6,+18.7,+18.8,+18.6
2024-04-17 09:53,1,+35.3,+37.5,+34.0,+26.6,+42.8,+40.4,+17.3,+18.0,+18.3,+18.5,+18.7,+18.8,+18.6
2024-04-17 10:53,1,+35.2,+37.4,+34.0,+26.6,+42.7,+40.4,+17.5,+18.0,+18.3,+18.6,+18.7,+18.8,+18.6
2024-04-17 11:53,1,+35.1,+37.4,+34.0,+26.4,+42.7,+40.4,+17.6,+18.0,+18.3,+18.6,+18.7,+18.8,+18.6
2024-04-17 12:53,1,+35.0,+37.3,+33.9,+26.4,+42.7,+40.4,+17.7,+18.0,+18.3,+18.6,+18.7,+18.8,+18.6
2024-04-17 13:53,1,+34.9,+37.3,+33.9,+26.4,+42.7,+40.3,+18.0,+18.0,+18.3,+18.5,+18.7,+18.8,+18.6
2024-04-17 14:53,1,+34.7,+37.3,+33.9,+26.5,+42.7,+40.4,+18.2,+18.0,+18.2,+18.5,+18.6,+18.8,+18.6
2024-04-17 15:53,1,+34.6,+37.3,+33.9,+26.4,+42.6,+40.3,+18.3,+18.1,+18.2,+18.5,+18.6,+18.8,+18.6
2024-04-17 16:53,1,+34.6,+37.3,+33.9,+26.4,+42.6,+40.3,+18.3,+18.2,+18.2,+18.5,+18.7,+18.8,+18.6
2024-04-17 17:53,1,+34.5,+37.3,+33.9,+26.5,+42.7,+40.3,+18.3,+18.2,+18.3,+18.5,+18.7,+18.8,+18.6
2024-04-17 18:53,1,+34.4,+37.3,+33.9,+26.5,+42.7,+40.4,+18.3,+18.3,+18.2,+18.5,+18.6,+18.8,+18.6
2024-04-17 19:53,1,+34.4,+37.3,+33.9,+26.4,+42.7,+40.3,+18.3,+18.3,+18.3,+18.5,+18.7,+18.8,+18.6
2024-04-17 20:53,1,+34.4,+37.3,+33.9,+26.5,+42.7,+40.4,+18.3,+18.3,+18.3,+18.5,+18.6,+18.8,+18.6
2024-04-17 21:53,1,+34.3,+37.3,+33.9,+26.5,+42.7,+40.4,+18.3,+18.5,+18.3,+18.5,+18.7,+18.8,+18.6
2024-04-17 22:53,1,+34.3,+37.3,+33.9,+26.5,+42.7,+40.3,+18.3,+18.5,+18.3,+18.5,+18.7,+18.8,+18.6
2024-04-17 23:53,1,+34.2,+37.3,+33.9,+26.5,+42.7,+40.4,+18.2,+18.5,+18.3,+18.5,+18.7,+18.7,+18.6
2024-04-18 00:53,1,+34.2,+37.3,+33.9,+26.4,+42.6,+40.3,+18.2,+18.5,+18.3,+18.5,+18.7,+18.8,+18.6
2024-04-18 01:53,1,+34.2,+37.3,+33.9,+26.4,+42.6,+40.3,+18.1,+18.5,+18.3,+18.5,+18.7,+18.8,+18.6
2024-04-18 02:53,1,+34.1,+37.3,+33.9,+26.4,+42.6,+40.3,+18.0,+18.3,+18.3,+18.5,+18.7,+18.8,+18.6
2024-04-18 03:53,1,+34.1,+37.3,+33.9,+26.4,+42.6,+40.3,+18.0,+18.5,+18.3,+18.5,+18.7,+18.8,+18.6
2024-04-18 04:53,1,+34.1,+37.3,+33.9,+26.4,+42.6,+40.3,+17.8,+18.3,+18.3,+18.5,+18.7,+18.8,+18.6
2024-04-18 05:53,1,+34.0,+37.3,+33.9,+26.4,+42.6,+40.3,+17.8,+18.3,+18.5,+18.5,+18.6,+18.7,+18.6
2024-04-18 06:53,1,+34.0,+37.3,+33.9,+26.5,+42.7,+40.4,+17.8,+18.3,+18.3,+18.5,+18.6,+18.8,+18.6
2024-04-18 07:53,1,+33.9,+37.3,+33.9,+26.4,+42.6,+40.3,+17.8,+18.2,+18.3,+18.5,+18.6,+18.8,+18.6
2024-04-18 08:53,1,+33.8,+37.2,+33.9,+26.4,+42.6,+40.3,+17.8,+18.3,+18.5,+18.5,+18.7,+18.8,+18.6
2024-04-18 09:53,1,+33.8,+37.2,+33.9,+26.5,+42.7,+40.3,+17.8,+18.3,+18.3,+18.5,+18.6,+18.8,+18.6
2024-04-18 10:53,1,+33.6,+37.2,+33.9,+26.4,+42.6,+40.3,+17.8,+18.2,+18.3,+18.5,+18.7,+18.8,+18.6
2024-04-18 11:53,1,+33.6,+37.1,+33.8,+26.5,+42.6,+40.3,+18.1,+18.2,+18.3,+18.5,+18.7,+18.7,+18.6
2024-04-18 12:53,1,+33.4,+37.1,+33.8,+26.4,+42.6,+40.3,+18.2,+18.2,+18.3,+18.5,+18.7,+18.8,+18.6
2024-04-18 13:53,1,+33.3,+37.1,+33.8,+26.3,+42.6,+40.3,+18.5,+18.3,+18.3,+18.5,+18.6,+18.8,+18.6
2024-04-18 14:53,1,+33.2,+37.1,+33.8,+26.5,+42.6,+40.3,+18.6,+18.3,+18.3,+18.5,+18.7,+18.7,+18.5
2024-04-18 15:53,1,+33.1,+37.1,+33.8,+26.5,+42.6,+40.3,+18.6,+18.5,+18.3,+18.5,+18.6,+18.8,+18.6
2024-04-18 16:53,1,+33.1,+37.1,+33.8,+26.5,+42.6,+40.3,+18.7,+18.5,+18.5,+18.5,+18.6,+18.7,+18.6
2024-04-18 17:53,1,+33.0,+37.1,+33.8,+26.5,+42.6,+40.3,+18.6,+18.5,+18.3,+18.5,+18.6,+18.7,+18.6
2024-04-18 18:53,1,+32.9,+37.1,+33.8,+26.3,+42.6,+40.3,+18.6,+18.6,+18.5,+18.5,+18.6,+18.7,+18.6
2024-04-18 19:53,1,+32.9,+37.1,+33.8,+26.5,+42.6,+40.3,+18.6,+18.6,+18.5,+18.5,+18.6,+18.8,+18.6
2024-04-18 20:53,1,+32.9,+37.1,+33.8,+26.3,+42.6,+40.3,+18.5,+18.6,+18.3,+18.5,+18.6,+18.8,+18.6
2024-04-18 21:53,1,+32.8,+37.1,+33.8,+26.4,+42.6,+40.3,+18.5,+18.6,+18.5,+18.5,+18.7,+18.8,+18.6
2024-04-18 22:53,1,+32.8,+37.1,+33.8,+26.3,+42.6,+40.3,+18.5,+18.6,+18.5,+18.5,+18.6,+18.8,+18.5
2024-04-18 23:53,1,+32.7,+37.1,+33.8,+26.5,+42.6,+40.3,+18.3,+18.6,+18.5,+18.5,+18.7,+18.8,+18.6
2024-04-19 00:53,1,+32.7,+37.1,+33.8,+26.3,+42.6,+40.3,+18.3,+18.6,+18.6,+18.5,+18.6,+18.7,+18.6
2024-04-19 01:53,1,+32.7,+37.1,+33.8,+26.3,+42.6,+40.3,+18.2,+18.6,+18.5,+18.5,+18.6,+18.8,+18.6
2024-04-19 02:53,1,+32.6,+37.1,+33.8,+26.3,+42.6,+40.3,+18.1,+18.6,+18.5,+18.5,+18.6,+18.8,+18.6
2024-04-19 03:53,1,+32.6,+37.1,+33.8,+26.4,+42.6,+40.3,+18.0,+18.5,+18.6,+18.5,+18.6,+18.7,+18.5
2024-04-19 04:53,1,+32.5,+37.1,+33.8,+26.3,+42.6,+40.3,+18.0,+18.5,+18.6,+18.5,+18.7,+18.8,+18.6
2024-04-19 05:53,1,+32.5,+37.1,+33.8,+26.5,+42.6,+40.3,+17.8,+18.5,+18.5,+18.6,+18.6,+18.8,+18.5
2024-04-19 06:53,1,+32.4,+37.1,+33.8,+26.3,+42.6,+40.3,+17.8,+18.3,+18.5,+18.5,+18.6,+18.7,+18.6
2024-04-19 07:53,1,+32.4,+37.0,+33.8,+26.5,+42.6,+40.3,+17.8,+18.3,+18.5,+18.5,+18.7,+18.8,+18.6
2024-04-19 08:53,1,+32.3,+37.0,+33.8,+26.3,+42.5,+40.3,+17.8,+18.2,+18.5,+18.6,+18.6,+18.7,+18.6
2024-04-19 09:53,1,+32.2,+37.0,+33.8,+26.4,+42.6,+40.3,+17.8,+18.3,+18.5,+18.5,+18.6,+18.7,+18.6
2024-04-19 10:53,1,+32.0,+37.0,+33.7,+26.3,+42.5,+40.2,+18.0,+18.3,+18.5,+18.5,+18.7,+18.8,+18.6
2024-04-19 11:53,1,+31.9,+36.9,+33.7,+26.3,+42.5,+40.2,+18.1,+18.3,+18.5,+18.5,+18.7,+18.8,+18.6
2024-04-19 12:53,1,+31.8,+36.9,+33.7,+26.4,+42.5,+40.2,+18.2,+18.3,+18.5,+18.6,+18.7,+18.8,+18.6
2024-04-19 13:53,1,+31.7,+36.8,+33.7,+26.3,+42.5,+40.2,+18.3,+18.3,+18.5,+18.5,+18.6,+18.8,+18.6
2024-04-19 14:53,1,+31.6,+36.8,+33.6,+26.4,+42.5,+40.2,+18.6,+18.3,+18.5,+18.5,+18.6,+18.8,+18.6
2024-04-19 15:53,1,+31.5,+36.8,+33.6,+26.3,+42.5,+40.2,+18.6,+18.3,+18.5,+18.6,+18.6,+18.8,+18.6
2024-04-19 16:53,1,+31.4,+36.8,+33.7,+26.4,+42.5,+40.2,+18.6,+18.5,+18.5,+18.5,+18.7,+18.8,+18.5
2024-04-19 17:53,1,+31.4,+36.8,+33.6,+26.4,+42.5,+40.2,+18.6,+18.5,+18.5,+18.5,+18.7,+18.7,+18.6
2024-04-19 18:53,1,+31.3,+36.8,+33.7,+26.2,+42.5,+40.2,+18.6,+18.6,+18.5,+18.5,+18.7,+18.8,+18.6
2024-04-19 19:53,1,+31.3,+36.8,+33.7,+26.4,+42.5,+40.2,+18.5,+18.6,+18.5,+18.5,+18.7,+18.8,+18.6
2024-04-19 20:53,1,+31.2,+36.8,+33.7,+26.4,+42.5,+40.2,+18.5,+18.6,+18.5,+18.5,+18.6,+18.8,+18.5
2024-04-19 21:53,1,+31.2,+36.8,+33.7,+26.2,+42.5,+40.2,+18.5,+18.6,+18.5,+18.6,+18.7,+18.8,+18.5
2024-04-19 22:53,1,+31.2,+36.8,+33.7,+26.4,+42.5,+40.2,+18.5,+18.6,+18.6,+18.6,+18.7,+18.7,+18.6
2024-04-19 23:53,1,+31.2,+36.8,+33.7,+26.2,+42.5,+40.2,+18.3,+18.6,+18.6,+18.5,+18.7,+18.8,+18.6
2024-04-20 00:53,1,+31.1,+36.8,+33.7,+26.4,+42.5,+40.2,+18.2,+18.6,+18.5,+18.5,+18.6,+18.8,+18.6
2024-04-20 01:53,1,+31.1,+36.8,+33.7,+26.3,+42.5,+40.2,+18.2,+18.6,+18.5,+18.5,+18.7,+18.8,+18.6
2024-04-20 02:53,1,+31.1,+36.8,+33.7,+26.3,+42.5,+40.2,+18.2,+18.6,+18.6,+18.5,+18.7,+18.7,+18.6
2024-04-20 03:53,1,+31.0,+36.8,+33.7,+26.3,+42.5,+40.2,+18.1,+18.6,+18.6,+18.5,+18.7,+18.7,+18.6
2024-04-20 04:53,1,+31.0,+36.8,+33.7,+26.4,+42.5,+40.2,+18.1,+18.5,+18.6,+18.6,+18.7,+18.8,+18.5
2024-04-20 05:53,1,+31.0,+36.8,+33.7,+26.2,+42.5,+40.2,+18.0,+18.5,+18.5,+18.5,+18.6,+18.7,+18.6
2024-04-20 06:53,1,+30.9,+36.8,+33.6,+26.4,+42.5,+40.2,+18.0,+18.5,+18.5,+18.6,+18.7,+18.8,+18.5
2024-04-20 07:53,1,+30.9,+36.8,+33.6,+26.4,+42.5,+40.2,+17.8,+18.5,+18.5,+18.5,+18.6,+18.8,+18.5
2024-04-20 08:53,1,+30.8,+36.8,+33.6,+26.4,+42.5,+40.2,+18.1,+18.5,+18.6,+18.6,+18.6,+18.8,+18.5
2024-04-20 09:53,1,+30.7,+36.7,+33.6,+26.3,+42.5,+40.2,+18.0,+18.3,+18.5,+18.5,+18.7,+18.8,+18.6
2024-04-20 10:53,1,+30.6,+36.7,+33.6,+26.3,+42.5,+40.2,+18.1,+18.3,+18.5,+18.6,+18.6,+18.8,+18.5
2024-04-20 11:53,1,+30.5,+36.7,+33.6,+26.3,+42.5,+40.2,+18.2,+18.3,+18.5,+18.5,+18.7,+18.8,+18.6
2024-04-20 12:53,1,+30.4,+36.7,+33.5,+26.2,+42.4,+40.2,+18.5,+18.3,+18.5,+18.5,+18.7,+18.8,+18.6
2024-04-20 13:53,1,+30.4,+36.6,+33.5,+26.3,+42.4,+40.2,+18.6,+18.5,+18.5,+18.6,+18.7,+18.8,+18.5
2024-04-20 14:53,1,+30.3,+36.6,+33.5,+26.2,+42.4,+40.2,+18.6,+18.5,+18.5,+18.5,+18.7,+18.8,+18.6
2024-04-20 15:53,1,+30.2,+36.6,+33.5,+26.3,+42.4,+40.2,+18.7,+18.6,+18.5,+18.6,+18.7,+18.8,+18.5
2024-04-20 16:53,1,+30.2,+36.6,+33.5,+26.2,+42.4,+40.2,+18.7,+18.6,+18.5,+18.5,+18.7,+18.8,+18.6
2024-04-20 17:53,1,+30.2,+36.6,+33.5,+26.3,+42.4,+40.2,+18.7,+18.6,+18.5,+18.6,+18.6,+18.8,+18.6
2024-04-20 18:53,1,+30.2,+36.6,+33.5,+26.2,+42.4,+40.2,+18.7,+18.7,+18.5,+18.6,+18.7,+18.8,+18.5
2024-04-20 19:53,1,+30.2,+36.6,+33.5,+26.2,+42.4,+40.2,+18.7,+18.7,+18.5,+18.6,+18.6,+18.8,+18.5
2024-04-20 20:53,1,+30.2,+36.6,+33.5,+26.3,+42.4,+40.2,+18.6,+18.7,+18.6,+18.5,+18.6,+18.8,+18.5
2024-04-20 21:53,1,+30.2,+36.6,+33.5,+26.2,+42.4,+40.2,+18.6,+18.7,+18.5,+18.6,+18.7,+18.8,+18.6
2024-04-20 22:53,1,+30.2,+36.6,+33.5,+26.2,+42.4,+40.2,+18.5,+18.7,+18.6,+18.6,+18.6,+18.8,+18.5
2024-04-20 23:53,1,+30.2,+36.6,+33.5,+26.3,+42.4,+40.2,+18.5,+18.7,+18.6,+18.6,+18.6,+18.8,+18.5
2024-04-21 00:53,1,+30.1,+36.6,+33.5,+26.3,+42.4,+40.2,+18.3,+18.7,+18.6,+18.5,+18.6,+18.8,+18.5
2024-04-21 01:53,1,+30.1,+36.6,+33.5,+26.3,+42.4,+40.2,+18.2,+18.7,+18.6,+18.6,+18.7,+18.8,+18.5
2024-04-21 02:53,1,+30.1,+36.6,+33.5,+26.3,+42.4,+40.2,+18.1,+18.6,+18.6,+18.6,+18.7,+18.7,+18.5
2024-04-21 03:53,1,+30.1,+36.6,+33.5,+26.3,+42.4,+40.2,+18.0,+18.6,+18.6,+18.6,+18.6,+18.8,+18.5
2024-04-21 04:53,1,+30.1,+36.6,+33.5,+26.3,+42.4,+40.2,+17.8,+18.6,+18.6,+18.6,+18.7,+18.8,+18.5
2024-04-21 05:53,1,+30.0,+36.6,+33.5,+26.3,+42.4,+40.2,+17.7,+18.5,+18.6,+18.6,+18.6,+18.8,+18.6
2024-04-21 06:53,1,+30.0,+36.6,+33.5,+26.3,+42.4,+40.2,+17.7,+18.5,+18.6,+18.6,+18.7,+18.7,+18.6
2024-04-21 07:53,1,+30.0,+36.5,+33.5,+26.2,+42.4,+40.2,+17.7,+18.5,+18.6,+18.6,+18.7,+18.7,+18.6
2024-04-21 08:53,1,+29.9,+36.5,+33.5,+26.3,+42.4,+40.2,+17.7,+18.3,+18.6,+18.6,+18.7,+18.7,+18.5
2024-04-21 09:53,1,+29.8,+36.5,+33.5,+26.3,+42.4,+40.2,+17.7,+18.3,+18.5,+18.6,+18.7,+18.8,+18.6
2024-04-21 10:53,1,+29.7,+36.4,+33.5,+26.2,+42.4,+40.2,+17.8,+18.3,+18.6,+18.6,+18.7,+18.8,+18.5
2024-04-21 11:53,1,+29.6,+36.4,+33.5,+26.2,+42.4,+40.2,+18.0,+18.2,+18.5,+18.6,+18.7,+18.7,+18.6
2024-04-21 12:53,1,+29.6,+36.4,+33.4,+26.3,+42.4,+40.2,+18.0,+18.3,+18.5,+18.6,+18.7,+18.8,+18.5
2024-04-21 13:53,1,+29.5,+36.4,+33.4,+26.3,+42.4,+40.2,+18.1,+18.3,+18.5,+18.6,+18.7,+18.8,+18.6
2024-04-21 14:53,1,+29.4,+36.4,+33.4,+26.3,+42.4,+40.2,+18.2,+18.3,+18.5,+18.6,+18.7,+18.8,+18.6
2024-04-21 15:53,1,+29.4,+36.3,+33.4,+26.2,+42.3,+40.2,+18.2,+18.3,+18.5,+18.6,+18.7,+18.8,+18.6
2024-04-21 16:53,1,+29.4,+36.3,+33.4,+26.3,+42.4,+40.2,+18.2,+18.3,+18.5,+18.6,+18.7,+18.8,+18.5
2024-04-21 17:53,1,+29.3,+36.3,+33.5,+26.3,+42.4,+40.2,+18.2,+18.3,+18.5,+18.6,+18.6,+18.8,+18.5
2024-04-21 18:53,1,+29.3,+36.3,+33.4,+26.3,+42.4,+40.2,+18.2,+18.5,+18.5,+18.6,+18.7,+18.8,+18.5
2024-04-21 19:53,1,+29.3,+36.3,+33.5,+26.3,+42.4,+40.2,+18.2,+18.5,+18.5,+18.6,+18.7,+18.7,+18.6
2024-04-21 20:53,1,+29.3,+36.3,+33.5,+26.2,+42.3,+40.2,+18.2,+18.5,+18.5,+18.5,+18.7,+18.8,+18.6
2024-04-21 21:53,1,+29.3,+36.3,+33.4,+26.3,+42.4,+40.2,+18.2,+18.5,+18.5,+18.6,+18.7,+18.8,+18.5
2024-04-21 22:53,1,+29.3,+36.3,+33.5,+26.3,+42.4,+40.2,+18.1,+18.5,+18.5,+18.6,+18.6,+18.8,+18.6
2024-04-21 23:53,1,+29.2,+36.3,+33.5,+26.3,+42.4,+40.2,+18.1,+18.5,+18.5,+18.6,+18.7,+18.8,+18.5
2024-04-22 00:53,1,+29.2,+36.3,+33.5,+26.2,+42.3,+40.2,+18.0,+18.5,+18.5,+18.6,+18.7,+18.8,+18.5
2024-04-22 01:53,1,+29.2,+36.3,+33.5,+26.3,+42.4,+40.2,+18.0,+18.3,+18.5,+18.5,+18.7,+18.8,+18.5
2024-04-22 02:53,1,+29.2,+36.3,+33.5,+26.2,+42.4,+40.2,+17.8,+18.3,+18.5,+18.6,+18.7,+18.7,+18.5
2024-04-22 03:53,1,+29.2,+36.3,+33.5,+26.3,+42.4,+40.2,+18.0,+18.3,+18.5,+18.5,+18.6,+18.8,+18.6
2024-04-22 04:53,1,+29.2,+36.3,+33.5,+26.3,+42.4,+40.2,+17.8,+18.3,+18.5,+18.6,+18.7,+18.8,+18.6
2024-04-22 05:53,1,+29.1,+36.3,+33.5,+26.2,+42.4,+40.2,+17.8,+18.3,+18.6,+18.6,+18.7,+18.8,+18.5
2024-04-22 06:53,1,+29.1,+36.3,+33.5,+26.3,+42.4,+40.2,+17.8,+18.3,+18.5,+18.5,+18.6,+18.8,+18.5
2024-04-22 07:53,1,+29.1,+36.3,+33.5,+26.2,+42.4,+40.2,+18.0,+18.3,+18.5,+18.6,+18.7,+18.8,+18.5
2024-04-22 08:53,1,+29.0,+36.3,+33.5,+26.3,+42.4,+40.2,+18.0,+18.2,+18.5,+18.5,+18.7,+18.8,+18.6
2024-04-22 09:53,1,+29.0,+36.3,+33.5,+26.3,+42.4,+40.2,+18.1,+18.3,+18.5,+18.6,+18.7,+18.8,+18.5
2024-04-22 10:53,1,+29.0,+36.3,+33.4,+26.3,+42.4,+40.2,+18.1,+18.3,+18.5,+18.5,+18.6,+18.7,+18.6
2024-04-22 11:53,1,+28.9,+36.3,+33.4,+26.2,+42.3,+40.2,+18.3,+18.3,+18.5,+18.5,+18.6,+18.8,+18.5
2024-04-22 12:53,1,+28.8,+36.2,+33.4,+26.2,+42.3,+40.2,+18.5,+18.3,+18.5,+18.5,+18.7,+18.8,+18.6
2024-04-22 13:53,1,+28.7,+36.2,+33.4,+26.2,+42.3,+40.1,+18.7,+18.5,+18.5,+18.5,+18.7,+18.8,+18.6
2024-04-22 14:53,1,+28.7,+36.2,+33.4,+26.2,+42.3,+40.1,+18.7,+18.5,+18.5,+18.6,+18.7,+18.8,+18.6
2024-04-22 15:53,1,+28.6,+36.2,+33.4,+26.2,+42.3,+40.2,+18.7,+18.6,+18.5,+18.5,+18.7,+18.8,+18.6
2024-04-22 16:53,1,+28.5,+36.2,+33.4,+26.2,+42.3,+40.2,+18.8,+18.6,+18.5,+18.5,+18.7,+18.8,+18.6
2024-04-22 17:53,1,+28.5,+36.2,+33.4,+26.1,+42.3,+40.1,+18.7,+18.6,+18.5,+18.5,+18.7,+18.8,+18.6
2024-04-22 18:53,1,+28.4,+36.2,+33.4,+26.1,+42.3,+40.1,+18.8,+18.6,+18.5,+18.5,+18.7,+18.8,+18.6
2024-04-22 19:53,1,+28.4,+36.2,+33.4,+26.2,+42.3,+40.1,+18.8,+18.7,+18.5,+18.6,+18.7,+18.7,+18.5
2024-04-22 20:53,1,+28.4,+36.2,+33.4,+26.1,+42.3,+40.1,+18.7,+18.7,+18.5,+18.5,+18.6,+18.7,+18.5
2024-04-22 21:53,1,+28.3,+36.2,+33.4,+26.2,+42.3,+40.2,+18.7,+18.7,+18.6,+18.6,+18.6,+18.7,+18.5
2024-04-22 22:53,1,+28.3,+36.2,+33.4,+26.1,+42.3,+40.1,+18.7,+18.7,+18.6,+18.5,+18.7,+18.7,+18.5
2024-04-22 23:53,1,+28.3,+36.2,+33.4,+26.3,+42.3,+40.2,+18.6,+18.7,+18.6,+18.6,+18.7,+18.8,+18.5
2024-04-23 00:53,1,+28.3,+36.2,+33.4,+26.1,+42.3,+40.1,+18.5,+18.7,+18.6,+18.6,+18.6,+18.7,+18.5
2024-04-23 01:53,1,+28.3,+36.2,+33.4,+26.2,+42.3,+40.1,+18.3,+18.7,+18.6,+18.6,+18.6,+18.8,+18.5
2024-04-23 02:53,1,+28.2,+36.2,+33.4,+26.2,+42.3,+40.1,+18.3,+18.7,+18.6,+18.6,+18.7,+18.8,+18.5
2024-04-23 03:53,1,+28.2,+36.2,+33.4,+26.2,+42.3,+40.2,+18.2,+18.7,+18.6,+18.6,+18.7,+18.8,+18.6
2024-04-23 04:53,1,+28.2,+36.2,+33.4,+26.3,+42.3,+40.2,+18.2,+18.7,+18.6,+18.5,+18.6,+18.8,+18.5
2024-04-23 05:53,1,+28.2,+36.2,+33.4,+26.3,+42.3,+40.2,+18.2,+18.7,+18.6,+18.6,+18.7,+18.8,+18.6
2024-04-23 06:53,1,+28.1,+36.2,+33.4,+26.1,+42.3,+40.1,+18.1,+18.6,+18.6,+18.6,+18.7,+18.8,+18.6
2024-04-23 07:53,1,+28.1,+36.2,+33.4,+26.1,+42.3,+40.1,+18.1,+18.6,+18.6,+18.6,+18.7,+18.8,+18.6
2024-04-23 08:53,1,+28.1,+36.1,+33.4,+26.2,+42.3,+40.1,+18.2,+18.5,+18.6,+18.6,+18.7,+18.7,+18.6
2024-04-23 09:53,1,+28.0,+36.1,+33.4,+26.2,+42.3,+40.1,+18.2,+18.6,+18.6,+18.6,+18.7,+18.7,+18.6
2024-04-23 10:53,1,+27.9,+36.1,+33.3,+26.1,+42.3,+40.1,+18.2,+18.5,+18.6,+18.6,+18.7,+18.8,+18.5
2024-04-23 11:53,1,+27.8,+36.0,+33.3,+26.2,+42.3,+40.1,+18.5,+18.6,+18.6,+18.6,+18.7,+18.7,+18.5
2024-04-23 12:53,1,+27.7,+36.0,+33.3,+26.1,+42.3,+40.1,+18.6,+18.5,+18.6,+18.6,+18.7,+18.8,+18.5
2024-04-23 13:53,1,+27.7,+36.0,+33.3,+26.1,+42.2,+40.1,+18.8,+18.6,+18.5,+18.6,+18.7,+18.8,+18.5
2024-04-23 14:53,1,+27.6,+36.0,+33.2,+26.1,+42.2,+40.1,+19.0,+18.6,+18.6,+18.6,+18.7,+18.8,+18.6
2024-04-23 15:53,1,+27.5,+36.0,+33.2,+26.2,+42.3,+40.1,+19.0,+18.6,+18.6,+18.6,+18.7,+18.8,+18.6
2024-04-23 16:53,1,+27.4,+36.0,+33.2,+26.2,+42.3,+40.1,+19.0,+18.7,+18.6,+18.6,+18.7,+18.8,+18.5
2024-04-23 17:53,1,+27.4,+36.0,+33.2,+26.1,+42.2,+40.1,+19.0,+18.8,+18.6,+18.6,+18.7,+18.8,+18.5
2024-04-23 18:53,1,+27.3,+36.0,+33.2,+26.2,+42.3,+40.1,+18.8,+18.8,+18.6,+18.6,+18.7,+18.8,+18.5
2024-04-23 19:53,1,+27.3,+36.0,+33.2,+26.1,+42.2,+40.1,+18.8,+18.8,+18.6,+18.6,+18.7,+18.8,+18.6
2024-04-23 20:53,1,+27.3,+35.9,+33.2,+26.2,+42.3,+40.1,+18.7,+18.8,+18.6,+18.6,+18.7,+18.8,+18.5
2024-04-23 21:53,1,+27.2,+36.0,+33.2,+26.1,+42.2,+40.1,+18.6,+18.8,+18.7,+18.6,+18.7,+18.8,+18.5
2024-04-23 22:53,1,+27.2,+36.0,+33.2,+26.2,+42.3,+40.1,+18.6,+18.8,+18.6,+18.6,+18.7,+18.8,+18.6
2024-04-23 23:53,1,+27.2,+35.9,+33.3,+26.2,+42.3,+40.1,+18.5,+18.8,+18.7,+18.6,+18.7,+18.8,+18.5
2024-04-24 00:53,1,+27.2,+35.9,+33.3,+26.2,+42.3,+40.1,+18.5,+18.8,+18.7,+18.6,+18.7,+18.8,+18.6
2024-04-24 01:53,1,+27.2,+35.9,+33.2,+26.1,+42.2,+40.1,+18.5,+18.7,+18.7,+18.6,+18.7,+18.8,+18.6
2024-04-24 02:53,1,+27.2,+35.9,+33.3,+26.2,+42.3,+40.1,+18.3,+18.7,+18.7,+18.6,+18.7,+18.8,+18.5
2024-04-24 03:53,1,+27.2,+35.9,+33.3,+26.2,+42.3,+40.1,+18.2,+18.7,+18.7,+18.6,+18.7,+18.8,+18.6
2024-04-24 04:53,1,+27.2,+35.9,+33.2,+26.1,+42.2,+40.1,+18.2,+18.6,+18.6,+18.6,+18.7,+18.8,+18.6
2024-04-24 05:53,1,+27.1,+35.9,+33.2,+26.1,+42.2,+40.1,+18.1,+18.7,+18.7,+18.6,+18.7,+18.8,+18.5
2024-04-24 06:53,1,+27.1,+35.9,+33.2,+26.1,+42.2,+40.1,+18.1,+18.6,+18.6,+18.6,+18.7,+18.7,+18.5
2024-04-24 07:53,1,+27.1,+35.9,+33.3,+26.2,+42.3,+40.1,+18.1,+18.6,+18.7,+18.7,+18.7,+18.8,+18.5
2024-04-24 08:53,1,+27.0,+35.9,+33.2,+26.1,+42.2,+40.1,+18.1,+18.6,+18.6,+18.6,+18.7,+18.8,+18.5
2024-04-24 09:53,1,+27.0,+35.9,+33.2,+26.2,+42.3,+40.1,+18.2,+18.6,+18.6,+18.6,+18.7,+18.8,+18.5
2024-04-24 10:53,1,+26.9,+35.9,+33.2,+26.2,+42.2,+40.1,+18.3,+18.6,+18.6,+18.6,+18.7,+18.8,+18.6
2024-04-24 11:53,1,+26.9,+35.8,+33.2,+26.2,+42.2,+40.1,+18.5,+18.6,+18.7,+18.6,+18.7,+18.8,+18.5
2024-04-24 12:53,1,+26.8,+35.8,+33.2,+26.1,+42.2,+40.0,+18.6,+18.6,+18.6,+18.6,+18.7,+18.8,+18.6
2024-04-24 13:53,1,+26.7,+35.8,+33.2,+26.0,+42.2,+40.0,+18.8,+18.6,+18.6,+18.6,+18.7,+18.8,+18.6
2024-04-24 14:53,1,+26.6,+35.7,+33.2,+26.2,+42.2,+40.1,+18.8,+18.6,+18.6,+18.6,+18.7,+18.8,+18.6
2024-04-24 15:53,1,+31.0,+36.0,+33.3,+26.1,+42.2,+40.1,+18.8,+18.7,+18.6,+18.6,+18.7,+18.8,+18.6
2024-04-24 16:53,1,+30.9,+36.2,+33.3,+26.3,+42.3,+40.1,+18.8,+18.7,+18.6,+18.7,+18.7,+18.8,+18.5
2024-04-24 17:53,1,+32.3,+36.3,+33.3,+26.3,+42.3,+40.2,+18.7,+18.8,+18.7,+18.6,+18.7,+18.8,+18.6
2024-04-24 18:53,1,+32.5,+36.4,+33.4,+26.2,+42.3,+40.1,+18.7,+18.8,+18.6,+18.6,+18.7,+18.8,+18.6
2024-04-24 19:53,1,+32.6,+36.5,+33.4,+26.3,+42.3,+40.2,+18.6,+18.8,+18.6,+18.6,+18.7,+18.8,+18.6
2024-04-24 20:53,1,+32.6,+36.5,+33.4,+26.2,+42.3,+40.1,+18.6,+18.8,+18.7,+18.6,+18.7,+18.8,+18.6
2024-04-24 21:53,1,+32.7,+36.6,+33.4,+26.2,+42.3,+40.1,+18.5,+18.8,+18.7,+18.6,+18.7,+18.8,+18.6
2024-04-24 22:53,1,+32.7,+36.6,+33.4,+26.3,+42.3,+40.2,+18.5,+18.8,+18.7,+18.6,+18.7,+18.8,+18.6
2024-04-24 23:53,1,+32.7,+36.7,+33.4,+26.2,+42.3,+40.1,+18.5,+18.7,+18.7,+18.6,+18.7,+18.8,+18.6
2024-04-25 00:53,1,+32.7,+36.7,+33.4,+26.3,+42.3,+40.2,+18.5,+18.7,+18.7,+18.6,+18.7,+18.8,+18.6
2024-04-25 01:53,1,+32.7,+36.7,+33.4,+26.2,+42.3,+40.1,+18.3,+18.7,+18.8,+18.6,+18.7,+18.8,+18.6
2024-04-25 02:53,1,+32.7,+36.7,+33.4,+26.3,+42.3,+40.2,+18.3,+18.7,+18.6,+18.6,+18.7,+18.7,+18.6
2024-04-25 03:53,1,+32.7,+36.7,+33.4,+26.3,+42.3,+40.2,+18.3,+18.7,+18.7,+18.7,+18.7,+18.8,+18.6
2024-04-25 04:53,1,+32.7,+36.7,+33.4,+26.2,+42.3,+40.1,+18.2,+18.6,+18.7,+18.6,+18.7,+18.8,+18.5
2024-04-25 05:53,1,+32.7,+36.7,+33.4,+26.3,+42.3,+40.2,+18.2,+18.7,+18.7,+18.6,+18.7,+18.8,+18.6
2024-04-25 06:53,1,+32.8,+36.7,+33.4,+26.2,+42.3,+40.1,+18.2,+18.7,+18.7,+18.7,+18.7,+18.8,+18.6
2024-04-25 07:53,1,+32.8,+36.8,+33.5,+26.3,+42.3,+40.2,+18.2,+18.6,+18.7,+18.7,+18.7,+19.0,+18.6
2024-04-25 08:53,1,+32.9,+36.8,+33.5,+26.3,+42.3,+40.2,+18.2,+18.6,+18.7,+18.7,+18.7,+18.8,+18.6
2024-04-25 09:53,1,+32.9,+36.8,+33.5,+26.3,+42.3,+40.2,+18.2,+18.6,+18.6,+18.7,+18.7,+18.8,+18.6
2024-04-25 10:53,1,+32.9,+36.8,+33.5,+26.3,+42.3,+40.2,+18.3,+18.6,+18.6,+18.6,+18.7,+18.8,+18.6
2024-04-25 11:53,1,+32.9,+36.8,+33.5,+26.3,+42.3,+40.2,+18.3,+18.6,+18.7,+18.6,+18.7,+18.8,+18.6
2024-04-25 12:53,1,+32.9,+36.8,+33.5,+26.3,+42.3,+40.2,+18.3,+18.6,+18.6,+18.6,+18.8,+18.8,+18.6
2024-04-25 13:53,1,+32.9,+36.8,+33.5,+26.2,+42.3,+40.2,+18.3,+18.6,+18.7,+18.6,+18.7,+18.8,+18.6
2024-04-25 14:53,1,+32.8,+36.8,+33.5,+26.2,+42.3,+40.2,+18.3,+18.6,+18.7,+18.7,+18.8,+18.8,+18.6
2024-04-25 15:53,1,+32.8,+36.8,+33.5,+26.3,+42.4,+40.2,+18.3,+18.6,+18.7,+18.6,+18.7,+18.8,+18.5
2024-04-25 16:53,1,+32.9,+36.8,+33.5,+26.3,+42.4,+40.2,+18.2,+18.6,+18.6,+18.6,+18.7,+18.8,+18.6
2024-04-25 17:53,1,+32.9,+36.8,+33.5,+26.4,+42.3,+40.2,+18.2,+18.6,+18.6,+18.6,+18.7,+18.8,+18.6
2024-04-25 18:53,1,+32.9,+36.8,+33.5,+26.2,+42.3,+40.2,+18.2,+18.6,+18.6,+18.7,+18.7,+18.8,+18.6
2024-04-25 19:53,1,+32.8,+36.8,+33.5,+26.2,+42.3,+40.2,+18.2,+18.6,+18.6,+18.6,+18.7,+18.8,+18.6
2024-04-25 20:53,1,+32.9,+36.8,+33.5,+26.3,+42.3,+40.2,+18.1,+18.5,+18.7,+18.7,+18.7,+18.8,+18.6
2024-04-25 21:53,1,+32.9,+36.8,+33.5,+26.2,+42.3,+40.2,+18.0,+18.6,+18.6,+18.6,+18.8,+18.8,+18.5
2024-04-25 22:53,1,+32.9,+36.8,+33.5,+26.2,+42.3,+40.2,+18.0,+18.5,+18.6,+18.7,+18.7,+18.8,+18.6
2024-04-25 23:53,1,+32.9,+36.8,+33.5,+26.2,+42.3,+40.2,+18.0,+18.5,+18.7,+18.7,+18.7,+18.8,+18.6
2024-04-26 00:53,1,+32.8,+36.8,+33.5,+26.2,+42.3,+40.2,+17.8,+18.5,+18.6,+18.6,+18.7,+18.8,+18.6
2024-04-26 01:53,1,+32.9,+36.8,+33.5,+26.3,+42.3,+40.2,+17.8,+18.5,+18.6,+18.6,+18.7,+18.8,+18.6
2024-04-26 02:53,1,+32.8,+36.8,+33.5,+26.2,+42.3,+40.2,+17.8,+18.5,+18.6,+18.7,+18.7,+18.8,+18.6
2024-04-26 03:53,1,+32.8,+36.8,+33.5,+26.2,+42.3,+40.2,+17.8,+18.5,+18.6,+18.6,+18.7,+19.0,+18.6
2024-04-26 04:53,1,+32.8,+36.8,+33.5,+26.3,+42.4,+40.2,+17.7,+18.3,+18.6,+18.6,+18.7,+18.8,+18.6
2024-04-26 05:53,1,+32.8,+36.8,+33.5,+26.2,+42.3,+40.2,+17.8,+18.3,+18.6,+18.6,+18.7,+18.8,+18.6
2024-04-26 06:53,1,+32.8,+36.8,+33.5,+26.4,+42.4,+40.2,+17.8,+18.3,+18.6,+18.6,+18.7,+18.8,+18.6
2024-04-26 07:53,1,+32.8,+36.8,+33.5,+26.2,+42.3,+40.2,+17.8,+18.3,+18.5,+18.6,+18.7,+19.0,+18.6
2024-04-26 08:53,1,+32.8,+36.8,+33.5,+26.2,+42.3,+40.2,+17.8,+18.3,+18.6,+18.6,+18.7,+18.8,+18.6
2024-04-26 09:53,1,+32.7,+36.8,+33.5,+26.2,+42.3,+40.2,+18.0,+18.3,+18.5,+18.6,+18.7,+18.8,+18.6
2024-04-26 10:53,1,+32.7,+36.8,+33.5,+26.2,+42.3,+40.2,+18.0,+18.3,+18.5,+18.7,+18.7,+18.8,+18.6
2024-04-26 11:53,1,+32.6,+36.7,+33.5,+26.3,+42.3,+40.2,+18.2,+18.3,+18.5,+18.6,+18.7,+18.8,+18.5
2024-04-26 12:53,1,+32.7,+36.7,+33.5,+26.3,+42.3,+40.2,+18.3,+18.3,+18.5,+18.6,+18.7,+18.8,+18.6
2024-04-26 13:53,1,+32.6,+36.7,+33.5,+26.2,+42.3,+40.1,+18.5,+18.5,+18.5,+18.6,+18.7,+19.0,+18.6
2024-04-26 14:53,1,+32.7,+36.7,+33.5,+26.3,+42.3,+40.2,+18.6,+18.5,+18.5,+18.6,+18.8,+18.8,+18.5
2024-04-26 15:53,1,+32.5,+36.7,+33.5,+26.3,+42.3,+40.2,+18.6,+18.5,+18.5,+18.6,+18.7,+18.8,+18.6
2024-04-26 16:53,1,+32.4,+36.7,+33.5,+26.3,+42.3,+40.2,+18.7,+18.6,+18.5,+18.6,+18.7,+19.0,+18.6
2024-04-26 17:53,1,+35.1,+36.9,+33.6,+26.3,+42.3,+40.2,+18.7,+18.6,+18.5,+18.6,+18.7,+18.8,+18.6
2024-04-26 18:53,1,+35.1,+37.0,+33.6,+26.4,+42.4,+40.2,+18.6,+18.7,+18.5,+18.6,+18.7,+18.8,+18.6
2024-04-26 19:53,1,+35.2,+37.1,+33.6,+26.4,+42.4,+40.2,+18.6,+18.7,+18.6,+18.6,+18.7,+18.8,+18.6
2024-04-26 20:53,1,+35.3,+37.1,+33.6,+26.3,+42.3,+40.2,+18.6,+18.7,+18.6,+18.6,+18.7,+18.8,+18.6
2024-04-26 21:53,1,+35.3,+37.1,+33.6,+26.4,+42.4,+40.2,+18.6,+18.7,+18.6,+18.6,+18.7,+18.8,+18.6
2024-04-26 22:53,1,+35.4,+37.2,+33.6,+26.3,+42.3,+40.2,+18.5,+18.7,+18.6,+18.6,+18.7,+18.8,+18.6
2024-04-26 23:53,1,+35.4,+37.2,+33.6,+26.4,+42.4,+40.2,+18.5,+18.7,+18.6,+18.6,+18.7,+18.8,+18.6
2024-04-27 00:53,1,+35.5,+37.2,+33.6,+26.4,+42.4,+40.2,+18.3,+18.7,+18.6,+18.6,+18.7,+18.8,+18.6
2024-04-27 01:53,1,+35.5,+37.2,+33.6,+26.3,+42.4,+40.2,+18.3,+18.7,+18.6,+18.6,+18.7,+18.8,+18.6
2024-04-27 02:53,1,+35.5,+37.3,+33.7,+26.3,+42.4,+40.2,+18.3,+18.7,+18.6,+18.6,+18.7,+18.8,+18.6
2024-04-27 03:53,1,+35.7,+37.3,+33.7,+26.5,+42.4,+40.2,+18.3,+18.6,+18.6,+18.6,+18.7,+18.8,+18.6
2024-04-27 04:53,1,+35.9,+37.3,+33.7,+26.3,+42.4,+40.2,+18.2,+18.6,+18.6,+18.6,+18.7,+18.8,+18.6
2024-04-27 05:53,1,+36.0,+37.3,+33.7,+26.5,+42.4,+40.2,+18.2,+18.6,+18.6,+18.6,+18.7,+18.8,+18.6
2024-04-27 06:53,1,+36.0,+37.3,+33.7,+26.3,+42.4,+40.2,+18.2,+18.6,+18.6,+18.6,+18.7,+18.8,+18.6
2024-04-27 07:53,1,+36.0,+37.3,+33.7,+26.3,+42.4,+40.2,+18.2,+18.6,+18.6,+18.6,+18.7,+18.8,+18.6
2024-04-27 08:53,1,+36.0,+37.3,+33.7,+26.5,+42.4,+40.2,+18.2,+18.6,+18.6,+18.7,+18.7,+19.0,+18.6
2024-04-27 09:53,1,+36.0,+37.3,+33.7,+26.5,+42.4,+40.2,+18.3,+18.6,+18.6,+18.6,+18.7,+18.8,+18.6
2024-04-27 10:53,1,+36.0,+37.3,+33.7,+26.3,+42.4,+40.2,+18.3,+18.5,+18.6,+18.6,+18.7,+18.8,+18.6
2024-04-27 11:53,1,+36.0,+37.3,+33.7,+26.5,+42.4,+40.2,+18.3,+18.6,+18.6,+18.6,+18.7,+18.8,+18.6
2024-04-27 12:53,1,+36.0,+37.3,+33.7,+26.3,+42.4,+40.2,+18.5,+18.6,+18.6,+18.6,+18.7,+18.8,+18.6
2024-04-27 13:53,1,+35.9,+37.2,+33.7,+26.4,+42.4,+40.2,+18.5,+18.6,+18.6,+18.6,+18.7,+18.8,+18.6
2024-04-27 14:53,1,+35.8,+37.2,+33.7,+26.3,+42.3,+40.2,+18.6,+18.6,+18.6,+18.6,+18.7,+18.8,+18.6
2024-04-27 15:53,1,+35.8,+37.2,+33.6,+26.3,+42.3,+40.2,+18.7,+18.7,+18.6,+18.6,+18.7,+18.8,+18.6
2024-04-27 16:53,1,+35.8,+37.2,+33.7,+26.4,+42.4,+40.2,+18.7,+18.7,+18.6,+18.6,+18.7,+18.8,+18.6
2024-04-27 17:53,1,+36.4,+37.3,+33.7,+26.3,+42.3,+40.2,+18.7,+18.7,+18.6,+18.6,+18.7,+19.0,+18.5
2024-04-27 18:53,1,+37.4,+37.3,+33.7,+26.3,+42.4,+40.2,+18.7,+18.7,+18.6,+18.6,+18.7,+18.8,+18.6
2024-04-27 19:53,1,+37.5,+37.3,+33.7,+26.5,+42.4,+40.2,+18.7,+18.8,+18.6,+18.6,+18.7,+18.8,+18.6
2024-04-27 20:53,1,+37.6,+37.3,+33.7,+26.5,+42.4,+40.2,+18.7,+18.8,+18.6,+18.6,+18.7,+18.8,+18.6
2024-04-27 21:53,1,+37.5,+37.3,+33.7,+26.5,+42.4,+40.2,+18.6,+18.7,+18.7,+18.6,+18.7,+18.8,+18.5
2024-04-27 22:53,1,+37.5,+37.3,+33.7,+26.3,+42.4,+40.2,+18.6,+18.7,+18.6,+18.6,+18.7,+18.8,+18.6
2024-04-27 23:53,1,+37.5,+37.3,+33.7,+26.5,+42.4,+40.2,+18.6,+18.7,+18.7,+18.7,+18.7,+18.8,+18.6
2024-04-28 00:53,1,+37.5,+37.3,+33.8,+26.4,+42.4,+40.2,+18.5,+18.8,+18.6,+18.6,+18.7,+18.8,+18.6
2024-04-28 01:53,1,+37.5,+37.3,+33.7,+26.5,+42.4,+40.2,+18.5,+18.7,+18.7,+18.7,+18.7,+18.8,+18.6
2024-04-28 02:53,1,+37.5,+37.4,+33.8,+26.5,+42.4,+40.2,+18.5,+18.7,+18.7,+18.6,+18.7,+18.8,+18.6
2024-04-28 03:53,1,+37.4,+37.4,+33.8,+26.4,+42.4,+40.2,+18.5,+18.7,+18.6,+18.6,+18.7,+18.8,+18.6
2024-04-28 04:53,1,+37.4,+37.4,+33.8,+26.5,+42.4,+40.2,+18.3,+18.7,+18.7,+18.6,+18.7,+18.8,+18.6
2024-04-28 05:53,1,+37.4,+37.4,+33.8,+26.4,+42.4,+40.2,+18.3,+18.7,+18.7,+18.6,+18.7,+18.8,+18.6
2024-04-28 06:53,1,+37.4,+37.4,+33.8,+26.4,+42.4,+40.2,+18.3,+18.7,+18.7,+18.6,+18.7,+18.8,+18.6
2024-04-28 07:53,1,+37.3,+37.4,+33.8,+26.5,+42.4,+40.3,+18.3,+18.7,+18.6,+18.6,+18.7,+18.8,+18.6
2024-04-28 08:53,1,+37.3,+37.4,+33.8,+26.5,+42.4,+40.2,+18.5,+18.7,+18.7,+18.7,+18.7,+18.8,+18.6
2024-04-28 09:53,1,+37.3,+37.4,+33.8,+26.4,+42.4,+40.2,+18.5,+18.7,+18.7,+18.7,+18.7,+18.8,+18.6
2024-04-28 10:53,1,+37.3,+37.4,+33.8,+26.4,+42.4,+40.2,+18.6,+18.7,+18.7,+18.7,+18.8,+18.8,+18.6
2024-04-28 11:53,1,+37.3,+37.4,+33.8,+26.4,+42.4,+40.2,+18.6,+18.7,+18.6,+18.7,+18.7,+18.8,+18.6
2024-04-28 12:53,1,+37.2,+37.4,+33.8,+26.5,+42.4,+40.2,+18.7,+18.7,+18.7,+18.7,+18.8,+18.8,+18.6
2024-04-28 13:53,1,+37.1,+37.3,+33.7,+26.5,+42.4,+40.2,+18.8,+18.7,+18.7,+18.7,+18.7,+18.8,+18.6
2024-04-28 14:53,1,+37.0,+37.3,+33.7,+26.3,+42.4,+40.2,+18.8,+18.7,+18.7,+18.7,+18.8,+18.8,+18.6
2024-04-28 15:53,1,+36.9,+37.3,+33.7,+26.5,+42.4,+40.2,+19.0,+18.8,+18.7,+18.7,+18.7,+18.8,+18.6
2024-04-28 16:53,1,+36.9,+37.3,+33.8,+26.5,+42.4,+40.2,+19.0,+18.8,+18.7,+18.7,+18.7,+18.8,+18.6
2024-04-28 17:53,1,+36.9,+37.4,+33.8,+26.5,+42.4,+40.2,+18.8,+18.8,+18.7,+18.7,+18.7,+18.8,+18.6
2024-04-28 18:53,1,+36.9,+37.3,+33.8,+26.5,+42.4,+40.2,+18.8,+19.0,+18.7,+18.7,+18.7,+18.8,+18.6
2024-04-28 19:53,1,+36.8,+37.4,+33.8,+26.5,+42.4,+40.2,+18.8,+18.8,+18.7,+18.7,+18.7,+19.0,+18.6
2024-04-28 20:53,1,+36.8,+37.4,+33.8,+26.3,+42.4,+40.2,+18.8,+18.8,+18.7,+18.7,+18.7,+19.0,+18.6
2024-04-28 21:53,1,+36.8,+37.4,+33.8,+26.5,+42.4,+40.2,+18.8,+19.0,+18.7,+18.6,+18.7,+18.8,+18.6
2024-04-28 22:53,1,+36.8,+37.4,+33.8,+26.4,+42.4,+40.2,+18.8,+19.0,+18.8,+18.7,+18.8,+18.8,+18.5
2024-04-28 23:53,1,+36.8,+37.4,+33.8,+26.5,+42.4,+40.2,+18.8,+19.0,+18.8,+18.7,+18.7,+19.0,+18.6
2024-04-29 00:53,1,+36.8,+37.4,+33.8,+26.3,+42.4,+40.2,+18.8,+19.0,+18.7,+18.7,+18.8,+18.8,+18.6
2024-04-29 01:53,1,+36.7,+37.4,+33.8,+26.5,+42.4,+40.2,+18.8,+19.0,+18.8,+18.7,+18.8,+18.8,+18.6
2024-04-29 02:53,1,+36.7,+37.4,+33.8,+26.4,+42.4,+40.2,+18.7,+19.0,+18.8,+18.7,+18.8,+19.0,+18.6
2024-04-29 03:53,1,+36.7,+37.4,+33.8,+26.5,+42.4,+40.2,+18.7,+19.0,+18.8,+18.7,+18.8,+18.8,+18.6
2024-04-29 04:53,1,+36.7,+37.4,+33.8,+26.4,+42.4,+40.2,+18.7,+19.0,+18.8,+18.7,+18.8,+19.0,+18.6
2024-04-29 05:53,1,+36.6,+37.4,+33.8,+26.4,+42.4,+40.2,+18.7,+19.0,+18.8,+18.7,+18.7,+19.0,+18.6
2024-04-29 06:53,1,+36.6,+37.4,+33.8,+26.5,+42.4,+40.2,+18.6,+18.8,+18.8,+18.7,+18.8,+18.8,+18.6
2024-04-29 07:53,1,+36.6,+37.4,+33.8,+26.5,+42.4,+40.2,+18.7,+18.8,+18.8,+18.7,+18.7,+18.8,+18.6
2024-04-29 08:53,1,+36.6,+37.4,+33.8,+26.4,+42.4,+40.2,+18.7,+18.8,+18.8,+18.7,+18.7,+18.8,+18.6
2024-04-29 09:53,1,+36.6,+37.4,+33.8,+26.4,+42.4,+40.2,+18.7,+18.8,+18.8,+18.7,+18.7,+18.8,+18.6
2024-04-29 10:53,1,+36.5,+37.4,+33.8,+26.5,+42.4,+40.2,+18.8,+18.8,+18.8,+18.7,+18.7,+18.8,+18.6
2024-04-29 11:53,1,+36.4,+37.4,+33.8,+26.4,+42.4,+40.2,+18.8,+18.8,+18.7,+18.7,+18.8,+19.0,+18.6
2024-04-29 12:53,1,+36.4,+37.4,+33.8,+26.3,+42.4,+40.2,+19.0,+19.0,+18.8,+18.7,+18.8,+19.0,+18.6
2024-04-29 13:53,1,+36.3,+37.3,+33.8,+26.3,+42.3,+40.2,+19.1,+19.0,+18.8,+18.7,+18.8,+19.0,+18.6
2024-04-29 14:53,1,+36.2,+37.3,+33.8,+26.4,+42.4,+40.2,+19.1,+19.0,+18.8,+18.8,+18.8,+18.8,+18.6
2024-04-29 15:53,1,+36.2,+37.3,+33.8,+26.4,+42.4,+40.2,+19.1,+19.0,+18.8,+18.7,+18.8,+19.0,+18.6
2024-04-29 16:53,1,+36.1,+37.3,+33.8,+26.4,+42.4,+40.2,+19.2,+19.1,+18.8,+18.7,+18.8,+18.8,+18.6
2024-04-29 17:53,1,+36.1,+37.3,+33.8,+26.5,+42.4,+40.2,+19.2,+19.1,+18.8,+18.7,+18.8,+19.0,+18.6
2024-04-29 18:53,1,+36.1,+37.3,+33.8,+26.4,+42.4,+40.2,+19.2,+19.1,+19.0,+18.8,+18.8,+19.0,+18.6
2024-04-29 19:53,1,+36.0,+37.4,+33.8,+26.5,+42.4,+40.2,+19.2,+19.1,+19.0,+18.7,+18.8,+19.0,+18.6
2024-04-29 20:53,1,+36.0,+37.4,+33.8,+26.5,+42.4,+40.2,+19.2,+19.1,+19.0,+18.7,+18.8,+18.8,+18.6
2024-04-29 21:53,1,+36.0,+37.4,+33.8,+26.4,+42.4,+40.2,+19.1,+19.2,+19.0,+18.7,+18.8,+18.8,+18.6
2024-04-29 22:53,1,+36.0,+37.4,+33.8,+26.4,+42.4,+40.2,+19.1,+19.1,+19.0,+18.7,+18.8,+19.0,+18.6
2024-04-29 23:53,1,+36.0,+37.4,+33.8,+26.4,+42.4,+40.2,+19.1,+19.2,+19.0,+18.8,+18.8,+19.0,+18.6
2024-04-30 00:53,1,+35.9,+37.4,+33.8,+26.4,+42.4,+40.2,+19.0,+19.1,+19.0,+18.7,+18.8,+19.0,+18.6
2024-04-30 01:53,1,+35.9,+37.4,+33.8,+26.4,+42.4,+40.2,+19.0,+19.2,+19.0,+18.8,+18.8,+19.0,+18.6
2024-04-30 02:53,1,+35.9,+37.4,+33.8,+26.4,+42.4,+40.2,+19.0,+19.1,+19.0,+18.8,+18.8,+19.0,+18.6
2024-04-30 03:53,1,+35.9,+37.4,+33.8,+26.4,+42.4,+40.2,+18.8,+19.1,+19.0,+18.8,+18.8,+18.8,+18.6
2024-04-30 04:53,1,+35.9,+37.4,+33.8,+26.5,+42.4,+40.3,+18.8,+19.1,+19.0,+18.8,+18.8,+19.0,+18.6
2024-04-30 05:53,1,+35.8,+37.4,+33.8,+26.5,+42.4,+40.2,+18.7,+19.1,+19.0,+18.8,+18.8,+19.0,+18.6
2024-04-30 06:53,1,+35.8,+37.4,+33.8,+26.5,+42.4,+40.3,+18.7,+19.1,+19.0,+18.7,+18.8,+19.0,+18.6
2024-04-30 07:53,1,+35.8,+37.4,+33.8,+26.4,+42.4,+40.2,+18.7,+19.1,+19.0,+18.8,+18.8,+18.8,+18.6
2024-04-30 08:53,1,+35.7,+37.4,+33.8,+26.4,+42.4,+40.2,+18.7,+19.1,+19.0,+18.8,+18.8,+19.0,+18.6
2024-04-30 09:53,1,+35.6,+37.3,+33.8,+26.5,+42.4,+40.2,+18.7,+19.0,+19.0,+18.8,+18.8,+19.0,+18.6
2024-04-30 10:53,1,+35.5,+37.3,+33.8,+26.5,+42.4,+40.3,+18.8,+19.0,+19.0,+18.8,+18.8,+19.0,+18.6
2024-04-30 11:53,1,+35.4,+37.3,+33.8,+26.4,+42.4,+40.2,+19.0,+19.1,+19.0,+18.8,+19.0,+19.0,+18.6
2024-04-30 12:53,1,+35.3,+37.3,+33.8,+26.5,+42.4,+40.2,+19.0,+19.1,+19.0,+18.8,+18.8,+19.0,+18.6
2024-04-30 13:53,1,+35.2,+37.3,+33.8,+26.5,+42.4,+40.2,+19.1,+19.1,+19.0,+18.8,+18.8,+19.0,+18.6
2024-04-30 14:53,1,+35.1,+37.3,+33.8,+26.5,+42.4,+40.2,+19.2,+19.1,+19.0,+18.8,+19.0,+19.0,+18.6
2024-04-30 15:53,1,+35.0,+37.3,+33.8,+26.5,+42.4,+40.2,+19.2,+19.1,+19.0,+18.8,+18.8,+19.0,+18.6
2024-04-30 16:53,1,+35.0,+37.3,+33.8,+26.4,+42.3,+40.2,+19.2,+19.1,+19.0,+18.8,+18.8,+19.0,+18.6
2024-04-30 17:53,1,+34.9,+37.3,+33.8,+26.5,+42.4,+40.2,+19.2,+19.2,+19.0,+18.8,+18.8,+19.0,+18.7
2024-04-30 18:53,1,+34.9,+37.3,+33.8,+26.4,+42.4,+40.2,+19.2,+19.2,+19.0,+18.8,+19.0,+19.0,+18.6
2024-04-30 19:53,1,+34.8,+37.3,+33.8,+26.5,+42.4,+40.2,+19.2,+19.2,+19.0,+18.8,+18.8,+19.0,+18.6
2024-04-30 20:53,1,+34.8,+37.3,+33.8,+26.5,+42.4,+40.2,+19.1,+19.2,+19.0,+18.8,+18.8,+19.0,+18.6
2024-04-30 21:53,1,+34.7,+37.3,+33.8,+26.5,+42.4,+40.2,+19.1,+19.2,+19.0,+18.8,+18.8,+19.0,+18.6
2024-04-30 22:53,1,+34.7,+37.3,+33.8,+26.4,+42.4,+40.2,+19.0,+19.2,+19.1,+18.8,+19.0,+19.0,+18.6
2024-04-30 23:53,1,+34.7,+37.3,+33.8,+26.5,+42.4,+40.2,+18.8,+19.2,+19.0,+18.8,+19.0,+19.0,+18.6
2024-05-01 00:53,1,+34.7,+37.3,+33.8,+26.4,+42.4,+40.2,+18.8,+19.2,+19.1,+18.8,+18.8,+19.0,+18.6
2024-05-01 01:53,1,+34.6,+37.3,+33.8,+26.5,+42.4,+40.2,+18.7,+19.1,+19.1,+18.8,+19.0,+19.0,+18.6
2024-05-01 02:53,1,+34.6,+37.3,+33.8,+26.5,+42.4,+40.3,+18.7,+19.1,+19.1,+18.8,+18.8,+19.0,+18.6
2024-05-01 03:53,1,+34.6,+37.3,+33.8,+26.4,+42.4,+40.2,+18.7,+19.1,+19.0,+18.8,+18.8,+19.0,+18.6
2024-05-01 04:53,1,+34.5,+37.3,+33.8,+26.4,+42.4,+40.2,+18.6,+19.1,+19.1,+19.0,+18.8,+19.0,+18.6
2024-05-01 05:53,1,+34.5,+37.3,+33.8,+26.5,+42.4,+40.3,+18.6,+19.0,+19.1,+18.8,+18.8,+19.0,+18.6
2024-05-01 06:53,1,+34.5,+37.3,+33.8,+26.4,+42.4,+40.2,+18.6,+19.0,+19.0,+19.0,+18.8,+19.0,+18.6
2024-05-01 07:53,1,+34.4,+37.3,+33.8,+26.5,+42.4,+40.3,+18.6,+19.0,+19.0,+19.0,+19.0,+19.0,+18.6
2024-05-01 08:53,1,+34.4,+37.2,+33.8,+26.4,+42.4,+40.2,+18.6,+19.0,+19.0,+19.0,+18.8,+19.1,+18.6
2024-05-01 09:53,1,+34.3,+37.2,+33.8,+26.5,+42.4,+40.3,+18.6,+19.0,+19.1,+18.8,+19.0,+19.0,+18.6
2024-05-01 10:53,1,+34.2,+37.2,+33.8,+26.4,+42.4,+40.2,+18.7,+19.0,+19.0,+18.8,+19.0,+19.0,+18.7
2024-05-01 11:53,1,+34.1,+37.2,+33.8,+26.5,+42.4,+40.2,+18.8,+19.0,+19.0,+18.8,+18.8,+19.0,+18.6
2024-05-01 12:53,1,+34.0,+37.1,+33.8,+26.4,+42.4,+40.2,+19.0,+19.0,+19.0,+18.8,+18.8,+19.0,+18.7
2024-05-01 13:53,1,+33.9,+37.1,+33.8,+26.4,+42.4,+40.2,+19.0,+19.0,+19.0,+18.8,+19.0,+19.0,+18.6
2024-05-01 14:53,1,+33.8,+37.1,+33.8,+26.5,+42.4,+40.2,+19.1,+19.1,+19.0,+18.8,+19.0,+19.0,+18.7
2024-05-01 15:53,1,+33.7,+37.1,+33.8,+26.4,+42.4,+40.2,+19.2,+19.1,+19.0,+18.8,+19.0,+19.0,+18.7
2024-05-01 16:53,1,+33.6,+37.1,+33.8,+26.5,+42.4,+40.2,+19.2,+19.1,+19.0,+18.8,+19.0,+19.1,+18.7
2024-05-01 17:53,1,+33.6,+37.1,+33.8,+26.5,+42.4,+40.2,+19.2,+19.1,+19.0,+18.8,+19.0,+19.0,+18.7
2024-05-01 18:53,1,+33.5,+37.1,+33.8,+26.5,+42.4,+40.2,+19.2,+19.1,+19.0,+18.8,+19.0,+19.0,+18.6
2024-05-01 19:53,1,+33.5,+37.1,+33.8,+26.4,+42.4,+40.2,+19.1,+19.2,+19.0,+18.8,+18.8,+19.1,+18.7
2024-05-01 20:53,1,+33.5,+37.1,+33.8,+26.4,+42.4,+40.2,+19.1,+19.1,+19.0,+18.8,+19.0,+19.0,+18.6
2024-05-01 21:53,1,+33.4,+37.1,+33.8,+26.4,+42.4,+40.2,+19.0,+19.2,+19.1,+18.8,+19.0,+19.0,+18.7
2024-05-01 22:53,1,+33.4,+37.1,+33.8,+26.5,+42.4,+40.2,+19.0,+19.2,+19.1,+18.8,+19.0,+19.0,+18.6
2024-05-01 23:53,1,+33.4,+37.1,+33.8,+26.4,+42.4,+40.2,+18.8,+19.2,+19.1,+18.8,+19.0,+19.1,+18.7
2024-05-02 00:53,1,+33.4,+37.1,+33.8,+26.5,+42.4,+40.2,+18.7,+19.1,+19.1,+19.0,+19.0,+19.0,+18.6
2024-05-02 01:53,1,+33.3,+37.1,+33.8,+26.5,+42.4,+40.2,+18.6,+19.1,+19.1,+19.0,+19.0,+19.1,+18.7
2024-05-02 02:53,1,+33.3,+37.1,+33.8,+26.5,+42.4,+40.3,+18.7,+19.1,+19.1,+18.8,+19.0,+19.1,+18.7
2024-05-02 03:53,1,+33.3,+37.1,+33.8,+26.4,+42.4,+40.2,+18.6,+19.1,+19.1,+18.8,+18.8,+19.1,+18.6
2024-05-02 04:53,1,+33.3,+37.1,+33.8,+26.5,+42.4,+40.3,+18.5,+19.1,+19.0,+18.8,+19.0,+19.1,+18.7
2024-05-02 05:53,1,+33.3,+37.1,+33.8,+26.4,+42.4,+40.2,+18.5,+19.0,+19.0,+18.8,+19.0,+19.1,+18.7
2024-05-02 06:53,1,+33.2,+37.1,+33.8,+26.4,+42.4,+40.2,+18.3,+19.0,+19.0,+19.0,+19.0,+19.1,+18.7
2024-05-02 07:53,1,+33.2,+37.1,+33.8,+26.4,+42.4,+40.2,+18.3,+18.8,+19.0,+19.0,+19.0,+19.1,+18.7
2024-05-02 08:53,1,+33.1,+37.1,+33.8,+26.5,+42.4,+40.3,+18.3,+18.8,+19.0,+18.8,+19.0,+19.0,+18.7
2024-05-02 09:53,1,+33.0,+37.0,+33.8,+26.4,+42.4,+40.2,+18.5,+18.8,+19.0,+19.0,+19.0,+19.1,+18.7
2024-05-02 10:53,1,+32.9,+37.0,+33.8,+26.4,+42.4,+40.2,+18.6,+18.8,+19.0,+18.8,+19.0,+19.1,+18.7
2024-05-02 11:53,1,+32.8,+37.0,+33.7,+26.4,+42.4,+40.2,+18.6,+18.8,+19.0,+19.0,+19.0,+19.1,+18.6
2024-05-02 12:53,1,+32.7,+37.0,+33.7,+26.4,+42.4,+40.2,+18.8,+18.8,+18.8,+19.0,+19.0,+19.1,+18.6
2024-05-02 13:53,1,+32.6,+37.0,+33.7,+26.4,+42.3,+40.2,+19.0,+18.8,+19.0,+19.0,+19.0,+19.1,+18.7
2024-05-02 14:53,1,+32.5,+36.9,+33.7,+26.4,+42.3,+40.2,+19.0,+19.0,+19.0,+19.0,+19.0,+19.1,+18.7
2024-05-02 15:53,1,+32.4,+36.9,+33.7,+26.5,+42.4,+40.2,+19.1,+19.0,+19.0,+18.8,+19.0,+19.1,+18.7
2024-05-02 16:53,1,+32.3,+36.9,+33.7,+26.4,+42.3,+40.2,+19.1,+19.0,+19.0,+19.0,+19.0,+19.1,+18.7
2024-05-02 17:53,1,+32.2,+36.9,+33.7,+26.4,+42.3,+40.2,+19.1,+19.0,+19.0,+18.8,+19.0,+19.1,+18.7
2024-05-02 18:53,1,+32.2,+36.9,+33.7,+26.5,+42.4,+40.2,+19.1,+19.1,+19.0,+18.8,+19.0,+19.1,+18.7
2024-05-02 19:53,1,+32.2,+36.9,+33.7,+26.5,+42.4,+40.2,+19.1,+19.1,+19.0,+18.8,+19.0,+19.1,+18.7
2024-05-02 20:53,1,+32.2,+36.9,+33.7,+26.5,+42.4,+40.2,+19.1,+19.1,+18.8,+18.8,+19.0,+19.0,+18.7
2024-05-02 21:53,1,+32.1,+36.9,+33.7,+26.5,+42.4,+40.2,+19.1,+19.1,+19.0,+18.8,+19.0,+19.1,+18.7
2024-05-02 22:53,1,+32.1,+36.9,+33.7,+26.5,+42.4,+40.2,+19.0,+19.1,+19.0,+18.8,+19.0,+19.1,+18.7
2024-05-02 23:53,1,+32.1,+36.9,+33.7,+26.4,+42.4,+40.2,+19.0,+19.1,+19.0,+18.8,+19.0,+19.1,+18.7
2024-05-03 00:53,1,+32.1,+36.9,+33.7,+26.5,+42.4,+40.2,+18.8,+19.1,+19.1,+18.8,+19.0,+19.1,+18.7
2024-05-03 01:53,1,+32.1,+36.9,+33.7,+26.5,+42.4,+40.2,+18.8,+19.1,+19.1,+19.0,+19.0,+19.1,+18.7
2024-05-03 02:53,1,+32.1,+36.9,+33.7,+26.5,+42.4,+40.2,+18.6,+19.1,+19.0,+19.0,+19.0,+19.1,+18.7
2024-05-03 03:53,1,+32.0,+36.9,+33.7,+26.5,+42.4,+40.2,+18.6,+19.0,+19.0,+19.0,+19.0,+19.0,+18.7
2024-05-03 04:53,1,+32.0,+36.9,+33.7,+26.5,+42.4,+40.2,+18.5,+19.0,+19.0,+18.8,+19.0,+19.0,+18.7
2024-05-03 05:53,1,+32.0,+36.9,+33.7,+26.5,+42.4,+40.3,+18.5,+19.0,+19.0,+18.8,+19.0,+19.1,+18.7
2024-05-03 06:53,1,+32.0,+36.9,+33.8,+26.4,+42.4,+40.2,+18.3,+19.0,+19.0,+19.0,+18.8,+19.1,+18.7
2024-05-03 07:53,1,+32.0,+36.9,+33.8,+26.5,+42.4,+40.2,+18.5,+18.8,+19.0,+19.0,+19.0,+19.1,+18.7
2024-05-03 08:53,1,+31.9,+36.9,+33.7,+26.4,+42.4,+40.2,+18.5,+18.8,+19.0,+18.8,+19.0,+19.1,+18.7
2024-05-03 09:53,1,+31.8,+36.9,+33.7,+26.4,+42.4,+40.2,+18.6,+18.8,+19.0,+18.8,+19.0,+19.1,+18.7
2024-05-03 10:53,1,+31.7,+36.8,+33.7,+26.5,+42.4,+40.2,+18.7,+19.0,+19.0,+19.0,+19.0,+19.1,+18.7
2024-05-03 11:53,1,+31.6,+36.8,+33.7,+26.4,+42.3,+40.2,+18.7,+18.8,+19.0,+19.0,+19.0,+19.1,+18.7
2024-05-03 12:53,1,+31.6,+36.8,+33.7,+26.5,+42.4,+40.2,+18.8,+18.8,+18.8,+18.8,+19.0,+19.1,+18.7
2024-05-03 13:53,1,+31.5,+36.8,+33.7,+26.4,+42.3,+40.2,+19.0,+19.0,+19.0,+18.8,+19.0,+19.1,+18.7
2024-05-03 14:53,1,+31.4,+36.8,+33.7,+26.5,+42.4,+40.2,+19.0,+19.0,+19.0,+18.8,+19.0,+19.1,+18.7
2024-05-03 15:53,1,+31.4,+36.8,+33.7,+26.4,+42.3,+40.2,+19.1,+19.0,+19.0,+18.8,+19.0,+19.1,+18.7
2024-05-03 16:53,1,+31.3,+36.8,+33.7,+26.5,+42.4,+40.2,+19.1,+19.1,+19.0,+18.8,+19.0,+19.1,+18.7
2024-05-03 17:53,1,+31.3,+36.8,+33.7,+26.4,+42.3,+40.2,+19.1,+19.1,+19.0,+18.8,+19.0,+19.1,+18.7
2024-05-03 18:53,1,+31.3,+36.8,+33.7,+26.5,+42.4,+40.2,+19.1,+19.1,+18.8,+18.8,+19.0,+19.1,+18.7
2024-05-03 19:53,1,+31.3,+36.8,+33.7,+26.4,+42.3,+40.2,+19.1,+19.1,+19.0,+19.0,+19.0,+19.1,+18.7
2024-05-03 20:53,1,+31.3,+36.8,+33.7,+26.4,+42.3,+40.2,+19.1,+19.1,+19.0,+19.0,+19.0,+19.1,+18.7
2024-05-03 21:53,1,+31.3,+36.8,+33.7,+26.4,+42.4,+40.2,+19.1,+19.1,+19.0,+19.0,+19.0,+19.1,+18.7
2024-05-03 22:53,1,+31.3,+36.8,+33.7,+26.5,+42.4,+40.3,+19.0,+19.1,+19.0,+19.0,+19.0,+19.1,+18.7
2024-05-03 23:53,1,+31.3,+36.8,+33.7,+26.5,+42.4,+40.2,+19.0,+19.1,+19.1,+19.0,+19.0,+19.1,+18.7
2024-05-04 00:53,1,+31.3,+36.8,+33.7,+26.5,+42.4,+40.3,+18.8,+19.1,+19.1,+18.8,+19.0,+19.1,+18.7
2024-05-04 01:53,1,+31.3,+36.8,+33.7,+26.4,+42.4,+40.2,+18.8,+19.1,+19.1,+19.0,+19.0,+19.1,+18.7
2024-05-04 02:53,1,+31.3,+36.8,+33.7,+26.4,+42.4,+40.2,+18.7,+19.1,+19.0,+19.0,+19.0,+19.1,+18.7
2024-05-04 03:53,1,+31.3,+36.8,+33.7,+26.5,+42.4,+40.3,+18.7,+19.1,+19.1,+18.8,+19.0,+19.1,+18.7
2024-05-04 04:53,1,+31.2,+36.8,+33.7,+26.5,+42.4,+40.3,+18.7,+19.1,+19.0,+19.0,+19.0,+19.1,+18.7
2024-05-04 05:53,1,+31.2,+36.8,+33.7,+26.5,+42.4,+40.2,+18.6,+19.1,+19.0,+18.8,+19.0,+19.1,+18.7
2024-05-04 06:53,1,+31.4,+36.8,+33.7,+26.6,+42.4,+40.3,+18.6,+19.0,+19.0,+19.0,+19.0,+19.1,+18.7
2024-05-04 07:53,1,+31.7,+36.8,+33.7,+26.5,+42.4,+40.3,+18.6,+19.0,+19.1,+19.0,+19.1,+19.1,+18.7
2024-05-04 08:53,1,+31.4,+36.8,+33.7,+26.6,+42.4,+40.3,+18.6,+19.0,+19.0,+19.0,+19.0,+19.1,+18.7
2024-05-04 09:53,1,+31.6,+36.8,+33.7,+26.5,+42.4,+40.3,+18.7,+19.0,+19.0,+18.8,+19.0,+19.1,+18.7
2024-05-04 10:53,1,+31.5,+36.8,+33.7,+26.5,+42.4,+40.3,+18.8,+19.0,+19.0,+19.0,+19.0,+19.1,+18.7
2024-05-04 11:53,1,+31.4,+36.8,+33.7,+26.5,+42.4,+40.3,+19.0,+19.0,+19.0,+19.0,+19.0,+19.1,+18.7
2024-05-04 12:53,1,+31.3,+36.7,+33.7,+26.5,+42.4,+40.2,+19.1,+19.0,+19.0,+18.8,+19.1,+19.1,+18.7
2024-05-04 13:53,1,+31.2,+36.7,+33.7,+26.5,+42.4,+40.3,+19.1,+19.0,+19.0,+18.8,+19.0,+19.1,+18.7
2024-05-04 14:53,1,+31.0,+36.7,+33.6,+26.4,+42.3,+40.2,+19.2,+19.1,+19.0,+18.8,+19.0,+19.1,+18.7
2024-05-04 15:53,1,+30.9,+36.7,+33.6,+26.4,+42.4,+40.2,+19.2,+19.1,+19.0,+19.0,+19.0,+19.1,+18.7
2024-05-04 16:53,1,+30.8,+36.7,+33.7,+26.5,+42.4,+40.2,+19.2,+19.1,+19.0,+18.8,+19.0,+19.1,+18.7
2024-05-04 17:53,1,+30.7,+36.7,+33.7,+26.5,+42.4,+40.2,+19.3,+19.2,+19.0,+19.0,+19.0,+19.1,+18.7
2024-05-04 18:53,1,+30.7,+36.7,+33.7,+26.5,+42.4,+40.2,+19.3,+19.2,+19.1,+19.0,+19.0,+19.1,+18.7
2024-05-04 19:53,1,+30.7,+36.7,+33.7,+26.4,+42.3,+40.2,+19.2,+19.2,+19.0,+19.0,+19.0,+19.1,+18.7
2024-05-04 20:53,1,+30.6,+36.7,+33.7,+26.5,+42.4,+40.2,+19.2,+19.2,+19.1,+19.0,+19.0,+19.1,+18.7
2024-05-04 21:53,1,+30.6,+36.7,+33.7,+26.5,+42.4,+40.2,+19.2,+19.3,+19.1,+18.8,+19.1,+19.1,+18.7
2024-05-04 22:53,1,+30.6,+36.7,+33.7,+26.5,+42.4,+40.2,+19.1,+19.2,+19.1,+19.0,+19.0,+19.1,+18.7
2024-05-04 23:53,1,+30.6,+36.7,+33.7,+26.4,+42.4,+40.2,+19.1,+19.2,+19.1,+19.0,+19.0,+19.1,+18.7
2024-05-05 00:53,1,+30.5,+36.7,+33.7,+26.4,+42.4,+40.2,+19.1,+19.2,+19.1,+19.0,+19.0,+19.1,+18.7
2024-05-05 01:53,1,+30.5,+36.7,+33.7,+26.5,+42.4,+40.3,+19.0,+19.2,+19.1,+19.0,+19.0,+19.1,+18.7
2024-05-05 02:53,1,+30.5,+36.7,+33.7,+26.5,+42.4,+40.3,+19.0,+19.2,+19.1,+19.0,+19.0,+19.1,+18.7
2024-05-05 03:53,1,+30.4,+36.7,+33.7,+26.5,+42.4,+40.2,+18.8,+19.2,+19.1,+19.0,+19.0,+19.1,+18.8
2024-05-05 04:53,1,+30.4,+36.7,+33.7,+26.4,+42.4,+40.2,+18.8,+19.2,+19.1,+19.0,+19.1,+19.1,+18.7
2024-05-05 05:53,1,+30.4,+36.7,+33.7,+26.4,+42.4,+40.2,+18.8,+19.2,+19.1,+19.0,+19.0,+19.1,+18.7
2024-05-05 06:53,1,+30.4,+36.7,+33.7,+26.5,+42.4,+40.2,+18.7,+19.1,+19.1,+19.0,+19.0,+19.1,+18.7
2024-05-05 07:53,1,+30.3,+36.7,+33.7,+26.5,+42.4,+40.2,+18.8,+19.1,+19.1,+19.0,+19.0,+19.1,+18.7
2024-05-05 08:53,1,+30.2,+36.7,+33.7,+26.5,+42.4,+40.3,+18.7,+19.1,+19.1,+19.0,+19.0,+19.1,+18.7
2024-05-05 09:53,1,+30.1,+36.7,+33.7,+26.6,+42.4,+40.3,+18.8,+19.1,+19.1,+19.0,+19.1,+19.1,+18.7
2024-05-05 10:53,1,+30.0,+36.6,+33.7,+26.6,+42.4,+40.3,+18.8,+19.1,+19.1,+19.0,+19.1,+19.1,+18.7
2024-05-05 11:53,1,+29.9,+36.6,+33.6,+26.5,+42.4,+40.2,+19.0,+19.1,+19.1,+19.0,+19.1,+19.1,+18.7
2024-05-05 12:53,1,+29.8,+36.6,+33.6,+26.5,+42.4,+40.3,+19.1,+19.1,+19.1,+19.0,+19.1,+19.1,+18.7
2024-05-05 13:53,1,+29.8,+36.6,+33.6,+26.4,+42.3,+40.2,+19.0,+19.1,+19.1,+19.0,+19.0,+19.1,+18.7
2024-05-05 14:53,1,+29.7,+36.6,+33.6,+26.5,+42.4,+40.2,+19.1,+19.1,+19.1,+19.0,+19.1,+19.1,+18.7
2024-05-05 15:53,1,+29.6,+36.6,+33.6,+26.5,+42.4,+40.2,+19.1,+19.1,+19.1,+19.0,+19.1,+19.1,+18.7
2024-05-05 16:53,1,+29.5,+36.6,+33.6,+26.4,+42.3,+40.2,+19.1,+19.1,+19.1,+19.0,+19.0,+19.1,+18.8
2024-05-05 17:53,1,+29.5,+36.5,+33.6,+26.5,+42.4,+40.2,+19.1,+19.2,+19.1,+19.0,+19.0,+19.1,+18.7
2024-05-05 18:53,1,+29.4,+36.6,+33.6,+26.5,+42.4,+40.2,+19.1,+19.2,+19.1,+19.0,+19.1,+19.2,+18.7
2024-05-05 19:53,1,+29.4,+36.5,+33.6,+26.5,+42.4,+40.2,+19.1,+19.2,+19.1,+19.0,+19.1,+19.1,+18.8
2024-05-05 20:53,1,+29.4,+36.6,+33.7,+26.5,+42.4,+40.2,+19.1,+19.2,+19.1,+19.0,+19.1,+19.2,+18.7
2024-05-05 21:53,1,+29.4,+36.6,+33.7,+26.5,+42.4,+40.2,+19.1,+19.2,+19.1,+19.0,+19.1,+19.1,+18.8
2024-05-05 22:53,1,+29.3,+36.5,+33.7,+26.5,+42.4,+40.3,+19.0,+19.2,+19.1,+19.0,+19.1,+19.1,+18.8
2024-05-05 23:53,1,+29.3,+36.6,+33.6,+26.5,+42.4,+40.3,+18.8,+19.2,+19.1,+19.0,+19.1,+19.1,+18.7
2024-05-06 00:53,1,+29.3,+36.6,+33.6,+26.5,+42.4,+40.3,+18.8,+19.2,+19.1,+19.0,+19.1,+19.2,+18.7
2024-05-06 01:53,1,+29.3,+36.5,+33.7,+26.5,+42.4,+40.2,+18.7,+19.1,+19.1,+19.0,+19.1,+19.1,+18.7
2024-05-06 02:53,1,+29.2,+36.5,+33.6,+26.6,+42.4,+40.3,+18.6,+19.1,+19.1,+19.0,+19.1,+19.1,+18.7
2024-05-06 03:53,1,+29.2,+36.5,+33.7,+26.6,+42.4,+40.2,+18.6,+19.1,+19.1,+19.0,+19.1,+19.1,+18.7
2024-05-06 04:53,1,+29.1,+36.5,+33.6,+26.5,+42.4,+40.3,+18.6,+19.1,+19.1,+19.0,+19.1,+19.2,+18.7
2024-05-06 05:53,1,+29.1,+36.5,+33.6,+26.5,+42.4,+40.3,+18.5,+19.1,+19.1,+19.0,+19.1,+19.1,+18.8
2024-05-06 06:53,1,+29.0,+36.5,+33.6,+26.6,+42.4,+40.3,+18.5,+19.0,+19.1,+19.0,+19.0,+19.1,+18.7
2024-05-06 07:53,1,+29.0,+36.5,+33.6,+26.6,+42.4,+40.3,+18.3,+19.0,+19.1,+19.0,+19.1,+19.1,+18.8
2024-05-06 08:53,1,+28.9,+36.4,+33.6,+26.4,+42.4,+40.2,+18.3,+19.0,+19.1,+19.0,+19.1,+19.1,+18.8
2024-05-06 09:53,1,+28.8,+36.4,+33.6,+26.4,+42.3,+40.2,+18.5,+18.8,+19.1,+19.0,+19.1,+19.2,+18.7
2024-05-06 10:53,1,+28.7,+36.4,+33.6,+26.4,+42.3,+40.2,+18.6,+18.8,+19.0,+19.0,+19.1,+19.1,+18.8
2024-05-06 11:53,1,+28.6,+36.4,+33.6,+26.5,+42.4,+40.3,+18.6,+18.8,+19.0,+19.0,+19.1,+19.1,+18.8
2024-05-06 12:53,1,+28.5,+36.3,+33.6,+26.5,+42.4,+40.2,+18.7,+18.8,+19.1,+19.0,+19.1,+19.1,+18.8
2024-05-06 13:53,1,+28.4,+36.3,+33.6,+26.5,+42.4,+40.2,+18.7,+18.8,+19.0,+19.0,+19.0,+19.2,+18.7
2024-05-06 14:53,1,+28.3,+36.3,+33.5,+26.4,+42.3,+40.2,+18.7,+19.0,+19.0,+19.0,+19.1,+19.2,+18.8
2024-05-06 15:53,1,+28.3,+36.3,+33.5,+26.5,+42.4,+40.2,+18.8,+19.0,+19.0,+19.0,+19.1,+19.1,+18.7
2024-05-06 16:53,1,+28.2,+36.3,+33.5,+26.5,+42.4,+40.2,+19.0,+18.8,+19.0,+19.0,+19.1,+19.1,+18.7
2024-05-06 17:53,1,+28.2,+36.3,+33.5,+26.4,+42.3,+40.2,+19.0,+19.0,+18.8,+19.0,+19.1,+19.2,+18.8
2024-05-06 18:53,1,+28.2,+36.3,+33.5,+26.5,+42.4,+40.2,+19.0,+19.0,+19.0,+19.0,+19.1,+19.2,+18.8
2024-05-06 19:53,1,+28.1,+36.3,+33.5,+26.5,+42.4,+40.2,+18.8,+19.0,+19.0,+19.0,+19.1,+19.2,+18.8
2024-05-06 20:53,1,+28.1,+36.3,+33.5,+26.5,+42.4,+40.2,+18.8,+19.0,+19.0,+19.0,+19.1,+19.2,+18.8
2024-05-06 21:53,1,+28.1,+36.3,+33.5,+26.4,+42.4,+40.2,+18.8,+19.0,+19.0,+19.0,+19.1,+19.1,+18.8
2024-05-06 22:53,1,+28.1,+36.3,+33.5,+26.4,+42.4,+40.2,+18.8,+19.1,+19.0,+19.0,+19.1,+19.1,+18.8
2024-05-06 23:53,1,+28.1,+36.3,+33.6,+26.4,+42.4,+40.2,+18.7,+19.1,+19.0,+19.0,+19.1,+19.1,+18.8
2024-05-07 00:53,1,+28.1,+36.3,+33.5,+26.4,+42.3,+40.2,+18.7,+19.1,+19.0,+19.0,+19.1,+19.1,+18.8
2024-05-07 01:53,1,+28.0,+36.3,+33.5,+26.4,+42.3,+40.2,+18.7,+19.1,+19.1,+19.0,+19.1,+19.1,+18.8
2024-05-07 02:53,1,+28.1,+36.3,+33.6,+26.5,+42.4,+40.2,+18.6,+19.0,+19.0,+19.0,+19.1,+19.1,+18.8
2024-05-07 03:53,1,+28.0,+36.3,+33.5,+26.5,+42.4,+40.2,+18.6,+19.0,+19.0,+19.0,+19.1,+19.1,+18.8
2024-05-07 04:53,1,+28.0,+36.3,+33.5,+26.5,+42.4,+40.2,+18.6,+19.0,+19.1,+19.0,+19.0,+19.2,+18.8
2024-05-07 05:53,1,+27.9,+36.2,+33.5,+26.4,+42.3,+40.2,+18.6,+19.0,+19.0,+19.0,+19.1,+19.2,+18.8
2024-05-07 06:53,1,+27.9,+36.2,+33.5,+26.4,+42.4,+40.2,+18.5,+19.0,+19.0,+19.0,+19.0,+19.1,+18.7
2024-05-07 07:53,1,+27.9,+36.2,+33.5,+26.5,+42.4,+40.2,+18.6,+19.0,+19.0,+19.0,+19.1,+19.1,+18.8
2024-05-07 08:53,1,+27.8,+36.2,+33.5,+26.5,+42.4,+40.2,+18.6,+19.0,+19.0,+19.0,+19.0,+19.2,+18.7
2024-05-07 09:53,1,+27.7,+36.2,+33.5,+26.4,+42.3,+40.2,+18.7,+19.0,+19.0,+19.0,+19.0,+19.2,+18.8
2024-05-07 10:53,1,+27.6,+36.2,+33.5,+26.5,+42.4,+40.2,+18.8,+19.0,+19.0,+19.0,+19.1,+19.2,+18.7
2024-05-07 11:53,1,+27.5,+36.1,+33.5,+26.5,+42.4,+40.2,+19.0,+19.0,+19.0,+19.0,+19.1,+19.1,+18.8
2024-05-07 12:53,1,+27.4,+36.1,+33.5,+26.5,+42.3,+40.2,+19.0,+19.0,+19.0,+19.0,+19.1,+19.1,+18.7
2024-05-07 13:53,1,+27.3,+36.1,+33.5,+26.5,+42.3,+40.2,+19.1,+19.0,+19.0,+19.0,+19.1,+19.2,+18.8
2024-05-07 14:53,1,+27.2,+36.1,+33.4,+26.4,+42.3,+40.2,+19.2,+19.1,+19.0,+19.0,+19.1,+19.1,+18.8
2024-05-07 15:53,1,+27.1,+36.1,+33.5,+26.4,+42.3,+40.2,+19.2,+19.1,+19.0,+19.0,+19.0,+19.1,+18.8
2024-05-07 16:53,1,+27.0,+36.1,+33.4,+26.5,+42.3,+40.2,+19.3,+19.1,+19.0,+19.0,+19.1,+19.1,+18.8
2024-05-07 17:53,1,+27.0,+36.0,+33.4,+26.5,+42.3,+40.2,+19.3,+19.2,+19.1,+19.0,+19.1,+19.1,+18.8
2024-05-07 18:53,1,+26.9,+36.0,+33.5,+26.5,+42.3,+40.2,+19.2,+19.2,+19.0,+19.0,+19.1,+19.2,+18.8
2024-05-07 19:53,1,+26.9,+36.0,+33.5,+26.5,+42.3,+40.2,+19.3,+19.2,+19.0,+19.0,+19.0,+19.2,+18.8
2024-05-07 20:53,1,+26.9,+36.0,+33.5,+26.5,+42.3,+40.2,+19.3,+19.2,+19.1,+19.0,+19.1,+19.1,+18.8
2024-05-07 21:53,1,+26.9,+36.0,+33.5,+26.5,+42.3,+40.2,+19.3,+19.2,+19.0,+19.0,+19.1,+19.1,+18.8
2024-05-07 22:53,1,+26.9,+36.1,+33.5,+26.4,+42.3,+40.2,+19.2,+19.2,+19.1,+19.0,+19.1,+19.1,+18.8
2024-05-07 23:53,1,+26.8,+36.1,+33.5,+26.4,+42.3,+40.2,+19.3,+19.2,+19.1,+19.0,+19.0,+19.1,+18.8
2024-05-08 00:53,1,+26.8,+36.1,+33.5,+26.5,+42.4,+40.2,+19.3,+19.3,+19.1,+19.0,+19.1,+19.1,+18.8
2024-05-08 01:53,1,+26.8,+36.1,+33.5,+26.4,+42.3,+40.2,+19.3,+19.3,+19.1,+19.0,+19.1,+19.1,+18.8
2024-05-08 02:53,1,+26.7,+36.1,+33.5,+26.4,+42.3,+40.2,+19.3,+19.3,+19.1,+19.0,+19.1,+19.1,+18.8
2024-05-08 03:53,1,+26.7,+36.1,+33.5,+26.5,+42.3,+40.2,+19.2,+19.3,+19.1,+19.0,+19.1,+19.1,+18.8
2024-05-08 04:53,1,+26.7,+36.1,+33.5,+26.5,+42.3,+40.2,+19.2,+19.3,+19.1,+19.0,+19.0,+19.1,+18.8
2024-05-08 05:53,1,+26.7,+36.1,+33.5,+26.4,+42.3,+40.2,+19.2,+19.3,+19.2,+19.0,+19.0,+19.1,+18.7
2024-05-08 06:53,1,+26.7,+36.1,+33.5,+26.5,+42.4,+40.2,+19.2,+19.3,+19.2,+19.0,+19.1,+19.2,+18.8
2024-05-08 07:53,1,+26.7,+36.0,+33.5,+26.5,+42.4,+40.2,+19.2,+19.2,+19.1,+19.0,+19.1,+19.1,+18.7
2024-05-08 08:53,1,+26.6,+36.0,+33.5,+26.4,+42.3,+40.2,+19.2,+19.3,+19.1,+19.0,+19.1,+19.1,+18.8
2024-05-08 09:53,1,+26.6,+36.1,+33.5,+26.4,+42.3,+40.2,+19.2,+19.3,+19.2,+19.0,+19.1,+19.1,+18.8
2024-05-08 10:53,1,+26.6,+36.1,+33.5,+26.5,+42.4,+40.2,+19.3,+19.3,+19.1,+19.0,+19.1,+19.2,+18.7
2024-05-08 11:53,1,+26.5,+36.1,+33.5,+26.5,+42.4,+40.2,+19.3,+19.3,+19.1,+19.0,+19.1,+19.2,+18.8
2024-05-08 12:53,1,+26.5,+36.1,+33.5,+26.5,+42.4,+40.2,+19.3,+19.3,+19.2,+19.0,+19.1,+19.1,+18.8
2024-05-08 13:53,1,+26.5,+36.1,+33.5,+26.4,+42.3,+40.2,+19.5,+19.3,+19.2,+19.1,+19.1,+19.2,+18.8
2024-05-08 14:53,1,+27.6,+36.3,+33.6,+26.5,+42.4,+40.2,+19.3,+19.3,+19.2,+19.1,+19.1,+19.2,+18.7
2024-05-08 15:53,1,+27.6,+36.3,+33.6,+26.5,+42.4,+40.2,+19.3,+19.3,+19.1,+19.1,+19.1,+19.1,+18.8
2024-05-08 16:53,1,+27.5,+36.3,+33.6,+26.5,+42.4,+40.2,+19.3,+19.3,+19.2,+19.0,+19.1,+19.2,+18.8
2024-05-08 17:53,1,+27.5,+36.3,+33.6,+26.6,+42.4,+40.3,+19.2,+19.5,+19.2,+19.1,+19.1,+19.2,+18.8
2024-05-08 18:53,1,+27.4,+36.3,+33.6,+26.6,+42.4,+40.3,+19.2,+19.3,+19.2,+19.1,+19.1,+19.1,+18.8
2024-05-08 19:53,1,+27.4,+36.3,+33.6,+26.5,+42.4,+40.2,+19.2,+19.5,+19.2,+19.2,+19.1,+19.1,+18.8
2024-05-08 20:53,1,+27.4,+36.2,+33.6,+26.6,+42.4,+40.2,+19.2,+19.3,+19.2,+19.1,+19.1,+19.2,+18.8
2024-05-08 21:53,1,+27.4,+36.2,+33.5,+26.6,+42.4,+40.2,+19.1,+19.3,+19.2,+19.1,+19.0,+19.2,+18.8
2024-05-08 22:53,1,+27.4,+36.2,+33.5,+26.5,+42.4,+40.2,+19.1,+19.3,+19.2,+19.1,+19.1,+19.2,+18.8
2024-05-08 23:53,1,+27.4,+36.2,+33.5,+26.5,+42.4,+40.2,+19.1,+19.3,+19.2,+19.1,+19.1,+19.2,+18.8
2024-05-09 00:53,1,+27.3,+36.2,+33.5,+26.6,+42.4,+40.2,+19.1,+19.3,+19.2,+19.1,+19.1,+19.2,+18.8
2024-05-09 01:53,1,+27.3,+36.2,+33.5,+26.6,+42.4,+40.2,+19.1,+19.3,+19.2,+19.1,+19.1,+19.2,+18.8
2024-05-09 02:53,1,+27.3,+36.2,+33.6,+26.6,+42.4,+40.2,+19.1,+19.3,+19.2,+19.1,+19.1,+19.2,+18.8
2024-05-09 03:53,1,+27.3,+36.2,+33.6,+26.5,+42.4,+40.2,+19.0,+19.3,+19.2,+19.1,+19.1,+19.2,+18.8
2024-05-09 04:53,1,+27.3,+36.2,+33.6,+26.5,+42.3,+40.2,+19.0,+19.3,+19.2,+19.1,+19.1,+19.2,+18.8
2024-05-09 05:53,1,+27.2,+36.2,+33.5,+26.6,+42.4,+40.2,+19.0,+19.3,+19.2,+19.1,+19.1,+19.2,+18.8
2024-05-09 06:53,1,+27.2,+36.2,+33.6,+26.6,+42.4,+40.2,+19.0,+19.3,+19.2,+19.1,+19.1,+19.2,+18.7
2024-05-09 07:53,1,+27.2,+36.2,+33.6,+26.6,+42.4,+40.2,+19.0,+19.2,+19.2,+19.1,+19.1,+19.2,+18.8
2024-05-09 08:53,1,+27.2,+36.2,+33.5,+26.6,+42.4,+40.2,+19.1,+19.2,+19.2,+19.1,+19.1,+19.2,+18.8
2024-05-09 09:53,1,+27.1,+36.2,+33.5,+26.6,+42.4,+40.2,+19.1,+19.2,+19.2,+19.1,+19.1,+19.2,+18.8
2024-05-09 10:53,1,+27.0,+36.2,+33.5,+26.5,+42.3,+40.2,+19.3,+19.2,+19.2,+19.1,+19.2,+19.2,+18.8
2024-05-09 11:53,1,+27.0,+36.1,+33.5,+26.5,+42.3,+40.2,+19.3,+19.3,+19.2,+19.1,+19.1,+19.2,+18.8
2024-05-09 12:53,1,+26.9,+36.1,+33.5,+26.5,+42.3,+40.2,+19.5,+19.3,+19.2,+19.1,+19.1,+19.2,+18.8
2024-05-09 13:53,1,+26.8,+36.1,+33.5,+26.5,+42.4,+40.2,+19.6,+19.3,+19.2,+19.2,+19.1,+19.2,+18.8
2024-05-09 14:53,1,+26.7,+36.1,+33.5,+26.5,+42.4,+40.2,+19.6,+19.5,+19.2,+19.1,+19.1,+19.2,+18.8
2024-05-09 15:53,1,+26.6,+36.1,+33.5,+26.6,+42.4,+40.2,+19.6,+19.5,+19.2,+19.1,+19.1,+19.2,+18.8
2024-05-09 16:53,1,+26.8,+36.1,+33.5,+26.5,+42.4,+40.2,+19.7,+19.5,+19.3,+19.1,+19.2,+19.2,+18.8
2024-05-09 17:53,1,+26.9,+36.1,+33.5,+26.6,+42.4,+40.2,+19.7,+19.5,+19.2,+19.1,+19.1,+19.2,+18.8
2024-05-09 18:53,1,+27.5,+36.2,+33.6,+26.6,+42.4,+40.3,+19.7,+19.6,+19.2,+19.1,+19.1,+19.2,+18.8
2024-05-09 19:53,1,+27.6,+36.2,+33.6,+26.5,+42.4,+40.2,+19.7,+19.6,+19.2,+19.1,+19.1,+19.2,+18.8
2024-05-09 20:53,1,+27.6,+36.2,+33.6,+26.5,+42.4,+40.2,+19.6,+19.6,+19.3,+19.1,+19.2,+19.2,+18.8
2024-05-09 21:53,1,+27.6,+36.2,+33.6,+26.6,+42.4,+40.3,+19.6,+19.6,+19.3,+19.1,+19.1,+19.2,+18.8
2024-05-09 22:53,1,+27.7,+36.2,+33.6,+26.5,+42.4,+40.2,+19.6,+19.6,+19.3,+19.1,+19.1,+19.2,+18.8
2024-05-09 23:53,1,+27.7,+36.2,+33.6,+26.6,+42.4,+40.3,+19.6,+19.6,+19.3,+19.1,+19.1,+19.2,+18.8
2024-05-10 00:53,1,+27.7,+36.2,+33.6,+26.6,+42.4,+40.2,+19.5,+19.6,+19.3,+19.1,+19.2,+19.2,+18.8
2024-05-10 01:53,1,+27.7,+36.2,+33.6,+26.6,+42.4,+40.3,+19.5,+19.6,+19.3,+19.1,+19.2,+19.2,+18.8
2024-05-10 02:53,1,+27.7,+36.2,+33.6,+26.6,+42.4,+40.2,+19.3,+19.6,+19.3,+19.1,+19.1,+19.2,+18.8
2024-05-10 03:53,1,+27.7,+36.2,+33.6,+26.5,+42.4,+40.2,+19.3,+19.6,+19.3,+19.1,+19.1,+19.2,+18.8
2024-05-10 04:53,1,+27.7,+36.2,+33.6,+26.5,+42.4,+40.2,+19.3,+19.6,+19.3,+19.1,+19.1,+19.2,+18.8
2024-05-10 05:53,1,+27.8,+36.2,+33.6,+26.6,+42.4,+40.2,+19.3,+19.6,+19.5,+19.1,+19.1,+19.2,+18.8
2024-05-10 06:53,1,+27.8,+36.2,+33.6,+26.5,+42.4,+40.2,+19.3,+19.5,+19.3,+19.2,+19.1,+19.2,+18.8
2024-05-10 07:53,1,+27.8,+36.2,+33.6,+26.5,+42.4,+40.2,+19.3,+19.5,+19.3,+19.1,+19.2,+19.2,+18.8
2024-05-10 08:53,1,+27.8,+36.2,+33.6,+26.6,+42.4,+40.3,+19.3,+19.5,+19.3,+19.2,+19.2,+19.2,+18.8
2024-05-10 09:53,1,+27.8,+36.2,+33.6,+26.6,+42.4,+40.2,+19.3,+19.5,+19.3,+19.2,+19.1,+19.2,+18.8
2024-05-10 10:53,1,+27.8,+36.2,+33.5,+26.6,+42.4,+40.3,+19.5,+19.5,+19.3,+19.2,+19.2,+19.2,+18.8
2024-05-10 11:53,1,+27.8,+36.2,+33.5,+26.6,+42.4,+40.2,+19.5,+19.5,+19.3,+19.2,+19.2,+19.3,+18.8
2024-05-10 12:53,1,+27.8,+36.2,+33.5,+26.6,+42.4,+40.3,+19.6,+19.5,+19.3,+19.2,+19.2,+19.3,+18.8
2024-05-10 13:53,1,+27.8,+36.2,+33.5,+26.5,+42.4,+40.2,+19.7,+19.6,+19.3,+19.2,+19.2,+19.2,+18.8
2024-05-10 14:53,1,+27.8,+36.1,+33.5,+26.5,+42.4,+40.2,+19.7,+19.6,+19.3,+19.2,+19.2,+19.2,+18.8
2024-05-10 15:53,1,+27.8,+36.1,+33.5,+26.6,+42.4,+40.3,+19.7,+19.6,+19.5,+19.2,+19.2,+19.2,+18.8
2024-05-10 16:53,1,+27.8,+36.1,+33.5,+26.6,+42.4,+40.2,+19.8,+19.7,+19.3,+19.2,+19.2,+19.2,+18.8
2024-05-10 17:53,1,+27.8,+36.1,+33.5,+26.6,+42.4,+40.3,+19.7,+19.6,+19.5,+19.2,+19.2,+19.2,+18.8
2024-05-10 18:53,1,+27.8,+36.1,+33.5,+26.6,+42.4,+40.2,+19.8,+19.7,+19.5,+19.2,+19.2,+19.2,+18.8
2024-05-10 19:53,1,+29.6,+36.8,+33.6,+26.7,+42.4,+40.3,+19.8,+19.7,+19.5,+19.2,+19.2,+19.2,+18.8
2024-05-10 20:53,1,+30.3,+37.6,+33.7,+26.7,+42.5,+40.3,+19.7,+19.7,+19.5,+19.2,+19.2,+19.2,+18.8
2024-05-10 21:53,1,+30.5,+37.8,+33.7,+26.5,+42.4,+40.3,+19.8,+19.7,+19.5,+19.2,+19.2,+19.3,+18.8
2024-05-10 22:53,1,+30.6,+37.8,+33.7,+26.7,+42.5,+40.3,+19.7,+19.7,+19.5,+19.2,+19.2,+19.2,+18.8
2024-05-10 23:53,1,+30.7,+37.9,+33.7,+26.6,+42.4,+40.3,+19.7,+19.7,+19.5,+19.2,+19.2,+19.3,+18.8
2024-05-11 00:53,1,+30.7,+37.9,+33.8,+26.6,+42.4,+40.3,+19.7,+19.7,+19.5,+19.2,+19.2,+19.3,+18.8
2024-05-11 01:53,1,+30.8,+37.9,+33.7,+26.7,+42.5,+40.3,+19.7,+19.7,+19.5,+19.2,+19.2,+19.2,+18.8
2024-05-11 02:53,1,+30.9,+37.9,+33.7,+26.7,+42.5,+40.3,+19.6,+19.7,+19.5,+19.3,+19.2,+19.3,+19.0
2024-05-11 03:53,1,+30.9,+37.9,+33.8,+26.6,+42.4,+40.3,+19.7,+19.7,+19.5,+19.3,+19.2,+19.2,+18.8
2024-05-11 04:53,1,+30.9,+37.9,+33.8,+26.6,+42.4,+40.3,+19.7,+19.7,+19.5,+19.2,+19.2,+19.3,+19.0
2024-05-11 05:53,1,+31.0,+37.9,+33.8,+26.6,+42.4,+40.3,+19.6,+19.7,+19.6,+19.3,+19.2,+19.3,+18.8
2024-05-11 06:53,1,+31.0,+37.8,+33.8,+26.7,+42.4,+40.3,+19.6,+19.7,+19.5,+19.3,+19.2,+19.3,+18.8
2024-05-11 07:53,1,+31.1,+37.8,+33.8,+26.7,+42.5,+40.3,+19.6,+19.7,+19.5,+19.2,+19.2,+19.3,+18.8
2024-05-11 08:53,1,+31.1,+37.8,+33.8,+26.5,+42.4,+40.3,+19.6,+19.8,+19.5,+19.3,+19.3,+19.3,+18.8
2024-05-11 09:53,1,+31.1,+37.8,+33.8,+26.7,+42.5,+40.3,+19.6,+19.7,+19.6,+19.2,+19.2,+19.3,+19.0
2024-05-11 10:53,1,+31.1,+37.8,+33.8,+26.5,+42.4,+40.3,+19.7,+19.7,+19.5,+19.3,+19.2,+19.3,+18.8
2024-05-11 11:53,1,+31.1,+37.7,+33.8,+26.7,+42.4,+40.3,+19.7,+19.7,+19.6,+19.3,+19.2,+19.3,+19.0
2024-05-11 12:53,1,+31.1,+37.7,+33.8,+26.5,+42.4,+40.3,+19.8,+19.7,+19.5,+19.3,+19.2,+19.3,+18.8
2024-05-11 13:53,1,+31.1,+37.7,+33.8,+26.7,+42.4,+40.3,+19.8,+19.7,+19.6,+19.2,+19.3,+19.3,+19.0
2024-05-11 14:53,1,+31.1,+37.7,+33.8,+26.5,+42.4,+40.3,+19.8,+19.7,+19.6,+19.3,+19.3,+19.3,+19.0
2024-05-11 15:53,1,+32.5,+37.8,+33.9,+26.6,+42.4,+40.3,+19.8,+19.7,+19.6,+19.3,+19.2,+19.3,+19.0
2024-05-11 16:53,1,+33.0,+37.8,+33.9,+26.7,+42.5,+40.3,+19.8,+19.7,+19.6,+19.3,+19.2,+19.3,+18.8
2024-05-11 17:53,1,+33.4,+37.9,+33.9,+26.7,+42.5,+40.4,+19.8,+19.8,+19.6,+19.3,+19.3,+19.3,+18.8
2024-05-11 18:53,1,+37.7,+46.1,+35.9,+26.8,+42.6,+40.4,+19.7,+19.8,+19.6,+19.3,+19.2,+19.3,+19.0
2024-05-11 19:53,1,+36.4,+42.9,+36.2,+26.8,+42.6,+40.4,+19.6,+19.8,+19.6,+19.3,+19.3,+19.3,+19.0
2024-05-11 20:53,1,+36.2,+42.2,+36.4,+26.8,+42.6,+40.4,+19.6,+19.8,+19.7,+19.3,+19.2,+19.3,+18.8
2024-05-11 21:53,1,+36.2,+41.9,+36.5,+26.8,+42.5,+40.4,+19.5,+19.8,+19.6,+19.3,+19.3,+19.3,+19.0
2024-05-11 22:53,1,+36.1,+41.6,+36.5,+27.0,+42.6,+40.4,+19.5,+19.8,+19.6,+19.3,+19.2,+19.3,+19.0
2024-05-11 23:53,1,+36.0,+41.5,+36.5,+27.0,+42.5,+40.4,+19.5,+19.7,+19.6,+19.3,+19.3,+19.3,+19.0
2024-05-12 00:53,1,+36.0,+41.4,+36.5,+27.0,+42.5,+40.4,+19.5,+19.7,+19.6,+19.3,+19.3,+19.3,+19.0
2024-05-12 01:53,1,+36.0,+41.3,+36.5,+27.2,+42.6,+40.4,+19.5,+19.7,+19.6,+19.5,+19.3,+19.3,+18.8
2024-05-12 02:53,1,+36.0,+41.2,+36.5,+27.3,+42.6,+40.4,+19.5,+19.7,+19.7,+19.3,+19.3,+19.3,+19.0
2024-05-12 03:53,1,+35.9,+41.1,+36.4,+27.2,+42.6,+40.4,+19.5,+19.7,+19.6,+19.5,+19.3,+19.3,+19.0
2024-05-12 04:53,1,+35.9,+41.0,+36.4,+27.2,+42.6,+40.4,+19.5,+19.7,+19.6,+19.5,+19.3,+19.3,+19.0
2024-05-12 05:53,1,+35.9,+40.9,+36.4,+27.4,+42.6,+40.4,+19.5,+19.7,+19.6,+19.5,+19.3,+19.5,+19.0
2024-05-12 06:53,1,+35.9,+40.9,+36.4,+27.4,+42.6,+40.4,+19.5,+19.7,+19.6,+19.3,+19.3,+19.3,+19.0
2024-05-12 07:53,1,+35.9,+40.8,+36.3,+27.3,+42.6,+40.4,+19.5,+19.7,+19.6,+19.5,+19.3,+19.3,+19.0
2024-05-12 08:53,1,+35.8,+40.8,+36.3,+27.4,+42.7,+40.4,+19.6,+19.7,+19.6,+19.3,+19.3,+19.3,+19.0
2024-05-12 09:53,1,+35.8,+40.7,+36.3,+27.3,+42.6,+40.4,+19.6,+19.6,+19.6,+19.3,+19.3,+19.5,+19.0
2024-05-12 10:53,1,+35.8,+40.6,+36.3,+27.3,+42.7,+40.4,+19.6,+19.7,+19.6,+19.5,+19.3,+19.5,+19.0
2024-05-12 11:53,1,+35.7,+40.6,+36.2,+27.4,+42.7,+40.4,+19.7,+19.7,+19.6,+19.3,+19.3,+19.5,+19.0
2024-05-12 12:53,1,+35.7,+40.5,+36.2,+27.3,+42.7,+40.4,+19.8,+19.7,+19.6,+19.3,+19.3,+19.5,+19.0
2024-05-12 13:53,1,+35.6,+40.5,+36.2,+27.4,+42.7,+40.4,+20.0,+19.7,+19.6,+19.5,+19.3,+19.5,+19.0
2024-05-12 14:53,1,+35.6,+40.4,+36.2,+27.5,+42.8,+40.4,+20.1,+19.8,+19.6,+19.3,+19.3,+19.5,+19.0
2024-05-12 15:53,1,+35.5,+40.4,+36.2,+27.4,+42.8,+40.4,+20.1,+19.8,+19.6,+19.5,+19.3,+19.5,+19.0
2024-05-12 16:53,1,+35.5,+40.4,+36.2,+27.4,+42.7,+40.4,+20.1,+19.8,+19.6,+19.5,+19.3,+19.5,+19.0
2024-05-12 17:53,1,+35.6,+40.4,+36.2,+27.4,+42.8,+40.4,+20.1,+19.8,+19.6,+19.5,+19.3,+19.5,+19.0
2024-05-12 18:53,1,+35.8,+40.3,+36.2,+27.4,+42.8,+40.4,+20.0,+19.8,+19.6,+19.5,+19.5,+19.5,+19.0
2024-05-12 19:53,1,+36.0,+40.3,+36.2,+27.4,+42.8,+40.4,+20.0,+20.0,+19.7,+19.5,+19.3,+19.5,+19.0
2024-05-12 20:53,1,+36.0,+40.3,+36.2,+27.4,+42.8,+40.4,+20.0,+20.0,+19.6,+19.3,+19.3,+19.5,+19.0
2024-05-12 21:53,1,+36.2,+40.3,+36.2,+27.5,+42.9,+40.4,+20.0,+20.0,+19.6,+19.3,+19.3,+19.5,+19.0
2024-05-12 22:53,1,+36.3,+40.3,+36.2,+27.4,+42.9,+40.4,+19.8,+20.0,+19.7,+19.5,+19.3,+19.5,+19.0
2024-05-12 23:53,1,+36.3,+40.3,+36.2,+27.4,+42.9,+40.4,+19.8,+20.0,+19.7,+19.5,+19.3,+19.5,+19.0
2024-05-13 00:53,1,+36.3,+40.3,+36.2,+27.4,+42.9,+40.4,+19.8,+20.0,+19.7,+19.5,+19.5,+19.5,+19.0
2024-05-13 01:53,1,+36.2,+40.3,+36.2,+27.6,+42.9,+40.5,+19.8,+20.0,+19.7,+19.5,+19.3,+19.5,+19.0
2024-05-13 02:53,1,+36.2,+40.2,+36.2,+27.6,+42.9,+40.5,+19.7,+19.8,+19.7,+19.5,+19.3,+19.5,+19.0
2024-05-13 03:53,1,+36.2,+40.2,+36.1,+27.6,+43.0,+40.5,+19.7,+20.0,+19.7,+19.5,+19.3,+19.5,+19.0
2024-05-13 04:53,1,+36.2,+40.2,+36.1,+27.4,+42.9,+40.4,+19.7,+20.0,+19.7,+19.5,+19.5,+19.5,+19.0
2024-05-13 05:53,1,+36.2,+40.2,+36.1,+27.4,+42.9,+40.5,+19.6,+20.0,+19.7,+19.5,+19.3,+19.5,+19.0
2024-05-13 06:53,1,+36.2,+40.2,+36.1,+27.4,+42.9,+40.5,+19.6,+19.8,+19.7,+19.5,+19.5,+19.5,+19.0
2024-05-13 07:53,1,+36.1,+40.1,+36.1,+27.4,+42.9,+40.5,+19.7,+19.8,+19.7,+19.5,+19.5,+19.5,+19.0
2024-05-13 08:53,1,+36.1,+40.1,+36.1,+27.6,+43.0,+40.5,+19.7,+19.8,+19.7,+19.5,+19.5,+19.5,+19.0
2024-05-13 09:53,1,+36.1,+40.1,+36.1,+27.4,+42.9,+40.5,+19.7,+19.8,+19.7,+19.5,+19.5,+19.5,+19.0
2024-05-13 10:53,1,+36.0,+40.0,+36.0,+27.6,+43.0,+40.5,+19.7,+19.8,+19.7,+19.5,+19.3,+19.5,+19.0
2024-05-13 11:53,1,+36.0,+40.0,+36.0,+27.4,+43.0,+40.5,+19.7,+19.8,+19.7,+19.5,+19.5,+19.5,+19.0
2024-05-13 12:53,1,+36.0,+40.0,+36.0,+27.4,+43.0,+40.5,+19.7,+19.8,+19.7,+19.5,+19.3,+19.5,+19.1
2024-05-13 13:53,1,+36.0,+40.0,+36.0,+27.4,+43.0,+40.5,+19.7,+19.8,+19.7,+19.5,+19.5,+19.5,+19.0
2024-05-13 14:53,1,+35.9,+40.0,+36.0,+27.4,+43.0,+40.5,+19.6,+19.8,+19.7,+19.6,+19.5,+19.5,+19.1
2024-05-13 15:53,1,+36.0,+40.0,+36.0,+27.6,+43.0,+40.5,+19.6,+19.8,+19.7,+19.5,+19.5,+19.5,+19.0
2024-05-13 16:53,1,+35.9,+40.0,+36.0,+27.4,+43.0,+40.5,+19.6,+19.8,+19.7,+19.5,+19.5,+19.5,+19.0
2024-05-13 17:53,1,+35.9,+39.9,+36.0,+27.4,+43.0,+40.5,+19.6,+19.8,+19.7,+19.5,+19.5,+19.5,+19.1
2024-05-13 18:53,1,+35.8,+39.9,+36.0,+27.6,+43.0,+40.5,+19.6,+19.8,+19.7,+19.5,+19.5,+19.5,+19.1
2024-05-13 19:53,1,+35.8,+39.9,+36.0,+27.6,+43.1,+40.5,+19.5,+19.7,+19.7,+19.5,+19.3,+19.5,+19.0
2024-05-13 20:53,1,+35.8,+39.9,+36.0,+27.6,+43.0,+40.5,+19.5,+19.8,+19.7,+19.5,+19.5,+19.5,+19.0
2024-05-13 21:53,1,+35.8,+39.9,+36.0,+27.4,+43.0,+40.5,+19.5,+19.7,+19.7,+19.6,+19.5,+19.5,+19.0
2024-05-13 22:53,1,+35.8,+39.9,+36.0,+27.6,+43.1,+40.5,+19.5,+19.7,+19.7,+19.5,+19.5,+19.5,+19.0
2024-05-13 23:53,1,+35.7,+39.9,+35.9,+27.4,+43.0,+40.5,+19.5,+19.7,+19.7,+19.6,+19.5,+19.6,+19.0
2024-05-14 00:53,1,+35.7,+39.9,+36.0,+27.6,+43.1,+40.5,+19.5,+19.7,+19.7,+19.5,+19.5,+19.5,+19.1
2024-05-14 01:53,1,+35.5,+39.8,+35.9,+27.6,+43.1,+40.6,+19.5,+19.7,+19.7,+19.5,+19.5,+19.5,+19.0
2024-05-14 02:53,1,+35.5,+39.8,+35.9,+27.4,+43.0,+40.5,+19.5,+19.7,+19.6,+19.5,+19.5,+19.6,+19.1
2024-05-14 03:53,1,+35.5,+39.8,+35.9,+27.5,+43.0,+40.5,+19.5,+19.7,+19.6,+19.5,+19.5,+19.5,+19.1
2024-05-14 04:53,1,+35.5,+39.8,+35.9,+27.5,+43.1,+40.5,+19.3,+19.7,+19.7,+19.6,+19.5,+19.5,+19.1
2024-05-14 05:53,1,+35.5,+39.8,+35.9,+27.5,+43.1,+40.5,+19.3,+19.7,+19.6,+19.5,+19.5,+19.5,+19.0
2024-05-14 06:53,1,+35.5,+39.8,+35.9,+27.5,+43.1,+40.5,+19.3,+19.7,+19.7,+19.5,+19.5,+19.5,+19.1
2024-05-14 07:53,1,+35.5,+39.8,+35.9,+27.6,+43.2,+40.6,+19.3,+19.6,+19.7,+19.5,+19.5,+19.6,+19.1
2024-05-14 08:53,1,+35.5,+39.7,+35.9,+27.5,+43.1,+40.6,+19.3,+19.6,+19.6,+19.5,+19.5,+19.5,+19.1
2024-05-14 09:53,1,+35.5,+39.7,+35.9,+27.6,+43.2,+40.6,+19.3,+19.6,+19.7,+19.6,+19.5,+19.6,+19.1
2024-05-14 10:53,1,+35.5,+39.7,+35.9,+27.6,+43.2,+40.6,+19.5,+19.6,+19.7,+19.6,+19.5,+19.5,+19.1
2024-05-14 11:53,1,+35.4,+39.7,+35.9,+27.5,+43.1,+40.6,+19.6,+19.6,+19.6,+19.5,+19.5,+19.6,+19.1
2024-05-14 12:53,1,+35.4,+39.6,+35.9,+27.6,+43.2,+40.6,+19.6,+19.6,+19.6,+19.6,+19.5,+19.5,+19.1
2024-05-14 13:53,1,+35.4,+39.6,+35.9,+27.5,+43.1,+40.6,+19.6,+19.6,+19.6,+19.5,+19.5,+19.5,+19.1
2024-05-14 14:53,1,+35.3,+39.6,+35.9,+27.5,+43.1,+40.6,+19.7,+19.7,+19.6,+19.5,+19.5,+19.6,+19.1
2024-05-14 15:53,1,+35.4,+39.5,+35.9,+27.6,+43.2,+40.7,+19.7,+19.7,+19.6,+19.5,+19.5,+19.5,+19.1
2024-05-14 16:53,1,+35.3,+39.5,+35.9,+27.5,+43.1,+40.6,+19.7,+19.7,+19.6,+19.5,+19.5,+19.6,+19.1
2024-05-14 17:53,1,+35.3,+39.5,+35.9,+27.5,+43.2,+40.6,+19.7,+19.7,+19.6,+19.5,+19.5,+19.6,+19.1
2024-05-14 18:53,1,+35.3,+39.5,+35.9,+27.6,+43.2,+40.7,+19.6,+19.7,+19.7,+19.5,+19.5,+19.5,+19.1
2024-05-14 19:53,1,+35.3,+39.5,+35.9,+27.6,+43.2,+40.7,+19.7,+19.7,+19.7,+19.5,+19.5,+19.6,+19.1
2024-05-14 20:53,1,+35.3,+39.5,+35.9,+27.6,+43.2,+40.7,+19.6,+19.7,+19.6,+19.5,+19.5,+19.5,+19.1
2024-05-14 21:53,1,+35.3,+39.5,+35.9,+27.6,+43.2,+40.7,+19.6,+19.7,+19.6,+19.6,+19.5,+19.6,+19.1
2024-05-14 22:53,1,+35.3,+39.5,+35.9,+27.6,+43.2,+40.7,+19.6,+19.7,+19.6,+19.6,+19.5,+19.6,+19.1
2024-05-14 23:53,1,+35.3,+39.4,+35.9,+27.6,+43.2,+40.7,+19.6,+19.7,+19.6,+19.6,+19.5,+19.6,+19.1
2024-05-15 00:53,1,+35.3,+39.4,+35.9,+27.6,+43.2,+40.7,+19.6,+19.7,+19.6,+19.5,+19.5,+19.5,+19.1
2024-05-15 01:53,1,+35.2,+39.4,+35.9,+27.6,+43.2,+40.7,+19.5,+19.7,+19.6,+19.5,+19.5,+19.6,+19.1
2024-05-15 02:53,1,+35.2,+39.4,+35.9,+27.5,+43.2,+40.7,+19.5,+19.7,+19.6,+19.5,+19.5,+19.6,+19.1
2024-05-15 03:53,1,+35.2,+39.4,+35.9,+27.7,+43.3,+40.7,+19.5,+19.7,+19.6,+19.5,+19.5,+19.6,+19.1
2024-05-15 04:53,1,+35.2,+39.4,+35.9,+27.6,+43.2,+40.7,+19.5,+19.7,+19.6,+19.5,+19.5,+19.6,+19.1
2024-05-15 05:53,1,+35.1,+39.4,+35.9,+27.6,+43.2,+40.7,+19.3,+19.7,+19.6,+19.5,+19.5,+19.6,+19.1
2024-05-15 06:53,1,+35.1,+39.4,+35.9,+27.6,+43.2,+40.7,+19.3,+19.7,+19.7,+19.6,+19.5,+19.6,+19.1
2024-05-15 07:53,1,+35.1,+39.4,+35.8,+27.7,+43.3,+40.7,+19.3,+19.6,+19.7,+19.6,+19.5,+19.6,+19.1
2024-05-15 08:53,1,+35.1,+39.4,+35.9,+27.6,+43.2,+40.7,+19.3,+19.7,+19.6,+19.5,+19.5,+19.6,+19.1