
2024-04-12 11:07,3,+9.1,+21.4,+18.6,+15.8,+19.2,+24.7,+19.8,+20.0,+20.3,+20.2,+20.7,+20.5,+20.6
2024-04-12 12:07,3,+9.0,+21.3,+18.5,+15.7,+19.1,+24.6,+19.8,+20.0,+20.3,+20.2,+20.7,+20.5,+20.5
2024-04-12 13:07,3,+8.9,+21.2,+18.5,+15.7,+19.1,+24.6,+20.0,+20.0,+20.3,+20.2,+20.7,+20.5,+20.6
2024-04-12 14:07,3,+8.8,+21.1,+18.5,+15.7,+19.1,+24.6,+20.0,+20.0,+20.3,+20.2,+20.7,+20.5,+20.6
2024-04-12 15:07,3,+8.8,+21.1,+18.5,+15.7,+19.1,+24.6,+20.0,+20.0,+20.3,+20.2,+20.7,+20.5,+20.5
2024-04-12 16:07,3,+8.7,+21.0,+18.5,+15.8,+19.1,+24.6,+20.1,+20.0,+20.3,+20.2,+20.7,+20.5,+20.6
2024-04-12 17:07,3,+8.6,+20.9,+18.4,+15.8,+19.1,+24.6,+20.0,+20.0,+20.3,+20.2,+20.7,+20.5,+20.6
2024-04-12 18:07,3,+8.7,+20.9,+18.5,+15.7,+19.1,+24.6,+19.8,+20.1,+20.3,+20.3,+20.7,+20.5,+20.6
2024-04-12 19:07,3,+8.6,+20.8,+18.5,+15.7,+19.1,+24.6,+19.8,+20.0,+20.3,+20.3,+20.7,+20.5,+20.6
2024-04-12 20:07,3,+8.6,+20.8,+18.5,+15.8,+19.1,+24.6,+19.7,+20.0,+20.3,+20.2,+20.7,+20.5,+20.6
2024-04-12 21:07,3,+8.6,+20.8,+18.5,+15.6,+19.1,+24.6,+19.6,+20.0,+20.3,+20.2,+20.8,+20.5,+20.6
2024-04-12 22:07,3,+8.6,+20.8,+18.5,+15.7,+19.1,+24.6,+19.6,+20.0,+20.3,+20.2,+20.7,+20.5,+20.5
2024-04-12 23:07,3,+8.6,+20.7,+18.5,+15.8,+19.1,+24.6,+19.5,+20.0,+20.3,+20.2,+20.7,+20.5,+20.6
2024-04-13 00:07,3,+8.6,+20.7,+18.5,+15.7,+19.1,+24.6,+19.3,+19.8,+20.3,+20.2,+20.7,+20.5,+20.6
2024-04-13 01:07,3,+8.6,+20.7,+18.5,+15.7,+19.1,+24.6,+19.3,+19.8,+20.3,+20.2,+20.7,+20.5,+20.6
2024-04-13 02:07,3,+8.6,+20.7,+18.5,+15.7,+19.1,+24.6,+19.2,+19.7,+20.3,+20.2,+20.7,+20.5,+20.6
2024-04-13 03:07,3,+8.6,+20.6,+18.5,+15.7,+19.1,+24.6,+19.2,+19.7,+20.3,+20.2,+20.7,+20.5,+20.6
2024-04-13 04:07,3,+8.6,+20.6,+18.5,+15.7,+19.1,+24.6,+19.2,+19.7,+20.3,+20.3,+20.7,+20.5,+20.6
2024-04-13 05:07,3,+8.6,+20.6,+18.4,+15.6,+19.1,+24.6,+19.1,+19.7,+20.2,+20.3,+20.7,+20.5,+20.6
2024-04-13 06:07,3,+8.6,+20.6,+18.4,+15.8,+19.1,+24.6,+19.0,+19.7,+20.2,+20.2,+20.7,+20.5,+20.6
2024-04-13 07:07,3,+8.6,+20.5,+18.4,+15.8,+19.1,+24.6,+19.0,+19.6,+20.2,+20.2,+20.7,+20.5,+20.6
2024-04-13 08:07,3,+8.6,+20.5,+18.4,+15.8,+19.1,+24.6,+19.0,+19.6,+20.2,+20.2,+20.7,+20.5,+20.6
2024-04-13 09:07,3,+8.6,+20.5,+18.4,+15.6,+19.1,+24.6,+19.0,+19.6,+20.2,+20.2,+20.7,+20.5,+20.6
2024-04-13 10:07,3,+8.6,+20.4,+18.4,+15.6,+19.1,+24.6,+19.1,+19.6,+20.2,+20.2,+20.7,+20.5,+20.6
2024-04-13 11:07,3,+8.6,+20.4,+18.4,+15.6,+19.1,+24.6,+19.1,+19.6,+20.2,+20.2,+20.6,+20.5,+20.6
2024-04-13 12:07,3,+8.5,+20.4,+18.4,+15.6,+19.1,+24.6,+19.2,+19.6,+20.2,+20.2,+20.7,+20.5,+20.6
2024-04-13 13:07,3,+8.5,+20.4,+18.4,+15.6,+19.1,+24.6,+19.2,+19.6,+20.2,+20.2,+20.7,+20.5,+20.6
2024-04-13 14:07,3,+8.5,+20.4,+18.4,+15.7,+19.1,+24.6,+19.2,+19.6,+20.1,+20.2,+20.7,+20.5,+20.6
2024-04-13 15:07,3,+8.4,+20.3,+18.4,+15.8,+19.1,+24.6,+19.2,+19.5,+20.1,+20.2,+20.7,+20.5,+20.6
2024-04-13 16:07,3,+8.4,+20.3,+18.4,+15.8,+19.1,+24.6,+19.2,+19.6,+20.1,+20.2,+20.7,+20.5,+20.6
2024-04-13 17:07,3,+8.5,+20.3,+18.3,+15.8,+19.1,+24.6,+19.2,+19.5,+20.1,+20.2,+20.7,+20.5,+20.6
2024-04-13 18:07,3,+8.4,+20.3,+18.4,+15.6,+19.0,+24.5,+19.1,+19.5,+20.1,+20.2,+20.7,+20.5,+20.6
2024-04-13 19:07,3,+8.4,+20.2,+18.3,+15.7,+19.1,+24.6,+19.1,+19.5,+20.1,+20.2,+20.7,+20.5,+20.6
2024-04-13 20:07,3,+8.4,+20.2,+18.3,+15.7,+19.1,+24.6,+19.1,+19.5,+20.1,+20.2,+20.7,+20.5,+20.6
2024-04-13 21:07,3,+8.4,+20.2,+18.3,+15.6,+19.0,+24.5,+19.1,+19.5,+20.1,+20.2,+20.7,+20.5,+20.6
2024-04-13 22:07,3,+8.5,+20.2,+18.4,+15.6,+19.0,+24.6,+19.1,+19.5,+20.1,+20.2,+20.7,+20.5,+20.6
2024-04-13 23:07,3,+8.5,+20.2,+18.3,+15.6,+19.1,+25.0,+19.0,+19.5,+20.1,+20.2,+20.7,+20.5,+20.6
2024-04-14 00:07,3,+8.5,+20.2,+18.4,+15.6,+19.1,+25.2,+19.0,+19.5,+20.1,+20.2,+20.7,+20.6,+20.6
2024-04-14 01:07,3,+8.5,+20.2,+18.4,+15.6,+19.1,+25.4,+18.8,+19.5,+20.1,+20.1,+20.7,+20.5,+20.6
2024-04-14 02:07,3,+8.5,+20.2,+18.4,+15.6,+19.1,+25.6,+18.8,+19.5,+20.1,+20.2,+20.7,+20.5,+20.6
2024-04-14 03:07,3,+8.5,+20.2,+18.4,+15.6,+19.1,+25.7,+18.8,+19.5,+20.1,+20.2,+20.7,+20.5,+20.6
2024-04-14 04:07,3,+8.5,+20.2,+18.4,+15.8,+19.2,+25.7,+18.7,+19.3,+20.1,+20.2,+20.7,+20.5,+20.6
2024-04-14 05:07,3,+8.5,+20.2,+18.4,+15.8,+19.1,+25.7,+18.7,+19.3,+20.0,+20.2,+20.7,+20.5,+20.6
2024-04-14 06:07,3,+8.5,+20.2,+18.4,+15.8,+19.2,+25.7,+18.6,+19.3,+20.1,+20.2,+20.7,+20.5,+20.6
2024-04-14 07:07,3,+8.4,+20.1,+18.4,+15.7,+19.1,+25.8,+18.5,+19.2,+20.1,+20.2,+20.7,+20.5,+20.6
2024-04-14 08:07,3,+8.4,+20.1,+18.3,+15.8,+19.2,+25.9,+18.6,+19.2,+20.0,+20.1,+20.7,+20.5,+20.6
2024-04-14 09:07,3,+8.4,+20.1,+18.3,+15.7,+19.1,+25.9,+18.7,+19.2,+20.0,+20.2,+20.7,+20.5,+20.6
2024-04-14 10:07,3,+8.3,+20.0,+18.3,+15.8,+19.1,+25.9,+18.8,+19.2,+20.0,+20.1,+20.7,+20.5,+20.6
2024-04-14 11:07,3,+8.2,+20.0,+18.3,+15.8,+19.1,+25.9,+19.0,+19.2,+20.0,+20.1,+20.6,+20.5,+20.6
2024-04-14 12:07,3,+8.2,+20.0,+18.3,+15.6,+19.1,+25.9,+19.2,+19.2,+20.0,+20.1,+20.7,+20.5,+20.6
2024-04-14 13:07,3,+8.2,+19.9,+18.3,+15.6,+19.1,+25.9,+19.3,+19.2,+20.0,+20.1,+20.7,+20.5,+20.6
2024-04-14 14:07,3,+8.1,+19.9,+18.3,+15.6,+19.1,+25.9,+19.5,+19.3,+20.0,+20.1,+20.7,+20.5,+20.6
2024-04-14 15:07,3,+8.1,+19.8,+18.2,+15.8,+19.1,+25.9,+19.6,+19.3,+20.0,+20.1,+20.6,+20.5,+20.6
2024-04-14 16:07,3,+8.0,+19.8,+18.3,+15.7,+19.1,+25.9,+19.7,+19.5,+20.0,+20.1,+20.6,+20.5,+20.6
2024-04-14 17:07,3,+8.0,+19.8,+18.2,+15.7,+19.1,+25.8,+19.6,+19.5,+20.0,+20.1,+20.6,+20.5,+20.6
2024-04-14 18:07,3,+8.0,+19.8,+18.2,+15.6,+19.1,+25.8,+19.5,+19.5,+20.0,+20.1,+20.7,+20.5,+20.6
2024-04-14 19:07,3,+8.0,+19.8,+18.2,+15.7,+19.1,+25.8,+19.3,+19.5,+20.0,+20.1,+20.7,+20.5,+20.6
2024-04-14 20:07,3,+8.0,+19.8,+18.2,+15.7,+19.1,+25.8,+19.2,+19.5,+20.0,+20.1,+20.6,+20.5,+20.6
2024-04-14 21:07,3,+8.1,+19.7,+18.2,+15.7,+19.1,+25.8,+19.1,+19.5,+20.0,+20.1,+20.6,+20.5,+20.6
2024-04-14 22:07,3,+8.1,+19.8,+18.2,+15.6,+19.1,+25.8,+19.1,+19.5,+20.0,+20.1,+20.6,+20.5,+20.6
2024-04-14 23:07,3,+8.1,+19.7,+18.2,+15.7,+19.1,+25.8,+19.0,+19.5,+20.0,+20.1,+20.6,+20.5,+20.6
2024-04-15 00:07,3,+8.0,+19.7,+18.2,+15.6,+19.0,+25.8,+19.0,+19.5,+20.0,+20.1,+20.6,+20.5,+20.6
2024-04-15 01:07,3,+8.1,+19.7,+18.2,+15.7,+19.1,+25.8,+19.0,+19.5,+20.0,+20.1,+20.6,+20.5,+20.6
2024-04-15 02:07,3,+8.1,+19.7,+18.2,+15.6,+19.1,+25.8,+18.8,+19.3,+20.0,+20.1,+20.6,+20.5,+20.6
2024-04-15 03:07,3,+8.1,+19.7,+18.2,+15.7,+19.1,+25.8,+18.8,+19.3,+20.0,+20.1,+20.6,+20.5,+20.6
2024-04-15 04:07,3,+8.1,+19.7,+18.2,+15.7,+19.1,+25.8,+18.7,+19.3,+20.0,+20.1,+20.6,+20.5,+20.6
2024-04-15 05:07,3,+8.1,+19.7,+18.2,+15.6,+19.0,+25.8,+18.7,+19.3,+20.0,+20.1,+20.6,+20.5,+20.6
2024-04-15 06:07,3,+8.1,+19.7,+18.2,+15.7,+19.1,+25.8,+18.7,+19.2,+20.0,+20.1,+20.6,+20.5,+20.6
2024-04-15 07:07,3,+8.0,+19.7,+18.2,+15.6,+19.0,+25.7,+18.7,+19.2,+20.0,+20.1,+20.6,+20.5,+20.6
2024-04-15 08:07,3,+8.0,+19.6,+18.2,+15.7,+19.1,+25.8,+18.7,+19.2,+20.0,+20.1,+20.6,+20.5,+20.6
2024-04-15 09:07,3,+8.0,+19.6,+18.2,+15.7,+19.1,+25.8,+18.7,+19.2,+19.8,+20.1,+20.6,+20.5,+20.6
2024-04-15 10:07,3,+7.9,+19.6,+18.2,+15.6,+19.0,+25.7,+19.0,+19.2,+20.0,+20.1,+20.6,+20.5,+20.6
2024-04-15 11:07,3,+7.9,+19.5,+18.2,+15.6,+19.0,+25.7,+19.1,+19.2,+19.8,+20.1,+20.6,+20.5,+20.6
2024-04-15 12:07,3,+7.8,+19.5,+18.2,+15.6,+19.0,+25.7,+19.2,+19.2,+19.8,+20.0,+20.6,+20.3,+20.6
2024-04-15 13:07,3,+7.8,+19.5,+18.1,+15.7,+19.1,+25.7,+19.5,+19.2,+19.8,+20.1,+20.6,+20.5,+20.6
2024-04-15 14:07,3,+7.8,+19.4,+18.1,+15.6,+19.0,+25.7,+19.6,+19.3,+19.8,+20.0,+20.6,+20.5,+20.6
2024-04-15 15:07,3,+7.7,+19.4,+18.1,+15.6,+19.0,+25.7,+19.6,+19.3,+19.8,+20.0,+20.6,+20.5,+20.6
2024-04-15 16:07,3,+7.7,+19.4,+18.1,+15.6,+19.0,+25.7,+19.7,+19.5,+19.8,+20.1,+20.6,+20.3,+20.6
2024-04-15 17:07,3,+7.7,+19.4,+18.1,+15.5,+19.0,+25.7,+19.7,+19.5,+19.8,+20.0,+20.6,+20.5,+20.6
2024-04-15 18:07,3,+7.7,+19.4,+18.1,+15.5,+19.0,+25.7,+19.6,+19.5,+19.8,+20.0,+20.6,+20.3,+20.6
2024-04-15 19:07,3,+7.7,+19.4,+18.1,+15.6,+19.0,+25.7,+19.5,+19.5,+20.0,+20.0,+20.6,+20.3,+20.6
2024-04-15 20:07,3,+7.7,+19.4,+18.1,+15.6,+19.0,+25.7,+19.5,+19.5,+19.8,+20.0,+20.6,+20.3,+20.5
2024-04-15 21:07,3,+7.7,+19.4,+18.1,+15.5,+19.0,+25.6,+19.3,+19.6,+20.0,+20.0,+20.6,+20.5,+20.6
2024-04-15 22:07,3,+7.7,+19.4,+18.1,+15.6,+19.0,+25.7,+19.2,+19.5,+20.0,+20.1,+20.6,+20.5,+20.6
2024-04-15 23:07,3,+7.7,+19.4,+18.1,+15.6,+19.0,+25.7,+19.1,+19.5,+20.0,+20.0,+20.6,+20.3,+20.6
2024-04-16 00:07,3,+7.7,+19.4,+18.1,+15.5,+19.0,+25.6,+19.0,+19.5,+20.0,+20.1,+20.6,+20.5,+20.5
2024-04-16 01:07,3,+7.8,+19.4,+18.1,+15.6,+19.0,+25.7,+18.8,+19.5,+19.8,+20.0,+20.6,+20.5,+20.6
2024-04-16 02:07,3,+7.8,+19.3,+18.1,+15.6,+19.0,+25.6,+18.7,+19.3,+20.0,+20.1,+20.6,+20.3,+20.6
2024-04-16 03:07,3,+7.8,+19.3,+18.1,+15.6,+19.0,+25.7,+18.6,+19.3,+20.0,+20.0,+20.6,+20.5,+20.6
2024-04-16 04:07,3,+7.8,+19.3,+18.1,+15.5,+19.0,+25.6,+18.6,+19.2,+20.0,+20.0,+20.6,+20.5,+20.6
2024-04-16 05:07,3,+7.8,+19.3,+18.0,+15.5,+19.0,+25.6,+18.5,+19.2,+20.0,+20.0,+20.6,+20.3,+20.6
2024-04-16 06:07,3,+7.8,+19.3,+18.1,+15.5,+19.0,+25.6,+18.5,+19.2,+20.0,+20.1,+20.6,+20.5,+20.6
2024-04-16 07:07,3,+7.7,+19.3,+18.0,+15.5,+19.0,+25.6,+18.3,+19.2,+19.8,+20.0,+20.6,+20.3,+20.6
2024-04-16 08:07,3,+7.7,+19.2,+18.0,+15.5,+19.0,+25.6,+18.3,+19.1,+19.8,+20.0,+20.6,+20.3,+20.6
2024-04-16 09:07,3,+7.7,+19.2,+18.0,+15.5,+18.9,+25.6,+18.6,+19.1,+19.8,+20.0,+20.6,+20.3,+20.6
2024-04-16 10:07,3,+7.6,+19.2,+18.0,+15.5,+18.9,+25.5,+18.7,+19.1,+19.8,+20.0,+20.6,+20.5,+20.6
2024-04-16 11:07,3,+7.6,+19.2,+18.0,+15.5,+18.9,+25.5,+18.8,+19.1,+19.8,+20.0,+20.6,+20.3,+20.6
2024-04-16 12:07,3,+7.5,+19.1,+18.0,+15.5,+18.9,+25.5,+19.1,+19.1,+19.8,+20.0,+20.6,+20.3,+20.5
2024-04-16 13:07,3,+7.5,+19.1,+18.0,+15.6,+19.0,+25.5,+19.3,+19.1,+19.8,+20.0,+20.5,+20.3,+20.6
2024-04-16 14:07,3,+7.4,+19.1,+18.0,+15.6,+19.0,+25.5,+19.5,+19.2,+19.8,+20.0,+20.6,+20.3,+20.6
2024-04-16 15:07,3,+7.4,+19.1,+18.0,+15.4,+18.9,+25.5,+19.6,+19.3,+19.8,+20.0,+20.6,+20.3,+20.6
2024-04-16 16:07,3,+7.4,+19.0,+17.9,+15.4,+18.9,+25.5,+19.7,+19.3,+19.8,+20.0,+20.6,+20.3,+20.6
2024-04-16 17:07,3,+7.4,+19.0,+17.9,+15.4,+18.9,+25.5,+19.6,+19.3,+19.7,+20.0,+20.6,+20.3,+20.5
2024-04-16 18:07,3,+7.4,+19.0,+17.9,+15.4,+18.9,+25.5,+19.5,+19.5,+19.8,+20.0,+20.6,+20.3,+20.6
2024-04-16 19:07,3,+7.4,+19.0,+17.9,+15.6,+19.0,+25.5,+19.5,+19.5,+19.8,+20.0,+20.6,+20.3,+20.5
2024-04-16 20:07,3,+7.4,+19.0,+17.9,+15.5,+19.0,+25.5,+19.3,+19.5,+19.8,+20.0,+20.6,+20.3,+20.6
2024-04-16 21:07,3,+7.4,+19.0,+17.9,+15.5,+18.9,+25.5,+19.3,+19.5,+19.8,+20.0,+20.5,+20.3,+20.6
2024-04-16 22:07,3,+7.4,+19.0,+17.9,+15.5,+18.9,+25.5,+19.2,+19.5,+19.8,+20.0,+20.6,+20.3,+20.5
2024-04-16 23:07,3,+7.4,+19.0,+17.9,+15.4,+18.9,+25.5,+19.1,+19.5,+19.8,+20.0,+20.6,+20.3,+20.5
2024-04-17 00:07,3,+7.4,+19.0,+17.9,+15.4,+18.9,+25.4,+18.8,+19.3,+19.8,+20.0,+20.5,+20.3,+20.5
2024-04-17 01:07,3,+7.4,+19.0,+17.9,+15.4,+18.9,+25.4,+18.6,+19.3,+19.8,+20.0,+20.6,+20.3,+20.6
2024-04-17 02:07,3,+7.4,+19.0,+17.9,+15.5,+18.9,+25.5,+18.5,+19.3,+19.8,+20.0,+20.6,+20.3,+20.6
2024-04-17 03:07,3,+7.4,+19.0,+17.9,+15.5,+18.9,+25.4,+18.3,+19.2,+19.8,+20.0,+20.5,+20.3,+20.6
2024-04-17 04:07,3,+7.4,+18.9,+17.9,+15.4,+18.9,+25.4,+18.2,+19.1,+19.8,+20.0,+20.5,+20.3,+20.5
2024-04-17 05:07,3,+7.4,+18.9,+17.9,+15.5,+18.9,+25.4,+18.2,+19.1,+19.8,+20.0,+20.5,+20.3,+20.6
2024-04-17 06:07,3,+7.4,+18.9,+17.9,+15.4,+18.9,+25.4,+18.1,+19.0,+19.8,+20.0,+20.6,+20.3,+20.5
2024-04-17 07:07,3,+7.4,+18.9,+17.9,+15.4,+18.9,+25.4,+18.1,+19.0,+19.7,+20.0,+20.5,+20.3,+20.5
2024-04-17 08:07,3,+7.3,+18.9,+17.8,+15.4,+18.9,+25.4,+18.2,+19.0,+19.8,+20.0,+20.5,+20.3,+20.5
2024-04-17 09:07,3,+7.3,+18.8,+17.8,+15.3,+18.9,+25.4,+18.3,+18.8,+19.7,+20.0,+20.5,+20.3,+20.6
2024-04-17 10:07,3,+7.2,+18.8,+17.8,+15.4,+18.9,+25.4,+18.5,+19.0,+19.7,+20.0,+20.5,+20.3,+20.5
2024-04-17 11:07,3,+7.2,+18.8,+17.8,+15.5,+18.9,+25.4,+18.6,+19.0,+19.7,+20.0,+20.6,+20.3,+20.5
2024-04-17 12:07,3,+7.1,+18.7,+17.8,+15.5,+18.9,+25.4,+18.8,+19.0,+19.7,+19.8,+20.5,+20.3,+20.5
2024-04-17 13:07,3,+7.1,+18.7,+17.7,+15.4,+18.9,+25.4,+19.3,+19.0,+19.7,+20.0,+20.5,+20.3,+20.6
2024-04-17 14:07,3,+7.0,+18.6,+17.7,+15.4,+18.9,+25.4,+19.5,+19.1,+19.7,+20.0,+20.5,+20.3,+20.5
2024-04-17 15:07,3,+7.0,+18.6,+17.7,+15.4,+18.9,+25.3,+19.6,+19.1,+19.7,+20.0,+20.5,+20.3,+20.5
2024-04-17 16:07,3,+7.0,+18.6,+17.7,+15.3,+18.8,+25.3,+19.6,+19.2,+19.7,+19.8,+20.5,+20.3,+20.5
2024-04-17 17:07,3,+6.9,+18.6,+17.7,+15.4,+18.9,+25.3,+19.6,+19.2,+19.7,+20.0,+20.5,+20.3,+20.5
2024-04-17 18:07,3,+7.0,+18.6,+17.7,+15.4,+18.9,+25.3,+19.6,+19.3,+19.7,+20.0,+20.5,+20.3,+20.5
2024-04-17 19:07,3,+7.0,+18.6,+17.7,+15.4,+18.9,+25.3,+19.6,+19.3,+19.7,+19.8,+20.5,+20.3,+20.5
2024-04-17 20:07,3,+7.0,+18.6,+17.7,+15.4,+18.9,+25.3,+19.5,+19.3,+19.7,+19.8,+20.5,+20.3,+20.5
2024-04-17 21:07,3,+7.0,+18.6,+17.7,+15.3,+18.8,+25.3,+19.5,+19.5,+19.7,+19.8,+20.5,+20.3,+20.5
2024-04-17 22:07,3,+7.0,+18.6,+17.7,+15.4,+18.8,+25.3,+19.3,+19.5,+19.7,+19.8,+20.5,+20.3,+20.5
2024-04-17 23:07,3,+7.0,+18.6,+17.7,+15.4,+18.8,+25.3,+19.3,+19.5,+19.8,+19.8,+20.5,+20.2,+20.5
2024-04-18 00:07,3,+7.0,+18.6,+17.7,+15.4,+18.8,+25.3,+19.2,+19.3,+19.8,+19.8,+20.5,+20.3,+20.5
2024-04-18 01:07,3,+7.0,+18.6,+17.7,+15.3,+18.8,+25.3,+19.1,+19.3,+19.8,+19.8,+20.5,+20.3,+20.5
2024-04-18 02:07,3,+7.0,+18.6,+17.7,+15.4,+18.8,+25.3,+19.0,+19.3,+19.8,+19.8,+20.5,+20.3,+20.5
2024-04-18 03:07,3,+7.0,+18.5,+17.7,+15.3,+18.8,+25.3,+19.0,+19.3,+19.8,+19.8,+20.5,+20.3,+20.5
2024-04-18 04:07,3,+7.0,+18.5,+17.7,+15.4,+18.8,+25.3,+18.7,+19.3,+19.7,+19.8,+20.5,+20.3,+20.5
2024-04-18 05:07,3,+7.0,+18.5,+17.7,+15.4,+18.8,+25.3,+18.7,+19.2,+19.8,+20.0,+20.5,+20.3,+20.5
2024-04-18 06:07,3,+7.1,+18.5,+17.7,+15.3,+18.8,+25.2,+18.7,+19.2,+19.8,+19.8,+20.5,+20.3,+20.5
2024-04-18 07:07,3,+7.1,+18.5,+17.7,+15.4,+18.8,+25.3,+18.7,+19.2,+19.8,+19.8,+20.5,+20.2,+20.5
2024-04-18 08:07,3,+7.0,+18.5,+17.7,+15.3,+18.8,+25.2,+18.7,+19.1,+19.7,+19.8,+20.5,+20.3,+20.5
2024-04-18 09:07,3,+6.9,+18.5,+17.6,+15.3,+18.7,+25.2,+18.8,+19.1,+19.7,+19.8,+20.5,+20.2,+20.5
2024-04-18 10:07,3,+6.9,+18.4,+17.6,+15.2,+18.7,+25.2,+19.0,+19.1,+19.8,+19.8,+20.5,+20.2,+20.5
2024-04-18 11:07,3,+6.8,+18.4,+17.6,+15.3,+18.7,+25.2,+19.0,+19.1,+19.7,+19.8,+20.5,+20.3,+20.5
2024-04-18 12:07,3,+6.8,+18.4,+17.6,+15.2,+18.7,+25.2,+19.2,+19.1,+19.7,+19.8,+20.5,+20.2,+20.5
2024-04-18 13:07,3,+6.8,+18.3,+17.5,+15.2,+18.7,+25.2,+19.6,+19.1,+19.7,+19.8,+20.5,+20.2,+20.5
2024-04-18 14:07,3,+6.7,+18.3,+17.5,+15.3,+18.7,+25.2,+19.7,+19.2,+19.7,+19.8,+20.5,+20.2,+20.5
2024-04-18 15:07,3,+6.7,+18.2,+17.5,+15.2,+18.7,+25.1,+19.8,+19.3,+19.7,+19.8,+20.5,+20.2,+20.5
2024-04-18 16:07,3,+6.6,+18.2,+17.5,+15.3,+18.7,+25.2,+19.8,+19.3,+19.7,+19.8,+20.5,+20.2,+20.5
2024-04-18 17:07,3,+6.6,+18.2,+17.5,+15.2,+18.7,+25.1,+19.8,+19.5,+19.7,+19.8,+20.5,+20.3,+20.5
2024-04-18 18:07,3,+6.6,+18.2,+17.5,+15.3,+18.7,+25.1,+19.7,+19.5,+19.7,+19.8,+20.5,+20.3,+20.5
2024-04-18 19:07,3,+6.6,+18.2,+17.5,+15.3,+18.7,+25.1,+19.6,+19.5,+19.7,+19.8,+20.5,+20.2,+20.5
2024-04-18 20:07,3,+6.6,+18.2,+17.5,+15.3,+18.7,+25.1,+19.5,+19.5,+19.8,+19.8,+20.5,+20.2,+20.5
2024-04-18 21:07,3,+6.6,+18.2,+17.5,+15.3,+18.7,+25.1,+19.3,+19.5,+19.7,+19.8,+20.5,+20.2,+20.5
2024-04-18 22:07,3,+6.6,+18.2,+17.5,+15.3,+18.7,+25.1,+19.3,+19.5,+19.8,+19.8,+20.5,+20.2,+20.5
2024-04-18 23:07,3,+6.6,+18.2,+17.5,+15.3,+18.7,+25.1,+19.2,+19.5,+19.8,+19.8,+20.5,+20.2,+20.5
2024-04-19 00:07,3,+6.6,+18.2,+17.5,+15.3,+18.7,+25.1,+19.1,+19.5,+19.8,+19.8,+20.5,+20.3,+20.5
2024-04-19 01:07,3,+6.6,+18.2,+17.5,+15.3,+18.7,+25.1,+19.0,+19.5,+19.8,+19.8,+20.5,+20.2,+20.3
2024-04-19 02:07,3,+6.6,+18.2,+17.5,+15.1,+18.7,+25.1,+19.0,+19.3,+19.8,+19.8,+20.5,+20.2,+20.5
2024-04-19 03:07,3,+6.7,+18.2,+17.4,+15.1,+18.7,+25.1,+18.8,+19.3,+19.8,+19.8,+20.5,+20.2,+20.5
2024-04-19 04:07,3,+6.6,+18.2,+17.4,+15.1,+18.6,+25.1,+18.7,+19.3,+19.8,+19.8,+20.5,+20.2,+20.5
2024-04-19 05:07,3,+6.6,+18.2,+17.4,+15.1,+18.7,+25.0,+18.6,+19.2,+19.8,+19.8,+20.5,+20.2,+20.5
2024-04-19 06:07,3,+6.6,+18.2,+17.4,+15.1,+18.6,+25.0,+18.6,+19.2,+19.8,+19.8,+20.3,+20.2,+20.5
2024-04-19 07:07,3,+6.6,+18.1,+17.4,+15.2,+18.7,+25.1,+18.6,+19.2,+19.8,+19.8,+20.5,+20.2,+20.5
2024-04-19 08:07,3,+6.6,+18.1,+17.4,+15.2,+18.7,+25.0,+18.7,+19.2,+19.8,+19.8,+20.5,+20.2,+20.5
2024-04-19 09:07,3,+6.5,+18.1,+17.4,+15.2,+18.7,+25.0,+18.7,+19.1,+19.7,+20.0,+20.5,+20.2,+20.5
2024-04-19 10:07,3,+6.5,+18.0,+17.4,+15.2,+18.7,+25.0,+18.8,+19.1,+19.8,+19.8,+20.5,+20.2,+20.5
2024-04-19 11:07,3,+6.4,+18.0,+17.4,+15.2,+18.7,+25.0,+19.0,+19.1,+19.7,+19.8,+20.5,+20.2,+20.5
2024-04-19 12:07,3,+6.4,+18.0,+17.3,+15.1,+18.6,+25.0,+19.1,+19.1,+19.7,+19.8,+20.5,+20.2,+20.5
2024-04-19 13:07,3,+6.4,+17.9,+17.3,+15.2,+18.6,+25.0,+19.3,+19.2,+19.7,+19.8,+20.5,+20.2,+20.5
2024-04-19 14:07,3,+6.3,+17.9,+17.3,+15.1,+18.6,+25.0,+19.5,+19.2,+19.6,+19.8,+20.5,+20.2,+20.5
2024-04-19 15:07,3,+6.3,+17.9,+17.3,+15.2,+18.6,+25.0,+19.6,+19.3,+19.7,+19.8,+20.5,+20.2,+20.5
2024-04-19 16:07,3,+6.3,+17.8,+17.3,+15.2,+18.6,+24.9,+19.6,+19.3,+19.7,+19.8,+20.5,+20.2,+20.5
2024-04-19 17:07,3,+6.3,+17.8,+17.3,+15.1,+18.6,+24.9,+19.6,+19.3,+19.7,+19.8,+20.3,+20.2,+20.5
2024-04-19 18:07,3,+6.3,+17.8,+17.3,+15.1,+18.6,+24.9,+19.6,+19.5,+19.7,+19.8,+20.5,+20.2,+20.5
2024-04-19 19:07,3,+6.3,+17.8,+17.3,+15.0,+18.6,+24.9,+19.5,+19.5,+19.8,+19.8,+20.5,+20.2,+20.5
2024-04-19 20:07,3,+6.3,+17.8,+17.3,+15.1,+18.6,+24.9,+19.5,+19.5,+19.8,+19.8,+20.3,+20.2,+20.3
2024-04-19 21:07,3,+6.3,+17.8,+17.3,+15.1,+18.6,+24.9,+19.3,+19.5,+19.8,+19.8,+20.5,+20.2,+20.3
2024-04-19 22:07,3,+6.3,+17.8,+17.3,+15.1,+18.6,+24.9,+19.2,+19.5,+19.8,+19.8,+20.5,+20.2,+20.5
2024-04-19 23:07,3,+6.3,+17.8,+17.3,+15.1,+18.6,+24.9,+19.2,+19.5,+19.8,+19.8,+20.3,+20.2,+20.3
2024-04-20 00:07,3,+6.3,+17.8,+17.3,+15.0,+18.6,+24.9,+19.1,+19.3,+19.8,+19.8,+20.5,+20.2,+20.5
2024-04-20 01:07,3,+6.3,+17.8,+17.2,+15.1,+18.6,+24.9,+19.1,+19.5,+19.8,+19.8,+20.5,+20.2,+20.5
2024-04-20 02:07,3,+6.3,+17.8,+17.2,+15.1,+18.6,+24.9,+19.0,+19.3,+19.8,+19.8,+20.3,+20.2,+20.3
2024-04-20 03:07,3,+6.3,+17.8,+17.2,+15.1,+18.6,+24.9,+18.8,+19.3,+19.8,+19.8,+20.5,+20.2,+20.3
2024-04-20 04:07,3,+6.3,+17.8,+17.2,+15.0,+18.6,+24.8,+18.8,+19.2,+19.8,+19.8,+20.5,+20.2,+20.5
2024-04-20 05:07,3,+6.3,+17.8,+17.2,+15.0,+18.5,+24.8,+18.7,+19.2,+19.8,+19.8,+20.5,+20.2,+20.5
2024-04-20 06:07,3,+6.3,+17.8,+17.2,+15.0,+18.5,+24.8,+18.7,+19.2,+19.8,+19.8,+20.5,+20.2,+20.5
2024-04-20 07:07,3,+6.3,+17.8,+17.2,+15.0,+18.5,+24.8,+18.7,+19.2,+19.8,+19.8,+20.5,+20.2,+20.5
2024-04-20 08:07,3,+6.3,+17.7,+17.2,+15.1,+18.6,+24.8,+18.7,+19.1,+19.8,+19.8,+20.5,+20.2,+20.5
2024-04-20 09:07,3,+6.2,+17.7,+17.2,+15.0,+18.5,+24.8,+18.8,+19.1,+19.8,+19.8,+20.3,+20.3,+20.3
2024-04-20 10:07,3,+6.2,+17.7,+17.2,+15.1,+18.6,+24.8,+19.0,+19.1,+19.8,+19.8,+20.3,+20.2,+20.5
2024-04-20 11:07,3,+6.1,+17.6,+17.2,+15.1,+18.5,+24.8,+19.1,+19.2,+19.7,+19.8,+20.5,+20.2,+20.5
2024-04-20 12:07,3,+6.1,+17.6,+17.1,+15.0,+18.5,+24.7,+19.3,+19.2,+19.7,+19.8,+20.5,+20.2,+20.3
2024-04-20 13:07,3,+6.1,+17.6,+17.1,+15.0,+18.5,+24.7,+19.6,+19.2,+19.7,+19.8,+20.5,+20.2,+20.3
2024-04-20 14:07,3,+6.1,+17.5,+17.1,+15.0,+18.5,+24.7,+19.6,+19.2,+19.7,+19.8,+20.5,+20.2,+20.3
2024-04-20 15:07,3,+6.1,+17.5,+17.1,+14.9,+18.5,+24.7,+19.6,+19.3,+19.8,+19.8,+20.5,+20.2,+20.5
2024-04-20 16:07,3,+6.1,+17.5,+17.1,+14.9,+18.5,+24.7,+19.6,+19.3,+19.7,+19.8,+20.5,+20.2,+20.5
2024-04-20 17:07,3,+6.1,+17.5,+17.1,+14.9,+18.5,+24.7,+19.7,+19.5,+19.7,+19.8,+20.5,+20.2,+20.3
2024-04-20 18:07,3,+6.1,+17.5,+17.1,+14.9,+18.5,+24.7,+19.7,+19.5,+19.8,+19.8,+20.3,+20.2,+20.3
2024-04-20 19:07,3,+6.1,+17.5,+17.1,+14.9,+18.4,+24.7,+19.6,+19.5,+19.7,+19.8,+20.5,+20.2,+20.3
2024-04-20 20:07,3,+6.1,+17.5,+17.1,+14.9,+18.4,+24.7,+19.5,+19.5,+19.8,+19.8,+20.5,+20.2,+20.5
2024-04-20 21:07,3,+6.1,+17.5,+17.1,+15.0,+18.5,+24.7,+19.5,+19.5,+19.8,+19.8,+20.3,+20.2,+20.5
2024-04-20 22:07,3,+6.1,+17.5,+17.1,+14.9,+18.4,+24.7,+19.3,+19.5,+19.8,+19.8,+20.5,+20.2,+20.3
2024-04-20 23:07,3,+6.1,+17.5,+17.1,+15.0,+18.5,+24.7,+19.3,+19.5,+19.8,+19.8,+20.3,+20.2,+20.3
2024-04-21 00:07,3,+6.1,+17.5,+17.1,+15.0,+18.5,+24.7,+19.2,+19.5,+19.8,+19.8,+20.3,+20.3,+20.3
2024-04-21 01:07,3,+6.1,+17.5,+17.1,+14.9,+18.4,+24.7,+19.0,+19.5,+19.8,+19.8,+20.5,+20.2,+20.5
2024-04-21 02:07,3,+6.1,+17.5,+17.0,+15.0,+18.5,+24.7,+18.8,+19.5,+19.8,+19.8,+20.5,+20.2,+20.3
2024-04-21 03:07,3,+6.1,+17.5,+17.0,+14.9,+18.4,+24.6,+18.5,+19.3,+19.8,+19.8,+20.3,+20.2,+20.5
2024-04-21 04:07,3,+6.1,+17.5,+17.0,+15.0,+18.5,+24.7,+18.5,+19.3,+19.8,+19.8,+20.5,+20.2,+20.3
2024-04-21 05:07,3,+6.1,+17.5,+17.0,+15.0,+18.5,+24.6,+18.1,+19.2,+19.8,+19.8,+20.5,+20.2,+20.3
2024-04-21 06:07,3,+6.1,+17.5,+17.0,+14.9,+18.4,+24.6,+18.0,+19.1,+19.8,+19.8,+20.5,+20.2,+20.3
2024-04-21 07:07,3,+6.1,+17.5,+17.0,+14.9,+18.4,+24.6,+18.0,+19.1,+19.7,+19.8,+20.3,+20.2,+20.3
2024-04-21 08:07,3,+6.1,+17.4,+17.0,+15.0,+18.4,+24.6,+18.2,+19.0,+19.7,+19.8,+20.3,+20.2,+20.3
2024-04-21 09:07,3,+6.1,+17.4,+16.9,+14.9,+18.4,+24.6,+18.3,+19.0,+19.7,+19.8,+20.5,+20.2,+20.5
2024-04-21 10:07,3,+6.1,+17.4,+16.9,+15.0,+18.4,+24.6,+18.5,+18.8,+19.7,+19.8,+20.5,+20.2,+20.5
2024-04-21 11:07,3,+6.0,+17.3,+16.9,+15.0,+18.4,+24.6,+18.7,+18.8,+19.7,+19.8,+20.3,+20.2,+20.3
2024-04-21 12:07,3,+5.9,+17.3,+16.9,+14.9,+18.4,+24.6,+19.0,+19.0,+19.7,+19.8,+20.3,+20.2,+20.3
2024-04-21 13:07,3,+5.9,+17.3,+16.9,+14.9,+18.4,+24.5,+19.0,+18.8,+19.6,+19.8,+20.5,+20.2,+20.5
2024-04-21 14:07,3,+5.9,+17.2,+16.9,+14.8,+18.4,+24.5,+19.1,+19.0,+19.6,+19.8,+20.5,+20.2,+20.3
2024-04-21 15:07,3,+5.9,+17.3,+16.9,+14.9,+18.4,+24.5,+19.1,+19.0,+19.6,+19.8,+20.3,+20.2,+20.3
2024-04-21 16:07,3,+5.9,+17.2,+16.9,+14.9,+18.4,+24.5,+19.3,+19.1,+19.6,+19.8,+20.3,+20.2,+20.3
2024-04-21 17:07,3,+5.8,+17.3,+16.9,+14.9,+18.4,+24.5,+19.3,+19.1,+19.6,+19.8,+20.3,+20.2,+20.3
2024-04-21 18:07,3,+5.9,+17.2,+16.9,+14.9,+18.4,+24.5,+19.3,+19.2,+19.6,+19.8,+20.3,+20.2,+20.3
2024-04-21 19:07,3,+5.9,+17.2,+16.9,+14.8,+18.3,+24.5,+19.3,+19.2,+19.6,+19.7,+20.3,+20.2,+20.3
2024-04-21 20:07,3,+5.9,+17.2,+16.9,+14.9,+18.4,+24.5,+19.2,+19.2,+19.6,+19.7,+20.3,+20.2,+20.3
2024-04-21 21:07,3,+5.9,+17.2,+16.9,+14.9,+18.4,+24.5,+19.1,+19.2,+19.7,+19.8,+20.3,+20.2,+20.3
2024-04-21 22:07,3,+5.9,+17.2,+16.9,+14.8,+18.4,+24.5,+19.1,+19.2,+19.6,+19.8,+20.3,+20.2,+20.3
2024-04-21 23:07,3,+5.9,+17.2,+16.9,+14.9,+18.4,+24.5,+19.0,+19.2,+19.6,+19.7,+20.3,+20.2,+20.3
2024-04-22 00:07,3,+5.9,+17.2,+16.9,+14.9,+18.4,+24.4,+18.8,+19.2,+19.7,+19.8,+20.3,+20.2,+20.3
2024-04-22 01:07,3,+5.9,+17.2,+16.8,+14.8,+18.3,+24.4,+18.8,+19.2,+19.7,+19.7,+20.3,+20.2,+20.3
2024-04-22 02:07,3,+5.9,+17.2,+16.8,+14.8,+18.3,+24.4,+18.7,+19.2,+19.7,+19.7,+20.3,+20.2,+20.3
2024-04-22 03:07,3,+5.9,+17.2,+16.8,+14.9,+18.4,+24.4,+18.7,+19.1,+19.7,+19.8,+20.3,+20.2,+20.3
2024-04-22 04:07,3,+5.9,+17.2,+16.8,+14.9,+18.4,+24.4,+18.6,+19.1,+19.6,+19.7,+20.3,+20.2,+20.3
2024-04-22 05:07,3,+5.9,+17.2,+16.8,+14.9,+18.4,+24.4,+18.7,+19.1,+19.6,+19.8,+20.3,+20.2,+20.3
2024-04-22 06:07,3,+5.9,+17.2,+16.8,+14.9,+18.4,+24.4,+18.7,+19.1,+19.7,+19.8,+20.3,+20.2,+20.3
2024-04-22 07:07,3,+5.9,+17.2,+16.8,+14.9,+18.4,+24.4,+18.8,+19.1,+19.7,+19.8,+20.3,+20.2,+20.3
2024-04-22 08:07,3,+5.9,+17.2,+16.8,+14.9,+18.4,+24.3,+19.0,+19.1,+19.6,+19.7,+20.3,+20.2,+20.3
2024-04-22 09:07,3,+5.9,+17.2,+16.8,+14.8,+18.3,+24.3,+19.0,+19.1,+19.7,+19.7,+20.3,+20.2,+20.3
2024-04-22 10:07,3,+5.8,+17.2,+16.8,+14.8,+18.3,+24.3,+19.2,+19.1,+19.6,+19.7,+20.3,+20.1,+20.3
2024-04-22 11:07,3,+5.8,+17.1,+16.7,+14.9,+18.3,+24.3,+19.3,+19.1,+19.6,+19.7,+20.3,+20.2,+20.3
2024-04-22 12:07,3,+5.8,+17.1,+16.7,+14.7,+18.3,+24.3,+19.5,+19.2,+19.6,+19.8,+20.3,+20.2,+20.3
2024-04-22 13:07,3,+5.8,+17.1,+16.7,+14.9,+18.3,+24.3,+19.7,+19.2,+19.6,+19.7,+20.3,+20.2,+20.3
2024-04-22 14:07,3,+5.7,+17.1,+16.7,+14.7,+18.3,+24.3,+19.8,+19.3,+19.7,+19.7,+20.3,+20.2,+20.3
2024-04-22 15:07,3,+5.7,+17.0,+16.7,+14.7,+18.3,+24.2,+19.8,+19.3,+19.7,+19.7,+20.3,+20.1,+20.3
2024-04-22 16:07,3,+5.7,+17.0,+16.7,+14.7,+18.3,+24.2,+19.8,+19.3,+19.7,+19.7,+20.3,+20.2,+20.5
2024-04-22 17:07,3,+5.7,+17.0,+16.7,+14.7,+18.3,+24.2,+19.8,+19.5,+19.7,+19.7,+20.3,+20.2,+20.3
2024-04-22 18:07,3,+5.7,+17.0,+16.7,+14.8,+18.3,+24.2,+19.8,+19.5,+19.7,+19.7,+20.3,+20.1,+20.3
2024-04-22 19:07,3,+5.7,+17.0,+16.7,+14.8,+18.3,+24.2,+19.7,+19.5,+19.7,+19.7,+20.3,+20.2,+20.3
2024-04-22 20:07,3,+5.7,+17.0,+16.7,+14.8,+18.3,+24.2,+19.7,+19.5,+19.7,+19.7,+20.3,+20.1,+20.3
2024-04-22 21:07,3,+5.7,+17.0,+16.7,+14.8,+18.3,+24.2,+19.6,+19.6,+19.7,+19.7,+20.3,+20.2,+20.3
2024-04-22 22:07,3,+5.7,+17.0,+16.7,+14.7,+18.2,+24.1,+19.6,+19.6,+19.8,+19.8,+20.3,+20.2,+20.3
2024-04-22 23:07,3,+5.7,+17.0,+16.6,+14.7,+18.2,+24.1,+19.5,+19.5,+19.8,+19.7,+20.3,+20.2,+20.3
2024-04-23 00:07,3,+5.7,+17.0,+16.7,+14.7,+18.2,+24.1,+19.3,+19.5,+19.8,+19.8,+20.3,+20.2,+20.3
2024-04-23 01:07,3,+5.7,+17.0,+16.6,+14.8,+18.3,+24.1,+19.2,+19.5,+19.8,+19.8,+20.3,+20.2,+20.3
2024-04-23 02:07,3,+5.7,+17.0,+16.6,+14.7,+18.2,+24.1,+19.1,+19.5,+19.8,+19.7,+20.3,+20.2,+20.3
2024-04-23 03:07,3,+5.7,+17.0,+16.6,+14.7,+18.2,+24.1,+19.1,+19.5,+19.8,+19.7,+20.3,+20.1,+20.3
2024-04-23 04:07,3,+5.7,+17.0,+16.6,+14.7,+18.2,+24.1,+19.0,+19.3,+19.8,+19.7,+20.3,+20.2,+20.3
2024-04-23 05:07,3,+5.7,+17.0,+16.6,+14.8,+18.3,+24.1,+19.0,+19.3,+19.8,+19.8,+20.3,+20.2,+20.3
2024-04-23 06:07,3,+5.7,+17.0,+16.6,+14.8,+18.2,+24.1,+18.8,+19.3,+19.8,+19.7,+20.3,+20.1,+20.3
2024-04-23 07:07,3,+5.7,+17.0,+16.6,+14.8,+18.2,+24.1,+19.0,+19.2,+19.7,+19.8,+20.3,+20.2,+20.3
2024-04-23 08:07,3,+5.7,+17.0,+16.6,+14.8,+18.2,+24.1,+19.1,+19.3,+19.8,+19.8,+20.3,+20.1,+20.3
2024-04-23 09:07,3,+5.6,+16.9,+16.6,+14.7,+18.2,+24.0,+19.1,+19.2,+19.7,+19.8,+20.3,+20.2,+20.3
2024-04-23 10:07,3,+5.6,+16.9,+16.6,+14.8,+18.2,+24.0,+19.2,+19.3,+19.7,+19.8,+20.3,+20.2,+20.3
2024-04-23 11:07,3,+5.6,+16.9,+16.6,+14.6,+18.2,+24.0,+19.3,+19.3,+19.7,+19.8,+20.3,+20.2,+20.3
2024-04-23 12:07,3,+5.6,+16.8,+16.6,+14.6,+18.2,+24.0,+19.6,+19.3,+19.7,+19.8,+20.3,+20.2,+20.3
2024-04-23 13:07,3,+5.6,+16.8,+16.5,+14.6,+18.2,+24.0,+19.7,+19.3,+19.7,+19.8,+20.3,+20.2,+20.3
2024-04-23 14:07,3,+5.5,+16.8,+16.5,+14.7,+18.2,+24.0,+19.8,+19.5,+19.8,+19.8,+20.3,+20.1,+20.3
2024-04-23 15:07,3,+5.5,+16.7,+16.5,+14.6,+18.2,+23.9,+20.0,+19.5,+19.7,+19.8,+20.3,+20.2,+20.3
2024-04-23 16:07,3,+5.5,+16.8,+16.5,+14.6,+18.2,+23.9,+20.0,+19.5,+19.8,+19.8,+20.3,+20.2,+20.3
2024-04-23 17:07,3,+5.5,+16.7,+16.5,+14.7,+18.2,+24.0,+19.8,+19.6,+19.7,+19.8,+20.3,+20.2,+20.3
2024-04-23 18:07,3,+5.5,+16.8,+16.5,+14.6,+18.1,+23.9,+19.7,+19.6,+19.8,+19.8,+20.3,+20.2,+20.3
2024-04-23 19:07,3,+5.5,+16.8,+16.5,+14.6,+18.2,+23.9,+19.6,+19.6,+19.8,+19.8,+20.3,+20.2,+20.3
2024-04-23 20:07,3,+5.5,+16.8,+16.5,+14.7,+18.2,+23.9,+19.5,+19.6,+19.8,+19.8,+20.3,+20.2,+20.3
2024-04-23 21:07,3,+5.5,+16.8,+16.5,+14.7,+18.2,+23.9,+19.5,+19.6,+19.8,+19.8,+20.3,+20.2,+20.3
2024-04-23 22:07,3,+5.5,+16.7,+16.5,+14.6,+18.1,+23.9,+19.3,+19.6,+19.8,+19.8,+20.3,+20.2,+20.3
2024-04-23 23:07,3,+5.5,+16.8,+16.5,+14.7,+18.2,+23.9,+19.2,+19.5,+19.8,+19.8,+20.3,+20.2,+20.3
2024-04-24 00:07,3,+5.5,+16.8,+16.5,+14.7,+18.2,+23.9,+19.2,+19.5,+19.8,+19.8,+20.3,+20.2,+20.3
2024-04-24 01:07,3,+5.5,+16.7,+16.5,+14.7,+18.2,+23.9,+19.1,+19.5,+19.8,+19.8,+20.3,+20.2,+20.3
2024-04-24 02:07,3,+5.5,+16.7,+16.5,+14.7,+18.2,+23.9,+19.1,+19.3,+19.8,+19.8,+20.3,+20.2,+20.3
2024-04-24 03:07,3,+5.5,+16.7,+16.5,+14.7,+18.2,+23.9,+19.0,+19.5,+19.8,+19.8,+20.5,+20.2,+20.3
2024-04-24 04:07,3,+5.5,+16.7,+16.4,+14.7,+18.2,+23.9,+19.0,+19.3,+19.8,+19.8,+20.5,+20.2,+20.3
2024-04-24 05:07,3,+5.4,+16.7,+16.5,+14.7,+18.2,+23.9,+19.0,+19.3,+19.8,+19.8,+20.3,+20.2,+20.3
2024-04-24 06:07,3,+5.5,+16.7,+16.4,+14.7,+18.2,+23.9,+19.0,+19.3,+19.8,+19.8,+20.3,+20.2,+20.3
2024-04-24 07:07,3,+5.5,+16.7,+16.4,+14.5,+18.1,+23.8,+19.0,+19.3,+19.8,+19.8,+20.3,+20.2,+20.3
2024-04-24 08:07,3,+5.4,+16.7,+16.4,+14.6,+18.1,+23.8,+19.0,+19.3,+19.8,+19.8,+20.3,+20.2,+20.3
2024-04-24 09:07,3,+5.4,+16.7,+16.4,+14.7,+18.1,+23.9,+19.1,+19.3,+19.8,+19.8,+20.5,+20.2,+20.3
2024-04-24 10:07,3,+5.4,+16.7,+16.4,+14.5,+18.1,+23.8,+19.2,+19.3,+19.8,+19.8,+20.5,+20.2,+20.3
2024-04-24 11:07,3,+5.4,+16.6,+16.4,+14.6,+18.2,+23.8,+19.3,+19.3,+19.8,+19.8,+20.3,+20.2,+20.3
2024-04-24 12:07,3,+5.4,+16.6,+16.4,+14.6,+18.1,+23.8,+19.5,+19.3,+19.8,+19.8,+20.5,+20.2,+20.3
2024-04-24 13:07,3,+5.3,+16.6,+16.4,+14.7,+18.1,+23.8,+19.7,+19.3,+19.8,+19.8,+20.3,+20.2,+20.3
2024-04-24 14:07,3,+5.3,+16.5,+16.4,+14.5,+18.1,+23.8,+19.8,+19.5,+19.8,+19.8,+20.5,+20.2,+20.3
2024-04-24 15:07,3,+5.3,+16.5,+16.3,+14.6,+18.1,+23.8,+19.8,+19.5,+19.8,+19.8,+20.3,+20.2,+20.3
2024-04-24 16:07,3,+8.5,+22.3,+20.9,+14.7,+18.2,+23.7,+19.7,+19.5,+19.7,+19.8,+20.3,+20.2,+20.3
2024-04-24 17:07,3,+9.4,+24.2,+21.4,+14.7,+18.2,+24.3,+19.6,+19.5,+19.7,+19.8,+20.3,+20.2,+20.3
2024-04-24 18:07,3,+9.1,+23.5,+20.7,+14.6,+18.1,+24.8,+19.5,+19.5,+19.8,+19.8,+20.3,+20.2,+20.3
2024-04-24 19:07,3,+8.8,+22.2,+20.1,+14.7,+18.2,+25.3,+19.3,+19.6,+19.8,+19.8,+20.3,+20.2,+20.3
2024-04-24 20:07,3,+8.5,+21.7,+19.9,+14.7,+18.2,+25.4,+19.2,+19.5,+19.8,+19.8,+20.3,+20.2,+20.3
2024-04-24 21:07,3,+8.3,+21.4,+19.8,+14.6,+18.1,+25.4,+19.2,+19.5,+19.8,+19.8,+20.3,+20.2,+20.3
2024-04-24 22:07,3,+8.2,+21.3,+19.7,+14.6,+18.1,+25.4,+19.1,+19.5,+19.8,+19.8,+20.3,+20.2,+20.3
2024-04-24 23:07,3,+8.1,+21.2,+19.6,+14.6,+18.1,+25.4,+19.2,+19.5,+19.8,+19.8,+20.3,+20.2,+20.3
2024-04-25 00:07,3,+7.9,+21.1,+19.6,+14.6,+18.1,+25.4,+19.1,+19.5,+19.8,+19.8,+20.3,+20.2,+20.3
2024-04-25 01:07,3,+7.8,+21.0,+19.5,+14.6,+18.1,+25.4,+19.1,+19.5,+19.8,+19.8,+20.3,+20.2,+20.3
2024-04-25 02:07,3,+7.8,+21.0,+19.4,+14.6,+18.1,+25.4,+19.0,+19.5,+20.0,+19.8,+20.3,+20.2,+20.3
2024-04-25 03:07,3,+7.7,+20.9,+19.4,+14.6,+18.1,+25.4,+19.0,+19.3,+19.8,+19.8,+20.5,+20.2,+20.3
2024-04-25 04:07,3,+7.6,+20.8,+19.3,+14.7,+18.1,+25.5,+19.0,+19.3,+19.8,+19.8,+20.5,+20.2,+20.3
2024-04-25 05:07,3,+7.6,+20.8,+19.3,+14.6,+18.1,+25.4,+19.0,+19.3,+19.8,+19.8,+20.3,+20.2,+20.3
2024-04-25 06:07,3,+7.6,+20.8,+19.3,+14.7,+18.1,+25.4,+19.0,+19.3,+19.8,+19.8,+20.3,+20.2,+20.3
2024-04-25 07:07,3,+7.6,+20.7,+19.2,+14.6,+18.1,+25.4,+19.1,+19.3,+19.8,+19.8,+20.3,+20.2,+20.3
2024-04-25 08:07,3,+7.5,+20.7,+19.1,+14.7,+18.1,+25.4,+19.1,+19.3,+19.8,+19.8,+20.3,+20.2,+20.3
2024-04-25 09:07,3,+7.5,+20.7,+19.1,+14.7,+18.1,+25.4,+19.1,+19.3,+19.8,+19.8,+20.3,+20.2,+20.3
2024-04-25 10:07,3,+7.5,+20.6,+19.1,+14.6,+18.0,+25.4,+19.2,+19.3,+19.8,+19.8,+20.3,+20.2,+20.3
2024-04-25 11:07,3,+7.5,+20.6,+19.1,+14.6,+18.0,+25.4,+19.2,+19.3,+19.8,+19.8,+20.3,+20.2,+20.3
2024-04-25 12:07,3,+7.5,+20.6,+19.0,+14.7,+18.1,+25.4,+19.2,+19.3,+19.8,+19.8,+20.5,+20.1,+20.3
2024-04-25 13:07,3,+7.4,+20.5,+19.0,+14.7,+18.1,+25.4,+19.3,+19.3,+19.8,+19.8,+20.3,+20.2,+20.3
2024-04-25 14:07,3,+7.4,+20.5,+18.9,+14.6,+18.1,+25.4,+19.3,+19.5,+19.8,+19.8,+20.3,+20.2,+20.3
2024-04-25 15:07,3,+7.4,+20.5,+18.9,+14.6,+18.1,+25.4,+19.3,+19.5,+19.8,+19.8,+20.5,+20.2,+20.3
2024-04-25 16:07,3,+7.4,+20.5,+18.9,+14.6,+18.0,+25.3,+19.2,+19.3,+19.8,+19.8,+20.3,+20.2,+20.3
2024-04-25 17:07,3,+7.4,+20.4,+18.9,+14.6,+18.0,+25.4,+19.2,+19.5,+19.8,+19.8,+20.5,+20.2,+20.3
2024-04-25 18:07,3,+7.4,+20.4,+18.8,+14.7,+18.1,+25.4,+19.1,+19.5,+19.8,+19.8,+20.5,+20.2,+20.3
2024-04-25 19:07,3,+7.4,+20.4,+18.8,+14.7,+18.1,+25.4,+19.0,+19.3,+19.8,+19.8,+20.5,+20.2,+20.3
2024-04-25 20:07,3,+7.4,+20.4,+18.8,+14.6,+18.0,+25.4,+18.8,+19.3,+19.8,+19.8,+20.5,+20.2,+20.3
2024-04-25 21:07,3,+7.4,+20.4,+18.8,+14.6,+18.0,+25.4,+18.8,+19.3,+19.8,+19.8,+20.3,+20.2,+20.5
2024-04-25 22:07,3,+7.4,+20.4,+18.8,+14.7,+18.1,+25.4,+18.8,+19.2,+19.8,+19.8,+20.3,+20.2,+20.3
2024-04-25 23:07,3,+7.4,+20.4,+18.8,+14.6,+18.0,+25.3,+18.7,+19.2,+19.8,+19.8,+20.3,+20.2,+20.3
2024-04-26 00:07,3,+7.4,+20.4,+18.7,+14.6,+18.0,+25.3,+18.7,+19.2,+19.8,+19.8,+20.5,+20.2,+20.3
2024-04-26 01:07,3,+7.4,+20.3,+18.7,+14.7,+18.1,+25.4,+18.7,+19.2,+19.8,+19.8,+20.5,+20.2,+20.3
2024-04-26 02:07,3,+7.4,+20.3,+18.7,+14.7,+18.1,+25.4,+18.7,+19.2,+19.8,+19.8,+20.5,+20.2,+20.3
2024-04-26 03:07,3,+7.4,+20.3,+18.7,+14.7,+18.1,+25.4,+18.7,+19.2,+19.7,+19.8,+20.3,+20.2,+20.3
2024-04-26 04:07,3,+7.4,+20.3,+18.6,+14.6,+18.0,+25.3,+18.7,+19.2,+19.7,+19.8,+20.3,+20.2,+20.3
2024-04-26 05:07,3,+7.4,+20.2,+18.6,+14.6,+18.0,+25.3,+18.7,+19.1,+19.8,+19.8,+20.3,+20.2,+20.5
2024-04-26 06:07,3,+7.4,+20.2,+18.6,+14.6,+18.0,+25.3,+18.7,+19.1,+19.7,+19.8,+20.3,+20.2,+20.3
2024-04-26 07:07,3,+7.3,+20.2,+18.6,+14.7,+18.1,+25.3,+18.8,+19.1,+19.8,+19.8,+20.3,+20.2,+20.3
2024-04-26 08:07,3,+7.3,+20.2,+18.6,+14.6,+18.0,+25.3,+18.7,+19.1,+19.7,+19.8,+20.5,+20.2,+20.3
2024-04-26 09:07,3,+7.3,+20.2,+18.5,+14.7,+18.1,+25.3,+19.0,+19.2,+19.7,+19.8,+20.3,+20.2,+20.3
2024-04-26 10:07,3,+7.3,+20.1,+18.5,+14.7,+18.1,+25.3,+19.1,+19.1,+19.7,+19.8,+20.5,+20.2,+20.3
2024-04-26 11:07,3,+7.3,+20.1,+18.5,+14.7,+18.1,+25.3,+19.2,+19.2,+19.8,+19.8,+20.5,+20.2,+20.5
2024-04-26 12:07,3,+7.2,+20.1,+18.5,+14.6,+18.0,+25.3,+19.3,+19.2,+19.7,+19.8,+20.5,+20.2,+20.3
2024-04-26 13:07,3,+7.2,+20.1,+18.5,+14.7,+18.1,+25.3,+19.5,+19.2,+19.7,+19.8,+20.3,+20.2,+20.3
2024-04-26 14:07,3,+7.2,+20.0,+18.4,+14.6,+18.0,+25.3,+19.6,+19.2,+19.7,+19.8,+20.3,+20.2,+20.3
2024-04-26 15:07,3,+7.1,+20.0,+18.4,+14.6,+18.0,+25.3,+19.7,+19.3,+19.7,+19.8,+20.3,+20.2,+20.5
2024-04-26 16:07,3,+7.1,+20.0,+18.4,+14.7,+18.1,+25.3,+19.6,+19.5,+19.7,+19.8,+20.3,+20.2,+20.3
2024-04-26 17:07,3,+10.6,+21.4,+18.4,+14.6,+18.0,+25.3,+19.7,+19.5,+19.7,+19.8,+20.5,+20.2,+20.3
2024-04-26 18:07,3,+11.0,+21.4,+19.1,+14.7,+18.0,+25.3,+19.6,+19.5,+19.7,+19.8,+20.5,+20.2,+20.3
2024-04-26 19:07,3,+10.5,+21.3,+19.2,+14.6,+18.0,+25.4,+19.5,+19.5,+19.8,+19.8,+20.3,+20.2,+20.5
2024-04-26 20:07,3,+10.4,+21.3,+19.2,+14.6,+18.0,+25.5,+19.5,+19.5,+19.8,+19.8,+20.5,+20.2,+20.3
2024-04-26 21:07,3,+10.2,+21.3,+19.2,+14.6,+18.0,+25.5,+19.3,+19.5,+19.8,+19.8,+20.3,+20.2,+20.3
2024-04-26 22:07,3,+10.0,+21.3,+19.1,+14.6,+18.0,+25.5,+19.3,+19.5,+19.7,+19.8,+20.3,+20.2,+20.3
2024-04-26 23:07,3,+9.8,+21.3,+19.2,+14.6,+18.0,+25.5,+19.3,+19.5,+19.8,+19.8,+20.3,+20.2,+20.5
2024-04-27 00:07,3,+9.6,+21.3,+19.1,+14.7,+18.0,+25.6,+19.2,+19.5,+19.8,+19.8,+20.5,+20.2,+20.3
2024-04-27 01:07,3,+9.4,+21.3,+19.1,+14.7,+18.0,+25.6,+19.2,+19.5,+19.8,+19.8,+20.5,+20.2,+20.3
2024-04-27 02:07,3,+9.3,+21.2,+19.1,+14.7,+18.0,+25.6,+19.1,+19.5,+19.8,+19.8,+20.3,+20.2,+20.3
2024-04-27 03:07,3,+9.3,+21.2,+19.1,+14.6,+18.0,+25.6,+19.1,+19.3,+19.8,+19.8,+20.5,+20.2,+20.3
2024-04-27 04:07,3,+9.3,+21.2,+19.1,+14.6,+18.0,+25.6,+19.1,+19.5,+19.8,+19.8,+20.5,+20.2,+20.3
2024-04-27 05:07,3,+9.2,+21.2,+19.1,+14.7,+18.0,+25.6,+19.0,+19.3,+19.8,+19.8,+20.5,+20.2,+20.3
2024-04-27 06:07,3,+9.2,+21.2,+19.0,+14.6,+18.0,+25.6,+19.0,+19.3,+19.8,+19.8,+20.5,+20.2,+20.3
2024-04-27 07:07,3,+9.1,+21.2,+19.0,+14.6,+18.0,+25.6,+19.0,+19.3,+19.8,+19.8,+20.5,+20.2,+20.3
2024-04-27 08:07,3,+9.0,+21.2,+19.0,+14.7,+18.0,+25.6,+19.0,+19.3,+19.8,+19.8,+20.5,+20.2,+20.3
2024-04-27 09:07,3,+9.0,+21.2,+19.0,+14.6,+18.0,+25.6,+19.1,+19.3,+19.8,+19.8,+20.5,+20.2,+20.3
2024-04-27 10:07,3,+8.9,+21.2,+19.0,+14.7,+18.0,+25.6,+19.1,+19.3,+19.8,+20.0,+20.5,+20.2,+20.3
2024-04-27 11:07,3,+8.9,+21.1,+18.9,+14.6,+18.0,+25.6,+19.2,+19.3,+19.8,+19.8,+20.3,+20.2,+20.3
2024-04-27 12:07,3,+8.8,+21.1,+18.9,+14.7,+18.0,+25.6,+19.3,+19.3,+19.8,+19.8,+20.5,+20.2,+20.3
2024-04-27 13:07,3,+8.8,+21.1,+18.9,+14.6,+18.0,+25.5,+19.5,+19.3,+19.8,+19.8,+20.5,+20.2,+20.3
2024-04-27 14:07,3,+8.7,+21.1,+18.8,+14.7,+18.0,+25.6,+19.6,+19.5,+19.8,+19.8,+20.3,+20.2,+20.3
2024-04-27 15:07,3,+8.7,+21.0,+18.8,+14.6,+18.0,+25.5,+19.7,+19.5,+19.8,+19.8,+20.5,+20.2,+20.5
2024-04-27 16:07,3,+8.6,+21.0,+18.8,+14.7,+18.0,+25.5,+19.7,+19.5,+19.8,+19.8,+20.5,+20.2,+20.3
2024-04-27 17:07,3,+8.6,+21.0,+18.8,+14.6,+18.0,+25.5,+19.7,+19.5,+19.8,+19.8,+20.3,+20.2,+20.3
2024-04-27 18:07,3,+8.6,+21.0,+18.8,+14.5,+18.0,+25.5,+19.7,+19.6,+19.8,+19.8,+20.5,+20.2,+20.5
2024-04-27 19:07,3,+8.6,+21.0,+18.8,+14.7,+18.0,+25.5,+19.7,+19.6,+19.8,+19.8,+20.3,+20.2,+20.5
2024-04-27 20:07,3,+8.6,+21.0,+18.8,+14.7,+18.0,+25.5,+19.5,+19.6,+19.8,+19.8,+20.5,+20.2,+20.3
2024-04-27 21:07,3,+8.6,+21.0,+18.8,+14.6,+18.0,+25.5,+19.5,+19.6,+19.8,+19.8,+20.5,+20.2,+20.3
2024-04-27 22:07,3,+8.6,+21.0,+18.7,+14.7,+18.0,+25.5,+19.3,+19.6,+19.8,+20.0,+20.3,+20.2,+20.3
2024-04-27 23:07,3,+8.6,+21.0,+18.8,+14.6,+18.0,+25.5,+19.3,+19.6,+19.8,+19.8,+20.5,+20.3,+20.3
2024-04-28 00:07,3,+8.6,+21.0,+18.7,+14.7,+18.0,+25.5,+19.3,+19.6,+19.8,+19.8,+20.5,+20.2,+20.3
2024-04-28 01:07,3,+8.6,+21.0,+18.7,+14.7,+18.0,+25.5,+19.3,+19.5,+19.8,+19.8,+20.5,+20.3,+20.3
2024-04-28 02:07,3,+8.6,+21.0,+18.7,+14.7,+18.0,+25.5,+19.2,+19.5,+19.8,+19.8,+20.5,+20.2,+20.3
2024-04-28 03:07,3,+8.6,+21.0,+18.7,+14.7,+18.0,+25.5,+19.2,+19.5,+20.0,+19.8,+20.5,+20.2,+20.5
2024-04-28 04:07,3,+8.6,+21.0,+18.7,+14.6,+18.0,+25.5,+19.2,+19.5,+20.0,+19.8,+20.5,+20.2,+20.3
2024-04-28 05:07,3,+8.6,+21.0,+18.7,+14.5,+17.9,+25.5,+19.1,+19.5,+19.8,+19.8,+20.5,+20.2,+20.3
2024-04-28 06:07,3,+8.6,+21.0,+18.7,+14.7,+18.0,+25.5,+19.1,+19.5,+20.0,+19.8,+20.3,+20.2,+20.5
2024-04-28 07:07,3,+8.6,+21.0,+18.7,+14.5,+17.9,+25.4,+19.1,+19.5,+20.0,+20.0,+20.5,+20.2,+20.3
2024-04-28 08:07,3,+8.5,+20.9,+18.7,+14.6,+18.0,+25.4,+19.2,+19.3,+19.8,+19.8,+20.3,+20.2,+20.3
2024-04-28 09:07,3,+8.5,+20.9,+18.6,+14.7,+18.0,+25.5,+19.3,+19.5,+20.0,+20.0,+20.5,+20.2,+20.3
2024-04-28 10:07,3,+8.5,+20.9,+18.6,+14.6,+18.0,+25.4,+19.3,+19.5,+19.8,+20.0,+20.5,+20.2,+20.3
2024-04-28 11:07,3,+8.4,+20.9,+18.6,+14.7,+18.0,+25.5,+19.5,+19.5,+19.8,+20.0,+20.5,+20.2,+20.3
2024-04-28 12:07,3,+8.4,+20.9,+18.6,+14.5,+17.9,+25.4,+19.6,+19.5,+19.8,+19.8,+20.5,+20.2,+20.3
2024-04-28 13:07,3,+8.4,+20.8,+18.6,+14.7,+18.0,+25.4,+19.7,+19.5,+20.0,+20.0,+20.5,+20.2,+20.3
2024-04-28 14:07,3,+8.4,+20.8,+18.6,+14.7,+18.0,+25.5,+19.7,+19.6,+19.8,+19.8,+20.3,+20.2,+20.3
2024-04-28 15:07,3,+8.3,+20.8,+18.5,+14.5,+17.9,+25.4,+19.8,+19.6,+19.8,+19.8,+20.5,+20.2,+20.5
2024-04-28 16:07,3,+8.3,+20.8,+18.5,+14.7,+18.0,+25.4,+19.8,+19.6,+19.8,+19.8,+20.5,+20.2,+20.3
2024-04-28 17:07,3,+8.6,+20.8,+18.5,+14.5,+17.9,+25.4,+19.8,+19.6,+20.0,+19.8,+20.5,+20.2,+20.5
2024-04-28 18:07,3,+8.5,+20.7,+18.5,+14.5,+17.9,+25.4,+19.8,+19.7,+20.0,+20.0,+20.3,+20.2,+20.5
2024-04-28 19:07,3,+8.7,+20.7,+18.5,+14.7,+18.0,+25.4,+19.7,+19.7,+20.0,+20.0,+20.5,+20.2,+20.3
2024-04-28 20:07,3,+8.6,+20.7,+18.5,+14.5,+17.9,+25.4,+19.7,+19.7,+20.0,+20.0,+20.5,+20.2,+20.5
2024-04-28 21:07,3,+8.5,+20.8,+18.5,+14.5,+17.9,+25.4,+19.7,+19.7,+20.0,+19.8,+20.5,+20.2,+20.3
2024-04-28 22:07,3,+8.5,+20.7,+18.5,+14.7,+18.0,+25.4,+19.7,+19.7,+20.0,+19.8,+20.5,+20.2,+20.3
2024-04-28 23:07,3,+8.4,+20.7,+18.5,+14.7,+18.0,+25.4,+19.7,+19.7,+20.0,+19.8,+20.5,+20.2,+20.3
2024-04-29 00:07,3,+8.4,+20.8,+18.5,+14.7,+18.0,+25.4,+19.7,+19.7,+20.0,+20.0,+20.5,+20.2,+20.3
2024-04-29 01:07,3,+8.5,+20.7,+18.5,+14.6,+18.0,+25.4,+19.6,+19.7,+20.0,+20.0,+20.5,+20.2,+20.5
2024-04-29 02:07,3,+8.5,+20.7,+18.5,+14.5,+17.9,+25.4,+19.6,+19.7,+20.0,+20.0,+20.5,+20.2,+20.5
2024-04-29 03:07,3,+8.5,+20.7,+18.5,+14.5,+17.9,+25.4,+19.6,+19.7,+20.0,+20.0,+20.5,+20.3,+20.3
2024-04-29 04:07,3,+8.5,+20.7,+18.5,+14.5,+17.9,+25.4,+19.5,+19.6,+20.0,+20.0,+20.5,+20.2,+20.3
2024-04-29 05:07,3,+8.6,+20.7,+18.5,+14.7,+18.0,+25.4,+19.3,+19.6,+20.0,+20.0,+20.5,+20.2,+20.3
2024-04-29 06:07,3,+8.6,+20.7,+18.5,+14.5,+17.9,+25.3,+19.5,+19.7,+20.0,+20.0,+20.5,+20.2,+20.5
2024-04-29 07:07,3,+8.6,+20.7,+18.5,+14.7,+18.0,+25.4,+19.3,+19.7,+20.1,+20.0,+20.5,+20.2,+20.3
2024-04-29 08:07,3,+8.6,+20.7,+18.4,+14.5,+17.9,+25.4,+19.5,+19.6,+20.0,+20.0,+20.5,+20.2,+20.3
2024-04-29 09:07,3,+8.6,+20.7,+18.4,+14.5,+17.9,+25.3,+19.6,+19.6,+20.0,+20.0,+20.5,+20.2,+20.3
2024-04-29 10:07,3,+8.5,+20.7,+18.4,+14.5,+17.9,+25.3,+19.6,+19.6,+20.0,+20.0,+20.5,+20.3,+20.5
2024-04-29 11:07,3,+8.4,+20.6,+18.4,+14.6,+17.9,+25.4,+19.7,+19.6,+20.0,+20.0,+20.5,+20.2,+20.5
2024-04-29 12:07,3,+8.4,+20.6,+18.4,+14.7,+18.0,+25.4,+19.7,+19.7,+20.0,+20.0,+20.5,+20.2,+20.5
2024-04-29 13:07,3,+8.4,+20.5,+18.4,+14.6,+17.9,+25.3,+19.8,+19.7,+20.0,+20.0,+20.5,+20.2,+20.3
2024-04-29 14:07,3,+8.3,+20.5,+18.3,+14.6,+17.9,+25.4,+20.0,+19.7,+20.0,+20.0,+20.5,+20.2,+20.5
2024-04-29 15:07,3,+8.3,+20.5,+18.3,+14.5,+17.9,+25.3,+20.1,+19.7,+20.0,+20.0,+20.5,+20.3,+20.3
2024-04-29 16:07,3,+8.3,+20.5,+18.3,+14.6,+18.0,+25.3,+20.1,+19.7,+20.0,+20.0,+20.5,+20.2,+20.5
2024-04-29 17:07,3,+8.3,+20.5,+18.3,+14.5,+17.9,+25.3,+20.1,+19.7,+20.1,+20.0,+20.5,+20.2,+20.3
2024-04-29 18:07,3,+8.3,+20.5,+18.3,+14.6,+17.9,+25.3,+20.1,+19.8,+20.0,+20.0,+20.5,+20.2,+20.3
2024-04-29 19:07,3,+8.3,+20.5,+18.3,+14.5,+17.9,+25.3,+20.1,+19.8,+20.1,+20.0,+20.5,+20.2,+20.3
2024-04-29 20:07,3,+8.3,+20.5,+18.3,+14.5,+17.9,+25.3,+20.0,+19.8,+20.1,+20.0,+20.5,+20.2,+20.3
2024-04-29 21:07,3,+8.3,+20.5,+18.3,+14.6,+17.9,+25.3,+20.0,+20.0,+20.1,+20.0,+20.5,+20.2,+20.3
2024-04-29 22:07,3,+8.3,+20.5,+18.3,+14.5,+17.9,+25.3,+20.0,+19.8,+20.1,+20.0,+20.5,+20.2,+20.3
2024-04-29 23:07,3,+8.3,+20.5,+18.3,+14.6,+17.9,+25.3,+20.0,+19.8,+20.1,+20.0,+20.5,+20.2,+20.3
2024-04-30 00:07,3,+8.3,+20.5,+18.3,+14.5,+17.9,+25.3,+19.8,+19.8,+20.1,+20.0,+20.5,+20.3,+20.3
2024-04-30 01:07,3,+8.3,+20.4,+18.3,+14.5,+17.9,+25.3,+19.7,+19.8,+20.1,+20.0,+20.5,+20.2,+20.3
2024-04-30 02:07,3,+8.3,+20.5,+18.3,+14.5,+17.9,+25.3,+19.7,+19.8,+20.1,+20.0,+20.5,+20.2,+20.5
2024-04-30 03:07,3,+8.3,+20.4,+18.3,+14.5,+17.9,+25.3,+19.6,+19.8,+20.1,+20.0,+20.5,+20.3,+20.3
2024-04-30 04:07,3,+8.3,+20.4,+18.3,+14.6,+17.9,+25.3,+19.5,+19.7,+20.2,+20.0,+20.5,+20.3,+20.5
2024-04-30 05:07,3,+8.3,+20.4,+18.2,+14.6,+17.9,+25.3,+19.5,+19.7,+20.1,+20.0,+20.5,+20.2,+20.5
2024-04-30 06:07,3,+8.3,+20.4,+18.2,+14.6,+17.9,+25.3,+19.3,+19.7,+20.1,+20.0,+20.5,+20.2,+20.5
2024-04-30 07:07,3,+8.1,+20.4,+18.2,+14.6,+17.9,+25.3,+19.5,+19.7,+20.1,+20.1,+20.5,+20.3,+20.5
2024-04-30 08:07,3,+8.0,+20.4,+18.2,+14.5,+17.9,+25.3,+19.5,+19.7,+20.1,+20.1,+20.5,+20.3,+20.3
2024-04-30 09:07,3,+8.0,+20.4,+18.2,+14.6,+17.9,+25.3,+19.5,+19.7,+20.1,+20.0,+20.5,+20.2,+20.3
2024-04-30 10:07,3,+7.9,+20.3,+18.2,+14.5,+17.9,+25.2,+19.6,+19.6,+20.1,+20.1,+20.5,+20.2,+20.3
2024-04-30 11:07,3,+7.9,+20.3,+18.2,+14.5,+17.9,+25.2,+19.7,+19.7,+20.1,+20.0,+20.5,+20.3,+20.5
2024-04-30 12:07,3,+7.8,+20.2,+18.2,+14.5,+17.9,+25.2,+19.8,+19.7,+20.1,+20.0,+20.5,+20.3,+20.3
2024-04-30 13:07,3,+7.8,+20.2,+18.1,+14.6,+17.9,+25.3,+20.0,+19.7,+20.1,+20.1,+20.5,+20.2,+20.3
2024-04-30 14:07,3,+7.8,+20.2,+18.1,+14.6,+17.9,+25.2,+20.1,+19.7,+20.1,+20.0,+20.5,+20.3,+20.5
2024-04-30 15:07,3,+7.8,+20.1,+18.1,+14.6,+17.9,+25.2,+20.1,+19.8,+20.1,+20.1,+20.5,+20.3,+20.3
2024-04-30 16:07,3,+7.7,+20.1,+18.1,+14.5,+17.9,+25.2,+20.2,+19.8,+20.1,+20.0,+20.5,+20.3,+20.3
2024-04-30 17:07,3,+7.7,+20.1,+18.1,+14.5,+17.9,+25.2,+20.2,+20.0,+20.0,+20.0,+20.5,+20.3,+20.5
2024-04-30 18:07,3,+7.8,+20.1,+18.1,+14.6,+17.9,+25.2,+20.1,+20.0,+20.2,+20.0,+20.5,+20.2,+20.5
2024-04-30 19:07,3,+7.8,+20.1,+18.1,+14.6,+17.9,+25.2,+20.1,+20.0,+20.1,+20.0,+20.5,+20.3,+20.3
2024-04-30 20:07,3,+7.8,+20.1,+18.1,+14.6,+17.9,+25.2,+20.0,+20.0,+20.1,+20.0,+20.5,+20.3,+20.5
2024-04-30 21:07,3,+7.8,+20.1,+18.1,+14.5,+17.9,+25.2,+19.8,+19.8,+20.1,+20.0,+20.5,+20.3,+20.5
2024-04-30 22:07,3,+7.8,+20.1,+18.1,+14.5,+17.9,+25.2,+19.7,+19.8,+20.1,+20.1,+20.5,+20.2,+20.3
2024-04-30 23:07,3,+7.8,+20.1,+18.1,+14.6,+17.9,+25.2,+19.6,+19.8,+20.1,+20.0,+20.5,+20.3,+20.5
2024-05-01 00:07,3,+7.8,+20.1,+18.1,+14.6,+17.9,+25.2,+19.5,+19.8,+20.2,+20.1,+20.5,+20.2,+20.5
2024-05-01 01:07,3,+7.8,+20.1,+18.0,+14.6,+17.9,+25.2,+19.3,+19.8,+20.2,+20.0,+20.6,+20.3,+20.5
2024-05-01 02:07,3,+7.8,+20.1,+18.0,+14.5,+17.9,+25.1,+19.3,+19.7,+20.1,+20.1,+20.5,+20.3,+20.5
2024-05-01 03:07,3,+7.8,+20.1,+18.0,+14.6,+17.9,+25.2,+19.3,+19.7,+20.2,+20.0,+20.6,+20.3,+20.5
2024-05-01 04:07,3,+7.8,+20.0,+18.0,+14.5,+17.9,+25.1,+19.2,+19.7,+20.2,+20.0,+20.5,+20.2,+20.3
2024-05-01 05:07,3,+7.8,+20.0,+18.0,+14.5,+17.9,+25.1,+19.2,+19.7,+20.1,+20.1,+20.6,+20.3,+20.5
2024-05-01 06:07,3,+7.8,+20.0,+18.0,+14.6,+17.9,+25.2,+19.1,+19.6,+20.1,+20.1,+20.6,+20.3,+20.5
2024-05-01 07:07,3,+7.8,+20.0,+18.0,+14.5,+17.9,+25.1,+19.2,+19.6,+20.1,+20.0,+20.6,+20.3,+20.5
2024-05-01 08:07,3,+7.8,+20.0,+18.0,+14.5,+17.9,+25.1,+19.2,+19.6,+20.1,+20.1,+20.5,+20.3,+20.5
2024-05-01 09:07,3,+7.7,+20.0,+18.0,+14.5,+17.9,+25.1,+19.3,+19.6,+20.1,+20.1,+20.6,+20.3,+20.5
2024-05-01 10:07,3,+7.7,+19.9,+18.0,+14.5,+17.9,+25.1,+19.6,+19.6,+20.1,+20.1,+20.5,+20.3,+20.5
2024-05-01 11:07,3,+7.6,+19.9,+18.0,+14.6,+17.9,+25.1,+19.7,+19.6,+20.0,+20.1,+20.5,+20.3,+20.5
2024-05-01 12:07,3,+7.6,+19.8,+17.9,+14.6,+17.9,+25.1,+19.7,+19.7,+20.1,+20.1,+20.6,+20.2,+20.5
2024-05-01 13:07,3,+7.5,+19.8,+17.9,+14.6,+17.9,+25.1,+19.8,+19.7,+20.1,+20.0,+20.5,+20.3,+20.5
2024-05-01 14:07,3,+7.5,+19.8,+17.9,+14.4,+17.9,+25.1,+20.0,+19.7,+20.1,+20.1,+20.5,+20.2,+20.3
2024-05-01 15:07,3,+7.4,+19.7,+17.9,+14.4,+17.9,+25.1,+20.1,+19.7,+20.0,+20.1,+20.5,+20.3,+20.5
2024-05-01 16:07,3,+7.4,+19.7,+17.9,+14.5,+17.9,+25.1,+20.2,+19.8,+20.1,+20.1,+20.5,+20.3,+20.5
2024-05-01 17:07,3,+7.4,+19.7,+17.9,+14.5,+17.9,+25.1,+20.2,+19.8,+20.1,+20.1,+20.6,+20.3,+20.3
2024-05-01 18:07,3,+7.4,+19.7,+17.9,+14.4,+17.9,+25.1,+20.2,+19.8,+20.1,+20.0,+20.5,+20.3,+20.3
2024-05-01 19:07,3,+7.4,+19.7,+17.9,+14.5,+17.9,+25.1,+20.0,+19.8,+20.1,+20.0,+20.5,+20.3,+20.3
2024-05-01 20:07,3,+7.5,+19.7,+17.8,+14.5,+17.9,+25.1,+19.8,+19.8,+20.1,+20.0,+20.5,+20.3,+20.5
2024-05-01 21:07,3,+7.5,+19.7,+17.8,+14.5,+17.9,+25.1,+19.7,+19.8,+20.1,+20.1,+20.6,+20.3,+20.5
2024-05-01 22:07,3,+7.5,+19.7,+17.8,+14.4,+17.8,+25.1,+19.6,+19.8,+20.2,+20.1,+20.6,+20.3,+20.5
2024-05-01 23:07,3,+7.5,+19.7,+17.8,+14.4,+17.8,+25.0,+19.6,+19.8,+20.1,+20.1,+20.5,+20.2,+20.5
2024-05-02 00:07,3,+7.5,+19.7,+17.8,+14.4,+17.8,+25.0,+19.5,+19.7,+20.1,+20.1,+20.6,+20.3,+20.5
2024-05-02 01:07,3,+7.5,+19.6,+17.8,+14.4,+17.8,+25.1,+19.3,+19.7,+20.1,+20.1,+20.5,+20.3,+20.3
2024-05-02 02:07,3,+7.4,+19.6,+17.8,+14.5,+17.9,+25.0,+19.2,+19.7,+20.1,+20.1,+20.5,+20.3,+20.5
2024-05-02 03:07,3,+7.5,+19.6,+17.8,+14.5,+17.9,+25.1,+19.2,+19.7,+20.1,+20.1,+20.5,+20.3,+20.3
2024-05-02 04:07,3,+7.5,+19.6,+17.8,+14.4,+17.8,+25.0,+19.1,+19.6,+20.1,+20.1,+20.6,+20.3,+20.5
2024-05-02 05:07,3,+7.4,+19.6,+17.8,+14.5,+17.9,+25.0,+19.1,+19.6,+20.1,+20.1,+20.6,+20.3,+20.3
2024-05-02 06:07,3,+7.4,+19.6,+17.8,+14.5,+17.9,+25.0,+19.0,+19.6,+20.1,+20.1,+20.6,+20.3,+20.5
2024-05-02 07:07,3,+7.4,+19.6,+17.8,+14.4,+17.8,+25.0,+19.0,+19.5,+20.1,+20.0,+20.5,+20.3,+20.3
2024-05-02 08:07,3,+7.4,+19.5,+17.8,+14.5,+17.9,+25.0,+19.1,+19.5,+20.1,+20.1,+20.6,+20.3,+20.5
2024-05-02 09:07,3,+7.3,+19.5,+17.8,+14.5,+17.9,+25.0,+19.2,+19.5,+20.1,+20.1,+20.5,+20.3,+20.5
2024-05-02 10:07,3,+7.3,+19.5,+17.7,+14.5,+17.9,+25.0,+19.3,+19.5,+20.1,+20.1,+20.5,+20.2,+20.5
2024-05-02 11:07,3,+7.3,+19.4,+17.7,+14.4,+17.8,+25.0,+19.5,+19.5,+20.0,+20.1,+20.5,+20.3,+20.5
2024-05-02 12:07,3,+7.2,+19.4,+17.7,+14.4,+17.8,+25.0,+19.6,+19.6,+20.1,+20.1,+20.6,+20.3,+20.5
2024-05-02 13:07,3,+7.1,+19.3,+17.7,+14.4,+17.8,+24.9,+19.7,+19.6,+20.0,+20.0,+20.5,+20.3,+20.5
2024-05-02 14:07,3,+7.1,+19.3,+17.7,+14.4,+17.8,+25.0,+19.8,+19.6,+20.0,+20.0,+20.5,+20.3,+20.5
2024-05-02 15:07,3,+7.1,+19.2,+17.7,+14.4,+17.8,+25.0,+20.0,+19.7,+20.0,+20.1,+20.6,+20.3,+20.5
2024-05-02 16:07,3,+7.1,+19.2,+17.6,+14.4,+17.8,+25.0,+20.0,+19.7,+20.0,+20.0,+20.6,+20.3,+20.3
2024-05-02 17:07,3,+7.1,+19.2,+17.6,+14.5,+17.8,+25.0,+20.1,+19.7,+20.0,+20.0,+20.5,+20.3,+20.5
2024-05-02 18:07,3,+7.1,+19.2,+17.6,+14.4,+17.8,+25.0,+20.1,+19.7,+20.0,+20.0,+20.6,+20.3,+20.5
2024-05-02 19:07,3,+7.1,+19.2,+17.6,+14.3,+17.8,+24.9,+20.0,+19.7,+20.1,+20.1,+20.6,+20.3,+20.5
2024-05-02 20:07,3,+7.1,+19.2,+17.6,+14.4,+17.8,+24.9,+20.0,+19.8,+20.1,+20.0,+20.5,+20.2,+20.5
2024-05-02 21:07,3,+7.1,+19.2,+17.6,+14.4,+17.8,+24.9,+19.8,+19.8,+20.1,+20.1,+20.5,+20.3,+20.5
2024-05-02 22:07,3,+7.1,+19.2,+17.6,+14.4,+17.8,+24.9,+19.7,+19.7,+20.1,+20.0,+20.5,+20.3,+20.5
2024-05-02 23:07,3,+7.1,+19.2,+17.6,+14.4,+17.8,+24.9,+19.7,+19.8,+20.1,+20.0,+20.5,+20.3,+20.5
2024-05-03 00:07,3,+7.1,+19.2,+17.6,+14.4,+17.8,+24.9,+19.5,+19.7,+20.1,+20.0,+20.5,+20.3,+20.3
2024-05-03 01:07,3,+7.1,+19.2,+17.6,+14.3,+17.8,+24.9,+19.3,+19.7,+20.1,+20.0,+20.5,+20.3,+20.3
2024-05-03 02:07,3,+7.1,+19.2,+17.6,+14.3,+17.8,+24.9,+19.2,+19.7,+20.1,+20.0,+20.6,+20.3,+20.5
2024-05-03 03:07,3,+7.1,+19.2,+17.6,+14.3,+17.8,+24.9,+19.0,+19.6,+20.1,+20.1,+20.5,+20.3,+20.5
2024-05-03 04:07,3,+7.2,+19.2,+17.6,+14.3,+17.7,+24.9,+19.0,+19.6,+20.1,+20.0,+20.5,+20.3,+20.5
2024-05-03 05:07,3,+7.2,+19.2,+17.6,+14.3,+17.7,+24.9,+19.0,+19.6,+20.1,+20.1,+20.5,+20.3,+20.5
2024-05-03 06:07,3,+7.1,+19.1,+17.6,+14.4,+17.8,+24.9,+19.0,+19.5,+20.1,+20.0,+20.6,+20.3,+20.5
2024-05-03 07:07,3,+7.1,+19.1,+17.5,+14.3,+17.7,+24.9,+19.1,+19.5,+20.1,+20.1,+20.6,+20.3,+20.5
2024-05-03 08:07,3,+7.1,+19.1,+17.5,+14.4,+17.8,+24.9,+19.2,+19.5,+20.0,+20.0,+20.6,+20.3,+20.5
2024-05-03 09:07,3,+7.1,+19.1,+17.5,+14.3,+17.7,+24.9,+19.2,+19.5,+20.0,+20.1,+20.5,+20.3,+20.3
2024-05-03 10:07,3,+7.0,+19.0,+17.5,+14.4,+17.8,+24.9,+19.5,+19.5,+20.1,+20.1,+20.5,+20.3,+20.5
2024-05-03 11:07,3,+6.9,+19.0,+17.5,+14.3,+17.7,+24.9,+19.6,+19.5,+20.0,+20.0,+20.5,+20.3,+20.5
2024-05-03 12:07,3,+6.9,+19.0,+17.4,+14.4,+17.8,+24.9,+19.7,+19.5,+20.0,+20.0,+20.6,+20.2,+20.5
2024-05-03 13:07,3,+6.9,+18.9,+17.4,+14.4,+17.8,+24.9,+19.8,+19.6,+20.0,+20.0,+20.5,+20.3,+20.5
2024-05-03 14:07,3,+6.9,+18.9,+17.4,+14.4,+17.8,+24.9,+20.0,+19.6,+20.0,+20.0,+20.5,+20.2,+20.3
2024-05-03 15:07,3,+6.8,+18.9,+17.4,+14.3,+17.7,+24.8,+20.0,+19.6,+20.0,+20.0,+20.5,+20.3,+20.3
2024-05-03 16:07,3,+6.8,+18.9,+17.4,+14.3,+17.7,+24.8,+20.0,+19.6,+20.0,+20.0,+20.5,+20.2,+20.5
2024-05-03 17:07,3,+6.8,+18.9,+17.4,+14.4,+17.8,+24.8,+20.1,+19.7,+20.0,+20.0,+20.5,+20.3,+20.5
2024-05-03 18:07,3,+6.9,+18.9,+17.4,+14.3,+17.7,+24.8,+20.1,+19.7,+20.1,+20.0,+20.5,+20.2,+20.3
2024-05-03 19:07,3,+6.9,+18.9,+17.4,+14.3,+17.7,+24.8,+20.0,+19.8,+20.0,+20.0,+20.5,+20.3,+20.5
2024-05-03 20:07,3,+6.9,+18.9,+17.4,+14.2,+17.7,+24.8,+20.0,+19.8,+20.1,+20.0,+20.5,+20.3,+20.5
2024-05-03 21:07,3,+6.9,+18.8,+17.4,+14.2,+17.7,+24.8,+20.0,+19.8,+20.1,+20.0,+20.5,+20.3,+20.5
2024-05-03 22:07,3,+6.9,+18.9,+17.4,+14.3,+17.7,+24.8,+19.8,+19.8,+20.1,+20.0,+20.5,+20.3,+20.3
2024-05-03 23:07,3,+6.9,+18.9,+17.4,+14.4,+17.7,+24.8,+19.7,+19.8,+20.1,+20.0,+20.5,+20.3,+20.5
2024-05-04 00:07,3,+6.9,+18.8,+17.4,+14.4,+17.7,+24.8,+19.6,+19.8,+20.1,+20.0,+20.5,+20.3,+20.3
2024-05-04 01:07,3,+6.9,+18.8,+17.4,+14.3,+17.7,+24.8,+19.5,+19.8,+20.1,+20.0,+20.5,+20.3,+20.5
2024-05-04 02:07,3,+6.9,+18.8,+17.4,+14.4,+17.7,+24.8,+19.3,+19.8,+20.1,+20.0,+20.5,+20.2,+20.3
2024-05-04 03:07,3,+6.9,+18.8,+17.4,+14.4,+17.7,+24.8,+19.3,+19.7,+20.1,+20.1,+20.5,+20.3,+20.3
2024-05-04 04:07,3,+6.9,+18.8,+17.4,+14.4,+17.7,+24.8,+19.2,+19.7,+20.1,+20.0,+20.5,+20.3,+20.5
2024-05-04 05:07,3,+6.9,+18.8,+17.4,+14.2,+17.7,+24.8,+19.1,+19.6,+20.1,+20.1,+20.6,+20.3,+20.5
2024-05-04 06:07,3,+6.9,+18.8,+17.4,+14.4,+17.7,+24.8,+19.1,+19.6,+20.1,+20.0,+20.5,+20.3,+20.5
2024-05-04 07:07,3,+6.9,+18.8,+17.4,+14.4,+17.7,+24.8,+19.2,+19.5,+20.1,+20.0,+20.5,+20.2,+20.5
2024-05-04 08:07,3,+6.9,+18.8,+17.3,+14.4,+17.7,+24.8,+19.3,+19.6,+20.1,+20.0,+20.6,+20.3,+20.5
2024-05-04 09:07,3,+6.9,+18.8,+17.3,+14.2,+17.7,+24.7,+19.3,+19.6,+20.1,+20.0,+20.5,+20.3,+20.3
2024-05-04 10:07,3,+6.8,+18.7,+17.3,+14.4,+17.7,+24.7,+19.6,+19.6,+20.1,+20.0,+20.6,+20.3,+20.5
2024-05-04 11:07,3,+6.8,+18.7,+17.3,+14.2,+17.7,+24.7,+19.7,+19.6,+20.1,+20.1,+20.6,+20.3,+20.3
2024-05-04 12:07,3,+6.8,+18.7,+17.3,+14.3,+17.7,+24.7,+19.8,+19.6,+20.0,+20.1,+20.5,+20.2,+20.3
2024-05-04 13:07,3,+6.7,+18.6,+17.3,+14.3,+17.7,+24.7,+20.0,+19.6,+20.0,+20.0,+20.5,+20.2,+20.3
2024-05-04 14:07,3,+6.6,+18.6,+17.2,+14.2,+17.7,+24.7,+20.1,+19.7,+20.0,+20.0,+20.5,+20.3,+20.5
2024-05-04 15:07,3,+6.6,+18.5,+17.2,+14.3,+17.7,+24.7,+20.2,+19.8,+20.0,+20.0,+20.5,+20.3,+20.3
2024-05-04 16:07,3,+6.6,+18.5,+17.2,+14.2,+17.6,+24.7,+20.2,+19.8,+20.1,+20.0,+20.5,+20.3,+20.5
2024-05-04 17:07,3,+6.6,+18.5,+17.2,+14.2,+17.6,+24.7,+20.2,+19.8,+20.1,+20.0,+20.5,+20.3,+20.5
2024-05-04 18:07,3,+6.6,+18.5,+17.2,+14.3,+17.7,+24.7,+20.2,+19.8,+20.1,+20.0,+20.5,+20.2,+20.5
2024-05-04 19:07,3,+6.6,+18.5,+17.2,+14.2,+17.6,+24.7,+20.2,+20.0,+20.1,+20.0,+20.6,+20.2,+20.5
2024-05-04 20:07,3,+6.6,+18.5,+17.2,+14.2,+17.6,+24.7,+20.1,+20.0,+20.1,+20.0,+20.5,+20.3,+20.5
2024-05-04 21:07,3,+6.6,+18.5,+17.2,+14.2,+17.6,+24.7,+20.1,+20.0,+20.1,+20.0,+20.5,+20.2,+20.5
2024-05-04 22:07,3,+6.7,+18.5,+17.2,+14.3,+17.7,+24.7,+20.0,+20.0,+20.1,+20.1,+20.5,+20.3,+20.5
2024-05-04 23:07,3,+6.6,+18.5,+17.2,+14.3,+17.7,+24.7,+19.8,+19.8,+20.1,+20.0,+20.5,+20.2,+20.3
2024-05-05 00:07,3,+6.6,+18.5,+17.2,+14.2,+17.6,+24.6,+19.8,+19.8,+20.1,+20.0,+20.5,+20.3,+20.5
2024-05-05 01:07,3,+6.7,+18.5,+17.2,+14.2,+17.6,+24.6,+19.7,+19.8,+20.1,+20.0,+20.5,+20.3,+20.3
2024-05-05 02:07,3,+6.7,+18.5,+17.2,+14.2,+17.6,+24.6,+19.7,+19.8,+20.1,+20.0,+20.5,+20.3,+20.3
2024-05-05 03:07,3,+6.6,+18.5,+17.2,+14.3,+17.7,+24.6,+19.6,+19.8,+20.1,+20.0,+20.6,+20.3,+20.5
2024-05-05 04:07,3,+6.6,+18.5,+17.2,+14.2,+17.6,+24.6,+19.5,+19.8,+20.2,+20.1,+20.5,+20.3,+20.3
2024-05-05 05:07,3,+6.6,+18.5,+17.2,+14.2,+17.6,+24.6,+19.5,+19.7,+20.2,+20.0,+20.6,+20.3,+20.5
2024-05-05 06:07,3,+6.6,+18.5,+17.2,+14.2,+17.6,+24.6,+19.3,+19.7,+20.1,+20.1,+20.5,+20.3,+20.3
2024-05-05 07:07,3,+6.6,+18.5,+17.2,+14.3,+17.7,+24.6,+19.3,+19.7,+20.1,+20.1,+20.5,+20.3,+20.5
2024-05-05 08:07,3,+6.6,+18.4,+17.2,+14.3,+17.6,+24.6,+19.3,+19.7,+20.1,+20.0,+20.6,+20.3,+20.3
2024-05-05 09:07,3,+6.6,+18.4,+17.1,+14.2,+17.6,+24.6,+19.5,+19.7,+20.1,+20.0,+20.5,+20.3,+20.3
2024-05-05 10:07,3,+6.5,+18.4,+17.1,+14.2,+17.6,+24.6,+19.6,+19.7,+20.1,+20.1,+20.6,+20.3,+20.3
2024-05-05 11:07,3,+6.5,+18.3,+17.1,+14.3,+17.6,+24.6,+19.7,+19.7,+20.1,+20.1,+20.6,+20.3,+20.3
2024-05-05 12:07,3,+6.5,+18.3,+17.1,+14.2,+17.6,+24.6,+19.8,+19.7,+20.1,+20.1,+20.5,+20.3,+20.5
2024-05-05 13:07,3,+6.4,+18.3,+17.1,+14.3,+17.6,+24.6,+19.8,+19.7,+20.1,+20.1,+20.6,+20.3,+20.5
2024-05-05 14:07,3,+6.4,+18.3,+17.1,+14.3,+17.6,+24.6,+19.8,+19.8,+20.1,+20.1,+20.6,+20.3,+20.5
2024-05-05 15:07,3,+6.4,+18.3,+17.1,+14.2,+17.6,+24.6,+20.0,+19.7,+20.1,+20.0,+20.5,+20.3,+20.5
2024-05-05 16:07,3,+6.4,+18.2,+17.1,+14.2,+17.6,+24.5,+20.0,+19.7,+20.1,+20.1,+20.5,+20.3,+20.3
2024-05-05 17:07,3,+6.4,+18.2,+17.1,+14.2,+17.6,+24.5,+20.0,+19.8,+20.1,+20.1,+20.6,+20.2,+20.3
2024-05-05 18:07,3,+6.4,+18.2,+17.1,+14.1,+17.6,+24.5,+20.0,+19.8,+20.1,+20.1,+20.5,+20.3,+20.5
2024-05-05 19:07,3,+6.4,+18.2,+17.1,+14.2,+17.6,+24.6,+20.0,+19.8,+20.1,+20.1,+20.6,+20.3,+20.5
2024-05-05 20:07,3,+6.4,+18.2,+17.1,+14.2,+17.6,+24.5,+20.0,+19.8,+20.1,+20.1,+20.5,+20.3,+20.5
2024-05-05 21:07,3,+6.4,+18.2,+17.0,+14.1,+17.6,+24.5,+19.8,+20.0,+20.1,+20.1,+20.5,+20.3,+20.5
2024-05-05 22:07,3,+6.4,+18.2,+17.0,+14.1,+17.6,+24.5,+19.7,+19.8,+20.2,+20.0,+20.6,+20.3,+20.5
2024-05-05 23:07,3,+6.4,+18.2,+17.0,+14.2,+17.6,+24.5,+19.6,+19.8,+20.1,+20.1,+20.5,+20.3,+20.5
2024-05-06 00:07,3,+6.5,+18.2,+17.0,+14.2,+17.6,+24.5,+19.5,+19.8,+20.2,+20.1,+20.5,+20.3,+20.3
2024-05-06 01:07,3,+6.4,+18.2,+17.0,+14.2,+17.6,+24.5,+19.3,+19.7,+20.2,+20.1,+20.6,+20.3,+20.3
2024-05-06 02:07,3,+6.4,+18.2,+17.0,+14.1,+17.6,+24.5,+19.3,+19.8,+20.2,+20.1,+20.5,+20.3,+20.5
2024-05-06 03:07,3,+6.4,+18.2,+17.0,+14.2,+17.6,+24.5,+19.2,+19.7,+20.1,+20.0,+20.6,+20.3,+20.5
2024-05-06 04:07,3,+6.4,+18.2,+17.0,+14.1,+17.6,+24.5,+19.2,+19.7,+20.1,+20.1,+20.6,+20.3,+20.3
2024-05-06 05:07,3,+6.4,+18.2,+17.0,+14.2,+17.6,+24.5,+19.2,+19.6,+20.1,+20.1,+20.6,+20.3,+20.5
2024-05-06 06:07,3,+6.4,+18.2,+17.0,+14.1,+17.6,+24.5,+19.2,+19.6,+20.2,+20.1,+20.6,+20.3,+20.5
2024-05-06 07:07,3,+6.6,+18.1,+17.0,+14.1,+17.5,+24.5,+19.1,+19.5,+20.2,+20.1,+20.5,+20.3,+20.5
2024-05-06 08:07,3,+6.6,+18.1,+17.0,+14.1,+17.6,+24.5,+19.1,+19.6,+20.1,+20.1,+20.6,+20.3,+20.3
2024-05-06 09:07,3,+6.7,+18.1,+16.9,+14.2,+17.6,+24.5,+19.2,+19.6,+20.1,+20.1,+20.6,+20.3,+20.5
2024-05-06 10:07,3,+6.6,+18.0,+16.9,+14.1,+17.5,+24.5,+19.3,+19.5,+20.1,+20.1,+20.6,+20.3,+20.3
2024-05-06 11:07,3,+6.6,+18.0,+16.9,+14.1,+17.5,+24.5,+19.6,+19.5,+20.1,+20.1,+20.5,+20.3,+20.5
2024-05-06 12:07,3,+6.6,+18.0,+16.9,+14.2,+17.6,+24.5,+19.6,+19.6,+20.0,+20.1,+20.6,+20.3,+20.5
2024-05-06 13:07,3,+6.6,+18.0,+16.9,+14.2,+17.6,+24.5,+19.7,+19.6,+20.1,+20.1,+20.6,+20.3,+20.5
2024-05-06 14:07,3,+6.7,+18.1,+16.9,+14.2,+17.6,+24.5,+19.8,+19.7,+20.1,+20.1,+20.6,+20.3,+20.3
2024-05-06 15:07,3,+6.7,+18.0,+16.9,+14.2,+17.6,+24.5,+19.8,+19.7,+20.1,+20.1,+20.6,+20.3,+20.5
2024-05-06 16:07,3,+6.7,+18.0,+16.9,+14.2,+17.6,+24.5,+20.0,+19.7,+20.1,+20.1,+20.6,+20.3,+20.5
2024-05-06 17:07,3,+6.7,+18.0,+16.9,+14.2,+17.6,+24.5,+20.0,+19.7,+20.1,+20.0,+20.6,+20.3,+20.3
2024-05-06 18:07,3,+6.7,+18.0,+16.9,+14.0,+17.5,+24.4,+20.0,+19.8,+20.1,+20.1,+20.6,+20.3,+20.3
2024-05-06 19:07,3,+6.7,+18.0,+16.9,+14.2,+17.6,+24.5,+19.8,+19.8,+20.1,+20.1,+20.5,+20.3,+20.5
2024-05-06 20:07,3,+6.7,+18.0,+16.9,+14.0,+17.5,+24.4,+19.8,+19.7,+20.1,+20.1,+20.6,+20.3,+20.5
2024-05-06 21:07,3,+6.7,+18.0,+16.9,+14.2,+17.6,+24.5,+19.8,+19.8,+20.1,+20.1,+20.6,+20.3,+20.3
2024-05-06 22:07,3,+6.7,+18.0,+16.9,+14.2,+17.6,+24.5,+19.8,+19.8,+20.1,+20.1,+20.6,+20.3,+20.5
2024-05-06 23:07,3,+6.7,+18.0,+16.9,+14.2,+17.5,+24.4,+19.7,+19.8,+20.1,+20.1,+20.5,+20.3,+20.5
2024-05-07 00:07,3,+6.7,+18.0,+16.9,+14.2,+17.5,+24.4,+19.7,+19.8,+20.1,+20.1,+20.5,+20.3,+20.5
2024-05-07 01:07,3,+6.7,+18.0,+16.8,+14.2,+17.5,+24.4,+19.6,+19.8,+20.1,+20.0,+20.5,+20.3,+20.5
2024-05-07 02:07,3,+6.7,+18.0,+16.8,+14.2,+17.5,+24.4,+19.6,+19.7,+20.1,+20.1,+20.6,+20.3,+20.5
2024-05-07 03:07,3,+6.7,+18.0,+16.8,+14.2,+17.5,+24.4,+19.5,+19.7,+20.1,+20.0,+20.5,+20.3,+20.5
2024-05-07 04:07,3,+6.7,+18.0,+16.8,+14.0,+17.5,+24.4,+19.5,+19.7,+20.2,+20.1,+20.6,+20.3,+20.5
2024-05-07 05:07,3,+6.7,+18.0,+16.8,+14.0,+17.5,+24.4,+19.3,+19.7,+20.1,+20.1,+20.6,+20.3,+20.5
2024-05-07 06:07,3,+6.6,+18.0,+16.8,+14.0,+17.5,+24.4,+19.3,+19.7,+20.1,+20.1,+20.5,+20.3,+20.5
2024-05-07 07:07,3,+6.6,+17.9,+16.8,+14.0,+17.5,+24.4,+19.3,+19.6,+20.1,+20.1,+20.6,+20.3,+20.5
2024-05-07 08:07,3,+6.6,+17.9,+16.8,+14.1,+17.5,+24.4,+19.3,+19.6,+20.1,+20.1,+20.6,+20.3,+20.5
2024-05-07 09:07,3,+6.6,+17.8,+16.8,+14.0,+17.5,+24.4,+19.6,+19.6,+20.1,+20.1,+20.6,+20.3,+20.5
2024-05-07 10:07,3,+6.5,+17.8,+16.7,+14.1,+17.5,+24.4,+19.7,+19.6,+20.1,+20.1,+20.6,+20.3,+20.5
2024-05-07 11:07,3,+6.5,+17.8,+16.7,+14.0,+17.5,+24.3,+19.8,+19.7,+20.1,+20.0,+20.6,+20.3,+20.3
2024-05-07 12:07,3,+6.4,+17.7,+16.7,+14.0,+17.4,+24.3,+20.0,+19.7,+20.1,+20.1,+20.6,+20.3,+20.5
2024-05-07 13:07,3,+6.4,+17.7,+16.7,+14.1,+17.5,+24.3,+20.1,+19.8,+20.1,+20.1,+20.5,+20.3,+20.5
2024-05-07 14:07,3,+6.4,+17.7,+16.7,+14.0,+17.4,+24.3,+20.2,+19.7,+20.1,+20.1,+20.5,+20.3,+20.5
2024-05-07 15:07,3,+6.4,+17.7,+16.7,+14.0,+17.4,+24.3,+20.3,+19.8,+20.1,+20.1,+20.5,+20.3,+20.5
2024-05-07 16:07,3,+6.4,+17.7,+16.6,+14.1,+17.5,+24.3,+20.3,+19.8,+20.1,+20.1,+20.5,+20.3,+20.5
2024-05-07 17:07,3,+6.4,+17.7,+16.6,+14.0,+17.4,+24.3,+20.3,+20.0,+20.1,+20.1,+20.6,+20.3,+20.5
2024-05-07 18:07,3,+6.4,+17.7,+16.7,+14.1,+17.5,+24.3,+20.3,+20.0,+20.1,+20.0,+20.6,+20.3,+20.5
2024-05-07 19:07,3,+6.4,+17.7,+16.6,+14.1,+17.5,+24.3,+20.3,+20.0,+20.1,+20.1,+20.6,+20.3,+20.5
2024-05-07 20:07,3,+6.4,+17.7,+16.6,+14.1,+17.5,+24.3,+20.3,+20.0,+20.1,+20.1,+20.6,+20.3,+20.5
2024-05-07 21:07,3,+6.4,+17.7,+16.6,+14.1,+17.5,+24.3,+20.2,+20.0,+20.2,+20.1,+20.6,+20.3,+20.5
2024-05-07 22:07,3,+6.4,+17.7,+16.6,+14.0,+17.4,+24.3,+20.2,+20.0,+20.2,+20.1,+20.6,+20.3,+20.5
2024-05-07 23:07,3,+6.4,+17.7,+16.6,+14.0,+17.4,+24.3,+20.2,+20.0,+20.2,+20.0,+20.6,+20.3,+20.5
2024-05-08 00:07,3,+6.4,+17.7,+16.6,+14.0,+17.4,+24.3,+20.2,+20.0,+20.2,+20.1,+20.5,+20.3,+20.5
2024-05-08 01:07,3,+6.4,+17.7,+16.6,+14.1,+17.4,+24.3,+20.2,+20.0,+20.2,+20.1,+20.5,+20.3,+20.5
2024-05-08 02:07,3,+6.5,+17.7,+16.6,+14.1,+17.4,+24.3,+20.2,+20.1,+20.2,+20.1,+20.6,+20.3,+20.5
2024-05-08 03:07,3,+6.4,+17.7,+16.6,+14.1,+17.4,+24.3,+20.1,+20.1,+20.2,+20.1,+20.6,+20.3,+20.5
2024-05-08 04:07,3,+6.5,+17.7,+16.6,+14.1,+17.4,+24.3,+20.1,+20.1,+20.2,+20.1,+20.6,+20.3,+20.5
2024-05-08 05:07,3,+6.5,+17.7,+16.6,+14.1,+17.4,+24.3,+20.0,+20.1,+20.2,+20.1,+20.6,+20.3,+20.5
2024-05-08 06:07,3,+6.5,+17.7,+16.6,+14.0,+17.4,+24.2,+20.0,+20.1,+20.2,+20.1,+20.6,+20.3,+20.5
2024-05-08 07:07,3,+6.5,+17.7,+16.6,+14.0,+17.4,+24.3,+20.1,+20.1,+20.2,+20.1,+20.6,+20.3,+20.5
2024-05-08 08:07,3,+6.4,+17.7,+16.6,+14.0,+17.4,+24.2,+20.1,+20.1,+20.2,+20.1,+20.6,+20.3,+20.5
2024-05-08 09:07,3,+6.4,+17.6,+16.6,+13.9,+17.4,+24.2,+20.1,+20.0,+20.2,+20.1,+20.6,+20.3,+20.3
2024-05-08 10:07,3,+6.4,+17.6,+16.6,+14.0,+17.4,+24.2,+20.2,+20.1,+20.2,+20.2,+20.6,+20.3,+20.5
2024-05-08 11:07,3,+6.4,+17.6,+16.6,+14.0,+17.4,+24.2,+20.2,+20.1,+20.2,+20.1,+20.6,+20.3,+20.5
2024-05-08 12:07,3,+6.4,+17.6,+16.6,+14.1,+17.4,+24.2,+20.2,+20.1,+20.3,+20.1,+20.6,+20.3,+20.5
2024-05-08 13:07,3,+6.4,+17.6,+16.6,+14.0,+17.4,+24.2,+20.3,+20.1,+20.2,+20.1,+20.6,+20.3,+20.5
2024-05-08 14:07,3,+6.4,+17.6,+16.6,+13.9,+17.4,+24.2,+20.3,+20.1,+20.3,+20.1,+20.6,+20.3,+20.5
2024-05-08 15:07,3,+6.4,+17.6,+16.6,+14.0,+17.4,+24.2,+20.2,+20.1,+20.3,+20.1,+20.6,+20.3,+20.5
2024-05-08 16:07,3,+6.4,+17.6,+16.6,+14.0,+17.4,+24.2,+20.2,+20.2,+20.3,+20.2,+20.6,+20.3,+20.3
2024-05-08 17:07,3,+6.4,+17.6,+16.6,+14.0,+17.4,+24.2,+20.1,+20.1,+20.3,+20.1,+20.6,+20.3,+20.5
2024-05-08 18:07,3,+6.4,+17.6,+16.6,+13.9,+17.4,+24.2,+20.1,+20.1,+20.3,+20.2,+20.6,+20.3,+20.5
2024-05-08 19:07,3,+6.5,+17.6,+16.6,+14.0,+17.4,+24.2,+20.0,+20.0,+20.3,+20.2,+20.6,+20.3,+20.5
2024-05-08 20:07,3,+6.5,+17.6,+16.6,+13.9,+17.4,+24.2,+20.0,+20.1,+20.3,+20.1,+20.6,+20.5,+20.5
2024-05-08 21:07,3,+6.5,+17.6,+16.6,+13.9,+17.4,+24.2,+19.8,+20.1,+20.3,+20.1,+20.6,+20.3,+20.5
2024-05-08 22:07,3,+6.5,+17.6,+16.6,+14.0,+17.4,+24.2,+19.8,+20.1,+20.3,+20.2,+20.7,+20.5,+20.5
2024-05-08 23:07,3,+6.5,+17.6,+16.6,+14.0,+17.4,+24.2,+19.8,+20.0,+20.2,+20.2,+20.6,+20.5,+20.5
2024-05-09 00:07,3,+6.5,+17.6,+16.6,+13.9,+17.4,+24.2,+19.8,+20.0,+20.3,+20.1,+20.6,+20.3,+20.5
2024-05-09 01:07,3,+6.5,+17.6,+16.6,+14.0,+17.4,+24.2,+20.0,+20.0,+20.3,+20.2,+20.6,+20.3,+20.5
2024-05-09 02:07,3,+6.5,+17.6,+16.6,+14.0,+17.4,+24.2,+19.8,+20.0,+20.2,+20.2,+20.6,+20.3,+20.5
2024-05-09 03:07,3,+6.5,+17.6,+16.6,+13.9,+17.4,+24.2,+19.8,+20.0,+20.3,+20.2,+20.6,+20.3,+20.5
2024-05-09 04:07,3,+6.5,+17.6,+16.6,+14.0,+17.4,+24.2,+19.7,+20.0,+20.3,+20.2,+20.6,+20.3,+20.5
2024-05-09 05:07,3,+6.5,+17.6,+16.6,+13.9,+17.4,+24.2,+19.6,+20.0,+20.3,+20.2,+20.6,+20.5,+20.5
2024-05-09 06:07,3,+6.5,+17.6,+16.6,+13.9,+17.4,+24.2,+19.6,+20.0,+20.3,+20.2,+20.6,+20.5,+20.5
2024-05-09 07:07,3,+6.5,+17.6,+16.6,+14.0,+17.4,+24.2,+19.7,+19.8,+20.2,+20.2,+20.6,+20.3,+20.5
2024-05-09 08:07,3,+6.4,+17.5,+16.5,+13.9,+17.4,+24.2,+19.7,+19.8,+20.3,+20.2,+20.6,+20.5,+20.5
2024-05-09 09:07,3,+6.4,+17.5,+16.5,+14.0,+17.4,+24.2,+20.0,+20.0,+20.3,+20.2,+20.6,+20.5,+20.5
2024-05-09 10:07,3,+6.4,+17.5,+16.5,+14.0,+17.4,+24.2,+20.1,+19.8,+20.2,+20.2,+20.7,+20.5,+20.5
2024-05-09 11:07,3,+6.4,+17.5,+16.5,+13.9,+17.4,+24.2,+20.2,+20.0,+20.3,+20.2,+20.6,+20.5,+20.5
2024-05-09 12:07,3,+6.3,+17.4,+16.5,+13.9,+17.4,+24.1,+20.3,+20.0,+20.3,+20.2,+20.6,+20.3,+20.5
2024-05-09 13:07,3,+6.3,+17.4,+16.5,+13.9,+17.4,+24.1,+20.5,+20.0,+20.2,+20.2,+20.6,+20.3,+20.5
2024-05-09 14:07,3,+6.3,+17.4,+16.4,+13.9,+17.4,+24.1,+20.5,+20.1,+20.2,+20.2,+20.6,+20.3,+20.5
2024-05-09 15:07,3,+6.3,+17.4,+16.4,+13.9,+17.4,+24.1,+20.6,+20.1,+20.3,+20.2,+20.7,+20.5,+20.5
2024-05-09 16:07,3,+6.3,+17.4,+16.4,+14.0,+17.4,+24.1,+20.7,+20.2,+20.3,+20.2,+20.6,+20.3,+20.5
2024-05-09 17:07,3,+6.3,+17.4,+16.4,+14.0,+17.4,+24.1,+20.6,+20.2,+20.3,+20.2,+20.7,+20.5,+20.5
2024-05-09 18:07,3,+6.3,+17.4,+16.4,+14.0,+17.4,+24.1,+20.6,+20.2,+20.3,+20.2,+20.7,+20.3,+20.5
2024-05-09 19:07,3,+6.3,+17.4,+16.4,+14.0,+17.4,+24.1,+20.6,+20.2,+20.3,+20.2,+20.6,+20.5,+20.5
2024-05-09 20:07,3,+6.3,+17.4,+16.4,+14.0,+17.4,+24.1,+20.5,+20.3,+20.3,+20.2,+20.7,+20.3,+20.5
2024-05-09 21:07,3,+6.3,+17.4,+16.4,+13.9,+17.3,+24.1,+20.5,+20.2,+20.3,+20.2,+20.7,+20.5,+20.5
2024-05-09 22:07,3,+6.3,+17.4,+16.4,+13.9,+17.3,+24.1,+20.3,+20.3,+20.3,+20.2,+20.6,+20.5,+20.5
2024-05-09 23:07,3,+6.4,+17.4,+16.4,+13.9,+17.3,+24.1,+20.2,+20.2,+20.5,+20.2,+20.6,+20.5,+20.5
2024-05-10 00:07,3,+6.3,+17.4,+16.4,+14.0,+17.4,+24.1,+20.2,+20.2,+20.3,+20.2,+20.7,+20.3,+20.5
2024-05-10 01:07,3,+6.4,+17.4,+16.4,+14.0,+17.4,+24.1,+20.1,+20.2,+20.5,+20.2,+20.7,+20.5,+20.5
2024-05-10 02:07,3,+6.4,+17.4,+16.4,+14.0,+17.4,+24.1,+20.1,+20.2,+20.5,+20.2,+20.7,+20.5,+20.6
2024-05-10 03:07,3,+6.4,+17.4,+16.4,+13.9,+17.3,+24.1,+20.0,+20.2,+20.3,+20.2,+20.7,+20.5,+20.5
2024-05-10 04:07,3,+6.4,+17.4,+16.4,+13.9,+17.3,+24.1,+20.0,+20.1,+20.5,+20.3,+20.7,+20.5,+20.5
2024-05-10 05:07,3,+6.4,+17.4,+16.4,+14.0,+17.4,+24.1,+19.8,+20.1,+20.3,+20.2,+20.6,+20.5,+20.5
2024-05-10 06:07,3,+6.4,+17.4,+16.4,+14.0,+17.4,+24.1,+19.8,+20.1,+20.5,+20.3,+20.6,+20.5,+20.5
2024-05-10 07:07,3,+6.4,+17.4,+16.4,+14.0,+17.4,+24.1,+19.8,+20.1,+20.5,+20.2,+20.7,+20.5,+20.5
2024-05-10 08:07,3,+6.4,+17.3,+16.4,+14.0,+17.4,+24.1,+20.0,+20.1,+20.5,+20.2,+20.6,+20.5,+20.6
2024-05-10 09:07,3,+6.3,+17.3,+16.4,+13.9,+17.3,+24.0,+20.1,+20.1,+20.3,+20.2,+20.7,+20.5,+20.6
2024-05-10 10:07,3,+6.3,+17.3,+16.4,+13.9,+17.3,+24.0,+20.2,+20.1,+20.5,+20.2,+20.7,+20.5,+20.5
2024-05-10 11:07,3,+6.3,+17.2,+16.4,+13.8,+17.3,+24.0,+20.3,+20.2,+20.3,+20.2,+20.6,+20.5,+20.6
2024-05-10 12:07,3,+6.3,+17.2,+16.3,+13.8,+17.3,+24.0,+20.5,+20.2,+20.3,+20.3,+20.7,+20.5,+20.6
2024-05-10 13:07,3,+6.2,+17.2,+16.3,+14.0,+17.4,+24.1,+20.5,+20.1,+20.5,+20.3,+20.7,+20.5,+20.5
2024-05-10 14:07,3,+6.2,+17.2,+16.3,+13.8,+17.3,+24.0,+20.6,+20.2,+20.5,+20.2,+20.7,+20.5,+20.6
2024-05-10 15:07,3,+6.3,+17.2,+16.3,+13.8,+17.3,+24.0,+20.6,+20.3,+20.5,+20.2,+20.7,+20.5,+20.5
2024-05-10 16:07,3,+6.3,+17.1,+16.3,+14.0,+17.4,+24.0,+20.7,+20.3,+20.5,+20.3,+20.7,+20.5,+20.6
2024-05-10 17:07,3,+6.3,+17.2,+16.3,+14.0,+17.3,+24.0,+20.6,+20.3,+20.5,+20.3,+20.7,+20.5,+20.5
2024-05-10 18:07,3,+6.3,+17.2,+16.3,+14.0,+17.4,+24.0,+20.6,+20.3,+20.5,+20.3,+20.7,+20.5,+20.5
2024-05-10 19:07,3,+6.3,+17.1,+16.3,+14.0,+17.4,+24.0,+20.6,+20.3,+20.5,+20.3,+20.7,+20.5,+20.6
2024-05-10 20:07,3,+9.0,+20.5,+16.6,+13.8,+17.3,+24.0,+20.6,+20.3,+20.5,+20.2,+20.7,+20.5,+20.6
2024-05-10 21:07,3,+10.0,+20.4,+16.6,+13.8,+17.3,+24.0,+20.5,+20.3,+20.6,+20.3,+20.7,+20.5,+20.5
2024-05-10 22:07,3,+9.7,+19.5,+16.6,+13.8,+17.3,+24.0,+20.5,+20.3,+20.5,+20.3,+20.7,+20.5,+20.6
2024-05-10 23:07,3,+9.2,+19.2,+16.6,+13.8,+17.3,+24.0,+20.5,+20.3,+20.5,+20.3,+20.7,+20.5,+20.6
2024-05-11 00:07,3,+8.9,+19.0,+16.6,+14.0,+17.3,+24.0,+20.5,+20.3,+20.5,+20.3,+20.8,+20.5,+20.5
2024-05-11 01:07,3,+8.7,+19.0,+16.6,+14.0,+17.3,+24.1,+20.5,+20.3,+20.5,+20.3,+20.7,+20.5,+20.6
2024-05-11 02:07,3,+8.5,+18.9,+16.6,+13.9,+17.3,+24.0,+20.5,+20.3,+20.5,+20.3,+20.7,+20.5,+20.5
2024-05-11 03:07,3,+8.4,+18.8,+16.6,+13.8,+17.3,+24.0,+20.5,+20.3,+20.6,+20.3,+20.7,+20.5,+20.6
2024-05-11 04:07,3,+8.3,+18.8,+16.6,+13.9,+17.3,+24.1,+20.3,+20.3,+20.5,+20.3,+20.7,+20.5,+20.6
2024-05-11 05:07,3,+8.3,+18.7,+16.6,+13.9,+17.3,+24.1,+20.3,+20.3,+20.5,+20.3,+20.7,+20.5,+20.6
2024-05-11 06:07,3,+8.2,+18.7,+16.6,+14.0,+17.3,+24.1,+20.3,+20.3,+20.5,+20.3,+20.7,+20.5,+20.6
2024-05-11 07:07,3,+8.1,+18.7,+16.6,+13.9,+17.3,+24.1,+20.3,+20.3,+20.5,+20.3,+20.7,+20.5,+20.6
2024-05-11 08:07,3,+8.1,+18.6,+16.6,+14.0,+17.3,+24.1,+20.3,+20.3,+20.6,+20.3,+20.7,+20.5,+20.6
2024-05-11 09:07,3,+8.1,+18.6,+16.6,+13.8,+17.3,+24.0,+20.3,+20.3,+20.5,+20.3,+20.7,+20.5,+20.6
2024-05-11 10:07,3,+8.0,+18.5,+16.6,+13.8,+17.3,+24.0,+20.5,+20.3,+20.5,+20.3,+20.7,+20.5,+20.6
2024-05-11 11:07,3,+8.0,+18.5,+16.6,+14.0,+17.3,+24.1,+20.5,+20.3,+20.5,+20.3,+20.7,+20.5,+20.6
2024-05-11 12:07,3,+7.9,+18.5,+16.6,+13.9,+17.3,+24.1,+20.6,+20.3,+20.5,+20.3,+20.7,+20.5,+20.6
2024-05-11 13:07,3,+7.9,+18.5,+16.6,+13.9,+17.3,+24.1,+20.6,+20.3,+20.6,+20.3,+20.7,+20.6,+20.6
2024-05-11 14:07,3,+7.9,+18.4,+16.6,+13.8,+17.3,+24.0,+20.7,+20.3,+20.5,+20.3,+20.8,+20.5,+20.5
2024-05-11 15:07,3,+7.9,+18.4,+16.6,+13.8,+17.3,+24.0,+20.7,+20.5,+20.6,+20.3,+20.7,+20.6,+20.6
2024-05-11 16:07,3,+7.9,+18.4,+16.6,+13.8,+17.3,+24.0,+20.7,+20.5,+20.6,+20.3,+20.7,+20.6,+20.6
2024-05-11 17:07,3,+7.9,+18.4,+16.6,+13.8,+17.3,+24.0,+20.7,+20.5,+20.6,+20.3,+20.8,+20.6,+20.6
2024-05-11 18:07,3,+7.9,+18.4,+16.6,+13.8,+17.3,+24.0,+20.6,+20.5,+20.6,+20.3,+20.8,+20.6,+20.6
2024-05-11 19:07,3,+13.2,+24.4,+20.4,+13.9,+17.3,+24.1,+20.2,+20.3,+20.6,+20.3,+20.8,+20.6,+20.6
2024-05-11 20:07,3,+13.2,+25.5,+20.5,+14.0,+17.4,+24.6,+20.0,+20.2,+20.6,+20.3,+20.8,+20.6,+20.6
2024-05-11 21:07,3,+13.4,+25.7,+20.6,+13.9,+17.3,+24.9,+20.0,+20.2,+20.6,+20.3,+20.8,+20.5,+20.6
2024-05-11 22:07,3,+13.5,+25.5,+20.6,+14.0,+17.4,+25.1,+20.0,+20.2,+20.5,+20.5,+20.8,+20.6,+20.6
2024-05-11 23:07,3,+13.5,+25.0,+20.6,+13.9,+17.3,+25.1,+20.0,+20.2,+20.5,+20.5,+20.8,+20.5,+20.6
2024-05-12 00:07,3,+13.4,+24.7,+20.6,+14.0,+17.4,+25.1,+20.0,+20.2,+20.6,+20.5,+20.8,+20.6,+20.6
2024-05-12 01:07,3,+13.4,+24.4,+20.6,+14.0,+17.4,+25.1,+20.0,+20.2,+20.6,+20.5,+20.8,+20.6,+20.6
2024-05-12 02:07,3,+13.2,+24.2,+20.6,+14.0,+17.4,+25.1,+20.0,+20.2,+20.6,+20.5,+20.8,+20.6,+20.6
2024-05-12 03:07,3,+13.0,+24.0,+20.6,+13.9,+17.3,+25.1,+20.0,+20.2,+20.6,+20.3,+20.8,+20.6,+20.6
2024-05-12 04:07,3,+12.9,+23.8,+20.6,+14.0,+17.4,+25.1,+20.1,+20.1,+20.6,+20.5,+20.8,+20.6,+20.6
2024-05-12 05:07,3,+12.7,+23.7,+20.6,+14.0,+17.4,+25.2,+20.1,+20.1,+20.6,+20.3,+20.8,+20.6,+20.6
2024-05-12 06:07,3,+12.6,+23.6,+20.6,+14.0,+17.4,+25.2,+20.1,+20.2,+20.6,+20.3,+20.8,+20.6,+20.6
2024-05-12 07:07,3,+12.4,+23.5,+20.5,+14.0,+17.4,+25.2,+20.1,+20.2,+20.6,+20.5,+20.8,+20.6,+20.6
2024-05-12 08:07,3,+12.2,+23.4,+20.5,+14.1,+17.4,+25.8,+20.2,+20.2,+20.5,+20.5,+20.8,+20.6,+20.6
2024-05-12 09:07,3,+12.0,+23.3,+20.5,+14.1,+17.5,+26.4,+20.2,+20.2,+20.6,+20.3,+20.8,+20.6,+20.6
2024-05-12 10:07,3,+11.8,+23.2,+20.5,+14.1,+17.5,+26.3,+20.3,+20.2,+20.5,+20.3,+20.8,+20.6,+20.6
2024-05-12 11:07,3,+11.6,+23.1,+20.5,+14.0,+17.4,+26.2,+20.5,+20.2,+20.5,+20.3,+20.8,+20.6,+20.6
2024-05-12 12:07,3,+11.4,+23.1,+20.5,+14.0,+17.4,+26.9,+20.6,+20.2,+20.5,+20.5,+20.7,+20.6,+20.6
2024-05-12 13:07,3,+11.2,+23.0,+20.4,+14.0,+17.4,+26.8,+20.8,+20.3,+20.6,+20.5,+20.8,+20.6,+20.6
2024-05-12 14:07,3,+11.1,+22.9,+20.4,+14.2,+17.5,+26.8,+20.8,+20.3,+20.5,+20.5,+20.8,+20.6,+20.7
2024-05-12 15:07,3,+11.0,+22.8,+20.4,+14.2,+17.5,+26.7,+20.8,+20.3,+20.5,+20.5,+20.8,+20.6,+20.6
2024-05-12 16:07,3,+10.9,+22.8,+20.4,+14.1,+17.5,+26.5,+20.8,+20.5,+20.6,+20.5,+20.8,+20.6,+20.6
2024-05-12 17:07,3,+10.9,+22.8,+20.4,+14.2,+17.5,+26.5,+20.8,+20.5,+20.6,+20.3,+20.8,+20.6,+20.7
2024-05-12 18:07,3,+10.8,+22.8,+20.4,+14.1,+17.4,+26.4,+20.8,+20.5,+20.6,+20.5,+20.8,+20.6,+20.7
2024-05-12 19:07,3,+10.7,+22.8,+20.4,+14.1,+17.4,+26.3,+20.8,+20.6,+20.6,+20.5,+20.8,+20.6,+20.6
2024-05-12 20:07,3,+10.7,+22.7,+20.4,+14.1,+17.4,+26.2,+20.7,+20.6,+20.6,+20.5,+20.8,+20.6,+20.7
2024-05-12 21:07,3,+10.6,+22.7,+20.4,+14.1,+17.4,+26.1,+20.6,+20.5,+20.6,+20.5,+20.8,+20.6,+20.6
2024-05-12 22:07,3,+10.6,+22.7,+20.4,+14.2,+17.5,+26.0,+20.6,+20.6,+20.6,+20.5,+20.8,+20.6,+20.6
2024-05-12 23:07,3,+10.6,+22.7,+20.4,+14.1,+17.5,+26.8,+20.6,+20.5,+20.7,+20.5,+20.8,+20.6,+20.6
2024-05-13 00:07,3,+10.5,+22.7,+20.4,+14.1,+17.5,+26.8,+20.5,+20.5,+20.7,+20.5,+20.8,+20.6,+20.6
2024-05-13 01:07,3,+10.5,+22.7,+20.3,+14.1,+17.5,+26.7,+20.5,+20.5,+20.7,+20.5,+20.8,+20.6,+20.7
2024-05-13 02:07,3,+10.5,+22.7,+20.3,+14.1,+17.5,+26.7,+20.5,+20.5,+20.6,+20.5,+20.8,+20.6,+20.6
2024-05-13 03:07,3,+10.4,+22.6,+20.3,+14.2,+17.5,+26.6,+20.5,+20.5,+20.7,+20.5,+20.8,+20.6,+20.7
2024-05-13 04:07,3,+10.4,+22.6,+20.3,+14.2,+17.5,+26.5,+20.3,+20.5,+20.7,+20.5,+20.8,+20.6,+20.6
2024-05-13 05:07,3,+10.3,+22.6,+20.3,+14.2,+17.5,+26.4,+20.2,+20.5,+20.7,+20.5,+20.8,+20.6,+20.7
2024-05-13 06:07,3,+10.3,+22.6,+20.3,+14.3,+17.5,+26.4,+20.2,+20.3,+20.7,+20.5,+20.8,+20.6,+20.7
2024-05-13 07:07,3,+10.3,+22.5,+20.3,+14.3,+17.5,+26.3,+20.2,+20.5,+20.6,+20.5,+20.8,+20.6,+20.7
2024-05-13 08:07,3,+10.5,+22.5,+20.3,+14.3,+17.5,+26.3,+20.2,+20.3,+20.6,+20.5,+20.8,+20.6,+20.7
2024-05-13 09:07,3,+10.4,+22.5,+20.3,+14.3,+17.5,+26.2,+20.3,+20.3,+20.6,+20.5,+20.8,+20.6,+20.6
2024-05-13 10:07,3,+10.4,+22.5,+20.3,+14.3,+17.5,+26.2,+20.3,+20.3,+20.7,+20.5,+20.8,+20.6,+20.7
2024-05-13 11:07,3,+10.4,+22.4,+20.2,+14.3,+17.5,+26.1,+20.3,+20.3,+20.7,+20.5,+20.8,+20.6,+20.6
2024-05-13 12:07,3,+10.3,+22.4,+20.2,+14.3,+17.5,+26.1,+20.3,+20.3,+20.7,+20.5,+21.0,+20.6,+20.6
2024-05-13 13:07,3,+10.3,+22.4,+20.2,+14.2,+17.5,+26.0,+20.3,+20.3,+20.7,+20.6,+20.8,+20.6,+20.6
2024-05-13 14:07,3,+10.3,+22.4,+20.2,+14.3,+17.5,+26.0,+20.3,+20.3,+20.7,+20.5,+20.8,+20.7,+20.6
2024-05-13 15:07,3,+10.3,+22.4,+20.2,+14.3,+17.5,+25.9,+20.3,+20.3,+20.6,+20.5,+20.8,+20.6,+20.7
2024-05-13 16:07,3,+10.2,+22.4,+20.2,+14.2,+17.5,+25.8,+20.3,+20.3,+20.7,+20.5,+20.8,+20.7,+20.7
2024-05-13 17:07,3,+10.2,+22.3,+20.2,+14.3,+17.6,+25.8,+20.3,+20.3,+20.7,+20.5,+20.8,+20.6,+20.7
2024-05-13 18:07,3,+10.2,+22.3,+20.2,+14.2,+17.5,+25.7,+20.2,+20.3,+20.6,+20.5,+20.8,+20.6,+20.7
2024-05-13 19:07,3,+10.2,+22.3,+20.1,+14.4,+17.5,+25.7,+20.2,+20.3,+20.7,+20.5,+20.8,+20.6,+20.6
2024-05-13 20:07,3,+10.1,+22.3,+20.1,+14.4,+17.5,+25.7,+20.1,+20.3,+20.7,+20.5,+20.8,+20.6,+20.7
2024-05-13 21:07,3,+10.1,+22.3,+20.1,+14.2,+17.5,+25.6,+20.2,+20.3,+20.6,+20.5,+21.0,+20.7,+20.7
2024-05-13 22:07,3,+10.1,+22.3,+20.1,+14.3,+17.5,+25.6,+20.2,+20.3,+20.6,+20.5,+21.0,+20.6,+20.7
2024-05-13 23:07,3,+10.1,+22.3,+20.1,+14.3,+17.5,+25.6,+20.1,+20.3,+20.6,+20.5,+20.8,+20.7,+20.7
2024-05-14 00:07,3,+10.1,+22.2,+20.1,+14.4,+17.5,+25.6,+20.1,+20.3,+20.6,+20.5,+20.8,+20.7,+20.7
2024-05-14 01:07,3,+10.1,+22.2,+20.1,+14.4,+17.5,+25.5,+20.1,+20.3,+20.6,+20.5,+21.0,+20.7,+20.7
2024-05-14 02:07,3,+10.0,+22.2,+20.1,+14.4,+17.5,+25.5,+20.1,+20.3,+20.6,+20.5,+20.8,+20.7,+20.7
2024-05-14 03:07,3,+10.0,+22.2,+20.1,+14.4,+17.5,+25.5,+20.1,+20.2,+20.6,+20.6,+21.0,+20.7,+20.7
2024-05-14 04:07,3,+10.0,+22.2,+20.1,+14.4,+17.5,+25.5,+20.0,+20.2,+20.6,+20.5,+21.0,+20.7,+20.7
2024-05-14 05:07,3,+10.0,+22.2,+20.1,+14.4,+17.5,+25.4,+20.0,+20.2,+20.6,+20.5,+21.0,+20.7,+20.7
2024-05-14 06:07,3,+10.0,+22.2,+20.1,+14.3,+17.5,+25.4,+20.0,+20.2,+20.7,+20.5,+21.0,+20.6,+20.7
2024-05-14 07:07,3,+10.0,+22.2,+20.1,+14.4,+17.5,+25.4,+20.0,+20.2,+20.6,+20.5,+21.0,+20.7,+20.7
2024-05-14 08:07,3,+9.9,+22.1,+20.1,+14.4,+17.5,+25.4,+20.0,+20.2,+20.6,+20.6,+21.0,+20.7,+20.7
2024-05-14 09:07,3,+9.9,+22.1,+20.1,+14.3,+17.5,+25.3,+20.1,+20.2,+20.6,+20.6,+21.0,+20.6,+20.7
2024-05-14 10:07,3,+9.9,+22.1,+20.0,+14.4,+17.5,+25.3,+20.1,+20.2,+20.6,+20.5,+21.0,+20.7,+20.7
2024-05-14 11:07,3,+9.8,+22.1,+20.0,+14.3,+17.5,+25.3,+20.2,+20.2,+20.6,+20.5,+21.0,+20.7,+20.7
2024-05-14 12:07,3,+9.8,+22.0,+20.0,+14.3,+17.5,+25.3,+20.3,+20.2,+20.6,+20.6,+21.0,+20.6,+20.7
2024-05-14 13:07,3,+9.7,+22.0,+20.0,+14.4,+17.5,+25.3,+20.5,+20.3,+20.6,+20.6,+21.0,+20.7,+20.7
2024-05-14 14:07,3,+9.7,+21.9,+20.0,+14.3,+17.5,+25.3,+20.6,+20.3,+20.6,+20.6,+21.0,+20.7,+20.7
2024-05-14 15:07,3,+9.7,+21.9,+19.9,+14.3,+17.5,+25.3,+20.6,+20.3,+20.6,+20.5,+20.8,+20.7,+20.7
2024-05-14 16:07,3,+9.7,+21.9,+19.9,+14.3,+17.4,+25.3,+20.6,+20.3,+20.6,+20.5,+21.0,+20.7,+20.7
2024-05-14 17:07,3,+9.7,+21.9,+19.9,+14.3,+17.5,+25.3,+20.6,+20.5,+20.6,+20.6,+21.0,+20.6,+20.7
2024-05-14 18:07,3,+9.7,+21.9,+19.9,+14.4,+17.5,+25.3,+20.5,+20.5,+20.6,+20.5,+21.0,+20.7,+20.7
2024-05-14 19:07,3,+9.7,+21.9,+19.9,+14.4,+17.5,+25.3,+20.5,+20.5,+20.6,+20.5,+21.0,+20.7,+20.7
2024-05-14 20:07,3,+9.6,+21.9,+19.9,+14.4,+17.5,+25.3,+20.3,+20.5,+20.6,+20.5,+20.8,+20.7,+20.7
2024-05-14 21:07,3,+9.6,+21.8,+19.9,+14.3,+17.5,+25.2,+20.3,+20.5,+20.7,+20.5,+20.8,+20.7,+20.7
2024-05-14 22:07,3,+9.6,+21.9,+19.9,+14.4,+17.5,+25.2,+20.3,+20.5,+20.6,+20.5,+21.0,+20.7,+20.7
2024-05-14 23:07,3,+9.6,+21.8,+19.9,+14.4,+17.5,+25.2,+20.2,+20.3,+20.7,+20.6,+21.0,+20.7,+20.7
2024-05-15 00:07,3,+9.6,+21.8,+19.9,+14.4,+17.5,+25.2,+20.2,+20.3,+20.7,+20.5,+21.0,+20.7,+20.7
2024-05-15 01:07,3,+9.6,+21.8,+19.9,+14.4,+17.5,+25.2,+20.2,+20.3,+20.6,+20.5,+21.0,+20.7,+20.7
2024-05-15 02:07,3,+9.6,+21.8,+19.9,+14.4,+17.5,+25.2,+20.1,+20.3,+20.6,+20.6,+21.0,+20.7,+20.7
2024-05-15 03:07,3,+9.7,+21.8,+19.9,+14.4,+17.5,+25.1,+20.1,+20.3,+20.6,+20.5,+21.0,+20.7,+20.7
2024-05-15 04:07,3,+9.4,+21.8,+19.9,+14.5,+17.5,+25.2,+20.1,+20.3,+20.7,+20.5,+21.0,+20.7,+20.7
2024-05-15 05:07,3,+9.5,+21.8,+19.9,+14.5,+17.5,+25.1,+20.0,+20.3,+20.7,+20.6,+21.0,+20.7,+20.7
2024-05-15 06:07,3,+9.6,+21.8,+19.9,+14.5,+17.5,+25.2,+20.0,+20.2,+20.6,+20.5,+21.0,+20.7,+20.7
2024-05-15 07:07,3,+9.6,+21.8,+19.9,+14.4,+17.5,+25.1,+20.0,+20.2,+20.6,+20.5,+21.0,+20.7,+20.7
2024-05-15 08:07,3,+9.6,+21.8,+19.9,+14.5,+17.5,+25.2,+20.1,+20.2,+20.6,+20.6,+21.0,+20.7,+20.7
2024-05-15 09:07,3,+9.6,+21.8,+19.8,+14.4,+17.5,+25.1,+20.1,+20.2,+20.6,+20.6,+21.0,+20.7,+20.7
2024-05-15 10:07,3,+9.5,+21.7,+19.8,+14.5,+17.5,+25.1,+20.2,+20.2,+20.6,+20.6,+21.0,+20.7,+20.7