
2024-05-08 12:22,2,+15.2,+12.3,+6.8,+6.2,+9.5,+15.6,+20.5,+20.1,+20.0,+20.2,+20.0,+20.1,+20.1
2024-05-08 13:22,2,+15.2,+12.3,+6.7,+6.0,+9.4,+15.5,+20.7,+20.1,+20.1,+20.1,+20.1,+20.0,+20.1
2024-05-08 14:22,2,+16.3,+12.4,+7.0,+6.0,+9.4,+15.6,+20.7,+20.1,+20.1,+20.1,+20.1,+20.1,+20.1
2024-05-08 15:22,2,+16.0,+12.3,+7.5,+6.2,+9.6,+15.8,+20.6,+20.1,+20.0,+20.1,+20.1,+20.1,+20.0
2024-05-08 16:22,2,+16.0,+12.3,+7.6,+6.2,+9.6,+15.9,+20.5,+20.1,+20.1,+20.1,+20.0,+20.0,+20.0
2024-05-08 17:22,2,+16.0,+12.3,+7.6,+6.3,+9.7,+16.0,+20.3,+20.1,+20.1,+20.2,+20.1,+20.1,+20.0
2024-05-08 18:22,2,+16.0,+12.3,+7.6,+6.2,+9.7,+15.9,+20.2,+20.1,+20.1,+20.1,+20.1,+20.1,+20.0
2024-05-08 19:22,2,+16.1,+12.3,+7.6,+6.4,+9.7,+15.9,+20.2,+20.1,+20.1,+20.1,+20.1,+20.1,+20.0
2024-05-08 20:22,2,+16.1,+12.3,+7.6,+6.2,+9.7,+15.9,+20.2,+20.1,+20.1,+20.1,+20.1,+20.0,+20.0
2024-05-08 21:22,2,+16.1,+12.3,+7.6,+6.4,+9.7,+15.9,+20.1,+20.0,+20.1,+20.2,+20.1,+20.1,+20.0
2024-05-08 22:22,2,+16.1,+12.3,+7.6,+6.4,+9.7,+15.9,+20.0,+20.0,+20.0,+20.2,+20.1,+20.1,+20.0
2024-05-08 23:22,2,+16.1,+12.3,+7.5,+6.2,+9.7,+15.9,+20.1,+20.0,+20.1,+20.2,+20.1,+20.1,+20.1
2024-05-09 00:22,2,+16.1,+12.3,+7.5,+6.4,+9.7,+15.9,+20.0,+19.8,+20.1,+20.1,+20.1,+20.1,+20.0
2024-05-09 01:22,2,+16.2,+12.3,+7.5,+6.3,+9.7,+15.8,+20.0,+20.0,+20.0,+20.2,+20.1,+20.1,+20.1
2024-05-09 02:22,2,+16.2,+12.3,+7.5,+6.4,+9.7,+15.9,+20.0,+19.8,+20.0,+20.2,+20.1,+20.1,+20.1
2024-05-09 03:22,2,+16.2,+12.3,+7.5,+6.3,+9.7,+15.8,+19.8,+19.8,+20.0,+20.1,+20.1,+20.1,+20.0
2024-05-09 04:22,2,+16.2,+12.3,+7.5,+6.4,+9.7,+15.9,+19.8,+19.8,+20.0,+20.2,+20.1,+20.1,+20.0
2024-05-09 05:22,2,+16.2,+12.3,+7.5,+6.4,+9.7,+15.9,+19.7,+19.8,+20.0,+20.1,+20.1,+20.1,+20.1
2024-05-09 06:22,2,+16.2,+12.3,+7.5,+6.4,+9.7,+15.9,+19.7,+19.8,+20.0,+20.1,+20.1,+20.1,+20.0
2024-05-09 07:22,2,+16.2,+12.3,+7.4,+6.4,+9.7,+15.9,+19.7,+19.7,+20.0,+20.1,+20.1,+20.1,+20.0
2024-05-09 08:22,2,+16.1,+12.3,+7.4,+6.4,+9.7,+15.9,+19.8,+19.7,+20.0,+20.1,+20.1,+20.1,+20.0
2024-05-09 09:22,2,+16.1,+12.3,+7.4,+6.2,+9.7,+15.9,+20.0,+19.7,+20.0,+20.2,+20.1,+20.1,+20.0
2024-05-09 10:22,2,+16.0,+12.2,+7.3,+6.2,+9.7,+15.8,+21.0,+19.7,+20.0,+20.2,+20.1,+20.1,+20.1
2024-05-09 11:22,2,+16.0,+12.2,+7.3,+6.3,+9.7,+15.9,+21.2,+20.0,+19.8,+20.1,+20.1,+20.1,+20.1
2024-05-09 12:22,2,+15.9,+12.1,+7.3,+6.3,+9.7,+15.8,+21.3,+20.1,+20.0,+20.1,+20.1,+20.0,+20.0
2024-05-09 13:22,2,+15.9,+12.1,+7.3,+6.3,+9.7,+15.8,+21.5,+20.2,+20.0,+20.1,+20.1,+20.1,+20.0
2024-05-09 14:22,2,+15.9,+12.1,+7.3,+6.3,+9.7,+15.8,+21.6,+20.2,+20.0,+20.1,+20.1,+20.1,+20.0
2024-05-09 15:22,2,+15.9,+12.1,+7.3,+6.3,+9.7,+15.8,+21.7,+20.3,+20.0,+20.1,+20.1,+20.1,+20.0
2024-05-09 16:22,2,+15.8,+12.1,+7.2,+6.2,+9.6,+15.8,+21.7,+20.5,+20.0,+20.1,+20.1,+20.1,+20.0
2024-05-09 17:22,2,+16.0,+12.1,+7.5,+6.3,+9.7,+15.8,+21.6,+20.5,+20.0,+20.1,+20.0,+20.1,+20.0
2024-05-09 18:22,2,+16.1,+12.3,+7.7,+6.3,+9.7,+15.8,+21.5,+20.6,+20.1,+20.1,+20.1,+20.1,+20.0
2024-05-09 19:22,2,+16.2,+12.3,+7.8,+6.5,+9.7,+15.8,+21.3,+20.6,+20.1,+20.1,+20.1,+20.1,+20.1
2024-05-09 20:22,2,+16.3,+12.3,+7.8,+6.4,+9.7,+15.8,+21.2,+20.6,+20.1,+20.1,+20.0,+20.1,+20.0
2024-05-09 21:22,2,+16.3,+12.3,+7.8,+6.5,+9.7,+15.8,+21.1,+20.6,+20.2,+20.1,+20.1,+20.1,+20.0
2024-05-09 22:22,2,+16.3,+12.3,+7.8,+6.5,+9.7,+15.8,+21.0,+20.6,+20.2,+20.2,+20.0,+20.0,+20.0
2024-05-09 23:22,2,+16.3,+12.3,+7.8,+6.5,+9.7,+15.8,+20.8,+20.5,+20.2,+20.2,+20.1,+20.1,+20.0
2024-05-10 00:22,2,+16.3,+12.3,+7.8,+6.5,+9.7,+15.8,+20.6,+20.5,+20.2,+20.2,+20.1,+20.1,+20.1
2024-05-10 01:22,2,+16.3,+12.3,+7.8,+6.5,+9.7,+15.8,+20.6,+20.3,+20.2,+20.2,+20.1,+20.1,+20.1
2024-05-10 02:22,2,+16.3,+12.3,+7.8,+6.6,+9.7,+15.8,+20.5,+20.3,+20.2,+20.2,+20.1,+20.1,+20.0
2024-05-10 03:22,2,+16.4,+12.3,+7.8,+6.5,+9.7,+15.8,+20.3,+20.3,+20.2,+20.2,+20.1,+20.1,+20.1
2024-05-10 04:22,2,+16.4,+12.3,+7.8,+6.5,+9.7,+15.8,+20.2,+20.2,+20.2,+20.2,+20.1,+20.1,+20.0
2024-05-10 05:22,2,+16.4,+12.3,+7.8,+6.5,+9.7,+15.8,+20.2,+20.2,+20.2,+20.2,+20.1,+20.1,+20.0
2024-05-10 06:22,2,+16.5,+12.3,+7.8,+6.5,+9.7,+15.8,+20.1,+20.2,+20.2,+20.2,+20.1,+20.1,+20.1
2024-05-10 07:22,2,+16.5,+12.3,+7.8,+6.6,+9.7,+15.8,+20.2,+20.1,+20.2,+20.2,+20.1,+20.1,+20.0
2024-05-10 08:22,2,+16.5,+12.3,+7.8,+6.6,+9.7,+15.8,+20.3,+20.1,+20.2,+20.2,+20.1,+20.1,+20.1
2024-05-10 09:22,2,+16.4,+12.3,+7.8,+6.6,+9.7,+15.8,+20.5,+20.1,+20.2,+20.2,+20.1,+20.1,+20.1
2024-05-10 10:22,2,+16.4,+12.2,+7.8,+6.6,+9.7,+15.8,+21.0,+20.1,+20.2,+20.2,+20.1,+20.1,+20.1
2024-05-10 11:22,2,+16.4,+12.2,+7.8,+6.5,+9.7,+15.8,+21.3,+20.2,+20.1,+20.2,+20.1,+20.1,+20.0
2024-05-10 12:22,2,+16.4,+12.2,+7.8,+6.4,+9.7,+15.7,+21.3,+20.3,+20.2,+20.2,+20.1,+20.1,+20.0
2024-05-10 13:22,2,+16.4,+12.1,+7.8,+6.5,+9.7,+15.8,+21.5,+20.3,+20.1,+20.3,+20.1,+20.1,+20.0
2024-05-10 14:22,2,+16.4,+12.1,+7.8,+6.5,+9.7,+15.8,+21.5,+20.5,+20.2,+20.2,+20.1,+20.1,+20.1
2024-05-10 15:22,2,+16.4,+12.1,+7.8,+6.4,+9.7,+15.7,+21.7,+20.5,+20.2,+20.2,+20.1,+20.1,+20.0
2024-05-10 16:22,2,+16.3,+12.1,+7.8,+6.4,+9.7,+15.7,+21.6,+20.6,+20.2,+20.2,+20.1,+20.1,+20.1
2024-05-10 17:22,2,+16.3,+12.1,+7.8,+6.5,+9.7,+15.7,+21.5,+20.7,+20.3,+20.2,+20.1,+20.1,+20.0
2024-05-10 18:22,2,+16.3,+12.1,+7.8,+6.4,+9.7,+15.7,+21.3,+20.7,+20.2,+20.2,+20.1,+20.1,+20.1
2024-05-10 19:22,2,+23.6,+14.9,+8.1,+6.7,+9.7,+15.8,+21.3,+20.6,+20.3,+20.3,+20.1,+20.1,+20.1
2024-05-10 20:22,2,+25.6,+15.6,+9.5,+6.7,+9.7,+16.5,+20.7,+20.6,+20.3,+20.3,+20.2,+20.1,+20.0
2024-05-10 21:22,2,+24.1,+15.6,+9.4,+6.8,+9.8,+16.8,+20.7,+20.6,+20.3,+20.3,+20.2,+20.1,+20.0
2024-05-10 22:22,2,+23.6,+15.6,+9.4,+6.8,+9.8,+16.8,+20.8,+20.5,+20.3,+20.2,+20.2,+20.1,+20.1
2024-05-10 23:22,2,+23.2,+15.6,+9.3,+6.9,+9.8,+16.8,+20.7,+20.5,+20.3,+20.3,+20.1,+20.1,+20.1
2024-05-11 00:22,2,+23.0,+15.6,+9.3,+6.9,+9.8,+16.8,+20.7,+20.5,+20.3,+20.2,+20.1,+20.2,+20.1
2024-05-11 01:22,2,+22.8,+15.6,+9.3,+6.8,+9.8,+16.8,+20.7,+20.5,+20.3,+20.2,+20.2,+20.2,+20.1
2024-05-11 02:22,2,+22.6,+15.6,+9.3,+6.9,+9.8,+16.8,+20.6,+20.5,+20.3,+20.3,+20.2,+20.1,+20.1
2024-05-11 03:22,2,+22.5,+15.6,+9.3,+7.0,+9.8,+16.8,+20.6,+20.3,+20.3,+20.3,+20.1,+20.1,+20.1
2024-05-11 04:22,2,+22.4,+15.7,+9.2,+6.9,+9.8,+16.8,+20.6,+20.5,+20.3,+20.3,+20.2,+20.2,+20.1
2024-05-11 05:22,2,+22.3,+15.7,+9.2,+7.0,+9.8,+16.7,+20.6,+20.5,+20.3,+20.3,+20.2,+20.2,+20.1
2024-05-11 06:22,2,+22.2,+15.7,+9.2,+7.0,+9.8,+16.7,+20.6,+20.3,+20.3,+20.3,+20.2,+20.2,+20.1
2024-05-11 07:22,2,+22.2,+15.7,+9.2,+7.0,+9.8,+16.6,+20.6,+20.5,+20.3,+20.3,+20.2,+20.2,+20.1
2024-05-11 08:22,2,+22.1,+15.7,+9.2,+7.0,+9.8,+16.6,+20.6,+20.3,+20.3,+20.3,+20.2,+20.2,+20.1
2024-05-11 09:22,2,+22.0,+15.7,+9.2,+6.9,+9.8,+16.5,+20.7,+20.3,+20.3,+20.3,+20.2,+20.1,+20.1
2024-05-11 10:22,2,+21.9,+15.7,+9.2,+7.0,+9.8,+16.5,+20.7,+20.3,+20.3,+20.3,+20.2,+20.2,+20.1
2024-05-11 11:22,2,+21.8,+15.7,+9.1,+6.9,+9.8,+16.4,+20.8,+20.3,+20.3,+20.3,+20.2,+20.2,+20.1
2024-05-11 12:22,2,+21.8,+15.6,+9.1,+6.9,+9.8,+16.3,+21.0,+20.3,+20.2,+20.3,+20.2,+20.2,+20.1
2024-05-11 13:22,2,+21.7,+15.6,+9.1,+6.9,+9.8,+16.3,+21.1,+20.3,+20.3,+20.3,+20.2,+20.1,+20.1
2024-05-11 14:22,2,+21.7,+15.6,+9.1,+7.0,+9.8,+16.3,+21.2,+20.5,+20.3,+20.3,+20.2,+20.2,+20.0
2024-05-11 15:22,2,+22.4,+15.6,+9.1,+6.9,+9.8,+16.2,+21.2,+20.5,+20.2,+20.3,+20.2,+20.2,+20.1
2024-05-11 16:22,2,+23.4,+15.7,+9.2,+7.0,+9.8,+16.2,+21.1,+20.5,+20.3,+20.3,+20.2,+20.2,+20.1
2024-05-11 17:22,2,+23.4,+15.8,+9.2,+7.0,+9.8,+16.1,+21.1,+20.5,+20.3,+20.3,+20.2,+20.2,+20.1
2024-05-11 18:22,2,+36.0,+24.8,+10.6,+7.2,+9.8,+16.2,+20.6,+20.5,+20.3,+20.3,+20.2,+20.2,+20.1
2024-05-11 19:22,2,+28.1,+19.6,+10.5,+7.5,+9.8,+17.2,+20.1,+20.3,+20.5,+20.3,+20.2,+20.2,+20.1
2024-05-11 20:22,2,+26.1,+19.0,+10.5,+7.5,+9.8,+17.2,+20.1,+20.3,+20.3,+20.3,+20.2,+20.2,+20.1
2024-05-11 21:22,2,+25.4,+18.8,+10.5,+7.5,+9.8,+17.2,+20.1,+20.2,+20.3,+20.5,+20.2,+20.2,+20.1
2024-05-11 22:22,2,+25.0,+18.7,+10.5,+7.7,+9.9,+17.3,+20.1,+20.2,+20.3,+20.5,+20.2,+20.2,+20.1
2024-05-11 23:22,2,+24.7,+18.6,+10.6,+7.7,+9.9,+17.3,+20.1,+20.2,+20.3,+20.5,+20.2,+20.2,+20.1
2024-05-12 00:22,2,+24.5,+18.5,+10.6,+7.6,+9.8,+17.2,+20.1,+20.1,+20.3,+20.5,+20.2,+20.2,+20.1
2024-05-12 01:22,2,+24.3,+18.4,+10.6,+7.6,+9.9,+17.0,+20.1,+20.1,+20.3,+20.5,+20.2,+20.2,+20.1
2024-05-12 02:22,2,+24.1,+18.4,+10.6,+7.6,+9.8,+17.0,+20.1,+20.1,+20.3,+20.5,+20.2,+20.2,+20.1
2024-05-12 03:22,2,+24.0,+18.4,+10.7,+7.7,+9.9,+16.9,+20.1,+20.1,+20.3,+20.5,+20.3,+20.2,+20.1
2024-05-12 04:22,2,+23.9,+18.3,+10.6,+7.6,+9.8,+16.9,+20.1,+20.1,+20.3,+20.3,+20.2,+20.2,+20.2
2024-05-12 05:22,2,+23.8,+18.3,+10.7,+7.6,+9.8,+16.8,+20.1,+20.1,+20.2,+20.3,+20.3,+20.2,+20.1
2024-05-12 06:22,2,+23.7,+18.2,+10.7,+7.7,+9.9,+16.8,+20.1,+20.1,+20.2,+20.5,+20.3,+20.2,+20.1
2024-05-12 07:22,2,+23.6,+18.2,+10.7,+7.7,+9.9,+16.7,+20.1,+20.0,+20.2,+20.3,+20.3,+20.3,+20.1
2024-05-12 08:22,2,+23.6,+18.2,+10.7,+7.8,+9.9,+16.6,+20.2,+20.0,+20.2,+20.5,+20.2,+20.2,+20.1
2024-05-12 09:22,2,+23.5,+18.1,+10.7,+7.7,+9.8,+16.6,+20.3,+20.0,+20.2,+20.3,+20.2,+20.2,+20.2
2024-05-12 10:22,2,+23.4,+18.1,+10.7,+7.7,+9.9,+16.6,+20.8,+20.1,+20.2,+20.3,+20.3,+20.2,+20.2
2024-05-12 11:22,2,+23.4,+18.1,+10.6,+7.7,+9.9,+16.5,+21.1,+20.1,+20.2,+20.5,+20.2,+20.2,+20.2
2024-05-12 12:22,2,+23.3,+18.0,+10.6,+7.6,+9.9,+16.4,+21.3,+20.2,+20.2,+20.3,+20.3,+20.2,+20.2
2024-05-12 13:22,2,+23.2,+18.0,+10.6,+7.6,+9.8,+16.4,+21.5,+20.3,+20.2,+20.3,+20.3,+20.2,+20.1
2024-05-12 14:22,2,+23.2,+17.9,+10.6,+7.7,+9.9,+16.3,+21.6,+20.3,+20.2,+20.3,+20.2,+20.2,+20.1
2024-05-12 15:22,2,+23.1,+17.9,+10.6,+7.7,+9.9,+16.3,+21.6,+20.5,+20.2,+20.3,+20.3,+20.2,+20.2
2024-05-12 16:22,2,+23.0,+17.9,+10.6,+7.6,+9.9,+16.2,+21.6,+20.6,+20.2,+20.3,+20.3,+20.2,+20.2
2024-05-12 17:22,2,+23.0,+17.9,+10.6,+7.7,+9.9,+16.2,+21.5,+20.6,+20.2,+20.3,+20.3,+20.2,+20.1
2024-05-12 18:22,2,+23.2,+17.9,+10.6,+7.8,+9.9,+16.2,+21.3,+20.6,+20.3,+20.3,+20.3,+20.2,+20.1
2024-05-12 19:22,2,+23.2,+17.9,+10.6,+7.7,+9.9,+16.1,+21.2,+20.7,+20.3,+20.3,+20.3,+20.2,+20.1
2024-05-12 20:22,2,+23.2,+17.9,+10.6,+7.8,+9.9,+16.1,+21.1,+20.6,+20.3,+20.3,+20.2,+20.2,+20.2
2024-05-12 21:22,2,+23.2,+17.9,+10.6,+7.8,+9.9,+16.1,+21.1,+20.6,+20.3,+20.3,+20.2,+20.2,+20.2
2024-05-12 22:22,2,+23.1,+17.9,+10.6,+7.8,+9.9,+16.1,+21.0,+20.6,+20.5,+20.3,+20.2,+20.2,+20.2
2024-05-12 23:22,2,+23.1,+17.9,+10.7,+7.8,+9.9,+16.1,+21.0,+20.6,+20.5,+20.3,+20.3,+20.3,+20.2
2024-05-13 00:22,2,+23.1,+17.9,+10.7,+7.8,+9.9,+16.1,+20.8,+20.6,+20.3,+20.3,+20.2,+20.2,+20.2
2024-05-13 01:22,2,+23.0,+17.8,+10.6,+7.7,+9.9,+16.0,+20.7,+20.6,+20.5,+20.3,+20.2,+20.2,+20.2
2024-05-13 02:22,2,+23.0,+17.8,+10.6,+7.8,+9.9,+16.0,+20.7,+20.6,+20.3,+20.3,+20.3,+20.2,+20.2
2024-05-13 03:22,2,+23.0,+17.8,+10.6,+7.7,+9.9,+16.0,+20.6,+20.5,+20.5,+20.3,+20.2,+20.3,+20.2
2024-05-13 04:22,2,+23.0,+17.8,+10.7,+7.7,+9.9,+16.0,+20.6,+20.5,+20.5,+20.5,+20.2,+20.2,+20.2
2024-05-13 05:22,2,+22.9,+17.8,+10.6,+7.9,+9.9,+16.0,+20.5,+20.5,+20.5,+20.5,+20.3,+20.2,+20.2
2024-05-13 06:22,2,+22.9,+17.8,+10.6,+7.9,+9.9,+16.0,+20.5,+20.3,+20.5,+20.5,+20.3,+20.2,+20.2
2024-05-13 07:22,2,+22.9,+17.8,+10.6,+7.9,+9.9,+16.1,+20.5,+20.3,+20.5,+20.5,+20.3,+20.2,+20.2
2024-05-13 08:22,2,+22.8,+17.8,+10.6,+7.7,+9.9,+16.0,+20.5,+20.3,+20.5,+20.3,+20.3,+20.2,+20.2
2024-05-13 09:22,2,+22.8,+17.8,+10.6,+7.7,+9.9,+16.0,+20.5,+20.3,+20.3,+20.5,+20.3,+20.2,+20.2
2024-05-13 10:22,2,+22.8,+17.8,+10.6,+7.8,+9.9,+16.0,+20.7,+20.2,+20.3,+20.5,+20.2,+20.3,+20.2
2024-05-13 11:22,2,+22.7,+17.7,+10.6,+7.9,+9.9,+16.0,+20.7,+20.3,+20.3,+20.5,+20.3,+20.3,+20.2
2024-05-13 12:22,2,+22.7,+17.7,+10.6,+7.9,+9.9,+16.0,+20.7,+20.2,+20.3,+20.5,+20.3,+20.2,+20.2
2024-05-13 13:22,2,+22.7,+17.7,+10.6,+7.7,+9.9,+16.0,+20.7,+20.3,+20.3,+20.5,+20.3,+20.2,+20.2
2024-05-13 14:22,2,+22.7,+17.7,+10.6,+7.8,+9.9,+16.0,+20.6,+20.3,+20.3,+20.5,+20.3,+20.2,+20.2
2024-05-13 15:22,2,+22.6,+17.7,+10.6,+7.9,+9.9,+16.0,+20.6,+20.3,+20.3,+20.5,+20.3,+20.2,+20.1
2024-05-13 16:22,2,+22.6,+17.6,+10.6,+7.8,+9.9,+16.0,+20.7,+20.3,+20.3,+20.5,+20.3,+20.3,+20.2
2024-05-13 17:22,2,+22.6,+17.6,+10.6,+7.9,+9.9,+16.0,+20.7,+20.3,+20.3,+20.3,+20.3,+20.2,+20.2
2024-05-13 18:22,2,+22.6,+17.6,+10.6,+7.8,+9.9,+16.0,+20.6,+20.3,+20.3,+20.5,+20.3,+20.3,+20.2
2024-05-13 19:22,2,+22.6,+17.6,+10.6,+7.9,+9.9,+16.0,+20.6,+20.3,+20.3,+20.3,+20.3,+20.3,+20.2
2024-05-13 20:22,2,+22.6,+17.6,+10.6,+7.8,+9.9,+16.0,+20.5,+20.3,+20.3,+20.5,+20.3,+20.2,+20.2
2024-05-13 21:22,2,+22.5,+17.6,+10.6,+7.9,+9.9,+16.0,+20.3,+20.3,+20.3,+20.5,+20.3,+20.3,+20.2
2024-05-13 22:22,2,+22.5,+17.6,+10.6,+7.9,+9.9,+16.0,+20.3,+20.2,+20.3,+20.5,+20.3,+20.3,+20.2
2024-05-13 23:22,2,+22.5,+17.6,+10.6,+7.8,+9.9,+16.0,+20.3,+20.2,+20.3,+20.5,+20.3,+20.3,+20.2
2024-05-14 00:22,2,+22.5,+17.6,+10.6,+7.8,+9.9,+16.0,+20.3,+20.2,+20.3,+20.5,+20.3,+20.3,+20.2
2024-05-14 01:22,2,+22.5,+17.6,+10.6,+7.9,+9.9,+16.0,+20.2,+20.2,+20.3,+20.5,+20.3,+20.3,+20.2
2024-05-14 02:22,2,+22.5,+17.6,+10.6,+7.8,+9.9,+16.0,+20.1,+20.2,+20.3,+20.5,+20.3,+20.3,+20.2
2024-05-14 03:22,2,+22.4,+17.6,+10.6,+7.8,+9.9,+16.0,+20.1,+20.1,+20.2,+20.5,+20.3,+20.3,+20.2
2024-05-14 04:22,2,+22.4,+17.6,+10.6,+7.9,+9.9,+16.0,+20.1,+20.1,+20.3,+20.5,+20.3,+20.3,+20.2
2024-05-14 05:22,2,+22.4,+17.6,+10.6,+7.8,+9.9,+15.9,+20.0,+20.1,+20.2,+20.5,+20.3,+20.3,+20.2
2024-05-14 06:22,2,+22.4,+17.6,+10.6,+7.9,+9.9,+16.0,+20.0,+20.0,+20.2,+20.5,+20.3,+20.2,+20.2
2024-05-14 07:22,2,+22.4,+17.6,+10.6,+7.9,+9.9,+16.0,+20.0,+20.0,+20.2,+20.3,+20.3,+20.3,+20.2
2024-05-14 08:22,2,+22.4,+17.6,+10.5,+7.8,+9.9,+15.9,+20.1,+20.0,+20.2,+20.5,+20.3,+20.3,+20.2
2024-05-14 09:22,2,+22.3,+17.5,+10.5,+7.9,+9.9,+16.0,+20.2,+20.0,+20.2,+20.3,+20.3,+20.3,+20.2
2024-05-14 10:22,2,+22.3,+17.5,+10.5,+7.9,+9.9,+15.9,+20.5,+20.0,+20.2,+20.3,+20.3,+20.2,+20.2
2024-05-14 11:22,2,+22.2,+17.5,+10.5,+7.8,+9.9,+15.9,+20.7,+20.0,+20.2,+20.5,+20.3,+20.3,+20.2
2024-05-14 12:22,2,+22.2,+17.5,+10.5,+7.9,+9.9,+15.9,+20.8,+20.1,+20.2,+20.5,+20.3,+20.3,+20.2
2024-05-14 13:22,2,+22.2,+17.4,+10.5,+7.8,+9.9,+15.9,+21.0,+20.1,+20.2,+20.3,+20.3,+20.3,+20.2
2024-05-14 14:22,2,+22.2,+17.4,+10.5,+7.9,+9.9,+15.9,+21.2,+20.2,+20.2,+20.3,+20.3,+20.3,+20.2
2024-05-14 15:22,2,+22.2,+17.4,+10.5,+7.9,+9.9,+15.9,+21.2,+20.3,+20.2,+20.3,+20.3,+20.3,+20.2
2024-05-14 16:22,2,+22.1,+17.4,+10.5,+7.8,+9.9,+15.9,+21.1,+20.3,+20.2,+20.3,+20.3,+20.3,+20.2
2024-05-14 17:22,2,+22.1,+17.4,+10.5,+7.9,+9.9,+15.9,+21.0,+20.3,+20.2,+20.3,+20.3,+20.3,+20.2
2024-05-14 18:22,2,+22.1,+17.4,+10.5,+7.8,+9.9,+15.9,+20.8,+20.3,+20.2,+20.3,+20.3,+20.3,+20.2
2024-05-14 19:22,2,+22.1,+17.4,+10.5,+7.8,+9.9,+15.9,+20.8,+20.3,+20.2,+20.3,+20.3,+20.3,+20.2
2024-05-14 20:22,2,+22.1,+17.4,+10.5,+7.9,+9.9,+15.9,+20.7,+20.3,+20.2,+20.3,+20.2,+20.3,+20.2
2024-05-14 21:22,2,+22.1,+17.4,+10.5,+7.8,+9.9,+15.9,+20.6,+20.3,+20.3,+20.3,+20.3,+20.3,+20.2
2024-05-14 22:22,2,+22.1,+17.4,+10.5,+8.0,+9.9,+15.9,+20.6,+20.3,+20.2,+20.5,+20.3,+20.3,+20.2
2024-05-14 23:22,2,+22.1,+17.4,+10.5,+7.9,+9.9,+15.9,+20.5,+20.3,+20.3,+20.3,+20.2,+20.3,+20.2
2024-05-15 00:22,2,+22.1,+17.3,+10.5,+7.9,+9.9,+15.9,+20.5,+20.3,+20.3,+20.3,+20.2,+20.3,+20.2
2024-05-15 01:22,2,+22.1,+17.3,+10.5,+7.9,+9.9,+15.9,+20.3,+20.2,+20.2,+20.3,+20.3,+20.3,+20.2
2024-05-15 02:22,2,+22.1,+17.4,+10.5,+8.0,+9.9,+15.9,+20.3,+20.2,+20.3,+20.3,+20.3,+20.2,+20.2
2024-05-15 03:22,2,+22.0,+17.3,+10.5,+8.0,+9.9,+15.9,+20.3,+20.2,+20.3,+20.3,+20.3,+20.2,+20.2
2024-05-15 04:22,2,+22.0,+17.3,+10.5,+8.0,+9.9,+15.9,+20.2,+20.2,+20.3,+20.3,+20.3,+20.3,+20.2
2024-05-15 05:22,2,+22.0,+17.3,+10.5,+7.9,+9.9,+15.9,+20.2,+20.2,+20.2,+20.5,+20.3,+20.3,+20.2
2024-05-15 06:22,2,+22.0,+17.3,+10.5,+7.9,+9.9,+15.9,+20.1,+20.1,+20.3,+20.3,+20.3,+20.2,+20.2
2024-05-15 07:22,2,+22.0,+17.3,+10.5,+7.9,+9.9,+15.9,+20.1,+20.1,+20.2,+20.5,+20.3,+20.2,+20.2
2024-05-15 08:22,2,+21.9,+17.3,+10.5,+7.9,+9.9,+15.9,+20.2,+20.1,+20.2,+20.3,+20.3,+20.2,+20.2
2024-05-15 09:22,2,+21.9,+17.3,+10.5,+7.9,+9.9,+15.9,+20.5,+20.1,+20.2,+20.3,+20.3,+20.2,+20.2
2024-05-15 10:22,2,+21.9,+17.3,+10.4,+7.9,+9.9,+15.9,+21.0,+20.1,+20.2,+20.3,+20.3,+20.2,+20.2
2024-05-15 11:22,2,+21.9,+17.2,+10.4,+7.9,+9.9,+15.9,+21.1,+20.2,+20.2,+20.3,+20.3,+20.2,+20.2
2024-05-15 12:22,2,+21.8,+17.2,+10.4,+7.9,+9.9,+15.9,+21.3,+20.2,+20.2,+20.3,+20.3,+20.3,+20.2
2024-05-15 13:22,2,+21.8,+17.2,+10.4,+8.0,+10.0,+15.9,+21.5,+20.3,+20.2,+20.5,+20.3,+20.3,+20.2
2024-05-15 14:22,2,+22.8,+17.3,+10.4,+7.9,+9.9,+15.9,+21.3,+20.3,+20.2,+20.3,+20.3,+20.3,+20.2
2024-05-15 15:22,2,+27.0,+17.3,+10.5,+7.9,+9.9,+16.1,+21.2,+20.5,+20.2,+20.3,+20.3,+20.3,+20.2
2024-05-15 16:22,2,+26.9,+17.5,+10.5,+8.1,+10.0,+16.2,+21.1,+20.6,+20.2,+20.3,+20.3,+20.3,+20.2
2024-05-15 17:22,2,+27.0,+17.8,+10.5,+8.1,+10.0,+16.2,+21.0,+20.6,+20.3,+20.3,+20.3,+20.3,+20.2
2024-05-15 18:22,2,+26.5,+18.1,+10.5,+8.1,+10.0,+16.1,+20.8,+20.6,+20.3,+20.3,+20.3,+20.3,+20.2
2024-05-15 19:22,2,+26.1,+18.3,+10.5,+8.1,+10.0,+16.1,+20.8,+20.6,+20.3,+20.3,+20.3,+20.3,+20.2
2024-05-15 20:22,2,+28.2,+18.5,+10.5,+8.3,+10.0,+16.2,+20.7,+20.5,+20.3,+20.3,+20.2,+20.3,+20.2
2024-05-15 21:22,2,+28.1,+19.1,+10.7,+8.3,+10.0,+16.3,+20.6,+20.5,+20.3,+20.5,+20.2,+20.3,+20.3
2024-05-15 22:22,2,+28.9,+19.4,+10.8,+8.5,+10.1,+16.7,+20.5,+20.3,+20.3,+20.5,+20.3,+20.3,+20.2
2024-05-15 23:22,2,+32.1,+22.8,+12.9,+9.1,+10.0,+17.1,+19.5,+20.0,+20.3,+20.3,+20.3,+20.3,+20.2
2024-05-16 00:22,2,+27.9,+20.8,+12.7,+10.8,+10.1,+17.2,+19.5,+19.8,+20.3,+20.5,+20.3,+20.2,+20.2
2024-05-16 01:22,2,+27.0,+20.3,+12.5,+11.6,+10.3,+17.2,+19.5,+19.8,+20.3,+20.5,+20.3,+20.3,+20.2
2024-05-16 02:22,2,+26.5,+20.1,+12.4,+12.1,+10.8,+17.1,+19.6,+19.8,+20.2,+20.5,+20.3,+20.3,+20.3
2024-05-16 03:22,2,+26.3,+20.0,+12.4,+12.2,+11.1,+17.0,+19.6,+19.8,+20.2,+20.5,+20.3,+20.3,+20.3
2024-05-16 04:22,2,+26.1,+19.9,+12.3,+12.2,+11.5,+16.9,+19.6,+19.7,+20.2,+20.5,+20.3,+20.3,+20.2
2024-05-16 05:22,2,+25.8,+19.8,+12.3,+12.2,+11.7,+16.7,+19.6,+19.7,+20.1,+20.5,+20.3,+20.3,+20.3
2024-05-16 06:22,2,+25.7,+19.7,+12.3,+12.3,+12.0,+16.7,+19.6,+19.7,+20.1,+20.5,+20.3,+20.3,+20.2
2024-05-16 07:22,2,+25.6,+19.7,+12.2,+12.2,+12.2,+16.5,+19.7,+19.7,+20.1,+20.5,+20.3,+20.3,+20.3
2024-05-16 08:22,2,+25.5,+19.6,+12.2,+12.3,+12.5,+16.5,+19.8,+19.7,+20.1,+20.5,+20.3,+20.3,+20.3
2024-05-16 09:22,2,+25.4,+19.6,+12.2,+12.2,+12.6,+16.4,+20.0,+19.7,+20.1,+20.3,+20.3,+20.3,+20.3
2024-05-16 10:22,2,+25.4,+19.5,+12.2,+12.3,+12.8,+16.4,+20.2,+19.8,+20.1,+20.3,+20.3,+20.3,+20.2
2024-05-16 11:22,2,+25.3,+19.5,+12.2,+12.2,+12.9,+16.4,+20.5,+19.7,+20.1,+20.3,+20.3,+20.3,+20.2
2024-05-16 12:22,2,+26.6,+19.5,+12.1,+12.2,+12.9,+16.5,+20.5,+19.8,+20.1,+20.3,+20.3,+20.3,+20.3
2024-05-16 13:22,2,+26.2,+19.6,+12.2,+12.3,+13.1,+16.7,+20.6,+20.0,+20.1,+20.3,+20.3,+20.3,+20.3
2024-05-16 14:22,2,+25.9,+19.6,+12.2,+12.2,+13.1,+16.7,+20.7,+20.0,+20.1,+20.3,+20.3,+20.3,+20.3
2024-05-16 15:22,2,+25.7,+19.6,+12.2,+12.2,+13.1,+16.8,+20.7,+20.0,+20.1,+20.3,+20.3,+20.3,+20.3
2024-05-16 16:22,2,+25.6,+19.6,+12.2,+12.2,+13.1,+16.9,+20.6,+20.1,+20.1,+20.3,+20.3,+20.3,+20.3
2024-05-16 17:22,2,+25.5,+19.6,+12.2,+12.4,+13.2,+17.0,+20.6,+20.1,+20.1,+20.3,+20.3,+20.3,+20.2
2024-05-16 18:22,2,+25.5,+19.5,+12.2,+12.4,+13.3,+17.0,+20.5,+20.1,+20.1,+20.3,+20.3,+20.3,+20.3
2024-05-16 19:22,2,+25.4,+19.5,+12.2,+12.4,+13.3,+17.1,+20.5,+20.1,+20.1,+20.3,+20.3,+20.3,+20.2
2024-05-16 20:22,2,+25.3,+19.5,+12.2,+12.4,+13.3,+17.2,+20.5,+20.1,+20.1,+20.3,+20.3,+20.3,+20.3
2024-05-16 21:22,2,+25.3,+19.5,+12.2,+12.2,+13.3,+17.3,+20.3,+20.1,+20.1,+20.3,+20.3,+20.3,+20.3
2024-05-16 22:22,2,+25.2,+19.5,+12.1,+12.4,+13.3,+17.4,+20.3,+20.1,+20.1,+20.3,+20.3,+20.3,+20.3
2024-05-16 23:22,2,+25.2,+19.5,+12.1,+12.4,+13.4,+17.5,+20.3,+20.1,+20.1,+20.3,+20.2,+20.3,+20.3
2024-05-17 00:22,2,+25.1,+19.4,+12.1,+12.2,+13.3,+17.6,+20.2,+20.1,+20.1,+20.3,+20.3,+20.3,+20.3
2024-05-17 01:22,2,+25.0,+19.4,+12.1,+12.4,+13.4,+17.7,+20.3,+20.1,+20.1,+20.3,+20.3,+20.3,+20.3
2024-05-17 02:22,2,+25.2,+19.4,+12.1,+12.4,+13.4,+17.8,+20.2,+20.0,+20.2,+20.3,+20.2,+20.3,+20.3
2024-05-17 03:22,2,+25.2,+19.4,+12.1,+12.4,+13.4,+17.9,+20.2,+20.0,+20.1,+20.3,+20.3,+20.3,+20.2
2024-05-17 04:22,2,+25.1,+19.4,+12.1,+12.2,+13.4,+18.0,+20.1,+20.0,+20.1,+20.2,+20.2,+20.2,+20.3
2024-05-17 05:22,2,+25.0,+19.4,+12.1,+12.2,+13.3,+18.1,+20.1,+20.0,+20.1,+20.2,+20.2,+20.3,+20.3
2024-05-17 06:22,2,+25.0,+19.4,+12.1,+12.2,+13.4,+18.1,+20.1,+20.0,+20.1,+20.3,+20.2,+20.3,+20.3
2024-05-17 07:22,2,+25.0,+19.4,+12.1,+12.2,+13.4,+18.2,+20.1,+20.0,+20.1,+20.3,+20.3,+20.2,+20.2
2024-05-17 08:22,2,+24.9,+19.3,+12.1,+12.2,+13.4,+18.3,+20.2,+20.0,+20.1,+20.3,+20.3,+20.2,+20.3
2024-05-17 09:22,2,+24.9,+19.3,+12.0,+12.3,+13.4,+18.4,+20.3,+20.0,+20.1,+20.3,+20.3,+20.3,+20.3
2024-05-17 10:22,2,+24.9,+19.3,+12.0,+12.3,+13.4,+18.4,+20.5,+20.0,+20.1,+20.3,+20.2,+20.3,+20.3
2024-05-17 11:22,2,+24.8,+19.3,+12.0,+12.3,+13.4,+18.5,+20.5,+20.0,+20.1,+20.3,+20.2,+20.2,+20.2
2024-05-17 12:22,2,+38.0,+26.3,+12.8,+12.4,+13.4,+18.6,+20.3,+20.1,+20.1,+20.3,+20.3,+20.3,+20.3
2024-05-17 13:22,2,+28.6,+21.3,+12.8,+13.0,+13.5,+18.7,+20.3,+20.1,+20.1,+20.3,+20.3,+20.2,+20.3
2024-05-17 14:22,2,+27.6,+20.7,+12.7,+13.0,+13.9,+18.8,+20.3,+20.1,+20.1,+20.3,+20.3,+20.3,+20.3
2024-05-17 15:22,2,+27.1,+20.5,+12.6,+13.0,+14.2,+19.1,+20.5,+20.1,+20.1,+20.3,+20.2,+20.3,+20.3
2024-05-17 16:22,2,+26.8,+20.3,+12.6,+13.1,+14.3,+19.6,+20.5,+20.1,+20.1,+20.3,+20.3,+20.2,+20.3
2024-05-17 17:22,2,+26.7,+20.2,+12.5,+12.9,+14.3,+19.9,+20.5,+20.1,+20.1,+20.2,+20.3,+20.2,+20.3
2024-05-17 18:22,2,+26.5,+20.1,+12.5,+13.0,+14.3,+20.2,+20.5,+20.0,+20.1,+20.2,+20.2,+20.3,+20.3
2024-05-17 19:22,2,+26.4,+20.1,+12.5,+13.0,+14.3,+20.4,+20.5,+20.1,+20.1,+20.3,+20.2,+20.3,+20.3
2024-05-17 20:22,2,+26.3,+20.0,+12.4,+12.8,+14.2,+20.5,+20.5,+20.1,+20.1,+20.2,+20.2,+20.3,+20.3
2024-05-17 21:22,2,+26.5,+20.0,+12.4,+12.9,+14.3,+20.5,+20.5,+20.1,+20.2,+20.3,+20.3,+20.3,+20.3
2024-05-17 22:22,2,+29.7,+20.5,+12.5,+13.0,+14.2,+20.7,+20.3,+20.1,+20.1,+20.2,+20.2,+20.3,+20.3
2024-05-17 23:22,2,+28.0,+20.6,+12.6,+13.1,+14.3,+20.9,+20.5,+20.1,+20.1,+20.2,+20.2,+20.2,+20.3
2024-05-18 00:22,2,+27.4,+20.4,+12.6,+13.0,+14.3,+20.8,+20.3,+20.1,+20.1,+20.3,+20.3,+20.3,+20.2
2024-05-18 01:22,2,+27.1,+20.3,+12.6,+13.1,+14.3,+20.8,+20.3,+20.1,+20.2,+20.3,+20.2,+20.3,+20.3
2024-05-18 02:22,2,+26.8,+20.2,+12.5,+13.1,+14.4,+20.8,+20.3,+20.0,+20.1,+20.3,+20.2,+20.3,+20.3
2024-05-18 03:22,2,+26.7,+20.1,+12.5,+13.1,+14.4,+20.9,+20.2,+20.1,+20.2,+20.3,+20.2,+20.3,+20.3
2024-05-18 04:22,2,+26.8,+20.1,+12.5,+13.0,+14.3,+20.9,+20.2,+20.0,+20.1,+20.3,+20.2,+20.3,+20.3
2024-05-18 05:22,2,+26.7,+20.1,+12.5,+13.1,+14.4,+21.0,+20.2,+20.1,+20.1,+20.3,+20.3,+20.3,+20.3
2024-05-18 06:22,2,+26.6,+20.1,+12.5,+13.1,+14.3,+21.0,+20.2,+20.0,+20.1,+20.3,+20.2,+20.2,+20.3
2024-05-18 07:22,2,+26.5,+20.1,+12.4,+13.0,+14.3,+21.0,+20.2,+20.0,+20.1,+20.3,+20.2,+20.3,+20.2
2024-05-18 08:22,2,+26.3,+20.0,+12.4,+12.9,+14.3,+21.0,+20.3,+20.0,+20.1,+20.3,+20.2,+20.2,+20.3
2024-05-18 09:22,2,+26.3,+20.0,+12.4,+13.0,+14.3,+21.0,+20.3,+20.0,+20.1,+20.3,+20.3,+20.2,+20.3
2024-05-18 10:22,2,+26.2,+19.9,+12.4,+12.9,+14.3,+21.0,+20.7,+20.0,+20.1,+20.3,+20.3,+20.3,+20.3
2024-05-18 11:22,2,+26.1,+19.9,+12.3,+12.9,+14.3,+21.0,+21.0,+20.1,+20.1,+20.2,+20.3,+20.3,+20.3
2024-05-18 12:22,2,+26.0,+19.8,+12.3,+12.8,+14.2,+21.0,+21.2,+20.2,+20.1,+20.2,+20.2,+20.3,+20.2
2024-05-18 13:22,2,+25.9,+19.8,+12.3,+12.8,+14.2,+21.0,+21.3,+20.2,+20.1,+20.3,+20.2,+20.3,+20.2
2024-05-18 14:22,2,+25.8,+19.8,+12.3,+12.7,+14.2,+21.0,+21.5,+20.3,+20.2,+20.3,+20.3,+20.2,+20.3
2024-05-18 15:22,2,+25.9,+19.7,+12.3,+12.8,+14.2,+21.0,+21.5,+20.3,+20.2,+20.3,+20.2,+20.3,+20.3
2024-05-18 16:22,2,+25.7,+19.7,+12.2,+12.8,+14.2,+21.0,+21.8,+20.5,+20.2,+20.3,+20.2,+20.3,+20.3
2024-05-18 17:22,2,+25.6,+19.7,+12.2,+12.8,+14.2,+21.0,+22.1,+20.6,+20.2,+20.3,+20.3,+20.3,+20.3
2024-05-18 18:22,2,+25.6,+19.7,+12.2,+12.7,+14.1,+21.0,+22.0,+20.7,+20.2,+20.2,+20.3,+20.2,+20.3
2024-05-18 19:22,2,+25.6,+19.6,+12.2,+12.7,+14.1,+21.0,+21.6,+20.7,+20.2,+20.3,+20.3,+20.2,+20.3
2024-05-18 20:22,2,+25.5,+19.6,+12.2,+12.6,+14.1,+21.0,+21.5,+20.7,+20.3,+20.3,+20.3,+20.2,+20.2
2024-05-18 21:22,2,+25.5,+19.6,+12.2,+12.6,+14.0,+21.0,+21.3,+20.7,+20.3,+20.3,+20.2,+20.3,+20.3
2024-05-18 22:22,2,+25.5,+19.6,+12.2,+12.6,+14.0,+21.0,+21.2,+20.7,+20.5,+20.3,+20.3,+20.3,+20.3
2024-05-18 23:22,2,+25.4,+19.6,+12.2,+12.7,+14.1,+21.0,+21.1,+20.7,+20.3,+20.3,+20.2,+20.2,+20.3
2024-05-19 00:22,2,+25.4,+19.6,+12.2,+12.7,+14.1,+21.0,+21.0,+20.7,+20.3,+20.3,+20.3,+20.3,+20.3
2024-05-19 01:22,2,+25.4,+19.6,+12.2,+12.7,+14.0,+21.0,+20.8,+20.6,+20.3,+20.3,+20.2,+20.3,+20.2
2024-05-19 02:22,2,+25.4,+19.6,+12.2,+12.5,+14.0,+21.0,+20.8,+20.6,+20.5,+20.3,+20.2,+20.3,+20.3
2024-05-19 03:22,2,+25.3,+19.6,+12.1,+12.7,+14.0,+21.0,+20.7,+20.6,+20.5,+20.3,+20.3,+20.3,+20.3
2024-05-19 04:22,2,+25.3,+19.6,+12.1,+12.5,+14.0,+21.0,+20.7,+20.5,+20.3,+20.3,+20.3,+20.3,+20.2
2024-05-19 05:22,2,+25.2,+19.5,+12.1,+12.6,+14.0,+21.0,+20.7,+20.5,+20.5,+20.3,+20.3,+20.3,+20.2
2024-05-19 06:22,2,+25.2,+19.6,+12.1,+12.6,+14.0,+21.0,+20.6,+20.5,+20.5,+20.3,+20.3,+20.3,+20.3
2024-05-19 07:22,2,+25.2,+19.5,+12.1,+12.5,+14.0,+20.9,+20.5,+20.5,+20.5,+20.5,+20.3,+20.3,+20.2
2024-05-19 08:22,2,+25.2,+19.5,+12.1,+12.6,+14.0,+21.0,+20.6,+20.3,+20.3,+20.5,+20.3,+20.3,+20.2
2024-05-19 09:22,2,+25.2,+19.5,+12.1,+12.6,+14.0,+20.9,+20.7,+20.3,+20.3,+20.5,+20.3,+20.3,+20.2
2024-05-19 10:22,2,+25.2,+19.5,+12.1,+12.6,+14.0,+20.9,+21.0,+20.5,+20.5,+20.5,+20.3,+20.3,+20.2
2024-05-19 11:22,2,+25.1,+19.5,+12.1,+12.6,+13.9,+20.9,+21.2,+20.3,+20.5,+20.5,+20.3,+20.3,+20.3
2024-05-19 12:22,2,+25.1,+19.5,+12.1,+12.5,+13.9,+20.9,+21.2,+20.5,+20.3,+20.5,+20.3,+20.3,+20.3
2024-05-19 13:22,2,+25.1,+19.4,+12.0,+12.4,+13.9,+20.9,+21.2,+20.5,+20.5,+20.5,+20.3,+20.3,+20.2
2024-05-19 14:22,2,+25.0,+19.4,+12.0,+12.4,+13.8,+20.9,+21.3,+20.5,+20.3,+20.5,+20.3,+20.3,+20.3
2024-05-19 15:22,2,+25.0,+19.4,+12.0,+12.4,+13.8,+20.8,+21.3,+20.6,+20.5,+20.5,+20.3,+20.3,+20.3
2024-05-19 16:22,2,+25.0,+19.4,+12.0,+12.4,+13.8,+20.8,+21.3,+20.6,+20.5,+20.5,+20.3,+20.3,+20.2
2024-05-19 17:22,2,+25.0,+19.4,+12.0,+12.4,+13.8,+20.8,+21.3,+20.6,+20.5,+20.5,+20.3,+20.3,+20.3
2024-05-19 18:22,2,+25.0,+19.4,+12.0,+12.4,+13.8,+20.8,+21.2,+20.7,+20.5,+20.5,+20.3,+20.3,+20.3
2024-05-19 19:22,2,+25.0,+19.4,+12.0,+12.4,+13.8,+20.8,+21.1,+20.6,+20.5,+20.5,+20.3,+20.3,+20.3
2024-05-19 20:22,2,+25.1,+19.4,+12.0,+12.5,+13.8,+20.8,+21.0,+20.6,+20.6,+20.5,+20.3,+20.3,+20.3
2024-05-19 21:22,2,+25.0,+19.4,+12.0,+12.5,+13.8,+20.8,+20.8,+20.6,+20.5,+20.5,+20.3,+20.3,+20.3
2024-05-19 22:22,2,+25.0,+19.4,+12.0,+12.4,+13.8,+20.8,+20.8,+20.6,+20.5,+20.5,+20.3,+20.3,+20.3
2024-05-19 23:22,2,+25.0,+19.4,+12.0,+12.4,+13.8,+20.8,+20.7,+20.6,+20.5,+20.5,+20.3,+20.3,+20.3
2024-05-20 00:22,2,+25.0,+19.4,+12.0,+12.4,+13.8,+20.8,+20.7,+20.6,+20.5,+20.5,+20.3,+20.5,+20.3
2024-05-20 01:22,2,+25.0,+19.4,+12.0,+12.4,+13.8,+20.8,+20.6,+20.5,+20.5,+20.5,+20.3,+20.3,+20.3
2024-05-20 02:22,2,+25.0,+19.3,+12.0,+12.3,+13.8,+20.8,+20.6,+20.5,+20.5,+20.5,+20.3,+20.3,+20.3
2024-05-20 03:22,2,+24.9,+19.3,+12.0,+12.4,+13.8,+20.8,+20.5,+20.3,+20.5,+20.5,+20.3,+20.3,+20.3
2024-05-20 04:22,2,+24.9,+19.3,+12.0,+12.4,+13.8,+20.8,+20.5,+20.3,+20.5,+20.6,+20.3,+20.3,+20.3
2024-05-20 05:22,2,+24.8,+19.3,+12.0,+12.4,+13.8,+20.8,+20.3,+20.3,+20.5,+20.5,+20.5,+20.3,+20.3
2024-05-20 06:22,2,+24.8,+19.3,+12.0,+12.4,+13.8,+20.8,+20.5,+20.3,+20.5,+20.5,+20.3,+20.3,+20.3
2024-05-20 07:22,2,+24.8,+19.3,+12.0,+12.3,+13.7,+20.7,+20.3,+20.3,+20.5,+20.5,+20.5,+20.5,+20.3
2024-05-20 08:22,2,+24.8,+19.3,+12.0,+12.3,+13.7,+20.7,+20.3,+20.2,+20.3,+20.6,+20.3,+20.3,+20.3
2024-05-20 09:22,2,+24.8,+19.3,+11.9,+12.4,+13.8,+20.8,+20.5,+20.2,+20.5,+20.5,+20.5,+20.3,+20.3
2024-05-20 10:22,2,+24.7,+19.3,+11.9,+12.4,+13.7,+20.7,+20.6,+20.3,+20.3,+20.5,+20.3,+20.5,+20.3
2024-05-20 11:22,2,+24.7,+19.2,+11.9,+12.4,+13.7,+20.7,+20.7,+20.2,+20.3,+20.6,+20.3,+20.3,+20.3
2024-05-20 12:22,2,+24.7,+19.2,+11.9,+12.4,+13.7,+20.7,+21.0,+20.3,+20.3,+20.5,+20.5,+20.5,+20.3
2024-05-20 13:22,2,+24.6,+19.2,+11.9,+12.3,+13.7,+20.7,+21.1,+20.3,+20.3,+20.6,+20.3,+20.5,+20.3
2024-05-20 14:22,2,+24.6,+19.2,+11.9,+12.2,+13.6,+20.7,+21.2,+20.3,+20.3,+20.5,+20.5,+20.3,+20.3
2024-05-20 15:22,2,+24.6,+19.1,+11.9,+12.2,+13.6,+20.7,+21.3,+20.5,+20.3,+20.5,+20.5,+20.5,+20.3
2024-05-20 16:22,2,+24.5,+19.1,+11.9,+12.3,+13.7,+20.7,+21.7,+20.5,+20.3,+20.5,+20.5,+20.5,+20.3
2024-05-20 17:22,2,+24.5,+19.1,+11.9,+12.3,+13.7,+20.7,+22.0,+20.6,+20.3,+20.5,+20.5,+20.3,+20.3
2024-05-20 18:22,2,+24.5,+19.1,+11.9,+12.2,+13.6,+20.6,+21.8,+20.6,+20.5,+20.5,+20.3,+20.3,+20.3
2024-05-20 19:22,2,+24.5,+19.1,+11.9,+12.2,+13.6,+20.6,+21.7,+20.7,+20.5,+20.5,+20.5,+20.5,+20.3
2024-05-20 20:22,2,+24.5,+19.1,+11.9,+12.2,+13.6,+20.6,+21.5,+20.7,+20.5,+20.5,+20.5,+20.5,+20.3
2024-05-20 21:22,2,+24.5,+19.1,+11.9,+12.3,+13.6,+20.7,+21.5,+20.8,+20.5,+20.5,+20.5,+20.3,+20.3
2024-05-20 22:22,2,+24.6,+19.1,+11.9,+12.3,+13.6,+20.7,+21.3,+20.8,+20.5,+20.5,+20.5,+20.5,+20.3
2024-05-20 23:22,2,+24.6,+19.1,+11.9,+12.2,+13.6,+20.6,+21.2,+20.7,+20.5,+20.5,+20.5,+20.3,+20.3
2024-05-21 00:22,2,+24.6,+19.1,+11.9,+12.3,+13.6,+20.7,+21.2,+20.7,+20.5,+20.5,+20.5,+20.3,+20.3
2024-05-21 01:22,2,+24.6,+19.1,+11.9,+12.2,+13.6,+20.6,+21.1,+20.7,+20.6,+20.5,+20.5,+20.3,+20.3
2024-05-21 02:22,2,+24.5,+19.1,+11.9,+12.2,+13.6,+20.7,+21.0,+20.7,+20.6,+20.5,+20.3,+20.5,+20.3
2024-05-21 03:22,2,+24.5,+19.1,+11.9,+12.2,+13.6,+20.6,+20.8,+20.6,+20.6,+20.6,+20.5,+20.5,+20.3
2024-05-21 04:22,2,+24.5,+19.1,+11.9,+12.1,+13.6,+20.6,+20.8,+20.6,+20.6,+20.6,+20.5,+20.5,+20.3
2024-05-21 05:22,2,+24.5,+19.1,+11.9,+12.1,+13.6,+20.6,+20.7,+20.6,+20.6,+20.5,+20.3,+20.5,+20.3
2024-05-21 06:22,2,+24.5,+19.1,+11.9,+12.1,+13.6,+20.6,+20.6,+20.5,+20.6,+20.6,+20.5,+20.3,+20.3
2024-05-21 07:22,2,+24.5,+19.1,+11.9,+12.1,+13.6,+20.6,+20.6,+20.6,+20.6,+20.6,+20.5,+20.5,+20.3
2024-05-21 08:22,2,+24.5,+19.1,+11.9,+12.2,+13.6,+20.6,+20.6,+20.5,+20.6,+20.6,+20.5,+20.5,+20.3
2024-05-21 09:22,2,+24.5,+19.1,+11.9,+12.2,+13.6,+20.6,+20.7,+20.5,+20.6,+20.6,+20.5,+20.5,+20.3
2024-05-21 10:22,2,+24.4,+19.1,+11.8,+12.1,+13.5,+20.6,+21.1,+20.5,+20.5,+20.6,+20.5,+20.3,+20.3
2024-05-21 11:22,2,+24.4,+19.0,+11.8,+12.1,+13.5,+20.6,+21.2,+20.5,+20.5,+20.6,+20.5,+20.5,+20.3
2024-05-21 12:22,2,+24.4,+19.0,+11.8,+12.1,+13.5,+20.5,+21.3,+20.6,+20.5,+20.6,+20.5,+20.5,+20.5
2024-05-21 13:22,2,+24.3,+19.0,+11.8,+12.1,+13.5,+20.5,+21.5,+20.6,+20.5,+20.6,+20.5,+20.5,+20.3
2024-05-21 14:22,2,+24.3,+19.0,+11.8,+12.0,+13.5,+20.5,+21.7,+20.7,+20.5,+20.6,+20.5,+20.5,+20.3
2024-05-21 15:22,2,+24.4,+19.0,+11.8,+12.0,+13.5,+20.5,+21.8,+20.7,+20.6,+20.6,+20.5,+20.5,+20.3
2024-05-21 16:22,2,+24.4,+19.0,+11.8,+12.2,+13.5,+20.5,+22.1,+20.8,+20.6,+20.6,+20.5,+20.5,+20.3
2024-05-21 17:22,2,+24.4,+19.0,+11.8,+12.1,+13.5,+20.5,+22.3,+20.8,+20.6,+20.6,+20.5,+20.5,+20.3
2024-05-21 18:22,2,+24.4,+18.9,+11.8,+12.1,+13.5,+20.5,+22.0,+21.0,+20.5,+20.6,+20.5,+20.5,+20.3
2024-05-21 19:22,2,+24.4,+18.9,+11.8,+12.0,+13.5,+20.5,+21.8,+21.0,+20.6,+20.6,+20.5,+20.5,+20.3
2024-05-21 20:22,2,+24.3,+18.9,+11.8,+12.1,+13.5,+20.5,+21.6,+21.0,+20.6,+20.6,+20.5,+20.5,+20.3
2024-05-21 21:22,2,+24.3,+18.9,+11.8,+12.0,+13.5,+20.5,+21.5,+21.0,+20.7,+20.6,+20.5,+20.5,+20.3
2024-05-21 22:22,2,+24.3,+18.9,+11.8,+12.1,+13.5,+20.5,+21.2,+21.0,+20.7,+20.6,+20.5,+20.5,+20.3
2024-05-21 23:22,2,+24.3,+18.9,+11.8,+12.1,+13.5,+20.5,+21.2,+20.8,+20.7,+20.6,+20.5,+20.5,+20.3
2024-05-22 00:22,2,+24.3,+18.9,+11.8,+12.1,+13.5,+20.5,+21.1,+20.8,+20.7,+20.7,+20.5,+20.5,+20.3
2024-05-22 01:22,2,+24.3,+18.9,+11.8,+12.1,+13.5,+20.5,+21.0,+20.8,+20.7,+20.6,+20.5,+20.5,+20.3
2024-05-22 02:22,2,+24.3,+18.9,+11.8,+12.0,+13.5,+20.5,+20.8,+20.8,+20.7,+20.7,+20.5,+20.5,+20.3
2024-05-22 03:22,2,+24.2,+18.9,+11.8,+12.0,+13.5,+20.5,+20.7,+20.7,+20.7,+20.6,+20.5,+20.5,+20.5
2024-05-22 04:22,2,+24.2,+18.9,+11.8,+12.0,+13.5,+20.5,+20.6,+20.7,+20.7,+20.7,+20.5,+20.5,+20.5
2024-05-22 05:22,2,+24.2,+18.9,+11.8,+12.0,+13.4,+20.5,+20.5,+20.6,+20.6,+20.6,+20.5,+20.5,+20.3
2024-05-22 06:22,2,+24.2,+18.9,+11.8,+12.1,+13.5,+20.5,+20.5,+20.6,+20.7,+20.7,+20.6,+20.5,+20.3
2024-05-22 07:22,2,+24.1,+18.9,+11.8,+12.0,+13.4,+20.4,+20.3,+20.5,+20.6,+20.7,+20.5,+20.5,+20.5
2024-05-22 08:22,2,+24.1,+18.9,+11.7,+12.1,+13.5,+20.5,+20.5,+20.5,+20.6,+20.7,+20.5,+20.5,+20.3
2024-05-22 09:22,2,+24.1,+18.8,+11.7,+12.0,+13.4,+20.4,+20.6,+20.5,+20.6,+20.7,+20.6,+20.5,+20.5
2024-05-22 10:22,2,+24.1,+18.8,+11.7,+12.1,+13.5,+20.4,+20.8,+20.5,+20.6,+20.6,+20.5,+20.5,+20.5
2024-05-22 11:22,2,+24.0,+18.8,+11.7,+12.1,+13.5,+20.4,+21.1,+20.5,+20.6,+20.7,+20.5,+20.5,+20.3
2024-05-22 12:22,2,+24.0,+18.8,+11.7,+12.0,+13.4,+20.4,+21.2,+20.5,+20.6,+20.6,+20.6,+20.5,+20.3
2024-05-22 13:22,2,+23.9,+18.8,+11.7,+11.9,+13.4,+20.4,+21.3,+20.5,+20.6,+20.7,+20.6,+20.5,+20.3
2024-05-22 14:22,2,+23.9,+18.7,+11.7,+12.0,+13.4,+20.4,+21.5,+20.6,+20.6,+20.7,+20.6,+20.5,+20.5
2024-05-22 15:22,2,+23.9,+18.7,+11.7,+11.9,+13.4,+20.3,+21.6,+20.6,+20.6,+20.7,+20.6,+20.6,+20.3
2024-05-22 16:22,2,+23.9,+18.7,+11.7,+12.0,+13.4,+20.3,+21.7,+20.7,+20.6,+20.7,+20.6,+20.5,+20.3
2024-05-22 17:22,2,+23.8,+18.7,+11.7,+12.0,+13.4,+20.4,+21.8,+20.7,+20.6,+20.7,+20.6,+20.5,+20.5
2024-05-22 18:22,2,+23.8,+18.7,+11.7,+11.9,+13.3,+20.3,+21.7,+20.8,+20.6,+20.6,+20.6,+20.5,+20.3
2024-05-22 19:22,2,+23.8,+18.7,+11.7,+11.9,+13.3,+20.3,+21.6,+20.8,+20.6,+20.7,+20.6,+20.5,+20.3
2024-05-22 20:22,2,+23.8,+18.7,+11.7,+11.9,+13.3,+20.3,+21.5,+20.8,+20.6,+20.7,+20.5,+20.5,+20.3
2024-05-22 21:22,2,+23.8,+18.7,+11.7,+11.9,+13.3,+20.3,+21.3,+20.8,+20.7,+20.6,+20.6,+20.5,+20.5
2024-05-22 22:22,2,+23.8,+18.7,+11.7,+11.9,+13.3,+20.3,+21.2,+20.8,+20.6,+20.6,+20.6,+20.5,+20.5
2024-05-22 23:22,2,+23.8,+18.7,+11.7,+11.9,+13.3,+20.3,+21.1,+20.8,+20.7,+20.6,+20.5,+20.5,+20.5
2024-05-23 00:22,2,+23.8,+18.7,+11.7,+11.9,+13.3,+20.3,+21.0,+20.7,+20.7,+20.7,+20.6,+20.6,+20.3
2024-05-23 01:22,2,+23.8,+18.7,+11.7,+12.0,+13.4,+20.3,+20.8,+20.7,+20.7,+20.7,+20.5,+20.6,+20.5
2024-05-23 02:22,2,+23.8,+18.6,+11.7,+11.9,+13.3,+20.2,+20.8,+20.7,+20.7,+20.7,+20.5,+20.6,+20.3
2024-05-23 03:22,2,+23.7,+18.6,+11.7,+11.8,+13.3,+20.3,+20.7,+20.7,+20.7,+20.7,+20.6,+20.5,+20.5
2024-05-23 04:22,2,+23.7,+18.6,+11.7,+12.0,+13.4,+20.3,+20.6,+20.6,+20.6,+20.6,+20.6,+20.6,+20.5
2024-05-23 05:22,2,+23.7,+18.6,+11.7,+11.9,+13.3,+20.2,+20.5,+20.6,+20.7,+20.7,+20.6,+20.6,+20.5
2024-05-23 06:22,2,+23.7,+18.6,+11.7,+12.0,+13.4,+20.3,+20.5,+20.5,+20.7,+20.7,+20.6,+20.5,+20.5
2024-05-23 07:22,2,+23.7,+18.6,+11.6,+11.8,+13.3,+20.2,+20.5,+20.5,+20.6,+20.7,+20.6,+20.6,+20.5
2024-05-23 08:22,2,+23.7,+18.6,+11.6,+11.9,+13.3,+20.2,+20.5,+20.5,+20.6,+20.7,+20.6,+20.6,+20.5
2024-05-23 09:22,2,+23.6,+18.6,+11.6,+12.0,+13.3,+20.3,+20.5,+20.5,+20.6,+20.7,+20.6,+20.5,+20.5
2024-05-23 10:22,2,+23.6,+18.6,+11.6,+11.9,+13.3,+20.2,+21.1,+20.3,+20.6,+20.7,+20.6,+20.6,+20.5
2024-05-23 11:22,2,+23.5,+18.5,+11.6,+11.9,+13.3,+20.2,+21.3,+20.5,+20.6,+20.7,+20.6,+20.6,+20.5
2024-05-23 12:22,2,+23.5,+18.5,+11.6,+11.9,+13.3,+20.2,+21.5,+20.6,+20.6,+20.7,+20.6,+20.5,+20.5
2024-05-23 13:22,2,+23.5,+18.5,+11.6,+11.8,+13.3,+20.2,+21.6,+20.6,+20.6,+20.7,+20.6,+20.6,+20.5
2024-05-23 14:22,2,+23.4,+18.5,+11.6,+11.8,+13.3,+20.2,+21.6,+20.7,+20.6,+20.7,+20.6,+20.5,+20.5
2024-05-23 15:22,2,+23.4,+18.5,+11.6,+11.9,+13.3,+20.2,+21.6,+20.7,+20.7,+20.7,+20.6,+20.5,+20.5
2024-05-23 16:22,2,+23.4,+18.4,+11.6,+11.8,+13.3,+20.2,+21.8,+20.8,+20.6,+20.7,+20.6,+20.6,+20.5
2024-05-23 17:22,2,+23.4,+18.4,+11.6,+11.8,+13.3,+20.2,+21.8,+20.8,+20.6,+20.6,+20.6,+20.6,+20.5
2024-05-23 18:22,2,+23.4,+18.4,+11.5,+11.8,+13.3,+20.2,+21.7,+21.0,+20.7,+20.7,+20.6,+20.6,+20.5
2024-05-23 19:22,2,+23.4,+18.4,+11.6,+11.8,+13.2,+20.2,+21.6,+21.0,+20.6,+20.7,+20.6,+20.6,+20.5
2024-05-23 20:22,2,+23.4,+18.5,+11.6,+11.8,+13.2,+20.2,+21.5,+21.0,+20.7,+20.7,+20.6,+20.6,+20.5
2024-05-23 21:22,2,+23.5,+18.5,+11.6,+11.8,+13.2,+20.2,+21.3,+21.0,+20.7,+20.7,+20.6,+20.6,+20.5
2024-05-23 22:22,2,+23.5,+18.5,+11.6,+11.9,+13.3,+20.2,+21.2,+20.8,+20.7,+20.7,+20.6,+20.6,+20.5
2024-05-23 23:22,2,+23.5,+18.4,+11.6,+11.9,+13.3,+20.2,+21.2,+20.8,+20.7,+20.7,+20.6,+20.6,+20.5
2024-05-24 00:22,2,+23.5,+18.5,+11.6,+11.9,+13.3,+20.2,+21.1,+20.8,+20.7,+20.7,+20.6,+20.6,+20.5
2024-05-24 01:22,2,+23.5,+18.4,+11.6,+11.9,+13.3,+20.2,+21.0,+20.8,+20.7,+20.7,+20.6,+20.6,+20.5
2024-05-24 02:22,2,+23.4,+18.4,+11.6,+11.8,+13.2,+20.2,+20.8,+20.8,+20.7,+20.7,+20.5,+20.6,+20.5
2024-05-24 03:22,2,+23.5,+18.4,+11.6,+11.8,+13.2,+20.2,+20.7,+20.7,+20.7,+20.7,+20.6,+20.6,+20.5
2024-05-24 04:22,2,+23.4,+18.4,+11.5,+11.9,+13.3,+20.2,+20.6,+20.7,+20.7,+20.7,+20.6,+20.6,+20.5
2024-05-24 05:22,2,+23.4,+18.4,+11.5,+11.9,+13.3,+20.2,+20.6,+20.6,+20.7,+20.7,+20.6,+20.6,+20.5
2024-05-24 06:22,2,+23.4,+18.4,+11.6,+11.9,+13.3,+20.2,+20.5,+20.6,+20.7,+20.7,+20.6,+20.6,+20.5
2024-05-24 07:22,2,+23.4,+18.4,+11.5,+11.9,+13.3,+20.2,+20.6,+20.6,+20.7,+20.7,+20.6,+20.5,+20.5