
2024-05-08 12:22,1,+14.6,+16.5,+4.4,+11.8,+18.2,+24.7,+20.1,+19.7,+19.8,+20.1,+19.8,+20.1,+19.7
2024-05-08 13:22,1,+14.6,+16.4,+4.4,+11.8,+18.2,+24.7,+20.1,+19.6,+19.8,+20.1,+19.8,+20.1,+19.8
2024-05-08 14:22,1,+16.0,+16.6,+4.4,+12.0,+18.3,+24.8,+20.2,+19.7,+19.8,+20.1,+20.0,+20.0,+19.8
2024-05-08 15:22,1,+15.5,+16.5,+4.4,+12.0,+18.3,+25.0,+20.2,+19.7,+19.8,+20.1,+19.8,+20.1,+19.8
2024-05-08 16:22,1,+15.4,+16.5,+4.4,+12.0,+18.4,+25.3,+20.1,+19.7,+19.8,+20.1,+19.8,+20.1,+19.7
2024-05-08 17:22,1,+15.4,+16.4,+4.4,+11.9,+18.3,+25.3,+20.1,+19.7,+19.8,+20.1,+19.8,+20.0,+19.8
2024-05-08 18:22,1,+15.3,+16.4,+4.4,+12.0,+18.4,+25.3,+20.0,+19.7,+19.8,+20.1,+19.8,+20.0,+19.8
2024-05-08 19:22,1,+15.2,+16.5,+4.4,+12.0,+18.4,+25.3,+20.0,+19.7,+19.8,+20.1,+19.8,+20.0,+19.8
2024-05-08 20:22,1,+15.2,+16.5,+4.4,+12.0,+18.4,+25.3,+19.8,+19.7,+19.8,+20.1,+20.0,+20.1,+19.7
2024-05-08 21:22,1,+15.2,+16.5,+4.4,+12.0,+18.4,+25.3,+19.8,+19.7,+19.8,+20.1,+19.8,+20.1,+19.7
2024-05-08 22:22,1,+15.1,+16.5,+4.4,+12.0,+18.4,+25.3,+19.7,+19.7,+19.8,+20.1,+19.8,+20.0,+19.8
2024-05-08 23:22,1,+15.1,+16.5,+4.4,+11.9,+18.3,+25.3,+19.7,+19.7,+19.8,+20.1,+20.0,+20.1,+19.7
2024-05-09 00:22,1,+15.0,+16.5,+4.4,+11.9,+18.3,+25.3,+19.7,+19.7,+19.8,+20.1,+20.0,+20.1,+19.8
2024-05-09 01:22,1,+14.9,+16.5,+4.4,+11.9,+18.3,+25.3,+19.7,+19.6,+19.8,+20.1,+19.8,+20.1,+19.7
2024-05-09 02:22,1,+14.9,+16.5,+4.4,+12.0,+18.4,+25.3,+19.7,+19.6,+19.8,+20.1,+20.0,+20.0,+19.7
2024-05-09 03:22,1,+14.9,+16.5,+4.4,+11.9,+18.3,+25.3,+19.7,+19.6,+19.8,+20.1,+19.8,+20.0,+19.8
2024-05-09 04:22,1,+15.0,+16.5,+4.4,+12.0,+18.4,+25.3,+19.6,+19.6,+19.8,+20.1,+20.0,+20.1,+19.8
2024-05-09 05:22,1,+14.9,+16.4,+4.4,+11.9,+18.4,+25.3,+19.6,+19.5,+19.8,+20.1,+19.8,+20.1,+19.8
2024-05-09 06:22,1,+14.9,+16.4,+4.4,+11.9,+18.3,+25.3,+19.5,+19.5,+19.8,+20.1,+20.0,+20.0,+19.8
2024-05-09 07:22,1,+14.9,+16.4,+4.4,+11.9,+18.4,+25.3,+19.5,+19.5,+19.8,+20.1,+20.0,+20.1,+19.8
2024-05-09 08:22,1,+14.8,+16.4,+4.4,+11.9,+18.4,+25.3,+19.5,+19.6,+19.8,+20.1,+20.0,+20.1,+19.8
2024-05-09 09:22,1,+14.8,+16.4,+4.4,+11.9,+18.4,+25.3,+19.6,+19.5,+19.8,+20.1,+19.8,+20.1,+19.8
2024-05-09 10:22,1,+14.6,+16.4,+4.4,+11.8,+18.4,+25.3,+20.0,+19.5,+19.8,+20.1,+20.0,+20.1,+19.7
2024-05-09 11:22,1,+14.6,+16.3,+4.4,+12.0,+18.4,+25.3,+20.2,+19.5,+19.8,+20.1,+20.0,+20.1,+19.7
2024-05-09 12:22,1,+14.6,+16.3,+4.4,+11.8,+18.3,+25.3,+20.5,+19.6,+19.7,+20.1,+20.0,+20.1,+19.8
2024-05-09 13:22,1,+14.6,+16.2,+4.4,+11.8,+18.3,+25.3,+20.6,+19.7,+19.8,+20.1,+20.0,+20.1,+19.7
2024-05-09 14:22,1,+14.6,+16.2,+4.4,+11.9,+18.4,+25.3,+20.7,+19.7,+19.7,+20.1,+19.8,+20.1,+19.8
2024-05-09 15:22,1,+14.6,+16.2,+4.4,+11.8,+18.3,+25.3,+20.8,+19.8,+19.8,+20.1,+20.0,+20.1,+19.8
2024-05-09 16:22,1,+14.5,+16.1,+4.4,+11.8,+18.3,+25.3,+20.8,+19.8,+19.8,+20.1,+20.0,+20.1,+19.8
2024-05-09 17:22,1,+14.6,+16.1,+4.4,+11.9,+18.3,+25.3,+20.8,+20.0,+19.8,+20.1,+19.8,+20.1,+19.8
2024-05-09 18:22,1,+14.6,+16.2,+4.4,+11.8,+18.3,+25.3,+20.7,+20.0,+19.8,+20.1,+19.8,+20.1,+19.7
2024-05-09 19:22,1,+14.6,+16.2,+4.4,+11.8,+18.3,+25.3,+20.7,+20.1,+19.8,+20.1,+20.0,+20.1,+19.8
2024-05-09 20:22,1,+14.6,+16.2,+4.4,+11.9,+18.4,+25.3,+20.7,+20.1,+20.0,+20.1,+20.0,+20.1,+19.8
2024-05-09 21:22,1,+14.7,+16.2,+4.4,+11.9,+18.4,+25.3,+20.6,+20.1,+20.0,+20.1,+20.0,+20.1,+19.8
2024-05-09 22:22,1,+14.7,+16.2,+4.4,+11.9,+18.4,+25.3,+20.5,+20.1,+20.0,+20.1,+19.8,+20.1,+19.8
2024-05-09 23:22,1,+14.7,+16.2,+4.4,+11.8,+18.3,+25.3,+20.3,+20.1,+20.0,+20.1,+20.0,+20.1,+19.8
2024-05-10 00:22,1,+14.7,+16.2,+4.4,+12.0,+18.4,+25.3,+20.3,+20.1,+20.0,+20.1,+20.0,+20.1,+19.8
2024-05-10 01:22,1,+14.8,+16.2,+4.4,+11.9,+18.4,+25.3,+20.2,+20.1,+20.0,+20.1,+20.0,+20.1,+19.8
2024-05-10 02:22,1,+14.7,+16.3,+4.4,+11.8,+18.3,+25.3,+20.1,+20.0,+20.0,+20.1,+20.0,+20.1,+19.8
2024-05-10 03:22,1,+14.8,+16.2,+4.4,+11.8,+18.3,+25.3,+20.1,+20.0,+20.0,+20.2,+20.0,+20.1,+19.8
2024-05-10 04:22,1,+14.8,+16.2,+4.4,+11.8,+18.3,+25.3,+20.0,+20.0,+20.0,+20.2,+20.0,+20.1,+19.8
2024-05-10 05:22,1,+14.8,+16.2,+4.4,+12.0,+18.4,+25.3,+19.8,+19.8,+20.1,+20.2,+20.0,+20.1,+19.8
2024-05-10 06:22,1,+14.8,+16.2,+4.4,+12.0,+18.4,+25.3,+19.8,+19.8,+20.0,+20.2,+20.0,+20.1,+19.8
2024-05-10 07:22,1,+14.7,+16.1,+4.4,+11.8,+18.3,+25.3,+19.8,+19.8,+20.0,+20.2,+20.0,+20.1,+19.8
2024-05-10 08:22,1,+14.7,+16.1,+4.4,+11.8,+18.3,+25.3,+19.8,+19.7,+20.0,+20.2,+20.0,+20.1,+19.8
2024-05-10 09:22,1,+14.6,+16.1,+4.4,+11.8,+18.3,+25.3,+20.0,+19.8,+20.0,+20.2,+20.0,+20.1,+19.8
2024-05-10 10:22,1,+14.5,+16.1,+4.4,+11.8,+18.3,+25.3,+20.2,+19.8,+20.0,+20.2,+20.0,+20.1,+19.7
2024-05-10 11:22,1,+14.4,+16.0,+4.4,+11.8,+18.3,+25.3,+20.5,+19.8,+20.0,+20.2,+20.0,+20.1,+19.8
2024-05-10 12:22,1,+14.4,+16.0,+4.4,+11.9,+18.3,+25.3,+20.6,+20.0,+20.0,+20.2,+20.0,+20.2,+19.8
2024-05-10 13:22,1,+14.4,+16.0,+4.4,+11.9,+18.3,+25.3,+20.7,+20.0,+20.0,+20.2,+20.0,+20.1,+19.8
2024-05-10 14:22,1,+14.4,+16.0,+4.4,+11.9,+18.3,+25.3,+20.8,+20.0,+20.0,+20.2,+20.0,+20.1,+19.8
2024-05-10 15:22,1,+14.3,+16.0,+4.4,+11.9,+18.3,+25.3,+20.8,+20.1,+20.1,+20.2,+20.0,+20.1,+19.8
2024-05-10 16:22,1,+14.3,+16.0,+4.4,+11.9,+18.3,+25.3,+20.8,+20.1,+20.0,+20.2,+20.0,+20.1,+19.8
2024-05-10 17:22,1,+14.3,+16.0,+4.4,+11.8,+18.3,+25.2,+20.8,+20.1,+20.0,+20.2,+20.0,+20.1,+19.8
2024-05-10 18:22,1,+14.4,+16.0,+4.4,+11.8,+18.3,+25.2,+20.8,+20.2,+20.0,+20.2,+20.0,+20.2,+19.8
2024-05-10 19:22,1,+17.8,+16.6,+4.4,+11.9,+18.3,+25.2,+20.7,+20.2,+20.1,+20.2,+20.0,+20.1,+19.8
2024-05-10 20:22,1,+23.1,+17.9,+5.3,+12.0,+18.6,+25.7,+20.6,+20.2,+20.1,+20.2,+20.0,+20.1,+19.8
2024-05-10 21:22,1,+22.9,+17.7,+4.5,+11.9,+18.6,+25.8,+20.5,+20.2,+20.1,+20.2,+20.0,+20.1,+19.8
2024-05-10 22:22,1,+22.6,+17.7,+4.4,+12.0,+18.7,+25.9,+20.5,+20.2,+20.1,+20.2,+20.0,+20.1,+19.8
2024-05-10 23:22,1,+22.6,+17.8,+4.4,+11.9,+18.7,+25.8,+20.5,+20.2,+20.2,+20.2,+20.0,+20.2,+19.8
2024-05-11 00:22,1,+22.5,+17.8,+4.4,+12.0,+19.0,+25.9,+20.5,+20.2,+20.2,+20.2,+20.0,+20.1,+19.8
2024-05-11 01:22,1,+22.5,+17.9,+4.4,+11.9,+19.0,+25.8,+20.3,+20.1,+20.2,+20.2,+20.0,+20.2,+19.8
2024-05-11 02:22,1,+22.5,+17.9,+4.4,+12.0,+19.1,+25.9,+20.3,+20.1,+20.2,+20.2,+20.0,+20.1,+19.8
2024-05-11 03:22,1,+22.4,+17.9,+4.4,+11.9,+19.1,+25.9,+20.3,+20.1,+20.2,+20.3,+20.0,+20.1,+19.8
2024-05-11 04:22,1,+22.4,+18.0,+4.4,+12.0,+19.1,+25.9,+20.2,+20.1,+20.2,+20.3,+20.0,+20.1,+19.8
2024-05-11 05:22,1,+22.4,+18.0,+4.4,+12.0,+19.2,+25.9,+20.3,+20.1,+20.2,+20.3,+20.1,+20.2,+19.8
2024-05-11 06:22,1,+22.3,+18.0,+4.4,+12.0,+19.2,+25.9,+20.2,+20.1,+20.2,+20.3,+20.1,+20.1,+19.8
2024-05-11 07:22,1,+22.3,+18.0,+4.4,+12.0,+19.2,+25.9,+20.2,+20.1,+20.2,+20.3,+20.0,+20.2,+19.8
2024-05-11 08:22,1,+22.3,+18.0,+4.4,+12.0,+19.2,+25.9,+20.2,+20.0,+20.2,+20.3,+20.1,+20.2,+19.8
2024-05-11 09:22,1,+22.2,+18.0,+4.4,+11.9,+19.2,+25.9,+20.3,+20.1,+20.2,+20.3,+20.1,+20.2,+19.8
2024-05-11 10:22,1,+22.1,+18.1,+4.4,+11.9,+19.2,+25.9,+20.3,+20.0,+20.2,+20.3,+20.1,+20.2,+19.8
2024-05-11 11:22,1,+22.1,+18.1,+4.4,+12.0,+19.2,+26.0,+20.3,+20.1,+20.2,+20.3,+20.1,+20.2,+19.8
2024-05-11 12:22,1,+22.0,+18.1,+4.5,+11.9,+19.2,+25.9,+20.5,+20.0,+20.2,+20.3,+20.1,+20.2,+19.8
2024-05-11 13:22,1,+22.0,+18.1,+4.4,+12.0,+19.3,+26.0,+20.6,+20.1,+20.1,+20.3,+20.1,+20.2,+19.8
2024-05-11 14:22,1,+22.1,+18.0,+4.4,+11.9,+19.2,+25.9,+20.6,+20.1,+20.1,+20.3,+20.1,+20.2,+19.8
2024-05-11 15:22,1,+22.1,+18.1,+4.5,+12.0,+19.3,+26.0,+20.7,+20.2,+20.2,+20.3,+20.1,+20.2,+19.8
2024-05-11 16:22,1,+23.2,+18.1,+4.4,+11.9,+19.3,+26.0,+20.6,+20.1,+20.1,+20.3,+20.1,+20.2,+19.8
2024-05-11 17:22,1,+23.5,+18.1,+4.5,+11.9,+19.3,+26.0,+20.6,+20.2,+20.2,+20.3,+20.1,+20.2,+19.8
2024-05-11 18:22,1,+32.2,+20.7,+4.8,+12.0,+19.4,+26.0,+20.6,+20.2,+20.2,+20.3,+20.0,+20.2,+19.8
2024-05-11 19:22,1,+29.3,+24.1,+6.5,+12.0,+19.6,+26.4,+20.3,+20.2,+20.2,+20.3,+20.1,+20.2,+19.8
2024-05-11 20:22,1,+27.4,+23.1,+7.0,+11.9,+19.7,+26.5,+20.2,+20.2,+20.3,+20.3,+20.1,+20.2,+19.8
2024-05-11 21:22,1,+26.6,+22.7,+7.1,+12.0,+19.8,+26.6,+20.0,+20.1,+20.2,+20.3,+20.1,+20.2,+19.8
2024-05-11 22:22,1,+26.2,+22.5,+7.1,+12.1,+19.9,+26.6,+20.0,+20.0,+20.2,+20.3,+20.1,+20.2,+19.8
2024-05-11 23:22,1,+25.9,+22.3,+7.2,+12.1,+19.9,+26.7,+20.0,+20.0,+20.2,+20.5,+20.1,+20.2,+19.8
2024-05-12 00:22,1,+25.7,+22.2,+7.2,+12.2,+19.9,+26.7,+19.8,+20.0,+20.2,+20.5,+20.1,+20.2,+19.8
2024-05-12 01:22,1,+25.5,+22.1,+7.1,+12.1,+20.0,+26.6,+19.8,+20.0,+20.2,+20.3,+20.1,+20.2,+19.8
2024-05-12 02:22,1,+25.4,+22.0,+7.1,+12.4,+20.2,+26.6,+19.8,+19.8,+20.2,+20.5,+20.1,+20.2,+19.8
2024-05-12 03:22,1,+25.2,+22.0,+7.1,+12.4,+20.2,+26.6,+19.8,+19.8,+20.1,+20.3,+20.1,+20.2,+20.0
2024-05-12 04:22,1,+25.2,+21.9,+7.1,+12.6,+20.2,+26.6,+19.8,+19.8,+20.2,+20.5,+20.1,+20.2,+19.8
2024-05-12 05:22,1,+25.1,+21.8,+7.1,+12.7,+20.3,+26.7,+19.8,+19.7,+20.1,+20.3,+20.1,+20.2,+20.0
2024-05-12 06:22,1,+25.0,+21.7,+7.1,+12.8,+20.3,+26.7,+19.8,+19.8,+20.1,+20.3,+20.1,+20.2,+19.8
2024-05-12 07:22,1,+24.9,+21.7,+7.1,+12.8,+20.3,+26.7,+19.8,+19.8,+20.1,+20.5,+20.2,+20.2,+20.0
2024-05-12 08:22,1,+24.8,+21.7,+7.0,+12.9,+20.3,+26.7,+19.8,+19.7,+20.1,+20.3,+20.1,+20.2,+19.8
2024-05-12 09:22,1,+24.8,+21.6,+7.0,+12.9,+20.3,+26.6,+19.8,+19.7,+20.1,+20.5,+20.1,+20.3,+20.0
2024-05-12 10:22,1,+24.7,+21.6,+7.0,+12.9,+20.3,+26.6,+20.1,+19.7,+20.1,+20.3,+20.2,+20.2,+20.0
2024-05-12 11:22,1,+24.6,+21.5,+7.0,+13.0,+20.4,+26.6,+20.2,+19.7,+20.1,+20.3,+20.1,+20.2,+20.0
2024-05-12 12:22,1,+24.5,+21.6,+7.0,+13.0,+20.4,+26.7,+20.5,+19.8,+20.1,+20.3,+20.1,+20.3,+20.0
2024-05-12 13:22,1,+24.4,+21.5,+6.9,+13.2,+20.5,+26.7,+20.7,+20.0,+20.1,+20.3,+20.1,+20.2,+20.0
2024-05-12 14:22,1,+24.4,+21.5,+6.9,+13.2,+20.5,+26.7,+20.8,+20.0,+20.1,+20.3,+20.1,+20.3,+19.8
2024-05-12 15:22,1,+24.3,+21.5,+6.9,+13.2,+20.6,+26.7,+20.8,+20.1,+20.1,+20.3,+20.1,+20.3,+20.0
2024-05-12 16:22,1,+24.3,+21.5,+6.9,+13.2,+20.6,+26.7,+21.0,+20.1,+20.1,+20.3,+20.1,+20.3,+20.0
2024-05-12 17:22,1,+24.3,+21.5,+6.9,+13.2,+20.6,+26.7,+21.0,+20.1,+20.1,+20.3,+20.1,+20.2,+20.0
2024-05-12 18:22,1,+24.4,+21.5,+6.9,+13.4,+20.6,+26.7,+21.0,+20.2,+20.1,+20.3,+20.1,+20.2,+20.0
2024-05-12 19:22,1,+24.5,+21.5,+6.8,+13.3,+20.6,+26.7,+20.8,+20.2,+20.1,+20.3,+20.1,+20.3,+20.0
2024-05-12 20:22,1,+24.5,+21.5,+6.8,+13.3,+20.7,+26.7,+20.7,+20.3,+20.2,+20.3,+20.2,+20.2,+20.0
2024-05-12 21:22,1,+24.5,+21.4,+6.8,+13.3,+20.7,+26.7,+20.7,+20.3,+20.2,+20.3,+20.2,+20.2,+20.0
2024-05-12 22:22,1,+24.5,+21.4,+6.8,+13.4,+20.7,+26.7,+20.6,+20.3,+20.2,+20.3,+20.1,+20.2,+20.0
2024-05-12 23:22,1,+24.4,+21.4,+6.8,+13.5,+20.8,+26.7,+20.6,+20.2,+20.2,+20.3,+20.1,+20.2,+20.0
2024-05-13 00:22,1,+24.4,+21.4,+6.8,+13.5,+20.8,+26.7,+20.5,+20.2,+20.2,+20.3,+20.2,+20.2,+20.0
2024-05-13 01:22,1,+24.4,+21.4,+6.7,+13.5,+20.8,+26.8,+20.5,+20.2,+20.2,+20.3,+20.2,+20.2,+20.0
2024-05-13 02:22,1,+24.3,+21.4,+6.7,+13.5,+20.8,+26.8,+20.5,+20.2,+20.2,+20.3,+20.2,+20.3,+20.0
2024-05-13 03:22,1,+24.3,+21.4,+6.7,+13.5,+20.9,+26.7,+20.3,+20.2,+20.2,+20.3,+20.2,+20.3,+20.0
2024-05-13 04:22,1,+24.2,+21.4,+6.7,+13.4,+20.8,+26.7,+20.2,+20.2,+20.3,+20.3,+20.2,+20.2,+20.0
2024-05-13 05:22,1,+24.2,+21.4,+6.7,+13.5,+20.9,+26.7,+20.2,+20.1,+20.2,+20.3,+20.1,+20.2,+20.0
2024-05-13 06:22,1,+24.2,+21.4,+6.7,+13.6,+20.9,+26.8,+20.1,+20.1,+20.2,+20.3,+20.2,+20.3,+20.0
2024-05-13 07:22,1,+24.1,+21.4,+6.7,+13.5,+20.9,+26.8,+20.2,+20.1,+20.2,+20.5,+20.1,+20.3,+20.0
2024-05-13 08:22,1,+24.1,+21.4,+6.7,+13.6,+20.9,+26.8,+20.1,+20.1,+20.2,+20.5,+20.1,+20.3,+20.0
2024-05-13 09:22,1,+24.0,+21.4,+6.7,+13.5,+20.9,+26.8,+20.2,+20.0,+20.2,+20.5,+20.2,+20.3,+20.0
2024-05-13 10:22,1,+24.0,+21.4,+6.7,+13.5,+20.9,+26.8,+20.2,+20.1,+20.2,+20.5,+20.2,+20.3,+20.0
2024-05-13 11:22,1,+23.9,+21.4,+6.7,+13.6,+21.0,+26.8,+20.3,+20.0,+20.2,+20.5,+20.2,+20.3,+20.0
2024-05-13 12:22,1,+23.8,+21.4,+6.6,+13.5,+21.0,+26.8,+20.3,+20.0,+20.2,+20.3,+20.2,+20.3,+20.0
2024-05-13 13:22,1,+23.8,+21.3,+6.6,+13.6,+21.0,+26.8,+20.3,+20.1,+20.2,+20.3,+20.1,+20.3,+20.0
2024-05-13 14:22,1,+23.8,+21.3,+6.6,+13.6,+21.0,+26.8,+20.3,+20.0,+20.2,+20.5,+20.2,+20.3,+20.0
2024-05-13 15:22,1,+23.7,+21.3,+6.6,+13.5,+21.0,+26.8,+20.3,+20.1,+20.2,+20.5,+20.2,+20.3,+20.0
2024-05-13 16:22,1,+23.7,+21.3,+6.6,+13.6,+21.1,+26.8,+20.3,+20.0,+20.2,+20.5,+20.2,+20.3,+20.0
2024-05-13 17:22,1,+23.7,+21.3,+6.6,+13.6,+21.1,+26.8,+20.2,+20.1,+20.2,+20.3,+20.2,+20.3,+20.0
2024-05-13 18:22,1,+23.6,+21.2,+6.6,+13.6,+21.1,+26.8,+20.3,+20.0,+20.2,+20.5,+20.2,+20.3,+20.0
2024-05-13 19:22,1,+23.6,+21.2,+6.6,+13.7,+21.1,+26.8,+20.2,+20.1,+20.2,+20.5,+20.2,+20.3,+20.0
2024-05-13 20:22,1,+23.6,+21.2,+6.6,+13.7,+21.1,+26.8,+20.2,+20.1,+20.2,+20.5,+20.2,+20.3,+20.0
2024-05-13 21:22,1,+23.6,+21.2,+6.6,+13.7,+21.2,+26.8,+20.1,+20.0,+20.2,+20.3,+20.2,+20.3,+20.0
2024-05-13 22:22,1,+23.5,+21.2,+6.6,+13.6,+21.1,+26.8,+20.1,+20.0,+20.2,+20.5,+20.2,+20.2,+20.0
2024-05-13 23:22,1,+23.5,+21.1,+6.6,+13.7,+21.2,+26.8,+20.0,+20.0,+20.2,+20.5,+20.2,+20.3,+20.0
2024-05-14 00:22,1,+23.5,+21.1,+6.6,+13.7,+21.2,+26.8,+20.0,+20.0,+20.2,+20.5,+20.2,+20.3,+20.0
2024-05-14 01:22,1,+23.5,+21.1,+6.6,+13.7,+21.2,+26.8,+20.0,+20.0,+20.2,+20.5,+20.2,+20.3,+20.0
2024-05-14 02:22,1,+23.4,+21.1,+6.6,+13.7,+21.2,+26.8,+20.0,+20.0,+20.2,+20.5,+20.2,+20.3,+20.0
2024-05-14 03:22,1,+23.4,+21.1,+6.5,+13.6,+21.2,+26.8,+20.0,+20.0,+20.2,+20.5,+20.2,+20.3,+20.0
2024-05-14 04:22,1,+23.4,+21.1,+6.5,+13.6,+21.2,+26.8,+19.8,+19.8,+20.2,+20.5,+20.2,+20.3,+20.0
2024-05-14 05:22,1,+23.3,+21.1,+6.5,+13.6,+21.2,+26.8,+19.8,+19.8,+20.2,+20.5,+20.2,+20.3,+20.1
2024-05-14 06:22,1,+23.3,+21.1,+6.5,+13.7,+21.3,+26.8,+19.7,+19.8,+20.2,+20.5,+20.2,+20.3,+20.0
2024-05-14 07:22,1,+23.3,+21.1,+6.5,+13.7,+21.3,+26.8,+19.7,+19.8,+20.1,+20.5,+20.2,+20.3,+20.0
2024-05-14 08:22,1,+23.3,+21.1,+6.5,+13.7,+21.3,+26.9,+19.7,+19.7,+20.2,+20.5,+20.2,+20.3,+20.0
2024-05-14 09:22,1,+23.2,+21.1,+6.5,+13.8,+21.3,+26.9,+19.8,+19.8,+20.1,+20.5,+20.2,+20.5,+20.0
2024-05-14 10:22,1,+23.1,+21.0,+6.5,+13.7,+21.3,+26.9,+20.0,+19.8,+20.1,+20.3,+20.2,+20.3,+20.0
2024-05-14 11:22,1,+23.1,+21.0,+6.5,+13.6,+21.3,+26.8,+20.1,+19.7,+20.1,+20.3,+20.2,+20.3,+20.0
2024-05-14 12:22,1,+23.0,+21.0,+6.4,+13.6,+21.3,+26.9,+20.3,+19.8,+20.1,+20.3,+20.2,+20.3,+20.0
2024-05-14 13:22,1,+22.9,+21.0,+6.4,+13.6,+21.3,+26.9,+20.5,+19.8,+20.1,+20.3,+20.2,+20.3,+20.0
2024-05-14 14:22,1,+22.9,+20.9,+6.4,+13.7,+21.4,+26.9,+20.5,+19.8,+20.1,+20.5,+20.2,+20.3,+20.0
2024-05-14 15:22,1,+22.9,+20.9,+6.4,+13.7,+21.4,+26.9,+20.6,+20.0,+20.1,+20.3,+20.2,+20.3,+20.1
2024-05-14 16:22,1,+22.9,+20.9,+6.4,+13.7,+21.4,+26.9,+20.7,+20.0,+20.1,+20.5,+20.2,+20.3,+20.0
2024-05-14 17:22,1,+22.8,+20.9,+6.4,+13.6,+21.3,+26.9,+20.6,+20.1,+20.1,+20.3,+20.2,+20.3,+20.1
2024-05-14 18:22,1,+22.8,+20.9,+6.4,+13.8,+21.4,+26.9,+20.6,+20.1,+20.1,+20.3,+20.2,+20.3,+20.1
2024-05-14 19:22,1,+22.8,+20.9,+6.4,+13.8,+21.4,+26.9,+20.5,+20.1,+20.1,+20.3,+20.2,+20.3,+20.0
2024-05-14 20:22,1,+22.8,+20.9,+6.4,+13.8,+21.4,+26.9,+20.5,+20.1,+20.2,+20.3,+20.2,+20.3,+20.0
2024-05-14 21:22,1,+22.8,+20.9,+6.4,+13.6,+21.4,+26.9,+20.3,+20.1,+20.2,+20.3,+20.2,+20.3,+20.1
2024-05-14 22:22,1,+22.8,+20.9,+6.4,+13.6,+21.4,+26.9,+20.3,+20.1,+20.2,+20.3,+20.2,+20.3,+20.0
2024-05-14 23:22,1,+22.8,+20.8,+6.4,+13.7,+21.4,+26.9,+20.2,+20.1,+20.2,+20.5,+20.2,+20.3,+20.0
2024-05-15 00:22,1,+22.7,+20.8,+6.4,+13.6,+21.4,+26.9,+20.2,+20.1,+20.2,+20.5,+20.2,+20.3,+20.0
2024-05-15 01:22,1,+22.7,+20.8,+6.4,+13.6,+21.4,+26.9,+20.2,+20.1,+20.2,+20.5,+20.2,+20.3,+20.1
2024-05-15 02:22,1,+22.7,+20.8,+6.4,+13.8,+21.4,+26.9,+20.1,+20.1,+20.2,+20.5,+20.2,+20.3,+20.0
2024-05-15 03:22,1,+22.7,+20.8,+6.4,+13.7,+21.4,+26.9,+20.1,+20.0,+20.2,+20.5,+20.2,+20.3,+20.0
2024-05-15 04:22,1,+22.7,+20.8,+6.3,+13.6,+21.4,+26.9,+20.0,+20.0,+20.2,+20.5,+20.1,+20.3,+20.0
2024-05-15 05:22,1,+22.7,+20.8,+6.3,+13.8,+21.5,+26.9,+20.0,+20.0,+20.2,+20.3,+20.2,+20.3,+20.0
2024-05-15 06:22,1,+22.7,+20.8,+6.3,+13.6,+21.4,+26.9,+20.0,+20.0,+20.2,+20.5,+20.2,+20.3,+20.0
2024-05-15 07:22,1,+22.7,+20.8,+6.3,+13.6,+21.4,+26.9,+20.0,+19.8,+20.2,+20.5,+20.2,+20.3,+20.0
2024-05-15 08:22,1,+22.6,+20.8,+6.3,+13.6,+21.4,+26.9,+19.8,+19.8,+20.2,+20.5,+20.2,+20.3,+20.1
2024-05-15 09:22,1,+22.6,+20.8,+6.3,+13.8,+21.5,+27.0,+20.0,+19.8,+20.2,+20.5,+20.2,+20.3,+20.0
2024-05-15 10:22,1,+22.5,+20.8,+6.3,+13.6,+21.4,+26.9,+20.2,+19.8,+20.2,+20.5,+20.2,+20.3,+20.1
2024-05-15 11:22,1,+22.5,+20.7,+6.3,+13.8,+21.5,+27.0,+20.3,+19.8,+20.2,+20.5,+20.2,+20.3,+20.1
2024-05-15 12:22,1,+22.5,+20.6,+6.3,+13.7,+21.5,+27.0,+20.5,+19.8,+20.2,+20.5,+20.2,+20.3,+20.0
2024-05-15 13:22,1,+22.4,+20.6,+6.3,+13.6,+21.4,+26.9,+20.6,+20.0,+20.1,+20.5,+20.2,+20.3,+20.0
2024-05-15 14:22,1,+23.5,+20.7,+6.3,+13.7,+21.5,+27.0,+20.7,+20.0,+20.1,+20.3,+20.2,+20.3,+20.1
2024-05-15 15:22,1,+28.3,+20.8,+6.3,+13.8,+21.6,+27.1,+20.7,+20.1,+20.1,+20.3,+20.2,+20.3,+20.1
2024-05-15 16:22,1,+29.3,+20.9,+6.3,+13.7,+21.9,+27.2,+20.7,+20.1,+20.1,+20.5,+20.2,+20.3,+20.1
2024-05-15 17:22,1,+29.5,+21.5,+6.3,+13.7,+22.0,+27.3,+20.6,+20.2,+20.2,+20.5,+20.2,+20.3,+20.1
2024-05-15 18:22,1,+28.6,+22.1,+6.3,+13.8,+22.1,+27.3,+20.6,+20.2,+20.1,+20.3,+20.2,+20.3,+20.1
2024-05-15 19:22,1,+28.0,+22.4,+6.5,+13.8,+22.1,+27.4,+20.5,+20.2,+20.2,+20.5,+20.2,+20.3,+20.1
2024-05-15 20:22,1,+32.1,+23.0,+6.7,+13.8,+22.2,+27.4,+20.5,+20.2,+20.2,+20.5,+20.2,+20.3,+20.0
2024-05-15 21:22,1,+30.3,+23.9,+7.3,+13.7,+22.3,+27.5,+20.3,+20.2,+20.2,+20.5,+20.2,+20.3,+20.1
2024-05-15 22:22,1,+30.6,+24.0,+7.7,+13.8,+22.4,+27.5,+20.3,+20.2,+20.2,+20.5,+20.2,+20.3,+20.1
2024-05-15 23:22,1,+32.6,+28.5,+11.1,+16.3,+22.6,+27.6,+19.7,+20.0,+20.3,+20.5,+20.2,+20.3,+20.1
2024-05-16 00:22,1,+28.8,+25.4,+9.8,+17.7,+23.9,+27.7,+19.6,+19.8,+20.2,+20.6,+20.2,+20.3,+20.1
2024-05-16 01:22,1,+27.8,+24.7,+9.3,+17.8,+25.2,+27.8,+19.5,+19.8,+20.2,+20.6,+20.2,+20.3,+20.1
2024-05-16 02:22,1,+27.4,+24.2,+9.0,+17.6,+25.6,+27.9,+19.5,+19.7,+20.2,+20.5,+20.2,+20.5,+20.1
2024-05-16 03:22,1,+27.1,+24.0,+8.8,+17.7,+26.1,+28.1,+19.5,+19.7,+20.2,+20.5,+20.2,+20.5,+20.1
2024-05-16 04:22,1,+26.9,+23.8,+8.7,+17.6,+26.2,+28.4,+19.3,+19.6,+20.1,+20.5,+20.2,+20.3,+20.1
2024-05-16 05:22,1,+26.7,+23.7,+8.6,+17.5,+26.2,+28.6,+19.5,+19.6,+20.1,+20.5,+20.3,+20.5,+20.1
2024-05-16 06:22,1,+26.6,+23.5,+8.5,+17.5,+26.3,+28.8,+19.5,+19.6,+20.1,+20.5,+20.2,+20.5,+20.1
2024-05-16 07:22,1,+26.5,+23.5,+8.5,+17.4,+26.3,+29.0,+19.5,+19.6,+20.1,+20.5,+20.3,+20.5,+20.1
2024-05-16 08:22,1,+26.4,+23.3,+8.4,+17.5,+26.4,+29.2,+19.5,+19.6,+20.1,+20.5,+20.3,+20.3,+20.1
2024-05-16 09:22,1,+26.3,+23.3,+8.3,+17.4,+26.4,+29.3,+19.6,+19.5,+20.0,+20.5,+20.3,+20.3,+20.1
2024-05-16 10:22,1,+26.2,+23.2,+8.3,+17.3,+26.4,+29.4,+19.7,+19.5,+20.0,+20.5,+20.2,+20.5,+20.1
2024-05-16 11:22,1,+26.1,+23.2,+8.2,+17.3,+26.4,+29.5,+19.8,+19.6,+20.0,+20.5,+20.2,+20.5,+20.1
2024-05-16 12:22,1,+27.0,+23.1,+8.2,+17.3,+26.5,+29.5,+20.0,+19.6,+20.0,+20.5,+20.2,+20.5,+20.1
2024-05-16 13:22,1,+27.3,+23.2,+8.2,+17.3,+26.5,+29.6,+20.1,+19.6,+20.0,+20.3,+20.2,+20.5,+20.1
2024-05-16 14:22,1,+27.0,+23.3,+8.2,+17.2,+26.5,+29.6,+20.2,+19.7,+20.0,+20.5,+20.2,+20.5,+20.1
2024-05-16 15:22,1,+26.8,+23.3,+8.2,+17.3,+26.5,+29.7,+20.2,+19.7,+20.0,+20.3,+20.2,+20.3,+20.1
2024-05-16 16:22,1,+26.7,+23.3,+8.2,+17.3,+26.5,+29.7,+20.2,+19.8,+20.0,+20.3,+20.2,+20.5,+20.1
2024-05-16 17:22,1,+26.7,+23.2,+8.2,+17.3,+26.6,+29.8,+20.2,+19.7,+20.0,+20.3,+20.2,+20.5,+20.1
2024-05-16 18:22,1,+26.6,+23.3,+8.2,+17.3,+26.6,+29.8,+20.2,+19.8,+20.0,+20.3,+20.3,+20.5,+20.1
2024-05-16 19:22,1,+26.5,+23.2,+8.2,+17.3,+26.6,+29.8,+20.2,+19.8,+20.1,+20.3,+20.2,+20.3,+20.1
2024-05-16 20:22,1,+26.4,+23.2,+8.2,+17.3,+26.6,+29.8,+20.1,+19.8,+20.1,+20.3,+20.2,+20.5,+20.1
2024-05-16 21:22,1,+26.3,+23.2,+8.1,+17.2,+26.6,+29.9,+20.1,+19.8,+20.0,+20.3,+20.2,+20.3,+20.2
2024-05-16 22:22,1,+26.3,+23.2,+8.1,+17.3,+26.6,+29.9,+20.1,+19.8,+20.1,+20.3,+20.3,+20.5,+20.1
2024-05-16 23:22,1,+26.3,+23.1,+8.1,+17.2,+26.6,+29.9,+20.0,+19.8,+20.1,+20.3,+20.2,+20.3,+20.1
2024-05-17 00:22,1,+26.1,+23.1,+8.1,+17.3,+26.7,+29.9,+20.1,+20.0,+20.1,+20.3,+20.2,+20.3,+20.1
2024-05-17 01:22,1,+26.0,+23.1,+8.0,+17.1,+26.6,+29.9,+20.0,+19.8,+20.1,+20.3,+20.2,+20.5,+20.1
2024-05-17 02:22,1,+26.3,+23.1,+8.0,+17.1,+26.6,+30.0,+20.0,+19.8,+20.1,+20.3,+20.2,+20.5,+20.1
2024-05-17 03:22,1,+26.4,+23.0,+8.0,+17.2,+26.7,+30.0,+20.0,+19.8,+20.1,+20.5,+20.3,+20.3,+20.1
2024-05-17 04:22,1,+26.5,+23.0,+8.0,+17.1,+26.6,+30.0,+20.0,+19.8,+20.1,+20.3,+20.2,+20.3,+20.1
2024-05-17 05:22,1,+26.5,+23.1,+8.0,+17.1,+26.6,+30.0,+19.8,+19.8,+20.1,+20.5,+20.2,+20.3,+20.1
2024-05-17 06:22,1,+26.5,+23.1,+8.0,+17.1,+26.6,+30.0,+19.8,+19.8,+20.1,+20.3,+20.2,+20.3,+20.1
2024-05-17 07:22,1,+26.5,+23.0,+8.0,+17.2,+26.7,+30.1,+19.8,+19.7,+20.1,+20.3,+20.2,+20.3,+20.1
2024-05-17 08:22,1,+26.4,+22.9,+8.0,+17.1,+26.6,+30.1,+19.8,+19.7,+20.1,+20.3,+20.2,+20.3,+20.1
2024-05-17 09:22,1,+26.4,+22.9,+7.9,+17.2,+26.7,+30.1,+19.8,+19.7,+20.1,+20.5,+20.2,+20.3,+20.1
2024-05-17 10:22,1,+26.3,+22.9,+7.9,+17.2,+26.7,+30.1,+20.0,+19.7,+20.1,+20.3,+20.2,+20.5,+20.1
2024-05-17 11:22,1,+26.3,+22.9,+7.9,+17.0,+26.6,+30.1,+20.1,+19.7,+20.1,+20.5,+20.2,+20.3,+20.1
2024-05-17 12:22,1,+35.3,+28.7,+8.7,+17.1,+26.7,+30.1,+20.2,+19.7,+20.1,+20.3,+20.2,+20.3,+20.1
2024-05-17 13:22,1,+29.6,+25.8,+9.4,+17.7,+27.0,+30.2,+20.1,+19.8,+20.1,+20.3,+20.2,+20.5,+20.1
2024-05-17 14:22,1,+28.7,+25.0,+9.1,+18.2,+27.4,+30.3,+20.1,+19.8,+20.0,+20.5,+20.2,+20.3,+20.1
2024-05-17 15:22,1,+28.2,+24.5,+8.9,+18.2,+27.6,+30.5,+20.1,+19.8,+20.1,+20.3,+20.2,+20.5,+20.1
2024-05-17 16:22,1,+28.0,+24.3,+8.8,+18.0,+27.6,+30.7,+20.2,+19.8,+20.0,+20.3,+20.2,+20.3,+20.1
2024-05-17 17:22,1,+28.0,+24.1,+8.7,+18.0,+27.7,+30.8,+20.2,+19.8,+20.1,+20.3,+20.2,+20.3,+20.1
2024-05-17 18:22,1,+28.0,+24.0,+8.6,+18.0,+27.7,+30.9,+20.2,+19.8,+20.1,+20.3,+20.2,+20.3,+20.1
2024-05-17 19:22,1,+27.9,+23.9,+8.5,+17.9,+27.7,+31.0,+20.2,+19.8,+20.1,+20.3,+20.2,+20.5,+20.1
2024-05-17 20:22,1,+27.9,+23.8,+8.5,+18.0,+27.7,+31.0,+20.2,+20.0,+20.1,+20.3,+20.2,+20.3,+20.1
2024-05-17 21:22,1,+28.1,+23.7,+8.4,+17.8,+27.7,+31.0,+20.1,+19.8,+20.1,+20.3,+20.2,+20.3,+20.1
2024-05-17 22:22,1,+32.6,+25.0,+8.9,+17.8,+27.8,+31.1,+20.1,+20.0,+20.1,+20.5,+20.2,+20.3,+20.1
2024-05-17 23:22,1,+30.0,+25.0,+8.8,+18.0,+28.0,+31.2,+20.1,+20.0,+20.1,+20.5,+20.2,+20.3,+20.1
2024-05-18 00:22,1,+29.3,+24.7,+8.8,+18.1,+28.1,+31.2,+20.1,+20.0,+20.1,+20.5,+20.2,+20.3,+20.1
2024-05-18 01:22,1,+28.8,+24.4,+8.7,+18.0,+28.1,+31.2,+20.1,+19.8,+20.1,+20.3,+20.2,+20.3,+20.1
2024-05-18 02:22,1,+28.6,+24.2,+8.6,+18.1,+28.2,+31.3,+20.1,+19.8,+20.1,+20.5,+20.2,+20.5,+20.1
2024-05-18 03:22,1,+28.4,+24.1,+8.6,+18.1,+28.2,+31.3,+20.1,+19.8,+20.1,+20.3,+20.2,+20.3,+20.1
2024-05-18 04:22,1,+28.6,+24.0,+8.5,+18.1,+28.2,+31.3,+20.0,+19.8,+20.1,+20.3,+20.2,+20.3,+20.1
2024-05-18 05:22,1,+28.6,+24.0,+8.5,+18.0,+28.2,+31.3,+20.0,+19.8,+20.1,+20.3,+20.2,+20.3,+20.1
2024-05-18 06:22,1,+28.4,+23.9,+8.5,+18.0,+28.2,+31.3,+20.0,+19.8,+20.1,+20.5,+20.2,+20.3,+20.1
2024-05-18 07:22,1,+28.2,+23.9,+8.4,+17.9,+28.1,+31.3,+20.0,+19.8,+20.1,+20.5,+20.2,+20.3,+20.1
2024-05-18 08:22,1,+28.1,+23.8,+8.4,+17.9,+28.2,+31.3,+20.0,+19.8,+20.1,+20.5,+20.2,+20.3,+20.1
2024-05-18 09:22,1,+28.0,+23.7,+8.4,+17.9,+28.1,+31.3,+20.1,+19.8,+20.1,+20.3,+20.2,+20.3,+20.1
2024-05-18 10:22,1,+27.9,+23.6,+8.3,+17.9,+28.2,+31.4,+20.1,+19.8,+20.1,+20.5,+20.2,+20.3,+20.1
2024-05-18 11:22,1,+27.8,+23.6,+8.3,+17.9,+28.2,+31.3,+20.3,+19.8,+20.1,+20.3,+20.2,+20.5,+20.1
2024-05-18 12:22,1,+27.6,+23.5,+8.3,+17.8,+28.1,+31.3,+20.5,+19.8,+20.1,+20.3,+20.2,+20.3,+20.1
2024-05-18 13:22,1,+27.6,+23.5,+8.2,+17.7,+28.1,+31.3,+20.6,+20.0,+20.1,+20.3,+20.2,+20.3,+20.1
2024-05-18 14:22,1,+27.5,+23.4,+8.2,+17.7,+28.1,+31.3,+20.7,+20.0,+20.1,+20.3,+20.2,+20.3,+20.1
2024-05-18 15:22,1,+27.5,+23.3,+8.2,+17.6,+28.0,+31.3,+20.8,+20.1,+20.1,+20.3,+20.2,+20.3,+20.1
2024-05-18 16:22,1,+27.4,+23.3,+8.1,+17.7,+28.1,+31.3,+21.0,+20.1,+20.1,+20.3,+20.2,+20.3,+20.1
2024-05-18 17:22,1,+27.4,+23.2,+8.1,+17.7,+28.1,+31.3,+21.0,+20.2,+20.1,+20.3,+20.2,+20.3,+20.1
2024-05-18 18:22,1,+27.3,+23.2,+8.1,+17.6,+28.0,+31.3,+21.1,+20.2,+20.1,+20.5,+20.2,+20.5,+20.1
2024-05-18 19:22,1,+27.3,+23.2,+8.0,+17.6,+28.0,+31.3,+20.8,+20.2,+20.2,+20.3,+20.2,+20.3,+20.1
2024-05-18 20:22,1,+27.3,+23.2,+8.0,+17.5,+28.0,+31.2,+20.8,+20.2,+20.2,+20.5,+20.2,+20.3,+20.1
2024-05-18 21:22,1,+27.2,+23.1,+8.0,+17.5,+28.0,+31.2,+20.7,+20.3,+20.2,+20.5,+20.2,+20.5,+20.1
2024-05-18 22:22,1,+27.2,+23.1,+8.0,+17.6,+28.0,+31.2,+20.7,+20.3,+20.2,+20.3,+20.2,+20.3,+20.1
2024-05-18 23:22,1,+27.1,+23.1,+8.0,+17.5,+27.9,+31.2,+20.6,+20.2,+20.2,+20.3,+20.2,+20.3,+20.1
2024-05-19 00:22,1,+27.1,+23.0,+8.0,+17.4,+27.9,+31.2,+20.5,+20.3,+20.2,+20.5,+20.2,+20.5,+20.1
2024-05-19 01:22,1,+27.1,+23.0,+8.0,+17.4,+27.9,+31.2,+20.5,+20.2,+20.2,+20.5,+20.3,+20.5,+20.1
2024-05-19 02:22,1,+27.0,+23.0,+7.9,+17.4,+27.9,+31.2,+20.5,+20.2,+20.3,+20.5,+20.2,+20.5,+20.1
2024-05-19 03:22,1,+27.0,+23.0,+7.9,+17.4,+27.9,+31.2,+20.3,+20.2,+20.2,+20.5,+20.2,+20.3,+20.1
2024-05-19 04:22,1,+27.0,+23.0,+7.9,+17.4,+27.9,+31.2,+20.3,+20.1,+20.3,+20.5,+20.2,+20.3,+20.1
2024-05-19 05:22,1,+27.0,+23.0,+7.9,+17.4,+27.9,+31.2,+20.2,+20.1,+20.3,+20.5,+20.2,+20.3,+20.1
2024-05-19 06:22,1,+26.9,+22.9,+7.9,+17.4,+27.9,+31.2,+20.2,+20.1,+20.2,+20.5,+20.3,+20.5,+20.1
2024-05-19 07:22,1,+26.9,+22.9,+7.9,+17.4,+27.9,+31.2,+20.2,+20.1,+20.2,+20.5,+20.2,+20.5,+20.1
2024-05-19 08:22,1,+26.9,+22.9,+7.8,+17.4,+27.9,+31.2,+20.2,+20.1,+20.3,+20.5,+20.2,+20.3,+20.1
2024-05-19 09:22,1,+26.8,+22.9,+7.8,+17.3,+27.8,+31.2,+20.2,+20.1,+20.3,+20.5,+20.2,+20.3,+20.1
2024-05-19 10:22,1,+26.8,+22.9,+7.8,+17.4,+27.9,+31.2,+20.3,+20.0,+20.2,+20.6,+20.3,+20.5,+20.1
2024-05-19 11:22,1,+26.8,+22.8,+7.8,+17.3,+27.9,+31.2,+20.5,+20.1,+20.3,+20.5,+20.2,+20.3,+20.1
2024-05-19 12:22,1,+26.7,+22.8,+7.8,+17.3,+27.9,+31.2,+20.6,+20.1,+20.2,+20.5,+20.2,+20.5,+20.1
2024-05-19 13:22,1,+26.7,+22.8,+7.8,+17.3,+27.9,+31.2,+20.7,+20.1,+20.2,+20.5,+20.2,+20.5,+20.1
2024-05-19 14:22,1,+26.7,+22.8,+7.7,+17.3,+27.8,+31.2,+20.7,+20.2,+20.2,+20.5,+20.3,+20.5,+20.1
2024-05-19 15:22,1,+26.7,+22.7,+7.7,+17.3,+27.8,+31.2,+20.7,+20.2,+20.3,+20.5,+20.3,+20.5,+20.1
2024-05-19 16:22,1,+26.6,+22.7,+7.7,+17.2,+27.8,+31.1,+20.8,+20.2,+20.2,+20.5,+20.2,+20.5,+20.1
2024-05-19 17:22,1,+26.6,+22.7,+7.7,+17.3,+27.8,+31.1,+20.7,+20.3,+20.3,+20.5,+20.3,+20.5,+20.1
2024-05-19 18:22,1,+26.7,+22.7,+7.7,+17.1,+27.7,+31.1,+20.7,+20.2,+20.2,+20.5,+20.3,+20.5,+20.1
2024-05-19 19:22,1,+26.6,+22.7,+7.7,+17.1,+27.7,+31.1,+20.7,+20.2,+20.3,+20.5,+20.3,+20.5,+20.1
2024-05-19 20:22,1,+26.7,+22.7,+7.7,+17.1,+27.7,+31.1,+20.6,+20.3,+20.3,+20.5,+20.3,+20.5,+20.1
2024-05-19 21:22,1,+26.6,+22.7,+7.7,+17.2,+27.8,+31.1,+20.6,+20.3,+20.3,+20.5,+20.2,+20.5,+20.1
2024-05-19 22:22,1,+26.6,+22.7,+7.7,+17.1,+27.7,+31.1,+20.5,+20.3,+20.3,+20.6,+20.3,+20.3,+20.1
2024-05-19 23:22,1,+26.6,+22.7,+7.7,+17.1,+27.7,+31.1,+20.5,+20.2,+20.3,+20.5,+20.3,+20.5,+20.1
2024-05-20 00:22,1,+26.6,+22.6,+7.6,+17.2,+27.7,+31.1,+20.3,+20.2,+20.3,+20.6,+20.2,+20.5,+20.1
2024-05-20 01:22,1,+26.6,+22.6,+7.6,+17.1,+27.7,+31.0,+20.3,+20.2,+20.3,+20.6,+20.3,+20.5,+20.1
2024-05-20 02:22,1,+26.5,+22.6,+7.6,+17.1,+27.7,+31.1,+20.3,+20.2,+20.3,+20.6,+20.2,+20.5,+20.1
2024-05-20 03:22,1,+26.5,+22.6,+7.6,+17.2,+27.7,+31.1,+20.2,+20.2,+20.3,+20.5,+20.3,+20.5,+20.1
2024-05-20 04:22,1,+26.5,+22.6,+7.6,+17.1,+27.7,+31.1,+20.2,+20.2,+20.3,+20.5,+20.3,+20.5,+20.1
2024-05-20 05:22,1,+26.5,+22.6,+7.6,+17.0,+27.6,+31.0,+20.1,+20.1,+20.3,+20.6,+20.3,+20.5,+20.1
2024-05-20 06:22,1,+26.4,+22.6,+7.6,+17.0,+27.6,+31.0,+20.1,+20.1,+20.3,+20.6,+20.3,+20.5,+20.1
2024-05-20 07:22,1,+26.4,+22.6,+7.6,+17.0,+27.7,+31.0,+20.1,+20.1,+20.3,+20.6,+20.3,+20.5,+20.1
2024-05-20 08:22,1,+26.4,+22.6,+7.6,+17.1,+27.7,+31.0,+20.1,+20.1,+20.3,+20.6,+20.3,+20.5,+20.1
2024-05-20 09:22,1,+26.4,+22.6,+7.6,+17.1,+27.7,+31.0,+20.1,+20.1,+20.3,+20.6,+20.2,+20.5,+20.1
2024-05-20 10:22,1,+26.4,+22.5,+7.6,+17.1,+27.7,+31.0,+20.2,+20.0,+20.3,+20.6,+20.3,+20.5,+20.1
2024-05-20 11:22,1,+26.3,+22.5,+7.5,+17.0,+27.6,+31.0,+20.3,+20.0,+20.2,+20.5,+20.3,+20.5,+20.1
2024-05-20 12:22,1,+26.3,+22.5,+7.5,+17.0,+27.6,+31.0,+20.5,+20.1,+20.2,+20.5,+20.3,+20.5,+20.2
2024-05-20 13:22,1,+26.2,+22.4,+7.5,+16.9,+27.6,+31.0,+20.5,+20.1,+20.3,+20.6,+20.3,+20.5,+20.1
2024-05-20 14:22,1,+26.2,+22.4,+7.5,+16.9,+27.6,+31.0,+20.6,+20.1,+20.3,+20.6,+20.3,+20.5,+20.2
2024-05-20 15:22,1,+26.1,+22.4,+7.5,+17.0,+27.6,+31.0,+20.7,+20.2,+20.2,+20.5,+20.3,+20.5,+20.1
2024-05-20 16:22,1,+26.0,+22.4,+7.4,+16.9,+27.6,+30.9,+20.8,+20.1,+20.2,+20.5,+20.3,+20.5,+20.2
2024-05-20 17:22,1,+26.0,+22.3,+7.4,+17.0,+27.6,+31.0,+21.0,+20.2,+20.2,+20.5,+20.3,+20.5,+20.2
2024-05-20 18:22,1,+26.0,+22.3,+7.4,+17.0,+27.6,+31.0,+21.0,+20.2,+20.2,+20.5,+20.3,+20.5,+20.1
2024-05-20 19:22,1,+26.0,+22.4,+7.4,+17.0,+27.6,+31.0,+21.0,+20.3,+20.2,+20.5,+20.3,+20.5,+20.1
2024-05-20 20:22,1,+26.0,+22.3,+7.4,+16.8,+27.6,+30.9,+20.8,+20.3,+20.3,+20.6,+20.3,+20.5,+20.1
2024-05-20 21:22,1,+26.0,+22.3,+7.4,+16.8,+27.5,+30.9,+20.8,+20.3,+20.3,+20.6,+20.3,+20.5,+20.2
2024-05-20 22:22,1,+26.0,+22.3,+7.4,+16.9,+27.6,+30.9,+20.8,+20.3,+20.3,+20.6,+20.3,+20.5,+20.1
2024-05-20 23:22,1,+26.0,+22.3,+7.4,+16.8,+27.5,+30.9,+20.7,+20.3,+20.3,+20.6,+20.3,+20.5,+20.2
2024-05-21 00:22,1,+26.1,+22.4,+7.4,+16.9,+27.6,+30.9,+20.7,+20.3,+20.3,+20.6,+20.3,+20.5,+20.2
2024-05-21 01:22,1,+26.6,+22.5,+7.4,+16.8,+27.5,+30.9,+20.6,+20.3,+20.3,+20.6,+20.3,+20.5,+20.1
2024-05-21 02:22,1,+26.9,+23.0,+7.4,+16.9,+27.5,+30.9,+20.6,+20.3,+20.3,+20.6,+20.3,+20.5,+20.2
2024-05-21 03:22,1,+26.9,+23.2,+7.4,+16.9,+27.5,+30.9,+20.5,+20.3,+20.3,+20.6,+20.3,+20.5,+20.1
2024-05-21 04:22,1,+27.0,+23.3,+7.4,+16.9,+27.5,+30.9,+20.5,+20.3,+20.3,+20.6,+20.3,+20.5,+20.1
2024-05-21 05:22,1,+27.0,+23.3,+7.4,+16.8,+27.5,+30.9,+20.3,+20.2,+20.3,+20.6,+20.3,+20.5,+20.1
2024-05-21 06:22,1,+27.2,+23.3,+7.4,+16.8,+27.5,+30.9,+20.3,+20.2,+20.3,+20.6,+20.3,+20.5,+20.2
2024-05-21 07:22,1,+27.2,+23.3,+7.4,+16.8,+27.5,+30.9,+20.3,+20.2,+20.5,+20.6,+20.3,+20.5,+20.2
2024-05-21 08:22,1,+27.1,+23.3,+7.4,+16.8,+27.4,+30.9,+20.2,+20.2,+20.5,+20.6,+20.3,+20.5,+20.2
2024-05-21 09:22,1,+27.1,+23.3,+7.4,+16.8,+27.5,+30.9,+20.2,+20.2,+20.5,+20.6,+20.3,+20.5,+20.1
2024-05-21 10:22,1,+27.0,+23.3,+7.4,+16.8,+27.4,+30.9,+20.3,+20.1,+20.3,+20.6,+20.3,+20.5,+20.2
2024-05-21 11:22,1,+27.1,+23.3,+7.3,+16.8,+27.5,+30.9,+20.6,+20.2,+20.3,+20.6,+20.3,+20.5,+20.2
2024-05-21 12:22,1,+27.1,+23.3,+7.3,+16.8,+27.4,+30.9,+20.7,+20.2,+20.3,+20.6,+20.3,+20.5,+20.2
2024-05-21 13:22,1,+27.1,+23.2,+7.3,+16.8,+27.5,+30.9,+20.8,+20.2,+20.3,+20.6,+20.3,+20.5,+20.2
2024-05-21 14:22,1,+27.2,+23.2,+7.3,+16.7,+27.4,+30.9,+21.0,+20.2,+20.3,+20.6,+20.3,+20.6,+20.2
2024-05-21 15:22,1,+27.2,+23.2,+7.3,+16.8,+27.4,+30.9,+21.2,+20.3,+20.3,+20.6,+20.3,+20.5,+20.2
2024-05-21 16:22,1,+27.2,+23.2,+7.3,+16.8,+27.4,+30.9,+21.2,+20.5,+20.3,+20.6,+20.3,+20.5,+20.2
2024-05-21 17:22,1,+27.2,+23.2,+7.3,+16.7,+27.4,+30.9,+21.2,+20.5,+20.3,+20.6,+20.3,+20.5,+20.2
2024-05-21 18:22,1,+27.2,+23.2,+7.3,+16.7,+27.4,+30.9,+21.2,+20.5,+20.3,+20.6,+20.3,+20.6,+20.2
2024-05-21 19:22,1,+27.3,+23.2,+7.3,+16.7,+27.3,+30.9,+21.1,+20.5,+20.3,+20.6,+20.3,+20.5,+20.2
2024-05-21 20:22,1,+27.3,+23.2,+7.3,+16.7,+27.3,+30.9,+21.0,+20.5,+20.5,+20.6,+20.3,+20.6,+20.2
2024-05-21 21:22,1,+27.6,+23.2,+7.3,+16.6,+27.3,+30.9,+20.8,+20.6,+20.5,+20.6,+20.3,+20.5,+20.2
2024-05-21 22:22,1,+27.7,+23.2,+7.3,+16.6,+27.3,+30.9,+20.8,+20.5,+20.5,+20.7,+20.3,+20.5,+20.2
2024-05-21 23:22,1,+27.6,+23.1,+7.3,+16.8,+27.4,+30.9,+20.7,+20.5,+20.5,+20.6,+20.3,+20.5,+20.2
2024-05-22 00:22,1,+27.7,+23.1,+7.3,+16.6,+27.3,+30.8,+20.6,+20.5,+20.5,+20.6,+20.3,+20.5,+20.2
2024-05-22 01:22,1,+27.7,+23.1,+7.2,+16.6,+27.3,+30.8,+20.5,+20.5,+20.5,+20.6,+20.3,+20.5,+20.2
2024-05-22 02:22,1,+27.7,+23.1,+7.2,+16.6,+27.3,+30.8,+20.5,+20.3,+20.5,+20.6,+20.3,+20.5,+20.2
2024-05-22 03:22,1,+27.7,+23.1,+7.2,+16.7,+27.3,+30.9,+20.5,+20.3,+20.5,+20.6,+20.5,+20.5,+20.1
2024-05-22 04:22,1,+27.6,+23.1,+7.2,+16.6,+27.3,+30.8,+20.2,+20.3,+20.5,+20.6,+20.5,+20.5,+20.2
2024-05-22 05:22,1,+27.6,+23.1,+7.2,+16.7,+27.3,+30.8,+20.2,+20.3,+20.5,+20.6,+20.3,+20.5,+20.2
2024-05-22 06:22,1,+27.6,+23.1,+7.2,+16.6,+27.3,+30.8,+20.1,+20.2,+20.5,+20.6,+20.3,+20.6,+20.2
2024-05-22 07:22,1,+27.6,+23.1,+7.2,+16.6,+27.3,+30.8,+20.1,+20.1,+20.5,+20.6,+20.5,+20.5,+20.2
2024-05-22 08:22,1,+27.5,+23.1,+7.2,+16.7,+27.3,+30.9,+20.1,+20.1,+20.5,+20.7,+20.5,+20.6,+20.2
2024-05-22 09:22,1,+27.5,+23.0,+7.2,+16.6,+27.3,+30.8,+20.1,+20.1,+20.3,+20.7,+20.3,+20.6,+20.2
2024-05-22 10:22,1,+27.4,+23.0,+7.2,+16.7,+27.3,+30.9,+20.2,+20.1,+20.5,+20.7,+20.5,+20.5,+20.2
2024-05-22 11:22,1,+27.4,+23.1,+7.2,+16.6,+27.3,+30.8,+20.3,+20.1,+20.3,+20.7,+20.5,+20.6,+20.2
2024-05-22 12:22,1,+27.3,+23.3,+7.2,+16.7,+27.3,+30.8,+20.5,+20.1,+20.3,+20.6,+20.5,+20.6,+20.2
2024-05-22 13:22,1,+27.2,+23.3,+7.1,+16.6,+27.3,+30.8,+20.7,+20.1,+20.3,+20.6,+20.3,+20.6,+20.2
2024-05-22 14:22,1,+27.2,+23.3,+7.1,+16.5,+27.2,+30.8,+20.8,+20.2,+20.3,+20.6,+20.5,+20.6,+20.2
2024-05-22 15:22,1,+27.1,+23.2,+7.1,+16.5,+27.2,+30.8,+21.0,+20.2,+20.3,+20.6,+20.5,+20.5,+20.2
2024-05-22 16:22,1,+27.1,+23.2,+7.1,+16.5,+27.2,+30.8,+21.0,+20.3,+20.5,+20.6,+20.5,+20.6,+20.2
2024-05-22 17:22,1,+27.1,+23.2,+7.1,+16.5,+27.2,+30.8,+21.0,+20.3,+20.3,+20.6,+20.5,+20.6,+20.2
2024-05-22 18:22,1,+27.1,+23.2,+7.1,+16.5,+27.2,+30.8,+21.1,+20.3,+20.3,+20.7,+20.5,+20.6,+20.2
2024-05-22 19:22,1,+27.1,+23.2,+7.1,+16.6,+27.2,+30.8,+21.0,+20.5,+20.5,+20.6,+20.5,+20.5,+20.3
2024-05-22 20:22,1,+27.1,+23.2,+7.1,+16.5,+27.1,+30.8,+21.0,+20.5,+20.5,+20.7,+20.3,+20.6,+20.2
2024-05-22 21:22,1,+27.1,+23.2,+7.1,+16.5,+27.1,+30.8,+20.8,+20.5,+20.5,+20.6,+20.5,+20.6,+20.2
2024-05-22 22:22,1,+27.0,+23.2,+7.1,+16.6,+27.2,+30.8,+20.8,+20.5,+20.5,+20.7,+20.5,+20.6,+20.2
2024-05-22 23:22,1,+27.0,+23.2,+7.1,+16.6,+27.1,+30.8,+20.8,+20.5,+20.5,+20.7,+20.5,+20.6,+20.2
2024-05-23 00:22,1,+27.0,+23.2,+7.1,+16.5,+27.1,+30.8,+20.6,+20.5,+20.5,+20.7,+20.5,+20.6,+20.2
2024-05-23 01:22,1,+27.0,+23.2,+7.1,+16.6,+27.1,+30.8,+20.6,+20.3,+20.5,+20.7,+20.5,+20.6,+20.2
2024-05-23 02:22,1,+27.0,+23.2,+7.1,+16.6,+27.1,+30.8,+20.5,+20.3,+20.5,+20.6,+20.5,+20.6,+20.2
2024-05-23 03:22,1,+27.1,+23.2,+7.1,+16.5,+27.0,+30.7,+20.5,+20.3,+20.5,+20.7,+20.5,+20.6,+20.3
2024-05-23 04:22,1,+27.4,+23.2,+7.1,+16.5,+27.0,+30.7,+20.3,+20.3,+20.5,+20.7,+20.5,+20.6,+20.2
2024-05-23 05:22,1,+27.4,+23.2,+7.1,+16.6,+27.0,+30.8,+20.3,+20.3,+20.5,+20.7,+20.5,+20.6,+20.2
2024-05-23 06:22,1,+27.7,+23.2,+7.1,+16.6,+27.0,+30.7,+20.2,+20.2,+20.5,+20.7,+20.5,+20.6,+20.2
2024-05-23 07:22,1,+27.5,+23.2,+7.1,+16.6,+27.0,+30.7,+20.1,+20.2,+20.5,+20.7,+20.5,+20.6,+20.2
2024-05-23 08:22,1,+27.5,+23.1,+7.1,+16.4,+26.9,+30.7,+20.1,+20.2,+20.5,+20.7,+20.5,+20.6,+20.3
2024-05-23 09:22,1,+27.4,+23.1,+7.1,+16.6,+26.9,+30.7,+20.1,+20.2,+20.5,+20.7,+20.5,+20.6,+20.2
2024-05-23 10:22,1,+27.4,+23.1,+7.1,+16.5,+26.9,+30.7,+20.2,+20.1,+20.5,+20.7,+20.5,+20.6,+20.2
2024-05-23 11:22,1,+27.3,+23.0,+7.0,+16.4,+26.8,+30.7,+20.5,+20.1,+20.5,+20.7,+20.5,+20.6,+20.2
2024-05-23 12:22,1,+27.2,+23.0,+7.0,+16.4,+26.8,+30.7,+20.6,+20.1,+20.5,+20.7,+20.5,+20.6,+20.2
2024-05-23 13:22,1,+27.2,+23.0,+7.0,+16.4,+26.8,+30.7,+20.7,+20.1,+20.5,+20.7,+20.5,+20.6,+20.2
2024-05-23 14:22,1,+27.2,+23.0,+7.0,+16.4,+26.7,+30.7,+20.8,+20.2,+20.5,+20.7,+20.5,+20.6,+20.2
2024-05-23 15:22,1,+27.3,+23.0,+7.0,+16.4,+26.7,+30.7,+20.8,+20.2,+20.5,+20.7,+20.5,+20.6,+20.2
2024-05-23 16:22,1,+27.2,+23.0,+7.0,+16.4,+26.7,+30.7,+21.0,+20.3,+20.5,+20.7,+20.5,+20.6,+20.2
2024-05-23 17:22,1,+27.2,+23.0,+7.0,+16.5,+26.7,+30.7,+21.0,+20.3,+20.3,+20.6,+20.5,+20.6,+20.2
2024-05-23 18:22,1,+27.2,+23.0,+7.0,+16.4,+26.7,+30.7,+21.0,+20.3,+20.5,+20.6,+20.5,+20.6,+20.3
2024-05-23 19:22,1,+27.2,+23.0,+7.0,+16.4,+26.7,+30.7,+20.8,+20.5,+20.5,+20.7,+20.5,+20.6,+20.2
2024-05-23 20:22,1,+27.2,+23.0,+7.0,+16.4,+26.6,+30.6,+20.8,+20.5,+20.5,+20.7,+20.5,+20.6,+20.3
2024-05-23 21:22,1,+27.2,+23.0,+7.0,+16.4,+26.6,+30.7,+20.7,+20.5,+20.5,+20.7,+20.5,+20.6,+20.2
2024-05-23 22:22,1,+27.2,+23.0,+7.0,+16.3,+26.5,+30.6,+20.7,+20.5,+20.5,+20.6,+20.5,+20.6,+20.2
2024-05-23 23:22,1,+27.3,+23.0,+7.0,+16.3,+26.5,+30.6,+20.7,+20.3,+20.5,+20.7,+20.5,+20.6,+20.3
2024-05-24 00:22,1,+27.2,+23.0,+7.0,+16.4,+26.5,+30.6,+20.6,+20.5,+20.5,+20.7,+20.5,+20.6,+20.2
2024-05-24 01:22,1,+27.3,+23.0,+7.0,+16.3,+26.5,+30.6,+20.6,+20.3,+20.5,+20.7,+20.5,+20.6,+20.2
2024-05-24 02:22,1,+27.2,+23.0,+7.0,+16.4,+26.5,+30.6,+20.5,+20.3,+20.5,+20.7,+20.5,+20.6,+20.3
2024-05-24 03:22,1,+27.2,+23.0,+7.0,+16.4,+26.5,+30.6,+20.3,+20.3,+20.5,+20.7,+20.5,+20.7,+20.2
2024-05-24 04:22,1,+27.2,+23.0,+7.0,+16.3,+26.4,+30.6,+20.2,+20.2,+20.5,+20.7,+20.5,+20.6,+20.3
2024-05-24 05:22,1,+27.2,+22.9,+7.0,+16.4,+26.4,+30.6,+20.3,+20.2,+20.5,+20.7,+20.5,+20.6,+20.3
2024-05-24 06:22,1,+27.6,+23.0,+7.0,+16.3,+26.3,+30.6,+20.2,+20.3,+20.5,+20.7,+20.5,+20.6,+20.3
2024-05-24 07:22,1,+27.6,+22.9,+7.0,+16.3,+26.3,+30.6,+20.1,+20.2,+20.5,+20.7,+20.5,+20.6,+20.2