
2023-07-25 09:11,1,+17.5,+10.5,+11.0,+1.7,+25.5,+23.2,+18.5,+19.0,+19.2,+19.2,+19.3,+19.3,+19.1
2023-07-25 10:11,1,+17.5,+10.6,+11.0,+1.6,+25.5,+23.2,+18.5,+19.0,+19.1,+19.2,+19.3,+19.3,+19.0
2023-07-25 11:11,1,+17.3,+10.6,+11.0,+1.6,+25.5,+23.2,+18.5,+19.0,+19.1,+19.2,+19.2,+19.5,+19.0
2023-07-25 12:11,1,+17.1,+10.6,+11.0,+1.7,+25.5,+23.2,+18.5,+19.0,+19.1,+19.2,+19.3,+19.3,+19.0
2023-07-25 13:11,1,+17.0,+10.6,+11.0,+1.6,+25.5,+23.2,+18.6,+19.0,+19.1,+19.2,+19.2,+19.3,+19.0
2023-07-25 14:11,1,+16.8,+10.6,+11.0,+1.6,+25.5,+23.2,+18.7,+19.0,+19.1,+19.2,+19.2,+19.3,+19.0
2023-07-25 15:11,1,+16.7,+10.6,+11.0,+1.7,+25.5,+23.2,+18.7,+18.8,+19.1,+19.2,+19.2,+19.3,+19.0
2023-07-25 16:11,1,+16.6,+10.6,+11.0,+1.7,+25.5,+23.2,+18.7,+19.0,+19.1,+19.1,+19.2,+19.3,+19.0
2023-07-25 17:11,1,+16.5,+10.6,+11.1,+1.6,+25.5,+23.2,+18.6,+19.0,+19.1,+19.2,+19.2,+19.3,+19.0
2023-07-25 18:11,1,+16.4,+10.6,+11.1,+1.6,+25.4,+23.2,+18.6,+19.0,+19.1,+19.2,+19.3,+19.3,+19.0
2023-07-25 19:11,1,+16.3,+10.6,+11.1,+1.7,+25.5,+23.2,+18.5,+19.0,+19.1,+19.1,+19.2,+19.3,+19.0
2023-07-25 20:11,1,+16.3,+10.6,+11.1,+1.6,+25.5,+23.2,+18.5,+19.0,+19.1,+19.1,+19.2,+19.3,+19.0
2023-07-25 21:11,1,+16.3,+10.6,+11.1,+1.6,+25.5,+23.2,+18.5,+18.8,+19.1,+19.2,+19.3,+19.3,+19.0
2023-07-25 22:11,1,+16.2,+10.6,+11.1,+1.7,+25.5,+23.2,+18.5,+19.0,+19.1,+19.2,+19.2,+19.3,+19.0
2023-07-25 23:11,1,+16.2,+10.5,+11.0,+1.6,+25.5,+23.2,+18.3,+18.8,+19.1,+19.1,+19.3,+19.3,+19.0
2023-07-26 00:11,1,+16.1,+10.5,+11.1,+1.6,+25.5,+23.2,+18.2,+18.8,+19.1,+19.1,+19.2,+19.3,+19.0
2023-07-26 01:11,1,+16.1,+10.6,+11.1,+1.7,+25.5,+23.2,+18.2,+18.8,+19.1,+19.2,+19.2,+19.3,+19.1
2023-07-26 02:11,1,+16.1,+10.5,+11.1,+1.6,+25.5,+23.2,+18.2,+18.8,+19.1,+19.1,+19.2,+19.3,+19.0
2023-07-26 03:11,1,+16.0,+10.5,+11.1,+1.6,+25.5,+23.2,+18.1,+18.7,+19.0,+19.1,+19.2,+19.3,+19.0
2023-07-26 04:11,1,+16.0,+10.5,+11.1,+1.6,+25.5,+23.2,+18.0,+18.7,+19.1,+19.2,+19.2,+19.3,+19.0
2023-07-26 05:11,1,+16.0,+10.5,+11.1,+1.7,+25.5,+23.2,+17.8,+18.7,+19.1,+19.1,+19.2,+19.3,+19.0
2023-07-26 06:11,1,+16.0,+10.5,+11.1,+1.7,+25.5,+23.2,+17.8,+18.7,+19.1,+19.1,+19.2,+19.3,+19.0
2023-07-26 07:11,1,+15.9,+10.5,+11.1,+1.6,+25.5,+23.2,+17.8,+18.6,+19.0,+19.1,+19.2,+19.3,+19.0
2023-07-26 08:11,1,+15.9,+10.5,+11.1,+1.7,+25.5,+23.2,+17.8,+18.6,+19.0,+19.1,+19.2,+19.3,+19.0
2023-07-26 09:11,1,+15.8,+10.5,+11.1,+1.6,+25.5,+23.2,+18.0,+18.6,+19.0,+19.1,+19.2,+19.3,+19.1
2023-07-26 10:11,1,+15.8,+10.5,+11.1,+1.6,+25.5,+23.2,+18.2,+18.6,+18.8,+19.1,+19.2,+19.3,+19.0
2023-07-26 11:11,1,+15.7,+10.5,+11.1,+1.6,+25.5,+23.2,+18.3,+18.6,+19.0,+19.1,+19.2,+19.3,+19.0
2023-07-26 12:11,1,+15.6,+10.5,+11.1,+1.6,+25.5,+23.2,+18.5,+18.6,+19.0,+19.1,+19.2,+19.3,+19.0
2023-07-26 13:11,1,+15.6,+10.5,+11.1,+1.8,+25.5,+23.2,+18.6,+18.6,+19.0,+19.1,+19.2,+19.3,+19.0
2023-07-26 14:11,1,+15.5,+10.5,+11.1,+1.6,+25.5,+23.2,+18.7,+18.7,+18.8,+19.1,+19.2,+19.3,+19.0
2023-07-26 15:11,1,+15.6,+10.5,+11.1,+1.6,+25.5,+23.2,+18.7,+18.7,+18.8,+19.1,+19.2,+19.3,+19.0
2023-07-26 16:11,1,+15.6,+10.5,+11.1,+1.6,+25.5,+23.2,+18.7,+18.8,+18.8,+19.1,+19.2,+19.3,+19.0
2023-07-26 17:11,1,+15.5,+10.5,+11.1,+1.6,+25.5,+23.2,+18.7,+18.8,+18.8,+19.0,+19.2,+19.3,+19.0
2023-07-26 18:11,1,+15.5,+10.5,+11.1,+1.8,+25.6,+23.2,+18.7,+18.8,+18.8,+19.0,+19.2,+19.3,+19.0
2023-07-26 19:11,1,+15.5,+10.5,+11.1,+1.7,+25.5,+23.2,+18.7,+18.8,+18.8,+19.0,+19.2,+19.3,+19.0
2023-07-26 20:11,1,+15.4,+10.5,+11.1,+1.8,+25.6,+23.2,+18.7,+18.8,+19.0,+19.1,+19.2,+19.3,+19.0
2023-07-26 21:11,1,+15.5,+10.5,+11.1,+1.6,+25.5,+23.2,+18.6,+18.8,+18.8,+19.1,+19.2,+19.3,+19.1
2023-07-26 22:11,1,+15.4,+10.5,+11.1,+1.6,+25.5,+23.2,+18.5,+18.8,+19.0,+19.0,+19.2,+19.3,+19.0
2023-07-26 23:11,1,+15.4,+10.5,+11.1,+1.8,+25.6,+23.2,+18.6,+18.8,+19.0,+19.0,+19.1,+19.3,+19.0
2023-07-27 00:11,1,+15.4,+10.5,+11.1,+1.7,+25.5,+23.2,+18.5,+18.8,+18.8,+19.0,+19.2,+19.3,+19.0
2023-07-27 01:11,1,+15.4,+10.5,+11.1,+1.7,+25.5,+23.2,+18.3,+18.8,+19.0,+19.0,+19.2,+19.3,+19.0
2023-07-27 02:11,1,+15.3,+10.5,+11.1,+1.8,+25.6,+23.3,+18.3,+18.8,+19.0,+19.0,+19.1,+19.2,+19.0
2023-07-27 03:11,1,+15.3,+10.5,+11.1,+1.7,+25.5,+23.2,+18.3,+18.8,+19.0,+19.0,+19.1,+19.3,+19.0
2023-07-27 04:11,1,+15.3,+10.5,+11.1,+1.7,+25.5,+23.2,+18.5,+18.8,+19.0,+19.0,+19.2,+19.3,+19.0
2023-07-27 05:11,1,+15.3,+10.4,+11.1,+1.7,+25.5,+23.2,+18.3,+18.8,+18.8,+19.0,+19.1,+19.2,+19.0
2023-07-27 06:11,1,+15.3,+10.4,+11.1,+1.8,+25.6,+23.3,+18.3,+18.8,+19.0,+19.0,+19.1,+19.2,+19.0
2023-07-27 07:11,1,+15.5,+10.5,+11.1,+1.7,+25.5,+23.2,+18.5,+18.8,+19.0,+19.0,+19.2,+19.3,+19.0
2023-07-27 08:11,1,+18.8,+10.5,+11.1,+1.8,+25.6,+23.3,+18.3,+18.7,+19.0,+19.0,+19.1,+19.3,+19.0
2023-07-27 09:11,1,+18.6,+10.6,+11.1,+1.7,+25.5,+23.2,+18.5,+18.7,+18.8,+19.1,+19.2,+19.2,+19.0
2023-07-27 10:11,1,+18.0,+10.6,+11.1,+1.7,+25.6,+23.2,+18.3,+18.7,+18.8,+19.0,+19.1,+19.2,+19.0
2023-07-27 11:11,1,+17.7,+10.6,+11.1,+1.8,+25.6,+23.3,+18.5,+18.7,+19.0,+19.0,+19.1,+19.2,+19.0
2023-07-27 12:11,1,+17.4,+10.6,+11.1,+1.8,+25.6,+23.3,+18.6,+18.7,+19.0,+19.0,+19.2,+19.2,+19.0
2023-07-27 13:11,1,+17.2,+10.7,+11.1,+1.7,+25.5,+23.3,+18.8,+18.7,+19.0,+19.0,+19.1,+19.2,+19.0
2023-07-27 14:11,1,+17.0,+10.7,+11.1,+1.7,+25.6,+23.3,+18.8,+18.8,+18.8,+19.0,+19.1,+19.3,+19.0
2023-07-27 15:11,1,+16.9,+10.6,+11.1,+1.8,+25.6,+23.3,+19.0,+18.8,+18.8,+19.0,+19.1,+19.2,+19.0
2023-07-27 16:11,1,+16.8,+10.6,+11.1,+1.8,+25.6,+23.3,+19.0,+18.8,+19.0,+19.0,+19.1,+19.3,+19.0
2023-07-27 17:11,1,+16.9,+10.6,+11.1,+1.7,+25.5,+23.2,+19.0,+18.8,+19.0,+19.0,+19.1,+19.2,+19.0
2023-07-27 18:11,1,+17.1,+10.6,+11.2,+1.8,+25.6,+23.3,+18.8,+18.8,+19.0,+19.0,+19.1,+19.3,+19.0
2023-07-27 19:11,1,+17.0,+10.6,+11.1,+1.8,+25.6,+23.3,+18.8,+19.0,+19.0,+19.0,+19.1,+19.2,+19.0
2023-07-27 20:11,1,+16.9,+10.7,+11.2,+1.9,+25.6,+23.3,+18.7,+19.0,+19.0,+19.0,+19.1,+19.2,+19.0
2023-07-27 21:11,1,+16.9,+10.6,+11.2,+1.9,+25.6,+23.3,+18.7,+19.0,+19.0,+19.0,+19.1,+19.2,+19.0
2023-07-27 22:11,1,+17.0,+10.6,+11.2,+1.9,+25.6,+23.3,+18.7,+19.0,+19.0,+19.0,+19.1,+19.2,+19.0
2023-07-27 23:11,1,+16.9,+10.6,+11.2,+1.9,+25.6,+23.3,+18.7,+19.0,+19.0,+19.0,+19.1,+19.2,+19.0
2023-07-28 00:11,1,+16.9,+10.6,+11.2,+1.7,+25.6,+23.3,+18.6,+19.0,+19.0,+19.0,+19.1,+19.2,+19.0
2023-07-28 01:11,1,+16.8,+10.6,+11.2,+1.9,+25.6,+23.3,+18.6,+19.0,+19.0,+19.0,+19.1,+19.3,+19.0
2023-07-28 02:11,1,+16.8,+10.6,+11.2,+1.9,+25.6,+23.3,+18.6,+19.0,+19.0,+19.0,+19.1,+19.2,+19.0
2023-07-28 03:11,1,+16.6,+10.6,+11.2,+1.8,+25.6,+23.3,+18.5,+18.8,+19.0,+19.0,+19.2,+19.2,+19.0
2023-07-28 04:11,1,+16.6,+10.6,+11.2,+1.8,+25.6,+23.2,+18.5,+19.0,+19.0,+19.0,+19.1,+19.2,+19.0
2023-07-28 05:11,1,+16.5,+10.6,+11.2,+1.9,+25.6,+23.3,+18.3,+18.8,+19.0,+19.0,+19.1,+19.2,+19.0
2023-07-28 06:11,1,+16.4,+10.6,+11.2,+1.9,+25.6,+23.3,+18.3,+18.8,+19.0,+19.0,+19.1,+19.2,+19.0
2023-07-28 07:11,1,+16.4,+10.6,+11.2,+1.8,+25.6,+23.3,+18.3,+18.8,+19.0,+19.0,+19.1,+19.2,+19.0
2023-07-28 08:11,1,+16.4,+10.6,+11.2,+1.8,+25.6,+23.3,+18.3,+18.8,+19.0,+19.0,+19.1,+19.2,+19.0
2023-07-28 09:11,1,+16.3,+10.6,+11.2,+1.9,+25.6,+23.3,+18.5,+18.8,+19.0,+19.0,+19.1,+19.2,+19.0
2023-07-28 10:11,1,+16.3,+10.6,+11.2,+1.8,+25.6,+23.3,+18.6,+18.8,+19.0,+19.1,+19.1,+19.2,+18.8
2023-07-28 11:11,1,+16.2,+10.6,+11.2,+1.9,+25.6,+23.3,+18.7,+18.8,+19.0,+19.1,+19.1,+19.2,+19.0
2023-07-28 12:11,1,+16.1,+10.6,+11.2,+1.9,+25.6,+23.3,+18.8,+18.8,+19.0,+19.0,+19.1,+19.2,+19.0
2023-07-28 13:11,1,+16.0,+10.6,+11.2,+1.9,+25.6,+23.3,+19.2,+19.0,+19.0,+19.1,+19.1,+19.2,+19.0
2023-07-28 14:11,1,+16.0,+10.6,+11.2,+1.8,+25.6,+23.3,+19.3,+18.8,+19.0,+19.0,+19.1,+19.2,+19.0
2023-07-28 15:11,1,+15.9,+10.6,+11.2,+1.9,+25.6,+23.3,+19.3,+19.0,+19.0,+19.0,+19.1,+19.2,+19.0
2023-07-28 16:11,1,+15.8,+10.5,+11.2,+1.9,+25.6,+23.3,+19.3,+19.1,+19.0,+19.0,+19.1,+19.2,+19.0
2023-07-28 17:11,1,+15.8,+10.6,+11.2,+1.9,+25.6,+23.3,+19.3,+19.1,+19.0,+19.0,+19.1,+19.2,+19.0
2023-07-28 18:11,1,+15.8,+10.5,+11.2,+1.9,+25.6,+23.3,+19.3,+19.1,+19.0,+19.0,+19.1,+19.2,+19.0
2023-07-28 19:11,1,+15.8,+10.5,+11.2,+1.8,+25.6,+23.3,+19.3,+19.2,+19.0,+19.0,+19.1,+19.2,+19.0
2023-07-28 20:11,1,+15.8,+10.6,+11.2,+1.8,+25.6,+23.3,+19.3,+19.1,+19.0,+19.0,+19.1,+19.2,+19.0
2023-07-28 21:11,1,+15.7,+10.5,+11.2,+1.8,+25.6,+23.3,+19.3,+19.2,+19.0,+19.0,+19.1,+19.2,+19.0
2023-07-28 22:11,1,+15.7,+10.5,+11.2,+1.9,+25.6,+23.3,+19.2,+19.2,+19.1,+19.0,+19.1,+19.2,+19.0
2023-07-28 23:11,1,+15.7,+10.5,+11.2,+1.8,+25.6,+23.3,+19.2,+19.3,+19.1,+19.0,+19.1,+19.2,+19.0
2023-07-29 00:11,1,+15.7,+10.5,+11.2,+1.8,+25.6,+23.3,+19.2,+19.2,+19.1,+19.0,+19.1,+19.2,+19.0
2023-07-29 01:11,1,+18.3,+10.6,+11.2,+1.8,+25.6,+23.3,+19.2,+19.2,+19.1,+19.0,+19.1,+19.2,+19.0
2023-07-29 02:11,1,+18.0,+10.6,+11.2,+1.9,+25.6,+23.3,+19.1,+19.3,+19.1,+19.0,+19.1,+19.2,+18.8
2023-07-29 03:11,1,+17.8,+10.6,+11.2,+1.8,+25.6,+23.3,+19.2,+19.2,+19.1,+19.0,+19.1,+19.2,+19.0
2023-07-29 04:11,1,+17.6,+10.6,+11.2,+1.9,+25.6,+23.3,+19.1,+19.3,+19.1,+19.0,+19.1,+19.2,+18.8
2023-07-29 05:11,1,+17.5,+10.6,+11.2,+1.8,+25.6,+23.3,+19.1,+19.2,+19.2,+19.0,+19.1,+19.2,+18.8
2023-07-29 06:11,1,+17.4,+10.6,+11.2,+1.9,+25.6,+23.3,+19.1,+19.2,+19.1,+19.1,+19.1,+19.2,+19.0
2023-07-29 07:11,1,+17.3,+10.6,+11.2,+1.8,+25.6,+23.3,+19.0,+19.2,+19.1,+19.1,+19.1,+19.2,+18.8
2023-07-29 08:11,1,+17.2,+10.7,+11.2,+1.8,+25.6,+23.3,+19.0,+19.2,+19.1,+19.1,+19.1,+19.2,+19.0
2023-07-29 09:11,1,+17.1,+10.6,+11.2,+1.8,+25.6,+23.3,+19.2,+19.2,+19.2,+19.1,+19.1,+19.2,+19.0
2023-07-29 10:11,1,+17.0,+10.7,+11.2,+1.8,+25.6,+23.3,+19.2,+19.2,+19.2,+19.1,+19.2,+19.2,+19.0
2023-07-29 11:11,1,+16.9,+10.6,+11.2,+1.9,+25.7,+23.3,+19.3,+19.2,+19.2,+19.1,+19.1,+19.2,+19.0
2023-07-29 12:11,1,+16.8,+10.6,+11.2,+1.9,+25.6,+23.3,+19.5,+19.2,+19.1,+19.1,+19.2,+19.2,+19.0
2023-07-29 13:11,1,+16.7,+10.6,+11.2,+1.8,+25.6,+23.3,+19.6,+19.3,+19.2,+19.1,+19.1,+19.2,+19.0
2023-07-29 14:11,1,+16.6,+10.6,+11.2,+1.8,+25.6,+23.3,+19.7,+19.3,+19.2,+19.1,+19.1,+19.2,+18.8
2023-07-29 15:11,1,+16.6,+10.6,+11.2,+1.9,+25.7,+23.3,+19.8,+19.3,+19.2,+19.1,+19.2,+19.2,+18.8
2023-07-29 16:11,1,+16.6,+10.6,+11.2,+1.9,+25.7,+23.3,+19.7,+19.5,+19.2,+19.1,+19.1,+19.2,+18.8
2023-07-29 17:11,1,+16.6,+10.6,+11.2,+1.8,+25.6,+23.3,+19.8,+19.5,+19.2,+19.1,+19.2,+19.2,+19.0
2023-07-29 18:11,1,+16.5,+10.6,+11.2,+1.8,+25.6,+23.3,+19.7,+19.5,+19.2,+19.1,+19.2,+19.2,+19.0
2023-07-29 19:11,1,+16.5,+10.6,+11.2,+1.9,+25.6,+23.3,+19.6,+19.6,+19.2,+19.1,+19.1,+19.2,+19.0
2023-07-29 20:11,1,+16.5,+10.6,+11.2,+1.9,+25.7,+23.3,+19.6,+19.6,+19.2,+19.1,+19.1,+19.2,+19.0
2023-07-29 21:11,1,+16.4,+10.6,+11.2,+1.9,+25.6,+23.3,+19.5,+19.6,+19.2,+19.1,+19.1,+19.2,+18.8
2023-07-29 22:11,1,+16.4,+10.6,+11.2,+2.0,+25.7,+23.3,+19.5,+19.5,+19.3,+19.1,+19.2,+19.2,+18.8
2023-07-29 23:11,1,+16.3,+10.6,+11.2,+2.0,+25.7,+23.3,+19.5,+19.6,+19.3,+19.2,+19.1,+19.3,+19.0
2023-07-30 00:11,1,+16.3,+10.6,+11.2,+2.0,+25.7,+23.3,+19.5,+19.6,+19.3,+19.1,+19.1,+19.2,+19.0
2023-07-30 01:11,1,+16.3,+10.6,+11.2,+2.0,+25.7,+23.3,+19.5,+19.6,+19.3,+19.1,+19.2,+19.2,+19.0
2023-07-30 02:11,1,+16.3,+10.6,+11.3,+1.9,+25.6,+23.3,+19.3,+19.5,+19.3,+19.1,+19.1,+19.2,+19.0
2023-07-30 03:11,1,+16.3,+10.6,+11.3,+1.9,+25.6,+23.3,+19.3,+19.5,+19.3,+19.1,+19.2,+19.2,+18.8
2023-07-30 04:11,1,+16.3,+10.6,+11.3,+2.0,+25.7,+23.3,+19.2,+19.5,+19.3,+19.1,+19.2,+19.3,+19.0
2023-07-30 05:11,1,+16.3,+10.6,+11.3,+2.0,+25.7,+23.3,+19.3,+19.5,+19.3,+19.1,+19.2,+19.2,+18.8
2023-07-30 06:11,1,+16.2,+10.6,+11.3,+2.0,+25.7,+23.4,+19.2,+19.5,+19.3,+19.1,+19.2,+19.2,+19.0
2023-07-30 07:11,1,+16.2,+10.6,+11.3,+2.0,+25.7,+23.3,+19.3,+19.5,+19.3,+19.2,+19.1,+19.2,+19.0
2023-07-30 08:11,1,+16.2,+10.6,+11.3,+2.0,+25.7,+23.4,+19.2,+19.5,+19.3,+19.1,+19.2,+19.3,+19.0
2023-07-30 09:11,1,+16.2,+10.6,+11.3,+1.9,+25.6,+23.3,+19.3,+19.5,+19.3,+19.1,+19.2,+19.3,+18.8
2023-07-30 10:11,1,+16.2,+10.6,+11.3,+1.9,+25.6,+23.3,+19.3,+19.5,+19.3,+19.2,+19.2,+19.2,+19.0
2023-07-30 11:11,1,+16.2,+10.6,+11.3,+2.0,+25.7,+23.4,+19.5,+19.5,+19.3,+19.2,+19.2,+19.2,+19.0
2023-07-30 12:11,1,+16.2,+10.6,+11.3,+1.9,+25.6,+23.3,+19.3,+19.5,+19.5,+19.1,+19.2,+19.3,+19.0
2023-07-30 13:11,1,+16.2,+10.6,+11.3,+2.0,+25.7,+23.3,+19.5,+19.5,+19.3,+19.1,+19.2,+19.3,+19.0
2023-07-30 14:11,1,+16.1,+10.6,+11.3,+2.0,+25.7,+23.4,+19.3,+19.5,+19.3,+19.2,+19.2,+19.3,+19.0
2023-07-30 15:11,1,+16.1,+10.6,+11.3,+2.0,+25.7,+23.4,+19.5,+19.5,+19.3,+19.1,+19.2,+19.3,+19.0
2023-07-30 16:11,1,+16.1,+10.6,+11.3,+2.0,+25.7,+23.4,+19.3,+19.5,+19.3,+19.2,+19.2,+19.2,+19.0
2023-07-30 17:11,1,+16.1,+10.6,+11.3,+2.0,+25.7,+23.4,+19.3,+19.5,+19.5,+19.2,+19.2,+19.3,+19.0
2023-07-30 18:11,1,+16.1,+10.6,+11.3,+1.9,+25.7,+23.3,+19.5,+19.5,+19.5,+19.2,+19.2,+19.3,+19.0
2023-07-30 19:11,1,+16.1,+10.6,+11.3,+1.9,+25.7,+23.3,+19.3,+19.6,+19.5,+19.2,+19.2,+19.3,+19.0
2023-07-30 20:11,1,+16.1,+10.6,+11.3,+2.0,+25.7,+23.3,+19.3,+19.6,+19.3,+19.2,+19.2,+19.3,+19.0
2023-07-30 21:11,1,+16.1,+10.6,+11.3,+2.0,+25.7,+23.4,+19.3,+19.5,+19.3,+19.2,+19.2,+19.3,+19.0
2023-07-30 22:11,1,+16.1,+10.6,+11.3,+1.9,+25.7,+23.3,+19.2,+19.5,+19.3,+19.2,+19.2,+19.3,+19.0
2023-07-30 23:11,1,+16.1,+10.6,+11.3,+1.9,+25.7,+23.3,+19.2,+19.5,+19.3,+19.2,+19.2,+19.3,+19.0
2023-07-31 00:11,1,+16.1,+10.6,+11.3,+2.0,+25.7,+23.4,+19.2,+19.5,+19.3,+19.2,+19.2,+19.3,+19.0
2023-07-31 01:11,1,+16.0,+10.6,+11.3,+2.0,+25.7,+23.4,+19.1,+19.5,+19.3,+19.2,+19.2,+19.3,+19.0
2023-07-31 02:11,1,+16.0,+10.6,+11.3,+1.9,+25.7,+23.3,+19.2,+19.5,+19.3,+19.2,+19.2,+19.3,+19.0
2023-07-31 03:11,1,+16.0,+10.6,+11.3,+1.9,+25.7,+23.3,+19.1,+19.5,+19.5,+19.2,+19.2,+19.3,+19.0
2023-07-31 04:11,1,+16.0,+10.6,+11.3,+1.9,+25.7,+23.3,+19.1,+19.5,+19.3,+19.2,+19.2,+19.3,+19.0
2023-07-31 05:11,1,+16.0,+10.6,+11.3,+1.9,+25.7,+23.3,+19.1,+19.3,+19.5,+19.2,+19.2,+19.3,+19.0
2023-07-31 06:11,1,+16.0,+10.6,+11.3,+2.1,+25.7,+23.4,+19.1,+19.5,+19.3,+19.2,+19.2,+19.3,+19.0
2023-07-31 07:11,1,+15.9,+10.6,+11.3,+2.1,+25.7,+23.4,+19.1,+19.3,+19.3,+19.2,+19.2,+19.3,+19.0
2023-07-31 08:11,1,+15.9,+10.6,+11.3,+2.1,+25.8,+23.4,+19.1,+19.3,+19.3,+19.2,+19.3,+19.3,+19.0
2023-07-31 09:11,1,+15.9,+10.6,+11.3,+1.9,+25.7,+23.4,+19.2,+19.3,+19.3,+19.2,+19.2,+19.3,+19.0
2023-07-31 10:11,1,+15.9,+10.6,+11.3,+2.1,+25.7,+23.4,+19.3,+19.3,+19.3,+19.2,+19.2,+19.3,+19.0
2023-07-31 11:11,1,+15.8,+10.6,+11.3,+2.0,+25.7,+23.4,+19.5,+19.3,+19.3,+19.2,+19.2,+19.3,+19.0
2023-07-31 12:11,1,+15.8,+10.6,+11.3,+1.9,+25.7,+23.4,+19.6,+19.3,+19.3,+19.3,+19.2,+19.3,+19.0
2023-07-31 13:11,1,+15.7,+10.6,+11.3,+1.9,+25.7,+23.4,+19.7,+19.5,+19.3,+19.2,+19.3,+19.3,+19.0
2023-07-31 14:11,1,+15.7,+10.6,+11.3,+2.1,+25.8,+23.4,+19.7,+19.5,+19.3,+19.2,+19.2,+19.3,+19.0
2023-07-31 15:11,1,+15.6,+10.6,+11.3,+1.9,+25.7,+23.4,+19.7,+19.6,+19.3,+19.2,+19.2,+19.3,+19.0
2023-07-31 16:11,1,+15.6,+10.6,+11.3,+2.1,+25.8,+23.4,+19.6,+19.6,+19.3,+19.3,+19.2,+19.3,+19.0
2023-07-31 17:11,1,+15.6,+10.6,+11.3,+2.0,+25.7,+23.4,+19.6,+19.6,+19.3,+19.2,+19.2,+19.3,+19.0
2023-07-31 18:11,1,+15.9,+10.6,+11.3,+2.1,+25.7,+23.4,+19.6,+19.6,+19.5,+19.3,+19.2,+19.3,+19.0
2023-07-31 19:11,1,+15.8,+10.6,+11.3,+2.0,+25.7,+23.3,+19.5,+19.6,+19.3,+19.2,+19.2,+19.3,+19.0
2023-07-31 20:11,1,+15.8,+10.6,+11.3,+2.1,+25.8,+23.4,+19.5,+19.6,+19.5,+19.2,+19.3,+19.3,+19.0
2023-07-31 21:11,1,+15.8,+10.6,+11.3,+2.0,+25.7,+23.4,+19.5,+19.6,+19.5,+19.3,+19.3,+19.3,+19.0
2023-07-31 22:11,1,+15.8,+10.6,+11.3,+2.1,+25.8,+23.4,+19.5,+19.6,+19.3,+19.3,+19.2,+19.3,+19.0
2023-07-31 23:11,1,+15.8,+10.6,+11.3,+2.1,+25.8,+23.4,+19.3,+19.6,+19.5,+19.3,+19.3,+19.3,+19.0
2023-08-01 00:11,1,+15.8,+10.6,+11.3,+2.0,+25.7,+23.4,+19.3,+19.6,+19.5,+19.2,+19.2,+19.5,+19.0
2023-08-01 01:11,1,+15.8,+10.6,+11.3,+2.0,+25.7,+23.4,+19.3,+19.6,+19.5,+19.2,+19.3,+19.3,+19.0
2023-08-01 02:11,1,+15.8,+10.6,+11.3,+3.7,+25.7,+23.4,+19.3,+19.6,+19.5,+19.3,+19.2,+19.3,+19.0
2023-08-01 03:11,1,+15.8,+10.6,+11.3,+4.6,+25.8,+23.4,+19.3,+19.6,+19.5,+19.2,+19.2,+19.3,+19.0
2023-08-01 04:11,1,+15.9,+10.6,+11.3,+5.8,+25.8,+23.4,+19.2,+19.5,+19.5,+19.3,+19.2,+19.3,+19.0
2023-08-01 05:11,1,+15.9,+10.6,+11.9,+6.5,+25.8,+23.4,+19.2,+19.5,+19.5,+19.3,+19.3,+19.3,+19.0
2023-08-01 06:11,1,+15.9,+10.6,+13.1,+5.9,+25.8,+23.4,+19.2,+19.5,+19.5,+19.3,+19.2,+19.3,+19.0
2023-08-01 07:11,1,+15.9,+10.6,+13.2,+6.9,+25.8,+23.4,+19.2,+19.5,+19.5,+19.2,+19.3,+19.3,+19.0
2023-08-01 08:11,1,+15.8,+10.6,+13.1,+7.2,+25.8,+23.4,+19.3,+19.5,+19.5,+19.2,+19.3,+19.3,+19.0
2023-08-01 09:11,1,+15.8,+10.6,+13.2,+7.3,+25.8,+23.4,+19.3,+19.5,+19.5,+19.2,+19.2,+19.3,+19.0
2023-08-01 10:11,1,+15.8,+10.6,+13.2,+7.3,+25.8,+23.4,+19.5,+19.5,+19.5,+19.3,+19.3,+19.3,+19.0
2023-08-01 11:11,1,+15.8,+10.6,+13.2,+7.3,+25.8,+23.4,+19.5,+19.5,+19.5,+19.3,+19.3,+19.5,+19.0
2023-08-01 12:11,1,+15.8,+10.6,+13.2,+7.3,+25.8,+23.5,+19.6,+19.5,+19.3,+19.2,+19.2,+19.3,+19.0
2023-08-01 13:11,1,+16.0,+10.6,+13.2,+7.4,+25.8,+23.4,+19.6,+19.6,+19.5,+19.3,+19.3,+19.5,+19.0
2023-08-01 14:11,1,+16.0,+10.6,+13.2,+7.2,+25.8,+23.4,+19.7,+19.6,+19.5,+19.3,+19.3,+19.3,+19.0
2023-08-01 15:11,1,+16.0,+10.6,+13.2,+7.2,+25.8,+23.4,+19.7,+19.6,+19.5,+19.2,+19.3,+19.5,+19.0
2023-08-01 16:11,1,+16.0,+10.6,+13.1,+7.2,+25.8,+23.4,+19.7,+19.6,+19.5,+19.3,+19.3,+19.3,+19.0
2023-08-01 17:11,1,+16.0,+10.6,+13.2,+7.4,+25.9,+23.5,+19.7,+19.6,+19.5,+19.3,+19.3,+19.5,+19.0
2023-08-01 18:11,1,+15.9,+10.6,+13.2,+7.2,+25.8,+23.4,+19.6,+19.7,+19.5,+19.3,+19.3,+19.3,+19.0
2023-08-01 19:11,1,+15.9,+10.6,+13.2,+7.4,+25.9,+23.5,+19.6,+19.6,+19.5,+19.3,+19.3,+19.3,+19.1
2023-08-01 20:11,1,+16.1,+10.6,+13.2,+7.2,+25.8,+23.4,+19.6,+19.6,+19.5,+19.3,+19.3,+19.3,+19.0
2023-08-01 21:11,1,+15.9,+10.6,+13.2,+7.4,+25.9,+23.4,+19.5,+19.6,+19.5,+19.3,+19.3,+19.3,+19.0
2023-08-01 22:11,1,+15.8,+10.6,+13.2,+7.2,+25.8,+23.4,+19.3,+19.6,+19.5,+19.3,+19.3,+19.5,+19.0
2023-08-01 23:11,1,+15.8,+10.6,+13.2,+7.4,+25.9,+23.4,+19.2,+19.6,+19.5,+19.3,+19.3,+19.3,+19.0
2023-08-02 00:11,1,+15.8,+10.6,+13.2,+7.4,+25.9,+23.5,+19.2,+19.6,+19.5,+19.3,+19.3,+19.3,+19.0
2023-08-02 01:11,1,+15.8,+10.6,+13.2,+7.2,+25.8,+23.4,+19.1,+19.6,+19.5,+19.3,+19.3,+19.5,+19.0
2023-08-02 02:11,1,+15.8,+10.6,+13.2,+7.2,+25.8,+23.4,+19.1,+19.6,+19.5,+19.3,+19.3,+19.5,+19.1
2023-08-02 03:11,1,+15.8,+10.6,+13.2,+7.2,+25.8,+23.4,+19.1,+19.5,+19.5,+19.3,+19.3,+19.5,+19.0
2023-08-02 04:11,1,+15.8,+10.6,+13.2,+7.4,+25.9,+23.4,+19.1,+19.5,+19.5,+19.3,+19.3,+19.5,+19.0
2023-08-02 05:11,1,+15.9,+10.5,+13.2,+7.2,+25.8,+23.4,+19.1,+19.5,+19.5,+19.3,+19.3,+19.3,+19.1
2023-08-02 06:11,1,+15.9,+10.5,+13.2,+7.4,+25.9,+23.5,+19.0,+19.5,+19.5,+19.3,+19.3,+19.5,+19.0
2023-08-02 07:11,1,+16.0,+10.5,+13.2,+7.3,+25.8,+23.4,+19.1,+19.5,+19.5,+19.3,+19.3,+19.5,+19.0
2023-08-02 08:11,1,+15.9,+10.6,+13.2,+7.3,+25.8,+23.4,+19.1,+19.3,+19.5,+19.3,+19.3,+19.5,+19.0
2023-08-02 09:11,1,+15.9,+10.5,+13.1,+7.3,+25.8,+23.4,+19.2,+19.3,+19.5,+19.3,+19.3,+19.3,+19.0
2023-08-02 10:11,1,+15.9,+10.5,+13.2,+7.3,+25.8,+23.4,+19.2,+19.3,+19.5,+19.3,+19.3,+19.5,+19.1
2023-08-02 11:11,1,+15.8,+10.5,+13.1,+7.3,+25.8,+23.4,+19.3,+19.3,+19.5,+19.3,+19.3,+19.3,+19.1
2023-08-02 12:11,1,+15.8,+10.5,+13.2,+7.3,+25.8,+23.4,+19.5,+19.5,+19.5,+19.3,+19.3,+19.5,+19.1
2023-08-02 13:11,1,+15.7,+10.5,+13.1,+7.4,+25.9,+23.5,+19.7,+19.5,+19.5,+19.5,+19.3,+19.5,+19.0
2023-08-02 14:11,1,+15.7,+10.5,+13.2,+7.3,+25.8,+23.5,+19.8,+19.5,+19.5,+19.3,+19.3,+19.5,+19.1
2023-08-02 15:11,1,+15.6,+10.5,+13.2,+7.3,+25.8,+23.4,+19.7,+19.5,+19.5,+19.3,+19.3,+19.5,+19.1
2023-08-02 16:11,1,+15.7,+10.5,+13.2,+7.3,+25.8,+23.4,+19.7,+19.6,+19.5,+19.3,+19.3,+19.5,+19.0
2023-08-02 17:11,1,+15.6,+10.5,+13.1,+7.4,+25.9,+23.5,+19.6,+19.6,+19.3,+19.3,+19.3,+19.5,+19.1
2023-08-02 18:11,1,+15.6,+10.5,+13.1,+7.3,+25.8,+23.4,+19.6,+19.6,+19.5,+19.3,+19.3,+19.5,+19.1
2023-08-02 19:11,1,+15.6,+10.5,+13.2,+7.3,+25.8,+23.4,+19.5,+19.6,+19.5,+19.3,+19.3,+19.5,+19.0
2023-08-02 20:11,1,+15.6,+10.5,+13.2,+7.4,+25.9,+23.5,+19.5,+19.6,+19.5,+19.3,+19.3,+19.5,+19.0
2023-08-02 21:11,1,+15.6,+10.5,+13.2,+7.3,+25.8,+23.4,+19.3,+19.6,+19.5,+19.3,+19.3,+19.5,+19.1
2023-08-02 22:11,1,+15.6,+10.5,+13.2,+7.3,+25.8,+23.4,+19.3,+19.6,+19.5,+19.3,+19.3,+19.5,+19.1
2023-08-02 23:11,1,+15.6,+10.5,+13.1,+7.3,+25.8,+23.4,+19.2,+19.6,+19.5,+19.3,+19.3,+19.5,+19.1
2023-08-03 00:11,1,+15.6,+10.5,+13.2,+7.4,+25.9,+23.5,+19.2,+19.5,+19.5,+19.3,+19.3,+19.5,+19.1
2023-08-03 01:11,1,+15.6,+10.5,+13.2,+7.3,+25.8,+23.5,+19.2,+19.6,+19.5,+19.3,+19.3,+19.5,+19.1
2023-08-03 02:11,1,+15.6,+10.5,+13.2,+7.4,+25.9,+23.5,+19.2,+19.5,+19.5,+19.3,+19.3,+19.5,+19.1
2023-08-03 03:11,1,+15.6,+10.5,+13.2,+7.4,+25.9,+23.5,+19.1,+19.5,+19.5,+19.3,+19.3,+19.5,+19.1
2023-08-03 04:11,1,+15.7,+10.5,+13.2,+7.4,+25.9,+23.5,+19.1,+19.5,+19.5,+19.3,+19.3,+19.5,+19.1
2023-08-03 05:11,1,+15.6,+10.5,+13.1,+7.4,+25.9,+23.5,+19.0,+19.5,+19.5,+19.3,+19.5,+19.5,+19.1
2023-08-03 06:11,1,+15.6,+10.5,+13.2,+7.3,+25.8,+23.5,+19.0,+19.5,+19.5,+19.5,+19.3,+19.5,+19.1
2023-08-03 07:11,1,+15.6,+10.5,+13.2,+7.3,+25.8,+23.5,+19.0,+19.5,+19.5,+19.3,+19.3,+19.5,+19.1
2023-08-03 08:11,1,+15.5,+10.5,+13.2,+7.4,+25.9,+23.5,+19.0,+19.3,+19.5,+19.3,+19.3,+19.5,+19.1
2023-08-03 09:11,1,+15.6,+10.5,+13.2,+7.3,+25.9,+23.4,+19.1,+19.3,+19.5,+19.5,+19.3,+19.5,+19.1
2023-08-03 10:11,1,+15.5,+10.5,+13.2,+7.4,+25.9,+23.5,+19.1,+19.3,+19.5,+19.3,+19.3,+19.5,+19.1
2023-08-03 11:11,1,+15.5,+10.5,+13.1,+7.3,+25.9,+23.5,+19.2,+19.3,+19.5,+19.3,+19.3,+19.5,+19.1
2023-08-03 12:11,1,+15.4,+10.5,+13.2,+7.3,+25.9,+23.4,+19.2,+19.3,+19.3,+19.3,+19.3,+19.5,+19.0
2023-08-03 13:11,1,+15.4,+10.5,+13.2,+7.3,+25.9,+23.5,+19.5,+19.3,+19.5,+19.3,+19.3,+19.5,+19.1
2023-08-03 14:11,1,+15.4,+10.5,+13.2,+7.3,+25.8,+23.5,+19.5,+19.5,+19.5,+19.3,+19.3,+19.5,+19.1
2023-08-03 15:11,1,+15.3,+10.5,+13.1,+7.4,+25.9,+23.5,+19.5,+19.5,+19.5,+19.3,+19.3,+19.5,+19.1
2023-08-03 16:11,1,+15.3,+10.5,+13.2,+7.3,+25.9,+23.5,+19.5,+19.5,+19.5,+19.3,+19.3,+19.5,+19.1
2023-08-03 17:11,1,+15.3,+10.5,+13.2,+7.4,+25.9,+23.5,+19.5,+19.5,+19.5,+19.3,+19.3,+19.5,+19.1
2023-08-03 18:11,1,+15.2,+10.5,+13.1,+7.3,+25.9,+23.5,+19.5,+19.5,+19.5,+19.3,+19.5,+19.5,+19.1
2023-08-03 19:11,1,+15.2,+10.5,+13.2,+7.4,+25.9,+23.5,+19.5,+19.5,+19.5,+19.3,+19.3,+19.5,+19.1
2023-08-03 20:11,1,+15.2,+10.5,+13.2,+7.4,+25.9,+23.5,+19.5,+19.5,+19.5,+19.3,+19.3,+19.5,+19.1
2023-08-03 21:11,1,+15.2,+10.5,+13.2,+7.3,+25.9,+23.5,+19.3,+19.5,+19.5,+19.3,+19.3,+19.5,+19.0
2023-08-03 22:11,1,+15.2,+10.5,+13.2,+7.5,+25.9,+23.5,+19.3,+19.6,+19.5,+19.3,+19.3,+19.5,+19.1
2023-08-03 23:11,1,+15.2,+10.5,+13.2,+7.5,+26.0,+23.6,+19.3,+19.5,+19.5,+19.3,+19.3,+19.5,+19.1
2023-08-04 00:11,1,+15.2,+10.5,+13.2,+7.5,+26.0,+23.6,+19.2,+19.5,+19.5,+19.3,+19.3,+19.5,+19.1
2023-08-04 01:11,1,+15.3,+10.5,+13.2,+7.6,+26.2,+23.7,+19.2,+19.5,+19.5,+19.3,+19.3,+19.5,+19.1
2023-08-04 02:11,1,+15.4,+10.5,+13.2,+7.6,+26.3,+23.8,+19.1,+19.5,+19.5,+19.3,+19.3,+19.5,+19.1
2023-08-04 03:11,1,+15.4,+10.5,+13.2,+7.6,+26.3,+23.9,+19.1,+19.5,+19.5,+19.3,+19.3,+19.5,+19.1
2023-08-04 04:11,1,+15.4,+10.5,+13.2,+7.5,+26.2,+24.0,+19.1,+19.5,+19.5,+19.3,+19.3,+19.5,+19.0
2023-08-04 05:11,1,+15.4,+10.5,+13.2,+7.5,+26.2,+23.9,+19.1,+19.5,+19.5,+19.3,+19.3,+19.5,+19.1
2023-08-04 06:11,1,+15.4,+10.5,+13.2,+7.5,+26.2,+24.0,+19.1,+19.5,+19.5,+19.3,+19.3,+19.5,+19.0
2023-08-04 07:11,1,+15.4,+10.5,+13.2,+7.6,+26.3,+24.0,+19.1,+19.5,+19.5,+19.3,+19.3,+19.5,+19.1
2023-08-04 08:11,1,+15.3,+10.5,+13.2,+7.6,+26.3,+24.0,+19.0,+19.3,+19.5,+19.5,+19.3,+19.5,+19.1
2023-08-04 09:11,1,+15.3,+10.5,+13.2,+7.5,+26.2,+24.0,+19.1,+19.3,+19.5,+19.3,+19.3,+19.5,+19.1
2023-08-04 10:11,1,+15.3,+10.5,+13.2,+7.6,+26.3,+24.0,+19.1,+19.3,+19.5,+19.3,+19.3,+19.5,+19.1
2023-08-04 11:11,1,+15.3,+10.5,+13.2,+7.6,+26.3,+24.0,+19.2,+19.3,+19.5,+19.3,+19.3,+19.5,+19.1
2023-08-04 12:11,1,+15.2,+10.5,+13.2,+7.5,+26.2,+24.0,+19.3,+19.5,+19.5,+19.3,+19.3,+19.5,+19.1
2023-08-04 13:11,1,+15.2,+10.5,+13.2,+7.5,+26.2,+24.0,+19.5,+19.3,+19.5,+19.3,+19.3,+19.5,+19.1
2023-08-04 14:11,1,+15.1,+10.5,+13.2,+7.5,+26.2,+24.0,+19.7,+19.5,+19.3,+19.3,+19.3,+19.5,+19.1
2023-08-04 15:11,1,+15.0,+10.5,+13.2,+7.6,+26.3,+24.0,+19.7,+19.5,+19.5,+19.3,+19.5,+19.5,+19.1
2023-08-04 16:11,1,+15.0,+10.5,+13.2,+7.6,+26.3,+24.0,+19.6,+19.5,+19.5,+19.3,+19.3,+19.5,+19.1
2023-08-04 17:11,1,+15.0,+10.5,+13.2,+7.6,+26.3,+24.0,+19.6,+19.6,+19.5,+19.3,+19.3,+19.5,+19.1
2023-08-04 18:11,1,+15.0,+10.5,+13.2,+7.5,+26.2,+24.0,+19.6,+19.6,+19.5,+19.3,+19.3,+19.5,+19.1
2023-08-04 19:11,1,+15.0,+10.5,+13.2,+7.5,+26.2,+24.0,+19.6,+19.6,+19.5,+19.2,+19.5,+19.3,+19.1
2023-08-04 20:11,1,+15.0,+10.4,+13.2,+7.5,+26.2,+24.0,+19.5,+19.6,+19.5,+19.3,+19.3,+19.5,+19.1
2023-08-04 21:11,1,+15.0,+10.4,+13.2,+7.6,+26.3,+24.0,+19.3,+19.6,+19.5,+19.3,+19.3,+19.5,+19.1
2023-08-04 22:11,1,+15.0,+10.5,+13.2,+7.5,+26.2,+24.0,+19.3,+19.6,+19.5,+19.3,+19.3,+19.5,+19.1
2023-08-04 23:11,1,+15.0,+10.5,+13.2,+7.6,+26.3,+24.0,+19.3,+19.6,+19.5,+19.3,+19.3,+19.5,+19.1
2023-08-05 00:11,1,+23.5,+13.4,+14.2,+7.7,+26.2,+24.0,+19.1,+19.3,+19.5,+19.3,+19.3,+19.5,+19.1
2023-08-05 01:11,1,+19.8,+12.0,+13.4,+7.6,+26.2,+24.0,+19.1,+19.5,+19.5,+19.3,+19.5,+19.5,+19.1
2023-08-05 02:11,1,+19.2,+11.7,+13.4,+7.6,+26.3,+24.0,+19.1,+19.5,+19.5,+19.3,+19.3,+19.5,+19.1
2023-08-05 03:11,1,+18.9,+11.6,+13.4,+7.6,+26.2,+24.0,+19.0,+19.5,+19.5,+19.3,+19.3,+19.5,+19.1
2023-08-05 04:11,1,+18.7,+11.5,+13.4,+7.6,+26.2,+24.0,+19.0,+19.5,+19.5,+19.3,+19.3,+19.5,+19.1
2023-08-05 05:11,1,+18.6,+11.5,+13.4,+7.7,+26.3,+24.0,+19.0,+19.3,+19.5,+19.3,+19.3,+19.5,+19.1
2023-08-05 06:11,1,+18.5,+11.4,+13.4,+7.6,+26.3,+24.0,+19.0,+19.3,+19.5,+19.3,+19.3,+19.5,+19.1
2023-08-05 07:11,1,+18.4,+11.4,+13.4,+7.6,+26.3,+24.0,+18.8,+19.5,+19.5,+19.3,+19.3,+19.5,+19.1
2023-08-05 08:11,1,+18.3,+11.3,+13.4,+7.6,+26.3,+24.0,+19.0,+19.3,+19.5,+19.3,+19.3,+19.5,+19.1
2023-08-05 09:11,1,+18.2,+11.3,+13.4,+7.6,+26.3,+24.0,+19.0,+19.3,+19.5,+19.3,+19.3,+19.5,+19.1
2023-08-05 10:11,1,+18.2,+11.3,+13.4,+7.7,+26.3,+24.0,+19.0,+19.3,+19.5,+19.3,+19.5,+19.5,+19.1
2023-08-05 11:11,1,+18.1,+11.2,+13.4,+7.6,+26.2,+24.0,+19.1,+19.3,+19.5,+19.3,+19.5,+19.5,+19.1
2023-08-05 12:11,1,+18.0,+11.2,+13.3,+7.6,+26.3,+24.0,+19.2,+19.3,+19.5,+19.3,+19.3,+19.5,+19.1
2023-08-05 13:11,1,+17.9,+11.2,+13.3,+7.7,+26.3,+24.0,+19.3,+19.3,+19.5,+19.3,+19.5,+19.5,+19.1
2023-08-05 14:11,1,+17.8,+11.2,+13.3,+7.7,+26.3,+24.0,+19.5,+19.3,+19.3,+19.3,+19.3,+19.5,+19.1
2023-08-05 15:11,1,+17.8,+11.2,+13.4,+7.6,+26.3,+24.0,+19.5,+19.3,+19.5,+19.3,+19.3,+19.5,+19.1
2023-08-05 16:11,1,+17.8,+11.2,+13.4,+7.7,+26.3,+24.0,+19.5,+19.5,+19.3,+19.3,+19.3,+19.5,+19.1
2023-08-05 17:11,1,+17.8,+11.2,+13.4,+7.6,+26.3,+24.0,+19.3,+19.3,+19.5,+19.3,+19.5,+19.5,+19.1
2023-08-05 18:11,1,+17.7,+11.1,+13.3,+7.7,+26.3,+24.0,+19.3,+19.5,+19.3,+19.3,+19.3,+19.5,+19.1
2023-08-05 19:11,1,+17.7,+11.1,+13.4,+7.6,+26.3,+24.0,+19.2,+19.5,+19.5,+19.3,+19.3,+19.5,+19.1
2023-08-05 20:11,1,+17.7,+11.1,+13.4,+7.7,+26.3,+24.0,+19.2,+19.5,+19.3,+19.3,+19.3,+19.5,+19.1
2023-08-05 21:11,1,+17.8,+11.1,+13.4,+7.6,+26.3,+24.0,+19.1,+19.5,+19.3,+19.3,+19.3,+19.5,+19.1
2023-08-05 22:11,1,+17.9,+11.1,+13.4,+7.6,+26.3,+24.0,+19.1,+19.5,+19.5,+19.3,+19.3,+19.5,+19.1
2023-08-05 23:11,1,+17.8,+11.1,+13.4,+7.7,+26.3,+24.0,+19.1,+19.5,+19.5,+19.3,+19.3,+19.5,+19.1
2023-08-06 00:11,1,+17.7,+11.1,+13.4,+7.6,+26.3,+24.0,+19.0,+19.5,+19.5,+19.3,+19.3,+19.5,+19.1
2023-08-06 01:11,1,+17.8,+11.1,+13.4,+7.7,+26.3,+24.0,+19.0,+19.3,+19.5,+19.3,+19.3,+19.5,+19.1
2023-08-06 02:11,1,+17.7,+11.1,+13.4,+7.6,+26.3,+24.0,+19.0,+19.5,+19.5,+19.3,+19.5,+19.5,+19.1
2023-08-06 03:11,1,+17.7,+11.0,+13.4,+7.7,+26.3,+24.1,+18.8,+19.3,+19.5,+19.3,+19.3,+19.5,+19.1
2023-08-06 04:11,1,+17.9,+11.0,+13.4,+7.6,+26.3,+24.0,+18.8,+19.3,+19.5,+19.3,+19.5,+19.5,+19.1
2023-08-06 05:11,1,+18.0,+11.1,+13.4,+7.8,+26.3,+24.1,+18.8,+19.3,+19.5,+19.3,+19.3,+19.5,+19.1
2023-08-06 06:11,1,+18.0,+11.0,+13.4,+7.8,+26.3,+24.1,+18.8,+19.3,+19.3,+19.3,+19.3,+19.5,+19.1
2023-08-06 07:11,1,+18.0,+11.0,+13.4,+7.6,+26.3,+24.0,+18.7,+19.2,+19.3,+19.3,+19.3,+19.5,+19.1
2023-08-06 08:11,1,+18.0,+11.0,+13.4,+7.6,+26.3,+24.0,+18.7,+19.2,+19.3,+19.3,+19.5,+19.5,+19.1
2023-08-06 09:11,1,+18.1,+11.0,+13.4,+7.7,+26.3,+24.0,+18.8,+19.2,+19.3,+19.3,+19.3,+19.5,+19.1
2023-08-06 10:11,1,+18.1,+11.0,+13.4,+7.7,+26.3,+24.0,+18.8,+19.2,+19.3,+19.3,+19.3,+19.5,+19.1
2023-08-06 11:11,1,+18.3,+11.0,+13.4,+7.7,+26.3,+24.0,+18.8,+19.2,+19.3,+19.3,+19.3,+19.5,+19.1
2023-08-06 12:11,1,+18.2,+11.0,+13.4,+7.8,+26.3,+24.1,+19.0,+19.2,+19.3,+19.2,+19.5,+19.5,+19.1
2023-08-06 13:11,1,+18.2,+11.0,+13.4,+7.7,+26.3,+24.0,+19.2,+19.2,+19.3,+19.3,+19.5,+19.5,+19.1
2023-08-06 14:11,1,+18.0,+11.0,+13.4,+7.8,+26.4,+24.1,+19.2,+19.2,+19.3,+19.3,+19.3,+19.5,+19.1
2023-08-06 15:11,1,+18.1,+11.0,+13.4,+7.8,+26.3,+24.1,+19.2,+19.2,+19.3,+19.3,+19.3,+19.5,+19.1
2023-08-06 16:11,1,+18.2,+11.0,+13.4,+7.8,+26.4,+24.1,+19.2,+19.2,+19.3,+19.3,+19.3,+19.5,+19.1
2023-08-06 17:11,1,+18.6,+11.0,+13.4,+7.8,+26.3,+24.1,+19.2,+19.3,+19.3,+19.3,+19.3,+19.5,+19.1
2023-08-06 18:11,1,+18.0,+11.0,+13.4,+7.8,+26.4,+24.1,+19.1,+19.2,+19.3,+19.3,+19.5,+19.5,+19.1
2023-08-06 19:11,1,+18.6,+11.0,+13.4,+7.8,+26.4,+24.1,+19.1,+19.3,+19.3,+19.2,+19.3,+19.5,+19.1
2023-08-06 20:11,1,+18.6,+11.0,+13.4,+7.7,+26.3,+24.0,+19.0,+19.3,+19.3,+19.3,+19.5,+19.5,+19.1
2023-08-06 21:11,1,+18.6,+11.0,+13.4,+7.7,+26.3,+24.0,+19.0,+19.3,+19.3,+19.3,+19.3,+19.5,+19.1
2023-08-06 22:11,1,+18.2,+11.0,+13.4,+7.7,+26.3,+24.0,+19.0,+19.2,+19.3,+19.3,+19.3,+19.5,+19.1
2023-08-06 23:11,1,+18.1,+11.0,+13.4,+7.8,+26.4,+24.1,+18.8,+19.2,+19.3,+19.3,+19.3,+19.5,+19.1
2023-08-07 00:11,1,+18.2,+11.0,+13.4,+7.7,+26.3,+24.0,+18.8,+19.2,+19.3,+19.3,+19.3,+19.5,+19.1
2023-08-07 01:11,1,+18.0,+11.0,+13.4,+7.8,+26.4,+24.1,+18.8,+19.2,+19.3,+19.2,+19.3,+19.5,+19.1
2023-08-07 02:11,1,+18.2,+11.0,+13.4,+7.8,+26.4,+24.1,+18.8,+19.2,+19.3,+19.3,+19.3,+19.5,+19.1
2023-08-07 03:11,1,+18.2,+11.0,+13.4,+7.7,+26.3,+24.1,+18.8,+19.2,+19.2,+19.2,+19.3,+19.5,+19.1
2023-08-07 04:11,1,+18.5,+11.0,+13.4,+7.8,+26.4,+24.1,+18.8,+19.2,+19.3,+19.2,+19.3,+19.5,+19.1
2023-08-07 05:11,1,+18.6,+11.0,+13.4,+7.8,+26.4,+24.1,+18.8,+19.2,+19.3,+19.3,+19.3,+19.5,+19.1
2023-08-07 06:11,1,+18.6,+11.0,+13.4,+7.7,+26.3,+24.1,+18.8,+19.2,+19.3,+19.3,+19.3,+19.5,+19.1
2023-08-07 07:11,1,+18.9,+11.0,+13.4,+7.7,+26.3,+24.1,+18.8,+19.2,+19.3,+19.2,+19.3,+19.3,+19.1
2023-08-07 08:11,1,+18.9,+11.0,+13.4,+7.8,+26.4,+24.1,+19.0,+19.2,+19.2,+19.3,+19.3,+19.5,+19.1
2023-08-07 09:11,1,+18.9,+11.0,+13.4,+7.8,+26.4,+24.1,+19.0,+19.2,+19.2,+19.2,+19.3,+19.5,+19.1
2023-08-07 10:11,1,+19.0,+11.0,+13.4,+7.7,+26.3,+24.1,+19.0,+19.2,+19.3,+19.3,+19.3,+19.5,+19.1
2023-08-07 11:11,1,+19.9,+11.0,+13.4,+7.7,+26.4,+24.1,+19.0,+19.2,+19.3,+19.3,+19.3,+19.5,+19.1
2023-08-07 12:11,1,+22.6,+11.0,+13.4,+7.7,+26.3,+24.1,+19.0,+19.2,+19.2,+19.2,+19.3,+19.5,+19.1
2023-08-07 13:11,1,+22.3,+11.1,+13.4,+7.7,+26.4,+24.1,+18.8,+19.2,+19.3,+19.2,+19.3,+19.5,+19.1
2023-08-07 14:11,1,+22.0,+11.2,+13.4,+7.7,+26.3,+24.1,+18.8,+19.2,+19.3,+19.3,+19.3,+19.5,+19.1
2023-08-07 15:11,1,+21.8,+11.2,+13.4,+7.8,+26.4,+24.1,+18.8,+19.2,+19.3,+19.3,+19.3,+19.5,+19.1
2023-08-07 16:11,1,+21.8,+11.2,+13.4,+7.8,+26.4,+24.1,+18.8,+19.2,+19.2,+19.3,+19.3,+19.5,+19.1
2023-08-07 17:11,1,+21.6,+11.2,+13.4,+7.8,+26.4,+24.1,+18.7,+19.2,+19.3,+19.2,+19.3,+19.5,+19.1
2023-08-07 18:11,1,+21.6,+11.2,+13.4,+7.7,+26.4,+24.1,+18.7,+19.2,+19.2,+19.2,+19.3,+19.5,+19.1
2023-08-07 19:11,1,+21.5,+11.2,+13.4,+7.7,+26.4,+24.1,+18.6,+19.2,+19.3,+19.2,+19.3,+19.5,+19.1
2023-08-07 20:11,1,+21.5,+11.2,+13.4,+7.8,+26.4,+24.1,+18.6,+19.1,+19.3,+19.2,+19.3,+19.5,+19.1
2023-08-07 21:11,1,+21.3,+11.2,+13.4,+7.7,+26.4,+24.1,+18.5,+19.1,+19.3,+19.3,+19.3,+19.5,+19.1
2023-08-07 22:11,1,+21.3,+11.2,+13.4,+7.8,+26.4,+24.1,+18.5,+19.1,+19.3,+19.3,+19.3,+19.5,+19.1
2023-08-07 23:11,1,+21.2,+11.2,+13.4,+7.8,+26.4,+24.1,+18.5,+19.1,+19.2,+19.3,+19.3,+19.5,+19.1
2023-08-08 00:11,1,+21.1,+11.2,+13.4,+7.9,+26.4,+24.1,+18.3,+19.1,+19.2,+19.2,+19.3,+19.5,+19.1
2023-08-08 01:11,1,+21.0,+11.2,+13.4,+7.9,+26.4,+24.1,+18.3,+19.0,+19.2,+19.2,+19.3,+19.5,+19.1
2023-08-08 02:11,1,+20.9,+11.2,+13.4,+7.8,+26.4,+24.1,+18.3,+19.0,+19.2,+19.3,+19.3,+19.5,+19.1
2023-08-08 03:11,1,+20.9,+11.2,+13.4,+7.9,+26.4,+24.1,+18.2,+19.0,+19.2,+19.2,+19.3,+19.5,+19.1
2023-08-08 04:11,1,+21.0,+11.2,+13.4,+7.9,+26.4,+24.1,+18.3,+18.8,+19.2,+19.2,+19.3,+19.5,+19.1
2023-08-08 05:11,1,+20.9,+11.2,+13.5,+7.9,+26.4,+24.1,+18.3,+19.0,+19.2,+19.2,+19.3,+19.5,+19.1
2023-08-08 06:11,1,+21.0,+11.2,+13.4,+7.9,+26.4,+24.1,+18.3,+19.0,+19.1,+19.2,+19.3,+19.5,+19.1
2023-08-08 07:11,1,+21.0,+11.2,+13.4,+7.8,+26.4,+24.1,+18.3,+18.8,+19.2,+19.2,+19.3,+19.5,+19.1
2023-08-08 08:11,1,+20.9,+11.2,+13.5,+7.9,+26.4,+24.1,+18.5,+18.8,+19.2,+19.2,+19.3,+19.5,+19.1
2023-08-08 09:11,1,+20.9,+11.2,+13.5,+7.9,+26.4,+24.1,+18.5,+18.8,+19.1,+19.2,+19.3,+19.5,+19.1
2023-08-08 10:11,1,+21.0,+11.2,+13.5,+7.9,+26.5,+24.1,+18.6,+18.8,+19.1,+19.2,+19.3,+19.5,+19.1
2023-08-08 11:11,1,+20.9,+11.2,+13.5,+7.8,+26.4,+24.1,+18.8,+18.8,+19.1,+19.2,+19.3,+19.5,+19.1
2023-08-08 12:11,1,+21.0,+11.2,+13.5,+7.8,+26.4,+24.1,+18.8,+19.0,+19.1,+19.2,+19.3,+19.5,+19.1
2023-08-08 13:11,1,+20.9,+11.2,+13.5,+7.9,+26.4,+24.1,+18.8,+19.0,+19.1,+19.2,+19.3,+19.5,+19.1
2023-08-08 14:11,1,+21.0,+11.2,+13.5,+7.9,+26.5,+24.1,+18.8,+19.0,+19.1,+19.2,+19.3,+19.5,+19.1
2023-08-08 15:11,1,+23.2,+11.2,+13.5,+7.9,+26.5,+24.1,+18.7,+19.0,+19.1,+19.2,+19.3,+19.5,+19.1
2023-08-08 16:11,1,+23.4,+11.2,+13.5,+7.8,+26.4,+24.1,+18.6,+19.0,+19.1,+19.2,+19.3,+19.5,+19.1
2023-08-08 17:11,1,+23.2,+11.2,+13.5,+7.9,+26.5,+24.1,+18.5,+19.0,+19.1,+19.2,+19.3,+19.5,+19.1
2023-08-08 18:11,1,+23.1,+11.3,+13.5,+7.8,+26.4,+24.1,+18.3,+19.0,+19.1,+19.2,+19.3,+19.3,+19.1
2023-08-08 19:11,1,+23.1,+11.3,+13.5,+7.9,+26.5,+24.1,+18.3,+18.8,+19.1,+19.2,+19.3,+19.5,+19.1
2023-08-08 20:11,1,+23.0,+11.5,+13.5,+7.8,+26.4,+24.1,+18.3,+18.8,+19.1,+19.2,+19.3,+19.5,+19.1
2023-08-08 21:11,1,+22.9,+11.4,+13.5,+7.9,+26.5,+24.1,+18.2,+18.8,+19.1,+19.1,+19.3,+19.5,+19.1
2023-08-08 22:11,1,+22.8,+11.4,+13.5,+7.9,+26.5,+24.1,+18.2,+18.8,+19.1,+19.2,+19.3,+19.5,+19.1
2023-08-08 23:11,1,+22.7,+11.5,+14.6,+7.9,+26.5,+24.1,+18.2,+18.8,+19.1,+19.1,+19.3,+19.5,+19.1
2023-08-09 00:11,1,+22.6,+11.5,+14.0,+7.8,+26.4,+24.1,+18.1,+18.8,+19.1,+19.1,+19.3,+19.3,+19.1
2023-08-09 01:11,1,+22.6,+11.5,+14.0,+7.9,+26.5,+24.1,+18.1,+18.7,+19.1,+19.1,+19.3,+19.5,+19.1
2023-08-09 02:11,1,+22.8,+11.5,+14.0,+7.9,+26.5,+24.1,+18.0,+18.7,+19.1,+19.2,+19.3,+19.3,+19.1
2023-08-09 03:11,1,+22.0,+11.5,+14.0,+7.8,+26.4,+24.1,+18.0,+18.7,+19.0,+19.1,+19.3,+19.5,+19.1
2023-08-09 04:11,1,+22.0,+11.5,+14.0,+7.9,+26.5,+24.1,+18.0,+18.7,+19.0,+19.1,+19.3,+19.5,+19.1
2023-08-09 05:11,1,+21.9,+11.5,+14.0,+7.9,+26.5,+24.1,+18.0,+18.7,+19.0,+19.1,+19.3,+19.5,+19.0
2023-08-09 06:11,1,+21.9,+11.4,+14.0,+7.8,+26.5,+24.1,+18.1,+18.7,+19.0,+19.1,+19.3,+19.5,+19.1
2023-08-09 07:11,1,+21.9,+11.5,+14.0,+8.0,+26.5,+24.2,+18.0,+18.6,+19.0,+19.1,+19.3,+19.3,+19.1
2023-08-09 08:11,1,+21.8,+11.5,+14.0,+7.8,+26.5,+24.1,+18.1,+18.6,+19.0,+19.2,+19.2,+19.3,+19.1
2023-08-09 09:11,1,+21.7,+11.4,+14.0,+7.9,+26.5,+24.2,+18.2,+18.6,+19.0,+19.1,+19.2,+19.3,+19.1
2023-08-09 10:11,1,+21.7,+11.4,+14.0,+8.0,+26.5,+24.2,+18.3,+18.6,+18.8,+19.1,+19.3,+19.3,+19.1
2023-08-09 11:11,1,+21.6,+11.4,+14.0,+7.8,+26.5,+24.1,+18.5,+18.6,+18.8,+19.1,+19.3,+19.3,+19.1
2023-08-09 12:11,1,+21.5,+11.4,+14.0,+7.9,+26.5,+24.2,+18.7,+18.6,+19.0,+19.1,+19.2,+19.3,+19.0
2023-08-09 13:11,1,+21.5,+11.4,+14.0,+7.9,+26.5,+24.2,+19.2,+18.7,+18.8,+19.1,+19.2,+19.3,+19.1
2023-08-09 14:11,1,+21.4,+11.4,+14.0,+7.8,+26.5,+24.1,+19.2,+18.7,+18.8,+19.1,+19.2,+19.3,+19.1
2023-08-09 15:11,1,+21.3,+11.4,+14.0,+8.0,+26.5,+24.2,+19.2,+18.8,+19.0,+19.1,+19.2,+19.3,+19.1
2023-08-09 16:11,1,+21.2,+11.4,+14.1,+7.8,+26.5,+24.2,+19.2,+18.8,+19.0,+19.1,+19.2,+19.5,+19.1
2023-08-09 17:11,1,+21.2,+11.4,+14.1,+8.0,+26.5,+24.2,+19.2,+19.0,+18.8,+19.1,+19.2,+19.3,+19.1
2023-08-09 18:11,1,+21.2,+11.4,+14.1,+7.8,+26.5,+24.2,+19.1,+19.0,+19.0,+19.1,+19.2,+19.3,+19.1
2023-08-09 19:11,1,+21.1,+11.4,+14.1,+8.0,+26.5,+24.2,+19.1,+19.0,+19.0,+19.1,+19.2,+19.3,+19.1
2023-08-09 20:11,1,+21.1,+11.4,+14.1,+7.9,+26.5,+24.1,+19.0,+19.1,+19.0,+19.1,+19.2,+19.3,+19.1
2023-08-09 21:11,1,+21.1,+11.4,+14.1,+8.0,+26.5,+24.2,+19.0,+19.1,+19.0,+19.1,+19.2,+19.3,+19.1
2023-08-09 22:11,1,+21.1,+11.4,+14.1,+7.9,+26.5,+24.1,+19.0,+19.1,+19.0,+19.1,+19.2,+19.3,+19.1
2023-08-09 23:11,1,+21.1,+11.4,+14.1,+8.0,+26.5,+24.2,+18.8,+19.0,+19.0,+19.1,+19.2,+19.3,+19.1
2023-08-10 00:11,1,+21.1,+11.4,+14.1,+7.9,+26.5,+24.2,+18.8,+19.1,+19.1,+19.1,+19.2,+19.3,+19.1
2023-08-10 01:11,1,+21.0,+11.4,+14.1,+8.0,+26.5,+24.2,+18.8,+19.1,+19.1,+19.1,+19.2,+19.3,+19.1
2023-08-10 02:11,1,+21.0,+11.4,+14.1,+7.9,+26.5,+24.2,+18.8,+19.1,+19.1,+19.1,+19.2,+19.3,+19.1
2023-08-10 03:11,1,+21.0,+11.4,+14.1,+7.9,+26.5,+24.2,+18.8,+19.1,+19.1,+19.1,+19.2,+19.3,+19.0
2023-08-10 04:11,1,+20.9,+11.4,+14.1,+7.9,+26.5,+24.2,+18.7,+19.1,+19.1,+19.1,+19.2,+19.3,+19.0
2023-08-10 05:11,1,+20.9,+11.4,+14.1,+8.0,+26.5,+24.2,+18.7,+19.1,+19.1,+19.1,+19.2,+19.3,+19.1
2023-08-10 06:11,1,+20.9,+11.4,+14.1,+7.9,+26.5,+24.2,+18.7,+19.1,+19.1,+19.1,+19.2,+19.3,+19.1
2023-08-10 07:11,1,+20.9,+11.4,+14.1,+8.0,+26.5,+24.2,+18.7,+19.1,+19.1,+19.1,+19.2,+19.3,+19.0
2023-08-10 08:11,1,+20.9,+11.4,+14.1,+8.0,+26.5,+24.2,+18.8,+19.0,+19.1,+19.1,+19.2,+19.3,+19.1
2023-08-10 09:11,1,+20.9,+11.3,+14.1,+7.9,+26.5,+24.2,+18.8,+19.1,+19.1,+19.1,+19.2,+19.3,+19.0
2023-08-10 10:11,1,+20.9,+11.4,+14.1,+7.9,+26.5,+24.2,+19.0,+19.1,+19.1,+19.1,+19.2,+19.3,+19.0
2023-08-10 11:11,1,+20.8,+11.3,+14.1,+7.9,+26.5,+24.2,+19.1,+19.1,+19.1,+19.1,+19.2,+19.3,+19.1
2023-08-10 12:11,1,+20.8,+11.3,+14.1,+7.9,+26.5,+24.2,+19.3,+19.1,+19.1,+19.1,+19.2,+19.3,+19.0
2023-08-10 13:11,1,+20.8,+11.3,+14.1,+8.0,+26.5,+24.2,+19.7,+19.1,+19.1,+19.1,+19.2,+19.3,+19.1
2023-08-10 14:11,1,+20.8,+11.3,+14.1,+7.9,+26.5,+24.2,+19.7,+19.2,+19.1,+19.1,+19.2,+19.3,+19.1
2023-08-10 15:11,1,+20.8,+11.3,+14.1,+8.0,+26.5,+24.2,+19.7,+19.2,+19.1,+19.1,+19.2,+19.3,+19.0
2023-08-10 16:11,1,+20.8,+11.3,+14.1,+8.0,+26.6,+24.2,+19.6,+19.3,+19.1,+19.1,+19.2,+19.3,+19.1
2023-08-10 17:11,1,+20.8,+11.3,+14.1,+7.9,+26.5,+24.2,+19.6,+19.3,+19.1,+19.1,+19.2,+19.3,+19.1
2023-08-10 18:11,1,+20.8,+11.3,+14.1,+8.0,+26.6,+24.2,+19.6,+19.5,+19.2,+19.1,+19.2,+19.3,+19.0
2023-08-10 19:11,1,+20.8,+11.3,+14.1,+8.0,+26.5,+24.2,+19.6,+19.5,+19.1,+19.1,+19.2,+19.3,+19.0
2023-08-10 20:11,1,+20.8,+11.3,+14.1,+8.1,+26.6,+24.2,+19.5,+19.3,+19.2,+19.1,+19.2,+19.3,+19.1
2023-08-10 21:11,1,+20.8,+11.3,+14.1,+7.9,+26.5,+24.2,+19.5,+19.5,+19.2,+19.1,+19.2,+19.2,+19.1
2023-08-10 22:11,1,+20.8,+11.3,+14.1,+7.9,+26.5,+24.2,+19.5,+19.5,+19.2,+19.1,+19.2,+19.3,+19.0
2023-08-10 23:11,1,+20.8,+11.3,+14.1,+8.1,+26.6,+24.2,+19.3,+19.5,+19.2,+19.1,+19.2,+19.3,+19.1
2023-08-11 00:11,1,+20.8,+11.3,+14.1,+7.9,+26.5,+24.2,+19.3,+19.5,+19.2,+19.1,+19.2,+19.3,+19.1
2023-08-11 01:11,1,+20.7,+11.3,+14.1,+8.1,+26.6,+24.2,+19.3,+19.5,+19.2,+19.1,+19.2,+19.3,+19.0
2023-08-11 02:11,1,+20.7,+11.3,+14.1,+7.9,+26.5,+24.2,+19.2,+19.5,+19.2,+19.2,+19.2,+19.3,+19.0
2023-08-11 03:11,1,+20.7,+11.3,+14.2,+7.9,+26.5,+24.2,+19.2,+19.5,+19.2,+19.1,+19.2,+19.3,+19.0
2023-08-11 04:11,1,+20.6,+11.3,+14.1,+8.1,+26.6,+24.2,+19.2,+19.5,+19.3,+19.1,+19.2,+19.3,+19.0
2023-08-11 05:11,1,+20.6,+11.3,+14.2,+7.9,+26.5,+24.2,+19.1,+19.3,+19.3,+19.2,+19.2,+19.3,+19.0
2023-08-11 06:11,1,+20.6,+11.3,+14.2,+8.0,+26.5,+24.2,+19.1,+19.3,+19.3,+19.2,+19.2,+19.3,+19.0
2023-08-11 07:11,1,+20.6,+11.3,+14.2,+7.9,+26.5,+24.2,+19.1,+19.5,+19.2,+19.2,+19.2,+19.3,+19.0
2023-08-11 08:11,1,+20.6,+11.3,+14.2,+8.1,+26.6,+24.3,+19.1,+19.3,+19.3,+19.2,+19.2,+19.3,+19.0
2023-08-11 09:09,1,+20.6,+11.3,+14.2,+8.1,+26.6,+24.2,+19.2,+19.3,+19.3,+19.1,+19.2,+19.3,+19.0
2023-08-11 10:09,1,+20.6,+11.3,+14.1,+8.1,+26.6,+24.2,+19.2,+19.3,+19.3,+19.2,+19.2,+19.3,+19.1
2023-08-11 11:09,1,+20.6,+11.3,+14.2,+8.1,+26.6,+24.2,+19.3,+19.3,+19.3,+19.2,+19.2,+19.3,+19.0
2023-08-11 12:09,1,+20.4,+11.3,+14.2,+8.0,+26.5,+24.2,+19.6,+19.3,+19.3,+19.2,+19.2,+19.3,+19.0
2023-08-11 13:09,1,+20.4,+11.3,+14.1,+8.0,+26.5,+24.2,+20.0,+19.3,+19.3,+19.2,+19.2,+19.3,+19.1
2023-08-11 14:09,1,+20.4,+11.3,+14.2,+8.0,+26.5,+24.2,+20.0,+19.5,+19.2,+19.2,+19.2,+19.3,+19.0
2023-08-11 15:09,1,+20.2,+11.3,+14.1,+8.0,+26.5,+24.2,+20.0,+19.6,+19.3,+19.2,+19.2,+19.3,+19.0
2023-08-11 16:09,1,+20.3,+11.3,+14.2,+8.1,+26.6,+24.2,+20.0,+19.6,+19.3,+19.2,+19.2,+19.3,+19.0
2023-08-11 17:09,1,+20.2,+11.3,+14.2,+8.1,+26.6,+24.3,+20.0,+19.6,+19.3,+19.2,+19.3,+19.3,+19.0
2023-08-11 18:09,1,+20.7,+11.3,+14.2,+8.1,+26.6,+24.3,+19.8,+19.6,+19.3,+19.2,+19.2,+19.3,+19.0
2023-08-11 19:09,1,+20.7,+11.3,+14.2,+8.1,+26.6,+24.3,+19.7,+19.7,+19.3,+19.2,+19.3,+19.3,+19.0
2023-08-11 20:09,1,+20.6,+11.3,+14.2,+8.1,+26.6,+24.3,+19.6,+19.7,+19.3,+19.2,+19.3,+19.3,+19.0
2023-08-11 21:09,1,+20.7,+11.3,+14.2,+8.1,+26.6,+24.3,+19.6,+19.7,+19.3,+19.2,+19.3,+19.3,+19.0
2023-08-11 22:09,1,+20.8,+11.3,+14.2,+8.0,+26.6,+24.2,+19.5,+19.7,+19.5,+19.2,+19.2,+19.3,+19.0
2023-08-11 23:09,1,+20.8,+11.3,+14.2,+8.0,+26.6,+24.2,+19.3,+19.6,+19.5,+19.2,+19.2,+19.3,+19.0
2023-08-12 00:09,1,+20.9,+11.3,+14.2,+8.0,+26.6,+24.2,+19.2,+19.6,+19.5,+19.2,+19.2,+19.3,+19.1
2023-08-12 01:09,1,+20.8,+11.3,+14.2,+8.1,+26.6,+24.3,+19.2,+19.6,+19.5,+19.2,+19.2,+19.3,+19.0
2023-08-12 02:09,1,+20.8,+11.3,+14.2,+8.1,+26.6,+24.3,+19.1,+19.6,+19.5,+19.3,+19.3,+19.3,+19.0
2023-08-12 03:09,1,+21.0,+11.3,+14.2,+8.1,+26.6,+24.3,+19.0,+19.6,+19.5,+19.3,+19.2,+19.3,+19.1
2023-08-12 04:09,1,+21.1,+11.3,+14.2,+8.1,+26.6,+24.3,+19.0,+19.5,+19.5,+19.2,+19.3,+19.3,+19.1
2023-08-12 05:09,1,+21.0,+11.3,+14.2,+8.0,+26.6,+24.2,+18.8,+19.5,+19.5,+19.3,+19.3,+19.3,+19.0
2023-08-12 06:09,1,+20.8,+11.3,+14.2,+8.1,+26.6,+24.3,+18.8,+19.5,+19.5,+19.2,+19.3,+19.3,+19.0
2023-08-12 07:09,1,+20.7,+11.3,+14.2,+8.1,+26.6,+24.3,+18.7,+19.3,+19.5,+19.3,+19.3,+19.3,+19.1
2023-08-12 08:09,1,+20.7,+11.3,+14.2,+8.0,+26.6,+24.3,+18.7,+19.3,+19.5,+19.2,+19.3,+19.3,+19.0
2023-08-12 09:09,1,+20.7,+11.3,+14.2,+8.0,+26.6,+24.2,+18.8,+19.3,+19.5,+19.2,+19.3,+19.3,+19.0
2023-08-12 10:09,1,+20.7,+11.3,+14.2,+8.1,+26.6,+24.3,+19.0,+19.3,+19.5,+19.3,+19.3,+19.5,+19.0
2023-08-12 11:09,1,+20.6,+11.3,+14.2,+8.1,+26.6,+24.3,+19.0,+19.2,+19.5,+19.3,+19.3,+19.5,+19.1
2023-08-12 12:09,1,+20.6,+11.3,+14.2,+8.0,+26.6,+24.3,+19.2,+19.2,+19.5,+19.3,+19.3,+19.5,+19.0
2023-08-12 13:09,1,+20.5,+11.3,+14.2,+8.0,+26.6,+24.3,+19.3,+19.3,+19.3,+19.3,+19.3,+19.3,+19.0
2023-08-12 14:09,1,+21.0,+11.3,+14.2,+8.1,+26.6,+24.3,+19.5,+19.3,+19.3,+19.2,+19.3,+19.5,+19.0
2023-08-12 15:09,1,+21.0,+11.3,+14.2,+8.0,+26.6,+24.3,+19.5,+19.3,+19.3,+19.2,+19.3,+19.5,+19.0
2023-08-12 16:09,1,+21.0,+11.3,+14.2,+8.0,+26.6,+24.3,+19.5,+19.3,+19.3,+19.3,+19.3,+19.3,+19.1
2023-08-12 17:09,1,+20.9,+11.3,+14.2,+8.0,+26.6,+24.3,+19.5,+19.3,+19.3,+19.3,+19.2,+19.5,+19.1
2023-08-12 18:09,1,+20.9,+11.3,+14.2,+8.0,+26.6,+24.3,+19.3,+19.3,+19.3,+19.2,+19.3,+19.3,+19.0
2023-08-12 19:09,1,+20.9,+11.3,+14.2,+8.1,+26.6,+24.3,+19.3,+19.5,+19.3,+19.2,+19.3,+19.5,+19.1
2023-08-12 20:09,1,+20.9,+11.3,+14.2,+8.1,+26.7,+24.3,+19.3,+19.5,+19.3,+19.3,+19.3,+19.5,+19.1
2023-08-12 21:09,1,+20.9,+11.3,+14.2,+8.0,+26.6,+24.3,+19.2,+19.5,+19.3,+19.3,+19.3,+19.5,+19.1
2023-08-12 22:09,1,+20.8,+11.3,+14.2,+8.1,+26.7,+24.3,+19.2,+19.5,+19.3,+19.3,+19.3,+19.5,+19.1
2023-08-12 23:09,1,+20.8,+11.3,+14.2,+8.1,+26.6,+24.3,+19.1,+19.5,+19.3,+19.2,+19.3,+19.3,+19.1
2023-08-13 00:09,1,+20.8,+11.3,+14.2,+8.1,+26.6,+24.3,+19.1,+19.5,+19.3,+19.3,+19.3,+19.5,+19.1
2023-08-13 01:09,1,+20.8,+11.3,+14.2,+8.2,+26.6,+24.3,+19.0,+19.3,+19.3,+19.2,+19.3,+19.5,+19.0
2023-08-13 02:09,1,+20.8,+11.3,+14.2,+8.1,+26.7,+24.3,+19.0,+19.3,+19.3,+19.3,+19.3,+19.5,+19.1
2023-08-13 03:09,1,+20.8,+11.3,+14.2,+8.1,+26.6,+24.3,+19.0,+19.3,+19.3,+19.3,+19.3,+19.5,+19.1
2023-08-13 04:09,1,+20.8,+11.3,+14.2,+8.1,+26.6,+24.3,+19.0,+19.3,+19.3,+19.3,+19.3,+19.5,+19.0
2023-08-13 05:09,1,+20.7,+11.3,+14.2,+8.1,+26.6,+24.3,+19.0,+19.3,+19.5,+19.3,+19.3,+19.5,+19.1
2023-08-13 06:09,1,+20.7,+11.3,+14.2,+8.2,+26.7,+24.3,+18.8,+19.3,+19.5,+19.3,+19.3,+19.5,+19.1
2023-08-13 07:09,1,+20.7,+11.3,+14.2,+8.1,+26.6,+24.3,+18.8,+19.3,+19.3,+19.2,+19.3,+19.5,+19.1
2023-08-13 08:09,1,+20.7,+11.3,+14.2,+8.2,+26.7,+24.3,+19.0,+19.3,+19.3,+19.3,+19.3,+19.5,+19.0
2023-08-13 09:09,1,+20.6,+11.3,+14.2,+8.2,+26.7,+24.3,+19.1,+19.2,+19.3,+19.2,+19.3,+19.5,+19.1
2023-08-13 10:09,1,+20.6,+11.3,+14.2,+8.1,+26.6,+24.3,+19.1,+19.3,+19.3,+19.3,+19.3,+19.5,+19.0
2023-08-13 11:09,1,+20.5,+11.3,+14.2,+8.1,+26.6,+24.3,+19.2,+19.3,+19.3,+19.3,+19.3,+19.5,+19.1
2023-08-13 12:09,1,+20.5,+11.3,+14.2,+8.1,+26.6,+24.3,+19.3,+19.3,+19.3,+19.3,+19.3,+19.5,+19.1
2023-08-13 13:09,1,+20.6,+11.3,+14.2,+8.1,+26.6,+24.3,+19.3,+19.3,+19.3,+19.3,+19.3,+19.5,+19.1
2023-08-13 14:09,1,+20.9,+11.3,+14.2,+8.1,+26.6,+24.3,+19.2,+19.3,+19.3,+19.3,+19.3,+19.5,+19.0
2023-08-13 15:09,1,+21.7,+11.3,+14.2,+8.1,+26.6,+24.3,+19.2,+19.3,+19.3,+19.3,+19.3,+19.5,+19.1
2023-08-13 16:09,1,+27.6,+12.8,+14.2,+8.2,+26.7,+24.3,+19.0,+19.3,+19.3,+19.2,+19.3,+19.3,+19.1
2023-08-13 17:09,1,+26.0,+12.8,+14.3,+8.2,+26.7,+24.3,+19.0,+19.3,+19.3,+19.2,+19.3,+19.5,+19.1
2023-08-13 18:09,1,+24.8,+12.7,+14.3,+8.2,+26.7,+24.3,+18.8,+19.3,+19.3,+19.2,+19.3,+19.5,+19.1
2023-08-13 19:09,1,+24.4,+12.5,+14.4,+8.1,+26.6,+24.3,+18.8,+19.3,+19.3,+19.2,+19.3,+19.5,+19.0
2023-08-13 20:09,1,+23.9,+12.5,+14.5,+8.1,+26.6,+24.3,+18.8,+19.3,+19.3,+19.3,+19.3,+19.5,+19.1
2023-08-13 21:09,1,+23.7,+12.4,+14.5,+8.2,+26.7,+24.3,+18.8,+19.2,+19.3,+19.3,+19.3,+19.5,+19.1
2023-08-13 22:09,1,+23.5,+12.3,+14.5,+8.1,+26.6,+24.3,+18.8,+19.2,+19.3,+19.3,+19.3,+19.5,+19.1
2023-08-13 23:09,1,+23.8,+12.3,+14.5,+8.2,+26.7,+24.3,+18.7,+19.2,+19.2,+19.3,+19.3,+19.5,+19.1
2023-08-14 00:09,1,+23.7,+12.2,+14.5,+8.1,+26.6,+24.3,+18.7,+19.2,+19.3,+19.2,+19.3,+19.3,+19.1
2023-08-14 01:09,1,+23.7,+12.2,+14.5,+8.2,+26.7,+24.3,+18.8,+19.2,+19.3,+19.3,+19.3,+19.5,+19.0
2023-08-14 02:09,1,+23.6,+12.2,+14.5,+8.2,+26.7,+24.3,+18.7,+19.2,+19.2,+19.3,+19.3,+19.3,+19.1
2023-08-14 03:09,1,+23.6,+12.1,+14.5,+8.1,+26.7,+24.3,+18.7,+19.2,+19.2,+19.2,+19.3,+19.5,+19.1
2023-08-14 04:09,1,+23.6,+12.1,+14.5,+8.1,+26.7,+24.3,+18.7,+19.1,+19.3,+19.3,+19.3,+19.5,+19.1
2023-08-14 05:09,1,+23.7,+12.1,+14.5,+8.2,+26.7,+24.3,+18.7,+19.1,+19.3,+19.2,+19.3,+19.5,+19.1
2023-08-14 06:09,1,+23.7,+12.1,+14.5,+8.1,+26.7,+24.3,+18.6,+19.1,+19.3,+19.2,+19.3,+19.5,+19.1
2023-08-14 07:09,1,+23.6,+12.1,+14.5,+8.2,+26.7,+24.3,+18.6,+19.1,+19.2,+19.2,+19.3,+19.5,+19.1
2023-08-14 08:09,1,+23.6,+12.0,+14.5,+8.2,+26.7,+24.3,+18.7,+19.1,+19.3,+19.3,+19.3,+19.5,+19.1
2023-08-14 09:09,1,+23.5,+12.0,+14.5,+8.2,+26.7,+24.3,+18.7,+19.1,+19.3,+19.3,+19.3,+19.5,+19.1
2023-08-14 10:09,1,+23.5,+12.0,+14.5,+8.2,+26.7,+24.3,+18.7,+19.1,+19.2,+19.2,+19.3,+19.5,+19.1
2023-08-14 11:09,1,+23.4,+12.0,+14.5,+8.2,+26.7,+24.3,+18.8,+19.1,+19.2,+19.3,+19.3,+19.5,+19.1
2023-08-14 12:09,1,+23.4,+12.0,+14.5,+8.2,+26.7,+24.3,+19.2,+19.1,+19.2,+19.2,+19.3,+19.5,+19.1
2023-08-14 13:09,1,+23.3,+12.0,+14.5,+8.3,+26.7,+24.4,+19.3,+19.1,+19.2,+19.2,+19.3,+19.5,+19.1
2023-08-14 14:09,1,+23.3,+12.0,+14.5,+8.2,+26.7,+24.4,+19.3,+19.2,+19.2,+19.2,+19.3,+19.5,+19.1
2023-08-14 15:09,1,+28.2,+14.3,+14.6,+8.2,+26.7,+24.4,+19.1,+19.2,+19.2,+19.2,+19.3,+19.5,+19.1
2023-08-14 16:09,1,+26.8,+13.7,+14.7,+8.2,+26.7,+24.4,+19.0,+19.2,+19.2,+19.3,+19.3,+19.5,+19.1
2023-08-14 17:09,1,+33.8,+21.5,+22.0,+9.8,+26.8,+24.4,+18.2,+18.8,+19.1,+19.1,+19.2,+19.3,+19.1
2023-08-14 18:09,1,+29.4,+15.6,+17.4,+9.6,+26.9,+24.4,+17.8,+18.6,+19.1,+19.2,+19.3,+19.5,+19.1
2023-08-14 19:09,1,+27.9,+14.2,+16.7,+9.7,+27.7,+24.5,+18.0,+18.6,+19.1,+19.2,+19.3,+19.5,+19.1
2023-08-14 20:09,1,+27.0,+14.0,+16.5,+9.7,+28.0,+25.1,+18.0,+18.7,+19.0,+19.1,+19.3,+19.5,+19.1
2023-08-14 21:09,1,+26.2,+13.5,+16.3,+9.6,+28.1,+25.7,+18.0,+18.7,+19.0,+19.1,+19.2,+19.5,+19.1
2023-08-14 22:09,1,+26.0,+13.3,+16.1,+9.5,+28.1,+26.1,+18.1,+18.7,+19.0,+19.1,+19.3,+19.5,+19.1
2023-08-14 23:09,1,+26.2,+13.2,+15.9,+9.5,+28.0,+26.2,+18.1,+18.6,+19.0,+19.2,+19.2,+19.5,+19.0
2023-08-15 00:09,1,+25.9,+13.1,+15.8,+9.5,+28.1,+26.2,+18.0,+18.7,+19.0,+19.1,+19.3,+19.3,+19.1
2023-08-15 01:09,1,+25.6,+13.1,+15.8,+9.4,+28.0,+26.2,+18.0,+18.7,+19.0,+19.2,+19.2,+19.3,+19.1
2023-08-15 02:09,1,+25.3,+13.0,+15.7,+9.3,+28.0,+26.1,+18.0,+18.6,+19.0,+19.1,+19.2,+19.5,+19.1
2023-08-15 03:09,1,+25.2,+12.9,+15.7,+9.3,+28.0,+26.1,+18.0,+18.6,+19.0,+19.1,+19.2,+19.3,+19.1
2023-08-15 04:09,1,+25.0,+12.8,+15.6,+9.3,+27.9,+26.1,+18.0,+18.6,+19.0,+19.1,+19.2,+19.3,+19.1
2023-08-15 05:09,1,+24.9,+12.8,+15.6,+9.3,+28.0,+26.1,+18.0,+18.6,+18.8,+19.1,+19.3,+19.5,+19.1
2023-08-15 06:09,1,+25.0,+12.7,+15.5,+9.2,+27.9,+26.0,+18.0,+18.6,+19.0,+19.1,+19.2,+19.3,+19.1
2023-08-15 07:09,1,+24.6,+12.7,+15.5,+9.2,+27.9,+26.0,+18.0,+18.6,+19.0,+19.1,+19.2,+19.3,+19.1
2023-08-15 08:09,1,+24.4,+12.6,+15.5,+9.3,+27.9,+26.0,+18.0,+18.6,+18.8,+19.1,+19.2,+19.3,+19.1
2023-08-15 09:09,1,+24.4,+12.6,+15.4,+9.2,+27.9,+25.9,+18.2,+18.6,+19.0,+19.1,+19.2,+19.5,+19.1
2023-08-15 10:09,1,+24.3,+12.6,+15.4,+9.1,+27.8,+25.9,+18.2,+18.6,+19.0,+19.1,+19.2,+19.5,+19.1
2023-08-15 11:09,1,+24.3,+12.6,+15.4,+9.0,+27.8,+25.9,+18.3,+18.7,+19.0,+19.1,+19.2,+19.3,+19.1
2023-08-15 12:09,1,+24.1,+12.5,+15.4,+9.0,+27.8,+25.9,+18.6,+18.7,+18.8,+19.1,+19.2,+19.3,+19.1
2023-08-15 13:09,1,+24.1,+12.5,+15.4,+9.2,+27.8,+25.9,+18.7,+18.6,+19.0,+19.1,+19.2,+19.3,+19.1
2023-08-15 14:09,1,+24.0,+12.5,+15.3,+9.0,+27.7,+25.8,+19.0,+18.7,+19.0,+19.1,+19.3,+19.3,+19.1
2023-08-15 15:09,1,+23.9,+12.5,+15.3,+9.0,+27.7,+25.8,+18.8,+18.8,+18.8,+19.1,+19.2,+19.3,+19.1
2023-08-15 16:09,1,+23.9,+12.4,+15.3,+9.0,+27.7,+25.8,+18.8,+18.8,+19.0,+19.1,+19.2,+19.3,+19.1
2023-08-15 17:09,1,+23.9,+12.4,+15.3,+9.1,+27.7,+25.7,+18.7,+18.8,+18.8,+19.1,+19.2,+19.3,+19.1
2023-08-15 18:09,1,+23.8,+12.4,+15.3,+9.1,+27.7,+25.7,+18.6,+18.8,+18.8,+19.1,+19.2,+19.3,+19.0
2023-08-15 19:09,1,+23.8,+12.4,+15.3,+9.0,+27.7,+25.7,+18.5,+18.8,+19.0,+19.0,+19.2,+19.3,+19.1
2023-08-15 20:09,1,+23.8,+12.4,+15.3,+9.0,+27.7,+25.7,+18.2,+19.0,+19.0,+19.1,+19.2,+19.3,+19.0
2023-08-15 21:09,1,+23.7,+12.3,+15.2,+9.0,+27.7,+25.7,+18.2,+18.8,+19.0,+19.0,+19.2,+19.3,+19.1
2023-08-15 22:09,1,+23.7,+12.3,+15.2,+9.0,+27.7,+25.7,+18.1,+18.8,+19.0,+19.1,+19.2,+19.3,+19.0
2023-08-15 23:09,1,+23.7,+12.3,+15.2,+9.0,+27.7,+25.6,+18.1,+18.7,+19.0,+19.0,+19.2,+19.3,+19.1
2023-08-16 00:09,1,+23.6,+12.3,+15.2,+9.0,+27.7,+25.6,+18.1,+18.7,+19.0,+19.0,+19.2,+19.3,+19.1
2023-08-16 01:09,1,+23.6,+12.3,+15.2,+9.0,+27.7,+25.6,+18.1,+18.7,+19.0,+19.1,+19.2,+19.3,+19.0
2023-08-16 02:09,1,+23.5,+12.3,+15.2,+8.9,+27.6,+25.6,+18.1,+18.7,+18.8,+19.0,+19.2,+19.3,+19.1
2023-08-16 03:09,1,+23.5,+12.3,+15.2,+9.0,+27.7,+25.6,+18.1,+18.7,+19.0,+19.1,+19.2,+19.3,+19.1
2023-08-16 04:09,1,+23.5,+12.2,+15.1,+8.9,+27.6,+25.5,+18.1,+18.7,+19.0,+19.1,+19.2,+19.3,+19.1
2023-08-16 05:09,1,+23.5,+12.2,+15.1,+9.0,+27.6,+25.6,+18.1,+18.7,+18.8,+19.1,+19.2,+19.3,+19.1
2023-08-16 06:09,1,+23.4,+12.2,+15.1,+9.0,+27.6,+25.5,+18.1,+18.7,+19.0,+19.0,+19.2,+19.3,+19.0
2023-08-16 07:09,1,+23.5,+12.2,+15.1,+9.0,+27.6,+25.5,+18.1,+18.7,+18.8,+19.0,+19.2,+19.3,+19.0
2023-08-16 08:09,1,+23.4,+12.2,+15.1,+8.9,+27.6,+25.5,+18.2,+18.6,+18.8,+19.0,+19.2,+19.3,+19.0
2023-08-16 09:09,1,+23.4,+12.2,+15.1,+8.8,+27.5,+25.5,+18.2,+18.6,+19.0,+19.0,+19.2,+19.3,+19.0
2023-08-16 10:09,1,+23.4,+12.2,+15.1,+9.0,+27.6,+25.5,+18.2,+18.6,+19.0,+19.0,+19.2,+19.3,+19.1
2023-08-16 11:09,1,+23.4,+12.2,+15.1,+9.0,+27.6,+25.5,+18.3,+18.7,+18.8,+19.0,+19.2,+19.3,+19.1
2023-08-16 12:09,1,+23.3,+12.1,+15.1,+9.0,+27.6,+25.5,+18.5,+18.6,+18.8,+19.1,+19.2,+19.3,+19.0
2023-08-16 13:09,1,+23.3,+12.1,+15.1,+9.0,+27.6,+25.5,+18.6,+18.6,+18.8,+19.0,+19.2,+19.3,+19.1
2023-08-16 14:09,1,+23.3,+12.1,+15.1,+8.8,+27.5,+25.4,+18.6,+18.7,+18.8,+19.0,+19.2,+19.3,+19.0
2023-08-16 15:09,1,+23.2,+12.1,+15.1,+9.0,+27.5,+25.4,+18.7,+18.7,+18.8,+19.0,+19.2,+19.3,+19.1
2023-08-16 16:09,1,+23.2,+12.1,+15.1,+8.8,+27.5,+25.4,+18.8,+18.7,+18.8,+19.0,+19.2,+19.3,+19.1
2023-08-16 17:09,1,+23.2,+12.1,+15.1,+8.9,+27.5,+25.4,+18.7,+18.7,+18.8,+19.0,+19.2,+19.3,+19.0
2023-08-16 18:09,1,+23.2,+12.1,+15.1,+8.8,+27.5,+25.4,+18.7,+18.8,+18.8,+19.0,+19.2,+19.3,+19.1
2023-08-16 19:09,1,+23.2,+12.1,+15.1,+8.8,+27.5,+25.4,+18.7,+18.8,+18.8,+19.0,+19.2,+19.3,+19.0
2023-08-16 20:09,1,+23.2,+12.1,+15.1,+8.8,+27.5,+25.4,+18.7,+18.8,+18.8,+19.0,+19.2,+19.3,+19.0
2023-08-16 21:09,1,+23.2,+12.1,+15.1,+8.8,+27.5,+25.4,+18.6,+18.8,+19.0,+19.0,+19.2,+19.3,+19.0
2023-08-16 22:09,1,+23.1,+12.1,+15.1,+8.9,+27.5,+25.4,+18.5,+18.8,+18.8,+19.0,+19.2,+19.3,+19.0
2023-08-16 23:09,1,+23.1,+12.1,+15.1,+8.9,+27.5,+25.3,+18.6,+18.8,+19.0,+19.0,+19.2,+19.3,+19.1
2023-08-17 00:09,1,+23.1,+12.1,+15.1,+8.9,+27.5,+25.4,+18.5,+18.8,+19.0,+19.0,+19.2,+19.3,+19.0
2023-08-17 01:09,1,+23.1,+12.1,+15.1,+8.8,+27.5,+25.3,+18.6,+18.8,+19.0,+19.0,+19.1,+19.3,+19.0
2023-08-17 02:09,1,+23.1,+12.1,+15.1,+8.9,+27.5,+25.3,+18.5,+18.8,+19.0,+19.0,+19.1,+19.2,+19.0
2023-08-17 03:09,1,+23.1,+12.1,+15.0,+8.8,+27.5,+25.3,+18.5,+18.8,+19.0,+19.0,+19.2,+19.3,+19.0
2023-08-17 04:09,1,+23.1,+12.1,+15.0,+8.9,+27.5,+25.3,+18.5,+18.8,+19.0,+19.0,+19.1,+19.2,+19.0
2023-08-17 05:09,1,+23.1,+12.1,+15.1,+8.8,+27.5,+25.3,+18.5,+18.8,+19.0,+19.0,+19.1,+19.2,+19.0
2023-08-17 06:09,1,+23.0,+12.0,+15.0,+8.8,+27.5,+25.3,+18.3,+18.8,+19.0,+19.0,+19.2,+19.2,+19.0
2023-08-17 07:09,1,+23.0,+12.0,+15.0,+8.8,+27.4,+25.3,+18.3,+18.8,+19.0,+19.0,+19.2,+19.2,+19.0
2023-08-17 08:09,1,+23.0,+12.0,+15.0,+8.9,+27.5,+25.3,+18.5,+18.8,+19.0,+19.0,+19.2,+19.3,+19.0
2023-08-17 09:09,1,+22.9,+12.0,+15.0,+8.9,+27.5,+25.3,+18.5,+18.7,+18.8,+19.0,+19.1,+19.3,+19.0
2023-08-17 10:09,1,+22.9,+12.0,+15.0,+8.9,+27.5,+25.3,+18.6,+18.7,+19.0,+19.0,+19.1,+19.2,+19.0
2023-08-17 11:09,1,+22.8,+12.0,+15.0,+8.9,+27.5,+25.3,+18.7,+18.8,+18.8,+19.0,+19.2,+19.3,+19.0
2023-08-17 12:09,1,+22.8,+12.0,+15.0,+8.9,+27.5,+25.3,+19.0,+18.8,+19.0,+19.0,+19.1,+19.3,+19.0
2023-08-17 13:09,1,+22.8,+12.0,+15.0,+8.9,+27.5,+25.3,+19.6,+18.8,+18.8,+19.0,+19.2,+19.3,+19.0
2023-08-17 14:09,1,+22.7,+12.0,+15.0,+8.8,+27.4,+25.3,+19.7,+19.0,+19.0,+19.0,+19.1,+19.2,+19.1
2023-08-17 15:09,1,+22.7,+12.0,+15.0,+8.9,+27.5,+25.3,+19.5,+19.0,+19.0,+19.0,+19.1,+19.2,+19.0
2023-08-17 16:09,1,+22.7,+12.0,+15.0,+8.8,+27.4,+25.2,+19.5,+19.1,+19.0,+19.0,+19.1,+19.2,+19.0
2023-08-17 17:09,1,+22.9,+12.0,+15.0,+8.9,+27.5,+25.3,+19.3,+19.1,+19.0,+19.0,+19.1,+19.3,+19.0
2023-08-17 18:09,1,+22.9,+12.0,+15.0,+8.8,+27.4,+25.2,+19.3,+19.2,+19.0,+19.0,+19.1,+19.3,+19.0
2023-08-17 19:09,1,+22.9,+12.0,+15.0,+8.8,+27.4,+25.2,+19.2,+19.2,+19.0,+19.0,+19.2,+19.3,+19.0
2023-08-17 20:09,1,+22.9,+12.0,+15.0,+8.9,+27.4,+25.3,+19.2,+19.2,+19.0,+19.0,+19.2,+19.2,+19.0
2023-08-17 21:09,1,+23.0,+12.0,+15.0,+8.8,+27.4,+25.2,+19.1,+19.2,+19.0,+19.0,+19.1,+19.2,+19.0
2023-08-17 22:09,1,+23.0,+12.0,+15.0,+8.8,+27.4,+25.2,+19.1,+19.2,+19.0,+19.1,+19.1,+19.3,+19.0
2023-08-17 23:09,1,+23.0,+12.0,+15.0,+8.8,+27.4,+25.2,+19.1,+19.2,+19.1,+19.0,+19.1,+19.2,+19.0
2023-08-18 00:09,1,+23.1,+12.0,+15.0,+8.8,+27.4,+25.2,+19.0,+19.2,+19.1,+19.0,+19.1,+19.2,+19.0
2023-08-18 01:09,1,+23.1,+12.0,+15.0,+8.8,+27.4,+25.2,+19.0,+19.2,+19.1,+19.0,+19.1,+19.3,+19.0
2023-08-18 02:09,1,+23.1,+12.0,+15.0,+8.8,+27.4,+25.2,+19.0,+19.2,+19.1,+19.0,+19.1,+19.2,+19.0
2023-08-18 03:09,1,+23.1,+12.0,+15.0,+8.9,+27.4,+25.2,+19.0,+19.2,+19.1,+19.1,+19.1,+19.2,+19.0
2023-08-18 04:09,1,+23.1,+12.0,+15.0,+8.8,+27.4,+25.2,+19.0,+19.2,+19.1,+19.0,+19.1,+19.2,+19.0
2023-08-18 05:09,1,+23.1,+12.0,+15.0,+8.8,+27.4,+25.2,+18.8,+19.2,+19.1,+19.1,+19.1,+19.3,+19.0
2023-08-18 06:09,1,+23.1,+12.0,+15.0,+8.8,+27.4,+25.2,+18.8,+19.2,+19.1,+19.0,+19.2,+19.2,+19.0
2023-08-18 07:09,1,+23.1,+12.0,+15.0,+8.8,+27.4,+25.2,+18.8,+19.2,+19.1,+19.1,+19.1,+19.3,+19.0
2023-08-18 08:09,1,+23.1,+12.0,+15.0,+8.8,+27.4,+25.2,+18.8,+19.1,+19.1,+19.1,+19.2,+19.2,+19.0
2023-08-18 09:09,1,+23.1,+12.0,+15.0,+8.8,+27.4,+25.2,+18.8,+19.1,+19.2,+19.1,+19.2,+19.2,+19.0
2023-08-18 10:09,1,+23.1,+12.0,+15.0,+8.8,+27.3,+25.2,+19.0,+19.1,+19.2,+19.1,+19.1,+19.3,+19.0
2023-08-18 11:09,1,+23.0,+12.0,+15.0,+8.9,+27.4,+25.2,+19.0,+19.1,+19.1,+19.1,+19.2,+19.3,+19.0
2023-08-18 12:09,1,+23.0,+12.0,+15.0,+8.9,+27.4,+25.2,+19.0,+19.1,+19.2,+19.1,+19.2,+19.3,+19.0
2023-08-18 13:09,1,+23.0,+12.0,+15.0,+8.8,+27.4,+25.2,+19.1,+19.1,+19.1,+19.1,+19.1,+19.2,+19.0
2023-08-18 14:09,1,+23.0,+12.0,+15.0,+8.8,+27.3,+25.1,+19.1,+19.2,+19.1,+19.1,+19.1,+19.2,+19.0
2023-08-18 15:09,1,+22.9,+12.0,+15.0,+8.8,+27.3,+25.1,+19.2,+19.2,+19.1,+19.1,+19.1,+19.3,+19.0
2023-08-18 16:09,1,+22.9,+12.0,+15.0,+8.7,+27.3,+25.1,+19.2,+19.2,+19.1,+19.1,+19.2,+19.3,+19.0
2023-08-18 17:09,1,+22.9,+12.0,+15.0,+8.8,+27.3,+25.1,+19.2,+19.2,+19.2,+19.1,+19.1,+19.2,+19.0
2023-08-18 18:09,1,+22.9,+12.0,+15.0,+8.8,+27.4,+25.2,+19.2,+19.2,+19.2,+19.1,+19.2,+19.3,+19.0
2023-08-18 19:09,1,+22.9,+12.0,+15.0,+8.8,+27.4,+25.2,+19.2,+19.2,+19.2,+19.1,+19.2,+19.2,+19.0
2023-08-18 20:09,1,+22.9,+12.0,+15.0,+8.9,+27.4,+25.2,+19.1,+19.2,+19.2,+19.1,+19.2,+19.3,+19.0
2023-08-18 21:09,1,+22.9,+12.0,+15.0,+8.7,+27.3,+25.1,+19.1,+19.2,+19.2,+19.1,+19.2,+19.2,+19.0
2023-08-18 22:09,1,+23.0,+12.0,+15.0,+8.7,+27.3,+25.1,+19.0,+19.2,+19.2,+19.1,+19.2,+19.3,+19.0
2023-08-18 23:09,1,+23.0,+12.0,+15.0,+8.8,+27.3,+25.1,+19.0,+19.2,+19.2,+19.1,+19.2,+19.3,+19.0
2023-08-19 00:09,1,+23.0,+12.0,+15.0,+8.9,+27.4,+25.1,+19.0,+19.2,+19.2,+19.1,+19.2,+19.3,+19.0
2023-08-19 01:09,1,+23.1,+12.0,+14.9,+8.7,+27.3,+25.1,+18.8,+19.2,+19.1,+19.1,+19.2,+19.2,+19.0
2023-08-19 02:09,1,+23.2,+12.0,+15.0,+8.8,+27.3,+25.1,+19.0,+19.3,+19.2,+19.1,+19.2,+19.3,+19.0
2023-08-19 03:09,1,+23.1,+12.0,+15.0,+8.9,+27.4,+25.1,+18.8,+19.2,+19.2,+19.1,+19.1,+19.3,+19.0
2023-08-19 04:09,1,+23.1,+12.0,+14.9,+8.8,+27.3,+25.1,+18.8,+19.2,+19.2,+19.2,+19.2,+19.3,+19.0
2023-08-19 05:09,1,+23.1,+12.0,+15.0,+8.9,+27.4,+25.1,+18.8,+19.2,+19.2,+19.1,+19.2,+19.2,+19.0
2023-08-19 06:09,1,+23.1,+12.0,+14.9,+8.7,+27.3,+25.1,+18.7,+19.2,+19.2,+19.1,+19.2,+19.3,+19.0
2023-08-19 07:09,1,+23.1,+12.0,+14.9,+8.8,+27.4,+25.1,+18.7,+19.1,+19.2,+19.2,+19.2,+19.3,+19.0
2023-08-19 08:09,1,+23.1,+12.0,+15.0,+8.9,+27.4,+25.1,+18.8,+19.1,+19.2,+19.1,+19.2,+19.2,+19.0
2023-08-19 09:09,1,+23.1,+11.9,+15.0,+8.9,+27.4,+25.1,+18.8,+19.1,+19.2,+19.1,+19.2,+19.3,+19.0
2023-08-19 10:09,1,+23.1,+11.9,+14.9,+8.7,+27.3,+25.1,+18.8,+19.1,+19.2,+19.1,+19.2,+19.2,+19.0
2023-08-19 11:09,1,+23.0,+12.0,+14.9,+8.7,+27.3,+25.1,+19.1,+19.1,+19.2,+19.1,+19.1,+19.3,+19.0
2023-08-19 12:09,1,+23.0,+11.9,+14.9,+8.9,+27.4,+25.1,+19.2,+19.1,+19.1,+19.1,+19.2,+19.2,+19.0
2023-08-19 13:09,1,+22.9,+11.9,+14.9,+8.9,+27.4,+25.1,+19.3,+19.2,+19.2,+19.2,+19.2,+19.3,+19.0
2023-08-19 14:09,1,+22.9,+11.9,+14.9,+8.8,+27.3,+25.1,+19.3,+19.2,+19.2,+19.1,+19.2,+19.2,+19.0
2023-08-19 15:09,1,+22.9,+11.9,+14.9,+8.9,+27.4,+25.1,+19.5,+19.2,+19.2,+19.1,+19.2,+19.3,+19.0
2023-08-19 16:09,1,+22.9,+11.9,+14.9,+8.7,+27.3,+25.1,+19.3,+19.3,+19.2,+19.2,+19.2,+19.3,+19.0
2023-08-19 17:09,1,+22.9,+11.9,+14.9,+8.8,+27.4,+25.1,+19.3,+19.3,+19.2,+19.2,+19.2,+19.3,+19.0
2023-08-19 18:09,1,+22.8,+11.9,+14.9,+8.8,+27.3,+25.1,+19.3,+19.3,+19.2,+19.1,+19.2,+19.3,+19.0
2023-08-19 19:09,1,+22.9,+11.9,+14.9,+8.8,+27.3,+25.1,+19.2,+19.3,+19.2,+19.1,+19.2,+19.3,+19.0
2023-08-19 20:09,1,+22.9,+11.9,+14.9,+8.9,+27.4,+25.1,+19.1,+19.3,+19.2,+19.2,+19.2,+19.3,+19.0
2023-08-19 21:09,1,+22.9,+11.9,+14.9,+8.9,+27.4,+25.1,+19.1,+19.3,+19.2,+19.1,+19.2,+19.3,+19.0
2023-08-19 22:09,1,+22.9,+11.9,+14.9,+8.8,+27.3,+25.1,+19.1,+19.3,+19.2,+19.1,+19.2,+19.2,+19.0
2023-08-19 23:09,1,+22.8,+11.9,+14.9,+8.8,+27.3,+25.1,+19.1,+19.3,+19.2,+19.2,+19.2,+19.3,+19.0
2023-08-20 00:09,1,+22.8,+11.9,+14.9,+8.8,+27.4,+25.1,+19.0,+19.3,+19.2,+19.1,+19.2,+19.3,+19.0
2023-08-20 01:09,1,+22.8,+11.9,+14.9,+8.9,+27.4,+25.1,+18.8,+19.3,+19.2,+19.2,+19.2,+19.3,+19.0
2023-08-20 02:09,1,+22.8,+11.9,+14.9,+8.9,+27.3,+25.1,+18.8,+19.3,+19.2,+19.1,+19.2,+19.3,+19.0
2023-08-20 03:09,1,+22.8,+11.9,+14.9,+8.8,+27.3,+25.1,+18.8,+19.2,+19.2,+19.2,+19.2,+19.3,+19.0
2023-08-20 04:09,1,+22.8,+11.9,+14.9,+8.9,+27.3,+25.1,+18.7,+19.2,+19.2,+19.2,+19.2,+19.3,+19.0
2023-08-20 05:09,1,+22.8,+11.9,+14.9,+8.9,+27.4,+25.1,+18.7,+19.2,+19.3,+19.1,+19.2,+19.3,+19.0
2023-08-20 06:09,1,+22.9,+11.9,+14.9,+8.8,+27.3,+25.0,+18.7,+19.2,+19.2,+19.1,+19.2,+19.3,+19.0
2023-08-20 07:09,1,+23.1,+11.9,+14.9,+8.8,+27.3,+25.0,+18.7,+19.1,+19.2,+19.2,+19.2,+19.3,+19.0
2023-08-20 08:09,1,+23.1,+11.9,+14.9,+8.8,+27.3,+25.0,+18.7,+19.1,+19.2,+19.2,+19.2,+19.3,+19.0
2023-08-20 09:09,1,+24.6,+11.9,+15.0,+8.8,+27.3,+25.0,+18.7,+19.1,+19.2,+19.2,+19.2,+19.2,+19.0
2023-08-20 10:09,1,+24.6,+11.9,+15.0,+8.8,+27.3,+25.0,+18.7,+19.1,+19.2,+19.2,+19.2,+19.3,+19.0
2023-08-20 11:09,1,+24.5,+11.9,+14.9,+8.9,+27.3,+25.1,+18.8,+19.1,+19.2,+19.1,+19.2,+19.3,+19.0
2023-08-20 12:09,1,+24.4,+11.9,+14.9,+8.8,+27.3,+25.0,+19.0,+19.1,+19.2,+19.2,+19.2,+19.3,+19.0
2023-08-20 13:09,1,+24.3,+11.9,+14.9,+8.9,+27.3,+25.1,+19.0,+19.1,+19.2,+19.2,+19.2,+19.3,+19.0
2023-08-20 14:09,1,+24.2,+12.0,+14.9,+8.9,+27.4,+25.1,+19.1,+19.1,+19.2,+19.1,+19.2,+19.3,+19.0
2023-08-20 15:09,1,+24.2,+11.9,+14.9,+8.9,+27.3,+25.1,+19.1,+19.1,+19.2,+19.2,+19.2,+19.3,+19.0
2023-08-20 16:09,1,+24.1,+11.9,+14.9,+8.8,+27.4,+25.0,+19.1,+19.1,+19.2,+19.2,+19.2,+19.3,+19.0
2023-08-20 17:09,1,+24.0,+12.0,+14.9,+8.8,+27.3,+25.0,+19.1,+19.2,+19.2,+19.1,+19.2,+19.3,+19.0
2023-08-20 18:09,1,+24.0,+12.0,+14.9,+8.8,+27.3,+25.0,+19.1,+19.2,+19.2,+19.1,+19.2,+19.3,+19.0
2023-08-20 19:09,1,+28.6,+13.0,+15.0,+8.9,+27.3,+25.0,+19.1,+19.2,+19.2,+19.2,+19.2,+19.3,+19.0
2023-08-20 20:09,1,+27.2,+12.9,+15.0,+8.9,+27.3,+25.0,+19.1,+19.2,+19.2,+19.1,+19.2,+19.3,+19.0
2023-08-20 21:09,1,+26.4,+12.9,+15.0,+8.9,+27.4,+25.0,+19.0,+19.2,+19.2,+19.1,+19.2,+19.3,+19.0
2023-08-20 22:09,1,+25.9,+12.8,+15.0,+8.9,+27.3,+25.0,+19.0,+19.2,+19.2,+19.1,+19.2,+19.3,+19.0
2023-08-20 23:09,1,+25.7,+12.8,+15.0,+8.8,+27.3,+25.0,+19.0,+19.2,+19.2,+19.2,+19.2,+19.3,+19.0
2023-08-21 00:09,1,+25.5,+12.7,+15.0,+8.8,+27.3,+25.0,+19.0,+19.2,+19.2,+19.1,+19.2,+19.3,+19.0
2023-08-21 01:09,1,+25.3,+12.7,+15.0,+8.9,+27.3,+25.0,+19.0,+19.2,+19.2,+19.2,+19.2,+19.3,+19.1
2023-08-21 02:09,1,+25.2,+12.6,+15.1,+8.8,+27.3,+25.0,+19.0,+19.2,+19.2,+19.1,+19.2,+19.3,+19.0
2023-08-21 03:09,1,+25.1,+12.6,+15.1,+8.9,+27.3,+25.0,+18.8,+19.2,+19.2,+19.1,+19.2,+19.3,+19.0
2023-08-21 04:09,1,+25.0,+12.6,+15.1,+8.8,+27.3,+25.0,+18.8,+19.2,+19.2,+19.2,+19.2,+19.3,+19.0
2023-08-21 05:09,1,+24.9,+12.6,+15.1,+8.8,+27.3,+25.0,+18.8,+19.2,+19.2,+19.1,+19.2,+19.3,+19.0
2023-08-21 06:09,1,+24.8,+12.5,+15.1,+8.8,+27.3,+25.0,+18.8,+19.2,+19.2,+19.1,+19.2,+19.3,+19.0
2023-08-21 07:09,1,+24.7,+12.5,+15.1,+8.9,+27.3,+25.0,+18.8,+19.1,+19.2,+19.2,+19.2,+19.3,+19.0
2023-08-21 08:09,1,+24.7,+12.5,+15.1,+8.9,+27.3,+25.0,+18.8,+19.2,+19.2,+19.1,+19.2,+19.3,+19.0
2023-08-21 09:09,1,+24.6,+12.5,+15.1,+8.8,+27.3,+25.0,+18.8,+19.2,+19.2,+19.1,+19.2,+19.3,+19.0
2023-08-21 10:09,1,+24.6,+12.5,+15.1,+8.8,+27.3,+25.0,+19.0,+19.1,+19.2,+19.1,+19.2,+19.3,+19.0
2023-08-21 11:09,1,+24.6,+12.4,+15.1,+8.9,+27.3,+25.0,+19.1,+19.1,+19.2,+19.1,+19.2,+19.3,+19.1
2023-08-21 12:09,1,+24.5,+12.4,+15.1,+8.9,+27.4,+25.0,+19.2,+19.2,+19.2,+19.2,+19.2,+19.3,+19.0
2023-08-21 13:09,1,+24.5,+12.4,+15.1,+8.8,+27.3,+25.0,+19.3,+19.2,+19.2,+19.2,+19.2,+19.3,+19.0
2023-08-21 14:09,1,+24.4,+12.4,+15.1,+8.9,+27.3,+25.0,+19.3,+19.2,+19.1,+19.1,+19.3,+19.3,+19.0
2023-08-21 15:09,1,+24.4,+12.4,+15.1,+8.9,+27.4,+25.0,+19.3,+19.2,+19.2,+19.2,+19.2,+19.3,+19.0
2023-08-21 16:09,1,+32.5,+16.5,+15.2,+8.9,+27.4,+25.0,+19.3,+19.3,+19.2,+19.2,+19.2,+19.3,+19.1
2023-08-21 17:09,1,+27.6,+13.9,+15.2,+8.8,+27.3,+25.0,+19.2,+19.3,+19.2,+19.2,+19.2,+19.3,+19.0
2023-08-21 18:09,1,+27.9,+13.8,+15.4,+9.0,+27.4,+25.0,+19.2,+19.3,+19.2,+19.2,+19.2,+19.3,+19.0
2023-08-21 19:09,1,+27.3,+13.9,+15.5,+9.0,+27.4,+25.0,+19.2,+19.3,+19.2,+19.1,+19.2,+19.3,+19.0
2023-08-21 20:09,1,+26.5,+13.6,+15.6,+8.9,+27.3,+25.0,+19.1,+19.3,+19.3,+19.2,+19.2,+19.3,+19.0
2023-08-21 21:09,1,+26.1,+13.4,+15.7,+9.0,+27.4,+25.0,+19.1,+19.3,+19.2,+19.1,+19.2,+19.3,+19.0
2023-08-21 22:09,1,+25.8,+13.3,+15.7,+9.0,+27.4,+25.0,+19.1,+19.3,+19.2,+19.1,+19.2,+19.3,+19.0
2023-08-21 23:09,1,+25.6,+13.2,+15.7,+9.1,+27.4,+25.1,+19.0,+19.3,+19.2,+19.2,+19.2,+19.3,+19.0
2023-08-22 00:09,1,+25.5,+13.1,+15.6,+9.0,+27.4,+25.0,+19.0,+19.3,+19.3,+19.2,+19.2,+19.3,+19.1
2023-08-22 01:09,1,+25.3,+13.0,+15.6,+9.0,+27.4,+25.0,+19.0,+19.2,+19.3,+19.2,+19.2,+19.3,+19.1
2023-08-22 02:09,1,+25.2,+13.0,+15.6,+9.0,+27.4,+25.1,+18.8,+19.2,+19.3,+19.1,+19.2,+19.3,+19.0
2023-08-22 03:09,1,+25.1,+12.9,+15.6,+9.1,+27.5,+25.1,+18.8,+19.2,+19.3,+19.2,+19.2,+19.3,+19.0
2023-08-22 04:09,1,+25.0,+12.9,+15.6,+9.2,+27.5,+25.1,+18.8,+19.2,+19.2,+19.2,+19.3,+19.3,+19.0
2023-08-22 05:09,1,+25.0,+12.9,+15.6,+9.1,+27.5,+25.1,+18.8,+19.2,+19.2,+19.2,+19.2,+19.3,+19.0
2023-08-22 06:09,1,+24.9,+12.8,+15.6,+9.2,+27.5,+25.1,+18.7,+19.2,+19.2,+19.2,+19.2,+19.3,+19.0
2023-08-22 07:09,1,+24.8,+12.8,+15.5,+9.2,+27.5,+25.2,+18.8,+19.2,+19.2,+19.2,+19.2,+19.3,+19.0
2023-08-22 08:09,1,+24.8,+12.8,+15.5,+9.2,+27.5,+25.2,+18.8,+19.2,+19.2,+19.2,+19.3,+19.3,+19.1
2023-08-22 09:09,1,+24.7,+12.8,+15.5,+9.0,+27.5,+25.1,+19.0,+19.1,+19.2,+19.2,+19.2,+19.3,+19.0
2023-08-22 10:09,1,+24.7,+12.7,+15.5,+9.2,+27.6,+25.2,+19.0,+19.1,+19.2,+19.2,+19.2,+19.3,+19.0
2023-08-22 11:09,1,+24.6,+12.7,+15.5,+9.2,+27.6,+25.2,+19.1,+19.2,+19.2,+19.2,+19.2,+19.3,+19.0
2023-08-22 12:09,1,+24.6,+12.7,+15.5,+9.1,+27.5,+25.2,+19.2,+19.2,+19.2,+19.2,+19.2,+19.3,+19.0
2023-08-22 13:09,1,+28.6,+12.7,+15.5,+9.2,+27.6,+25.2,+19.2,+19.2,+19.2,+19.2,+19.2,+19.3,+19.0
2023-08-22 14:09,1,+27.2,+12.9,+15.5,+9.2,+27.6,+25.2,+19.2,+19.2,+19.2,+19.2,+19.2,+19.3,+19.1
2023-08-22 15:09,1,+34.2,+19.6,+16.1,+9.2,+27.6,+25.2,+19.2,+19.3,+19.2,+19.2,+19.3,+19.3,+19.1
2023-08-22 16:09,1,+28.4,+15.0,+16.8,+9.3,+27.6,+25.2,+19.1,+19.3,+19.2,+19.2,+19.2,+19.5,+19.0
2023-08-22 17:09,1,+28.7,+14.1,+16.5,+9.7,+27.8,+25.2,+19.0,+19.3,+19.2,+19.1,+19.2,+19.3,+19.0
2023-08-22 18:09,1,+27.9,+14.1,+16.5,+9.7,+28.0,+25.4,+19.0,+19.2,+19.2,+19.1,+19.2,+19.3,+19.0
2023-08-22 19:09,1,+27.6,+13.9,+16.4,+9.9,+28.2,+25.6,+19.0,+19.2,+19.2,+19.1,+19.2,+19.3,+19.0
2023-08-22 20:09,1,+30.0,+14.0,+16.4,+9.8,+28.2,+25.8,+18.8,+19.2,+19.2,+19.1,+19.2,+19.3,+19.0
2023-08-22 21:09,1,+28.5,+14.3,+16.6,+10.0,+28.3,+26.0,+18.8,+19.2,+19.2,+19.2,+19.3,+19.3,+19.0
2023-08-22 22:09,1,+29.1,+14.3,+16.6,+9.9,+28.4,+26.2,+18.7,+19.2,+19.2,+19.2,+19.2,+19.3,+19.1
2023-08-22 23:09,1,+27.9,+14.1,+16.6,+10.0,+28.5,+26.4,+18.7,+19.1,+19.2,+19.2,+19.2,+19.3,+19.0
2023-08-23 00:09,1,+28.9,+14.2,+16.6,+10.1,+28.6,+26.6,+18.6,+19.1,+19.2,+19.2,+19.2,+19.3,+19.0
2023-08-23 01:09,1,+30.3,+14.9,+16.8,+10.1,+28.6,+26.7,+18.6,+19.1,+19.2,+19.1,+19.2,+19.3,+19.0
2023-08-23 02:09,1,+28.6,+14.4,+16.8,+10.2,+28.7,+26.9,+18.5,+19.0,+19.2,+19.1,+19.2,+19.3,+19.0
2023-08-23 03:09,1,+27.7,+14.1,+16.6,+10.1,+28.7,+27.1,+18.5,+19.0,+19.2,+19.1,+19.2,+19.3,+19.0
2023-08-23 04:09,1,+26.8,+13.8,+16.5,+10.0,+28.6,+27.1,+18.3,+19.0,+19.2,+19.2,+19.2,+19.3,+19.0
2023-08-23 05:09,1,+26.4,+13.6,+16.4,+10.0,+28.6,+27.0,+18.5,+19.0,+19.1,+19.1,+19.2,+19.3,+19.0
2023-08-23 06:09,1,+26.2,+13.5,+16.3,+10.0,+28.6,+26.9,+18.3,+18.8,+19.1,+19.2,+19.2,+19.3,+19.1
2023-08-23 07:09,1,+26.0,+13.4,+16.2,+10.0,+28.5,+26.9,+18.3,+19.0,+19.1,+19.1,+19.2,+19.5,+19.0
2023-08-23 08:09,1,+25.9,+13.3,+16.1,+9.9,+28.5,+26.8,+18.3,+19.0,+19.1,+19.2,+19.2,+19.3,+19.1
2023-08-23 09:09,1,+25.7,+13.2,+16.1,+9.7,+28.4,+26.7,+18.5,+18.8,+19.1,+19.1,+19.2,+19.3,+19.0
2023-08-23 10:09,1,+25.6,+13.1,+16.0,+9.8,+28.4,+26.6,+18.6,+18.8,+19.1,+19.2,+19.2,+19.3,+19.1
2023-08-23 11:09,1,+25.6,+13.1,+16.0,+9.7,+28.3,+26.6,+18.5,+18.8,+19.1,+19.1,+19.2,+19.3,+19.1
2023-08-23 12:09,1,+25.6,+13.1,+16.0,+9.6,+28.3,+26.5,+18.6,+18.8,+19.1,+19.1,+19.2,+19.3,+19.0
2023-08-23 13:09,1,+25.6,+13.0,+16.0,+9.7,+28.3,+26.5,+18.7,+18.8,+19.0,+19.2,+19.2,+19.3,+19.0
2023-08-23 14:09,1,+25.6,+13.0,+15.9,+9.6,+28.2,+26.4,+18.8,+19.0,+19.1,+19.1,+19.2,+19.3,+19.0
2023-08-23 15:09,1,+25.5,+13.0,+15.9,+9.6,+28.2,+26.3,+18.8,+19.0,+19.1,+19.1,+19.2,+19.3,+19.0
2023-08-23 16:09,1,+25.5,+13.0,+15.9,+9.7,+28.2,+26.3,+18.8,+19.0,+19.1,+19.1,+19.2,+19.3,+19.0
2023-08-23 17:09,1,+25.4,+12.9,+15.8,+9.5,+28.2,+26.3,+18.8,+19.0,+19.1,+19.1,+19.2,+19.3,+19.0
2023-08-23 18:09,1,+25.4,+12.9,+15.8,+9.5,+28.2,+26.2,+18.8,+19.0,+19.1,+19.1,+19.2,+19.3,+19.0
2023-08-23 19:09,1,+30.8,+13.2,+15.8,+9.6,+28.2,+26.2,+18.6,+19.0,+19.1,+19.1,+19.2,+19.3,+19.1
2023-08-23 20:09,1,+29.5,+14.0,+16.0,+9.6,+28.2,+26.2,+18.6,+19.0,+19.1,+19.1,+19.2,+19.3,+19.0
2023-08-23 21:09,1,+28.8,+14.0,+16.3,+9.6,+28.1,+26.1,+18.6,+19.0,+19.1,+19.1,+19.2,+19.3,+19.0
2023-08-23 22:09,1,+28.6,+14.0,+16.4,+9.8,+28.2,+26.2,+18.6,+19.0,+19.1,+19.1,+19.2,+19.3,+19.0
2023-08-23 23:09,1,+28.4,+14.0,+16.4,+9.8,+28.3,+26.2,+18.5,+18.8,+19.1,+19.1,+19.2,+19.3,+19.0
2023-08-24 00:09,1,+28.1,+13.9,+16.4,+9.9,+28.4,+26.3,+18.6,+19.0,+19.1,+19.1,+19.2,+19.3,+19.0
2023-08-24 01:09,1,+27.5,+13.8,+16.4,+10.0,+28.5,+26.5,+18.5,+19.0,+19.1,+19.1,+19.2,+19.3,+19.0
2023-08-24 02:09,1,+26.9,+13.7,+16.4,+10.0,+28.5,+26.6,+18.5,+18.8,+19.1,+19.1,+19.2,+19.3,+19.0
2023-08-24 03:09,1,+26.5,+13.6,+16.3,+10.0,+28.5,+26.6,+18.5,+18.8,+19.1,+19.1,+19.2,+19.3,+19.0
2023-08-24 04:09,1,+26.3,+13.4,+16.2,+9.8,+28.5,+26.6,+18.5,+18.8,+19.0,+19.1,+19.2,+19.3,+19.0
2023-08-24 05:09,1,+26.1,+13.4,+16.2,+9.9,+28.5,+26.6,+18.3,+18.8,+19.0,+19.1,+19.2,+19.2,+19.0
2023-08-24 06:09,1,+25.9,+13.3,+16.2,+9.9,+28.5,+26.6,+18.3,+18.8,+19.1,+19.1,+19.2,+19.3,+19.0
2023-08-24 07:09,1,+25.8,+13.2,+16.1,+9.9,+28.4,+26.6,+18.3,+18.8,+19.0,+19.1,+19.2,+19.3,+19.0
2023-08-24 08:09,1,+25.9,+13.2,+16.1,+9.8,+28.4,+26.5,+18.3,+18.7,+19.0,+19.1,+19.2,+19.3,+19.0
2023-08-24 09:09,1,+28.6,+13.3,+16.1,+9.8,+28.4,+26.5,+18.3,+18.7,+19.0,+19.1,+19.2,+19.3,+19.0
2023-08-24 10:09,1,+27.5,+13.5,+16.1,+9.8,+28.4,+26.4,+18.3,+18.7,+19.0,+19.1,+19.2,+19.3,+19.1
2023-08-24 11:09,1,+27.1,+13.4,+16.1,+9.8,+28.4,+26.4,+18.5,+18.7,+19.0,+19.1,+19.2,+19.3,+19.0
2023-08-24 12:09,1,+27.4,+13.4,+16.1,+9.8,+28.4,+26.4,+18.5,+18.7,+19.0,+19.0,+19.2,+19.3,+19.0
2023-08-24 13:09,1,+27.9,+13.6,+16.2,+9.7,+28.3,+26.4,+18.5,+18.7,+18.8,+19.1,+19.2,+19.3,+19.0
2023-08-24 14:09,1,+27.1,+13.6,+16.2,+9.9,+28.4,+26.4,+18.6,+18.7,+19.0,+19.1,+19.2,+19.3,+19.0
2023-08-24 15:09,1,+26.7,+13.4,+16.2,+9.9,+28.4,+26.4,+18.6,+18.8,+19.0,+19.1,+19.2,+19.3,+19.0
2023-08-24 16:09,1,+26.4,+13.4,+16.2,+9.9,+28.4,+26.5,+18.6,+18.8,+19.0,+19.1,+19.1,+19.3,+19.0
2023-08-24 17:09,1,+26.2,+13.3,+16.1,+9.8,+28.4,+26.4,+18.6,+18.8,+19.0,+19.1,+19.2,+19.3,+19.0
2023-08-24 18:09,1,+26.0,+13.3,+16.1,+9.8,+28.4,+26.4,+18.6,+18.8,+19.0,+19.0,+19.1,+19.3,+19.0
2023-08-24 19:09,1,+26.0,+13.2,+16.1,+9.8,+28.4,+26.4,+18.6,+18.8,+18.8,+19.0,+19.2,+19.2,+19.0
2023-08-24 20:09,1,+25.8,+13.1,+16.1,+9.8,+28.4,+26.4,+18.5,+18.8,+19.0,+19.1,+19.2,+19.3,+19.0
2023-08-24 21:09,1,+25.7,+13.1,+16.1,+9.7,+28.3,+26.4,+18.5,+18.8,+19.0,+19.0,+19.1,+19.3,+19.0
2023-08-24 22:09,1,+25.7,+13.1,+16.0,+9.7,+28.3,+26.3,+18.5,+18.8,+19.0,+19.0,+19.2,+19.2,+19.0
2023-08-24 23:09,1,+25.6,+13.1,+16.0,+9.8,+28.3,+26.3,+18.5,+18.8,+19.0,+19.1,+19.1,+19.3,+19.0
2023-08-25 00:09,1,+25.6,+13.0,+16.0,+9.6,+28.3,+26.3,+18.3,+18.8,+19.0,+19.0,+19.1,+19.2,+19.0
2023-08-25 01:09,1,+25.5,+13.0,+16.0,+9.6,+28.2,+26.2,+18.3,+18.8,+19.0,+19.0,+19.2,+19.2,+19.0
2023-08-25 02:09,1,+25.3,+13.0,+15.9,+9.7,+28.3,+26.2,+18.3,+18.7,+19.0,+19.0,+19.1,+19.3,+19.0
2023-08-25 03:09,1,+25.2,+13.0,+15.9,+9.6,+28.2,+26.2,+18.3,+18.8,+19.0,+19.0,+19.2,+19.2,+19.0
2023-08-25 04:09,1,+25.2,+12.9,+15.9,+9.7,+28.2,+26.2,+18.2,+18.7,+19.0,+19.0,+19.2,+19.2,+19.0
2023-08-25 05:09,1,+25.2,+12.9,+15.9,+9.7,+28.2,+26.2,+18.2,+18.7,+19.0,+19.0,+19.1,+19.3,+19.0
2023-08-25 06:09,1,+25.2,+12.9,+15.9,+9.7,+28.2,+26.2,+18.1,+18.7,+19.0,+19.0,+19.1,+19.2,+19.0
2023-08-25 07:09,1,+25.2,+12.9,+15.8,+9.5,+28.2,+26.1,+18.1,+18.7,+19.0,+19.0,+19.2,+19.2,+19.0
2023-08-25 08:09,1,+25.1,+12.9,+15.8,+9.5,+28.2,+26.1,+18.2,+18.7,+19.0,+19.0,+19.1,+19.2,+19.0
2023-08-25 09:09,1,+25.1,+12.9,+15.8,+9.5,+28.2,+26.1,+18.2,+18.7,+18.8,+19.0,+19.1,+19.3,+19.0
2023-08-25 10:09,1,+25.0,+12.8,+15.8,+9.6,+28.2,+26.1,+18.3,+18.7,+18.8,+19.0,+19.1,+19.3,+19.0
2023-08-25 11:09,1,+25.0,+12.8,+15.8,+9.6,+28.2,+26.1,+18.5,+18.7,+18.8,+19.0,+19.1,+19.3,+19.0
2023-08-25 12:09,1,+24.9,+12.8,+15.8,+9.6,+28.2,+26.0,+18.6,+18.7,+19.0,+19.0,+19.2,+19.2,+19.0
2023-08-25 13:09,1,+24.9,+12.8,+15.8,+9.5,+28.1,+26.0,+18.8,+18.7,+18.8,+19.0,+19.1,+19.2,+19.0
2023-08-25 14:09,1,+24.9,+12.8,+15.7,+9.6,+28.2,+26.0,+19.1,+18.7,+18.8,+19.0,+19.2,+19.3,+19.0
2023-08-25 15:09,1,+24.8,+12.8,+15.7,+9.5,+28.1,+26.0,+19.1,+18.8,+18.8,+19.0,+19.1,+19.2,+19.0
2023-08-25 16:09,1,+35.1,+18.8,+15.8,+9.4,+28.1,+25.9,+19.3,+19.1,+18.8,+19.0,+19.1,+19.3,+19.0
2023-08-25 17:09,1,+27.9,+14.5,+16.2,+9.5,+28.1,+25.9,+19.2,+19.1,+18.8,+19.0,+19.1,+19.2,+19.0
2023-08-25 18:09,1,+26.9,+13.9,+16.3,+9.6,+28.1,+25.9,+19.2,+19.1,+18.8,+19.0,+19.1,+19.2,+19.0
2023-08-25 19:09,1,+26.4,+13.7,+16.2,+9.6,+28.1,+25.9,+19.2,+19.1,+19.0,+19.0,+19.1,+19.2,+19.0
2023-08-25 20:09,1,+26.2,+13.5,+16.2,+9.6,+28.2,+26.0,+19.1,+19.1,+18.8,+19.0,+19.1,+19.2,+19.0
2023-08-25 21:09,1,+26.0,+13.4,+16.2,+9.7,+28.2,+26.0,+19.1,+19.2,+19.0,+19.0,+19.1,+19.2,+19.0
2023-08-25 22:09,1,+25.9,+13.4,+16.1,+9.7,+28.2,+26.0,+19.0,+19.1,+19.0,+19.0,+19.1,+19.2,+19.0
2023-08-25 23:09,1,+25.8,+13.3,+16.1,+9.8,+28.2,+26.1,+19.0,+19.1,+19.0,+19.0,+19.1,+19.2,+19.0
2023-08-26 00:09,1,+25.7,+13.3,+16.1,+9.8,+28.2,+26.1,+18.8,+19.1,+19.0,+19.0,+19.1,+19.2,+19.0
2023-08-26 01:09,1,+25.7,+13.2,+16.1,+9.7,+28.2,+26.1,+18.8,+19.1,+19.0,+19.0,+19.1,+19.2,+19.0
2023-08-26 02:09,1,+25.6,+13.2,+16.1,+9.6,+28.2,+26.0,+18.8,+19.1,+19.0,+19.0,+19.1,+19.2,+19.0
2023-08-26 03:09,1,+25.5,+13.1,+16.0,+9.6,+28.2,+26.1,+18.8,+19.1,+19.0,+19.0,+19.1,+19.2,+19.0
2023-08-26 04:09,1,+25.5,+13.1,+16.0,+9.7,+28.2,+26.1,+18.8,+19.0,+19.0,+19.0,+19.1,+19.2,+19.0
2023-08-26 05:09,1,+25.5,+13.1,+16.0,+9.6,+28.2,+26.0,+18.8,+19.1,+19.1,+19.0,+19.1,+19.2,+19.0
2023-08-26 06:09,1,+25.5,+13.1,+16.0,+9.6,+28.2,+26.0,+18.8,+19.1,+19.0,+19.0,+19.1,+19.2,+19.0
2023-08-26 07:09,1,+25.5,+13.0,+15.9,+9.7,+28.2,+26.1,+18.8,+19.0,+19.0,+19.0,+19.2,+19.2,+19.0
2023-08-26 08:09,1,+25.5,+13.0,+15.9,+9.5,+28.2,+26.0,+19.0,+19.1,+19.1,+19.1,+19.1,+19.2,+19.0
2023-08-26 09:09,1,+25.5,+13.0,+15.9,+9.7,+28.2,+26.0,+19.0,+19.1,+19.0,+19.0,+19.1,+19.2,+19.0
2023-08-26 10:09,1,+25.4,+13.0,+15.9,+9.6,+28.2,+26.0,+19.1,+19.1,+19.1,+19.0,+19.1,+19.2,+19.0
2023-08-26 11:09,1,+25.4,+13.0,+15.9,+9.5,+28.1,+26.0,+19.1,+19.1,+19.1,+19.0,+19.1,+19.2,+19.0
2023-08-26 12:09,1,+25.3,+12.9,+15.9,+9.6,+28.2,+26.0,+19.2,+19.1,+19.1,+19.0,+19.1,+19.2,+19.0
2023-08-26 13:09,1,+25.3,+12.9,+15.9,+9.6,+28.2,+26.0,+19.3,+19.2,+19.0,+19.0,+19.1,+19.3,+19.0
2023-08-26 14:09,1,+30.4,+17.9,+18.4,+9.9,+28.2,+26.0,+19.6,+19.5,+19.2,+19.0,+19.1,+19.2,+19.0
2023-08-26 15:09,1,+28.2,+14.8,+17.1,+10.0,+28.2,+26.0,+19.5,+19.5,+19.1,+19.0,+19.1,+19.2,+19.0
2023-08-26 16:09,1,+27.2,+14.2,+16.9,+10.1,+28.4,+26.1,+19.5,+19.5,+19.1,+19.1,+19.1,+19.2,+19.0
2023-08-26 17:09,1,+26.8,+13.9,+16.7,+10.2,+28.6,+26.3,+19.5,+19.3,+19.1,+19.0,+19.1,+19.2,+19.0
2023-08-26 18:09,1,+26.5,+13.7,+16.6,+10.2,+28.6,+26.5,+19.6,+19.5,+19.1,+19.1,+19.1,+19.2,+19.0
2023-08-26 19:09,1,+26.3,+13.6,+16.5,+10.1,+28.6,+26.5,+19.5,+19.5,+19.2,+19.1,+19.1,+19.2,+18.8
2023-08-26 20:09,1,+26.1,+13.6,+16.4,+10.0,+28.5,+26.5,+19.5,+19.5,+19.2,+19.1,+19.1,+19.2,+19.0
2023-08-26 21:09,1,+26.0,+13.5,+16.4,+9.9,+28.5,+26.5,+19.3,+19.5,+19.2,+19.1,+19.1,+19.2,+19.0
2023-08-26 22:09,1,+26.1,+13.4,+16.3,+9.9,+28.5,+26.5,+19.3,+19.5,+19.2,+19.1,+19.1,+19.2,+19.0
2023-08-26 23:09,1,+26.3,+13.4,+16.2,+10.0,+28.5,+26.5,+19.3,+19.5,+19.2,+19.1,+19.1,+19.2,+19.0
2023-08-27 00:09,1,+26.9,+13.4,+16.2,+9.8,+28.5,+26.5,+19.3,+19.5,+19.2,+19.1,+19.1,+19.2,+19.0
2023-08-27 01:09,1,+26.7,+13.4,+16.2,+10.0,+28.5,+26.5,+19.3,+19.5,+19.2,+19.1,+19.2,+19.2,+19.0
2023-08-27 02:09,1,+26.5,+13.4,+16.2,+9.8,+28.4,+26.4,+19.3,+19.5,+19.2,+19.1,+19.1,+19.2,+19.0
2023-08-27 03:09,1,+26.3,+13.4,+16.2,+9.9,+28.5,+26.4,+19.2,+19.5,+19.2,+19.1,+19.1,+19.2,+19.0
2023-08-27 04:09,1,+26.1,+13.3,+16.1,+9.8,+28.4,+26.4,+19.2,+19.5,+19.3,+19.1,+19.2,+19.2,+19.0
2023-08-27 05:09,1,+26.0,+13.3,+16.1,+9.8,+28.4,+26.3,+19.1,+19.3,+19.3,+19.1,+19.2,+19.2,+19.0
2023-08-27 06:09,1,+25.9,+13.3,+16.1,+9.9,+28.4,+26.3,+19.1,+19.3,+19.3,+19.1,+19.2,+19.2,+19.0
2023-08-27 07:09,1,+25.9,+13.3,+16.1,+9.8,+28.4,+26.3,+19.0,+19.3,+19.2,+19.1,+19.1,+19.3,+19.0
2023-08-27 08:09,1,+25.8,+13.3,+16.1,+9.7,+28.4,+26.3,+19.1,+19.3,+19.3,+19.1,+19.2,+19.2,+19.0
2023-08-27 09:09,1,+25.7,+13.2,+16.1,+9.8,+28.4,+26.3,+19.1,+19.3,+19.2,+19.1,+19.2,+19.2,+19.0
2023-08-27 10:09,1,+25.6,+13.2,+16.0,+9.8,+28.4,+26.3,+19.1,+19.3,+19.3,+19.1,+19.2,+19.3,+19.0
2023-08-27 11:09,1,+25.6,+13.2,+16.0,+9.8,+28.4,+26.2,+19.2,+19.3,+19.3,+19.1,+19.2,+19.2,+19.0
2023-08-27 12:09,1,+25.5,+13.1,+16.0,+9.7,+28.3,+26.2,+19.3,+19.3,+19.2,+19.2,+19.2,+19.3,+19.0
2023-08-27 13:09,1,+25.5,+13.1,+16.0,+9.8,+28.3,+26.2,+19.6,+19.3,+19.3,+19.1,+19.2,+19.2,+19.0
2023-08-27 14:09,1,+25.4,+13.1,+16.0,+9.8,+28.3,+26.2,+19.8,+19.3,+19.2,+19.1,+19.2,+19.2,+18.8
2023-08-27 15:09,1,+25.4,+13.1,+16.0,+9.8,+28.3,+26.2,+19.8,+19.5,+19.3,+19.1,+19.2,+19.2,+19.0
2023-08-27 16:09,1,+25.3,+13.1,+15.9,+9.8,+28.3,+26.2,+19.8,+19.6,+19.2,+19.1,+19.2,+19.3,+19.0
2023-08-27 17:09,1,+25.3,+13.1,+15.9,+9.6,+28.2,+26.2,+19.8,+19.6,+19.3,+19.1,+19.2,+19.2,+19.0
2023-08-27 18:09,1,+25.5,+13.1,+15.9,+9.6,+28.2,+26.2,+19.8,+19.6,+19.3,+19.1,+19.2,+19.2,+19.0
2023-08-27 19:09,1,+25.6,+13.1,+15.9,+9.7,+28.2,+26.2,+19.7,+19.6,+19.3,+19.2,+19.2,+19.2,+19.0
2023-08-27 20:09,1,+25.9,+13.1,+15.9,+9.7,+28.3,+26.2,+19.7,+19.6,+19.3,+19.2,+19.2,+19.3,+19.0
2023-08-27 21:09,1,+26.3,+13.1,+15.9,+9.6,+28.2,+26.2,+19.7,+19.6,+19.3,+19.2,+19.2,+19.3,+19.0
2023-08-27 22:09,1,+26.2,+13.1,+15.9,+9.6,+28.2,+26.1,+19.6,+19.6,+19.3,+19.2,+19.2,+19.3,+19.0
2023-08-27 23:09,1,+26.1,+13.1,+15.9,+9.7,+28.2,+26.2,+19.6,+19.7,+19.3,+19.2,+19.2,+19.3,+19.0
2023-08-28 00:09,1,+26.0,+13.1,+15.9,+9.6,+28.2,+26.1,+19.6,+19.7,+19.3,+19.2,+19.2,+19.3,+19.0
2023-08-28 01:09,1,+25.9,+13.4,+16.0,+9.7,+28.2,+26.2,+19.5,+19.7,+19.5,+19.2,+19.2,+19.3,+19.0
2023-08-28 02:09,1,+25.9,+13.9,+16.5,+9.7,+28.2,+26.1,+19.5,+19.6,+19.5,+19.2,+19.2,+19.3,+19.0
2023-08-28 03:09,1,+25.9,+14.3,+16.6,+10.4,+28.6,+26.1,+19.3,+19.6,+19.5,+19.2,+19.2,+19.3,+19.0
2023-08-28 04:09,1,+25.8,+14.4,+16.6,+10.5,+28.8,+26.1,+19.3,+19.6,+19.5,+19.2,+19.2,+19.3,+19.0
2023-08-28 05:09,1,+25.7,+14.4,+16.6,+10.4,+28.8,+26.1,+19.3,+19.6,+19.5,+19.2,+19.2,+19.3,+19.0
2023-08-28 06:09,1,+25.7,+14.4,+16.6,+10.3,+28.7,+26.1,+19.1,+19.6,+19.5,+19.2,+19.2,+19.3,+19.0
2023-08-28 07:09,1,+25.7,+14.4,+16.6,+10.4,+28.7,+26.1,+19.2,+19.5,+19.5,+19.2,+19.2,+19.3,+19.0
2023-08-28 08:09,1,+25.6,+14.4,+16.6,+10.4,+28.8,+26.1,+19.2,+19.6,+19.5,+19.2,+19.2,+19.3,+19.0
2023-08-28 09:09,1,+25.5,+14.3,+16.6,+10.3,+28.8,+26.1,+19.3,+19.5,+19.5,+19.3,+19.2,+19.3,+19.0
2023-08-28 10:09,1,+25.4,+14.3,+16.6,+10.3,+28.7,+26.0,+19.3,+19.6,+19.5,+19.2,+19.2,+19.3,+19.0
2023-08-28 11:09,1,+25.4,+14.3,+16.5,+10.6,+28.8,+26.1,+19.5,+19.6,+19.3,+19.2,+19.2,+19.3,+19.0
2023-08-28 12:09,1,+25.3,+14.3,+16.5,+10.5,+28.7,+26.0,+19.6,+19.6,+19.5,+19.2,+19.2,+19.3,+19.0
2023-08-28 13:09,1,+25.3,+14.2,+16.5,+10.6,+28.8,+26.1,+19.7,+19.6,+19.5,+19.3,+19.2,+19.3,+19.0
2023-08-28 14:09,1,+25.2,+14.2,+16.5,+10.5,+28.7,+26.0,+19.7,+19.6,+19.5,+19.2,+19.2,+19.3,+19.0
2023-08-28 15:09,1,+25.2,+14.2,+16.5,+10.5,+28.7,+26.0,+19.7,+19.6,+19.5,+19.2,+19.2,+19.3,+19.0
2023-08-28 16:09,1,+25.2,+14.2,+16.5,+10.6,+28.8,+26.0,+19.7,+19.6,+19.5,+19.3,+19.2,+19.3,+19.0
2023-08-28 17:09,1,+25.1,+14.1,+16.5,+10.6,+28.8,+26.0,+19.7,+19.7,+19.5,+19.2,+19.3,+19.3,+19.0
2023-08-28 18:09,1,+25.1,+14.1,+16.5,+10.5,+28.7,+26.0,+19.7,+19.6,+19.5,+19.2,+19.3,+19.3,+19.0
2023-08-28 19:09,1,+25.1,+14.1,+16.5,+10.6,+28.7,+26.0,+19.7,+19.7,+19.5,+19.2,+19.3,+19.3,+19.0
2023-08-28 20:09,1,+25.0,+14.1,+16.5,+10.5,+28.7,+26.0,+19.6,+19.7,+19.5,+19.3,+19.3,+19.3,+19.0
2023-08-28 21:09,1,+25.0,+14.1,+16.5,+10.5,+28.7,+26.0,+19.6,+19.7,+19.6,+19.3,+19.2,+19.3,+19.0
2023-08-28 22:09,1,+25.0,+14.1,+16.5,+10.5,+28.7,+26.0,+19.6,+19.7,+19.5,+19.2,+19.3,+19.3,+19.0
2023-08-28 23:09,1,+25.0,+14.1,+16.5,+10.5,+28.7,+26.0,+19.6,+19.7,+19.5,+19.3,+19.3,+19.3,+19.0
2023-08-29 00:09,1,+25.0,+14.1,+16.5,+10.5,+28.7,+26.0,+19.5,+19.7,+19.5,+19.3,+19.3,+19.3,+19.0
2023-08-29 01:09,1,+24.9,+14.1,+16.5,+10.6,+28.8,+26.0,+19.5,+19.7,+19.5,+19.3,+19.3,+19.3,+19.0
2023-08-29 02:09,1,+24.9,+14.1,+16.5,+10.5,+28.7,+26.0,+19.5,+19.7,+19.5,+19.3,+19.3,+19.3,+19.0
2023-08-29 03:09,1,+24.9,+14.1,+16.5,+10.4,+28.7,+26.0,+19.5,+19.6,+19.5,+19.3,+19.3,+19.3,+19.0
2023-08-29 04:09,1,+24.8,+14.1,+16.5,+10.5,+28.7,+26.0,+19.3,+19.6,+19.5,+19.3,+19.3,+19.3,+19.0
2023-08-29 05:09,1,+24.8,+14.0,+16.4,+10.4,+28.7,+26.0,+19.3,+19.6,+19.5,+19.3,+19.3,+19.5,+19.0
2023-08-29 06:09,1,+24.8,+14.0,+16.4,+10.5,+28.7,+26.0,+19.3,+19.6,+19.6,+19.3,+19.3,+19.3,+19.0
2023-08-29 07:09,1,+24.8,+14.0,+16.4,+10.4,+28.7,+26.0,+19.3,+19.6,+19.5,+19.3,+19.3,+19.5,+19.0
2023-08-29 08:09,1,+24.8,+14.0,+16.4,+10.4,+28.7,+26.0,+19.3,+19.6,+19.5,+19.5,+19.3,+19.3,+19.0
2023-08-29 09:09,1,+24.8,+14.0,+16.4,+10.4,+28.7,+26.0,+19.5,+19.6,+19.5,+19.3,+19.3,+19.5,+19.1
2023-08-29 10:09,1,+24.7,+14.0,+16.4,+10.4,+28.7,+25.9,+19.5,+19.6,+19.6,+19.3,+19.3,+19.5,+19.0
2023-08-29 11:09,1,+24.6,+14.0,+16.4,+10.5,+28.7,+26.0,+19.6,+19.6,+19.5,+19.3,+19.3,+19.5,+19.0
2023-08-29 12:09,1,+24.6,+14.0,+16.4,+10.5,+28.7,+26.0,+19.7,+19.6,+19.6,+19.3,+19.3,+19.3,+19.0
2023-08-29 13:09,1,+24.6,+14.0,+16.4,+10.4,+28.6,+25.9,+20.0,+19.6,+19.5,+19.3,+19.3,+19.5,+19.0
2023-08-29 14:09,1,+24.5,+13.9,+16.4,+10.5,+28.7,+25.9,+20.0,+19.6,+19.5,+19.3,+19.3,+19.5,+19.0
2023-08-29 15:09,1,+24.5,+13.9,+16.4,+10.4,+28.6,+25.9,+20.0,+19.7,+19.5,+19.3,+19.3,+19.5,+19.1
2023-08-29 16:09,1,+24.5,+13.9,+16.4,+10.5,+28.7,+25.9,+20.1,+19.7,+19.6,+19.3,+19.3,+19.3,+19.0
2023-08-29 17:09,1,+24.5,+13.9,+16.3,+10.4,+28.6,+25.9,+20.1,+19.8,+19.5,+19.3,+19.3,+19.5,+19.1
2023-08-29 18:09,1,+24.5,+13.9,+16.3,+10.5,+28.7,+25.9,+20.1,+19.8,+19.5,+19.3,+19.3,+19.5,+19.1
2023-08-29 19:09,1,+24.4,+13.9,+16.3,+10.4,+28.6,+25.9,+20.1,+19.8,+19.6,+19.3,+19.3,+19.5,+19.1
2023-08-29 20:09,1,+24.4,+13.9,+16.3,+10.4,+28.6,+25.9,+20.0,+19.8,+19.6,+19.3,+19.3,+19.5,+19.0
2023-08-29 21:09,1,+24.4,+13.9,+16.3,+10.5,+28.6,+25.9,+20.0,+20.0,+19.6,+19.3,+19.3,+19.5,+19.1
2023-08-29 22:09,1,+24.4,+13.9,+16.3,+10.5,+28.6,+25.9,+20.0,+20.0,+19.6,+19.5,+19.3,+19.5,+19.1
2023-08-29 23:09,1,+24.4,+13.9,+16.3,+10.4,+28.6,+25.9,+19.8,+19.8,+19.6,+19.3,+19.3,+19.5,+19.0
2023-08-30 00:09,1,+24.4,+13.9,+16.3,+10.4,+28.6,+25.9,+19.8,+19.8,+19.7,+19.3,+19.3,+19.5,+19.1
2023-08-30 01:09,1,+24.4,+13.9,+16.3,+10.5,+28.6,+25.9,+19.8,+20.0,+19.7,+19.5,+19.3,+19.5,+19.1
2023-08-30 02:09,1,+24.3,+13.9,+16.3,+10.4,+28.6,+25.9,+19.7,+19.8,+19.6,+19.5,+19.3,+19.5,+19.1
2023-08-30 03:09,1,+24.3,+13.9,+16.3,+10.4,+28.6,+25.9,+19.7,+20.0,+19.6,+19.3,+19.3,+19.5,+19.1
2023-08-30 04:09,1,+24.3,+13.9,+16.3,+10.5,+28.6,+25.9,+19.6,+20.0,+19.7,+19.3,+19.5,+19.5,+19.1
2023-08-30 05:09,1,+24.3,+13.9,+16.3,+10.4,+28.6,+25.8,+19.6,+19.8,+19.7,+19.5,+19.3,+19.5,+19.1
2023-08-30 06:09,1,+24.2,+13.9,+16.3,+10.5,+28.6,+25.9,+19.6,+19.8,+19.7,+19.5,+19.3,+19.5,+19.1
2023-08-30 07:09,1,+24.2,+13.9,+16.3,+10.4,+28.6,+25.8,+19.6,+19.8,+19.6,+19.5,+19.3,+19.5,+19.1
2023-08-30 08:09,1,+24.2,+13.9,+16.3,+10.5,+28.6,+25.9,+19.5,+19.8,+19.7,+19.5,+19.3,+19.5,+19.1
2023-08-30 09:09,1,+24.1,+13.9,+16.3,+10.4,+28.6,+25.8,+19.6,+19.7,+19.7,+19.5,+19.3,+19.5,+19.0