
2023-07-25 08:22,3,+10.8,+11.3,+16.3,+15.9,+15.9,+17.3,+19.5,+19.8,+20.5,+20.5,+20.8,+20.6,+20.6
2023-07-25 09:22,3,+10.7,+11.3,+16.3,+15.9,+15.9,+17.3,+19.5,+19.8,+20.5,+20.5,+20.7,+20.6,+20.6
2023-07-25 10:22,3,+10.7,+11.3,+16.3,+15.9,+15.9,+17.3,+19.5,+19.8,+20.5,+20.5,+20.8,+20.6,+20.6
2023-07-25 11:22,3,+10.6,+11.4,+16.3,+16.0,+16.0,+17.4,+19.5,+19.8,+20.5,+20.5,+20.8,+20.6,+20.6
2023-07-25 12:22,3,+10.6,+11.5,+16.3,+16.0,+16.0,+17.3,+19.5,+19.8,+20.5,+20.5,+20.8,+20.6,+20.6
2023-07-25 13:22,3,+10.5,+11.3,+16.3,+16.0,+16.0,+17.3,+19.5,+19.8,+20.3,+20.3,+20.8,+20.6,+20.6
2023-07-25 14:22,3,+10.5,+11.3,+16.3,+15.9,+15.9,+17.3,+19.5,+19.8,+20.3,+20.3,+20.8,+20.6,+20.6
2023-07-25 15:22,3,+10.4,+11.3,+16.3,+16.0,+16.0,+17.4,+19.5,+19.8,+20.5,+20.5,+20.8,+20.6,+20.6
2023-07-25 16:22,3,+10.4,+11.3,+16.3,+15.8,+15.9,+17.3,+19.5,+19.8,+20.3,+20.3,+20.8,+20.6,+20.6
2023-07-25 17:22,3,+10.5,+11.3,+16.3,+16.0,+16.0,+17.4,+19.5,+19.8,+20.5,+20.5,+20.8,+20.6,+20.7
2023-07-25 18:22,3,+10.4,+11.3,+16.2,+15.8,+15.9,+17.3,+19.5,+19.8,+20.3,+20.3,+20.8,+20.6,+20.6
2023-07-25 19:22,3,+10.3,+11.2,+16.3,+16.0,+16.0,+17.3,+19.3,+19.8,+20.3,+20.3,+20.8,+20.6,+20.6
2023-07-25 20:22,3,+10.3,+11.4,+16.3,+15.9,+16.0,+17.3,+19.3,+19.8,+20.3,+20.3,+20.8,+20.6,+20.6
2023-07-25 21:22,3,+10.2,+11.5,+16.2,+16.0,+16.0,+17.4,+19.3,+19.8,+20.5,+20.5,+20.8,+20.6,+20.6
2023-07-25 22:22,3,+10.2,+11.5,+16.2,+16.0,+16.0,+17.4,+19.2,+19.8,+20.3,+20.5,+20.8,+20.6,+20.6
2023-07-25 23:22,3,+10.2,+11.5,+16.2,+16.0,+16.0,+17.4,+19.2,+19.7,+20.3,+20.5,+20.8,+20.6,+20.6
2023-07-26 00:22,3,+10.2,+12.0,+16.3,+15.9,+16.0,+17.3,+19.1,+19.7,+20.3,+20.3,+20.8,+20.6,+20.6
2023-07-26 01:22,3,+10.2,+12.0,+16.2,+16.0,+16.0,+17.4,+19.1,+19.7,+20.3,+20.3,+20.8,+20.6,+20.6
2023-07-26 02:22,3,+10.2,+11.6,+16.3,+16.0,+16.0,+17.4,+19.0,+19.7,+20.3,+20.3,+20.8,+20.6,+20.6
2023-07-26 03:22,3,+10.2,+11.5,+16.3,+15.9,+16.0,+17.4,+19.0,+19.7,+20.3,+20.3,+20.8,+20.6,+20.6
2023-07-26 04:22,3,+10.1,+11.5,+16.2,+16.0,+16.0,+17.4,+18.7,+19.6,+20.3,+20.3,+20.8,+20.6,+20.6
2023-07-26 05:22,3,+10.1,+11.5,+16.3,+15.9,+16.0,+17.4,+18.8,+19.6,+20.3,+20.3,+20.8,+20.6,+20.6
2023-07-26 06:22,3,+10.1,+11.5,+16.3,+16.0,+16.0,+17.4,+18.8,+19.6,+20.2,+20.3,+20.8,+20.6,+20.6
2023-07-26 07:22,3,+10.1,+11.5,+16.3,+16.0,+16.0,+17.4,+18.8,+19.5,+20.3,+20.3,+20.8,+20.6,+20.6
2023-07-26 08:22,3,+10.1,+11.5,+16.3,+15.9,+16.0,+17.4,+19.0,+19.6,+20.2,+20.3,+20.8,+20.6,+20.6
2023-07-26 09:22,3,+10.1,+11.5,+16.3,+16.0,+16.0,+17.4,+19.1,+19.5,+20.3,+20.3,+20.8,+20.6,+20.6
2023-07-26 10:22,3,+10.1,+11.5,+16.3,+16.0,+16.0,+17.4,+19.2,+19.5,+20.2,+20.3,+20.8,+20.6,+20.6
2023-07-26 11:22,3,+10.1,+11.5,+16.2,+15.9,+16.0,+17.4,+19.3,+19.6,+20.2,+20.3,+20.7,+20.6,+20.6
2023-07-26 12:22,3,+10.0,+11.5,+16.2,+16.0,+16.0,+17.4,+19.5,+19.6,+20.2,+20.3,+20.7,+20.6,+20.6
2023-07-26 13:22,3,+10.0,+11.5,+16.2,+16.0,+16.0,+17.4,+19.6,+19.6,+20.2,+20.3,+20.7,+20.6,+20.6
2023-07-26 14:22,3,+10.0,+11.5,+16.2,+16.0,+16.0,+17.4,+19.6,+19.6,+20.2,+20.3,+20.8,+20.6,+20.6
2023-07-26 15:22,3,+10.0,+11.5,+16.2,+16.0,+16.0,+17.4,+19.7,+19.7,+20.2,+20.3,+20.8,+20.6,+20.6
2023-07-26 16:22,3,+9.9,+11.5,+16.2,+15.9,+16.0,+17.4,+19.7,+19.7,+20.2,+20.3,+20.8,+20.6,+20.6
2023-07-26 17:22,3,+9.9,+11.5,+16.2,+16.0,+16.0,+17.4,+19.6,+19.7,+20.2,+20.3,+20.8,+20.6,+20.6
2023-07-26 18:22,3,+9.9,+11.5,+16.2,+15.9,+16.0,+17.4,+19.7,+19.7,+20.2,+20.3,+20.8,+20.6,+20.6
2023-07-26 19:22,3,+9.9,+11.5,+16.2,+16.0,+16.0,+17.4,+19.7,+19.7,+20.2,+20.3,+20.7,+20.6,+20.6
2023-07-26 20:22,3,+9.9,+11.5,+16.2,+15.9,+16.0,+17.4,+19.6,+19.8,+20.2,+20.3,+20.8,+20.6,+20.6
2023-07-26 21:22,3,+9.9,+11.5,+16.2,+16.0,+16.0,+17.4,+19.6,+19.8,+20.2,+20.3,+20.7,+20.6,+20.6
2023-07-26 22:22,3,+9.9,+11.5,+16.2,+15.9,+16.0,+17.4,+19.5,+19.8,+20.2,+20.3,+20.7,+20.6,+20.6
2023-07-26 23:22,3,+9.9,+11.4,+16.2,+16.0,+16.0,+17.4,+19.5,+19.7,+20.3,+20.3,+20.8,+20.6,+20.6
2023-07-27 00:22,3,+9.9,+11.3,+16.2,+16.0,+16.0,+17.4,+19.5,+19.8,+20.2,+20.3,+20.8,+20.6,+20.6
2023-07-27 01:22,3,+10.0,+11.3,+16.2,+16.0,+16.0,+17.4,+19.3,+19.7,+20.2,+20.3,+20.8,+20.6,+20.6
2023-07-27 02:22,3,+10.0,+11.3,+16.2,+16.0,+16.0,+17.4,+19.3,+19.7,+20.2,+20.3,+20.8,+20.6,+20.6
2023-07-27 03:22,3,+10.0,+11.3,+16.2,+15.9,+16.0,+17.4,+19.5,+19.7,+20.3,+20.3,+20.8,+20.6,+20.6
2023-07-27 04:22,3,+10.0,+11.3,+16.2,+15.9,+16.0,+17.4,+19.3,+19.8,+20.2,+20.3,+20.8,+20.6,+20.6
2023-07-27 05:22,3,+9.9,+11.3,+16.2,+16.0,+16.0,+17.4,+19.3,+19.7,+20.2,+20.3,+20.8,+20.6,+20.6
2023-07-27 06:22,3,+9.9,+11.3,+16.2,+16.0,+16.1,+17.4,+19.5,+19.8,+20.2,+20.2,+20.8,+20.6,+20.6
2023-07-27 07:22,3,+10.0,+11.3,+16.2,+16.0,+16.1,+17.4,+19.5,+19.7,+20.3,+20.3,+20.8,+20.6,+20.6
2023-07-27 08:22,3,+10.7,+11.3,+16.2,+16.0,+16.1,+17.4,+19.5,+19.7,+20.2,+20.2,+20.8,+20.5,+20.6
2023-07-27 09:22,3,+11.7,+11.4,+16.2,+15.9,+16.0,+17.4,+19.5,+19.7,+20.2,+20.3,+20.7,+20.6,+20.6
2023-07-27 10:22,3,+11.5,+11.3,+16.2,+16.0,+16.0,+17.4,+19.5,+19.7,+20.2,+20.3,+20.7,+20.6,+20.6
2023-07-27 11:22,3,+11.3,+11.3,+16.2,+16.0,+16.0,+17.4,+19.5,+19.7,+20.2,+20.3,+20.8,+20.5,+20.6
2023-07-27 12:22,3,+11.2,+11.3,+16.2,+16.0,+16.0,+17.4,+19.6,+19.8,+20.2,+20.3,+20.7,+20.6,+20.6
2023-07-27 13:22,3,+11.2,+11.3,+16.2,+15.8,+16.0,+17.4,+19.7,+19.7,+20.2,+20.3,+20.7,+20.6,+20.6
2023-07-27 14:22,3,+11.1,+11.3,+16.2,+15.9,+16.0,+17.4,+19.7,+19.8,+20.2,+20.3,+20.7,+20.5,+20.6
2023-07-27 15:22,3,+11.0,+11.3,+16.2,+15.9,+16.0,+17.4,+19.7,+19.7,+20.3,+20.3,+20.7,+20.6,+20.6
2023-07-27 16:22,3,+11.0,+11.3,+16.2,+15.8,+16.0,+17.4,+19.8,+19.8,+20.3,+20.3,+20.7,+20.6,+20.6
2023-07-27 17:22,3,+10.9,+11.3,+16.2,+16.0,+16.0,+17.4,+19.8,+19.8,+20.2,+20.2,+20.7,+20.6,+20.6
2023-07-27 18:22,3,+10.9,+11.3,+16.2,+16.0,+16.0,+17.4,+19.7,+19.8,+20.3,+20.3,+20.8,+20.6,+20.6
2023-07-27 19:22,3,+10.9,+11.3,+16.2,+15.8,+16.0,+17.4,+19.7,+19.8,+20.3,+20.3,+20.7,+20.5,+20.6
2023-07-27 20:22,3,+10.9,+11.3,+16.2,+15.8,+16.0,+17.4,+19.7,+19.8,+20.3,+20.2,+20.7,+20.5,+20.6
2023-07-27 21:22,3,+10.9,+11.3,+16.2,+15.9,+16.0,+17.4,+19.7,+20.0,+20.3,+20.3,+20.8,+20.5,+20.6
2023-07-27 22:22,3,+10.9,+11.3,+16.2,+15.8,+16.0,+17.4,+19.7,+19.8,+20.3,+20.3,+20.7,+20.6,+20.6
2023-07-27 23:22,3,+10.9,+11.3,+16.2,+15.8,+16.0,+17.4,+19.7,+19.8,+20.3,+20.3,+20.8,+20.5,+20.6
2023-07-28 00:22,3,+10.9,+11.3,+16.2,+15.8,+16.0,+17.4,+19.6,+19.8,+20.2,+20.3,+20.7,+20.6,+20.6
2023-07-28 01:22,3,+10.8,+11.3,+16.2,+16.0,+16.0,+17.5,+19.6,+19.8,+20.3,+20.3,+20.8,+20.5,+20.6
2023-07-28 02:22,3,+10.7,+11.3,+16.2,+16.0,+16.0,+17.4,+19.5,+20.0,+20.3,+20.3,+20.7,+20.6,+20.6
2023-07-28 03:22,3,+10.7,+11.3,+16.2,+16.0,+16.0,+17.5,+19.5,+19.8,+20.3,+20.3,+20.7,+20.6,+20.6
2023-07-28 04:22,3,+10.7,+11.3,+16.2,+16.0,+16.0,+17.5,+19.3,+19.8,+20.3,+20.3,+20.7,+20.5,+20.6
2023-07-28 05:22,3,+10.8,+11.3,+16.2,+15.8,+16.0,+17.4,+19.3,+19.8,+20.3,+20.3,+20.8,+20.5,+20.6
2023-07-28 06:22,3,+10.7,+11.3,+16.2,+16.0,+16.0,+17.5,+19.3,+19.8,+20.3,+20.3,+20.7,+20.5,+20.6
2023-07-28 07:22,3,+11.0,+11.3,+16.2,+16.0,+16.0,+17.4,+19.3,+19.8,+20.2,+20.3,+20.7,+20.5,+20.6
2023-07-28 08:22,3,+10.5,+11.3,+16.2,+15.9,+16.0,+17.4,+19.5,+19.8,+20.3,+20.3,+20.7,+20.6,+20.6
2023-07-28 09:22,3,+10.5,+11.3,+16.2,+16.0,+16.0,+17.5,+19.6,+19.8,+20.3,+20.3,+20.7,+20.6,+20.6
2023-07-28 10:22,3,+10.4,+11.3,+16.2,+16.0,+16.0,+17.5,+19.6,+19.8,+20.3,+20.3,+20.7,+20.5,+20.6
2023-07-28 11:22,3,+10.5,+11.3,+16.2,+16.0,+16.0,+17.5,+19.7,+19.8,+20.3,+20.3,+20.7,+20.5,+20.6
2023-07-28 12:22,3,+10.4,+11.3,+16.2,+16.0,+16.0,+17.4,+19.8,+19.8,+20.2,+20.3,+20.7,+20.6,+20.6
2023-07-28 13:22,3,+10.4,+11.2,+16.2,+16.0,+16.0,+17.4,+20.0,+19.8,+20.3,+20.3,+20.7,+20.5,+20.6
2023-07-28 14:22,3,+10.4,+11.2,+16.2,+15.9,+16.0,+17.4,+20.0,+19.8,+20.3,+20.3,+20.7,+20.6,+20.6
2023-07-28 15:22,3,+10.3,+11.2,+16.1,+16.0,+16.0,+17.4,+20.1,+20.0,+20.3,+20.3,+20.7,+20.5,+20.6
2023-07-28 16:22,3,+10.3,+11.2,+16.2,+16.0,+16.0,+17.4,+20.2,+20.0,+20.3,+20.3,+20.7,+20.5,+20.6
2023-07-28 17:22,3,+10.3,+11.2,+16.2,+16.0,+16.0,+17.4,+20.2,+20.0,+20.3,+20.3,+20.7,+20.5,+20.6
2023-07-28 18:22,3,+10.4,+11.2,+16.2,+15.8,+16.0,+17.4,+20.2,+20.1,+20.3,+20.3,+20.7,+20.5,+20.6
2023-07-28 19:22,3,+10.3,+11.2,+16.2,+15.8,+16.0,+17.4,+20.3,+20.1,+20.3,+20.3,+20.7,+20.6,+20.6
2023-07-28 20:22,3,+10.4,+11.2,+16.2,+15.9,+16.0,+17.4,+20.2,+20.1,+20.3,+20.3,+20.7,+20.6,+20.6
2023-07-28 21:22,3,+10.3,+11.2,+16.2,+15.9,+16.0,+17.4,+20.3,+20.1,+20.3,+20.3,+20.7,+20.5,+20.6
2023-07-28 22:22,3,+10.2,+11.2,+16.2,+15.8,+16.0,+17.4,+20.3,+20.2,+20.5,+20.3,+20.7,+20.6,+20.6
2023-07-28 23:22,3,+10.2,+11.2,+16.2,+15.8,+16.0,+17.4,+20.2,+20.2,+20.3,+20.3,+20.7,+20.5,+20.6
2023-07-29 00:22,3,+10.2,+11.2,+16.2,+15.8,+15.9,+17.4,+20.2,+20.2,+20.5,+20.3,+20.7,+20.6,+20.6
2023-07-29 01:22,3,+10.2,+11.2,+16.2,+16.0,+16.0,+17.5,+20.2,+20.2,+20.5,+20.3,+20.7,+20.6,+20.6
2023-07-29 02:22,3,+10.2,+11.2,+16.2,+15.8,+15.9,+17.4,+20.2,+20.2,+20.5,+20.3,+20.8,+20.6,+20.6
2023-07-29 03:22,3,+10.2,+11.2,+16.2,+15.8,+15.9,+17.4,+20.1,+20.2,+20.5,+20.3,+20.7,+20.5,+20.6
2023-07-29 04:22,3,+10.3,+11.2,+16.2,+15.9,+16.0,+17.5,+20.1,+20.2,+20.5,+20.5,+20.7,+20.6,+20.6
2023-07-29 05:22,3,+10.3,+11.2,+16.2,+16.0,+16.0,+17.5,+20.1,+20.2,+20.5,+20.3,+20.7,+20.5,+20.6
2023-07-29 06:22,3,+10.3,+11.2,+16.2,+16.0,+16.0,+17.5,+20.0,+20.2,+20.5,+20.3,+20.8,+20.6,+20.6
2023-07-29 07:22,3,+10.3,+11.2,+16.2,+15.8,+16.0,+17.4,+20.1,+20.2,+20.5,+20.5,+20.7,+20.6,+20.6
2023-07-29 08:22,3,+10.3,+11.2,+16.2,+16.0,+16.0,+17.5,+20.1,+20.2,+20.5,+20.5,+20.8,+20.6,+20.7
2023-07-29 09:22,3,+10.3,+11.2,+16.2,+16.0,+16.0,+17.5,+20.2,+20.2,+20.5,+20.3,+20.8,+20.5,+20.6
2023-07-29 10:22,3,+10.3,+11.2,+16.2,+15.8,+16.0,+17.4,+20.3,+20.2,+20.6,+20.3,+20.8,+20.6,+20.6
2023-07-29 11:22,3,+10.0,+11.2,+16.2,+15.8,+16.0,+17.4,+20.3,+20.2,+20.6,+20.3,+20.8,+20.6,+20.6
2023-07-29 12:22,3,+9.8,+11.2,+16.2,+15.8,+16.0,+17.4,+20.5,+20.2,+20.6,+20.5,+20.8,+20.5,+20.6
2023-07-29 13:22,3,+9.8,+11.2,+16.1,+16.0,+16.0,+17.4,+20.6,+20.3,+20.5,+20.3,+20.8,+20.5,+20.6
2023-07-29 14:22,3,+9.7,+11.2,+16.1,+16.0,+16.0,+17.4,+20.6,+20.3,+20.6,+20.3,+20.7,+20.5,+20.6
2023-07-29 15:22,3,+9.9,+11.1,+16.1,+15.8,+15.9,+17.4,+20.7,+20.3,+20.6,+20.3,+20.7,+20.5,+20.6
2023-07-29 16:22,3,+9.9,+11.1,+16.1,+15.8,+15.9,+17.4,+20.7,+20.5,+20.6,+20.3,+20.8,+20.5,+20.6
2023-07-29 17:22,3,+9.9,+11.1,+16.1,+15.8,+15.9,+17.4,+20.7,+20.5,+20.6,+20.5,+20.7,+20.5,+20.6
2023-07-29 18:22,3,+9.9,+11.1,+16.1,+15.9,+16.0,+17.4,+20.6,+20.5,+20.6,+20.3,+20.7,+20.5,+20.6
2023-07-29 19:22,3,+9.9,+11.1,+16.1,+15.8,+15.9,+17.4,+20.6,+20.5,+20.6,+20.5,+20.8,+20.6,+20.6
2023-07-29 20:22,3,+9.9,+11.1,+16.1,+15.8,+15.9,+17.4,+20.5,+20.5,+20.6,+20.5,+20.7,+20.6,+20.6
2023-07-29 21:22,3,+9.8,+11.1,+16.1,+15.8,+15.9,+17.4,+20.5,+20.5,+20.6,+20.5,+20.7,+20.6,+20.6
2023-07-29 22:22,3,+9.8,+11.1,+16.1,+15.8,+15.9,+17.4,+20.5,+20.5,+20.6,+20.5,+20.8,+20.5,+20.6
2023-07-29 23:22,3,+9.8,+11.1,+16.1,+15.8,+15.9,+17.4,+20.3,+20.5,+20.6,+20.5,+20.7,+20.6,+20.6
2023-07-30 00:22,3,+9.8,+11.1,+16.1,+15.9,+16.0,+17.4,+20.5,+20.5,+20.7,+20.5,+20.8,+20.5,+20.6
2023-07-30 01:22,3,+9.8,+11.0,+16.1,+15.8,+16.0,+17.4,+20.3,+20.5,+20.7,+20.5,+20.8,+20.6,+20.6
2023-07-30 02:22,3,+9.8,+11.0,+16.1,+16.0,+16.0,+17.5,+20.3,+20.3,+20.7,+20.5,+20.8,+20.6,+20.6
2023-07-30 03:22,3,+9.7,+11.0,+16.1,+16.0,+16.0,+17.4,+20.3,+20.5,+20.7,+20.5,+20.8,+20.6,+20.6
2023-07-30 04:22,3,+9.7,+11.0,+16.1,+16.0,+16.0,+17.5,+20.2,+20.5,+20.6,+20.5,+20.8,+20.6,+20.5
2023-07-30 05:22,3,+9.6,+10.9,+16.1,+15.9,+16.0,+17.5,+20.2,+20.5,+20.7,+20.5,+20.8,+20.6,+20.6
2023-07-30 06:22,3,+9.6,+10.9,+16.1,+15.8,+15.9,+17.4,+20.2,+20.3,+20.7,+20.5,+20.8,+20.6,+20.6
2023-07-30 07:22,3,+9.6,+10.9,+16.1,+16.0,+16.0,+17.5,+20.2,+20.3,+20.7,+20.5,+20.8,+20.6,+20.6
2023-07-30 08:22,3,+9.6,+10.9,+16.1,+16.0,+16.0,+17.5,+20.3,+20.5,+20.7,+20.5,+20.8,+20.6,+20.6
2023-07-30 09:22,3,+9.7,+10.9,+16.1,+15.8,+16.0,+17.4,+20.2,+20.3,+20.6,+20.5,+20.8,+20.6,+20.6
2023-07-30 10:22,3,+9.7,+10.9,+16.1,+15.8,+16.0,+17.4,+20.3,+20.3,+20.7,+20.6,+20.8,+20.6,+20.6
2023-07-30 11:22,3,+9.7,+10.9,+16.1,+15.8,+16.0,+17.4,+20.3,+20.3,+20.7,+20.5,+20.8,+20.6,+20.6
2023-07-30 12:22,3,+9.6,+10.9,+16.1,+15.8,+16.0,+17.4,+20.5,+20.5,+20.7,+20.6,+20.8,+20.6,+20.6
2023-07-30 13:22,3,+9.6,+10.9,+16.1,+15.8,+16.0,+17.4,+20.3,+20.5,+20.7,+20.5,+20.8,+20.6,+20.6
2023-07-30 14:22,3,+9.6,+10.9,+16.1,+15.8,+16.0,+17.4,+20.3,+20.5,+20.6,+20.5,+20.8,+20.6,+20.6
2023-07-30 15:22,3,+9.6,+10.9,+16.1,+15.8,+16.0,+17.4,+20.3,+20.3,+20.7,+20.5,+20.8,+20.6,+20.6
2023-07-30 16:22,3,+9.5,+10.9,+16.1,+15.8,+16.0,+17.4,+20.3,+20.5,+20.7,+20.5,+20.8,+20.6,+20.6
2023-07-30 17:22,3,+9.5,+10.9,+16.2,+16.0,+16.0,+17.5,+20.3,+20.5,+20.7,+20.5,+20.8,+20.6,+20.6
2023-07-30 18:22,3,+9.6,+10.9,+16.1,+15.8,+16.0,+17.4,+20.3,+20.3,+20.7,+20.5,+20.8,+20.6,+20.6
2023-07-30 19:22,3,+9.6,+10.8,+16.1,+15.9,+16.0,+17.4,+20.3,+20.3,+20.7,+20.5,+20.8,+20.6,+20.6
2023-07-30 20:22,3,+9.6,+10.8,+16.1,+16.0,+16.0,+17.5,+20.2,+20.5,+20.7,+20.5,+21.0,+20.6,+20.6
2023-07-30 21:22,3,+9.6,+10.8,+16.1,+15.8,+16.0,+17.4,+20.2,+20.3,+20.7,+20.5,+20.8,+20.6,+20.6
2023-07-30 22:22,3,+9.6,+10.8,+16.1,+15.8,+16.0,+17.4,+20.1,+20.3,+20.7,+20.6,+20.8,+20.6,+20.6
2023-07-30 23:22,3,+9.6,+10.8,+16.1,+16.0,+16.0,+17.5,+20.1,+20.3,+20.7,+20.6,+20.8,+20.6,+20.6
2023-07-31 00:22,3,+9.6,+10.8,+16.2,+15.8,+16.0,+17.5,+20.1,+20.3,+20.7,+20.5,+20.8,+20.6,+20.6
2023-07-31 01:22,3,+9.6,+10.8,+16.1,+15.9,+16.0,+17.5,+20.1,+20.3,+20.7,+20.6,+20.8,+20.6,+20.6
2023-07-31 02:22,3,+9.6,+10.8,+16.1,+16.0,+16.0,+17.5,+20.1,+20.3,+20.7,+20.6,+20.8,+20.6,+20.6
2023-07-31 03:22,3,+9.6,+10.8,+16.2,+16.0,+16.0,+17.5,+20.1,+20.3,+20.7,+20.6,+20.8,+20.6,+20.6
2023-07-31 04:22,3,+9.6,+10.8,+16.2,+16.0,+16.0,+17.5,+20.0,+20.3,+20.7,+20.6,+20.8,+20.6,+20.6
2023-07-31 05:22,3,+9.5,+10.8,+16.2,+16.0,+16.0,+17.5,+20.0,+20.3,+20.6,+20.6,+20.8,+20.6,+20.6
2023-07-31 06:22,3,+9.5,+10.8,+16.2,+15.8,+16.0,+17.5,+20.1,+20.3,+20.7,+20.6,+20.8,+20.6,+20.6
2023-07-31 07:22,3,+9.4,+10.8,+16.2,+15.8,+16.0,+17.5,+20.1,+20.3,+20.7,+20.6,+20.8,+20.6,+20.6
2023-07-31 08:22,3,+9.3,+10.8,+16.2,+15.9,+16.0,+17.5,+20.1,+20.3,+20.6,+20.6,+21.0,+20.6,+20.6
2023-07-31 09:22,3,+9.3,+10.8,+16.2,+15.9,+16.0,+17.5,+20.2,+20.3,+20.7,+20.5,+21.0,+20.6,+20.6
2023-07-31 10:22,3,+9.3,+10.8,+16.2,+15.9,+16.0,+17.5,+20.3,+20.3,+20.7,+20.5,+20.8,+20.6,+20.6
2023-07-31 11:22,3,+9.3,+10.8,+16.2,+15.6,+16.0,+17.5,+20.5,+20.3,+20.6,+20.6,+21.0,+20.6,+20.6
2023-07-31 12:22,3,+9.3,+10.8,+16.2,+15.6,+16.0,+17.5,+20.6,+20.3,+20.7,+20.6,+21.0,+20.7,+20.6
2023-07-31 13:22,3,+9.2,+10.8,+16.2,+15.6,+16.0,+17.5,+20.6,+20.3,+20.6,+20.6,+20.8,+20.6,+20.6
2023-07-31 14:22,3,+9.2,+10.8,+16.2,+15.6,+16.0,+17.5,+20.6,+20.5,+20.7,+20.6,+21.0,+20.6,+20.6
2023-07-31 15:22,3,+9.2,+10.8,+16.1,+15.7,+16.0,+17.5,+20.6,+20.5,+20.7,+20.5,+20.8,+20.6,+20.6
2023-07-31 16:22,3,+9.2,+10.8,+16.1,+15.7,+16.0,+17.5,+20.5,+20.5,+20.7,+20.6,+21.0,+20.7,+20.6
2023-07-31 17:22,3,+9.1,+10.8,+16.1,+15.7,+16.0,+17.5,+20.5,+20.5,+20.7,+20.5,+20.8,+20.6,+20.6
2023-07-31 18:22,3,+9.1,+10.8,+16.1,+15.7,+16.0,+17.5,+20.5,+20.5,+20.7,+20.6,+20.8,+20.7,+20.6
2023-07-31 19:22,3,+9.1,+10.8,+16.1,+15.7,+16.0,+17.5,+20.3,+20.5,+20.7,+20.6,+21.0,+20.6,+20.6
2023-07-31 20:22,3,+9.1,+10.8,+16.1,+15.7,+16.0,+17.5,+20.3,+20.5,+20.7,+20.5,+20.8,+20.6,+20.6
2023-07-31 21:22,3,+9.1,+10.8,+16.1,+15.7,+16.0,+17.5,+20.3,+20.5,+20.7,+20.6,+21.0,+20.6,+20.6
2023-07-31 22:22,3,+9.1,+10.8,+16.1,+15.6,+16.0,+17.5,+20.3,+20.5,+20.7,+20.6,+21.0,+20.7,+20.6
2023-07-31 23:22,3,+9.2,+10.8,+16.0,+15.7,+16.0,+17.5,+20.3,+20.5,+20.7,+20.6,+20.8,+20.6,+20.6
2023-08-01 00:22,3,+9.1,+10.8,+16.0,+15.6,+16.0,+17.5,+20.3,+20.5,+20.8,+20.6,+21.0,+20.7,+20.6
2023-08-01 01:22,3,+9.1,+10.8,+15.9,+15.6,+16.0,+17.5,+20.2,+20.5,+20.7,+20.5,+20.8,+20.7,+20.7
2023-08-01 02:22,3,+9.1,+10.8,+15.9,+15.6,+16.0,+17.5,+20.2,+20.5,+20.7,+20.6,+21.0,+20.6,+20.6
2023-08-01 03:22,3,+9.1,+10.8,+16.0,+15.7,+16.0,+17.5,+20.2,+20.5,+20.7,+20.6,+21.0,+20.7,+20.6
2023-08-01 04:22,3,+9.2,+10.8,+15.9,+15.6,+16.0,+17.5,+20.2,+20.5,+20.7,+20.6,+21.0,+20.7,+20.6
2023-08-01 05:22,3,+9.2,+10.8,+16.0,+15.6,+16.0,+17.5,+20.1,+20.5,+20.7,+20.6,+21.0,+20.6,+20.6
2023-08-01 06:22,3,+9.4,+10.9,+16.0,+15.7,+16.0,+17.5,+20.1,+20.3,+20.7,+20.6,+21.0,+20.7,+20.6
2023-08-01 07:22,3,+9.5,+10.9,+16.0,+15.7,+16.0,+17.5,+20.1,+20.3,+20.7,+20.6,+21.0,+20.6,+20.6
2023-08-01 08:22,3,+9.5,+10.9,+16.0,+15.7,+16.0,+17.5,+20.2,+20.3,+20.7,+20.6,+21.0,+20.7,+20.7
2023-08-01 09:22,3,+9.5,+10.9,+16.0,+15.7,+16.0,+17.5,+20.2,+20.5,+20.7,+20.6,+21.0,+20.7,+20.7
2023-08-01 10:22,3,+9.6,+10.9,+16.0,+15.7,+16.0,+17.5,+20.3,+20.3,+20.7,+20.6,+21.0,+20.7,+20.7
2023-08-01 11:22,3,+9.6,+10.9,+16.0,+15.7,+16.0,+17.5,+20.5,+20.5,+20.7,+20.6,+21.0,+20.6,+20.7
2023-08-01 12:22,3,+9.6,+11.0,+15.9,+15.6,+16.0,+17.5,+20.5,+20.3,+20.8,+20.6,+21.0,+20.6,+20.6
2023-08-01 13:22,3,+9.8,+10.9,+15.9,+15.7,+16.0,+17.5,+20.5,+20.5,+20.7,+20.6,+21.0,+20.7,+20.6
2023-08-01 14:22,3,+9.8,+11.3,+16.0,+15.7,+16.0,+17.5,+20.5,+20.5,+20.8,+20.6,+21.0,+20.6,+20.7
2023-08-01 15:22,3,+9.6,+11.4,+15.9,+15.6,+16.0,+17.5,+20.6,+20.5,+20.7,+20.6,+21.0,+20.7,+20.6
2023-08-01 16:22,3,+9.5,+11.6,+16.0,+15.6,+16.0,+17.5,+20.6,+20.5,+20.7,+20.6,+21.0,+20.7,+20.6
2023-08-01 17:22,3,+9.6,+11.8,+16.0,+15.7,+16.0,+17.5,+20.6,+20.5,+20.8,+20.6,+21.0,+20.6,+20.7
2023-08-01 18:22,3,+9.6,+11.8,+16.0,+15.6,+16.0,+17.5,+20.6,+20.5,+20.7,+20.6,+21.0,+20.7,+20.7
2023-08-01 19:22,3,+9.6,+12.2,+16.0,+15.6,+16.0,+17.5,+20.5,+20.6,+20.8,+20.6,+21.0,+20.7,+20.7
2023-08-01 20:22,3,+9.4,+11.9,+16.0,+15.7,+16.0,+17.5,+20.5,+20.6,+20.8,+20.6,+21.0,+20.7,+20.7
2023-08-01 21:22,3,+9.3,+12.9,+16.0,+15.6,+16.0,+17.5,+20.3,+20.6,+20.8,+20.6,+21.0,+20.7,+20.6
2023-08-01 22:22,3,+9.3,+12.2,+16.6,+15.7,+16.0,+17.5,+20.3,+20.5,+20.8,+20.6,+21.0,+20.7,+20.7
2023-08-01 23:22,3,+9.4,+12.3,+16.3,+15.6,+16.0,+17.5,+20.2,+20.5,+20.8,+20.6,+21.0,+20.7,+20.7
2023-08-02 00:22,3,+9.6,+11.9,+16.4,+15.6,+16.0,+17.5,+20.1,+20.5,+20.8,+20.7,+21.0,+20.7,+20.7
2023-08-02 01:22,3,+9.5,+11.3,+16.4,+15.6,+16.0,+17.5,+20.1,+20.5,+20.8,+20.7,+21.0,+20.7,+20.7
2023-08-02 02:22,3,+9.4,+11.4,+16.5,+15.7,+16.0,+17.5,+20.0,+20.5,+20.8,+20.7,+21.0,+20.6,+20.7
2023-08-02 03:22,3,+9.4,+11.4,+16.5,+15.6,+16.0,+17.5,+20.0,+20.5,+20.8,+20.6,+21.0,+20.7,+20.7
2023-08-02 04:22,3,+9.4,+11.4,+16.4,+15.6,+16.0,+17.5,+20.0,+20.5,+20.8,+20.7,+21.0,+20.7,+20.7
2023-08-02 05:22,3,+9.3,+11.4,+16.4,+15.6,+16.0,+17.5,+20.0,+20.3,+20.7,+20.7,+21.1,+20.7,+20.7
2023-08-02 06:22,3,+9.3,+11.6,+16.4,+15.8,+16.0,+17.5,+20.0,+20.3,+20.8,+20.7,+21.0,+20.7,+20.7
2023-08-02 07:22,3,+9.3,+11.4,+16.4,+15.8,+16.0,+17.5,+20.0,+20.3,+20.8,+20.7,+21.0,+20.7,+20.7
2023-08-02 08:22,3,+9.1,+11.4,+16.4,+15.7,+16.0,+17.5,+20.1,+20.3,+20.8,+20.7,+21.1,+20.7,+20.7
2023-08-02 09:22,3,+9.0,+11.4,+16.4,+15.8,+16.0,+17.5,+20.1,+20.3,+20.8,+20.7,+21.0,+20.7,+20.7
2023-08-02 10:22,3,+9.0,+11.4,+16.4,+15.8,+16.0,+17.5,+20.2,+20.3,+20.7,+20.7,+21.0,+20.7,+20.7
2023-08-02 11:22,3,+8.9,+11.4,+16.4,+15.6,+16.0,+17.5,+20.3,+20.3,+20.8,+20.6,+21.0,+20.7,+20.7
2023-08-02 12:22,3,+8.9,+11.3,+16.4,+15.6,+16.0,+17.5,+20.5,+20.3,+20.7,+20.6,+21.0,+20.7,+20.7
2023-08-02 13:22,3,+8.9,+11.5,+16.3,+15.6,+16.0,+17.5,+20.5,+20.5,+20.7,+20.7,+21.1,+20.7,+20.6
2023-08-02 14:22,3,+8.9,+11.5,+16.3,+15.6,+16.0,+17.5,+20.6,+20.5,+20.8,+20.7,+21.0,+20.7,+20.7
2023-08-02 15:22,3,+9.0,+11.5,+16.3,+15.8,+16.0,+17.5,+20.5,+20.5,+20.8,+20.6,+21.0,+20.7,+20.7
2023-08-02 16:22,3,+8.8,+11.4,+16.4,+15.8,+16.0,+17.5,+20.6,+20.5,+20.7,+20.6,+21.0,+20.7,+20.7
2023-08-02 17:22,3,+8.7,+11.4,+16.5,+15.8,+16.0,+17.5,+20.5,+20.6,+20.8,+20.7,+21.0,+20.7,+20.7
2023-08-02 18:22,3,+8.7,+11.6,+16.5,+15.8,+16.0,+17.5,+20.3,+20.6,+20.8,+20.6,+21.0,+20.7,+20.7
2023-08-02 19:22,3,+8.8,+11.6,+16.5,+15.6,+16.0,+17.5,+20.3,+20.5,+20.8,+20.7,+21.0,+20.7,+20.7
2023-08-02 20:22,3,+8.9,+11.6,+16.5,+15.8,+16.0,+17.5,+20.2,+20.5,+20.8,+20.6,+21.1,+20.7,+20.7
2023-08-02 21:22,3,+8.9,+11.6,+16.5,+15.6,+16.0,+17.5,+20.2,+20.5,+20.8,+20.6,+21.1,+20.7,+20.7
2023-08-02 22:22,3,+9.0,+11.4,+16.5,+15.6,+16.0,+17.5,+20.2,+20.5,+20.8,+20.7,+21.0,+20.7,+20.7
2023-08-02 23:22,3,+8.9,+11.4,+16.5,+15.6,+16.0,+17.5,+20.1,+20.5,+20.8,+20.6,+21.0,+20.7,+20.7
2023-08-03 00:22,3,+8.9,+11.4,+16.5,+15.6,+16.0,+17.5,+20.1,+20.5,+20.8,+20.7,+21.0,+20.7,+20.7
2023-08-03 01:22,3,+8.9,+11.4,+16.5,+15.6,+16.0,+17.5,+20.1,+20.3,+20.8,+20.7,+21.1,+20.7,+20.7
2023-08-03 02:22,3,+8.9,+11.4,+16.5,+15.7,+16.0,+17.5,+20.0,+20.5,+20.8,+20.7,+21.0,+20.7,+20.7
2023-08-03 03:22,3,+8.8,+11.5,+16.5,+15.6,+16.0,+17.5,+19.8,+20.3,+20.8,+20.7,+21.0,+20.7,+20.7
2023-08-03 04:22,3,+8.8,+11.8,+16.5,+15.6,+16.0,+17.5,+19.8,+20.3,+20.8,+20.7,+21.0,+20.7,+20.7
2023-08-03 05:22,3,+8.8,+11.7,+16.5,+15.8,+16.0,+17.5,+19.7,+20.3,+20.8,+20.6,+21.0,+20.7,+20.7
2023-08-03 06:22,3,+8.8,+11.6,+16.5,+15.7,+16.0,+17.5,+19.7,+20.2,+20.7,+20.6,+21.0,+20.7,+20.7
2023-08-03 07:22,3,+8.8,+11.2,+16.5,+15.8,+16.0,+17.5,+19.7,+20.3,+20.8,+20.6,+21.1,+20.7,+20.7
2023-08-03 08:22,3,+8.8,+11.2,+16.5,+15.6,+16.0,+17.5,+19.8,+20.3,+20.8,+20.7,+21.0,+20.7,+20.7
2023-08-03 09:22,3,+8.8,+11.2,+16.5,+15.8,+16.0,+17.5,+19.8,+20.2,+20.8,+20.7,+21.1,+20.7,+20.7
2023-08-03 10:22,3,+8.9,+11.1,+16.5,+15.8,+16.0,+17.5,+20.0,+20.3,+20.7,+20.7,+21.1,+20.7,+20.7
2023-08-03 11:22,3,+9.0,+11.1,+16.5,+15.6,+16.0,+17.5,+20.1,+20.2,+20.7,+20.7,+21.0,+20.7,+20.7
2023-08-03 12:22,3,+9.0,+11.4,+16.5,+15.6,+16.0,+17.5,+20.2,+20.3,+20.7,+20.6,+21.0,+20.8,+20.7
2023-08-03 13:22,3,+8.9,+11.9,+16.5,+15.6,+16.0,+17.5,+20.2,+20.3,+20.7,+20.7,+21.0,+20.7,+20.7
2023-08-03 14:22,3,+9.0,+11.8,+16.4,+15.8,+16.0,+17.5,+20.2,+20.3,+20.7,+20.6,+21.0,+20.7,+20.7
2023-08-03 15:22,3,+9.0,+11.8,+16.5,+15.6,+16.0,+17.5,+20.3,+20.3,+20.7,+20.6,+21.1,+20.7,+20.7
2023-08-03 16:22,3,+9.0,+12.0,+16.5,+15.7,+16.0,+17.5,+20.3,+20.3,+20.7,+20.7,+21.0,+20.7,+20.7
2023-08-03 17:22,3,+9.1,+11.9,+16.5,+15.8,+16.0,+17.5,+20.3,+20.3,+20.7,+20.6,+21.0,+20.7,+20.7
2023-08-03 18:22,3,+9.5,+11.9,+16.4,+15.6,+16.0,+17.5,+20.3,+20.5,+20.7,+20.6,+21.1,+20.7,+20.7
2023-08-03 19:22,3,+9.5,+11.9,+16.4,+15.6,+16.0,+17.5,+20.3,+20.3,+20.7,+20.6,+21.0,+20.7,+20.7
2023-08-03 20:22,3,+9.5,+11.8,+16.4,+15.8,+16.0,+17.5,+20.3,+20.5,+20.7,+20.7,+21.1,+20.7,+20.7
2023-08-03 21:22,3,+9.4,+11.8,+16.4,+15.6,+16.0,+17.5,+20.3,+20.5,+20.7,+20.6,+21.0,+20.7,+20.7
2023-08-03 22:22,3,+9.2,+12.0,+16.4,+15.6,+16.0,+17.5,+20.3,+20.5,+20.7,+20.6,+21.0,+20.7,+20.7
2023-08-03 23:22,3,+9.4,+12.0,+16.4,+15.8,+16.0,+17.5,+20.2,+20.5,+20.7,+20.6,+21.1,+20.7,+20.7
2023-08-04 00:22,3,+9.6,+12.1,+16.4,+15.6,+16.0,+17.5,+20.1,+20.5,+20.7,+20.6,+21.0,+20.7,+20.7
2023-08-04 01:22,3,+9.1,+12.3,+16.5,+15.8,+16.0,+17.5,+20.1,+20.5,+20.7,+20.6,+21.0,+20.7,+20.7
2023-08-04 02:22,3,+9.2,+11.8,+16.4,+15.8,+16.0,+17.5,+20.2,+20.5,+20.7,+20.7,+21.0,+20.8,+20.7
2023-08-04 03:22,3,+9.1,+11.9,+16.4,+15.6,+16.0,+17.5,+20.2,+20.3,+20.7,+20.6,+21.1,+20.7,+20.7
2023-08-04 04:22,3,+9.1,+12.2,+16.4,+15.8,+16.0,+17.5,+20.1,+20.3,+20.8,+20.7,+21.1,+20.7,+20.7
2023-08-04 05:22,3,+9.2,+12.2,+16.4,+15.6,+16.0,+17.5,+20.1,+20.5,+20.8,+20.7,+21.1,+20.7,+20.8
2023-08-04 06:22,3,+8.9,+12.2,+16.4,+15.8,+16.0,+17.5,+20.2,+20.3,+20.7,+20.6,+21.1,+20.7,+20.8
2023-08-04 07:22,3,+9.0,+12.1,+16.4,+15.8,+16.0,+17.5,+20.1,+20.5,+20.8,+20.6,+21.1,+20.7,+20.7
2023-08-04 08:22,3,+8.9,+12.1,+16.4,+15.6,+16.0,+17.5,+20.1,+20.5,+20.7,+20.6,+21.1,+20.8,+20.7
2023-08-04 09:22,3,+8.9,+12.1,+16.4,+15.7,+16.0,+17.5,+20.2,+20.3,+20.7,+20.6,+21.1,+20.8,+20.7
2023-08-04 10:22,3,+8.8,+12.1,+16.4,+15.7,+16.0,+17.5,+20.2,+20.3,+20.8,+20.7,+21.1,+20.7,+20.7
2023-08-04 11:22,3,+8.8,+12.2,+16.4,+15.7,+16.0,+17.5,+20.3,+20.3,+20.7,+20.7,+21.1,+20.8,+20.7
2023-08-04 12:22,3,+8.8,+12.2,+16.4,+15.7,+16.0,+17.5,+20.3,+20.3,+20.7,+20.7,+21.1,+20.8,+20.7
2023-08-04 13:22,3,+8.7,+12.2,+16.4,+15.8,+16.0,+17.5,+20.5,+20.3,+20.7,+20.7,+21.1,+20.7,+20.7
2023-08-04 14:22,3,+8.8,+12.3,+16.4,+15.8,+16.0,+17.5,+20.6,+20.5,+20.8,+20.7,+21.0,+20.7,+20.7
2023-08-04 15:22,3,+8.7,+12.3,+16.4,+15.7,+16.0,+17.5,+20.7,+20.5,+20.7,+20.6,+21.0,+20.7,+20.8
2023-08-04 16:22,3,+8.6,+12.2,+16.4,+15.7,+15.9,+17.5,+20.6,+20.5,+20.8,+20.6,+21.1,+20.7,+20.7
2023-08-04 17:22,3,+8.6,+12.2,+16.4,+15.7,+15.9,+17.5,+20.6,+20.5,+20.7,+20.6,+21.1,+20.8,+20.7
2023-08-04 18:22,3,+8.6,+12.2,+16.4,+15.7,+16.0,+17.5,+20.6,+20.5,+20.8,+20.7,+21.0,+20.7,+20.7
2023-08-04 19:22,3,+8.6,+12.2,+16.4,+15.7,+16.0,+17.5,+20.5,+20.5,+20.7,+20.6,+21.0,+20.7,+20.7
2023-08-04 20:22,3,+8.8,+12.2,+16.4,+15.7,+15.9,+17.5,+20.5,+20.5,+20.8,+20.6,+21.1,+20.7,+20.7
2023-08-04 21:22,3,+8.7,+12.2,+16.4,+15.8,+16.0,+17.5,+20.3,+20.5,+20.7,+20.6,+21.0,+20.7,+20.8
2023-08-04 22:22,3,+8.8,+12.2,+16.4,+15.8,+16.0,+17.5,+20.2,+20.5,+20.8,+20.6,+21.0,+20.8,+20.7
2023-08-04 23:22,3,+8.8,+12.2,+16.4,+15.8,+16.0,+17.5,+20.3,+20.5,+20.8,+20.6,+21.0,+20.7,+20.7
2023-08-05 00:22,3,+15.7,+17.3,+16.7,+15.8,+16.0,+17.5,+20.0,+20.2,+20.7,+20.6,+21.1,+20.7,+20.7
2023-08-05 01:22,3,+14.1,+15.7,+16.6,+15.6,+16.0,+17.5,+20.1,+20.3,+20.7,+20.7,+21.1,+20.7,+20.7
2023-08-05 02:22,3,+13.4,+15.2,+16.6,+15.7,+15.9,+17.5,+20.0,+20.3,+20.8,+20.7,+21.1,+20.7,+20.7
2023-08-05 03:22,3,+13.1,+14.9,+16.6,+15.8,+16.0,+17.5,+20.0,+20.3,+20.7,+20.7,+21.1,+20.7,+20.7
2023-08-05 04:22,3,+12.8,+14.7,+16.6,+15.7,+15.9,+17.5,+20.0,+20.3,+20.7,+20.7,+21.1,+20.7,+20.8
2023-08-05 05:22,3,+12.6,+14.5,+16.6,+15.6,+16.0,+17.5,+20.0,+20.3,+20.7,+20.7,+21.1,+20.8,+20.7
2023-08-05 06:22,3,+12.5,+14.4,+16.5,+15.8,+16.0,+17.5,+20.0,+20.3,+20.7,+20.7,+21.1,+20.8,+20.7
2023-08-05 07:22,3,+12.4,+14.3,+16.5,+15.8,+16.0,+17.5,+20.0,+20.3,+20.7,+20.6,+21.1,+20.7,+20.7
2023-08-05 08:22,3,+12.2,+14.2,+16.5,+15.7,+16.0,+17.5,+19.8,+20.3,+20.7,+20.6,+21.1,+20.7,+20.7
2023-08-05 09:22,3,+12.1,+14.1,+16.5,+15.7,+16.0,+17.5,+20.0,+20.2,+20.7,+20.7,+21.1,+20.7,+20.7
2023-08-05 10:22,3,+12.0,+14.0,+16.5,+15.7,+16.0,+17.5,+20.0,+20.3,+20.7,+20.6,+21.1,+20.8,+20.7
2023-08-05 11:22,3,+11.9,+14.0,+16.5,+15.7,+15.9,+17.5,+20.1,+20.3,+20.7,+20.7,+21.1,+20.8,+20.7
2023-08-05 12:22,3,+11.9,+13.9,+16.5,+15.6,+16.0,+17.5,+20.2,+20.2,+20.7,+20.6,+21.1,+20.8,+20.7
2023-08-05 13:22,3,+11.8,+13.8,+16.5,+15.8,+16.0,+17.5,+20.2,+20.3,+20.7,+20.7,+21.1,+20.7,+20.7
2023-08-05 14:22,3,+11.7,+13.8,+16.5,+15.7,+15.9,+17.5,+20.3,+20.3,+20.7,+20.7,+21.1,+20.7,+20.7
2023-08-05 15:22,3,+11.6,+13.7,+16.5,+15.8,+16.0,+17.5,+20.3,+20.3,+20.7,+20.7,+21.0,+20.7,+20.7
2023-08-05 16:22,3,+11.5,+13.7,+16.5,+15.6,+16.0,+17.5,+20.3,+20.3,+20.7,+20.7,+21.1,+20.7,+20.7
2023-08-05 17:22,3,+11.5,+13.7,+16.4,+15.8,+16.0,+17.5,+20.3,+20.3,+20.7,+20.6,+21.1,+20.7,+20.7
2023-08-05 18:22,3,+11.5,+13.6,+16.4,+15.6,+15.9,+17.5,+20.2,+20.3,+20.7,+20.6,+21.1,+20.7,+20.7
2023-08-05 19:22,3,+11.4,+13.6,+16.5,+15.8,+16.0,+17.5,+20.1,+20.3,+20.7,+20.6,+21.1,+20.7,+20.7
2023-08-05 20:22,3,+11.4,+13.5,+16.5,+15.7,+15.9,+17.5,+20.1,+20.3,+20.7,+20.6,+21.0,+20.8,+20.8
2023-08-05 21:22,3,+11.3,+13.5,+16.5,+15.7,+15.9,+17.5,+20.0,+20.3,+20.7,+20.6,+21.0,+20.8,+20.7
2023-08-05 22:22,3,+11.3,+13.5,+16.4,+15.7,+15.9,+17.5,+20.0,+20.3,+20.7,+20.6,+21.1,+20.7,+20.7
2023-08-05 23:22,3,+11.3,+13.4,+16.5,+15.8,+16.0,+17.5,+20.0,+20.3,+20.7,+20.6,+21.0,+20.8,+20.7
2023-08-06 00:22,3,+11.3,+13.4,+16.4,+15.7,+16.0,+17.5,+19.8,+20.2,+20.7,+20.6,+21.1,+20.8,+20.7
2023-08-06 01:22,3,+11.2,+13.4,+16.4,+15.8,+16.0,+17.5,+20.0,+20.3,+20.7,+20.7,+21.1,+20.7,+20.7
2023-08-06 02:22,3,+11.2,+13.4,+16.4,+15.7,+15.9,+17.5,+20.0,+20.2,+20.7,+20.6,+21.1,+20.7,+20.8
2023-08-06 03:22,3,+11.2,+13.4,+16.4,+15.8,+16.0,+17.5,+20.0,+20.2,+20.7,+20.7,+21.1,+20.7,+20.7
2023-08-06 04:22,3,+11.2,+13.4,+16.4,+15.7,+15.9,+17.5,+20.0,+20.2,+20.7,+20.6,+21.1,+20.7,+20.7
2023-08-06 05:22,3,+11.2,+13.3,+16.4,+15.8,+16.0,+17.5,+19.8,+20.2,+20.7,+20.6,+21.0,+20.7,+20.8
2023-08-06 06:22,3,+11.2,+13.3,+16.4,+15.7,+15.9,+17.5,+19.8,+20.2,+20.7,+20.7,+21.1,+20.8,+20.7
2023-08-06 07:22,3,+11.2,+13.3,+16.4,+15.7,+15.9,+17.5,+19.7,+20.2,+20.7,+20.6,+21.1,+20.8,+20.7
2023-08-06 08:22,3,+11.2,+13.3,+16.4,+15.8,+16.0,+17.5,+19.7,+20.2,+20.7,+20.7,+21.1,+20.7,+20.7
2023-08-06 09:22,3,+11.1,+13.3,+16.4,+15.7,+15.9,+17.5,+19.8,+20.2,+20.6,+20.6,+21.1,+20.7,+20.7
2023-08-06 10:22,3,+11.1,+13.3,+16.4,+15.7,+15.9,+17.5,+19.8,+20.2,+20.7,+20.6,+21.0,+20.8,+20.7
2023-08-06 11:22,3,+11.1,+13.2,+16.4,+15.8,+16.0,+17.5,+19.8,+20.2,+20.7,+20.6,+21.1,+20.7,+20.8
2023-08-06 12:22,3,+11.1,+13.2,+16.4,+15.8,+16.0,+17.5,+20.0,+20.2,+20.7,+20.6,+21.1,+20.8,+20.8
2023-08-06 13:22,3,+11.0,+13.1,+16.4,+15.7,+15.9,+17.5,+20.0,+20.1,+20.6,+20.6,+21.1,+20.7,+20.7
2023-08-06 14:22,3,+10.9,+13.1,+16.4,+15.8,+16.0,+17.5,+20.0,+20.2,+20.7,+20.7,+21.0,+20.7,+20.7
2023-08-06 15:22,3,+10.9,+13.1,+16.4,+15.8,+16.0,+17.5,+20.1,+20.2,+20.7,+20.6,+21.0,+20.8,+20.7
2023-08-06 16:22,3,+10.8,+13.1,+16.4,+15.7,+15.9,+17.5,+20.1,+20.2,+20.7,+20.6,+21.0,+20.7,+20.7
2023-08-06 17:22,3,+10.8,+13.1,+16.4,+15.8,+16.0,+17.5,+20.1,+20.2,+20.6,+20.6,+21.0,+20.7,+20.8
2023-08-06 18:22,3,+10.8,+13.1,+16.4,+15.8,+16.0,+17.5,+20.1,+20.2,+20.7,+20.6,+21.0,+20.7,+20.7
2023-08-06 19:22,3,+10.7,+13.0,+16.4,+15.8,+16.0,+17.5,+20.0,+20.2,+20.6,+20.6,+21.0,+20.7,+20.8
2023-08-06 20:22,3,+10.7,+13.0,+16.4,+15.8,+16.0,+17.5,+20.0,+20.2,+20.6,+20.6,+21.1,+20.7,+20.7
2023-08-06 21:22,3,+10.7,+13.0,+16.4,+15.8,+16.0,+17.5,+19.8,+20.2,+20.7,+20.6,+21.0,+20.7,+20.8
2023-08-06 22:22,3,+10.7,+13.0,+16.4,+15.7,+15.9,+17.5,+19.7,+20.1,+20.7,+20.6,+21.1,+20.8,+20.8
2023-08-06 23:22,3,+10.7,+13.1,+16.4,+15.8,+16.0,+17.5,+19.7,+20.2,+20.6,+20.6,+21.0,+20.7,+20.8
2023-08-07 00:22,3,+10.7,+13.1,+16.4,+15.8,+16.0,+17.5,+19.8,+20.2,+20.7,+20.6,+21.0,+20.7,+20.7
2023-08-07 01:22,3,+10.6,+13.1,+16.4,+15.8,+16.0,+17.5,+19.8,+20.2,+20.7,+20.6,+21.0,+20.7,+20.7
2023-08-07 02:22,3,+10.6,+13.0,+16.4,+15.7,+15.9,+17.5,+19.8,+20.1,+20.7,+20.6,+21.1,+20.7,+20.8
2023-08-07 03:22,3,+10.6,+13.0,+16.4,+15.7,+15.9,+17.5,+19.8,+20.2,+20.6,+20.6,+21.1,+20.7,+20.8
2023-08-07 04:22,3,+10.6,+13.0,+16.4,+15.7,+16.0,+17.5,+19.8,+20.1,+20.6,+20.6,+21.1,+20.7,+20.8
2023-08-07 05:22,3,+10.6,+13.0,+16.4,+15.7,+15.9,+17.5,+20.0,+20.2,+20.6,+20.6,+21.1,+20.7,+20.8
2023-08-07 06:22,3,+10.6,+13.0,+16.4,+15.8,+16.0,+17.5,+20.0,+20.2,+20.7,+20.6,+21.1,+20.7,+20.8
2023-08-07 07:22,3,+10.5,+13.0,+16.4,+15.7,+15.9,+17.5,+20.0,+20.2,+20.6,+20.6,+21.1,+20.8,+20.7
2023-08-07 08:22,3,+10.5,+13.0,+16.4,+15.6,+15.9,+17.5,+20.0,+20.1,+20.7,+20.6,+21.1,+20.8,+20.7
2023-08-07 09:22,3,+10.5,+13.0,+16.4,+15.8,+16.0,+17.5,+20.1,+20.1,+20.7,+20.6,+21.0,+20.8,+20.7
2023-08-07 10:22,3,+10.5,+13.0,+16.4,+15.7,+16.0,+17.5,+20.1,+20.2,+20.6,+20.6,+21.1,+20.7,+20.7
2023-08-07 11:22,3,+11.1,+13.0,+16.4,+15.8,+16.0,+17.5,+20.0,+20.2,+20.6,+20.6,+21.0,+20.8,+20.7
2023-08-07 12:22,3,+14.8,+13.0,+16.4,+15.8,+16.0,+17.5,+19.7,+20.2,+20.6,+20.6,+21.1,+20.7,+20.8
2023-08-07 13:22,3,+13.8,+13.0,+16.4,+15.7,+15.9,+17.4,+19.8,+20.2,+20.7,+20.7,+21.0,+20.7,+20.8
2023-08-07 14:22,3,+13.2,+13.0,+16.4,+15.8,+16.0,+17.5,+20.0,+20.2,+20.6,+20.6,+21.1,+20.8,+20.7
2023-08-07 15:22,3,+12.9,+13.0,+16.4,+15.8,+16.0,+17.5,+19.8,+20.1,+20.6,+20.6,+21.0,+20.8,+20.7
2023-08-07 16:22,3,+12.6,+13.0,+16.4,+15.7,+16.0,+17.4,+19.8,+20.2,+20.6,+20.7,+21.1,+20.8,+20.8
2023-08-07 17:22,3,+12.4,+12.9,+16.4,+15.8,+16.0,+17.5,+19.6,+20.2,+20.6,+20.6,+21.0,+20.7,+20.7
2023-08-07 18:22,3,+12.3,+12.9,+16.4,+15.7,+16.0,+17.5,+19.6,+20.1,+20.7,+20.7,+21.1,+20.8,+20.7
2023-08-07 19:22,3,+12.2,+12.9,+16.4,+15.7,+16.0,+17.4,+19.5,+20.1,+20.6,+20.6,+21.0,+20.7,+20.8
2023-08-07 20:22,3,+12.1,+12.9,+16.3,+15.7,+16.0,+17.4,+19.5,+20.1,+20.6,+20.6,+21.0,+20.7,+20.8
2023-08-07 21:22,3,+11.9,+12.9,+16.3,+15.8,+16.0,+17.5,+19.5,+20.1,+20.7,+20.6,+21.1,+20.8,+20.7
2023-08-07 22:22,3,+11.9,+12.9,+16.3,+15.8,+16.0,+17.5,+19.5,+20.1,+20.7,+20.6,+21.0,+20.7,+20.8
2023-08-07 23:22,3,+11.9,+12.9,+16.3,+15.8,+16.0,+17.5,+19.3,+20.1,+20.6,+20.6,+21.1,+20.7,+20.8
2023-08-08 00:22,3,+11.8,+12.9,+16.3,+15.7,+16.0,+17.4,+19.3,+20.0,+20.6,+20.6,+21.1,+20.7,+20.8
2023-08-08 01:22,3,+11.6,+12.8,+16.3,+15.7,+16.0,+17.4,+19.3,+20.0,+20.6,+20.6,+21.0,+20.7,+20.8
2023-08-08 02:22,3,+11.5,+12.8,+16.3,+15.8,+16.0,+17.5,+19.2,+20.0,+20.7,+20.6,+21.1,+20.8,+20.8
2023-08-08 03:22,3,+11.5,+12.8,+16.3,+15.7,+16.0,+17.4,+19.2,+20.0,+20.6,+20.6,+21.1,+20.7,+20.8
2023-08-08 04:22,3,+11.4,+12.8,+16.3,+15.8,+16.0,+17.5,+19.3,+19.8,+20.6,+20.6,+21.1,+20.7,+20.8
2023-08-08 05:22,3,+11.4,+12.8,+16.3,+15.7,+16.0,+17.4,+19.3,+19.8,+20.6,+20.6,+21.1,+20.8,+20.8
2023-08-08 06:22,3,+11.4,+12.8,+16.3,+15.7,+16.0,+17.5,+19.3,+19.8,+20.6,+20.6,+21.1,+20.8,+20.8
2023-08-08 07:22,3,+11.3,+12.8,+16.3,+15.8,+16.0,+17.5,+19.3,+19.8,+20.5,+20.6,+21.1,+20.8,+20.8
2023-08-08 08:22,3,+11.3,+12.8,+16.3,+15.8,+16.0,+17.5,+19.5,+19.8,+20.5,+20.6,+21.1,+20.7,+20.8
2023-08-08 09:22,3,+11.3,+12.8,+16.3,+15.8,+16.0,+17.5,+19.6,+19.8,+20.6,+20.6,+21.1,+20.8,+20.8
2023-08-08 10:22,3,+11.2,+12.8,+16.3,+15.7,+16.0,+17.4,+19.7,+19.8,+20.5,+20.6,+21.1,+20.8,+20.8
2023-08-08 11:22,3,+11.2,+12.7,+16.3,+15.7,+16.0,+17.5,+19.8,+20.0,+20.6,+20.6,+21.1,+20.8,+20.8
2023-08-08 12:22,3,+11.1,+12.7,+16.3,+15.8,+16.0,+17.5,+19.8,+19.8,+20.5,+20.6,+21.0,+20.7,+20.8
2023-08-08 13:22,3,+11.0,+12.7,+16.3,+15.7,+16.0,+17.5,+20.0,+20.0,+20.5,+20.6,+21.1,+20.7,+20.8
2023-08-08 14:22,3,+11.0,+12.7,+16.3,+15.7,+16.0,+17.5,+19.8,+20.0,+20.5,+20.6,+21.0,+20.7,+20.7
2023-08-08 15:22,3,+12.0,+12.9,+16.3,+15.7,+16.0,+17.4,+19.6,+20.0,+20.5,+20.6,+21.0,+20.7,+20.8
2023-08-08 16:22,3,+12.1,+12.9,+16.3,+15.7,+16.0,+17.5,+19.5,+20.0,+20.5,+20.6,+21.0,+20.8,+20.7
2023-08-08 17:22,3,+11.6,+13.0,+16.3,+15.8,+16.0,+17.5,+19.3,+20.0,+20.6,+20.6,+21.1,+20.8,+20.8
2023-08-08 18:22,3,+11.6,+13.0,+16.3,+15.8,+16.0,+17.5,+19.3,+20.0,+20.5,+20.6,+21.1,+20.7,+20.8
2023-08-08 19:22,3,+11.4,+13.0,+16.3,+15.8,+16.0,+17.5,+19.2,+20.0,+20.5,+20.6,+21.0,+20.7,+20.8
2023-08-08 20:22,3,+11.4,+13.0,+16.3,+15.8,+16.0,+17.5,+19.1,+20.0,+20.5,+20.6,+21.0,+20.7,+20.8
2023-08-08 21:22,3,+11.3,+13.0,+16.3,+15.7,+16.0,+17.5,+19.2,+19.8,+20.5,+20.6,+21.1,+20.8,+20.8
2023-08-08 22:22,3,+11.2,+13.0,+16.3,+15.7,+16.0,+17.5,+19.1,+19.8,+20.6,+20.6,+21.0,+20.7,+20.7
2023-08-08 23:22,3,+11.1,+13.0,+16.3,+15.7,+16.0,+17.4,+19.1,+19.8,+20.5,+20.6,+21.0,+20.8,+20.8
2023-08-09 00:22,3,+11.1,+13.0,+16.3,+15.8,+16.0,+17.5,+19.0,+19.8,+20.5,+20.6,+21.0,+20.7,+20.8
2023-08-09 01:22,3,+11.1,+13.0,+16.3,+15.8,+16.0,+17.5,+18.8,+19.7,+20.5,+20.6,+21.0,+20.8,+20.8
2023-08-09 02:22,3,+11.0,+13.1,+16.3,+15.6,+16.0,+17.5,+18.8,+19.7,+20.5,+20.6,+21.0,+20.7,+20.8
2023-08-09 03:22,3,+10.9,+13.2,+16.3,+15.8,+16.0,+17.5,+18.7,+19.6,+20.5,+20.6,+21.0,+20.8,+20.8
2023-08-09 04:22,3,+10.8,+13.1,+16.3,+15.8,+16.0,+17.5,+18.8,+19.6,+20.5,+20.6,+21.0,+20.7,+20.8
2023-08-09 05:22,3,+10.9,+13.1,+16.3,+15.8,+16.0,+17.5,+19.0,+19.6,+20.5,+20.6,+21.0,+20.8,+20.8
2023-08-09 06:22,3,+10.8,+13.1,+16.3,+15.8,+16.0,+17.5,+19.0,+19.6,+20.5,+20.6,+21.0,+20.7,+20.8
2023-08-09 07:22,3,+10.8,+13.1,+16.3,+15.8,+16.0,+17.5,+19.0,+19.6,+20.3,+20.6,+21.0,+20.8,+20.8
2023-08-09 08:22,3,+10.7,+13.1,+16.3,+15.7,+16.0,+17.5,+19.1,+19.7,+20.3,+20.5,+21.0,+20.7,+20.8
2023-08-09 09:22,3,+10.7,+13.1,+16.3,+15.7,+16.0,+17.5,+19.2,+19.6,+20.3,+20.6,+21.0,+20.8,+20.8
2023-08-09 10:22,3,+10.7,+13.1,+16.3,+15.8,+16.0,+17.5,+19.5,+19.6,+20.3,+20.5,+21.0,+20.7,+20.8
2023-08-09 11:22,3,+10.6,+13.0,+16.3,+15.8,+16.0,+17.5,+19.7,+19.7,+20.5,+20.5,+21.0,+20.7,+20.8
2023-08-09 12:22,3,+10.5,+13.1,+16.3,+15.7,+16.0,+17.4,+19.8,+19.7,+20.3,+20.6,+21.0,+20.7,+20.8
2023-08-09 13:22,3,+10.3,+13.5,+16.2,+15.7,+16.0,+17.4,+20.0,+19.7,+20.3,+20.5,+21.0,+20.7,+20.8
2023-08-09 14:22,3,+10.2,+14.0,+16.2,+15.8,+16.0,+17.5,+20.0,+19.8,+20.3,+20.5,+21.0,+20.7,+20.8
2023-08-09 15:22,3,+10.1,+13.9,+16.2,+15.7,+16.0,+17.4,+20.1,+19.8,+20.5,+20.5,+21.0,+20.7,+20.7
2023-08-09 16:22,3,+10.1,+13.9,+16.2,+15.8,+16.0,+17.5,+20.1,+20.0,+20.3,+20.5,+21.0,+20.7,+20.7
2023-08-09 17:22,3,+10.1,+13.7,+16.2,+15.7,+16.0,+17.5,+20.1,+20.0,+20.3,+20.5,+21.0,+20.7,+20.8
2023-08-09 18:22,3,+10.1,+14.0,+16.2,+15.8,+16.0,+17.5,+20.1,+20.0,+20.5,+20.5,+21.0,+20.7,+20.8
2023-08-09 19:22,3,+10.1,+13.9,+16.2,+15.8,+16.0,+17.5,+20.1,+20.1,+20.5,+20.5,+21.0,+20.7,+20.8
2023-08-09 20:22,3,+10.1,+13.9,+16.2,+15.8,+16.0,+17.5,+20.1,+20.1,+20.5,+20.5,+21.0,+20.7,+20.7
2023-08-09 21:22,3,+10.1,+13.7,+16.2,+15.7,+16.0,+17.5,+19.8,+20.1,+20.5,+20.5,+21.0,+20.7,+20.8
2023-08-09 22:22,3,+10.2,+13.8,+16.3,+15.7,+16.0,+17.4,+19.8,+20.1,+20.5,+20.5,+21.0,+20.7,+20.7
2023-08-09 23:22,3,+10.1,+13.6,+16.2,+15.7,+16.0,+17.5,+20.0,+20.1,+20.5,+20.5,+21.0,+20.7,+20.8
2023-08-10 00:22,3,+10.1,+13.7,+16.3,+15.8,+16.0,+17.5,+19.8,+20.1,+20.5,+20.5,+21.0,+20.7,+20.8
2023-08-10 01:22,3,+10.1,+13.7,+16.3,+15.7,+16.0,+17.5,+20.0,+20.1,+20.5,+20.5,+21.0,+20.7,+20.7
2023-08-10 02:22,3,+10.1,+13.6,+16.2,+15.8,+16.0,+17.5,+19.8,+20.1,+20.5,+20.5,+21.0,+20.7,+20.8
2023-08-10 03:22,3,+10.0,+13.6,+16.3,+15.8,+16.0,+17.5,+19.8,+20.1,+20.5,+20.5,+21.0,+20.7,+20.8
2023-08-10 04:22,3,+10.1,+13.5,+16.2,+15.8,+16.0,+17.5,+19.8,+20.1,+20.5,+20.5,+21.0,+20.7,+20.7
2023-08-10 05:22,3,+10.0,+13.6,+16.3,+15.7,+16.0,+17.5,+19.8,+20.1,+20.5,+20.5,+21.0,+20.7,+20.8
2023-08-10 06:22,3,+9.9,+13.8,+16.3,+15.7,+16.0,+17.5,+19.7,+20.1,+20.5,+20.5,+21.0,+20.7,+20.8
2023-08-10 07:22,3,+9.9,+13.8,+16.3,+15.8,+16.0,+17.5,+19.8,+20.1,+20.6,+20.5,+21.0,+20.7,+20.8
2023-08-10 08:22,3,+9.9,+13.8,+16.2,+15.8,+16.0,+17.5,+19.8,+20.1,+20.5,+20.5,+21.0,+20.7,+20.7
2023-08-10 09:22,3,+9.8,+14.0,+16.2,+15.6,+16.0,+17.5,+20.0,+20.1,+20.6,+20.5,+21.0,+20.7,+20.8
2023-08-10 10:22,3,+9.8,+14.0,+16.2,+15.8,+16.0,+17.5,+20.1,+20.1,+20.5,+20.6,+21.0,+20.7,+20.7
2023-08-10 11:22,3,+9.7,+14.0,+16.2,+15.7,+16.0,+17.5,+20.2,+20.1,+20.5,+20.5,+21.0,+20.7,+20.7
2023-08-10 12:22,3,+9.6,+14.1,+16.2,+15.6,+16.0,+17.4,+20.3,+20.2,+20.6,+20.5,+21.0,+20.6,+20.8
2023-08-10 13:22,3,+9.5,+13.8,+16.2,+15.8,+16.0,+17.5,+20.5,+20.2,+20.6,+20.6,+21.0,+20.7,+20.7
2023-08-10 14:22,3,+9.4,+13.9,+16.2,+15.8,+16.0,+17.5,+20.5,+20.2,+20.5,+20.5,+21.0,+20.7,+20.7
2023-08-10 15:22,3,+9.4,+13.9,+16.2,+15.8,+16.0,+17.5,+20.6,+20.2,+20.5,+20.5,+20.8,+20.7,+20.8
2023-08-10 16:22,3,+9.4,+14.1,+16.2,+15.8,+16.0,+17.5,+20.6,+20.3,+20.6,+20.5,+21.0,+20.7,+20.7
2023-08-10 17:22,3,+9.4,+14.3,+16.2,+15.6,+15.9,+17.4,+20.6,+20.3,+20.6,+20.5,+21.0,+20.7,+20.7
2023-08-10 18:22,3,+9.4,+14.3,+16.2,+15.6,+15.9,+17.4,+20.6,+20.3,+20.6,+20.5,+21.0,+20.7,+20.7
2023-08-10 19:22,3,+9.3,+14.4,+16.2,+15.8,+16.0,+17.5,+20.6,+20.5,+20.6,+20.5,+21.0,+20.7,+20.8
2023-08-10 20:22,3,+9.3,+14.5,+16.2,+15.8,+16.0,+17.5,+20.5,+20.3,+20.6,+20.5,+21.0,+20.7,+20.7
2023-08-10 21:22,3,+9.3,+14.5,+16.2,+15.8,+16.0,+17.5,+20.5,+20.5,+20.6,+20.6,+21.0,+20.7,+20.7
2023-08-10 22:22,3,+9.3,+14.6,+16.3,+15.6,+15.9,+17.4,+20.5,+20.5,+20.6,+20.5,+21.0,+20.7,+20.7
2023-08-10 23:22,3,+9.2,+14.7,+16.3,+15.6,+15.9,+17.4,+20.3,+20.5,+20.7,+20.5,+21.0,+20.7,+20.7
2023-08-11 00:22,3,+9.3,+14.7,+16.3,+15.6,+15.9,+17.4,+20.3,+20.5,+20.7,+20.5,+21.0,+20.7,+20.7
2023-08-11 01:22,3,+9.3,+14.7,+16.3,+15.6,+15.9,+17.4,+20.2,+20.5,+20.7,+20.6,+21.0,+20.7,+20.7
2023-08-11 02:22,3,+9.2,+14.7,+16.3,+15.8,+16.0,+17.5,+20.2,+20.5,+20.7,+20.6,+21.0,+20.7,+20.7
2023-08-11 03:22,3,+9.3,+14.7,+16.3,+15.8,+16.0,+17.5,+20.2,+20.3,+20.7,+20.6,+21.0,+20.7,+20.7
2023-08-11 04:22,3,+9.3,+14.7,+16.3,+15.8,+16.0,+17.5,+20.2,+20.3,+20.7,+20.6,+21.0,+20.7,+20.7
2023-08-11 05:22,3,+9.2,+14.7,+16.3,+15.8,+16.0,+17.5,+20.2,+20.3,+20.7,+20.6,+21.0,+20.7,+20.7
2023-08-11 06:22,3,+9.2,+14.7,+16.3,+15.8,+16.0,+17.5,+20.1,+20.5,+20.7,+20.6,+21.0,+20.7,+20.7
2023-08-11 07:22,3,+9.2,+14.7,+16.4,+15.8,+16.0,+17.5,+20.1,+20.3,+20.7,+20.6,+21.0,+20.7,+20.7
2023-08-11 08:22,3,+9.1,+14.7,+16.3,+15.6,+15.9,+17.5,+20.1,+20.3,+20.7,+20.6,+21.0,+20.7,+20.7
2023-08-11 08:56,3,+9.1,+14.7,+16.3,+15.6,+15.9,+17.4,+20.1,+20.3,+20.7,+20.6,+21.0,+20.7,+20.7
2023-08-11 09:56,3,+9.1,+14.6,+16.3,+15.6,+15.9,+17.4,+20.2,+20.3,+20.7,+20.6,+21.0,+20.7,+20.7
2023-08-11 10:56,3,+9.1,+14.6,+16.3,+15.8,+16.0,+17.5,+20.5,+20.3,+20.7,+20.6,+21.0,+20.7,+20.7
2023-08-11 11:56,3,+9.1,+14.6,+16.3,+15.6,+15.9,+17.4,+20.6,+20.3,+20.7,+20.6,+21.0,+20.7,+20.7
2023-08-11 12:56,3,+9.1,+14.6,+16.3,+15.7,+16.0,+17.4,+20.6,+20.5,+20.7,+20.6,+21.0,+20.7,+20.7
2023-08-11 13:56,3,+9.1,+14.6,+16.3,+15.6,+15.9,+17.4,+20.7,+20.5,+20.7,+20.6,+21.0,+20.7,+20.7
2023-08-11 14:56,3,+9.0,+14.6,+16.3,+15.6,+15.9,+17.4,+20.7,+20.5,+20.7,+20.6,+21.0,+20.7,+20.7
2023-08-11 15:56,3,+9.1,+14.6,+16.3,+15.6,+15.8,+17.4,+20.8,+20.5,+20.7,+20.6,+21.0,+20.7,+20.7
2023-08-11 16:56,3,+9.0,+14.8,+16.3,+15.8,+15.9,+17.4,+20.7,+20.6,+20.7,+20.6,+21.0,+20.7,+20.7
2023-08-11 17:56,3,+9.0,+14.7,+16.3,+15.7,+15.9,+17.4,+20.7,+20.6,+20.7,+20.6,+21.0,+20.7,+20.7
2023-08-11 18:56,3,+9.9,+14.7,+16.3,+15.6,+15.8,+17.4,+20.7,+20.6,+20.7,+20.6,+21.0,+20.7,+20.7
2023-08-11 19:56,3,+9.7,+14.7,+16.3,+15.8,+15.9,+17.4,+20.6,+20.6,+20.7,+20.6,+21.0,+20.7,+20.7
2023-08-11 20:56,3,+9.5,+14.7,+16.3,+15.6,+15.8,+17.4,+20.5,+20.6,+20.7,+20.6,+21.0,+20.7,+20.7
2023-08-11 21:56,3,+9.4,+14.7,+16.2,+15.6,+15.8,+17.4,+20.3,+20.6,+20.8,+20.6,+21.0,+20.7,+20.7
2023-08-11 22:56,3,+9.6,+14.7,+16.2,+15.6,+15.8,+17.4,+20.3,+20.6,+20.8,+20.6,+21.0,+20.7,+20.7
2023-08-11 23:56,3,+9.8,+14.7,+16.2,+15.6,+15.9,+17.4,+20.2,+20.6,+20.8,+20.7,+21.0,+20.7,+20.7
2023-08-12 00:56,3,+9.7,+14.7,+16.2,+15.6,+15.9,+17.4,+20.0,+20.5,+20.8,+20.6,+21.0,+20.7,+20.7
2023-08-12 01:56,3,+9.7,+14.7,+16.3,+15.8,+15.9,+17.4,+19.8,+20.5,+20.8,+20.7,+21.0,+20.7,+20.7
2023-08-12 02:56,3,+9.6,+14.7,+16.3,+15.8,+15.9,+17.4,+19.7,+20.3,+20.8,+20.6,+21.0,+20.7,+20.7
2023-08-12 03:56,3,+9.6,+14.7,+16.3,+15.8,+15.9,+17.4,+19.7,+20.3,+20.8,+20.6,+21.0,+20.7,+20.7
2023-08-12 04:56,3,+9.6,+14.7,+16.3,+15.8,+15.9,+17.4,+19.7,+20.3,+20.8,+20.7,+21.0,+20.7,+20.7
2023-08-12 05:56,3,+9.5,+14.7,+16.3,+15.6,+15.8,+17.4,+19.6,+20.3,+20.8,+20.6,+21.0,+20.7,+20.7
2023-08-12 06:56,3,+9.5,+14.6,+16.2,+15.8,+15.9,+17.4,+19.7,+20.2,+20.7,+20.7,+21.1,+20.7,+20.7
2023-08-12 07:56,3,+9.4,+14.6,+16.2,+15.6,+15.8,+17.4,+19.7,+20.2,+20.7,+20.7,+21.0,+20.7,+20.7
2023-08-12 08:56,3,+9.4,+14.6,+16.3,+15.8,+15.9,+17.4,+19.7,+20.2,+20.8,+20.6,+21.0,+20.7,+20.7
2023-08-12 09:56,3,+9.4,+14.6,+16.2,+15.8,+15.9,+17.4,+19.8,+20.2,+20.7,+20.7,+21.0,+20.7,+20.7
2023-08-12 10:56,3,+9.3,+14.6,+16.2,+15.7,+15.9,+17.4,+20.0,+20.2,+20.7,+20.6,+21.0,+20.7,+20.7
2023-08-12 11:56,3,+9.2,+14.6,+16.2,+15.6,+15.9,+17.4,+20.2,+20.2,+20.7,+20.6,+21.0,+20.7,+20.7
2023-08-12 12:56,3,+9.1,+14.5,+16.2,+15.8,+15.9,+17.4,+20.2,+20.2,+20.7,+20.6,+21.0,+20.7,+20.7
2023-08-12 13:56,3,+9.2,+14.5,+16.2,+15.8,+15.9,+17.6,+20.2,+20.2,+20.7,+20.6,+21.0,+20.7,+20.7
2023-08-12 14:56,3,+9.0,+14.5,+16.2,+15.6,+15.9,+17.6,+20.5,+20.3,+20.7,+20.6,+21.0,+20.7,+20.7
2023-08-12 15:56,3,+8.9,+14.5,+16.2,+15.8,+15.9,+17.7,+20.5,+20.3,+20.7,+20.6,+21.1,+20.7,+20.7
2023-08-12 16:56,3,+8.8,+14.5,+16.2,+15.6,+15.9,+17.6,+20.5,+20.3,+20.7,+20.6,+21.0,+20.7,+20.7
2023-08-12 17:56,3,+8.8,+14.5,+16.2,+15.8,+15.9,+17.6,+20.5,+20.3,+20.7,+20.6,+21.0,+20.7,+20.7
2023-08-12 18:56,3,+8.8,+14.5,+16.2,+15.5,+15.9,+17.6,+20.2,+20.3,+20.7,+20.6,+21.0,+20.7,+20.7
2023-08-12 19:56,3,+8.8,+14.5,+16.2,+15.6,+15.9,+17.6,+20.2,+20.3,+20.7,+20.6,+21.0,+20.7,+20.7
2023-08-12 20:56,3,+8.8,+14.5,+16.2,+15.5,+15.9,+17.6,+20.1,+20.3,+20.7,+20.6,+21.0,+20.7,+20.7
2023-08-12 21:56,3,+8.8,+14.5,+16.2,+15.5,+15.9,+17.6,+20.1,+20.3,+20.7,+20.6,+21.0,+20.7,+20.7
2023-08-12 22:56,3,+8.8,+14.5,+16.1,+15.5,+15.9,+17.6,+20.0,+20.3,+20.7,+20.7,+21.0,+20.7,+20.7
2023-08-12 23:56,3,+8.8,+14.5,+16.1,+15.5,+15.9,+17.6,+19.8,+20.3,+20.7,+20.6,+21.0,+20.7,+20.7
2023-08-13 00:56,3,+8.8,+14.5,+16.1,+15.5,+15.9,+17.6,+19.8,+20.3,+20.7,+20.6,+21.1,+20.7,+20.7
2023-08-13 01:56,3,+8.8,+14.5,+16.1,+15.5,+15.9,+17.6,+19.8,+20.3,+20.7,+20.6,+21.0,+20.7,+20.7
2023-08-13 02:56,3,+8.8,+14.5,+16.1,+15.5,+15.9,+17.6,+19.8,+20.3,+20.7,+20.6,+21.0,+20.7,+20.7
2023-08-13 03:56,3,+8.8,+14.5,+16.1,+15.6,+15.9,+17.6,+19.8,+20.3,+20.7,+20.6,+21.0,+20.7,+20.7
2023-08-13 04:56,3,+8.8,+14.5,+16.1,+15.6,+15.9,+17.6,+19.8,+20.2,+20.7,+20.6,+21.0,+20.7,+20.7
2023-08-13 05:56,3,+8.9,+14.5,+16.1,+15.5,+15.9,+17.6,+19.8,+20.2,+20.7,+20.6,+21.0,+20.7,+20.7
2023-08-13 06:56,3,+9.0,+14.5,+16.1,+15.5,+15.9,+17.6,+19.8,+20.2,+20.7,+20.7,+21.0,+20.7,+20.7
2023-08-13 07:56,3,+9.0,+14.5,+16.1,+15.5,+15.9,+17.6,+19.8,+20.2,+20.7,+20.7,+21.0,+20.8,+20.7
2023-08-13 08:56,3,+9.0,+14.5,+16.1,+15.5,+15.9,+17.6,+20.0,+20.2,+20.7,+20.6,+21.0,+20.7,+20.7
2023-08-13 09:56,3,+8.9,+14.4,+16.1,+15.6,+15.9,+17.6,+20.1,+20.2,+20.7,+20.6,+21.0,+20.7,+20.7
2023-08-13 10:56,3,+8.9,+14.4,+16.1,+15.6,+15.9,+17.6,+20.2,+20.2,+20.7,+20.7,+21.0,+20.7,+20.7
2023-08-13 11:56,3,+8.8,+14.4,+16.1,+15.6,+15.9,+17.6,+20.3,+20.3,+20.7,+20.6,+21.0,+20.7,+20.8
2023-08-13 12:56,3,+8.8,+14.4,+16.1,+15.6,+15.9,+17.6,+20.3,+20.3,+20.7,+20.6,+21.0,+20.7,+20.7
2023-08-13 13:56,3,+8.8,+14.4,+16.1,+15.6,+15.9,+17.6,+20.2,+20.3,+20.7,+20.6,+21.0,+20.7,+20.7
2023-08-13 14:56,3,+12.1,+14.4,+16.1,+15.6,+15.9,+17.6,+20.1,+20.3,+20.7,+20.7,+21.0,+20.7,+20.7
2023-08-13 15:56,3,+21.5,+24.0,+18.7,+15.6,+15.9,+17.6,+19.0,+19.6,+20.5,+20.6,+21.0,+20.7,+20.7
2023-08-13 16:56,3,+21.2,+23.1,+18.4,+15.6,+15.9,+17.6,+19.1,+19.8,+20.6,+20.6,+21.0,+20.7,+20.8
2023-08-13 17:56,3,+19.0,+21.6,+18.3,+15.5,+15.8,+17.6,+19.3,+20.0,+20.6,+20.6,+21.0,+20.8,+20.7
2023-08-13 18:56,3,+17.9,+20.8,+18.2,+15.5,+15.9,+17.6,+19.5,+20.1,+20.6,+20.6,+21.1,+20.7,+20.7
2023-08-13 19:56,3,+17.1,+20.2,+18.0,+15.6,+15.9,+17.6,+19.5,+20.0,+20.6,+20.6,+21.0,+20.7,+20.8
2023-08-13 20:56,3,+16.5,+19.9,+17.9,+15.6,+15.9,+17.6,+19.5,+20.1,+20.6,+20.6,+21.1,+20.7,+20.7
2023-08-13 21:56,3,+16.2,+19.7,+17.8,+15.6,+15.9,+17.6,+19.5,+20.1,+20.6,+20.6,+21.1,+20.7,+20.7
2023-08-13 22:56,3,+15.9,+19.4,+17.7,+15.6,+15.9,+17.6,+19.6,+20.0,+20.6,+20.6,+21.0,+20.7,+20.7
2023-08-13 23:56,3,+15.7,+19.2,+17.6,+15.7,+15.9,+17.6,+19.6,+20.0,+20.7,+20.6,+21.1,+20.7,+20.8
2023-08-14 00:56,3,+15.6,+19.1,+17.6,+15.6,+15.9,+17.6,+19.6,+20.0,+20.6,+20.6,+21.0,+20.7,+20.7
2023-08-14 01:56,3,+15.5,+19.0,+17.5,+15.7,+15.9,+17.6,+19.6,+20.0,+20.6,+20.6,+21.1,+20.7,+20.7
2023-08-14 02:56,3,+15.2,+18.8,+17.5,+15.7,+15.9,+17.6,+19.6,+20.0,+20.6,+20.6,+21.0,+20.7,+20.7
2023-08-14 03:56,3,+15.2,+18.7,+17.4,+15.7,+15.9,+17.6,+19.6,+20.0,+20.6,+20.6,+21.1,+20.7,+20.8
2023-08-14 04:56,3,+15.0,+18.7,+17.4,+15.7,+15.9,+17.6,+19.6,+20.0,+20.6,+20.6,+21.1,+20.8,+20.7
2023-08-14 05:56,3,+14.9,+18.6,+17.4,+15.6,+15.9,+17.6,+19.5,+20.0,+20.6,+20.6,+21.1,+20.7,+20.7
2023-08-14 06:56,3,+14.9,+18.5,+17.4,+15.7,+15.9,+17.6,+19.5,+20.0,+20.6,+20.6,+21.0,+20.7,+20.7
2023-08-14 07:56,3,+14.8,+18.4,+17.3,+15.6,+15.9,+17.6,+19.5,+20.0,+20.6,+20.6,+21.1,+20.8,+20.8
2023-08-14 08:56,3,+14.7,+18.3,+17.3,+15.6,+15.9,+17.6,+19.6,+20.0,+20.6,+20.6,+21.1,+20.7,+20.8
2023-08-14 09:56,3,+14.6,+18.2,+17.3,+15.6,+15.9,+17.6,+19.7,+20.0,+20.6,+20.6,+21.0,+20.7,+20.7
2023-08-14 10:56,3,+14.6,+18.2,+17.2,+15.6,+15.9,+17.6,+19.8,+20.0,+20.6,+20.6,+21.1,+20.7,+20.8
2023-08-14 11:56,3,+14.5,+18.1,+17.2,+15.6,+15.9,+17.6,+20.0,+20.1,+20.5,+20.6,+21.1,+20.7,+20.7
2023-08-14 12:56,3,+14.4,+18.0,+17.2,+15.6,+15.9,+17.6,+20.1,+20.1,+20.6,+20.6,+21.0,+20.7,+20.8
2023-08-14 13:56,3,+14.4,+17.9,+17.2,+15.7,+15.9,+17.6,+20.2,+20.1,+20.6,+20.6,+21.0,+20.7,+20.8
2023-08-14 14:56,3,+25.5,+27.7,+20.1,+15.7,+15.9,+17.6,+18.7,+19.2,+20.1,+20.5,+21.0,+20.7,+20.8
2023-08-14 15:56,3,+23.5,+25.4,+20.3,+15.7,+15.9,+17.6,+19.0,+19.7,+20.3,+20.5,+21.0,+20.8,+20.8
2023-08-14 16:56,3,+23.1,+24.4,+20.4,+15.9,+15.9,+17.6,+19.1,+19.7,+20.3,+20.5,+21.0,+20.7,+20.7
2023-08-14 17:56,3,+26.9,+27.6,+23.4,+17.1,+15.9,+17.6,+17.6,+18.8,+19.8,+20.2,+21.0,+20.7,+20.7
2023-08-14 18:56,3,+24.0,+25.5,+22.7,+18.4,+16.0,+17.6,+17.8,+18.7,+19.8,+20.2,+20.8,+20.7,+20.8
2023-08-14 19:56,3,+23.4,+24.6,+22.0,+18.7,+16.6,+17.6,+18.0,+18.8,+19.8,+20.2,+20.8,+20.7,+20.7
2023-08-14 20:56,3,+21.7,+23.4,+21.5,+18.8,+17.2,+17.7,+18.2,+19.0,+20.0,+20.2,+20.8,+20.7,+20.7
2023-08-14 21:56,3,+20.8,+22.6,+21.0,+18.7,+17.6,+17.7,+18.5,+19.1,+20.0,+20.3,+20.8,+20.6,+20.7
2023-08-14 22:56,3,+20.1,+22.1,+20.7,+18.8,+18.0,+17.7,+18.6,+19.1,+20.0,+20.2,+20.8,+20.7,+20.7
2023-08-14 23:56,3,+19.8,+21.8,+20.5,+18.7,+18.2,+17.7,+18.6,+19.2,+20.1,+20.3,+20.8,+20.7,+20.7
2023-08-15 00:56,3,+19.3,+21.5,+20.3,+18.7,+18.4,+17.9,+18.6,+19.2,+20.1,+20.3,+20.8,+20.7,+20.8
2023-08-15 01:56,3,+19.0,+21.4,+20.2,+18.7,+18.5,+17.9,+18.7,+19.2,+20.1,+20.3,+21.0,+20.7,+20.8
2023-08-15 02:56,3,+18.7,+21.2,+20.1,+18.7,+18.6,+18.1,+18.7,+19.2,+20.1,+20.3,+20.8,+20.7,+20.7
2023-08-15 03:56,3,+18.5,+21.0,+20.0,+18.5,+18.6,+18.2,+18.7,+19.2,+20.1,+20.3,+20.8,+20.7,+20.7
2023-08-15 04:56,3,+18.2,+20.9,+19.9,+18.6,+18.6,+18.3,+18.7,+19.3,+20.1,+20.5,+20.8,+20.7,+20.7
2023-08-15 05:56,3,+18.1,+20.8,+19.9,+18.6,+18.6,+18.4,+18.7,+19.3,+20.1,+20.3,+21.0,+20.7,+20.7
2023-08-15 06:56,3,+17.8,+20.7,+19.8,+18.5,+18.6,+18.5,+18.7,+19.3,+20.1,+20.3,+20.8,+20.7,+20.7
2023-08-15 07:56,3,+17.6,+20.6,+19.8,+18.4,+18.6,+18.6,+18.8,+19.3,+20.1,+20.3,+21.0,+20.7,+20.7
2023-08-15 08:56,3,+17.5,+20.5,+19.7,+18.4,+18.6,+18.8,+19.0,+19.3,+20.1,+20.3,+21.0,+20.7,+20.7
2023-08-15 09:56,3,+17.4,+20.4,+19.7,+18.5,+18.7,+18.9,+19.2,+19.3,+20.1,+20.3,+21.0,+20.7,+20.7
2023-08-15 10:56,3,+17.2,+20.3,+19.6,+18.5,+18.7,+18.9,+19.3,+19.3,+20.1,+20.3,+20.8,+20.7,+20.8
2023-08-15 11:56,3,+16.9,+20.2,+19.6,+18.5,+18.6,+19.0,+19.3,+19.5,+20.1,+20.3,+20.8,+20.6,+20.7
2023-08-15 12:56,3,+16.8,+20.1,+19.6,+18.3,+18.6,+19.1,+19.5,+19.5,+20.1,+20.3,+20.8,+20.6,+20.8
2023-08-15 13:56,3,+16.9,+20.0,+19.5,+18.4,+18.6,+19.1,+19.6,+19.6,+20.1,+20.3,+20.8,+20.6,+20.7
2023-08-15 14:56,3,+16.6,+20.0,+19.5,+18.3,+18.6,+19.2,+19.7,+19.6,+20.1,+20.3,+20.8,+20.6,+20.7
2023-08-15 15:56,3,+16.5,+19.9,+19.4,+18.4,+18.6,+19.3,+19.7,+19.6,+20.1,+20.3,+20.8,+20.7,+20.8
2023-08-15 16:56,3,+16.4,+19.9,+19.4,+18.2,+18.6,+19.3,+19.6,+19.6,+20.1,+20.3,+20.8,+20.6,+20.8
2023-08-15 17:56,3,+16.3,+19.8,+19.3,+18.2,+18.6,+19.3,+19.5,+19.6,+20.1,+20.3,+20.8,+20.6,+20.7
2023-08-15 18:56,3,+16.3,+19.8,+19.3,+18.2,+18.6,+19.4,+19.3,+19.7,+20.2,+20.2,+20.8,+20.6,+20.7
2023-08-15 19:56,3,+16.2,+19.7,+19.3,+18.3,+18.6,+19.5,+19.2,+19.7,+20.2,+20.3,+20.8,+20.6,+20.7
2023-08-15 20:56,3,+16.1,+19.7,+19.3,+18.2,+18.5,+19.5,+19.1,+19.6,+20.1,+20.2,+20.8,+20.6,+20.7
2023-08-15 21:56,3,+16.1,+19.6,+19.2,+18.3,+18.6,+19.5,+19.1,+19.6,+20.2,+20.3,+20.8,+20.6,+20.7
2023-08-15 22:56,3,+15.9,+19.6,+19.2,+18.2,+18.5,+19.6,+19.1,+19.6,+20.2,+20.3,+20.8,+20.7,+20.7
2023-08-15 23:56,3,+15.8,+19.5,+19.2,+18.2,+18.5,+19.6,+19.0,+19.6,+20.2,+20.2,+20.8,+20.6,+20.7
2023-08-16 00:56,3,+15.7,+19.5,+19.2,+18.1,+18.5,+19.6,+19.0,+19.6,+20.2,+20.3,+20.8,+20.6,+20.7
2023-08-16 01:56,3,+15.6,+19.5,+19.1,+18.2,+18.6,+19.7,+19.0,+19.6,+20.1,+20.3,+20.8,+20.6,+20.7
2023-08-16 02:56,3,+15.6,+19.4,+19.1,+18.1,+18.5,+19.7,+19.1,+19.5,+20.1,+20.3,+20.8,+20.6,+20.7
2023-08-16 03:56,3,+15.5,+19.4,+19.1,+18.1,+18.5,+19.7,+19.1,+19.5,+20.2,+20.3,+20.8,+20.6,+20.7
2023-08-16 04:56,3,+15.5,+19.4,+19.1,+18.2,+18.5,+19.7,+19.2,+19.5,+20.1,+20.3,+20.8,+20.6,+20.7
2023-08-16 05:56,3,+15.5,+19.4,+19.1,+18.2,+18.6,+19.8,+19.1,+19.5,+20.2,+20.3,+20.8,+20.6,+20.7
2023-08-16 06:56,3,+15.4,+19.3,+19.1,+18.2,+18.5,+19.8,+19.1,+19.5,+20.1,+20.2,+20.8,+20.6,+20.7
2023-08-16 07:56,3,+15.4,+19.3,+19.1,+18.0,+18.5,+19.8,+19.2,+19.5,+20.1,+20.3,+20.8,+20.6,+20.7
2023-08-16 08:56,3,+15.4,+19.3,+19.1,+18.0,+18.5,+19.8,+19.2,+19.6,+20.1,+20.2,+20.8,+20.6,+20.7
2023-08-16 09:56,3,+15.3,+19.3,+19.0,+18.1,+18.5,+19.8,+19.3,+19.6,+20.1,+20.2,+20.7,+20.6,+20.7
2023-08-16 10:56,3,+15.3,+19.2,+19.0,+18.0,+18.5,+19.8,+19.5,+19.6,+20.1,+20.3,+20.8,+20.6,+20.7
2023-08-16 11:56,3,+15.2,+19.2,+19.0,+18.0,+18.4,+19.8,+19.5,+19.6,+20.2,+20.2,+20.8,+20.6,+20.7
2023-08-16 12:56,3,+15.2,+19.2,+19.0,+18.0,+18.4,+19.8,+19.6,+19.6,+20.1,+20.3,+20.8,+20.6,+20.7
2023-08-16 13:56,3,+15.2,+19.1,+19.0,+18.0,+18.4,+19.8,+19.6,+19.6,+20.1,+20.2,+20.8,+20.6,+20.7
2023-08-16 14:56,3,+15.1,+19.1,+18.9,+18.1,+18.5,+19.8,+19.7,+19.7,+20.1,+20.2,+20.8,+20.6,+20.7
2023-08-16 15:56,3,+15.1,+19.1,+18.9,+17.9,+18.4,+19.8,+19.8,+19.7,+20.1,+20.2,+20.7,+20.6,+20.7
2023-08-16 16:56,3,+15.3,+19.0,+18.9,+18.0,+18.5,+19.9,+19.7,+19.7,+20.1,+20.2,+20.7,+20.6,+20.7
2023-08-16 17:56,3,+15.2,+19.0,+18.9,+18.0,+18.4,+19.8,+19.7,+19.7,+20.2,+20.2,+20.7,+20.6,+20.7
2023-08-16 18:56,3,+15.1,+19.0,+18.9,+18.0,+18.4,+19.8,+19.7,+19.7,+20.2,+20.2,+20.7,+20.6,+20.7
2023-08-16 19:56,3,+15.4,+19.0,+18.8,+18.0,+18.4,+19.8,+19.7,+19.7,+20.2,+20.2,+20.7,+20.6,+20.6
2023-08-16 20:56,3,+15.3,+19.0,+18.8,+18.0,+18.4,+19.8,+19.6,+19.7,+20.2,+20.2,+20.8,+20.6,+20.7
2023-08-16 21:56,3,+15.2,+19.0,+18.8,+17.9,+18.4,+19.8,+19.6,+19.7,+20.2,+20.2,+20.7,+20.6,+20.7
2023-08-16 22:56,3,+14.8,+18.9,+18.8,+17.9,+18.4,+19.9,+19.6,+19.7,+20.2,+20.2,+20.8,+20.6,+20.7
2023-08-16 23:56,3,+14.6,+18.9,+18.8,+18.0,+18.4,+19.9,+19.6,+19.8,+20.2,+20.2,+20.8,+20.6,+20.6
2023-08-17 00:56,3,+14.3,+18.9,+18.8,+18.0,+18.4,+19.9,+19.5,+19.7,+20.2,+20.3,+20.7,+20.6,+20.7
2023-08-17 01:56,3,+14.3,+18.9,+18.8,+17.8,+18.4,+19.8,+19.5,+19.7,+20.2,+20.2,+20.7,+20.6,+20.7
2023-08-17 02:56,3,+14.3,+18.9,+18.8,+18.0,+18.4,+19.9,+19.3,+19.7,+20.2,+20.3,+20.7,+20.6,+20.7
2023-08-17 03:56,3,+14.2,+18.9,+18.8,+17.8,+18.4,+19.8,+19.5,+19.7,+20.2,+20.2,+20.7,+20.6,+20.7
2023-08-17 04:56,3,+14.2,+18.8,+18.8,+17.9,+18.4,+19.9,+19.5,+19.7,+20.2,+20.3,+20.7,+20.6,+20.6
2023-08-17 05:56,3,+14.2,+18.8,+18.8,+17.9,+18.4,+19.9,+19.3,+19.7,+20.2,+20.3,+20.7,+20.6,+20.7
2023-08-17 06:56,3,+14.2,+18.8,+18.8,+17.8,+18.3,+19.8,+19.5,+19.7,+20.2,+20.2,+20.8,+20.6,+20.7
2023-08-17 07:56,3,+14.1,+18.8,+18.8,+17.9,+18.4,+19.9,+19.5,+19.7,+20.2,+20.2,+20.7,+20.6,+20.6
2023-08-17 08:56,3,+14.1,+18.8,+18.8,+17.9,+18.3,+19.9,+19.6,+19.7,+20.2,+20.3,+20.8,+20.6,+20.6
2023-08-17 09:56,3,+14.1,+18.8,+18.8,+17.8,+18.3,+19.8,+19.7,+19.7,+20.2,+20.3,+20.7,+20.6,+20.7
2023-08-17 10:56,3,+14.0,+18.7,+18.8,+17.9,+18.4,+19.8,+19.8,+19.8,+20.2,+20.3,+20.8,+20.6,+20.7
2023-08-17 11:56,3,+14.0,+18.7,+18.8,+17.9,+18.3,+19.8,+20.0,+19.8,+20.2,+20.3,+20.7,+20.6,+20.7
2023-08-17 12:56,3,+14.0,+18.7,+18.7,+17.8,+18.3,+19.8,+20.0,+19.8,+20.2,+20.3,+20.7,+20.6,+20.7
2023-08-17 13:56,3,+14.0,+18.7,+18.7,+17.8,+18.3,+19.8,+20.2,+19.8,+20.2,+20.2,+20.7,+20.6,+20.7
2023-08-17 14:56,3,+13.9,+18.6,+18.7,+17.8,+18.3,+19.8,+20.2,+20.0,+20.2,+20.3,+20.7,+20.6,+20.7
2023-08-17 15:56,3,+13.9,+18.6,+18.7,+17.7,+18.3,+19.8,+20.1,+20.0,+20.2,+20.2,+20.7,+20.6,+20.6
2023-08-17 16:56,3,+13.9,+18.6,+18.7,+17.7,+18.3,+19.8,+20.1,+20.0,+20.2,+20.2,+20.7,+20.5,+20.6
2023-08-17 17:56,3,+13.9,+18.6,+18.7,+17.7,+18.3,+19.8,+20.1,+20.1,+20.2,+20.2,+20.7,+20.6,+20.6
2023-08-17 18:56,3,+13.9,+18.6,+18.7,+17.7,+18.2,+19.8,+20.1,+20.1,+20.3,+20.2,+20.7,+20.5,+20.7
2023-08-17 19:56,3,+14.0,+18.5,+18.7,+17.8,+18.3,+19.8,+20.0,+20.1,+20.3,+20.2,+20.7,+20.5,+20.7
2023-08-17 20:56,3,+13.9,+18.6,+18.7,+17.7,+18.2,+19.8,+20.0,+20.0,+20.3,+20.3,+20.7,+20.6,+20.6
2023-08-17 21:56,3,+13.9,+18.6,+18.7,+17.8,+18.3,+19.8,+19.8,+20.0,+20.3,+20.3,+20.7,+20.6,+20.6
2023-08-17 22:56,3,+13.9,+18.5,+18.7,+17.7,+18.2,+19.8,+20.0,+20.1,+20.3,+20.3,+20.7,+20.6,+20.6
2023-08-17 23:56,3,+13.9,+18.5,+18.7,+17.8,+18.3,+19.8,+19.8,+20.0,+20.3,+20.3,+20.7,+20.5,+20.7
2023-08-18 00:56,3,+13.9,+18.5,+18.7,+17.8,+18.3,+19.8,+19.8,+20.1,+20.3,+20.3,+20.7,+20.5,+20.6
2023-08-18 01:56,3,+13.9,+18.5,+18.6,+17.8,+18.2,+19.8,+19.8,+20.1,+20.5,+20.3,+20.7,+20.6,+20.7
2023-08-18 02:56,3,+13.9,+18.5,+18.6,+17.8,+18.3,+19.8,+19.8,+20.0,+20.3,+20.3,+20.7,+20.6,+20.6
2023-08-18 03:56,3,+13.9,+18.5,+18.6,+17.8,+18.2,+19.8,+19.8,+20.0,+20.3,+20.2,+20.8,+20.6,+20.6
2023-08-18 04:56,3,+13.9,+18.5,+18.6,+17.6,+18.2,+19.8,+19.7,+20.0,+20.5,+20.3,+20.7,+20.6,+20.6
2023-08-18 05:56,3,+13.8,+18.5,+18.6,+17.8,+18.2,+19.8,+19.7,+20.1,+20.3,+20.3,+20.7,+20.6,+20.6
2023-08-18 06:56,3,+13.8,+18.5,+18.6,+17.8,+18.2,+19.8,+19.7,+20.0,+20.3,+20.3,+20.8,+20.6,+20.6
2023-08-18 07:56,3,+13.8,+18.5,+18.6,+17.7,+18.2,+19.8,+19.7,+20.0,+20.5,+20.3,+20.8,+20.6,+20.6
2023-08-18 08:56,3,+13.8,+18.5,+18.6,+17.6,+18.2,+19.8,+19.8,+20.0,+20.5,+20.3,+20.8,+20.6,+20.6
2023-08-18 09:56,3,+13.7,+18.5,+18.6,+17.7,+18.2,+19.8,+19.8,+20.0,+20.5,+20.3,+20.7,+20.6,+20.6
2023-08-18 10:56,3,+13.7,+18.5,+18.6,+17.6,+18.2,+19.7,+19.8,+20.0,+20.5,+20.3,+20.8,+20.6,+20.6
2023-08-18 11:56,3,+13.7,+18.4,+18.6,+17.7,+18.2,+19.8,+20.0,+20.0,+20.5,+20.3,+20.7,+20.6,+20.7
2023-08-18 12:56,3,+13.7,+18.4,+18.6,+17.6,+18.2,+19.7,+20.0,+20.1,+20.5,+20.3,+20.8,+20.6,+20.6
2023-08-18 13:56,3,+13.7,+18.4,+18.5,+17.7,+18.2,+19.8,+20.1,+20.1,+20.5,+20.3,+20.8,+20.6,+20.7
2023-08-18 14:56,3,+13.7,+18.4,+18.5,+17.6,+18.1,+19.7,+20.1,+20.1,+20.5,+20.3,+20.7,+20.5,+20.6
2023-08-18 15:56,3,+13.6,+18.4,+18.5,+17.6,+18.2,+19.7,+20.2,+20.1,+20.5,+20.3,+20.7,+20.5,+20.7
2023-08-18 16:56,3,+13.6,+18.4,+18.5,+17.6,+18.1,+19.7,+20.1,+20.1,+20.5,+20.3,+20.7,+20.6,+20.6
2023-08-18 17:56,3,+13.6,+18.4,+18.5,+17.6,+18.1,+19.7,+20.1,+20.1,+20.5,+20.3,+20.7,+20.6,+20.6
2023-08-18 18:56,3,+13.6,+18.4,+18.5,+17.6,+18.1,+19.7,+20.1,+20.1,+20.5,+20.3,+20.7,+20.6,+20.6
2023-08-18 19:56,3,+13.6,+18.3,+18.5,+17.7,+18.2,+19.7,+20.1,+20.1,+20.5,+20.3,+20.8,+20.6,+20.7
2023-08-18 20:56,3,+13.6,+18.4,+18.5,+17.7,+18.2,+19.7,+20.0,+20.1,+20.5,+20.3,+20.8,+20.6,+20.6
2023-08-18 21:56,3,+13.5,+18.3,+18.5,+17.7,+18.2,+19.7,+20.0,+20.1,+20.5,+20.3,+20.8,+20.6,+20.7
2023-08-18 22:56,3,+13.5,+18.3,+18.6,+17.7,+18.2,+19.7,+20.0,+20.2,+20.5,+20.3,+20.7,+20.6,+20.6
2023-08-18 23:56,3,+13.5,+18.3,+18.6,+17.7,+18.2,+19.7,+20.0,+20.1,+20.5,+20.3,+20.8,+20.6,+20.6
2023-08-19 00:56,3,+13.5,+18.3,+18.6,+17.6,+18.1,+19.7,+20.0,+20.1,+20.5,+20.5,+20.7,+20.5,+20.7
2023-08-19 01:56,3,+14.7,+18.3,+18.6,+17.6,+18.1,+19.7,+20.0,+20.2,+20.5,+20.5,+20.8,+20.6,+20.6
2023-08-19 02:56,3,+14.0,+18.3,+18.6,+17.5,+18.1,+19.7,+20.0,+20.2,+20.5,+20.3,+20.7,+20.6,+20.6
2023-08-19 03:56,3,+13.8,+18.3,+18.6,+17.5,+18.1,+19.7,+19.8,+20.1,+20.5,+20.3,+20.8,+20.6,+20.6
2023-08-19 04:56,3,+13.7,+18.3,+18.6,+17.5,+18.1,+19.7,+19.7,+20.1,+20.5,+20.3,+20.8,+20.6,+20.7
2023-08-19 05:56,3,+13.7,+18.3,+18.6,+17.6,+18.1,+19.7,+19.7,+20.1,+20.5,+20.3,+20.8,+20.6,+20.7
2023-08-19 06:56,3,+13.6,+18.3,+18.6,+17.6,+18.1,+19.7,+19.7,+20.1,+20.5,+20.3,+20.8,+20.6,+20.6
2023-08-19 07:56,3,+13.6,+18.3,+18.6,+17.5,+18.1,+19.7,+19.8,+20.1,+20.5,+20.5,+20.8,+20.6,+20.6
2023-08-19 08:56,3,+13.5,+18.3,+18.6,+17.5,+18.0,+19.7,+19.8,+20.1,+20.5,+20.3,+20.8,+20.6,+20.6
2023-08-19 09:56,3,+13.5,+18.3,+18.6,+17.6,+18.1,+19.7,+20.0,+20.1,+20.5,+20.5,+20.8,+20.6,+20.7
2023-08-19 10:56,3,+13.4,+18.2,+18.6,+17.6,+18.1,+19.7,+20.0,+20.1,+20.5,+20.5,+20.8,+20.6,+20.7
2023-08-19 11:56,3,+13.4,+18.2,+18.6,+17.5,+18.0,+19.7,+20.1,+20.1,+20.5,+20.5,+20.8,+20.6,+20.6
2023-08-19 12:56,3,+13.3,+18.2,+18.6,+17.6,+18.1,+19.7,+20.1,+20.1,+20.5,+20.3,+20.8,+20.6,+20.6
2023-08-19 13:56,3,+13.3,+18.2,+18.5,+17.6,+18.1,+19.7,+20.2,+20.1,+20.5,+20.3,+20.8,+20.6,+20.7
2023-08-19 14:56,3,+13.2,+18.2,+18.5,+17.5,+18.0,+19.6,+20.2,+20.2,+20.5,+20.3,+20.8,+20.5,+20.6
2023-08-19 15:56,3,+13.2,+18.2,+18.5,+17.6,+18.1,+19.7,+20.3,+20.2,+20.5,+20.3,+20.8,+20.6,+20.6
2023-08-19 16:56,3,+13.2,+18.2,+18.5,+17.6,+18.0,+19.7,+20.2,+20.2,+20.5,+20.3,+20.8,+20.6,+20.6
2023-08-19 17:56,3,+13.1,+18.2,+18.5,+17.6,+18.0,+19.6,+20.1,+20.2,+20.5,+20.5,+20.8,+20.6,+20.7
2023-08-19 18:56,3,+13.1,+18.1,+18.5,+17.5,+18.0,+19.6,+20.1,+20.2,+20.5,+20.3,+20.8,+20.6,+20.6
2023-08-19 19:56,3,+13.1,+18.1,+18.5,+17.5,+18.0,+19.6,+20.1,+20.2,+20.5,+20.5,+20.8,+20.6,+20.6
2023-08-19 20:56,3,+13.1,+18.1,+18.5,+17.5,+18.0,+19.6,+20.0,+20.2,+20.5,+20.3,+20.8,+20.6,+20.6
2023-08-19 21:56,3,+13.1,+18.1,+18.5,+17.6,+18.0,+19.7,+20.0,+20.2,+20.5,+20.5,+20.8,+20.6,+20.6
2023-08-19 22:56,3,+13.1,+18.1,+18.5,+17.4,+18.0,+19.6,+19.8,+20.2,+20.5,+20.5,+20.8,+20.6,+20.6
2023-08-19 23:56,3,+13.0,+18.1,+18.5,+17.5,+18.0,+19.6,+19.8,+20.2,+20.5,+20.5,+20.8,+20.6,+20.7
2023-08-20 00:56,3,+13.0,+18.1,+18.5,+17.6,+18.0,+19.6,+19.8,+20.1,+20.6,+20.5,+20.8,+20.6,+20.6
2023-08-20 01:56,3,+13.0,+18.1,+18.5,+17.6,+18.0,+19.6,+19.8,+20.2,+20.5,+20.5,+20.8,+20.6,+20.6
2023-08-20 02:56,3,+13.0,+18.1,+18.5,+17.4,+18.0,+19.6,+19.7,+20.1,+20.6,+20.5,+20.8,+20.6,+20.6
2023-08-20 03:56,3,+13.0,+18.1,+18.5,+17.5,+18.0,+19.6,+19.7,+20.1,+20.6,+20.5,+20.8,+20.6,+20.6
2023-08-20 04:56,3,+13.0,+18.1,+18.5,+17.6,+18.0,+19.6,+19.7,+20.1,+20.6,+20.5,+20.8,+20.6,+20.6
2023-08-20 05:56,3,+13.0,+18.1,+18.5,+17.5,+18.0,+19.6,+19.7,+20.1,+20.6,+20.3,+20.8,+20.6,+20.6
2023-08-20 06:56,3,+12.9,+18.1,+18.5,+17.4,+18.0,+19.6,+19.7,+20.0,+20.5,+20.5,+20.8,+20.6,+20.6
2023-08-20 07:56,3,+12.9,+18.1,+18.5,+17.4,+17.9,+19.6,+19.8,+20.1,+20.6,+20.5,+20.8,+20.7,+20.7
2023-08-20 08:56,3,+15.3,+18.1,+18.5,+17.4,+17.9,+19.6,+19.7,+20.1,+20.5,+20.5,+20.8,+20.6,+20.6
2023-08-20 09:56,3,+15.2,+18.1,+18.5,+17.5,+18.0,+19.6,+19.8,+20.0,+20.5,+20.5,+20.8,+20.6,+20.6
2023-08-20 10:56,3,+14.5,+18.1,+18.5,+17.5,+18.0,+19.6,+19.8,+20.1,+20.5,+20.5,+20.8,+20.6,+20.7
2023-08-20 11:56,3,+14.2,+18.1,+18.5,+17.4,+17.9,+19.6,+20.0,+20.1,+20.5,+20.3,+20.8,+20.6,+20.6
2023-08-20 12:56,3,+14.0,+18.0,+18.5,+17.4,+17.9,+19.6,+20.0,+20.1,+20.5,+20.5,+20.8,+20.6,+20.6
2023-08-20 13:56,3,+13.8,+18.0,+18.5,+17.4,+17.9,+19.6,+20.0,+20.1,+20.5,+20.5,+20.8,+20.6,+20.7
2023-08-20 14:56,3,+13.7,+18.0,+18.5,+17.4,+17.9,+19.5,+20.1,+20.1,+20.5,+20.5,+20.8,+20.6,+20.6
2023-08-20 15:56,3,+13.6,+18.0,+18.5,+17.5,+18.0,+19.6,+20.1,+20.2,+20.5,+20.5,+20.8,+20.6,+20.6
2023-08-20 16:56,3,+13.6,+18.0,+18.5,+17.4,+17.9,+19.6,+20.1,+20.1,+20.5,+20.5,+20.8,+20.6,+20.7
2023-08-20 17:56,3,+13.5,+18.0,+18.4,+17.5,+18.0,+19.6,+20.1,+20.1,+20.5,+20.5,+20.8,+20.6,+20.6
2023-08-20 18:56,3,+13.7,+18.0,+18.4,+17.4,+17.9,+19.5,+20.1,+20.2,+20.5,+20.5,+20.8,+20.6,+20.6
2023-08-20 19:56,3,+14.0,+18.0,+18.4,+17.5,+18.0,+19.5,+20.1,+20.2,+20.5,+20.5,+20.8,+20.6,+20.6
2023-08-20 20:56,3,+14.0,+18.0,+18.4,+17.5,+18.0,+19.5,+20.1,+20.2,+20.5,+20.3,+20.8,+20.6,+20.7
2023-08-20 21:56,3,+13.9,+18.0,+18.4,+17.5,+17.9,+19.6,+20.0,+20.2,+20.5,+20.5,+20.8,+20.6,+20.6
2023-08-20 22:56,3,+13.8,+18.0,+18.4,+17.5,+17.9,+19.6,+20.1,+20.2,+20.5,+20.5,+20.8,+20.6,+20.6
2023-08-20 23:56,3,+13.7,+18.0,+18.4,+17.5,+17.9,+19.6,+20.0,+20.2,+20.6,+20.5,+20.8,+20.6,+20.6
2023-08-21 00:56,3,+13.6,+18.0,+18.4,+17.5,+17.9,+19.5,+20.1,+20.2,+20.6,+20.5,+20.8,+20.6,+20.6
2023-08-21 01:56,3,+13.6,+18.0,+18.4,+17.4,+17.9,+19.5,+20.0,+20.1,+20.6,+20.5,+20.8,+20.6,+20.6
2023-08-21 02:56,3,+13.5,+18.0,+18.4,+17.4,+17.9,+19.5,+20.0,+20.2,+20.6,+20.5,+20.8,+20.6,+20.7
2023-08-21 03:56,3,+13.5,+18.0,+18.4,+17.3,+17.9,+19.5,+19.8,+20.2,+20.6,+20.5,+20.8,+20.6,+20.7
2023-08-21 04:56,3,+13.4,+17.9,+18.4,+17.5,+17.9,+19.6,+19.8,+20.2,+20.6,+20.5,+20.8,+20.6,+20.6
2023-08-21 05:56,3,+13.4,+17.9,+18.4,+17.5,+17.9,+19.5,+19.8,+20.2,+20.6,+20.5,+20.8,+20.6,+20.6
2023-08-21 06:56,3,+13.4,+17.9,+18.4,+17.3,+17.9,+19.5,+19.8,+20.1,+20.6,+20.5,+20.8,+20.6,+20.7
2023-08-21 07:56,3,+13.3,+17.9,+18.4,+17.5,+17.9,+19.5,+19.8,+20.1,+20.6,+20.5,+20.8,+20.6,+20.7
2023-08-21 08:56,3,+13.3,+17.9,+18.4,+17.3,+17.9,+19.5,+20.0,+20.1,+20.6,+20.5,+20.8,+20.6,+20.7
2023-08-21 09:56,3,+13.2,+17.9,+18.4,+17.3,+17.9,+19.5,+20.0,+20.2,+20.6,+20.5,+20.8,+20.6,+20.7
2023-08-21 10:56,3,+13.2,+17.9,+18.4,+17.5,+17.9,+19.5,+20.1,+20.2,+20.6,+20.5,+20.8,+20.6,+20.6
2023-08-21 11:56,3,+13.1,+17.9,+18.4,+17.3,+17.9,+19.5,+20.1,+20.2,+20.5,+20.5,+20.8,+20.6,+20.7
2023-08-21 12:56,3,+13.1,+17.8,+18.4,+17.5,+17.9,+19.5,+20.1,+20.2,+20.5,+20.5,+20.8,+20.6,+20.7
2023-08-21 13:56,3,+13.1,+17.8,+18.4,+17.4,+17.9,+19.5,+20.2,+20.2,+20.6,+20.5,+20.8,+20.6,+20.7
2023-08-21 14:56,3,+13.0,+17.8,+18.4,+17.3,+17.9,+19.5,+20.2,+20.2,+20.6,+20.5,+20.8,+20.6,+20.6
2023-08-21 15:56,3,+14.0,+17.8,+18.4,+17.4,+17.9,+19.5,+20.2,+20.2,+20.5,+20.5,+20.8,+20.6,+20.7
2023-08-21 16:56,3,+17.2,+17.9,+18.4,+17.3,+17.9,+19.5,+20.1,+20.2,+20.6,+20.5,+20.8,+20.6,+20.6
2023-08-21 17:56,3,+17.9,+17.9,+18.4,+17.3,+17.9,+19.5,+20.1,+20.2,+20.6,+20.5,+20.8,+20.6,+20.6
2023-08-21 18:56,3,+19.4,+17.9,+18.4,+17.4,+17.9,+19.5,+20.0,+20.2,+20.6,+20.5,+20.8,+20.6,+20.6
2023-08-21 19:56,3,+19.0,+17.9,+18.4,+17.3,+17.9,+19.5,+20.0,+20.2,+20.5,+20.5,+20.8,+20.6,+20.6
2023-08-21 20:56,3,+18.4,+18.0,+18.4,+17.4,+17.9,+19.5,+20.0,+20.2,+20.6,+20.5,+20.8,+20.6,+20.6
2023-08-21 21:56,3,+17.9,+18.0,+18.4,+17.4,+17.9,+19.5,+20.0,+20.2,+20.6,+20.5,+20.8,+20.6,+20.6
2023-08-21 22:56,3,+17.5,+18.0,+18.4,+17.3,+17.8,+19.5,+19.8,+20.2,+20.6,+20.5,+20.8,+20.6,+20.7
2023-08-21 23:56,3,+17.2,+18.0,+18.4,+17.4,+17.9,+19.5,+19.8,+20.2,+20.6,+20.5,+20.8,+20.6,+20.7
2023-08-22 00:56,3,+17.0,+18.0,+18.4,+17.4,+17.9,+19.5,+19.8,+20.2,+20.6,+20.5,+20.8,+20.6,+20.7
2023-08-22 01:56,3,+16.9,+18.1,+18.4,+17.3,+17.8,+19.5,+19.8,+20.2,+20.6,+20.5,+20.8,+20.6,+20.7
2023-08-22 02:56,3,+16.7,+18.1,+18.4,+17.4,+17.9,+19.5,+19.8,+20.1,+20.6,+20.5,+20.8,+20.6,+20.7
2023-08-22 03:56,3,+16.5,+18.1,+18.4,+17.3,+17.9,+19.5,+19.7,+20.2,+20.6,+20.5,+20.8,+20.6,+20.7
2023-08-22 04:56,3,+16.4,+18.1,+18.4,+17.4,+17.9,+19.5,+19.7,+20.1,+20.6,+20.5,+20.8,+20.7,+20.7
2023-08-22 05:56,3,+16.3,+18.1,+18.4,+17.3,+17.8,+19.5,+19.7,+20.1,+20.6,+20.5,+21.0,+20.6,+20.7
2023-08-22 06:56,3,+16.2,+18.1,+18.4,+17.3,+17.8,+19.5,+19.8,+20.2,+20.6,+20.5,+21.0,+20.7,+20.7
2023-08-22 07:56,3,+16.1,+18.1,+18.4,+17.3,+17.9,+19.5,+19.8,+20.1,+20.5,+20.5,+21.0,+20.6,+20.7
2023-08-22 08:56,3,+16.0,+18.1,+18.4,+17.4,+17.9,+19.5,+19.8,+20.1,+20.6,+20.5,+20.8,+20.7,+20.7
2023-08-22 09:56,3,+15.9,+18.1,+18.5,+17.4,+17.9,+19.5,+20.0,+20.1,+20.5,+20.5,+21.0,+20.6,+20.7
2023-08-22 10:56,3,+15.8,+18.1,+18.4,+17.4,+17.9,+19.5,+20.1,+20.2,+20.6,+20.5,+21.0,+20.6,+20.7
2023-08-22 11:56,3,+15.7,+18.1,+18.4,+17.2,+17.8,+19.4,+20.2,+20.1,+20.5,+20.5,+21.0,+20.6,+20.7
2023-08-22 12:56,3,+15.6,+18.1,+18.4,+17.2,+17.8,+19.5,+20.2,+20.2,+20.6,+20.5,+20.8,+20.7,+20.7
2023-08-22 13:56,3,+16.7,+18.1,+18.4,+17.3,+17.9,+19.4,+20.2,+20.2,+20.5,+20.5,+20.8,+20.6,+20.7
2023-08-22 14:56,3,+23.5,+21.7,+18.5,+17.3,+17.9,+19.5,+19.8,+20.1,+20.6,+20.5,+20.8,+20.6,+20.7
2023-08-22 15:56,3,+25.2,+28.3,+21.8,+17.2,+17.8,+19.4,+19.2,+19.5,+20.2,+20.5,+20.8,+20.6,+20.7
2023-08-22 16:56,3,+23.2,+25.3,+21.7,+17.5,+17.9,+19.5,+19.5,+19.8,+20.3,+20.5,+20.8,+20.6,+20.7
2023-08-22 17:56,3,+23.6,+25.2,+21.7,+17.8,+17.9,+19.5,+19.3,+19.8,+20.5,+20.5,+20.8,+20.6,+20.7
2023-08-22 18:56,3,+23.0,+25.4,+21.9,+18.0,+17.9,+19.5,+19.3,+19.8,+20.3,+20.5,+20.8,+20.6,+20.7
2023-08-22 19:56,3,+23.0,+24.8,+21.9,+18.2,+17.9,+19.5,+19.2,+19.8,+20.3,+20.3,+20.8,+20.6,+20.7
2023-08-22 20:56,3,+25.6,+26.7,+22.3,+18.3,+17.9,+19.4,+18.8,+19.6,+20.3,+20.5,+20.8,+20.6,+20.7
2023-08-22 21:56,3,+25.2,+26.5,+22.6,+18.7,+18.1,+19.5,+18.8,+19.5,+20.3,+20.5,+20.8,+20.6,+20.7
2023-08-22 22:56,3,+23.7,+26.2,+22.7,+19.1,+18.4,+19.5,+18.8,+19.5,+20.2,+20.3,+20.8,+20.6,+20.7
2023-08-22 23:56,3,+23.0,+25.0,+22.4,+19.2,+18.7,+19.5,+19.0,+19.6,+20.2,+20.3,+20.8,+20.6,+20.6
2023-08-23 00:56,3,+27.0,+26.0,+22.4,+19.2,+19.1,+19.5,+18.6,+19.3,+20.2,+20.3,+20.8,+20.6,+20.6
2023-08-23 01:56,3,+24.0,+26.2,+22.8,+19.4,+19.5,+19.6,+18.7,+19.3,+20.2,+20.3,+20.8,+20.7,+20.7
2023-08-23 02:56,3,+23.0,+25.0,+22.5,+19.6,+20.0,+19.9,+18.8,+19.3,+20.2,+20.3,+20.8,+20.6,+20.6
2023-08-23 03:56,3,+21.4,+24.2,+22.2,+19.6,+20.4,+20.4,+18.8,+19.3,+20.2,+20.3,+20.8,+20.6,+20.7
2023-08-23 04:56,3,+20.3,+23.4,+21.8,+19.5,+20.4,+21.0,+19.0,+19.5,+20.1,+20.3,+20.8,+20.7,+20.7
2023-08-23 05:56,3,+19.6,+23.0,+21.6,+19.4,+20.5,+21.6,+19.0,+19.5,+20.2,+20.3,+20.8,+20.7,+20.7
2023-08-23 06:56,3,+19.2,+22.6,+21.4,+19.4,+20.4,+22.0,+19.0,+19.5,+20.2,+20.3,+20.8,+20.7,+20.6
2023-08-23 07:56,3,+18.8,+22.3,+21.2,+19.4,+20.5,+22.2,+19.0,+19.5,+20.2,+20.3,+20.8,+20.6,+20.7
2023-08-23 08:56,3,+18.5,+22.1,+21.0,+19.3,+20.4,+22.3,+19.1,+19.5,+20.1,+20.3,+20.8,+20.6,+20.7
2023-08-23 09:56,3,+18.2,+21.9,+20.9,+19.3,+20.3,+22.3,+19.1,+19.6,+20.2,+20.3,+20.8,+20.6,+20.7
2023-08-23 10:56,3,+18.0,+21.7,+20.8,+19.1,+20.3,+22.3,+19.3,+19.5,+20.2,+20.3,+20.8,+20.6,+20.7
2023-08-23 11:56,3,+17.9,+21.6,+20.7,+19.1,+20.2,+22.2,+19.3,+19.5,+20.2,+20.3,+20.8,+20.6,+20.7
2023-08-23 12:56,3,+17.8,+21.5,+20.6,+19.1,+20.2,+22.2,+19.3,+19.6,+20.2,+20.3,+20.8,+20.6,+20.7
2023-08-23 13:56,3,+17.6,+21.4,+20.5,+18.9,+20.1,+22.2,+19.5,+19.6,+20.2,+20.3,+20.8,+20.6,+20.7
2023-08-23 14:56,3,+17.5,+21.3,+20.5,+19.0,+20.1,+22.1,+19.6,+19.7,+20.2,+20.3,+20.8,+20.6,+20.7
2023-08-23 15:56,3,+17.4,+21.2,+20.4,+18.9,+20.0,+22.1,+19.6,+19.7,+20.2,+20.3,+20.8,+20.6,+20.6
2023-08-23 16:56,3,+17.3,+21.1,+20.4,+19.0,+20.1,+22.1,+19.5,+19.7,+20.2,+20.3,+20.8,+20.6,+20.7
2023-08-23 17:56,3,+17.2,+21.1,+20.3,+18.9,+20.0,+22.1,+19.5,+19.7,+20.2,+20.3,+20.8,+20.6,+20.6
2023-08-23 18:56,3,+19.6,+21.0,+20.3,+18.8,+19.9,+22.0,+19.3,+19.7,+20.2,+20.3,+20.8,+20.6,+20.7
2023-08-23 19:56,3,+23.8,+21.4,+20.2,+18.9,+19.9,+22.0,+19.1,+19.6,+20.2,+20.3,+20.8,+20.6,+20.7
2023-08-23 20:56,3,+24.0,+24.0,+20.4,+18.9,+19.9,+22.0,+19.0,+19.6,+20.2,+20.3,+20.8,+20.6,+20.7
2023-08-23 21:56,3,+23.9,+24.9,+21.0,+18.8,+19.9,+21.9,+19.0,+19.5,+20.2,+20.3,+20.8,+20.6,+20.7
2023-08-23 22:56,3,+24.0,+25.1,+21.5,+18.9,+19.9,+21.9,+18.8,+19.5,+20.1,+20.3,+20.8,+20.6,+20.7
2023-08-23 23:56,3,+23.5,+24.9,+21.8,+19.0,+19.9,+21.9,+19.0,+19.5,+20.1,+20.2,+20.8,+20.6,+20.7
2023-08-24 00:56,3,+22.5,+24.5,+21.9,+19.3,+20.0,+21.9,+19.0,+19.5,+20.1,+20.2,+20.8,+20.6,+20.7
2023-08-24 01:56,3,+21.3,+23.9,+21.8,+19.4,+20.2,+22.0,+19.0,+19.5,+20.1,+20.2,+20.8,+20.6,+20.7
2023-08-24 02:56,3,+20.3,+23.4,+21.6,+19.5,+20.3,+22.1,+19.0,+19.5,+20.1,+20.3,+20.8,+20.6,+20.6
2023-08-24 03:56,3,+19.8,+23.0,+21.5,+19.5,+20.4,+22.3,+19.0,+19.5,+20.1,+20.2,+20.7,+20.6,+20.7
2023-08-24 04:56,3,+19.4,+22.6,+21.3,+19.4,+20.4,+22.3,+19.0,+19.5,+20.1,+20.2,+20.7,+20.6,+20.7
2023-08-24 05:56,3,+19.1,+22.4,+21.2,+19.4,+20.4,+22.4,+19.0,+19.5,+20.1,+20.2,+20.7,+20.6,+20.7
2023-08-24 06:56,3,+19.0,+22.2,+21.0,+19.3,+20.3,+22.4,+19.0,+19.5,+20.1,+20.2,+20.8,+20.6,+20.6
2023-08-24 07:56,3,+18.8,+22.0,+20.9,+19.2,+20.3,+22.4,+19.1,+19.5,+20.1,+20.2,+20.8,+20.6,+20.7
2023-08-24 08:56,3,+23.1,+22.1,+20.9,+19.3,+20.3,+22.4,+18.8,+19.5,+20.1,+20.2,+20.8,+20.6,+20.6
2023-08-24 09:56,3,+22.2,+23.0,+20.9,+19.2,+20.3,+22.4,+19.0,+19.5,+20.1,+20.2,+20.7,+20.6,+20.7
2023-08-24 10:56,3,+21.0,+23.1,+21.0,+19.3,+20.3,+22.3,+19.1,+19.3,+20.1,+20.2,+20.7,+20.6,+20.7
2023-08-24 11:56,3,+21.4,+23.1,+21.1,+19.1,+20.2,+22.3,+19.1,+19.5,+20.1,+20.2,+20.7,+20.6,+20.6
2023-08-24 12:56,3,+23.2,+23.4,+21.1,+19.3,+20.2,+22.3,+19.2,+19.5,+20.1,+20.2,+20.8,+20.6,+20.7
2023-08-24 13:56,3,+21.6,+23.6,+21.3,+19.2,+20.2,+22.3,+19.3,+19.5,+20.0,+20.2,+20.7,+20.6,+20.7
2023-08-24 14:56,3,+20.4,+23.4,+21.3,+19.3,+20.2,+22.3,+19.3,+19.5,+20.1,+20.2,+20.8,+20.5,+20.7
2023-08-24 15:56,3,+19.7,+23.0,+21.2,+19.3,+20.3,+22.3,+19.3,+19.5,+20.0,+20.2,+20.7,+20.6,+20.7
2023-08-24 16:56,3,+19.2,+23.0,+21.2,+19.3,+20.3,+22.3,+19.3,+19.5,+20.0,+20.2,+20.7,+20.6,+20.7
2023-08-24 17:56,3,+18.9,+22.8,+21.1,+19.4,+20.3,+22.4,+19.3,+19.6,+20.0,+20.2,+20.7,+20.5,+20.7
2023-08-24 18:56,3,+18.6,+22.6,+21.0,+19.3,+20.3,+22.4,+19.3,+19.5,+20.1,+20.2,+20.7,+20.6,+20.6
2023-08-24 19:56,3,+18.4,+22.5,+20.9,+19.2,+20.3,+22.4,+19.3,+19.5,+20.1,+20.2,+20.7,+20.6,+20.7
2023-08-24 20:56,3,+18.2,+22.3,+20.8,+19.3,+20.3,+22.4,+19.2,+19.5,+20.1,+20.1,+20.7,+20.6,+20.7
2023-08-24 21:56,3,+17.8,+22.1,+20.8,+19.2,+20.2,+22.3,+19.2,+19.6,+20.1,+20.2,+20.7,+20.6,+20.6
2023-08-24 22:56,3,+17.7,+22.0,+20.7,+19.3,+20.3,+22.3,+19.2,+19.5,+20.1,+20.2,+20.7,+20.5,+20.7
2023-08-24 23:56,3,+17.5,+21.9,+20.7,+19.1,+20.2,+22.3,+19.2,+19.6,+20.1,+20.2,+20.7,+20.6,+20.6
2023-08-25 00:56,3,+17.4,+21.8,+20.6,+19.2,+20.2,+22.3,+19.1,+19.6,+20.1,+20.2,+20.7,+20.5,+20.7
2023-08-25 01:56,3,+17.3,+21.7,+20.5,+19.2,+20.2,+22.2,+19.0,+19.5,+20.1,+20.2,+20.7,+20.6,+20.7
2023-08-25 02:56,3,+17.2,+21.7,+20.5,+19.0,+20.1,+22.2,+19.1,+19.6,+20.1,+20.2,+20.7,+20.6,+20.6
2023-08-25 03:56,3,+17.1,+21.6,+20.4,+19.1,+20.1,+22.2,+19.0,+19.5,+20.1,+20.2,+20.7,+20.6,+20.6
2023-08-25 04:56,3,+17.0,+21.5,+20.4,+19.1,+20.1,+22.1,+19.0,+19.5,+20.1,+20.1,+20.7,+20.5,+20.6
2023-08-25 05:56,3,+16.9,+21.5,+20.4,+18.9,+20.0,+22.1,+19.0,+19.5,+20.1,+20.2,+20.7,+20.5,+20.7
2023-08-25 06:56,3,+16.9,+21.5,+20.3,+19.0,+20.0,+22.1,+19.0,+19.5,+20.1,+20.2,+20.7,+20.5,+20.6
2023-08-25 07:56,3,+16.8,+21.4,+20.3,+18.9,+19.9,+22.0,+19.0,+19.5,+20.1,+20.2,+20.7,+20.6,+20.7
2023-08-25 08:56,3,+16.8,+21.4,+20.3,+18.9,+19.9,+22.0,+19.1,+19.5,+20.1,+20.2,+20.7,+20.5,+20.6
2023-08-25 09:56,3,+16.7,+21.3,+20.2,+19.0,+19.9,+22.0,+19.2,+19.5,+20.1,+20.2,+20.7,+20.5,+20.6
2023-08-25 10:56,3,+16.6,+21.2,+20.2,+18.8,+19.9,+21.9,+19.3,+19.5,+20.1,+20.2,+20.7,+20.5,+20.7
2023-08-25 11:56,3,+16.5,+21.2,+20.1,+18.8,+19.9,+21.9,+19.5,+19.5,+20.1,+20.2,+20.7,+20.6,+20.6
2023-08-25 12:56,3,+16.5,+21.2,+20.1,+18.9,+19.9,+21.9,+19.7,+19.5,+20.1,+20.1,+20.7,+20.5,+20.6
2023-08-25 13:56,3,+16.5,+21.3,+20.1,+18.8,+19.8,+21.9,+19.8,+19.6,+20.0,+20.2,+20.6,+20.5,+20.7
2023-08-25 14:56,3,+16.4,+21.3,+20.0,+18.7,+19.8,+21.8,+20.0,+19.6,+20.1,+20.1,+20.7,+20.5,+20.6
2023-08-25 15:56,3,+18.1,+21.2,+20.0,+18.7,+19.7,+21.8,+20.0,+19.7,+20.1,+20.2,+20.7,+20.5,+20.6
2023-08-25 16:56,3,+23.0,+24.6,+20.1,+18.8,+19.7,+21.8,+19.8,+19.7,+20.0,+20.1,+20.7,+20.5,+20.6
2023-08-25 17:56,3,+21.0,+24.4,+20.5,+18.8,+19.7,+21.7,+19.8,+19.7,+20.0,+20.1,+20.7,+20.5,+20.6
2023-08-25 18:56,3,+20.2,+24.0,+20.7,+18.7,+19.7,+21.7,+19.8,+19.7,+20.1,+20.2,+20.6,+20.5,+20.6
2023-08-25 19:56,3,+19.6,+23.7,+20.7,+18.9,+19.7,+21.7,+19.8,+19.8,+20.1,+20.2,+20.7,+20.5,+20.6
2023-08-25 20:56,3,+19.2,+23.5,+20.7,+18.9,+19.7,+21.7,+19.8,+19.8,+20.1,+20.2,+20.6,+20.5,+20.6
2023-08-25 21:56,3,+18.7,+23.2,+20.7,+18.8,+19.7,+21.7,+19.7,+19.8,+20.1,+20.1,+20.7,+20.5,+20.7
2023-08-25 22:56,3,+18.5,+23.1,+20.7,+18.9,+19.7,+21.7,+19.6,+19.8,+20.1,+20.2,+20.7,+20.5,+20.6
2023-08-25 23:56,3,+18.1,+22.9,+20.7,+18.9,+19.7,+21.6,+19.6,+19.8,+20.2,+20.2,+20.6,+20.5,+20.6
2023-08-26 00:56,3,+17.9,+22.8,+20.6,+18.9,+19.7,+21.6,+19.6,+19.8,+20.2,+20.1,+20.7,+20.5,+20.6
2023-08-26 01:56,3,+17.8,+22.7,+20.6,+18.9,+19.7,+21.6,+19.6,+19.8,+20.2,+20.1,+20.7,+20.5,+20.6
2023-08-26 02:56,3,+17.7,+22.6,+20.5,+18.9,+19.7,+21.6,+19.6,+19.7,+20.2,+20.2,+20.7,+20.5,+20.7
2023-08-26 03:56,3,+17.5,+22.5,+20.5,+18.9,+19.7,+21.7,+19.7,+19.8,+20.2,+20.2,+20.7,+20.5,+20.6
2023-08-26 04:56,3,+17.5,+22.4,+20.4,+18.9,+19.7,+21.6,+19.7,+19.8,+20.2,+20.2,+20.7,+20.5,+20.6
2023-08-26 05:56,3,+17.4,+22.3,+20.4,+18.9,+19.7,+21.6,+19.7,+19.8,+20.2,+20.2,+20.7,+20.5,+20.6
2023-08-26 06:56,3,+17.3,+22.2,+20.4,+18.8,+19.7,+21.6,+19.7,+19.8,+20.2,+20.2,+20.7,+20.5,+20.6
2023-08-26 07:56,3,+17.2,+22.2,+20.4,+18.9,+19.7,+21.7,+19.8,+19.8,+20.2,+20.2,+20.6,+20.5,+20.6
2023-08-26 08:56,3,+17.2,+22.1,+20.4,+18.9,+19.7,+21.7,+19.8,+19.8,+20.2,+20.2,+20.7,+20.5,+20.6
2023-08-26 09:56,3,+17.1,+22.1,+20.3,+18.8,+19.7,+21.6,+20.0,+19.8,+20.2,+20.2,+20.7,+20.5,+20.7
2023-08-26 10:56,3,+17.0,+22.0,+20.3,+18.8,+19.7,+21.6,+20.1,+20.0,+20.2,+20.2,+20.7,+20.5,+20.6
2023-08-26 11:56,3,+16.9,+22.0,+20.3,+18.9,+19.7,+21.6,+20.1,+20.0,+20.2,+20.2,+20.7,+20.5,+20.6
2023-08-26 12:56,3,+16.9,+21.9,+20.2,+18.7,+19.6,+21.6,+20.2,+20.0,+20.2,+20.2,+20.7,+20.5,+20.6
2023-08-26 13:56,3,+31.1,+33.5,+21.6,+18.9,+19.7,+21.6,+20.1,+19.8,+20.2,+20.2,+20.7,+20.5,+20.6
2023-08-26 14:56,3,+22.9,+27.0,+23.5,+19.5,+19.8,+21.6,+20.1,+20.0,+20.2,+20.1,+20.7,+20.5,+20.6
2023-08-26 15:56,3,+21.2,+25.5,+22.8,+19.8,+20.3,+21.7,+20.3,+20.1,+20.2,+20.2,+20.7,+20.5,+20.6
2023-08-26 16:56,3,+20.2,+24.7,+22.3,+19.7,+20.5,+21.9,+20.2,+20.1,+20.2,+20.2,+20.7,+20.5,+20.6
2023-08-26 17:56,3,+19.4,+24.2,+21.9,+19.8,+20.6,+22.3,+20.3,+20.1,+20.2,+20.1,+20.6,+20.5,+20.6
2023-08-26 18:56,3,+18.9,+23.9,+21.7,+19.6,+20.6,+22.5,+20.2,+20.1,+20.2,+20.2,+20.6,+20.5,+20.6
2023-08-26 19:56,3,+18.7,+23.5,+21.5,+19.6,+20.6,+22.5,+20.2,+20.1,+20.3,+20.2,+20.7,+20.5,+20.6
2023-08-26 20:56,3,+18.5,+23.2,+21.4,+19.6,+20.6,+22.6,+20.2,+20.1,+20.3,+20.2,+20.6,+20.5,+20.6
2023-08-26 21:56,3,+18.4,+23.1,+21.2,+19.5,+20.5,+22.6,+20.2,+20.2,+20.3,+20.2,+20.7,+20.5,+20.6
2023-08-26 22:56,3,+18.3,+23.1,+21.1,+19.4,+20.5,+22.6,+20.2,+20.2,+20.3,+20.2,+20.7,+20.5,+20.6
2023-08-26 23:56,3,+19.8,+23.0,+21.1,+19.4,+20.4,+22.5,+20.2,+20.1,+20.3,+20.2,+20.7,+20.5,+20.6
2023-08-27 00:56,3,+19.5,+23.0,+21.0,+19.5,+20.4,+22.5,+20.2,+20.2,+20.3,+20.2,+20.7,+20.5,+20.6
2023-08-27 01:56,3,+19.2,+22.9,+20.9,+19.4,+20.4,+22.5,+20.1,+20.1,+20.5,+20.3,+20.7,+20.5,+20.6
2023-08-27 02:56,3,+19.1,+22.9,+20.9,+19.3,+20.3,+22.4,+20.0,+20.1,+20.3,+20.3,+20.7,+20.5,+20.6
2023-08-27 03:56,3,+18.8,+22.7,+20.8,+19.3,+20.3,+22.4,+20.0,+20.2,+20.3,+20.3,+20.7,+20.5,+20.6
2023-08-27 04:56,3,+18.7,+22.6,+20.8,+19.3,+20.2,+22.4,+19.8,+20.1,+20.5,+20.2,+20.7,+20.5,+20.6
2023-08-27 05:56,3,+18.6,+22.6,+20.7,+19.2,+20.2,+22.3,+19.7,+20.1,+20.5,+20.2,+20.7,+20.5,+20.6
2023-08-27 06:56,3,+18.3,+22.7,+20.7,+19.2,+20.1,+22.3,+19.7,+20.1,+20.3,+20.2,+20.7,+20.5,+20.6
2023-08-27 07:56,3,+17.9,+22.6,+20.7,+19.1,+20.1,+22.2,+19.8,+20.1,+20.3,+20.3,+20.7,+20.5,+20.6
2023-08-27 08:56,3,+17.9,+22.5,+20.7,+19.2,+20.1,+22.2,+20.0,+20.1,+20.5,+20.3,+20.7,+20.5,+20.6
2023-08-27 09:56,3,+17.9,+22.5,+20.6,+19.1,+20.0,+22.2,+20.0,+20.1,+20.5,+20.2,+20.7,+20.5,+20.6
2023-08-27 10:56,3,+17.6,+22.4,+20.6,+19.2,+20.1,+22.2,+20.1,+20.1,+20.5,+20.2,+20.7,+20.5,+20.6
2023-08-27 11:56,3,+17.5,+22.3,+20.5,+19.1,+20.0,+22.1,+20.2,+20.1,+20.5,+20.3,+20.7,+20.5,+20.6
2023-08-27 12:56,3,+17.3,+22.2,+20.5,+19.0,+20.0,+22.1,+20.3,+20.1,+20.3,+20.3,+20.7,+20.5,+20.6
2023-08-27 13:56,3,+17.2,+22.2,+20.4,+19.0,+19.9,+22.0,+20.5,+20.2,+20.5,+20.3,+20.7,+20.5,+20.6
2023-08-27 14:56,3,+17.2,+22.1,+20.4,+19.1,+20.0,+22.0,+20.6,+20.2,+20.5,+20.3,+20.7,+20.5,+20.6
2023-08-27 15:56,3,+17.1,+22.1,+20.8,+19.1,+19.9,+22.0,+20.7,+20.2,+20.5,+20.3,+20.7,+20.5,+20.6
2023-08-27 16:56,3,+17.0,+22.0,+20.5,+19.0,+19.9,+22.0,+20.7,+20.3,+20.5,+20.3,+20.7,+20.5,+20.6
2023-08-27 17:56,3,+17.0,+22.0,+20.5,+18.9,+19.8,+21.9,+20.7,+20.3,+20.5,+20.3,+20.7,+20.5,+20.6
2023-08-27 18:56,3,+16.9,+22.0,+20.5,+19.0,+19.9,+21.9,+20.6,+20.3,+20.5,+20.3,+20.7,+20.5,+20.6
2023-08-27 19:56,3,+16.9,+21.9,+20.4,+18.9,+19.8,+21.9,+20.6,+20.3,+20.5,+20.3,+20.7,+20.5,+20.6
2023-08-27 20:56,3,+17.0,+21.9,+20.4,+18.9,+19.8,+21.8,+20.6,+20.3,+20.5,+20.3,+20.7,+20.5,+20.6
2023-08-27 21:56,3,+16.9,+21.8,+20.4,+18.9,+19.8,+21.8,+20.5,+20.5,+20.5,+20.3,+20.7,+20.5,+20.6
2023-08-27 22:56,3,+16.9,+21.8,+20.4,+18.8,+19.7,+21.8,+20.5,+20.3,+20.5,+20.3,+20.7,+20.5,+20.6
2023-08-27 23:56,3,+16.8,+21.8,+20.4,+18.8,+19.7,+21.8,+20.3,+20.3,+20.6,+20.3,+20.7,+20.5,+20.6
2023-08-28 00:56,3,+16.7,+21.8,+20.4,+18.8,+19.7,+21.7,+20.3,+20.3,+20.6,+20.3,+20.7,+20.5,+20.6
2023-08-28 01:56,3,+16.7,+21.8,+20.3,+18.9,+19.7,+21.8,+20.2,+20.3,+20.6,+20.3,+20.7,+20.5,+20.6
2023-08-28 02:56,3,+16.7,+21.7,+20.3,+18.8,+19.7,+21.7,+20.2,+20.5,+20.5,+20.3,+20.7,+20.5,+20.6
2023-08-28 03:56,3,+16.7,+21.7,+20.3,+18.7,+19.6,+21.7,+20.1,+20.3,+20.6,+20.3,+20.7,+20.6,+20.6
2023-08-28 04:56,3,+16.8,+21.7,+20.3,+18.9,+19.7,+21.7,+20.0,+20.3,+20.6,+20.5,+20.7,+20.5,+20.6
2023-08-28 05:56,3,+16.8,+21.7,+20.3,+18.8,+19.7,+21.7,+20.0,+20.3,+20.6,+20.3,+20.7,+20.5,+20.6
2023-08-28 06:56,3,+16.8,+21.6,+20.3,+18.7,+19.6,+21.6,+20.0,+20.3,+20.6,+20.3,+20.7,+20.5,+20.6
2023-08-28 07:56,3,+16.7,+21.6,+20.2,+18.7,+19.6,+21.6,+20.0,+20.2,+20.6,+20.5,+20.7,+20.5,+20.6
2023-08-28 08:56,3,+16.7,+21.6,+20.2,+18.7,+19.6,+21.6,+20.1,+20.2,+20.6,+20.5,+20.7,+20.5,+20.6
2023-08-28 09:56,3,+16.7,+21.5,+20.2,+18.8,+19.6,+21.6,+20.2,+20.3,+20.6,+20.5,+20.7,+20.5,+20.6
2023-08-28 10:56,3,+16.6,+21.5,+20.2,+18.8,+19.6,+21.6,+20.3,+20.2,+20.6,+20.3,+20.8,+20.5,+20.6
2023-08-28 11:56,3,+16.6,+21.5,+20.2,+18.7,+19.6,+21.5,+20.3,+20.2,+20.6,+20.5,+20.8,+20.5,+20.6
2023-08-28 12:56,3,+16.5,+21.4,+20.1,+18.6,+19.5,+21.5,+20.3,+20.3,+20.6,+20.3,+20.7,+20.6,+20.6
2023-08-28 13:56,3,+16.5,+21.4,+20.1,+18.7,+19.5,+21.5,+20.5,+20.3,+20.6,+20.5,+20.8,+20.5,+20.6
2023-08-28 14:56,3,+16.5,+21.4,+20.1,+18.6,+19.5,+21.5,+20.5,+20.3,+20.6,+20.3,+20.7,+20.6,+20.6
2023-08-28 15:56,3,+16.4,+21.4,+20.1,+18.7,+19.5,+21.5,+20.5,+20.3,+20.6,+20.3,+20.8,+20.5,+20.6
2023-08-28 16:56,3,+16.4,+21.3,+20.1,+18.6,+19.4,+21.4,+20.5,+20.3,+20.6,+20.5,+20.7,+20.6,+20.6
2023-08-28 17:56,3,+16.4,+21.3,+20.1,+18.7,+19.5,+21.4,+20.5,+20.3,+20.6,+20.5,+20.8,+20.5,+20.6
2023-08-28 18:56,3,+16.4,+21.3,+20.1,+18.7,+19.5,+21.4,+20.5,+20.3,+20.6,+20.3,+20.8,+20.6,+20.6
2023-08-28 19:56,3,+16.3,+21.3,+20.0,+18.5,+19.4,+21.4,+20.5,+20.3,+20.6,+20.5,+20.8,+20.5,+20.6
2023-08-28 20:56,3,+16.3,+21.2,+20.0,+18.6,+19.5,+21.4,+20.5,+20.3,+20.6,+20.5,+20.8,+20.5,+20.6
2023-08-28 21:56,3,+16.3,+21.2,+20.0,+18.6,+19.5,+21.3,+20.3,+20.5,+20.6,+20.5,+20.8,+20.6,+20.6
2023-08-28 22:56,3,+16.3,+21.2,+20.0,+18.6,+19.4,+21.3,+20.3,+20.5,+20.6,+20.5,+20.8,+20.5,+20.6
2023-08-28 23:56,3,+16.2,+21.2,+20.0,+18.5,+19.3,+21.3,+20.3,+20.5,+20.6,+20.5,+20.8,+20.6,+20.6
2023-08-29 00:56,3,+16.2,+21.2,+20.0,+18.6,+19.4,+21.3,+20.3,+20.5,+20.6,+20.5,+20.7,+20.6,+20.6
2023-08-29 01:56,3,+16.2,+21.2,+20.0,+18.6,+19.4,+21.3,+20.3,+20.5,+20.6,+20.5,+20.8,+20.6,+20.6
2023-08-29 02:56,3,+16.2,+21.2,+20.0,+18.6,+19.4,+21.3,+20.3,+20.3,+20.6,+20.5,+20.7,+20.6,+20.6
2023-08-29 03:56,3,+16.2,+21.2,+20.0,+18.5,+19.3,+21.2,+20.2,+20.3,+20.6,+20.5,+20.8,+20.6,+20.6
2023-08-29 04:56,3,+16.2,+21.1,+20.0,+18.5,+19.3,+21.2,+20.2,+20.5,+20.6,+20.5,+20.8,+20.6,+20.6
2023-08-29 05:56,3,+16.2,+21.1,+19.9,+18.6,+19.3,+21.2,+20.1,+20.3,+20.6,+20.5,+20.8,+20.6,+20.6
2023-08-29 06:56,3,+16.1,+21.1,+19.9,+18.5,+19.3,+21.2,+20.1,+20.3,+20.7,+20.5,+20.8,+20.6,+20.6
2023-08-29 07:56,3,+16.2,+21.1,+19.9,+18.4,+19.3,+21.2,+20.2,+20.3,+20.7,+20.5,+20.8,+20.6,+20.6
2023-08-29 08:56,3,+16.1,+21.1,+19.9,+18.5,+19.3,+21.2,+20.3,+20.3,+20.6,+20.6,+20.8,+20.6,+20.6
2023-08-29 09:56,3,+16.0,+21.0,+19.9,+18.5,+19.3,+21.2,+20.5,+20.3,+20.6,+20.5,+20.8,+20.6,+20.6
2023-08-29 10:56,3,+16.0,+21.0,+19.9,+18.4,+19.2,+21.1,+20.6,+20.3,+20.6,+20.5,+20.8,+20.6,+20.6
2023-08-29 11:56,3,+15.9,+21.0,+19.9,+18.4,+19.2,+21.1,+20.7,+20.5,+20.6,+20.5,+20.8,+20.6,+20.6
2023-08-29 12:56,3,+15.9,+21.0,+19.9,+18.5,+19.2,+21.1,+20.8,+20.5,+20.6,+20.5,+20.8,+20.6,+20.6
2023-08-29 13:56,3,+15.9,+22.2,+20.5,+18.5,+19.2,+21.1,+20.8,+20.5,+20.6,+20.5,+20.8,+20.6,+20.6
2023-08-29 14:56,3,+16.0,+22.2,+20.7,+18.5,+19.2,+21.1,+21.0,+20.6,+20.7,+20.5,+20.8,+20.6,+20.6
2023-08-29 15:56,3,+16.0,+22.2,+20.5,+18.5,+19.2,+21.1,+21.1,+20.6,+20.7,+20.5,+20.8,+20.6,+20.7
2023-08-29 16:56,3,+16.0,+22.1,+20.4,+18.5,+19.2,+21.1,+21.0,+20.6,+20.6,+20.5,+20.8,+20.6,+20.6
2023-08-29 17:56,3,+16.0,+22.0,+20.4,+18.3,+19.2,+21.0,+21.1,+20.6,+20.7,+20.5,+20.8,+20.6,+20.6
2023-08-29 18:56,3,+16.0,+22.1,+20.3,+18.3,+19.1,+21.0,+21.0,+20.7,+20.7,+20.5,+20.8,+20.6,+20.7
2023-08-29 19:56,3,+16.0,+22.1,+20.3,+18.5,+19.2,+21.0,+21.0,+20.7,+20.7,+20.5,+20.8,+20.6,+20.6
2023-08-29 20:56,3,+15.9,+22.1,+20.3,+18.4,+19.2,+21.0,+20.8,+20.7,+20.7,+20.5,+20.8,+20.6,+20.6
2023-08-29 21:56,3,+15.9,+22.1,+20.3,+18.4,+19.2,+21.0,+21.0,+20.7,+20.7,+20.5,+20.8,+20.6,+20.6
2023-08-29 22:56,3,+15.9,+22.0,+20.3,+18.4,+19.1,+21.0,+20.8,+20.7,+20.8,+20.5,+20.8,+20.6,+20.6
2023-08-29 23:56,3,+15.8,+22.0,+20.2,+18.3,+19.1,+20.9,+20.8,+20.7,+20.7,+20.5,+20.8,+20.6,+20.7
2023-08-30 00:56,3,+15.7,+22.0,+20.2,+18.4,+19.1,+21.0,+20.8,+20.7,+20.7,+20.5,+20.8,+20.7,+20.6
2023-08-30 01:56,3,+15.7,+21.8,+20.4,+18.3,+19.1,+20.9,+20.7,+20.7,+20.8,+20.6,+20.8,+20.6,+20.6
2023-08-30 02:56,3,+15.7,+21.6,+20.3,+18.4,+19.1,+20.9,+20.7,+20.7,+20.8,+20.6,+20.8,+20.6,+20.6
2023-08-30 03:56,3,+15.6,+21.6,+20.4,+18.3,+19.0,+20.9,+20.5,+20.7,+20.8,+20.5,+20.8,+20.6,+20.6
2023-08-30 04:56,3,+15.6,+21.8,+20.4,+18.4,+19.1,+20.9,+20.5,+20.7,+20.8,+20.6,+20.8,+20.6,+20.6
2023-08-30 05:56,3,+15.6,+22.0,+20.3,+18.3,+19.0,+20.9,+20.5,+20.7,+20.8,+20.6,+20.8,+20.6,+20.6
2023-08-30 06:56,3,+15.5,+22.0,+20.3,+18.3,+19.0,+20.9,+20.5,+20.6,+20.8,+20.6,+20.8,+20.6,+20.7
2023-08-30 07:56,3,+15.5,+22.0,+20.3,+18.4,+19.1,+20.9,+20.5,+20.6,+20.8,+20.6,+20.8,+20.6,+20.6
2023-08-30 08:56,3,+15.5,+21.9,+20.2,+18.4,+19.0,+20.9,+20.5,+20.6,+20.8,+20.6,+20.8,+20.6,+20.7