
2023-07-28 10:11,1,+9.7,+9.2,+1.3,+5.0,+16.2,+10.9,+19.1,+19.0,+19.5,+20.0,+19.8,+20.0,+19.7
2023-07-28 10:12,1,+9.7,+9.2,+1.3,+5.1,+16.2,+10.9,+19.2,+19.0,+19.5,+20.0,+19.8,+20.0,+19.7
2023-07-28 11:12,1,+9.7,+9.1,+1.3,+5.1,+16.2,+10.9,+19.3,+19.0,+19.5,+20.0,+19.8,+20.0,+19.8
2023-07-28 12:12,1,+9.5,+9.1,+1.3,+5.1,+16.2,+10.9,+19.8,+19.1,+19.5,+20.0,+19.8,+20.0,+19.8
2023-07-28 13:12,1,+9.4,+9.1,+1.3,+5.0,+16.2,+10.9,+20.1,+19.1,+19.5,+20.0,+19.8,+20.0,+19.7
2023-07-28 14:12,1,+9.3,+9.1,+1.3,+5.1,+16.2,+10.9,+20.2,+19.2,+19.5,+19.8,+19.8,+20.0,+19.7
2023-07-28 15:12,1,+9.3,+9.1,+1.3,+5.1,+16.2,+10.9,+20.2,+19.3,+19.5,+20.0,+19.8,+20.0,+19.7
2023-07-28 16:12,1,+9.3,+9.3,+1.3,+4.9,+16.2,+10.9,+20.3,+19.3,+19.5,+19.8,+19.8,+20.0,+19.7
2023-07-28 17:12,1,+9.1,+9.8,+1.5,+4.7,+16.3,+10.9,+20.2,+19.5,+19.5,+20.0,+19.7,+20.0,+19.7
2023-07-28 18:12,1,+9.0,+10.0,+1.5,+4.7,+16.3,+10.9,+20.2,+19.5,+19.5,+20.0,+19.8,+20.0,+19.7
2023-07-28 19:12,1,+9.0,+10.0,+1.5,+4.6,+16.2,+10.9,+20.1,+19.5,+19.5,+20.0,+19.8,+20.0,+19.7
2023-07-28 20:12,1,+9.0,+10.0,+1.5,+4.6,+16.2,+10.9,+20.1,+19.6,+19.6,+20.0,+19.7,+20.0,+19.7
2023-07-28 21:12,1,+9.0,+10.0,+1.5,+4.7,+16.3,+10.9,+20.0,+19.6,+19.6,+20.0,+19.8,+20.0,+19.8
2023-07-28 22:12,1,+9.0,+10.0,+1.5,+4.6,+16.2,+10.9,+20.0,+19.6,+19.6,+20.0,+19.8,+20.0,+19.7
2023-07-28 23:12,1,+9.0,+10.0,+1.5,+4.7,+16.3,+10.9,+19.8,+19.6,+19.6,+20.0,+19.8,+20.0,+19.7
2023-07-29 00:12,1,+9.0,+10.0,+1.5,+4.6,+16.2,+10.9,+19.8,+19.6,+19.6,+20.0,+19.8,+20.0,+19.8
2023-07-29 01:12,1,+9.1,+10.0,+1.5,+4.7,+16.3,+10.9,+19.8,+19.6,+19.7,+20.0,+19.8,+20.0,+19.8
2023-07-29 02:12,1,+9.1,+10.0,+1.5,+4.6,+16.2,+10.9,+19.7,+19.5,+19.7,+20.0,+19.8,+20.0,+19.7
2023-07-29 03:12,1,+9.1,+10.0,+1.5,+4.6,+16.2,+10.9,+19.7,+19.6,+19.7,+20.0,+19.8,+20.0,+19.7
2023-07-29 04:12,1,+9.2,+10.0,+1.5,+4.6,+16.2,+10.9,+19.6,+19.5,+19.7,+20.0,+19.8,+20.0,+19.7
2023-07-29 05:12,1,+9.2,+10.0,+1.5,+4.6,+16.2,+10.9,+19.6,+19.6,+19.7,+20.0,+19.8,+20.0,+19.7
2023-07-29 06:12,1,+9.2,+10.0,+1.5,+4.7,+16.3,+10.9,+19.6,+19.5,+19.7,+20.0,+19.8,+20.0,+19.8
2023-07-29 07:12,1,+9.2,+10.0,+1.5,+4.7,+16.3,+10.9,+19.5,+19.5,+19.7,+20.0,+19.7,+20.0,+19.7
2023-07-29 08:12,1,+9.2,+10.0,+1.5,+4.7,+16.3,+10.9,+19.5,+19.5,+19.7,+20.0,+19.8,+20.0,+19.7
2023-07-29 09:12,1,+9.2,+10.0,+1.5,+4.6,+16.3,+10.9,+19.6,+19.5,+19.7,+20.0,+19.8,+20.0,+19.7
2023-07-29 10:12,1,+9.1,+10.0,+1.5,+4.6,+16.3,+10.9,+19.7,+19.5,+19.7,+20.0,+19.8,+20.0,+19.8
2023-07-29 11:12,1,+9.1,+10.0,+1.5,+4.6,+16.3,+10.9,+20.0,+19.5,+19.7,+20.0,+19.8,+20.0,+19.7
2023-07-29 12:12,1,+9.0,+10.0,+1.5,+4.7,+16.3,+10.9,+20.3,+19.5,+19.7,+20.0,+19.8,+20.0,+19.7
2023-07-29 13:12,1,+8.9,+10.0,+1.5,+4.7,+16.3,+10.9,+20.6,+19.6,+19.7,+20.0,+19.8,+20.0,+19.7
2023-07-29 14:12,1,+8.8,+10.0,+1.5,+4.6,+16.2,+10.9,+20.6,+19.6,+19.7,+20.0,+19.8,+20.0,+19.7
2023-07-29 15:12,1,+8.8,+10.0,+1.5,+4.6,+16.2,+10.9,+20.7,+19.7,+19.7,+20.1,+19.8,+20.0,+19.8
2023-07-29 16:12,1,+8.8,+10.0,+1.5,+4.6,+16.2,+10.9,+20.8,+19.8,+19.7,+20.0,+19.8,+20.0,+19.7
2023-07-29 17:12,1,+8.8,+10.0,+1.5,+4.7,+16.3,+10.9,+20.8,+19.8,+19.7,+20.0,+19.8,+20.0,+19.7
2023-07-29 18:12,1,+8.7,+10.0,+1.5,+4.6,+16.2,+10.9,+20.7,+19.8,+19.8,+20.0,+19.8,+20.0,+19.7
2023-07-29 19:12,1,+8.8,+10.0,+1.5,+4.6,+16.2,+10.9,+20.6,+20.0,+19.8,+20.0,+19.8,+20.0,+19.7
2023-07-29 20:12,1,+8.8,+10.0,+1.5,+4.6,+16.3,+10.9,+20.5,+20.0,+19.8,+20.1,+19.8,+20.0,+19.7
2023-07-29 21:12,1,+8.8,+10.0,+1.5,+4.7,+16.3,+10.9,+20.3,+20.0,+19.8,+20.1,+19.8,+20.0,+19.7
2023-07-29 22:12,1,+8.9,+10.0,+1.5,+4.6,+16.2,+10.9,+20.2,+20.0,+19.8,+20.1,+19.8,+20.0,+19.7
2023-07-29 23:12,1,+8.9,+10.0,+1.5,+4.6,+16.2,+10.9,+20.2,+20.0,+19.8,+20.1,+19.8,+20.0,+19.7
2023-07-30 00:12,1,+8.9,+10.0,+1.5,+4.7,+16.3,+10.9,+20.2,+19.8,+20.0,+20.1,+19.8,+20.0,+19.7
2023-07-30 01:12,1,+8.9,+10.0,+1.5,+4.6,+16.2,+10.9,+20.1,+19.8,+20.0,+20.1,+19.8,+20.0,+19.8
2023-07-30 02:12,1,+8.9,+10.0,+1.6,+4.6,+16.2,+10.9,+20.0,+19.8,+20.0,+20.1,+19.8,+20.0,+19.7
2023-07-30 03:12,1,+8.9,+10.0,+1.5,+4.7,+16.3,+10.9,+19.8,+19.8,+20.0,+20.1,+19.8,+20.1,+19.7
2023-07-30 04:12,1,+9.0,+10.0,+1.5,+4.6,+16.2,+10.9,+19.8,+19.8,+19.8,+20.1,+19.8,+20.1,+19.7
2023-07-30 05:12,1,+9.0,+10.0,+1.5,+4.7,+16.3,+10.9,+19.7,+19.8,+20.0,+20.1,+19.8,+20.1,+19.7
2023-07-30 06:12,1,+9.0,+10.0,+1.5,+4.6,+16.2,+10.9,+19.8,+19.7,+20.0,+20.2,+19.8,+20.0,+19.7
2023-07-30 07:12,1,+9.0,+10.0,+1.5,+4.6,+16.3,+10.9,+19.8,+19.7,+19.8,+20.1,+20.0,+20.0,+19.7
2023-07-30 08:12,1,+9.0,+10.0,+1.5,+4.6,+16.3,+10.9,+19.8,+19.7,+20.0,+20.1,+20.0,+20.0,+19.7
2023-07-30 09:12,1,+9.0,+10.0,+1.5,+4.6,+16.3,+10.9,+19.8,+19.7,+20.0,+20.2,+20.0,+20.0,+19.7
2023-07-30 10:12,1,+8.9,+10.0,+1.5,+4.6,+16.3,+10.9,+20.0,+19.7,+19.8,+20.1,+19.8,+20.0,+19.7
2023-07-30 11:12,1,+8.9,+10.0,+1.5,+4.7,+16.3,+10.9,+20.1,+19.7,+19.8,+20.1,+19.8,+20.0,+19.7
2023-07-30 12:12,1,+8.9,+10.0,+1.5,+4.7,+16.3,+10.9,+20.1,+19.7,+19.8,+20.2,+20.0,+20.1,+19.7
2023-07-30 13:12,1,+8.9,+10.0,+1.6,+4.7,+16.3,+10.9,+20.2,+19.7,+20.0,+20.2,+20.0,+20.1,+19.7
2023-07-30 14:12,1,+8.9,+10.0,+1.5,+4.7,+16.3,+10.9,+20.1,+19.7,+19.8,+20.1,+20.0,+20.0,+19.7
2023-07-30 15:12,1,+8.9,+10.0,+1.5,+4.7,+16.3,+10.9,+20.1,+19.8,+20.0,+20.2,+20.0,+20.1,+19.8
2023-07-30 16:12,1,+8.9,+10.0,+1.5,+4.7,+16.3,+10.9,+20.2,+19.7,+19.8,+20.1,+20.0,+20.1,+19.7
2023-07-30 17:12,1,+8.8,+10.0,+1.5,+4.7,+16.3,+10.9,+20.1,+19.8,+19.8,+20.1,+20.0,+20.1,+19.7
2023-07-30 18:12,1,+8.9,+10.0,+1.5,+4.6,+16.3,+10.9,+20.1,+19.8,+19.8,+20.2,+20.0,+20.1,+19.7
2023-07-30 19:12,1,+8.9,+10.0,+1.6,+4.8,+16.3,+10.9,+20.0,+19.8,+20.0,+20.2,+20.0,+20.0,+19.7
2023-07-30 20:12,1,+8.9,+10.0,+1.6,+4.8,+16.3,+10.9,+20.0,+19.7,+20.0,+20.2,+20.0,+20.1,+19.7
2023-07-30 21:12,1,+8.9,+10.0,+1.5,+4.7,+16.3,+10.9,+19.8,+19.7,+20.0,+20.2,+20.0,+20.1,+19.7
2023-07-30 22:12,1,+8.9,+10.0,+1.5,+4.8,+16.3,+10.9,+19.8,+19.7,+20.0,+20.2,+20.0,+20.1,+19.7
2023-07-30 23:12,1,+8.9,+10.0,+1.6,+4.7,+16.3,+10.9,+19.7,+19.7,+20.0,+20.2,+20.0,+20.1,+19.8
2023-07-31 00:12,1,+8.9,+10.0,+1.5,+4.7,+16.3,+10.9,+19.7,+19.7,+20.0,+20.2,+20.0,+20.1,+19.8
2023-07-31 01:12,1,+8.9,+10.0,+1.6,+4.7,+16.3,+10.9,+19.6,+19.7,+20.0,+20.2,+20.0,+20.1,+19.7
2023-07-31 02:12,1,+8.9,+10.0,+1.5,+4.8,+16.3,+11.0,+19.6,+19.6,+20.0,+20.2,+20.0,+20.1,+19.7
2023-07-31 03:12,1,+8.9,+10.0,+1.6,+4.8,+16.3,+10.9,+19.6,+19.6,+20.0,+20.1,+20.0,+20.1,+19.7
2023-07-31 04:12,1,+8.9,+10.0,+1.5,+4.7,+16.3,+10.9,+19.5,+19.6,+20.0,+20.2,+20.0,+20.1,+19.7
2023-07-31 05:12,1,+8.9,+10.0,+1.6,+4.8,+16.3,+10.9,+19.5,+19.6,+19.8,+20.2,+20.0,+20.1,+19.8
2023-07-31 06:12,1,+8.9,+10.0,+1.5,+4.8,+16.3,+10.9,+19.5,+19.6,+19.8,+20.2,+20.0,+20.1,+19.8
2023-07-31 07:12,1,+8.9,+10.0,+1.5,+4.7,+16.3,+10.9,+19.6,+19.6,+20.0,+20.2,+20.0,+20.1,+19.8
2023-07-31 08:12,1,+8.9,+10.0,+1.5,+4.7,+16.3,+10.9,+19.6,+19.5,+19.8,+20.2,+20.0,+20.1,+19.8
2023-07-31 09:12,1,+8.7,+10.0,+1.5,+4.7,+16.3,+10.9,+19.7,+19.5,+19.8,+20.2,+20.0,+20.1,+19.8
2023-07-31 10:12,1,+8.7,+9.9,+1.5,+4.8,+16.3,+11.0,+19.8,+19.6,+19.8,+20.2,+20.0,+20.1,+19.7
2023-07-31 11:12,1,+8.6,+10.0,+1.5,+4.7,+16.3,+10.9,+20.1,+19.6,+19.8,+20.2,+20.0,+20.1,+19.7
2023-07-31 12:12,1,+8.5,+10.0,+1.6,+4.8,+16.3,+11.0,+20.5,+19.6,+19.8,+20.2,+20.0,+20.1,+19.8
2023-07-31 13:12,1,+8.5,+9.9,+1.5,+4.7,+16.3,+10.9,+20.6,+19.6,+19.8,+20.2,+20.0,+20.1,+19.7
2023-07-31 14:12,1,+8.5,+9.9,+1.6,+4.7,+16.3,+10.9,+20.6,+19.7,+19.8,+20.2,+20.0,+20.1,+19.8
2023-07-31 15:12,1,+8.5,+9.9,+1.6,+4.7,+16.3,+10.9,+20.6,+19.8,+19.8,+20.2,+20.0,+20.1,+19.7
2023-07-31 16:12,1,+8.5,+9.9,+1.6,+4.7,+16.3,+10.9,+20.5,+19.8,+19.8,+20.2,+20.0,+20.1,+19.8
2023-07-31 17:12,1,+8.5,+9.9,+1.6,+4.8,+16.3,+11.0,+20.3,+19.8,+19.8,+20.2,+20.0,+20.1,+19.7
2023-07-31 18:12,1,+8.5,+9.9,+1.6,+4.7,+16.3,+10.9,+20.3,+19.8,+19.8,+20.2,+20.0,+20.1,+19.8
2023-07-31 19:12,1,+8.5,+9.9,+1.6,+4.7,+16.3,+10.9,+20.2,+20.0,+20.0,+20.2,+20.0,+20.1,+19.8
2023-07-31 20:12,1,+8.5,+9.9,+1.6,+4.8,+16.3,+11.0,+20.1,+20.0,+20.0,+20.2,+20.0,+20.1,+19.8
2023-07-31 21:12,1,+8.6,+9.9,+1.6,+4.7,+16.3,+10.9,+20.1,+20.0,+20.0,+20.2,+20.0,+20.1,+19.8
2023-07-31 22:12,1,+8.6,+9.9,+1.6,+4.7,+16.3,+10.9,+20.0,+19.8,+20.0,+20.2,+20.0,+20.1,+19.8
2023-07-31 23:12,1,+8.6,+9.9,+1.6,+4.8,+16.3,+11.0,+20.0,+19.8,+20.0,+20.2,+20.0,+20.1,+19.8
2023-08-01 00:12,1,+8.6,+9.9,+1.6,+4.7,+16.3,+10.9,+19.8,+19.8,+20.0,+20.2,+20.0,+20.1,+19.7
2023-08-01 01:12,1,+8.6,+9.9,+1.6,+4.7,+16.3,+10.9,+19.8,+19.7,+20.0,+20.2,+20.0,+20.1,+19.8
2023-08-01 02:12,1,+8.6,+9.9,+1.6,+4.7,+16.3,+10.9,+19.8,+19.7,+20.0,+20.2,+20.0,+20.1,+19.8
2023-08-01 03:12,1,+8.7,+9.9,+1.6,+4.8,+16.3,+11.0,+19.8,+19.7,+20.0,+20.2,+20.0,+20.1,+19.8
2023-08-01 04:12,1,+8.7,+9.9,+1.6,+4.8,+16.3,+11.0,+19.7,+19.7,+20.0,+20.2,+20.0,+20.1,+19.8
2023-08-01 05:12,1,+8.7,+9.9,+1.6,+4.8,+16.3,+11.0,+19.6,+19.6,+20.0,+20.2,+20.0,+20.1,+19.8
2023-08-01 06:12,1,+8.7,+9.9,+1.6,+4.7,+16.3,+10.9,+19.6,+19.7,+20.0,+20.2,+20.0,+20.1,+19.8
2023-08-01 07:12,1,+8.7,+9.9,+1.6,+4.8,+16.3,+11.0,+19.6,+19.6,+20.0,+20.2,+20.0,+20.1,+19.8
2023-08-01 08:12,1,+8.7,+9.9,+1.6,+4.7,+16.3,+11.0,+19.7,+19.6,+20.0,+20.2,+20.0,+20.1,+19.8
2023-08-01 09:12,1,+8.7,+9.9,+1.6,+4.7,+16.3,+10.9,+19.8,+19.7,+20.0,+20.2,+20.0,+20.1,+19.8
2023-08-01 10:12,1,+8.6,+9.9,+1.6,+4.8,+16.3,+11.0,+20.0,+19.7,+20.0,+20.2,+20.0,+20.1,+19.8
2023-08-01 11:12,1,+8.6,+9.9,+1.6,+4.8,+16.3,+11.0,+20.0,+19.6,+20.0,+20.2,+20.0,+20.1,+19.8
2023-08-01 12:12,1,+8.6,+9.9,+1.6,+4.7,+16.3,+10.9,+20.1,+19.7,+20.0,+20.2,+20.0,+20.2,+19.8
2023-08-01 13:12,1,+8.5,+9.9,+1.6,+4.7,+16.3,+11.0,+20.2,+19.7,+19.8,+20.2,+20.0,+20.1,+19.8
2023-08-01 14:12,1,+8.5,+9.9,+1.6,+4.7,+16.3,+11.0,+20.2,+19.8,+20.0,+20.2,+20.0,+20.2,+19.8
2023-08-01 15:12,1,+8.5,+9.9,+1.6,+4.7,+16.3,+11.0,+20.2,+19.7,+20.0,+20.2,+20.1,+20.2,+19.8
2023-08-01 16:12,1,+8.5,+9.9,+1.6,+4.8,+16.3,+11.0,+20.3,+19.8,+20.0,+20.2,+20.1,+20.2,+19.8
2023-08-01 17:12,1,+8.5,+9.9,+1.6,+4.7,+16.3,+11.0,+20.3,+19.8,+20.0,+20.2,+20.0,+20.1,+19.8
2023-08-01 18:12,1,+8.5,+9.9,+1.6,+4.8,+16.4,+11.0,+20.2,+19.8,+20.0,+20.2,+20.0,+20.2,+19.8
2023-08-01 19:12,1,+8.5,+9.9,+1.6,+4.7,+16.3,+11.0,+20.2,+19.8,+20.0,+20.2,+20.0,+20.1,+19.8
2023-08-01 20:12,1,+8.5,+9.9,+1.6,+4.7,+16.3,+11.0,+20.1,+19.8,+20.0,+20.2,+20.0,+20.2,+19.8
2023-08-01 21:12,1,+8.5,+9.9,+1.6,+4.8,+16.3,+11.0,+20.0,+19.8,+20.0,+20.2,+20.0,+20.1,+19.8
2023-08-01 22:12,1,+8.6,+9.9,+1.6,+4.8,+16.3,+11.0,+19.8,+19.8,+20.0,+20.2,+20.0,+20.2,+19.8
2023-08-01 23:12,1,+8.6,+9.9,+1.6,+4.8,+16.3,+11.0,+19.8,+19.8,+20.0,+20.2,+20.1,+20.1,+19.8
2023-08-02 00:12,1,+8.6,+9.9,+1.6,+4.8,+16.4,+11.0,+19.7,+19.7,+20.0,+20.3,+20.0,+20.2,+19.8
2023-08-02 01:12,1,+8.7,+9.9,+1.6,+4.8,+16.3,+11.0,+19.7,+19.7,+20.0,+20.2,+20.0,+20.1,+19.8
2023-08-02 02:12,1,+8.7,+9.9,+1.6,+4.8,+16.4,+11.0,+19.6,+19.7,+20.0,+20.2,+20.0,+20.2,+19.8
2023-08-02 03:12,1,+8.7,+9.9,+1.6,+4.8,+16.3,+11.0,+19.5,+19.7,+20.0,+20.2,+20.0,+20.2,+19.8
2023-08-02 04:12,1,+8.7,+9.9,+1.6,+4.7,+16.3,+11.0,+19.5,+19.6,+20.0,+20.2,+20.0,+20.2,+19.8
2023-08-02 05:12,1,+8.7,+9.9,+1.6,+4.8,+16.3,+11.0,+19.3,+19.6,+20.0,+20.2,+20.0,+20.2,+19.8
2023-08-02 06:12,1,+8.7,+9.9,+1.6,+4.8,+16.4,+11.0,+19.5,+19.6,+20.0,+20.2,+20.1,+20.2,+19.8
2023-08-02 07:12,1,+8.7,+9.9,+1.6,+4.8,+16.4,+11.0,+19.5,+19.5,+19.8,+20.2,+20.0,+20.2,+19.8
2023-08-02 08:12,1,+8.7,+9.9,+1.6,+4.7,+16.3,+11.0,+19.5,+19.5,+20.0,+20.2,+20.0,+20.2,+19.8
2023-08-02 09:12,1,+8.7,+9.9,+1.6,+4.7,+16.3,+11.0,+19.5,+19.5,+20.0,+20.2,+20.1,+20.2,+19.8
2023-08-02 10:12,1,+8.6,+9.9,+1.6,+4.8,+16.4,+11.0,+19.8,+19.5,+19.8,+20.2,+20.0,+20.2,+19.8
2023-08-02 11:12,1,+8.5,+9.9,+1.6,+4.7,+16.3,+11.0,+20.1,+19.6,+19.8,+20.2,+20.1,+20.2,+19.8
2023-08-02 12:12,1,+8.4,+9.9,+1.6,+4.8,+16.3,+11.0,+20.5,+19.6,+19.8,+20.2,+20.0,+20.1,+19.8
2023-08-02 13:12,1,+8.3,+9.9,+1.6,+4.9,+16.4,+11.0,+20.5,+19.7,+20.0,+20.2,+20.1,+20.2,+19.8
2023-08-02 14:12,1,+8.3,+9.9,+1.6,+4.8,+16.3,+11.0,+20.6,+19.7,+19.8,+20.2,+20.0,+20.2,+19.8
2023-08-02 15:12,1,+8.3,+9.8,+1.6,+4.8,+16.4,+11.0,+20.6,+19.8,+19.8,+20.2,+20.1,+20.2,+19.8
2023-08-02 16:12,1,+8.2,+9.8,+1.6,+4.7,+16.3,+11.0,+20.5,+19.8,+20.0,+20.2,+20.1,+20.2,+19.8
2023-08-02 17:12,1,+8.2,+9.8,+1.6,+4.8,+16.4,+11.0,+20.5,+20.0,+20.0,+20.2,+20.1,+20.2,+19.8
2023-08-02 18:12,1,+8.3,+9.8,+1.6,+4.8,+16.3,+11.0,+20.3,+20.0,+20.0,+20.2,+20.0,+20.2,+19.8
2023-08-02 19:12,1,+8.3,+9.8,+1.6,+4.7,+16.3,+11.0,+20.2,+20.0,+20.0,+20.2,+20.0,+20.2,+19.8
2023-08-02 20:12,1,+8.3,+9.8,+1.6,+4.9,+16.4,+11.0,+20.1,+20.0,+20.0,+20.2,+20.1,+20.2,+20.0
2023-08-02 21:12,1,+8.3,+9.8,+1.6,+4.8,+16.4,+11.0,+20.0,+19.8,+20.0,+20.2,+20.0,+20.2,+19.8
2023-08-02 22:12,1,+8.3,+9.8,+1.6,+4.8,+16.3,+11.0,+20.0,+19.8,+20.0,+20.2,+20.1,+20.2,+19.8
2023-08-02 23:12,1,+8.4,+9.8,+1.6,+4.7,+16.3,+11.0,+19.8,+19.8,+20.0,+20.2,+20.1,+20.2,+19.8
2023-08-03 00:12,1,+8.4,+9.8,+1.6,+4.7,+16.3,+11.0,+19.7,+19.8,+20.0,+20.2,+20.1,+20.2,+19.8
2023-08-03 01:12,1,+8.4,+9.8,+1.6,+4.8,+16.4,+11.0,+19.7,+19.7,+20.0,+20.2,+20.1,+20.2,+19.8
2023-08-03 02:12,1,+8.4,+9.8,+1.6,+4.7,+16.3,+11.0,+19.7,+19.8,+20.0,+20.2,+20.1,+20.2,+19.8
2023-08-03 03:12,1,+8.5,+9.8,+1.6,+4.7,+16.3,+11.0,+19.6,+19.7,+20.0,+20.2,+20.1,+20.2,+19.8
2023-08-03 04:12,1,+8.5,+9.8,+1.6,+4.8,+16.4,+11.0,+19.5,+19.7,+20.0,+20.2,+20.1,+20.2,+19.8
2023-08-03 05:12,1,+8.5,+9.8,+1.6,+4.9,+16.4,+11.1,+19.5,+19.7,+20.0,+20.3,+20.1,+20.2,+19.8
2023-08-03 06:12,1,+8.5,+9.8,+1.6,+4.7,+16.3,+11.0,+19.5,+19.6,+20.0,+20.3,+20.0,+20.2,+19.8
2023-08-03 07:12,1,+8.5,+9.8,+1.6,+4.7,+16.3,+11.0,+19.5,+19.6,+20.0,+20.2,+20.1,+20.2,+19.8
2023-08-03 08:12,1,+8.5,+9.8,+1.6,+4.9,+16.4,+11.0,+19.5,+19.6,+20.0,+20.3,+20.1,+20.2,+19.8
2023-08-03 09:12,1,+8.5,+9.8,+1.6,+4.7,+16.3,+11.0,+19.6,+19.5,+20.0,+20.3,+20.1,+20.2,+19.8
2023-08-03 10:12,1,+8.4,+9.8,+1.6,+4.7,+16.3,+11.0,+19.7,+19.5,+20.0,+20.3,+20.1,+20.2,+19.8
2023-08-03 11:12,1,+8.4,+9.8,+1.6,+4.7,+16.3,+11.0,+19.8,+19.6,+20.0,+20.2,+20.1,+20.2,+19.8
2023-08-03 12:12,1,+8.3,+9.8,+1.6,+4.7,+16.3,+11.0,+20.0,+19.6,+20.0,+20.3,+20.1,+20.2,+20.0
2023-08-03 13:12,1,+8.3,+9.8,+1.6,+4.7,+16.3,+11.0,+20.2,+19.7,+20.0,+20.3,+20.1,+20.2,+19.8
2023-08-03 14:12,1,+8.2,+9.8,+1.6,+4.7,+16.3,+11.0,+20.3,+19.6,+19.8,+20.2,+20.1,+20.2,+19.8
2023-08-03 15:12,1,+8.2,+9.8,+1.6,+4.7,+16.3,+11.0,+20.3,+19.7,+19.8,+20.2,+20.1,+20.2,+19.8
2023-08-03 16:12,1,+8.1,+9.8,+1.6,+4.9,+16.4,+11.0,+20.3,+19.7,+20.0,+20.2,+20.1,+20.2,+19.8
2023-08-03 17:12,1,+8.1,+9.8,+1.6,+4.7,+16.3,+11.0,+20.5,+19.8,+20.0,+20.2,+20.1,+20.2,+19.8
2023-08-03 18:12,1,+8.1,+9.8,+1.6,+4.7,+16.3,+11.0,+20.5,+19.8,+20.0,+20.3,+20.1,+20.2,+19.8
2023-08-03 19:12,1,+8.1,+9.8,+1.6,+4.9,+16.4,+11.1,+20.3,+19.8,+20.0,+20.2,+20.1,+20.2,+19.8
2023-08-03 20:12,1,+8.1,+9.8,+1.6,+4.9,+16.4,+11.1,+20.2,+19.8,+20.0,+20.2,+20.1,+20.1,+20.0
2023-08-03 21:12,1,+8.1,+9.8,+1.6,+4.7,+16.3,+11.0,+20.1,+19.8,+20.0,+20.2,+20.1,+20.2,+20.0
2023-08-03 22:12,1,+8.1,+9.8,+1.6,+4.9,+16.4,+11.1,+20.1,+20.0,+20.0,+20.3,+20.1,+20.1,+19.8
2023-08-03 23:12,1,+8.1,+9.8,+1.6,+4.9,+16.4,+11.1,+20.0,+19.8,+20.0,+20.2,+20.1,+20.2,+20.0
2023-08-04 00:12,1,+8.2,+9.8,+1.6,+4.8,+16.3,+11.0,+20.0,+19.8,+20.0,+20.3,+20.1,+20.2,+19.8
2023-08-04 01:12,1,+8.2,+9.8,+1.6,+4.8,+16.3,+11.1,+19.8,+19.8,+20.0,+20.3,+20.1,+20.2,+19.8
2023-08-04 02:12,1,+8.3,+9.8,+1.6,+4.7,+16.3,+11.1,+19.7,+19.8,+20.0,+20.2,+20.1,+20.2,+19.8
2023-08-04 03:12,1,+8.3,+9.8,+1.6,+4.8,+16.3,+11.1,+19.7,+19.7,+20.0,+20.3,+20.1,+20.2,+20.0
2023-08-04 04:12,1,+8.3,+9.7,+1.5,+4.8,+16.3,+11.1,+19.7,+19.8,+20.0,+20.2,+20.0,+20.2,+20.0
2023-08-04 05:12,1,+8.3,+9.8,+1.8,+4.8,+16.3,+11.1,+19.6,+19.7,+20.0,+20.3,+20.1,+20.2,+19.8
2023-08-04 06:12,1,+8.3,+9.8,+1.8,+4.9,+16.4,+11.1,+19.6,+19.7,+20.0,+20.3,+20.1,+20.2,+20.0
2023-08-04 07:12,1,+8.3,+9.8,+1.8,+4.9,+16.4,+11.1,+19.6,+19.7,+20.0,+20.3,+20.1,+20.2,+20.0
2023-08-04 08:12,1,+8.3,+9.7,+1.8,+4.8,+16.3,+11.1,+19.6,+19.7,+20.0,+20.3,+20.1,+20.2,+20.0
2023-08-04 09:12,1,+8.3,+9.8,+1.8,+4.9,+16.4,+11.1,+19.6,+19.6,+20.0,+20.3,+20.1,+20.2,+20.0
2023-08-04 10:12,1,+8.2,+9.8,+1.8,+4.9,+16.4,+11.1,+19.7,+19.6,+20.0,+20.2,+20.1,+20.2,+19.8
2023-08-04 11:12,1,+8.2,+9.7,+1.8,+4.9,+16.4,+11.1,+19.8,+19.6,+20.0,+20.3,+20.1,+20.2,+19.8
2023-08-04 12:12,1,+8.1,+9.7,+1.8,+4.9,+16.4,+11.1,+20.1,+19.6,+20.0,+20.3,+20.1,+20.2,+19.8
2023-08-04 13:12,1,+8.0,+9.7,+1.8,+4.9,+16.4,+11.1,+20.2,+19.7,+20.0,+20.2,+20.1,+20.2,+19.8
2023-08-04 14:12,1,+8.0,+9.7,+1.8,+4.9,+16.4,+11.1,+20.3,+19.6,+20.0,+20.3,+20.1,+20.2,+19.8
2023-08-04 15:12,1,+7.9,+9.7,+1.8,+4.9,+16.4,+11.1,+20.5,+19.8,+19.8,+20.2,+20.1,+20.2,+19.8
2023-08-04 16:12,1,+7.9,+9.7,+1.9,+4.9,+16.4,+11.1,+20.6,+19.8,+19.8,+20.3,+20.1,+20.2,+19.8
2023-08-04 17:12,1,+7.8,+9.7,+1.8,+4.8,+16.3,+11.1,+20.6,+20.0,+20.0,+20.3,+20.1,+20.2,+19.8
2023-08-04 18:12,1,+7.8,+9.7,+1.8,+4.9,+16.4,+11.1,+20.5,+20.0,+20.0,+20.3,+20.1,+20.2,+19.8
2023-08-04 19:12,1,+7.8,+9.7,+1.8,+4.8,+16.3,+11.1,+20.3,+20.0,+20.0,+20.3,+20.1,+20.2,+20.0
2023-08-04 20:12,1,+7.9,+9.7,+1.8,+4.8,+16.3,+11.1,+20.3,+20.0,+20.0,+20.3,+20.1,+20.2,+19.8
2023-08-04 21:12,1,+7.9,+9.7,+1.8,+4.8,+16.3,+11.1,+20.1,+20.0,+20.1,+20.2,+20.1,+20.2,+20.0
2023-08-04 22:12,1,+7.9,+9.7,+1.8,+4.8,+16.3,+11.1,+20.0,+20.0,+20.1,+20.3,+20.1,+20.2,+19.8
2023-08-04 23:12,1,+7.9,+9.7,+1.8,+4.8,+16.3,+11.1,+20.0,+20.0,+20.0,+20.3,+20.1,+20.2,+20.0
2023-08-05 00:12,1,+12.7,+11.6,+2.1,+4.8,+16.3,+11.1,+19.7,+19.7,+19.8,+20.2,+20.1,+20.2,+19.8
2023-08-05 01:12,1,+11.2,+10.7,+2.0,+4.8,+16.3,+11.1,+19.7,+19.8,+20.0,+20.3,+20.1,+20.2,+19.8
2023-08-05 02:12,1,+11.1,+10.5,+2.0,+4.8,+16.3,+11.1,+19.7,+19.7,+20.1,+20.3,+20.1,+20.2,+20.0
2023-08-05 03:12,1,+11.0,+10.4,+2.0,+4.8,+16.3,+11.1,+19.6,+19.7,+20.1,+20.3,+20.1,+20.2,+19.8
2023-08-05 04:12,1,+10.9,+10.4,+2.0,+4.8,+16.3,+11.1,+19.6,+19.7,+20.0,+20.3,+20.1,+20.2,+20.0
2023-08-05 05:12,1,+10.9,+10.4,+2.0,+4.9,+16.4,+11.1,+19.6,+19.7,+20.0,+20.3,+20.1,+20.2,+20.0
2023-08-05 06:12,1,+10.8,+10.4,+2.0,+4.9,+16.4,+11.1,+19.5,+19.6,+20.0,+20.3,+20.1,+20.2,+20.0
2023-08-05 07:12,1,+10.8,+10.4,+2.0,+4.9,+16.4,+11.1,+19.3,+19.6,+20.0,+20.3,+20.1,+20.2,+20.0
2023-08-05 08:12,1,+10.7,+10.4,+2.0,+4.9,+16.4,+11.1,+19.5,+19.6,+20.0,+20.3,+20.1,+20.2,+20.0
2023-08-05 09:12,1,+10.7,+10.4,+2.0,+4.9,+16.4,+11.1,+19.5,+19.6,+20.0,+20.3,+20.1,+20.2,+19.8
2023-08-05 10:12,1,+10.6,+10.4,+2.0,+4.8,+16.3,+11.1,+19.7,+19.5,+20.0,+20.3,+20.1,+20.2,+20.0
2023-08-05 11:12,1,+10.5,+10.4,+2.0,+4.9,+16.4,+11.1,+19.8,+19.6,+20.0,+20.3,+20.1,+20.2,+20.0
2023-08-05 12:12,1,+10.4,+10.4,+2.0,+4.9,+16.4,+11.1,+20.2,+19.6,+20.0,+20.3,+20.1,+20.2,+20.0
2023-08-05 13:12,1,+10.3,+10.4,+2.0,+4.8,+16.3,+11.1,+20.3,+19.6,+20.0,+20.3,+20.1,+20.2,+19.8
2023-08-05 14:12,1,+10.2,+10.4,+2.0,+4.8,+16.3,+11.1,+20.3,+19.7,+20.0,+20.3,+20.1,+20.2,+20.0
2023-08-05 15:12,1,+10.1,+10.4,+2.0,+4.8,+16.3,+11.1,+20.3,+19.7,+20.0,+20.3,+20.1,+20.2,+20.0
2023-08-05 16:12,1,+10.1,+10.4,+2.0,+4.9,+16.4,+11.1,+20.5,+19.8,+20.0,+20.3,+20.1,+20.2,+20.0
2023-08-05 17:12,1,+10.1,+10.4,+2.0,+4.8,+16.3,+11.1,+20.5,+19.8,+20.0,+20.2,+20.1,+20.2,+20.0
2023-08-05 18:12,1,+10.1,+10.4,+2.0,+4.8,+16.3,+11.1,+20.3,+19.8,+20.0,+20.3,+20.1,+20.3,+20.0
2023-08-05 19:12,1,+10.1,+10.4,+2.0,+4.9,+16.4,+11.1,+20.2,+20.0,+20.0,+20.2,+20.1,+20.2,+20.0
2023-08-05 20:12,1,+10.1,+10.4,+2.0,+4.8,+16.3,+11.1,+20.1,+20.0,+20.0,+20.2,+20.1,+20.3,+19.8
2023-08-05 21:12,1,+10.1,+10.4,+2.0,+4.8,+16.3,+11.1,+20.0,+19.8,+20.0,+20.3,+20.1,+20.2,+20.0
2023-08-05 22:12,1,+10.1,+10.4,+2.0,+4.9,+16.4,+11.1,+19.8,+19.8,+20.0,+20.3,+20.1,+20.2,+19.8
2023-08-05 23:12,1,+10.1,+10.4,+2.2,+5.1,+16.5,+11.1,+19.7,+19.8,+20.0,+20.3,+20.1,+20.2,+20.0
2023-08-06 00:12,1,+10.1,+10.4,+2.2,+5.2,+17.0,+11.1,+19.6,+19.7,+20.0,+20.3,+20.1,+20.2,+20.0
2023-08-06 01:12,1,+10.2,+10.4,+2.3,+5.4,+17.1,+11.2,+19.6,+19.7,+20.0,+20.3,+20.1,+20.2,+20.0
2023-08-06 02:12,1,+10.2,+10.4,+2.3,+5.4,+17.1,+11.2,+19.6,+19.7,+20.0,+20.3,+20.1,+20.2,+20.0
2023-08-06 03:12,1,+10.2,+10.4,+2.3,+5.3,+17.1,+11.2,+19.5,+19.6,+20.0,+20.3,+20.1,+20.2,+20.0
2023-08-06 04:12,1,+10.2,+10.4,+2.3,+5.5,+17.1,+11.2,+19.5,+19.7,+20.0,+20.3,+20.1,+20.2,+20.0
2023-08-06 05:12,1,+10.3,+10.4,+2.3,+5.3,+17.1,+11.2,+19.5,+19.6,+20.0,+20.3,+20.1,+20.2,+20.0
2023-08-06 06:12,1,+10.3,+10.4,+2.3,+5.4,+17.1,+11.2,+19.3,+19.5,+20.0,+20.3,+20.1,+20.2,+20.0
2023-08-06 07:12,1,+10.3,+10.4,+2.3,+5.5,+17.1,+11.2,+19.3,+19.6,+20.0,+20.3,+20.1,+20.3,+20.0
2023-08-06 08:12,1,+10.3,+10.4,+2.3,+5.3,+17.1,+11.2,+19.3,+19.5,+20.0,+20.3,+20.2,+20.2,+20.0
2023-08-06 09:12,1,+10.3,+10.4,+2.3,+5.5,+17.1,+11.2,+19.3,+19.5,+20.0,+20.3,+20.1,+20.3,+20.0
2023-08-06 10:12,1,+10.3,+10.4,+2.3,+5.4,+17.1,+11.2,+19.6,+19.5,+19.8,+20.3,+20.1,+20.3,+20.0
2023-08-06 11:12,1,+10.2,+10.4,+2.3,+5.5,+17.1,+11.2,+19.7,+19.5,+20.0,+20.3,+20.2,+20.2,+20.0
2023-08-06 12:12,1,+10.1,+10.4,+2.3,+5.3,+17.1,+11.2,+20.1,+19.5,+19.8,+20.3,+20.1,+20.2,+20.0
2023-08-06 13:12,1,+10.0,+10.4,+2.3,+5.5,+17.1,+11.2,+20.1,+19.6,+19.8,+20.3,+20.1,+20.2,+20.0
2023-08-06 14:12,1,+9.9,+10.4,+2.3,+5.3,+17.1,+11.2,+20.2,+19.6,+19.8,+20.3,+20.1,+20.3,+20.0
2023-08-06 15:12,1,+9.9,+10.4,+2.3,+5.3,+17.1,+11.2,+20.2,+19.7,+19.8,+20.3,+20.1,+20.2,+19.8
2023-08-06 16:12,1,+9.8,+10.4,+2.3,+5.3,+17.1,+11.2,+20.2,+19.7,+20.0,+20.3,+20.1,+20.2,+20.0
2023-08-06 17:12,1,+9.8,+10.4,+2.3,+5.3,+17.1,+11.2,+20.2,+19.7,+19.8,+20.3,+20.1,+20.2,+20.0
2023-08-06 18:12,1,+9.8,+10.4,+2.3,+5.5,+17.1,+11.2,+20.1,+19.7,+20.0,+20.2,+20.1,+20.2,+19.8
2023-08-06 19:12,1,+9.8,+10.4,+2.3,+5.3,+17.1,+11.2,+20.0,+19.8,+20.0,+20.2,+20.1,+20.2,+20.0
2023-08-06 20:12,1,+9.8,+10.4,+2.3,+5.5,+17.1,+11.2,+19.8,+19.7,+19.8,+20.3,+20.1,+20.2,+20.0
2023-08-06 21:12,1,+9.9,+10.4,+2.4,+5.3,+17.1,+11.2,+19.7,+19.7,+20.0,+20.2,+20.1,+20.2,+20.0
2023-08-06 22:12,1,+9.9,+10.4,+2.3,+5.5,+17.1,+11.2,+19.6,+19.7,+20.0,+20.3,+20.1,+20.2,+20.0
2023-08-06 23:12,1,+9.9,+10.4,+2.3,+5.4,+17.1,+11.2,+19.6,+19.7,+19.8,+20.3,+20.1,+20.3,+20.0
2023-08-07 00:12,1,+9.9,+10.4,+2.3,+5.3,+17.1,+11.2,+19.6,+19.6,+20.0,+20.3,+20.1,+20.2,+20.0
2023-08-07 01:12,1,+9.9,+10.4,+2.3,+5.5,+17.2,+11.2,+19.5,+19.6,+19.8,+20.2,+20.1,+20.2,+20.0
2023-08-07 02:12,1,+9.9,+10.4,+2.3,+5.4,+17.1,+11.2,+19.5,+19.6,+20.0,+20.2,+20.1,+20.2,+19.8
2023-08-07 03:12,1,+9.9,+10.4,+2.3,+5.5,+17.1,+11.2,+19.5,+19.5,+20.0,+20.2,+20.1,+20.2,+20.0
2023-08-07 04:12,1,+9.9,+10.4,+2.3,+5.4,+17.1,+11.2,+19.5,+19.6,+20.0,+20.2,+20.1,+20.2,+20.0
2023-08-07 05:12,1,+9.9,+10.4,+2.3,+5.5,+17.2,+11.2,+19.5,+19.5,+19.8,+20.3,+20.1,+20.2,+20.0
2023-08-07 06:12,1,+9.9,+10.4,+2.4,+5.5,+17.2,+11.2,+19.5,+19.5,+19.8,+20.2,+20.1,+20.2,+20.0
2023-08-07 07:12,1,+9.9,+10.4,+2.3,+5.4,+17.1,+11.2,+19.5,+19.5,+19.8,+20.3,+20.1,+20.2,+20.0
2023-08-07 08:12,1,+9.9,+10.4,+2.3,+5.5,+17.2,+11.3,+19.5,+19.5,+19.8,+20.2,+20.1,+20.2,+20.0
2023-08-07 09:12,1,+9.8,+10.4,+2.3,+5.5,+17.2,+11.2,+19.6,+19.5,+19.8,+20.2,+20.1,+20.2,+20.0
2023-08-07 10:12,1,+9.8,+10.4,+2.3,+5.4,+17.1,+11.2,+19.6,+19.5,+20.0,+20.2,+20.1,+20.2,+20.0
2023-08-07 11:12,1,+9.9,+10.4,+2.3,+5.5,+17.2,+11.3,+19.7,+19.6,+19.8,+20.2,+20.1,+20.2,+20.0
2023-08-07 12:12,1,+11.0,+10.4,+2.3,+5.5,+17.2,+11.3,+19.6,+19.5,+19.8,+20.2,+20.1,+20.2,+20.0
2023-08-07 13:12,1,+11.1,+10.4,+2.3,+5.4,+17.1,+11.2,+19.6,+19.5,+19.8,+20.2,+20.1,+20.2,+20.0
2023-08-07 14:12,1,+11.1,+10.4,+2.3,+5.4,+17.1,+11.2,+19.6,+19.5,+19.8,+20.2,+20.1,+20.2,+20.0
2023-08-07 15:12,1,+11.1,+10.4,+2.3,+5.4,+17.1,+11.2,+19.5,+19.5,+19.8,+20.2,+20.1,+20.2,+20.0
2023-08-07 16:12,1,+11.1,+10.5,+2.3,+5.5,+17.2,+11.3,+19.5,+19.5,+20.0,+20.2,+20.1,+20.2,+20.0
2023-08-07 17:12,1,+11.1,+10.6,+2.4,+5.5,+17.2,+11.3,+19.3,+19.5,+19.8,+20.2,+20.1,+20.2,+20.0
2023-08-07 18:12,1,+11.1,+10.6,+2.4,+5.4,+17.1,+11.2,+19.3,+19.5,+19.8,+20.2,+20.1,+20.2,+20.0
2023-08-07 19:12,1,+11.0,+10.6,+2.4,+5.4,+17.1,+11.2,+19.2,+19.3,+19.8,+20.2,+20.1,+20.2,+20.0
2023-08-07 20:12,1,+11.0,+10.6,+2.4,+5.5,+17.2,+11.3,+19.2,+19.3,+19.8,+20.2,+20.1,+20.2,+20.0
2023-08-07 21:12,1,+10.9,+10.6,+2.4,+5.5,+17.2,+11.3,+19.2,+19.3,+19.8,+20.2,+20.1,+20.2,+20.0
2023-08-07 22:12,1,+10.9,+10.6,+2.4,+5.5,+17.2,+11.3,+19.1,+19.3,+19.8,+20.2,+20.1,+20.2,+20.0
2023-08-07 23:12,1,+10.8,+10.6,+2.4,+5.5,+17.2,+11.3,+19.1,+19.3,+19.8,+20.2,+20.1,+20.2,+20.0
2023-08-08 00:12,1,+10.8,+10.6,+2.4,+5.5,+17.2,+11.3,+19.0,+19.2,+19.8,+20.2,+20.1,+20.2,+20.0
2023-08-08 01:12,1,+10.8,+10.6,+2.4,+5.5,+17.2,+11.3,+18.8,+19.2,+19.7,+20.2,+20.1,+20.2,+20.0
2023-08-08 02:12,1,+10.8,+10.7,+2.4,+5.4,+17.2,+11.3,+18.8,+19.2,+19.7,+20.2,+20.1,+20.2,+20.0
2023-08-08 03:12,1,+10.8,+10.7,+2.5,+5.5,+17.3,+11.4,+18.8,+19.1,+19.7,+20.2,+20.1,+20.2,+20.0
2023-08-08 04:12,1,+10.7,+10.7,+2.6,+5.6,+17.3,+11.5,+18.7,+19.1,+19.6,+20.2,+20.1,+20.2,+20.0
2023-08-08 05:12,1,+10.7,+10.8,+2.8,+5.7,+17.3,+11.6,+18.7,+19.0,+19.7,+20.2,+20.1,+20.2,+20.0
2023-08-08 06:12,1,+10.7,+10.8,+2.9,+5.7,+17.3,+11.7,+18.7,+19.1,+19.7,+20.2,+20.0,+20.2,+20.0
2023-08-08 07:12,1,+10.6,+10.8,+2.9,+5.9,+17.3,+11.9,+18.8,+19.0,+19.7,+20.2,+20.1,+20.2,+20.0
2023-08-08 08:12,1,+10.6,+10.9,+2.9,+5.7,+17.3,+12.1,+18.7,+19.0,+19.7,+20.1,+20.1,+20.2,+20.0
2023-08-08 09:12,1,+10.5,+10.8,+2.9,+5.9,+17.3,+12.2,+19.1,+19.0,+19.6,+20.2,+20.1,+20.2,+20.0
2023-08-08 10:12,1,+10.5,+10.8,+2.9,+5.9,+17.4,+12.2,+19.3,+19.0,+19.6,+20.1,+20.1,+20.2,+19.8
2023-08-08 11:12,1,+10.4,+10.8,+2.9,+5.8,+17.3,+12.2,+19.5,+19.1,+19.6,+20.1,+20.1,+20.2,+20.0
2023-08-08 12:12,1,+10.3,+10.8,+2.9,+5.9,+17.3,+12.2,+19.6,+19.1,+19.6,+20.1,+20.1,+20.2,+20.0
2023-08-08 13:12,1,+10.3,+10.8,+2.9,+5.8,+17.3,+12.2,+19.7,+19.2,+19.6,+20.1,+20.1,+20.2,+20.0
2023-08-08 14:12,1,+10.3,+10.8,+2.9,+5.7,+17.3,+12.2,+19.6,+19.2,+19.7,+20.1,+20.0,+20.2,+20.0
2023-08-08 15:12,1,+10.4,+10.9,+2.9,+5.9,+17.4,+12.2,+19.5,+19.2,+19.6,+20.1,+20.0,+20.2,+20.0
2023-08-08 16:12,1,+10.7,+10.8,+2.9,+5.8,+17.3,+12.2,+19.3,+19.2,+19.6,+20.1,+20.1,+20.2,+20.0
2023-08-08 17:12,1,+10.8,+10.8,+2.9,+5.8,+17.3,+12.2,+19.1,+19.2,+19.6,+20.1,+20.0,+20.2,+20.0
2023-08-08 18:12,1,+10.9,+10.9,+2.9,+5.8,+17.3,+12.2,+19.1,+19.2,+19.6,+20.1,+20.0,+20.2,+20.0
2023-08-08 19:12,1,+11.0,+10.9,+2.9,+5.8,+17.3,+12.2,+19.0,+19.2,+19.6,+20.1,+20.1,+20.2,+20.0
2023-08-08 20:12,1,+11.0,+10.9,+2.9,+5.8,+17.3,+12.2,+19.0,+19.1,+19.6,+20.1,+20.0,+20.2,+20.0
2023-08-08 21:12,1,+10.9,+10.9,+3.0,+5.8,+17.3,+12.2,+18.8,+19.1,+19.6,+20.1,+20.1,+20.2,+20.0
2023-08-08 22:12,1,+10.9,+10.9,+3.0,+5.8,+17.3,+12.2,+18.7,+19.1,+19.6,+20.1,+20.0,+20.2,+20.0
2023-08-08 23:12,1,+10.9,+10.9,+3.0,+5.8,+17.3,+12.2,+18.6,+19.1,+19.6,+20.1,+20.1,+20.2,+19.8
2023-08-09 00:12,1,+10.9,+10.9,+3.0,+5.9,+17.4,+12.3,+18.7,+19.0,+19.6,+20.1,+20.0,+20.2,+20.0
2023-08-09 01:12,1,+10.9,+11.0,+3.0,+5.8,+17.3,+12.2,+18.6,+19.0,+19.6,+20.1,+20.0,+20.2,+20.0
2023-08-09 02:12,1,+10.9,+11.0,+3.0,+5.9,+17.4,+12.3,+18.5,+19.0,+19.6,+20.1,+20.0,+20.2,+20.0
2023-08-09 03:12,1,+10.9,+10.9,+3.0,+5.9,+17.4,+12.3,+18.5,+18.8,+19.6,+20.1,+20.0,+20.2,+20.0
2023-08-09 04:12,1,+10.9,+10.9,+3.0,+5.8,+17.3,+12.2,+18.5,+18.8,+19.6,+20.1,+20.0,+20.2,+20.0
2023-08-09 05:12,1,+10.8,+11.0,+3.0,+5.9,+17.4,+12.3,+18.3,+18.8,+19.5,+20.1,+20.0,+20.2,+20.0
2023-08-09 06:12,1,+10.8,+11.0,+3.0,+5.9,+17.4,+12.3,+18.3,+18.7,+19.5,+20.1,+20.0,+20.1,+20.0
2023-08-09 07:12,1,+10.8,+11.0,+3.0,+5.8,+17.4,+12.3,+18.3,+18.7,+19.5,+20.1,+20.0,+20.1,+20.0
2023-08-09 08:12,1,+10.8,+11.0,+3.0,+5.8,+17.4,+12.2,+18.3,+18.7,+19.5,+20.1,+20.0,+20.1,+20.0
2023-08-09 09:12,1,+10.7,+11.0,+3.0,+5.8,+17.4,+12.2,+18.6,+18.7,+19.5,+20.1,+20.0,+20.1,+20.0
2023-08-09 10:12,1,+10.6,+10.9,+3.0,+5.9,+17.4,+12.3,+19.1,+18.7,+19.5,+20.0,+20.0,+20.1,+20.0
2023-08-09 11:12,1,+10.5,+10.9,+3.0,+5.8,+17.4,+12.3,+19.3,+18.7,+19.3,+20.0,+20.0,+20.1,+20.0
2023-08-09 12:12,1,+10.4,+10.9,+3.0,+5.9,+17.4,+12.3,+19.7,+18.8,+19.3,+20.0,+20.0,+20.2,+20.0
2023-08-09 13:12,1,+10.3,+10.9,+3.0,+5.9,+17.4,+12.3,+19.8,+19.0,+19.3,+20.0,+20.0,+20.2,+20.0
2023-08-09 14:12,1,+10.2,+10.9,+3.0,+5.8,+17.4,+12.2,+20.0,+19.0,+19.3,+20.0,+20.0,+20.1,+19.8
2023-08-09 15:12,1,+10.2,+10.9,+3.0,+5.8,+17.4,+12.2,+20.0,+19.1,+19.3,+20.0,+20.0,+20.1,+19.8
2023-08-09 16:12,1,+10.1,+10.9,+3.0,+5.8,+17.4,+12.3,+20.1,+19.2,+19.5,+20.0,+20.0,+20.1,+20.0
2023-08-09 17:12,1,+10.1,+10.9,+3.0,+5.9,+17.4,+12.3,+20.1,+19.2,+19.5,+20.0,+20.0,+20.1,+19.8
2023-08-09 18:12,1,+10.1,+10.9,+3.0,+5.9,+17.4,+12.3,+19.8,+19.3,+19.5,+20.0,+20.0,+20.1,+19.8
2023-08-09 19:12,1,+10.1,+10.9,+3.0,+5.8,+17.4,+12.3,+19.8,+19.3,+19.5,+20.0,+20.0,+20.2,+19.8
2023-08-09 20:12,1,+10.1,+10.9,+3.1,+5.8,+17.4,+12.3,+19.7,+19.3,+19.6,+20.0,+20.0,+20.1,+19.8
2023-08-09 21:12,1,+10.1,+10.9,+3.0,+5.8,+17.4,+12.3,+19.6,+19.5,+19.6,+20.0,+19.8,+20.1,+19.8
2023-08-09 22:12,1,+10.1,+10.9,+3.0,+5.9,+17.4,+12.3,+19.5,+19.3,+19.6,+20.0,+20.0,+20.1,+19.8
2023-08-09 23:12,1,+10.1,+10.9,+3.0,+5.9,+17.4,+12.3,+19.5,+19.3,+19.5,+20.0,+19.8,+20.1,+19.8
2023-08-10 00:12,1,+10.1,+10.9,+3.1,+5.9,+17.4,+12.3,+19.3,+19.3,+19.6,+20.0,+19.8,+20.1,+19.8
2023-08-10 01:12,1,+10.1,+10.9,+3.1,+5.9,+17.4,+12.3,+19.3,+19.3,+19.6,+20.0,+20.0,+20.1,+19.8
2023-08-10 02:12,1,+10.1,+10.9,+3.1,+5.9,+17.4,+12.3,+19.3,+19.3,+19.6,+20.0,+20.0,+20.1,+19.8
2023-08-10 03:12,1,+10.1,+10.9,+3.0,+5.9,+17.4,+12.3,+19.3,+19.2,+19.6,+20.0,+19.8,+20.1,+19.8
2023-08-10 04:12,1,+10.2,+10.9,+3.1,+5.9,+17.4,+12.3,+19.2,+19.2,+19.6,+20.0,+19.8,+20.1,+19.8
2023-08-10 05:12,1,+10.2,+10.9,+3.0,+5.9,+17.4,+12.3,+19.2,+19.2,+19.6,+20.0,+20.0,+20.1,+20.0
2023-08-10 06:12,1,+10.2,+10.9,+3.0,+6.0,+17.4,+12.3,+19.1,+19.2,+19.6,+20.0,+20.0,+20.1,+19.8
2023-08-10 07:12,1,+10.2,+10.9,+3.1,+6.0,+17.4,+12.3,+19.2,+19.2,+19.6,+20.0,+19.8,+20.1,+19.8
2023-08-10 08:12,1,+10.1,+10.9,+3.1,+6.0,+17.4,+12.3,+19.2,+19.1,+19.6,+20.1,+19.8,+20.1,+19.8
2023-08-10 09:12,1,+10.1,+10.9,+3.1,+5.9,+17.4,+12.3,+19.3,+19.2,+19.6,+20.0,+20.0,+20.1,+19.8
2023-08-10 10:12,1,+10.0,+10.9,+3.1,+6.0,+17.5,+12.3,+19.8,+19.2,+19.6,+20.0,+20.0,+20.1,+19.8
2023-08-10 11:12,1,+9.9,+10.9,+3.1,+5.9,+17.4,+12.3,+20.0,+19.2,+19.5,+20.0,+20.0,+20.1,+19.8
2023-08-10 12:12,1,+9.8,+10.9,+3.1,+5.9,+17.4,+12.3,+20.3,+19.3,+19.5,+20.0,+19.8,+20.1,+19.8
2023-08-10 13:12,1,+9.8,+10.9,+3.1,+5.9,+17.4,+12.3,+20.5,+19.3,+19.6,+20.0,+19.8,+20.1,+19.8
2023-08-10 14:12,1,+9.7,+10.9,+3.1,+6.0,+17.4,+12.3,+20.5,+19.6,+19.6,+20.0,+20.0,+20.1,+19.8
2023-08-10 15:12,1,+9.7,+10.9,+3.1,+5.9,+17.4,+12.3,+20.6,+19.6,+19.6,+20.0,+20.0,+20.1,+19.8
2023-08-10 16:12,1,+9.7,+10.9,+3.1,+5.9,+17.4,+12.3,+20.5,+19.6,+19.6,+20.0,+19.8,+20.1,+19.8
2023-08-10 17:12,1,+9.7,+10.9,+3.1,+6.0,+17.5,+12.3,+20.5,+19.7,+19.6,+20.1,+19.8,+20.1,+19.8
2023-08-10 18:12,1,+9.7,+10.9,+3.1,+5.9,+17.4,+12.3,+20.5,+19.7,+19.7,+20.0,+20.0,+20.1,+19.8
2023-08-10 19:12,1,+9.7,+10.9,+3.1,+6.0,+17.4,+12.3,+20.3,+19.7,+19.7,+20.0,+19.8,+20.1,+19.8
2023-08-10 20:12,1,+9.7,+10.9,+3.1,+5.9,+17.4,+12.3,+20.2,+19.8,+19.7,+20.1,+20.0,+20.1,+19.8
2023-08-10 21:12,1,+9.8,+10.9,+3.1,+5.9,+17.4,+12.3,+20.2,+19.7,+19.7,+20.0,+19.8,+20.1,+19.8
2023-08-10 22:12,1,+9.8,+10.9,+3.1,+5.9,+17.4,+12.3,+20.1,+19.8,+19.7,+20.1,+19.8,+20.1,+19.8
2023-08-10 23:12,1,+9.8,+10.9,+3.1,+6.0,+17.5,+12.3,+20.0,+19.8,+19.8,+20.1,+19.8,+20.1,+19.8
2023-08-11 00:12,1,+9.8,+10.9,+3.1,+6.0,+17.5,+12.3,+20.0,+19.7,+19.8,+20.1,+20.0,+20.1,+19.8
2023-08-11 01:12,1,+9.9,+10.9,+3.1,+6.0,+17.5,+12.3,+19.8,+19.7,+19.8,+20.1,+20.0,+20.1,+19.8
2023-08-11 02:12,1,+9.9,+10.9,+3.1,+5.9,+17.4,+12.3,+19.7,+19.7,+19.8,+20.1,+20.0,+20.1,+19.8
2023-08-11 03:12,1,+9.9,+10.9,+3.1,+5.9,+17.4,+12.3,+19.7,+19.7,+19.8,+20.1,+19.8,+20.1,+19.8
2023-08-11 04:12,1,+9.9,+10.9,+3.1,+6.0,+17.5,+12.4,+19.6,+19.6,+19.8,+20.1,+20.0,+20.1,+19.8
2023-08-11 05:12,1,+9.9,+10.9,+3.1,+5.9,+17.4,+12.3,+19.6,+19.6,+19.7,+20.1,+20.0,+20.1,+19.8
2023-08-11 06:12,1,+9.9,+10.9,+3.1,+6.0,+17.5,+12.4,+19.6,+19.6,+19.8,+20.1,+19.8,+20.1,+19.8
2023-08-11 07:12,1,+9.9,+10.9,+3.1,+5.9,+17.4,+12.3,+19.6,+19.6,+19.8,+20.1,+19.8,+20.1,+19.8
2023-08-11 08:12,1,+9.9,+10.9,+3.1,+5.9,+17.4,+12.3,+19.5,+19.5,+19.8,+20.1,+20.0,+20.1,+19.8
2023-08-11 09:12,1,+9.9,+10.9,+3.1,+6.0,+17.5,+12.4,+19.6,+19.5,+19.8,+20.1,+19.8,+20.1,+19.8
2023-08-11 10:12,1,+9.8,+10.9,+3.1,+6.0,+17.5,+12.4,+20.1,+19.6,+19.8,+20.1,+20.0,+20.1,+19.8
2023-08-11 11:12,1,+9.7,+10.9,+3.1,+6.0,+17.5,+12.4,+20.2,+19.6,+19.8,+20.1,+20.0,+20.1,+19.8
2023-08-11 11:31,1,+9.7,+10.9,+3.1,+6.0,+17.5,+12.4,+20.5,+19.6,+19.7,+20.1,+20.0,+20.1,+19.8
2023-08-11 12:31,1,+9.6,+10.9,+3.1,+6.0,+17.5,+12.4,+20.7,+19.6,+19.7,+20.1,+20.0,+20.1,+19.8
2023-08-11 13:31,1,+9.6,+10.8,+3.1,+6.0,+17.5,+12.4,+20.7,+19.7,+19.8,+20.1,+20.0,+20.1,+19.8
2023-08-11 14:31,1,+9.5,+10.8,+3.1,+5.9,+17.4,+12.3,+20.8,+19.8,+19.8,+20.1,+20.0,+20.0,+19.8
2023-08-11 15:31,1,+9.5,+10.8,+3.1,+5.9,+17.4,+12.3,+21.0,+20.0,+19.8,+20.1,+20.0,+20.1,+19.8
2023-08-11 16:31,1,+9.5,+10.8,+3.1,+6.0,+17.5,+12.4,+21.0,+20.0,+19.8,+20.1,+20.0,+20.1,+19.8
2023-08-11 17:31,1,+9.5,+10.8,+3.1,+6.0,+17.5,+12.4,+20.8,+20.0,+19.8,+20.1,+20.0,+20.1,+19.8
2023-08-11 18:31,1,+9.6,+10.8,+3.1,+5.9,+17.4,+12.3,+20.7,+20.1,+19.8,+20.1,+20.0,+20.1,+19.8
2023-08-11 19:31,1,+9.9,+10.8,+3.1,+6.0,+17.5,+12.4,+20.6,+20.1,+20.0,+20.2,+20.0,+20.1,+19.8
2023-08-11 20:31,1,+10.0,+10.8,+3.1,+5.9,+17.4,+12.3,+20.5,+20.1,+20.0,+20.1,+20.0,+20.1,+19.8
2023-08-11 21:31,1,+10.1,+10.8,+3.1,+5.9,+17.5,+12.3,+20.3,+20.1,+20.0,+20.2,+20.0,+20.1,+19.8
2023-08-11 22:31,1,+10.2,+10.9,+3.1,+6.1,+17.5,+12.4,+20.1,+20.0,+20.0,+20.2,+20.0,+20.1,+19.8
2023-08-11 23:31,1,+10.3,+10.9,+3.1,+6.0,+17.5,+12.4,+20.0,+20.1,+20.0,+20.2,+20.0,+20.1,+19.8
2023-08-12 00:31,1,+10.3,+10.9,+3.1,+6.1,+17.5,+12.4,+19.8,+20.0,+20.0,+20.2,+20.0,+20.1,+19.8
2023-08-12 01:31,1,+10.3,+10.9,+3.1,+5.9,+17.4,+12.3,+19.7,+19.8,+20.0,+20.2,+20.0,+20.1,+19.8
2023-08-12 02:31,1,+10.3,+10.9,+3.1,+6.1,+17.5,+12.4,+19.6,+19.8,+20.0,+20.2,+20.0,+20.1,+19.8
2023-08-12 03:31,1,+10.4,+10.9,+3.1,+6.1,+17.5,+12.4,+19.5,+19.7,+20.0,+20.2,+20.0,+20.1,+19.8
2023-08-12 04:31,1,+10.4,+10.9,+3.1,+6.1,+17.5,+12.4,+19.5,+19.7,+20.0,+20.2,+20.0,+20.1,+19.8
2023-08-12 05:31,1,+10.5,+10.9,+3.1,+6.0,+17.5,+12.4,+19.3,+19.6,+20.0,+20.2,+20.0,+20.1,+19.8
2023-08-12 06:31,1,+10.5,+10.9,+3.0,+6.1,+17.5,+12.4,+19.3,+19.7,+20.0,+20.2,+20.0,+20.1,+19.8
2023-08-12 07:31,1,+10.5,+10.9,+3.0,+6.1,+17.5,+12.4,+19.2,+19.5,+20.0,+20.2,+20.0,+20.1,+19.8
2023-08-12 08:31,1,+10.5,+10.9,+3.0,+6.0,+17.5,+12.4,+19.3,+19.5,+20.0,+20.2,+20.0,+20.2,+19.8
2023-08-12 09:31,1,+10.5,+10.9,+3.1,+6.1,+17.5,+12.4,+19.3,+19.5,+20.0,+20.2,+20.0,+20.1,+19.8
2023-08-12 10:31,1,+10.4,+10.9,+3.1,+6.1,+17.5,+12.4,+19.6,+19.5,+19.8,+20.2,+20.0,+20.2,+19.8
2023-08-12 11:31,1,+10.3,+10.9,+3.1,+6.0,+17.5,+12.4,+20.0,+19.5,+20.0,+20.2,+20.0,+20.2,+19.8
2023-08-12 12:31,1,+10.2,+10.9,+3.1,+6.0,+17.5,+12.4,+20.1,+19.5,+19.8,+20.2,+20.0,+20.2,+19.8
2023-08-12 13:31,1,+10.1,+10.9,+3.1,+6.0,+17.5,+12.4,+20.2,+19.6,+19.8,+20.2,+20.0,+20.2,+19.8
2023-08-12 14:31,1,+10.1,+10.9,+3.1,+6.0,+17.5,+12.4,+20.2,+19.6,+19.8,+20.2,+20.1,+20.2,+19.8
2023-08-12 15:31,1,+9.9,+10.8,+3.0,+6.1,+17.5,+12.4,+20.5,+19.7,+19.8,+20.2,+20.0,+20.1,+20.0
2023-08-12 16:31,1,+9.9,+10.8,+3.1,+6.0,+17.5,+12.4,+20.6,+19.7,+19.8,+20.2,+20.1,+20.2,+19.8
2023-08-12 17:31,1,+9.9,+10.8,+3.1,+6.0,+17.5,+12.4,+20.5,+19.7,+19.8,+20.2,+20.0,+20.2,+19.8
2023-08-12 18:31,1,+9.9,+10.9,+3.1,+6.0,+17.5,+12.4,+20.3,+19.8,+19.8,+20.2,+20.0,+20.2,+19.8
2023-08-12 19:31,1,+9.9,+10.9,+3.1,+6.1,+17.5,+12.4,+20.2,+19.8,+19.8,+20.2,+20.1,+20.2,+19.8
2023-08-12 20:31,1,+9.9,+10.9,+3.1,+6.1,+17.5,+12.4,+20.1,+19.8,+20.0,+20.2,+20.0,+20.2,+19.8
2023-08-12 21:31,1,+10.0,+10.9,+3.1,+6.1,+17.5,+12.4,+20.0,+19.8,+20.0,+20.2,+20.0,+20.2,+19.8
2023-08-12 22:31,1,+10.0,+10.8,+3.1,+6.1,+17.5,+12.4,+19.8,+19.8,+20.0,+20.2,+20.0,+20.1,+19.8
2023-08-12 23:31,1,+10.0,+10.9,+3.1,+6.0,+17.5,+12.4,+19.7,+19.7,+20.0,+20.2,+20.0,+20.2,+19.8
2023-08-13 00:31,1,+10.0,+10.9,+3.1,+6.1,+17.5,+12.4,+19.7,+19.7,+20.0,+20.2,+20.0,+20.2,+19.8
2023-08-13 01:31,1,+10.0,+10.8,+3.0,+6.1,+17.5,+12.4,+19.7,+19.7,+20.0,+20.2,+20.0,+20.2,+19.8
2023-08-13 02:31,1,+10.0,+10.8,+3.0,+6.1,+17.5,+12.4,+19.6,+19.7,+20.0,+20.2,+20.0,+20.2,+19.8
2023-08-13 03:31,1,+10.0,+10.8,+3.1,+6.0,+17.5,+12.4,+19.6,+19.6,+20.0,+20.2,+20.0,+20.1,+19.8
2023-08-13 04:31,1,+10.0,+10.8,+3.1,+6.1,+17.5,+12.4,+19.6,+19.6,+20.0,+20.2,+20.0,+20.2,+19.8
2023-08-13 05:31,1,+10.1,+10.8,+3.1,+6.1,+17.5,+12.4,+19.6,+19.6,+20.0,+20.2,+20.0,+20.2,+19.8
2023-08-13 06:31,1,+10.1,+10.8,+3.0,+6.1,+17.5,+12.4,+19.5,+19.6,+20.0,+20.2,+20.1,+20.1,+19.8
2023-08-13 07:31,1,+10.0,+10.9,+3.0,+6.2,+17.6,+12.4,+19.5,+19.5,+20.0,+20.2,+20.1,+20.2,+19.8
2023-08-13 08:31,1,+10.0,+10.9,+3.1,+6.1,+17.5,+12.4,+19.6,+19.5,+20.0,+20.3,+20.1,+20.2,+19.8
2023-08-13 09:31,1,+10.0,+10.8,+3.1,+6.2,+17.6,+12.4,+19.7,+19.5,+20.0,+20.2,+20.0,+20.2,+19.8
2023-08-13 10:31,1,+9.9,+10.8,+3.1,+6.1,+17.5,+12.4,+20.1,+19.5,+19.8,+20.2,+20.0,+20.2,+19.8
2023-08-13 11:31,1,+9.8,+10.8,+3.1,+6.1,+17.5,+12.4,+20.2,+19.6,+19.8,+20.2,+20.1,+20.2,+19.8
2023-08-13 12:31,1,+9.7,+10.8,+3.1,+6.2,+17.5,+12.4,+20.3,+19.6,+19.8,+20.2,+20.0,+20.2,+19.8
2023-08-13 13:31,1,+9.7,+10.8,+3.1,+6.1,+17.5,+12.4,+20.3,+19.7,+19.8,+20.2,+20.0,+20.2,+19.8
2023-08-13 14:31,1,+10.0,+10.8,+3.1,+6.2,+17.6,+12.4,+20.2,+19.7,+19.8,+20.2,+20.1,+20.2,+19.8
2023-08-13 15:31,1,+17.0,+10.9,+3.1,+6.1,+17.5,+12.4,+20.0,+19.7,+19.8,+20.2,+20.1,+20.2,+19.8
2023-08-13 16:31,1,+14.4,+13.4,+3.2,+6.1,+17.5,+12.4,+19.6,+19.7,+20.0,+20.3,+20.1,+20.2,+19.8
2023-08-13 17:31,1,+13.0,+13.1,+3.4,+6.2,+17.6,+12.4,+19.6,+19.7,+19.8,+20.2,+20.0,+20.1,+19.8
2023-08-13 18:31,1,+12.5,+12.9,+3.8,+6.1,+17.5,+12.4,+19.5,+19.6,+19.8,+20.2,+20.0,+20.2,+19.8
2023-08-13 19:31,1,+12.2,+12.7,+4.0,+6.1,+17.5,+12.4,+19.5,+19.6,+20.0,+20.2,+20.1,+20.2,+19.8
2023-08-13 20:31,1,+12.0,+12.6,+4.0,+6.1,+17.5,+12.4,+19.3,+19.6,+20.0,+20.2,+20.1,+20.2,+20.0
2023-08-13 21:31,1,+11.9,+12.5,+4.1,+6.2,+17.6,+12.4,+19.3,+19.6,+20.0,+20.2,+20.0,+20.1,+19.8
2023-08-13 22:31,1,+11.8,+12.5,+4.1,+6.4,+17.6,+12.4,+19.2,+19.5,+19.8,+20.2,+20.1,+20.2,+20.0
2023-08-13 23:31,1,+11.7,+12.4,+4.1,+6.5,+17.7,+12.4,+19.2,+19.5,+19.8,+20.2,+20.0,+20.2,+20.0
2023-08-14 00:31,1,+11.6,+12.4,+4.1,+6.5,+17.7,+12.4,+19.2,+19.5,+19.8,+20.2,+20.1,+20.2,+19.8
2023-08-14 01:31,1,+11.6,+12.3,+4.1,+6.5,+17.7,+12.4,+19.2,+19.3,+19.8,+20.2,+20.1,+20.2,+19.8
2023-08-14 02:31,1,+11.5,+12.3,+4.1,+6.5,+17.7,+12.4,+19.2,+19.3,+19.8,+20.2,+20.0,+20.2,+19.8
2023-08-14 03:31,1,+11.5,+12.2,+4.1,+6.7,+17.8,+12.5,+19.2,+19.3,+19.8,+20.2,+20.0,+20.2,+20.0
2023-08-14 04:31,1,+11.5,+12.2,+4.1,+6.7,+17.9,+12.5,+19.2,+19.3,+19.7,+20.2,+20.1,+20.2,+19.8
2023-08-14 05:31,1,+11.4,+12.2,+4.1,+6.7,+17.9,+12.5,+19.1,+19.2,+19.8,+20.2,+20.0,+20.2,+19.8
2023-08-14 06:31,1,+11.4,+12.2,+4.1,+6.6,+17.9,+12.5,+19.1,+19.3,+19.8,+20.2,+20.1,+20.2,+19.8
2023-08-14 07:31,1,+11.4,+12.1,+4.1,+6.7,+17.9,+12.5,+19.1,+19.2,+19.7,+20.2,+20.0,+20.2,+20.0
2023-08-14 08:31,1,+11.3,+12.1,+4.0,+6.8,+18.0,+12.5,+19.1,+19.2,+19.7,+20.2,+20.1,+20.2,+19.8
2023-08-14 09:31,1,+11.3,+12.1,+4.0,+6.8,+18.0,+12.5,+19.1,+19.2,+19.7,+20.2,+20.0,+20.2,+19.8
2023-08-14 10:31,1,+11.2,+12.0,+4.0,+6.7,+18.0,+12.5,+19.7,+19.2,+19.7,+20.2,+20.0,+20.2,+19.8
2023-08-14 11:31,1,+11.1,+12.0,+4.0,+6.7,+18.0,+12.5,+20.0,+19.2,+19.7,+20.2,+20.0,+20.2,+19.8
2023-08-14 12:31,1,+11.0,+12.0,+4.0,+6.7,+18.0,+12.5,+20.2,+19.3,+19.7,+20.2,+20.1,+20.2,+19.8
2023-08-14 13:31,1,+11.0,+12.0,+4.0,+6.7,+18.0,+12.6,+20.2,+19.5,+19.7,+20.2,+20.0,+20.2,+20.0
2023-08-14 14:31,1,+10.9,+12.0,+4.0,+6.8,+18.0,+12.6,+20.1,+19.5,+19.7,+20.2,+20.1,+20.2,+20.0
2023-08-14 15:31,1,+15.4,+13.9,+4.2,+6.7,+18.0,+12.6,+19.8,+19.6,+19.7,+20.1,+20.0,+20.2,+19.8
2023-08-14 16:31,1,+14.1,+13.9,+4.7,+6.8,+18.0,+12.6,+19.6,+19.6,+19.7,+20.2,+20.1,+20.2,+20.0
2023-08-14 17:31,1,+18.2,+17.4,+5.9,+7.1,+18.1,+12.6,+19.3,+19.5,+19.7,+20.1,+20.0,+20.2,+20.0
2023-08-14 18:31,1,+14.6,+14.9,+6.0,+8.6,+18.9,+12.6,+18.8,+19.3,+19.7,+20.2,+20.0,+20.2,+20.0
2023-08-14 19:31,1,+13.8,+14.2,+5.7,+8.6,+19.6,+13.0,+18.7,+19.2,+19.7,+20.1,+20.0,+20.2,+20.0
2023-08-14 20:31,1,+12.8,+13.6,+5.5,+8.7,+19.9,+13.5,+18.6,+19.1,+19.7,+20.1,+20.0,+20.2,+19.8
2023-08-14 21:31,1,+12.5,+13.3,+5.3,+8.5,+19.9,+13.8,+18.6,+19.1,+19.6,+20.1,+20.0,+20.2,+20.0
2023-08-14 22:31,1,+12.3,+13.1,+5.2,+8.4,+19.8,+14.0,+18.6,+19.0,+19.6,+20.1,+20.0,+20.2,+19.8
2023-08-14 23:31,1,+12.2,+13.0,+5.1,+8.4,+19.9,+14.1,+18.5,+19.0,+19.6,+20.1,+20.0,+20.1,+19.8
2023-08-15 00:31,1,+12.1,+12.9,+5.0,+8.4,+19.8,+14.1,+18.6,+18.8,+19.6,+20.1,+20.0,+20.2,+19.8
2023-08-15 01:31,1,+11.9,+12.8,+5.0,+8.3,+19.8,+14.1,+18.5,+18.8,+19.6,+20.1,+20.0,+20.1,+19.8
2023-08-15 02:31,1,+11.9,+12.7,+4.9,+8.1,+19.7,+14.0,+18.5,+18.8,+19.5,+20.1,+20.0,+20.2,+19.8
2023-08-15 03:31,1,+11.8,+12.7,+4.9,+8.1,+19.7,+14.0,+18.5,+18.8,+19.5,+20.1,+20.0,+20.1,+19.8
2023-08-15 04:31,1,+11.7,+12.6,+4.8,+8.1,+19.7,+14.0,+18.3,+18.8,+19.5,+20.1,+20.0,+20.1,+19.8
2023-08-15 05:31,1,+11.7,+12.5,+4.7,+8.1,+19.7,+14.0,+18.3,+18.7,+19.5,+20.0,+20.0,+20.2,+19.8
2023-08-15 06:31,1,+11.6,+12.5,+4.7,+8.0,+19.6,+14.0,+18.2,+18.7,+19.5,+20.0,+20.0,+20.1,+20.0
2023-08-15 07:31,1,+11.6,+12.5,+4.7,+8.0,+19.6,+14.0,+18.3,+18.7,+19.3,+20.1,+20.0,+20.1,+19.8
2023-08-15 08:31,1,+11.5,+12.4,+4.7,+7.9,+19.5,+13.9,+18.5,+18.6,+19.5,+20.0,+20.0,+20.1,+19.8
2023-08-15 09:31,1,+11.5,+12.4,+4.6,+8.0,+19.5,+13.9,+18.5,+18.7,+19.3,+20.0,+20.0,+20.1,+19.8
2023-08-15 10:31,1,+11.4,+12.4,+4.6,+7.9,+19.5,+13.9,+19.1,+18.7,+19.3,+20.0,+20.0,+20.1,+19.8
2023-08-15 11:31,1,+11.3,+12.3,+4.6,+7.8,+19.5,+13.9,+19.3,+18.7,+19.3,+20.0,+20.0,+20.1,+19.8
2023-08-15 12:31,1,+11.2,+12.3,+4.6,+7.9,+19.5,+13.9,+19.5,+18.8,+19.3,+20.0,+19.8,+20.1,+19.8
2023-08-15 13:31,1,+11.1,+12.3,+4.5,+7.9,+19.5,+13.9,+19.6,+19.0,+19.3,+20.0,+20.0,+20.1,+19.8
2023-08-15 14:31,1,+11.1,+12.2,+4.5,+7.7,+19.4,+13.8,+19.7,+19.0,+19.3,+20.0,+19.8,+20.1,+19.8
2023-08-15 15:31,1,+11.0,+12.2,+4.5,+7.7,+19.4,+13.8,+19.8,+19.0,+19.3,+20.0,+20.0,+20.1,+19.8
2023-08-15 16:31,1,+10.9,+12.2,+4.5,+7.8,+19.4,+13.8,+19.7,+19.1,+19.3,+20.0,+20.0,+20.1,+19.8
2023-08-15 17:31,1,+10.9,+12.2,+4.4,+7.8,+19.4,+13.8,+19.7,+19.2,+19.3,+20.0,+20.0,+20.1,+19.8
2023-08-15 18:31,1,+10.9,+12.2,+4.4,+7.7,+19.4,+13.8,+19.5,+19.2,+19.3,+20.0,+20.0,+20.1,+19.8
2023-08-15 19:31,1,+11.0,+12.2,+4.4,+7.7,+19.3,+13.8,+19.2,+19.2,+19.5,+19.8,+20.0,+20.1,+19.8
2023-08-15 20:31,1,+11.0,+12.2,+4.4,+7.7,+19.3,+13.8,+19.1,+19.2,+19.5,+20.0,+20.0,+20.1,+20.0
2023-08-15 21:31,1,+11.0,+12.2,+4.4,+7.6,+19.2,+13.7,+19.0,+19.1,+19.3,+20.0,+19.8,+20.1,+19.8
2023-08-15 22:31,1,+11.0,+12.2,+4.4,+7.7,+19.3,+13.8,+18.8,+19.1,+19.5,+19.8,+19.8,+20.1,+19.8
2023-08-15 23:31,1,+11.0,+12.2,+4.4,+7.7,+19.3,+13.7,+18.8,+19.0,+19.5,+20.0,+19.8,+20.1,+19.8
2023-08-16 00:31,1,+11.0,+12.2,+4.4,+7.7,+19.2,+13.7,+18.7,+19.0,+19.5,+20.0,+19.8,+20.1,+19.8
2023-08-16 01:31,1,+11.0,+12.2,+4.4,+7.7,+19.2,+13.7,+18.6,+19.0,+19.5,+20.0,+20.0,+20.1,+19.8
2023-08-16 02:31,1,+11.0,+12.2,+4.3,+7.5,+19.2,+13.7,+18.6,+19.0,+19.3,+20.0,+19.8,+20.1,+19.8
2023-08-16 03:31,1,+11.0,+12.2,+4.3,+7.6,+19.2,+13.7,+18.6,+19.0,+19.5,+20.0,+20.0,+20.0,+19.8
2023-08-16 04:31,1,+11.0,+12.1,+4.3,+7.5,+19.1,+13.6,+18.6,+18.8,+19.3,+20.0,+19.8,+20.1,+19.8
2023-08-16 05:31,1,+11.0,+12.1,+4.3,+7.5,+19.1,+13.6,+18.6,+18.8,+19.5,+20.0,+19.8,+20.1,+19.8
2023-08-16 06:31,1,+11.0,+12.1,+4.3,+7.6,+19.2,+13.6,+18.6,+18.8,+19.3,+20.0,+19.8,+20.1,+19.8
2023-08-16 07:31,1,+11.0,+12.1,+4.3,+7.5,+19.1,+13.6,+18.6,+18.8,+19.3,+19.8,+19.8,+20.1,+19.8
2023-08-16 08:31,1,+11.0,+12.1,+4.3,+7.6,+19.1,+13.6,+18.7,+18.8,+19.3,+19.8,+19.8,+20.0,+19.8
2023-08-16 09:31,1,+11.0,+12.1,+4.3,+7.4,+19.1,+13.6,+18.8,+18.7,+19.3,+19.8,+19.8,+20.0,+19.8
2023-08-16 10:31,1,+10.9,+12.1,+4.2,+7.4,+19.1,+13.6,+19.0,+18.8,+19.3,+20.0,+19.8,+20.1,+19.8
2023-08-16 11:31,1,+10.9,+12.1,+4.2,+7.4,+19.1,+13.6,+19.1,+18.8,+19.2,+19.8,+19.8,+20.1,+19.8
2023-08-16 12:31,1,+10.8,+12.1,+4.2,+7.4,+19.1,+13.6,+19.3,+18.8,+19.3,+19.8,+19.8,+20.0,+19.8
2023-08-16 13:31,1,+10.8,+12.0,+4.2,+7.5,+19.1,+13.6,+19.3,+19.0,+19.3,+20.0,+19.8,+20.0,+19.8
2023-08-16 14:31,1,+10.7,+12.0,+4.2,+7.4,+19.0,+13.6,+19.6,+19.0,+19.3,+19.8,+19.8,+20.1,+19.8
2023-08-16 15:31,1,+10.6,+12.0,+4.2,+7.5,+19.1,+13.6,+19.7,+19.0,+19.3,+19.8,+19.8,+20.1,+19.8
2023-08-16 16:31,1,+10.5,+12.0,+4.2,+7.4,+19.0,+13.6,+19.8,+19.1,+19.3,+19.8,+19.8,+20.0,+19.8
2023-08-16 17:31,1,+10.5,+12.0,+4.2,+7.3,+19.0,+13.5,+19.7,+19.1,+19.3,+19.8,+19.8,+20.0,+19.8
2023-08-16 18:31,1,+10.6,+12.0,+4.2,+7.3,+19.0,+13.5,+19.7,+19.2,+19.3,+19.8,+19.8,+20.0,+19.8
2023-08-16 19:31,1,+10.5,+12.0,+4.2,+7.3,+19.0,+13.5,+19.6,+19.2,+19.3,+19.8,+19.8,+20.0,+19.8
2023-08-16 20:31,1,+10.6,+12.0,+4.2,+7.3,+19.0,+13.5,+19.5,+19.2,+19.3,+19.8,+19.8,+20.0,+19.8
2023-08-16 21:31,1,+10.6,+12.0,+4.2,+7.3,+19.0,+13.5,+19.5,+19.2,+19.5,+19.8,+19.7,+20.1,+19.8
2023-08-16 22:31,1,+10.6,+12.0,+4.2,+7.3,+18.9,+13.5,+19.3,+19.2,+19.5,+19.8,+19.8,+20.0,+19.8
2023-08-16 23:31,1,+10.6,+12.0,+4.2,+7.3,+18.9,+13.5,+19.3,+19.2,+19.5,+19.8,+19.8,+20.0,+19.8
2023-08-17 00:31,1,+10.6,+12.0,+4.2,+7.4,+19.0,+13.5,+19.2,+19.2,+19.5,+19.8,+19.8,+20.0,+19.8
2023-08-17 01:31,1,+10.6,+11.9,+4.2,+7.3,+18.9,+13.5,+19.1,+19.2,+19.5,+19.8,+19.7,+20.0,+19.8
2023-08-17 02:31,1,+10.7,+11.9,+4.2,+7.4,+18.9,+13.5,+19.1,+19.2,+19.5,+19.8,+19.7,+20.0,+19.8
2023-08-17 03:31,1,+10.6,+11.9,+4.2,+7.4,+18.9,+13.5,+19.1,+19.1,+19.5,+19.8,+19.8,+20.0,+19.7
2023-08-17 04:31,1,+10.7,+11.9,+4.2,+7.4,+18.9,+13.5,+19.0,+19.1,+19.5,+20.0,+19.8,+20.0,+19.7
2023-08-17 05:31,1,+10.7,+11.9,+4.2,+7.4,+18.9,+13.5,+19.0,+19.1,+19.5,+20.0,+19.7,+20.0,+19.8
2023-08-17 06:31,1,+10.7,+11.9,+4.2,+7.3,+18.9,+13.5,+19.0,+19.0,+19.5,+19.8,+19.8,+20.0,+19.7
2023-08-17 07:31,1,+10.7,+11.9,+4.2,+7.4,+18.9,+13.5,+19.0,+19.0,+19.5,+19.8,+19.8,+20.0,+19.8
2023-08-17 08:31,1,+10.7,+11.9,+4.1,+7.3,+18.9,+13.4,+19.0,+19.0,+19.3,+20.0,+19.7,+20.0,+19.8
2023-08-17 09:31,1,+10.6,+11.9,+4.2,+7.3,+18.9,+13.4,+19.1,+19.0,+19.5,+19.8,+19.8,+20.0,+19.7
2023-08-17 10:31,1,+10.5,+11.9,+4.1,+7.3,+18.9,+13.4,+19.8,+19.0,+19.5,+19.8,+19.8,+20.0,+19.8
2023-08-17 11:31,1,+10.3,+11.9,+4.1,+7.3,+18.9,+13.5,+20.1,+19.1,+19.5,+19.8,+19.8,+20.0,+19.7
2023-08-17 12:31,1,+10.3,+11.9,+4.1,+7.3,+18.9,+13.4,+20.2,+19.2,+19.3,+20.0,+19.7,+20.0,+19.7
2023-08-17 13:31,1,+10.3,+11.9,+4.1,+7.2,+18.8,+13.4,+20.2,+19.2,+19.5,+19.8,+19.8,+20.0,+19.8
2023-08-17 14:31,1,+10.2,+11.9,+4.1,+7.3,+18.9,+13.4,+20.3,+19.3,+19.5,+19.8,+19.8,+20.0,+19.8
2023-08-17 15:31,1,+10.2,+11.9,+4.1,+7.2,+18.8,+13.4,+20.2,+19.3,+19.5,+19.8,+19.8,+20.0,+19.8
2023-08-17 16:31,1,+10.2,+11.9,+4.1,+7.2,+18.8,+13.4,+20.2,+19.5,+19.5,+19.8,+19.8,+20.0,+19.7
2023-08-17 17:31,1,+10.2,+11.9,+4.1,+7.2,+18.8,+13.4,+20.1,+19.5,+19.5,+19.8,+19.8,+20.0,+19.8
2023-08-17 18:31,1,+10.3,+11.8,+4.1,+7.3,+18.8,+13.4,+20.0,+19.5,+19.6,+19.8,+19.8,+20.0,+19.8
2023-08-17 19:31,1,+10.4,+11.9,+4.1,+7.3,+18.8,+13.4,+19.8,+19.6,+19.6,+19.8,+19.7,+20.0,+19.8
2023-08-17 20:31,1,+10.5,+11.9,+4.1,+7.3,+18.8,+13.4,+19.8,+19.5,+19.6,+19.8,+19.8,+20.0,+19.8
2023-08-17 21:31,1,+10.5,+11.8,+4.1,+7.2,+18.8,+13.3,+19.7,+19.5,+19.6,+19.8,+19.8,+20.0,+19.8
2023-08-17 22:31,1,+10.5,+11.8,+4.1,+7.2,+18.8,+13.4,+19.6,+19.5,+19.6,+20.0,+19.7,+20.0,+19.8
2023-08-17 23:31,1,+10.6,+11.8,+4.1,+7.3,+18.8,+13.4,+19.6,+19.5,+19.6,+20.0,+19.8,+20.0,+19.7
2023-08-18 00:31,1,+10.5,+11.8,+4.1,+7.3,+18.8,+13.4,+19.5,+19.5,+19.6,+20.0,+19.8,+20.0,+19.8
2023-08-18 01:31,1,+10.6,+11.8,+4.1,+7.1,+18.8,+13.3,+19.6,+19.5,+19.6,+19.8,+19.8,+20.0,+19.7
2023-08-18 02:31,1,+10.6,+11.8,+4.1,+7.1,+18.8,+13.3,+19.5,+19.5,+19.6,+20.0,+19.7,+20.0,+19.7
2023-08-18 03:31,1,+10.6,+11.8,+4.1,+7.1,+18.8,+13.3,+19.5,+19.3,+19.6,+20.0,+19.8,+20.0,+19.8
2023-08-18 04:31,1,+10.6,+11.8,+4.1,+7.3,+18.8,+13.4,+19.3,+19.3,+19.6,+20.0,+19.8,+20.0,+19.7
2023-08-18 05:31,1,+10.6,+11.8,+4.1,+7.1,+18.8,+13.3,+19.3,+19.3,+19.6,+20.0,+19.8,+20.0,+19.8
2023-08-18 06:31,1,+10.6,+11.8,+4.1,+7.3,+18.8,+13.4,+19.2,+19.3,+19.6,+20.0,+19.8,+20.0,+19.7
2023-08-18 07:31,1,+10.6,+11.8,+4.1,+7.1,+18.7,+13.3,+19.3,+19.2,+19.6,+20.0,+19.8,+20.0,+19.7
2023-08-18 08:31,1,+10.6,+11.8,+4.1,+7.1,+18.7,+13.3,+19.3,+19.3,+19.6,+20.0,+19.8,+20.0,+19.7
2023-08-18 09:31,1,+10.6,+11.8,+4.1,+7.2,+18.8,+13.3,+19.3,+19.2,+19.6,+20.0,+19.8,+20.0,+19.7
2023-08-18 10:31,1,+10.6,+11.8,+4.1,+7.1,+18.7,+13.3,+19.5,+19.3,+19.6,+20.0,+19.8,+20.0,+19.7
2023-08-18 11:31,1,+10.5,+11.8,+4.1,+7.1,+18.7,+13.3,+19.6,+19.3,+19.6,+20.0,+19.8,+20.0,+19.7
2023-08-18 12:31,1,+10.5,+11.8,+4.1,+7.1,+18.7,+13.3,+19.7,+19.3,+19.6,+20.0,+19.8,+20.0,+19.7
2023-08-18 13:31,1,+10.5,+11.8,+4.0,+7.1,+18.7,+13.3,+19.8,+19.3,+19.6,+20.0,+19.8,+20.0,+19.7
2023-08-18 14:31,1,+10.4,+11.8,+4.1,+7.1,+18.7,+13.3,+20.0,+19.3,+19.6,+20.0,+19.8,+20.0,+19.8
2023-08-18 15:31,1,+10.4,+11.8,+4.1,+7.1,+18.7,+13.3,+20.0,+19.5,+19.6,+20.0,+19.8,+20.0,+19.7
2023-08-18 16:31,1,+10.4,+11.8,+4.0,+7.1,+18.7,+13.3,+20.0,+19.5,+19.6,+20.0,+19.8,+20.0,+19.7
2023-08-18 17:31,1,+10.4,+11.8,+4.0,+7.2,+18.7,+13.3,+20.0,+19.6,+19.6,+20.0,+19.8,+20.0,+19.7
2023-08-18 18:31,1,+10.4,+11.8,+4.0,+7.1,+18.7,+13.3,+19.8,+19.6,+19.6,+20.0,+19.8,+20.0,+19.7
2023-08-18 19:31,1,+10.4,+11.8,+4.0,+7.1,+18.7,+13.3,+19.8,+19.5,+19.7,+20.0,+19.8,+20.0,+19.7
2023-08-18 20:31,1,+10.5,+11.8,+4.0,+7.1,+18.7,+13.3,+19.7,+19.6,+19.7,+20.0,+19.8,+20.0,+19.7
2023-08-18 21:31,1,+10.5,+11.8,+4.0,+7.1,+18.7,+13.3,+19.7,+19.5,+19.7,+20.0,+19.8,+20.0,+19.7
2023-08-18 22:31,1,+10.5,+11.8,+4.0,+7.2,+18.7,+13.3,+19.6,+19.6,+19.6,+20.0,+19.8,+20.0,+19.7
2023-08-18 23:31,1,+10.5,+11.8,+4.0,+7.2,+18.7,+13.3,+19.6,+19.5,+19.7,+20.0,+19.8,+20.1,+19.8
2023-08-19 00:31,1,+10.5,+11.8,+4.0,+7.1,+18.7,+13.3,+19.6,+19.5,+19.7,+20.0,+19.8,+20.1,+19.8
2023-08-19 01:31,1,+10.6,+11.8,+4.0,+7.2,+18.7,+13.3,+19.5,+19.5,+19.6,+20.0,+19.8,+20.0,+19.8
2023-08-19 02:31,1,+10.6,+11.8,+4.0,+7.2,+18.7,+13.3,+19.5,+19.5,+19.7,+20.0,+19.8,+20.0,+19.7
2023-08-19 03:31,1,+10.6,+11.7,+4.0,+7.2,+18.7,+13.3,+19.3,+19.3,+19.6,+20.0,+19.8,+20.0,+19.7
2023-08-19 04:31,1,+10.7,+11.8,+4.0,+7.1,+18.7,+13.3,+19.3,+19.3,+19.7,+20.0,+19.8,+20.0,+19.8
2023-08-19 05:31,1,+10.7,+11.8,+4.0,+7.1,+18.7,+13.3,+19.2,+19.3,+19.7,+20.0,+19.8,+20.0,+19.7
2023-08-19 06:31,1,+10.7,+11.7,+4.0,+7.0,+18.6,+13.3,+19.2,+19.3,+19.7,+20.0,+19.8,+20.0,+19.7
2023-08-19 07:31,1,+10.7,+11.7,+4.0,+7.1,+18.7,+13.3,+19.3,+19.3,+19.6,+20.0,+19.8,+20.0,+19.8
2023-08-19 08:31,1,+10.8,+11.7,+4.0,+7.1,+18.7,+13.3,+19.3,+19.2,+19.7,+20.1,+19.8,+20.0,+19.7
2023-08-19 09:31,1,+10.7,+11.7,+4.0,+7.1,+18.7,+13.3,+19.5,+19.2,+19.7,+20.0,+19.8,+20.1,+19.7
2023-08-19 10:31,1,+10.6,+11.7,+4.0,+7.0,+18.6,+13.3,+19.7,+19.3,+19.7,+20.1,+19.8,+20.0,+19.7
2023-08-19 11:31,1,+10.6,+11.7,+4.0,+7.0,+18.6,+13.2,+19.8,+19.3,+19.6,+20.0,+19.8,+20.0,+19.7
2023-08-19 12:31,1,+10.5,+11.7,+4.0,+7.0,+18.6,+13.2,+20.1,+19.3,+19.6,+20.0,+20.0,+20.0,+19.7
2023-08-19 13:31,1,+10.5,+11.7,+4.0,+7.1,+18.7,+13.3,+20.2,+19.5,+19.6,+20.0,+19.8,+20.0,+19.7
2023-08-19 14:31,1,+10.5,+11.7,+4.0,+7.0,+18.6,+13.2,+20.2,+19.5,+19.6,+20.0,+19.8,+20.1,+19.8
2023-08-19 15:31,1,+10.5,+11.7,+4.0,+7.1,+18.7,+13.3,+20.3,+19.6,+19.6,+20.0,+19.8,+20.1,+19.7
2023-08-19 16:31,1,+10.5,+11.7,+4.0,+7.0,+18.6,+13.2,+20.3,+19.6,+19.6,+20.0,+19.8,+20.0,+19.7
2023-08-19 17:31,1,+10.5,+11.7,+4.0,+7.1,+18.6,+13.2,+20.2,+19.7,+19.7,+20.0,+19.8,+20.0,+19.7
2023-08-19 18:31,1,+10.5,+11.7,+4.0,+7.0,+18.6,+13.2,+20.1,+19.7,+19.7,+20.0,+19.8,+20.0,+19.7
2023-08-19 19:31,1,+10.5,+11.7,+4.0,+7.0,+18.6,+13.2,+20.1,+19.7,+19.7,+20.0,+19.8,+20.0,+19.7
2023-08-19 20:31,1,+10.5,+11.7,+4.0,+7.1,+18.6,+13.3,+20.0,+19.7,+19.7,+20.0,+19.8,+20.1,+19.7
2023-08-19 21:31,1,+10.6,+11.7,+4.0,+7.0,+18.6,+13.2,+19.8,+19.7,+19.7,+20.0,+19.8,+20.0,+19.8
2023-08-19 22:31,1,+10.6,+11.7,+4.0,+7.0,+18.6,+13.2,+19.7,+19.6,+19.7,+20.0,+19.8,+20.1,+19.7
2023-08-19 23:31,1,+10.6,+11.7,+4.0,+7.0,+18.6,+13.2,+19.6,+19.6,+19.8,+20.0,+19.8,+20.0,+19.7
2023-08-20 00:31,1,+10.7,+11.7,+4.0,+7.0,+18.6,+13.2,+19.6,+19.6,+19.7,+20.0,+19.8,+20.1,+19.7
2023-08-20 01:31,1,+10.7,+11.7,+4.0,+7.1,+18.6,+13.2,+19.5,+19.5,+19.7,+20.0,+19.8,+20.0,+19.7
2023-08-20 02:31,1,+10.7,+11.7,+3.9,+7.0,+18.6,+13.2,+19.3,+19.5,+19.7,+20.1,+20.0,+20.0,+19.7
2023-08-20 03:31,1,+10.7,+11.7,+3.9,+7.0,+18.6,+13.2,+19.3,+19.5,+19.7,+20.0,+19.8,+20.0,+19.7
2023-08-20 04:31,1,+10.7,+11.7,+3.9,+7.0,+18.6,+13.2,+19.3,+19.5,+19.7,+20.1,+19.8,+20.0,+19.8
2023-08-20 05:31,1,+10.7,+11.7,+3.9,+7.1,+18.6,+13.2,+19.2,+19.3,+19.7,+20.0,+19.8,+20.1,+19.7
2023-08-20 06:31,1,+10.7,+11.7,+4.0,+7.1,+18.6,+13.2,+19.2,+19.3,+19.7,+20.1,+19.8,+20.0,+19.7
2023-08-20 07:31,1,+10.8,+11.7,+3.9,+7.0,+18.6,+13.2,+19.2,+19.3,+19.7,+20.1,+19.8,+20.0,+19.7
2023-08-20 08:31,1,+10.8,+11.7,+3.9,+7.0,+18.6,+13.2,+19.2,+19.2,+19.7,+20.1,+19.8,+20.1,+19.8
2023-08-20 09:31,1,+11.0,+11.6,+3.9,+7.1,+18.6,+13.2,+19.3,+19.3,+19.7,+20.0,+19.8,+20.1,+19.7
2023-08-20 10:31,1,+11.2,+11.6,+3.9,+7.1,+18.6,+13.2,+19.3,+19.2,+19.7,+20.1,+19.8,+20.0,+19.7
2023-08-20 11:31,1,+11.3,+11.6,+3.9,+7.1,+18.6,+13.2,+19.5,+19.2,+19.7,+20.1,+19.8,+20.1,+19.8
2023-08-20 12:31,1,+11.3,+11.6,+3.9,+7.0,+18.6,+13.2,+19.6,+19.3,+19.6,+20.1,+19.8,+20.1,+19.8
2023-08-20 13:31,1,+11.3,+11.6,+3.9,+7.1,+18.6,+13.2,+19.7,+19.3,+19.6,+20.0,+19.8,+20.1,+19.7
2023-08-20 14:31,1,+11.3,+11.6,+3.9,+7.0,+18.6,+13.2,+19.8,+19.3,+19.6,+20.1,+19.8,+20.0,+19.7
2023-08-20 15:31,1,+11.2,+11.7,+3.9,+7.1,+18.6,+13.2,+20.0,+19.3,+19.6,+20.1,+19.8,+20.1,+19.7
2023-08-20 16:31,1,+11.2,+11.7,+3.9,+7.0,+18.6,+13.2,+20.0,+19.5,+19.7,+20.1,+19.8,+20.1,+19.8
2023-08-20 17:31,1,+11.2,+11.7,+3.9,+7.1,+18.6,+13.2,+20.1,+19.5,+19.7,+20.0,+19.8,+20.1,+19.7
2023-08-20 18:31,1,+11.2,+11.7,+3.9,+7.1,+18.6,+13.2,+20.0,+19.5,+19.7,+20.1,+19.8,+20.1,+19.7
2023-08-20 19:31,1,+11.7,+11.7,+3.9,+7.1,+18.6,+13.2,+20.0,+19.6,+19.7,+20.1,+19.8,+20.1,+19.7
2023-08-20 20:31,1,+11.9,+11.7,+3.9,+7.1,+18.6,+13.2,+19.8,+19.5,+19.7,+20.1,+19.8,+20.1,+19.7
2023-08-20 21:31,1,+12.0,+11.8,+3.9,+6.9,+18.5,+13.1,+19.7,+19.6,+19.7,+20.1,+19.8,+20.0,+19.8
2023-08-20 22:31,1,+12.0,+11.8,+3.9,+6.9,+18.5,+13.1,+19.7,+19.6,+19.7,+20.0,+20.0,+20.0,+19.7
2023-08-20 23:31,1,+12.1,+11.8,+4.0,+7.0,+18.5,+13.1,+19.7,+19.6,+19.7,+20.0,+19.8,+20.1,+19.7
2023-08-21 00:31,1,+12.1,+11.9,+4.0,+7.0,+18.5,+13.2,+19.6,+19.6,+19.7,+20.1,+19.8,+20.1,+19.7
2023-08-21 01:31,1,+12.0,+11.9,+4.0,+6.9,+18.5,+13.1,+19.6,+19.5,+19.7,+20.1,+20.0,+20.1,+19.7
2023-08-21 02:31,1,+12.0,+11.9,+4.0,+7.0,+18.5,+13.2,+19.6,+19.5,+19.7,+20.1,+19.8,+20.1,+19.7
2023-08-21 03:31,1,+12.0,+11.9,+4.0,+7.1,+18.5,+13.2,+19.5,+19.5,+19.7,+20.1,+19.8,+20.1,+19.7
2023-08-21 04:31,1,+12.0,+11.9,+4.0,+6.9,+18.5,+13.1,+19.5,+19.5,+19.7,+20.1,+19.8,+20.0,+19.8
2023-08-21 05:31,1,+12.0,+11.9,+4.0,+6.9,+18.5,+13.1,+19.5,+19.3,+19.7,+20.1,+19.8,+20.0,+19.7
2023-08-21 06:31,1,+11.9,+11.9,+4.0,+6.9,+18.5,+13.1,+19.3,+19.5,+19.7,+20.1,+20.0,+20.0,+19.7
2023-08-21 07:31,1,+11.9,+11.9,+4.0,+7.0,+18.5,+13.2,+19.3,+19.3,+19.7,+20.1,+19.8,+20.1,+19.7
2023-08-21 08:31,1,+11.9,+12.0,+4.0,+7.1,+18.5,+13.1,+19.3,+19.3,+19.7,+20.1,+20.0,+20.0,+19.8
2023-08-21 09:31,1,+11.9,+11.9,+4.0,+7.0,+18.5,+13.1,+19.6,+19.3,+19.7,+20.1,+19.8,+20.1,+19.7
2023-08-21 10:31,1,+11.8,+12.0,+4.0,+6.9,+18.5,+13.1,+19.7,+19.3,+19.7,+20.0,+19.8,+20.1,+19.7
2023-08-21 11:31,1,+11.8,+12.0,+4.0,+6.9,+18.5,+13.1,+20.0,+19.3,+19.7,+20.1,+19.8,+20.1,+19.8
2023-08-21 12:31,1,+11.7,+11.9,+4.1,+7.1,+18.5,+13.1,+20.1,+19.5,+19.7,+20.1,+19.8,+20.1,+19.8
2023-08-21 13:31,1,+11.6,+12.0,+4.1,+7.1,+18.5,+13.1,+20.2,+19.5,+19.7,+20.1,+20.0,+20.1,+19.8
2023-08-21 14:31,1,+11.6,+11.9,+4.1,+6.9,+18.5,+13.1,+20.2,+19.6,+19.7,+20.1,+19.8,+20.0,+19.7
2023-08-21 15:31,1,+11.6,+11.9,+4.1,+7.1,+18.5,+13.1,+20.2,+19.6,+19.7,+20.1,+19.8,+20.1,+19.7
2023-08-21 16:31,1,+12.6,+12.0,+4.1,+6.9,+18.5,+13.1,+20.1,+19.6,+19.7,+20.1,+19.8,+20.1,+19.7
2023-08-21 17:31,1,+13.3,+12.1,+4.1,+6.9,+18.5,+13.1,+20.0,+19.6,+19.7,+20.1,+19.8,+20.1,+19.8
2023-08-21 18:31,1,+14.1,+12.2,+4.1,+7.0,+18.5,+13.1,+20.0,+19.7,+19.7,+20.1,+20.0,+20.1,+19.7
2023-08-21 19:31,1,+13.8,+12.6,+4.1,+7.1,+18.6,+13.2,+19.8,+19.7,+19.7,+20.1,+20.0,+20.1,+19.7
2023-08-21 20:31,1,+13.4,+12.7,+4.2,+6.9,+18.5,+13.1,+19.8,+19.7,+19.7,+20.1,+20.0,+20.1,+19.8
2023-08-21 21:31,1,+13.2,+12.7,+4.2,+7.0,+18.5,+13.1,+19.7,+19.7,+19.8,+20.1,+19.8,+20.1,+19.8
2023-08-21 22:31,1,+13.0,+12.7,+4.3,+7.0,+18.5,+13.1,+19.7,+19.6,+19.7,+20.1,+19.8,+20.0,+19.7
2023-08-21 23:31,1,+12.9,+12.7,+4.4,+7.0,+18.5,+13.1,+19.6,+19.6,+19.8,+20.1,+20.0,+20.1,+19.8
2023-08-22 00:31,1,+12.8,+12.7,+4.4,+7.0,+18.5,+13.1,+19.6,+19.5,+19.8,+20.1,+19.8,+20.1,+19.8
2023-08-22 01:31,1,+12.7,+12.7,+4.5,+7.1,+18.6,+13.2,+19.5,+19.6,+19.7,+20.1,+19.8,+20.1,+19.8
2023-08-22 02:31,1,+12.7,+12.7,+4.5,+7.1,+18.6,+13.1,+19.5,+19.5,+19.8,+20.1,+19.8,+20.1,+19.8
2023-08-22 03:31,1,+12.6,+12.6,+4.5,+7.1,+18.6,+13.1,+19.3,+19.5,+19.8,+20.1,+19.8,+20.1,+19.8
2023-08-22 04:31,1,+12.6,+12.6,+4.5,+7.1,+18.6,+13.1,+19.3,+19.5,+19.7,+20.1,+19.8,+20.1,+19.8
2023-08-22 05:31,1,+12.5,+12.6,+4.5,+7.1,+18.6,+13.2,+19.3,+19.5,+19.8,+20.1,+20.0,+20.1,+19.8
2023-08-22 06:31,1,+12.5,+12.6,+4.5,+7.2,+18.6,+13.2,+19.3,+19.3,+19.7,+20.1,+19.8,+20.1,+19.7
2023-08-22 07:31,1,+12.4,+12.6,+4.5,+7.3,+18.6,+13.2,+19.3,+19.3,+19.7,+20.1,+19.8,+20.1,+19.7
2023-08-22 08:31,1,+12.4,+12.5,+4.5,+7.3,+18.7,+13.2,+19.3,+19.3,+19.7,+20.1,+19.8,+20.1,+19.7
2023-08-22 09:31,1,+12.3,+12.5,+4.5,+7.2,+18.6,+13.2,+19.5,+19.3,+19.7,+20.1,+20.0,+20.1,+19.8
2023-08-22 10:31,1,+12.3,+12.5,+4.5,+7.3,+18.7,+13.2,+19.6,+19.3,+19.7,+20.1,+19.8,+20.1,+19.7
2023-08-22 11:31,1,+12.2,+12.5,+4.5,+7.2,+18.6,+13.2,+19.8,+19.3,+19.7,+20.1,+20.0,+20.1,+19.8
2023-08-22 12:31,1,+12.1,+12.5,+4.5,+7.3,+18.7,+13.2,+20.0,+19.3,+19.7,+20.1,+19.8,+20.1,+19.8
2023-08-22 13:31,1,+12.2,+12.5,+4.5,+7.3,+18.7,+13.2,+20.0,+19.5,+19.7,+20.1,+20.0,+20.1,+19.8
2023-08-22 14:31,1,+13.3,+12.5,+4.5,+7.3,+18.7,+13.2,+20.0,+19.5,+19.7,+20.1,+19.8,+20.1,+19.8
2023-08-22 15:31,1,+19.9,+16.0,+4.6,+7.2,+18.7,+13.2,+19.7,+19.5,+19.7,+20.1,+20.0,+20.1,+19.8
2023-08-22 16:31,1,+14.6,+14.6,+5.5,+7.3,+18.7,+13.2,+19.7,+19.5,+19.7,+20.1,+20.0,+20.1,+19.8
2023-08-22 17:31,1,+14.5,+14.5,+5.6,+7.8,+18.8,+13.2,+19.6,+19.5,+19.7,+20.1,+20.0,+20.1,+19.8
2023-08-22 18:31,1,+14.3,+14.3,+5.7,+8.2,+19.1,+13.3,+19.5,+19.5,+19.7,+20.1,+20.0,+20.0,+19.8
2023-08-22 19:31,1,+14.0,+14.0,+5.6,+8.3,+19.4,+13.3,+19.3,+19.5,+19.8,+20.1,+20.0,+20.1,+19.8
2023-08-22 20:31,1,+14.9,+14.3,+5.7,+8.4,+19.5,+13.4,+19.2,+19.3,+19.7,+20.1,+19.8,+20.1,+19.7
2023-08-22 21:31,1,+15.1,+14.6,+5.8,+8.6,+19.8,+13.6,+19.2,+19.3,+19.7,+20.1,+20.0,+20.1,+19.8
2023-08-22 22:31,1,+15.0,+14.6,+5.9,+8.8,+20.0,+13.7,+19.1,+19.3,+19.7,+20.1,+20.0,+20.1,+19.8
2023-08-22 23:31,1,+14.2,+14.2,+5.8,+8.8,+20.1,+13.9,+19.0,+19.2,+19.7,+20.1,+20.0,+20.1,+19.7
2023-08-23 00:31,1,+14.3,+14.2,+5.8,+8.8,+20.2,+14.1,+19.0,+19.2,+19.7,+20.1,+19.8,+20.1,+19.8
2023-08-23 01:31,1,+15.0,+14.6,+5.9,+8.9,+20.2,+14.2,+18.8,+19.1,+19.6,+20.1,+20.0,+20.1,+19.7
2023-08-23 02:31,1,+14.3,+14.3,+5.8,+8.9,+20.3,+14.3,+18.8,+19.0,+19.6,+20.1,+19.8,+20.1,+19.8
2023-08-23 03:31,1,+13.7,+14.0,+5.7,+8.8,+20.3,+14.4,+18.8,+19.1,+19.6,+20.1,+19.8,+20.1,+19.8
2023-08-23 04:31,1,+13.4,+13.7,+5.6,+8.8,+20.3,+14.4,+18.7,+19.0,+19.6,+20.0,+20.0,+20.1,+19.8
2023-08-23 05:31,1,+13.2,+13.6,+5.5,+8.8,+20.3,+14.4,+18.7,+19.0,+19.6,+20.0,+19.8,+20.1,+19.8
2023-08-23 06:31,1,+13.0,+13.4,+5.4,+8.7,+20.2,+14.4,+18.7,+19.0,+19.6,+20.0,+19.8,+20.0,+19.7
2023-08-23 07:31,1,+12.9,+13.3,+5.4,+8.6,+20.2,+14.4,+18.7,+19.0,+19.5,+20.0,+19.8,+20.1,+19.8
2023-08-23 08:31,1,+12.8,+13.2,+5.3,+8.6,+20.1,+14.4,+18.7,+19.0,+19.5,+20.1,+20.0,+20.1,+19.8
2023-08-23 09:31,1,+12.8,+13.1,+5.3,+8.5,+20.1,+14.4,+18.7,+18.8,+19.5,+20.0,+19.8,+20.1,+19.7
2023-08-23 10:31,1,+12.7,+13.1,+5.2,+8.4,+20.0,+14.3,+18.8,+18.8,+19.5,+20.0,+19.8,+20.1,+19.8
2023-08-23 11:31,1,+12.6,+13.1,+5.2,+8.4,+20.1,+14.3,+19.0,+18.8,+19.5,+20.0,+19.8,+20.1,+19.8
2023-08-23 12:31,1,+12.6,+13.0,+5.1,+8.3,+20.0,+14.3,+19.1,+18.8,+19.5,+20.0,+20.0,+20.1,+19.8
2023-08-23 13:31,1,+12.5,+13.0,+5.1,+8.3,+20.0,+14.2,+19.3,+19.0,+19.3,+20.0,+20.0,+20.1,+19.8
2023-08-23 14:31,1,+12.5,+13.0,+5.1,+8.3,+20.0,+14.2,+19.5,+19.0,+19.3,+20.0,+19.8,+20.1,+19.8
2023-08-23 15:31,1,+12.4,+12.9,+5.1,+8.2,+19.9,+14.2,+19.5,+19.0,+19.5,+20.0,+19.8,+20.1,+19.7
2023-08-23 16:31,1,+12.4,+12.9,+5.0,+8.3,+19.9,+14.2,+19.5,+19.1,+19.3,+20.0,+20.0,+20.1,+19.7
2023-08-23 17:31,1,+12.4,+12.8,+5.0,+8.3,+19.9,+14.2,+19.5,+19.1,+19.3,+20.0,+19.8,+20.1,+19.7
2023-08-23 18:31,1,+12.4,+12.8,+5.0,+8.2,+19.8,+14.1,+19.5,+19.1,+19.3,+20.0,+19.8,+20.1,+19.8
2023-08-23 19:31,1,+15.9,+13.3,+5.0,+8.2,+19.8,+14.1,+19.2,+19.1,+19.5,+20.0,+19.8,+20.1,+19.8
2023-08-23 20:31,1,+15.6,+14.1,+5.3,+8.1,+19.8,+14.1,+19.0,+19.1,+19.5,+19.8,+19.8,+20.1,+19.8
2023-08-23 21:31,1,+15.2,+14.2,+5.6,+8.2,+19.8,+14.1,+19.0,+19.1,+19.5,+20.0,+19.8,+20.1,+19.7
2023-08-23 22:31,1,+15.1,+14.3,+5.7,+8.5,+19.9,+14.1,+19.0,+19.0,+19.5,+20.0,+19.8,+20.0,+19.8
2023-08-23 23:31,1,+14.8,+14.2,+5.7,+8.6,+20.0,+14.2,+18.8,+19.0,+19.5,+19.8,+19.8,+20.0,+19.8
2023-08-24 00:31,1,+14.4,+14.1,+5.7,+8.6,+20.1,+14.2,+18.8,+19.0,+19.5,+19.8,+19.8,+20.0,+19.7
2023-08-24 01:31,1,+14.0,+13.9,+5.7,+8.6,+20.1,+14.2,+18.8,+19.0,+19.3,+19.8,+19.8,+20.0,+19.7
2023-08-24 02:31,1,+13.6,+13.7,+5.6,+8.6,+20.1,+14.3,+18.7,+18.8,+19.3,+19.8,+19.8,+20.0,+19.7
2023-08-24 03:31,1,+13.4,+13.6,+5.5,+8.6,+20.1,+14.3,+18.7,+18.8,+19.3,+19.8,+19.8,+20.0,+19.8
2023-08-24 04:31,1,+13.2,+13.5,+5.5,+8.6,+20.2,+14.3,+18.6,+18.8,+19.3,+19.8,+19.8,+20.0,+19.7
2023-08-24 05:31,1,+13.1,+13.4,+5.4,+8.6,+20.1,+14.3,+18.6,+18.8,+19.3,+19.8,+19.8,+20.0,+19.7
2023-08-24 06:31,1,+13.0,+13.3,+5.4,+8.5,+20.1,+14.3,+18.7,+18.7,+19.3,+19.8,+19.7,+20.0,+19.7
2023-08-24 07:31,1,+12.9,+13.3,+5.3,+8.5,+20.1,+14.3,+18.7,+18.7,+19.3,+19.8,+19.8,+20.0,+19.7
2023-08-24 08:31,1,+13.6,+13.3,+5.3,+8.5,+20.1,+14.3,+18.6,+18.7,+19.3,+19.8,+19.8,+20.0,+19.8
2023-08-24 09:31,1,+14.3,+13.6,+5.3,+8.3,+20.0,+14.3,+18.7,+18.8,+19.3,+19.8,+19.8,+20.0,+19.7
2023-08-24 10:31,1,+13.8,+13.6,+5.4,+8.5,+20.0,+14.3,+18.7,+18.7,+19.2,+19.8,+19.8,+20.0,+19.7
2023-08-24 11:31,1,+13.8,+13.6,+5.4,+8.4,+20.0,+14.3,+18.7,+18.7,+19.3,+19.8,+19.7,+20.0,+19.8
2023-08-24 12:31,1,+14.2,+13.7,+5.5,+8.5,+20.1,+14.3,+18.8,+18.7,+19.2,+19.8,+19.8,+20.0,+19.7
2023-08-24 13:31,1,+14.0,+13.7,+5.5,+8.5,+20.1,+14.3,+18.8,+18.7,+19.3,+19.7,+19.7,+20.0,+19.7
2023-08-24 14:31,1,+13.6,+13.6,+5.5,+8.5,+20.0,+14.3,+19.0,+18.7,+19.2,+19.8,+19.7,+20.0,+19.7
2023-08-24 15:31,1,+13.3,+13.5,+5.5,+8.6,+20.1,+14.3,+19.1,+18.8,+19.2,+19.8,+19.7,+20.0,+19.7
2023-08-24 16:31,1,+13.1,+13.4,+5.4,+8.5,+20.1,+14.3,+19.1,+18.7,+19.2,+19.8,+19.7,+20.0,+19.7
2023-08-24 17:31,1,+13.0,+13.3,+5.4,+8.5,+20.1,+14.3,+19.1,+18.8,+19.2,+19.8,+19.7,+20.0,+19.7
2023-08-24 18:31,1,+12.9,+13.3,+5.3,+8.4,+20.0,+14.3,+19.1,+18.8,+19.2,+19.8,+19.7,+19.8,+19.7
2023-08-24 19:31,1,+12.8,+13.2,+5.3,+8.4,+20.0,+14.2,+19.0,+18.8,+19.2,+19.8,+19.7,+20.0,+19.7
2023-08-24 20:31,1,+12.8,+13.2,+5.3,+8.5,+20.0,+14.3,+19.0,+18.8,+19.2,+19.7,+19.7,+20.0,+19.7
2023-08-24 21:31,1,+12.8,+13.1,+5.2,+8.3,+20.0,+14.2,+18.8,+18.8,+19.2,+19.7,+19.7,+20.0,+19.7
2023-08-24 22:31,1,+12.7,+13.1,+5.2,+8.3,+20.0,+14.2,+18.8,+18.8,+19.2,+19.8,+19.7,+20.0,+19.7
2023-08-24 23:31,1,+12.7,+13.0,+5.2,+8.4,+20.0,+14.2,+18.8,+18.8,+19.2,+19.7,+19.7,+20.0,+19.7
2023-08-25 00:31,1,+12.6,+13.0,+5.2,+8.3,+20.0,+14.2,+18.6,+18.8,+19.2,+19.7,+19.7,+20.0,+19.7
2023-08-25 01:31,1,+12.6,+13.0,+5.1,+8.2,+19.9,+14.2,+18.6,+18.8,+19.3,+19.8,+19.7,+20.0,+19.7
2023-08-25 02:31,1,+12.6,+13.0,+5.1,+8.3,+19.9,+14.2,+18.7,+18.7,+19.2,+19.7,+19.7,+20.0,+19.7
2023-08-25 03:31,1,+12.6,+12.9,+5.1,+8.3,+19.9,+14.2,+18.6,+18.7,+19.2,+19.7,+19.7,+19.8,+19.7
2023-08-25 04:31,1,+12.6,+12.9,+5.1,+8.1,+19.8,+14.1,+18.5,+18.7,+19.2,+19.7,+19.7,+19.8,+19.7
2023-08-25 05:31,1,+12.5,+12.9,+5.1,+8.1,+19.8,+14.1,+18.5,+18.7,+19.2,+19.7,+19.7,+20.0,+19.7
2023-08-25 06:31,1,+12.5,+12.9,+5.1,+8.1,+19.8,+14.1,+18.5,+18.7,+19.2,+19.7,+19.7,+19.8,+19.7
2023-08-25 07:31,1,+12.5,+12.9,+5.1,+8.2,+19.8,+14.1,+18.5,+18.6,+19.2,+19.8,+19.7,+19.8,+19.7
2023-08-25 08:31,1,+12.5,+12.8,+5.0,+8.1,+19.8,+14.1,+18.5,+18.6,+19.2,+19.7,+19.6,+20.0,+19.7
2023-08-25 09:31,1,+12.5,+12.8,+5.0,+8.2,+19.8,+14.1,+18.6,+18.6,+19.2,+19.8,+19.7,+19.8,+19.7
2023-08-25 10:31,1,+12.4,+12.8,+5.0,+8.0,+19.7,+14.1,+18.8,+18.6,+19.2,+19.7,+19.7,+19.8,+19.7
2023-08-25 11:31,1,+12.4,+12.8,+5.0,+8.1,+19.7,+14.1,+19.0,+18.6,+19.1,+19.7,+19.7,+19.8,+19.7
2023-08-25 12:31,1,+12.3,+12.8,+5.0,+8.0,+19.7,+14.0,+19.2,+18.7,+19.1,+19.7,+19.6,+19.8,+19.7
2023-08-25 13:31,1,+12.3,+12.7,+5.0,+8.0,+19.7,+14.0,+19.5,+18.7,+19.1,+19.7,+19.7,+19.8,+19.7
2023-08-25 14:31,1,+12.2,+12.7,+5.0,+8.1,+19.7,+14.0,+19.7,+18.8,+19.1,+19.7,+19.7,+20.0,+19.7
2023-08-25 15:31,1,+12.1,+12.7,+4.9,+8.0,+19.6,+14.0,+19.8,+19.0,+19.1,+19.7,+19.7,+19.8,+19.7
2023-08-25 16:31,1,+15.5,+12.8,+5.0,+8.1,+19.7,+14.0,+19.7,+19.0,+19.2,+19.7,+19.7,+19.8,+19.7
2023-08-25 17:31,1,+14.3,+13.4,+5.0,+8.1,+19.7,+14.0,+19.7,+19.0,+19.2,+19.7,+19.7,+20.0,+19.7
2023-08-25 18:31,1,+13.8,+13.4,+5.2,+8.0,+19.6,+14.0,+19.7,+19.2,+19.3,+19.7,+19.7,+19.8,+19.7
2023-08-25 19:31,1,+13.5,+13.4,+5.3,+8.1,+19.6,+14.0,+19.6,+19.2,+19.3,+19.7,+19.7,+19.8,+19.7
2023-08-25 20:31,1,+13.3,+13.3,+5.3,+8.1,+19.6,+13.9,+19.6,+19.2,+19.2,+19.7,+19.7,+19.8,+19.7
2023-08-25 21:31,1,+13.2,+13.3,+5.3,+8.1,+19.6,+13.9,+19.3,+19.2,+19.3,+19.7,+19.7,+19.8,+19.7
2023-08-25 22:31,1,+13.1,+13.3,+5.3,+8.2,+19.7,+14.0,+19.3,+19.2,+19.3,+19.7,+19.6,+19.8,+19.7
2023-08-25 23:31,1,+13.0,+13.2,+5.3,+8.1,+19.7,+13.9,+19.3,+19.1,+19.3,+19.7,+19.7,+19.8,+19.7
2023-08-26 00:31,1,+13.0,+13.2,+5.3,+8.2,+19.7,+14.0,+19.2,+19.1,+19.3,+19.7,+19.6,+19.8,+19.7
2023-08-26 01:31,1,+12.9,+13.1,+5.3,+8.1,+19.7,+13.9,+19.2,+19.1,+19.3,+19.7,+19.6,+19.8,+19.7
2023-08-26 02:31,1,+12.9,+13.1,+5.2,+8.2,+19.7,+14.0,+19.2,+19.1,+19.3,+19.7,+19.6,+19.8,+19.7
2023-08-26 03:31,1,+12.8,+13.1,+5.2,+8.2,+19.7,+14.0,+19.2,+19.1,+19.3,+19.7,+19.6,+19.8,+19.7
2023-08-26 04:31,1,+12.8,+13.1,+5.2,+8.2,+19.7,+14.0,+19.2,+19.1,+19.3,+19.7,+19.6,+19.8,+19.6
2023-08-26 05:31,1,+12.8,+13.0,+5.2,+8.1,+19.7,+14.0,+19.2,+19.1,+19.3,+19.8,+19.7,+19.8,+19.7
2023-08-26 06:31,1,+12.8,+13.0,+5.2,+8.2,+19.7,+14.0,+19.2,+19.1,+19.3,+19.7,+19.7,+19.8,+19.7
2023-08-26 07:31,1,+12.8,+13.0,+5.2,+8.2,+19.7,+14.0,+19.3,+19.1,+19.3,+19.7,+19.6,+19.8,+19.6
2023-08-26 08:31,1,+12.7,+13.0,+5.2,+8.1,+19.7,+14.0,+19.3,+19.1,+19.3,+19.7,+19.7,+19.8,+19.7
2023-08-26 09:31,1,+12.7,+13.0,+5.2,+8.2,+19.7,+14.0,+19.5,+19.1,+19.3,+19.7,+19.6,+19.8,+19.7
2023-08-26 10:31,1,+12.6,+13.0,+5.2,+8.1,+19.7,+13.9,+19.8,+19.1,+19.3,+19.8,+19.6,+19.8,+19.7
2023-08-26 11:31,1,+12.5,+13.0,+5.2,+8.6,+19.8,+14.0,+20.1,+19.2,+19.3,+19.7,+19.7,+19.8,+19.6
2023-08-26 12:31,1,+12.5,+12.9,+5.2,+8.9,+20.4,+14.0,+20.1,+19.3,+19.3,+19.8,+19.7,+19.8,+19.7
2023-08-26 13:31,1,+12.4,+12.9,+5.1,+8.8,+20.3,+14.0,+20.2,+19.3,+19.5,+19.7,+19.7,+19.8,+19.7
2023-08-26 14:31,1,+14.8,+15.4,+6.6,+9.1,+20.4,+14.0,+20.2,+19.6,+19.5,+19.8,+19.6,+19.8,+19.6
2023-08-26 15:31,1,+14.2,+14.5,+6.3,+9.6,+20.8,+14.1,+20.2,+19.6,+19.5,+19.8,+19.7,+19.8,+19.6
2023-08-26 16:31,1,+13.7,+14.2,+6.2,+9.6,+21.0,+14.2,+20.2,+19.6,+19.5,+19.7,+19.6,+19.8,+19.6
2023-08-26 17:31,1,+13.5,+13.9,+6.0,+9.6,+21.0,+14.3,+20.2,+19.6,+19.5,+19.7,+19.7,+19.8,+19.7
2023-08-26 18:31,1,+13.3,+13.8,+5.9,+9.5,+21.0,+14.4,+20.2,+19.6,+19.5,+19.8,+19.7,+19.8,+19.7
2023-08-26 19:31,1,+13.2,+13.7,+5.8,+9.5,+21.0,+14.4,+20.2,+19.6,+19.6,+19.7,+19.7,+19.8,+19.6
2023-08-26 20:31,1,+13.2,+13.6,+5.8,+9.5,+21.0,+14.4,+20.1,+19.7,+19.6,+19.8,+19.6,+19.8,+19.7
2023-08-26 21:31,1,+13.1,+13.5,+5.7,+9.5,+21.0,+14.4,+20.0,+19.6,+19.6,+19.8,+19.7,+19.8,+19.7
2023-08-26 22:31,1,+13.1,+13.5,+5.7,+9.5,+21.0,+14.4,+20.0,+19.7,+19.6,+19.8,+19.7,+19.8,+19.7
2023-08-26 23:31,1,+13.5,+13.4,+5.6,+9.3,+20.9,+14.4,+20.0,+19.7,+19.6,+19.8,+19.7,+19.8,+19.7
2023-08-27 00:31,1,+13.7,+13.6,+5.6,+9.3,+20.9,+14.4,+20.0,+19.6,+19.7,+19.8,+19.7,+19.8,+19.6
2023-08-27 01:31,1,+13.5,+13.6,+5.7,+9.3,+20.8,+14.3,+19.8,+19.7,+19.6,+19.8,+19.7,+19.8,+19.7
2023-08-27 02:31,1,+13.4,+13.6,+5.6,+9.3,+20.8,+14.3,+19.7,+19.7,+19.7,+19.8,+19.7,+19.8,+19.7
2023-08-27 03:31,1,+13.3,+13.5,+5.6,+9.3,+20.9,+14.3,+19.7,+19.6,+19.7,+19.8,+19.7,+19.8,+19.6
2023-08-27 04:31,1,+13.2,+13.5,+5.6,+9.3,+20.8,+14.3,+19.6,+19.6,+19.7,+19.8,+19.7,+19.8,+19.7
2023-08-27 05:31,1,+13.2,+13.5,+5.6,+9.2,+20.8,+14.3,+19.5,+19.5,+19.7,+19.8,+19.7,+19.8,+19.6
2023-08-27 06:31,1,+13.2,+13.4,+5.5,+9.2,+20.8,+14.3,+19.5,+19.6,+19.7,+20.0,+19.7,+19.8,+19.6
2023-08-27 07:31,1,+13.1,+13.4,+5.5,+9.3,+20.8,+14.3,+19.5,+19.5,+19.7,+20.0,+19.7,+20.0,+19.7
2023-08-27 08:31,1,+13.1,+13.4,+5.5,+9.2,+20.8,+14.3,+19.5,+19.5,+19.7,+20.0,+19.7,+20.0,+19.7
2023-08-27 09:31,1,+13.0,+13.4,+5.5,+9.2,+20.7,+14.3,+19.6,+19.3,+19.7,+20.0,+19.7,+19.8,+19.7
2023-08-27 10:31,1,+12.9,+13.4,+5.4,+9.2,+20.7,+14.3,+19.8,+19.3,+19.7,+20.0,+19.7,+20.0,+19.6
2023-08-27 11:31,1,+12.8,+13.3,+5.4,+9.2,+20.7,+14.3,+20.0,+19.5,+19.7,+20.0,+19.7,+20.0,+19.7
2023-08-27 12:31,1,+12.8,+13.3,+5.4,+9.1,+20.7,+14.2,+20.2,+19.5,+19.7,+20.0,+19.7,+20.0,+19.6
2023-08-27 13:31,1,+12.7,+13.3,+5.4,+9.1,+20.7,+14.2,+20.3,+19.5,+19.7,+20.0,+19.7,+19.8,+19.7
2023-08-27 14:31,1,+12.6,+13.3,+5.4,+9.1,+20.6,+14.2,+20.6,+19.6,+19.7,+20.0,+19.7,+19.8,+19.6
2023-08-27 15:31,1,+12.6,+13.2,+5.3,+9.1,+20.6,+14.2,+20.6,+19.7,+19.7,+20.0,+19.7,+20.0,+19.6
2023-08-27 16:31,1,+12.5,+13.2,+5.3,+9.0,+20.6,+14.2,+20.7,+19.7,+19.7,+20.0,+19.7,+19.8,+19.7
2023-08-27 17:31,1,+12.5,+13.2,+5.3,+9.0,+20.6,+14.1,+20.8,+19.8,+19.7,+20.0,+19.8,+19.8,+19.7
2023-08-27 18:31,1,+12.6,+13.2,+5.3,+8.9,+20.5,+14.1,+20.7,+19.8,+19.8,+20.0,+19.7,+19.8,+19.6
2023-08-27 19:31,1,+12.6,+13.2,+5.3,+9.0,+20.6,+14.2,+20.6,+20.0,+19.7,+20.0,+19.7,+20.0,+19.7
2023-08-27 20:31,1,(Error)
2023-08-27 21:31,1,(Error)
2023-08-27 22:31,1,(Error)
2023-08-27 23:31,1,(Error)
2023-08-28 00:31,1,(Error)
2023-08-28 01:31,1,(Error)
2023-08-28 02:31,1,(Error)
2023-08-28 03:31,1,(Error)
2023-08-28 04:31,1,(Error)
2023-08-28 05:31,1,(Error)
2023-08-28 06:31,1,(Error)
2023-08-28 07:31,1,(Error)
2023-08-28 08:31,1,(Error)
2023-08-28 09:31,1,(Error)
2023-08-28 10:31,1,(Error)
2023-08-28 11:31,1,(Error)
2023-08-28 12:31,1,(Error)
2023-08-28 13:31,1,(Error)
2023-08-28 14:31,1,(Error)
2023-08-28 15:31,1,(Error)
2023-08-28 16:31,1,(Error)
2023-08-28 17:31,1,(Error)
2023-08-28 18:31,1,(Error)
2023-08-28 19:31,1,(Error)
2023-08-28 20:31,1,(Error)
2023-08-28 21:31,1,(Error)
2023-08-28 22:31,1,(Error)
2023-08-28 23:31,1,(Error)
2023-08-29 00:31,1,(Error)
2023-08-29 01:31,1,(Error)
2023-08-29 02:31,1,(Error)
2023-08-29 03:31,1,(Error)
2023-08-29 04:31,1,(Error)
2023-08-29 05:31,1,(Error)
2023-08-29 06:31,1,(Error)
2023-08-29 07:31,1,(Error)
2023-08-29 08:31,1,(Error)
2023-08-29 09:31,1,(Error)
2023-08-29 10:31,1,(Error)
2023-08-29 11:31,1,(Error)
2023-08-29 12:31,1,(Error)
2023-08-29 13:31,1,(Error)
2023-08-29 14:31,1,(Error)
2023-08-29 15:31,1,(Error)
2023-08-29 16:31,1,(Error)
2023-08-29 17:31,1,(Error)
2023-08-29 18:31,1,(Error)
2023-08-29 19:31,1,(Error)
2023-08-29 20:31,1,(Error)
2023-08-29 21:31,1,(Error)
2023-08-29 22:31,1,(Error)
2023-08-29 23:31,1,(Error)
2023-08-30 00:31,1,(Error)
2023-08-30 01:31,1,(Error)
2023-08-30 02:31,1,(Error)
2023-08-30 03:31,1,(Error)
2023-08-30 04:31,1,(Error)
2023-08-30 05:31,1,(Error)
2023-08-30 06:31,1,(Error)
2023-08-30 07:31,1,(Error)
2023-08-30 08:31,1,(Error)
2023-08-30 09:31,1,(Error)
2023-08-30 10:31,1,(Error)
2023-08-30 11:31,1,(Error)
2023-08-30 12:31,1,(Error)