
2024-03-27 09:39,4,+30.7,+23.8,+20.6,+22.1,+23.1,+30.9,+20.6,+20.6,+20.6,+20.5,+20.3,+20.1,+20.0
2024-03-27 10:39,4,+30.5,+23.8,+20.5,+22.2,+23.1,+30.9,+20.7,+20.6,+20.6,+20.5,+20.3,+20.1,+20.0
2024-03-27 11:39,4,+30.5,+23.7,+20.5,+22.1,+23.1,+30.8,+20.8,+20.6,+20.6,+20.5,+20.3,+20.1,+20.0
2024-03-27 12:39,4,+30.4,+23.7,+20.5,+22.0,+23.1,+30.8,+21.0,+20.7,+20.6,+20.5,+20.3,+20.1,+20.0
2024-03-27 13:39,4,+30.3,+23.7,+20.5,+22.0,+23.1,+30.8,+21.0,+20.7,+20.6,+20.5,+20.3,+20.1,+20.0
2024-03-27 14:39,4,+30.2,+23.7,+20.5,+22.1,+23.1,+30.8,+21.1,+20.7,+20.6,+20.3,+20.3,+20.1,+20.0
2024-03-27 15:39,4,+50.2,+30.4,+20.8,+22.2,+23.2,+30.9,+21.1,+21.0,+20.6,+20.3,+20.3,+20.1,+20.0
2024-03-27 16:39,4,+43.9,+30.8,+24.9,+22.3,+23.3,+31.0,+20.6,+20.8,+20.7,+20.5,+20.3,+20.2,+20.0
2024-03-27 17:39,4,+42.6,+30.0,+24.0,+22.9,+23.3,+31.0,+20.7,+20.8,+20.7,+20.6,+20.3,+20.2,+20.0
2024-03-27 18:39,4,+42.0,+29.7,+23.5,+23.3,+23.2,+30.9,+20.7,+20.8,+20.7,+20.5,+20.3,+20.2,+20.0
2024-03-27 19:39,4,+41.7,+29.6,+23.3,+23.4,+23.2,+30.9,+20.7,+20.8,+20.7,+20.6,+20.3,+20.2,+20.0
2024-03-27 20:39,4,+41.6,+29.4,+23.2,+23.6,+23.3,+31.0,+20.7,+20.8,+20.7,+20.5,+20.5,+20.2,+20.0
2024-03-27 21:39,4,+41.5,+29.3,+23.1,+23.7,+23.3,+31.0,+20.6,+20.8,+20.7,+20.6,+20.5,+20.2,+20.0
2024-03-27 22:39,4,+41.4,+29.2,+23.0,+23.6,+23.3,+30.9,+20.6,+20.8,+20.7,+20.5,+20.3,+20.2,+20.0
2024-03-27 23:39,4,+41.3,+29.2,+23.0,+23.6,+23.3,+30.9,+20.6,+20.7,+20.7,+20.5,+20.3,+20.2,+20.1
2024-03-28 00:39,4,+41.2,+29.1,+22.9,+23.7,+23.3,+31.0,+20.5,+20.7,+20.7,+20.6,+20.5,+20.2,+20.1
2024-03-28 01:39,4,+41.1,+29.0,+22.9,+23.7,+23.4,+31.0,+20.5,+20.7,+20.7,+20.6,+20.5,+20.2,+20.1
2024-03-28 02:39,4,+41.1,+29.0,+22.8,+23.7,+23.4,+31.0,+20.5,+20.7,+20.7,+20.5,+20.5,+20.2,+20.1
2024-03-28 03:39,4,+41.0,+28.9,+22.8,+23.6,+23.3,+30.9,+20.5,+20.7,+20.7,+20.6,+20.5,+20.2,+20.1
2024-03-28 04:39,4,+41.0,+28.9,+22.7,+23.7,+23.4,+31.0,+20.3,+20.7,+20.7,+20.6,+20.5,+20.2,+20.1
2024-03-28 05:39,4,+40.9,+28.9,+22.7,+23.6,+23.4,+30.9,+20.5,+20.7,+20.6,+20.6,+20.3,+20.2,+20.1
2024-03-28 06:39,4,+40.9,+28.8,+22.7,+23.6,+23.4,+30.9,+20.3,+20.7,+20.7,+20.6,+20.5,+20.2,+20.1
2024-03-28 07:39,4,+40.8,+28.8,+22.7,+23.6,+23.4,+31.0,+20.5,+20.6,+20.6,+20.6,+20.5,+20.2,+20.1
2024-03-28 08:39,4,+40.8,+28.7,+22.6,+23.7,+23.4,+31.0,+20.5,+20.6,+20.7,+20.6,+20.5,+20.2,+20.1
2024-03-28 09:39,4,+40.7,+28.7,+22.6,+23.7,+23.4,+31.0,+20.7,+20.6,+20.6,+20.6,+20.5,+20.2,+20.1
2024-03-28 10:39,4,+40.6,+28.7,+22.6,+23.7,+23.4,+31.0,+20.7,+20.6,+20.6,+20.6,+20.5,+20.2,+20.1
2024-03-28 11:39,4,+40.6,+28.6,+22.5,+23.7,+23.5,+30.9,+21.0,+20.7,+20.6,+20.5,+20.5,+20.2,+20.1
2024-03-28 12:39,4,+40.5,+28.6,+22.5,+23.6,+23.5,+31.0,+21.0,+20.7,+20.6,+20.6,+20.5,+20.2,+20.1
2024-03-28 13:39,4,+40.3,+28.4,+22.4,+23.6,+23.4,+30.9,+21.1,+20.7,+20.7,+20.5,+20.5,+20.2,+20.1
2024-03-28 14:39,4,+40.2,+28.3,+22.4,+23.6,+23.5,+30.9,+21.2,+20.8,+20.6,+20.5,+20.5,+20.2,+20.1
2024-03-28 15:39,4,+40.1,+28.2,+22.4,+23.6,+23.5,+30.9,+21.3,+20.8,+20.6,+20.5,+20.5,+20.3,+20.1
2024-03-28 16:39,4,+40.0,+28.1,+22.4,+23.6,+23.5,+30.9,+21.2,+21.0,+20.6,+20.6,+20.5,+20.3,+20.1
2024-03-28 17:39,4,+39.9,+27.9,+22.4,+23.5,+23.5,+30.9,+21.2,+21.0,+20.7,+20.5,+20.5,+20.3,+20.1
2024-03-28 18:39,4,+39.8,+27.8,+22.3,+23.5,+23.5,+31.0,+21.2,+21.0,+20.7,+20.6,+20.5,+20.2,+20.1
2024-03-28 19:39,4,+39.8,+27.7,+22.3,+23.4,+23.4,+30.9,+21.2,+21.1,+20.7,+20.6,+20.5,+20.2,+20.1
2024-03-28 20:39,4,+39.8,+27.7,+22.3,+23.4,+23.5,+30.9,+21.1,+21.0,+20.7,+20.5,+20.5,+20.3,+20.1
2024-03-28 21:39,4,+39.7,+27.6,+22.3,+23.5,+23.5,+31.0,+21.0,+21.0,+20.7,+20.6,+20.5,+20.3,+20.2
2024-03-28 22:39,4,+39.6,+27.5,+22.3,+23.5,+23.5,+31.0,+20.8,+21.0,+20.8,+20.6,+20.5,+20.3,+20.1
2024-03-28 23:39,4,+39.6,+27.5,+22.3,+23.5,+23.5,+31.0,+20.7,+21.0,+20.8,+20.6,+20.5,+20.3,+20.1
2024-03-29 00:39,4,+39.5,+27.4,+22.3,+23.4,+23.5,+30.9,+20.6,+21.0,+20.8,+20.6,+20.5,+20.3,+20.1
2024-03-29 01:39,4,+39.5,+27.4,+22.2,+23.4,+23.5,+30.9,+20.5,+20.8,+20.7,+20.6,+20.5,+20.3,+20.1
2024-03-29 02:39,4,+39.4,+27.3,+22.2,+23.4,+23.5,+30.9,+20.3,+20.8,+20.8,+20.6,+20.5,+20.3,+20.2
2024-03-29 03:39,4,+39.4,+27.3,+22.2,+23.4,+23.5,+31.0,+20.3,+20.8,+20.8,+20.6,+20.5,+20.3,+20.2
2024-03-29 04:39,4,+39.3,+27.3,+22.2,+23.5,+23.6,+31.0,+20.2,+20.7,+20.8,+20.6,+20.6,+20.3,+20.2
2024-03-29 05:39,4,+39.3,+27.2,+22.2,+23.5,+23.6,+31.0,+20.1,+20.6,+20.7,+20.6,+20.6,+20.3,+20.1
2024-03-29 06:39,4,+39.2,+27.2,+22.2,+23.4,+23.5,+31.0,+20.0,+20.6,+20.7,+20.6,+20.6,+20.3,+20.2
2024-03-29 07:39,4,+39.1,+27.2,+22.1,+23.5,+23.6,+31.0,+20.0,+20.6,+20.7,+20.6,+20.5,+20.3,+20.2
2024-03-29 08:39,4,+39.0,+27.1,+22.1,+23.5,+23.6,+31.0,+20.0,+20.5,+20.7,+20.6,+20.6,+20.3,+20.2
2024-03-29 09:39,4,+39.0,+27.1,+22.1,+23.4,+23.6,+31.0,+20.1,+20.5,+20.6,+20.6,+20.5,+20.3,+20.2
2024-03-29 10:39,4,+38.8,+27.0,+22.1,+23.5,+23.6,+31.0,+20.1,+20.5,+20.6,+20.6,+20.5,+20.3,+20.2
2024-03-29 11:39,4,+38.7,+27.0,+22.1,+23.3,+23.5,+30.9,+20.2,+20.5,+20.7,+20.6,+20.5,+20.3,+20.1
2024-03-29 12:39,4,+38.6,+26.9,+22.0,+23.4,+23.5,+31.0,+20.3,+20.3,+20.6,+20.6,+20.5,+20.3,+20.2
2024-03-29 13:39,4,+38.5,+26.9,+22.0,+23.4,+23.6,+31.0,+20.2,+20.5,+20.6,+20.6,+20.5,+20.3,+20.2
2024-03-29 14:39,4,+38.4,+26.8,+21.9,+23.3,+23.5,+30.9,+20.2,+20.3,+20.6,+20.5,+20.5,+20.2,+20.1
2024-03-29 15:39,4,+38.3,+26.8,+21.9,+23.3,+23.5,+30.9,+20.2,+20.3,+20.5,+20.5,+20.5,+20.2,+20.2
2024-03-29 16:39,4,+38.2,+26.8,+21.9,+23.3,+23.5,+31.0,+20.1,+20.3,+20.5,+20.5,+20.5,+20.3,+20.2
2024-03-29 17:39,4,+38.1,+26.7,+21.9,+23.2,+23.5,+31.0,+20.0,+20.3,+20.5,+20.5,+20.3,+20.2,+20.2
2024-03-29 18:39,4,+38.1,+26.7,+21.9,+23.3,+23.6,+31.0,+19.8,+20.3,+20.5,+20.5,+20.3,+20.2,+20.2
2024-03-29 19:39,4,+38.0,+26.7,+21.9,+23.3,+23.6,+31.0,+19.8,+20.2,+20.5,+20.5,+20.3,+20.2,+20.2
2024-03-29 20:39,4,+38.0,+26.6,+21.9,+23.3,+23.5,+31.0,+19.6,+20.2,+20.5,+20.3,+20.3,+20.2,+20.1
2024-03-29 21:39,4,+37.9,+26.6,+21.8,+23.3,+23.6,+31.0,+19.5,+20.1,+20.5,+20.5,+20.3,+20.2,+20.1
2024-03-29 22:39,4,+37.8,+26.6,+21.8,+23.3,+23.5,+31.0,+19.2,+20.1,+20.5,+20.3,+20.3,+20.2,+20.1
2024-03-29 23:39,4,+37.8,+26.5,+21.8,+23.3,+23.6,+31.0,+19.1,+20.0,+20.3,+20.3,+20.3,+20.2,+20.1
2024-03-30 00:39,4,+37.7,+26.5,+21.8,+23.3,+23.6,+31.0,+18.8,+20.0,+20.3,+20.5,+20.3,+20.2,+20.2
2024-03-30 01:39,4,+37.6,+26.5,+21.8,+23.2,+23.5,+31.0,+18.7,+19.8,+20.3,+20.3,+20.3,+20.2,+20.2
2024-03-30 02:39,4,+37.6,+26.5,+21.8,+23.2,+23.5,+31.0,+18.6,+19.8,+20.2,+20.3,+20.3,+20.2,+20.1
2024-03-30 03:39,4,+37.5,+26.4,+21.8,+23.2,+23.5,+31.0,+18.6,+19.7,+20.2,+20.3,+20.3,+20.2,+20.1
2024-03-30 04:39,4,+37.5,+26.4,+21.8,+23.3,+23.6,+31.0,+18.5,+19.6,+20.2,+20.2,+20.3,+20.1,+20.1
2024-03-30 05:39,4,+37.4,+26.4,+21.7,+23.3,+23.5,+31.0,+18.3,+19.6,+20.1,+20.2,+20.3,+20.2,+20.1
2024-03-30 06:39,4,+37.3,+26.3,+21.7,+23.3,+23.5,+31.0,+18.2,+19.5,+20.1,+20.2,+20.2,+20.1,+20.1
2024-03-30 07:39,4,+37.2,+26.3,+21.7,+23.3,+23.5,+31.0,+18.3,+19.3,+20.1,+20.2,+20.2,+20.2,+20.1
2024-03-30 08:39,4,+37.1,+26.2,+21.7,+23.2,+23.5,+31.0,+18.5,+19.3,+20.0,+20.2,+20.2,+20.1,+20.1
2024-03-30 09:39,4,+37.0,+26.2,+21.6,+23.2,+23.5,+31.0,+18.6,+19.2,+20.0,+20.1,+20.2,+20.1,+20.1
2024-03-30 10:39,4,+36.8,+26.2,+21.6,+23.2,+23.5,+31.0,+18.7,+19.2,+19.8,+20.1,+20.2,+20.0,+20.1
2024-03-30 11:39,4,+36.7,+26.1,+21.6,+23.0,+23.5,+31.0,+18.7,+19.2,+19.8,+20.0,+20.1,+20.0,+20.1
2024-03-30 12:39,4,+36.6,+26.1,+21.6,+23.1,+23.5,+31.0,+18.8,+19.1,+19.7,+20.0,+20.1,+20.0,+20.1
2024-03-30 13:39,4,+36.5,+26.0,+21.5,+23.0,+23.4,+31.0,+19.0,+19.2,+19.7,+20.0,+20.1,+20.0,+20.1
2024-03-30 14:39,4,+36.3,+26.0,+21.5,+23.0,+23.4,+31.0,+19.1,+19.2,+19.7,+19.8,+20.0,+20.0,+20.1
2024-03-30 15:39,4,+36.2,+25.9,+21.5,+23.0,+23.4,+30.9,+19.0,+19.2,+19.6,+19.8,+20.0,+19.8,+20.0
2024-03-30 16:39,4,+36.1,+25.9,+21.5,+23.0,+23.4,+30.9,+19.0,+19.2,+19.6,+19.8,+20.0,+19.8,+20.0
2024-03-30 17:39,4,+36.1,+25.9,+21.5,+23.0,+23.4,+30.9,+19.1,+19.2,+19.5,+19.7,+19.8,+19.8,+20.0
2024-03-30 18:39,4,+36.0,+25.8,+21.5,+23.1,+23.5,+31.0,+19.0,+19.2,+19.5,+19.7,+19.8,+19.7,+20.0
2024-03-30 19:39,4,+36.0,+25.8,+21.4,+22.9,+23.4,+31.0,+18.8,+19.3,+19.6,+19.7,+19.8,+19.8,+20.0
2024-03-30 20:39,4,+35.9,+25.8,+21.4,+22.9,+23.4,+31.0,+18.8,+19.3,+19.5,+19.7,+19.8,+19.8,+20.0
2024-03-30 21:39,4,+35.9,+25.8,+21.4,+22.9,+23.4,+31.0,+18.7,+19.2,+19.6,+19.7,+19.8,+19.7,+20.0
2024-03-30 22:39,4,+35.8,+25.8,+21.4,+23.0,+23.4,+31.0,+18.6,+19.2,+19.5,+19.7,+19.8,+19.7,+19.8
2024-03-30 23:39,4,+35.7,+25.7,+21.4,+22.9,+23.4,+31.0,+18.5,+19.2,+19.5,+19.6,+19.8,+19.7,+20.0
2024-03-31 00:39,4,+35.7,+25.7,+21.4,+23.0,+23.4,+31.0,+18.3,+19.1,+19.5,+19.7,+19.7,+19.7,+19.8
2024-03-31 01:39,4,+35.6,+25.7,+21.4,+23.0,+23.4,+31.0,+18.2,+19.1,+19.5,+19.7,+19.8,+19.7,+19.8
2024-03-31 02:39,4,+35.6,+25.7,+21.4,+23.0,+23.4,+31.0,+18.1,+19.1,+19.5,+19.6,+19.7,+19.7,+19.8
2024-03-31 03:39,4,+35.5,+25.7,+21.4,+22.9,+23.4,+31.0,+18.0,+19.0,+19.5,+19.6,+19.7,+19.7,+19.8
2024-03-31 04:39,4,+35.5,+25.6,+21.3,+22.9,+23.4,+30.9,+18.0,+18.8,+19.3,+19.6,+19.7,+19.7,+19.8
2024-03-31 05:39,4,+35.4,+25.6,+21.3,+23.0,+23.4,+31.0,+17.8,+18.8,+19.3,+19.6,+19.7,+19.7,+19.8
2024-03-31 06:39,4,+35.3,+25.6,+21.3,+22.9,+23.4,+30.9,+17.8,+18.7,+19.3,+19.6,+19.7,+19.6,+19.8
2024-03-31 07:39,4,(Error)
2024-03-31 08:39,4,,,,,,,,,,,,,
2024-03-31 09:39,4,(Error)
2024-03-31 10:39,4,+25.1,+26.7,+18.6,+19.4,+20.4,+28.1,+20.1,+20.3,+20.3,+20.2,+20.2,+20.0,+20.0
2024-03-31 11:39,4,,,,,,,+19.8,+20.2,+20.3,+20.2,+20.2,+20.0,+19.8
2024-03-31 12:39,4,+23.7,+26.2,+18.4,+19.3,+20.3,+27.9,+19.7,+20.2,+20.3,+20.2,+20.2,+20.1,+20.0
2024-03-31 13:39,4,,,,,,,+19.3,+20.1,+20.3,+20.2,+20.2,+20.1,+20.0
2024-03-31 14:39,4,,,,,,,+19.1,+20.1,+20.3,+20.2,+20.2,+20.1,+20.0
2024-03-31 15:39,4,+20.8,+24.5,+17.9,+18.8,+19.9,+27.1,+20.3,+20.5,+20.6,+20.5,+20.3,+20.2,+20.1
2024-03-31 16:39,4,(Error)
2024-03-31 17:39,4,+20.8,+24.5,+17.9,+18.9,+20.0,+27.2,+20.2,+20.5,+20.5,+20.5,+20.3,+20.2,+20.1
2024-03-31 18:39,4,+20.7,+24.5,+17.9,+18.8,+19.9,+27.2,+20.2,+20.3,+20.5,+20.5,+20.3,+20.2,+20.1
2024-03-31 19:39,4,,,,,,,,,,,,,
2024-06-25 09:06,4,(skip)
2024-06-25 10:06,4,+50.3,+37.2,+26.2,+29.5,+35.3,+42.5,+20.6,+20.5,+20.6,+20.5,+20.6,+20.3,+20.5
2024-06-25 11:06,4,+50.2,+37.1,+26.2,+29.4,+35.3,+42.5,+20.7,+20.5,+20.6,+20.5,+20.6,+20.5,+20.5
2024-06-25 12:06,4,+50.2,+37.1,+26.2,+29.5,+35.3,+42.4,+20.7,+20.6,+20.6,+20.6,+20.6,+20.5,+20.5
2024-06-25 13:06,4,+50.1,+37.0,+26.1,+29.4,+35.2,+42.4,+20.8,+20.6,+20.6,+20.5,+20.6,+20.3,+20.5
2024-06-25 14:06,4,+50.5,+37.0,+26.1,+29.4,+35.2,+42.4,+21.0,+20.6,+20.6,+20.5,+20.6,+20.5,+20.5
2024-06-25 15:06,4,+58.0,+55.5,+56.4,+61.5,+61.7,+61.7,+20.5,+20.7,+20.7,+20.6,+20.5,+20.5,+20.5
2024-06-25 16:06,4,+54.4,+41.6,+42.0,+43.1,+39.5,+46.4,+19.6,+20.5,+20.7,+20.6,+20.6,+20.5,+20.5
2024-06-25 17:06,4,+52.4,+38.9,+29.1,+31.1,+37.0,+44.4,+19.7,+20.3,+20.6,+20.6,+20.6,+20.5,+20.5
2024-06-25 18:06,4,+51.8,+38.4,+27.6,+30.5,+36.5,+43.8,+19.8,+20.3,+20.6,+20.6,+20.6,+20.5,+20.5
2024-06-25 19:06,4,+51.5,+38.1,+27.1,+30.2,+36.2,+43.5,+19.8,+20.2,+20.6,+20.6,+20.6,+20.5,+20.5
2024-06-25 20:06,4,+51.3,+37.9,+26.9,+30.2,+36.1,+43.3,+19.8,+20.2,+20.6,+20.6,+20.6,+20.5,+20.5
2024-06-25 21:06,4,+51.2,+37.8,+26.8,+29.9,+35.9,+43.2,+19.8,+20.2,+20.5,+20.6,+20.6,+20.5,+20.5
2024-06-25 22:06,4,+51.0,+37.7,+26.7,+29.8,+35.8,+43.1,+19.8,+20.2,+20.5,+20.6,+20.6,+20.5,+20.5
2024-06-25 23:06,4,+50.9,+37.6,+26.6,+29.7,+35.7,+42.9,+19.8,+20.2,+20.5,+20.5,+20.6,+20.5,+20.5
2024-06-26 00:06,4,+50.8,+37.5,+26.5,+29.8,+35.7,+42.9,+19.8,+20.2,+20.5,+20.6,+20.6,+20.5,+20.5
2024-06-26 01:06,4,+50.8,+37.4,+26.5,+29.7,+35.6,+42.8,+19.8,+20.2,+20.5,+20.6,+20.6,+20.5,+20.5
2024-06-26 02:06,4,+50.7,+37.3,+26.4,+29.6,+35.5,+42.7,+19.8,+20.1,+20.5,+20.6,+20.6,+20.5,+20.5
2024-06-26 03:06,4,+50.6,+37.3,+26.3,+29.5,+35.5,+42.7,+19.8,+20.2,+20.5,+20.5,+20.6,+20.5,+20.5
2024-06-26 04:06,4,+50.5,+37.2,+26.3,+29.5,+35.4,+42.6,+19.7,+20.2,+20.5,+20.5,+20.6,+20.5,+20.5
2024-06-26 05:06,4,+50.5,+37.2,+26.2,+29.4,+35.4,+42.6,+19.7,+20.1,+20.5,+20.5,+20.5,+20.3,+20.5
2024-06-26 06:06,4,+50.4,+37.1,+26.2,+29.4,+35.4,+42.5,+19.6,+20.1,+20.3,+20.5,+20.6,+20.5,+20.5
2024-06-26 07:06,4,+50.4,+37.1,+26.2,+29.4,+35.3,+42.5,+19.6,+20.0,+20.3,+20.5,+20.6,+20.5,+20.5
2024-06-26 08:06,4,+50.3,+37.0,+26.1,+29.4,+35.3,+42.5,+19.7,+20.0,+20.3,+20.5,+20.5,+20.3,+20.5
2024-06-26 09:06,4,+50.2,+37.0,+26.1,+29.3,+35.2,+42.4,+19.8,+20.1,+20.3,+20.5,+20.5,+20.5,+20.5
2024-06-26 10:06,4,+50.2,+36.9,+26.0,+29.4,+35.3,+42.4,+20.0,+20.0,+20.3,+20.3,+20.5,+20.3,+20.5
2024-06-26 11:06,4,+50.1,+36.8,+26.0,+29.4,+35.2,+42.4,+20.1,+20.1,+20.2,+20.3,+20.5,+20.3,+20.5
2024-06-26 12:06,4,+50.2,+36.8,+26.0,+29.3,+35.2,+42.3,+20.2,+20.1,+20.2,+20.3,+20.5,+20.3,+20.5
2024-06-26 13:06,4,+50.3,+36.8,+26.0,+29.3,+35.2,+42.3,+20.2,+20.1,+20.2,+20.3,+20.3,+20.3,+20.5
2024-06-26 14:06,4,+56.5,+42.7,+38.4,+37.3,+35.3,+42.4,+19.8,+20.1,+20.2,+20.2,+20.3,+20.2,+20.5
2024-06-26 15:06,4,+53.7,+40.2,+34.4,+31.9,+37.4,+43.9,+19.7,+20.0,+20.2,+20.2,+20.2,+20.2,+20.2
2024-06-26 16:06,4,+52.2,+38.7,+28.4,+30.9,+37.0,+44.0,+19.7,+20.1,+20.2,+20.2,+20.2,+20.2,+20.3
2024-06-26 17:06,4,+51.8,+38.3,+27.4,+30.4,+36.6,+43.8,+19.6,+20.0,+20.2,+20.1,+20.2,+20.1,+20.3
2024-06-26 18:06,4,+51.6,+38.0,+27.0,+30.3,+36.4,+43.7,+19.6,+20.0,+20.1,+20.2,+20.3,+20.2,+20.3
2024-06-26 19:06,4,+52.2,+37.9,+26.8,+30.1,+36.2,+43.5,+19.6,+20.0,+20.1,+20.2,+20.2,+20.2,+20.3
2024-06-26 20:06,4,+52.0,+38.1,+26.7,+29.9,+36.0,+43.3,+19.5,+20.0,+20.1,+20.2,+20.2,+20.2,+20.3
2024-06-26 21:06,4,+51.6,+38.0,+26.7,+29.8,+35.9,+43.2,+19.6,+20.0,+20.1,+20.2,+20.3,+20.2,+20.3
2024-06-26 22:06,4,+51.4,+37.8,+26.6,+29.9,+35.8,+43.1,+19.5,+19.8,+20.1,+20.2,+20.2,+20.2,+20.3
2024-06-26 23:06,4,+51.2,+37.7,+26.6,+29.7,+35.7,+43.0,+19.5,+19.8,+20.1,+20.2,+20.3,+20.2,+20.3
2024-06-27 00:06,4,+51.1,+37.6,+26.5,+29.7,+35.6,+42.9,+19.5,+19.8,+20.1,+20.2,+20.3,+20.2,+20.3
2024-06-27 01:06,4,+51.0,+37.5,+26.5,+29.7,+35.6,+42.9,+19.3,+19.8,+20.1,+20.2,+20.3,+20.2,+20.3
2024-06-27 02:06,4,+50.9,+37.4,+26.4,+29.6,+35.5,+42.8,+19.3,+19.8,+20.1,+20.1,+20.2,+20.2,+20.3
2024-06-27 03:06,4,+50.8,+37.3,+26.3,+29.5,+35.5,+42.7,+19.3,+19.8,+20.1,+20.1,+20.3,+20.2,+20.3
2024-06-27 04:06,4,+50.7,+37.2,+26.3,+29.5,+35.4,+42.7,+19.3,+19.7,+20.0,+20.2,+20.3,+20.2,+20.3
2024-06-27 05:06,4,+50.7,+37.2,+26.2,+29.6,+35.5,+42.6,+19.3,+19.7,+20.0,+20.1,+20.2,+20.2,+20.3
2024-06-27 06:06,4,+50.6,+37.1,+26.2,+29.5,+35.4,+42.6,+19.3,+19.7,+20.1,+20.2,+20.3,+20.2,+20.3
2024-06-27 07:06,4,+50.5,+37.0,+26.1,+29.4,+35.3,+42.5,+19.3,+19.7,+20.0,+20.1,+20.3,+20.2,+20.3
2024-06-27 08:06,4,+50.5,+37.0,+26.1,+29.4,+35.3,+42.5,+19.5,+19.7,+20.0,+20.2,+20.3,+20.2,+20.3
2024-06-27 09:06,4,+50.4,+36.9,+26.0,+29.4,+35.3,+42.5,+19.5,+19.6,+20.0,+20.1,+20.2,+20.2,+20.3
2024-06-27 10:06,4,+50.5,+36.9,+26.0,+29.3,+35.3,+42.5,+19.6,+19.7,+20.0,+20.1,+20.2,+20.2,+20.2
2024-06-27 11:06,4,+51.4,+36.9,+26.0,+29.4,+35.3,+42.4,+19.6,+19.7,+20.0,+20.1,+20.2,+20.1,+20.3
2024-06-27 12:06,4,+54.7,+39.8,+26.0,+29.3,+35.2,+42.4,+19.7,+19.7,+19.8,+20.1,+20.2,+20.2,+20.3
2024-06-27 13:06,4,+52.5,+39.2,+27.6,+29.4,+35.2,+42.4,+19.7,+19.7,+19.8,+20.1,+20.2,+20.1,+20.3
2024-06-27 14:06,4,+51.9,+38.6,+27.4,+29.6,+35.2,+42.3,+19.7,+19.7,+19.8,+20.0,+20.2,+20.1,+20.3
2024-06-27 15:06,4,+51.5,+38.2,+27.1,+29.8,+35.3,+42.3,+19.7,+19.8,+19.8,+20.0,+20.2,+20.1,+20.3
2024-06-27 16:06,4,+51.2,+37.9,+26.9,+29.7,+35.3,+42.3,+19.7,+19.8,+19.8,+20.0,+20.1,+20.1,+20.2
2024-06-27 17:06,4,+51.1,+37.7,+26.7,+29.7,+35.3,+42.4,+19.6,+19.7,+19.8,+20.0,+20.1,+20.1,+20.2
2024-06-27 18:06,4,+50.9,+37.6,+26.6,+29.6,+35.4,+42.4,+19.6,+19.7,+19.8,+20.0,+20.1,+20.0,+20.2
2024-06-27 19:06,4,+56.5,+41.0,+26.6,+29.7,+35.4,+42.5,+19.2,+19.7,+19.8,+20.0,+20.1,+20.1,+20.2
2024-06-27 20:06,4,+56.4,+42.0,+40.1,+42.1,+38.0,+42.6,+18.7,+19.6,+19.8,+19.8,+20.0,+19.8,+19.8
2024-06-27 21:06,4,+53.8,+40.4,+36.8,+34.9,+38.0,+45.9,+18.6,+19.3,+19.7,+19.8,+19.8,+19.7,+19.8
2024-06-27 22:06,4,+53.4,+39.1,+28.4,+30.9,+36.9,+44.7,+18.7,+19.3,+19.7,+19.8,+20.0,+19.8,+20.0
2024-06-27 23:06,4,+52.5,+38.6,+27.5,+30.5,+36.5,+44.0,+18.7,+19.2,+19.7,+19.8,+20.0,+19.8,+20.0
2024-06-28 00:06,4,+52.6,+38.6,+27.2,+30.2,+36.2,+43.7,+18.7,+19.2,+19.6,+19.8,+20.0,+20.0,+20.1
2024-06-28 01:06,4,+52.0,+38.2,+27.1,+30.2,+36.1,+43.5,+18.7,+19.2,+19.6,+19.8,+20.0,+19.8,+20.0
2024-06-28 02:06,4,+51.6,+38.0,+26.9,+30.0,+36.0,+43.3,+18.7,+19.2,+19.6,+19.8,+20.0,+19.8,+20.1
2024-06-28 03:06,4,+51.4,+37.7,+26.7,+30.0,+35.9,+43.2,+18.7,+19.2,+19.6,+19.8,+20.0,+19.8,+20.1
2024-06-28 04:06,4,+51.2,+37.6,+26.6,+29.9,+35.8,+43.1,+18.7,+19.2,+19.6,+19.8,+20.0,+19.8,+20.1
2024-06-28 05:06,4,+51.1,+37.5,+26.5,+29.7,+35.7,+43.0,+18.8,+19.1,+19.6,+19.8,+20.0,+20.0,+20.1
2024-06-28 06:06,4,+51.0,+37.4,+26.4,+29.8,+35.7,+42.9,+18.7,+19.1,+19.6,+19.8,+20.0,+19.8,+20.0
2024-06-28 07:06,4,+51.0,+37.3,+26.3,+29.6,+35.6,+42.8,+18.7,+19.2,+19.5,+19.7,+20.0,+19.8,+20.1
2024-06-28 08:06,4,+50.9,+37.2,+26.3,+29.6,+35.5,+42.7,+18.8,+19.2,+19.5,+19.8,+20.0,+19.8,+20.1
2024-06-28 09:06,4,+50.8,+37.1,+26.2,+29.6,+35.5,+42.7,+18.8,+19.1,+19.5,+19.7,+20.0,+19.8,+20.1
2024-06-28 10:06,4,+50.8,+37.1,+26.1,+29.6,+35.4,+42.6,+19.0,+19.2,+19.5,+19.7,+20.0,+19.8,+20.1
2024-06-28 11:06,4,+50.7,+37.0,+26.1,+29.5,+35.4,+42.6,+19.1,+19.2,+19.5,+19.7,+19.8,+19.8,+20.1
2024-06-28 12:06,4,+50.6,+36.9,+26.0,+29.4,+35.3,+42.5,+19.2,+19.2,+19.5,+19.7,+19.8,+19.8,+20.1
2024-06-28 13:06,4,+50.5,+36.9,+26.0,+29.4,+35.3,+42.5,+19.3,+19.2,+19.5,+19.7,+19.8,+19.8,+20.1
2024-06-28 14:06,4,+50.5,+36.8,+25.9,+29.3,+35.2,+42.4,+19.5,+19.2,+19.5,+19.6,+19.8,+19.7,+20.1
2024-06-28 15:06,4,+50.5,+36.8,+25.9,+29.4,+35.2,+42.4,+19.6,+19.5,+19.5,+19.7,+19.8,+19.8,+20.1
2024-06-28 16:06,4,+50.4,+36.7,+25.9,+29.4,+35.2,+42.4,+19.6,+19.5,+19.5,+19.6,+19.8,+19.7,+20.0
2024-06-28 17:06,4,+50.4,+36.9,+25.8,+29.3,+35.2,+42.3,+19.6,+19.5,+19.5,+19.6,+19.8,+19.7,+20.1
2024-06-28 18:06,4,+50.4,+36.9,+25.8,+29.3,+35.1,+42.3,+19.6,+19.5,+19.5,+19.6,+19.7,+19.7,+20.0
2024-06-28 19:06,4,+50.3,+36.9,+25.8,+29.2,+35.1,+42.2,+19.6,+19.5,+19.5,+19.6,+19.8,+19.7,+20.0
2024-06-28 20:06,4,+50.5,+36.9,+25.8,+29.2,+35.0,+42.2,+19.5,+19.6,+19.6,+19.6,+19.8,+19.7,+20.1
2024-06-28 21:06,4,+51.2,+36.9,+25.8,+29.2,+35.1,+42.2,+19.5,+19.6,+19.6,+19.6,+19.8,+19.7,+20.0
2024-06-28 22:06,4,+53.1,+37.4,+25.8,+29.2,+35.1,+42.2,+19.5,+19.6,+19.6,+19.6,+19.8,+19.7,+20.0
2024-06-28 23:06,4,+52.8,+38.1,+25.8,+29.2,+35.1,+42.2,+19.3,+19.5,+19.6,+19.6,+19.7,+19.7,+20.0
2024-06-29 00:06,4,+52.4,+38.3,+25.8,+29.2,+35.1,+42.2,+19.3,+19.5,+19.6,+19.6,+19.7,+19.7,+20.0
2024-06-29 01:06,4,+52.1,+38.3,+25.9,+29.1,+35.0,+42.2,+19.2,+19.5,+19.6,+19.6,+19.8,+19.7,+20.0
2024-06-29 02:06,4,+51.9,+38.3,+26.0,+29.1,+35.0,+42.1,+19.1,+19.5,+19.6,+19.6,+19.8,+19.7,+20.0
2024-06-29 03:06,4,+51.7,+38.2,+26.1,+29.1,+35.0,+42.1,+19.1,+19.5,+19.6,+19.6,+19.8,+19.7,+20.0
2024-06-29 04:06,4,+51.5,+38.2,+26.2,+29.1,+34.9,+42.1,+19.2,+19.3,+19.6,+19.6,+19.7,+19.7,+20.0
2024-06-29 05:06,4,+51.4,+38.1,+26.2,+29.2,+34.9,+42.1,+19.2,+19.3,+19.6,+19.6,+19.8,+19.7,+20.0
2024-06-29 06:06,4,+51.2,+37.8,+26.1,+29.3,+35.0,+42.1,+19.1,+19.5,+19.5,+19.6,+19.8,+19.8,+20.0
2024-06-29 07:06,4,+51.2,+37.7,+26.1,+29.3,+35.0,+42.1,+19.1,+19.3,+19.5,+19.7,+19.7,+19.7,+20.0
2024-06-29 08:06,4,+51.1,+37.6,+26.1,+29.3,+35.0,+42.0,+19.2,+19.3,+19.6,+19.7,+19.8,+19.7,+20.0
2024-06-29 09:06,4,+51.0,+37.6,+26.1,+29.2,+34.9,+42.0,+19.3,+19.3,+19.6,+19.6,+19.8,+19.7,+20.0
2024-06-29 10:06,4,+51.0,+37.5,+26.0,+29.3,+35.0,+42.0,+19.5,+19.3,+19.6,+19.7,+19.7,+19.7,+20.0
2024-06-29 11:06,4,+50.9,+37.4,+26.0,+29.2,+34.9,+42.0,+19.6,+19.5,+19.5,+19.6,+19.7,+19.7,+20.0
2024-06-29 12:06,4,+50.8,+37.2,+26.0,+29.1,+34.9,+42.0,+19.7,+19.5,+19.6,+19.6,+19.7,+19.7,+20.0
2024-06-29 13:06,4,+50.7,+37.2,+25.9,+29.2,+34.9,+42.0,+19.8,+19.5,+19.6,+19.6,+19.7,+19.7,+20.0
2024-06-29 14:06,4,+50.7,+37.1,+25.9,+29.2,+34.9,+41.9,+20.0,+19.6,+19.6,+19.6,+19.7,+19.7,+20.0
2024-06-29 15:06,4,+50.6,+37.0,+25.9,+29.1,+34.9,+41.9,+20.0,+19.6,+19.6,+19.7,+19.7,+19.7,+20.0
2024-06-29 16:06,4,+50.6,+36.9,+25.8,+29.2,+34.9,+41.9,+20.1,+19.6,+19.6,+19.7,+19.8,+19.7,+20.0
2024-06-29 17:06,4,+50.5,+36.9,+25.8,+29.2,+34.9,+41.9,+20.1,+19.7,+19.6,+19.6,+19.7,+19.7,+20.0
2024-06-29 18:06,4,+51.1,+36.9,+25.8,+29.0,+34.8,+41.9,+20.1,+19.8,+19.6,+19.6,+19.7,+19.7,+19.8
2024-06-29 19:06,4,+52.2,+36.9,+25.8,+29.2,+34.9,+41.9,+20.1,+19.8,+19.6,+19.7,+19.7,+19.7,+20.0
2024-06-29 20:06,4,+53.8,+39.6,+28.0,+29.2,+34.9,+41.9,+20.1,+20.0,+19.7,+19.7,+19.8,+19.6,+20.0
2024-06-29 21:06,4,+53.4,+39.6,+28.5,+29.7,+34.9,+41.9,+20.0,+20.0,+19.7,+19.7,+19.7,+19.7,+20.0
2024-06-29 22:06,4,+52.5,+38.7,+27.7,+30.0,+35.0,+41.9,+20.0,+20.0,+19.7,+19.7,+19.7,+19.7,+20.0
2024-06-29 23:06,4,+52.0,+38.4,+27.2,+30.2,+35.3,+42.0,+19.8,+20.0,+19.8,+19.7,+19.8,+19.6,+19.8
2024-06-30 00:06,4,+51.8,+38.1,+26.9,+30.1,+35.4,+42.1,+19.8,+20.0,+19.8,+19.7,+19.8,+19.7,+20.0
2024-06-30 01:06,4,+51.6,+37.9,+26.8,+29.9,+35.5,+42.2,+19.7,+20.0,+19.8,+19.7,+19.7,+19.7,+20.0
2024-06-30 02:06,4,+51.5,+37.8,+26.6,+30.0,+35.5,+42.3,+19.7,+19.8,+19.8,+19.8,+19.8,+19.7,+20.0
2024-06-30 03:06,4,+51.4,+37.7,+26.5,+29.8,+35.5,+42.4,+19.6,+19.8,+19.8,+19.7,+19.8,+19.7,+20.0
2024-06-30 04:06,4,+51.3,+37.6,+26.4,+29.8,+35.4,+42.4,+19.6,+19.8,+19.8,+19.7,+19.8,+19.7,+20.0
2024-06-30 05:06,4,+51.2,+37.5,+26.4,+29.8,+35.5,+42.5,+19.6,+19.8,+19.8,+19.8,+19.8,+19.7,+19.8
2024-06-30 06:06,4,+51.1,+37.5,+26.3,+29.8,+35.4,+42.5,+19.6,+19.7,+19.8,+19.8,+19.8,+19.7,+19.8
2024-06-30 07:06,4,+51.0,+37.4,+26.3,+29.7,+35.4,+42.5,+19.5,+19.7,+19.8,+19.8,+19.8,+19.7,+20.0
2024-06-30 08:06,4,+50.9,+37.3,+26.2,+29.7,+35.4,+42.5,+19.5,+19.7,+19.8,+19.8,+19.8,+19.8,+19.8
2024-06-30 09:06,4,+50.9,+37.2,+26.2,+29.7,+35.3,+42.5,+19.6,+19.7,+19.8,+19.8,+19.8,+19.7,+20.0
2024-06-30 10:06,4,+50.8,+37.2,+26.1,+29.6,+35.3,+42.4,+19.6,+19.7,+19.8,+19.8,+19.8,+19.7,+19.8
2024-06-30 11:06,4,+50.8,+37.2,+26.0,+29.4,+35.2,+42.4,+19.7,+19.7,+19.8,+19.8,+19.8,+19.8,+20.0
2024-06-30 12:06,4,+50.7,+37.1,+26.0,+29.4,+35.2,+42.4,+19.8,+19.7,+19.8,+19.8,+19.8,+19.7,+19.8
2024-06-30 13:06,4,+50.6,+37.0,+26.0,+29.5,+35.2,+42.4,+20.0,+19.7,+19.8,+19.8,+19.8,+19.7,+20.0
2024-06-30 14:06,4,+50.5,+37.0,+26.0,+29.4,+35.2,+42.3,+20.0,+19.7,+19.8,+19.8,+19.8,+19.7,+19.8
2024-06-30 15:06,4,+50.5,+36.9,+25.9,+29.4,+35.2,+42.3,+20.1,+19.8,+19.7,+19.8,+19.8,+19.7,+20.0
2024-06-30 16:06,4,+50.5,+36.9,+25.9,+29.3,+35.1,+42.2,+20.1,+19.8,+19.8,+19.8,+20.0,+19.8,+20.0
2024-06-30 17:06,4,+50.5,+36.9,+25.9,+29.3,+35.1,+42.2,+20.2,+19.8,+19.8,+19.8,+19.8,+19.7,+20.0
2024-06-30 18:06,4,+50.4,+36.8,+25.8,+29.2,+35.1,+42.2,+20.2,+19.8,+19.8,+19.8,+19.8,+19.8,+20.0
2024-06-30 19:06,4,+50.4,+36.8,+25.8,+29.2,+35.1,+42.2,+20.1,+20.0,+19.8,+19.8,+20.0,+19.7,+19.8
2024-06-30 20:06,4,+50.4,+36.7,+25.8,+29.3,+35.1,+42.2,+20.1,+20.0,+19.8,+19.8,+19.8,+19.7,+20.0
2024-06-30 21:06,4,+50.3,+36.7,+25.8,+29.3,+35.1,+42.2,+20.1,+20.0,+19.8,+19.8,+19.8,+19.7,+19.8
2024-06-30 22:06,4,+50.3,+36.7,+25.8,+29.3,+35.1,+42.2,+20.1,+20.0,+19.8,+19.8,+20.0,+19.7,+20.0
2024-06-30 23:06,4,+50.3,+36.8,+25.8,+29.2,+35.0,+42.1,+20.0,+20.0,+19.8,+19.8,+19.8,+19.7,+20.0
2024-07-01 00:06,4,+50.3,+36.7,+25.7,+29.2,+35.0,+42.1,+20.0,+20.0,+20.0,+19.8,+19.8,+19.7,+20.0
2024-07-01 01:06,4,+50.3,+36.7,+25.7,+29.2,+35.0,+42.1,+19.8,+20.0,+20.0,+19.8,+19.8,+19.8,+20.0
2024-07-01 02:06,4,+50.3,+36.7,+25.7,+29.1,+34.9,+42.1,+19.8,+20.0,+20.0,+19.8,+19.8,+19.8,+20.0
2024-07-01 03:06,4,+50.2,+36.7,+25.7,+29.2,+35.0,+42.1,+19.7,+20.0,+19.8,+20.0,+20.0,+19.8,+20.0
2024-07-01 04:06,4,+50.2,+36.6,+25.7,+29.2,+35.0,+42.1,+19.7,+20.0,+20.0,+19.8,+20.0,+19.8,+20.0
2024-07-01 05:06,4,+50.2,+36.6,+25.7,+29.1,+34.9,+42.0,+19.7,+19.8,+20.0,+20.0,+20.0,+19.8,+20.0
2024-07-01 06:06,4,+50.2,+36.6,+25.7,+29.1,+34.9,+42.0,+19.6,+19.8,+20.0,+20.0,+20.0,+19.8,+20.0
2024-07-01 07:06,4,+50.2,+36.6,+25.7,+29.2,+34.9,+42.0,+19.6,+19.8,+20.0,+20.0,+20.0,+19.8,+20.0
2024-07-01 08:06,4,+50.1,+36.7,+25.7,+29.0,+34.9,+41.9,+19.7,+19.8,+19.8,+20.0,+20.0,+19.8,+20.0
2024-07-01 09:06,4,+50.2,+36.6,+25.7,+29.2,+34.9,+42.0,+19.7,+19.7,+20.0,+19.8,+20.0,+19.8,+20.0
2024-07-01 10:06,4,+50.2,+36.6,+25.6,+29.1,+34.9,+41.9,+19.7,+19.8,+19.8,+20.0,+20.0,+19.8,+20.0
2024-07-01 11:06,4,+50.2,+36.6,+25.6,+29.1,+34.9,+41.9,+19.7,+19.7,+19.8,+19.8,+20.0,+19.8,+20.0
2024-07-01 12:06,4,+50.1,+36.5,+25.6,+29.0,+34.8,+41.9,+19.8,+19.8,+20.0,+19.8,+20.0,+19.8,+20.0
2024-07-01 13:06,4,+50.1,+36.5,+25.6,+29.1,+34.8,+41.9,+20.0,+19.8,+19.8,+20.0,+20.0,+19.8,+20.0
2024-07-01 14:06,4,+50.1,+36.5,+25.6,+29.1,+34.8,+41.9,+20.1,+19.8,+20.0,+19.8,+20.0,+19.8,+20.0
2024-07-01 15:06,4,+50.1,+36.4,+25.5,+29.1,+34.8,+41.9,+20.1,+19.8,+19.8,+20.0,+20.0,+19.8,+20.0
2024-07-01 16:06,4,+50.1,+36.4,+25.5,+29.0,+34.8,+41.8,+20.2,+20.0,+19.8,+19.8,+20.0,+19.8,+20.0
2024-07-01 17:06,4,+50.1,+36.1,+25.5,+29.0,+34.8,+41.9,+20.1,+20.0,+19.8,+19.8,+20.0,+19.8,+20.0
2024-07-01 18:06,4,+50.4,+36.1,+25.5,+28.9,+34.7,+41.8,+20.2,+20.0,+19.8,+20.0,+20.0,+19.8,+20.0
2024-07-01 19:06,4,+54.2,+39.4,+26.6,+29.1,+34.8,+41.9,+20.2,+20.0,+20.0,+19.8,+20.0,+19.8,+20.0
2024-07-01 20:06,4,+53.8,+39.6,+28.3,+29.2,+34.8,+41.8,+20.1,+20.1,+20.0,+19.8,+20.0,+19.8,+20.0
2024-07-01 21:06,4,+54.0,+39.9,+28.8,+29.8,+34.8,+41.8,+20.1,+20.0,+20.0,+19.8,+19.8,+19.8,+20.0
2024-07-01 22:06,4,+55.7,+40.6,+28.9,+30.2,+35.0,+41.9,+20.1,+20.1,+20.0,+19.8,+20.0,+19.8,+20.0
2024-07-01 23:06,4,+53.3,+39.2,+28.3,+30.6,+35.4,+41.9,+20.1,+20.1,+20.0,+19.8,+20.0,+19.8,+20.0
2024-07-02 00:06,4,+53.4,+38.8,+27.6,+30.5,+35.8,+42.2,+20.1,+20.1,+20.0,+20.0,+20.0,+19.8,+20.0
2024-07-02 01:06,4,+53.8,+39.7,+28.7,+30.5,+35.9,+42.5,+20.1,+20.1,+20.1,+19.8,+20.0,+19.8,+20.0
2024-07-02 02:06,4,+52.7,+38.9,+27.8,+30.6,+36.1,+42.8,+20.1,+20.1,+20.0,+19.8,+20.0,+19.8,+20.0
2024-07-02 03:06,4,+52.4,+38.5,+27.3,+30.4,+36.1,+43.0,+20.1,+20.1,+20.0,+20.0,+20.0,+19.8,+20.0
2024-07-02 04:06,4,+52.2,+38.2,+27.0,+30.2,+36.0,+43.2,+20.1,+20.1,+20.1,+20.0,+20.0,+19.8,+20.0
2024-07-02 05:06,4,+52.0,+38.1,+26.8,+30.1,+36.0,+43.1,+20.0,+20.1,+20.1,+20.0,+20.0,+19.8,+20.0
2024-07-02 06:06,4,+51.9,+38.0,+26.7,+30.1,+35.9,+43.1,+20.0,+20.1,+20.1,+20.0,+20.0,+19.8,+20.0
2024-07-02 07:06,4,+52.9,+38.0,+26.6,+30.0,+35.8,+43.1,+20.0,+20.1,+20.1,+20.0,+20.0,+19.8,+20.0
2024-07-02 08:06,4,+52.9,+38.3,+26.6,+29.9,+35.8,+43.0,+20.0,+20.0,+20.1,+20.0,+20.0,+19.8,+20.0
2024-07-02 09:06,4,+52.5,+38.3,+26.6,+29.9,+35.7,+42.9,+20.0,+20.0,+20.1,+20.0,+20.0,+20.0,+20.0
2024-07-02 10:06,4,+52.3,+38.2,+26.6,+29.8,+35.7,+42.9,+20.0,+20.0,+20.1,+20.0,+20.0,+20.0,+20.0
2024-07-02 11:06,4,+52.1,+38.1,+26.6,+29.9,+35.7,+42.9,+20.1,+20.1,+20.0,+20.0,+20.0,+19.8,+20.0