
2024-05-09 13:50,1,+38.2,+38.1,+57.6,+49.5,+39.3,+49.9,+22.1,+21.0,+20.2,+19.8,+20.0,+19.6,+19.5
2024-05-09 14:50,1,+38.1,+38.1,+57.6,+49.3,+39.2,+49.9,+22.0,+21.0,+20.3,+19.8,+20.0,+19.6,+19.5
2024-05-09 15:50,1,+38.1,+38.1,+57.6,+49.4,+39.3,+49.9,+22.0,+21.1,+20.5,+19.8,+20.0,+19.6,+19.5
2024-05-09 16:50,1,+41.1,+40.3,+57.7,+49.6,+39.4,+49.9,+21.7,+21.3,+20.5,+20.0,+20.0,+19.6,+19.5
2024-05-09 17:50,1,+40.0,+39.1,+57.7,+49.6,+39.4,+49.9,+21.6,+21.2,+20.6,+20.0,+20.0,+19.6,+19.5
2024-05-09 18:50,1,+42.7,+41.2,+57.8,+49.4,+39.4,+49.9,+21.3,+21.2,+20.7,+20.0,+20.0,+19.6,+19.5
2024-05-09 19:50,1,+42.0,+40.2,+57.8,+49.6,+39.4,+50.0,+21.2,+21.2,+20.7,+20.0,+20.1,+19.6,+19.5
2024-05-09 20:50,1,+41.7,+39.8,+57.7,+49.4,+39.4,+49.9,+21.1,+21.2,+20.7,+20.0,+20.0,+19.6,+19.5
2024-05-09 21:50,1,+41.4,+39.5,+57.7,+49.4,+39.3,+49.9,+20.8,+21.1,+20.7,+20.0,+20.0,+19.6,+19.6
2024-05-09 22:50,1,+41.3,+39.3,+57.7,+49.4,+39.3,+49.9,+20.7,+21.1,+20.7,+20.1,+20.0,+19.6,+19.5
2024-05-09 23:50,1,+41.1,+39.2,+57.7,+49.5,+39.3,+49.9,+20.5,+21.1,+20.8,+20.1,+20.0,+19.6,+19.5
2024-05-10 00:50,1,+41.0,+39.1,+57.7,+49.4,+39.3,+49.9,+20.3,+21.0,+20.7,+20.1,+20.0,+19.6,+19.5
2024-05-10 01:50,1,+40.9,+39.1,+57.7,+49.5,+39.4,+49.9,+20.2,+20.8,+20.7,+20.1,+20.0,+19.6,+19.6
2024-05-10 02:50,1,+40.8,+39.0,+57.7,+49.4,+39.3,+49.9,+20.1,+20.7,+20.7,+20.1,+20.1,+19.6,+19.6
2024-05-10 03:50,1,+40.7,+39.0,+57.7,+49.4,+39.3,+49.9,+20.0,+20.7,+20.7,+20.1,+20.0,+19.6,+19.5
2024-05-10 04:50,1,+40.7,+39.0,+57.7,+49.4,+39.3,+49.9,+19.8,+20.6,+20.7,+20.1,+20.1,+19.6,+19.5
2024-05-10 05:50,1,+40.6,+38.9,+57.7,+49.5,+39.3,+49.9,+19.8,+20.6,+20.7,+20.1,+20.1,+19.6,+19.5
2024-05-10 06:50,1,+40.5,+38.9,+57.7,+49.4,+39.3,+49.9,+19.8,+20.5,+20.6,+20.1,+20.1,+19.7,+19.6
2024-05-10 07:50,1,+40.3,+38.8,+57.7,+49.5,+39.3,+49.9,+20.3,+20.3,+20.6,+20.1,+20.1,+19.6,+19.6
2024-05-10 08:50,1,+40.2,+38.7,+57.7,+49.5,+39.3,+49.9,+20.8,+20.5,+20.5,+20.1,+20.1,+19.6,+19.6
2024-05-10 09:50,1,+40.1,+38.7,+57.7,+49.6,+39.3,+49.9,+21.2,+20.6,+20.5,+20.1,+20.1,+19.7,+19.5
2024-05-10 10:50,1,+40.0,+38.6,+57.7,+49.5,+39.3,+49.9,+21.8,+20.7,+20.5,+20.1,+20.1,+19.6,+19.5
2024-05-10 11:50,1,+39.9,+38.6,+57.7,+49.4,+39.3,+49.9,+22.2,+20.8,+20.5,+20.1,+20.1,+19.6,+19.5
2024-05-10 12:50,1,+39.9,+38.6,+57.7,+49.4,+39.3,+49.9,+22.2,+21.0,+20.5,+20.1,+20.1,+19.7,+19.5
2024-05-10 13:50,1,+39.9,+38.6,+57.7,+49.5,+39.3,+49.9,+22.0,+21.2,+20.6,+20.1,+20.1,+19.6,+19.6
2024-05-10 14:50,1,+39.9,+38.6,+57.7,+49.4,+39.3,+49.9,+22.0,+21.3,+20.6,+20.1,+20.1,+19.6,+19.6
2024-05-10 15:50,1,+39.8,+38.6,+57.7,+49.5,+39.3,+49.9,+22.0,+21.3,+20.7,+20.1,+20.1,+19.7,+19.5
2024-05-10 16:50,1,+39.9,+38.6,+57.7,+49.5,+39.3,+49.9,+21.7,+21.3,+20.7,+20.1,+20.2,+19.7,+19.6
2024-05-10 17:50,1,+39.9,+38.6,+57.7,+49.4,+39.3,+49.9,+21.6,+21.5,+20.8,+20.1,+20.1,+19.7,+19.5
2024-05-10 18:50,1,+45.9,+40.8,+57.8,+49.5,+39.4,+50.0,+21.3,+21.3,+21.0,+20.2,+20.1,+19.7,+19.6
2024-05-10 19:50,1,+48.9,+45.8,+58.0,+49.4,+39.4,+49.9,+21.0,+21.2,+21.0,+20.2,+20.1,+19.7,+19.6
2024-05-10 20:50,1,+47.3,+44.0,+58.0,+49.4,+39.4,+49.9,+21.0,+21.3,+21.0,+20.1,+20.1,+19.7,+19.6
2024-05-10 21:50,1,+45.7,+43.3,+58.0,+49.4,+39.4,+49.9,+21.0,+21.2,+21.0,+20.2,+20.2,+19.7,+19.5
2024-05-10 22:50,1,+45.3,+42.8,+58.0,+49.6,+39.4,+49.9,+20.8,+21.2,+21.0,+20.2,+20.1,+19.7,+19.6
2024-05-10 23:50,1,+45.0,+42.5,+58.0,+49.6,+39.4,+49.9,+20.8,+21.1,+21.0,+20.2,+20.2,+19.7,+19.6
2024-05-11 00:50,1,+44.8,+42.2,+58.0,+49.6,+39.4,+49.9,+20.7,+21.1,+21.0,+20.3,+20.2,+19.7,+19.6
2024-05-11 01:50,1,+44.6,+42.0,+58.0,+49.4,+39.3,+49.9,+20.6,+21.0,+21.0,+20.3,+20.1,+19.7,+19.6
2024-05-11 02:50,1,+44.6,+41.8,+58.0,+49.4,+39.3,+49.9,+20.5,+21.0,+20.8,+20.2,+20.1,+19.7,+19.6
2024-05-11 03:50,1,+44.5,+41.7,+58.0,+49.5,+39.4,+50.0,+20.5,+21.0,+20.8,+20.3,+20.2,+19.7,+19.5
2024-05-11 04:50,1,+44.4,+41.5,+57.9,+49.6,+39.4,+49.9,+20.5,+20.8,+20.8,+20.3,+20.2,+19.7,+19.6
2024-05-11 05:50,1,+44.4,+41.4,+57.9,+49.5,+39.4,+49.9,+20.3,+20.8,+20.8,+20.3,+20.2,+19.7,+19.5
2024-05-11 06:50,1,+44.3,+41.3,+57.9,+49.6,+39.4,+49.9,+20.3,+20.8,+20.8,+20.3,+20.2,+19.7,+19.6
2024-05-11 07:50,1,+44.2,+41.2,+57.9,+49.6,+39.4,+49.9,+20.5,+20.7,+20.8,+20.2,+20.2,+19.7,+19.6
2024-05-11 08:50,1,+44.1,+41.1,+57.9,+49.6,+39.4,+49.9,+20.5,+20.7,+20.7,+20.3,+20.2,+19.7,+19.6
2024-05-11 09:50,1,+44.0,+40.9,+57.9,+49.6,+39.4,+49.9,+20.6,+20.6,+20.7,+20.3,+20.2,+19.7,+19.6
2024-05-11 10:50,1,+43.9,+40.9,+57.9,+49.6,+39.4,+49.9,+20.7,+20.7,+20.7,+20.2,+20.2,+19.8,+19.6
2024-05-11 11:50,1,+43.9,+40.8,+57.9,+49.5,+39.3,+49.9,+21.0,+20.7,+20.7,+20.3,+20.2,+19.8,+19.6
2024-05-11 12:50,1,+43.8,+40.7,+57.9,+49.5,+39.3,+49.9,+21.1,+20.8,+20.6,+20.2,+20.3,+19.7,+19.6
2024-05-11 13:50,1,+43.8,+40.6,+57.9,+49.6,+39.4,+49.9,+21.2,+20.8,+20.7,+20.2,+20.2,+19.7,+19.6
2024-05-11 14:50,1,+43.7,+40.6,+57.9,+49.5,+39.3,+49.9,+21.3,+21.0,+20.7,+20.2,+20.2,+19.8,+19.6
2024-05-11 15:50,1,+43.7,+40.5,+57.9,+49.5,+39.3,+49.9,+21.2,+21.0,+20.7,+20.2,+20.2,+19.8,+19.6
2024-05-11 16:50,1,+43.7,+40.5,+57.9,+49.5,+39.3,+49.9,+21.1,+21.0,+20.7,+20.2,+20.2,+19.8,+19.6
2024-05-11 17:50,1,+43.7,+40.5,+57.9,+49.6,+39.4,+49.9,+21.0,+21.0,+20.7,+20.2,+20.2,+19.8,+19.6
2024-05-11 18:50,1,+53.9,+48.5,+59.3,+52.2,+60.7,+55.7,+19.6,+19.8,+20.6,+20.3,+20.2,+19.7,+19.7
2024-05-11 19:50,1,+51.0,+46.1,+59.2,+51.1,+44.0,+54.9,+19.8,+20.3,+20.6,+20.3,+20.2,+19.8,+19.6
2024-05-11 20:50,1,+48.8,+45.2,+59.2,+51.2,+42.3,+52.7,+20.0,+20.5,+20.7,+20.3,+20.2,+19.7,+19.6
2024-05-11 21:50,1,+48.2,+44.7,+59.1,+51.0,+41.7,+52.0,+19.8,+20.5,+20.6,+20.3,+20.2,+19.8,+19.6
2024-05-11 22:50,1,+47.9,+44.4,+59.0,+50.9,+41.5,+51.5,+19.8,+20.5,+20.6,+20.2,+20.2,+19.8,+19.7
2024-05-11 23:50,1,+47.7,+44.2,+59.0,+51.0,+41.4,+51.4,+19.7,+20.3,+20.6,+20.3,+20.2,+19.8,+19.7
2024-05-12 00:50,1,+47.6,+44.0,+58.9,+51.0,+41.3,+51.4,+19.7,+20.3,+20.6,+20.3,+20.2,+19.8,+19.7
2024-05-12 01:50,1,+47.5,+43.9,+58.9,+50.8,+41.1,+51.3,+19.8,+20.3,+20.6,+20.2,+20.3,+19.8,+19.7
2024-05-12 02:50,1,+47.4,+43.7,+58.9,+50.9,+41.1,+51.3,+19.8,+20.3,+20.6,+20.2,+20.2,+19.8,+19.7
2024-05-12 03:50,1,+47.2,+43.4,+58.8,+50.9,+41.1,+51.2,+19.8,+20.3,+20.5,+20.2,+20.2,+19.7,+19.7
2024-05-12 04:50,1,+47.0,+43.3,+58.7,+50.8,+41.0,+51.2,+19.8,+20.2,+20.5,+20.2,+20.3,+19.8,+19.7
2024-05-12 05:50,1,+47.0,+43.2,+58.7,+50.8,+40.9,+51.2,+19.8,+20.2,+20.5,+20.2,+20.3,+19.8,+19.7
2024-05-12 06:50,1,+47.0,+43.1,+58.7,+50.8,+40.9,+51.1,+19.8,+20.2,+20.5,+20.2,+20.2,+19.8,+19.7
2024-05-12 07:50,1,+46.9,+43.0,+58.6,+50.8,+40.9,+51.1,+20.0,+20.2,+20.5,+20.2,+20.2,+19.8,+19.7
2024-05-12 08:50,1,+46.7,+42.9,+58.6,+50.8,+40.8,+51.1,+20.6,+20.2,+20.3,+20.2,+20.3,+19.8,+19.7
2024-05-12 09:50,1,+46.6,+42.8,+58.5,+50.6,+40.7,+51.0,+21.2,+20.3,+20.3,+20.2,+20.2,+19.8,+19.7
2024-05-12 10:50,1,+46.6,+42.7,+58.5,+50.6,+40.7,+51.0,+21.5,+20.5,+20.3,+20.2,+20.3,+19.8,+19.7
2024-05-12 11:50,1,+46.5,+42.6,+58.5,+50.6,+40.7,+51.0,+21.7,+20.6,+20.3,+20.2,+20.2,+19.8,+19.7
2024-05-12 12:50,1,+46.5,+42.5,+58.5,+50.6,+40.7,+50.9,+21.7,+20.8,+20.3,+20.2,+20.3,+19.8,+19.7
2024-05-12 13:50,1,+46.5,+42.4,+58.5,+50.6,+40.6,+50.9,+21.7,+21.0,+20.5,+20.2,+20.2,+19.8,+19.7
2024-05-12 14:50,1,+46.5,+42.4,+58.5,+50.7,+40.7,+50.9,+21.8,+21.1,+20.6,+20.2,+20.2,+19.8,+19.7
2024-05-12 15:50,1,+49.4,+42.5,+58.5,+50.7,+40.7,+51.0,+21.7,+21.2,+20.6,+20.1,+20.2,+19.8,+19.7
2024-05-12 16:50,1,+48.9,+42.6,+58.5,+50.8,+40.7,+51.0,+21.5,+21.2,+20.7,+20.2,+20.2,+19.8,+19.7
2024-05-12 17:50,1,+55.2,+47.1,+58.6,+50.6,+40.6,+50.9,+21.1,+21.2,+20.8,+20.2,+20.2,+19.8,+19.7
2024-05-12 18:50,1,+50.9,+46.1,+59.2,+50.6,+40.6,+50.9,+21.1,+21.2,+20.8,+20.2,+20.2,+19.7,+19.7
2024-05-12 19:50,1,+50.1,+45.5,+59.2,+50.6,+40.7,+50.9,+21.0,+21.2,+20.8,+20.2,+20.2,+19.8,+19.7
2024-05-12 20:50,1,+49.6,+45.0,+59.2,+50.6,+40.6,+50.9,+20.8,+21.1,+20.8,+20.2,+20.2,+19.8,+19.7
2024-05-12 21:50,1,+49.3,+44.7,+59.1,+50.7,+40.6,+50.9,+20.8,+21.1,+20.8,+20.3,+20.2,+19.8,+19.7
2024-05-12 22:50,1,+49.1,+44.5,+59.1,+50.7,+40.6,+50.9,+20.7,+21.1,+20.8,+20.3,+20.2,+19.8,+19.7
2024-05-12 23:50,1,+49.0,+44.4,+59.0,+50.7,+40.7,+50.9,+20.6,+21.0,+20.8,+20.3,+20.2,+19.8,+19.7
2024-05-13 00:50,1,+48.9,+44.2,+59.0,+50.6,+40.6,+50.9,+20.6,+21.0,+20.8,+20.3,+20.3,+19.8,+19.7
2024-05-13 01:50,1,+48.7,+44.1,+59.0,+50.6,+40.6,+50.8,+20.5,+21.0,+20.8,+20.3,+20.2,+19.8,+19.7
2024-05-13 02:50,1,+48.7,+44.0,+58.9,+50.7,+40.7,+50.9,+20.3,+20.8,+20.8,+20.3,+20.2,+19.8,+19.7
2024-05-13 03:50,1,+48.6,+43.9,+58.8,+50.7,+40.7,+50.9,+20.2,+20.8,+20.8,+20.3,+20.3,+19.8,+19.7
2024-05-13 04:50,1,+48.5,+43.8,+58.8,+50.8,+40.7,+50.9,+20.1,+20.7,+20.8,+20.3,+20.3,+19.8,+19.7
2024-05-13 05:50,1,+48.4,+43.7,+58.8,+50.6,+40.7,+50.9,+20.1,+20.7,+20.8,+20.3,+20.2,+19.8,+19.8
2024-05-13 06:50,1,+48.3,+43.6,+58.7,+50.7,+40.7,+50.9,+20.0,+20.6,+20.7,+20.3,+20.3,+19.8,+19.7
2024-05-13 07:50,1,+48.3,+43.5,+58.7,+50.6,+40.6,+50.9,+20.1,+20.6,+20.7,+20.3,+20.3,+19.8,+19.7
2024-05-13 08:50,1,+48.2,+43.4,+58.7,+50.6,+40.6,+50.9,+20.2,+20.5,+20.7,+20.3,+20.3,+19.8,+19.7
2024-05-13 09:50,1,+48.1,+43.4,+58.6,+50.6,+40.6,+50.9,+20.5,+20.6,+20.6,+20.3,+20.3,+19.8,+19.7
2024-05-13 10:50,1,+48.1,+43.3,+58.6,+50.6,+40.6,+50.9,+20.5,+20.6,+20.6,+20.3,+20.3,+19.8,+19.7
2024-05-13 11:50,1,+48.1,+43.2,+58.6,+50.8,+40.6,+50.9,+20.3,+20.6,+20.6,+20.3,+20.3,+20.0,+19.7
2024-05-13 12:50,1,+48.4,+43.2,+58.6,+50.6,+40.6,+50.9,+20.3,+20.5,+20.6,+20.3,+20.2,+19.8,+19.7
2024-05-13 13:50,1,+48.5,+43.2,+58.6,+50.6,+40.6,+50.9,+20.3,+20.5,+20.6,+20.3,+20.3,+19.8,+19.7
2024-05-13 14:50,1,+48.5,+43.1,+58.6,+50.6,+40.6,+50.9,+20.3,+20.6,+20.6,+20.3,+20.3,+19.8,+19.7
2024-05-13 15:50,1,+48.4,+43.1,+58.5,+50.8,+40.6,+50.9,+20.3,+20.6,+20.6,+20.2,+20.3,+19.8,+19.7
2024-05-13 16:50,1,+48.4,+43.1,+58.5,+50.6,+40.6,+50.9,+20.2,+20.5,+20.6,+20.2,+20.3,+19.8,+19.7
2024-05-13 17:50,1,+48.4,+43.0,+58.5,+50.7,+40.7,+50.9,+20.2,+20.5,+20.6,+20.2,+20.3,+19.8,+19.8
2024-05-13 18:50,1,+48.3,+43.0,+58.5,+50.6,+40.6,+50.9,+20.1,+20.5,+20.6,+20.2,+20.3,+19.8,+19.7
2024-05-13 19:50,1,+48.3,+43.0,+58.5,+50.6,+40.6,+50.9,+20.0,+20.5,+20.6,+20.2,+20.3,+19.8,+19.7
2024-05-13 20:50,1,+48.3,+42.9,+58.5,+50.5,+40.5,+50.8,+19.8,+20.5,+20.5,+20.2,+20.3,+19.8,+19.7
2024-05-13 21:50,1,+48.2,+42.9,+58.5,+50.6,+40.6,+50.9,+19.8,+20.3,+20.5,+20.2,+20.3,+19.8,+19.7
2024-05-13 22:50,1,+48.2,+42.8,+58.5,+50.6,+40.6,+50.9,+19.8,+20.3,+20.5,+20.2,+20.3,+19.8,+19.7
2024-05-13 23:50,1,+48.2,+42.8,+58.5,+50.6,+40.6,+50.9,+19.8,+20.3,+20.5,+20.2,+20.3,+19.8,+19.7
2024-05-14 00:50,1,+48.1,+42.8,+58.5,+50.5,+40.5,+50.8,+19.8,+20.3,+20.5,+20.2,+20.3,+19.8,+19.7
2024-05-14 01:50,1,+48.1,+42.7,+58.5,+50.6,+40.6,+50.8,+19.7,+20.2,+20.5,+20.2,+20.3,+19.8,+19.7
2024-05-14 02:50,1,+48.1,+42.7,+58.4,+50.6,+40.6,+50.8,+19.7,+20.2,+20.5,+20.2,+20.2,+19.8,+19.8
2024-05-14 03:50,1,+48.1,+42.6,+58.4,+50.5,+40.5,+50.8,+19.7,+20.2,+20.3,+20.2,+20.2,+19.8,+19.7
2024-05-14 04:50,1,+48.0,+42.6,+58.4,+50.6,+40.5,+50.8,+19.6,+20.2,+20.3,+20.2,+20.3,+19.8,+19.8
2024-05-14 05:50,1,+48.0,+42.6,+58.4,+50.6,+40.5,+50.8,+19.6,+20.1,+20.3,+20.2,+20.2,+19.8,+19.8
2024-05-14 06:50,1,+47.9,+42.5,+58.4,+50.6,+40.5,+50.8,+19.6,+20.1,+20.3,+20.2,+20.3,+20.0,+19.7
2024-05-14 07:50,1,+47.8,+42.5,+58.4,+50.5,+40.5,+50.8,+19.8,+20.1,+20.3,+20.2,+20.3,+19.8,+19.8
2024-05-14 08:50,1,+47.8,+42.4,+58.4,+50.5,+40.4,+50.8,+20.1,+20.1,+20.3,+20.2,+20.2,+19.8,+19.8
2024-05-14 09:50,1,+47.7,+42.4,+58.4,+50.6,+40.5,+50.8,+20.1,+20.1,+20.3,+20.2,+20.2,+19.8,+19.8
2024-05-14 10:50,1,+47.6,+42.3,+58.4,+50.6,+40.5,+50.8,+20.3,+20.1,+20.3,+20.2,+20.2,+19.8,+19.8
2024-05-14 11:50,1,+47.6,+42.3,+58.3,+50.6,+40.5,+50.8,+20.7,+20.2,+20.2,+20.1,+20.2,+19.8,+19.8
2024-05-14 12:50,1,+47.5,+42.2,+58.3,+50.6,+40.5,+50.8,+20.8,+20.3,+20.3,+20.1,+20.3,+19.8,+19.7
2024-05-14 13:50,1,+47.5,+42.1,+58.3,+50.5,+40.4,+50.8,+21.0,+20.3,+20.3,+20.1,+20.2,+19.8,+19.8
2024-05-14 14:50,1,+47.6,+42.1,+58.4,+50.6,+40.5,+50.8,+20.8,+20.5,+20.3,+20.1,+20.2,+19.8,+19.8
2024-05-14 15:50,1,+47.7,+42.1,+58.3,+50.4,+40.4,+50.8,+20.8,+20.6,+20.3,+20.1,+20.2,+19.8,+19.7
2024-05-14 16:50,1,+47.8,+42.1,+58.4,+50.5,+40.4,+50.8,+20.6,+20.6,+20.3,+20.1,+20.3,+19.8,+19.7
2024-05-14 17:50,1,+47.8,+42.1,+58.4,+50.5,+40.4,+50.8,+20.5,+20.6,+20.5,+20.1,+20.2,+19.8,+19.7
2024-05-14 18:50,1,+47.8,+42.1,+58.4,+50.5,+40.4,+50.9,+20.3,+20.6,+20.5,+20.1,+20.2,+19.8,+19.8
2024-05-14 19:50,1,+47.8,+42.1,+58.4,+50.3,+40.4,+50.7,+20.2,+20.5,+20.5,+20.1,+20.2,+19.8,+19.8
2024-05-14 20:50,1,+47.8,+42.0,+58.3,+50.5,+40.4,+50.7,+20.2,+20.6,+20.5,+20.1,+20.2,+19.8,+19.7
2024-05-14 21:50,1,+47.8,+42.0,+58.3,+50.5,+40.4,+50.8,+20.1,+20.5,+20.5,+20.1,+20.2,+19.8,+19.7
2024-05-14 22:50,1,+47.8,+42.0,+58.3,+50.5,+40.4,+50.8,+20.1,+20.5,+20.5,+20.2,+20.2,+19.8,+19.7
2024-05-14 23:50,1,+47.8,+42.0,+58.3,+50.4,+40.4,+50.8,+20.0,+20.5,+20.5,+20.2,+20.3,+19.8,+19.8
2024-05-15 00:50,1,+47.7,+42.0,+58.3,+50.5,+40.4,+50.8,+19.8,+20.3,+20.5,+20.1,+20.2,+19.8,+19.8
2024-05-15 01:50,1,+47.7,+41.9,+58.3,+50.4,+40.4,+50.8,+19.8,+20.2,+20.5,+20.2,+20.2,+19.8,+19.7
2024-05-15 02:50,1,+47.7,+41.9,+58.3,+50.5,+40.4,+50.7,+19.8,+20.2,+20.5,+20.1,+20.2,+19.8,+19.7
2024-05-15 03:50,1,+47.7,+41.9,+58.3,+50.3,+40.3,+50.7,+19.7,+20.2,+20.5,+20.1,+20.2,+19.8,+19.8
2024-05-15 04:50,1,+47.7,+41.9,+58.3,+50.5,+40.4,+50.8,+19.7,+20.2,+20.3,+20.1,+20.2,+19.8,+19.7
2024-05-15 05:50,1,+47.6,+41.9,+58.3,+50.3,+40.3,+50.7,+19.7,+20.2,+20.3,+20.2,+20.2,+19.8,+19.7
2024-05-15 06:50,1,+47.6,+41.8,+58.3,+50.5,+40.4,+50.8,+19.8,+20.2,+20.3,+20.1,+20.2,+19.8,+19.7
2024-05-15 07:50,1,+47.5,+41.8,+58.3,+50.5,+40.4,+50.7,+20.2,+20.1,+20.3,+20.1,+20.2,+19.8,+19.7
2024-05-15 08:50,1,+47.5,+41.8,+58.3,+50.5,+40.4,+50.7,+20.5,+20.2,+20.3,+20.1,+20.2,+19.8,+19.7
2024-05-15 09:50,1,+47.4,+41.7,+58.3,+50.4,+40.4,+50.8,+20.7,+20.3,+20.3,+20.1,+20.2,+19.7,+19.7
2024-05-15 10:50,1,+47.4,+41.6,+58.3,+50.3,+40.2,+50.6,+21.2,+20.3,+20.3,+20.1,+20.2,+19.8,+19.7
2024-05-15 11:50,1,+47.4,+41.6,+58.2,+50.5,+40.4,+50.7,+21.5,+20.6,+20.3,+20.1,+20.2,+19.8,+19.8
2024-05-15 12:50,1,+47.3,+41.6,+58.3,+50.3,+40.3,+50.7,+21.7,+20.6,+20.3,+20.1,+20.2,+19.8,+19.8
2024-05-15 13:50,1,+47.4,+41.6,+58.3,+50.4,+40.3,+50.7,+21.7,+20.8,+20.3,+20.1,+20.2,+19.8,+19.8
2024-05-15 14:50,1,+47.9,+41.6,+58.3,+50.5,+40.4,+50.8,+21.5,+21.0,+20.5,+20.1,+20.2,+19.8,+19.7
2024-05-15 15:50,1,+54.6,+47.2,+59.1,+50.5,+40.4,+50.8,+21.1,+21.1,+20.6,+20.1,+20.2,+19.8,+19.7
2024-05-15 16:50,1,+53.7,+46.9,+59.2,+50.5,+40.4,+50.8,+20.8,+21.1,+20.6,+20.1,+20.2,+19.8,+19.8
2024-05-15 17:50,1,+53.5,+46.9,+59.3,+50.4,+40.4,+50.7,+20.7,+21.0,+20.7,+20.2,+20.2,+19.8,+19.7
2024-05-15 18:50,1,+52.0,+46.3,+59.4,+50.4,+40.4,+50.7,,,,,,,
2024-05-15 19:50,1,+56.0,+47.6,+59.4,+50.5,+40.5,+50.8,+20.3,+20.8,+20.8,+20.2,+20.2,+19.8,+19.7
2024-05-15 20:50,1,+54.0,+47.4,+59.6,+50.8,+40.5,+50.8,,,,,,,
2024-05-15 21:50,1,+56.2,+47.7,+59.6,+51.3,+41.1,+50.8,+20.1,+20.7,+20.7,+20.2,+20.2,+19.8,+19.7
2024-05-15 22:50,1,+59.9,+52.1,+60.1,+56.6,+59.6,+56.3,+19.1,+19.8,+20.7,+20.2,+20.2,+19.8,+19.7
2024-05-15 23:50,1,+53.9,+47.8,+59.9,+56.7,+59.3,+56.4,+19.2,+20.0,+20.5,+20.0,+20.2,+19.8,+19.7
2024-05-16 00:50,1,+51.9,+46.5,+59.7,+52.9,+50.9,+56.1,+19.2,+20.0,+20.5,+20.0,+20.2,+19.8,+19.8
2024-05-16 01:50,1,+51.5,+45.9,+59.6,+52.0,+45.6,+55.9,+19.3,+20.0,+20.3,+20.1,+20.2,+19.8,+19.8
2024-05-16 02:50,1,+51.0,+45.4,+59.5,+52.0,+43.6,+53.2,+19.3,+20.0,+20.3,+20.1,+20.2,+19.8,+19.8
2024-05-16 03:50,1,+50.8,+45.2,+59.4,+51.4,+42.4,+52.4,+19.3,+20.0,+20.3,+20.1,+20.2,+19.8,+19.8
2024-05-16 04:50,1,+50.6,+44.9,+59.4,+51.4,+42.1,+51.9,+19.3,+20.0,+20.2,+20.1,+20.2,+19.8,+19.8
2024-05-16 05:50,1,+50.4,+44.8,+59.3,+51.3,+41.9,+51.8,+19.3,+19.8,+20.2,+20.1,+20.2,+19.8,+19.8
2024-05-16 06:50,1,+50.3,+44.6,+59.3,+51.3,+41.7,+51.7,+19.5,+19.8,+20.2,+20.1,+20.2,+19.8,+19.8
2024-05-16 07:50,1,+50.2,+44.5,+59.2,+51.3,+41.6,+51.7,+20.1,+19.8,+20.1,+20.1,+20.2,+19.8,+19.8
2024-05-16 08:50,1,+50.1,+44.4,+59.2,+51.3,+41.5,+51.6,+20.5,+20.0,+20.2,+20.0,+20.2,+19.8,+19.8
2024-05-16 09:50,1,+50.1,+44.2,+59.1,+51.3,+41.5,+51.5,+20.6,+20.1,+20.1,+20.1,+20.2,+19.7,+19.8
2024-05-16 10:50,1,+50.0,+44.1,+59.1,+51.2,+41.4,+51.5,+21.1,+20.2,+20.2,+20.1,+20.2,+19.8,+19.8
2024-05-16 11:50,1,+50.0,+44.0,+59.0,+51.2,+41.3,+51.4,+21.2,+20.3,+20.2,+20.0,+20.2,+19.8,+19.8
2024-05-16 12:50,1,+49.9,+43.9,+59.0,+51.2,+41.4,+51.4,+21.5,+20.5,+20.2,+20.0,+20.2,+19.8,+19.8
2024-05-16 13:50,1,+49.9,+43.9,+58.9,+51.0,+41.2,+51.3,+21.3,+20.6,+20.2,+20.1,+20.2,+19.8,+19.8
2024-05-16 14:50,1,+49.9,+43.8,+58.9,+51.1,+41.2,+51.3,+21.3,+20.7,+20.3,+20.0,+20.2,+19.8,+19.8
2024-05-16 15:50,1,+55.2,+43.9,+58.9,+51.0,+41.2,+51.3,+21.2,+20.8,+20.3,+20.0,+20.1,+19.7,+19.8
2024-05-16 16:50,1,+52.7,+45.2,+58.9,+51.0,+41.1,+51.2,+20.8,+20.8,+20.5,+20.0,+20.2,+19.8,+19.8
2024-05-16 17:50,1,+52.1,+45.7,+59.0,+51.1,+41.2,+51.2,+20.7,+21.0,+20.6,+20.1,+20.2,+19.8,+19.8
2024-05-16 18:50,1,+51.6,+45.6,+59.1,+51.0,+41.1,+51.2,+20.6,+20.8,+20.6,+20.1,+20.1,+19.8,+19.8
2024-05-16 19:50,1,+51.3,+45.4,+59.2,+51.0,+41.1,+51.2,+20.5,+20.7,+20.6,+20.1,+20.2,+19.8,+19.8
2024-05-16 20:50,1,+51.1,+45.3,+59.2,+51.0,+41.1,+51.2,+20.5,+20.7,+20.6,+20.1,+20.2,+19.8,+19.7
2024-05-16 21:50,1,+51.0,+45.2,+59.2,+50.9,+41.0,+51.1,+20.3,+20.7,+20.6,+20.1,+20.2,+19.8,+19.8
2024-05-16 22:50,1,+50.9,+45.0,+59.2,+50.9,+41.0,+51.1,+20.2,+20.7,+20.6,+20.2,+20.2,+19.8,+19.7
2024-05-16 23:50,1,+50.8,+44.9,+59.1,+51.1,+41.1,+51.1,+20.2,+20.6,+20.6,+20.2,+20.2,+19.8,+19.8
2024-05-17 00:50,1,+50.7,+44.8,+59.1,+51.0,+41.1,+51.2,+20.2,+20.6,+20.6,+20.2,+20.2,+19.8,+19.8
2024-05-17 01:50,1,+50.6,+44.7,+59.1,+50.9,+41.0,+51.1,+20.2,+20.6,+20.6,+20.2,+20.2,+19.8,+19.8
2024-05-17 02:50,1,+50.6,+44.6,+59.0,+51.0,+41.0,+51.1,+20.2,+20.6,+20.6,+20.2,+20.2,+19.8,+19.8
2024-05-17 03:50,1,+50.5,+44.5,+59.0,+50.9,+41.0,+51.1,+20.1,+20.5,+20.5,+20.2,+20.2,+19.8,+19.8
2024-05-17 04:50,1,+50.5,+44.5,+59.0,+50.9,+41.0,+51.1,+20.0,+20.5,+20.5,+20.2,+20.2,+19.8,+19.7
2024-05-17 05:50,1,+50.4,+44.4,+59.0,+50.9,+40.9,+51.1,+20.0,+20.5,+20.5,+20.2,+20.2,+19.8,+19.8
2024-05-17 06:50,1,+50.4,+44.3,+59.0,+51.0,+41.0,+51.1,+20.2,+20.3,+20.5,+20.2,+20.2,+19.8,+19.8
2024-05-17 07:50,1,+50.3,+44.2,+58.9,+51.0,+41.0,+51.1,+21.0,+20.3,+20.5,+20.2,+20.2,+19.8,+19.8
2024-05-17 08:50,1,+50.2,+44.1,+58.9,+50.8,+40.9,+51.1,+21.7,+20.5,+20.5,+20.2,+20.2,+19.8,+19.8
2024-05-17 09:50,1,+50.2,+44.0,+58.9,+50.8,+40.9,+51.1,+22.3,+20.7,+20.5,+20.2,+20.2,+19.8,+19.8
2024-05-17 10:50,1,+50.2,+43.9,+58.9,+51.0,+40.9,+51.1,+22.6,+21.0,+20.5,+20.2,+20.2,+19.8,+19.8
2024-05-17 11:50,1,+56.5,+48.7,+59.7,+50.9,+40.9,+51.1,+22.6,+21.7,+20.6,+20.2,+20.2,+19.8,+19.8
2024-05-17 12:50,1,+58.0,+50.2,+60.2,+56.1,+61.4,+56.6,+20.7,+21.7,+21.6,+20.2,+20.2,+19.8,+19.7
2024-05-17 13:50,1,+53.5,+47.3,+60.0,+56.3,+61.2,+56.6,+21.0,+21.6,+21.6,+20.3,+20.2,+19.8,+19.8
2024-05-17 14:50,1,+52.5,+46.5,+59.8,+52.5,+51.4,+56.4,+21.1,+21.5,+21.5,+20.3,+20.2,+19.8,+19.7
2024-05-17 15:50,1,+52.0,+45.9,+59.7,+52.1,+46.5,+56.0,+21.2,+21.5,+21.3,+20.3,+20.2,+19.8,+19.7
2024-05-17 16:50,1,+51.7,+45.6,+59.7,+52.0,+44.4,+53.2,+21.3,+21.5,+21.3,+20.3,+20.2,+19.8,+19.7
2024-05-17 17:50,1,+51.6,+45.4,+59.6,+51.6,+42.3,+52.1,+21.3,+21.5,+21.2,+20.5,+20.2,+19.8,+19.8
2024-05-17 18:50,1,+51.5,+45.2,+59.6,+51.6,+42.0,+52.0,+21.2,+21.3,+21.2,+20.5,+20.3,+19.8,+19.8
2024-05-17 19:50,1,+51.3,+45.0,+59.5,+51.4,+41.9,+51.8,+21.1,+21.5,+21.2,+20.5,+20.3,+19.8,+19.8
2024-05-17 20:50,1,+51.7,+44.9,+59.5,+51.3,+41.7,+51.7,+21.1,+21.3,+21.2,+20.5,+20.3,+19.8,+19.8
2024-05-17 21:50,1,+58.2,+46.6,+59.5,+51.4,+41.7,+51.7,+20.8,+21.3,+21.1,+20.5,+20.3,+19.8,+19.8
2024-05-17 22:50,1,+53.5,+47.7,+60.2,+56.2,+59.7,+56.1,+20.6,+21.1,+21.2,+20.3,+20.3,+19.8,+19.8
2024-05-17 23:50,1,+53.5,+47.1,+60.0,+52.7,+51.6,+55.9,+20.6,+21.1,+21.2,+20.3,+20.3,+19.8,+19.8
2024-05-18 00:50,1,+52.7,+46.7,+60.0,+52.4,+47.9,+55.8,+20.5,+21.1,+21.1,+20.3,+20.3,+19.8,+19.8
2024-05-18 01:50,1,+52.6,+46.3,+59.9,+52.1,+45.6,+55.3,+20.5,+21.0,+21.0,+20.3,+20.3,+20.0,+19.8
2024-05-18 02:50,1,+52.7,+46.4,+59.9,+52.0,+44.8,+53.2,+20.5,+20.8,+21.0,+20.3,+20.3,+20.0,+19.8
2024-05-18 03:50,1,+52.8,+46.3,+59.9,+51.9,+43.0,+52.9,+20.3,+20.8,+21.0,+20.5,+20.3,+19.8,+19.8
2024-05-18 04:50,1,+53.0,+46.8,+60.0,+51.7,+42.6,+52.3,+20.3,+20.8,+21.0,+20.3,+20.3,+20.0,+19.8
2024-05-18 05:50,1,+52.5,+46.4,+59.9,+51.8,+42.7,+52.3,+20.3,+20.7,+20.8,+20.3,+20.3,+20.0,+19.8
2024-05-18 06:50,1,+52.0,+45.8,+59.9,+51.7,+42.5,+52.2,+20.3,+20.7,+20.8,+20.3,+20.3,+20.0,+19.8
2024-05-18 07:50,1,+51.8,+45.5,+59.8,+51.7,+42.3,+52.1,+20.5,+20.7,+20.8,+20.5,+20.5,+20.0,+20.0
2024-05-18 08:50,1,+51.5,+45.2,+59.7,+51.7,+42.1,+52.0,+20.8,+20.7,+20.8,+20.5,+20.3,+20.0,+19.8
2024-05-18 09:50,1,+51.4,+45.0,+59.6,+51.6,+42.0,+51.9,+21.1,+20.7,+20.7,+20.3,+20.5,+20.0,+20.0
2024-05-18 10:50,1,+51.2,+44.8,+59.6,+51.5,+41.9,+51.8,+21.5,+20.8,+20.7,+20.5,+20.5,+20.1,+19.8
2024-05-18 11:50,1,+51.1,+44.6,+59.5,+51.4,+41.7,+51.7,+21.7,+21.0,+20.7,+20.3,+20.3,+20.0,+20.0
2024-05-18 12:50,1,+51.1,+44.5,+59.4,+51.5,+41.7,+51.7,+21.8,+21.1,+20.7,+20.5,+20.5,+20.0,+19.8
2024-05-18 13:50,1,+51.0,+44.4,+59.4,+51.3,+41.5,+51.6,+21.8,+21.2,+20.8,+20.3,+20.3,+20.0,+20.0
2024-05-18 14:50,1,+50.9,+44.2,+59.3,+51.3,+41.5,+51.6,+21.8,+21.2,+20.8,+20.5,+20.5,+20.0,+19.8
2024-05-18 15:50,1,+50.9,+44.2,+59.2,+51.2,+41.4,+51.5,+21.7,+21.3,+21.0,+20.5,+20.5,+20.0,+20.0
2024-05-18 16:50,1,+50.9,+44.1,+59.2,+51.2,+41.4,+51.4,+21.6,+21.3,+21.0,+20.5,+20.5,+20.0,+20.0
2024-05-18 17:50,1,+50.9,+44.1,+59.2,+51.1,+41.3,+51.4,+21.5,+21.3,+21.0,+20.5,+20.5,+20.0,+20.0
2024-05-18 18:50,1,+50.8,+44.0,+59.1,+51.1,+41.3,+51.4,+21.2,+21.3,+21.1,+20.5,+20.5,+20.0,+19.8
2024-05-18 19:50,1,+50.8,+44.0,+59.1,+51.2,+41.3,+51.3,+21.1,+21.3,+21.0,+20.5,+20.5,+20.0,+20.0
2024-05-18 20:50,1,+50.7,+43.9,+59.1,+51.2,+41.3,+51.4,+21.0,+21.3,+21.1,+20.5,+20.5,+20.0,+20.0
2024-05-18 21:50,1,+50.7,+43.9,+59.1,+51.1,+41.2,+51.3,+20.8,+21.2,+21.1,+20.5,+20.5,+20.0,+20.0
2024-05-18 22:50,1,+50.7,+43.9,+59.1,+51.1,+41.2,+51.3,+20.7,+21.1,+21.1,+20.5,+20.5,+20.0,+20.0
2024-05-18 23:50,1,+50.6,+43.8,+59.0,+51.1,+41.2,+51.3,+20.6,+21.1,+21.1,+20.5,+20.5,+20.1,+20.0
2024-05-19 00:50,1,+50.6,+43.8,+59.0,+51.1,+41.1,+51.3,+20.5,+21.1,+21.0,+20.6,+20.5,+20.0,+20.0
2024-05-19 01:50,1,+50.5,+43.7,+59.0,+51.1,+41.1,+51.2,+20.5,+21.0,+21.0,+20.5,+20.5,+20.0,+20.0
2024-05-19 02:50,1,+50.5,+43.7,+59.0,+51.0,+41.1,+51.2,+20.5,+21.0,+21.0,+20.5,+20.5,+20.1,+20.0
2024-05-19 03:50,1,+50.5,+43.6,+59.0,+51.1,+41.1,+51.2,+20.3,+20.8,+21.0,+20.5,+20.5,+20.1,+20.0
2024-05-19 04:50,1,+50.4,+43.6,+59.0,+51.1,+41.1,+51.2,+20.3,+20.8,+21.0,+20.6,+20.5,+20.1,+20.0
2024-05-19 05:50,1,+50.4,+43.5,+59.0,+51.0,+41.0,+51.2,+20.2,+20.7,+21.0,+20.5,+20.5,+20.1,+20.0
2024-05-19 06:50,1,+50.4,+43.5,+59.0,+51.0,+41.0,+51.2,+20.2,+20.7,+20.8,+20.6,+20.5,+20.1,+20.0
2024-05-19 07:50,1,+50.4,+43.4,+58.9,+51.0,+41.0,+51.2,+20.2,+20.7,+20.8,+20.5,+20.5,+20.1,+20.0
2024-05-19 08:50,1,+50.3,+43.4,+58.9,+51.0,+41.0,+51.1,+20.3,+20.7,+20.7,+20.5,+20.5,+20.1,+20.0
2024-05-19 09:50,1,+50.3,+43.4,+58.9,+51.0,+41.0,+51.1,+20.5,+20.6,+20.8,+20.5,+20.5,+20.1,+20.0
2024-05-19 10:50,1,+50.2,+43.3,+58.9,+50.9,+40.9,+51.1,+20.7,+20.6,+20.7,+20.5,+20.5,+20.0,+20.0
2024-05-19 11:50,1,+50.2,+43.3,+58.9,+51.0,+41.0,+51.1,+20.8,+20.7,+20.7,+20.5,+20.5,+20.1,+20.0
2024-05-19 12:50,1,+50.2,+43.2,+58.9,+50.9,+40.9,+51.1,+20.7,+20.7,+20.7,+20.5,+20.6,+20.1,+20.0
2024-05-19 13:50,1,+50.2,+43.2,+58.9,+51.0,+40.9,+51.1,+20.7,+20.7,+20.7,+20.5,+20.5,+20.1,+20.0
2024-05-19 14:50,1,+50.4,+43.2,+58.8,+51.0,+41.0,+51.1,+20.7,+20.7,+20.7,+20.5,+20.5,+20.1,+20.0
2024-05-19 15:50,1,+51.1,+43.2,+58.8,+50.8,+40.9,+51.1,+20.7,+20.8,+20.7,+20.5,+20.5,+20.1,+20.0
2024-05-19 16:50,1,+53.1,+43.5,+58.8,+50.9,+40.9,+51.1,+20.6,+20.7,+20.7,+20.5,+20.5,+20.1,+20.0
2024-05-19 17:50,1,+53.0,+44.9,+58.8,+50.9,+40.9,+51.1,+20.5,+20.8,+20.7,+20.5,+20.5,+20.1,+20.0
2024-05-19 18:50,1,+52.9,+45.6,+58.9,+51.0,+41.0,+51.1,+20.3,+20.7,+20.7,+20.5,+20.5,+20.1,+20.0
2024-05-19 19:50,1,+52.4,+45.8,+59.1,+51.1,+41.0,+51.1,+20.3,+20.7,+20.7,+20.5,+20.5,+20.1,+20.0
2024-05-19 20:50,1,+52.1,+45.8,+59.2,+51.1,+41.1,+51.1,+20.2,+20.7,+20.7,+20.5,+20.5,+20.1,+20.0
2024-05-19 21:50,1,+51.9,+45.7,+59.3,+51.0,+41.1,+51.1,+20.2,+20.6,+20.7,+20.5,+20.6,+20.1,+20.0
2024-05-19 22:50,1,+51.8,+45.6,+59.4,+51.0,+41.1,+51.2,+20.1,+20.6,+20.7,+20.5,+20.6,+20.1,+20.0
2024-05-19 23:50,1,+51.7,+45.5,+59.4,+51.2,+41.1,+51.2,+20.0,+20.5,+20.7,+20.5,+20.6,+20.1,+20.0
2024-05-20 00:50,1,+51.6,+45.4,+59.3,+51.2,+41.1,+51.2,+20.0,+20.5,+20.7,+20.5,+20.5,+20.1,+20.0
2024-05-20 01:50,1,+51.4,+45.3,+59.3,+51.2,+41.2,+51.2,+20.0,+20.5,+20.7,+20.5,+20.5,+20.1,+20.0
2024-05-20 02:50,1,+51.4,+45.1,+59.3,+51.2,+41.1,+51.2,+19.8,+20.5,+20.7,+20.5,+20.5,+20.1,+20.0
2024-05-20 03:50,1,+51.3,+45.1,+59.3,+51.1,+41.2,+51.2,+19.7,+20.5,+20.6,+20.5,+20.5,+20.1,+20.0
2024-05-20 04:50,1,+51.3,+45.0,+59.3,+51.2,+41.2,+51.2,+19.7,+20.3,+20.6,+20.3,+20.5,+20.1,+20.0
2024-05-20 05:50,1,+51.2,+44.9,+59.2,+51.1,+41.1,+51.2,+19.7,+20.3,+20.6,+20.5,+20.5,+20.1,+20.1
2024-05-20 06:50,1,+51.1,+44.8,+59.2,+51.2,+41.2,+51.2,+19.7,+20.2,+20.6,+20.3,+20.5,+20.1,+20.0
2024-05-20 07:50,1,+51.1,+44.7,+59.2,+51.2,+41.1,+51.2,+19.7,+20.2,+20.5,+20.3,+20.5,+20.1,+20.0
2024-05-20 08:50,1,+51.1,+44.7,+59.1,+51.0,+41.1,+51.2,+19.8,+20.2,+20.5,+20.5,+20.5,+20.1,+20.0
2024-05-20 09:50,1,+51.0,+44.6,+59.1,+51.1,+41.1,+51.2,+20.0,+20.2,+20.5,+20.3,+20.6,+20.1,+20.0
2024-05-20 10:50,1,+51.0,+44.5,+59.1,+51.0,+41.1,+51.2,+20.1,+20.2,+20.5,+20.3,+20.5,+20.1,+20.1
2024-05-20 11:50,1,+50.9,+44.5,+59.0,+51.0,+41.0,+51.2,+20.2,+20.2,+20.5,+20.3,+20.5,+20.1,+20.0
2024-05-20 12:50,1,+50.9,+44.4,+59.0,+51.0,+41.1,+51.2,+20.3,+20.2,+20.5,+20.3,+20.5,+20.1,+20.0
2024-05-20 13:50,1,+50.8,+44.3,+59.0,+51.0,+41.1,+51.2,+20.7,+20.3,+20.5,+20.3,+20.5,+20.1,+20.0
2024-05-20 14:50,1,+50.7,+44.2,+59.0,+51.0,+41.0,+51.2,+20.7,+20.5,+20.3,+20.3,+20.5,+20.1,+20.1
2024-05-20 15:50,1,+50.7,+44.1,+59.0,+51.0,+41.0,+51.1,+20.7,+20.5,+20.5,+20.3,+20.5,+20.1,+20.1
2024-05-20 16:50,1,+50.7,+44.0,+59.0,+51.0,+41.0,+51.1,+20.8,+20.6,+20.5,+20.3,+20.5,+20.1,+20.1
2024-05-20 17:50,1,+50.7,+44.0,+59.0,+51.2,+41.1,+51.2,+20.8,+20.6,+20.5,+20.2,+20.5,+20.1,+20.0
2024-05-20 18:50,1,+50.6,+44.0,+59.0,+51.0,+41.0,+51.1,+20.7,+20.6,+20.5,+20.3,+20.5,+20.1,+20.0
2024-05-20 19:50,1,+50.6,+43.9,+59.0,+51.1,+41.0,+51.2,+20.7,+20.6,+20.5,+20.3,+20.5,+20.1,+20.0
2024-05-20 20:50,1,+50.7,+43.9,+58.9,+51.0,+41.0,+51.1,+20.6,+20.7,+20.5,+20.3,+20.5,+20.1,+20.0
2024-05-20 21:50,1,+51.3,+44.0,+58.9,+51.0,+41.0,+51.1,+20.6,+20.7,+20.6,+20.3,+20.5,+20.1,+20.0
2024-05-20 22:50,1,+51.3,+44.0,+58.9,+50.9,+40.9,+51.1,+20.6,+20.6,+20.6,+20.3,+20.5,+20.1,+20.1
2024-05-20 23:50,1,+51.2,+44.1,+58.9,+51.0,+41.0,+51.1,+20.5,+20.6,+20.6,+20.3,+20.5,+20.1,+20.1
2024-05-21 00:50,1,+51.2,+44.1,+58.9,+50.9,+40.9,+51.1,+20.3,+20.6,+20.6,+20.3,+20.5,+20.1,+20.0
2024-05-21 01:50,1,+51.1,+44.1,+58.9,+50.9,+40.9,+51.1,+20.3,+20.6,+20.6,+20.3,+20.5,+20.1,+20.0
2024-05-21 02:50,1,+51.1,+44.1,+58.9,+51.0,+40.9,+51.1,+20.2,+20.6,+20.6,+20.3,+20.5,+20.1,+20.0
2024-05-21 03:50,1,+51.0,+44.1,+58.9,+50.9,+41.0,+51.1,+20.1,+20.5,+20.6,+20.3,+20.5,+20.1,+20.0
2024-05-21 04:50,1,+50.9,+44.1,+58.9,+50.9,+40.9,+51.1,+20.1,+20.5,+20.6,+20.3,+20.5,+20.1,+20.0
2024-05-21 05:50,1,+50.9,+44.1,+58.8,+50.9,+40.9,+51.1,+20.0,+20.5,+20.6,+20.3,+20.5,+20.1,+20.0
2024-05-21 06:50,1,+50.8,+44.0,+58.8,+51.0,+40.9,+51.1,+20.0,+20.5,+20.6,+20.3,+20.5,+20.1,+20.0
2024-05-21 07:50,1,+50.8,+44.0,+58.8,+51.0,+40.9,+51.1,+20.2,+20.3,+20.6,+20.3,+20.5,+20.1,+20.1
2024-05-21 08:50,1,+50.7,+44.0,+58.8,+51.0,+40.9,+51.1,+20.5,+20.3,+20.5,+20.3,+20.5,+20.0,+20.0
2024-05-21 09:50,1,+50.6,+43.9,+58.8,+50.8,+40.9,+51.1,+20.6,+20.5,+20.6,+20.3,+20.5,+20.0,+20.1
2024-05-21 10:50,1,+50.5,+43.8,+58.8,+51.0,+40.9,+51.1,+21.1,+20.5,+20.5,+20.3,+20.5,+20.1,+20.0
2024-05-21 11:50,1,+50.4,+43.7,+58.8,+50.8,+40.8,+51.1,+21.3,+20.6,+20.5,+20.3,+20.5,+20.0,+20.0
2024-05-21 12:50,1,+50.4,+43.7,+58.8,+50.8,+40.8,+51.0,+21.5,+20.7,+20.6,+20.3,+20.5,+20.0,+20.0
2024-05-21 13:50,1,+50.4,+43.6,+58.8,+51.0,+40.9,+51.1,+21.6,+20.8,+20.6,+20.3,+20.5,+20.1,+20.0
2024-05-21 14:50,1,+50.4,+43.5,+58.8,+50.8,+40.8,+51.0,+21.5,+21.1,+20.6,+20.3,+20.5,+20.1,+20.0
2024-05-21 15:50,1,+50.3,+43.5,+58.8,+50.9,+40.8,+51.0,+21.3,+21.1,+20.6,+20.2,+20.5,+20.1,+20.0
2024-05-21 16:50,1,+50.2,+43.5,+58.8,+50.8,+40.8,+51.0,+21.2,+21.1,+20.7,+20.3,+20.5,+20.1,+20.0
2024-05-21 17:50,1,+50.2,+43.5,+58.8,+50.9,+40.9,+51.0,+21.0,+21.1,+20.7,+20.3,+20.5,+20.1,+20.1
2024-05-21 18:50,1,+50.2,+43.4,+58.8,+50.9,+40.9,+51.0,+20.7,+21.1,+20.7,+20.3,+20.5,+20.0,+20.0
2024-05-21 19:50,1,+50.1,+43.4,+58.8,+50.9,+40.8,+51.1,+20.6,+21.0,+20.8,+20.3,+20.5,+20.1,+20.0
2024-05-21 20:50,1,+50.0,+43.3,+58.8,+50.7,+40.8,+51.0,+20.5,+21.0,+20.8,+20.3,+20.5,+20.0,+20.0
2024-05-21 21:50,1,+50.0,+43.3,+58.8,+50.9,+40.8,+51.0,+20.3,+20.8,+20.8,+20.5,+20.5,+20.0,+20.1
2024-05-21 22:50,1,+50.0,+43.3,+58.8,+50.9,+40.8,+51.0,+20.2,+20.8,+20.8,+20.3,+20.5,+20.1,+20.0
2024-05-21 23:50,1,+50.0,+43.3,+58.7,+51.0,+40.9,+51.0,+20.1,+20.7,+20.8,+20.5,+20.5,+20.1,+20.1
2024-05-22 00:50,1,+49.9,+43.2,+58.7,+50.9,+40.8,+51.0,+20.0,+20.7,+20.8,+20.5,+20.5,+20.1,+20.0
2024-05-22 01:50,1,+49.9,+43.2,+58.7,+50.9,+40.8,+51.0,+20.0,+20.6,+20.7,+20.3,+20.5,+20.1,+20.0
2024-05-22 02:50,1,+49.8,+43.2,+58.7,+50.9,+40.8,+51.0,+19.8,+20.6,+20.7,+20.5,+20.5,+20.1,+20.0
2024-05-22 03:50,1,+49.8,+43.1,+58.7,+50.9,+40.8,+51.0,+19.7,+20.5,+20.7,+20.3,+20.5,+20.0,+20.0
2024-05-22 04:50,1,+49.7,+43.0,+58.7,+50.8,+40.7,+51.0,+19.7,+20.5,+20.7,+20.5,+20.5,+20.1,+20.0
2024-05-22 05:50,1,+49.7,+43.0,+58.7,+50.8,+40.7,+51.0,+19.6,+20.3,+20.6,+20.5,+20.5,+20.1,+20.1
2024-05-22 06:50,1,+49.6,+43.0,+58.7,+50.8,+40.7,+51.0,+19.8,+20.3,+20.6,+20.3,+20.5,+20.1,+20.0
2024-05-22 07:50,1,+49.6,+42.9,+58.7,+50.8,+40.7,+51.0,+20.0,+20.3,+20.6,+20.3,+20.5,+20.1,+20.1
2024-05-22 08:50,1,+49.5,+42.9,+58.7,+50.8,+40.7,+51.0,+20.2,+20.3,+20.6,+20.5,+20.5,+20.1,+20.0
2024-05-22 09:50,1,+49.4,+42.8,+58.7,+50.8,+40.9,+51.0,+20.6,+20.3,+20.5,+20.3,+20.5,+20.1,+20.0
2024-05-22 10:50,1,+48.9,+42.7,+58.7,+50.8,+40.7,+51.0,+21.1,+20.5,+20.5,+20.3,+20.5,+20.1,+20.0
2024-05-22 11:50,1,+48.9,+42.6,+58.7,+50.8,+40.7,+51.0,+21.3,+20.6,+20.5,+20.3,+20.5,+20.1,+20.0
2024-05-22 12:50,1,+48.8,+42.6,+58.7,+50.7,+40.7,+51.0,+21.5,+20.6,+20.5,+20.3,+20.5,+20.1,+20.0
2024-05-22 13:50,1,+48.8,+42.5,+58.7,+50.7,+40.7,+50.9,+21.3,+20.8,+20.6,+20.3,+20.5,+20.1,+20.0
2024-05-22 14:50,1,+48.8,+42.5,+58.7,+50.8,+40.7,+51.0,+21.2,+21.0,+20.6,+20.3,+20.5,+20.0,+20.1
2024-05-22 15:50,1,+48.7,+42.5,+58.7,+50.8,+40.7,+50.9,+21.2,+21.0,+20.7,+20.3,+20.5,+20.1,+20.1
2024-05-22 16:50,1,+48.7,+42.5,+58.7,+50.7,+40.7,+51.0,+21.1,+21.0,+20.7,+20.3,+20.5,+20.1,+20.1
2024-05-22 17:50,1,+48.7,+42.5,+58.7,+50.7,+40.7,+50.9,+21.1,+21.0,+20.7,+20.3,+20.5,+20.1,+20.1
2024-05-22 18:50,1,+48.7,+42.4,+58.7,+50.9,+40.7,+51.0,+21.0,+21.1,+20.7,+20.3,+20.5,+20.1,+20.1
2024-05-22 19:50,1,+48.7,+42.5,+58.7,+50.8,+40.7,+50.9,+21.0,+21.0,+20.7,+20.3,+20.5,+20.1,+20.1
2024-05-22 20:50,1,+48.6,+42.4,+58.7,+50.8,+40.7,+51.0,+20.8,+21.0,+20.8,+20.3,+20.5,+20.1,+20.0
2024-05-22 21:50,1,+48.6,+42.4,+58.7,+50.8,+40.7,+51.0,+20.7,+21.0,+20.8,+20.3,+20.5,+20.1,+20.0
2024-05-22 22:50,1,+48.6,+42.4,+58.7,+50.8,+40.7,+51.0,+20.6,+21.0,+20.8,+20.3,+20.5,+20.1,+20.0
2024-05-22 23:50,1,+48.5,+42.3,+58.7,+50.7,+40.7,+50.9,+20.3,+20.8,+20.8,+20.3,+20.5,+20.1,+20.0
2024-05-23 00:50,1,+48.5,+42.3,+58.7,+50.8,+40.7,+51.0,+20.2,+20.8,+20.7,+20.5,+20.5,+20.1,+20.0
2024-05-23 01:50,1,+48.4,+42.3,+58.6,+50.8,+40.7,+51.0,+20.1,+20.7,+20.7,+20.5,+20.5,+20.1,+20.1
2024-05-23 02:50,1,+48.3,+42.3,+58.6,+50.8,+40.7,+51.0,+19.8,+20.6,+20.7,+20.5,+20.5,+20.1,+20.0
2024-05-23 03:50,1,+48.3,+42.3,+58.6,+50.8,+40.7,+50.9,+19.8,+20.6,+20.7,+20.5,+20.5,+20.1,+20.0
2024-05-23 04:50,1,+48.2,+42.2,+58.6,+50.8,+40.7,+51.0,+19.6,+20.5,+20.7,+20.5,+20.5,+20.1,+20.1
2024-05-23 05:50,1,+48.1,+42.2,+58.6,+50.8,+40.7,+50.9,+19.6,+20.5,+20.7,+20.5,+20.5,+20.1,+20.1
2024-05-23 06:50,1,+48.0,+42.1,+58.6,+50.8,+40.7,+50.9,+19.6,+20.3,+20.7,+20.3,+20.5,+20.1,+20.0
2024-05-23 07:50,1,+47.9,+42.1,+58.6,+50.7,+40.6,+50.9,+20.0,+20.3,+20.6,+20.3,+20.5,+20.1,+20.1
2024-05-23 08:50,1,+47.7,+42.0,+58.6,+50.6,+40.7,+50.9,+20.6,+20.2,+20.6,+20.3,+20.5,+20.1,+20.1
2024-05-23 09:50,1,+47.5,+41.9,+58.5,+50.7,+40.6,+50.9,+21.2,+20.3,+20.6,+20.5,+20.5,+20.1,+20.0
2024-05-23 10:50,1,+47.4,+41.8,+58.5,+50.6,+40.6,+50.9,+22.0,+20.6,+20.6,+20.5,+20.5,+20.1,+20.1
2024-05-23 11:50,1,+47.4,+41.8,+58.5,+50.8,+40.6,+50.9,+22.3,+20.8,+20.6,+20.3,+20.5,+20.1,+20.1
2024-05-23 12:50,1,+47.4,+41.8,+58.5,+50.6,+40.6,+50.9,+22.2,+21.1,+20.6,+20.3,+20.5,+20.1,+20.1
2024-05-23 13:50,1,+47.3,+41.8,+58.5,+50.8,+40.7,+50.9,+22.0,+21.2,+20.7,+20.3,+20.5,+20.0,+20.0
2024-05-23 14:50,1,+47.3,+41.7,+58.6,+50.7,+40.6,+50.9,+21.8,+21.2,+20.7,+20.3,+20.5,+20.1,+20.1
2024-05-23 15:50,1,+47.2,+41.8,+58.6,+50.6,+40.6,+50.9,+21.7,+21.3,+20.8,+20.3,+20.5,+20.1,+20.1
2024-05-23 16:50,1,+47.2,+41.7,+58.6,+50.7,+40.6,+50.9,+21.6,+21.3,+21.0,+20.5,+20.5,+20.1,+20.1
2024-05-23 17:50,1,+47.2,+41.8,+58.6,+50.6,+40.6,+50.9,+21.5,+21.5,+21.0,+20.5,+20.5,+20.1,+20.0
2024-05-23 18:50,1,+47.2,+41.8,+58.6,+50.6,+40.6,+50.9,+21.5,+21.5,+21.0,+20.5,+20.5,+20.1,+20.1
2024-05-23 19:50,1,+53.5,+43.4,+58.7,+50.8,+40.7,+51.0,+21.1,+21.3,+21.1,+20.5,+20.5,+20.1,+20.1
2024-05-23 20:50,1,+53.0,+44.9,+58.7,+50.8,+40.7,+51.0,+21.0,+21.2,+21.1,+20.5,+20.5,+20.1,+20.1
2024-05-23 21:50,1,+52.3,+45.5,+58.8,+50.8,+40.7,+51.0,+20.8,+21.2,+21.1,+20.5,+20.5,+20.1,+20.0
2024-05-23 22:50,1,+52.1,+45.6,+58.9,+50.6,+40.7,+51.1,+20.8,+21.2,+21.1,+20.5,+20.5,+20.1,+20.1
2024-05-23 23:50,1,+51.8,+45.5,+59.0,+50.8,+40.7,+51.0,+20.6,+21.2,+21.1,+20.6,+20.6,+20.1,+20.1
2024-05-24 00:50,1,+51.7,+45.4,+59.0,+50.6,+40.6,+50.9,+20.6,+21.1,+21.1,+20.6,+20.6,+20.1,+20.1
2024-05-24 01:50,1,+51.5,+45.3,+59.0,+50.7,+40.6,+51.0,+20.6,+21.1,+21.1,+20.6,+20.6,+20.1,+20.1
2024-05-24 02:50,1,+51.4,+45.2,+59.0,+50.7,+40.6,+50.9,+20.5,+21.0,+21.0,+20.6,+20.6,+20.1,+20.1
2024-05-24 03:50,1,+51.3,+45.1,+59.1,+50.6,+40.7,+50.9,+20.3,+21.0,+21.1,+20.6,+20.5,+20.1,+20.1
2024-05-24 04:50,1,+51.2,+45.0,+59.0,+50.8,+40.7,+50.9,+20.2,+20.8,+21.0,+20.6,+20.5,+20.1,+20.0
2024-05-24 05:50,1,+51.1,+44.9,+59.0,+50.8,+40.6,+50.9,+20.2,+20.7,+21.0,+20.6,+20.6,+20.1,+20.1
2024-05-24 06:50,1,+51.1,+44.9,+59.0,+50.8,+40.7,+51.0,+20.2,+20.7,+21.0,+20.6,+20.6,+20.2,+20.1
2024-05-24 07:50,1,+51.0,+44.8,+59.0,+50.8,+40.7,+50.9,+20.5,+20.7,+21.0,+20.6,+20.6,+20.1,+20.1
2024-05-24 08:50,1,+50.9,+44.7,+59.0,+50.8,+40.7,+50.9,+20.8,+20.7,+20.8,+20.6,+20.6,+20.1,+20.1
2024-05-24 09:50,1,+50.9,+44.6,+59.0,+50.8,+40.7,+50.9,+21.1,+20.7,+20.8,+20.6,+20.6,+20.2,+20.1
2024-05-24 10:50,1,+50.8,+44.5,+59.0,+50.8,+40.7,+50.9,+21.6,+20.8,+20.8,+20.6,+20.6,+20.2,+20.1
2024-05-24 11:50,1,+50.8,+44.5,+59.0,+50.9,+40.7,+51.0,+21.8,+21.1,+20.8,+20.6,+20.6,+20.2,+20.1
2024-05-24 12:50,1,+50.7,+44.4,+59.0,+50.9,+40.7,+51.0,+21.8,+21.1,+20.8,+20.5,+20.6,+20.2,+20.1
2024-05-24 13:50,1,+50.7,+44.3,+59.0,+50.8,+40.7,+50.9,+21.8,+21.2,+20.8,+20.5,+20.6,+20.2,+20.1
2024-05-24 14:50,1,+50.6,+44.2,+59.0,+50.8,+40.7,+50.9,+21.7,+21.3,+20.8,+20.5,+20.6,+20.2,+20.1
2024-05-24 15:50,1,+50.6,+44.2,+59.0,+50.8,+40.7,+50.9,+21.7,+21.3,+21.0,+20.5,+20.6,+20.2,+20.1
2024-05-24 16:50,1,+50.6,+44.1,+59.0,+50.8,+40.7,+50.9,+21.6,+21.5,+21.1,+20.6,+20.6,+20.1,+20.1
2024-05-24 17:50,1,+50.6,+44.0,+59.0,+50.8,+40.7,+50.9,+21.6,+21.5,+21.1,+20.5,+20.6,+20.2,+20.1
2024-05-24 18:50,1,+50.5,+44.0,+59.0,+50.9,+40.7,+51.0,+21.3,+21.5,+21.1,+20.6,+20.6,+20.2,+20.1
2024-05-24 19:50,1,+50.5,+44.0,+59.0,+50.8,+40.7,+51.0,+21.3,+21.5,+21.1,+20.6,+20.6,+20.2,+20.1
2024-05-24 20:50,1,+50.5,+43.9,+58.9,+50.8,+40.7,+50.9,+21.2,+21.5,+21.1,+20.6,+20.6,+20.2,+20.1
2024-05-24 21:50,1,+50.4,+43.9,+58.9,+50.8,+40.7,+50.9,+21.1,+21.3,+21.1,+20.6,+20.6,+20.2,+20.1
2024-05-24 22:50,1,+50.4,+43.9,+58.9,+50.9,+40.8,+51.0,+21.0,+21.3,+21.2,+20.6,+20.6,+20.2,+20.1
2024-05-24 23:50,1,+50.3,+43.8,+58.9,+50.8,+40.7,+51.0,+20.8,+21.2,+21.2,+20.6,+20.6,+20.2,+20.1
2024-05-25 00:50,1,+50.3,+43.8,+58.9,+50.8,+40.7,+51.0,+20.8,+21.2,+21.2,+20.7,+20.6,+20.2,+20.1
2024-05-25 01:50,1,+50.2,+43.7,+58.9,+50.8,+40.7,+50.9,+20.6,+21.1,+21.1,+20.6,+20.6,+20.2,+20.1
2024-05-25 02:50,1,+50.2,+43.7,+58.9,+50.9,+40.8,+51.0,+20.6,+21.1,+21.1,+20.6,+20.6,+20.2,+20.1
2024-05-25 03:50,1,+50.1,+43.7,+58.9,+50.9,+40.8,+51.0,+20.5,+21.1,+21.1,+20.6,+20.6,+20.2,+20.1
2024-05-25 04:50,1,+50.0,+43.6,+58.9,+50.9,+40.8,+51.0,+20.3,+21.0,+21.1,+20.7,+20.6,+20.2,+20.1
2024-05-25 05:50,1,+50.0,+43.6,+58.9,+50.8,+40.7,+50.9,+20.2,+20.8,+21.1,+20.6,+20.7,+20.2,+20.1
2024-05-25 06:50,1,+49.9,+43.5,+58.9,+50.8,+40.7,+50.9,+20.2,+20.8,+21.0,+20.6,+20.6,+20.2,+20.1
2024-05-25 07:50,1,+49.7,+43.4,+58.8,+50.9,+40.8,+51.0,+20.7,+20.7,+21.0,+20.7,+20.7,+20.2,+20.1
2024-05-25 08:50,1,+49.5,+43.3,+58.8,+50.8,+40.7,+51.0,+21.2,+20.8,+21.0,+20.6,+20.7,+20.2,+20.1
2024-05-25 09:50,1,+49.4,+43.2,+58.8,+50.9,+40.8,+51.0,+21.7,+21.0,+21.0,+20.7,+20.7,+20.2,+20.1
2024-05-25 10:50,1,+49.3,+43.1,+58.8,+50.8,+40.7,+50.9,+22.3,+21.1,+20.8,+20.7,+20.7,+20.2,+20.2
2024-05-25 11:50,1,+49.2,+43.0,+58.8,+50.8,+40.7,+51.0,+22.6,+21.3,+21.0,+20.7,+20.7,+20.2,+20.1
2024-05-25 12:50,1,+49.2,+43.0,+58.8,+50.9,+40.7,+51.0,+22.5,+21.5,+21.0,+20.6,+20.7,+20.2,+20.2
2024-05-25 13:50,1,+49.1,+43.0,+58.8,+50.9,+40.7,+51.0,+22.3,+21.6,+21.1,+20.6,+20.7,+20.2,+20.1
2024-05-25 14:50,1,+49.1,+42.9,+58.8,+50.8,+40.7,+51.0,+22.2,+21.7,+21.1,+20.6,+20.7,+20.2,+20.1
2024-05-25 15:50,1,+49.1,+42.9,+58.8,+50.9,+40.7,+51.0,+22.0,+21.8,+21.2,+20.7,+20.7,+20.2,+20.1
2024-05-25 16:50,1,+49.0,+42.9,+58.8,+50.8,+40.7,+51.0,+21.8,+21.7,+21.3,+20.7,+20.6,+20.2,+20.2
2024-05-25 17:50,1,+49.0,+42.9,+58.8,+50.9,+40.7,+51.0,+21.7,+21.7,+21.3,+20.7,+20.7,+20.2,+20.1
2024-05-25 18:50,1,+48.9,+42.9,+58.8,+50.8,+40.7,+51.0,+21.6,+21.7,+21.3,+20.7,+20.7,+20.2,+20.2
2024-05-25 19:50,1,+48.9,+42.8,+58.8,+50.8,+40.7,+50.9,+21.3,+21.7,+21.3,+20.7,+20.7,+20.2,+20.2
2024-05-25 20:50,1,+48.8,+42.8,+58.8,+50.8,+40.7,+50.9,+21.2,+21.6,+21.3,+20.7,+20.7,+20.2,+20.2
2024-05-25 21:50,1,+48.8,+42.8,+58.8,+50.8,+40.7,+50.9,+21.0,+21.6,+21.3,+20.7,+20.7,+20.2,+20.1
2024-05-25 22:50,1,+48.7,+42.8,+58.8,+50.8,+40.7,+50.9,+20.7,+21.5,+21.3,+20.7,+20.7,+20.2,+20.2
2024-05-25 23:50,1,+48.6,+42.7,+58.8,+50.9,+40.7,+51.0,+20.6,+21.3,+21.3,+20.7,+20.7,+20.2,+20.2
2024-05-26 00:50,1,+48.5,+42.7,+58.8,+50.7,+40.7,+51.0,+20.3,+21.3,+21.3,+20.8,+20.7,+20.2,+20.2
2024-05-26 01:50,1,+48.4,+42.6,+58.8,+50.7,+40.7,+50.9,+20.2,+21.2,+21.3,+20.7,+20.7,+20.3,+20.2
2024-05-26 02:50,1,+48.3,+42.6,+58.7,+50.8,+40.7,+51.0,+20.1,+21.1,+21.2,+20.7,+20.7,+20.3,+20.2
2024-05-26 03:50,1,+48.2,+42.5,+58.7,+50.8,+40.7,+50.9,+20.0,+21.0,+21.2,+20.7,+20.7,+20.3,+20.2
2024-05-26 04:50,1,+48.2,+42.5,+58.7,+50.8,+40.7,+50.9,+20.0,+20.8,+21.2,+20.8,+20.7,+20.2,+20.2
2024-05-26 05:50,1,+48.1,+42.5,+58.7,+50.9,+40.7,+51.0,+19.8,+20.7,+21.1,+20.7,+20.7,+20.2,+20.2
2024-05-26 06:50,1,+48.0,+42.4,+58.7,+50.8,+40.7,+51.0,+19.8,+20.7,+21.1,+20.8,+20.7,+20.3,+20.2
2024-05-26 07:50,1,+48.0,+42.4,+58.7,+50.8,+40.7,+51.0,+20.0,+20.6,+21.0,+20.7,+20.8,+20.3,+20.2
2024-05-26 08:50,1,+47.9,+42.3,+58.7,+50.7,+40.6,+50.9,+20.1,+20.6,+21.0,+20.7,+20.7,+20.3,+20.2
2024-05-26 09:50,1,+47.8,+42.3,+58.7,+50.8,+40.7,+50.9,+20.3,+20.6,+21.0,+20.7,+20.7,+20.3,+20.2
2024-05-26 10:50,1,+47.6,+42.2,+58.7,+50.7,+40.7,+50.9,+20.8,+20.6,+20.8,+20.7,+20.7,+20.3,+20.2
2024-05-26 11:50,1,+47.5,+42.1,+58.7,+50.7,+40.6,+50.9,+21.2,+20.7,+20.8,+20.7,+20.7,+20.3,+20.2
2024-05-26 12:50,1,+47.4,+42.1,+58.7,+50.9,+40.7,+50.9,+21.3,+20.8,+20.8,+20.7,+20.7,+20.3,+20.2
2024-05-26 13:50,1,+47.4,+42.1,+58.7,+50.7,+40.6,+50.9,+21.5,+20.8,+20.8,+20.7,+20.7,+20.3,+20.2
2024-05-26 14:50,1,+47.3,+42.1,+58.7,+50.8,+40.7,+51.0,+21.5,+21.0,+20.8,+20.7,+20.8,+20.2,+20.2
2024-05-26 15:50,1,+47.3,+42.0,+58.7,+50.7,+40.6,+50.9,+21.5,+21.1,+20.8,+20.6,+20.7,+20.3,+20.2
2024-05-26 16:50,1,+47.3,+42.0,+58.7,+50.8,+40.7,+51.0,+21.5,+21.2,+21.0,+20.6,+20.7,+20.3,+20.2
2024-05-26 17:50,1,+47.4,+42.0,+58.7,+50.8,+40.7,+51.0,+21.3,+21.2,+21.0,+20.6,+20.7,+20.3,+20.2
2024-05-26 18:50,1,+47.9,+42.0,+58.7,+50.7,+40.6,+50.9,+21.2,+21.2,+21.0,+20.7,+20.7,+20.3,+20.2
2024-05-26 19:50,1,+47.8,+42.0,+58.7,+50.8,+40.7,+51.0,,,,,,,
2024-05-26 20:50,1,+47.8,+42.0,+58.7,+50.7,+40.6,+50.9,+21.0,+21.2,+21.1,+20.7,+20.7,+20.3,+20.2
2024-05-26 21:50,1,+47.8,+42.0,+58.7,+50.8,+40.7,+51.0,+20.7,+21.2,+21.1,+20.6,+20.7,+20.3,+20.2
2024-05-26 22:50,1,+47.8,+42.0,+58.7,+50.8,+40.7,+51.0,+20.6,+21.1,+21.1,+20.7,+20.7,+20.3,+20.2
2024-05-26 23:50,1,+47.7,+42.0,+58.7,+50.7,+40.6,+50.9,+20.5,+21.0,+21.1,+20.7,+20.7,+20.3,+20.2
2024-05-27 00:50,1,+47.6,+42.0,+58.7,+50.8,+40.7,+51.0,,,,,,,
2024-05-27 01:50,1,+47.6,+41.9,+58.7,+50.8,+40.7,+50.9,+20.1,+20.8,+21.0,+20.7,+20.7,+20.3,+20.2
2024-05-27 02:50,1,+47.5,+41.9,+58.7,+50.8,+40.7,+50.9,+20.0,+20.8,+21.0,+20.7,+20.7,+20.3,+20.2
2024-05-27 03:50,1,+47.5,+41.9,+58.6,+50.7,+40.6,+50.9,+19.8,+20.7,+21.0,+20.7,+20.7,+20.3,+20.2
2024-05-27 04:50,1,+47.4,+41.9,+58.6,+50.8,+40.7,+50.9,+19.8,+20.6,+21.0,+20.7,+20.7,+20.3,+20.2
2024-05-27 05:50,1,+47.4,+41.9,+58.6,+50.8,+40.7,+50.9,+19.6,+20.6,+21.0,+20.7,+20.7,+20.3,+20.2
2024-05-27 06:50,1,+47.2,+41.8,+58.6,+50.7,+40.6,+50.9,+19.8,+20.6,+20.8,+20.7,+20.7,+20.3,+20.2
2024-05-27 07:50,1,+47.0,+41.7,+58.6,+50.8,+40.6,+50.9,+20.3,+20.5,+20.8,+20.7,+20.7,+20.3,+20.2
2024-05-27 08:50,1,+46.8,+41.7,+58.6,+50.8,+40.7,+50.9,+20.8,+20.5,+20.7,+20.6,+20.7,+20.3,+20.2
2024-05-27 09:50,1,+46.6,+41.6,+58.6,+50.7,+40.6,+50.9,+21.3,+20.6,+20.7,+20.6,+20.7,+20.3,+20.2
2024-05-27 10:50,1,+46.4,+41.5,+58.6,+50.7,+40.6,+50.9,+21.7,+20.7,+20.7,+20.6,+20.7,+20.3,+20.2
2024-05-27 11:50,1,+46.3,+41.5,+58.6,+50.8,+40.6,+50.9,+21.8,+21.0,+20.7,+20.6,+20.7,+20.3,+20.2
2024-05-27 12:50,1,+46.2,+41.5,+58.6,+50.8,+40.6,+50.9,+21.7,+21.1,+20.8,+20.6,+20.7,+20.3,+20.2
2024-05-27 13:50,1,+46.2,+41.5,+58.6,+50.8,+40.7,+50.9,+21.6,+21.2,+20.8,+20.6,+20.6,+20.3,+20.2
2024-05-27 14:50,1,+46.0,+41.4,+58.6,+50.8,+40.6,+50.9,+21.6,+21.2,+21.0,+20.6,+20.7,+20.2,+20.2
2024-05-27 15:50,1,+46.0,+41.4,+58.6,+50.8,+40.6,+50.9,+21.5,+21.3,+21.0,+20.6,+20.7,+20.3,+20.2
2024-05-27 16:50,1,+45.9,+41.4,+58.6,+50.6,+40.6,+50.9,+21.3,+21.3,+21.1,+20.6,+20.7,+20.2,+20.2
2024-05-27 17:50,1,+45.9,+41.5,+58.6,+50.8,+40.6,+50.9,+21.3,+21.3,+21.1,+20.6,+20.7,+20.3,+20.2
2024-05-27 18:50,1,+45.9,+41.5,+58.6,+50.7,+40.6,+51.0,+21.2,+21.3,+21.1,+20.6,+20.7,+20.3,+20.2
2024-05-27 19:50,1,+45.9,+41.4,+58.6,+50.6,+40.6,+50.9,+21.1,+21.3,+21.1,+20.7,+20.7,+20.3,+20.2
2024-05-27 20:50,1,+45.8,+41.5,+58.6,+50.8,+40.6,+50.9,+21.0,+21.3,+21.1,+20.7,+20.7,+20.3,+20.2
2024-05-27 21:50,1,+45.8,+41.5,+58.6,+50.8,+40.6,+50.9,+20.8,+21.2,+21.1,+20.7,+20.7,+20.3,+20.2
2024-05-27 22:50,1,+45.8,+41.4,+58.6,+50.6,+40.6,+50.9,+20.6,+21.2,+21.1,+20.7,+20.7,+20.3,+20.2
2024-05-27 23:50,1,+45.7,+41.4,+58.6,+50.7,+40.6,+50.9,+20.5,+21.1,+21.1,+20.7,+20.7,+20.3,+20.3
2024-05-28 00:50,1,+45.7,+41.4,+58.6,+50.7,+40.6,+50.9,+20.3,+21.1,+21.1,+20.7,+20.7,+20.3,+20.2
2024-05-28 01:50,1,+45.7,+41.4,+58.6,+50.7,+40.6,+50.9,+20.2,+21.0,+21.1,+20.7,+20.7,+20.2,+20.2
2024-05-28 02:50,1,+45.6,+41.4,+58.6,+50.8,+40.6,+50.9,+20.2,+20.8,+21.1,+20.7,+20.7,+20.3,+20.3
2024-05-28 03:50,1,+45.6,+41.4,+58.6,+50.6,+40.6,+50.9,+20.0,+20.8,+21.1,+20.7,+20.7,+20.3,+20.3
2024-05-28 04:50,1,+45.5,+41.4,+58.6,+50.8,+40.6,+50.9,+19.8,+20.7,+21.0,+20.7,+20.8,+20.3,+20.2
2024-05-28 05:50,1,+45.5,+41.4,+58.6,+50.6,+40.6,+50.9,+19.8,+20.7,+21.0,+20.7,+20.7,+20.3,+20.2
2024-05-28 06:50,1,+45.4,+41.4,+58.6,+50.7,+40.6,+50.9,+19.8,+20.6,+20.8,+20.7,+20.7,+20.3,+20.2
2024-05-28 07:50,1,+45.3,+41.3,+58.6,+50.6,+40.5,+50.9,+19.8,+20.6,+21.0,+20.7,+20.7,+20.3,+20.2
2024-05-28 08:50,1,+45.2,+41.3,+58.5,+50.7,+40.6,+50.9,+20.0,+20.5,+20.8,+20.7,+20.7,+20.3,+20.3
2024-05-28 09:50,1,+45.1,+41.3,+58.5,+50.6,+40.6,+50.9,+20.2,+20.5,+20.8,+20.7,+20.7,+20.3,+20.2
2024-05-28 10:50,1,+45.1,+41.2,+58.5,+50.7,+40.6,+50.9,+20.6,+20.5,+20.8,+20.7,+20.7,+20.3,+20.2
2024-05-28 11:50,1,+45.0,+41.2,+58.5,+50.7,+40.6,+50.9,+20.8,+20.6,+20.7,+20.6,+20.7,+20.3,+20.3
2024-05-28 12:50,1,+44.8,+41.2,+58.5,+50.7,+40.6,+50.9,+21.1,+20.6,+20.7,+20.6,+20.7,+20.3,+20.2
2024-05-28 13:50,1,+44.8,+41.1,+58.5,+50.6,+40.6,+50.8,+21.1,+20.7,+20.7,+20.6,+20.7,+20.3,+20.2
2024-05-28 14:50,1,+44.8,+41.1,+58.5,+50.6,+40.6,+50.8,+21.1,+20.8,+20.7,+20.6,+20.7,+20.3,+20.2
2024-05-28 15:50,1,+49.6,+41.5,+58.6,+50.7,+40.7,+51.0,+20.8,+21.0,+20.8,+20.6,+20.7,+20.3,+20.2
2024-05-28 16:50,1,+51.4,+43.6,+58.7,+50.6,+40.6,+50.9,+20.5,+20.8,+20.8,+20.6,+20.7,+20.3,+20.3
2024-05-28 17:50,1,+51.7,+44.5,+58.7,+50.8,+40.7,+51.0,+20.3,+20.8,+20.8,+20.6,+20.7,+20.2,+20.2
2024-05-28 18:50,1,+51.5,+44.8,+58.7,+50.8,+40.7,+51.0,+20.1,+20.7,+21.0,+20.6,+20.7,+20.3,+20.2
2024-05-28 19:50,1,+51.4,+44.9,+58.8,+50.9,+40.7,+51.0,+20.0,+20.7,+20.8,+20.6,+20.8,+20.3,+20.2
2024-05-28 20:50,1,+52.2,+45.2,+58.9,+50.8,+40.7,+51.0,+19.8,+20.6,+20.8,+20.6,+20.7,+20.3,+20.2
2024-05-28 21:50,1,+51.9,+45.4,+59.0,+50.8,+40.8,+50.9,+19.7,+20.5,+20.8,+20.6,+20.7,+20.3,+20.2
2024-05-28 22:50,1,+51.7,+45.5,+59.0,+51.0,+40.8,+51.0,+19.6,+20.5,+20.7,+20.6,+20.7,+20.3,+20.2
2024-05-28 23:50,1,+51.6,+45.4,+59.1,+50.9,+40.8,+51.0,+19.5,+20.5,+20.7,+20.6,+20.7,+20.3,+20.2
2024-05-29 00:50,1,+51.5,+45.4,+59.2,+51.1,+40.9,+51.0,+19.5,+20.3,+20.7,+20.6,+20.7,+20.3,+20.2
2024-05-29 01:50,1,+51.4,+45.3,+59.2,+51.0,+40.9,+51.0,+19.5,+20.3,+20.7,+20.6,+20.7,+20.3,+20.3
2024-05-29 02:50,1,+51.7,+45.3,+59.2,+51.2,+40.9,+51.1,+19.5,+20.2,+20.7,+20.6,+20.7,+20.3,+20.3
2024-05-29 03:50,1,+51.7,+45.3,+59.2,+51.2,+41.0,+51.1,+19.3,+20.1,+20.6,+20.6,+20.7,+20.3,+20.3
2024-05-29 04:50,1,+52.0,+45.4,+59.2,+51.2,+41.0,+51.1,+19.3,+20.1,+20.5,+20.6,+20.7,+20.3,+20.2
2024-05-29 05:50,1,+54.2,+47.5,+59.9,+51.2,+41.1,+51.1,+19.2,+20.1,+20.5,+20.6,+20.7,+20.3,+20.2
2024-05-29 06:50,1,+53.2,+46.9,+59.9,+52.0,+41.9,+51.2,+19.2,+20.0,+20.5,+20.5,+20.7,+20.3,+20.2
2024-05-29 07:50,1,+52.6,+46.4,+59.9,+52.0,+42.8,+51.9,+19.2,+19.8,+20.3,+20.5,+20.7,+20.3,+20.2
2024-05-29 08:50,1,+52.2,+46.0,+59.8,+52.0,+42.8,+52.1,+19.5,+19.8,+20.3,+20.5,+20.7,+20.3,+20.2
2024-05-29 09:50,1,+52.0,+45.7,+59.7,+51.9,+42.7,+52.2,+19.7,+19.8,+20.3,+20.5,+20.6,+20.2,+20.3
2024-05-29 10:50,1,+51.9,+45.5,+59.7,+51.7,+42.5,+52.2,+19.8,+20.0,+20.3,+20.3,+20.6,+20.2,+20.3
2024-05-29 11:50,1,+51.8,+45.3,+59.7,+51.8,+42.3,+52.2,+20.1,+20.0,+20.2,+20.5,+20.6,+20.2,+20.3
2024-05-29 12:50,1,+51.7,+45.2,+59.6,+51.9,+42.3,+52.1,+20.3,+20.1,+20.3,+20.5,+20.6,+20.2,+20.2
2024-05-29 13:50,1,+51.6,+45.1,+59.6,+51.7,+42.1,+52.0,+20.5,+20.1,+20.3,+20.3,+20.6,+20.2,+20.2
2024-05-29 14:50,1,+51.5,+44.9,+59.5,+51.7,+42.0,+52.0,+20.5,+20.2,+20.3,+20.3,+20.6,+20.2,+20.3
2024-05-29 15:50,1,+51.5,+44.8,+59.5,+51.7,+42.0,+52.0,+20.5,+20.3,+20.3,+20.3,+20.6,+20.3,+20.2
2024-05-29 16:50,1,+51.5,+44.8,+59.4,+51.6,+41.9,+51.9,+20.5,+20.3,+20.3,+20.3,+20.5,+20.2,+20.2
2024-05-29 17:50,1,+51.5,+44.7,+59.3,+51.6,+41.8,+51.8,+20.3,+20.5,+20.3,+20.3,+20.6,+20.2,+20.2
2024-05-29 18:50,1,+51.5,+44.7,+59.3,+51.7,+41.8,+51.8,+20.3,+20.5,+20.3,+20.3,+20.6,+20.2,+20.3
2024-05-29 19:50,1,+51.4,+44.6,+59.3,+51.7,+41.8,+51.8,+20.2,+20.5,+20.5,+20.3,+20.6,+20.2,+20.2
2024-05-29 20:50,1,+51.4,+44.6,+59.2,+51.5,+41.7,+51.7,+20.2,+20.5,+20.3,+20.3,+20.6,+20.2,+20.2
2024-05-29 21:50,1,+51.5,+44.6,+59.2,+51.5,+41.7,+51.7,+20.2,+20.5,+20.5,+20.3,+20.6,+20.2,+20.2
2024-05-29 22:50,1,+56.1,+48.8,+60.0,+51.7,+53.2,+56.2,+19.8,+20.3,+20.5,+20.3,+20.6,+20.2,+20.2
2024-05-29 23:50,1,+54.1,+47.7,+60.1,+53.4,+54.4,+56.6,+19.8,+20.2,+20.5,+20.3,+20.6,+20.2,+20.2
2024-05-30 00:50,1,+54.3,+47.9,+60.1,+52.9,+52.9,+56.6,+19.7,+20.2,+20.5,+20.3,+20.6,+20.2,+20.2
2024-05-30 01:50,1,+53.7,+47.2,+60.0,+52.6,+48.1,+56.4,+19.7,+20.1,+20.5,+20.3,+20.5,+20.2,+20.2
2024-05-30 02:50,1,+55.1,+48.5,+60.2,+56.2,+59.0,+56.9,+19.6,+20.1,+20.3,+20.2,+20.5,+20.2,+20.2
2024-05-30 03:50,1,+54.5,+47.9,+60.2,+56.7,+59.0,+56.9,+19.6,+20.1,+20.3,+20.2,+20.5,+20.2,+20.2
2024-05-30 04:50,1,+54.2,+47.7,+60.2,+56.8,+59.0,+56.9,+19.5,+20.0,+20.3,+20.2,+20.5,+20.2,+20.2
2024-05-30 05:50,1,+53.6,+47.2,+60.1,+53.0,+51.9,+56.7,+19.5,+20.0,+20.2,+20.2,+20.5,+20.1,+20.1
2024-05-30 06:50,1,+53.3,+46.8,+60.0,+52.7,+46.6,+56.5,+19.5,+20.0,+20.2,+20.2,+20.5,+20.1,+20.2
2024-05-30 07:50,1,+53.0,+46.6,+60.0,+52.5,+44.8,+54.7,+19.5,+19.8,+20.2,+20.1,+20.5,+20.1,+20.2
2024-05-30 08:50,1,+52.8,+46.3,+60.0,+52.5,+43.8,+52.9,+19.7,+19.8,+20.2,+20.2,+20.5,+20.1,+20.1
2024-05-30 09:50,1,+52.5,+46.0,+59.9,+52.4,+43.4,+52.5,+20.0,+19.8,+20.2,+20.1,+20.5,+20.1,+20.1
2024-05-30 10:50,1,+52.4,+45.7,+59.8,+52.2,+43.1,+52.4,+20.2,+20.0,+20.1,+20.1,+20.5,+20.0,+20.1
2024-05-30 11:50,1,+52.3,+45.5,+59.8,+51.9,+42.5,+52.3,+20.3,+20.1,+20.1,+20.1,+20.3,+20.1,+20.1
2024-05-30 12:50,1,+55.0,+46.7,+59.7,+52.0,+42.4,+52.2,+20.5,+20.1,+20.2,+20.1,+20.5,+20.1,+20.1
2024-05-30 13:50,1,+54.2,+47.7,+60.2,+52.0,+42.4,+52.1,+20.5,+20.2,+20.1,+20.1,+20.5,+20.1,+20.1
2024-05-30 14:50,1,+55.2,+47.6,+60.1,+52.2,+43.1,+52.4,+20.5,+20.3,+20.2,+20.1,+20.3,+20.1,+20.1
2024-05-30 15:50,1,+53.8,+47.4,+60.2,+52.5,+45.5,+56.1,+20.5,+20.3,+20.2,+20.1,+20.3,+20.1,+20.2
2024-05-30 16:50,1,+53.2,+46.7,+60.1,+52.3,+44.4,+54.9,+20.3,+20.3,+20.2,+20.1,+20.3,+20.0,+20.1
2024-05-30 17:50,1,+53.0,+46.3,+60.0,+52.2,+43.7,+53.3,,,,,,,
2024-05-30 18:50,1,+52.9,+46.1,+60.0,+52.1,+43.1,+52.7,+20.2,+20.3,+20.3,+20.1,+20.3,+20.0,+20.2
2024-05-30 19:50,1,+52.9,+45.9,+59.9,+52.0,+42.8,+52.5,+20.1,+20.3,+20.3,+20.1,+20.3,+20.1,+20.1
2024-05-30 20:50,1,+53.1,+46.0,+59.9,+52.1,+42.7,+52.4,+20.1,+20.3,+20.3,+20.1,+20.3,+20.0,+20.1
2024-05-30 21:50,1,+53.1,+46.0,+59.9,+51.9,+42.4,+52.3,+20.0,+20.3,+20.3,+20.1,+20.3,+20.0,+20.1
2024-05-30 22:50,1,+53.0,+46.0,+59.9,+51.9,+42.3,+52.2,+19.8,+20.2,+20.3,+20.1,+20.3,+20.0,+20.1
2024-05-30 23:50,1,+52.8,+45.9,+59.9,+52.0,+42.3,+52.2,+19.7,+20.2,+20.3,+20.1,+20.3,+20.0,+20.1
2024-05-31 00:50,1,+52.6,+45.8,+59.8,+51.9,+42.3,+52.2,+19.7,+20.2,+20.3,+20.1,+20.3,+20.0,+20.1
2024-05-31 01:50,1,+52.4,+45.6,+59.8,+51.9,+42.3,+52.1,+19.6,+20.2,+20.2,+20.1,+20.3,+20.0,+20.1
2024-05-31 02:50,1,+52.3,+45.4,+59.7,+51.7,+42.2,+52.0,+19.5,+20.1,+20.2,+20.2,+20.3,+20.0,+20.1
2024-05-31 03:50,1,+52.2,+45.3,+59.7,+51.7,+42.1,+52.0,+19.5,+20.0,+20.2,+20.2,+20.3,+20.0,+20.1
2024-05-31 04:50,1,+52.2,+45.2,+59.7,+51.8,+42.1,+52.0,+19.5,+20.0,+20.2,+20.1,+20.3,+20.0,+20.1
2024-05-31 05:50,1,+52.1,+45.1,+59.6,+51.8,+42.0,+51.9,+19.3,+20.0,+20.2,+20.1,+20.3,+20.0,+20.1
2024-05-31 06:50,1,+52.0,+45.0,+59.5,+51.7,+42.0,+51.9,+19.5,+20.0,+20.2,+20.1,+20.3,+20.0,+20.1
2024-05-31 07:50,1,+52.0,+45.0,+59.5,+51.7,+41.9,+51.9,+19.6,+19.8,+20.1,+20.1,+20.3,+20.0,+20.1
2024-05-31 08:50,1,+51.9,+44.9,+59.5,+51.7,+41.9,+51.8,+19.8,+20.0,+20.1,+20.1,+20.3,+20.0,+20.1
2024-05-31 09:50,1,+51.9,+44.8,+59.4,+51.7,+41.8,+51.8,+20.0,+19.8,+20.1,+20.1,+20.3,+20.0,+20.1
2024-05-31 10:50,1,+51.9,+44.8,+59.3,+51.5,+41.8,+51.7,+20.1,+20.0,+20.1,+20.1,+20.3,+20.0,+20.1
2024-05-31 11:50,1,+51.8,+44.7,+59.3,+51.5,+41.7,+51.7,+20.3,+20.1,+20.1,+20.1,+20.3,+20.0,+20.1
2024-05-31 12:50,1,+51.8,+44.7,+59.3,+51.6,+41.7,+51.7,+20.3,+20.1,+20.1,+20.1,+20.3,+20.0,+20.1
2024-05-31 13:50,1,+51.8,+44.6,+59.2,+51.6,+41.7,+51.7,+20.5,+20.2,+20.2,+20.1,+20.3,+20.0,+20.1
2024-05-31 14:50,1,+51.8,+44.6,+59.2,+51.5,+41.7,+51.6,+20.3,+20.2,+20.2,+20.1,+20.3,+20.0,+20.1
2024-05-31 15:50,1,+51.8,+44.6,+59.2,+51.5,+41.7,+51.7,+20.5,+20.3,+20.2,+20.1,+20.3,+20.0,+20.1
2024-05-31 16:50,1,+51.7,+44.5,+59.2,+51.4,+41.6,+51.6,+20.3,+20.3,+20.2,+20.1,+20.3,+20.0,+20.1
2024-05-31 17:50,1,+51.7,+44.5,+59.2,+51.4,+41.6,+51.6,+20.2,+20.3,+20.2,+20.1,+20.3,+20.0,+20.1
2024-05-31 18:50,1,+51.7,+44.5,+59.1,+51.4,+41.5,+51.6,+20.1,+20.3,+20.3,+20.1,+20.3,+20.0,+20.1
2024-05-31 19:50,1,+51.7,+44.4,+59.1,+51.5,+41.6,+51.6,+20.1,+20.3,+20.2,+20.1,+20.3,+20.0,+20.1
2024-05-31 20:50,1,+51.8,+44.4,+59.1,+51.4,+41.5,+51.5,+20.0,+20.3,+20.3,+20.1,+20.3,+20.0,+20.1
2024-05-31 21:50,1,+52.0,+44.4,+59.1,+51.5,+41.5,+51.6,+19.8,+20.2,+20.3,+20.1,+20.3,+20.0,+20.1
2024-05-31 22:50,1,+52.1,+44.5,+59.1,+51.5,+41.5,+51.6,+19.8,+20.2,+20.3,+20.1,+20.2,+20.0,+20.1
2024-05-31 23:50,1,+52.1,+44.5,+59.1,+51.5,+41.5,+51.6,+19.7,+20.2,+20.3,+20.1,+20.3,+20.0,+20.1
2024-06-01 00:50,1,+52.4,+44.6,+59.1,+51.4,+41.5,+51.5,+19.7,+20.2,+20.3,+20.1,+20.3,+20.0,+20.1
2024-06-01 01:50,1,+52.6,+44.8,+59.1,+51.5,+41.5,+51.5,+19.7,+20.1,+20.3,+20.1,+20.3,+20.0,+20.1
2024-06-01 02:50,1,+52.8,+45.0,+59.1,+51.4,+41.5,+51.5,+19.7,+20.1,+20.3,+20.1,+20.3,+20.0,+20.1
2024-06-01 03:50,1,+53.2,+45.4,+59.1,+51.4,+41.5,+51.5,+19.6,+20.1,+20.2,+20.1,+20.3,+20.0,+20.0
2024-06-01 04:50,1,+53.0,+45.8,+59.2,+51.6,+41.6,+51.5,+19.6,+20.1,+20.2,+20.1,+20.3,+20.0,+20.1
2024-06-01 05:50,1,+52.9,+45.9,+59.3,+51.5,+41.7,+51.5,+19.6,+20.0,+20.2,+20.1,+20.3,+20.0,+20.0
2024-06-01 06:50,1,+54.0,+47.0,+59.9,+51.7,+41.7,+51.6,+19.6,+20.0,+20.2,+20.1,+20.3,+20.0,+20.1
2024-06-01 07:50,1,+53.8,+47.2,+60.0,+51.6,+41.8,+51.6,+19.6,+20.0,+20.2,+20.1,+20.3,+20.0,+20.1
2024-06-01 08:50,1,+53.3,+46.7,+59.9,+52.2,+42.2,+51.8,+19.7,+20.0,+20.2,+20.1,+20.3,+20.0,+20.0
2024-06-01 09:50,1,+53.1,+46.4,+59.9,+52.1,+42.5,+52.0,+19.8,+19.8,+20.2,+20.1,+20.3,+20.0,+20.1
2024-06-01 10:50,1,+52.9,+46.1,+59.8,+52.1,+42.5,+52.1,+20.2,+20.0,+20.2,+20.1,+20.3,+20.0,+20.0
2024-06-01 11:50,1,+52.7,+45.9,+59.8,+52.2,+42.5,+52.2,+20.5,+20.0,+20.1,+20.1,+20.3,+20.0,+20.1
2024-06-01 12:50,1,+52.6,+45.7,+59.7,+52.1,+42.4,+52.1,+20.6,+20.1,+20.1,+20.1,+20.3,+20.0,+20.1
2024-06-01 13:50,1,+52.6,+45.6,+59.7,+52.2,+42.3,+52.0,+20.7,+20.2,+20.1,+20.1,+20.3,+20.0,+20.0
2024-06-01 14:50,1,+52.5,+45.4,+59.7,+52.2,+42.3,+52.1,+20.7,+20.3,+20.2,+20.0,+20.2,+19.8,+20.1
2024-06-01 15:50,1,+52.4,+45.3,+59.6,+52.1,+42.1,+52.0,+20.7,+20.3,+20.2,+20.1,+20.3,+20.0,+20.1
2024-06-01 16:50,1,+52.4,+45.2,+59.5,+52.2,+42.1,+52.0,+20.7,+20.6,+20.2,+20.0,+20.2,+20.0,+20.0
2024-06-01 17:50,1,+52.4,+45.1,+59.5,+52.1,+42.0,+51.9,+20.7,+20.5,+20.2,+20.1,+20.2,+20.0,+20.0
2024-06-01 18:50,1,+52.4,+45.1,+59.4,+52.2,+42.0,+51.9,+20.6,+20.5,+20.3,+20.1,+20.3,+20.0,+20.0
2024-06-01 19:50,1,+54.0,+45.6,+59.4,+52.2,+42.0,+51.9,+20.5,+20.6,+20.5,+20.1,+20.3,+20.0,+20.1
2024-06-01 20:50,1,+53.9,+46.3,+59.4,+52.0,+41.9,+51.8,+20.5,+20.6,+20.3,+20.1,+20.3,+20.0,+20.1
2024-06-01 21:50,1,+53.8,+46.7,+59.8,+52.0,+41.9,+51.8,+20.3,+20.5,+20.5,+20.1,+20.2,+20.0,+20.0
2024-06-01 22:50,1,+53.8,+47.0,+60.0,+52.1,+42.0,+51.9,+20.2,+20.6,+20.5,+20.1,+20.3,+19.8,+20.0
2024-06-01 23:50,1,+53.9,+47.2,+60.1,+52.2,+42.2,+51.9,+20.2,+20.5,+20.5,+20.1,+20.3,+20.0,+20.0
2024-06-02 00:50,1,+53.5,+46.8,+60.0,+52.4,+42.5,+52.1,+20.1,+20.5,+20.5,+20.1,+20.3,+20.0,+20.1
2024-06-02 01:50,1,+53.3,+46.5,+60.0,+52.4,+42.6,+52.2,+20.0,+20.3,+20.5,+20.1,+20.3,+19.8,+20.1
2024-06-02 02:50,1,+53.1,+46.2,+59.9,+52.5,+42.6,+52.3,+19.8,+20.3,+20.5,+20.1,+20.3,+20.0,+20.0
2024-06-02 03:50,1,+52.9,+46.0,+59.9,+52.3,+42.5,+52.2,+19.8,+20.3,+20.5,+20.1,+20.3,+20.0,+20.1
2024-06-02 04:50,1,+52.8,+45.8,+59.8,+52.3,+42.5,+52.2,+19.7,+20.2,+20.5,+20.2,+20.3,+20.0,+20.1
2024-06-02 05:50,1,+52.7,+45.7,+59.8,+52.4,+42.4,+52.2,+19.6,+20.2,+20.3,+20.1,+20.3,+20.0,+20.0
2024-06-02 06:50,1,+52.6,+45.5,+59.7,+52.2,+42.3,+52.1,+19.7,+20.1,+20.3,+20.2,+20.3,+20.0,+20.0
2024-06-02 07:50,1,+52.4,+45.4,+59.7,+52.2,+42.2,+52.0,+20.2,+20.1,+20.3,+20.1,+20.3,+20.0,+20.0
2024-06-02 08:50,1,+52.4,+45.2,+59.6,+52.2,+42.1,+52.0,+21.0,+20.2,+20.3,+20.2,+20.3,+20.0,+20.1
2024-06-02 09:50,1,+52.3,+45.1,+59.5,+52.1,+42.0,+52.0,+21.7,+20.3,+20.3,+20.1,+20.3,+20.0,+20.0
2024-06-02 10:50,1,+52.2,+44.9,+59.4,+52.1,+42.0,+51.9,+22.2,+20.6,+20.3,+20.2,+20.3,+20.0,+20.0
2024-06-02 11:50,1,+52.2,+44.8,+59.4,+52.1,+41.9,+51.9,+22.7,+20.8,+20.3,+20.2,+20.3,+20.0,+20.1
2024-06-02 12:50,1,+52.2,+44.7,+59.4,+52.1,+41.9,+51.9,+22.7,+21.1,+20.5,+20.1,+20.3,+20.0,+20.1
2024-06-02 13:50,1,+52.3,+44.7,+59.3,+52.1,+41.8,+51.8,+22.6,+21.3,+20.5,+20.2,+20.3,+20.0,+20.1
2024-06-02 14:50,1,+52.3,+44.7,+59.3,+52.0,+41.8,+51.8,+22.5,+21.5,+20.6,+20.2,+20.3,+20.0,+20.1
2024-06-02 15:50,1,+52.3,+44.6,+59.3,+52.1,+41.8,+51.8,+22.3,+21.6,+20.7,+20.2,+20.3,+20.0,+20.0
2024-06-02 16:50,1,+52.2,+44.6,+59.3,+52.0,+41.8,+51.8,+22.3,+21.6,+20.8,+20.2,+20.3,+20.0,+20.0
2024-06-02 17:50,1,+52.2,+44.6,+59.3,+51.9,+41.7,+51.7,+22.2,+21.7,+21.0,+20.2,+20.3,+20.0,+20.0
2024-06-02 18:50,1,+52.2,+44.6,+59.2,+51.9,+41.7,+51.7,+22.0,+21.7,+21.0,+20.3,+20.3,+20.0,+20.1
2024-06-02 19:50,1,+52.2,+44.5,+59.2,+52.0,+41.7,+51.7,+21.7,+21.7,+21.1,+20.3,+20.3,+20.0,+20.0
2024-06-02 20:50,1,+52.1,+44.5,+59.2,+52.0,+41.7,+51.7,+21.6,+21.6,+21.1,+20.3,+20.3,+20.0,+20.1
2024-06-02 21:50,1,+52.1,+44.4,+59.2,+51.9,+41.6,+51.6,+21.3,+21.6,+21.1,+20.3,+20.3,+20.0,+20.0
2024-06-02 22:50,1,+52.0,+44.4,+59.2,+52.0,+41.6,+51.6,+21.3,+21.5,+21.1,+20.5,+20.5,+20.0,+20.1
2024-06-02 23:50,1,+52.0,+44.4,+59.2,+51.8,+41.5,+51.6,+21.3,+21.5,+21.2,+20.5,+20.3,+20.0,+20.1
2024-06-03 00:50,1,+52.0,+44.4,+59.2,+51.9,+41.6,+51.6,+21.2,+21.5,+21.2,+20.5,+20.3,+20.0,+20.1
2024-06-03 01:50,1,+51.9,+44.3,+59.2,+51.8,+41.5,+51.6,+21.2,+21.3,+21.2,+20.5,+20.5,+20.0,+20.0
2024-06-03 02:50,1,+51.9,+44.3,+59.2,+51.9,+41.5,+51.6,+21.1,+21.3,+21.1,+20.5,+20.5,+20.0,+20.0
2024-06-03 03:50,1,+53.4,+44.3,+59.2,+52.0,+41.6,+51.6,+21.1,+21.3,+21.1,+20.5,+20.5,+20.1,+20.1
2024-06-03 04:50,1,+54.7,+45.3,+59.2,+51.8,+41.6,+51.6,+21.0,+21.2,+21.1,+20.5,+20.5,+20.1,+20.0
2024-06-03 05:50,1,+54.3,+46.2,+59.2,+51.8,+41.5,+51.6,+20.8,+21.2,+21.1,+20.5,+20.5,+20.1,+20.1
2024-06-03 06:50,1,+54.4,+46.7,+59.4,+51.9,+41.6,+51.6,+20.8,+21.2,+21.1,+20.6,+20.5,+20.1,+20.1
2024-06-03 07:50,1,+54.8,+47.2,+59.7,+51.8,+41.5,+51.6,+20.8,+21.1,+21.1,+20.5,+20.5,+20.1,+20.1
2024-06-03 08:50,1,+54.2,+47.2,+60.0,+52.0,+41.6,+51.6,+20.8,+21.1,+21.1,+20.6,+20.5,+20.1,+20.1
2024-06-03 09:50,1,+53.9,+46.9,+60.0,+51.9,+41.6,+51.6,+21.0,+21.1,+21.1,+20.6,+20.5,+20.1,+20.1
2024-06-03 10:50,1,+53.6,+46.7,+60.0,+52.1,+41.7,+51.6,+21.1,+21.1,+21.1,+20.6,+20.5,+20.1,+20.1
2024-06-03 11:50,1,+53.4,+46.4,+59.9,+52.1,+41.9,+51.7,+21.5,+21.1,+21.0,+20.6,+20.6,+20.1,+20.1
2024-06-03 12:50,1,+53.3,+46.2,+59.9,+52.2,+41.9,+51.7,+21.7,+21.1,+21.0,+20.6,+20.6,+20.1,+20.1
2024-06-03 13:50,1,+53.2,+46.0,+59.9,+52.1,+41.9,+51.7,+21.8,+21.2,+21.0,+20.6,+20.6,+20.2,+20.1
2024-06-03 14:50,1,+53.5,+46.0,+59.8,+52.2,+42.0,+51.7,+21.7,+21.3,+21.0,+20.6,+20.6,+20.1,+20.1
2024-06-03 15:50,1,+53.5,+46.0,+59.8,+52.1,+41.9,+51.7,+21.7,+21.3,+21.0,+20.6,+20.6,+20.1,+20.1
2024-06-03 16:50,1,+53.4,+45.9,+59.8,+52.1,+41.9,+51.7,+21.7,+21.5,+21.1,+20.6,+20.6,+20.2,+20.1
2024-06-03 17:50,1,+53.3,+45.8,+59.7,+52.1,+41.9,+51.7,+21.7,+21.5,+21.1,+20.6,+20.6,+20.2,+20.1
2024-06-03 18:50,1,+53.3,+45.8,+59.7,+52.2,+41.9,+51.8,+21.7,+21.6,+21.1,+20.6,+20.6,+20.2,+20.1
2024-06-03 19:50,1,+53.2,+45.7,+59.7,+52.2,+41.9,+51.8,+21.6,+21.5,+21.2,+20.6,+20.6,+20.2,+20.2
2024-06-03 20:50,1,+53.2,+45.6,+59.7,+52.1,+41.9,+51.7,+21.3,+21.5,+21.2,+20.6,+20.6,+20.1,+20.1
2024-06-03 21:50,1,+53.1,+45.5,+59.6,+52.1,+41.8,+51.7,+21.2,+21.5,+21.2,+20.6,+20.6,+20.2,+20.1
2024-06-03 22:50,1,+53.1,+45.5,+59.6,+52.2,+41.9,+51.7,+21.1,+21.5,+21.2,+20.6,+20.6,+20.2,+20.2
2024-06-03 23:50,1,+53.0,+45.4,+59.5,+52.1,+41.9,+51.7,+21.0,+21.3,+21.2,+20.7,+20.6,+20.2,+20.1
2024-06-04 00:50,1,+53.0,+45.4,+59.5,+52.0,+41.8,+51.7,+20.8,+21.3,+21.2,+20.7,+20.6,+20.2,+20.1
2024-06-04 01:50,1,+53.0,+45.3,+59.5,+52.0,+41.8,+51.7,+20.7,+21.3,+21.2,+20.7,+20.7,+20.2,+20.2
2024-06-04 02:50,1,+52.9,+45.3,+59.5,+52.0,+41.8,+51.7,+20.7,+21.2,+21.2,+20.7,+20.7,+20.2,+20.1
2024-06-04 03:50,1,+52.8,+45.2,+59.5,+52.0,+41.7,+51.7,+20.6,+21.1,+21.2,+20.7,+20.7,+20.2,+20.2
2024-06-04 04:50,1,+52.8,+45.1,+59.4,+52.0,+41.7,+51.7,+20.5,+21.1,+21.1,+20.7,+20.6,+20.2,+20.2
2024-06-04 05:50,1,+52.8,+45.1,+59.4,+52.0,+41.7,+51.7,+20.5,+21.0,+21.2,+20.7,+20.7,+20.3,+20.2
2024-06-04 06:50,1,+52.7,+45.1,+59.4,+52.0,+41.7,+51.7,+20.7,+21.0,+21.1,+20.7,+20.7,+20.2,+20.1
2024-06-04 07:50,1,+52.6,+44.9,+59.3,+52.0,+41.7,+51.7,,,,,,,
2024-06-04 08:50,1,+52.6,+44.9,+59.3,+52.1,+41.6,+51.7,+21.7,+21.1,+21.1,+20.7,+20.6,+20.2,+20.2
2024-06-04 09:50,1,+52.6,+44.8,+59.3,+51.9,+41.6,+51.6,+22.1,+21.2,+21.0,+20.7,+20.7,+20.2,+20.2
2024-06-04 10:50,1,+52.5,+44.7,+59.3,+52.0,+41.7,+51.6,+22.7,+21.3,+21.1,+20.7,+20.7,+20.2,+20.2
2024-06-04 11:50,1,+52.6,+44.7,+59.3,+52.0,+41.6,+51.6,+22.8,+21.6,+21.1,+20.7,+20.7,+20.2,+20.2
2024-06-04 12:50,1,+52.6,+44.6,+59.3,+51.9,+41.6,+51.6,+23.0,+21.7,+21.1,+20.7,+20.7,+20.3,+20.2
2024-06-04 13:50,1,+52.6,+44.6,+59.3,+52.0,+41.6,+51.6,+23.2,+22.0,+21.2,+20.7,+20.7,+20.2,+20.2
2024-06-04 14:50,1,+52.6,+44.5,+59.3,+52.0,+41.6,+51.6,+23.2,+22.1,+21.2,+20.7,+20.7,+20.3,+20.2
2024-06-04 15:50,1,+52.6,+44.5,+59.3,+51.9,+41.5,+51.6,+23.1,+22.2,+21.3,+20.7,+20.7,+20.3,+20.2
2024-06-04 16:50,1,+55.9,+47.5,+59.9,+52.0,+41.6,+51.6,+22.7,+22.3,+21.5,+20.7,+20.7,+20.2,+20.2
2024-06-04 17:50,1,+56.9,+48.9,+60.3,+52.1,+51.8,+56.5,+22.2,+22.5,+21.6,+20.8,+20.7,+20.3,+20.2
2024-06-04 18:50,1,+56.9,+48.3,+60.4,+53.0,+49.1,+56.8,+21.8,+22.3,+21.7,+20.8,+20.7,+20.3,+20.2
2024-06-04 19:50,1,+56.0,+48.1,+60.4,+53.1,+50.0,+56.9,+21.5,+22.2,+21.8,+20.8,+20.7,+20.3,+20.1
2024-06-04 20:50,1,+55.8,+47.7,+60.3,+53.1,+45.5,+56.7,+21.2,+22.1,+22.0,+21.0,+20.7,+20.3,+20.2
2024-06-04 21:50,1,+55.6,+47.7,+60.3,+52.9,+44.4,+54.0,+21.1,+21.8,+21.8,+21.0,+20.7,+20.3,+20.2
2024-06-04 22:50,1,+55.2,+47.4,+60.3,+52.7,+43.5,+53.2,+21.0,+21.8,+21.8,+21.0,+20.8,+20.3,+20.2
2024-06-04 23:50,1,+54.9,+47.0,+60.2,+52.7,+43.2,+53.1,+20.8,+21.7,+21.8,+21.1,+20.8,+20.3,+20.2
2024-06-05 00:50,1,+54.6,+46.8,+60.2,+52.7,+43.1,+53.0,+20.8,+21.6,+21.7,+21.1,+20.8,+20.3,+20.2
2024-06-05 01:50,1,+54.2,+46.6,+60.2,+52.6,+42.8,+52.6,+20.7,+21.5,+21.7,+21.1,+20.8,+20.5,+20.3
2024-06-05 02:50,1,+54.0,+46.4,+60.1,+52.7,+42.7,+52.5,+20.6,+21.5,+21.6,+21.1,+20.8,+20.5,+20.2
2024-06-05 03:50,1,+53.9,+46.2,+60.1,+52.6,+42.6,+52.4,+20.6,+21.3,+21.6,+21.1,+21.0,+20.5,+20.2
2024-06-05 04:50,1,+53.7,+46.1,+60.0,+52.4,+42.5,+52.4,+20.5,+21.2,+21.6,+21.0,+21.0,+20.5,+20.3
2024-06-05 05:50,1,+53.6,+46.0,+60.0,+52.5,+42.4,+52.3,+20.5,+21.2,+21.5,+21.1,+21.0,+20.5,+20.3
2024-06-05 06:50,1,+53.5,+45.8,+59.9,+52.3,+42.3,+52.2,+20.5,+21.1,+21.3,+21.1,+21.0,+20.5,+20.3
2024-06-05 07:50,1,+53.5,+45.7,+59.9,+52.4,+42.3,+52.1,+20.7,+21.1,+21.3,+21.0,+21.0,+20.5,+20.3
2024-06-05 08:50,1,+53.4,+45.6,+59.8,+52.4,+42.2,+52.1,+21.5,+21.1,+21.3,+21.1,+21.0,+20.5,+20.3
2024-06-05 09:50,1,+53.3,+45.4,+59.7,+52.4,+42.2,+52.1,+22.3,+21.2,+21.2,+21.0,+21.0,+20.5,+20.3
2024-06-05 10:50,1,+53.2,+45.3,+59.7,+52.3,+42.1,+52.0,+23.3,+21.5,+21.3,+21.0,+21.0,+20.5,+20.3
2024-06-05 11:50,1,+53.2,+45.2,+59.7,+52.3,+42.1,+52.0,+23.6,+21.7,+21.3,+21.0,+21.0,+20.5,+20.3
2024-06-05 12:50,1,+53.2,+45.2,+59.7,+52.3,+42.0,+52.0,+23.6,+22.1,+21.3,+21.0,+21.0,+20.5,+20.3
2024-06-05 13:50,1,+57.2,+49.2,+60.5,+52.2,+42.0,+51.9,+23.0,+22.6,+21.6,+21.0,+21.0,+20.5,+20.3
2024-06-05 14:50,1,+57.5,+49.4,+60.7,+53.1,+55.6,+56.8,+22.3,+22.7,+21.8,+21.0,+21.0,+20.5,+20.3
2024-06-05 15:50,1,+55.9,+48.2,+60.5,+53.3,+48.6,+56.6,+22.2,+22.6,+22.1,+21.1,+21.0,+20.5,+20.3
2024-06-05 16:50,1,+56.2,+47.9,+60.5,+52.9,+44.8,+54.9,+22.1,+22.6,+22.2,+21.1,+21.0,+20.5,+20.3
2024-06-05 17:50,1,+56.1,+48.4,+60.5,+53.0,+43.8,+53.4,+22.0,+22.5,+22.2,+21.1,+21.0,+20.6,+20.3
2024-06-05 18:50,1,+55.4,+48.0,+60.6,+53.1,+44.2,+53.5,+21.8,+22.3,+22.2,+21.2,+21.1,+20.5,+20.3
2024-06-05 19:50,1,+55.0,+47.5,+60.5,+52.9,+44.0,+53.4,+21.7,+22.2,+22.1,+21.2,+21.0,+20.6,+20.3
2024-06-05 20:50,1,+54.7,+47.0,+60.5,+52.8,+43.6,+53.2,+21.6,+22.2,+22.1,+21.2,+21.1,+20.5,+20.5
2024-06-05 21:50,1,+54.4,+46.7,+60.4,+52.8,+43.3,+53.0,+21.5,+22.1,+22.1,+21.2,+21.0,+20.6,+20.5
2024-06-05 22:50,1,+54.3,+46.5,+60.3,+52.7,+43.1,+52.7,+21.5,+22.1,+22.0,+21.2,+21.1,+20.6,+20.5
2024-06-05 23:50,1,+54.2,+46.3,+60.2,+52.8,+42.9,+52.7,+21.3,+22.0,+22.0,+21.3,+21.1,+20.6,+20.5
2024-06-06 00:50,1,+54.1,+46.2,+60.2,+52.7,+42.8,+52.5,+21.3,+22.0,+22.0,+21.3,+21.1,+20.6,+20.5
2024-06-06 01:50,1,+54.0,+46.1,+60.1,+52.7,+42.7,+52.5,+21.2,+21.8,+22.0,+21.2,+21.1,+20.6,+20.5
2024-06-06 02:50,1,+53.9,+46.0,+60.1,+52.5,+42.5,+52.4,+21.2,+21.8,+21.8,+21.2,+21.1,+20.6,+20.5
2024-06-06 03:50,1,+53.9,+45.9,+60.0,+52.6,+42.5,+52.3,+21.1,+21.7,+21.8,+21.2,+21.1,+20.6,+20.5
2024-06-06 04:50,1,+53.8,+45.8,+60.0,+52.5,+42.4,+52.3,+21.0,+21.7,+21.8,+21.3,+21.2,+20.6,+20.5
2024-06-06 05:50,1,+53.7,+45.8,+59.9,+52.5,+42.3,+52.2,+21.0,+21.6,+21.8,+21.2,+21.2,+20.7,+20.5
2024-06-06 06:50,1,+53.7,+45.7,+59.9,+52.3,+42.3,+52.1,+21.2,+21.5,+21.7,+21.2,+21.2,+20.7,+20.5
2024-06-06 07:50,1,+53.6,+45.6,+59.9,+52.3,+42.2,+52.1,+21.8,+21.6,+21.7,+21.2,+21.1,+20.7,+20.5
2024-06-06 08:50,1,+53.5,+45.5,+59.8,+52.3,+42.1,+52.0,+22.3,+21.6,+21.7,+21.3,+21.2,+20.7,+20.5
2024-06-06 09:50,1,+53.5,+45.5,+59.8,+52.3,+42.2,+52.0,+22.6,+21.8,+21.7,+21.2,+21.2,+20.7,+20.5
2024-06-06 10:50,1,+54.6,+45.4,+59.8,+52.4,+42.1,+52.0,+22.5,+22.0,+21.6,+21.2,+21.2,+20.7,+20.6
2024-06-06 11:50,1,+55.9,+47.9,+60.3,+52.4,+42.1,+52.0,+22.3,+22.1,+21.7,+21.2,+21.1,+20.7,+20.5
2024-06-06 12:50,1,+55.3,+47.6,+60.4,+52.4,+42.1,+52.0,+22.6,+22.1,+21.7,+21.2,+21.2,+20.7,+20.5
2024-06-06 13:50,1,+54.9,+47.3,+60.4,+52.3,+42.0,+51.9,+22.7,+22.2,+21.7,+21.2,+21.2,+20.7,+20.5
2024-06-06 14:50,1,+54.6,+46.9,+60.3,+52.4,+42.1,+51.9,+22.7,+22.3,+21.8,+21.2,+21.2,+20.7,+20.5
2024-06-06 15:50,1,+56.5,+46.9,+60.3,+52.4,+42.1,+52.0,+22.7,+22.2,+21.8,+21.2,+21.2,+20.7,+20.6
2024-06-06 16:50,1,+56.1,+48.4,+60.6,+52.5,+42.2,+52.0,+22.5,+22.3,+22.0,+21.2,+21.2,+20.7,+20.5
2024-06-06 17:50,1,+55.9,+47.9,+60.5,+52.4,+42.2,+52.0,+22.3,+22.3,+22.0,+21.2,+21.2,+20.7,+20.6
2024-06-06 18:50,1,+55.7,+47.9,+60.5,+52.7,+42.4,+52.0,+22.1,+22.3,+22.0,+21.3,+21.2,+20.7,+20.6
2024-06-06 19:50,1,+55.5,+47.7,+60.5,+52.7,+42.6,+52.1,+22.0,+22.3,+22.1,+21.3,+21.2,+20.7,+20.6
2024-06-06 20:50,1,+55.2,+47.4,+60.5,+52.8,+42.7,+52.3,+21.7,+22.2,+22.1,+21.3,+21.2,+20.7,+20.6
2024-06-06 21:50,1,+55.3,+47.2,+60.5,+52.7,+42.9,+52.3,+21.7,+22.1,+22.0,+21.3,+21.2,+20.7,+20.6
2024-06-06 22:50,1,+56.0,+48.0,+60.6,+52.9,+42.9,+52.4,+21.5,+22.1,+22.0,+21.3,+21.2,+20.7,+20.6
2024-06-06 23:50,1,+55.6,+47.9,+60.6,+52.8,+43.0,+52.5,+21.3,+22.0,+22.0,+21.3,+21.2,+20.8,+20.6
2024-06-07 00:50,1,+55.4,+47.6,+60.6,+52.9,+43.1,+52.6,+21.3,+22.0,+22.0,+21.3,+21.2,+20.8,+20.6
2024-06-07 01:50,1,+55.2,+47.4,+60.5,+52.7,+43.1,+52.7,+21.2,+21.8,+22.0,+21.3,+21.2,+20.8,+20.6
2024-06-07 02:50,1,+55.1,+47.2,+60.5,+52.8,+43.2,+52.8,+21.1,+21.7,+21.8,+21.3,+21.2,+20.7,+20.6
2024-06-07 03:50,1,+54.8,+46.9,+60.5,+52.9,+43.1,+52.7,+21.0,+21.7,+21.8,+21.5,+21.2,+20.8,+20.6
2024-06-07 04:50,1,+54.6,+46.7,+60.4,+52.7,+43.0,+52.6,+20.8,+21.6,+21.8,+21.3,+21.3,+20.7,+20.6
2024-06-07 05:50,1,+54.5,+46.5,+60.3,+52.7,+42.9,+52.5,+20.7,+21.5,+21.8,+21.5,+21.3,+20.8,+20.7
2024-06-07 06:50,1,+54.4,+46.3,+60.3,+52.7,+42.8,+52.5,+20.8,+21.5,+21.7,+21.3,+21.3,+20.8,+20.6
2024-06-07 07:50,1,+54.2,+46.1,+60.2,+52.6,+42.7,+52.4,+21.3,+21.5,+21.7,+21.3,+21.3,+20.8,+20.6
2024-06-07 08:50,1,+54.1,+46.0,+60.1,+52.7,+42.6,+52.4,+22.0,+21.5,+21.7,+21.3,+21.3,+20.8,+20.7
2024-06-07 09:50,1,+54.0,+45.8,+60.1,+52.7,+42.5,+52.4,+22.5,+21.6,+21.6,+21.3,+21.3,+20.8,+20.7
2024-06-07 10:50,1,+54.0,+45.8,+60.0,+52.6,+42.5,+52.3,+22.7,+21.8,+21.7,+21.3,+21.3,+20.8,+20.6
2024-06-07 11:50,1,+53.9,+45.7,+60.0,+52.4,+42.3,+52.2,+22.7,+22.0,+21.7,+21.3,+21.3,+20.8,+20.7
2024-06-07 12:50,1,+53.9,+45.6,+60.0,+52.6,+42.3,+52.2,+22.7,+22.1,+21.7,+21.3,+21.3,+20.8,+20.7
2024-06-07 13:50,1,+53.9,+45.6,+59.9,+52.5,+42.3,+52.2,+22.7,+22.2,+21.7,+21.3,+21.3,+20.8,+20.7
2024-06-07 14:50,1,+53.9,+45.5,+59.9,+52.3,+42.2,+52.1,+22.7,+22.2,+21.8,+21.3,+21.2,+20.8,+20.7
2024-06-07 15:50,1,+58.0,+50.0,+61.0,+55.4,+60.5,+57.0,+22.1,+22.3,+22.0,+21.3,+21.3,+20.8,+20.7
2024-06-07 16:50,1,+56.0,+48.2,+60.8,+55.0,+55.0,+57.2,+21.8,+22.3,+22.0,+21.2,+21.3,+20.8,+20.6
2024-06-07 17:50,1,+55.5,+47.7,+60.7,+53.8,+49.6,+57.1,+21.7,+22.2,+22.0,+21.3,+21.2,+20.8,+20.7
2024-06-07 18:50,1,+55.2,+47.3,+60.6,+53.5,+45.5,+55.2,+21.6,+22.1,+22.0,+21.3,+21.2,+20.8,+20.7
2024-06-07 19:50,1,+54.8,+46.8,+60.5,+53.4,+44.5,+53.4,+21.6,+22.1,+22.0,+21.3,+21.3,+20.8,+20.7
2024-06-07 20:50,1,+54.7,+46.6,+60.4,+53.2,+43.3,+52.9,+21.3,+22.0,+22.0,+21.3,+21.3,+20.8,+20.7
2024-06-07 21:50,1,+54.6,+46.4,+60.3,+52.9,+43.1,+52.8,+21.3,+22.0,+22.0,+21.3,+21.2,+20.8,+20.7
2024-06-07 22:50,1,+54.6,+46.3,+60.3,+52.9,+42.9,+52.7,+21.2,+21.8,+21.8,+21.3,+21.3,+20.8,+20.7
2024-06-07 23:50,1,+54.5,+46.2,+60.2,+52.8,+42.7,+52.5,+21.2,+21.8,+22.0,+21.3,+21.3,+20.8,+20.7
2024-06-08 00:50,1,+54.4,+46.1,+60.2,+52.8,+42.7,+52.4,+21.1,+21.7,+21.8,+21.3,+21.3,+20.8,+20.7
2024-06-08 01:50,1,+54.3,+46.0,+60.1,+52.6,+42.5,+52.4,+21.1,+21.7,+21.8,+21.3,+21.3,+20.8,+20.7
2024-06-08 02:50,1,+54.2,+46.0,+60.1,+52.7,+42.5,+52.4,+21.1,+21.6,+21.7,+21.3,+21.3,+20.8,+20.7
2024-06-08 03:50,1,+54.2,+45.9,+60.0,+52.5,+42.4,+52.2,+21.0,+21.6,+21.7,+21.3,+21.3,+20.8,+20.7
2024-06-08 04:50,1,+54.1,+45.8,+60.0,+52.4,+42.4,+52.2,+20.8,+21.6,+21.7,+21.3,+21.3,+20.8,+20.7
2024-06-08 05:50,1,+54.1,+45.8,+60.0,+52.4,+42.3,+52.1,+20.8,+21.5,+21.7,+21.3,+21.3,+21.0,+20.7
2024-06-08 06:50,1,+54.0,+45.7,+60.0,+52.5,+42.2,+52.1,+20.8,+21.5,+21.6,+21.3,+21.3,+20.8,+20.7
2024-06-08 07:50,1,+53.9,+45.6,+59.9,+52.4,+42.2,+52.1,+21.0,+21.3,+21.6,+21.3,+21.3,+20.8,+20.7
2024-06-08 08:50,1,+53.8,+45.5,+59.8,+52.5,+42.3,+52.1,+21.6,+21.3,+21.6,+21.3,+21.3,+20.8,+20.7
2024-06-08 09:50,1,+53.8,+45.4,+59.8,+52.5,+42.2,+52.0,+22.2,+21.5,+21.5,+21.2,+21.3,+20.8,+20.7
2024-06-08 10:50,1,+53.8,+45.4,+59.8,+52.4,+42.1,+52.0,+22.6,+21.6,+21.5,+21.2,+21.3,+20.8,+20.7
2024-06-08 11:50,1,+53.8,+45.3,+59.8,+52.4,+42.1,+52.0,+22.7,+21.8,+21.6,+21.3,+21.3,+20.8,+20.7
2024-06-08 12:50,1,+53.8,+45.3,+59.7,+52.3,+42.1,+52.0,+23.0,+22.0,+21.6,+21.2,+21.3,+21.0,+20.8
2024-06-08 13:50,1,+55.4,+45.4,+59.7,+52.4,+42.1,+52.0,+23.0,+22.1,+21.6,+21.3,+21.3,+20.8,+20.7
2024-06-08 14:50,1,+55.6,+46.0,+59.7,+52.3,+42.1,+52.0,+23.0,+22.2,+21.7,+21.2,+21.3,+20.8,+20.8
2024-06-08 15:50,1,+57.2,+47.4,+59.8,+52.4,+42.1,+52.0,+22.8,+22.3,+21.7,+21.2,+21.3,+20.8,+20.7
2024-06-08 16:50,1,+57.0,+47.8,+60.4,+52.3,+42.0,+51.9,+22.7,+22.3,+21.8,+21.3,+21.3,+20.8,+20.7
2024-06-08 17:50,1,+56.6,+47.6,+60.5,+52.3,+42.0,+51.9,+22.5,+22.5,+21.8,+21.3,+21.3,+20.8,+20.7
2024-06-08 18:50,1,+56.4,+47.4,+60.4,+52.3,+42.0,+51.9,+22.3,+22.5,+22.0,+21.3,+21.3,+20.8,+20.7
2024-06-08 19:50,1,+56.1,+47.1,+60.4,+52.5,+42.1,+51.9,+22.1,+22.3,+22.0,+21.3,+21.3,+20.8,+20.8
2024-06-08 20:50,1,+56.5,+47.1,+60.4,+52.5,+42.1,+51.9,+22.0,+22.3,+22.0,+21.3,+21.3,+20.8,+20.7
2024-06-08 21:50,1,+56.3,+47.2,+60.4,+52.5,+42.1,+52.0,+21.7,+22.2,+22.1,+21.3,+21.3,+20.8,+20.8
2024-06-08 22:50,1,+56.0,+47.0,+60.4,+52.4,+42.1,+51.9,+21.6,+22.2,+22.0,+21.3,+21.3,+20.8,+20.7
2024-06-08 23:50,1,+55.8,+46.9,+60.4,+52.5,+42.2,+52.0,+21.5,+22.1,+22.0,+21.5,+21.3,+21.0,+20.7
2024-06-09 00:50,1,+55.6,+46.7,+60.3,+52.6,+42.2,+52.0,+21.5,+22.0,+22.0,+21.5,+21.3,+21.0,+20.7
2024-06-09 01:50,1,+55.5,+46.6,+60.3,+52.4,+42.2,+52.0,+21.3,+22.0,+22.0,+21.5,+21.3,+21.0,+20.7
2024-06-09 02:50,1,+55.4,+46.4,+60.2,+52.6,+42.2,+52.0,+21.1,+21.8,+22.0,+21.5,+21.3,+21.0,+20.7
2024-06-09 03:50,1,+55.3,+46.3,+60.2,+52.6,+42.2,+52.0,+21.0,+21.8,+21.8,+21.5,+21.3,+21.0,+20.8
2024-06-09 04:50,1,+55.2,+46.2,+60.2,+52.6,+42.2,+52.0,+20.8,+21.7,+21.8,+21.5,+21.3,+20.8,+20.8
2024-06-09 05:50,1,+55.2,+46.1,+60.1,+52.5,+42.2,+52.0,+20.8,+21.6,+21.8,+21.5,+21.3,+21.0,+20.7
2024-06-09 06:50,1,+55.1,+46.0,+60.0,+52.5,+42.2,+52.0,+21.0,+21.5,+21.8,+21.5,+21.3,+21.0,+20.8
2024-06-09 07:50,1,+55.1,+45.9,+60.0,+52.4,+42.1,+52.0,+21.2,+21.5,+21.7,+21.5,+21.3,+20.8,+20.8
2024-06-09 08:50,1,+54.9,+45.8,+60.0,+52.4,+42.1,+51.9,+21.8,+21.5,+21.7,+21.5,+21.3,+21.0,+20.8
2024-06-09 09:50,1,+54.8,+45.6,+59.9,+52.4,+42.1,+52.0,+22.6,+21.6,+21.6,+21.5,+21.3,+21.0,+20.8
2024-06-09 10:50,1,+54.7,+45.5,+59.9,+52.4,+42.1,+51.9,+23.2,+21.8,+21.7,+21.3,+21.5,+21.0,+20.8
2024-06-09 11:50,1,+54.7,+45.4,+59.8,+52.4,+42.1,+52.0,+23.5,+22.1,+21.7,+21.3,+21.3,+21.0,+20.8
2024-06-09 12:50,1,+54.7,+45.3,+59.8,+52.3,+42.0,+52.0,+23.6,+22.3,+21.7,+21.3,+21.3,+21.0,+20.8
2024-06-09 13:50,1,+54.7,+45.3,+59.8,+52.3,+42.0,+51.9,+23.5,+22.5,+21.8,+21.3,+21.3,+21.0,+20.8
2024-06-09 14:50,1,+54.7,+45.3,+59.8,+52.3,+42.0,+51.9,+23.5,+22.7,+21.8,+21.3,+21.3,+21.0,+20.8
2024-06-09 15:50,1,+54.7,+45.2,+59.8,+52.3,+42.0,+51.9,+23.3,+22.7,+22.0,+21.3,+21.3,+21.0,+20.8
2024-06-09 16:50,1,+54.6,+45.2,+59.8,+52.4,+42.0,+51.9,+23.3,+22.7,+22.1,+21.5,+21.3,+21.0,+20.8
2024-06-09 17:50,1,+54.6,+45.2,+59.7,+52.3,+41.9,+51.8,+23.1,+22.8,+22.1,+21.5,+21.3,+21.0,+20.8
2024-06-09 18:50,1,+54.6,+45.1,+59.8,+52.4,+42.0,+51.9,+23.0,+22.8,+22.2,+21.5,+21.3,+21.0,+20.8
2024-06-09 19:50,1,+54.6,+45.1,+59.7,+52.2,+41.9,+51.9,+22.7,+22.8,+22.2,+21.5,+21.5,+21.0,+20.8
2024-06-09 20:50,1,+54.5,+45.1,+59.7,+52.2,+41.9,+51.9,+22.5,+22.7,+22.2,+21.5,+21.3,+21.0,+20.8
2024-06-09 21:50,1,+54.4,+45.0,+59.7,+52.2,+41.9,+51.8,+22.3,+22.7,+22.3,+21.6,+21.5,+21.0,+20.8
2024-06-09 22:50,1,+54.4,+45.0,+59.7,+52.2,+41.9,+51.9,+22.2,+22.6,+22.3,+21.6,+21.5,+21.0,+20.8
2024-06-09 23:50,1,+54.3,+44.9,+59.6,+52.2,+41.9,+51.9,+22.0,+22.5,+22.2,+21.5,+21.5,+21.0,+20.8
2024-06-10 00:50,1,+54.3,+44.9,+59.6,+52.3,+41.9,+51.9,+22.0,+22.5,+22.3,+21.6,+21.3,+21.0,+20.8
2024-06-10 01:50,1,+54.2,+44.9,+59.6,+52.2,+41.9,+51.8,+21.7,+22.3,+22.3,+21.6,+21.5,+21.0,+20.8
2024-06-10 02:50,1,+54.2,+44.8,+59.6,+52.3,+41.9,+51.9,+21.6,+22.3,+22.2,+21.6,+21.5,+21.0,+20.8
2024-06-10 03:50,1,+54.1,+44.8,+59.1,+52.1,+41.9,+51.8,+21.6,+22.2,+22.2,+21.6,+21.5,+21.0,+20.8
2024-06-10 04:50,1,+54.1,+44.7,+59.0,+52.3,+41.9,+51.8,+21.5,+22.1,+22.2,+21.6,+21.5,+21.0,+20.8
2024-06-10 05:50,1,+54.0,+44.7,+59.2,+52.2,+41.9,+51.8,+21.3,+22.1,+22.1,+21.6,+21.5,+21.0,+20.8
2024-06-10 06:50,1,+54.0,+44.6,+58.7,+52.2,+41.8,+51.8,+21.6,+22.0,+22.1,+21.6,+21.5,+21.1,+20.8
2024-06-10 07:50,1,+53.9,+44.6,+59.2,+52.3,+41.9,+51.8,+22.2,+22.0,+22.1,+21.6,+21.5,+21.0,+20.8
2024-06-10 08:50,1,+53.8,+44.5,+59.2,+52.2,+41.8,+51.8,+22.7,+22.1,+22.1,+21.6,+21.5,+21.1,+20.8
2024-06-10 09:50,1,+53.7,+44.4,+59.4,+52.1,+41.8,+51.8,+23.2,+22.2,+22.0,+21.6,+21.5,+21.0,+20.8
2024-06-10 10:50,1,+53.6,+44.3,+59.4,+52.1,+41.8,+51.7,+23.7,+22.3,+22.0,+21.6,+21.5,+21.1,+20.8
2024-06-10 11:50,1,+53.5,+44.2,+59.4,+52.2,+41.8,+51.7,+24.0,+22.6,+22.1,+21.6,+21.5,+21.1,+20.8
2024-06-10 12:50,1,+53.5,+44.2,+59.4,+52.1,+41.8,+51.7,+23.8,+22.7,+22.1,+21.6,+21.6,+21.0,+20.8
2024-06-10 13:50,1,+53.5,+44.2,+59.4,+52.1,+41.8,+51.7,+23.7,+23.0,+22.2,+21.6,+21.5,+21.0,+20.8
2024-06-10 14:50,1,+53.5,+44.2,+59.4,+52.1,+41.7,+51.7,+23.6,+23.0,+22.2,+21.6,+21.5,+21.1,+20.8
2024-06-10 15:50,1,+54.6,+44.2,+59.4,+52.1,+41.8,+51.7,+23.5,+23.1,+22.3,+21.6,+21.5,+21.1,+20.8
2024-06-10 16:50,1,+55.0,+44.3,+59.4,+52.1,+41.8,+51.8,+23.3,+23.1,+22.3,+21.6,+21.5,+21.1,+20.8
2024-06-10 17:50,1,+55.6,+44.4,+59.4,+52.2,+41.8,+51.8,+23.1,+23.1,+22.5,+21.6,+21.5,+21.1,+21.0
2024-06-10 18:50,1,+57.2,+45.6,+59.5,+52.1,+41.8,+51.8,+22.8,+23.1,+22.5,+21.7,+21.5,+21.1,+20.8
2024-06-10 19:50,1,+58.8,+47.5,+59.5,+52.1,+41.8,+51.8,+22.3,+23.0,+22.6,+21.7,+21.5,+21.1,+20.8
2024-06-10 20:50,1,+57.5,+48.5,+60.5,+52.3,+41.8,+51.8,+22.1,+22.8,+22.6,+21.7,+21.6,+21.1,+20.8
2024-06-10 21:50,1,+57.0,+48.1,+60.6,+52.5,+42.0,+51.8,+22.0,+22.7,+22.6,+21.7,+21.6,+21.1,+20.8
2024-06-10 22:50,1,+56.5,+47.7,+60.6,+52.9,+42.3,+51.9,+21.8,+22.7,+22.6,+21.7,+21.6,+21.1,+20.8
2024-06-10 23:50,1,+56.1,+47.4,+60.6,+52.9,+42.5,+52.0,+21.7,+22.6,+22.6,+21.8,+21.6,+21.1,+20.8
2024-06-11 00:50,1,+55.9,+47.1,+60.5,+52.9,+42.7,+52.0,+21.6,+22.5,+22.5,+21.8,+21.5,+21.1,+21.0
2024-06-11 01:50,1,+55.9,+47.0,+60.5,+52.8,+42.7,+52.1,+21.5,+22.3,+22.5,+21.8,+21.6,+21.1,+21.0
2024-06-11 02:50,1,+55.8,+46.8,+60.5,+52.7,+42.7,+52.2,+21.3,+22.2,+22.5,+21.8,+21.6,+21.1,+21.0
2024-06-11 03:50,1,+55.7,+46.7,+60.4,+52.9,+42.7,+52.3,+21.3,+22.2,+22.3,+21.8,+21.6,+21.1,+21.0
2024-06-11 04:50,1,+55.6,+46.5,+60.4,+52.7,+42.7,+52.3,+21.2,+22.1,+22.3,+21.8,+21.6,+21.1,+20.8
2024-06-11 05:50,1,+55.5,+46.4,+60.3,+52.7,+42.6,+52.3,+21.2,+22.0,+22.2,+21.8,+21.6,+21.1,+21.0
2024-06-11 06:50,1,+55.4,+46.3,+60.3,+52.8,+42.6,+52.3,+21.2,+22.0,+22.2,+21.8,+21.6,+21.2,+21.0
2024-06-11 07:50,1,+55.4,+46.2,+60.2,+52.8,+42.6,+52.3,+21.6,+22.0,+22.2,+21.7,+21.7,+21.2,+21.0
2024-06-11 08:50,1,+55.3,+46.1,+60.1,+52.7,+42.5,+52.2,+21.8,+22.0,+22.1,+21.7,+21.7,+21.2,+21.0
2024-06-11 09:50,1,+55.3,+46.0,+60.0,+52.7,+42.5,+52.3,+22.0,+22.0,+22.1,+21.7,+21.7,+21.2,+21.0
2024-06-11 10:50,1,+55.2,+46.0,+60.0,+52.7,+42.5,+52.3,+22.1,+22.0,+22.1,+21.7,+21.7,+21.2,+21.0
2024-06-11 11:50,1,+57.1,+45.9,+60.0,+52.6,+42.4,+52.2,+22.2,+22.1,+22.0,+21.7,+21.7,+21.2,+21.0
2024-06-11 12:50,1,+57.7,+48.9,+60.8,+52.9,+44.6,+53.9,+22.0,+22.1,+22.1,+21.7,+21.7,+21.2,+21.0
2024-06-11 13:50,1,+56.7,+47.9,+60.7,+53.2,+43.6,+52.6,+22.0,+22.1,+22.1,+21.7,+21.7,+21.2,+21.0
2024-06-11 14:50,1,+56.3,+47.4,+60.7,+53.1,+43.6,+52.7,+22.2,+22.1,+22.1,+21.7,+21.6,+21.2,+21.0
2024-06-11 15:50,1,+56.1,+47.1,+60.6,+53.0,+43.5,+52.8,+22.2,+22.1,+22.1,+21.7,+21.6,+21.2,+21.0
2024-06-11 16:50,1,+55.9,+46.7,+60.3,+53.1,+43.4,+52.8,+22.2,+22.2,+22.1,+21.7,+21.7,+21.2,+21.0
2024-06-11 17:50,1,+55.8,+46.5,+60.3,+52.9,+43.2,+52.8,+22.1,+22.2,+22.1,+21.6,+21.6,+21.2,+21.0
2024-06-11 18:50,1,+55.7,+46.5,+60.3,+52.9,+43.2,+52.7,+22.0,+22.2,+22.1,+21.7,+21.7,+21.2,+21.1
2024-06-11 19:50,1,+55.6,+46.4,+60.2,+53.0,+43.1,+52.7,+21.8,+22.2,+22.0,+21.7,+21.7,+21.2,+21.1
2024-06-11 20:50,1,+55.5,+46.3,+60.2,+52.9,+43.0,+52.7,+21.7,+22.1,+22.1,+21.7,+21.7,+21.2,+21.0
2024-06-11 21:50,1,+55.4,+46.2,+60.1,+52.9,+42.9,+52.6,+21.6,+22.1,+22.1,+21.7,+21.7,+21.2,+21.1
2024-06-11 22:50,1,+55.4,+46.1,+60.0,+52.7,+42.9,+52.5,+21.5,+22.1,+22.1,+21.7,+21.6,+21.2,+21.1
2024-06-11 23:50,1,+55.3,+46.0,+60.0,+52.8,+42.9,+52.5,+21.5,+22.0,+22.1,+21.7,+21.7,+21.2,+21.1
2024-06-12 00:50,1,+55.2,+46.0,+59.9,+52.7,+42.7,+52.4,+21.2,+22.0,+22.1,+21.7,+21.7,+21.2,+21.0
2024-06-12 01:50,1,+55.2,+45.9,+59.9,+52.7,+42.7,+52.4,+21.2,+21.8,+22.0,+21.6,+21.7,+21.2,+21.1
2024-06-12 02:50,1,+55.1,+45.8,+59.8,+52.6,+42.7,+52.4,+21.2,+21.8,+22.0,+21.7,+21.7,+21.2,+21.1
2024-06-12 03:50,1,+55.1,+45.8,+59.8,+52.7,+42.7,+52.4,+21.1,+21.7,+22.0,+21.7,+21.7,+21.2,+21.1
2024-06-12 04:50,1,+55.0,+45.7,+59.8,+52.6,+42.6,+52.3,+21.1,+21.7,+22.0,+21.7,+21.7,+21.2,+21.0
2024-06-12 05:50,1,+55.0,+45.7,+59.7,+52.6,+42.6,+52.3,+21.1,+21.6,+21.8,+21.7,+21.7,+21.2,+21.1
2024-06-12 06:50,1,+55.0,+45.6,+59.7,+52.7,+42.7,+52.3,+21.0,+21.6,+22.0,+21.7,+21.6,+21.2,+21.1
2024-06-12 07:50,1,+54.9,+45.5,+59.7,+52.6,+42.6,+52.3,+21.0,+21.6,+21.8,+21.6,+21.7,+21.2,+21.1
2024-06-12 08:50,1,+54.9,+45.4,+59.7,+52.5,+42.6,+52.2,+21.2,+21.6,+21.7,+21.6,+21.6,+21.2,+21.1
2024-06-12 09:50,1,+54.8,+45.3,+59.6,+52.5,+42.6,+52.2,+21.8,+21.6,+21.7,+21.6,+21.7,+21.2,+21.1
2024-06-12 10:50,1,+54.7,+45.3,+59.6,+52.6,+42.6,+52.2,+22.3,+21.7,+21.7,+21.6,+21.6,+21.2,+21.1
2024-06-12 11:50,1,+54.7,+45.2,+59.6,+52.4,+42.5,+52.1,+22.5,+21.8,+21.7,+21.6,+21.7,+21.2,+21.1
2024-06-12 12:50,1,+54.7,+45.1,+59.6,+52.4,+42.5,+52.1,+22.6,+22.0,+21.7,+21.6,+21.6,+21.2,+21.1
2024-06-12 13:50,1,+54.7,+45.1,+59.6,+52.4,+42.5,+52.1,+22.6,+22.1,+21.8,+21.6,+21.6,+21.2,+21.1
2024-06-12 14:50,1,+54.7,+45.1,+59.5,+52.6,+42.5,+52.1,+22.6,+22.2,+21.8,+21.6,+21.7,+21.2,+21.1
2024-06-12 15:50,1,+54.6,+45.0,+59.5,+52.4,+42.5,+52.1,+22.5,+22.2,+21.8,+21.6,+21.6,+21.2,+21.1
2024-06-12 16:50,1,+54.6,+45.0,+59.5,+52.4,+42.5,+52.0,+22.5,+22.3,+22.0,+21.6,+21.6,+21.2,+21.1
2024-06-12 17:50,1,+54.6,+45.0,+59.5,+52.4,+42.5,+52.0,+22.3,+22.3,+22.0,+21.6,+21.6,+21.2,+21.1
2024-06-12 18:50,1,+54.6,+44.9,+59.5,+52.4,+42.4,+52.0,+22.1,+22.3,+22.0,+21.6,+21.6,+21.2,+21.1
2024-06-12 19:50,1,+56.9,+45.3,+59.5,+52.4,+42.4,+52.0,+22.0,+22.2,+22.0,+21.6,+21.6,+21.2,+21.1
2024-06-12 20:50,1,+56.5,+45.8,+59.5,+52.5,+42.5,+52.1,+21.8,+22.2,+22.1,+21.6,+21.6,+21.2,+21.1
2024-06-12 21:50,1,+56.3,+46.0,+59.5,+52.4,+42.4,+52.0,+21.7,+22.1,+22.1,+21.6,+21.6,+21.2,+21.1
2024-06-12 22:50,1,+56.2,+46.2,+59.5,+52.4,+42.4,+52.0,+21.6,+22.1,+22.1,+21.6,+21.6,+21.2,+21.1
2024-06-12 23:50,1,+56.1,+46.3,+59.5,+52.4,+42.4,+52.0,+21.5,+22.1,+22.1,+21.6,+21.6,+21.1,+21.1
2024-06-13 00:50,1,+55.9,+46.4,+59.5,+52.5,+42.4,+52.0,+21.5,+22.1,+22.1,+21.6,+21.6,+21.2,+21.1
2024-06-13 01:50,1,+55.8,+46.4,+59.5,+52.3,+42.4,+52.1,+21.3,+22.0,+22.1,+21.7,+21.6,+21.2,+21.1
2024-06-13 02:50,1,+55.7,+46.4,+59.5,+52.4,+42.4,+52.1,+21.3,+21.8,+22.0,+21.6,+21.6,+21.1,+21.1
2024-06-13 03:50,1,+55.7,+46.3,+59.6,+52.3,+42.4,+52.1,+21.2,+21.8,+22.0,+21.6,+21.6,+21.2,+21.1
2024-06-13 04:50,1,+55.7,+46.3,+59.6,+52.4,+42.4,+52.1,+21.2,+21.8,+22.0,+21.6,+21.6,+21.2,+21.1
2024-06-13 05:50,1,+55.7,+46.3,+59.6,+52.3,+42.4,+52.1,+21.2,+21.7,+22.0,+21.6,+21.6,+21.2,+21.1
2024-06-13 06:50,1,+55.6,+46.3,+59.6,+52.4,+42.5,+52.1,+21.1,+21.7,+21.8,+21.6,+21.6,+21.2,+21.1
2024-06-13 07:50,1,+55.6,+46.2,+59.6,+52.3,+42.4,+52.1,+21.2,+21.6,+21.8,+21.6,+21.7,+21.2,+21.1
2024-06-13 08:50,1,+55.5,+46.1,+59.5,+52.3,+42.3,+52.1,+21.7,+21.6,+21.8,+21.6,+21.6,+21.2,+21.1
2024-06-13 09:50,1,+55.4,+46.1,+59.5,+52.3,+42.3,+52.1,+22.2,+21.7,+21.8,+21.6,+21.6,+21.2,+21.1
2024-06-13 10:50,1,+55.4,+46.0,+59.5,+52.4,+42.4,+52.1,+22.3,+21.8,+21.8,+21.6,+21.6,+21.2,+21.1
2024-06-13 11:50,1,+55.4,+46.0,+59.5,+52.3,+42.3,+52.0,+22.6,+22.0,+21.8,+21.6,+21.6,+21.2,+21.1
2024-06-13 12:50,1,+56.3,+46.1,+59.6,+52.3,+42.3,+52.0,+22.7,+22.1,+21.8,+21.6,+21.7,+21.2,+21.1
2024-06-13 13:50,1,+58.0,+46.8,+59.6,+52.3,+42.4,+52.1,+22.7,+22.2,+21.8,+21.6,+21.6,+21.2,+21.1
2024-06-13 14:50,1,+57.0,+47.5,+59.8,+52.4,+42.4,+52.1,+22.7,+22.3,+22.0,+21.6,+21.6,+21.2,+21.1
2024-06-13 15:50,1,+57.4,+47.8,+60.2,+52.3,+42.4,+52.1,+22.6,+22.3,+22.0,+21.6,+21.6,+21.2,+21.1
2024-06-13 16:50,1,+57.1,+47.8,+60.4,+52.4,+42.4,+52.1,+22.3,+22.3,+22.0,+21.6,+21.6,+21.2,+21.1
2024-06-13 17:50,1,+57.0,+47.7,+60.5,+52.5,+42.4,+52.1,+22.2,+22.3,+22.1,+21.6,+21.6,+21.1,+21.1
2024-06-13 18:50,1,+56.9,+47.6,+60.5,+52.4,+42.4,+52.0,+22.1,+22.3,+22.1,+21.6,+21.6,+21.1,+21.1
2024-06-13 19:50,1,+57.9,+48.4,+60.6,+52.6,+42.5,+52.1,+22.0,+22.2,+22.1,+21.6,+21.6,+21.2,+21.1
2024-06-13 20:50,1,+57.2,+48.2,+60.7,+52.7,+42.6,+52.1,+21.8,+22.2,+22.1,+21.6,+21.6,+21.1,+21.1
2024-06-13 21:50,1,+56.7,+47.7,+60.6,+52.6,+42.6,+52.1,+21.6,+22.2,+22.1,+21.6,+21.6,+21.2,+21.1
2024-06-13 22:50,1,+56.5,+47.4,+60.5,+52.9,+42.9,+52.2,+21.6,+22.1,+22.1,+21.7,+21.6,+21.2,+21.1
2024-06-13 23:50,1,+56.5,+47.2,+60.5,+52.9,+43.1,+52.3,+21.5,+22.1,+22.1,+21.6,+21.6,+21.2,+21.1
2024-06-14 00:50,1,+56.4,+47.0,+60.5,+52.9,+43.1,+52.3,+21.3,+22.0,+22.1,+21.6,+21.6,+21.2,+21.1
2024-06-14 01:50,1,+56.3,+46.9,+60.4,+52.9,+43.2,+52.4,+21.3,+22.0,+22.0,+21.6,+21.7,+21.2,+21.1
2024-06-14 02:50,1,+56.2,+46.8,+60.4,+52.9,+43.2,+52.5,+21.2,+21.8,+22.0,+21.7,+21.6,+21.2,+21.1
2024-06-14 03:50,1,+56.1,+46.7,+60.3,+52.8,+43.2,+52.5,+21.2,+21.7,+22.0,+21.6,+21.7,+21.2,+21.1
2024-06-14 04:50,1,+56.0,+46.6,+60.2,+52.9,+43.2,+52.5,+21.2,+21.7,+22.0,+21.6,+21.7,+21.2,+21.1
2024-06-14 05:50,1,+56.5,+46.5,+60.2,+52.9,+43.2,+52.5,+21.1,+21.7,+22.0,+21.6,+21.7,+21.2,+21.1
2024-06-14 06:50,1,+56.7,+46.8,+60.1,+52.8,+43.1,+52.5,+21.1,+21.7,+22.0,+21.7,+21.6,+21.2,+21.1
2024-06-14 07:50,1,+56.7,+47.0,+60.1,+52.8,+43.1,+52.5,+21.1,+21.6,+21.8,+21.7,+21.7,+21.2,+21.1
2024-06-14 08:50,1,+56.7,+47.0,+60.1,+52.7,+43.1,+52.5,+21.1,+21.6,+21.8,+21.6,+21.6,+21.2,+21.1
2024-06-14 09:50,1,+56.9,+47.2,+60.2,+52.9,+43.1,+52.5,+21.2,+21.6,+21.8,+21.6,+21.6,+21.2,+21.1
2024-06-14 10:50,1,+56.7,+47.2,+60.2,+52.9,+43.0,+52.5,+21.2,+21.5,+21.7,+21.6,+21.7,+21.2,+21.1
2024-06-14 11:50,1,+58.1,+47.9,+60.3,+52.7,+43.0,+52.4,+21.3,+21.6,+21.7,+21.6,+21.7,+21.2,+21.1
2024-06-14 12:50,1,+57.2,+47.9,+60.6,+52.7,+43.0,+52.4,+21.5,+21.6,+21.7,+21.6,+21.6,+21.2,+21.1
2024-06-14 13:50,1,+56.8,+47.5,+60.5,+52.8,+43.0,+52.4,+21.6,+21.6,+21.7,+21.5,+21.6,+21.2,+21.1
2024-06-14 14:50,1,+56.6,+47.3,+60.5,+52.8,+43.0,+52.4,+21.8,+21.7,+21.7,+21.6,+21.6,+21.2,+21.1
2024-06-14 15:50,1,+56.5,+47.0,+60.5,+52.9,+43.1,+52.4,+21.7,+21.7,+21.7,+21.6,+21.6,+21.2,+21.1
2024-06-14 16:50,1,+56.4,+46.8,+60.4,+52.7,+43.1,+52.4,+21.7,+21.7,+21.7,+21.6,+21.6,+21.2,+21.1
2024-06-14 17:50,1,+56.3,+46.7,+60.4,+52.8,+43.1,+52.4,+21.6,+21.8,+21.7,+21.5,+21.6,+21.2,+21.1
2024-06-14 18:50,1,+56.2,+46.5,+60.2,+52.9,+43.1,+52.5,+21.6,+21.8,+21.7,+21.5,+21.6,+21.2,+21.1
2024-06-14 19:50,1,+56.1,+46.4,+60.2,+52.9,+43.1,+52.5,+21.5,+21.8,+21.7,+21.5,+21.6,+21.2,+21.1
2024-06-14 20:50,1,+56.1,+46.3,+60.1,+52.7,+43.0,+52.4,+21.3,+21.8,+21.7,+21.5,+21.7,+21.2,+21.1
2024-06-14 21:50,1,+56.0,+46.3,+60.0,+52.8,+43.0,+52.6,+21.3,+21.7,+21.7,+21.5,+21.6,+21.2,+21.1
2024-06-14 22:50,1,+55.9,+46.2,+60.0,+52.8,+43.0,+52.5,+21.2,+21.7,+21.7,+21.5,+21.6,+21.1,+21.1
2024-06-14 23:50,1,+55.9,+46.1,+60.0,+52.8,+43.0,+52.5,+21.2,+21.6,+21.7,+21.5,+21.6,+21.2,+21.1
2024-06-15 00:50,1,+56.2,+46.1,+60.0,+52.7,+42.9,+52.4,+21.1,+21.6,+21.7,+21.6,+21.6,+21.2,+21.1
2024-06-15 01:50,1,+57.4,+46.8,+59.9,+52.8,+43.0,+52.5,+21.0,+21.6,+21.7,+21.5,+21.6,+21.2,+21.1
2024-06-15 02:50,1,+56.9,+47.2,+60.0,+52.7,+42.9,+52.4,+20.7,+21.5,+21.7,+21.5,+21.6,+21.2,+21.1
2024-06-15 03:50,1,+56.9,+47.2,+60.1,+52.7,+42.9,+52.4,+20.7,+21.5,+21.7,+21.5,+21.6,+21.2,+21.1
2024-06-15 04:50,1,+56.8,+47.2,+60.1,+52.7,+42.9,+52.4,+20.6,+21.3,+21.6,+21.5,+21.6,+21.2,+21.1
2024-06-15 05:50,1,+56.6,+47.1,+60.1,+52.7,+43.0,+52.4,+20.6,+21.3,+21.7,+21.5,+21.6,+21.2,+21.1
2024-06-15 06:50,1,+56.5,+47.0,+60.1,+52.7,+42.9,+52.4,+20.5,+21.2,+21.6,+21.5,+21.6,+21.2,+21.1
2024-06-15 07:50,1,+56.7,+47.0,+60.1,+52.7,+42.9,+52.4,+20.5,+21.2,+21.6,+21.5,+21.6,+21.2,+21.1
2024-06-15 08:50,1,+56.9,+47.1,+60.1,+52.7,+42.9,+52.4,+20.7,+21.1,+21.6,+21.5,+21.6,+21.2,+21.1
2024-06-15 09:50,1,+56.7,+47.1,+60.1,+52.8,+42.9,+52.4,+20.8,+21.1,+21.5,+21.5,+21.6,+21.2,+21.1
2024-06-15 10:50,1,+56.6,+47.0,+60.1,+52.7,+42.9,+52.4,+21.1,+21.2,+21.5,+21.5,+21.6,+21.2,+21.1
2024-06-15 11:50,1,+56.4,+46.8,+60.1,+52.8,+42.9,+52.4,+21.2,+21.2,+21.5,+21.5,+21.6,+21.2,+21.1
2024-06-15 12:50,1,+58.3,+47.8,+60.2,+52.7,+42.9,+52.4,+21.3,+21.2,+21.5,+21.3,+21.6,+21.2,+21.1
2024-06-15 13:50,1,+58.5,+48.3,+60.6,+52.7,+42.9,+52.4,+21.2,+21.3,+21.3,+21.3,+21.6,+21.2,+21.1
2024-06-15 14:50,1,+58.0,+48.5,+60.7,+53.1,+43.3,+52.4,+21.2,+21.3,+21.5,+21.3,+21.6,+21.2,+21.1
2024-06-15 15:50,1,+57.7,+48.2,+60.7,+53.5,+45.7,+54.6,+21.1,+21.3,+21.5,+21.3,+21.6,+21.1,+21.1
2024-06-15 16:50,1,+57.6,+47.9,+60.7,+53.5,+45.4,+54.8,+21.0,+21.3,+21.5,+21.3,+21.6,+21.1,+21.1
2024-06-15 17:50,1,+57.2,+47.7,+60.7,+53.4,+45.1,+54.3,+20.8,+21.3,+21.5,+21.3,+21.5,+21.1,+21.1
2024-06-15 18:50,1,+56.9,+47.4,+60.6,+53.4,+44.7,+54.0,+20.7,+21.3,+21.5,+21.3,+21.6,+21.1,+21.1
2024-06-15 19:50,1,+56.7,+47.2,+60.5,+53.2,+44.4,+53.8,+20.7,+21.2,+21.5,+21.3,+21.6,+21.1,+21.1
2024-06-15 20:50,1,+56.5,+47.0,+60.5,+53.3,+44.2,+53.4,+20.6,+21.2,+21.5,+21.3,+21.6,+21.1,+21.1
2024-06-15 21:50,1,+56.5,+46.8,+60.4,+53.2,+43.9,+53.3,+20.6,+21.2,+21.5,+21.3,+21.5,+21.2,+21.1
2024-06-15 22:50,1,+56.5,+46.7,+60.3,+53.0,+43.7,+53.1,+20.5,+21.2,+21.3,+21.3,+21.5,+21.1,+21.1
2024-06-15 23:50,1,+56.3,+46.6,+60.2,+53.0,+43.6,+53.0,+20.5,+21.1,+21.5,+21.3,+21.5,+21.1,+21.1
2024-06-16 00:50,1,+56.3,+46.5,+60.1,+53.0,+43.5,+53.0,+20.3,+21.1,+21.3,+21.3,+21.6,+21.1,+21.1
2024-06-16 01:50,1,+56.2,+46.4,+60.1,+53.1,+43.4,+53.0,+20.2,+21.0,+21.3,+21.3,+21.5,+21.1,+21.1
2024-06-16 02:50,1,+56.1,+46.3,+60.0,+52.9,+43.3,+52.8,+20.2,+20.8,+21.3,+21.3,+21.5,+21.1,+21.1
2024-06-16 03:50,1,+56.1,+46.3,+60.0,+52.9,+43.3,+52.8,+20.1,+20.8,+21.3,+21.3,+21.5,+21.1,+21.1
2024-06-16 04:50,1,+56.0,+46.2,+60.0,+52.8,+43.2,+52.7,+20.1,+20.8,+21.2,+21.2,+21.5,+21.1,+21.1
2024-06-16 05:50,1,+56.2,+46.2,+60.0,+52.8,+43.2,+52.7,+20.1,+20.7,+21.2,+21.2,+21.5,+21.1,+21.1
2024-06-16 06:50,1,+56.3,+46.3,+59.9,+52.9,+43.2,+52.7,+20.0,+20.7,+21.2,+21.2,+21.5,+21.1,+21.1
2024-06-16 07:50,1,+56.3,+46.3,+59.9,+52.8,+43.1,+52.6,+20.0,+20.7,+21.2,+21.2,+21.5,+21.1,+21.1
2024-06-16 08:50,1,+56.2,+46.3,+59.9,+52.7,+43.1,+52.6,+20.0,+20.7,+21.1,+21.2,+21.5,+21.1,+21.1
2024-06-16 09:50,1,+56.2,+46.3,+59.8,+52.8,+43.1,+52.6,+20.2,+20.6,+21.1,+21.2,+21.5,+21.1,+21.1
2024-06-16 10:50,1,+56.2,+46.3,+59.8,+52.8,+43.1,+52.6,+20.5,+20.7,+21.1,+21.2,+21.5,+21.1,+21.1
2024-06-16 11:50,1,+56.1,+46.2,+59.8,+52.7,+43.0,+52.5,+20.6,+20.7,+21.1,+21.2,+21.5,+21.1,+21.1
2024-06-16 12:50,1,+56.1,+46.1,+59.8,+52.7,+43.0,+52.5,+21.0,+20.7,+21.1,+21.1,+21.5,+21.1,+21.1
2024-06-16 13:50,1,+56.0,+46.1,+59.8,+52.7,+42.9,+52.4,+21.1,+20.8,+21.1,+21.2,+21.3,+21.1,+21.1
2024-06-16 14:50,1,+56.0,+46.0,+59.8,+52.7,+42.9,+52.5,+21.3,+21.0,+21.1,+21.1,+21.5,+21.0,+21.1
2024-06-16 15:50,1,+56.0,+46.0,+59.7,+52.7,+42.9,+52.5,+21.3,+21.1,+21.1,+21.1,+21.3,+21.1,+21.1
2024-06-16 16:50,1,+56.0,+45.9,+59.7,+52.7,+42.9,+52.4,+21.5,+21.1,+21.1,+21.1,+21.5,+21.1,+21.1
2024-06-16 17:50,1,+56.1,+45.9,+59.7,+52.7,+42.9,+52.4,,,,,,,
2024-06-16 18:50,1,+56.3,+45.9,+59.7,+52.6,+42.9,+52.4,+21.2,+21.2,+21.1,+21.1,+21.3,+21.0,+21.1
2024-06-16 19:50,1,+56.4,+45.9,+59.7,+52.5,+42.9,+52.4,+21.1,+21.2,+21.2,+21.1,+21.3,+21.1,+21.1
2024-06-16 20:50,1,+56.6,+46.0,+59.7,+52.7,+42.9,+52.4,+21.0,+21.2,+21.2,+21.1,+21.3,+21.0,+21.0
2024-06-16 21:50,1,+56.8,+46.1,+59.7,+52.7,+42.9,+52.4,+20.8,+21.2,+21.2,+21.1,+21.3,+21.0,+21.0
2024-06-16 22:50,1,+56.7,+46.2,+59.7,+52.5,+42.8,+52.4,+20.7,+21.2,+21.2,+21.1,+21.3,+21.0,+21.0
2024-06-16 23:50,1,+56.7,+46.3,+59.7,+52.7,+42.9,+52.4,+20.6,+21.1,+21.3,+21.1,+21.3,+21.0,+21.1
2024-06-17 00:50,1,+56.6,+46.3,+59.7,+52.7,+42.8,+52.4,+20.6,+21.1,+21.2,+21.1,+21.3,+21.0,+21.1
2024-06-17 01:50,1,+56.5,+46.3,+59.7,+52.7,+42.8,+52.4,+20.5,+21.1,+21.2,+21.1,+21.3,+21.0,+21.0
2024-06-17 02:50,1,+56.5,+46.3,+59.7,+52.5,+42.7,+52.3,+20.5,+21.0,+21.2,+21.1,+21.3,+21.0,+21.0
2024-06-17 03:50,1,+56.4,+46.3,+59.7,+52.5,+42.7,+52.3,+20.5,+21.0,+21.2,+21.1,+21.3,+21.0,+21.0
2024-06-17 04:50,1,+56.4,+46.2,+59.7,+52.5,+42.7,+52.3,+20.3,+21.0,+21.2,+21.1,+21.3,+21.0,+21.0
2024-06-17 05:50,1,+56.4,+46.1,+59.7,+52.5,+42.7,+52.3,+20.3,+21.0,+21.2,+21.1,+21.3,+21.0,+21.0
2024-06-17 06:50,1,+56.3,+46.1,+59.7,+52.5,+42.7,+52.3,+20.5,+21.0,+21.2,+21.1,+21.3,+21.0,+21.0
2024-06-17 07:50,1,+56.3,+46.0,+59.6,+52.6,+42.7,+52.3,+21.1,+20.8,+21.2,+21.1,+21.2,+21.0,+21.0
2024-06-17 08:50,1,+56.3,+45.9,+59.6,+52.5,+42.7,+52.3,+21.8,+21.0,+21.1,+21.1,+21.3,+21.0,+21.0
2024-06-17 09:50,1,+56.3,+45.9,+59.6,+52.6,+42.7,+52.3,+22.1,+21.2,+21.2,+21.1,+21.3,+21.0,+21.0
2024-06-17 10:50,1,+56.3,+45.8,+59.6,+52.4,+42.7,+52.3,+22.1,+21.3,+21.2,+21.1,+21.2,+21.0,+21.0
2024-06-17 11:50,1,+56.3,+45.8,+59.6,+52.5,+42.6,+52.3,+22.3,+21.5,+21.2,+21.1,+21.3,+21.0,+21.1
2024-06-17 12:50,1,+56.3,+45.7,+59.6,+52.5,+42.7,+52.3,+22.5,+21.6,+21.2,+21.1,+21.2,+20.8,+21.0
2024-06-17 13:50,1,+56.3,+45.7,+59.6,+52.6,+42.7,+52.2,+22.5,+21.7,+21.3,+21.1,+21.3,+21.0,+21.0
2024-06-17 14:50,1,+56.2,+45.6,+59.6,+52.3,+42.6,+52.2,+22.5,+21.8,+21.3,+21.1,+21.3,+21.0,+21.0
2024-06-17 15:50,1,+56.3,+45.6,+59.6,+52.5,+42.7,+52.3,+22.5,+22.0,+21.5,+21.1,+21.2,+21.0,+21.0
2024-06-17 16:50,1,+56.2,+45.6,+59.6,+52.4,+42.6,+52.2,+22.5,+22.0,+21.5,+21.1,+21.3,+21.0,+21.0
2024-06-17 17:50,1,+56.2,+45.5,+59.6,+52.5,+42.6,+52.3,+22.3,+22.0,+21.5,+21.1,+21.2,+21.0,+21.0
2024-06-17 18:50,1,+56.7,+45.6,+59.6,+52.4,+42.6,+52.2,+22.2,+22.1,+21.6,+21.2,+21.3,+21.0,+21.0
2024-06-17 19:50,1,+57.3,+45.7,+59.6,+52.5,+42.6,+52.3,+22.1,+22.0,+21.6,+21.2,+21.3,+21.0,+21.0
2024-06-17 20:50,1,+57.7,+46.0,+59.6,+52.5,+42.6,+52.2,+21.8,+22.1,+21.7,+21.2,+21.3,+21.0,+21.0
2024-06-17 21:50,1,+57.8,+46.5,+59.6,+52.4,+42.6,+52.2,+21.7,+22.0,+21.7,+21.2,+21.3,+20.8,+21.0
2024-06-17 22:50,1,+58.0,+47.2,+59.7,+52.5,+42.6,+52.3,+21.6,+22.0,+21.7,+21.2,+21.3,+21.0,+21.0
2024-06-17 23:50,1,+57.9,+47.5,+59.8,+52.5,+42.6,+52.2,+21.5,+21.8,+21.7,+21.3,+21.2,+21.0,+21.0
2024-06-18 00:50,1,+57.9,+47.7,+60.1,+52.5,+42.6,+52.2,+21.3,+21.8,+21.7,+21.3,+21.3,+21.0,+21.0
2024-06-18 01:50,1,+57.6,+47.6,+60.2,+52.5,+42.6,+52.2,+21.2,+21.7,+21.7,+21.3,+21.3,+21.0,+21.0
2024-06-18 02:50,1,+57.4,+47.5,+60.3,+52.5,+42.6,+52.2,+21.2,+21.7,+21.7,+21.2,+21.3,+21.0,+21.0
2024-06-18 03:50,1,+57.3,+47.4,+60.3,+52.5,+42.6,+52.2,+21.1,+21.6,+21.7,+21.2,+21.3,+21.0,+21.0
2024-06-18 04:50,1,+57.2,+47.2,+60.3,+52.7,+42.6,+52.2,+21.1,+21.6,+21.7,+21.3,+21.3,+21.0,+21.0
2024-06-18 05:50,1,+57.1,+47.1,+60.2,+52.7,+42.7,+52.3,+21.0,+21.5,+21.6,+21.3,+21.3,+21.0,+21.0
2024-06-18 06:50,1,+57.1,+47.0,+60.2,+52.6,+42.7,+52.2,+20.8,+21.5,+21.6,+21.3,+21.3,+21.0,+21.0
2024-06-18 07:50,1,+57.0,+46.8,+60.2,+52.6,+42.7,+52.2,+21.3,+21.5,+21.6,+21.3,+21.3,+21.0,+21.0
2024-06-18 08:50,1,+57.0,+46.8,+60.1,+52.6,+42.8,+52.3,+21.8,+21.5,+21.6,+21.3,+21.3,+21.0,+21.0
2024-06-18 09:50,1,+56.9,+46.6,+60.1,+52.7,+42.9,+52.3,+22.0,+21.6,+21.5,+21.3,+21.3,+21.0,+21.0
2024-06-18 10:50,1,+56.9,+46.6,+60.0,+52.6,+42.8,+52.3,+22.2,+21.7,+21.6,+21.3,+21.3,+21.0,+21.0
2024-06-18 11:50,1,+56.8,+46.5,+60.0,+52.6,+42.8,+52.4,+22.3,+21.7,+21.6,+21.3,+21.3,+21.0,+21.0
2024-06-18 12:50,1,+56.8,+46.4,+60.0,+52.7,+42.8,+52.3,,,,,,,
2024-06-18 13:50,1,+56.9,+46.3,+59.9,+52.5,+42.8,+52.3,+22.2,+22.0,+21.6,+21.3,+21.3,+21.0,+21.0
2024-06-18 14:50,1,+57.0,+46.3,+59.9,+52.6,+42.8,+52.3,+22.2,+22.0,+21.7,+21.3,+21.3,+21.0,+21.0
2024-06-18 15:50,1,+57.0,+46.4,+59.9,+52.6,+42.9,+52.3,+22.2,+22.0,+21.7,+21.3,+21.3,+21.0,+21.0
2024-06-18 16:50,1,+57.0,+46.4,+59.9,+52.7,+42.8,+52.4,+22.2,+22.1,+21.7,+21.3,+21.3,+21.0,+21.0
2024-06-18 17:50,1,+57.0,+46.4,+59.9,+52.6,+42.7,+52.4,+22.1,+22.1,+21.7,+21.3,+21.3,+21.0,+21.0
2024-06-18 18:50,1,+57.1,+46.4,+59.8,+52.6,+42.8,+52.3,+22.0,+22.1,+21.8,+21.3,+21.3,+21.0,+21.0
2024-06-18 19:50,1,+57.5,+46.6,+59.9,+52.6,+42.8,+52.3,+21.7,+22.1,+21.8,+21.3,+21.3,+21.0,+21.0
2024-06-18 20:50,1,+57.4,+46.7,+59.8,+52.7,+42.8,+52.4,+21.6,+22.0,+21.8,+21.3,+21.3,+21.1,+21.0
2024-06-18 21:50,1,+57.4,+46.8,+59.8,+52.7,+42.8,+52.4,+21.5,+22.0,+21.8,+21.3,+21.5,+21.0,+21.0
2024-06-18 22:50,1,+57.3,+46.8,+59.8,+52.7,+42.8,+52.4,+21.3,+21.8,+21.8,+21.3,+21.5,+21.0,+21.0
2024-06-18 23:50,1,+57.3,+46.8,+59.8,+52.7,+42.8,+52.4,+21.1,+21.8,+21.8,+21.3,+21.5,+21.0,+21.0
2024-06-19 00:50,1,+57.2,+46.8,+59.9,+52.7,+42.8,+52.3,+21.1,+21.7,+21.8,+21.3,+21.5,+21.0,+21.0
2024-06-19 01:50,1,+57.1,+46.7,+59.8,+52.6,+42.7,+52.3,+21.0,+21.6,+21.7,+21.5,+21.3,+21.0,+21.0
2024-06-19 02:50,1,+57.0,+46.7,+59.8,+52.7,+42.8,+52.3,+20.8,+21.6,+21.7,+21.5,+21.5,+21.1,+21.0
2024-06-19 03:50,1,+57.0,+46.6,+59.8,+52.7,+42.8,+52.4,+20.7,+21.5,+21.7,+21.3,+21.3,+21.1,+21.0
2024-06-19 04:50,1,+56.9,+46.6,+59.8,+52.7,+42.8,+52.3,+20.6,+21.5,+21.7,+21.3,+21.3,+21.1,+21.0
2024-06-19 05:50,1,+56.9,+46.5,+59.8,+52.7,+42.8,+52.3,+20.6,+21.3,+21.6,+21.3,+21.5,+21.1,+21.0
2024-06-19 06:50,1,+56.8,+46.4,+59.8,+52.5,+42.7,+52.3,+20.6,+21.2,+21.6,+21.5,+21.3,+21.0,+21.0
2024-06-19 07:50,1,+56.8,+46.4,+59.8,+52.7,+42.7,+52.3,+20.6,+21.2,+21.6,+21.3,+21.5,+21.0,+21.0
2024-06-19 08:50,1,+56.9,+46.3,+59.8,+52.7,+42.7,+52.3,+20.6,+21.2,+21.5,+21.3,+21.5,+21.1,+21.0
2024-06-19 09:50,1,+57.1,+46.4,+59.8,+52.5,+42.8,+52.3,+21.0,+21.2,+21.5,+21.3,+21.5,+21.1,+21.0