
2024-05-09 13:42,3,+35.8,+28.8,+32.3,+38.2,+48.4,+55.1,+19.5,+18.7,+18.8,+18.5,+18.7,+18.7,+18.2
2024-05-09 14:42,3,+35.7,+28.7,+32.2,+38.1,+48.4,+55.1,+19.6,+18.8,+18.8,+18.5,+18.8,+18.6,+18.2
2024-05-09 15:42,3,+35.7,+28.7,+32.2,+38.1,+48.4,+55.1,+19.6,+19.0,+18.8,+18.5,+18.7,+18.7,+18.2
2024-05-09 16:42,3,+35.7,+28.7,+32.2,+38.1,+48.4,+55.1,+19.7,+18.8,+18.8,+18.5,+18.7,+18.7,+18.3
2024-05-09 17:42,3,+35.7,+28.7,+32.2,+38.1,+48.4,+55.1,+19.6,+19.0,+19.0,+18.5,+18.7,+18.7,+18.2
2024-05-09 18:42,3,+35.7,+28.7,+32.2,+38.1,+48.4,+55.1,+19.7,+19.0,+19.0,+18.5,+18.7,+18.7,+18.3
2024-05-09 19:42,3,+35.7,+28.7,+32.2,+38.2,+48.4,+55.1,+19.7,+19.1,+19.0,+18.5,+18.7,+18.7,+18.3
2024-05-09 20:42,3,+35.8,+28.7,+32.2,+38.2,+48.4,+55.1,+19.6,+19.1,+19.0,+18.5,+18.7,+18.7,+18.2
2024-05-09 21:42,3,+35.8,+28.7,+32.2,+38.1,+48.4,+55.0,+19.7,+19.1,+19.1,+18.5,+18.8,+18.7,+18.2
2024-05-09 22:42,3,+35.8,+28.6,+32.2,+38.2,+48.4,+55.1,+19.6,+19.1,+19.1,+18.5,+18.8,+18.7,+18.3
2024-05-09 23:42,3,+35.8,+28.7,+32.2,+38.2,+48.4,+55.1,+19.5,+19.1,+19.1,+18.6,+18.7,+18.7,+18.2
2024-05-10 00:42,3,+35.8,+28.6,+32.2,+38.1,+48.4,+55.0,+19.5,+19.1,+19.1,+18.6,+18.8,+18.7,+18.2
2024-05-10 01:42,3,+35.8,+28.6,+32.2,+38.2,+48.4,+55.1,+19.3,+19.1,+19.1,+18.6,+18.8,+18.7,+18.2
2024-05-10 02:42,3,+35.8,+28.6,+32.2,+38.1,+48.4,+55.0,+19.3,+19.1,+19.1,+18.6,+18.8,+18.8,+18.3
2024-05-10 03:42,3,+35.8,+28.6,+32.2,+38.1,+48.4,+55.1,+19.2,+19.0,+19.1,+18.6,+18.7,+18.7,+18.2
2024-05-10 04:42,3,+35.8,+28.6,+32.2,+38.0,+48.3,+55.0,+19.2,+19.0,+19.1,+18.6,+18.8,+18.7,+18.3
2024-05-10 05:42,3,+35.7,+28.6,+32.2,+38.0,+48.3,+55.0,+19.1,+18.8,+19.1,+18.6,+18.8,+18.7,+18.3
2024-05-10 06:42,3,+35.7,+28.6,+32.2,+38.0,+48.3,+55.0,+19.1,+18.8,+19.1,+18.6,+18.8,+18.7,+18.3
2024-05-10 07:42,3,+35.7,+28.6,+32.2,+38.1,+48.4,+55.1,+19.1,+18.8,+19.1,+18.6,+18.8,+18.8,+18.3
2024-05-10 08:42,3,+35.7,+28.6,+32.2,+38.1,+48.4,+55.0,+19.1,+18.8,+19.1,+18.6,+18.8,+18.7,+18.3
2024-05-10 09:42,3,+35.6,+28.5,+32.2,+38.0,+48.3,+55.0,+19.3,+18.8,+19.1,+18.6,+18.8,+18.7,+18.2
2024-05-10 10:42,3,+35.6,+28.5,+32.2,+38.0,+48.3,+55.0,+19.3,+18.8,+19.1,+18.6,+18.8,+18.8,+18.3
2024-05-10 11:42,3,+35.5,+28.5,+32.1,+38.0,+48.3,+55.0,+19.5,+18.8,+19.1,+18.6,+18.8,+18.7,+18.3
2024-05-10 12:42,3,+35.5,+28.5,+32.1,+38.1,+48.3,+55.0,+19.5,+19.0,+19.0,+18.6,+18.8,+18.7,+18.3
2024-05-10 13:42,3,+35.5,+28.5,+32.1,+37.9,+48.3,+55.0,+19.6,+19.0,+19.1,+18.6,+18.8,+18.7,+18.3
2024-05-10 14:42,3,+35.5,+28.4,+32.1,+38.1,+48.3,+55.0,+19.6,+19.0,+19.1,+18.6,+18.8,+18.8,+18.3
2024-05-10 15:42,3,+35.5,+28.4,+32.0,+38.0,+48.3,+55.0,+19.7,+19.1,+19.1,+18.6,+19.0,+18.8,+18.3
2024-05-10 16:42,3,+35.4,+28.4,+32.0,+37.9,+48.2,+55.0,+19.8,+19.1,+19.1,+18.6,+18.8,+18.7,+18.3
2024-05-10 17:42,3,+35.4,+28.4,+32.0,+38.0,+48.3,+55.0,+19.8,+19.1,+19.1,+18.6,+18.8,+18.8,+18.3
2024-05-10 18:42,3,+36.9,+28.9,+32.0,+37.9,+48.2,+55.0,+19.8,+19.2,+19.2,+18.6,+18.8,+18.7,+18.3
2024-05-10 19:42,3,+39.1,+28.6,+32.0,+37.9,+48.2,+55.0,+19.7,+19.2,+19.1,+18.6,+18.8,+18.8,+18.3
2024-05-10 20:42,3,+37.9,+28.7,+32.1,+38.0,+48.3,+55.0,+19.7,+19.2,+19.2,+18.6,+19.0,+18.8,+18.3
2024-05-10 21:42,3,+37.8,+28.7,+32.1,+37.9,+48.3,+55.0,+19.7,+19.2,+19.2,+18.6,+18.8,+18.8,+18.3
2024-05-10 22:42,3,+37.9,+28.7,+32.1,+37.9,+48.3,+55.0,+19.7,+19.2,+19.2,+18.7,+18.8,+18.8,+18.3
2024-05-10 23:42,3,+38.1,+28.7,+32.1,+37.9,+48.3,+55.0,+19.7,+19.2,+19.2,+18.7,+18.8,+18.8,+18.3
2024-05-11 00:42,3,+38.2,+28.7,+32.1,+38.0,+48.3,+55.0,+19.7,+19.2,+19.2,+18.6,+18.8,+18.8,+18.3
2024-05-11 01:42,3,+38.3,+28.7,+32.1,+37.9,+48.2,+55.0,+19.6,+19.3,+19.3,+18.7,+19.0,+18.8,+18.3
2024-05-11 02:42,3,+38.3,+28.8,+32.1,+38.0,+48.3,+55.0,+19.6,+19.2,+19.2,+18.7,+19.0,+18.8,+18.3
2024-05-11 03:42,3,+44.2,+34.2,+34.5,+40.4,+49.6,+55.5,+19.0,+18.8,+19.2,+18.8,+19.2,+19.1,+18.6
2024-05-11 04:42,3,+44.2,+34.2,+34.5,+40.5,+49.7,+55.5,+19.0,+18.8,+19.2,+18.8,+19.2,+19.1,+18.7
2024-05-11 05:42,3,+44.2,+34.2,+34.5,+40.3,+49.6,+55.5,+19.1,+18.8,+19.2,+18.8,+19.2,+19.2,+18.6
2024-05-11 06:42,3,+44.1,+34.2,+34.5,+40.4,+49.7,+55.5,+19.1,+18.8,+19.2,+18.8,+19.2,+19.2,+18.6
2024-05-11 07:42,3,+44.1,+34.1,+34.5,+40.4,+49.7,+55.5,+19.2,+18.8,+19.2,+19.0,+19.2,+19.1,+18.6
2024-05-11 08:42,3,+44.0,+34.1,+34.5,+40.3,+49.7,+55.5,+19.3,+18.8,+19.2,+18.8,+19.2,+19.1,+18.6
2024-05-11 09:42,3,+44.0,+34.1,+34.4,+40.4,+49.7,+55.5,+19.3,+18.8,+19.2,+18.8,+19.2,+19.1,+18.6
2024-05-11 10:42,3,+44.0,+34.0,+34.5,+40.3,+49.7,+55.5,+19.5,+18.8,+19.1,+18.8,+19.2,+19.1,+18.6
2024-05-11 11:42,3,+44.0,+34.0,+34.5,+40.3,+49.7,+55.5,+19.5,+19.0,+19.2,+18.8,+19.2,+19.1,+18.7
2024-05-11 12:42,3,+44.0,+34.0,+34.4,+40.4,+49.7,+55.6,+19.5,+19.0,+19.2,+18.8,+19.2,+19.1,+18.6
2024-05-11 13:42,3,+44.0,+33.9,+34.4,+40.3,+49.7,+55.5,+19.3,+19.1,+19.2,+18.8,+19.2,+19.2,+18.7
2024-05-11 14:42,3,+44.0,+33.9,+34.4,+40.4,+49.7,+55.6,+19.3,+19.0,+19.2,+18.8,+19.2,+19.2,+18.6
2024-05-11 15:42,3,+43.9,+33.9,+34.4,+40.4,+49.7,+55.6,+19.2,+19.0,+19.2,+18.8,+19.2,+19.1,+18.6
2024-05-11 16:42,3,+43.9,+33.9,+34.4,+40.4,+49.7,+55.6,+19.3,+19.1,+19.2,+18.8,+19.2,+19.1,+18.6
2024-05-11 17:42,3,+43.9,+33.9,+34.4,+40.4,+49.7,+55.6,+19.2,+19.0,+19.2,+18.8,+19.2,+19.2,+18.6
2024-05-11 18:42,3,+43.9,+33.9,+34.4,+40.4,+49.7,+55.6,+19.2,+19.0,+19.2,+18.8,+19.2,+19.1,+18.6
2024-05-11 19:42,3,+43.9,+33.9,+34.4,+40.3,+49.7,+55.6,+19.2,+19.0,+19.2,+18.8,+19.2,+19.2,+18.6
2024-05-11 20:42,3,+43.9,+33.8,+34.4,+40.4,+49.7,+55.6,+19.2,+19.0,+19.2,+18.8,+19.1,+19.1,+18.6
2024-05-11 21:42,3,+43.9,+33.8,+34.4,+40.3,+49.7,+55.6,+19.1,+18.8,+19.2,+19.0,+19.2,+19.1,+18.7
2024-05-11 22:42,3,+43.8,+33.8,+34.4,+40.4,+49.7,+55.7,+19.1,+18.8,+19.2,+19.0,+19.2,+19.1,+18.7
2024-05-11 23:42,3,+43.8,+33.8,+34.4,+40.4,+49.7,+55.7,+19.1,+18.8,+19.2,+18.8,+19.2,+19.2,+18.6
2024-05-12 00:42,3,+43.8,+33.8,+34.4,+40.3,+49.7,+55.6,+19.1,+18.8,+19.2,+18.8,+19.2,+19.1,+18.6
2024-05-12 01:42,3,+43.8,+33.8,+34.4,+40.3,+49.7,+55.7,+19.1,+18.8,+19.2,+18.8,+19.2,+19.1,+18.6
2024-05-12 02:42,3,+43.8,+33.8,+34.4,+40.4,+49.8,+55.7,+19.1,+18.8,+19.2,+18.8,+19.2,+19.1,+18.6
2024-05-12 03:42,3,+43.8,+33.7,+34.4,+40.2,+49.7,+55.7,+19.1,+18.8,+19.1,+19.0,+19.2,+19.1,+18.6
2024-05-12 04:42,3,+43.7,+33.7,+34.4,+40.3,+49.8,+55.7,+19.1,+18.8,+19.2,+18.8,+19.1,+19.1,+18.6
2024-05-12 05:42,3,+43.7,+33.7,+34.4,+40.3,+49.7,+55.7,+19.2,+18.8,+19.2,+19.0,+19.2,+19.1,+18.6
2024-05-12 06:42,3,+43.7,+33.6,+34.4,+40.3,+49.8,+55.7,+19.3,+18.8,+19.2,+18.8,+19.2,+19.1,+18.6
2024-05-12 07:42,3,+43.6,+33.6,+34.4,+40.2,+49.7,+55.7,+19.3,+18.8,+19.1,+18.8,+19.2,+19.1,+18.7
2024-05-12 08:42,3,+43.6,+33.6,+34.3,+40.2,+49.7,+55.7,+19.5,+18.8,+19.2,+18.8,+19.2,+19.1,+18.7
2024-05-12 09:42,3,+43.6,+33.6,+34.3,+40.2,+49.7,+55.7,+19.5,+19.0,+19.2,+18.8,+19.2,+19.1,+18.7
2024-05-12 10:42,3,+45.7,+33.8,+34.4,+40.3,+49.8,+55.7,+19.6,+19.0,+19.2,+18.8,+19.1,+19.1,+18.6
2024-05-12 11:42,3,+46.8,+34.4,+34.4,+40.3,+49.8,+55.7,+19.6,+19.1,+19.2,+18.8,+19.2,+19.1,+18.6
2024-05-12 12:42,3,+46.9,+36.0,+34.5,+40.4,+49.8,+55.8,+19.5,+19.1,+19.2,+18.8,+19.2,+19.1,+18.7
2024-05-12 13:42,3,+46.6,+37.0,+34.5,+40.4,+49.8,+55.8,+19.5,+19.1,+19.2,+18.8,+19.1,+19.1,+18.7
2024-05-12 14:42,3,+47.2,+37.1,+34.7,+40.3,+49.7,+55.7,+19.5,+19.1,+19.2,+19.0,+19.1,+19.1,+18.6
2024-05-12 15:42,3,+48.2,+39.2,+36.4,+40.5,+49.8,+55.8,+19.3,+19.1,+19.3,+18.8,+19.1,+19.1,+18.6
2024-05-12 16:42,3,+48.1,+38.7,+36.5,+41.7,+49.9,+55.8,+19.3,+19.1,+19.3,+18.8,+19.2,+19.1,+18.6
2024-05-12 17:42,3,+51.2,+42.8,+41.5,+46.1,+51.5,+56.0,+19.2,+19.1,+19.3,+18.8,+19.2,+19.2,+18.6
2024-05-12 18:42,3,+49.9,+40.5,+38.3,+44.7,+54.6,+57.7,+18.8,+19.0,+19.3,+19.0,+19.2,+19.2,+18.7
2024-05-12 19:42,3,+48.4,+38.9,+36.9,+43.4,+53.8,+57.7,+18.7,+18.8,+19.3,+19.0,+19.2,+19.1,+18.7
2024-05-12 20:42,3,+47.7,+38.2,+36.5,+42.9,+53.2,+57.4,+18.7,+18.7,+19.3,+19.0,+19.2,+19.2,+18.7
2024-05-12 21:42,3,+47.4,+37.8,+36.3,+42.8,+53.0,+57.4,+18.7,+18.8,+19.2,+19.0,+19.2,+19.2,+18.7
2024-05-12 22:42,3,+47.0,+37.6,+36.1,+42.6,+52.8,+57.3,+18.7,+18.7,+19.2,+19.0,+19.2,+19.1,+18.6
2024-05-12 23:42,3,+46.9,+37.4,+36.0,+42.4,+52.6,+57.3,+18.7,+18.7,+19.2,+18.8,+19.2,+19.2,+18.7
2024-05-13 00:42,3,+46.7,+37.2,+35.9,+42.2,+52.4,+57.2,+18.8,+18.7,+19.2,+18.8,+19.2,+19.2,+18.7
2024-05-13 01:42,3,+46.5,+37.0,+35.8,+42.1,+52.3,+57.2,+18.8,+18.6,+19.2,+18.8,+19.2,+19.1,+18.7
2024-05-13 02:42,3,+46.5,+36.9,+35.8,+42.0,+52.3,+57.2,+18.8,+18.7,+19.2,+19.0,+19.2,+19.2,+18.7
2024-05-13 03:42,3,+46.5,+36.8,+35.7,+42.1,+52.2,+57.2,+18.8,+18.6,+19.1,+18.8,+19.2,+19.2,+18.7
2024-05-13 04:42,3,+46.4,+36.7,+35.7,+42.0,+52.1,+57.2,+19.0,+18.6,+19.1,+18.8,+19.2,+19.1,+18.7
2024-05-13 05:42,3,+46.3,+36.6,+35.6,+42.0,+52.1,+57.2,+19.0,+18.7,+19.1,+18.8,+19.2,+19.1,+18.7
2024-05-13 06:42,3,+46.3,+36.5,+35.6,+41.9,+52.0,+57.2,+19.1,+18.7,+19.1,+18.8,+19.2,+19.1,+18.7
2024-05-13 07:42,3,+46.2,+36.4,+35.5,+41.9,+52.0,+57.1,+19.2,+18.7,+19.1,+18.8,+19.2,+19.2,+18.7
2024-05-13 08:42,3,+46.2,+36.4,+35.5,+41.8,+51.9,+57.1,+19.3,+18.8,+19.1,+18.8,+19.2,+19.2,+18.7
2024-05-13 09:42,3,+46.1,+36.3,+35.4,+41.7,+51.8,+57.1,+19.3,+18.8,+19.1,+18.7,+19.2,+19.1,+18.7
2024-05-13 10:42,3,+46.1,+36.2,+35.4,+41.6,+51.8,+57.1,+19.5,+19.0,+19.1,+18.8,+19.2,+19.1,+18.7
2024-05-13 11:42,3,+46.6,+36.2,+35.4,+41.7,+51.8,+57.1,+19.3,+18.8,+19.2,+18.8,+19.2,+19.2,+18.7
2024-05-13 12:42,3,+46.8,+36.2,+35.4,+41.6,+51.7,+57.1,+19.3,+19.0,+19.2,+18.8,+19.2,+19.1,+18.7
2024-05-13 13:42,3,+46.8,+36.4,+35.4,+41.6,+51.7,+57.1,+19.3,+19.0,+19.1,+18.8,+19.2,+19.1,+18.7
2024-05-13 14:42,3,+46.8,+36.5,+35.4,+41.6,+51.7,+57.1,+19.3,+19.0,+19.1,+18.8,+19.1,+19.1,+18.7
2024-05-13 15:42,3,+46.8,+36.6,+35.4,+41.6,+51.7,+57.1,+19.3,+19.0,+19.2,+18.8,+19.1,+19.1,+18.6
2024-05-13 16:42,3,+46.7,+36.6,+35.3,+41.7,+51.7,+57.1,+19.2,+19.0,+19.2,+18.8,+19.1,+19.2,+18.7
2024-05-13 17:42,3,+46.6,+36.6,+35.3,+41.7,+51.7,+57.1,+19.2,+19.0,+19.2,+18.8,+19.1,+19.2,+18.7
2024-05-13 18:42,3,+46.5,+36.6,+35.3,+41.6,+51.6,+57.0,+19.2,+19.0,+19.2,+18.8,+19.2,+19.1,+18.7
2024-05-13 19:42,3,+46.5,+36.6,+35.3,+41.5,+51.6,+57.0,+19.2,+18.8,+19.2,+18.8,+19.1,+19.1,+18.7
2024-05-13 20:42,3,+46.4,+36.5,+35.3,+41.5,+51.6,+57.0,+19.2,+18.8,+19.1,+18.8,+19.1,+19.1,+18.7
2024-05-13 21:42,3,+46.4,+36.4,+35.3,+41.7,+51.6,+57.1,+19.2,+19.0,+19.2,+18.8,+19.2,+19.2,+18.7
2024-05-13 22:42,3,+46.4,+36.4,+35.3,+41.7,+51.6,+57.1,+19.1,+18.8,+19.2,+18.8,+19.1,+19.1,+18.7
2024-05-13 23:42,3,+46.3,+36.4,+35.3,+41.5,+51.5,+57.0,+19.1,+19.0,+19.2,+18.8,+19.2,+19.1,+18.7
2024-05-14 00:42,3,+46.3,+36.3,+35.3,+41.5,+51.5,+57.0,+19.1,+18.8,+19.1,+18.8,+19.2,+19.1,+18.7
2024-05-14 01:42,3,+46.3,+36.3,+35.3,+41.5,+51.5,+57.0,+19.0,+18.8,+19.2,+18.8,+19.2,+19.1,+18.7
2024-05-14 02:42,3,+46.2,+36.2,+35.3,+41.6,+51.5,+57.1,+19.0,+18.8,+19.2,+18.8,+19.2,+19.1,+18.7
2024-05-14 03:42,3,+46.2,+36.2,+35.3,+41.5,+51.5,+57.0,+19.1,+18.8,+19.2,+18.8,+19.1,+19.1,+18.7
2024-05-14 04:42,3,+46.2,+36.2,+35.2,+41.5,+51.5,+57.0,+19.2,+18.8,+19.2,+18.8,+19.2,+19.1,+18.6
2024-05-14 05:42,3,+46.1,+36.1,+35.2,+41.5,+51.4,+57.0,+19.3,+18.8,+19.1,+18.8,+19.2,+19.2,+18.7
2024-05-14 06:42,3,+50.5,+39.1,+35.3,+41.6,+51.5,+57.1,+19.6,+19.0,+19.1,+18.8,+19.2,+19.1,+18.7
2024-05-14 07:42,3,+50.8,+41.8,+41.1,+43.8,+52.1,+57.2,+19.7,+19.1,+19.2,+18.8,+19.2,+19.2,+18.7
2024-05-14 08:42,3,+49.8,+39.9,+37.7,+43.5,+53.2,+57.5,+19.6,+19.1,+19.2,+18.8,+19.1,+19.1,+18.7
2024-05-14 09:42,3,+48.9,+38.9,+37.0,+43.1,+53.1,+57.5,+19.6,+19.2,+19.3,+18.8,+19.2,+19.2,+18.7
2024-05-14 10:42,3,+48.4,+38.4,+36.6,+43.0,+53.0,+57.5,+19.6,+19.2,+19.3,+19.0,+19.1,+19.1,+18.7
2024-05-14 11:42,3,+48.1,+38.1,+36.4,+42.7,+52.8,+57.5,+19.7,+19.2,+19.3,+18.8,+19.1,+19.2,+18.7
2024-05-14 12:42,3,+47.9,+37.9,+36.2,+42.6,+52.7,+57.5,+19.7,+19.2,+19.5,+18.8,+19.2,+19.1,+18.7
2024-05-14 13:42,3,+47.8,+37.7,+36.1,+42.6,+52.6,+57.5,+19.7,+19.2,+19.3,+19.0,+19.2,+19.1,+18.7
2024-05-14 14:42,3,+47.6,+37.5,+36.1,+42.4,+52.4,+57.4,+19.7,+19.3,+19.3,+19.0,+19.2,+19.2,+18.7
2024-05-14 15:42,3,+47.6,+37.4,+36.0,+42.3,+52.4,+57.4,+19.7,+19.2,+19.3,+18.8,+19.2,+19.1,+18.7
2024-05-14 16:42,3,+49.0,+37.4,+35.9,+42.3,+52.3,+57.4,+19.6,+19.2,+19.5,+19.0,+19.2,+19.2,+18.7
2024-05-14 17:42,3,+50.0,+40.2,+37.4,+43.2,+52.9,+57.6,+19.7,+19.3,+19.5,+19.0,+19.2,+19.1,+18.7
2024-05-14 18:42,3,+49.6,+39.3,+37.0,+43.1,+53.0,+57.6,+19.7,+19.3,+19.5,+19.0,+19.2,+19.2,+18.7
2024-05-14 19:42,3,+49.1,+39.0,+36.8,+42.9,+52.9,+57.5,+19.7,+19.3,+19.5,+19.0,+19.2,+19.2,+18.7
2024-05-14 20:42,3,+48.8,+38.7,+36.6,+42.9,+52.8,+57.5,+19.7,+19.3,+19.5,+19.0,+19.2,+19.2,+18.7
2024-05-14 21:42,3,+48.8,+38.5,+36.5,+42.7,+52.8,+57.5,+19.7,+19.3,+19.5,+19.0,+19.3,+19.2,+18.8
2024-05-14 22:42,3,+48.8,+38.4,+36.4,+42.8,+52.7,+57.5,+19.6,+19.3,+19.5,+19.1,+19.2,+19.2,+18.8
2024-05-14 23:42,3,+49.0,+38.4,+36.4,+42.6,+52.6,+57.5,+19.6,+19.3,+19.5,+19.0,+19.2,+19.2,+18.7
2024-05-15 00:42,3,+48.8,+38.5,+36.3,+42.7,+52.6,+57.5,+19.6,+19.3,+19.5,+19.1,+19.3,+19.3,+18.8
2024-05-15 01:42,3,+48.6,+38.4,+36.3,+42.5,+52.5,+57.5,+19.6,+19.2,+19.6,+19.0,+19.3,+19.2,+18.8
2024-05-15 02:42,3,+48.4,+38.2,+36.3,+42.5,+52.5,+57.5,+19.6,+19.2,+19.5,+19.1,+19.3,+19.2,+18.7
2024-05-15 03:42,3,+48.2,+38.1,+36.2,+42.6,+52.5,+57.5,+19.6,+19.3,+19.5,+19.1,+19.3,+19.2,+18.8
2024-05-15 04:42,3,+48.0,+37.9,+36.1,+42.4,+52.4,+57.5,+19.6,+19.2,+19.5,+19.1,+19.3,+19.2,+18.8
2024-05-15 05:42,3,+47.8,+37.8,+36.1,+42.3,+52.4,+57.4,+19.6,+19.2,+19.5,+19.1,+19.2,+19.2,+18.8
2024-05-15 06:42,3,+47.7,+37.6,+36.0,+42.4,+52.3,+57.5,+19.7,+19.3,+19.5,+19.0,+19.3,+19.3,+18.7
2024-05-15 07:42,3,+47.6,+37.5,+35.9,+42.2,+52.2,+57.4,+19.7,+19.3,+19.5,+19.1,+19.3,+19.3,+18.8
2024-05-15 08:42,3,+47.5,+37.4,+35.9,+42.3,+52.2,+57.4,+19.8,+19.3,+19.5,+19.1,+19.3,+19.2,+18.8
2024-05-15 09:42,3,+47.4,+37.2,+35.8,+42.2,+52.2,+57.4,+19.8,+19.3,+19.5,+19.1,+19.3,+19.3,+18.8
2024-05-15 10:42,3,+47.4,+37.1,+35.8,+42.0,+52.1,+57.4,+20.0,+19.3,+19.6,+19.1,+19.3,+19.2,+18.8
2024-05-15 11:42,3,+47.3,+37.1,+35.7,+42.0,+52.0,+57.3,+20.0,+19.5,+19.5,+19.1,+19.3,+19.3,+18.8
2024-05-15 12:42,3,+47.4,+37.0,+35.7,+42.1,+52.0,+57.4,+20.0,+19.5,+19.5,+19.1,+19.3,+19.3,+18.8
2024-05-15 13:42,3,+47.4,+36.9,+35.7,+42.1,+52.0,+57.3,+20.0,+19.5,+19.6,+19.1,+19.3,+19.3,+18.8
2024-05-15 14:42,3,+47.4,+36.9,+35.6,+42.0,+51.9,+57.4,+19.8,+19.5,+19.5,+19.1,+19.3,+19.3,+18.8
2024-05-15 15:42,3,+47.4,+36.8,+35.6,+41.9,+51.9,+57.3,+19.8,+19.5,+19.6,+19.1,+19.3,+19.3,+18.8
2024-05-15 16:42,3,+47.4,+36.8,+35.6,+41.9,+51.8,+57.3,+19.8,+19.5,+19.6,+19.2,+19.3,+19.3,+18.8
2024-05-15 17:42,3,+47.3,+36.7,+35.6,+42.0,+51.9,+57.3,+19.7,+19.5,+19.6,+19.2,+19.3,+19.3,+18.8
2024-05-15 18:42,3,+47.3,+36.6,+35.6,+41.9,+51.8,+57.3,+19.7,+19.5,+19.6,+19.1,+19.3,+19.3,+18.8
2024-05-15 19:42,3,+47.3,+36.6,+35.5,+41.8,+51.8,+57.3,+19.6,+19.3,+19.6,+19.1,+19.5,+19.3,+18.8
2024-05-15 20:42,3,+47.3,+36.6,+35.5,+41.8,+51.7,+57.3,+19.6,+19.3,+19.6,+19.2,+19.3,+19.3,+18.8
2024-05-15 21:42,3,+47.2,+36.5,+35.5,+41.8,+51.7,+57.2,+19.6,+19.3,+19.6,+19.2,+19.5,+19.3,+18.8
2024-05-15 22:42,3,+47.2,+36.4,+35.5,+41.7,+51.7,+57.2,+19.5,+19.3,+19.6,+19.1,+19.3,+19.3,+18.8
2024-05-15 23:42,3,+47.1,+36.4,+35.5,+41.7,+51.7,+57.2,+19.5,+19.3,+19.6,+19.2,+19.3,+19.3,+18.8
2024-05-16 00:42,3,+47.1,+36.4,+35.4,+41.7,+51.6,+57.2,+19.5,+19.3,+19.6,+19.2,+19.5,+19.3,+18.8
2024-05-16 01:42,3,+47.1,+36.3,+35.4,+41.8,+51.6,+57.3,+19.5,+19.3,+19.6,+19.1,+19.3,+19.3,+18.8
2024-05-16 02:42,3,+47.1,+36.3,+35.4,+41.8,+51.6,+57.2,+19.5,+19.3,+19.6,+19.2,+19.5,+19.3,+18.8
2024-05-16 03:42,3,+47.1,+36.2,+35.4,+41.7,+51.6,+57.2,+19.5,+19.2,+19.5,+19.1,+19.3,+19.3,+18.8
2024-05-16 04:42,3,+47.0,+36.2,+35.3,+41.7,+51.6,+57.2,+19.5,+19.2,+19.6,+19.2,+19.3,+19.3,+18.8
2024-05-16 05:42,3,+47.0,+36.2,+35.4,+41.6,+51.6,+57.2,+19.5,+19.2,+19.5,+19.2,+19.5,+19.3,+18.8
2024-05-16 06:42,3,+47.0,+36.1,+35.3,+41.6,+51.5,+57.2,+19.6,+19.2,+19.6,+19.1,+19.5,+19.3,+18.8
2024-05-16 07:42,3,+46.9,+36.1,+35.3,+41.6,+51.5,+57.2,+19.6,+19.2,+19.5,+19.2,+19.3,+19.3,+18.8
2024-05-16 08:42,3,+46.9,+36.1,+35.3,+41.7,+51.5,+57.2,+19.6,+19.2,+19.6,+19.2,+19.3,+19.3,+18.8
2024-05-16 09:42,3,+46.9,+36.0,+35.3,+41.6,+51.5,+57.2,+19.6,+19.2,+19.5,+19.1,+19.3,+19.3,+18.8
2024-05-16 10:42,3,+47.0,+36.0,+35.3,+41.7,+51.5,+57.2,+19.6,+19.2,+19.5,+19.2,+19.3,+19.3,+18.8
2024-05-16 11:42,3,+47.1,+36.0,+35.3,+41.6,+51.5,+57.2,+19.6,+19.2,+19.5,+19.2,+19.5,+19.3,+18.8
2024-05-16 12:42,3,+47.5,+36.1,+35.3,+41.6,+51.5,+57.2,+19.6,+19.2,+19.5,+19.1,+19.3,+19.5,+18.8
2024-05-16 13:42,3,+47.7,+36.1,+35.3,+41.7,+51.5,+57.2,+19.5,+19.3,+19.5,+19.1,+19.5,+19.5,+18.8
2024-05-16 14:42,3,+47.8,+36.2,+35.3,+41.7,+51.5,+57.2,+19.5,+19.2,+19.5,+19.2,+19.5,+19.3,+18.8
2024-05-16 15:42,3,+47.8,+36.3,+35.3,+41.7,+51.5,+57.2,+19.5,+19.2,+19.5,+19.2,+19.5,+19.3,+18.8
2024-05-16 16:42,3,+47.8,+36.4,+35.3,+41.7,+51.5,+57.2,+19.5,+19.2,+19.5,+19.1,+19.3,+19.3,+18.8
2024-05-16 17:42,3,+47.8,+36.5,+35.3,+41.7,+51.5,+57.2,+19.5,+19.2,+19.5,+19.1,+19.3,+19.3,+18.8
2024-05-16 18:42,3,+47.7,+36.6,+35.3,+41.6,+51.4,+57.2,+19.3,+19.2,+19.5,+19.1,+19.5,+19.3,+19.0
2024-05-16 19:42,3,+47.7,+36.6,+35.3,+41.6,+51.4,+57.2,+19.3,+19.2,+19.5,+19.1,+19.3,+19.3,+19.0
2024-05-16 20:42,3,+47.7,+36.7,+35.3,+41.6,+51.4,+57.2,+19.3,+19.2,+19.5,+19.1,+19.5,+19.3,+19.0
2024-05-16 21:42,3,+47.6,+36.7,+35.3,+41.6,+51.4,+57.2,+19.2,+19.1,+19.5,+19.1,+19.5,+19.3,+19.0
2024-05-16 22:42,3,+47.7,+36.7,+35.3,+41.6,+51.4,+57.2,+19.2,+19.1,+19.5,+19.1,+19.5,+19.3,+19.0
2024-05-16 23:42,3,+47.6,+36.7,+35.3,+41.6,+51.4,+57.2,+19.2,+19.1,+19.5,+19.2,+19.5,+19.3,+18.8
2024-05-17 00:42,3,+47.6,+36.7,+35.3,+41.7,+51.4,+57.2,+19.1,+19.1,+19.5,+19.1,+19.5,+19.3,+18.8
2024-05-17 01:42,3,+47.6,+36.7,+35.3,+41.6,+51.4,+57.2,+19.1,+19.0,+19.3,+19.1,+19.5,+19.3,+19.0
2024-05-17 02:42,3,+47.5,+36.6,+35.3,+41.7,+51.4,+57.2,+19.1,+19.0,+19.3,+19.1,+19.5,+19.5,+19.0
2024-05-17 03:42,3,+47.5,+36.6,+35.3,+41.7,+51.4,+57.2,+19.1,+19.0,+19.5,+19.1,+19.3,+19.3,+18.8
2024-05-17 04:42,3,+47.5,+36.6,+35.3,+41.6,+51.4,+57.2,+19.2,+19.0,+19.3,+19.1,+19.5,+19.3,+18.8
2024-05-17 05:42,3,+47.5,+36.6,+35.3,+41.7,+51.4,+57.2,+19.1,+19.0,+19.3,+19.1,+19.5,+19.3,+19.0
2024-05-17 06:42,3,+47.4,+36.6,+35.3,+41.7,+51.4,+57.2,+19.2,+19.0,+19.3,+19.1,+19.5,+19.5,+19.0
2024-05-17 07:42,3,+47.4,+36.5,+35.3,+41.5,+51.4,+57.2,+19.3,+19.0,+19.3,+19.1,+19.5,+19.3,+18.8
2024-05-17 08:42,3,+47.4,+36.5,+35.3,+41.7,+51.4,+57.2,+19.5,+19.0,+19.5,+19.1,+19.5,+19.3,+19.0
2024-05-17 09:42,3,+47.4,+36.5,+35.3,+41.5,+51.3,+57.2,+19.5,+19.0,+19.2,+19.1,+19.5,+19.3,+19.0
2024-05-17 10:42,3,+47.4,+36.4,+35.3,+41.5,+51.3,+57.2,+19.5,+19.1,+19.3,+19.1,+19.5,+19.3,+19.0
2024-05-17 11:42,3,+47.4,+36.4,+35.3,+41.5,+51.3,+57.2,+19.6,+19.1,+19.3,+19.1,+19.3,+19.3,+18.8
2024-05-17 12:42,3,+47.4,+36.4,+35.3,+41.5,+51.3,+57.2,+19.7,+19.2,+19.3,+19.1,+19.5,+19.5,+18.8
2024-05-17 13:42,3,+47.4,+36.4,+35.2,+41.6,+51.3,+57.2,+19.7,+19.2,+19.3,+19.1,+19.5,+19.5,+19.0
2024-05-17 14:42,3,+47.4,+36.3,+35.2,+41.5,+51.3,+57.2,+19.7,+19.2,+19.3,+19.1,+19.3,+19.3,+19.0
2024-05-17 15:42,3,+47.3,+36.3,+35.2,+41.6,+51.3,+57.2,+19.7,+19.3,+19.5,+19.1,+19.5,+19.3,+18.8
2024-05-17 16:42,3,+47.5,+36.3,+35.3,+41.6,+51.3,+57.2,+19.7,+19.2,+19.5,+19.1,+19.5,+19.3,+19.0
2024-05-17 17:42,3,+47.6,+36.3,+35.3,+41.5,+51.3,+57.2,+19.7,+19.2,+19.5,+19.1,+19.3,+19.3,+19.0
2024-05-17 18:42,3,+47.6,+36.4,+35.3,+41.5,+51.3,+57.2,+19.7,+19.2,+19.3,+19.1,+19.5,+19.3,+19.0
2024-05-17 19:42,3,+47.6,+36.4,+35.3,+41.5,+51.3,+57.2,+19.6,+19.3,+19.5,+19.1,+19.5,+19.5,+19.0
2024-05-17 20:42,3,+47.6,+36.4,+35.3,+41.5,+51.3,+57.2,+19.6,+19.3,+19.5,+19.1,+19.5,+19.3,+19.0
2024-05-17 21:42,3,+47.6,+36.4,+35.3,+41.6,+51.3,+57.2,+19.6,+19.3,+19.5,+19.1,+19.5,+19.3,+18.8
2024-05-17 22:42,3,+47.5,+36.4,+35.3,+41.5,+51.3,+57.2,+19.5,+19.3,+19.6,+19.1,+19.3,+19.3,+19.0
2024-05-17 23:42,3,+47.5,+36.4,+35.2,+41.6,+51.3,+57.2,+19.5,+19.3,+19.6,+19.1,+19.3,+19.3,+19.0
2024-05-18 00:42,3,+47.5,+36.4,+35.3,+41.6,+51.3,+57.2,+19.5,+19.2,+19.5,+19.2,+19.5,+19.3,+19.0
2024-05-18 01:42,3,+47.5,+36.4,+35.3,+41.6,+51.3,+57.2,+19.3,+19.2,+19.5,+19.1,+19.3,+19.3,+18.8
2024-05-18 02:42,3,+47.4,+36.3,+35.2,+41.6,+51.3,+57.2,+19.3,+19.2,+19.5,+19.1,+19.3,+19.3,+18.8
2024-05-18 03:42,3,+47.4,+36.3,+35.2,+41.5,+51.2,+57.2,+19.3,+19.2,+19.5,+19.2,+19.3,+19.5,+19.0
2024-05-18 04:42,3,+47.4,+36.3,+35.2,+41.6,+51.3,+57.2,+19.5,+19.1,+19.5,+19.1,+19.5,+19.3,+19.0
2024-05-18 05:42,3,+47.4,+36.3,+35.2,+41.5,+51.2,+57.2,+19.5,+19.2,+19.5,+19.2,+19.5,+19.3,+19.0
2024-05-18 06:42,3,+47.4,+36.2,+35.2,+41.5,+51.3,+57.2,+19.5,+19.1,+19.5,+19.1,+19.5,+19.3,+19.0
2024-05-18 07:42,3,+47.3,+36.2,+35.2,+41.5,+51.2,+57.2,+19.7,+19.2,+19.5,+19.0,+19.5,+19.5,+19.0
2024-05-18 08:42,3,+47.3,+36.2,+35.2,+41.4,+51.2,+57.2,+19.7,+19.2,+19.5,+19.2,+19.5,+19.3,+19.0
2024-05-18 09:42,3,+47.3,+36.2,+35.2,+41.4,+51.2,+57.1,+19.7,+19.2,+19.5,+19.1,+19.5,+19.5,+19.0
2024-05-18 10:42,3,+47.3,+36.1,+35.2,+41.4,+51.2,+57.1,+19.8,+19.2,+19.5,+19.2,+19.5,+19.3,+19.0
2024-05-18 11:42,3,+47.2,+36.1,+35.1,+41.5,+51.2,+57.2,+19.7,+19.3,+19.5,+19.1,+19.3,+19.3,+19.0
2024-05-18 12:42,3,+47.2,+36.1,+35.1,+41.5,+51.2,+57.2,+19.7,+19.3,+19.5,+19.2,+19.5,+19.5,+19.0
2024-05-18 13:42,3,+47.2,+36.1,+35.1,+41.5,+51.2,+57.2,+19.7,+19.3,+19.5,+19.2,+19.5,+19.3,+19.0
2024-05-18 14:42,3,+47.2,+36.0,+35.1,+41.5,+51.2,+57.2,+19.6,+19.3,+19.6,+19.1,+19.5,+19.5,+18.8
2024-05-18 15:42,3,+47.1,+36.0,+35.1,+41.4,+51.1,+57.2,+19.6,+19.3,+19.6,+19.1,+19.5,+19.5,+19.0
2024-05-18 16:42,3,+47.1,+36.0,+35.1,+41.4,+51.1,+57.2,+19.5,+19.3,+19.6,+19.2,+19.3,+19.5,+19.0
2024-05-18 17:42,3,+47.0,+36.0,+35.1,+41.3,+51.1,+57.1,+19.5,+19.3,+19.6,+19.1,+19.3,+19.3,+19.0
2024-05-18 18:42,3,+47.0,+36.0,+35.1,+41.3,+51.1,+57.1,+19.3,+19.2,+19.5,+19.2,+19.3,+19.3,+19.0
2024-05-18 19:42,3,+46.9,+35.9,+35.1,+41.3,+51.1,+57.1,+19.3,+19.2,+19.5,+19.2,+19.3,+19.5,+19.0
2024-05-18 20:42,3,+46.9,+35.9,+35.1,+41.3,+51.1,+57.1,+19.2,+19.1,+19.5,+19.2,+19.5,+19.3,+19.0
2024-05-18 21:42,3,+46.9,+35.9,+35.1,+41.4,+51.1,+57.2,+19.1,+19.1,+19.5,+19.1,+19.5,+19.3,+19.0
2024-05-18 22:42,3,+46.8,+35.9,+35.1,+41.3,+51.1,+57.1,+19.1,+19.1,+19.5,+19.2,+19.5,+19.5,+19.0
2024-05-18 23:42,3,+46.8,+35.8,+35.1,+41.4,+51.1,+57.2,+19.0,+19.0,+19.3,+19.2,+19.5,+19.3,+19.0
2024-05-19 00:42,3,+46.8,+35.8,+35.1,+41.3,+51.0,+57.1,+19.1,+19.1,+19.3,+19.1,+19.5,+19.3,+18.8
2024-05-19 01:42,3,+46.7,+35.8,+35.1,+41.4,+51.1,+57.1,+19.0,+18.8,+19.3,+19.1,+19.3,+19.3,+19.0
2024-05-19 02:42,3,+46.7,+35.7,+35.1,+41.4,+51.1,+57.1,+19.0,+19.0,+19.3,+19.1,+19.5,+19.5,+19.0
2024-05-19 03:42,3,+46.7,+35.7,+35.0,+41.2,+51.0,+57.1,+19.0,+18.8,+19.3,+19.2,+19.5,+19.5,+19.0
2024-05-19 04:42,3,+46.7,+35.7,+35.0,+41.4,+51.1,+57.1,+19.1,+18.8,+19.3,+19.2,+19.5,+19.3,+19.0
2024-05-19 05:42,3,+46.7,+35.7,+35.0,+41.2,+51.0,+57.1,+19.1,+18.8,+19.3,+19.1,+19.5,+19.3,+19.0
2024-05-19 06:42,3,+46.6,+35.6,+35.0,+41.3,+51.0,+57.1,+19.1,+18.8,+19.3,+19.1,+19.3,+19.5,+19.0
2024-05-19 07:42,3,+46.6,+35.6,+35.0,+41.3,+51.0,+57.1,+19.3,+18.8,+19.3,+19.1,+19.5,+19.3,+19.0
2024-05-19 08:42,3,+46.5,+35.6,+35.0,+41.2,+51.0,+57.1,+19.5,+19.0,+19.3,+19.1,+19.5,+19.3,+19.0
2024-05-19 09:42,3,+46.5,+35.5,+35.0,+41.2,+50.9,+57.1,+19.5,+19.0,+19.2,+19.1,+19.5,+19.5,+19.0
2024-05-19 10:42,3,+46.5,+35.5,+34.9,+41.2,+51.0,+57.1,+19.6,+19.1,+19.3,+19.1,+19.5,+19.3,+19.0
2024-05-19 11:42,3,+46.4,+35.5,+34.9,+41.2,+51.0,+57.1,+19.6,+19.1,+19.3,+19.1,+19.3,+19.3,+18.8
2024-05-19 12:42,3,+46.4,+35.4,+34.9,+41.1,+50.9,+57.1,+19.6,+19.1,+19.3,+19.1,+19.3,+19.3,+19.0
2024-05-19 13:42,3,+46.4,+35.4,+34.9,+41.2,+50.9,+57.1,+19.7,+19.1,+19.3,+19.1,+19.5,+19.3,+19.0
2024-05-19 14:42,3,+46.3,+35.4,+34.9,+41.1,+50.9,+57.1,+19.7,+19.2,+19.3,+19.0,+19.5,+19.3,+19.0
2024-05-19 15:42,3,+46.3,+35.4,+34.9,+41.2,+50.9,+57.1,+19.7,+19.2,+19.3,+19.1,+19.3,+19.5,+19.0
2024-05-19 16:42,3,+46.3,+35.4,+35.0,+41.1,+50.9,+57.0,+19.6,+19.3,+19.3,+19.1,+19.5,+19.3,+19.0
2024-05-19 17:42,3,+46.3,+35.4,+34.9,+41.2,+50.9,+57.1,+19.6,+19.2,+19.3,+19.1,+19.5,+19.3,+19.0
2024-05-19 18:42,3,+46.3,+35.3,+34.9,+41.1,+50.9,+57.0,+19.5,+19.2,+19.3,+19.1,+19.3,+19.3,+19.0
2024-05-19 19:42,3,+46.3,+35.3,+34.9,+41.2,+50.9,+57.1,+19.5,+19.2,+19.3,+19.1,+19.5,+19.3,+19.0
2024-05-19 20:42,3,+46.2,+35.3,+34.9,+41.2,+50.9,+57.1,+19.3,+19.2,+19.5,+19.1,+19.3,+19.3,+18.8
2024-05-19 21:42,3,+46.1,+35.3,+34.9,+41.1,+50.8,+57.0,+19.2,+19.2,+19.5,+19.1,+19.5,+19.3,+18.8
2024-05-19 22:42,3,+46.1,+35.3,+34.9,+41.1,+50.8,+57.0,+19.1,+19.1,+19.3,+19.1,+19.3,+19.3,+19.0
2024-05-19 23:42,3,+46.1,+35.3,+34.9,+41.2,+50.9,+57.1,+19.1,+19.1,+19.5,+19.1,+19.5,+19.3,+18.8
2024-05-20 00:42,3,+46.0,+35.2,+34.9,+41.0,+50.8,+57.0,+19.0,+19.0,+19.5,+19.1,+19.5,+19.5,+19.0
2024-05-20 01:42,3,+46.0,+35.2,+34.9,+41.2,+50.8,+57.0,+18.8,+19.0,+19.3,+19.1,+19.5,+19.5,+19.0
2024-05-20 02:42,3,+45.9,+35.2,+34.9,+41.0,+50.8,+57.0,+18.8,+18.8,+19.5,+19.1,+19.3,+19.3,+19.0
2024-05-20 03:42,3,+45.9,+35.1,+34.8,+41.2,+50.8,+57.1,+18.8,+18.8,+19.3,+19.1,+19.5,+19.3,+19.0
2024-05-20 04:42,3,+45.8,+35.1,+34.8,+41.1,+50.8,+57.1,+19.0,+18.8,+19.3,+19.1,+19.5,+19.3,+19.0
2024-05-20 05:42,3,+45.8,+35.1,+34.8,+41.0,+50.8,+57.0,+19.1,+18.8,+19.2,+19.0,+19.3,+19.3,+19.0
2024-05-20 06:42,3,+45.7,+35.0,+34.8,+41.0,+50.8,+57.0,+19.2,+18.8,+19.3,+19.1,+19.5,+19.3,+19.0
2024-05-20 07:42,3,+45.7,+35.0,+34.8,+41.0,+50.8,+57.0,+19.3,+18.8,+19.3,+19.1,+19.3,+19.3,+19.0
2024-05-20 08:42,3,+45.6,+35.0,+34.8,+41.1,+50.8,+57.0,+19.5,+19.0,+19.2,+19.1,+19.3,+19.3,+19.0
2024-05-20 09:42,3,+45.5,+34.9,+34.7,+40.9,+50.8,+57.0,+19.5,+19.0,+19.2,+19.1,+19.5,+19.3,+19.0
2024-05-20 10:42,3,+45.5,+34.9,+34.7,+41.0,+50.8,+57.0,+19.6,+19.0,+19.2,+19.1,+19.3,+19.3,+19.0
2024-05-20 11:42,3,+45.4,+34.9,+34.7,+41.0,+50.7,+57.0,+19.6,+19.0,+19.3,+19.1,+19.3,+19.3,+19.0
2024-05-20 12:42,3,+45.4,+34.9,+34.7,+41.0,+50.7,+57.0,+19.6,+19.1,+19.3,+19.0,+19.3,+19.3,+19.0
2024-05-20 13:42,3,+45.4,+34.8,+34.7,+40.9,+50.7,+57.0,+19.7,+19.2,+19.3,+19.1,+19.3,+19.3,+18.8
2024-05-20 14:42,3,+50.7,+36.8,+34.8,+40.9,+50.7,+57.0,+19.6,+19.2,+19.3,+19.0,+19.3,+19.3,+19.0
2024-05-20 15:42,3,+50.6,+39.8,+35.2,+41.1,+50.8,+57.0,+19.7,+19.2,+19.3,+19.0,+19.3,+19.3,+19.0
2024-05-20 16:42,3,+50.0,+39.3,+35.9,+41.2,+50.8,+57.1,+19.6,+19.2,+19.5,+19.1,+19.3,+19.3,+19.0
2024-05-20 17:42,3,+49.4,+38.9,+36.1,+41.3,+50.7,+57.0,+19.6,+19.2,+19.3,+19.0,+19.3,+19.3,+19.0
2024-05-20 18:42,3,+49.2,+38.6,+36.1,+41.7,+50.8,+57.1,+19.6,+19.2,+19.5,+19.1,+19.3,+19.3,+19.0
2024-05-20 19:42,3,+49.0,+38.4,+36.0,+41.8,+50.8,+57.1,+19.5,+19.2,+19.5,+19.1,+19.5,+19.3,+19.0
2024-05-20 20:42,3,+48.8,+38.2,+36.0,+41.8,+50.9,+57.0,+19.5,+19.2,+19.5,+19.1,+19.3,+19.3,+19.0
2024-05-20 21:42,3,+48.7,+38.1,+35.9,+42.0,+51.0,+57.1,+19.5,+19.2,+19.5,+19.1,+19.5,+19.3,+19.0
2024-05-20 22:42,3,+48.6,+38.0,+35.9,+42.0,+51.1,+57.1,+19.3,+19.2,+19.3,+19.1,+19.3,+19.3,+19.0
2024-05-20 23:42,3,+48.5,+37.9,+35.9,+41.9,+51.2,+57.1,+19.2,+19.2,+19.5,+19.1,+19.3,+19.3,+18.8
2024-05-21 00:42,3,+48.4,+37.8,+35.9,+41.9,+51.2,+57.1,+19.2,+19.1,+19.5,+19.1,+19.5,+19.3,+19.0
2024-05-21 01:42,3,+48.3,+37.7,+35.8,+42.0,+51.3,+57.1,+19.2,+19.1,+19.5,+19.1,+19.5,+19.3,+19.0
2024-05-21 02:42,3,+48.3,+37.6,+35.8,+42.0,+51.4,+57.2,+19.2,+19.1,+19.5,+19.1,+19.5,+19.2,+18.8
2024-05-21 03:42,3,+48.2,+37.6,+35.8,+41.9,+51.4,+57.1,+19.2,+19.0,+19.5,+19.1,+19.3,+19.3,+19.0
2024-05-21 04:42,3,+48.2,+37.5,+35.7,+41.9,+51.4,+57.2,+19.2,+19.0,+19.5,+19.0,+19.3,+19.3,+19.0
2024-05-21 05:42,3,+48.1,+37.4,+35.7,+41.9,+51.4,+57.2,+19.3,+19.0,+19.3,+19.1,+19.5,+19.3,+18.8
2024-05-21 06:42,3,+48.0,+37.4,+35.7,+42.0,+51.5,+57.2,+19.3,+19.1,+19.3,+19.0,+19.3,+19.3,+19.0
2024-05-21 07:42,3,+48.0,+37.3,+35.6,+41.8,+51.5,+57.2,+19.5,+19.1,+19.3,+19.1,+19.3,+19.3,+18.8
2024-05-21 08:42,3,+47.9,+37.2,+35.6,+41.8,+51.5,+57.2,+19.6,+19.2,+19.3,+19.1,+19.5,+19.3,+18.8
2024-05-21 09:42,3,+47.8,+37.2,+35.6,+41.8,+51.4,+57.2,+19.6,+19.1,+19.3,+19.1,+19.5,+19.3,+19.0
2024-05-21 10:42,3,+47.8,+37.1,+35.6,+41.9,+51.5,+57.2,+19.7,+19.2,+19.3,+19.1,+19.5,+19.3,+19.0
2024-05-21 11:42,3,+47.8,+37.1,+35.6,+41.9,+51.5,+57.2,+19.7,+19.2,+19.3,+19.1,+19.3,+19.3,+18.8
2024-05-21 12:42,3,+47.7,+37.0,+35.5,+41.9,+51.4,+57.2,+19.8,+19.2,+19.3,+19.1,+19.3,+19.3,+18.8
2024-05-21 13:42,3,+47.7,+37.0,+35.5,+41.8,+51.4,+57.2,+19.7,+19.3,+19.5,+19.1,+19.5,+19.3,+18.8
2024-05-21 14:42,3,+47.7,+36.9,+35.5,+41.8,+51.4,+57.3,+19.7,+19.3,+19.5,+19.1,+19.3,+19.3,+19.0
2024-05-21 15:42,3,+47.7,+36.9,+35.5,+41.8,+51.4,+57.2,+19.7,+19.3,+19.3,+19.1,+19.5,+19.3,+19.0
2024-05-21 16:42,3,+47.6,+36.9,+35.5,+41.8,+51.4,+57.2,+19.7,+19.3,+19.5,+19.1,+19.5,+19.3,+19.0
2024-05-21 17:42,3,+47.6,+36.8,+35.5,+41.7,+51.4,+57.2,+19.7,+19.3,+19.5,+19.0,+19.3,+19.3,+19.0
2024-05-21 18:42,3,+47.6,+36.7,+35.5,+41.8,+51.4,+57.2,+19.7,+19.3,+19.5,+19.1,+19.3,+19.3,+18.8
2024-05-21 19:42,3,+47.6,+36.7,+35.4,+41.7,+51.3,+57.2,+19.6,+19.3,+19.5,+19.1,+19.3,+19.3,+19.0
2024-05-21 20:42,3,+47.6,+36.7,+35.4,+41.8,+51.4,+57.2,+19.6,+19.2,+19.5,+19.1,+19.3,+19.5,+18.8
2024-05-21 21:42,3,+47.5,+36.6,+35.4,+41.6,+51.4,+57.2,+19.6,+19.3,+19.5,+19.2,+19.3,+19.3,+19.0
2024-05-21 22:42,3,+47.4,+36.6,+35.4,+41.7,+51.4,+57.3,+19.5,+19.2,+19.5,+19.1,+19.5,+19.3,+18.8
2024-05-21 23:42,3,+47.4,+36.6,+35.4,+41.7,+51.4,+57.2,+19.5,+19.3,+19.6,+19.1,+19.3,+19.3,+18.8
2024-05-22 00:42,3,+47.4,+36.6,+35.4,+41.7,+51.4,+57.2,+19.3,+19.2,+19.6,+19.1,+19.3,+19.3,+19.0
2024-05-22 01:42,3,+47.3,+36.5,+35.4,+41.7,+51.4,+57.2,+19.2,+19.2,+19.5,+19.1,+19.3,+19.3,+19.0
2024-05-22 02:42,3,+47.3,+36.5,+35.3,+41.6,+51.3,+57.2,+19.2,+19.1,+19.5,+19.2,+19.3,+19.3,+18.8
2024-05-22 03:42,3,+47.2,+36.4,+35.3,+41.6,+51.3,+57.2,+19.2,+19.1,+19.5,+19.1,+19.3,+19.3,+19.0
2024-05-22 04:42,3,+47.2,+36.4,+35.3,+41.7,+51.3,+57.2,+19.3,+19.1,+19.5,+19.2,+19.5,+19.3,+19.0
2024-05-22 05:42,3,+47.1,+36.3,+35.3,+41.5,+51.3,+57.2,+19.3,+19.1,+19.5,+19.2,+19.5,+19.3,+19.0
2024-05-22 06:42,3,+47.1,+36.3,+35.3,+41.6,+51.3,+57.2,+19.5,+19.1,+19.5,+19.2,+19.3,+19.5,+19.0
2024-05-22 07:42,3,+47.0,+36.2,+35.3,+41.6,+51.3,+57.2,+19.6,+19.2,+19.3,+19.1,+19.3,+19.3,+18.8
2024-05-22 08:42,3,+47.0,+36.2,+35.2,+41.5,+51.3,+57.2,+19.6,+19.1,+19.5,+19.1,+19.3,+19.3,+19.0
2024-05-22 09:42,3,+46.9,+36.2,+35.2,+41.5,+51.2,+57.2,+19.7,+19.2,+19.5,+19.1,+19.5,+19.3,+19.0
2024-05-22 10:42,3,+46.9,+36.1,+35.2,+41.5,+51.2,+57.2,+19.7,+19.1,+19.5,+19.1,+19.3,+19.3,+19.0
2024-05-22 11:42,3,+46.9,+36.1,+35.2,+41.4,+51.1,+57.2,+19.8,+19.2,+19.3,+19.2,+19.5,+19.3,+19.0
2024-05-22 12:42,3,+46.8,+36.1,+35.2,+41.5,+51.2,+57.2,+19.8,+19.3,+19.5,+19.1,+19.3,+19.3,+19.0
2024-05-22 13:42,3,+46.8,+36.1,+35.2,+41.4,+51.1,+57.2,+19.8,+19.3,+19.5,+19.1,+19.3,+19.3,+19.0
2024-05-22 14:42,3,+46.8,+36.0,+35.2,+41.4,+51.1,+57.2,+19.7,+19.3,+19.5,+19.1,+19.3,+19.3,+19.0
2024-05-22 15:42,3,+46.8,+36.0,+35.2,+41.3,+51.1,+57.2,+19.7,+19.3,+19.5,+19.1,+19.5,+19.3,+19.0
2024-05-22 16:42,3,+46.8,+36.0,+35.2,+41.3,+51.1,+57.2,+19.6,+19.3,+19.5,+19.1,+19.5,+19.3,+18.8
2024-05-22 17:42,3,+46.7,+35.9,+35.2,+41.5,+51.1,+57.2,+19.5,+19.3,+19.6,+19.1,+19.3,+19.3,+19.0
2024-05-22 18:42,3,+46.7,+35.9,+35.2,+41.5,+51.1,+57.2,+19.3,+19.2,+19.6,+19.1,+19.5,+19.3,+18.8
2024-05-22 19:42,3,+46.6,+35.9,+35.2,+41.5,+51.1,+57.2,+19.3,+19.2,+19.5,+19.1,+19.5,+19.3,+19.0
2024-05-22 20:42,3,+46.6,+35.9,+35.1,+41.4,+51.1,+57.2,+19.2,+19.2,+19.5,+19.2,+19.3,+19.3,+19.0
2024-05-22 21:42,3,+46.5,+35.8,+35.1,+41.3,+51.0,+57.2,+19.1,+19.1,+19.5,+19.1,+19.3,+19.3,+19.0
2024-05-22 22:42,3,+46.5,+35.8,+35.1,+41.3,+51.0,+57.2,+19.0,+19.0,+19.5,+19.2,+19.3,+19.3,+18.8
2024-05-22 23:42,3,+46.4,+35.7,+35.1,+41.4,+51.0,+57.2,+18.8,+19.0,+19.5,+19.1,+19.5,+19.3,+19.0
2024-05-23 00:42,3,+46.3,+35.7,+35.1,+41.4,+51.0,+57.2,+18.8,+19.0,+19.5,+19.1,+19.5,+19.3,+19.0
2024-05-23 01:42,3,+46.3,+35.7,+35.1,+41.4,+51.0,+57.2,+18.8,+18.8,+19.5,+19.1,+19.5,+19.3,+19.0
2024-05-23 02:42,3,+46.3,+35.7,+35.1,+41.2,+51.0,+57.1,+18.8,+18.8,+19.3,+19.1,+19.5,+19.3,+19.0
2024-05-23 03:42,3,+46.3,+35.6,+35.1,+41.4,+51.0,+57.2,+19.0,+18.8,+19.2,+19.1,+19.5,+19.3,+19.0
2024-05-23 04:42,3,+46.3,+35.6,+35.1,+41.2,+51.0,+57.1,+19.0,+18.8,+19.3,+19.1,+19.3,+19.3,+19.0
2024-05-23 05:42,3,+46.3,+35.6,+35.1,+41.4,+51.0,+57.2,+19.1,+18.8,+19.3,+19.1,+19.5,+19.3,+19.0
2024-05-23 06:42,3,+46.2,+35.5,+35.0,+41.2,+51.0,+57.1,+19.2,+18.7,+19.2,+19.1,+19.3,+19.3,+19.0
2024-05-23 07:42,3,+46.2,+35.5,+35.0,+41.2,+50.9,+57.1,+19.3,+18.8,+19.2,+19.1,+19.5,+19.3,+19.0
2024-05-23 08:42,3,+46.1,+35.5,+35.0,+41.3,+51.0,+57.2,+19.5,+19.0,+19.2,+19.0,+19.5,+19.5,+19.0
2024-05-23 09:42,3,+46.1,+35.4,+35.0,+41.3,+51.0,+57.2,+19.6,+19.0,+19.2,+19.0,+19.5,+19.3,+19.0
2024-05-23 10:42,3,+46.1,+35.4,+35.0,+41.3,+50.9,+57.2,+19.6,+19.1,+19.2,+19.1,+19.3,+19.3,+19.0
2024-05-23 11:42,3,+46.0,+35.4,+35.0,+41.3,+50.9,+57.1,+19.7,+19.1,+19.3,+19.1,+19.3,+19.3,+19.0
2024-05-23 12:42,3,+46.0,+35.4,+35.0,+41.3,+50.9,+57.1,+19.7,+19.2,+19.3,+19.0,+19.3,+19.3,+18.8
2024-05-23 13:42,3,+46.0,+35.4,+35.0,+41.3,+50.9,+57.1,+19.7,+19.2,+19.5,+19.0,+19.5,+19.3,+19.0
2024-05-23 14:42,3,+46.0,+35.4,+35.0,+41.2,+50.9,+57.1,+19.7,+19.2,+19.3,+19.1,+19.3,+19.3,+19.0
2024-05-23 15:42,3,+46.0,+35.3,+35.0,+41.3,+50.9,+57.1,+19.7,+19.3,+19.5,+19.1,+19.5,+19.3,+18.8
2024-05-23 16:42,3,+46.0,+35.3,+35.0,+41.2,+50.9,+57.1,+19.7,+19.3,+19.5,+19.1,+19.5,+19.3,+19.0
2024-05-23 17:42,3,+46.0,+35.3,+35.0,+41.1,+50.8,+57.1,+19.6,+19.3,+19.5,+19.1,+19.3,+19.3,+18.8
2024-05-23 18:42,3,+45.9,+35.3,+35.0,+41.1,+50.8,+57.1,+19.5,+19.3,+19.3,+19.1,+19.5,+19.3,+19.0
2024-05-23 19:42,3,+45.9,+35.3,+35.0,+41.2,+50.9,+57.1,+19.5,+19.3,+19.5,+19.1,+19.5,+19.3,+19.0
2024-05-23 20:42,3,+45.9,+35.3,+35.0,+41.1,+50.8,+57.1,+19.3,+19.1,+19.5,+19.1,+19.3,+19.3,+19.0
2024-05-23 21:42,3,+45.8,+35.3,+35.0,+41.1,+50.8,+57.1,+19.2,+19.2,+19.5,+19.1,+19.5,+19.3,+19.0
2024-05-23 22:42,3,+45.8,+35.3,+35.0,+41.2,+50.9,+57.1,+19.1,+19.1,+19.5,+19.1,+19.3,+19.3,+19.0
2024-05-23 23:42,3,+45.7,+35.2,+35.0,+41.2,+50.9,+57.1,+19.0,+19.1,+19.5,+19.1,+19.3,+19.3,+19.0
2024-05-24 00:42,3,+45.7,+35.2,+35.0,+41.2,+50.8,+57.1,+19.0,+19.0,+19.3,+19.1,+19.5,+19.3,+19.0
2024-05-24 01:42,3,+45.6,+35.2,+35.0,+41.2,+50.9,+57.1,+19.0,+19.1,+19.3,+19.1,+19.3,+19.3,+19.0
2024-05-24 02:42,3,+45.6,+35.2,+35.0,+41.1,+50.8,+57.1,+18.8,+18.8,+19.3,+19.1,+19.5,+19.5,+19.0
2024-05-24 03:42,3,+45.5,+35.1,+35.0,+41.1,+50.8,+57.1,+19.0,+18.8,+19.3,+19.1,+19.3,+19.3,+19.0
2024-05-24 04:42,3,+45.5,+35.1,+34.9,+41.1,+50.8,+57.1,+19.0,+18.8,+19.3,+19.1,+19.3,+19.3,+18.8
2024-05-24 05:42,3,+45.4,+35.1,+34.9,+41.1,+50.8,+57.1,+19.1,+18.8,+19.2,+19.1,+19.5,+19.3,+19.0
2024-05-24 06:42,3,+45.3,+35.0,+34.9,+41.2,+50.8,+57.1,+19.1,+18.8,+19.2,+19.1,+19.3,+19.3,+18.8
2024-05-24 07:42,3,+45.2,+35.0,+34.9,+41.1,+50.8,+57.1,+19.2,+18.8,+19.2,+19.1,+19.3,+19.3,+19.0
2024-05-24 08:42,3,+45.2,+35.0,+34.9,+41.0,+50.8,+57.1,+19.3,+18.8,+19.2,+19.1,+19.3,+19.3,+18.8
2024-05-24 09:42,3,+45.0,+35.0,+34.8,+41.0,+50.8,+57.1,+19.3,+19.0,+19.3,+19.0,+19.5,+19.3,+19.0
2024-05-24 10:42,3,+44.9,+34.9,+34.8,+41.0,+50.8,+57.1,+19.5,+19.0,+19.3,+19.0,+19.5,+19.3,+19.0
2024-05-24 11:42,3,+44.9,+34.9,+34.8,+41.0,+50.8,+57.0,+19.5,+19.1,+19.3,+19.0,+19.3,+19.3,+19.0
2024-05-24 12:42,3,+44.9,+34.9,+34.8,+41.0,+50.7,+57.0,+19.6,+19.1,+19.3,+19.0,+19.5,+19.3,+18.8
2024-05-24 13:42,3,+44.8,+34.9,+34.8,+41.1,+50.8,+57.1,+19.6,+19.1,+19.3,+19.0,+19.3,+19.3,+19.0
2024-05-24 14:42,3,+44.8,+34.9,+34.8,+41.1,+50.8,+57.1,+19.7,+19.2,+19.3,+19.0,+19.3,+19.3,+19.0
2024-05-24 15:42,3,+44.8,+34.8,+34.9,+41.0,+50.8,+57.1,+19.6,+19.2,+19.3,+19.1,+19.3,+19.5,+18.8
2024-05-24 16:42,3,+44.8,+34.8,+34.8,+41.1,+50.7,+57.1,+19.6,+19.2,+19.3,+19.0,+19.3,+19.3,+19.0
2024-05-24 17:42,3,+44.7,+34.8,+34.9,+41.0,+50.7,+57.0,+19.5,+19.2,+19.3,+19.0,+19.3,+19.3,+18.8
2024-05-24 18:42,3,+44.7,+34.8,+34.9,+40.9,+50.7,+57.0,+19.5,+19.2,+19.5,+19.1,+19.3,+19.5,+19.0
2024-05-24 19:42,3,+44.7,+34.8,+34.9,+40.9,+50.7,+57.0,+19.3,+19.2,+19.5,+19.1,+19.3,+19.3,+19.0
2024-05-24 20:42,3,+44.7,+34.8,+34.8,+40.9,+50.6,+57.0,+19.3,+19.1,+19.3,+19.1,+19.3,+19.3,+19.0
2024-05-24 21:42,3,+44.6,+34.8,+34.8,+41.0,+50.7,+57.0,+19.2,+19.1,+19.3,+19.0,+19.3,+19.3,+19.0
2024-05-24 22:42,3,+44.6,+34.7,+34.8,+40.9,+50.6,+57.0,+19.1,+19.0,+19.5,+19.1,+19.3,+19.3,+19.0
2024-05-24 23:42,3,+44.6,+34.7,+34.8,+41.0,+50.7,+57.0,+19.0,+19.1,+19.3,+19.1,+19.3,+19.3,+19.0
2024-05-25 00:42,3,+44.5,+34.7,+34.8,+41.0,+50.7,+57.0,+19.0,+19.0,+19.3,+19.1,+19.3,+19.3,+19.0
2024-05-25 01:42,3,+44.5,+34.7,+34.8,+40.9,+50.6,+57.0,+19.0,+19.0,+19.3,+19.1,+19.5,+19.3,+19.0
2024-05-25 02:42,3,+44.5,+34.6,+34.8,+40.9,+50.6,+57.0,+18.8,+19.0,+19.3,+19.0,+19.5,+19.3,+19.0
2024-05-25 03:42,3,+44.4,+34.6,+34.8,+41.0,+50.7,+57.0,+18.8,+18.8,+19.3,+19.0,+19.3,+19.3,+19.0
2024-05-25 04:42,3,+44.4,+34.6,+34.8,+41.0,+50.7,+57.0,+19.0,+18.7,+19.3,+19.1,+19.3,+19.3,+19.0
2024-05-25 05:42,3,+44.4,+34.6,+34.8,+40.9,+50.6,+57.0,+19.0,+18.7,+19.3,+19.1,+19.3,+19.3,+19.0
2024-05-25 06:42,3,+44.3,+34.5,+34.8,+40.9,+50.6,+57.0,+19.1,+18.7,+19.3,+19.1,+19.3,+19.3,+18.8
2024-05-25 07:42,3,+44.3,+34.5,+34.8,+41.0,+50.7,+57.0,+19.1,+18.8,+19.2,+19.1,+19.5,+19.3,+19.0
2024-05-25 08:42,3,+44.2,+34.5,+34.8,+41.0,+50.7,+57.0,+19.2,+18.8,+19.2,+19.1,+19.5,+19.3,+19.0
2024-05-25 09:42,3,+44.2,+34.4,+34.8,+40.9,+50.6,+57.0,+19.3,+18.8,+19.2,+19.1,+19.3,+19.3,+19.0
2024-05-25 10:42,3,+44.1,+34.4,+34.8,+40.9,+50.6,+57.0,+19.2,+19.0,+19.2,+19.0,+19.5,+19.3,+19.0
2024-05-25 11:42,3,+50.2,+35.5,+34.9,+40.9,+50.7,+57.1,+19.2,+19.0,+19.2,+19.1,+19.5,+19.3,+19.0
2024-05-25 12:42,3,+50.1,+36.4,+34.9,+41.0,+50.7,+57.1,+19.2,+19.0,+19.2,+19.0,+19.5,+19.3,+19.0
2024-05-25 13:42,3,+49.6,+37.2,+35.0,+40.9,+50.6,+57.1,+19.1,+19.0,+19.2,+19.0,+19.3,+19.3,+19.0
2024-05-25 14:42,3,+49.1,+37.5,+35.0,+41.0,+50.7,+57.1,+19.0,+18.8,+19.2,+19.0,+19.3,+19.3,+19.0
2024-05-25 15:42,3,+49.2,+37.7,+35.0,+41.1,+50.7,+57.1,+19.0,+18.8,+19.2,+19.0,+19.3,+19.3,+18.8
2024-05-25 16:42,3,+49.1,+37.8,+35.0,+41.1,+50.7,+57.1,+18.8,+18.8,+19.2,+19.0,+19.3,+19.3,+19.0
2024-05-25 17:42,3,+49.0,+37.9,+35.0,+41.0,+50.6,+57.1,+18.7,+18.7,+19.2,+19.0,+19.3,+19.3,+19.0
2024-05-25 18:42,3,+48.9,+37.9,+35.1,+41.1,+50.7,+57.1,+18.6,+18.7,+19.2,+19.0,+19.3,+19.3,+18.8
2024-05-25 19:42,3,+48.7,+37.9,+35.1,+41.2,+50.7,+57.1,+18.6,+18.6,+19.1,+19.0,+19.3,+19.3,+18.8
2024-05-25 20:42,3,+48.6,+37.9,+35.2,+41.1,+50.7,+57.1,+18.6,+18.7,+19.2,+19.1,+19.3,+19.3,+18.8
2024-05-25 21:42,3,+48.6,+37.8,+35.2,+41.2,+50.7,+57.1,+18.5,+18.6,+19.2,+19.0,+19.3,+19.3,+19.0
2024-05-25 22:42,3,+48.6,+37.7,+35.2,+41.1,+50.7,+57.1,+18.5,+18.6,+19.1,+19.0,+19.3,+19.3,+19.0
2024-05-25 23:42,3,+48.6,+37.7,+35.3,+41.2,+50.7,+57.1,+18.5,+18.6,+19.1,+18.8,+19.5,+19.3,+19.0
2024-05-26 00:42,3,+50.0,+37.8,+35.3,+41.3,+50.8,+57.1,+18.5,+18.5,+19.1,+19.0,+19.3,+19.3,+19.0
2024-05-26 01:42,3,+50.3,+39.2,+35.4,+41.2,+50.8,+57.1,+18.5,+18.5,+19.0,+19.0,+19.3,+19.3,+18.8
2024-05-26 02:42,3,+49.9,+39.2,+35.6,+41.3,+50.8,+57.1,+18.3,+18.5,+19.0,+19.0,+19.3,+19.3,+19.0
2024-05-26 03:42,3,+49.4,+38.9,+35.9,+41.5,+50.9,+57.1,+18.5,+18.5,+19.0,+19.0,+19.3,+19.3,+19.0
2024-05-26 04:42,3,+49.2,+38.6,+36.0,+41.7,+50.9,+57.1,+18.5,+18.5,+19.0,+19.0,+19.3,+19.3,+19.0
2024-05-26 05:42,3,+49.1,+38.5,+36.0,+41.7,+50.9,+57.1,+18.5,+18.5,+19.0,+18.8,+19.3,+19.3,+19.0
2024-05-26 06:42,3,+48.9,+38.3,+36.0,+41.8,+51.0,+57.1,+18.7,+18.3,+19.0,+18.8,+19.2,+19.3,+19.0
2024-05-26 07:42,3,+48.8,+38.2,+36.0,+41.9,+51.1,+57.2,+18.7,+18.5,+19.0,+18.8,+19.3,+19.3,+18.8
2024-05-26 08:42,3,+48.7,+38.1,+36.0,+42.1,+51.3,+57.2,+18.8,+18.5,+19.0,+18.8,+19.2,+19.3,+19.0
2024-05-26 09:42,3,+48.6,+38.0,+35.9,+42.0,+51.3,+57.2,+18.8,+18.5,+18.8,+18.8,+19.3,+19.3,+19.0
2024-05-26 10:42,3,+48.5,+37.9,+35.9,+42.0,+51.4,+57.2,+18.8,+18.5,+19.0,+18.8,+19.3,+19.3,+19.0
2024-05-26 11:42,3,+48.5,+37.8,+35.9,+42.1,+51.5,+57.3,+19.0,+18.6,+19.0,+18.8,+19.3,+19.2,+19.0
2024-05-26 12:42,3,+48.4,+37.7,+35.9,+42.0,+51.5,+57.3,+19.0,+18.6,+19.0,+18.8,+19.3,+19.2,+19.0
2024-05-26 13:42,3,+48.4,+37.7,+35.9,+42.0,+51.5,+57.3,+19.0,+18.6,+19.0,+18.8,+19.2,+19.2,+19.0
2024-05-26 14:42,3,+48.3,+37.6,+35.9,+42.1,+51.6,+57.4,+19.1,+18.6,+19.0,+18.8,+19.3,+19.2,+19.0
2024-05-26 15:42,3,+48.3,+37.6,+35.8,+42.0,+51.5,+57.3,+19.0,+18.7,+19.0,+18.8,+19.2,+19.3,+19.0
2024-05-26 16:42,3,+48.3,+37.6,+35.8,+42.1,+51.6,+57.4,+19.0,+18.7,+19.0,+18.7,+19.2,+19.3,+18.8
2024-05-26 17:42,3,+52.2,+42.2,+37.2,+42.2,+51.6,+57.4,+19.0,+18.7,+19.0,+18.7,+19.3,+19.2,+18.8
2024-05-26 18:42,3,+51.9,+41.0,+37.7,+43.3,+52.5,+57.5,+19.0,+18.7,+19.0,+18.7,+19.2,+19.2,+18.8
2024-05-26 19:42,3,+52.1,+41.5,+37.8,+43.5,+53.1,+57.8,+18.8,+18.7,+19.1,+18.7,+19.2,+19.2,+19.0
2024-05-26 20:42,3,+51.5,+40.3,+37.4,+43.5,+53.3,+57.9,+19.0,+18.7,+19.0,+18.7,+19.2,+19.2,+19.0
2024-05-26 21:42,3,+52.3,+41.8,+37.9,+43.6,+53.3,+58.0,+18.8,+18.7,+19.0,+18.7,+19.2,+19.2,+18.8
2024-05-26 22:42,3,+52.2,+41.1,+37.9,+43.8,+53.6,+58.1,+18.8,+18.6,+19.0,+18.7,+19.2,+19.2,+18.8
2024-05-26 23:42,3,+52.2,+41.1,+37.8,+43.7,+53.6,+58.1,+18.7,+18.6,+19.0,+18.7,+19.2,+19.2,+18.8
2024-05-27 00:42,3,+51.8,+40.6,+37.5,+43.6,+53.5,+58.1,+18.8,+18.6,+19.0,+18.7,+19.1,+19.2,+18.8
2024-05-27 01:42,3,+51.4,+40.1,+37.2,+43.4,+53.4,+58.1,+18.7,+18.6,+19.0,+18.7,+19.2,+19.2,+19.0
2024-05-27 02:42,3,+51.1,+39.8,+37.0,+43.3,+53.3,+58.1,+18.7,+18.6,+19.0,+18.8,+19.2,+19.2,+18.8
2024-05-27 03:42,3,+50.6,+39.5,+36.8,+43.1,+53.2,+58.0,+18.7,+18.6,+19.0,+18.7,+19.2,+19.1,+18.8
2024-05-27 04:42,3,+50.1,+39.2,+36.7,+43.0,+53.1,+58.0,+18.8,+18.6,+19.0,+18.7,+19.2,+19.2,+18.8
2024-05-27 05:42,3,+49.9,+39.0,+36.6,+43.0,+53.0,+58.0,+18.8,+18.6,+19.0,+18.7,+19.1,+19.2,+18.8
2024-05-27 06:42,3,+49.8,+38.9,+36.5,+42.9,+52.9,+58.0,+19.0,+18.6,+19.0,+18.8,+19.1,+19.2,+18.8
2024-05-27 07:42,3,+51.8,+39.0,+36.5,+42.9,+52.8,+58.0,+19.0,+18.6,+19.0,+18.7,+19.2,+19.2,+18.8
2024-05-27 08:42,3,+51.9,+40.4,+37.1,+43.2,+53.0,+58.0,+19.1,+18.7,+19.0,+18.8,+19.2,+19.2,+18.8
2024-05-27 09:42,3,+51.5,+40.0,+37.0,+43.1,+53.1,+58.0,+19.1,+18.7,+19.0,+18.7,+19.2,+19.1,+18.8
2024-05-27 10:42,3,+51.7,+40.2,+37.1,+43.3,+53.1,+58.1,+19.1,+18.7,+19.0,+18.7,+19.2,+19.2,+18.8
2024-05-27 11:42,3,+51.2,+39.9,+37.0,+43.1,+53.1,+58.0,+19.1,+18.7,+19.0,+18.8,+19.1,+19.2,+18.8
2024-05-27 12:42,3,+50.7,+39.6,+36.9,+43.0,+53.0,+58.0,+19.1,+18.7,+19.0,+18.7,+19.1,+19.2,+18.8
2024-05-27 13:42,3,+50.6,+39.3,+36.7,+42.9,+53.0,+58.0,+19.1,+18.7,+19.0,+18.7,+19.1,+19.2,+18.8
2024-05-27 14:42,3,+50.4,+39.1,+36.6,+43.0,+53.0,+58.0,+19.1,+18.8,+19.0,+18.7,+19.2,+19.2,+18.8
2024-05-27 15:42,3,+50.8,+39.1,+36.5,+42.9,+52.9,+58.0,+19.1,+18.7,+19.0,+18.8,+19.2,+19.1,+18.8
2024-05-27 16:42,3,+50.7,+39.2,+36.5,+42.9,+52.8,+58.0,+19.0,+18.8,+19.1,+18.7,+19.2,+19.2,+18.8
2024-05-27 17:42,3,+50.8,+39.3,+36.5,+42.8,+52.7,+57.9,+19.0,+18.8,+19.1,+18.7,+19.2,+19.1,+18.8
2024-05-27 18:42,3,+50.6,+39.2,+36.5,+42.8,+52.8,+57.9,+19.0,+18.7,+19.1,+18.8,+19.1,+19.1,+18.8
2024-05-27 19:42,3,+50.2,+39.1,+36.5,+42.7,+52.7,+57.9,+18.8,+18.7,+19.0,+18.7,+19.1,+19.2,+18.7
2024-05-27 20:42,3,+50.0,+38.9,+36.4,+42.7,+52.6,+57.9,+18.8,+18.7,+19.1,+18.7,+19.1,+19.2,+18.8
2024-05-27 21:42,3,+49.9,+38.8,+36.4,+42.6,+52.6,+57.9,+18.8,+18.7,+19.0,+18.8,+19.1,+19.2,+18.7
2024-05-27 22:42,3,+49.7,+38.7,+36.3,+42.6,+52.6,+57.9,+18.7,+18.6,+19.1,+18.8,+19.1,+19.1,+18.8
2024-05-27 23:42,3,+49.6,+38.6,+36.3,+42.7,+52.6,+57.9,+18.6,+18.6,+19.1,+18.8,+19.2,+19.2,+18.8
2024-05-28 00:42,3,+49.5,+38.4,+36.2,+42.6,+52.5,+57.9,+18.6,+18.6,+19.0,+18.7,+19.1,+19.2,+18.8
2024-05-28 01:42,3,+49.4,+38.4,+36.2,+42.5,+52.4,+57.9,+18.6,+18.6,+19.0,+18.7,+19.1,+19.1,+18.7
2024-05-28 02:42,3,+49.3,+38.2,+36.2,+42.6,+52.4,+57.9,+18.6,+18.5,+19.0,+18.7,+19.2,+19.2,+18.8
2024-05-28 03:42,3,+49.3,+38.2,+36.1,+42.5,+52.4,+57.9,+18.7,+18.6,+19.0,+18.7,+19.1,+19.1,+18.8
2024-05-28 04:42,3,+49.2,+38.1,+36.1,+42.5,+52.4,+57.8,+18.7,+18.5,+19.0,+18.7,+19.2,+19.1,+18.7
2024-05-28 05:42,3,+49.2,+38.1,+36.1,+42.4,+52.3,+57.8,+18.8,+18.5,+19.0,+18.8,+19.2,+19.2,+18.8
2024-05-28 06:42,3,+49.1,+38.0,+36.0,+42.3,+52.3,+57.8,+18.8,+18.5,+18.8,+18.7,+19.1,+19.1,+18.8
2024-05-28 07:42,3,+49.1,+37.9,+36.0,+42.4,+52.3,+57.8,+19.0,+18.6,+19.0,+18.7,+19.2,+19.2,+18.7
2024-05-28 08:42,3,+49.1,+37.9,+35.9,+42.2,+52.2,+57.8,+19.1,+18.6,+19.0,+18.7,+19.2,+19.2,+18.7
2024-05-28 09:42,3,+49.1,+37.8,+35.9,+42.4,+52.2,+57.8,+19.1,+18.6,+19.0,+18.7,+19.1,+19.1,+18.8
2024-05-28 10:42,3,+49.0,+37.8,+35.9,+42.3,+52.2,+57.8,+19.1,+18.7,+19.0,+18.8,+19.2,+19.2,+18.7
2024-05-28 11:42,3,+49.0,+37.7,+35.9,+42.3,+52.1,+57.8,+19.1,+18.7,+19.0,+18.7,+19.1,+19.2,+18.7
2024-05-28 12:42,3,+49.0,+37.7,+35.9,+42.1,+52.1,+57.7,+19.1,+18.7,+19.0,+18.7,+19.2,+19.2,+18.8
2024-05-28 13:42,3,+48.9,+37.6,+35.9,+42.3,+52.1,+57.8,+19.1,+18.7,+19.0,+18.8,+19.2,+19.1,+18.7
2024-05-28 14:42,3,+48.9,+37.6,+35.9,+42.1,+52.0,+57.7,+19.1,+18.7,+19.0,+18.8,+19.2,+19.2,+18.8
2024-05-28 15:42,3,+48.9,+37.6,+35.8,+42.1,+52.0,+57.7,+19.1,+18.7,+19.0,+18.7,+19.2,+19.1,+18.8
2024-05-28 16:42,3,+48.9,+37.5,+35.8,+42.2,+52.0,+57.7,+19.1,+18.7,+19.0,+18.7,+19.2,+19.1,+18.8
2024-05-28 17:42,3,+48.9,+37.5,+35.8,+42.1,+52.0,+57.7,+19.0,+18.7,+19.0,+18.7,+19.1,+19.2,+18.8
2024-05-28 18:42,3,+48.9,+37.5,+35.8,+42.1,+51.9,+57.7,+19.0,+18.7,+19.0,+18.8,+19.1,+19.1,+18.8
2024-05-28 19:42,3,+49.0,+37.5,+35.8,+42.2,+52.0,+57.7,+19.0,+18.7,+19.0,+18.7,+19.1,+19.1,+18.8
2024-05-28 20:42,3,+49.0,+37.5,+35.8,+42.1,+52.0,+57.7,+19.0,+18.7,+19.1,+18.7,+19.2,+19.2,+18.8
2024-05-28 21:42,3,+49.1,+37.5,+35.8,+42.2,+52.0,+57.7,+19.0,+18.7,+19.0,+18.7,+19.3,+19.1,+18.7
2024-05-28 22:42,3,+49.3,+37.5,+35.8,+42.1,+51.9,+57.7,+19.0,+18.7,+19.1,+18.7,+19.2,+19.1,+18.8
2024-05-28 23:42,3,+49.4,+37.6,+35.8,+42.1,+51.9,+57.7,+18.8,+18.7,+19.1,+18.8,+19.1,+19.2,+18.7
2024-05-29 00:42,3,+49.5,+37.7,+35.8,+42.1,+51.9,+57.7,+19.0,+18.7,+19.0,+18.8,+19.2,+19.1,+18.7
2024-05-29 01:42,3,+49.7,+37.7,+35.8,+42.1,+51.9,+57.7,+19.0,+18.7,+19.0,+18.8,+19.2,+19.1,+18.7
2024-05-29 02:42,3,+50.3,+37.9,+35.8,+42.2,+51.9,+57.7,+19.0,+18.7,+19.1,+18.8,+19.1,+19.2,+18.8
2024-05-29 03:42,3,+50.4,+38.2,+35.9,+42.1,+51.9,+57.7,+19.0,+18.7,+19.1,+18.7,+19.2,+19.2,+18.8
2024-05-29 04:42,3,+50.4,+38.5,+35.9,+42.2,+51.9,+57.7,+19.1,+18.7,+19.1,+18.7,+19.2,+19.1,+18.8
2024-05-29 05:42,3,+50.3,+38.7,+35.9,+42.2,+51.9,+57.7,+19.1,+18.7,+19.1,+18.8,+19.1,+19.2,+18.8
2024-05-29 06:42,3,+50.2,+38.8,+36.0,+42.1,+51.9,+57.7,+19.2,+18.7,+19.1,+18.7,+19.1,+19.2,+18.8
2024-05-29 07:42,3,+50.1,+38.8,+36.0,+42.3,+52.0,+57.7,+19.3,+18.8,+19.1,+18.7,+19.1,+19.2,+18.8
2024-05-29 08:42,3,+50.0,+38.8,+36.0,+42.3,+52.0,+57.8,+19.5,+18.8,+19.0,+18.8,+19.2,+19.2,+18.8
2024-05-29 09:42,3,+49.9,+38.7,+36.0,+42.3,+52.0,+57.7,+19.5,+18.8,+19.1,+18.8,+19.1,+19.2,+18.7
2024-05-29 10:42,3,+49.8,+38.6,+36.0,+42.3,+52.0,+57.7,+19.5,+19.0,+19.1,+18.8,+19.2,+19.1,+18.8
2024-05-29 11:42,3,+49.8,+38.6,+36.0,+42.1,+51.9,+57.7,+19.6,+19.0,+19.1,+18.8,+19.1,+19.2,+18.7
2024-05-29 12:42,3,+49.8,+38.5,+36.0,+42.2,+51.9,+57.7,+19.6,+19.0,+19.1,+18.8,+19.1,+19.2,+18.8
2024-05-29 13:42,3,+49.7,+38.4,+36.0,+42.3,+52.0,+57.8,+19.6,+19.1,+19.2,+18.8,+19.1,+19.2,+18.8
2024-05-29 14:42,3,+49.9,+38.4,+36.0,+42.2,+52.0,+57.7,+19.6,+19.1,+19.2,+18.8,+19.1,+19.1,+18.8
2024-05-29 15:42,3,+50.1,+38.4,+36.0,+42.3,+52.0,+57.7,+19.6,+19.1,+19.2,+18.8,+19.2,+19.1,+18.7
2024-05-29 16:42,3,+50.4,+38.6,+36.0,+42.2,+52.0,+57.7,+19.6,+19.2,+19.2,+18.8,+19.2,+19.2,+18.7
2024-05-29 17:42,3,+50.6,+38.8,+36.0,+42.2,+51.9,+57.7,+19.5,+19.1,+19.2,+18.8,+19.2,+19.2,+18.8
2024-05-29 18:42,3,+50.8,+39.1,+36.1,+42.4,+52.0,+57.7,+19.5,+19.2,+19.3,+18.8,+19.2,+19.2,+18.8
2024-05-29 19:42,3,+50.8,+39.4,+36.2,+42.3,+52.0,+57.7,+19.5,+19.2,+19.3,+18.8,+19.2,+19.2,+18.8
2024-05-29 20:42,3,+50.7,+39.4,+36.3,+42.4,+52.1,+57.8,+19.5,+19.2,+19.3,+18.8,+19.2,+19.2,+18.7
2024-05-29 21:42,3,+50.5,+39.4,+36.3,+42.4,+52.1,+57.8,+19.3,+19.1,+19.3,+18.8,+19.2,+19.2,+18.8
2024-05-29 22:42,3,+50.4,+39.2,+36.3,+42.4,+52.1,+57.8,+19.2,+19.1,+19.3,+18.8,+19.2,+19.2,+18.8
2024-05-29 23:42,3,+50.3,+39.1,+36.4,+42.6,+52.2,+57.8,+19.2,+19.1,+19.3,+19.0,+19.2,+19.2,+18.8
2024-05-30 00:42,3,+50.2,+39.0,+36.3,+42.6,+52.3,+57.8,+19.1,+19.1,+19.3,+19.0,+19.2,+19.2,+18.8
2024-05-30 01:42,3,+50.1,+38.9,+36.3,+42.4,+52.2,+57.8,+19.1,+19.0,+19.3,+18.8,+19.2,+19.2,+18.8
2024-05-30 02:42,3,+50.0,+38.8,+36.3,+42.4,+52.2,+57.8,+19.1,+19.0,+19.3,+18.8,+19.2,+19.2,+18.8
2024-05-30 03:42,3,+50.0,+38.7,+36.2,+42.5,+52.3,+57.9,+19.2,+19.0,+19.3,+19.0,+19.2,+19.2,+18.8
2024-05-30 04:42,3,+49.9,+38.6,+36.2,+42.5,+52.3,+57.8,+19.3,+19.0,+19.2,+19.0,+19.2,+19.2,+18.8
2024-05-30 05:42,3,+49.8,+38.5,+36.2,+42.4,+52.2,+57.8,+19.5,+19.0,+19.2,+19.0,+19.2,+19.2,+18.8
2024-05-30 06:42,3,+49.8,+38.4,+36.1,+42.3,+52.2,+57.8,+19.6,+19.0,+19.2,+19.0,+19.2,+19.2,+18.7
2024-05-30 07:42,3,+49.8,+38.3,+36.1,+42.3,+52.1,+57.8,+19.7,+19.1,+19.3,+19.0,+19.2,+19.2,+18.8
2024-05-30 08:42,3,+49.8,+38.3,+36.1,+42.4,+52.1,+57.8,+19.8,+19.2,+19.2,+19.0,+19.3,+19.3,+18.7
2024-05-30 09:42,3,+49.7,+38.2,+36.1,+42.4,+52.1,+57.8,+20.0,+19.2,+19.2,+19.0,+19.2,+19.2,+18.7
2024-05-30 10:42,3,+49.7,+38.2,+36.1,+42.2,+52.1,+57.8,+20.0,+19.3,+19.3,+19.0,+19.2,+19.2,+18.8
2024-05-30 11:42,3,+49.7,+38.1,+36.0,+42.2,+52.1,+57.8,+20.0,+19.3,+19.3,+19.0,+19.3,+19.2,+18.7
2024-05-30 12:42,3,+49.6,+38.1,+36.0,+42.2,+52.0,+57.8,+20.0,+19.5,+19.3,+19.0,+19.2,+19.2,+18.8
2024-05-30 13:42,3,+49.6,+38.0,+36.0,+42.3,+52.1,+57.8,+20.0,+19.3,+19.3,+19.0,+19.3,+19.2,+18.8
2024-05-30 14:42,3,+49.6,+38.0,+36.0,+42.2,+52.0,+57.8,+20.0,+19.5,+19.5,+19.1,+19.3,+19.3,+18.8
2024-05-30 15:42,3,+49.5,+37.9,+36.0,+42.3,+52.0,+57.8,+20.0,+19.5,+19.5,+19.1,+19.2,+19.3,+18.8
2024-05-30 16:42,3,+49.5,+37.9,+36.0,+42.1,+52.0,+57.8,+19.8,+19.5,+19.5,+19.0,+19.3,+19.3,+18.8
2024-05-30 17:42,3,+49.5,+37.9,+36.0,+42.3,+52.0,+57.8,+19.8,+19.5,+19.5,+19.0,+19.3,+19.2,+18.8
2024-05-30 18:42,3,+49.5,+37.8,+35.9,+42.1,+51.9,+57.8,+19.7,+19.5,+19.6,+19.1,+19.3,+19.3,+18.8
2024-05-30 19:42,3,+49.4,+37.8,+35.9,+42.1,+51.9,+57.8,+19.7,+19.5,+19.5,+19.1,+19.2,+19.2,+18.8
2024-05-30 20:42,3,+49.4,+37.7,+35.9,+42.2,+52.0,+57.8,+19.8,+19.3,+19.5,+19.1,+19.3,+19.3,+18.8
2024-05-30 21:42,3,+49.4,+37.7,+35.9,+42.1,+51.9,+57.8,+19.7,+19.3,+19.6,+19.1,+19.3,+19.2,+18.8
2024-05-30 22:42,3,+49.5,+37.7,+35.9,+42.2,+52.0,+57.8,+19.7,+19.3,+19.6,+19.1,+19.3,+19.3,+18.8
2024-05-30 23:42,3,+49.7,+37.6,+35.9,+42.2,+51.9,+57.8,+19.7,+19.3,+19.6,+19.1,+19.3,+19.2,+18.8
2024-05-31 00:42,3,+50.1,+37.7,+35.9,+42.1,+51.9,+57.8,+19.7,+19.3,+19.6,+19.1,+19.3,+19.3,+18.8
2024-05-31 01:42,3,+50.4,+37.8,+35.9,+42.1,+51.9,+57.8,+19.7,+19.3,+19.5,+19.1,+19.3,+19.3,+18.8
2024-05-31 02:42,3,+50.7,+38.0,+35.9,+42.2,+51.9,+57.8,+19.7,+19.5,+19.6,+19.1,+19.3,+19.3,+18.8
2024-05-31 03:42,3,+50.9,+38.3,+35.9,+42.2,+51.9,+57.8,+19.7,+19.3,+19.6,+19.1,+19.3,+19.3,+18.8
2024-05-31 04:42,3,+50.8,+38.6,+35.9,+42.2,+51.9,+57.8,+19.8,+19.3,+19.5,+19.1,+19.3,+19.2,+18.8
2024-05-31 05:42,3,+50.7,+38.8,+36.0,+42.1,+51.9,+57.8,+19.7,+19.5,+19.6,+19.1,+19.3,+19.3,+18.8
2024-05-31 06:42,3,+50.6,+38.9,+36.0,+42.1,+51.9,+57.8,+19.8,+19.3,+19.6,+19.2,+19.3,+19.3,+18.8
2024-05-31 07:42,3,+50.5,+38.9,+36.1,+42.1,+51.9,+57.8,+19.8,+19.3,+19.6,+19.2,+19.3,+19.2,+18.8
2024-05-31 08:42,3,+50.4,+38.9,+36.1,+42.1,+51.9,+57.8,+20.0,+19.5,+19.6,+19.1,+19.3,+19.3,+18.8
2024-05-31 09:42,3,+50.4,+38.8,+36.1,+42.3,+51.9,+57.8,+20.1,+19.5,+19.6,+19.2,+19.3,+19.3,+18.8
2024-05-31 10:42,3,+50.4,+38.8,+36.1,+42.2,+51.9,+57.8,+20.1,+19.5,+19.6,+19.1,+19.3,+19.3,+18.8
2024-05-31 11:42,3,+50.4,+38.7,+36.1,+42.2,+51.9,+57.8,+20.1,+19.6,+19.6,+19.1,+19.3,+19.3,+18.8
2024-05-31 12:42,3,+50.3,+38.7,+36.1,+42.3,+52.0,+57.8,+20.1,+19.6,+19.6,+19.2,+19.3,+19.3,+18.8
2024-05-31 13:42,3,+50.3,+38.7,+36.1,+42.3,+52.0,+57.8,+20.1,+19.6,+19.6,+19.1,+19.5,+19.3,+18.8
2024-05-31 14:42,3,+50.2,+38.6,+36.1,+42.2,+51.9,+57.8,+20.1,+19.6,+19.7,+19.2,+19.3,+19.3,+18.8
2024-05-31 15:42,3,+50.2,+38.6,+36.1,+42.2,+51.9,+57.8,+20.0,+19.6,+19.7,+19.1,+19.5,+19.3,+18.8
2024-05-31 16:42,3,+50.2,+38.5,+36.1,+42.2,+51.9,+57.8,+20.0,+19.7,+19.7,+19.2,+19.5,+19.3,+19.0
2024-05-31 17:42,3,+50.1,+38.5,+36.1,+42.2,+51.9,+57.8,+20.0,+19.6,+19.7,+19.2,+19.5,+19.3,+18.8
2024-05-31 18:42,3,+50.1,+38.4,+36.1,+42.2,+51.9,+57.8,+19.8,+19.6,+19.7,+19.2,+19.3,+19.3,+19.0
2024-05-31 19:42,3,+50.0,+38.4,+36.1,+42.2,+51.9,+57.8,+19.7,+19.6,+19.7,+19.2,+19.5,+19.3,+19.0
2024-05-31 20:42,3,+50.0,+38.3,+36.1,+42.2,+51.9,+57.8,+19.6,+19.5,+19.7,+19.2,+19.5,+19.3,+19.0
2024-05-31 21:42,3,+50.0,+38.3,+36.0,+42.1,+51.9,+57.8,+19.6,+19.5,+19.7,+19.2,+19.5,+19.3,+18.8
2024-05-31 22:42,3,+49.9,+38.2,+36.0,+42.2,+51.9,+57.8,+19.5,+19.5,+19.7,+19.2,+19.5,+19.5,+19.0
2024-05-31 23:42,3,+49.9,+38.2,+36.0,+42.1,+51.9,+57.8,+19.5,+19.3,+19.6,+19.2,+19.5,+19.5,+18.8
2024-06-01 00:42,3,+49.8,+38.1,+36.0,+42.2,+51.9,+57.8,+19.5,+19.3,+19.7,+19.2,+19.5,+19.5,+18.8
2024-06-01 01:42,3,+49.8,+38.1,+36.0,+42.3,+51.9,+57.8,+19.3,+19.3,+19.6,+19.2,+19.5,+19.3,+19.0
2024-06-01 02:42,3,+49.8,+38.0,+36.0,+42.1,+51.9,+57.8,+19.5,+19.2,+19.6,+19.2,+19.5,+19.5,+18.8
2024-06-01 03:42,3,+49.8,+38.0,+36.0,+42.1,+51.9,+57.8,+19.5,+19.2,+19.6,+19.2,+19.5,+19.3,+19.0
2024-06-01 04:42,3,+49.7,+37.9,+35.9,+42.1,+51.9,+57.8,+19.6,+19.2,+19.5,+19.2,+19.6,+19.3,+18.8
2024-06-01 05:42,3,+49.7,+37.9,+35.9,+42.1,+51.9,+57.8,+19.7,+19.2,+19.6,+19.2,+19.5,+19.3,+18.8
2024-06-01 06:42,3,+49.6,+37.8,+35.9,+42.1,+51.9,+57.8,+19.8,+19.2,+19.5,+19.2,+19.5,+19.3,+19.0
2024-06-01 07:42,3,+49.6,+37.8,+35.9,+42.2,+51.9,+57.8,+20.0,+19.3,+19.6,+19.1,+19.5,+19.3,+18.8
2024-06-01 08:42,3,+49.6,+37.7,+35.9,+42.1,+51.9,+57.8,+20.0,+19.3,+19.6,+19.2,+19.5,+19.5,+19.0
2024-06-01 09:42,3,+49.6,+37.7,+35.9,+42.1,+51.9,+57.8,+20.1,+19.5,+19.6,+19.2,+19.3,+19.5,+19.0
2024-06-01 10:42,3,+49.5,+37.6,+35.9,+42.1,+51.8,+57.8,+20.1,+19.5,+19.6,+19.2,+19.5,+19.3,+19.0
2024-06-01 11:42,3,+53.3,+40.7,+35.9,+42.1,+51.8,+57.8,+20.2,+19.6,+19.6,+19.2,+19.5,+19.5,+18.8
2024-06-01 12:42,3,+53.5,+41.5,+36.9,+42.2,+51.8,+57.8,+20.1,+19.6,+19.7,+19.2,+19.5,+19.5,+19.0
2024-06-01 13:42,3,+53.4,+41.3,+37.5,+43.0,+52.3,+57.8,+20.0,+19.6,+19.7,+19.2,+19.5,+19.5,+19.0
2024-06-01 14:42,3,+53.3,+41.2,+37.6,+43.4,+52.9,+58.0,+19.7,+19.6,+19.7,+19.2,+19.5,+19.3,+19.0
2024-06-01 15:42,3,+53.0,+40.6,+37.4,+43.4,+53.1,+58.1,+19.7,+19.6,+19.7,+19.2,+19.5,+19.3,+19.0
2024-06-01 16:42,3,+52.9,+40.4,+37.3,+43.3,+53.1,+58.1,+19.6,+19.5,+19.7,+19.3,+19.6,+19.5,+19.0
2024-06-01 17:42,3,+52.6,+40.2,+37.2,+43.3,+53.0,+58.1,+19.5,+19.5,+19.7,+19.2,+19.5,+19.5,+19.0
2024-06-01 18:42,3,+52.2,+40.0,+37.1,+43.2,+53.0,+58.1,+19.3,+19.3,+19.6,+19.2,+19.5,+19.5,+19.0
2024-06-01 19:42,3,+51.8,+39.7,+37.0,+43.2,+53.0,+58.1,+19.3,+19.3,+19.7,+19.2,+19.5,+19.5,+19.0
2024-06-01 20:42,3,+51.6,+39.6,+36.9,+43.1,+52.9,+58.1,+19.3,+19.2,+19.7,+19.3,+19.6,+19.5,+19.0
2024-06-01 21:42,3,+51.4,+39.4,+36.8,+43.0,+52.8,+58.1,+19.2,+19.2,+19.6,+19.3,+19.6,+19.5,+19.0
2024-06-01 22:42,3,+51.3,+39.2,+36.7,+42.9,+52.8,+58.1,+19.1,+19.2,+19.6,+19.3,+19.6,+19.5,+19.0
2024-06-01 23:42,3,+51.1,+39.1,+36.7,+43.0,+52.8,+58.1,+19.1,+19.1,+19.6,+19.3,+19.5,+19.5,+19.0
2024-06-02 00:42,3,+51.0,+39.0,+36.6,+42.8,+52.7,+58.1,+19.0,+19.1,+19.6,+19.2,+19.5,+19.5,+19.0
2024-06-02 01:42,3,+50.9,+38.9,+36.5,+42.9,+52.7,+58.1,+19.0,+19.1,+19.6,+19.2,+19.6,+19.5,+19.0
2024-06-02 02:42,3,+50.9,+38.8,+36.5,+42.8,+52.6,+58.1,+18.8,+19.0,+19.5,+19.3,+19.5,+19.5,+19.0
2024-06-02 03:42,3,+50.7,+38.7,+36.5,+42.8,+52.6,+58.1,+19.0,+18.8,+19.5,+19.2,+19.5,+19.5,+19.0
2024-06-02 04:42,3,+50.7,+38.6,+36.4,+42.8,+52.6,+58.1,+19.1,+18.8,+19.5,+19.2,+19.6,+19.5,+19.0
2024-06-02 05:42,3,+50.6,+38.5,+36.4,+42.7,+52.5,+58.1,+19.1,+19.0,+19.5,+19.2,+19.5,+19.5,+19.0
2024-06-02 06:42,3,+50.6,+38.5,+36.3,+42.7,+52.5,+58.1,+19.2,+19.0,+19.5,+19.1,+19.6,+19.5,+19.0
2024-06-02 07:42,3,+50.5,+38.4,+36.3,+42.6,+52.4,+58.1,+19.3,+19.0,+19.3,+19.2,+19.5,+19.5,+19.0
2024-06-02 08:42,3,+51.7,+38.3,+36.2,+42.6,+52.4,+58.0,+19.3,+19.0,+19.3,+19.2,+19.5,+19.5,+19.0
2024-06-02 09:42,3,+53.0,+39.5,+37.2,+43.0,+52.5,+58.0,+19.3,+19.0,+19.3,+19.1,+19.6,+19.5,+19.0
2024-06-02 10:42,3,+52.9,+40.2,+37.2,+43.2,+53.0,+58.1,+19.3,+19.1,+19.3,+19.1,+19.6,+19.5,+19.1
2024-06-02 11:42,3,+52.7,+40.1,+37.1,+43.3,+53.1,+58.2,+19.3,+19.1,+19.3,+19.2,+19.5,+19.5,+19.1
2024-06-02 12:42,3,+53.2,+40.1,+37.1,+43.1,+53.0,+58.2,+19.3,+19.0,+19.5,+19.2,+19.5,+19.5,+19.0
2024-06-02 13:42,3,+53.2,+40.5,+37.3,+43.3,+53.1,+58.2,+19.3,+19.1,+19.3,+19.1,+19.6,+19.5,+19.0
2024-06-02 14:42,3,+52.9,+40.2,+37.2,+43.3,+53.1,+58.2,+19.3,+19.0,+19.3,+19.1,+19.5,+19.5,+19.1
2024-06-02 15:42,3,+52.5,+40.0,+37.1,+43.3,+53.1,+58.3,+19.3,+19.1,+19.5,+19.1,+19.5,+19.5,+19.1
2024-06-02 16:42,3,+52.2,+39.7,+37.0,+43.3,+53.1,+58.2,+19.2,+19.0,+19.3,+19.1,+19.5,+19.5,+19.0
2024-06-02 17:42,3,+52.0,+39.6,+36.9,+43.1,+53.0,+58.2,+19.2,+19.0,+19.3,+19.1,+19.5,+19.5,+19.1
2024-06-02 18:42,3,+51.8,+39.4,+36.8,+43.1,+53.0,+58.2,+19.2,+19.0,+19.3,+19.1,+19.5,+19.5,+19.0
2024-06-02 19:42,3,+51.6,+39.3,+36.8,+43.1,+52.9,+58.2,+19.2,+19.1,+19.3,+19.1,+19.5,+19.5,+19.1
2024-06-02 20:42,3,+51.5,+39.2,+36.7,+42.9,+52.8,+58.2,+19.1,+19.0,+19.3,+19.1,+19.5,+19.3,+19.1
2024-06-02 21:42,3,+51.4,+39.1,+36.6,+42.9,+52.8,+58.1,+19.1,+19.0,+19.3,+19.1,+19.5,+19.3,+19.1
2024-06-02 22:42,3,+51.4,+39.0,+36.6,+42.9,+52.8,+58.2,+19.1,+19.0,+19.3,+19.1,+19.5,+19.5,+19.1
2024-06-02 23:42,3,+51.3,+38.9,+36.5,+42.9,+52.7,+58.2,+19.1,+19.0,+19.3,+19.1,+19.5,+19.5,+19.1
2024-06-03 00:42,3,+51.3,+38.8,+36.5,+42.9,+52.7,+58.1,+19.0,+19.0,+19.3,+19.1,+19.5,+19.5,+19.0
2024-06-03 01:42,3,+51.2,+38.7,+36.5,+42.8,+52.6,+58.1,+19.1,+19.0,+19.3,+19.1,+19.5,+19.5,+19.0
2024-06-03 02:42,3,+51.1,+38.7,+36.4,+42.7,+52.6,+58.1,+19.0,+18.8,+19.3,+19.1,+19.5,+19.5,+19.0
2024-06-03 03:42,3,+51.1,+38.6,+36.4,+42.6,+52.5,+58.1,+19.1,+18.8,+19.3,+19.1,+19.5,+19.5,+19.0
2024-06-03 04:42,3,+51.0,+38.5,+36.4,+42.7,+52.6,+58.1,+19.2,+19.0,+19.2,+19.1,+19.5,+19.5,+19.0
2024-06-03 05:42,3,+51.0,+38.4,+36.3,+42.7,+52.5,+58.1,+19.2,+18.8,+19.3,+19.1,+19.5,+19.5,+19.0
2024-06-03 06:42,3,+53.6,+39.1,+36.4,+42.7,+52.5,+58.1,+19.3,+19.0,+19.3,+19.1,+19.5,+19.5,+19.0
2024-06-03 07:42,3,+53.2,+39.5,+36.7,+42.9,+52.6,+58.1,+19.5,+19.0,+19.2,+19.1,+19.3,+19.5,+19.1
2024-06-03 08:42,3,+52.9,+39.6,+36.8,+43.0,+52.7,+58.1,+19.5,+19.0,+19.2,+19.1,+19.5,+19.5,+19.1
2024-06-03 09:42,3,+52.7,+39.5,+36.7,+43.0,+52.8,+58.2,+19.5,+19.0,+19.2,+19.1,+19.5,+19.5,+19.1
2024-06-03 10:42,3,+52.8,+39.4,+36.7,+43.0,+52.8,+58.2,+19.6,+19.1,+19.3,+19.1,+19.5,+19.5,+19.0
2024-06-03 11:42,3,+53.8,+40.2,+37.1,+43.2,+52.8,+58.2,+19.6,+19.1,+19.3,+19.1,+19.5,+19.5,+19.0
2024-06-03 12:42,3,+53.6,+40.3,+37.2,+43.3,+53.0,+58.2,+19.6,+19.2,+19.3,+19.1,+19.5,+19.5,+19.0
2024-06-03 13:42,3,+53.8,+40.4,+37.2,+43.3,+53.1,+58.3,+19.5,+19.2,+19.3,+19.1,+19.5,+19.5,+19.0
2024-06-03 14:42,3,+53.7,+40.4,+37.2,+43.3,+53.1,+58.3,+19.5,+19.1,+19.3,+19.1,+19.5,+19.3,+19.0
2024-06-03 15:42,3,+53.6,+40.3,+37.2,+43.4,+53.1,+58.3,+19.5,+19.2,+19.3,+19.1,+19.5,+19.5,+19.0
2024-06-03 16:42,3,+53.3,+40.1,+37.1,+43.2,+53.1,+58.3,+19.5,+19.1,+19.5,+19.1,+19.3,+19.5,+19.1
2024-06-03 17:42,3,+54.1,+40.5,+37.2,+43.4,+53.1,+58.3,+19.3,+19.2,+19.5,+19.1,+19.3,+19.5,+19.0
2024-06-03 18:42,3,+53.8,+40.6,+37.4,+43.4,+53.2,+58.3,+19.3,+19.1,+19.5,+19.1,+19.5,+19.3,+19.0
2024-06-03 19:42,3,+53.6,+40.3,+37.3,+43.4,+53.2,+58.3,+19.3,+19.1,+19.5,+19.1,+19.5,+19.5,+19.0
2024-06-03 20:42,3,+53.4,+40.1,+37.2,+43.3,+53.2,+58.3,+19.2,+19.1,+19.5,+19.1,+19.5,+19.3,+19.1
2024-06-03 21:42,3,+53.1,+39.9,+37.1,+43.4,+53.2,+58.4,+19.2,+19.1,+19.5,+19.1,+19.5,+19.5,+19.0
2024-06-03 22:42,3,+52.8,+39.8,+37.1,+43.2,+53.1,+58.3,+19.1,+19.0,+19.3,+19.1,+19.3,+19.3,+19.0
2024-06-03 23:42,3,+52.5,+39.6,+37.0,+43.1,+53.1,+58.3,+19.1,+19.0,+19.3,+19.1,+19.5,+19.5,+19.0
2024-06-04 00:42,3,+52.4,+39.5,+36.9,+43.2,+53.1,+58.3,+19.0,+19.0,+19.3,+19.1,+19.5,+19.5,+19.0
2024-06-04 01:42,3,+52.2,+39.3,+36.8,+43.0,+53.0,+58.3,+19.0,+19.0,+19.3,+19.1,+19.5,+19.5,+19.0
2024-06-04 02:42,3,+52.1,+39.2,+36.7,+43.1,+53.0,+58.3,+19.0,+19.0,+19.3,+19.2,+19.3,+19.3,+19.0
2024-06-04 03:42,3,+52.0,+39.1,+36.7,+43.0,+52.9,+58.3,+19.0,+19.0,+19.3,+19.1,+19.5,+19.5,+19.1
2024-06-04 04:42,3,+51.9,+39.0,+36.6,+42.8,+52.8,+58.3,+19.1,+18.8,+19.3,+19.1,+19.5,+19.5,+19.0
2024-06-04 05:42,3,+51.8,+38.9,+36.6,+42.8,+52.7,+58.3,+19.2,+18.8,+19.3,+19.1,+19.5,+19.3,+19.0
2024-06-04 06:42,3,+51.8,+38.8,+36.6,+42.8,+52.7,+58.2,+19.3,+18.8,+19.2,+19.1,+19.5,+19.5,+19.0
2024-06-04 07:42,3,+51.7,+38.7,+36.5,+42.7,+52.6,+58.2,+19.3,+18.8,+19.3,+19.1,+19.3,+19.5,+19.0
2024-06-04 08:42,3,+51.6,+38.6,+36.5,+42.8,+52.6,+58.2,+19.5,+19.0,+19.3,+19.1,+19.5,+19.5,+19.0
2024-06-04 09:42,3,+51.6,+38.6,+36.5,+42.8,+52.6,+58.2,+19.5,+19.1,+19.2,+19.0,+19.3,+19.5,+19.0
2024-06-04 10:42,3,+53.7,+38.7,+36.8,+42.9,+52.6,+58.2,+19.5,+19.1,+19.3,+19.1,+19.5,+19.3,+19.0
2024-06-04 11:42,3,+54.2,+39.7,+37.3,+43.4,+53.1,+58.3,+19.5,+19.1,+19.5,+19.1,+19.5,+19.5,+19.0
2024-06-04 12:42,3,+54.0,+40.0,+37.2,+43.3,+53.2,+58.3,+19.5,+19.1,+19.3,+19.1,+19.3,+19.3,+19.0
2024-06-04 13:42,3,+53.7,+40.0,+37.1,+43.2,+53.1,+58.3,+19.3,+19.1,+19.3,+19.1,+19.5,+19.3,+19.1
2024-06-04 14:42,3,+53.4,+39.8,+37.0,+43.2,+53.1,+58.3,+19.3,+19.1,+19.3,+19.1,+19.5,+19.5,+19.1
2024-06-04 15:42,3,+53.1,+39.7,+37.0,+43.2,+53.1,+58.3,+19.3,+19.1,+19.3,+19.1,+19.5,+19.3,+19.0
2024-06-04 16:42,3,+52.9,+39.6,+36.9,+43.2,+53.0,+58.3,+19.3,+19.1,+19.3,+19.1,+19.5,+19.3,+19.0
2024-06-04 17:42,3,+52.7,+39.4,+36.8,+43.0,+52.9,+58.3,+19.3,+19.0,+19.3,+19.1,+19.5,+19.3,+19.1
2024-06-04 18:42,3,+52.6,+39.3,+36.8,+43.0,+52.9,+58.2,+19.2,+19.1,+19.3,+19.1,+19.5,+19.5,+19.0
2024-06-04 19:42,3,+52.5,+39.2,+36.7,+42.9,+52.8,+58.2,+19.3,+19.0,+19.3,+19.1,+19.5,+19.5,+19.0
2024-06-04 20:42,3,+52.4,+39.2,+36.7,+42.9,+52.8,+58.2,+19.2,+19.0,+19.3,+19.1,+19.5,+19.5,+19.0
2024-06-04 21:42,3,+52.3,+39.1,+36.6,+42.8,+52.7,+58.2,+19.2,+19.0,+19.3,+19.1,+19.5,+19.3,+19.0
2024-06-04 22:42,3,+52.2,+39.0,+36.6,+42.8,+52.6,+58.2,+19.2,+19.0,+19.3,+19.1,+19.5,+19.5,+19.0
2024-06-04 23:42,3,+52.2,+38.9,+36.6,+42.9,+52.6,+58.2,+19.2,+19.0,+19.3,+19.1,+19.5,+19.5,+19.0
2024-06-05 00:42,3,+52.2,+38.9,+36.5,+42.8,+52.6,+58.1,+19.1,+19.0,+19.3,+19.1,+19.5,+19.3,+19.0
2024-06-05 01:42,3,+52.1,+38.8,+36.5,+42.8,+52.6,+58.2,+19.2,+19.0,+19.3,+19.1,+19.5,+19.5,+19.1
2024-06-05 02:42,3,+52.0,+38.7,+36.5,+42.8,+52.6,+58.2,+19.2,+19.0,+19.3,+19.1,+19.5,+19.5,+19.0
2024-06-05 03:42,3,+51.9,+38.7,+36.5,+42.8,+52.5,+58.2,+19.2,+19.0,+19.3,+19.1,+19.5,+19.5,+19.0
2024-06-05 04:42,3,+51.9,+38.6,+36.4,+42.8,+52.5,+58.1,+19.3,+19.0,+19.3,+19.1,+19.5,+19.3,+19.0
2024-06-05 05:42,3,+51.8,+38.6,+36.4,+42.7,+52.5,+58.1,+19.3,+19.0,+19.3,+19.1,+19.5,+19.5,+19.1
2024-06-05 06:42,3,+51.8,+38.5,+36.4,+42.7,+52.4,+58.1,+19.5,+19.0,+19.3,+19.1,+19.3,+19.3,+19.0
2024-06-05 07:42,3,+51.8,+38.4,+36.4,+42.7,+52.4,+58.1,+19.6,+19.1,+19.3,+19.1,+19.5,+19.5,+19.0
2024-06-05 08:42,3,+52.9,+38.4,+36.3,+42.6,+52.4,+58.1,+19.7,+19.1,+19.3,+19.1,+19.5,+19.5,+19.0
2024-06-05 09:42,3,+53.6,+39.0,+36.4,+42.6,+52.4,+58.1,+19.7,+19.1,+19.3,+19.1,+19.5,+19.5,+19.0
2024-06-05 10:42,3,+54.1,+39.5,+36.6,+42.7,+52.4,+58.1,+19.8,+19.2,+19.3,+19.1,+19.5,+19.3,+19.0
2024-06-05 11:42,3,+54.1,+40.0,+36.9,+42.8,+52.4,+58.1,+19.8,+19.3,+19.3,+19.1,+19.5,+19.5,+19.1
2024-06-05 12:42,3,+53.9,+40.1,+37.0,+43.0,+52.6,+58.1,+19.8,+19.2,+19.5,+19.1,+19.5,+19.3,+19.0
2024-06-05 13:42,3,+53.7,+39.9,+37.0,+43.1,+52.7,+58.1,+19.7,+19.3,+19.5,+19.2,+19.5,+19.3,+19.0
2024-06-05 14:42,3,+53.4,+39.7,+36.9,+43.1,+52.8,+58.2,+19.7,+19.3,+19.5,+19.1,+19.5,+19.5,+19.0
2024-06-05 15:42,3,+53.6,+39.7,+36.9,+43.0,+52.7,+58.2,+19.6,+19.3,+19.5,+19.2,+19.5,+19.5,+19.0
2024-06-05 16:42,3,+53.6,+39.7,+36.9,+42.9,+52.7,+58.2,+19.6,+19.3,+19.6,+19.1,+19.5,+19.3,+19.0
2024-06-05 17:42,3,+53.4,+39.7,+36.8,+42.9,+52.7,+58.2,+19.6,+19.3,+19.5,+19.2,+19.5,+19.5,+19.0
2024-06-05 18:42,3,+53.1,+39.6,+36.8,+42.9,+52.7,+58.2,+19.6,+19.3,+19.5,+19.1,+19.5,+19.3,+19.0
2024-06-05 19:42,3,+53.0,+39.5,+36.8,+43.0,+52.7,+58.2,+19.5,+19.3,+19.5,+19.1,+19.5,+19.3,+19.0
2024-06-05 20:42,3,+52.9,+39.4,+36.8,+43.0,+52.7,+58.2,+19.5,+19.2,+19.6,+19.1,+19.3,+19.5,+19.1
2024-06-05 21:42,3,+52.8,+39.3,+36.7,+43.0,+52.7,+58.2,+19.3,+19.2,+19.5,+19.2,+19.5,+19.5,+19.0
2024-06-05 22:42,3,+52.6,+39.2,+36.7,+42.8,+52.6,+58.2,+19.2,+19.2,+19.5,+19.2,+19.5,+19.3,+19.0
2024-06-05 23:42,3,+52.5,+39.1,+36.6,+42.9,+52.6,+58.2,+19.2,+19.2,+19.6,+19.2,+19.5,+19.3,+19.0
2024-06-06 00:42,3,+52.4,+39.0,+36.6,+42.9,+52.6,+58.2,+19.1,+19.1,+19.5,+19.2,+19.5,+19.5,+19.0
2024-06-06 01:42,3,+52.4,+38.9,+36.6,+42.8,+52.6,+58.2,+19.1,+19.1,+19.5,+19.2,+19.5,+19.5,+19.1
2024-06-06 02:42,3,+52.3,+38.8,+36.6,+42.8,+52.6,+58.2,+19.1,+19.0,+19.5,+19.1,+19.5,+19.5,+19.0
2024-06-06 03:42,3,+52.2,+38.8,+36.5,+42.8,+52.6,+58.2,+19.1,+19.0,+19.3,+19.1,+19.5,+19.3,+19.1
2024-06-06 04:42,3,+52.1,+38.7,+36.5,+42.6,+52.5,+58.1,+19.2,+19.0,+19.5,+19.1,+19.5,+19.5,+19.0
2024-06-06 05:42,3,+52.1,+38.6,+36.5,+42.7,+52.5,+58.2,+19.3,+19.0,+19.3,+19.1,+19.5,+19.5,+19.0
2024-06-06 06:42,3,+52.0,+38.6,+36.4,+42.6,+52.4,+58.1,+19.5,+19.0,+19.3,+19.1,+19.5,+19.5,+19.0
2024-06-06 07:42,3,+52.0,+38.5,+36.4,+42.6,+52.4,+58.1,+19.6,+19.1,+19.5,+19.1,+19.5,+19.5,+19.0
2024-06-06 08:42,3,+52.0,+38.4,+36.4,+42.6,+52.3,+58.1,+19.7,+19.1,+19.3,+19.1,+19.5,+19.5,+19.1
2024-06-06 09:42,3,+51.9,+38.4,+36.4,+42.5,+52.3,+58.1,+19.8,+19.2,+19.3,+19.1,+19.5,+19.5,+19.1
2024-06-06 10:42,3,+51.9,+38.3,+36.3,+42.5,+52.3,+58.1,+19.8,+19.2,+19.5,+19.2,+19.5,+19.5,+19.1
2024-06-06 11:42,3,+51.9,+38.2,+36.3,+42.5,+52.3,+58.1,+20.0,+19.3,+19.5,+19.1,+19.5,+19.3,+19.0
2024-06-06 12:42,3,+51.9,+38.2,+36.3,+42.6,+52.3,+58.1,+19.8,+19.3,+19.5,+19.1,+19.5,+19.5,+19.0
2024-06-06 13:42,3,+51.9,+38.2,+36.3,+42.6,+52.3,+58.1,+19.8,+19.3,+19.5,+19.2,+19.5,+19.5,+19.0
2024-06-06 14:42,3,+51.8,+38.1,+36.3,+42.4,+52.2,+58.1,+19.8,+19.5,+19.6,+19.1,+19.5,+19.5,+19.0
2024-06-06 15:42,3,+51.8,+38.1,+36.3,+42.4,+52.2,+58.1,+19.7,+19.3,+19.6,+19.2,+19.5,+19.5,+19.0
2024-06-06 16:42,3,+51.8,+38.1,+36.2,+42.5,+52.2,+58.1,+19.7,+19.5,+19.6,+19.2,+19.5,+19.5,+19.0
2024-06-06 17:42,3,+51.8,+38.0,+36.2,+42.4,+52.2,+58.1,+19.6,+19.3,+19.6,+19.1,+19.5,+19.5,+19.1
2024-06-06 18:42,3,+51.8,+38.0,+36.2,+42.5,+52.2,+58.1,+19.6,+19.5,+19.6,+19.2,+19.5,+19.5,+19.1
2024-06-06 19:42,3,+51.7,+38.0,+36.2,+42.4,+52.1,+58.0,+19.5,+19.3,+19.6,+19.2,+19.5,+19.5,+19.0
2024-06-06 20:42,3,+51.7,+37.9,+36.2,+42.4,+52.1,+58.1,+19.5,+19.3,+19.5,+19.2,+19.5,+19.3,+19.0
2024-06-06 21:42,3,+51.7,+37.9,+36.2,+42.4,+52.1,+58.0,+19.5,+19.2,+19.6,+19.2,+19.5,+19.5,+19.0
2024-06-06 22:42,3,+51.6,+37.9,+36.2,+42.4,+52.1,+58.0,+19.3,+19.2,+19.6,+19.2,+19.5,+19.5,+19.0
2024-06-06 23:42,3,+51.6,+37.8,+36.2,+42.5,+52.1,+58.1,+19.3,+19.2,+19.6,+19.1,+19.5,+19.5,+19.0
2024-06-07 00:42,3,+51.6,+37.8,+36.2,+42.3,+52.1,+58.0,+19.3,+19.2,+19.5,+19.2,+19.5,+19.5,+19.1
2024-06-07 01:42,3,+51.6,+37.7,+36.2,+42.4,+52.1,+58.1,+19.3,+19.2,+19.6,+19.2,+19.5,+19.5,+19.0
2024-06-07 02:42,3,+51.5,+37.7,+36.2,+42.4,+52.1,+58.1,+19.3,+19.2,+19.5,+19.2,+19.5,+19.5,+19.0
2024-06-07 03:42,3,+51.5,+37.7,+36.1,+42.4,+52.1,+58.1,+19.3,+19.1,+19.5,+19.2,+19.5,+19.5,+19.1
2024-06-07 04:42,3,+51.5,+37.6,+36.1,+42.3,+52.0,+58.0,+19.5,+19.1,+19.5,+19.2,+19.5,+19.5,+19.1
2024-06-07 05:42,3,+51.5,+37.6,+36.1,+42.3,+52.0,+58.0,+19.5,+19.2,+19.5,+19.2,+19.5,+19.5,+19.0
2024-06-07 06:42,3,+51.4,+37.6,+36.1,+42.3,+52.0,+58.0,+19.7,+19.1,+19.5,+19.2,+19.5,+19.5,+19.0
2024-06-07 07:42,3,+51.4,+37.6,+36.0,+42.2,+52.0,+58.0,+19.7,+19.2,+19.5,+19.2,+19.5,+19.5,+19.1
2024-06-07 08:42,3,+51.3,+37.5,+36.1,+42.3,+52.0,+58.0,+19.8,+19.3,+19.5,+19.2,+19.5,+19.5,+19.1
2024-06-07 09:42,3,+51.4,+37.5,+36.0,+42.2,+51.9,+58.0,+19.8,+19.3,+19.5,+19.2,+19.5,+19.5,+19.0
2024-06-07 10:42,3,+51.4,+37.5,+36.0,+42.2,+51.9,+58.0,+19.8,+19.3,+19.6,+19.2,+19.5,+19.5,+19.1
2024-06-07 11:42,3,+51.8,+37.5,+36.1,+42.2,+51.9,+58.0,+20.0,+19.3,+19.5,+19.1,+19.5,+19.5,+19.0
2024-06-07 12:42,3,+53.2,+37.5,+36.1,+42.3,+51.9,+58.0,+20.0,+19.5,+19.6,+19.2,+19.6,+19.5,+19.1
2024-06-07 13:42,3,+54.7,+38.0,+36.1,+42.2,+51.9,+58.0,+19.8,+19.5,+19.6,+19.2,+19.6,+19.5,+19.1
2024-06-07 14:42,3,+55.0,+39.5,+36.2,+42.2,+51.9,+58.0,+19.8,+19.5,+19.6,+19.2,+19.5,+19.5,+19.1
2024-06-07 15:42,3,+54.8,+40.7,+37.3,+42.9,+52.0,+58.0,+19.7,+19.5,+19.6,+19.2,+19.5,+19.5,+19.1
2024-06-07 16:42,3,+54.5,+40.4,+37.3,+43.0,+52.3,+58.0,+19.6,+19.5,+19.7,+19.2,+19.6,+19.5,+19.0
2024-06-07 17:42,3,+54.2,+40.1,+37.2,+43.2,+52.6,+58.1,+19.5,+19.5,+19.6,+19.2,+19.5,+19.5,+19.1
2024-06-07 18:42,3,+53.9,+39.9,+37.1,+43.2,+52.8,+58.2,+19.3,+19.3,+19.6,+19.2,+19.6,+19.5,+19.1
2024-06-07 19:42,3,+53.5,+39.7,+37.1,+43.2,+52.8,+58.2,+19.3,+19.3,+19.6,+19.2,+19.6,+19.5,+19.0
2024-06-07 20:42,3,+53.3,+39.6,+37.0,+43.1,+52.8,+58.2,+19.3,+19.3,+19.6,+19.2,+19.6,+19.5,+19.1
2024-06-07 21:42,3,+53.2,+39.4,+36.9,+43.0,+52.7,+58.2,+19.2,+19.2,+19.6,+19.3,+19.5,+19.5,+19.1
2024-06-07 22:42,3,+53.1,+39.3,+36.9,+43.1,+52.7,+58.2,+19.2,+19.2,+19.5,+19.2,+19.5,+19.5,+19.1
2024-06-07 23:42,3,+53.0,+39.2,+36.8,+42.9,+52.6,+58.2,+19.1,+19.2,+19.6,+19.2,+19.6,+19.5,+19.1
2024-06-08 00:42,3,+52.9,+39.1,+36.8,+42.9,+52.6,+58.2,+19.1,+19.1,+19.5,+19.2,+19.5,+19.5,+19.1
2024-06-08 01:42,3,+52.8,+39.0,+36.7,+42.8,+52.6,+58.2,+19.0,+19.1,+19.5,+19.1,+19.6,+19.5,+19.1
2024-06-08 02:42,3,+52.7,+38.9,+36.7,+42.8,+52.6,+58.2,+19.0,+19.1,+19.5,+19.2,+19.5,+19.5,+19.0
2024-06-08 03:42,3,+52.6,+38.8,+36.7,+42.8,+52.6,+58.2,+19.1,+19.0,+19.5,+19.2,+19.5,+19.5,+19.1
2024-06-08 04:42,3,+52.6,+38.8,+36.6,+42.9,+52.6,+58.2,+19.1,+19.0,+19.5,+19.2,+19.6,+19.5,+19.0
2024-06-08 05:42,3,+52.6,+38.7,+36.6,+42.8,+52.5,+58.2,+19.2,+19.0,+19.5,+19.2,+19.6,+19.5,+19.1
2024-06-08 06:42,3,+52.5,+38.6,+36.6,+42.8,+52.5,+58.1,+19.2,+19.0,+19.3,+19.2,+19.6,+19.5,+19.1
2024-06-08 07:42,3,+54.1,+38.9,+36.7,+42.8,+52.4,+58.1,+19.2,+19.0,+19.3,+19.2,+19.5,+19.5,+19.1
2024-06-08 08:42,3,+54.3,+39.4,+37.0,+43.2,+52.7,+58.2,+19.3,+19.0,+19.3,+19.2,+19.5,+19.5,+19.1
2024-06-08 09:42,3,+54.2,+39.6,+37.0,+43.2,+52.9,+58.3,+19.3,+19.0,+19.3,+19.1,+19.6,+19.5,+19.1
2024-06-08 10:42,3,+54.0,+39.6,+37.0,+43.2,+52.9,+58.3,+19.3,+19.1,+19.3,+19.2,+19.5,+19.5,+19.1
2024-06-08 11:42,3,+53.9,+39.5,+36.9,+43.2,+52.9,+58.3,+19.3,+19.1,+19.3,+19.1,+19.5,+19.5,+19.1
2024-06-08 12:42,3,+53.5,+39.4,+36.9,+43.0,+52.8,+58.3,+19.3,+19.0,+19.3,+19.1,+19.5,+19.5,+19.1
2024-06-08 13:42,3,+53.4,+39.4,+36.9,+43.0,+52.8,+58.3,+19.3,+19.1,+19.3,+19.1,+19.6,+19.5,+19.1
2024-06-08 14:42,3,+53.3,+39.3,+36.8,+43.1,+52.8,+58.3,+19.3,+19.1,+19.5,+19.1,+19.5,+19.5,+19.1
2024-06-08 15:42,3,+53.2,+39.2,+36.8,+42.9,+52.7,+58.3,+19.2,+19.1,+19.3,+19.2,+19.6,+19.5,+19.1
2024-06-08 16:42,3,+53.1,+39.1,+36.8,+42.9,+52.7,+58.3,+19.2,+19.1,+19.5,+19.2,+19.5,+19.5,+19.1
2024-06-08 17:42,3,+53.0,+39.1,+36.7,+42.9,+52.6,+58.2,+19.2,+19.0,+19.3,+19.1,+19.5,+19.5,+19.1
2024-06-08 18:42,3,+53.0,+39.0,+36.7,+43.0,+52.7,+58.3,+19.2,+19.0,+19.3,+19.2,+19.6,+19.5,+19.1
2024-06-08 19:42,3,+52.9,+38.9,+36.7,+43.0,+52.6,+58.3,+19.1,+19.1,+19.3,+19.2,+19.5,+19.5,+19.1
2024-06-08 20:42,3,+52.9,+38.8,+36.6,+42.9,+52.6,+58.3,+19.1,+19.0,+19.5,+19.2,+19.5,+19.5,+19.1
2024-06-08 21:42,3,+52.8,+38.8,+36.6,+42.8,+52.6,+58.2,+19.1,+19.0,+19.3,+19.2,+19.5,+19.5,+19.1
2024-06-08 22:42,3,+52.7,+38.7,+36.6,+42.9,+52.6,+58.3,+19.1,+19.0,+19.3,+19.1,+19.5,+19.5,+19.1
2024-06-08 23:42,3,+52.6,+38.6,+36.6,+42.7,+52.5,+58.2,+19.0,+18.8,+19.3,+19.2,+19.6,+19.5,+19.1
2024-06-09 00:42,3,+52.6,+38.6,+36.5,+42.8,+52.5,+58.2,+19.0,+18.8,+19.3,+19.1,+19.6,+19.5,+19.1
2024-06-09 01:42,3,+52.6,+38.5,+36.5,+42.7,+52.4,+58.2,+19.0,+18.8,+19.3,+19.1,+19.5,+19.5,+19.1
2024-06-09 02:42,3,+52.6,+38.5,+36.5,+42.7,+52.4,+58.2,+19.0,+18.8,+19.3,+19.2,+19.5,+19.5,+19.1
2024-06-09 03:42,3,+52.5,+38.4,+36.5,+42.8,+52.5,+58.2,+19.0,+18.8,+19.2,+19.2,+19.5,+19.5,+19.1
2024-06-09 04:42,3,+52.5,+38.3,+36.5,+42.6,+52.4,+58.2,+19.1,+18.8,+19.3,+19.1,+19.5,+19.5,+19.1
2024-06-09 05:42,3,+52.4,+38.3,+36.4,+42.6,+52.4,+58.2,+19.2,+18.8,+19.2,+19.1,+19.5,+19.5,+19.1
2024-06-09 06:42,3,+52.4,+38.2,+36.4,+42.7,+52.4,+58.2,+19.3,+19.0,+19.3,+19.1,+19.5,+19.5,+19.1
2024-06-09 07:42,3,+52.4,+38.2,+36.4,+42.7,+52.4,+58.2,+19.5,+19.0,+19.2,+19.1,+19.5,+19.5,+19.1
2024-06-09 08:42,3,+52.4,+38.2,+36.3,+42.6,+52.3,+58.2,+19.5,+19.0,+19.2,+19.1,+19.5,+19.5,+19.1
2024-06-09 09:42,3,+52.3,+38.1,+36.3,+42.5,+52.3,+58.2,+19.5,+19.0,+19.3,+19.1,+19.5,+19.5,+19.1
2024-06-09 10:42,3,+52.3,+38.1,+36.3,+42.6,+52.3,+58.2,+19.6,+19.1,+19.3,+19.1,+19.5,+19.5,+19.1
2024-06-09 11:42,3,+52.3,+38.0,+36.3,+42.6,+52.3,+58.2,+19.7,+19.1,+19.3,+19.1,+19.5,+19.5,+19.1
2024-06-09 12:42,3,+52.3,+38.0,+36.3,+42.4,+52.2,+58.1,+19.7,+19.2,+19.3,+19.1,+19.5,+19.5,+19.1
2024-06-09 13:42,3,+52.2,+38.0,+36.3,+42.6,+52.2,+58.2,+19.7,+19.1,+19.3,+19.0,+19.5,+19.5,+19.1
2024-06-09 14:42,3,+55.1,+38.1,+36.3,+42.6,+52.2,+58.1,+19.7,+19.2,+19.3,+19.1,+19.5,+19.5,+19.1
2024-06-09 15:42,3,+55.0,+38.9,+36.4,+42.5,+52.2,+58.1,+19.6,+19.2,+19.5,+19.1,+19.5,+19.5,+19.1
2024-06-09 16:42,3,+54.8,+39.2,+36.5,+42.6,+52.2,+58.1,+19.7,+19.3,+19.5,+19.1,+19.5,+19.5,+19.1
2024-06-09 17:42,3,+54.5,+39.2,+36.6,+42.6,+52.2,+58.1,+19.6,+19.3,+19.5,+19.1,+19.5,+19.5,+19.1
2024-06-09 18:42,3,+54.2,+39.2,+36.6,+42.6,+52.2,+58.1,+19.6,+19.3,+19.5,+19.1,+19.5,+19.5,+19.1
2024-06-09 19:42,3,+53.8,+39.2,+36.6,+42.8,+52.3,+58.2,+19.5,+19.2,+19.5,+19.1,+19.5,+19.5,+19.1
2024-06-09 20:42,3,+53.7,+39.2,+36.6,+42.8,+52.4,+58.2,+19.5,+19.2,+19.6,+19.1,+19.5,+19.5,+19.1
2024-06-09 21:42,3,+53.6,+39.1,+36.6,+42.8,+52.4,+58.2,+19.5,+19.2,+19.5,+19.1,+19.5,+19.5,+19.1
2024-06-09 22:42,3,+53.5,+39.1,+36.6,+42.7,+52.3,+58.1,+19.5,+19.2,+19.5,+19.1,+19.5,+19.5,+19.1
2024-06-09 23:42,3,+53.5,+39.0,+36.6,+42.7,+52.3,+58.1,+19.5,+19.2,+19.5,+19.1,+19.5,+19.5,+19.1
2024-06-10 00:42,3,+53.4,+39.0,+36.5,+42.7,+52.4,+58.2,+19.5,+19.2,+19.6,+19.1,+19.5,+19.5,+19.1
2024-06-10 01:42,3,+53.3,+38.9,+36.5,+42.7,+52.3,+58.1,+19.3,+19.2,+19.5,+19.2,+19.5,+19.5,+19.1
2024-06-10 02:42,3,+53.3,+38.9,+36.5,+42.8,+52.4,+58.2,+19.3,+19.2,+19.5,+19.1,+19.5,+19.5,+19.1
2024-06-10 03:42,3,+53.2,+38.9,+36.5,+42.6,+52.3,+58.2,+19.5,+19.2,+19.5,+19.1,+19.5,+19.5,+19.1
2024-06-10 04:42,3,+53.2,+38.8,+36.5,+42.7,+52.4,+58.2,+19.5,+19.2,+19.5,+19.2,+19.5,+19.5,+19.1
2024-06-10 05:42,3,+53.1,+38.8,+36.5,+42.6,+52.3,+58.2,+19.6,+19.2,+19.5,+19.2,+19.5,+19.5,+19.1
2024-06-10 06:42,3,+53.1,+38.7,+36.5,+42.6,+52.3,+58.2,+19.6,+19.2,+19.5,+19.2,+19.5,+19.5,+19.1
2024-06-10 07:42,3,+54.1,+38.7,+36.5,+42.6,+52.3,+58.1,+19.7,+19.2,+19.5,+19.1,+19.5,+19.5,+19.0
2024-06-10 08:42,3,+54.7,+39.0,+36.5,+42.6,+52.3,+58.1,+19.8,+19.2,+19.5,+19.2,+19.5,+19.5,+19.1
2024-06-10 09:42,3,+54.9,+39.6,+36.7,+42.8,+52.3,+58.2,+19.8,+19.3,+19.5,+19.2,+19.5,+19.5,+19.1
2024-06-10 10:42,3,+55.0,+39.8,+36.9,+42.8,+52.3,+58.1,+19.8,+19.3,+19.5,+19.2,+19.5,+19.5,+19.1
2024-06-10 11:42,3,+54.9,+39.9,+37.0,+42.9,+52.4,+58.1,+19.8,+19.5,+19.6,+19.2,+19.5,+19.5,+19.1
2024-06-10 12:42,3,+54.8,+39.8,+37.0,+43.1,+52.6,+58.2,+19.8,+19.5,+19.6,+19.1,+19.5,+19.5,+19.1
2024-06-10 13:42,3,+54.7,+39.8,+37.0,+43.1,+52.6,+58.2,+19.7,+19.5,+19.6,+19.2,+19.5,+19.5,+19.1
2024-06-10 14:42,3,+55.3,+39.8,+37.0,+43.0,+52.6,+58.2,+19.7,+19.5,+19.6,+19.2,+19.5,+19.5,+19.1
2024-06-10 15:42,3,+55.3,+40.2,+37.3,+43.2,+52.7,+58.2,+19.6,+19.3,+19.7,+19.2,+19.5,+19.5,+19.1
2024-06-10 16:42,3,+55.1,+40.1,+37.3,+43.3,+52.8,+58.3,+19.6,+19.3,+19.6,+19.2,+19.5,+19.5,+19.1
2024-06-10 17:42,3,+54.9,+40.0,+37.3,+43.4,+53.0,+58.4,+19.6,+19.3,+19.6,+19.3,+19.5,+19.5,+19.1
2024-06-10 18:42,3,+54.7,+39.9,+37.2,+43.4,+53.0,+58.4,+19.6,+19.5,+19.6,+19.2,+19.5,+19.5,+19.1
2024-06-10 19:42,3,+54.4,+39.7,+37.1,+43.3,+53.0,+58.4,+19.5,+19.3,+19.7,+19.2,+19.5,+19.6,+19.1
2024-06-10 20:42,3,+54.1,+39.6,+37.1,+43.3,+53.0,+58.4,+19.5,+19.3,+19.6,+19.2,+19.6,+19.5,+19.1
2024-06-10 21:42,3,+54.0,+39.5,+37.0,+43.3,+53.0,+58.4,+19.5,+19.2,+19.6,+19.2,+19.6,+19.5,+19.1
2024-06-10 22:42,3,+53.9,+39.4,+37.0,+43.1,+52.9,+58.4,+19.3,+19.2,+19.6,+19.2,+19.6,+19.5,+19.1
2024-06-10 23:42,3,+53.9,+39.3,+37.0,+43.2,+52.9,+58.4,+19.3,+19.2,+19.6,+19.2,+19.5,+19.6,+19.1
2024-06-11 00:42,3,+53.8,+39.2,+36.9,+43.0,+52.8,+58.3,+19.3,+19.2,+19.6,+19.2,+19.6,+19.5,+19.1
2024-06-11 01:42,3,+53.8,+39.2,+36.9,+43.0,+52.8,+58.3,+19.3,+19.2,+19.6,+19.2,+19.6,+19.5,+19.1
2024-06-11 02:42,3,+53.9,+39.1,+36.8,+43.1,+52.8,+58.3,+19.3,+19.2,+19.6,+19.2,+19.5,+19.5,+19.1
2024-06-11 03:42,3,+53.9,+39.1,+36.8,+43.0,+52.7,+58.3,+19.3,+19.2,+19.6,+19.2,+19.6,+19.5,+19.1
2024-06-11 04:42,3,+54.0,+39.1,+36.8,+43.0,+52.7,+58.3,+19.2,+19.1,+19.5,+19.2,+19.6,+19.5,+19.1
2024-06-11 05:42,3,+54.1,+39.2,+36.8,+43.0,+52.7,+58.3,+19.2,+19.1,+19.6,+19.2,+19.6,+19.6,+19.1
2024-06-11 06:42,3,+55.1,+39.3,+36.8,+43.1,+52.7,+58.3,+19.3,+19.1,+19.5,+19.2,+19.6,+19.5,+19.1
2024-06-11 07:42,3,+55.1,+39.7,+37.0,+43.0,+52.7,+58.3,+19.2,+19.1,+19.5,+19.2,+19.5,+19.5,+19.1
2024-06-11 08:42,3,+55.0,+39.8,+37.1,+43.2,+52.8,+58.4,+19.2,+19.1,+19.5,+19.2,+19.6,+19.6,+19.1
2024-06-11 09:42,3,+54.7,+39.8,+37.1,+43.1,+52.8,+58.3,+19.3,+19.1,+19.5,+19.2,+19.6,+19.6,+19.1
2024-06-11 10:42,3,+54.3,+39.7,+37.1,+43.1,+52.8,+58.4,+19.3,+19.1,+19.5,+19.2,+19.6,+19.5,+19.1
2024-06-11 11:42,3,+54.1,+39.6,+37.0,+43.1,+52.8,+58.4,+19.3,+19.1,+19.5,+19.2,+19.6,+19.6,+19.1
2024-06-11 12:42,3,+54.1,+39.4,+37.0,+43.1,+52.8,+58.4,+19.3,+19.1,+19.5,+19.2,+19.6,+19.6,+19.1
2024-06-11 13:42,3,+54.0,+39.3,+36.9,+43.0,+52.8,+58.4,+19.3,+19.1,+19.3,+19.2,+19.6,+19.5,+19.1
2024-06-11 14:42,3,+53.9,+39.2,+36.9,+43.2,+52.8,+58.4,+19.2,+19.1,+19.5,+19.2,+19.6,+19.5,+19.1
2024-06-11 15:42,3,+53.9,+39.2,+36.9,+43.0,+52.8,+58.4,+19.2,+19.0,+19.5,+19.2,+19.6,+19.5,+19.1
2024-06-11 16:42,3,+53.8,+39.1,+36.9,+43.0,+52.8,+58.4,+19.2,+19.1,+19.5,+19.1,+19.6,+19.5,+19.1
2024-06-11 17:42,3,+53.7,+39.0,+36.8,+43.0,+52.7,+58.3,+19.2,+19.0,+19.5,+19.2,+19.6,+19.5,+19.1
2024-06-11 18:42,3,+53.7,+39.0,+36.8,+42.9,+52.7,+58.3,+19.1,+19.0,+19.3,+19.2,+19.6,+19.6,+19.1
2024-06-11 19:42,3,+53.7,+38.9,+36.8,+43.0,+52.7,+58.4,+19.2,+19.0,+19.5,+19.2,+19.6,+19.5,+19.1
2024-06-11 20:42,3,+54.5,+38.9,+36.7,+43.0,+52.7,+58.3,+19.1,+19.0,+19.5,+19.2,+19.6,+19.5,+19.1
2024-06-11 21:42,3,+54.8,+39.0,+36.8,+43.0,+52.7,+58.3,+19.1,+19.1,+19.3,+19.2,+19.6,+19.5,+19.1
2024-06-11 22:42,3,+54.7,+39.2,+36.8,+42.9,+52.6,+58.3,+19.1,+19.0,+19.3,+19.2,+19.5,+19.5,+19.1
2024-06-11 23:42,3,+54.7,+39.3,+36.8,+43.0,+52.6,+58.3,+19.0,+19.0,+19.3,+19.2,+19.6,+19.5,+19.2
2024-06-12 00:42,3,+54.5,+39.3,+36.8,+43.0,+52.6,+58.3,+18.8,+18.8,+19.3,+19.2,+19.6,+19.5,+19.1
2024-06-12 01:42,3,+54.4,+39.3,+36.8,+42.9,+52.6,+58.3,+18.8,+18.8,+19.3,+19.1,+19.6,+19.5,+19.1
2024-06-12 02:42,3,+54.3,+39.3,+36.8,+42.9,+52.6,+58.3,+18.8,+18.8,+19.3,+19.1,+19.5,+19.5,+19.1
2024-06-12 03:42,3,+54.4,+39.2,+36.8,+42.9,+52.6,+58.3,+18.8,+18.8,+19.3,+19.1,+19.5,+19.6,+19.1
2024-06-12 04:42,3,+54.3,+39.2,+36.8,+43.0,+52.6,+58.3,+18.8,+18.7,+19.3,+19.1,+19.6,+19.5,+19.1
2024-06-12 05:42,3,+54.2,+39.2,+36.8,+42.9,+52.6,+58.3,+18.8,+18.7,+19.3,+19.1,+19.5,+19.5,+19.1
2024-06-12 06:42,3,+54.1,+39.2,+36.8,+42.9,+52.6,+58.3,+18.8,+18.7,+19.2,+19.1,+19.6,+19.5,+19.1
2024-06-12 07:42,3,+54.6,+39.2,+36.8,+43.0,+52.6,+58.4,+19.0,+18.7,+19.2,+19.2,+19.5,+19.5,+19.1
2024-06-12 08:42,3,+55.2,+39.6,+37.0,+43.0,+52.6,+58.3,+18.8,+18.7,+19.2,+19.1,+19.5,+19.5,+19.1
2024-06-12 09:42,3,+55.5,+40.1,+37.5,+43.5,+52.8,+58.4,+18.8,+18.7,+19.2,+19.1,+19.5,+19.5,+19.1
2024-06-12 10:42,3,+55.5,+40.3,+37.5,+43.5,+53.1,+58.4,+18.8,+18.7,+19.2,+19.0,+19.5,+19.5,+19.1
2024-06-12 11:42,3,+55.5,+40.2,+37.5,+43.6,+53.3,+58.5,+18.8,+18.7,+19.2,+19.1,+19.6,+19.5,+19.1
2024-06-12 12:42,3,+55.5,+40.2,+37.5,+43.5,+53.3,+58.5,+18.7,+18.7,+19.2,+19.1,+19.5,+19.5,+19.1
2024-06-12 13:42,3,+55.3,+40.1,+37.4,+43.6,+53.3,+58.6,+18.7,+18.7,+19.1,+19.1,+19.5,+19.5,+19.1
2024-06-12 14:42,3,+55.1,+39.9,+37.4,+43.5,+53.3,+58.5,+18.6,+18.6,+19.2,+19.0,+19.5,+19.5,+19.1
2024-06-12 15:42,3,+54.9,+39.8,+37.3,+43.4,+53.2,+58.5,+18.7,+18.6,+19.1,+19.1,+19.5,+19.5,+19.1
2024-06-12 16:42,3,+54.7,+39.7,+37.2,+43.4,+53.2,+58.5,+18.6,+18.6,+19.1,+19.0,+19.5,+19.5,+19.1
2024-06-12 17:42,3,+54.6,+39.5,+37.1,+43.3,+53.1,+58.5,+18.6,+18.6,+19.1,+19.0,+19.5,+19.5,+19.1
2024-06-12 18:42,3,+54.6,+39.4,+37.1,+43.3,+53.1,+58.5,+18.6,+18.6,+19.1,+19.0,+19.5,+19.3,+19.1
2024-06-12 19:42,3,+54.4,+39.4,+37.0,+43.2,+53.0,+58.5,+18.5,+18.6,+19.1,+19.0,+19.5,+19.5,+19.1
2024-06-12 20:42,3,+54.3,+39.3,+37.0,+43.3,+53.0,+58.5,+18.5,+18.5,+19.1,+19.1,+19.3,+19.3,+19.1
2024-06-12 21:42,3,+54.2,+39.2,+36.9,+43.2,+53.0,+58.5,+18.6,+18.5,+19.1,+19.0,+19.3,+19.5,+19.0
2024-06-12 22:42,3,+54.1,+39.2,+36.9,+43.2,+53.0,+58.5,+18.5,+18.5,+19.0,+19.1,+19.3,+19.5,+19.1
2024-06-12 23:42,3,+54.1,+39.1,+36.9,+43.2,+52.9,+58.5,+18.5,+18.5,+19.0,+19.0,+19.5,+19.5,+19.1
2024-06-13 00:42,3,+54.1,+39.0,+36.8,+43.0,+52.8,+58.4,+18.5,+18.5,+19.1,+19.0,+19.5,+19.5,+19.1
2024-06-13 01:42,3,+54.2,+39.0,+36.8,+43.1,+52.8,+58.4,+18.3,+18.3,+19.0,+19.0,+19.5,+19.3,+19.0
2024-06-13 02:42,3,+54.2,+38.9,+36.8,+43.0,+52.8,+58.4,+18.3,+18.3,+19.0,+19.0,+19.5,+19.5,+19.1
2024-06-13 03:42,3,+54.2,+38.9,+36.8,+43.1,+52.8,+58.4,+18.3,+18.3,+19.0,+19.0,+19.5,+19.3,+19.1
2024-06-13 04:42,3,+54.2,+38.9,+36.8,+43.0,+52.7,+58.4,+18.3,+18.3,+19.0,+18.8,+19.3,+19.3,+19.1
2024-06-13 05:42,3,+54.1,+38.9,+36.8,+43.1,+52.8,+58.4,+18.3,+18.3,+18.8,+18.8,+19.3,+19.3,+19.1
2024-06-13 06:42,3,+54.1,+38.9,+36.7,+42.9,+52.7,+58.4,+18.5,+18.3,+19.0,+18.8,+19.5,+19.5,+19.1
2024-06-13 07:42,3,+54.0,+38.8,+36.7,+43.0,+52.7,+58.4,+18.5,+18.3,+18.8,+18.8,+19.3,+19.5,+19.0
2024-06-13 08:42,3,+54.0,+38.8,+36.7,+42.9,+52.6,+58.4,+18.6,+18.3,+18.8,+18.8,+19.5,+19.3,+19.1
2024-06-13 09:42,3,+53.9,+38.7,+36.7,+42.8,+52.6,+58.4,+18.7,+18.5,+19.0,+18.8,+19.3,+19.5,+19.0
2024-06-13 10:42,3,+53.9,+38.7,+36.6,+43.0,+52.7,+58.4,+18.7,+18.5,+18.8,+18.8,+19.3,+19.3,+19.1
2024-06-13 11:42,3,+53.9,+38.7,+36.6,+42.8,+52.6,+58.4,+18.8,+18.5,+18.8,+18.8,+19.3,+19.3,+19.1
2024-06-13 12:42,3,+53.8,+38.6,+36.6,+42.8,+52.6,+58.4,+18.8,+18.5,+18.8,+18.8,+19.3,+19.5,+19.1
2024-06-13 13:42,3,+53.8,+38.6,+36.6,+42.9,+52.6,+58.4,+19.0,+18.5,+19.0,+18.8,+19.3,+19.3,+19.0
2024-06-13 14:42,3,+53.9,+38.6,+36.6,+42.9,+52.6,+58.4,+18.8,+18.6,+19.0,+18.8,+19.3,+19.3,+19.1
2024-06-13 15:42,3,+53.9,+38.5,+36.6,+42.8,+52.5,+58.4,+18.8,+18.6,+19.0,+18.8,+19.3,+19.3,+19.0
2024-06-13 16:42,3,+54.0,+38.5,+36.6,+42.8,+52.5,+58.4,+18.8,+18.6,+19.0,+18.8,+19.3,+19.3,+19.0
2024-06-13 17:42,3,+54.0,+38.5,+36.5,+42.9,+52.6,+58.4,+18.8,+18.6,+19.0,+18.8,+19.3,+19.3,+19.0
2024-06-13 18:42,3,+54.1,+38.6,+36.6,+42.9,+52.5,+58.4,+18.7,+18.6,+19.0,+18.8,+19.2,+19.3,+19.0
2024-06-13 19:42,3,+54.0,+38.6,+36.5,+42.8,+52.5,+58.4,+18.7,+18.6,+19.0,+19.0,+19.2,+19.3,+19.0
2024-06-13 20:42,3,+54.0,+38.6,+36.5,+42.7,+52.4,+58.4,+18.7,+18.6,+19.0,+18.8,+19.3,+19.3,+19.0
2024-06-13 21:42,3,+54.0,+38.6,+36.5,+42.7,+52.4,+58.3,+18.7,+18.5,+19.0,+18.8,+19.3,+19.3,+19.0
2024-06-13 22:42,3,+53.9,+38.6,+36.6,+42.7,+52.4,+58.3,+18.6,+18.5,+19.0,+18.8,+19.2,+19.3,+19.0
2024-06-13 23:42,3,+53.9,+38.6,+36.6,+42.7,+52.4,+58.4,+18.7,+18.5,+19.0,+18.8,+19.2,+19.3,+19.1
2024-06-14 00:42,3,+53.9,+38.5,+36.6,+42.8,+52.4,+58.4,+18.6,+18.5,+18.8,+18.8,+19.3,+19.3,+19.0
2024-06-14 01:42,3,+53.8,+38.5,+36.6,+42.7,+52.4,+58.3,+18.6,+18.5,+18.8,+18.8,+19.2,+19.3,+19.1
2024-06-14 02:42,3,+53.8,+38.5,+36.6,+42.8,+52.4,+58.4,+18.7,+18.5,+19.0,+18.8,+19.3,+19.2,+19.0
2024-06-14 03:42,3,+53.7,+38.5,+36.6,+42.6,+52.4,+58.4,+18.7,+18.5,+19.0,+18.7,+19.3,+19.3,+19.0
2024-06-14 04:42,3,+53.7,+38.4,+36.6,+42.6,+52.4,+58.3,+18.8,+18.6,+19.0,+18.8,+19.3,+19.3,+19.0
2024-06-14 05:42,3,+53.7,+38.4,+36.5,+42.7,+52.4,+58.3,+19.0,+18.5,+19.0,+18.8,+19.2,+19.3,+19.0
2024-06-14 06:42,3,+53.7,+38.4,+36.5,+42.7,+52.4,+58.4,+19.0,+18.6,+19.0,+18.8,+19.2,+19.2,+19.0
2024-06-14 07:42,3,+53.7,+38.3,+36.5,+42.6,+52.3,+58.3,+19.1,+18.6,+19.0,+18.8,+19.3,+19.3,+19.0
2024-06-14 08:42,3,+53.7,+38.3,+36.5,+42.6,+52.3,+58.3,+19.2,+18.6,+19.0,+18.8,+19.3,+19.3,+19.0
2024-06-14 09:42,3,+53.7,+38.3,+36.5,+42.6,+52.3,+58.3,+19.3,+18.7,+19.0,+18.8,+19.3,+19.2,+19.0
2024-06-14 10:42,3,+53.6,+38.2,+36.5,+42.7,+52.3,+58.4,+19.3,+18.7,+19.0,+18.8,+19.3,+19.3,+19.0
2024-06-14 11:42,3,+53.6,+38.2,+36.5,+42.7,+52.3,+58.3,+19.5,+18.8,+19.1,+18.8,+19.2,+19.3,+19.0
2024-06-14 12:42,3,+53.6,+38.2,+36.5,+42.7,+52.3,+58.4,+19.5,+18.8,+19.0,+18.8,+19.3,+19.2,+19.0
2024-06-14 13:42,3,+53.6,+38.2,+36.5,+42.6,+52.2,+58.3,+19.5,+18.8,+19.1,+18.8,+19.2,+19.3,+19.0
2024-06-14 14:42,3,+54.2,+38.2,+36.5,+42.7,+52.3,+58.3,+19.5,+19.0,+19.1,+18.7,+19.3,+19.3,+19.0
2024-06-14 15:42,3,+54.8,+38.3,+36.5,+42.7,+52.3,+58.3,+19.5,+19.0,+19.1,+18.8,+19.3,+19.3,+19.0
2024-06-14 16:42,3,+55.1,+38.7,+36.5,+42.6,+52.2,+58.3,+19.5,+19.1,+19.1,+18.8,+19.2,+19.3,+19.0
2024-06-14 17:42,3,+55.3,+39.2,+36.6,+42.6,+52.2,+58.2,+19.5,+19.1,+19.2,+18.8,+19.2,+19.2,+19.0
2024-06-14 18:42,3,+55.4,+39.5,+36.7,+42.6,+52.2,+58.3,+19.3,+19.0,+19.2,+18.8,+19.3,+19.2,+19.0
2024-06-14 19:42,3,+55.5,+39.8,+36.8,+42.6,+52.2,+58.3,+19.3,+19.0,+19.2,+18.8,+19.3,+19.3,+19.0
2024-06-14 20:42,3,+55.5,+39.9,+37.0,+42.8,+52.3,+58.3,+19.2,+19.0,+19.2,+18.8,+19.3,+19.3,+19.0
2024-06-14 21:42,3,+55.3,+39.8,+37.1,+42.9,+52.3,+58.3,+19.2,+19.1,+19.2,+18.8,+19.3,+19.3,+19.0
2024-06-14 22:42,3,+55.1,+39.7,+37.1,+43.0,+52.4,+58.3,+19.2,+19.0,+19.3,+18.8,+19.3,+19.3,+19.0
2024-06-14 23:42,3,+55.0,+39.6,+37.1,+43.0,+52.4,+58.3,+19.2,+19.0,+19.2,+19.0,+19.3,+19.3,+18.8
2024-06-15 00:42,3,+54.9,+39.6,+37.1,+43.0,+52.5,+58.3,+19.2,+19.0,+19.2,+18.8,+19.3,+19.3,+19.0
2024-06-15 01:42,3,+54.8,+39.5,+37.1,+43.1,+52.6,+58.4,+19.2,+19.0,+19.2,+19.0,+19.3,+19.2,+19.0
2024-06-15 02:42,3,+54.8,+39.4,+37.1,+43.1,+52.6,+58.4,+19.1,+19.0,+19.2,+19.0,+19.3,+19.3,+19.0
2024-06-15 03:42,3,+54.7,+39.4,+37.1,+43.0,+52.6,+58.4,+19.2,+18.8,+19.2,+19.0,+19.3,+19.3,+19.0
2024-06-15 04:42,3,+54.6,+39.3,+37.0,+43.0,+52.6,+58.4,+19.2,+19.0,+19.2,+19.0,+19.3,+19.3,+19.0
2024-06-15 05:42,3,+54.6,+39.2,+37.0,+43.0,+52.7,+58.4,+19.3,+19.0,+19.2,+18.8,+19.2,+19.3,+19.0
2024-06-15 06:42,3,+54.6,+39.1,+37.0,+42.9,+52.6,+58.4,+19.5,+19.0,+19.2,+19.1,+19.2,+19.3,+19.0
2024-06-15 07:42,3,+54.5,+39.1,+37.0,+43.0,+52.7,+58.4,+19.5,+19.0,+19.2,+19.0,+19.3,+19.3,+19.0
2024-06-15 08:42,3,+54.6,+39.1,+36.9,+42.9,+52.6,+58.4,+19.5,+19.1,+19.2,+19.1,+19.3,+19.3,+19.0
2024-06-15 09:42,3,+54.6,+39.0,+36.9,+43.0,+52.6,+58.4,+19.5,+19.1,+19.2,+19.0,+19.3,+19.3,+19.0
2024-06-15 10:42,3,+54.7,+39.0,+36.9,+43.0,+52.6,+58.4,+19.5,+19.1,+19.2,+19.0,+19.3,+19.2,+19.0
2024-06-15 11:42,3,+54.7,+39.0,+36.9,+42.9,+52.6,+58.4,+19.6,+19.1,+19.3,+19.0,+19.3,+19.3,+19.0
2024-06-15 12:42,3,+54.7,+39.0,+36.9,+43.0,+52.6,+58.4,+19.6,+19.1,+19.3,+19.1,+19.3,+19.3,+19.0
2024-06-15 13:42,3,+54.7,+39.0,+36.9,+42.9,+52.6,+58.4,+19.5,+19.1,+19.3,+19.1,+19.2,+19.3,+19.0
2024-06-15 14:42,3,+55.1,+39.1,+36.9,+43.0,+52.6,+58.4,+19.5,+19.2,+19.3,+19.0,+19.3,+19.3,+19.0
2024-06-15 15:42,3,+55.2,+39.2,+36.9,+42.9,+52.5,+58.4,+19.5,+19.2,+19.3,+19.0,+19.3,+19.3,+19.0
2024-06-15 16:42,3,+55.1,+39.4,+36.9,+43.0,+52.6,+58.4,+19.3,+19.1,+19.3,+19.0,+19.3,+19.3,+19.0
2024-06-15 17:42,3,+55.1,+39.4,+36.9,+43.0,+52.6,+58.4,+19.3,+19.1,+19.3,+19.0,+19.3,+19.3,+19.0
2024-06-15 18:42,3,+55.0,+39.4,+36.9,+43.0,+52.6,+58.4,+19.2,+19.1,+19.3,+19.0,+19.3,+19.3,+19.0
2024-06-15 19:42,3,+54.9,+39.4,+37.0,+42.9,+52.5,+58.4,+19.2,+19.0,+19.3,+19.0,+19.3,+19.3,+19.0
2024-06-15 20:42,3,+54.8,+39.3,+37.0,+42.9,+52.5,+58.4,+19.1,+19.0,+19.3,+19.0,+19.3,+19.3,+19.0
2024-06-15 21:42,3,+54.8,+39.3,+37.0,+43.0,+52.6,+58.4,+19.1,+19.1,+19.3,+19.0,+19.3,+19.5,+19.0
2024-06-15 22:42,3,+54.7,+39.2,+37.0,+43.0,+52.6,+58.4,+19.0,+19.0,+19.3,+19.0,+19.3,+19.3,+19.0
2024-06-15 23:42,3,+54.7,+39.2,+36.9,+42.9,+52.6,+58.4,+18.8,+19.0,+19.3,+19.0,+19.5,+19.3,+19.0
2024-06-16 00:42,3,+54.6,+39.1,+36.9,+42.9,+52.5,+58.4,+18.8,+18.8,+19.2,+19.1,+19.3,+19.3,+19.0
2024-06-16 01:42,3,+54.6,+39.1,+36.9,+42.9,+52.6,+58.4,+18.8,+18.8,+19.2,+19.1,+19.3,+19.3,+19.0
2024-06-16 02:42,3,+54.5,+39.0,+36.9,+42.8,+52.5,+58.4,+18.8,+18.8,+19.3,+19.1,+19.3,+19.3,+19.0
2024-06-16 03:42,3,+54.5,+38.9,+36.9,+42.8,+52.5,+58.4,+18.8,+18.8,+19.2,+19.0,+19.3,+19.3,+19.0
2024-06-16 04:42,3,+54.5,+38.9,+36.9,+42.8,+52.5,+58.4,+18.8,+18.7,+19.2,+19.1,+19.3,+19.3,+19.0
2024-06-16 05:42,3,+54.5,+38.9,+36.8,+42.8,+52.5,+58.4,+18.8,+18.7,+19.2,+19.0,+19.3,+19.3,+19.0
2024-06-19 11:03,3,+54.5,+38.9,+36.8,+42.9,+52.6,+58.4,+18.8,+18.7,+19.2,+19.0,+19.3,+19.3,+19.0