
2024-05-09 13:42,4,+35.4,+14.9,+16.4,+21.2,+26.9,+23.9,+19.6,+19.3,+18.5,+18.8,+18.7,+18.6,+18.3
2024-05-09 14:42,4,+35.4,+14.9,+16.4,+21.1,+26.8,+23.9,+19.7,+19.3,+18.6,+18.8,+18.7,+18.6,+18.3
2024-05-09 15:42,4,+35.4,+14.9,+16.4,+21.2,+26.9,+23.9,+19.7,+19.3,+18.6,+18.8,+18.7,+18.6,+18.3
2024-05-09 16:42,4,+35.4,+14.9,+16.4,+21.1,+26.8,+23.9,+19.7,+19.3,+18.7,+18.8,+18.7,+18.6,+18.3
2024-05-09 17:42,4,+35.4,+14.9,+16.4,+21.2,+26.8,+23.9,+19.7,+19.5,+18.6,+18.8,+18.7,+18.6,+18.3
2024-05-09 18:42,4,+36.9,+14.9,+16.4,+21.2,+26.8,+23.9,+19.7,+19.5,+18.7,+18.8,+18.7,+18.6,+18.3
2024-05-09 19:42,4,+36.8,+15.0,+16.4,+21.1,+26.8,+23.9,+19.7,+19.6,+18.7,+18.8,+18.7,+18.6,+18.3
2024-05-09 20:42,4,+36.5,+14.9,+16.4,+21.0,+26.9,+23.9,+19.7,+19.6,+18.7,+19.0,+18.7,+18.6,+18.3
2024-05-09 21:42,4,+36.5,+14.9,+16.4,+21.0,+26.9,+23.9,+19.6,+19.6,+18.7,+19.0,+18.7,+18.6,+18.3
2024-05-09 22:42,4,+36.4,+14.9,+16.4,+21.2,+26.9,+23.9,+19.6,+19.6,+18.7,+19.0,+18.7,+18.6,+18.3
2024-05-09 23:42,4,+36.4,+14.9,+16.4,+21.1,+26.9,+23.9,+19.5,+19.5,+18.7,+19.0,+18.7,+18.6,+18.3
2024-05-10 00:42,4,+36.4,+14.9,+16.4,+21.0,+26.9,+23.9,+19.5,+19.5,+18.7,+19.0,+18.7,+18.6,+18.3
2024-05-10 01:42,4,+36.3,+14.9,+16.4,+21.2,+26.9,+23.9,+19.3,+19.5,+18.7,+19.0,+18.7,+18.6,+18.3
2024-05-10 02:42,4,+36.3,+14.9,+16.4,+21.1,+26.9,+23.9,+19.3,+19.5,+18.7,+19.0,+18.7,+18.6,+18.3
2024-05-10 03:42,4,+36.3,+14.9,+16.4,+21.0,+26.9,+23.9,+19.2,+19.5,+18.7,+19.0,+18.7,+18.6,+18.3
2024-05-10 04:42,4,+36.3,+14.9,+16.4,+21.2,+26.9,+23.9,+19.2,+19.5,+18.7,+19.0,+18.7,+18.6,+18.3
2024-05-10 05:42,4,+36.2,+14.9,+16.4,+21.1,+26.9,+23.9,+19.1,+19.3,+18.7,+19.0,+18.7,+18.6,+18.3
2024-05-10 06:42,4,+36.2,+14.9,+16.4,+21.0,+26.8,+23.9,+19.1,+19.3,+18.8,+19.0,+18.7,+18.6,+18.3
2024-05-10 07:42,4,+36.1,+14.9,+16.4,+21.0,+26.9,+23.9,+19.2,+19.3,+18.7,+19.0,+18.7,+18.6,+18.3
2024-05-10 08:42,4,+36.1,+14.8,+16.4,+21.1,+26.9,+23.9,+19.2,+19.2,+18.7,+19.0,+18.7,+18.6,+18.3
2024-05-10 09:42,4,+36.1,+14.8,+16.3,+21.1,+26.9,+23.9,+19.3,+19.3,+18.7,+19.0,+18.7,+18.6,+18.3
2024-05-10 10:42,4,+36.0,+14.8,+16.4,+21.1,+26.9,+23.9,+19.5,+19.3,+18.7,+19.0,+18.7,+18.6,+18.3
2024-05-10 11:42,4,+36.0,+14.8,+16.3,+21.0,+26.8,+23.9,+19.6,+19.3,+18.7,+19.0,+18.7,+18.6,+18.5
2024-05-10 12:42,4,+36.0,+14.8,+16.3,+21.1,+26.9,+23.9,+19.7,+19.3,+18.7,+19.0,+18.7,+18.7,+18.5
2024-05-10 13:42,4,+35.9,+14.8,+16.3,+21.1,+26.9,+23.9,+19.7,+19.5,+18.8,+19.0,+18.7,+18.7,+18.3
2024-05-10 14:42,4,+35.9,+14.8,+16.3,+21.1,+26.9,+23.9,+19.7,+19.5,+18.7,+19.0,+18.8,+18.7,+18.3
2024-05-10 15:42,4,+35.9,+14.8,+16.3,+21.1,+26.9,+23.9,+19.7,+19.6,+18.7,+19.1,+18.8,+18.7,+18.3
2024-05-10 16:42,4,+35.8,+14.8,+16.3,+20.9,+26.8,+23.9,+19.8,+19.6,+18.8,+19.0,+18.8,+18.6,+18.3
2024-05-10 17:42,4,+35.8,+14.8,+16.3,+21.1,+26.9,+23.9,+19.7,+19.6,+18.8,+19.0,+18.8,+18.6,+18.3
2024-05-10 18:42,4,+37.3,+15.0,+16.4,+21.0,+26.9,+23.9,+19.7,+19.7,+18.8,+19.0,+18.8,+18.7,+18.3
2024-05-10 19:42,4,+38.8,+15.0,+16.5,+21.0,+27.0,+23.9,+19.7,+19.6,+18.8,+19.1,+18.7,+18.7,+18.5
2024-05-10 20:42,4,+38.8,+15.0,+16.5,+21.0,+27.4,+23.9,+19.7,+19.6,+18.8,+19.1,+18.8,+18.7,+18.5
2024-05-10 21:42,4,+38.7,+14.9,+16.5,+21.0,+27.4,+23.9,+19.7,+19.6,+18.8,+19.0,+18.8,+18.7,+18.5
2024-05-10 22:42,4,+38.7,+14.9,+16.5,+21.1,+27.5,+24.0,+19.6,+19.7,+19.0,+19.1,+18.8,+18.7,+18.3
2024-05-10 23:42,4,+38.7,+14.9,+16.5,+21.1,+27.5,+23.9,+19.7,+19.6,+19.0,+19.1,+18.8,+18.7,+18.3
2024-05-11 00:42,4,+38.7,+14.9,+16.5,+20.9,+27.5,+23.9,+19.6,+19.6,+18.8,+19.1,+18.8,+18.7,+18.3
2024-05-11 01:42,4,+38.7,+14.9,+16.5,+21.1,+27.6,+24.0,+19.6,+19.6,+18.8,+19.1,+18.8,+18.7,+18.3
2024-05-11 02:42,4,+38.7,+14.9,+16.5,+21.1,+27.5,+23.9,+19.6,+19.6,+19.0,+19.1,+18.8,+18.7,+18.5
2024-05-11 03:42,4,+42.5,+16.8,+17.8,+21.4,+27.8,+23.9,+19.2,+19.3,+19.0,+19.3,+19.1,+19.0,+18.6
2024-05-11 04:42,4,+42.5,+16.8,+17.8,+21.5,+27.8,+24.0,+19.2,+19.3,+18.8,+19.3,+19.1,+19.0,+18.6
2024-05-11 05:42,4,+42.4,+16.8,+17.8,+21.5,+27.8,+24.0,+19.2,+19.3,+19.0,+19.3,+19.1,+19.0,+18.6
2024-05-11 06:42,4,+42.4,+16.8,+17.8,+21.4,+27.8,+23.9,+19.2,+19.3,+19.0,+19.3,+19.1,+19.0,+18.6
2024-05-11 07:42,4,+42.3,+16.8,+17.8,+21.6,+27.8,+24.0,+19.3,+19.3,+19.0,+19.3,+19.1,+19.0,+18.7
2024-05-11 08:42,4,+42.3,+16.8,+17.7,+21.5,+27.8,+24.0,+19.5,+19.3,+18.8,+19.2,+19.1,+19.0,+18.7
2024-05-11 09:42,4,+42.3,+16.7,+17.7,+21.4,+27.8,+23.9,+19.5,+19.3,+19.0,+19.3,+19.1,+19.0,+18.7
2024-05-11 10:42,4,+42.2,+16.8,+17.7,+21.6,+27.8,+24.0,+19.6,+19.5,+19.0,+19.2,+19.1,+19.0,+18.7
2024-05-11 11:42,4,+42.2,+16.8,+17.7,+21.4,+27.8,+23.9,+19.5,+19.6,+19.0,+19.2,+19.1,+19.0,+18.7
2024-05-11 12:42,4,+42.2,+16.7,+17.7,+21.6,+27.8,+24.0,+19.5,+19.6,+19.0,+19.2,+19.1,+19.0,+18.7
2024-05-11 13:42,4,+42.2,+16.7,+17.7,+21.5,+27.8,+23.9,+19.5,+19.5,+19.0,+19.3,+19.1,+19.0,+18.7
2024-05-11 14:42,4,+42.1,+16.7,+17.7,+21.6,+27.8,+24.0,+19.3,+19.5,+19.0,+19.2,+19.0,+19.0,+18.7
2024-05-11 15:42,4,+42.1,+16.7,+17.7,+21.6,+27.8,+24.0,+19.3,+19.5,+19.0,+19.2,+19.1,+19.0,+18.7
2024-05-11 16:42,4,+42.1,+16.7,+17.7,+21.5,+27.8,+23.9,+19.3,+19.5,+19.0,+19.3,+19.1,+19.0,+18.7
2024-05-11 17:42,4,+42.1,+16.7,+17.7,+21.5,+27.8,+23.9,+19.3,+19.5,+19.0,+19.2,+19.1,+19.0,+18.7
2024-05-11 18:42,4,+42.1,+16.7,+17.7,+21.6,+27.9,+24.0,+19.3,+19.5,+18.8,+19.3,+19.1,+19.0,+18.7
2024-05-11 19:42,4,+42.0,+16.7,+17.7,+21.6,+27.9,+24.0,+19.2,+19.5,+19.0,+19.3,+19.1,+19.0,+18.6
2024-05-11 20:42,4,+42.0,+16.7,+17.7,+21.5,+27.8,+23.9,+19.2,+19.5,+19.0,+19.2,+19.1,+19.0,+18.7
2024-05-11 21:42,4,+42.0,+16.7,+17.7,+21.6,+27.9,+24.0,+19.2,+19.5,+19.0,+19.3,+19.1,+19.0,+18.7
2024-05-11 22:42,4,+42.0,+16.7,+17.7,+21.5,+27.8,+23.9,+19.1,+19.3,+19.0,+19.3,+19.0,+19.0,+18.7
2024-05-11 23:42,4,+41.9,+16.7,+17.7,+21.5,+27.8,+24.0,+19.1,+19.5,+19.0,+19.3,+19.1,+19.0,+18.7
2024-05-12 00:42,4,+41.9,+16.7,+17.7,+21.5,+27.8,+23.9,+19.1,+19.3,+19.0,+19.2,+19.0,+19.0,+18.6
2024-05-12 01:42,4,+41.9,+16.7,+17.7,+21.5,+27.8,+23.9,+19.1,+19.3,+19.0,+19.2,+19.1,+18.8,+18.7
2024-05-12 02:42,4,+41.9,+16.7,+17.7,+21.5,+27.8,+23.9,+19.1,+19.3,+19.0,+19.3,+19.1,+19.0,+18.7
2024-05-12 03:42,4,+41.9,+16.7,+17.7,+21.6,+27.9,+24.0,+19.2,+19.3,+19.0,+19.2,+19.1,+19.0,+18.7
2024-05-12 04:42,4,+41.8,+16.7,+17.7,+21.5,+27.9,+24.0,+19.2,+19.3,+18.8,+19.2,+19.1,+19.0,+18.7
2024-05-12 05:42,4,+41.8,+16.7,+17.7,+21.5,+27.9,+24.0,+19.3,+19.3,+19.0,+19.2,+19.1,+19.0,+18.7
2024-05-12 06:42,4,+41.8,+16.6,+17.7,+21.6,+27.9,+24.0,+19.5,+19.5,+18.8,+19.2,+19.1,+19.0,+18.7
2024-05-12 07:42,4,+41.7,+16.6,+17.7,+21.5,+27.9,+23.9,+19.6,+19.5,+18.8,+19.3,+19.1,+19.0,+18.7
2024-05-12 08:42,4,+41.7,+16.6,+17.7,+21.5,+27.9,+24.0,+19.6,+19.5,+19.0,+19.2,+19.1,+19.0,+18.7
2024-05-12 09:42,4,+41.7,+16.6,+17.7,+21.7,+27.9,+24.0,+19.7,+19.6,+19.0,+19.2,+19.1,+19.0,+18.7
2024-05-12 10:42,4,+46.6,+16.9,+17.7,+21.7,+28.0,+24.0,+19.7,+19.6,+19.0,+19.2,+19.1,+19.0,+18.7
2024-05-12 11:42,4,+46.4,+17.3,+17.7,+21.7,+28.0,+24.1,+19.7,+19.6,+19.0,+19.3,+19.1,+19.0,+18.7
2024-05-12 12:42,4,+46.2,+17.9,+17.8,+21.6,+28.0,+24.1,+19.6,+19.6,+19.0,+19.3,+19.1,+19.0,+18.7
2024-05-12 13:42,4,+45.8,+18.1,+17.9,+21.6,+28.0,+24.0,+19.5,+19.6,+19.0,+19.3,+19.1,+19.0,+18.7
2024-05-12 14:42,4,+47.1,+18.1,+18.1,+21.6,+28.0,+24.0,+19.5,+19.6,+19.1,+19.3,+19.1,+19.0,+18.7
2024-05-12 15:42,4,+46.9,+19.1,+18.6,+21.6,+28.1,+24.1,+19.5,+19.6,+19.0,+19.3,+19.1,+19.0,+18.6
2024-05-12 16:42,4,+46.8,+18.9,+19.0,+22.0,+28.1,+24.1,+19.3,+19.6,+19.0,+19.3,+19.1,+19.0,+18.7
2024-05-12 17:42,4,+48.5,+20.1,+19.5,+22.7,+28.1,+24.1,+19.2,+19.5,+19.0,+19.3,+19.1,+19.0,+18.7
2024-05-12 18:42,4,+47.1,+19.8,+20.1,+25.6,+32.6,+24.5,+19.1,+19.5,+19.1,+19.3,+19.1,+19.0,+18.8
2024-05-12 19:42,4,+45.9,+18.6,+19.5,+24.8,+32.3,+27.5,+19.0,+19.5,+19.0,+19.5,+19.2,+19.1,+18.8
2024-05-12 20:42,4,+45.3,+18.2,+19.2,+24.5,+32.1,+29.4,+19.0,+19.3,+19.1,+19.3,+19.1,+19.1,+18.7
2024-05-12 21:42,4,+45.0,+18.0,+19.1,+24.3,+31.8,+29.6,+19.0,+19.3,+19.0,+19.3,+19.1,+19.1,+18.8
2024-05-12 22:42,4,+44.8,+17.9,+19.0,+24.0,+31.6,+29.5,+18.8,+19.3,+19.0,+19.3,+19.2,+19.0,+18.8
2024-05-12 23:42,4,+44.6,+17.8,+19.0,+24.0,+31.5,+29.5,+19.0,+19.3,+19.0,+19.3,+19.1,+19.1,+18.8
2024-05-13 00:42,4,+44.4,+17.7,+18.9,+23.8,+31.4,+29.4,+19.0,+19.3,+19.0,+19.3,+19.1,+19.1,+18.8
2024-05-13 01:42,4,+44.3,+17.7,+18.9,+23.9,+31.4,+29.3,+19.0,+19.2,+19.0,+19.3,+19.1,+19.0,+18.7
2024-05-13 02:42,4,+44.2,+17.6,+18.8,+23.8,+31.3,+29.2,+19.1,+19.3,+19.0,+19.3,+19.1,+19.0,+18.7
2024-05-13 03:42,4,+44.2,+17.6,+18.8,+23.7,+31.2,+29.2,+19.2,+19.3,+18.8,+19.3,+19.2,+19.0,+18.8
2024-05-13 04:42,4,+44.1,+17.5,+18.8,+23.7,+31.2,+29.1,+19.2,+19.3,+18.8,+19.3,+19.2,+19.1,+18.8
2024-05-13 05:42,4,+44.0,+17.5,+18.7,+23.7,+31.1,+29.0,+19.3,+19.3,+19.0,+19.3,+19.1,+19.0,+18.7
2024-05-13 06:42,4,+43.9,+17.5,+18.7,+23.6,+31.1,+29.0,+19.3,+19.3,+19.0,+19.3,+19.2,+19.1,+18.7
2024-05-13 07:42,4,+43.9,+17.4,+18.7,+23.5,+31.0,+28.9,+19.5,+19.3,+19.0,+19.3,+19.1,+19.0,+18.7
2024-05-13 08:42,4,+43.8,+17.4,+18.7,+23.6,+31.0,+28.9,+19.6,+19.3,+18.8,+19.3,+19.1,+19.1,+18.8
2024-05-13 09:42,4,+43.7,+17.4,+18.6,+23.4,+30.9,+28.8,+19.5,+19.5,+19.0,+19.3,+19.2,+19.0,+18.8
2024-05-13 10:42,4,+44.5,+17.4,+18.6,+23.4,+30.9,+28.8,+19.6,+19.5,+19.0,+19.3,+19.1,+19.0,+18.8
2024-05-13 11:42,4,+45.3,+17.4,+18.6,+23.4,+30.9,+28.8,+19.5,+19.5,+19.0,+19.3,+19.1,+19.0,+18.7
2024-05-13 12:42,4,+45.2,+17.4,+18.6,+23.5,+30.9,+28.8,+19.5,+19.5,+19.0,+19.3,+19.2,+19.1,+18.8
2024-05-13 13:42,4,+45.0,+17.4,+18.6,+23.5,+30.9,+28.7,+19.5,+19.6,+19.0,+19.3,+19.2,+19.0,+18.7
2024-05-13 14:42,4,+44.9,+17.4,+18.6,+23.3,+30.8,+28.7,+19.5,+19.6,+19.0,+19.3,+19.1,+19.1,+18.8
2024-05-13 15:42,4,+44.7,+17.4,+18.6,+23.3,+30.8,+28.6,+19.3,+19.5,+18.8,+19.3,+19.1,+19.1,+18.7
2024-05-13 16:42,4,+44.6,+17.4,+18.5,+23.4,+30.8,+28.7,+19.3,+19.5,+19.0,+19.3,+19.1,+19.1,+18.7
2024-05-13 17:42,4,+44.5,+17.4,+18.5,+23.3,+30.8,+28.6,+19.2,+19.6,+19.0,+19.3,+19.2,+19.1,+18.8
2024-05-13 18:42,4,+44.4,+17.4,+18.5,+23.3,+30.8,+28.5,+19.2,+19.5,+19.0,+19.3,+19.1,+19.1,+18.7
2024-05-13 19:42,4,+44.3,+17.4,+18.5,+23.4,+30.8,+28.5,+19.2,+19.5,+19.0,+19.3,+19.1,+19.1,+18.7
2024-05-13 20:42,4,+44.3,+17.4,+18.5,+23.4,+30.8,+28.5,+19.2,+19.5,+19.0,+19.3,+19.1,+19.1,+18.8
2024-05-13 21:42,4,+44.2,+17.4,+18.5,+23.4,+30.8,+28.5,+19.2,+19.5,+19.0,+19.3,+19.1,+19.0,+18.8
2024-05-13 22:42,4,+44.2,+17.4,+18.5,+23.3,+30.7,+28.5,+19.2,+19.5,+19.0,+19.3,+19.1,+19.1,+18.8
2024-05-13 23:42,4,+44.2,+17.4,+18.5,+23.3,+30.7,+28.5,+19.1,+19.3,+19.0,+19.3,+19.1,+19.1,+18.8
2024-05-14 00:42,4,+44.1,+17.4,+18.5,+23.2,+30.7,+28.4,+19.1,+19.5,+19.0,+19.3,+19.2,+19.0,+18.8
2024-05-14 01:42,4,+44.1,+17.3,+18.5,+23.2,+30.7,+28.4,+19.1,+19.3,+18.8,+19.3,+19.1,+19.1,+18.8
2024-05-14 02:42,4,+44.0,+17.3,+18.5,+23.3,+30.7,+28.4,+19.3,+19.3,+19.0,+19.3,+19.1,+19.1,+18.7
2024-05-14 03:42,4,+44.0,+17.3,+18.5,+23.3,+30.7,+28.3,+19.5,+19.3,+19.0,+19.2,+19.1,+19.0,+18.7
2024-05-14 04:42,4,+43.9,+17.3,+18.5,+23.2,+30.6,+28.3,+19.6,+19.5,+19.0,+19.3,+19.1,+19.1,+18.8
2024-05-14 05:42,4,+43.9,+17.3,+18.5,+23.3,+30.6,+28.3,+19.7,+19.5,+19.0,+19.3,+19.1,+19.1,+18.8
2024-05-14 06:42,4,+46.6,+17.3,+18.5,+23.2,+30.6,+28.3,+19.6,+19.5,+19.0,+19.3,+19.1,+19.1,+18.8
2024-05-14 07:42,4,+48.3,+21.2,+20.1,+23.4,+30.7,+28.3,+19.7,+19.7,+19.0,+19.3,+19.1,+19.1,+18.7
2024-05-14 08:42,4,+46.4,+19.2,+19.8,+25.1,+32.7,+29.0,+19.6,+19.7,+19.0,+19.3,+19.2,+19.0,+18.8
2024-05-14 09:42,4,+45.8,+18.5,+19.4,+24.7,+32.5,+30.5,+19.7,+19.7,+19.1,+19.3,+19.2,+19.1,+18.8
2024-05-14 10:42,4,+45.4,+18.2,+19.2,+24.3,+32.1,+30.4,+19.7,+19.7,+19.1,+19.3,+19.2,+19.1,+18.8
2024-05-14 11:42,4,+45.2,+18.0,+19.1,+24.1,+31.9,+30.2,+19.7,+19.7,+19.1,+19.3,+19.1,+19.1,+18.8
2024-05-14 12:42,4,+45.0,+17.9,+19.0,+24.0,+31.8,+30.0,+19.7,+19.7,+19.1,+19.3,+19.2,+19.1,+18.8
2024-05-14 13:42,4,+44.8,+17.9,+19.0,+23.9,+31.7,+29.8,+19.7,+19.7,+19.1,+19.3,+19.2,+19.1,+18.8
2024-05-14 14:42,4,+44.7,+17.8,+19.0,+23.9,+31.5,+29.7,+19.7,+19.7,+19.1,+19.3,+19.1,+19.0,+18.8
2024-05-14 15:42,4,+44.7,+17.7,+18.9,+23.9,+31.5,+29.5,+19.6,+19.7,+19.1,+19.5,+19.2,+19.1,+18.8
2024-05-14 16:42,4,+46.2,+17.7,+18.9,+23.7,+31.4,+29.4,+19.7,+19.7,+19.1,+19.3,+19.2,+19.1,+18.8
2024-05-14 17:42,4,+46.7,+19.7,+19.8,+24.4,+31.5,+29.3,+19.7,+19.7,+19.1,+19.3,+19.2,+19.1,+18.8
2024-05-14 18:42,4,+46.4,+18.7,+19.5,+24.6,+32.4,+29.7,+19.7,+19.7,+19.1,+19.5,+19.2,+19.1,+18.8
2024-05-14 19:42,4,+46.2,+18.4,+19.4,+24.4,+32.3,+30.2,+19.6,+19.7,+19.2,+19.5,+19.2,+19.1,+18.8
2024-05-14 20:42,4,+45.9,+18.3,+19.3,+24.4,+32.1,+30.2,+19.7,+19.8,+19.1,+19.5,+19.2,+19.1,+19.0
2024-05-14 21:42,4,+45.8,+18.1,+19.2,+24.2,+32.0,+30.1,+19.6,+19.7,+19.1,+19.3,+19.2,+19.1,+18.8
2024-05-14 22:42,4,+45.8,+18.1,+19.1,+24.0,+31.8,+29.9,+19.6,+19.7,+19.1,+19.5,+19.2,+19.1,+18.8
2024-05-14 23:42,4,+46.0,+18.1,+19.1,+23.9,+31.7,+29.8,+19.6,+19.7,+19.2,+19.5,+19.2,+19.1,+18.8
2024-05-15 00:42,4,+45.9,+18.1,+19.0,+24.0,+31.7,+29.7,+19.6,+19.7,+19.2,+19.5,+19.1,+19.2,+18.8
2024-05-15 01:42,4,+45.6,+18.0,+19.0,+24.0,+31.7,+29.6,+19.6,+19.7,+19.2,+19.5,+19.2,+19.1,+18.8
2024-05-15 02:42,4,+45.4,+18.0,+19.0,+23.8,+31.5,+29.5,+19.6,+19.7,+19.2,+19.5,+19.2,+19.1,+18.8
2024-05-15 03:42,4,+45.1,+17.9,+19.0,+23.9,+31.6,+29.4,+19.6,+19.7,+19.1,+19.5,+19.2,+19.1,+18.8
2024-05-15 04:42,4,+44.9,+17.9,+19.0,+23.9,+31.5,+29.3,+19.6,+19.7,+19.2,+19.5,+19.2,+19.1,+19.0
2024-05-15 05:42,4,+44.8,+17.8,+18.9,+23.7,+31.4,+29.2,+19.7,+19.7,+19.2,+19.5,+19.2,+19.1,+19.0
2024-05-15 06:42,4,+44.7,+17.7,+18.9,+23.7,+31.4,+29.1,+19.8,+19.7,+19.1,+19.5,+19.2,+19.1,+18.8
2024-05-15 07:42,4,+44.6,+17.7,+18.8,+23.7,+31.4,+29.1,+19.8,+19.7,+19.2,+19.3,+19.2,+19.1,+18.8
2024-05-15 08:42,4,+44.5,+17.6,+18.8,+23.6,+31.3,+29.0,+20.0,+19.7,+19.2,+19.5,+19.2,+19.1,+18.8
2024-05-15 09:42,4,+44.4,+17.6,+18.8,+23.7,+31.3,+29.0,+20.1,+19.8,+19.2,+19.5,+19.2,+19.1,+18.8
2024-05-15 10:42,4,+44.3,+17.6,+18.8,+23.7,+31.3,+29.0,+20.0,+19.8,+19.2,+19.5,+19.3,+19.1,+18.8
2024-05-15 11:42,4,+44.3,+17.5,+18.8,+23.5,+31.2,+28.9,+20.0,+20.0,+19.2,+19.5,+19.2,+19.2,+19.0
2024-05-15 12:42,4,+44.2,+17.5,+18.7,+23.5,+31.2,+28.8,+20.0,+20.0,+19.2,+19.5,+19.2,+19.1,+19.0
2024-05-15 13:42,4,+44.2,+17.5,+18.7,+23.6,+31.2,+28.8,+20.0,+20.0,+19.2,+19.5,+19.2,+19.2,+19.0
2024-05-15 14:42,4,+44.1,+17.5,+18.7,+23.6,+31.2,+28.7,+19.8,+20.0,+19.2,+19.5,+19.2,+19.2,+18.8
2024-05-15 15:42,4,+44.0,+17.5,+18.7,+23.6,+31.1,+28.7,+19.8,+20.0,+19.2,+19.5,+19.2,+19.2,+19.0
2024-05-15 16:42,4,+44.0,+17.5,+18.7,+23.5,+31.1,+28.6,+19.8,+20.0,+19.2,+19.6,+19.2,+19.2,+18.8
2024-05-15 17:42,4,+43.9,+17.4,+18.6,+23.4,+31.0,+28.6,+19.7,+20.0,+19.3,+19.6,+19.2,+19.2,+19.0
2024-05-15 18:42,4,+43.9,+17.4,+18.6,+23.4,+31.0,+28.6,+19.7,+19.8,+19.3,+19.5,+19.2,+19.1,+18.8
2024-05-15 19:42,4,+43.8,+17.4,+18.6,+23.4,+31.0,+28.5,+19.6,+19.8,+19.2,+19.5,+19.2,+19.2,+18.8
2024-05-15 20:42,4,+43.8,+17.4,+18.6,+23.5,+31.0,+28.5,+19.6,+19.8,+19.2,+19.6,+19.2,+19.2,+18.8
2024-05-15 21:42,4,+43.8,+17.4,+18.6,+23.5,+31.0,+28.5,+19.6,+19.8,+19.2,+19.5,+19.3,+19.2,+19.0
2024-05-15 22:42,4,+43.7,+17.4,+18.6,+23.5,+31.0,+28.5,+19.6,+19.8,+19.2,+19.5,+19.2,+19.1,+19.0
2024-05-15 23:42,4,+43.7,+17.3,+18.6,+23.4,+30.9,+28.4,+19.5,+19.7,+19.3,+19.6,+19.3,+19.2,+18.8
2024-05-16 00:42,4,+43.6,+17.3,+18.6,+23.5,+30.9,+28.4,+19.5,+19.7,+19.2,+19.6,+19.2,+19.2,+19.0
2024-05-16 01:42,4,+43.6,+17.3,+18.5,+23.4,+30.9,+28.4,+19.5,+19.7,+19.2,+19.5,+19.2,+19.2,+19.0
2024-05-16 02:42,4,+43.6,+17.3,+18.5,+23.4,+30.9,+28.3,+19.5,+19.7,+19.2,+19.5,+19.3,+19.2,+19.0
2024-05-16 03:42,4,+43.6,+17.3,+18.5,+23.3,+30.9,+28.2,+19.5,+19.7,+19.2,+19.6,+19.3,+19.1,+19.0
2024-05-16 04:42,4,+43.5,+17.3,+18.5,+23.4,+30.9,+28.3,+19.5,+19.7,+19.2,+19.6,+19.3,+19.2,+18.8
2024-05-16 05:42,4,+43.5,+17.3,+18.5,+23.3,+30.8,+28.2,+19.5,+19.6,+19.2,+19.6,+19.2,+19.2,+18.8
2024-05-16 06:42,4,+43.5,+17.3,+18.5,+23.4,+30.9,+28.2,+19.6,+19.7,+19.2,+19.5,+19.3,+19.2,+19.0
2024-05-16 07:42,4,+43.5,+17.2,+18.5,+23.3,+30.8,+28.2,+19.6,+19.7,+19.2,+19.6,+19.2,+19.2,+19.0
2024-05-16 08:42,4,+43.4,+17.2,+18.5,+23.3,+30.8,+28.2,+19.6,+19.7,+19.2,+19.5,+19.3,+19.2,+19.0
2024-05-16 09:42,4,+43.4,+17.2,+18.5,+23.3,+30.8,+28.2,+19.7,+19.7,+19.2,+19.6,+19.3,+19.2,+18.8
2024-05-16 10:42,4,+43.4,+17.2,+18.5,+23.3,+30.8,+28.2,+19.6,+19.7,+19.1,+19.6,+19.3,+19.2,+19.0
2024-05-16 11:42,4,+43.5,+17.2,+18.5,+23.2,+30.8,+28.1,+19.7,+19.7,+19.2,+19.5,+19.3,+19.2,+19.0
2024-05-16 12:42,4,+43.8,+17.2,+18.5,+23.3,+30.8,+28.2,+19.6,+19.7,+19.2,+19.6,+19.3,+19.2,+19.0
2024-05-16 13:42,4,+43.9,+17.2,+18.5,+23.2,+30.8,+28.1,+19.6,+19.7,+19.2,+19.5,+19.3,+19.2,+19.0
2024-05-16 14:42,4,+44.0,+17.2,+18.5,+23.2,+30.8,+28.1,+19.5,+19.7,+19.2,+19.6,+19.3,+19.2,+19.0
2024-05-16 15:42,4,+44.0,+17.2,+18.5,+23.2,+30.8,+28.1,+19.5,+19.7,+19.2,+19.5,+19.2,+19.2,+19.0
2024-05-16 16:42,4,+44.0,+17.2,+18.5,+23.2,+30.8,+28.1,+19.5,+19.7,+19.2,+19.5,+19.3,+19.2,+19.0
2024-05-16 17:42,4,+44.0,+17.2,+18.5,+23.2,+30.7,+28.0,+19.5,+19.6,+19.2,+19.6,+19.2,+19.2,+19.0
2024-05-16 18:42,4,+44.0,+17.2,+18.5,+23.3,+30.8,+28.1,+19.3,+19.6,+19.1,+19.6,+19.3,+19.2,+19.0
2024-05-16 19:42,4,+43.9,+17.2,+18.4,+23.2,+30.7,+28.0,+19.3,+19.6,+19.2,+19.5,+19.3,+19.2,+19.0
2024-05-16 20:42,4,+43.9,+17.2,+18.4,+23.2,+30.7,+28.0,+19.2,+19.6,+19.1,+19.6,+19.3,+19.2,+19.0
2024-05-16 21:42,4,+43.9,+17.2,+18.4,+23.3,+30.7,+28.0,+19.2,+19.6,+19.1,+19.5,+19.2,+19.2,+19.0
2024-05-16 22:42,4,+43.8,+17.2,+18.4,+23.3,+30.7,+28.0,+19.2,+19.6,+19.2,+19.6,+19.3,+19.2,+19.0
2024-05-16 23:42,4,+43.8,+17.2,+18.4,+23.1,+30.7,+28.0,+19.2,+19.5,+19.1,+19.5,+19.3,+19.2,+19.0
2024-05-17 00:42,4,+43.8,+17.2,+18.4,+23.3,+30.7,+28.0,+19.1,+19.5,+19.1,+19.5,+19.2,+19.2,+19.0
2024-05-17 01:42,4,+43.7,+17.2,+18.4,+23.3,+30.7,+28.0,+19.1,+19.5,+19.1,+19.6,+19.3,+19.2,+19.0
2024-05-17 02:42,4,+43.7,+17.2,+18.4,+23.3,+30.7,+27.9,+19.1,+19.5,+19.1,+19.6,+19.2,+19.2,+19.0
2024-05-17 03:42,4,+43.7,+17.2,+18.4,+23.1,+30.6,+27.9,+19.1,+19.5,+19.1,+19.5,+19.3,+19.2,+19.0
2024-05-17 04:42,4,+43.7,+17.2,+18.4,+23.3,+30.7,+27.9,+19.2,+19.5,+19.1,+19.5,+19.2,+19.2,+19.0
2024-05-17 05:42,4,+43.7,+17.2,+18.4,+23.1,+30.6,+27.9,+19.2,+19.3,+19.1,+19.5,+19.3,+19.2,+19.0
2024-05-17 06:42,4,+43.7,+17.1,+18.4,+23.1,+30.6,+27.9,+19.2,+19.5,+19.1,+19.5,+19.3,+19.2,+19.0
2024-05-17 07:42,4,+43.6,+17.1,+18.4,+23.1,+30.6,+27.8,+19.3,+19.5,+19.1,+19.5,+19.3,+19.2,+19.0
2024-05-17 08:42,4,+43.6,+17.1,+18.3,+23.2,+30.6,+27.8,+19.5,+19.5,+19.1,+19.5,+19.2,+19.2,+19.0
2024-05-17 09:42,4,+43.5,+17.1,+18.3,+23.1,+30.6,+27.8,+19.6,+19.6,+19.1,+19.5,+19.3,+19.2,+19.0
2024-05-17 10:42,4,+43.5,+17.1,+18.3,+23.1,+30.6,+27.8,+19.6,+19.5,+19.1,+19.5,+19.2,+19.3,+19.0
2024-05-17 11:42,4,+43.5,+17.1,+18.3,+23.2,+30.6,+27.8,+19.7,+19.6,+19.1,+19.5,+19.3,+19.2,+19.0
2024-05-17 12:42,4,+43.5,+17.1,+18.3,+23.1,+30.6,+27.8,+19.7,+19.7,+19.1,+19.5,+19.2,+19.2,+19.0
2024-05-17 13:42,4,+43.5,+17.1,+18.3,+23.1,+30.5,+27.8,+19.7,+19.7,+19.1,+19.5,+19.3,+19.2,+19.0
2024-05-17 14:42,4,+43.4,+17.1,+18.3,+23.1,+30.5,+27.7,+19.7,+19.7,+19.1,+19.5,+19.3,+19.2,+19.0
2024-05-17 15:42,4,+43.4,+17.1,+18.3,+23.1,+30.5,+27.7,+19.7,+19.7,+19.1,+19.5,+19.2,+19.2,+19.0
2024-05-17 16:42,4,+43.7,+17.1,+18.3,+23.1,+30.6,+27.7,+19.7,+19.7,+19.2,+19.5,+19.2,+19.2,+19.0
2024-05-17 17:42,4,+43.7,+17.1,+18.3,+23.1,+30.6,+27.7,+19.7,+19.7,+19.1,+19.5,+19.2,+19.2,+19.0
2024-05-17 18:42,4,+43.7,+17.1,+18.3,+23.2,+30.6,+27.8,+19.7,+19.7,+19.1,+19.5,+19.2,+19.2,+19.0
2024-05-17 19:42,4,+43.7,+17.1,+18.3,+23.1,+30.5,+27.7,+19.6,+19.7,+19.1,+19.5,+19.3,+19.2,+19.0
2024-05-17 20:42,4,+43.7,+17.1,+18.3,+23.1,+30.6,+27.7,+19.6,+19.7,+19.2,+19.5,+19.3,+19.2,+19.0
2024-05-17 21:42,4,+43.7,+17.1,+18.3,+23.1,+30.6,+27.7,+19.6,+19.7,+19.2,+19.5,+19.3,+19.2,+19.0
2024-05-17 22:42,4,+43.6,+17.1,+18.3,+23.2,+30.6,+27.7,+19.5,+19.7,+19.2,+19.5,+19.3,+19.1,+19.0
2024-05-17 23:42,4,+43.6,+17.1,+18.3,+23.0,+30.5,+27.7,+19.5,+19.7,+19.2,+19.5,+19.2,+19.2,+19.0
2024-05-18 00:42,4,+43.6,+17.1,+18.3,+23.1,+30.6,+27.7,+19.3,+19.7,+19.2,+19.5,+19.3,+19.2,+19.0
2024-05-18 01:42,4,+43.6,+17.1,+18.3,+23.0,+30.5,+27.7,+19.3,+19.6,+19.1,+19.5,+19.3,+19.1,+19.0
2024-05-18 02:42,4,+43.5,+17.1,+18.3,+23.0,+30.5,+27.7,+19.5,+19.7,+19.1,+19.5,+19.3,+19.2,+19.0
2024-05-18 03:42,4,+43.5,+17.1,+18.3,+23.0,+30.5,+27.7,+19.5,+19.6,+19.1,+19.5,+19.3,+19.1,+19.0
2024-05-18 04:42,4,+43.5,+17.1,+18.3,+23.1,+30.5,+27.7,+19.5,+19.6,+19.2,+19.5,+19.2,+19.2,+19.1
2024-05-18 05:42,4,+43.5,+17.1,+18.3,+23.0,+30.5,+27.6,+19.5,+19.6,+19.2,+19.5,+19.3,+19.2,+19.0
2024-05-18 06:42,4,+43.4,+17.0,+18.3,+23.0,+30.5,+27.6,+19.6,+19.6,+19.1,+19.5,+19.3,+19.2,+19.0
2024-05-18 07:42,4,+43.4,+17.0,+18.2,+23.1,+30.5,+27.7,+19.7,+19.7,+19.1,+19.5,+19.3,+19.2,+19.0
2024-05-18 08:42,4,+43.4,+17.0,+18.2,+23.0,+30.5,+27.6,+20.0,+19.7,+19.1,+19.5,+19.3,+19.2,+19.0
2024-05-18 09:42,4,+43.4,+17.0,+18.2,+23.1,+30.5,+27.6,+20.0,+19.7,+19.1,+19.5,+19.3,+19.2,+19.0
2024-05-18 10:42,4,+43.3,+17.0,+18.2,+23.1,+30.5,+27.6,+20.0,+19.8,+19.1,+19.5,+19.3,+19.2,+19.0
2024-05-18 11:42,4,+43.3,+17.0,+18.2,+23.0,+30.5,+27.6,+19.8,+19.8,+19.2,+19.5,+19.2,+19.2,+19.0
2024-05-18 12:42,4,+43.3,+17.0,+18.2,+23.1,+30.5,+27.6,+19.8,+19.8,+19.2,+19.6,+19.3,+19.2,+19.0
2024-05-18 13:42,4,+43.1,+17.0,+18.2,+23.0,+30.4,+27.5,+19.7,+19.8,+19.2,+19.5,+19.3,+19.2,+19.0
2024-05-18 14:42,4,+43.1,+17.0,+18.2,+23.1,+30.5,+27.6,+19.7,+19.8,+19.2,+19.5,+19.3,+19.2,+19.0
2024-05-18 15:42,4,+43.1,+17.0,+18.2,+23.1,+30.5,+27.6,+19.6,+19.7,+19.2,+19.5,+19.2,+19.2,+19.0
2024-05-18 16:42,4,+43.1,+17.0,+18.2,+23.1,+30.5,+27.5,+19.6,+19.8,+19.2,+19.5,+19.3,+19.2,+19.0
2024-05-18 17:42,4,+43.0,+17.0,+18.2,+23.0,+30.4,+27.5,+19.5,+19.7,+19.2,+19.5,+19.2,+19.2,+19.0
2024-05-18 18:42,4,+43.0,+17.0,+18.2,+23.1,+30.4,+27.5,+19.5,+19.7,+19.2,+19.5,+19.3,+19.2,+19.0
2024-05-18 19:42,4,+42.9,+17.0,+18.2,+23.1,+30.4,+27.5,+19.3,+19.7,+19.2,+19.5,+19.2,+19.2,+19.1
2024-05-18 20:42,4,+42.9,+17.0,+18.2,+22.9,+30.4,+27.5,+19.3,+19.7,+19.2,+19.5,+19.3,+19.2,+19.0
2024-05-18 21:42,4,+42.9,+17.0,+18.2,+22.9,+30.4,+27.5,+19.3,+19.6,+19.2,+19.6,+19.3,+19.2,+19.0
2024-05-18 22:42,4,+42.9,+17.0,+18.2,+22.9,+30.4,+27.5,+19.2,+19.6,+19.2,+19.5,+19.3,+19.2,+19.0
2024-05-18 23:42,4,+42.8,+17.0,+18.2,+22.9,+30.4,+27.5,+19.3,+19.6,+19.2,+19.6,+19.3,+19.2,+19.0
2024-05-19 00:42,4,+42.8,+17.0,+18.2,+23.0,+30.4,+27.5,+19.2,+19.6,+19.1,+19.5,+19.3,+19.2,+19.0
2024-05-19 01:42,4,+42.8,+17.0,+18.2,+23.0,+30.4,+27.5,+19.2,+19.6,+19.2,+19.5,+19.3,+19.2,+19.0
2024-05-19 02:42,4,+42.7,+17.0,+18.2,+22.9,+30.4,+27.4,+19.2,+19.6,+19.1,+19.6,+19.3,+19.2,+19.0
2024-05-19 03:42,4,+42.7,+16.9,+18.2,+22.9,+30.4,+27.4,+19.2,+19.6,+19.1,+19.6,+19.3,+19.2,+19.0
2024-05-19 04:42,4,+42.7,+16.9,+18.2,+23.0,+30.4,+27.5,+19.2,+19.5,+19.1,+19.5,+19.3,+19.2,+19.0
2024-05-19 05:42,4,+42.7,+16.9,+18.2,+23.0,+30.4,+27.5,+19.3,+19.6,+19.2,+19.5,+19.3,+19.2,+19.1
2024-05-19 06:42,4,+42.7,+16.9,+18.1,+23.0,+30.4,+27.5,+19.3,+19.5,+19.1,+19.5,+19.3,+19.2,+19.0
2024-05-19 07:42,4,+42.6,+16.9,+18.1,+22.9,+30.3,+27.4,+19.6,+19.6,+19.1,+19.5,+19.3,+19.2,+19.1
2024-05-19 08:42,4,+42.6,+16.9,+18.1,+23.0,+30.4,+27.4,+19.8,+19.6,+19.1,+19.5,+19.3,+19.2,+19.0
2024-05-19 09:42,4,+42.5,+16.8,+18.1,+23.0,+30.4,+27.4,+19.8,+19.7,+19.1,+19.5,+19.3,+19.2,+19.0
2024-05-19 10:42,4,+42.5,+16.8,+18.1,+23.0,+30.4,+27.4,+19.8,+19.7,+19.1,+19.5,+19.3,+19.2,+19.0
2024-05-19 11:42,4,+42.5,+16.8,+18.1,+23.0,+30.4,+27.4,+20.0,+19.7,+19.1,+19.5,+19.3,+19.2,+19.0
2024-05-19 12:42,4,+42.5,+16.8,+18.1,+22.9,+30.3,+27.4,+19.8,+19.8,+19.2,+19.5,+19.3,+19.2,+19.0
2024-05-19 13:42,4,+42.4,+16.8,+18.1,+23.0,+30.4,+27.4,+20.0,+19.8,+19.2,+19.5,+19.3,+19.2,+19.0
2024-05-19 14:42,4,+42.4,+16.8,+18.1,+23.0,+30.3,+27.4,+19.8,+19.8,+19.2,+19.5,+19.3,+19.2,+19.0
2024-05-19 15:42,4,+42.4,+16.8,+18.1,+22.9,+30.3,+27.3,+19.8,+19.8,+19.2,+19.5,+19.3,+19.2,+19.0
2024-05-19 16:42,4,+42.3,+16.8,+18.1,+22.9,+30.3,+27.3,+19.8,+19.8,+19.2,+19.6,+19.3,+19.2,+19.0
2024-05-19 17:42,4,+42.3,+16.8,+18.1,+23.0,+30.3,+27.4,+19.7,+19.8,+19.2,+19.5,+19.3,+19.2,+19.0
2024-05-19 18:42,4,+42.3,+16.8,+18.1,+23.0,+30.3,+27.4,+19.6,+19.8,+19.2,+19.5,+19.2,+19.2,+19.0
2024-05-19 19:42,4,+42.3,+16.8,+18.1,+22.9,+30.3,+27.4,+19.6,+19.8,+19.2,+19.5,+19.3,+19.2,+19.1
2024-05-19 20:42,4,+42.2,+16.8,+18.1,+23.0,+30.3,+27.4,+19.5,+19.7,+19.2,+19.6,+19.3,+19.2,+19.0
2024-05-19 21:42,4,+42.2,+16.8,+18.1,+22.8,+30.3,+27.3,+19.5,+19.7,+19.2,+19.5,+19.3,+19.2,+19.0
2024-05-19 22:42,4,+42.1,+16.8,+18.1,+22.8,+30.3,+27.3,+19.3,+19.7,+19.2,+19.6,+19.3,+19.2,+19.1
2024-05-19 23:42,4,+42.1,+16.8,+18.1,+22.9,+30.3,+27.3,+19.3,+19.7,+19.2,+19.6,+19.3,+19.2,+19.0
2024-05-20 00:42,4,+42.1,+16.8,+18.1,+22.9,+30.3,+27.3,+19.2,+19.6,+19.2,+19.6,+19.3,+19.2,+19.0
2024-05-20 01:42,4,+42.0,+16.8,+18.0,+22.8,+30.3,+27.3,+19.1,+19.5,+19.2,+19.5,+19.3,+19.2,+19.0
2024-05-20 02:42,4,+42.0,+16.8,+18.0,+22.8,+30.3,+27.3,+19.1,+19.5,+19.1,+19.6,+19.3,+19.2,+19.0
2024-05-20 03:42,4,+41.9,+16.8,+18.0,+22.8,+30.3,+27.3,+19.2,+19.5,+19.2,+19.6,+19.3,+19.2,+19.0
2024-05-20 04:42,4,+41.9,+16.8,+18.0,+22.8,+30.3,+27.3,+19.3,+19.5,+19.1,+19.5,+19.3,+19.2,+19.1
2024-05-20 05:42,4,+41.9,+16.7,+18.0,+22.9,+30.3,+27.3,+19.5,+19.5,+19.2,+19.6,+19.3,+19.2,+19.0
2024-05-20 06:42,4,+41.9,+16.7,+18.0,+22.9,+30.3,+27.3,+19.5,+19.6,+19.1,+19.5,+19.3,+19.2,+19.0
2024-05-20 07:42,4,+41.8,+16.7,+18.0,+22.9,+30.3,+27.2,+19.7,+19.6,+19.1,+19.5,+19.3,+19.2,+19.0
2024-05-20 08:42,4,+41.8,+16.7,+18.0,+22.8,+30.3,+27.2,+20.0,+19.6,+19.1,+19.6,+19.3,+19.2,+19.0
2024-05-20 09:42,4,+41.8,+16.7,+18.0,+22.9,+30.3,+27.2,+20.0,+19.7,+19.1,+19.5,+19.3,+19.2,+19.0
2024-05-20 10:42,4,+41.7,+16.7,+18.0,+22.8,+30.2,+27.2,+20.1,+19.7,+19.1,+19.6,+19.3,+19.2,+19.1
2024-05-20 11:42,4,+41.7,+16.7,+18.0,+22.8,+30.2,+27.2,+20.1,+19.8,+19.2,+19.5,+19.3,+19.2,+19.0
2024-05-20 12:42,4,+41.7,+16.7,+18.0,+22.9,+30.3,+27.2,+20.0,+19.8,+19.1,+19.6,+19.3,+19.2,+19.1
2024-05-20 13:42,4,+41.7,+16.7,+18.0,+22.9,+30.3,+27.2,+20.0,+19.8,+19.2,+19.5,+19.3,+19.2,+19.0
2024-05-20 14:42,4,+46.5,+17.1,+18.0,+22.8,+30.3,+27.3,+20.0,+20.0,+19.2,+19.6,+19.3,+19.2,+19.0
2024-05-20 15:42,4,+46.4,+17.9,+18.0,+22.9,+30.3,+27.3,+19.8,+19.8,+19.2,+19.6,+19.3,+19.2,+19.0
2024-05-20 16:42,4,+45.9,+17.9,+18.1,+22.8,+30.3,+27.2,+19.8,+20.0,+19.3,+19.6,+19.3,+19.2,+19.1
2024-05-20 17:42,4,+45.6,+17.9,+18.1,+22.7,+30.3,+27.2,+19.8,+19.8,+19.3,+19.6,+19.3,+19.2,+19.0
2024-05-20 18:42,4,+45.4,+17.9,+18.2,+22.9,+30.3,+27.3,+19.7,+19.8,+19.2,+19.5,+19.3,+19.2,+19.0
2024-05-20 19:42,4,+45.3,+17.8,+18.2,+22.8,+30.3,+27.2,+19.6,+19.8,+19.2,+19.5,+19.3,+19.2,+19.1
2024-05-20 20:42,4,+45.0,+17.8,+18.3,+22.9,+30.3,+27.2,+19.6,+19.8,+19.2,+19.5,+19.3,+19.2,+19.1
2024-05-20 21:42,4,+44.9,+17.7,+18.3,+22.9,+30.3,+27.2,+19.6,+19.8,+19.2,+19.5,+19.3,+19.2,+19.1
2024-05-20 22:42,4,+44.8,+17.7,+18.4,+22.9,+30.3,+27.2,+19.5,+19.8,+19.2,+19.6,+19.3,+19.2,+19.0
2024-05-20 23:42,4,+44.7,+17.7,+18.4,+22.9,+30.3,+27.2,+19.3,+19.7,+19.2,+19.5,+19.3,+19.2,+19.0
2024-05-21 00:42,4,+44.6,+17.6,+18.4,+22.9,+30.3,+27.2,+19.3,+19.7,+19.2,+19.6,+19.3,+19.2,+19.1
2024-05-21 01:42,4,+44.5,+17.6,+18.5,+22.9,+30.3,+27.2,+19.3,+19.7,+19.2,+19.6,+19.3,+19.2,+19.1
2024-05-21 02:42,4,+44.5,+17.6,+18.4,+23.0,+30.3,+27.2,+19.2,+19.6,+19.3,+19.6,+19.3,+19.2,+19.0
2024-05-21 03:42,4,+44.4,+17.5,+18.5,+23.0,+30.3,+27.2,+19.3,+19.6,+19.2,+19.5,+19.3,+19.2,+19.1
2024-05-21 04:42,4,+44.4,+17.5,+18.5,+22.9,+30.3,+27.2,+19.5,+19.6,+19.2,+19.6,+19.3,+19.2,+19.0
2024-05-21 05:42,4,+44.3,+17.5,+18.4,+23.0,+30.3,+27.2,+19.5,+19.6,+19.2,+19.6,+19.3,+19.2,+19.0
2024-05-21 06:42,4,+44.2,+17.5,+18.5,+22.9,+30.3,+27.2,+19.6,+19.6,+19.2,+19.6,+19.3,+19.2,+19.0
2024-05-21 07:42,4,+44.2,+17.4,+18.4,+23.0,+30.3,+27.2,+19.7,+19.6,+19.2,+19.6,+19.3,+19.2,+19.0
2024-05-21 08:42,4,+44.1,+17.4,+18.4,+22.9,+30.3,+27.1,+20.0,+19.7,+19.2,+19.6,+19.3,+19.2,+19.0
2024-05-21 09:42,4,+44.1,+17.4,+18.4,+23.1,+30.3,+27.2,+20.0,+19.8,+19.2,+19.6,+19.3,+19.2,+19.1
2024-05-21 10:42,4,+44.0,+17.4,+18.4,+23.1,+30.3,+27.2,+20.1,+19.8,+19.2,+19.6,+19.3,+19.2,+19.1
2024-05-21 11:42,4,+44.0,+17.4,+18.4,+22.9,+30.3,+27.1,+20.0,+19.8,+19.2,+19.6,+19.3,+19.2,+19.1
2024-05-21 12:42,4,+43.9,+17.3,+18.4,+23.1,+30.3,+27.2,+20.0,+20.0,+19.2,+19.6,+19.3,+19.2,+19.0
2024-05-21 13:42,4,+43.9,+17.3,+18.4,+23.0,+30.3,+27.1,+20.0,+19.8,+19.2,+19.6,+19.3,+19.2,+19.1
2024-05-21 14:42,4,+43.9,+17.3,+18.4,+23.1,+30.3,+27.1,+20.0,+19.8,+19.2,+19.6,+19.3,+19.2,+19.0
2024-05-21 15:42,4,+43.8,+17.3,+18.4,+23.1,+30.3,+27.1,+19.8,+20.0,+19.3,+19.6,+19.3,+19.2,+19.1
2024-05-21 16:42,4,+43.8,+17.3,+18.4,+23.1,+30.3,+27.1,+19.8,+20.0,+19.3,+19.6,+19.3,+19.2,+19.0
2024-05-21 17:42,4,+43.7,+17.3,+18.4,+23.1,+30.4,+27.1,+19.8,+20.0,+19.3,+19.6,+19.3,+19.2,+19.1
2024-05-21 18:42,4,+43.7,+17.3,+18.4,+23.1,+30.4,+27.1,+19.7,+20.0,+19.2,+19.6,+19.3,+19.2,+19.1
2024-05-21 19:42,4,+43.7,+17.3,+18.4,+23.1,+30.4,+27.1,+19.8,+19.8,+19.3,+19.6,+19.3,+19.2,+19.1
2024-05-21 20:42,4,+43.7,+17.3,+18.4,+23.1,+30.4,+27.1,+19.7,+19.8,+19.3,+19.6,+19.3,+19.3,+19.0
2024-05-21 21:42,4,+43.6,+17.3,+18.4,+23.1,+30.4,+27.1,+19.7,+19.8,+19.3,+19.6,+19.3,+19.2,+19.0
2024-05-21 22:42,4,+43.6,+17.3,+18.4,+23.1,+30.4,+27.1,+19.6,+19.8,+19.3,+19.6,+19.3,+19.2,+19.1
2024-05-21 23:42,4,+43.6,+17.2,+18.4,+23.0,+30.3,+27.1,+19.6,+19.8,+19.3,+19.6,+19.3,+19.3,+19.1
2024-05-22 00:42,4,+43.8,+17.2,+18.4,+23.1,+30.4,+27.1,+19.5,+19.7,+19.3,+19.6,+19.3,+19.3,+19.1
2024-05-22 01:42,4,+43.8,+17.2,+18.4,+23.1,+30.4,+27.1,+19.5,+19.8,+19.3,+19.6,+19.3,+19.2,+19.0
2024-05-22 02:42,4,+43.7,+17.2,+18.4,+23.0,+30.3,+27.1,+19.5,+19.7,+19.2,+19.6,+19.3,+19.3,+19.1
2024-05-22 03:42,4,+43.7,+17.2,+18.3,+23.0,+30.3,+27.1,+19.6,+19.7,+19.2,+19.6,+19.3,+19.2,+19.0
2024-05-22 04:42,4,+43.6,+17.2,+18.3,+23.1,+30.4,+27.2,+19.6,+19.7,+19.2,+19.6,+19.3,+19.3,+19.1
2024-05-22 05:42,4,+43.6,+17.2,+18.3,+23.0,+30.4,+27.1,+19.7,+19.7,+19.2,+19.6,+19.3,+19.2,+19.1
2024-05-22 06:42,4,+43.5,+17.1,+18.3,+23.1,+30.4,+27.1,+19.7,+19.7,+19.2,+19.6,+19.3,+19.3,+19.0
2024-05-22 07:42,4,+43.5,+17.1,+18.3,+23.1,+30.4,+27.2,+20.0,+19.7,+19.3,+19.6,+19.5,+19.2,+19.1
2024-05-22 08:42,4,+43.4,+17.1,+18.3,+23.1,+30.4,+27.1,+20.2,+19.8,+19.3,+19.6,+19.5,+19.3,+19.1
2024-05-22 09:42,4,+43.4,+17.1,+18.3,+23.1,+30.4,+27.1,+20.2,+20.0,+19.2,+19.6,+19.3,+19.3,+19.0
2024-05-22 10:42,4,+43.3,+17.1,+18.3,+23.1,+30.4,+27.1,+20.2,+20.0,+19.2,+19.6,+19.5,+19.3,+19.0
2024-05-22 11:42,4,+43.3,+17.1,+18.3,+22.9,+30.3,+27.1,+20.2,+20.0,+19.2,+19.6,+19.3,+19.3,+19.1
2024-05-22 12:42,4,+43.3,+17.1,+18.2,+23.1,+30.4,+27.1,+20.2,+20.1,+19.3,+19.6,+19.3,+19.3,+19.1
2024-05-22 13:42,4,+43.2,+17.1,+18.2,+22.9,+30.3,+27.1,+20.2,+20.1,+19.3,+19.6,+19.3,+19.2,+19.1
2024-05-22 14:42,4,+43.2,+17.1,+18.2,+23.1,+30.4,+27.2,+20.0,+20.1,+19.3,+19.6,+19.3,+19.2,+19.1
2024-05-22 15:42,4,+43.1,+17.1,+18.2,+23.1,+30.4,+27.2,+20.0,+20.1,+19.3,+19.6,+19.5,+19.2,+19.1
2024-05-22 16:42,4,+43.1,+17.1,+18.2,+23.1,+30.4,+27.1,+19.8,+20.1,+19.3,+19.6,+19.5,+19.2,+19.0
2024-05-22 17:42,4,+43.1,+17.1,+18.2,+23.0,+30.4,+27.2,+19.7,+20.0,+19.3,+19.6,+19.5,+19.3,+19.0
2024-05-22 18:42,4,+43.0,+17.1,+18.2,+22.9,+30.3,+27.1,+19.7,+20.0,+19.5,+19.6,+19.5,+19.3,+19.1
2024-05-22 19:42,4,+43.0,+17.0,+18.2,+23.0,+30.4,+27.2,+19.6,+20.0,+19.3,+19.7,+19.5,+19.3,+19.0
2024-05-22 20:42,4,+42.9,+17.0,+18.2,+22.9,+30.3,+27.1,+19.6,+19.8,+19.3,+19.6,+19.3,+19.3,+19.1
2024-05-22 21:42,4,+42.9,+17.0,+18.2,+23.0,+30.4,+27.2,+19.3,+19.8,+19.3,+19.7,+19.5,+19.3,+19.1
2024-05-22 22:42,4,+42.9,+17.0,+18.2,+22.9,+30.3,+27.1,+19.3,+19.8,+19.3,+19.7,+19.5,+19.3,+19.1
2024-05-22 23:42,4,+42.8,+17.0,+18.2,+22.9,+30.3,+27.1,+19.2,+19.7,+19.3,+19.6,+19.5,+19.3,+19.1
2024-05-23 00:42,4,+42.8,+17.0,+18.2,+22.9,+30.3,+27.1,+19.2,+19.7,+19.3,+19.6,+19.5,+19.3,+19.1
2024-05-23 01:42,4,+42.7,+17.0,+18.2,+23.0,+30.3,+27.2,+19.2,+19.6,+19.3,+19.7,+19.5,+19.3,+19.1
2024-05-23 02:42,4,+42.7,+17.0,+18.2,+23.0,+30.3,+27.2,+19.1,+19.6,+19.3,+19.7,+19.5,+19.3,+19.1
2024-05-23 03:42,4,+42.7,+17.0,+18.2,+23.0,+30.3,+27.1,+19.2,+19.6,+19.2,+19.6,+19.5,+19.3,+19.0
2024-05-23 04:42,4,+42.7,+17.0,+18.2,+23.0,+30.3,+27.1,+19.2,+19.6,+19.2,+19.6,+19.3,+19.2,+19.1
2024-05-23 05:42,4,+42.6,+17.0,+18.2,+22.9,+30.3,+27.1,+19.3,+19.6,+19.2,+19.7,+19.5,+19.2,+19.1
2024-05-23 06:42,4,+42.6,+16.9,+18.2,+23.0,+30.3,+27.2,+19.5,+19.6,+19.2,+19.7,+19.5,+19.3,+19.1
2024-05-23 07:42,4,+42.6,+16.9,+18.2,+23.0,+30.3,+27.1,+19.6,+19.6,+19.2,+19.6,+19.5,+19.3,+19.1
2024-05-23 08:42,4,+42.6,+16.9,+18.2,+22.9,+30.3,+27.1,+19.8,+19.7,+19.2,+19.6,+19.5,+19.3,+19.1
2024-05-23 09:42,4,+42.5,+16.9,+18.2,+22.9,+30.3,+27.1,+19.8,+19.7,+19.2,+19.6,+19.3,+19.3,+19.1
2024-05-23 10:42,4,+42.5,+16.9,+18.1,+22.9,+30.3,+27.1,+20.0,+19.7,+19.2,+19.6,+19.5,+19.2,+19.1
2024-05-23 11:42,4,+42.5,+16.9,+18.1,+22.9,+30.3,+27.1,+20.0,+19.8,+19.2,+19.6,+19.3,+19.3,+19.1
2024-05-23 12:42,4,+42.5,+16.9,+18.1,+22.9,+30.3,+27.1,+20.0,+19.8,+19.2,+19.6,+19.5,+19.3,+19.1
2024-05-23 13:42,4,+42.4,+16.9,+18.1,+23.0,+30.3,+27.1,+20.0,+19.8,+19.3,+19.6,+19.3,+19.3,+19.1
2024-05-23 14:42,4,+42.4,+16.9,+18.1,+23.0,+30.3,+27.1,+20.0,+20.0,+19.3,+19.6,+19.5,+19.3,+19.1
2024-05-23 15:42,4,+42.4,+16.9,+18.1,+23.0,+30.3,+27.1,+20.0,+20.0,+19.3,+19.6,+19.3,+19.3,+19.1
2024-05-23 16:42,4,+42.4,+16.9,+18.1,+23.0,+30.3,+27.1,+19.8,+20.0,+19.3,+19.6,+19.5,+19.3,+19.1
2024-05-23 17:42,4,+42.3,+16.9,+18.1,+22.9,+30.3,+27.1,+19.7,+19.8,+19.2,+19.6,+19.3,+19.3,+19.1
2024-05-23 18:42,4,+42.3,+16.9,+18.1,+23.0,+30.3,+27.1,+19.6,+19.8,+19.2,+19.6,+19.5,+19.3,+19.1
2024-05-23 19:42,4,+42.3,+16.9,+18.1,+22.8,+30.3,+27.1,+19.6,+19.8,+19.3,+19.6,+19.3,+19.3,+19.1
2024-05-23 20:42,4,+42.2,+16.9,+18.1,+23.0,+30.3,+27.1,+19.5,+19.8,+19.3,+19.6,+19.5,+19.3,+19.1
2024-05-23 21:42,4,+42.2,+16.8,+18.1,+22.8,+30.2,+27.1,+19.3,+19.7,+19.2,+19.6,+19.5,+19.3,+19.1
2024-05-23 22:42,4,+42.2,+16.8,+18.1,+22.9,+30.3,+27.1,+19.2,+19.7,+19.2,+19.7,+19.5,+19.3,+19.1
2024-05-23 23:42,4,+42.1,+16.8,+18.1,+22.9,+30.3,+27.1,+19.2,+19.6,+19.2,+19.6,+19.5,+19.3,+19.1
2024-05-24 00:42,4,+42.1,+16.8,+18.1,+22.8,+30.2,+27.1,+19.2,+19.6,+19.2,+19.6,+19.5,+19.3,+19.1
2024-05-24 01:42,4,+42.1,+16.8,+18.1,+22.9,+30.3,+27.1,+19.1,+19.6,+19.2,+19.6,+19.5,+19.2,+19.1
2024-05-24 02:42,4,+42.1,+16.8,+18.1,+22.8,+30.3,+27.1,+19.2,+19.6,+19.2,+19.6,+19.5,+19.3,+19.1
2024-05-24 03:42,4,+42.0,+16.8,+18.1,+22.8,+30.2,+27.1,+19.3,+19.6,+19.2,+19.6,+19.5,+19.2,+19.2
2024-05-24 04:42,4,+42.0,+16.8,+18.0,+22.8,+30.2,+27.1,+19.3,+19.5,+19.2,+19.6,+19.3,+19.3,+19.1
2024-05-24 05:42,4,+41.9,+16.8,+18.0,+22.8,+30.2,+27.0,+19.5,+19.6,+19.2,+19.6,+19.5,+19.3,+19.1
2024-05-24 06:42,4,+41.9,+16.8,+18.0,+22.8,+30.2,+27.0,+19.6,+19.6,+19.1,+19.6,+19.5,+19.3,+19.1
2024-05-24 07:42,4,+41.9,+16.8,+18.0,+22.9,+30.3,+27.1,+19.7,+19.6,+19.2,+19.6,+19.3,+19.3,+19.1
2024-05-24 08:42,4,+41.9,+16.7,+18.0,+22.8,+30.2,+27.0,+20.0,+19.7,+19.2,+19.6,+19.5,+19.3,+19.1
2024-05-24 09:42,4,+41.8,+16.7,+18.0,+22.9,+30.3,+27.1,+20.1,+19.7,+19.2,+19.5,+19.5,+19.3,+19.1
2024-05-24 10:42,4,+41.8,+16.7,+18.0,+22.8,+30.2,+27.0,+20.0,+19.8,+19.2,+19.6,+19.5,+19.3,+19.1
2024-05-24 11:42,4,+41.7,+16.7,+18.0,+22.8,+30.2,+27.0,+20.1,+19.8,+19.2,+19.6,+19.3,+19.3,+19.1
2024-05-24 12:42,4,+41.7,+16.7,+18.0,+22.8,+30.2,+27.0,+20.1,+20.0,+19.2,+19.6,+19.5,+19.3,+19.1
2024-05-24 13:42,4,+41.7,+16.7,+18.0,+22.9,+30.2,+27.0,+20.0,+20.0,+19.2,+19.6,+19.5,+19.3,+19.1
2024-05-24 14:42,4,+41.7,+16.7,+18.0,+22.8,+30.2,+27.0,+20.0,+20.0,+19.2,+19.6,+19.5,+19.3,+19.1
2024-05-24 15:42,4,+41.6,+16.7,+18.0,+22.8,+30.2,+27.0,+19.8,+20.0,+19.3,+19.6,+19.5,+19.3,+19.1
2024-05-24 16:42,4,+41.6,+16.7,+18.0,+22.8,+30.2,+27.0,+19.8,+20.0,+19.3,+19.6,+19.5,+19.3,+19.1
2024-05-24 17:42,4,+41.6,+16.7,+18.0,+22.9,+30.2,+27.0,+19.7,+19.8,+19.2,+19.6,+19.3,+19.3,+19.1
2024-05-24 18:42,4,+41.6,+16.7,+18.0,+22.9,+30.2,+27.0,+19.7,+19.8,+19.2,+19.6,+19.3,+19.3,+19.1
2024-05-24 19:42,4,+41.6,+16.7,+18.0,+22.9,+30.2,+27.0,+19.5,+19.8,+19.3,+19.6,+19.3,+19.3,+19.1
2024-05-24 20:42,4,+41.5,+16.7,+18.0,+22.8,+30.2,+27.0,+19.5,+19.7,+19.2,+19.6,+19.5,+19.3,+19.0
2024-05-24 21:42,4,+41.5,+16.7,+18.0,+22.9,+30.2,+27.0,+19.3,+19.7,+19.3,+19.6,+19.5,+19.2,+19.1
2024-05-24 22:42,4,+41.5,+16.7,+18.0,+22.8,+30.1,+27.0,+19.3,+19.7,+19.3,+19.6,+19.5,+19.3,+19.1
2024-05-24 23:42,4,+41.5,+16.7,+18.0,+22.9,+30.2,+27.0,+19.3,+19.7,+19.2,+19.6,+19.3,+19.3,+19.1
2024-05-25 00:42,4,+41.4,+16.7,+18.0,+22.8,+30.1,+27.0,+19.2,+19.7,+19.2,+19.6,+19.3,+19.3,+19.1
2024-05-25 01:42,4,+41.4,+16.7,+18.0,+22.7,+30.1,+27.0,+19.1,+19.6,+19.2,+19.6,+19.5,+19.3,+19.1
2024-05-25 02:42,4,+41.4,+16.7,+18.0,+22.7,+30.1,+27.0,+19.1,+19.6,+19.2,+19.6,+19.3,+19.3,+19.1
2024-05-25 03:42,4,+41.3,+16.7,+18.0,+22.9,+30.2,+27.0,+19.1,+19.5,+19.2,+19.6,+19.3,+19.3,+19.1
2024-05-25 04:42,4,+41.3,+16.7,+17.9,+22.7,+30.1,+27.0,+19.2,+19.5,+19.2,+19.6,+19.3,+19.2,+19.1
2024-05-25 05:42,4,+41.3,+16.6,+17.9,+22.9,+30.2,+27.0,+19.2,+19.5,+19.2,+19.6,+19.3,+19.3,+19.1
2024-05-25 06:42,4,+41.3,+16.7,+17.9,+22.9,+30.2,+27.0,+19.3,+19.5,+19.1,+19.6,+19.3,+19.2,+19.1
2024-05-25 07:42,4,+41.3,+16.6,+17.9,+22.8,+30.2,+27.0,+19.5,+19.5,+19.1,+19.6,+19.3,+19.3,+19.1
2024-05-25 08:42,4,+41.2,+16.6,+17.9,+22.9,+30.2,+27.0,+19.5,+19.6,+19.1,+19.6,+19.5,+19.3,+19.1
2024-05-25 09:42,4,+41.2,+16.6,+17.9,+22.7,+30.1,+27.0,+19.6,+19.6,+19.2,+19.6,+19.3,+19.3,+19.1
2024-05-25 10:42,4,+43.2,+16.7,+18.0,+22.8,+30.2,+27.0,+19.5,+19.6,+19.2,+19.6,+19.5,+19.3,+19.1
2024-05-25 11:42,4,+45.8,+16.8,+18.0,+22.9,+30.2,+27.0,+19.3,+19.6,+19.2,+19.6,+19.5,+19.3,+19.1
2024-05-25 12:42,4,+46.0,+17.0,+18.0,+22.7,+30.2,+27.0,+19.3,+19.6,+19.1,+19.6,+19.3,+19.3,+19.1
2024-05-25 13:42,4,+45.7,+17.2,+18.0,+22.7,+30.2,+27.0,+19.2,+19.6,+19.1,+19.6,+19.5,+19.3,+19.1
2024-05-25 14:42,4,+45.5,+17.2,+18.0,+22.8,+30.2,+27.0,+19.1,+19.5,+19.1,+19.6,+19.3,+19.3,+19.1
2024-05-25 15:42,4,+45.4,+17.2,+18.0,+22.7,+30.2,+27.0,+19.0,+19.5,+19.1,+19.6,+19.5,+19.3,+19.1
2024-05-25 16:42,4,+45.4,+17.2,+18.0,+22.7,+30.1,+27.0,+19.0,+19.5,+19.2,+19.6,+19.5,+19.3,+19.1
2024-05-25 17:42,4,+45.3,+17.2,+18.0,+22.8,+30.2,+27.0,+18.8,+19.3,+19.1,+19.6,+19.5,+19.2,+19.1
2024-05-25 18:42,4,+45.2,+17.2,+18.0,+22.7,+30.1,+27.0,+18.8,+19.3,+19.1,+19.6,+19.5,+19.3,+19.1
2024-05-25 19:42,4,+45.1,+17.3,+18.0,+22.8,+30.2,+27.0,+18.8,+19.3,+19.1,+19.6,+19.3,+19.3,+19.1
2024-05-25 20:42,4,+45.0,+17.3,+18.0,+22.7,+30.1,+27.0,+18.7,+19.3,+19.1,+19.6,+19.3,+19.2,+19.1
2024-05-25 21:42,4,+45.0,+17.3,+18.0,+22.7,+30.2,+27.0,+18.7,+19.2,+19.1,+19.6,+19.5,+19.3,+19.1
2024-05-25 22:42,4,+45.0,+17.3,+18.0,+22.7,+30.1,+27.0,+18.7,+19.2,+19.1,+19.5,+19.3,+19.3,+19.1
2024-05-25 23:42,4,+45.0,+17.3,+18.0,+22.7,+30.1,+27.0,+18.6,+19.2,+19.0,+19.5,+19.5,+19.3,+19.1
2024-05-26 00:42,4,+46.0,+17.3,+18.0,+22.7,+30.2,+27.0,+18.6,+19.2,+19.0,+19.5,+19.3,+19.3,+19.1
2024-05-26 01:42,4,+46.2,+17.6,+18.1,+22.7,+30.1,+27.0,+18.6,+19.1,+19.0,+19.6,+19.3,+19.3,+19.1
2024-05-26 02:42,4,+45.9,+17.9,+18.1,+22.7,+30.1,+27.0,+18.5,+19.1,+19.0,+19.5,+19.3,+19.3,+19.1
2024-05-26 03:42,4,+45.7,+18.0,+18.2,+22.8,+30.2,+27.0,+18.6,+19.1,+19.0,+19.5,+19.5,+19.2,+19.1
2024-05-26 04:42,4,+45.5,+17.9,+18.2,+22.8,+30.2,+27.0,+18.6,+19.1,+19.0,+19.5,+19.3,+19.3,+19.1
2024-05-26 05:42,4,+45.4,+17.9,+18.3,+22.8,+30.2,+27.0,+18.7,+19.1,+18.8,+19.5,+19.3,+19.2,+19.1
2024-05-26 06:42,4,+45.2,+17.8,+18.3,+22.7,+30.2,+27.0,+18.8,+19.0,+18.8,+19.5,+19.3,+19.3,+19.1
2024-05-26 07:42,4,+45.1,+17.8,+18.4,+22.8,+30.2,+27.0,+19.0,+19.1,+18.8,+19.3,+19.3,+19.2,+19.1
2024-05-26 08:42,4,+45.0,+17.7,+18.4,+22.9,+30.2,+27.0,+19.0,+19.1,+18.8,+19.3,+19.3,+19.2,+19.1
2024-05-26 09:42,4,+45.0,+17.7,+18.5,+22.9,+30.2,+27.0,+19.0,+19.1,+18.8,+19.5,+19.3,+19.2,+19.2
2024-05-26 10:42,4,+44.9,+17.6,+18.5,+22.8,+30.2,+26.9,+19.1,+19.2,+18.8,+19.5,+19.3,+19.3,+19.1
2024-05-26 11:42,4,+44.8,+17.6,+18.5,+22.9,+30.2,+27.0,+19.1,+19.2,+18.8,+19.5,+19.3,+19.3,+19.1
2024-05-26 12:42,4,+44.8,+17.6,+18.5,+22.9,+30.2,+27.0,+19.1,+19.2,+18.8,+19.5,+19.3,+19.2,+19.1
2024-05-26 13:42,4,+44.7,+17.6,+18.5,+22.9,+30.2,+26.9,+19.1,+19.2,+18.7,+19.3,+19.3,+19.2,+19.1
2024-05-26 14:42,4,+44.7,+17.5,+18.5,+22.8,+30.2,+26.9,+19.1,+19.2,+19.0,+19.3,+19.3,+19.2,+19.1
2024-05-26 15:42,4,+44.6,+17.5,+18.5,+23.0,+30.2,+26.9,+19.1,+19.3,+18.8,+19.5,+19.3,+19.3,+19.1
2024-05-26 16:42,4,+44.6,+17.5,+18.5,+23.0,+30.2,+26.9,+19.0,+19.3,+18.8,+19.3,+19.3,+19.2,+19.1
2024-05-26 17:42,4,+47.0,+18.1,+18.5,+23.0,+30.3,+27.0,+19.0,+19.3,+18.8,+19.3,+19.3,+19.2,+19.1
2024-05-26 18:42,4,+46.6,+19.3,+19.4,+23.0,+30.3,+26.9,+19.0,+19.2,+18.8,+19.3,+19.3,+19.2,+19.1
2024-05-26 19:42,4,+46.7,+19.2,+19.5,+23.9,+30.4,+27.0,+19.0,+19.2,+18.8,+19.3,+19.3,+19.2,+19.1
2024-05-26 20:42,4,+46.4,+18.8,+19.5,+24.6,+31.1,+27.0,+19.0,+19.2,+18.8,+19.3,+19.3,+19.2,+19.1
2024-05-26 21:42,4,+46.9,+19.1,+19.5,+24.5,+32.1,+27.0,+19.0,+19.2,+18.8,+19.3,+19.2,+19.2,+19.1
2024-05-26 22:42,4,+46.7,+19.2,+19.6,+24.8,+32.6,+27.3,+19.0,+19.2,+18.8,+19.3,+19.2,+19.2,+19.1
2024-05-26 23:42,4,+46.7,+19.0,+19.6,+24.9,+32.8,+28.4,+18.8,+19.2,+18.8,+19.3,+19.3,+19.2,+19.1
2024-05-27 00:42,4,+46.5,+18.8,+19.5,+24.7,+32.8,+29.9,+18.8,+19.1,+18.8,+19.3,+19.3,+19.2,+19.1
2024-05-27 01:42,4,+46.2,+18.5,+19.4,+24.7,+32.8,+30.5,+18.8,+19.2,+18.8,+19.3,+19.2,+19.2,+19.1
2024-05-27 02:42,4,+46.0,+18.3,+19.3,+24.6,+32.6,+30.5,+18.7,+19.1,+18.7,+19.3,+19.2,+19.2,+19.1
2024-05-27 03:42,4,+45.9,+18.2,+19.2,+24.4,+32.5,+30.5,+18.8,+19.1,+18.8,+19.3,+19.3,+19.2,+19.1
2024-05-27 04:42,4,+45.7,+18.1,+19.2,+24.4,+32.4,+30.4,+19.0,+19.1,+18.8,+19.3,+19.3,+19.2,+19.1
2024-05-27 05:42,4,+45.6,+18.0,+19.1,+24.2,+32.3,+30.3,+18.8,+19.1,+18.8,+19.3,+19.2,+19.2,+19.1
2024-05-27 06:42,4,+45.5,+17.9,+19.0,+24.1,+32.2,+30.2,+19.0,+19.1,+18.8,+19.3,+19.2,+19.2,+19.1
2024-05-27 07:42,4,+46.7,+17.9,+19.0,+24.1,+32.1,+30.2,+19.1,+19.2,+18.8,+19.3,+19.2,+19.2,+19.1
2024-05-27 08:42,4,+46.7,+18.7,+19.1,+24.2,+32.1,+30.1,+19.1,+19.2,+18.8,+19.3,+19.3,+19.2,+19.1
2024-05-27 09:42,4,+46.7,+18.7,+19.3,+24.3,+32.1,+30.0,+19.2,+19.2,+18.8,+19.3,+19.3,+19.2,+19.1
2024-05-27 10:42,4,+46.6,+18.8,+19.3,+24.3,+32.2,+30.0,+19.2,+19.3,+18.8,+19.3,+19.2,+19.2,+19.0
2024-05-27 11:42,4,+46.1,+18.5,+19.3,+24.4,+32.4,+30.1,+19.1,+19.2,+18.8,+19.3,+19.2,+19.2,+19.1
2024-05-27 12:42,4,+46.0,+18.3,+19.3,+24.5,+32.5,+30.3,+19.1,+19.2,+18.7,+19.3,+19.3,+19.2,+19.1
2024-05-27 13:42,4,+45.8,+18.1,+19.2,+24.4,+32.4,+30.3,+19.2,+19.3,+18.8,+19.3,+19.2,+19.2,+19.1
2024-05-27 14:42,4,+45.9,+18.1,+19.1,+24.2,+32.3,+30.3,+19.1,+19.3,+18.8,+19.3,+19.2,+19.2,+19.1
2024-05-27 15:42,4,+46.1,+18.0,+19.1,+24.2,+32.3,+30.2,+19.1,+19.3,+18.8,+19.3,+19.3,+19.2,+19.1
2024-05-27 16:42,4,+46.1,+18.0,+19.0,+24.1,+32.1,+30.2,+19.1,+19.2,+18.8,+19.2,+19.3,+19.2,+19.1
2024-05-27 17:42,4,+46.0,+18.0,+19.0,+24.0,+32.1,+30.1,+19.0,+19.3,+18.8,+19.3,+19.2,+19.2,+19.1
2024-05-27 18:42,4,+45.9,+18.0,+19.0,+24.0,+32.0,+30.0,+19.0,+19.2,+18.8,+19.3,+19.2,+19.2,+19.0
2024-05-27 19:42,4,+45.7,+18.0,+19.0,+23.9,+32.0,+30.0,+18.8,+19.2,+18.8,+19.3,+19.2,+19.2,+19.1
2024-05-27 20:42,4,+45.6,+17.9,+19.0,+24.0,+32.0,+29.9,+18.8,+19.2,+18.8,+19.3,+19.2,+19.2,+19.1
2024-05-27 21:42,4,+45.4,+17.9,+19.0,+24.0,+32.0,+29.8,+18.8,+19.2,+18.8,+19.3,+19.2,+19.2,+19.1
2024-05-27 22:42,4,+45.4,+17.8,+18.9,+23.9,+31.9,+29.8,+18.8,+19.2,+18.7,+19.3,+19.2,+19.2,+19.1
2024-05-27 23:42,4,+45.2,+17.8,+18.9,+24.0,+31.9,+29.7,+18.7,+19.2,+18.8,+19.3,+19.2,+19.2,+19.0
2024-05-28 00:42,4,+45.2,+17.8,+18.9,+24.0,+31.9,+29.7,+18.7,+19.1,+18.8,+19.3,+19.2,+19.2,+19.1
2024-05-28 01:42,4,+45.1,+17.7,+18.9,+23.9,+31.8,+29.6,+18.7,+19.1,+18.8,+19.3,+19.2,+19.2,+19.1
2024-05-28 02:42,4,+45.0,+17.6,+18.8,+23.9,+31.8,+29.6,+18.7,+19.1,+18.8,+19.3,+19.2,+19.1,+19.1
2024-05-28 03:42,4,+45.0,+17.6,+18.8,+23.9,+31.8,+29.5,+18.8,+19.1,+18.8,+19.3,+19.2,+19.2,+19.0
2024-05-28 04:42,4,+44.9,+17.6,+18.8,+23.7,+31.7,+29.5,+18.8,+19.1,+18.7,+19.3,+19.2,+19.2,+19.0
2024-05-28 05:42,4,+44.9,+17.6,+18.8,+23.7,+31.7,+29.5,+18.8,+19.1,+18.8,+19.3,+19.2,+19.2,+19.0
2024-05-28 06:42,4,+44.8,+17.5,+18.8,+23.7,+31.7,+29.4,+19.0,+19.2,+18.8,+19.3,+19.2,+19.2,+19.0
2024-05-28 07:42,4,+44.8,+17.5,+18.7,+23.7,+31.6,+29.3,+19.1,+19.2,+18.8,+19.3,+19.2,+19.1,+19.1
2024-05-28 08:42,4,+44.7,+17.5,+18.7,+23.7,+31.6,+29.3,+19.1,+19.2,+18.8,+19.2,+19.2,+19.2,+19.1
2024-05-28 09:42,4,+44.7,+17.5,+18.7,+23.8,+31.6,+29.3,+19.1,+19.2,+18.8,+19.2,+19.2,+19.2,+19.1
2024-05-28 10:42,4,+44.7,+17.5,+18.7,+23.7,+31.6,+29.2,+19.2,+19.2,+18.8,+19.2,+19.2,+19.2,+19.1
2024-05-28 11:42,4,+44.6,+17.5,+18.7,+23.6,+31.5,+29.2,+19.2,+19.3,+18.8,+19.3,+19.2,+19.2,+19.0
2024-05-28 12:42,4,+44.6,+17.4,+18.7,+23.6,+31.5,+29.1,+19.1,+19.3,+18.8,+19.3,+19.2,+19.1,+19.0
2024-05-28 13:42,4,+44.6,+17.4,+18.7,+23.6,+31.5,+29.1,+19.1,+19.3,+18.8,+19.2,+19.2,+19.2,+19.0
2024-05-28 14:42,4,+44.5,+17.4,+18.7,+23.6,+31.4,+29.1,+19.1,+19.3,+18.8,+19.3,+19.2,+19.2,+19.1
2024-05-28 15:42,4,+44.5,+17.4,+18.7,+23.6,+31.4,+29.0,+19.1,+19.3,+18.8,+19.3,+19.2,+19.1,+19.0
2024-05-28 16:42,4,+44.5,+17.4,+18.6,+23.7,+31.5,+29.0,+19.1,+19.2,+18.8,+19.2,+19.2,+19.1,+19.0
2024-05-28 17:42,4,+44.5,+17.4,+18.6,+23.6,+31.4,+29.0,+19.0,+19.2,+18.8,+19.3,+19.2,+19.1,+19.0
2024-05-28 18:42,4,+44.5,+17.4,+18.6,+23.5,+31.4,+29.0,+19.0,+19.2,+18.8,+19.2,+19.2,+19.2,+19.0
2024-05-28 19:42,4,+44.5,+17.4,+18.6,+23.5,+31.4,+28.9,+19.0,+19.2,+18.8,+19.2,+19.2,+19.2,+19.1
2024-05-28 20:42,4,+44.5,+17.4,+18.6,+23.5,+31.4,+28.9,+19.0,+19.2,+18.8,+19.2,+19.2,+19.2,+19.0
2024-05-28 21:42,4,+44.5,+17.3,+18.6,+23.6,+31.4,+28.9,+18.8,+19.2,+18.8,+19.3,+19.2,+19.1,+19.0
2024-05-28 22:42,4,+44.6,+17.3,+18.6,+23.6,+31.4,+28.9,+19.0,+19.2,+18.8,+19.2,+19.2,+19.1,+19.1
2024-05-28 23:42,4,+44.6,+17.3,+18.6,+23.5,+31.3,+28.8,+19.0,+19.2,+18.8,+19.3,+19.2,+19.1,+19.1
2024-05-29 00:42,4,+44.6,+17.3,+18.6,+23.6,+31.4,+28.8,+19.0,+19.2,+18.8,+19.2,+19.2,+19.2,+19.1
2024-05-29 01:42,4,+44.7,+17.3,+18.6,+23.5,+31.3,+28.8,+19.0,+19.2,+18.8,+19.3,+19.2,+19.2,+19.1
2024-05-29 02:42,4,+45.1,+17.3,+18.6,+23.5,+31.4,+28.8,+19.0,+19.2,+18.8,+19.3,+19.2,+19.2,+19.0
2024-05-29 03:42,4,+45.3,+17.3,+18.6,+23.4,+31.3,+28.7,+19.0,+19.2,+18.8,+19.3,+19.2,+19.1,+19.0
2024-05-29 04:42,4,+45.3,+17.3,+18.6,+23.5,+31.4,+28.7,+19.1,+19.2,+18.8,+19.3,+19.2,+19.1,+19.0
2024-05-29 05:42,4,+45.3,+17.3,+18.5,+23.5,+31.4,+28.7,+19.2,+19.2,+18.8,+19.2,+19.2,+19.1,+19.0
2024-05-29 06:42,4,+45.2,+17.3,+18.5,+23.5,+31.3,+28.7,+19.2,+19.3,+18.8,+19.3,+19.2,+19.1,+19.1
2024-05-29 07:42,4,+45.3,+17.3,+18.5,+23.5,+31.3,+28.7,+19.5,+19.2,+18.8,+19.2,+19.2,+19.2,+19.0
2024-05-29 08:42,4,+45.2,+17.3,+18.5,+23.5,+31.3,+28.7,+19.5,+19.3,+18.8,+19.2,+19.2,+19.1,+19.0
2024-05-29 09:42,4,+45.2,+17.3,+18.5,+23.5,+31.3,+28.7,+19.6,+19.3,+18.8,+19.2,+19.2,+19.1,+19.0
2024-05-29 10:42,4,+45.3,+17.3,+18.5,+23.4,+31.2,+28.6,+19.6,+19.5,+18.8,+19.2,+19.2,+19.1,+19.0
2024-05-29 11:42,4,+45.2,+17.3,+18.5,+23.5,+31.3,+28.6,+19.6,+19.5,+18.8,+19.3,+19.1,+19.1,+19.0
2024-05-29 12:42,4,+45.2,+17.3,+18.5,+23.3,+31.2,+28.5,+19.6,+19.5,+18.8,+19.2,+19.2,+19.1,+19.1
2024-05-29 13:42,4,+45.2,+17.3,+18.5,+23.3,+31.2,+28.5,+19.6,+19.6,+19.0,+19.3,+19.1,+19.1,+19.0
2024-05-29 14:42,4,+45.6,+17.4,+18.5,+23.3,+31.2,+28.5,+19.6,+19.6,+19.0,+19.3,+19.2,+19.1,+19.0
2024-05-29 15:42,4,+45.8,+17.4,+18.5,+23.3,+31.2,+28.5,+19.5,+19.6,+19.0,+19.3,+19.2,+19.1,+19.0
2024-05-29 16:42,4,+46.0,+17.4,+18.5,+23.3,+31.2,+28.5,+19.5,+19.6,+19.0,+19.3,+19.2,+19.1,+19.0
2024-05-29 17:42,4,+46.2,+17.5,+18.5,+23.4,+31.2,+28.5,+19.5,+19.6,+19.0,+19.2,+19.2,+19.1,+19.0
2024-05-29 18:42,4,+46.2,+17.5,+18.5,+23.4,+31.2,+28.5,+19.5,+19.6,+19.0,+19.3,+19.2,+19.2,+19.0
2024-05-29 19:42,4,+46.2,+17.6,+18.5,+23.4,+31.2,+28.5,+19.5,+19.6,+19.0,+19.3,+19.2,+19.1,+19.0
2024-05-29 20:42,4,+46.1,+17.7,+18.5,+23.3,+31.2,+28.5,+19.3,+19.6,+19.0,+19.3,+19.2,+19.1,+19.0
2024-05-29 21:42,4,+46.0,+17.7,+18.5,+23.3,+31.2,+28.4,+19.3,+19.6,+19.0,+19.3,+19.2,+19.1,+19.0
2024-05-29 22:42,4,+45.9,+17.8,+18.6,+23.4,+31.2,+28.4,+19.3,+19.5,+19.0,+19.3,+19.2,+19.1,+19.0
2024-05-29 23:42,4,+45.8,+17.8,+18.6,+23.3,+31.2,+28.4,+19.2,+19.5,+19.1,+19.3,+19.2,+19.1,+19.1
2024-05-30 00:42,4,+45.8,+17.8,+18.6,+23.3,+31.2,+28.4,+19.1,+19.5,+19.0,+19.3,+19.2,+19.2,+19.0
2024-05-30 01:42,4,+45.7,+17.7,+18.6,+23.3,+31.2,+28.4,+19.1,+19.5,+19.0,+19.3,+19.2,+19.2,+19.0
2024-05-30 02:42,4,+45.6,+17.7,+18.6,+23.3,+31.2,+28.3,+19.3,+19.3,+19.0,+19.3,+19.2,+19.1,+19.0
2024-05-30 03:42,4,+45.6,+17.7,+18.6,+23.3,+31.2,+28.3,+19.5,+19.5,+19.0,+19.3,+19.2,+19.2,+19.0
2024-05-30 04:42,4,+45.5,+17.6,+18.6,+23.3,+31.2,+28.3,+19.6,+19.5,+19.0,+19.3,+19.2,+19.1,+19.0
2024-05-30 05:42,4,+45.4,+17.6,+18.6,+23.3,+31.2,+28.3,+19.7,+19.5,+19.0,+19.3,+19.2,+19.1,+19.0
2024-05-30 06:42,4,+45.4,+17.6,+18.6,+23.3,+31.2,+28.3,+19.8,+19.6,+19.0,+19.3,+19.2,+19.2,+19.0
2024-05-30 07:42,4,+45.4,+17.6,+18.6,+23.4,+31.2,+28.3,+20.0,+19.6,+19.0,+19.3,+19.2,+19.1,+19.0
2024-05-30 08:42,4,+45.3,+17.6,+18.6,+23.4,+31.2,+28.3,+20.0,+19.7,+19.0,+19.3,+19.2,+19.1,+19.0
2024-05-30 09:42,4,+45.2,+17.6,+18.6,+23.3,+31.2,+28.3,+20.0,+19.7,+19.0,+19.3,+19.2,+19.1,+19.0
2024-05-30 10:42,4,+45.2,+17.5,+18.6,+23.4,+31.2,+28.3,+20.1,+19.7,+19.1,+19.3,+19.2,+19.1,+19.1
2024-05-30 11:42,4,+45.1,+17.5,+18.6,+23.3,+31.2,+28.2,+20.1,+19.8,+19.1,+19.3,+19.2,+19.2,+19.0
2024-05-30 12:42,4,+45.1,+17.5,+18.6,+23.5,+31.2,+28.3,+20.1,+19.8,+19.1,+19.5,+19.2,+19.2,+19.0
2024-05-30 13:42,4,+45.1,+17.5,+18.6,+23.5,+31.2,+28.2,+20.0,+19.8,+19.1,+19.3,+19.2,+19.2,+19.0
2024-05-30 14:42,4,+45.0,+17.5,+18.6,+23.4,+31.2,+28.2,+20.0,+20.0,+19.1,+19.3,+19.2,+19.2,+19.0
2024-05-30 15:42,4,+45.0,+17.5,+18.6,+23.5,+31.2,+28.2,+19.8,+19.8,+19.2,+19.3,+19.2,+19.1,+19.1
2024-05-30 16:42,4,+45.0,+17.5,+18.6,+23.4,+31.2,+28.2,+19.8,+20.0,+19.2,+19.5,+19.2,+19.1,+19.0
2024-05-30 17:42,4,+44.9,+17.5,+18.6,+23.3,+31.2,+28.2,+19.8,+19.8,+19.1,+19.5,+19.2,+19.1,+19.0
2024-05-30 18:42,4,+44.9,+17.5,+18.6,+23.4,+31.2,+28.2,+19.8,+19.8,+19.2,+19.5,+19.2,+19.2,+19.0
2024-05-30 19:42,4,+44.8,+17.5,+18.6,+23.3,+31.2,+28.2,+19.8,+19.8,+19.2,+19.5,+19.3,+19.2,+19.0
2024-05-30 20:42,4,+44.8,+17.5,+18.6,+23.3,+31.2,+28.2,+19.8,+19.8,+19.2,+19.5,+19.2,+19.2,+19.0
2024-05-30 21:42,4,+44.8,+17.5,+18.6,+23.4,+31.2,+28.2,+19.7,+19.8,+19.2,+19.5,+19.2,+19.2,+19.0
2024-05-30 22:42,4,+44.9,+17.5,+18.6,+23.3,+31.2,+28.2,+19.7,+19.8,+19.2,+19.5,+19.2,+19.2,+19.1
2024-05-30 23:42,4,+45.4,+17.5,+18.6,+23.4,+31.2,+28.2,+19.7,+19.8,+19.2,+19.5,+19.3,+19.2,+19.0
2024-05-31 00:42,4,+45.7,+17.5,+18.6,+23.3,+31.2,+28.2,+19.7,+19.8,+19.2,+19.5,+19.2,+19.2,+19.0
2024-05-31 01:42,4,+45.9,+17.5,+18.6,+23.4,+31.2,+28.2,+19.7,+19.8,+19.2,+19.5,+19.3,+19.2,+19.0
2024-05-31 02:42,4,+46.2,+17.5,+18.6,+23.3,+31.2,+28.2,+19.7,+19.8,+19.2,+19.6,+19.2,+19.1,+19.1
2024-05-31 03:42,4,+46.4,+17.6,+18.6,+23.4,+31.2,+28.2,+19.7,+19.8,+19.2,+19.5,+19.3,+19.2,+19.0
2024-05-31 04:42,4,+46.3,+17.8,+18.6,+23.4,+31.3,+28.2,+19.7,+19.8,+19.2,+19.5,+19.2,+19.2,+19.0
2024-05-31 05:42,4,+46.2,+17.9,+18.6,+23.3,+31.2,+28.2,+19.7,+19.8,+19.2,+19.5,+19.3,+19.2,+19.0
2024-05-31 06:42,4,+46.1,+17.9,+18.7,+23.3,+31.2,+28.2,+19.8,+19.8,+19.2,+19.5,+19.2,+19.2,+19.1
2024-05-31 07:42,4,+46.0,+17.9,+18.7,+23.3,+31.2,+28.2,+20.0,+19.8,+19.2,+19.5,+19.3,+19.2,+19.0
2024-05-31 08:42,4,+45.9,+17.9,+18.7,+23.5,+31.3,+28.2,+20.1,+19.8,+19.2,+19.6,+19.3,+19.2,+19.0
2024-05-31 09:42,4,+45.9,+17.9,+18.7,+23.5,+31.3,+28.2,+20.1,+20.0,+19.2,+19.6,+19.3,+19.2,+19.1
2024-05-31 10:42,4,+45.8,+17.9,+18.8,+23.4,+31.3,+28.2,+20.1,+20.0,+19.3,+19.5,+19.3,+19.2,+19.1
2024-05-31 11:42,4,+45.8,+17.8,+18.8,+23.4,+31.3,+28.2,+20.1,+20.0,+19.3,+19.5,+19.3,+19.2,+19.0
2024-05-31 12:42,4,+45.7,+17.8,+18.8,+23.5,+31.3,+28.2,+20.1,+20.0,+19.3,+19.6,+19.3,+19.2,+19.0
2024-05-31 13:42,4,+45.6,+17.8,+18.8,+23.4,+31.3,+28.2,+20.1,+20.0,+19.3,+19.6,+19.5,+19.2,+19.0
2024-05-31 14:42,4,+45.6,+17.8,+18.8,+23.4,+31.3,+28.2,+20.1,+20.1,+19.3,+19.6,+19.3,+19.2,+19.0
2024-05-31 15:42,4,+45.6,+17.8,+18.8,+23.5,+31.4,+28.2,+20.0,+20.1,+19.3,+19.6,+19.3,+19.2,+19.1
2024-05-31 16:42,4,+45.5,+17.8,+18.8,+23.5,+31.4,+28.2,+20.0,+20.1,+19.3,+19.6,+19.3,+19.2,+19.1
2024-05-31 17:42,4,+45.4,+17.7,+18.8,+23.4,+31.3,+28.2,+19.8,+20.0,+19.3,+19.6,+19.3,+19.2,+19.0
2024-05-31 18:42,4,+45.4,+17.7,+18.7,+23.4,+31.3,+28.2,+19.8,+20.0,+19.3,+19.6,+19.3,+19.3,+19.1
2024-05-31 19:42,4,+45.4,+17.7,+18.7,+23.5,+31.4,+28.2,+19.7,+20.0,+19.3,+19.6,+19.3,+19.2,+19.1
2024-05-31 20:42,4,+45.3,+17.6,+18.7,+23.4,+31.3,+28.2,+19.6,+20.0,+19.3,+19.6,+19.3,+19.2,+19.1
2024-05-31 21:42,4,+45.2,+17.6,+18.7,+23.5,+31.4,+28.2,+19.6,+20.0,+19.3,+19.6,+19.3,+19.2,+19.0
2024-05-31 22:42,4,+45.2,+17.6,+18.7,+23.5,+31.4,+28.2,+19.6,+19.8,+19.3,+19.6,+19.3,+19.3,+19.0
2024-05-31 23:42,4,+45.1,+17.6,+18.7,+23.4,+31.4,+28.2,+19.6,+19.8,+19.3,+19.6,+19.3,+19.3,+19.1
2024-06-01 00:42,4,+45.1,+17.6,+18.7,+23.4,+31.4,+28.2,+19.5,+19.8,+19.3,+19.6,+19.3,+19.2,+19.1
2024-06-01 01:42,4,+45.1,+17.6,+18.7,+23.5,+31.4,+28.3,+19.5,+19.7,+19.3,+19.6,+19.3,+19.3,+19.1
2024-06-01 02:42,4,+45.0,+17.5,+18.7,+23.4,+31.3,+28.2,+19.6,+19.7,+19.3,+19.6,+19.5,+19.3,+19.1
2024-06-01 03:42,4,+45.0,+17.5,+18.7,+23.4,+31.3,+28.2,+19.7,+19.7,+19.2,+19.6,+19.3,+19.2,+19.0
2024-06-01 04:42,4,+45.0,+17.5,+18.7,+23.5,+31.4,+28.3,+19.8,+19.7,+19.3,+19.6,+19.3,+19.2,+19.1
2024-06-01 05:42,4,+45.0,+17.5,+18.6,+23.5,+31.4,+28.3,+20.0,+19.8,+19.3,+19.6,+19.5,+19.2,+19.1
2024-06-01 06:42,4,+44.9,+17.5,+18.6,+23.4,+31.3,+28.2,+20.1,+19.8,+19.2,+19.6,+19.3,+19.3,+19.1
2024-06-01 07:42,4,+44.9,+17.5,+18.6,+23.4,+31.3,+28.2,+20.1,+20.0,+19.3,+19.6,+19.3,+19.2,+19.0
2024-06-01 08:42,4,+44.9,+17.5,+18.6,+23.4,+31.3,+28.2,+20.3,+20.0,+19.3,+19.6,+19.5,+19.3,+19.1
2024-06-01 09:42,4,+44.8,+17.5,+18.6,+23.5,+31.4,+28.3,+20.3,+20.1,+19.3,+19.6,+19.3,+19.2,+19.1
2024-06-01 10:42,4,+44.8,+17.5,+18.6,+23.5,+31.4,+28.2,+20.5,+20.1,+19.3,+19.6,+19.3,+19.3,+19.0
2024-06-01 11:42,4,+46.7,+17.5,+18.6,+23.5,+31.4,+28.3,+20.3,+20.2,+19.3,+19.6,+19.5,+19.3,+19.1
2024-06-01 12:42,4,+47.1,+17.7,+18.6,+23.5,+31.4,+28.3,+20.2,+20.2,+19.3,+19.6,+19.3,+19.3,+19.1
2024-06-01 13:42,4,+47.1,+18.4,+18.7,+23.3,+31.3,+28.3,+20.1,+20.2,+19.5,+19.6,+19.5,+19.3,+19.1
2024-06-01 14:42,4,+47.0,+18.7,+18.9,+23.5,+31.4,+28.3,+20.0,+20.2,+19.5,+19.7,+19.5,+19.3,+19.1
2024-06-01 15:42,4,+46.7,+18.7,+19.1,+23.4,+31.4,+28.3,+19.8,+20.1,+19.5,+19.7,+19.5,+19.3,+19.1
2024-06-01 16:42,4,+46.7,+18.5,+19.2,+23.7,+31.4,+28.3,+19.7,+20.1,+19.5,+19.7,+19.5,+19.3,+19.1
2024-06-01 17:42,4,+46.5,+18.4,+19.2,+23.9,+31.5,+28.3,+19.6,+20.0,+19.5,+19.7,+19.5,+19.3,+19.1
2024-06-01 18:42,4,+46.3,+18.3,+19.2,+24.1,+31.8,+28.3,+19.6,+20.0,+19.5,+19.7,+19.5,+19.3,+19.1
2024-06-01 19:42,4,+46.2,+18.2,+19.2,+24.2,+32.0,+28.4,+19.6,+19.8,+19.5,+19.7,+19.5,+19.3,+19.1
2024-06-01 20:42,4,+46.1,+18.2,+19.2,+24.2,+32.1,+28.5,+19.5,+19.8,+19.5,+19.7,+19.5,+19.3,+19.1
2024-06-01 21:42,4,+46.0,+18.1,+19.1,+24.2,+32.2,+28.6,+19.3,+19.8,+19.3,+19.7,+19.5,+19.3,+19.1
2024-06-01 22:42,4,+45.9,+18.1,+19.1,+24.2,+32.2,+28.8,+19.3,+19.7,+19.3,+19.7,+19.5,+19.3,+19.1
2024-06-01 23:42,4,+45.8,+18.0,+19.1,+24.0,+32.2,+29.0,+19.2,+19.7,+19.3,+19.7,+19.5,+19.3,+19.1
2024-06-02 00:42,4,+45.7,+17.9,+19.0,+24.1,+32.2,+29.1,+19.2,+19.7,+19.3,+19.7,+19.5,+19.3,+19.1
2024-06-02 01:42,4,+45.6,+17.9,+19.0,+23.9,+32.1,+29.2,+19.1,+19.7,+19.3,+19.7,+19.5,+19.3,+19.1
2024-06-02 02:42,4,+45.6,+17.9,+19.0,+23.9,+32.1,+29.3,+19.2,+19.6,+19.3,+19.7,+19.5,+19.3,+19.1
2024-06-02 03:42,4,+45.5,+17.8,+19.0,+24.0,+32.1,+29.3,+19.2,+19.6,+19.3,+19.7,+19.5,+19.3,+19.2
2024-06-02 04:42,4,+45.4,+17.8,+18.9,+24.0,+32.1,+29.4,+19.3,+19.6,+19.3,+19.7,+19.5,+19.3,+19.1
2024-06-02 05:42,4,+45.4,+17.7,+18.9,+23.9,+32.1,+29.4,+19.5,+19.6,+19.2,+19.7,+19.5,+19.3,+19.1
2024-06-02 06:42,4,+45.3,+17.7,+18.9,+23.8,+32.0,+29.4,+19.6,+19.6,+19.3,+19.7,+19.5,+19.3,+19.1
2024-06-02 07:42,4,+45.2,+17.7,+18.9,+23.9,+32.0,+29.4,+19.7,+19.7,+19.2,+19.7,+19.5,+19.3,+19.1
2024-06-02 08:42,4,+46.6,+17.7,+18.9,+23.8,+32.0,+29.4,+19.7,+19.7,+19.2,+19.6,+19.5,+19.3,+19.2
2024-06-02 09:42,4,+47.2,+18.9,+19.0,+23.7,+32.0,+29.4,+19.7,+19.7,+19.2,+19.7,+19.5,+19.3,+19.2
2024-06-02 10:42,4,+46.8,+18.9,+19.3,+23.9,+32.0,+29.3,+19.7,+19.7,+19.2,+19.6,+19.5,+19.3,+19.1
2024-06-02 11:42,4,+46.6,+18.6,+19.3,+24.2,+32.2,+29.3,+19.6,+19.7,+19.2,+19.7,+19.5,+19.3,+19.2
2024-06-02 12:42,4,+47.0,+18.4,+19.3,+24.4,+32.5,+29.4,+19.6,+19.8,+19.2,+19.7,+19.5,+19.3,+19.2
2024-06-02 13:42,4,+46.9,+18.6,+19.3,+24.2,+32.5,+29.6,+19.6,+19.7,+19.3,+19.7,+19.5,+19.3,+19.2
2024-06-02 14:42,4,+46.7,+18.5,+19.3,+24.3,+32.6,+29.7,+19.5,+19.7,+19.3,+19.7,+19.5,+19.3,+19.2
2024-06-02 15:42,4,+46.5,+18.4,+19.3,+24.3,+32.6,+29.9,+19.5,+19.7,+19.2,+19.7,+19.6,+19.5,+19.1
2024-06-02 16:42,4,+46.3,+18.3,+19.3,+24.4,+32.6,+30.0,+19.3,+19.7,+19.2,+19.6,+19.5,+19.3,+19.2
2024-06-02 17:42,4,+46.2,+18.2,+19.2,+24.3,+32.6,+30.1,+19.3,+19.7,+19.2,+19.7,+19.5,+19.3,+19.1
2024-06-02 18:42,4,+46.1,+18.1,+19.2,+24.3,+32.6,+30.1,+19.3,+19.6,+19.2,+19.7,+19.5,+19.3,+19.1
2024-06-02 19:42,4,+46.0,+18.1,+19.1,+24.1,+32.5,+30.1,+19.3,+19.7,+19.2,+19.6,+19.5,+19.3,+19.2
2024-06-02 20:42,4,+45.9,+18.0,+19.1,+24.1,+32.5,+30.0,+19.3,+19.7,+19.2,+19.6,+19.5,+19.5,+19.2
2024-06-02 21:42,4,+45.8,+18.0,+19.1,+24.0,+32.5,+30.0,+19.3,+19.6,+19.2,+19.6,+19.5,+19.5,+19.2
2024-06-02 22:42,4,+45.8,+17.9,+19.0,+24.1,+32.4,+30.0,+19.3,+19.6,+19.2,+19.7,+19.5,+19.3,+19.2
2024-06-02 23:42,4,+45.7,+17.9,+19.0,+24.1,+32.4,+29.9,+19.2,+19.6,+19.2,+19.6,+19.5,+19.3,+19.1
2024-06-03 00:42,4,+45.6,+17.9,+19.0,+23.9,+32.3,+29.8,+19.2,+19.6,+19.2,+19.6,+19.5,+19.3,+19.2
2024-06-03 01:42,4,+45.6,+17.8,+19.0,+24.0,+32.3,+29.8,+19.2,+19.6,+19.2,+19.6,+19.5,+19.3,+19.1
2024-06-03 02:42,4,+45.6,+17.8,+19.0,+23.9,+32.3,+29.7,+19.3,+19.6,+19.2,+19.6,+19.5,+19.5,+19.1
2024-06-03 03:42,4,+45.5,+17.7,+18.9,+24.0,+32.3,+29.7,+19.3,+19.5,+19.2,+19.7,+19.5,+19.5,+19.2
2024-06-03 04:42,4,+45.5,+17.7,+18.9,+23.9,+32.2,+29.6,+19.5,+19.6,+19.2,+19.7,+19.5,+19.5,+19.1
2024-06-03 05:42,4,+45.5,+17.7,+18.9,+23.9,+32.2,+29.6,+19.5,+19.6,+19.1,+19.6,+19.5,+19.5,+19.2
2024-06-03 06:42,4,+46.5,+17.7,+18.9,+23.9,+32.2,+29.6,+19.5,+19.6,+19.2,+19.6,+19.5,+19.3,+19.1
2024-06-03 07:42,4,+46.5,+17.8,+18.9,+23.8,+32.2,+29.5,+19.6,+19.6,+19.2,+19.6,+19.5,+19.3,+19.2
2024-06-03 08:42,4,+46.4,+17.9,+18.9,+23.8,+32.1,+29.5,+19.7,+19.7,+19.2,+19.6,+19.5,+19.3,+19.2
2024-06-03 09:42,4,+46.3,+17.9,+18.9,+23.7,+32.1,+29.4,+19.8,+19.7,+19.2,+19.6,+19.5,+19.3,+19.2
2024-06-03 10:42,4,+46.5,+17.9,+18.9,+23.9,+32.2,+29.4,+19.8,+19.7,+19.2,+19.6,+19.5,+19.3,+19.2
2024-06-03 11:42,4,+47.2,+18.2,+18.9,+23.7,+32.1,+29.3,+19.7,+19.7,+19.2,+19.6,+19.5,+19.3,+19.2
2024-06-03 12:42,4,+47.0,+18.5,+19.0,+23.8,+32.1,+29.3,+19.7,+19.8,+19.2,+19.6,+19.5,+19.3,+19.1
2024-06-03 13:42,4,+47.1,+18.6,+19.1,+23.8,+32.1,+29.3,+19.7,+19.8,+19.2,+19.7,+19.5,+19.3,+19.2
2024-06-03 14:42,4,+47.1,+18.6,+19.2,+23.9,+32.2,+29.3,+19.6,+19.8,+19.2,+19.6,+19.5,+19.3,+19.1
2024-06-03 15:42,4,+46.9,+18.6,+19.3,+24.0,+32.3,+29.3,+19.6,+19.7,+19.2,+19.6,+19.5,+19.3,+19.2
2024-06-03 16:42,4,+46.8,+18.5,+19.3,+24.2,+32.5,+29.3,+19.6,+19.8,+19.2,+19.6,+19.5,+19.3,+19.2
2024-06-03 17:42,4,+47.1,+18.5,+19.3,+24.2,+32.6,+29.4,+19.5,+19.7,+19.2,+19.6,+19.5,+19.3,+19.2
2024-06-03 18:42,4,+46.9,+18.6,+19.3,+24.3,+32.7,+29.5,+19.5,+19.7,+19.2,+19.6,+19.5,+19.3,+19.2
2024-06-03 19:42,4,+47.1,+18.5,+19.3,+24.4,+32.8,+29.7,+19.3,+19.7,+19.2,+19.7,+19.5,+19.3,+19.2
2024-06-03 20:42,4,+47.1,+18.5,+19.3,+24.3,+32.9,+29.7,+19.3,+19.7,+19.2,+19.6,+19.5,+19.3,+19.2
2024-06-03 21:42,4,+46.8,+18.4,+19.3,+24.4,+33.0,+29.9,+19.3,+19.6,+19.3,+19.7,+19.5,+19.5,+19.2
2024-06-03 22:42,4,+46.6,+18.3,+19.2,+24.4,+33.0,+30.0,+19.2,+19.6,+19.2,+19.7,+19.5,+19.3,+19.2
2024-06-03 23:42,4,+46.4,+18.2,+19.2,+24.2,+32.9,+30.0,+19.2,+19.6,+19.2,+19.6,+19.6,+19.5,+19.2
2024-06-04 00:42,4,+46.3,+18.1,+19.2,+24.2,+32.9,+30.0,+19.2,+19.6,+19.3,+19.6,+19.5,+19.3,+19.2
2024-06-04 01:42,4,+46.2,+18.1,+19.1,+24.2,+32.9,+30.0,+19.2,+19.6,+19.2,+19.6,+19.5,+19.3,+19.2
2024-06-04 02:42,4,+46.1,+18.0,+19.1,+24.2,+32.9,+30.0,+19.2,+19.5,+19.2,+19.7,+19.5,+19.3,+19.1
2024-06-04 03:42,4,+46.0,+18.0,+19.0,+24.1,+32.8,+29.9,+19.3,+19.5,+19.2,+19.7,+19.5,+19.5,+19.1
2024-06-04 04:42,4,+45.9,+17.9,+19.0,+24.1,+32.8,+29.9,+19.3,+19.6,+19.2,+19.6,+19.5,+19.3,+19.1
2024-06-04 05:42,4,+45.9,+17.9,+19.0,+24.1,+32.8,+29.9,+19.5,+19.6,+19.2,+19.6,+19.5,+19.3,+19.2
2024-06-04 06:42,4,+45.8,+17.9,+19.0,+24.1,+32.8,+29.8,+19.6,+19.6,+19.1,+19.7,+19.5,+19.3,+19.2
2024-06-04 07:42,4,+45.8,+17.8,+19.0,+23.9,+32.7,+29.7,+19.6,+19.6,+19.2,+19.6,+19.5,+19.5,+19.2
2024-06-04 08:42,4,+45.7,+17.8,+18.9,+23.9,+32.7,+29.7,+19.6,+19.6,+19.1,+19.7,+19.5,+19.5,+19.2
2024-06-04 09:42,4,+45.6,+17.8,+18.9,+24.0,+32.7,+29.7,+19.6,+19.7,+19.2,+19.6,+19.5,+19.3,+19.2
2024-06-04 10:42,4,+47.9,+18.7,+19.0,+23.9,+32.6,+29.6,+19.7,+19.7,+19.2,+19.6,+19.5,+19.5,+19.2
2024-06-04 11:42,4,+47.4,+19.3,+19.6,+24.6,+32.9,+29.6,+19.6,+19.7,+19.2,+19.6,+19.3,+19.5,+19.2
2024-06-04 12:42,4,+47.0,+18.9,+19.6,+24.7,+33.5,+29.8,+19.6,+19.7,+19.2,+19.6,+19.5,+19.3,+19.2
2024-06-04 13:42,4,+46.8,+18.5,+19.5,+24.6,+33.6,+30.4,+19.6,+19.7,+19.2,+19.6,+19.5,+19.5,+19.2
2024-06-04 14:42,4,+46.6,+18.4,+19.4,+24.6,+33.6,+30.7,+19.5,+19.7,+19.2,+19.6,+19.5,+19.5,+19.2
2024-06-04 15:42,4,+46.5,+18.2,+19.3,+24.5,+33.5,+30.7,+19.5,+19.7,+19.2,+19.6,+19.5,+19.5,+19.2
2024-06-04 16:42,4,+46.4,+18.2,+19.2,+24.4,+33.4,+30.6,+19.5,+19.7,+19.2,+19.6,+19.5,+19.5,+19.2
2024-06-04 17:42,4,+46.2,+18.1,+19.2,+24.3,+33.3,+30.5,+19.3,+19.7,+19.2,+19.6,+19.5,+19.3,+19.2
2024-06-04 18:42,4,+46.2,+18.1,+19.2,+24.2,+33.2,+30.3,+19.3,+19.6,+19.2,+19.6,+19.5,+19.5,+19.1
2024-06-04 19:42,4,+46.1,+18.0,+19.1,+24.2,+33.2,+30.2,+19.3,+19.6,+19.2,+19.6,+19.5,+19.5,+19.2
2024-06-04 20:42,4,+46.0,+18.0,+19.1,+24.2,+33.1,+30.2,+19.3,+19.6,+19.2,+19.6,+19.5,+19.3,+19.2
2024-06-04 21:42,4,+46.0,+17.9,+19.1,+24.2,+33.1,+30.1,+19.3,+19.6,+19.2,+19.6,+19.5,+19.5,+19.2
2024-06-04 22:42,4,+45.9,+17.9,+19.0,+24.2,+33.0,+30.0,+19.3,+19.6,+19.2,+19.6,+19.5,+19.5,+19.2
2024-06-04 23:42,4,+45.8,+17.9,+19.0,+24.0,+32.9,+29.9,+19.2,+19.6,+19.2,+19.7,+19.5,+19.3,+19.1
2024-06-05 00:42,4,+45.8,+17.8,+19.0,+24.0,+32.9,+29.8,+19.2,+19.6,+19.2,+19.6,+19.5,+19.5,+19.2
2024-06-05 01:42,4,+45.7,+17.8,+19.0,+24.1,+32.9,+29.8,+19.2,+19.6,+19.2,+19.6,+19.5,+19.3,+19.2
2024-06-05 02:42,4,+45.7,+17.8,+18.9,+23.9,+32.8,+29.7,+19.2,+19.5,+19.2,+19.6,+19.5,+19.3,+19.2
2024-06-05 03:42,4,+45.7,+17.7,+18.9,+24.0,+32.9,+29.7,+19.3,+19.6,+19.2,+19.6,+19.5,+19.3,+19.2
2024-06-05 04:42,4,+45.6,+17.7,+18.9,+24.0,+32.8,+29.6,+19.5,+19.6,+19.2,+19.6,+19.5,+19.3,+19.1
2024-06-05 05:42,4,+45.6,+17.7,+18.9,+23.9,+32.8,+29.6,+19.5,+19.6,+19.1,+19.6,+19.5,+19.3,+19.2
2024-06-05 06:42,4,+45.5,+17.7,+18.9,+23.8,+32.7,+29.5,+19.6,+19.6,+19.1,+19.6,+19.5,+19.5,+19.2
2024-06-05 07:42,4,+45.5,+17.6,+18.8,+23.9,+32.8,+29.5,+19.8,+19.7,+19.2,+19.6,+19.5,+19.3,+19.2
2024-06-05 08:42,4,+46.1,+17.7,+18.8,+23.8,+32.7,+29.5,+19.8,+19.7,+19.2,+19.6,+19.5,+19.3,+19.2
2024-06-05 09:42,4,+46.4,+17.6,+18.8,+23.8,+32.7,+29.4,+20.0,+19.7,+19.2,+19.6,+19.5,+19.3,+19.2
2024-06-05 10:42,4,+46.8,+17.7,+18.8,+23.8,+32.7,+29.4,+20.0,+19.8,+19.2,+19.6,+19.5,+19.5,+19.2
2024-06-05 11:42,4,+46.8,+17.8,+18.8,+23.8,+32.7,+29.3,+20.0,+20.0,+19.2,+19.6,+19.5,+19.3,+19.2
2024-06-05 12:42,4,+46.7,+17.9,+18.9,+23.7,+32.7,+29.3,+19.8,+19.8,+19.2,+19.6,+19.5,+19.3,+19.2
2024-06-05 13:42,4,+46.6,+18.1,+18.9,+23.9,+32.7,+29.3,+19.8,+19.8,+19.3,+19.7,+19.5,+19.3,+19.2
2024-06-05 14:42,4,+46.5,+18.1,+18.9,+23.7,+32.7,+29.2,+19.8,+20.0,+19.2,+19.6,+19.5,+19.5,+19.2
2024-06-05 15:42,4,+46.5,+18.1,+19.0,+23.8,+32.7,+29.2,+19.7,+19.8,+19.2,+19.6,+19.5,+19.3,+19.2
2024-06-05 16:42,4,+46.5,+18.1,+19.0,+23.8,+32.7,+29.2,+19.7,+19.8,+19.3,+19.6,+19.5,+19.5,+19.2
2024-06-05 17:42,4,+46.5,+18.0,+19.0,+23.8,+32.7,+29.2,+19.7,+19.8,+19.3,+19.6,+19.5,+19.3,+19.2
2024-06-05 18:42,4,+46.4,+18.0,+19.0,+23.9,+32.8,+29.2,+19.6,+19.8,+19.3,+19.6,+19.5,+19.3,+19.2
2024-06-05 19:42,4,+46.3,+18.0,+19.0,+23.9,+32.8,+29.2,+19.5,+19.8,+19.2,+19.6,+19.5,+19.5,+19.2
2024-06-05 20:42,4,+46.2,+18.0,+19.0,+23.9,+32.8,+29.2,+19.5,+19.8,+19.3,+19.7,+19.5,+19.3,+19.2
2024-06-05 21:42,4,+46.2,+17.9,+18.9,+23.9,+32.8,+29.2,+19.5,+19.7,+19.2,+19.6,+19.5,+19.3,+19.2
2024-06-05 22:42,4,+46.1,+17.9,+18.9,+23.8,+32.7,+29.1,+19.3,+19.7,+19.2,+19.7,+19.5,+19.3,+19.2
2024-06-05 23:42,4,+46.0,+17.9,+18.9,+23.8,+32.7,+29.1,+19.2,+19.7,+19.3,+19.7,+19.5,+19.5,+19.2
2024-06-06 00:42,4,+46.0,+17.9,+18.9,+23.9,+32.8,+29.1,+19.2,+19.6,+19.3,+19.6,+19.5,+19.3,+19.2
2024-06-06 01:42,4,+45.9,+17.9,+18.9,+23.9,+32.8,+29.1,+19.2,+19.6,+19.2,+19.7,+19.5,+19.5,+19.2
2024-06-06 02:42,4,+45.8,+17.8,+18.9,+23.9,+32.8,+29.1,+19.3,+19.6,+19.2,+19.6,+19.5,+19.5,+19.2
2024-06-06 03:42,4,+45.8,+17.8,+18.9,+23.9,+32.8,+29.1,+19.3,+19.6,+19.2,+19.6,+19.5,+19.5,+19.2
2024-06-06 04:42,4,+45.7,+17.8,+18.9,+23.9,+32.8,+29.1,+19.5,+19.6,+19.2,+19.6,+19.5,+19.3,+19.2
2024-06-06 05:42,4,+45.7,+17.7,+18.8,+23.9,+32.8,+29.1,+19.6,+19.6,+19.2,+19.6,+19.5,+19.3,+19.2
2024-06-06 06:42,4,+45.7,+17.7,+18.8,+23.8,+32.7,+29.0,+19.7,+19.6,+19.2,+19.6,+19.5,+19.5,+19.1
2024-06-06 07:42,4,+45.6,+17.7,+18.8,+23.9,+32.7,+29.1,+20.0,+19.7,+19.2,+19.7,+19.5,+19.5,+19.2
2024-06-06 08:42,4,+45.6,+17.7,+18.8,+23.9,+32.7,+29.1,+20.0,+19.7,+19.2,+19.7,+19.5,+19.5,+19.2
2024-06-06 09:42,4,+45.6,+17.7,+18.8,+23.9,+32.7,+29.1,+20.1,+19.8,+19.3,+19.7,+19.5,+19.5,+19.2
2024-06-06 10:42,4,+45.5,+17.6,+18.8,+23.7,+32.6,+29.0,+20.1,+19.8,+19.3,+19.6,+19.5,+19.3,+19.2
2024-06-06 11:42,4,+45.5,+17.6,+18.8,+23.8,+32.7,+29.0,+20.1,+20.0,+19.2,+19.6,+19.5,+19.5,+19.2
2024-06-06 12:42,4,+45.5,+17.6,+18.8,+23.8,+32.7,+29.0,+20.1,+20.0,+19.3,+19.7,+19.5,+19.3,+19.2
2024-06-06 13:42,4,+45.4,+17.6,+18.8,+23.7,+32.6,+29.0,+20.0,+20.0,+19.3,+19.6,+19.5,+19.3,+19.2
2024-06-06 14:42,4,+45.4,+17.6,+18.8,+23.8,+32.6,+29.0,+20.0,+20.0,+19.3,+19.6,+19.6,+19.3,+19.2
2024-06-06 15:42,4,+45.4,+17.6,+18.8,+23.8,+32.6,+29.0,+19.8,+20.0,+19.3,+19.7,+19.5,+19.3,+19.2
2024-06-06 16:42,4,+45.3,+17.6,+18.8,+23.8,+32.6,+29.0,+19.8,+20.0,+19.3,+19.7,+19.5,+19.3,+19.2
2024-06-06 17:42,4,+45.3,+17.6,+18.8,+23.8,+32.6,+28.9,+19.8,+20.0,+19.3,+19.7,+19.5,+19.3,+19.2
2024-06-06 18:42,4,+45.2,+17.6,+18.8,+23.7,+32.6,+28.9,+19.7,+19.8,+19.3,+19.7,+19.5,+19.3,+19.2
2024-06-06 19:42,4,+45.2,+17.6,+18.8,+23.8,+32.6,+28.9,+19.6,+20.0,+19.3,+19.7,+19.5,+19.5,+19.2
2024-06-06 20:42,4,+45.2,+17.6,+18.8,+23.7,+32.6,+28.9,+19.6,+19.8,+19.3,+19.7,+19.5,+19.5,+19.2
2024-06-06 21:42,4,+45.1,+17.6,+18.7,+23.6,+32.5,+28.8,+19.5,+19.8,+19.3,+19.7,+19.5,+19.5,+19.2
2024-06-06 22:42,4,+45.1,+17.5,+18.7,+23.6,+32.5,+28.8,+19.5,+19.8,+19.3,+19.7,+19.5,+19.5,+19.2
2024-06-06 23:42,4,+45.1,+17.5,+18.7,+23.6,+32.5,+28.8,+19.5,+19.7,+19.3,+19.7,+19.5,+19.5,+19.2
2024-06-07 00:42,4,+45.0,+17.5,+18.7,+23.7,+32.5,+28.8,+19.5,+19.8,+19.3,+19.7,+19.5,+19.3,+19.2
2024-06-07 01:42,4,+45.0,+17.5,+18.7,+23.7,+32.5,+28.8,+19.5,+19.7,+19.3,+19.7,+19.5,+19.5,+19.1
2024-06-07 02:42,4,+45.0,+17.5,+18.7,+23.7,+32.5,+28.8,+19.6,+19.7,+19.3,+19.7,+19.6,+19.3,+19.2
2024-06-07 03:42,4,+45.0,+17.5,+18.7,+23.7,+32.5,+28.8,+19.7,+19.7,+19.3,+19.7,+19.5,+19.3,+19.2
2024-06-07 04:42,4,+45.0,+17.5,+18.7,+23.7,+32.5,+28.8,+19.7,+19.8,+19.3,+19.7,+19.5,+19.5,+19.2
2024-06-07 05:42,4,+45.0,+17.5,+18.7,+23.6,+32.5,+28.7,+19.8,+19.8,+19.3,+19.6,+19.6,+19.5,+19.2
2024-06-07 06:42,4,+44.9,+17.5,+18.7,+23.7,+32.5,+28.8,+20.0,+19.8,+19.3,+19.7,+19.6,+19.5,+19.2
2024-06-07 07:42,4,+44.9,+17.4,+18.7,+23.6,+32.4,+28.7,+20.1,+19.8,+19.3,+19.7,+19.5,+19.5,+19.2
2024-06-07 08:42,4,+44.9,+17.4,+18.7,+23.6,+32.4,+28.7,+20.2,+20.0,+19.3,+19.7,+19.5,+19.3,+19.2
2024-06-07 09:42,4,+44.9,+17.4,+18.6,+23.7,+32.5,+28.7,+20.2,+20.0,+19.3,+19.7,+19.5,+19.5,+19.2
2024-06-07 10:42,4,+45.0,+17.4,+18.7,+23.5,+32.4,+28.7,+20.3,+20.1,+19.3,+19.7,+19.6,+19.5,+19.2
2024-06-07 11:42,4,+45.2,+17.4,+18.7,+23.5,+32.4,+28.7,+20.2,+20.1,+19.3,+19.7,+19.5,+19.5,+19.2
2024-06-07 12:42,4,+46.1,+17.5,+18.7,+23.5,+32.4,+28.7,+20.2,+20.1,+19.3,+19.7,+19.5,+19.5,+19.2
2024-06-07 13:42,4,+47.3,+17.5,+18.7,+23.5,+32.4,+28.7,+20.1,+20.1,+19.5,+19.7,+19.5,+19.5,+19.2
2024-06-07 14:42,4,+47.7,+18.0,+18.7,+23.5,+32.4,+28.7,+20.0,+20.2,+19.5,+19.7,+19.5,+19.5,+19.2
2024-06-07 15:42,4,+47.5,+19.1,+19.0,+23.5,+32.4,+28.7,+19.8,+20.1,+19.5,+19.7,+19.6,+19.5,+19.2
2024-06-07 16:42,4,+47.2,+18.8,+19.3,+23.6,+32.4,+28.7,+19.7,+20.1,+19.5,+19.8,+19.5,+19.5,+19.2
2024-06-07 17:42,4,+47.0,+18.6,+19.3,+23.8,+32.4,+28.6,+19.7,+20.0,+19.5,+19.7,+19.6,+19.5,+19.2
2024-06-07 18:42,4,+46.9,+18.5,+19.3,+23.9,+32.5,+28.6,+19.6,+20.0,+19.5,+19.7,+19.6,+19.5,+19.2
2024-06-07 19:42,4,+46.7,+18.4,+19.3,+24.0,+32.6,+28.6,+19.6,+20.0,+19.5,+19.7,+19.5,+19.5,+19.2
2024-06-07 20:42,4,+46.6,+18.3,+19.2,+24.2,+32.8,+28.7,+19.5,+19.8,+19.5,+19.7,+19.6,+19.5,+19.2
2024-06-07 21:42,4,+46.5,+18.2,+19.2,+24.1,+32.9,+28.7,+19.5,+19.8,+19.5,+19.8,+19.6,+19.5,+19.2
2024-06-07 22:42,4,+46.4,+18.1,+19.2,+24.1,+32.9,+28.7,+19.3,+19.8,+19.5,+19.7,+19.6,+19.5,+19.2
2024-06-07 23:42,4,+46.4,+18.1,+19.2,+24.1,+32.9,+28.8,+19.3,+19.8,+19.3,+19.8,+19.6,+19.5,+19.2
2024-06-08 00:42,4,+46.3,+18.1,+19.1,+24.2,+33.0,+28.9,+19.3,+19.7,+19.3,+19.7,+19.6,+19.5,+19.3
2024-06-08 01:42,4,+46.2,+18.0,+19.1,+24.0,+33.0,+29.0,+19.2,+19.7,+19.5,+19.7,+19.6,+19.5,+19.2
2024-06-08 02:42,4,+46.1,+18.0,+19.1,+24.0,+33.0,+29.0,+19.3,+19.7,+19.3,+19.7,+19.6,+19.5,+19.2
2024-06-08 03:42,4,+46.1,+17.9,+19.1,+24.0,+33.0,+29.1,+19.3,+19.7,+19.3,+19.7,+19.6,+19.5,+19.2
2024-06-08 04:42,4,+46.0,+17.9,+19.0,+24.0,+32.9,+29.1,+19.5,+19.7,+19.3,+19.7,+19.6,+19.5,+19.3
2024-06-08 05:42,4,+46.0,+17.9,+19.0,+24.0,+32.9,+29.1,+19.5,+19.7,+19.3,+19.8,+19.6,+19.5,+19.2
2024-06-08 06:42,4,+46.0,+17.9,+19.0,+23.9,+32.9,+29.2,+19.5,+19.7,+19.3,+19.7,+19.6,+19.5,+19.3
2024-06-08 07:42,4,+48.3,+18.5,+19.0,+24.1,+33.0,+29.2,+19.5,+19.7,+19.3,+19.7,+19.6,+19.5,+19.3
2024-06-08 08:42,4,+47.6,+18.8,+19.2,+24.1,+33.0,+29.2,+19.5,+19.7,+19.3,+19.7,+19.6,+19.5,+19.2
2024-06-08 09:42,4,+47.3,+18.6,+19.3,+24.2,+33.0,+29.2,+19.6,+19.7,+19.2,+19.7,+19.6,+19.5,+19.3
2024-06-08 10:42,4,+47.1,+18.5,+19.3,+24.3,+33.1,+29.3,+19.6,+19.7,+19.2,+19.7,+19.6,+19.5,+19.2
2024-06-08 11:42,4,+46.9,+18.4,+19.3,+24.3,+33.2,+29.3,+19.6,+19.7,+19.3,+19.7,+19.6,+19.5,+19.2
2024-06-08 12:42,4,+46.8,+18.3,+19.3,+24.4,+33.3,+29.5,+19.6,+19.7,+19.3,+19.8,+19.6,+19.5,+19.2
2024-06-08 13:42,4,+46.7,+18.2,+19.3,+24.3,+33.3,+29.5,+19.6,+19.8,+19.2,+19.7,+19.6,+19.5,+19.2
2024-06-08 14:42,4,+46.6,+18.1,+19.2,+24.2,+33.3,+29.7,+19.5,+19.7,+19.3,+19.7,+19.6,+19.5,+19.2
2024-06-08 15:42,4,+46.5,+18.1,+19.2,+24.2,+33.3,+29.7,+19.5,+19.7,+19.2,+19.7,+19.6,+19.5,+19.3
2024-06-08 16:42,4,+46.4,+18.1,+19.1,+24.2,+33.3,+29.8,+19.5,+19.7,+19.2,+19.7,+19.6,+19.5,+19.3
2024-06-08 17:42,4,+46.4,+18.0,+19.1,+24.2,+33.2,+29.8,+19.3,+19.7,+19.3,+19.7,+19.6,+19.5,+19.3
2024-06-08 18:42,4,+46.3,+18.0,+19.1,+24.1,+33.2,+29.8,+19.3,+19.7,+19.3,+19.7,+19.6,+19.5,+19.3
2024-06-08 19:42,4,+46.2,+17.9,+19.1,+24.2,+33.2,+29.8,+19.3,+19.7,+19.3,+19.7,+19.6,+19.5,+19.3
2024-06-08 20:42,4,+46.2,+17.9,+19.0,+24.1,+33.1,+29.8,+19.3,+19.6,+19.3,+19.7,+19.6,+19.5,+19.3
2024-06-08 21:42,4,+46.1,+17.9,+19.0,+24.0,+33.1,+29.7,+19.2,+19.6,+19.3,+19.7,+19.6,+19.5,+19.2
2024-06-08 22:42,4,+46.1,+17.8,+19.0,+24.1,+33.1,+29.7,+19.2,+19.6,+19.2,+19.7,+19.5,+19.5,+19.3
2024-06-08 23:42,4,+46.0,+17.8,+19.0,+24.0,+33.1,+29.7,+19.2,+19.6,+19.3,+19.7,+19.5,+19.5,+19.3
2024-06-09 00:42,4,+46.0,+17.8,+19.0,+23.9,+33.1,+29.7,+19.2,+19.6,+19.2,+19.7,+19.5,+19.5,+19.3
2024-06-09 01:42,4,+46.0,+17.8,+19.0,+24.1,+33.1,+29.7,+19.2,+19.6,+19.3,+19.7,+19.6,+19.5,+19.3
2024-06-09 02:42,4,+45.9,+17.8,+19.0,+24.0,+33.1,+29.6,+19.2,+19.6,+19.2,+19.7,+19.6,+19.5,+19.3
2024-06-09 03:42,4,+45.8,+17.7,+18.9,+24.0,+33.0,+29.6,+19.2,+19.6,+19.2,+19.7,+19.6,+19.5,+19.3
2024-06-09 04:42,4,+45.8,+17.7,+18.9,+23.9,+32.9,+29.5,+19.3,+19.6,+19.2,+19.7,+19.6,+19.5,+19.3
2024-06-09 05:42,4,+45.8,+17.7,+18.9,+24.0,+33.0,+29.5,+19.5,+19.6,+19.2,+19.7,+19.6,+19.5,+19.2
2024-06-09 06:42,4,+45.8,+17.7,+18.9,+24.0,+33.0,+29.5,+19.6,+19.6,+19.2,+19.7,+19.6,+19.5,+19.2
2024-06-09 07:42,4,+45.7,+17.6,+18.9,+23.9,+32.9,+29.4,+19.7,+19.6,+19.2,+19.7,+19.6,+19.5,+19.2
2024-06-09 08:42,4,+45.6,+17.6,+18.8,+23.8,+32.9,+29.4,+19.7,+19.7,+19.2,+19.7,+19.6,+19.5,+19.2
2024-06-09 09:42,4,+45.6,+17.6,+18.8,+23.8,+32.8,+29.3,+19.8,+19.7,+19.2,+19.7,+19.5,+19.5,+19.2
2024-06-09 10:42,4,+45.6,+17.6,+18.8,+23.8,+32.8,+29.3,+20.0,+19.7,+19.2,+19.6,+19.6,+19.5,+19.2
2024-06-09 11:42,4,+45.6,+17.6,+18.8,+23.9,+32.9,+29.3,+19.8,+19.8,+19.2,+19.6,+19.5,+19.5,+19.2
2024-06-09 12:42,4,+45.5,+17.6,+18.8,+23.8,+32.8,+29.2,+19.8,+19.8,+19.2,+19.7,+19.6,+19.5,+19.3
2024-06-09 13:42,4,+45.5,+17.6,+18.8,+23.8,+32.8,+29.2,+19.8,+19.8,+19.3,+19.7,+19.5,+19.5,+19.2
2024-06-09 14:42,4,+47.8,+17.7,+18.8,+23.9,+32.8,+29.2,+19.8,+19.8,+19.2,+19.7,+19.6,+19.5,+19.2
2024-06-09 15:42,4,+47.5,+17.9,+18.8,+23.7,+32.8,+29.2,+19.8,+19.8,+19.2,+19.7,+19.6,+19.5,+19.3
2024-06-09 16:42,4,+47.3,+18.0,+18.8,+23.7,+32.8,+29.2,+19.7,+19.8,+19.3,+19.7,+19.6,+19.5,+19.3
2024-06-09 17:42,4,+47.1,+18.1,+18.9,+23.9,+32.8,+29.2,+19.7,+19.8,+19.3,+19.7,+19.6,+19.5,+19.2
2024-06-09 18:42,4,+47.0,+18.1,+18.9,+23.7,+32.8,+29.1,+19.7,+20.0,+19.3,+19.7,+19.6,+19.5,+19.3
2024-06-09 19:42,4,+46.9,+18.1,+18.9,+23.7,+32.8,+29.1,+19.7,+19.8,+19.3,+19.7,+19.5,+19.5,+19.3
2024-06-09 20:42,4,+46.8,+18.1,+18.9,+23.7,+32.7,+29.1,+19.6,+19.8,+19.3,+19.6,+19.6,+19.5,+19.3
2024-06-09 21:42,4,+46.7,+18.1,+18.9,+23.9,+32.8,+29.1,+19.6,+19.8,+19.3,+19.7,+19.5,+19.5,+19.3
2024-06-09 22:42,4,+46.7,+18.1,+18.9,+23.9,+32.8,+29.1,+19.5,+19.8,+19.3,+19.7,+19.5,+19.5,+19.3
2024-06-09 23:42,4,+46.6,+18.0,+18.9,+23.8,+32.8,+29.0,+19.6,+19.7,+19.3,+19.6,+19.6,+19.5,+19.3
2024-06-10 00:42,4,+46.5,+18.0,+18.9,+23.9,+32.8,+29.0,+19.5,+19.8,+19.3,+19.7,+19.5,+19.5,+19.3
2024-06-10 01:42,4,+46.5,+18.0,+18.9,+23.9,+32.8,+29.0,+19.5,+19.8,+19.3,+19.7,+19.6,+19.5,+19.3
2024-06-10 02:42,4,+46.4,+17.9,+18.9,+23.8,+32.8,+29.0,+19.5,+19.7,+19.3,+19.7,+19.6,+19.5,+19.3
2024-06-10 03:42,4,+46.4,+17.9,+18.9,+23.8,+32.8,+29.0,+19.6,+19.7,+19.3,+19.7,+19.6,+19.5,+19.2
2024-06-10 04:42,4,+46.3,+17.9,+18.9,+23.8,+32.8,+29.0,+19.6,+19.7,+19.3,+19.7,+19.6,+19.5,+19.2
2024-06-10 05:42,4,+46.3,+17.9,+18.9,+23.8,+32.8,+29.0,+19.7,+19.7,+19.3,+19.7,+19.5,+19.5,+19.3
2024-06-10 06:42,4,+46.2,+17.8,+18.9,+23.8,+32.8,+29.0,+19.8,+19.7,+19.3,+19.6,+19.6,+19.5,+19.3
2024-06-10 07:42,4,+46.8,+17.9,+18.9,+23.8,+32.8,+29.0,+20.0,+19.8,+19.3,+19.7,+19.6,+19.5,+19.3
2024-06-10 08:42,4,+47.5,+17.9,+18.9,+23.8,+32.8,+29.0,+20.0,+19.8,+19.3,+19.7,+19.6,+19.5,+19.2
2024-06-10 09:42,4,+47.5,+17.9,+18.9,+23.8,+32.8,+29.0,+20.0,+20.0,+19.3,+19.7,+19.6,+19.5,+19.3
2024-06-10 10:42,4,+47.5,+18.1,+18.9,+23.8,+32.8,+29.0,+20.0,+20.0,+19.3,+19.6,+19.6,+19.5,+19.3
2024-06-10 11:42,4,+47.4,+18.2,+19.0,+23.9,+32.8,+29.0,+20.0,+20.0,+19.3,+19.7,+19.6,+19.5,+19.3
2024-06-10 12:42,4,+47.3,+18.3,+19.0,+23.8,+32.8,+28.9,+19.8,+20.0,+19.3,+19.7,+19.6,+19.5,+19.3
2024-06-10 13:42,4,+47.2,+18.3,+19.0,+23.9,+32.8,+29.0,+19.8,+20.0,+19.3,+19.7,+19.6,+19.5,+19.3
2024-06-10 14:42,4,+47.6,+18.3,+19.1,+23.9,+32.9,+29.0,+19.7,+20.0,+19.5,+19.7,+19.6,+19.5,+19.3
2024-06-10 15:42,4,+47.7,+18.4,+19.1,+23.9,+32.9,+28.9,+19.7,+20.0,+19.3,+19.7,+19.6,+19.5,+19.3
2024-06-10 16:42,4,+47.6,+18.5,+19.2,+24.0,+32.9,+29.0,+19.7,+20.0,+19.3,+19.7,+19.6,+19.5,+19.2
2024-06-10 17:42,4,+47.4,+18.5,+19.2,+24.0,+32.9,+29.0,+19.6,+19.8,+19.3,+19.7,+19.6,+19.5,+19.3
2024-06-10 18:42,4,+47.3,+18.4,+19.3,+24.1,+33.0,+29.0,+19.6,+19.8,+19.3,+19.7,+19.6,+19.5,+19.3
2024-06-10 19:42,4,+47.2,+18.4,+19.2,+24.2,+33.1,+29.0,+19.6,+19.8,+19.5,+19.7,+19.5,+19.5,+19.3
2024-06-10 20:42,4,+47.1,+18.3,+19.2,+24.3,+33.2,+29.1,+19.5,+19.8,+19.3,+19.7,+19.6,+19.5,+19.3
2024-06-10 21:42,4,+46.9,+18.2,+19.2,+24.3,+33.2,+29.1,+19.5,+19.8,+19.3,+19.7,+19.6,+19.5,+19.3
2024-06-10 22:42,4,+46.9,+18.2,+19.2,+24.3,+33.3,+29.2,+19.5,+19.8,+19.3,+19.8,+19.6,+19.5,+19.2
2024-06-10 23:42,4,+46.8,+18.3,+19.2,+24.2,+33.2,+29.2,+19.5,+19.7,+19.3,+19.7,+19.6,+19.5,+19.2
2024-06-11 00:42,4,+46.8,+18.4,+19.2,+24.1,+33.2,+29.3,+19.3,+19.7,+19.3,+19.7,+19.5,+19.5,+19.3
2024-06-11 01:42,4,+46.6,+18.5,+19.1,+24.2,+33.3,+29.4,+19.3,+19.7,+19.3,+19.7,+19.6,+19.5,+19.3
2024-06-11 02:42,4,+46.7,+18.4,+19.1,+24.1,+33.2,+29.4,+19.3,+19.7,+19.3,+19.7,+19.6,+19.5,+19.3
2024-06-11 03:42,4,+46.8,+18.4,+19.1,+24.1,+33.2,+29.4,+19.3,+19.7,+19.3,+19.7,+19.6,+19.5,+19.2
2024-06-11 04:42,4,+46.9,+18.4,+19.1,+24.1,+33.2,+29.5,+19.3,+19.7,+19.3,+19.7,+19.6,+19.5,+19.3
2024-06-11 05:42,4,+47.0,+18.4,+19.1,+24.1,+33.2,+29.5,+19.3,+19.6,+19.3,+19.7,+19.6,+19.5,+19.2
2024-06-11 06:42,4,+47.3,+18.4,+19.1,+24.0,+33.2,+29.5,+19.3,+19.6,+19.3,+19.7,+19.6,+19.6,+19.3
2024-06-11 07:42,4,+47.3,+18.5,+19.1,+24.1,+33.3,+29.5,+19.3,+19.6,+19.3,+19.7,+19.6,+19.5,+19.3
2024-06-11 08:42,4,+47.2,+18.6,+19.1,+24.2,+33.3,+29.5,+19.3,+19.6,+19.3,+19.7,+19.6,+19.5,+19.3
2024-06-11 09:42,4,+47.1,+18.7,+19.1,+24.1,+33.3,+29.5,+19.5,+19.6,+19.2,+19.7,+19.6,+19.6,+19.3
2024-06-11 10:42,4,+46.9,+18.7,+19.2,+24.2,+33.2,+29.5,+19.5,+19.6,+19.2,+19.7,+19.6,+19.5,+19.3
2024-06-11 11:42,4,+46.8,+18.6,+19.2,+24.1,+33.2,+29.5,+19.5,+19.7,+19.2,+19.7,+19.6,+19.5,+19.3
2024-06-11 12:42,4,+46.7,+18.6,+19.1,+24.2,+33.3,+29.5,+19.5,+19.6,+19.3,+19.7,+19.6,+19.5,+19.3
2024-06-11 13:42,4,+46.6,+18.5,+19.1,+24.2,+33.3,+29.5,+19.3,+19.6,+19.2,+19.7,+19.6,+19.6,+19.3
2024-06-11 14:42,4,+46.5,+18.5,+19.1,+24.2,+33.3,+29.5,+19.3,+19.6,+19.2,+19.7,+19.6,+19.5,+19.3
2024-06-11 15:42,4,+46.5,+18.4,+19.1,+24.1,+33.3,+29.5,+19.3,+19.6,+19.2,+19.7,+19.6,+19.5,+19.3
2024-06-11 16:42,4,+46.4,+18.4,+19.1,+24.2,+33.3,+29.5,+19.2,+19.6,+19.2,+19.7,+19.6,+19.5,+19.3
2024-06-11 17:42,4,+46.4,+18.4,+19.1,+24.1,+33.3,+29.5,+19.2,+19.6,+19.2,+19.7,+19.6,+19.5,+19.3
2024-06-11 18:42,4,+46.3,+18.3,+19.1,+24.2,+33.3,+29.5,+19.2,+19.6,+19.3,+19.7,+19.6,+19.5,+19.3
2024-06-11 19:42,4,+46.2,+18.3,+19.1,+24.0,+33.2,+29.5,+19.2,+19.6,+19.2,+19.7,+19.6,+19.5,+19.3
2024-06-11 20:42,4,+46.4,+18.3,+19.0,+24.1,+33.3,+29.5,+19.2,+19.5,+19.2,+19.7,+19.6,+19.5,+19.3
2024-06-11 21:42,4,+46.4,+18.2,+19.0,+24.0,+33.2,+29.5,+19.1,+19.6,+19.2,+19.7,+19.6,+19.5,+19.3
2024-06-11 22:42,4,+46.4,+18.2,+19.0,+24.1,+33.3,+29.5,+19.1,+19.6,+19.2,+19.7,+19.6,+19.6,+19.3
2024-06-11 23:42,4,+46.4,+18.2,+19.0,+24.0,+33.2,+29.5,+19.1,+19.5,+19.2,+19.7,+19.6,+19.5,+19.2
2024-06-12 00:42,4,+46.4,+18.2,+19.0,+24.0,+33.2,+29.5,+19.0,+19.5,+19.2,+19.7,+19.6,+19.6,+19.3
2024-06-12 01:42,4,+46.3,+18.2,+19.0,+24.0,+33.2,+29.4,+18.8,+19.5,+19.1,+19.7,+19.6,+19.5,+19.3
2024-06-12 02:42,4,+46.3,+18.2,+19.0,+24.1,+33.2,+29.4,+18.8,+19.3,+19.2,+19.7,+19.6,+19.5,+19.3
2024-06-12 03:42,4,+46.3,+18.2,+19.0,+24.1,+33.2,+29.4,+19.0,+19.3,+19.2,+19.7,+19.6,+19.5,+19.3
2024-06-12 04:42,4,+46.3,+18.2,+19.0,+24.0,+33.2,+29.4,+19.0,+19.3,+19.1,+19.7,+19.5,+19.5,+19.3
2024-06-12 05:42,4,+46.3,+18.2,+19.0,+24.0,+33.2,+29.4,+18.8,+19.3,+19.1,+19.7,+19.6,+19.5,+19.3
2024-06-12 06:42,4,+46.3,+18.2,+19.0,+23.9,+33.2,+29.3,+19.0,+19.3,+19.2,+19.6,+19.6,+19.5,+19.3
2024-06-12 07:42,4,+46.7,+18.2,+19.0,+24.0,+33.2,+29.4,+19.0,+19.3,+19.1,+19.7,+19.6,+19.5,+19.3
2024-06-12 08:42,4,+47.1,+18.2,+18.9,+23.9,+33.2,+29.3,+19.0,+19.3,+19.1,+19.7,+19.6,+19.5,+19.3
2024-06-12 09:42,4,+47.5,+18.4,+18.9,+23.9,+33.2,+29.3,+19.0,+19.3,+19.1,+19.6,+19.6,+19.5,+19.3
2024-06-12 10:42,4,+47.5,+18.8,+19.0,+24.0,+33.2,+29.3,+19.0,+19.3,+19.1,+19.6,+19.6,+19.5,+19.3
2024-06-12 11:42,4,+47.4,+18.9,+19.1,+24.0,+33.2,+29.3,+18.8,+19.3,+19.1,+19.6,+19.5,+19.5,+19.2
2024-06-12 12:42,4,+47.3,+18.9,+19.2,+24.2,+33.2,+29.3,+18.8,+19.3,+19.0,+19.6,+19.6,+19.5,+19.3
2024-06-12 13:42,4,+47.1,+18.9,+19.3,+24.1,+33.2,+29.2,+18.7,+19.3,+19.1,+19.6,+19.5,+19.5,+19.3
2024-06-12 14:42,4,+47.0,+18.8,+19.3,+24.2,+33.4,+29.3,+18.8,+19.3,+19.1,+19.6,+19.6,+19.5,+19.3
2024-06-12 15:42,4,+46.9,+18.7,+19.3,+24.4,+33.5,+29.3,+18.7,+19.2,+19.1,+19.6,+19.6,+19.5,+19.3
2024-06-12 16:42,4,+46.8,+18.6,+19.3,+24.4,+33.6,+29.4,+18.7,+19.2,+19.1,+19.6,+19.5,+19.5,+19.3
2024-06-12 17:42,4,+46.7,+18.6,+19.2,+24.3,+33.6,+29.5,+18.7,+19.1,+19.0,+19.6,+19.5,+19.5,+19.3
2024-06-12 18:42,4,+46.6,+18.5,+19.2,+24.3,+33.6,+29.6,+18.7,+19.2,+19.0,+19.6,+19.5,+19.5,+19.3
2024-06-12 19:42,4,+46.6,+18.5,+19.2,+24.3,+33.6,+29.7,+18.6,+19.1,+19.0,+19.6,+19.5,+19.5,+19.3
2024-06-12 20:42,4,+46.5,+18.4,+19.2,+24.4,+33.7,+29.8,+18.6,+19.2,+19.0,+19.6,+19.6,+19.5,+19.2
2024-06-12 21:42,4,+46.4,+18.4,+19.1,+24.2,+33.6,+29.8,+18.6,+19.1,+19.0,+19.6,+19.5,+19.5,+19.3
2024-06-12 22:42,4,+46.3,+18.4,+19.1,+24.3,+33.6,+29.8,+18.6,+19.1,+19.0,+19.6,+19.5,+19.5,+19.3
2024-06-12 23:42,4,+46.3,+18.3,+19.1,+24.2,+33.5,+29.8,+18.6,+19.1,+19.0,+19.5,+19.5,+19.5,+19.3
2024-06-13 00:42,4,+46.2,+18.3,+19.0,+24.1,+33.5,+29.8,+18.5,+19.1,+18.8,+19.5,+19.5,+19.5,+19.3
2024-06-13 01:42,4,+46.2,+18.2,+19.1,+24.1,+33.5,+29.8,+18.5,+19.1,+18.8,+19.6,+19.5,+19.5,+19.2
2024-06-13 02:42,4,+46.2,+18.2,+19.0,+24.2,+33.5,+29.8,+18.5,+19.0,+19.0,+19.5,+19.5,+19.5,+19.3
2024-06-13 03:42,4,+46.2,+18.2,+19.0,+24.1,+33.5,+29.8,+18.5,+19.0,+19.0,+19.5,+19.5,+19.5,+19.3
2024-06-13 04:42,4,+46.1,+18.2,+19.0,+24.1,+33.5,+29.7,+18.5,+19.0,+18.8,+19.5,+19.5,+19.3,+19.2
2024-06-13 05:42,4,+46.1,+18.2,+19.0,+24.1,+33.4,+29.7,+18.5,+19.0,+18.8,+19.5,+19.5,+19.5,+19.3
2024-06-13 06:42,4,+46.0,+18.2,+19.0,+24.0,+33.4,+29.7,+18.6,+19.0,+18.8,+19.5,+19.5,+19.5,+19.3
2024-06-13 07:42,4,+46.0,+18.1,+19.0,+24.1,+33.5,+29.7,+18.7,+19.0,+18.8,+19.5,+19.5,+19.3,+19.2
2024-06-13 08:42,4,+46.0,+18.1,+18.9,+24.0,+33.4,+29.6,+18.8,+19.0,+18.8,+19.5,+19.5,+19.5,+19.3
2024-06-13 09:42,4,+45.9,+18.1,+18.9,+24.0,+33.4,+29.6,+18.8,+19.1,+18.8,+19.5,+19.5,+19.3,+19.3
2024-06-13 10:42,4,+45.9,+18.1,+18.9,+24.1,+33.4,+29.6,+19.0,+19.1,+18.8,+19.5,+19.5,+19.3,+19.2
2024-06-13 11:42,4,+45.9,+18.1,+18.9,+24.1,+33.4,+29.5,+19.0,+19.1,+18.8,+19.5,+19.5,+19.3,+19.3
2024-06-13 12:42,4,+45.8,+18.0,+18.9,+23.9,+33.3,+29.5,+19.0,+19.1,+18.8,+19.5,+19.3,+19.5,+19.2
2024-06-13 13:42,4,+46.0,+18.1,+18.9,+24.0,+33.4,+29.5,+19.0,+19.2,+18.8,+19.5,+19.5,+19.3,+19.2
2024-06-13 14:42,4,+46.0,+18.0,+18.9,+24.0,+33.3,+29.5,+19.0,+19.1,+18.8,+19.5,+19.5,+19.3,+19.3
2024-06-13 15:42,4,+46.1,+18.0,+18.9,+24.0,+33.3,+29.4,+19.0,+19.2,+18.8,+19.5,+19.5,+19.3,+19.3
2024-06-13 16:42,4,+46.2,+18.0,+18.8,+23.9,+33.2,+29.4,+18.8,+19.2,+18.8,+19.5,+19.5,+19.3,+19.3
2024-06-13 17:42,4,+46.2,+18.0,+18.9,+23.9,+33.3,+29.4,+19.0,+19.2,+18.8,+19.5,+19.5,+19.5,+19.2
2024-06-13 18:42,4,+46.2,+18.0,+18.8,+24.0,+33.3,+29.4,+18.8,+19.2,+18.8,+19.5,+19.3,+19.3,+19.3
2024-06-13 19:42,4,+46.2,+18.0,+18.8,+23.9,+33.2,+29.3,+18.8,+19.2,+18.8,+19.3,+19.5,+19.3,+19.2
2024-06-13 20:42,4,+46.2,+18.0,+18.8,+24.0,+33.3,+29.3,+18.8,+19.1,+19.0,+19.5,+19.3,+19.3,+19.2
2024-06-13 21:42,4,+46.1,+18.0,+18.8,+23.9,+33.3,+29.3,+18.7,+19.1,+18.8,+19.5,+19.5,+19.3,+19.2
2024-06-13 22:42,4,+46.1,+18.0,+18.8,+23.8,+33.2,+29.3,+18.8,+19.2,+18.8,+19.3,+19.5,+19.3,+19.3
2024-06-13 23:42,4,+46.1,+18.0,+18.8,+23.9,+33.2,+29.3,+18.7,+19.1,+18.8,+19.3,+19.5,+19.3,+19.3
2024-06-14 00:42,4,+46.0,+18.0,+18.8,+23.8,+33.2,+29.2,+18.7,+19.1,+18.8,+19.3,+19.3,+19.3,+19.2
2024-06-14 01:42,4,+46.0,+18.0,+18.8,+23.8,+33.2,+29.2,+18.8,+19.1,+18.8,+19.3,+19.3,+19.3,+19.2
2024-06-14 02:42,4,+46.0,+18.0,+18.8,+23.9,+33.2,+29.2,+18.8,+19.1,+18.8,+19.5,+19.3,+19.3,+19.2
2024-06-14 03:42,4,+46.0,+18.0,+18.8,+23.9,+33.2,+29.2,+19.0,+19.1,+18.8,+19.3,+19.3,+19.3,+19.2
2024-06-14 04:42,4,+45.9,+18.0,+18.8,+23.8,+33.2,+29.2,+19.1,+19.1,+18.8,+19.5,+19.3,+19.3,+19.2
2024-06-14 05:42,4,+45.9,+18.0,+18.8,+23.8,+33.2,+29.2,+19.1,+19.2,+18.8,+19.3,+19.3,+19.3,+19.2
2024-06-14 06:42,4,+45.9,+17.9,+18.8,+23.8,+33.2,+29.1,+19.2,+19.2,+18.8,+19.5,+19.3,+19.3,+19.2
2024-06-14 07:42,4,+45.9,+18.0,+18.8,+23.8,+33.1,+29.1,+19.3,+19.3,+18.8,+19.3,+19.3,+19.3,+19.2
2024-06-14 08:42,4,+45.8,+17.9,+18.8,+23.7,+33.1,+29.1,+19.5,+19.3,+18.8,+19.3,+19.3,+19.3,+19.3
2024-06-14 09:42,4,+45.8,+17.9,+18.8,+23.9,+33.2,+29.1,+19.6,+19.3,+18.8,+19.3,+19.3,+19.3,+19.2
2024-06-14 10:42,4,+45.8,+17.9,+18.8,+23.9,+33.2,+29.1,+19.7,+19.5,+19.0,+19.3,+19.3,+19.3,+19.2
2024-06-14 11:42,4,+45.8,+17.9,+18.8,+23.7,+33.1,+29.0,+19.7,+19.5,+18.8,+19.5,+19.3,+19.3,+19.2
2024-06-14 12:42,4,+45.8,+17.9,+18.7,+23.7,+33.1,+29.0,+19.7,+19.6,+19.0,+19.3,+19.3,+19.3,+19.2
2024-06-14 13:42,4,+45.9,+17.9,+18.8,+23.7,+33.1,+29.0,+19.7,+19.6,+19.0,+19.3,+19.3,+19.3,+19.2
2024-06-14 14:42,4,+46.2,+17.9,+18.8,+23.8,+33.1,+29.0,+19.7,+19.6,+19.0,+19.5,+19.3,+19.3,+19.2
2024-06-14 15:42,4,+46.5,+17.9,+18.8,+23.7,+33.1,+29.0,+19.6,+19.7,+19.0,+19.3,+19.5,+19.2,+19.2
2024-06-14 16:42,4,+46.8,+17.9,+18.8,+23.8,+33.1,+29.0,+19.6,+19.6,+19.0,+19.5,+19.3,+19.3,+19.2
2024-06-14 17:42,4,+47.1,+18.0,+18.8,+23.8,+33.1,+29.0,+19.5,+19.6,+19.1,+19.5,+19.3,+19.3,+19.2
2024-06-14 18:42,4,+47.2,+18.1,+18.8,+23.8,+33.1,+29.0,+19.5,+19.6,+19.0,+19.3,+19.3,+19.3,+19.2
2024-06-14 19:42,4,+47.3,+18.4,+18.8,+23.8,+33.1,+29.0,+19.3,+19.6,+19.1,+19.5,+19.3,+19.3,+19.2
2024-06-14 20:42,4,+47.2,+18.5,+18.8,+23.7,+33.1,+28.9,+19.3,+19.6,+19.0,+19.5,+19.3,+19.3,+19.2
2024-06-14 21:42,4,+47.1,+18.6,+18.9,+23.7,+33.1,+28.9,+19.3,+19.5,+19.1,+19.5,+19.3,+19.3,+19.2
2024-06-14 22:42,4,+47.0,+18.6,+19.0,+23.9,+33.1,+28.9,+19.3,+19.5,+19.1,+19.5,+19.3,+19.3,+19.2
2024-06-14 23:42,4,+46.9,+18.6,+19.0,+23.9,+33.2,+28.9,+19.2,+19.5,+19.1,+19.5,+19.3,+19.3,+19.2
2024-06-15 00:42,4,+46.9,+18.6,+19.0,+23.9,+33.2,+28.9,+19.2,+19.5,+19.0,+19.5,+19.3,+19.2,+19.2
2024-06-15 01:42,4,+46.8,+18.5,+19.0,+24.0,+33.2,+28.9,+19.2,+19.5,+19.1,+19.5,+19.3,+19.3,+19.2
2024-06-15 02:42,4,+46.7,+18.5,+19.0,+23.9,+33.2,+28.9,+19.2,+19.5,+19.0,+19.5,+19.3,+19.2,+19.2
2024-06-15 03:42,4,+46.7,+18.5,+19.0,+23.9,+33.2,+28.9,+19.3,+19.5,+19.1,+19.5,+19.3,+19.3,+19.2
2024-06-15 04:42,4,+46.6,+18.4,+19.0,+24.1,+33.3,+28.9,+19.5,+19.5,+19.0,+19.5,+19.3,+19.2,+19.2
2024-06-15 05:42,4,+46.6,+18.4,+19.0,+24.0,+33.3,+28.9,+19.5,+19.5,+19.0,+19.5,+19.3,+19.3,+19.2
2024-06-15 06:42,4,+46.5,+18.4,+19.0,+24.1,+33.4,+28.9,+19.6,+19.5,+19.1,+19.5,+19.3,+19.3,+19.2
2024-06-15 07:42,4,+46.4,+18.3,+19.0,+24.1,+33.4,+29.0,+19.6,+19.6,+19.0,+19.5,+19.3,+19.3,+19.2
2024-06-15 08:42,4,+46.4,+18.3,+19.0,+24.0,+33.4,+29.0,+19.6,+19.6,+19.1,+19.5,+19.3,+19.3,+19.2
2024-06-15 09:42,4,+46.5,+18.3,+19.0,+24.1,+33.4,+29.0,+19.6,+19.6,+19.1,+19.5,+19.3,+19.3,+19.2
2024-06-15 10:42,4,+46.5,+18.3,+19.0,+24.1,+33.4,+29.0,+19.6,+19.6,+19.1,+19.5,+19.3,+19.3,+19.2
2024-06-15 11:42,4,+46.5,+18.2,+19.0,+24.1,+33.4,+29.0,+19.7,+19.6,+19.1,+19.5,+19.5,+19.2,+19.2
2024-06-15 12:42,4,+46.5,+18.2,+19.0,+23.9,+33.4,+29.0,+19.6,+19.6,+19.1,+19.5,+19.3,+19.3,+19.2
2024-06-15 13:42,4,+46.6,+18.2,+19.0,+24.1,+33.4,+29.0,+19.5,+19.7,+19.1,+19.5,+19.3,+19.3,+19.1
2024-06-15 14:42,4,+46.8,+18.2,+19.0,+24.1,+33.4,+29.1,+19.6,+19.7,+19.1,+19.5,+19.3,+19.3,+19.2
2024-06-15 15:42,4,+46.9,+18.2,+19.0,+23.9,+33.4,+29.0,+19.5,+19.6,+19.1,+19.5,+19.3,+19.3,+19.2
2024-06-15 16:42,4,+47.0,+18.2,+19.0,+23.9,+33.4,+29.1,+19.5,+19.7,+19.1,+19.5,+19.5,+19.3,+19.2
2024-06-15 17:42,4,+46.9,+18.2,+19.0,+24.0,+33.4,+29.1,+19.3,+19.6,+19.1,+19.5,+19.3,+19.3,+19.2
2024-06-15 18:42,4,+46.9,+18.3,+18.9,+24.1,+33.4,+29.1,+19.3,+19.6,+19.1,+19.5,+19.3,+19.2,+19.2
2024-06-15 19:42,4,+46.9,+18.3,+19.0,+24.0,+33.4,+29.1,+19.2,+19.6,+19.1,+19.5,+19.3,+19.3,+19.2
2024-06-15 20:42,4,+46.8,+18.3,+19.0,+24.0,+33.4,+29.1,+19.1,+19.5,+19.1,+19.5,+19.5,+19.3,+19.2
2024-06-15 21:42,4,+46.8,+18.3,+19.0,+24.0,+33.4,+29.1,+19.1,+19.5,+19.2,+19.6,+19.5,+19.3,+19.2
2024-06-15 22:42,4,+46.7,+18.3,+19.0,+24.0,+33.4,+29.1,+19.0,+19.5,+19.1,+19.6,+19.3,+19.3,+19.2
2024-06-15 23:42,4,+46.6,+18.3,+18.9,+24.0,+33.4,+29.1,+19.0,+19.5,+19.1,+19.6,+19.3,+19.3,+19.2
2024-06-16 00:42,4,+46.6,+18.3,+19.0,+23.9,+33.4,+29.1,+19.0,+19.3,+19.1,+19.5,+19.3,+19.3,+19.2
2024-06-16 01:42,4,+46.4,+18.3,+18.9,+24.0,+33.4,+29.1,+19.0,+19.3,+19.1,+19.6,+19.5,+19.3,+19.2
2024-06-16 02:42,4,+46.4,+18.2,+18.9,+23.9,+33.4,+29.1,+18.8,+19.3,+19.1,+19.5,+19.5,+19.3,+19.2
2024-06-16 03:42,4,+46.4,+18.2,+19.0,+24.0,+33.4,+29.1,+18.8,+19.3,+19.1,+19.5,+19.5,+19.3,+19.2
2024-06-16 04:42,4,+46.4,+18.2,+18.9,+23.9,+33.4,+29.1,+19.0,+19.3,+19.1,+19.6,+19.5,+19.2,+19.1
2024-06-16 05:42,4,+46.5,+18.2,+18.9,+23.9,+33.4,+29.1,+19.0,+19.3,+19.0,+19.5,+19.5,+19.3,+19.2
2024-06-19 11:03,4,+46.4,+18.2,+18.9,+24.0,+33.4,+29.1,+19.1,+19.3,+19.1,+19.5,+19.3,+19.3,+19.2