
2024-05-24 07:56,4,+36.1,+12.4,+4.2,+9.0,+13.7,+32.7,+20.2,+20.6,+21.0,+21.1,+21.0,+21.2,+21.1
2024-05-24 08:56,4,+36.1,+12.4,+4.2,+9.1,+13.7,+32.8,+20.3,+20.6,+21.0,+21.1,+21.1,+21.2,+21.1
2024-05-24 09:56,4,+36.1,+12.4,+4.2,+9.0,+13.7,+32.7,+20.3,+20.6,+21.0,+21.1,+21.0,+21.2,+21.1
2024-05-24 10:56,4,+36.1,+12.4,+4.2,+8.9,+13.7,+32.7,+20.5,+20.6,+21.0,+21.1,+21.0,+21.2,+21.1
2024-05-24 11:56,4,+36.1,+12.4,+4.2,+8.9,+13.7,+32.7,+20.7,+20.6,+21.0,+21.1,+21.1,+21.2,+21.1
2024-05-24 12:56,4,+36.1,+12.4,+4.2,+8.9,+13.7,+32.7,+20.8,+20.7,+21.0,+21.1,+21.0,+21.1,+21.1
2024-05-24 13:56,4,+36.0,+12.4,+4.2,+9.0,+13.7,+32.7,+21.1,+20.7,+20.8,+21.1,+21.0,+21.1,+21.0
2024-05-24 14:56,4,+36.0,+12.4,+4.2,+9.0,+13.7,+32.7,+21.3,+20.8,+21.0,+21.1,+21.0,+21.2,+21.0
2024-05-24 15:56,4,+36.0,+12.4,+4.2,+9.0,+13.7,+32.7,+21.5,+21.0,+21.0,+21.1,+21.0,+21.1,+21.1
2024-05-24 16:56,4,+36.0,+12.4,+4.2,+8.9,+13.7,+32.7,+21.5,+21.1,+21.0,+21.0,+21.0,+21.1,+21.1
2024-05-24 17:56,4,+36.0,+12.4,+4.2,+8.9,+13.6,+32.7,+21.3,+21.1,+21.0,+21.0,+21.0,+21.1,+21.1
2024-05-24 18:56,4,+36.0,+12.4,+4.2,+8.9,+13.7,+32.7,+21.2,+21.1,+21.1,+21.0,+21.0,+21.2,+21.0
2024-05-24 19:56,4,+36.0,+12.4,+4.2,+9.0,+13.7,+32.7,+21.1,+21.1,+21.1,+21.0,+21.1,+21.1,+21.1
2024-05-24 20:56,4,+36.0,+12.5,+4.2,+9.0,+13.7,+32.7,+21.0,+21.1,+21.1,+21.0,+21.0,+21.1,+21.1
2024-05-24 21:56,4,+36.0,+12.6,+4.2,+9.0,+13.7,+32.7,+20.8,+21.1,+21.1,+21.1,+21.0,+21.2,+21.1
2024-05-24 22:56,4,+36.0,+12.7,+4.2,+9.0,+13.7,+32.7,+20.7,+21.1,+21.1,+21.1,+21.1,+21.1,+21.1
2024-05-24 23:56,4,+36.0,+12.7,+4.2,+8.9,+13.6,+32.6,+20.7,+21.1,+21.1,+21.1,+21.1,+21.1,+21.1
2024-05-25 00:56,4,+36.0,+12.7,+4.2,+8.9,+13.6,+32.6,+20.6,+21.0,+21.1,+21.1,+21.0,+21.2,+21.0
2024-05-25 01:56,4,+35.9,+12.7,+4.2,+9.0,+13.7,+32.6,+20.5,+20.8,+21.1,+21.0,+21.0,+21.2,+21.1
2024-05-25 02:56,4,+35.9,+12.7,+4.1,+9.0,+13.7,+32.6,+20.5,+20.8,+21.0,+21.1,+21.1,+21.1,+21.1
2024-05-25 03:56,4,+35.9,+12.7,+4.2,+8.9,+13.6,+32.6,+20.2,+20.7,+21.0,+21.1,+21.0,+21.1,+21.1
2024-05-25 04:56,4,+35.9,+12.7,+4.2,+9.0,+13.7,+32.6,+20.2,+20.7,+21.0,+21.1,+21.0,+21.2,+21.1
2024-05-25 05:56,4,+35.8,+12.7,+4.1,+9.0,+13.7,+32.6,+20.1,+20.7,+21.0,+21.0,+21.0,+21.1,+21.1
2024-05-25 06:56,4,+35.8,+12.7,+4.1,+9.0,+13.7,+32.6,+20.0,+20.6,+21.0,+21.0,+21.0,+21.2,+21.1
2024-05-25 07:56,4,+35.8,+12.6,+4.1,+9.0,+13.7,+32.6,+20.0,+20.6,+21.0,+21.0,+21.0,+21.1,+21.1
2024-05-25 08:56,4,+35.8,+12.6,+4.1,+8.9,+13.6,+32.5,+20.1,+20.5,+20.8,+21.1,+21.0,+21.1,+21.1
2024-05-25 09:56,4,+35.8,+12.6,+4.1,+8.9,+13.6,+32.5,+20.1,+20.5,+20.8,+21.0,+21.0,+21.1,+21.1
2024-05-25 10:56,4,+35.7,+12.6,+4.1,+9.0,+13.7,+32.5,+20.2,+20.5,+20.8,+21.0,+21.0,+21.2,+21.0
2024-05-25 11:56,4,+35.7,+12.6,+4.1,+8.9,+13.7,+32.5,+20.3,+20.3,+20.8,+21.0,+21.0,+21.1,+21.0
2024-05-25 12:56,4,+35.6,+12.6,+4.1,+8.8,+13.6,+32.4,+20.6,+20.5,+20.8,+21.0,+21.0,+21.1,+21.0
2024-05-25 13:56,4,+35.6,+12.6,+4.1,+8.9,+13.7,+32.5,+20.8,+20.6,+20.7,+21.0,+20.8,+21.1,+21.0
2024-05-25 14:56,4,+35.6,+12.6,+4.1,+8.8,+13.6,+32.4,+21.3,+20.7,+20.8,+21.0,+21.0,+21.1,+21.0
2024-05-25 15:56,4,+35.6,+12.6,+4.1,+8.8,+13.6,+32.4,+22.1,+20.8,+20.8,+21.0,+21.0,+21.1,+21.0
2024-05-25 16:56,4,+35.6,+12.6,+4.1,+8.9,+13.6,+32.4,+22.5,+21.1,+20.8,+20.8,+21.0,+21.0,+21.0
2024-05-25 17:56,4,+35.6,+12.6,+4.1,+8.8,+13.6,+32.4,+22.5,+21.3,+21.0,+21.0,+20.8,+21.1,+21.0
2024-05-25 18:56,4,+35.6,+12.6,+4.1,+8.9,+13.6,+32.4,+22.2,+21.5,+21.0,+20.8,+21.0,+21.1,+21.0
2024-05-25 19:56,4,+35.6,+12.6,+4.1,+8.8,+13.6,+32.3,+21.8,+21.5,+21.0,+21.0,+21.0,+21.1,+21.0
2024-05-25 20:56,4,+35.5,+12.6,+4.1,+8.8,+13.6,+32.3,+21.6,+21.5,+21.1,+21.0,+21.0,+21.1,+21.1
2024-05-25 21:56,4,+35.5,+12.6,+4.1,+8.9,+13.7,+32.3,+21.3,+21.3,+21.1,+21.0,+21.0,+21.2,+21.1
2024-05-25 22:56,4,+35.4,+12.6,+4.1,+8.9,+13.7,+32.3,+21.1,+21.3,+21.1,+21.0,+21.0,+21.2,+21.1
2024-05-25 23:56,4,+35.4,+12.6,+4.1,+9.0,+13.6,+32.3,+21.0,+21.2,+21.2,+21.0,+21.1,+21.2,+21.1
2024-05-26 00:56,4,+35.4,+12.6,+4.2,+9.0,+13.7,+32.3,+20.7,+21.1,+21.2,+21.0,+21.1,+21.2,+21.1
2024-05-26 01:56,4,+35.3,+12.6,+4.1,+8.9,+13.6,+32.2,+20.6,+21.1,+21.2,+21.1,+21.0,+21.2,+21.1
2024-05-26 02:56,4,+35.3,+12.6,+4.1,+9.0,+13.7,+32.2,+20.5,+21.0,+21.1,+21.1,+21.0,+21.2,+21.1
2024-05-26 03:56,4,+35.3,+12.6,+4.1,+8.9,+13.6,+32.2,+20.3,+20.8,+21.1,+21.1,+21.1,+21.2,+21.1
2024-05-26 04:56,4,+35.2,+12.6,+4.1,+8.9,+13.6,+32.2,+20.2,+20.8,+21.1,+21.1,+21.1,+21.2,+21.1
2024-05-26 05:56,4,+35.2,+12.6,+4.1,+9.0,+13.7,+32.2,+20.2,+20.7,+21.1,+21.1,+21.1,+21.2,+21.1
2024-05-26 06:56,4,+35.2,+12.6,+4.1,+8.9,+13.6,+32.2,+20.1,+20.7,+21.1,+21.1,+21.1,+21.2,+21.1
2024-05-26 07:56,4,+35.2,+12.6,+4.1,+8.9,+13.6,+32.1,+20.1,+20.6,+21.0,+21.1,+21.1,+21.2,+21.1
2024-05-26 08:56,4,+35.2,+12.5,+4.1,+9.0,+13.7,+32.1,+20.1,+20.6,+21.0,+21.1,+21.1,+21.2,+21.1
2024-05-26 09:56,4,+35.1,+12.5,+4.1,+8.8,+13.6,+32.1,+20.3,+20.6,+21.0,+21.1,+21.1,+21.2,+21.1
2024-05-26 10:56,4,+35.1,+12.5,+4.1,+8.8,+13.6,+32.1,+20.3,+20.6,+21.0,+21.1,+21.1,+21.2,+21.1
2024-05-26 11:56,4,+35.1,+12.5,+4.1,+8.9,+13.7,+32.1,+20.6,+20.6,+20.8,+21.1,+21.1,+21.2,+21.1
2024-05-26 12:56,4,+35.0,+12.5,+4.1,+8.8,+13.6,+32.1,+20.7,+20.6,+20.8,+21.1,+21.1,+21.2,+21.1
2024-05-26 13:56,4,+35.0,+12.5,+4.1,+8.9,+13.7,+32.1,+21.1,+20.7,+20.8,+21.0,+21.0,+21.2,+21.1
2024-05-26 14:56,4,+35.0,+12.5,+4.1,+8.9,+13.7,+32.1,+21.5,+20.8,+20.8,+21.1,+21.0,+21.2,+21.1
2024-05-26 15:56,4,+34.9,+12.5,+4.1,+8.8,+13.6,+32.0,+21.7,+21.0,+20.8,+21.0,+21.0,+21.2,+21.0
2024-05-26 16:56,4,+34.9,+12.5,+4.1,+8.9,+13.7,+32.0,+22.2,+21.1,+20.8,+21.0,+21.0,+21.2,+21.1
2024-05-26 17:56,4,+34.9,+12.5,+4.1,+8.9,+13.7,+32.0,+22.2,+21.2,+21.0,+21.0,+21.0,+21.2,+21.1
2024-05-26 18:56,4,+34.9,+12.5,+4.1,+8.8,+13.6,+32.0,+22.1,+21.3,+21.0,+21.0,+21.0,+21.2,+21.1
2024-05-26 19:56,4,+34.9,+12.5,+4.1,+8.9,+13.6,+32.0,+21.8,+21.5,+21.1,+21.0,+21.1,+21.2,+21.1
2024-05-26 20:56,4,+34.9,+12.5,+4.1,+9.0,+13.7,+32.0,+21.6,+21.5,+21.1,+21.0,+21.1,+21.2,+21.2
2024-05-26 21:56,4,+34.9,+12.6,+4.2,+8.9,+13.6,+31.9,+21.3,+21.5,+21.1,+21.1,+21.1,+21.2,+21.2
2024-05-26 22:56,4,+34.8,+12.5,+4.1,+8.9,+13.6,+31.9,+21.2,+21.3,+21.2,+21.1,+21.1,+21.2,+21.2
2024-05-26 23:56,4,+34.8,+12.6,+4.2,+8.9,+13.6,+31.9,+21.0,+21.3,+21.2,+21.1,+21.1,+21.3,+21.2
2024-05-27 00:56,4,+34.8,+12.5,+4.1,+9.0,+13.7,+31.9,+20.8,+21.2,+21.2,+21.1,+21.1,+21.3,+21.2
2024-05-27 01:56,4,+34.7,+12.5,+4.2,+9.0,+13.7,+31.9,+20.6,+21.1,+21.1,+21.1,+21.1,+21.3,+21.2
2024-05-27 02:56,4,+34.7,+12.5,+4.2,+9.0,+13.7,+31.8,+20.5,+21.1,+21.2,+21.1,+21.1,+21.2,+21.2
2024-05-27 03:56,4,+34.7,+12.5,+4.2,+9.0,+13.7,+31.8,+20.3,+21.0,+21.2,+21.1,+21.1,+21.3,+21.2
2024-05-27 04:56,4,+34.7,+12.5,+4.1,+9.0,+13.7,+31.8,+20.2,+20.8,+21.1,+21.1,+21.1,+21.2,+21.2
2024-05-27 05:56,4,+34.7,+12.5,+4.1,+8.8,+13.6,+31.8,+20.1,+20.8,+21.1,+21.1,+21.1,+21.3,+21.2
2024-05-27 06:56,4,+34.6,+12.5,+4.1,+8.9,+13.6,+31.8,+20.1,+20.7,+21.1,+21.1,+21.1,+21.3,+21.2
2024-05-27 07:56,4,+34.6,+12.5,+4.2,+8.9,+13.7,+31.8,+20.0,+20.6,+21.1,+21.2,+21.1,+21.3,+21.2
2024-05-27 08:56,4,+34.5,+12.5,+4.1,+8.8,+13.6,+31.7,+20.0,+20.6,+21.0,+21.1,+21.2,+21.3,+21.2
2024-05-27 09:56,4,+34.5,+12.5,+4.1,+8.8,+13.6,+31.7,+20.0,+20.5,+21.0,+21.1,+21.1,+21.3,+21.1
2024-05-27 10:56,4,+34.5,+12.5,+4.1,+8.8,+13.6,+31.7,+20.1,+20.5,+21.0,+21.1,+21.2,+21.3,+21.1
2024-05-27 11:56,4,+34.4,+12.5,+4.1,+8.8,+13.6,+31.7,+20.2,+20.5,+21.0,+21.1,+21.1,+21.2,+21.1
2024-05-27 12:56,4,+34.4,+12.5,+4.1,+8.9,+13.6,+31.7,+20.3,+20.5,+21.0,+21.1,+21.1,+21.2,+21.1
2024-05-27 13:56,4,+34.3,+12.5,+4.1,+8.9,+13.6,+31.7,+20.6,+20.5,+20.8,+21.1,+21.1,+21.2,+21.1
2024-05-27 14:56,4,+34.3,+12.5,+4.1,+8.8,+13.6,+31.6,+21.1,+20.6,+20.8,+21.1,+21.1,+21.2,+21.1
2024-05-27 15:56,4,+34.3,+12.5,+4.1,+8.8,+13.6,+31.6,+21.3,+20.7,+20.8,+21.0,+21.1,+21.2,+21.1
2024-05-27 16:56,4,+34.3,+12.5,+4.1,+8.8,+13.6,+31.6,+21.3,+20.8,+20.8,+21.0,+21.1,+21.2,+21.1
2024-05-27 17:56,4,+34.3,+12.5,+4.1,+8.7,+13.6,+31.6,+21.3,+21.0,+21.0,+21.0,+21.1,+21.2,+21.1
2024-05-27 18:56,4,+34.3,+12.5,+4.1,+8.8,+13.6,+31.6,+21.2,+21.0,+20.8,+21.1,+21.1,+21.2,+21.1
2024-05-27 19:56,4,+34.3,+12.4,+4.1,+8.8,+13.6,+31.5,+21.1,+21.1,+21.0,+21.0,+21.1,+21.2,+21.1
2024-05-27 20:56,4,+34.3,+12.5,+4.1,+8.8,+13.6,+31.5,+21.0,+21.1,+21.0,+21.0,+21.1,+21.2,+21.1
2024-05-27 21:56,4,+34.2,+12.5,+4.1,+8.8,+13.6,+31.5,+20.8,+21.0,+21.0,+21.1,+21.1,+21.2,+21.1
2024-05-27 22:56,4,+34.2,+12.5,+4.1,+8.9,+13.6,+31.5,+20.6,+21.0,+21.0,+21.0,+21.1,+21.2,+21.2
2024-05-27 23:56,4,+34.2,+12.5,+4.1,+9.0,+13.6,+31.5,+20.5,+20.8,+21.0,+21.0,+21.1,+21.2,+21.2
2024-05-28 00:56,4,+34.2,+12.5,+4.1,+8.9,+13.6,+31.5,+20.3,+20.8,+21.1,+21.1,+21.1,+21.2,+21.1
2024-05-28 01:56,4,+34.1,+12.5,+4.1,+8.9,+13.6,+31.5,+20.2,+20.8,+21.0,+21.0,+21.1,+21.2,+21.1
2024-05-28 02:56,4,+34.1,+12.4,+4.1,+8.9,+13.6,+31.4,+20.1,+20.7,+21.0,+21.0,+21.1,+21.2,+21.1
2024-05-28 03:56,4,+34.1,+12.4,+4.1,+9.0,+13.6,+31.4,+20.0,+20.6,+21.0,+21.0,+21.1,+21.2,+21.1
2024-05-28 04:56,4,+34.1,+12.4,+4.1,+9.0,+13.6,+31.4,+20.0,+20.6,+21.0,+21.1,+21.1,+21.2,+21.2
2024-05-28 05:56,4,+34.1,+12.4,+4.1,+8.9,+13.6,+31.4,+19.8,+20.5,+21.0,+21.0,+21.1,+21.2,+21.1
2024-05-28 06:56,4,+34.1,+12.4,+4.1,+9.1,+13.6,+31.4,+19.7,+20.5,+20.8,+21.0,+21.1,+21.2,+21.1
2024-05-28 07:56,4,+34.0,+12.4,+4.1,+9.0,+13.6,+31.3,+19.8,+20.3,+20.8,+21.0,+21.0,+21.2,+21.1
2024-05-28 08:56,4,+34.0,+12.4,+4.1,+9.0,+13.6,+31.3,+19.8,+20.3,+20.8,+21.0,+21.0,+21.2,+21.1
2024-05-28 09:56,4,+34.0,+12.4,+4.1,+8.9,+13.8,+31.2,+20.1,+20.3,+20.7,+21.0,+21.1,+21.2,+21.1
2024-05-28 10:56,4,+34.0,+12.4,+4.1,+9.0,+13.9,+31.2,+20.2,+20.3,+20.7,+21.1,+21.1,+21.2,+21.1
2024-05-28 11:56,4,+34.0,+12.4,+4.0,+8.9,+13.9,+31.2,+20.3,+20.5,+20.7,+21.0,+21.0,+21.2,+21.1
2024-05-28 12:56,4,+34.0,+12.4,+4.0,+9.0,+13.9,+31.2,+20.6,+20.5,+20.7,+21.0,+21.0,+21.2,+21.1
2024-05-28 13:56,4,+34.0,+12.4,+4.0,+9.0,+13.9,+31.1,+20.7,+20.5,+20.7,+21.0,+21.0,+21.2,+21.1
2024-05-28 14:56,4,+34.0,+12.4,+4.0,+8.9,+13.9,+31.1,+20.8,+20.6,+20.7,+21.0,+21.0,+21.1,+21.1
2024-05-28 15:56,4,+40.6,+14.8,+4.3,+9.4,+14.0,+31.2,+20.8,+20.7,+20.7,+21.0,+21.0,+21.1,+21.0
2024-05-28 16:56,4,+41.5,+12.5,+4.1,+9.1,+14.0,+31.8,+20.6,+20.7,+20.7,+21.0,+21.0,+21.1,+21.0
2024-05-28 17:56,4,+40.3,+12.5,+4.1,+9.1,+14.0,+31.9,+20.5,+20.7,+20.8,+21.0,+21.0,+21.1,+21.0
2024-05-28 18:56,4,+39.7,+12.6,+4.1,+9.1,+14.0,+32.0,+20.3,+20.7,+20.8,+21.0,+21.0,+21.1,+21.1
2024-05-28 19:56,4,+39.3,+12.7,+4.1,+9.0,+13.9,+32.0,+20.1,+20.6,+20.8,+21.0,+21.0,+21.1,+21.1
2024-05-28 20:56,4,+39.1,+12.7,+4.1,+9.1,+14.0,+32.1,+20.1,+20.6,+20.8,+20.8,+21.0,+21.1,+21.0
2024-05-28 21:56,4,+38.9,+12.7,+4.1,+9.1,+14.0,+32.1,+20.0,+20.5,+20.7,+20.8,+20.8,+21.1,+21.0
2024-05-28 22:56,4,+38.8,+12.7,+4.1,+9.1,+14.0,+32.1,+19.8,+20.5,+20.7,+20.8,+21.0,+21.1,+21.0
2024-05-28 23:56,4,+38.7,+12.7,+4.1,+8.9,+13.9,+32.0,+19.8,+20.3,+20.7,+20.8,+20.8,+21.1,+21.0
2024-05-29 00:56,4,+38.6,+12.7,+4.1,+8.9,+13.9,+32.0,+19.8,+20.3,+20.7,+20.8,+21.0,+21.1,+21.1
2024-05-29 01:56,4,+38.5,+12.7,+4.0,+9.0,+14.0,+32.0,+19.7,+20.3,+20.7,+20.8,+20.8,+21.0,+21.0
2024-05-29 02:56,4,+38.5,+12.8,+4.0,+8.9,+13.9,+32.0,+19.7,+20.2,+20.6,+20.8,+20.8,+21.1,+21.0
2024-05-29 03:56,4,+38.4,+12.7,+4.1,+8.9,+13.9,+32.0,+19.7,+20.2,+20.6,+20.8,+20.8,+21.0,+21.0
2024-05-29 04:56,4,+38.3,+12.8,+4.0,+8.9,+13.9,+32.0,+19.7,+20.1,+20.6,+20.8,+20.8,+21.1,+21.1
2024-05-29 05:56,4,+38.3,+12.8,+4.1,+9.0,+13.9,+32.0,+19.7,+20.1,+20.6,+20.8,+20.8,+21.0,+21.0
2024-05-29 06:56,4,+38.7,+12.8,+4.0,+9.0,+13.9,+32.0,+19.6,+20.1,+20.6,+20.8,+20.8,+21.0,+21.0
2024-05-29 07:56,4,+38.8,+12.8,+4.0,+9.0,+13.9,+32.0,+19.6,+20.1,+20.5,+20.7,+20.8,+21.0,+21.0
2024-05-29 08:56,4,+38.8,+12.8,+4.0,+8.9,+13.9,+32.0,+19.6,+20.1,+20.5,+20.8,+20.8,+21.0,+21.0
2024-05-29 09:56,4,+38.8,+12.8,+4.1,+9.0,+13.9,+32.0,+19.7,+20.0,+20.5,+20.8,+20.8,+21.0,+21.0
2024-05-29 10:56,4,+38.7,+12.8,+4.0,+9.0,+14.0,+32.0,+20.0,+20.1,+20.5,+20.7,+20.8,+21.0,+21.0
2024-05-29 11:56,4,+38.7,+12.8,+4.0,+9.0,+13.9,+32.0,+20.1,+20.1,+20.5,+20.7,+20.8,+21.0,+21.0
2024-05-29 12:56,4,+38.6,+12.8,+4.0,+9.0,+13.9,+32.0,+20.3,+20.2,+20.5,+20.7,+20.8,+21.0,+21.0
2024-05-29 13:56,4,+38.5,+12.8,+4.0,+8.9,+13.9,+31.9,+20.6,+20.2,+20.5,+20.7,+20.8,+21.0,+21.0
2024-05-29 14:56,4,+38.5,+12.8,+4.0,+9.0,+13.9,+31.9,+20.6,+20.3,+20.5,+20.7,+20.7,+21.0,+21.0
2024-05-29 15:56,4,+38.5,+12.8,+4.0,+8.9,+13.9,+31.9,+20.7,+20.5,+20.5,+20.7,+20.8,+21.0,+21.0
2024-05-29 16:56,4,+38.4,+12.8,+4.1,+9.0,+13.9,+31.9,+20.7,+20.5,+20.5,+20.7,+20.7,+21.0,+20.8
2024-05-29 17:56,4,+38.4,+12.9,+4.1,+8.9,+13.9,+31.9,+20.6,+20.5,+20.5,+20.7,+20.7,+20.8,+21.0
2024-05-29 18:56,4,+38.4,+12.8,+4.1,+9.0,+13.9,+31.9,+20.6,+20.6,+20.6,+20.7,+20.7,+20.8,+20.8
2024-05-29 19:56,4,+38.3,+12.9,+4.1,+8.9,+13.9,+31.9,+20.5,+20.6,+20.6,+20.7,+20.7,+21.0,+21.0
2024-05-29 20:56,4,+38.3,+12.9,+4.1,+9.0,+13.9,+31.9,+20.5,+20.6,+20.6,+20.7,+20.7,+20.8,+21.0
2024-05-29 21:56,4,+38.3,+12.9,+4.1,+9.0,+13.9,+31.9,+20.5,+20.6,+20.6,+20.7,+20.7,+20.8,+21.0
2024-05-29 22:56,4,+40.6,+13.3,+4.1,+8.9,+13.9,+31.9,+20.3,+20.6,+20.6,+20.7,+20.7,+21.0,+20.8
2024-05-29 23:56,4,+44.7,+13.4,+4.2,+9.0,+13.9,+32.4,+20.3,+20.5,+20.6,+20.7,+20.7,+20.8,+20.8
2024-05-30 00:56,4,+44.6,+14.1,+4.2,+9.0,+14.0,+32.5,+20.2,+20.5,+20.7,+20.7,+20.7,+20.8,+20.8
2024-05-30 01:56,4,+44.1,+14.3,+4.4,+8.9,+13.9,+32.5,+20.1,+20.5,+20.6,+20.6,+20.7,+20.8,+20.8
2024-05-30 02:56,4,+45.8,+15.0,+4.9,+8.9,+13.9,+32.5,+20.0,+20.3,+20.6,+20.7,+20.7,+20.8,+21.0
2024-05-30 03:56,4,+44.9,+14.8,+5.3,+9.4,+14.0,+32.6,+19.8,+20.3,+20.6,+20.7,+20.7,+20.8,+20.8
2024-05-30 04:56,4,+43.1,+14.5,+5.3,+10.3,+14.1,+32.6,+19.7,+20.2,+20.6,+20.6,+20.7,+20.8,+20.8
2024-05-30 05:56,4,+41.7,+14.3,+5.3,+10.4,+14.7,+32.6,+19.7,+20.1,+20.6,+20.6,+20.7,+20.8,+21.0
2024-05-30 06:56,4,+41.3,+14.1,+5.2,+10.5,+15.2,+32.7,+19.7,+20.1,+20.5,+20.6,+20.7,+20.8,+20.8
2024-05-30 07:56,4,+40.7,+14.0,+5.1,+10.4,+15.4,+32.9,+19.7,+20.1,+20.5,+20.7,+20.7,+20.8,+20.8
2024-05-30 08:56,4,+40.3,+13.9,+5.1,+10.5,+15.5,+33.3,+19.8,+20.1,+20.5,+20.6,+20.7,+20.8,+20.8
2024-05-30 09:56,4,+40.1,+13.8,+5.0,+10.4,+15.5,+33.5,+20.0,+20.1,+20.5,+20.6,+20.7,+20.8,+20.8
2024-05-30 10:56,4,+39.9,+13.8,+5.0,+10.3,+15.5,+33.7,+20.2,+20.1,+20.5,+20.6,+20.6,+20.8,+20.8
2024-05-30 11:56,4,+39.8,+13.7,+5.0,+10.2,+15.5,+33.8,+20.5,+20.2,+20.5,+20.6,+20.7,+20.8,+20.8
2024-05-30 12:56,4,+44.4,+14.9,+5.0,+10.2,+15.4,+33.8,+20.6,+20.2,+20.5,+20.6,+20.7,+20.8,+20.8
2024-05-30 13:56,4,+42.8,+14.0,+5.0,+10.3,+15.6,+34.1,+20.7,+20.3,+20.3,+20.6,+20.7,+20.8,+20.8
2024-05-30 14:56,4,+44.4,+14.2,+5.0,+10.2,+15.6,+34.2,+20.7,+20.5,+20.5,+20.6,+20.6,+20.7,+20.8
2024-05-30 15:56,4,+42.6,+14.2,+5.1,+10.4,+15.7,+34.2,+20.6,+20.5,+20.5,+20.5,+20.6,+20.8,+20.8
2024-05-30 16:56,4,+41.5,+14.1,+5.1,+10.3,+15.7,+34.2,+20.6,+20.5,+20.5,+20.6,+20.6,+20.8,+20.8
2024-05-30 17:56,4,+40.9,+14.0,+5.1,+10.3,+15.7,+34.3,+20.6,+20.6,+20.5,+20.6,+20.6,+20.7,+20.8
2024-05-30 18:56,4,+41.3,+14.0,+5.1,+10.3,+15.7,+34.4,+20.5,+20.5,+20.6,+20.6,+20.6,+20.7,+20.8
2024-05-30 19:56,4,+40.9,+13.9,+5.0,+10.3,+15.7,+34.4,+20.5,+20.5,+20.5,+20.6,+20.6,+20.8,+20.8
2024-05-30 20:56,4,+41.0,+13.9,+5.0,+10.4,+15.8,+34.4,+20.3,+20.5,+20.5,+20.6,+20.6,+20.8,+20.8
2024-05-30 21:56,4,+40.7,+13.9,+5.0,+10.2,+15.7,+34.4,+20.3,+20.5,+20.6,+20.6,+20.6,+20.7,+20.8
2024-05-30 22:56,4,+40.5,+13.8,+5.0,+10.3,+15.7,+34.4,+20.2,+20.5,+20.6,+20.6,+20.6,+20.8,+20.8
2024-05-30 23:56,4,+40.3,+13.8,+5.0,+10.3,+15.7,+34.4,+20.1,+20.5,+20.6,+20.6,+20.6,+20.7,+20.8
2024-05-31 00:56,4,+40.1,+13.8,+4.9,+10.3,+15.7,+34.4,+20.1,+20.3,+20.6,+20.6,+20.6,+20.7,+20.8
2024-05-31 01:56,4,+40.0,+13.7,+4.9,+10.2,+15.6,+34.3,+20.0,+20.3,+20.6,+20.6,+20.6,+20.7,+20.7
2024-05-31 02:56,4,+39.8,+13.7,+4.9,+10.2,+15.7,+34.4,+20.0,+20.3,+20.6,+20.6,+20.6,+20.8,+20.7
2024-05-31 03:56,4,+39.7,+13.6,+4.9,+10.2,+15.6,+34.3,+19.8,+20.2,+20.5,+20.6,+20.6,+20.7,+20.8
2024-05-31 04:56,4,+39.7,+13.6,+4.9,+10.1,+15.5,+34.3,+19.8,+20.2,+20.5,+20.6,+20.6,+20.7,+20.8
2024-05-31 05:56,4,+39.6,+13.6,+4.8,+10.2,+15.6,+34.3,+19.7,+20.2,+20.5,+20.6,+20.6,+20.7,+20.8
2024-05-31 06:56,4,+39.5,+13.6,+4.8,+10.2,+15.6,+34.3,+19.7,+20.1,+20.5,+20.6,+20.6,+20.7,+20.7
2024-05-31 07:56,4,+39.5,+13.5,+4.8,+10.1,+15.5,+34.3,+19.7,+20.1,+20.5,+20.6,+20.6,+20.7,+20.7
2024-05-31 08:56,4,+39.4,+13.5,+4.8,+10.0,+15.5,+34.2,+19.8,+20.1,+20.5,+20.6,+20.6,+20.7,+20.7
2024-05-31 09:56,4,+39.4,+13.5,+4.7,+10.0,+15.5,+34.2,+20.0,+20.1,+20.5,+20.6,+20.6,+20.7,+20.7
2024-05-31 10:56,4,+39.3,+13.5,+4.7,+9.9,+15.5,+34.1,+20.2,+20.1,+20.5,+20.6,+20.6,+20.7,+20.7
2024-05-31 11:56,4,+39.3,+13.5,+4.7,+9.9,+15.4,+34.1,+20.5,+20.2,+20.3,+20.5,+20.6,+20.7,+20.7
2024-05-31 12:56,4,+39.3,+13.4,+4.7,+10.0,+15.4,+34.1,+20.6,+20.3,+20.5,+20.5,+20.6,+20.7,+20.7
2024-05-31 13:56,4,+39.2,+13.4,+4.7,+10.0,+15.4,+34.1,+20.8,+20.3,+20.5,+20.6,+20.6,+20.7,+20.7
2024-05-31 14:56,4,+39.2,+13.4,+4.7,+9.9,+15.4,+34.1,+21.1,+20.5,+20.5,+20.6,+20.6,+20.7,+20.7
2024-05-31 15:56,4,+39.1,+13.4,+4.7,+9.8,+15.4,+34.1,+21.1,+20.5,+20.5,+20.5,+20.6,+20.7,+20.7
2024-05-31 16:56,4,+39.1,+13.4,+4.6,+9.9,+15.4,+34.1,+21.1,+20.6,+20.5,+20.5,+20.6,+20.7,+20.7
2024-05-31 17:56,4,+39.1,+13.4,+4.6,+9.8,+15.3,+34.0,+21.0,+20.7,+20.6,+20.5,+20.6,+20.7,+20.7
2024-05-31 18:56,4,+39.1,+13.4,+4.6,+9.9,+15.4,+34.0,+20.7,+20.7,+20.6,+20.6,+20.6,+20.8,+20.8
2024-05-31 19:56,4,+39.0,+13.4,+4.6,+9.9,+15.3,+34.0,+20.6,+20.7,+20.6,+20.6,+20.6,+20.7,+20.8
2024-05-31 20:56,4,+39.0,+13.3,+4.6,+9.9,+15.3,+34.0,+20.6,+20.7,+20.6,+20.6,+20.6,+20.7,+20.8
2024-05-31 21:56,4,+38.9,+13.3,+4.6,+9.9,+15.3,+34.0,+20.5,+20.6,+20.6,+20.6,+20.6,+20.7,+20.8
2024-05-31 22:56,4,+38.9,+13.3,+4.6,+9.9,+15.3,+34.0,+20.3,+20.6,+20.6,+20.6,+20.6,+20.8,+20.8
2024-05-31 23:56,4,+38.9,+13.3,+4.6,+9.9,+15.3,+33.9,+20.2,+20.6,+20.7,+20.6,+20.6,+20.8,+20.8
2024-06-01 00:56,4,+38.9,+13.3,+4.6,+9.9,+15.2,+33.9,+20.2,+20.5,+20.6,+20.6,+20.6,+20.8,+20.8
2024-06-01 01:56,4,+38.8,+13.3,+4.6,+9.7,+15.2,+33.9,+20.1,+20.5,+20.6,+20.6,+20.7,+20.8,+20.8
2024-06-01 02:56,4,+38.8,+13.3,+4.6,+9.7,+15.2,+33.8,+20.1,+20.3,+20.6,+20.6,+20.6,+20.8,+20.8
2024-06-01 03:56,4,+38.8,+13.3,+4.6,+9.8,+15.2,+33.9,+20.0,+20.3,+20.6,+20.6,+20.6,+20.7,+20.8
2024-06-01 04:56,4,+38.7,+13.3,+4.6,+9.8,+15.2,+33.8,+20.0,+20.3,+20.6,+20.6,+20.6,+20.7,+20.8
2024-06-01 05:56,4,+38.7,+13.3,+4.6,+9.8,+15.2,+33.8,+20.0,+20.2,+20.6,+20.6,+20.6,+20.8,+20.8
2024-06-01 06:56,4,+38.7,+13.3,+4.6,+9.8,+15.2,+33.8,+20.0,+20.2,+20.6,+20.6,+20.6,+20.7,+20.8
2024-06-01 07:56,4,+38.7,+13.3,+4.5,+9.8,+15.2,+33.8,+20.0,+20.2,+20.5,+20.6,+20.6,+20.8,+20.7
2024-06-01 08:56,4,+38.7,+13.2,+4.6,+9.8,+15.2,+33.8,+20.0,+20.2,+20.5,+20.6,+20.6,+20.8,+20.8
2024-06-01 09:56,4,+38.7,+13.2,+4.5,+9.6,+15.1,+33.7,+20.1,+20.2,+20.5,+20.6,+20.6,+20.7,+20.7
2024-06-01 10:56,4,+38.6,+13.2,+4.5,+9.6,+15.1,+33.7,+20.2,+20.2,+20.5,+20.6,+20.6,+20.8,+20.8
2024-06-01 11:56,4,+38.6,+13.2,+4.5,+9.7,+15.1,+33.7,+20.5,+20.2,+20.5,+20.6,+20.7,+20.8,+20.8
2024-06-01 12:56,4,+38.6,+13.2,+4.5,+9.7,+15.1,+33.7,+20.7,+20.3,+20.5,+20.6,+20.6,+20.7,+20.7
2024-06-01 13:56,4,+38.6,+13.2,+4.5,+9.7,+15.1,+33.7,+20.8,+20.5,+20.5,+20.6,+20.6,+20.7,+20.7
2024-06-01 14:56,4,+38.5,+13.2,+4.5,+9.6,+15.1,+33.7,+21.2,+20.5,+20.5,+20.6,+20.6,+20.8,+20.8
2024-06-01 15:56,4,+38.5,+13.2,+4.5,+9.7,+15.1,+33.7,+21.3,+20.7,+20.5,+20.6,+20.6,+20.8,+20.8
2024-06-01 16:56,4,+38.5,+13.2,+4.5,+9.6,+15.0,+33.6,+21.6,+20.7,+20.6,+20.6,+20.7,+20.8,+20.8
2024-06-01 17:56,4,+38.5,+13.2,+4.5,+9.6,+15.0,+33.6,+21.6,+20.8,+20.6,+20.6,+20.7,+20.8,+20.8
2024-06-01 18:56,4,+38.5,+13.2,+4.5,+9.7,+15.1,+33.6,+21.5,+21.1,+20.6,+20.6,+20.6,+20.8,+20.8
2024-06-01 19:56,4,+38.5,+13.2,+4.5,+9.6,+15.0,+33.6,+21.3,+21.1,+20.7,+20.6,+20.7,+20.8,+20.8
2024-06-01 20:56,4,+38.5,+13.2,+4.5,+9.7,+15.0,+33.6,+21.2,+21.1,+20.7,+20.6,+20.6,+20.8,+20.8
2024-06-01 21:56,4,+38.5,+13.2,+4.5,+9.7,+15.0,+33.6,+21.1,+21.1,+20.7,+20.6,+20.7,+20.8,+20.8
2024-06-01 22:56,4,+38.5,+13.2,+4.5,+9.6,+15.0,+33.6,+20.8,+21.0,+20.8,+20.7,+20.6,+20.8,+20.8
2024-06-01 23:56,4,+38.5,+13.2,+4.5,+9.6,+15.0,+33.5,+20.7,+21.0,+20.8,+20.7,+20.7,+20.8,+20.8
2024-06-02 00:56,4,+38.5,+13.2,+4.5,+9.6,+15.0,+33.5,+20.7,+20.8,+20.8,+20.7,+20.7,+20.8,+20.8
2024-06-02 01:56,4,+38.5,+13.2,+4.5,+9.6,+15.0,+33.5,+20.5,+20.8,+20.8,+20.7,+20.7,+21.0,+20.8
2024-06-02 02:56,4,+38.5,+13.2,+4.5,+9.7,+15.0,+33.5,+20.5,+20.8,+20.8,+20.7,+20.7,+20.8,+20.8
2024-06-02 03:56,4,+38.5,+13.2,+4.5,+9.6,+15.0,+33.5,+20.3,+20.7,+20.8,+20.7,+20.7,+21.0,+20.8
2024-06-02 04:56,4,+38.5,+13.2,+4.5,+9.7,+15.0,+33.5,+20.2,+20.6,+20.7,+20.7,+20.7,+21.0,+20.8
2024-06-02 05:56,4,+38.5,+13.2,+4.5,+9.7,+15.0,+33.5,+20.1,+20.6,+20.7,+20.7,+20.7,+21.0,+20.8
2024-06-02 06:56,4,+38.4,+13.2,+4.5,+9.5,+15.0,+33.5,+20.1,+20.6,+20.7,+20.7,+20.7,+20.8,+20.8
2024-06-02 07:56,4,+38.4,+13.2,+4.5,+9.5,+15.0,+33.5,+20.1,+20.5,+20.7,+20.7,+20.7,+21.0,+21.0
2024-06-02 08:56,4,+38.4,+13.1,+4.5,+9.6,+15.0,+33.5,+20.2,+20.5,+20.7,+20.8,+20.7,+20.8,+20.8
2024-06-02 09:56,4,+38.4,+13.1,+4.5,+9.6,+15.0,+33.5,+20.3,+20.5,+20.7,+20.7,+20.7,+20.8,+20.8
2024-06-02 10:56,4,+38.4,+13.1,+4.5,+9.5,+14.9,+33.4,+20.5,+20.5,+20.7,+20.8,+20.7,+20.8,+20.8
2024-06-02 11:56,4,+38.4,+13.1,+4.5,+9.5,+14.9,+33.4,+20.7,+20.5,+20.6,+20.7,+20.7,+20.8,+20.8
2024-06-02 12:56,4,+38.4,+13.1,+4.5,+9.5,+14.9,+33.4,+20.8,+20.6,+20.7,+20.7,+20.7,+21.0,+20.8
2024-06-02 13:56,4,+38.4,+13.1,+4.5,+9.6,+15.0,+33.4,+21.0,+20.7,+20.7,+20.7,+20.7,+20.8,+20.8
2024-06-02 14:56,4,+38.4,+13.1,+4.5,+9.5,+14.9,+33.4,+21.1,+20.7,+20.7,+20.7,+20.7,+20.8,+20.8
2024-06-02 15:56,4,+39.8,+13.2,+4.5,+9.5,+14.9,+33.4,+21.2,+20.7,+20.7,+20.7,+20.7,+20.8,+20.8
2024-06-02 16:56,4,+39.8,+13.2,+4.5,+9.6,+14.9,+33.4,+21.2,+20.8,+20.7,+20.7,+20.7,+20.8,+20.8
2024-06-02 17:56,4,+39.7,+13.2,+4.5,+9.5,+14.9,+33.4,+21.2,+20.8,+20.7,+20.7,+20.7,+20.8,+20.8
2024-06-02 18:56,4,+39.5,+13.2,+4.5,+9.6,+14.9,+33.4,+21.2,+21.0,+20.7,+20.7,+20.7,+20.8,+20.8
2024-06-02 19:56,4,+39.4,+13.2,+4.5,+9.6,+14.9,+33.4,+21.1,+21.0,+20.8,+20.7,+20.7,+20.8,+20.8
2024-06-02 20:56,4,+39.3,+13.2,+4.5,+9.6,+14.9,+33.4,+21.0,+21.0,+20.8,+20.7,+20.7,+20.8,+20.8
2024-06-02 21:56,4,+39.2,+13.2,+4.5,+9.6,+14.9,+33.4,+20.8,+21.0,+20.8,+20.7,+20.8,+20.8,+20.8
2024-06-02 22:56,4,+39.2,+13.2,+4.5,+9.5,+14.9,+33.4,+20.8,+21.0,+20.8,+20.8,+20.7,+21.0,+20.8
2024-06-02 23:56,4,+39.1,+13.2,+4.5,+9.6,+14.9,+33.4,+20.7,+21.0,+20.8,+20.8,+20.7,+20.8,+20.8
2024-06-03 00:56,4,+39.1,+13.2,+4.5,+9.6,+14.9,+33.4,+20.7,+20.8,+21.0,+20.8,+20.7,+21.0,+20.8
2024-06-03 01:56,4,+39.1,+13.2,+4.5,+9.6,+14.9,+33.4,+20.7,+20.8,+21.0,+20.8,+20.7,+21.0,+20.8
2024-06-03 02:56,4,+39.0,+13.2,+4.5,+9.4,+14.8,+33.3,+20.7,+20.8,+20.8,+20.8,+20.7,+20.8,+20.8
2024-06-03 03:56,4,+39.0,+13.2,+4.5,+9.6,+14.9,+33.3,+20.6,+20.8,+20.8,+20.8,+20.7,+20.8,+20.8
2024-06-03 04:56,4,+39.4,+13.2,+4.5,+9.5,+14.9,+33.3,+20.6,+20.7,+20.8,+20.8,+20.8,+21.0,+20.8
2024-06-03 05:56,4,+40.6,+13.3,+4.5,+9.6,+14.9,+33.4,+20.6,+20.8,+20.8,+20.8,+20.7,+20.8,+20.8
2024-06-03 06:56,4,+40.8,+13.3,+4.5,+9.6,+15.0,+33.4,+20.6,+20.7,+20.8,+20.8,+20.8,+21.0,+20.8
2024-06-03 07:56,4,+40.7,+13.3,+4.5,+9.5,+15.0,+33.4,+20.6,+20.7,+20.8,+20.8,+20.7,+20.8,+20.8
2024-06-03 08:56,4,+41.0,+13.3,+4.5,+9.4,+15.0,+33.4,+20.6,+20.7,+20.8,+20.8,+20.7,+21.0,+20.8
2024-06-03 09:56,4,+40.9,+13.3,+4.5,+9.5,+15.1,+33.4,+20.7,+20.7,+20.8,+20.8,+20.8,+21.0,+20.8
2024-06-03 10:56,4,+40.6,+13.3,+4.5,+9.4,+15.0,+33.4,+20.8,+20.7,+20.8,+20.8,+20.8,+20.8,+20.8
2024-06-03 11:56,4,+40.4,+13.4,+4.5,+9.4,+15.0,+33.4,+21.1,+20.8,+20.8,+20.8,+20.7,+21.0,+20.8
2024-06-03 12:56,4,+40.2,+13.4,+4.5,+9.5,+15.1,+33.4,+21.3,+20.8,+20.8,+20.8,+20.7,+21.0,+20.8
2024-06-03 13:56,4,+40.0,+13.4,+4.5,+9.5,+15.1,+33.4,+21.5,+21.0,+20.8,+20.8,+20.8,+21.0,+20.8
2024-06-03 14:56,4,+39.9,+13.4,+4.5,+9.5,+15.1,+33.4,+21.5,+21.0,+20.8,+20.8,+20.8,+20.8,+20.8
2024-06-03 15:56,4,+39.8,+13.4,+4.5,+9.4,+15.0,+33.3,+21.6,+21.1,+21.0,+20.8,+20.7,+21.0,+20.8
2024-06-03 16:56,4,+39.8,+13.4,+4.5,+9.4,+15.0,+33.3,+21.6,+21.1,+21.0,+20.8,+20.8,+21.0,+20.8
2024-06-03 17:56,4,+49.4,+17.6,+4.8,+9.4,+15.0,+33.3,+21.7,+21.3,+21.1,+20.8,+20.8,+21.0,+20.8
2024-06-03 18:56,4,+44.1,+15.3,+5.1,+9.5,+15.1,+33.3,+21.3,+21.3,+21.1,+20.8,+20.7,+21.0,+20.8
2024-06-03 19:56,4,+42.3,+14.8,+5.3,+9.7,+15.0,+33.3,+21.2,+21.3,+21.1,+20.8,+20.8,+21.0,+20.8
2024-06-03 20:56,4,+41.4,+14.6,+5.3,+10.1,+15.1,+33.3,+21.2,+21.3,+21.1,+21.0,+20.8,+21.0,+20.8
2024-06-03 21:56,4,+41.0,+14.4,+5.3,+10.2,+15.4,+33.3,+21.1,+21.2,+21.1,+21.0,+20.8,+21.0,+20.8
2024-06-03 22:56,4,+40.8,+14.3,+5.2,+10.2,+15.5,+33.4,+21.0,+21.2,+21.2,+21.0,+20.8,+21.0,+20.8
2024-06-03 23:56,4,+40.6,+14.2,+5.2,+10.3,+15.7,+33.5,+21.0,+21.1,+21.2,+21.0,+20.8,+21.0,+20.8
2024-06-04 00:56,4,+40.4,+14.2,+5.1,+10.2,+15.7,+33.6,+20.8,+21.1,+21.2,+21.0,+20.8,+21.0,+21.0
2024-06-04 01:56,4,+40.3,+14.1,+5.1,+10.2,+15.7,+33.6,+20.7,+21.1,+21.1,+21.0,+20.8,+21.0,+21.0
2024-06-04 02:56,4,+40.2,+14.1,+5.1,+10.2,+15.8,+33.7,+20.6,+21.0,+21.1,+21.0,+21.0,+21.1,+21.0
2024-06-04 03:56,4,+40.1,+14.0,+5.1,+10.2,+15.8,+33.8,+20.5,+21.0,+21.1,+21.0,+20.8,+21.1,+21.0
2024-06-04 04:56,4,+40.0,+14.0,+5.1,+10.2,+15.8,+33.8,+20.5,+21.0,+21.1,+21.0,+20.8,+21.1,+21.0
2024-06-04 05:56,4,+39.9,+14.0,+5.0,+10.2,+15.8,+33.8,+20.3,+20.8,+21.1,+21.1,+20.8,+21.1,+21.0
2024-06-04 06:56,4,+39.9,+13.9,+5.0,+10.1,+15.7,+33.8,+20.3,+20.8,+21.1,+21.0,+21.0,+21.0,+21.0
2024-06-04 07:56,4,+39.8,+13.9,+5.0,+10.1,+15.7,+33.8,+20.3,+20.7,+21.0,+21.0,+20.8,+21.0,+21.0
2024-06-04 08:56,4,+39.8,+13.9,+5.0,+10.1,+15.7,+33.8,+20.5,+20.7,+21.0,+21.1,+21.0,+21.1,+21.0
2024-06-04 09:56,4,+39.8,+13.8,+5.0,+10.1,+15.7,+33.8,+20.6,+20.7,+21.0,+21.1,+20.8,+21.1,+21.0
2024-06-04 10:56,4,+39.7,+13.8,+4.9,+10.0,+15.7,+33.8,+20.7,+20.7,+21.0,+21.0,+21.0,+21.1,+21.0
2024-06-04 11:56,4,+39.7,+13.8,+4.9,+10.0,+15.7,+33.8,+21.0,+20.7,+21.0,+21.0,+21.0,+21.1,+21.0
2024-06-04 12:56,4,+39.7,+13.8,+4.9,+10.1,+15.7,+33.8,+21.1,+20.8,+21.0,+21.0,+20.8,+21.0,+21.0
2024-06-04 13:56,4,+39.7,+13.8,+4.9,+10.1,+15.7,+33.8,+21.2,+20.8,+21.0,+21.0,+21.0,+21.1,+21.0
2024-06-04 14:56,4,+39.6,+13.8,+4.9,+10.0,+15.6,+33.7,+21.3,+21.0,+21.0,+21.0,+20.8,+21.1,+21.0
2024-06-04 15:56,4,+49.0,+16.2,+4.9,+10.0,+15.6,+33.7,+21.3,+21.1,+21.0,+21.0,+21.0,+21.0,+21.0
2024-06-04 16:56,4,+44.2,+15.2,+5.4,+10.2,+15.6,+33.7,+21.1,+21.1,+21.0,+21.0,+20.8,+21.1,+20.8
2024-06-04 17:56,4,+47.0,+16.0,+5.8,+11.0,+16.3,+33.8,+20.8,+21.1,+21.0,+21.0,+21.0,+21.0,+21.0
2024-06-04 18:56,4,+44.1,+15.2,+5.6,+11.1,+16.8,+34.8,+20.5,+21.0,+21.0,+21.0,+21.0,+21.0,+21.0
2024-06-04 19:56,4,+42.8,+14.9,+5.5,+10.9,+16.8,+34.9,+20.3,+20.8,+21.1,+21.0,+20.8,+21.1,+21.0
2024-06-04 20:56,4,+42.2,+14.7,+5.4,+10.8,+16.7,+34.8,+20.2,+20.7,+21.1,+21.0,+21.0,+21.1,+21.0
2024-06-04 21:56,4,+41.7,+14.6,+5.4,+10.7,+16.6,+34.7,+20.1,+20.7,+21.0,+21.0,+21.0,+21.1,+21.0
2024-06-04 22:56,4,+41.2,+14.4,+5.3,+10.7,+16.5,+34.7,+20.1,+20.6,+21.0,+21.0,+21.0,+21.1,+21.0
2024-06-04 23:56,4,+40.9,+14.3,+5.2,+10.5,+16.1,+34.6,+20.1,+20.6,+21.0,+21.0,+21.0,+21.1,+21.0
2024-06-05 00:56,4,+40.7,+14.3,+5.2,+10.5,+16.1,+34.5,+20.1,+20.5,+20.8,+21.0,+21.0,+21.1,+21.0
2024-06-05 01:56,4,+40.5,+14.2,+5.2,+10.4,+16.0,+34.4,+20.0,+20.5,+20.8,+21.0,+21.0,+21.1,+21.0
2024-06-05 02:56,4,+40.4,+14.1,+5.1,+10.3,+15.9,+34.4,+19.8,+20.5,+20.8,+21.0,+21.0,+21.1,+21.0
2024-06-05 03:56,4,+40.3,+14.1,+5.1,+10.4,+15.9,+34.4,+19.8,+20.3,+20.8,+21.0,+20.8,+21.1,+21.0
2024-06-05 04:56,4,+40.2,+14.0,+5.1,+10.3,+15.9,+34.3,+19.8,+20.3,+20.8,+21.0,+20.8,+21.1,+21.0
2024-06-05 05:56,4,+40.1,+14.0,+5.0,+10.2,+15.8,+34.2,+19.7,+20.3,+20.7,+20.8,+20.8,+21.1,+21.0
2024-06-05 06:56,4,+40.0,+14.0,+5.0,+10.3,+15.8,+34.2,+19.7,+20.2,+20.7,+20.8,+20.8,+21.1,+21.0
2024-06-05 07:56,4,+39.9,+13.9,+5.0,+10.2,+15.7,+34.1,+19.7,+20.2,+20.7,+20.8,+20.8,+21.1,+21.0
2024-06-05 08:56,4,+39.9,+13.9,+4.9,+10.1,+15.7,+34.1,+19.8,+20.2,+20.7,+20.8,+20.8,+21.1,+21.0
2024-06-05 09:56,4,+39.8,+13.9,+4.9,+10.1,+15.6,+34.1,+20.0,+20.2,+20.6,+20.8,+20.8,+21.0,+21.0
2024-06-05 10:56,4,+39.8,+13.8,+4.9,+10.2,+15.7,+34.1,+20.1,+20.2,+20.6,+20.8,+20.8,+21.0,+21.0
2024-06-05 11:56,4,+39.8,+13.8,+4.9,+10.0,+15.5,+34.0,+20.3,+20.2,+20.6,+20.8,+20.8,+21.0,+21.0
2024-06-05 12:56,4,+39.8,+13.8,+4.9,+10.1,+15.6,+34.0,+20.5,+20.3,+20.6,+20.7,+20.8,+21.0,+21.0
2024-06-05 13:56,4,+48.6,+17.8,+5.3,+10.1,+15.6,+33.9,+20.5,+20.5,+20.6,+20.7,+20.8,+21.0,+21.0
2024-06-05 14:56,4,+45.5,+15.4,+5.6,+10.9,+16.3,+34.2,+20.2,+20.5,+20.6,+20.7,+20.8,+21.0,+21.0
2024-06-05 15:56,4,+42.3,+14.8,+5.4,+10.9,+16.4,+34.6,+20.2,+20.3,+20.6,+20.7,+20.7,+21.0,+20.8
2024-06-05 16:56,4,+46.6,+15.0,+5.4,+10.8,+16.4,+34.7,+20.2,+20.3,+20.6,+20.7,+20.7,+21.0,+20.8
2024-06-05 17:56,4,+43.9,+14.9,+5.4,+10.8,+16.4,+34.6,+20.2,+20.3,+20.5,+20.6,+20.7,+21.0,+20.8
2024-06-05 18:56,4,+42.1,+14.6,+5.3,+10.7,+16.3,+34.6,+20.1,+20.3,+20.6,+20.7,+20.7,+21.0,+21.0
2024-06-05 19:56,4,+41.4,+14.5,+5.3,+10.6,+16.3,+34.6,+20.1,+20.3,+20.5,+20.7,+20.7,+20.8,+20.8
2024-06-05 20:56,4,+41.0,+14.3,+5.2,+10.6,+16.2,+34.5,+20.0,+20.3,+20.5,+20.6,+20.7,+21.0,+20.8
2024-06-05 21:56,4,+40.8,+14.2,+5.2,+10.4,+16.1,+34.4,+20.0,+20.2,+20.5,+20.6,+20.7,+20.8,+20.8
2024-06-05 22:56,4,+40.6,+14.2,+5.1,+10.5,+16.1,+34.4,+20.0,+20.2,+20.5,+20.6,+20.7,+20.8,+20.8
2024-06-05 23:56,4,+40.4,+14.1,+5.1,+10.4,+16.0,+34.3,+20.0,+20.2,+20.5,+20.6,+20.7,+20.8,+20.8
2024-06-06 00:56,4,+40.4,+14.1,+5.0,+10.4,+15.9,+34.2,+20.0,+20.2,+20.5,+20.7,+20.7,+20.8,+20.8
2024-06-06 01:56,4,+40.3,+14.0,+5.0,+10.2,+15.8,+34.2,+20.0,+20.2,+20.5,+20.6,+20.6,+20.8,+20.8
2024-06-06 02:56,4,+40.2,+14.0,+5.0,+10.2,+15.8,+34.1,+19.8,+20.2,+20.5,+20.6,+20.7,+20.8,+20.8
2024-06-06 03:56,4,+40.2,+14.0,+4.9,+10.2,+15.8,+34.1,+19.8,+20.1,+20.5,+20.6,+20.7,+20.8,+20.8
2024-06-06 04:56,4,+40.1,+13.9,+4.9,+10.2,+15.7,+34.1,+19.8,+20.2,+20.5,+20.6,+20.6,+20.8,+20.8
2024-06-06 05:56,4,+40.0,+13.9,+4.9,+10.1,+15.7,+34.0,+19.7,+20.2,+20.5,+20.6,+20.7,+20.8,+20.8
2024-06-06 06:56,4,+40.0,+13.9,+4.9,+10.0,+15.7,+33.9,+19.7,+20.1,+20.5,+20.6,+20.6,+20.8,+20.8
2024-06-06 07:56,4,+40.0,+13.9,+4.9,+10.1,+15.7,+33.9,+19.8,+20.1,+20.3,+20.6,+20.6,+20.8,+20.8
2024-06-06 08:56,4,+39.9,+13.8,+4.8,+10.1,+15.6,+33.9,+19.8,+20.1,+20.3,+20.6,+20.6,+20.8,+20.8
2024-06-06 09:56,4,+39.9,+13.8,+4.8,+10.0,+15.5,+33.8,+20.0,+20.1,+20.3,+20.5,+20.7,+20.7,+20.8
2024-06-06 10:56,4,+39.9,+13.8,+4.8,+10.0,+15.5,+33.8,+20.1,+20.1,+20.3,+20.5,+20.6,+20.8,+20.8
2024-06-06 11:56,4,+39.8,+13.8,+4.8,+10.0,+15.5,+33.8,+20.3,+20.2,+20.3,+20.6,+20.6,+20.8,+20.8
2024-06-06 12:56,4,+39.8,+13.8,+4.8,+10.0,+15.4,+33.8,+20.5,+20.2,+20.3,+20.6,+20.6,+20.8,+20.8
2024-06-06 13:56,4,+39.8,+13.8,+4.8,+10.0,+15.4,+33.7,+20.7,+20.3,+20.3,+20.5,+20.6,+20.7,+20.8
2024-06-06 14:56,4,+39.8,+13.7,+4.8,+9.9,+15.4,+33.6,+20.8,+20.5,+20.3,+20.5,+20.6,+20.7,+20.7
2024-06-06 15:56,4,+40.2,+13.7,+4.7,+10.0,+15.4,+33.7,+20.8,+20.5,+20.5,+20.6,+20.6,+20.7,+20.8
2024-06-06 16:56,4,+42.2,+13.8,+4.7,+9.8,+15.3,+33.6,+20.8,+20.6,+20.5,+20.5,+20.6,+20.7,+20.7
2024-06-06 17:56,4,+42.6,+14.0,+4.7,+9.8,+15.3,+33.6,+20.7,+20.6,+20.5,+20.6,+20.6,+20.7,+20.8
2024-06-06 18:56,4,+42.7,+14.1,+4.8,+9.9,+15.4,+33.6,+20.7,+20.6,+20.5,+20.5,+20.6,+20.7,+20.8
2024-06-06 19:56,4,+42.3,+14.2,+4.9,+9.8,+15.3,+33.5,+20.6,+20.6,+20.6,+20.5,+20.6,+20.7,+20.8
2024-06-06 20:56,4,+41.8,+14.2,+4.9,+9.8,+15.3,+33.5,+20.5,+20.6,+20.6,+20.5,+20.6,+20.7,+20.7
2024-06-06 21:56,4,+44.5,+14.3,+4.9,+10.0,+15.3,+33.5,+20.3,+20.6,+20.6,+20.6,+20.6,+20.7,+20.7
2024-06-06 22:56,4,+43.4,+14.5,+5.0,+9.9,+15.3,+33.5,+20.3,+20.6,+20.6,+20.6,+20.6,+20.7,+20.7
2024-06-06 23:56,4,+42.3,+14.4,+5.1,+10.0,+15.3,+33.5,+20.2,+20.6,+20.6,+20.6,+20.6,+20.7,+20.8
2024-06-07 00:56,4,+41.9,+14.3,+5.1,+10.2,+15.4,+33.5,+20.2,+20.5,+20.6,+20.6,+20.5,+20.7,+20.7
2024-06-07 01:56,4,+41.8,+14.3,+5.1,+10.2,+15.4,+33.5,+20.2,+20.5,+20.6,+20.6,+20.5,+20.7,+20.7
2024-06-07 02:56,4,+41.5,+14.3,+5.1,+10.1,+15.4,+33.5,+20.1,+20.5,+20.6,+20.6,+20.6,+20.7,+20.7
2024-06-07 03:56,4,+41.1,+14.2,+5.1,+10.1,+15.5,+33.5,+20.0,+20.3,+20.6,+20.6,+20.6,+20.7,+20.7
2024-06-07 04:56,4,+40.9,+14.2,+5.0,+10.1,+15.5,+33.6,+20.0,+20.3,+20.6,+20.6,+20.6,+20.7,+20.7
2024-06-07 05:56,4,+40.7,+14.1,+5.0,+10.1,+15.5,+33.6,+19.8,+20.3,+20.5,+20.6,+20.6,+20.7,+20.8
2024-06-07 06:56,4,+40.6,+14.1,+5.0,+10.1,+15.5,+33.6,+19.8,+20.2,+20.5,+20.6,+20.6,+20.7,+20.7
2024-06-07 07:56,4,+40.4,+14.0,+5.0,+10.2,+15.5,+33.6,+19.8,+20.2,+20.5,+20.6,+20.6,+20.7,+20.7
2024-06-07 08:56,4,+40.4,+14.0,+4.9,+10.2,+15.5,+33.6,+20.0,+20.2,+20.5,+20.6,+20.6,+20.7,+20.7
2024-06-07 09:56,4,+40.3,+14.0,+4.9,+10.0,+15.5,+33.6,+20.1,+20.2,+20.5,+20.6,+20.6,+20.7,+20.7
2024-06-07 10:56,4,+40.2,+13.9,+4.9,+10.1,+15.5,+33.6,+20.2,+20.2,+20.5,+20.6,+20.6,+20.7,+20.7
2024-06-07 11:56,4,+40.2,+13.9,+4.9,+10.0,+15.4,+33.6,+20.5,+20.2,+20.5,+20.6,+20.6,+20.7,+20.7
2024-06-07 12:56,4,+40.2,+13.9,+4.9,+10.1,+15.5,+33.6,+20.6,+20.2,+20.5,+20.6,+20.6,+20.7,+20.7
2024-06-07 13:56,4,+40.2,+13.9,+4.9,+10.0,+15.5,+33.6,+20.6,+20.3,+20.5,+20.6,+20.6,+20.7,+20.7
2024-06-07 14:56,4,+49.4,+17.2,+5.1,+10.0,+15.4,+33.6,+20.7,+20.5,+20.5,+20.6,+20.6,+20.7,+20.7
2024-06-07 15:56,4,+45.4,+15.6,+5.6,+10.7,+15.7,+33.6,+20.6,+20.6,+20.5,+20.6,+20.6,+20.7,+20.7
2024-06-07 16:56,4,+42.6,+14.9,+5.4,+10.8,+16.3,+34.2,+20.3,+20.6,+20.6,+20.6,+20.5,+20.7,+20.7
2024-06-07 17:56,4,+41.7,+14.6,+5.3,+10.6,+16.2,+34.3,+20.5,+20.5,+20.6,+20.5,+20.6,+20.7,+20.7
2024-06-07 18:56,4,+41.2,+14.4,+5.2,+10.5,+16.1,+34.3,+20.3,+20.5,+20.6,+20.5,+20.5,+20.6,+20.7
2024-06-07 19:56,4,+41.0,+14.3,+5.1,+10.4,+16.1,+34.2,+20.3,+20.5,+20.6,+20.5,+20.6,+20.7,+20.7
2024-06-07 20:56,4,+40.8,+14.3,+5.1,+10.5,+16.0,+34.2,+20.2,+20.5,+20.6,+20.6,+20.5,+20.7,+20.7
2024-06-07 21:56,4,+40.6,+14.2,+5.1,+10.4,+16.0,+34.1,+20.2,+20.5,+20.6,+20.5,+20.5,+20.7,+20.7
2024-06-07 22:56,4,+40.5,+14.1,+5.0,+10.4,+15.9,+34.1,+20.1,+20.3,+20.6,+20.5,+20.6,+20.7,+20.7
2024-06-07 23:56,4,+40.4,+14.1,+5.0,+10.2,+15.8,+34.0,+20.0,+20.3,+20.6,+20.6,+20.6,+20.7,+20.7
2024-06-08 00:56,4,+40.4,+14.0,+4.9,+10.2,+15.8,+33.9,+20.1,+20.3,+20.6,+20.6,+20.6,+20.6,+20.7
2024-06-08 01:56,4,+40.3,+14.0,+4.9,+10.1,+15.7,+33.9,+20.0,+20.3,+20.5,+20.6,+20.6,+20.7,+20.7
2024-06-08 02:56,4,+40.2,+14.0,+4.9,+10.1,+15.7,+33.8,+20.0,+20.2,+20.5,+20.5,+20.6,+20.7,+20.7
2024-06-08 03:56,4,+40.2,+13.9,+4.9,+10.1,+15.6,+33.8,+20.0,+20.2,+20.5,+20.6,+20.6,+20.7,+20.7
2024-06-08 04:56,4,+40.1,+13.9,+4.9,+10.1,+15.6,+33.8,+19.8,+20.2,+20.5,+20.6,+20.5,+20.7,+20.7
2024-06-08 05:56,4,+40.1,+13.9,+4.8,+10.1,+15.6,+33.7,+19.8,+20.2,+20.5,+20.5,+20.5,+20.7,+20.7
2024-06-08 06:56,4,+40.0,+13.9,+4.8,+10.1,+15.6,+33.7,+19.7,+20.1,+20.5,+20.5,+20.6,+20.7,+20.7
2024-06-08 07:56,4,+40.0,+13.8,+4.8,+10.1,+15.5,+33.6,+19.7,+20.1,+20.5,+20.6,+20.5,+20.6,+20.7
2024-06-08 08:56,4,+40.0,+13.8,+4.8,+10.0,+15.5,+33.6,+20.0,+20.1,+20.3,+20.5,+20.5,+20.7,+20.7
2024-06-08 09:56,4,+40.0,+13.8,+4.8,+9.9,+15.5,+33.5,+20.0,+20.1,+20.3,+20.5,+20.6,+20.7,+20.7
2024-06-08 10:56,4,+39.9,+13.8,+4.8,+10.0,+15.5,+33.5,+20.2,+20.1,+20.3,+20.5,+20.5,+20.7,+20.7
2024-06-08 11:56,4,+39.9,+13.8,+4.7,+10.0,+15.5,+33.5,+20.5,+20.2,+20.3,+20.5,+20.5,+20.7,+20.7
2024-06-08 12:56,4,+39.9,+13.8,+4.7,+9.8,+15.4,+33.4,+20.6,+20.3,+20.3,+20.5,+20.6,+20.7,+20.7
2024-06-08 13:56,4,+45.8,+13.8,+4.7,+9.8,+15.4,+33.4,+20.6,+20.3,+20.5,+20.5,+20.5,+20.7,+20.7
2024-06-08 14:56,4,+45.3,+14.6,+4.7,+9.9,+15.4,+33.4,+20.7,+20.5,+20.5,+20.5,+20.5,+20.7,+20.7
2024-06-08 15:56,4,+43.2,+14.5,+4.9,+9.8,+15.3,+33.3,+20.7,+20.5,+20.5,+20.5,+20.6,+20.7,+20.6
2024-06-08 16:56,4,+42.2,+14.4,+5.0,+9.9,+15.3,+33.3,+20.8,+20.6,+20.5,+20.5,+20.5,+20.7,+20.7
2024-06-08 17:56,4,+41.7,+14.3,+5.1,+10.0,+15.4,+33.3,+20.7,+20.6,+20.5,+20.5,+20.5,+20.6,+20.7
2024-06-08 18:56,4,+41.3,+14.3,+5.0,+10.0,+15.4,+33.3,+20.7,+20.6,+20.5,+20.5,+20.5,+20.7,+20.7
2024-06-08 19:56,4,+41.1,+14.2,+5.0,+10.2,+15.5,+33.3,+20.6,+20.6,+20.6,+20.5,+20.5,+20.7,+20.7
2024-06-08 20:56,4,+41.3,+14.2,+5.0,+10.1,+15.5,+33.3,+20.5,+20.6,+20.6,+20.5,+20.5,+20.6,+20.7
2024-06-08 21:56,4,+41.1,+14.2,+5.0,+10.0,+15.5,+33.3,+20.5,+20.6,+20.6,+20.5,+20.5,+20.7,+20.7
2024-06-08 22:56,4,+40.9,+14.1,+5.0,+10.0,+15.5,+33.3,+20.3,+20.6,+20.6,+20.5,+20.5,+20.6,+20.6
2024-06-08 23:56,4,+40.8,+14.1,+4.9,+10.0,+15.5,+33.3,+20.2,+20.5,+20.6,+20.5,+20.6,+20.7,+20.7
2024-06-09 00:56,4,+40.7,+14.0,+4.9,+10.0,+15.5,+33.3,+20.1,+20.5,+20.6,+20.5,+20.5,+20.6,+20.7
2024-06-09 01:56,4,+40.6,+14.0,+4.9,+10.0,+15.5,+33.3,+20.1,+20.3,+20.6,+20.6,+20.5,+20.7,+20.7
2024-06-09 02:56,4,+40.5,+14.0,+4.9,+10.1,+15.5,+33.3,+19.8,+20.3,+20.5,+20.6,+20.5,+20.7,+20.6
2024-06-09 03:56,4,+40.4,+14.0,+4.9,+10.0,+15.4,+33.3,+19.8,+20.3,+20.6,+20.6,+20.5,+20.7,+20.7
2024-06-09 04:56,4,+40.3,+13.9,+4.9,+9.9,+15.4,+33.2,+19.7,+20.2,+20.6,+20.5,+20.5,+20.6,+20.7
2024-06-09 05:56,4,+40.2,+13.9,+4.8,+10.0,+15.4,+33.3,+19.6,+20.2,+20.5,+20.5,+20.5,+20.7,+20.7
2024-06-09 06:56,4,+40.2,+13.9,+4.8,+9.9,+15.4,+33.2,+19.6,+20.1,+20.5,+20.6,+20.6,+20.7,+20.7
2024-06-09 07:56,4,+40.1,+13.8,+4.8,+9.9,+15.3,+33.2,+19.6,+20.1,+20.5,+20.6,+20.5,+20.7,+20.7
2024-06-09 08:56,4,+40.1,+13.8,+4.8,+9.9,+15.3,+33.2,+19.7,+20.0,+20.5,+20.6,+20.5,+20.7,+20.7
2024-06-09 09:56,4,+40.0,+13.8,+4.8,+10.0,+15.3,+33.2,+19.8,+20.1,+20.5,+20.6,+20.5,+20.6,+20.7
2024-06-09 10:56,4,+40.0,+13.8,+4.7,+9.9,+15.3,+33.2,+20.1,+20.1,+20.3,+20.5,+20.5,+20.6,+20.7
2024-06-09 11:56,4,+40.0,+13.8,+4.7,+9.8,+15.3,+33.1,+20.2,+20.1,+20.3,+20.5,+20.5,+20.6,+20.7
2024-06-09 12:56,4,+40.0,+13.8,+4.7,+9.8,+15.3,+33.1,+20.3,+20.2,+20.3,+20.5,+20.5,+20.7,+20.7
2024-06-09 13:56,4,+40.1,+13.8,+4.7,+9.9,+15.3,+33.1,+20.5,+20.3,+20.3,+20.6,+20.5,+20.6,+20.6
2024-06-09 14:56,4,+40.1,+13.7,+4.7,+9.8,+15.2,+33.1,+20.7,+20.3,+20.3,+20.5,+20.5,+20.6,+20.7
2024-06-09 15:56,4,+40.1,+13.7,+4.7,+9.8,+15.2,+33.0,+21.0,+20.3,+20.5,+20.5,+20.5,+20.6,+20.7
2024-06-09 16:56,4,+40.1,+13.7,+4.7,+9.7,+15.2,+33.0,+21.1,+20.5,+20.3,+20.5,+20.5,+20.7,+20.6
2024-06-09 17:56,4,+40.1,+13.7,+4.7,+9.7,+15.2,+33.0,+21.2,+20.6,+20.5,+20.5,+20.5,+20.6,+20.6
2024-06-09 18:56,4,+40.1,+13.7,+4.7,+9.8,+15.2,+33.0,+21.1,+20.7,+20.5,+20.5,+20.5,+20.6,+20.7
2024-06-09 19:56,4,+40.0,+13.7,+4.6,+9.7,+15.2,+32.9,+20.8,+20.7,+20.6,+20.5,+20.5,+20.6,+20.6
2024-06-09 20:56,4,+40.0,+13.7,+4.7,+9.8,+15.2,+32.9,+20.8,+20.7,+20.6,+20.5,+20.5,+20.6,+20.7
2024-06-09 21:56,4,+40.0,+13.7,+4.6,+9.7,+15.1,+32.9,+20.7,+20.7,+20.6,+20.5,+20.5,+20.7,+20.6
2024-06-09 22:56,4,+40.0,+13.7,+4.6,+9.8,+15.2,+32.9,+20.6,+20.6,+20.6,+20.5,+20.5,+20.7,+20.7
2024-06-09 23:56,4,+39.9,+13.7,+4.6,+9.7,+15.1,+32.9,+20.6,+20.7,+20.6,+20.5,+20.5,+20.6,+20.7
2024-06-10 00:56,4,+39.9,+13.6,+4.6,+9.7,+15.1,+32.9,+20.5,+20.6,+20.6,+20.5,+20.5,+20.6,+20.6
2024-06-10 01:56,4,+39.9,+13.6,+4.6,+9.8,+15.1,+32.9,+20.3,+20.6,+20.7,+20.5,+20.5,+20.6,+20.7
2024-06-10 02:56,4,+39.8,+13.6,+4.6,+9.6,+15.1,+32.8,+20.3,+20.6,+20.6,+20.6,+20.5,+20.6,+20.7
2024-06-10 03:56,4,+39.8,+13.6,+4.6,+9.7,+15.1,+32.8,+20.2,+20.6,+20.6,+20.6,+20.5,+20.7,+20.7
2024-06-10 04:56,4,+39.8,+13.6,+4.6,+9.6,+15.0,+32.8,+20.2,+20.6,+20.6,+20.6,+20.5,+20.6,+20.6
2024-06-10 05:56,4,+39.8,+13.6,+4.6,+9.7,+15.1,+32.8,+20.2,+20.5,+20.6,+20.6,+20.5,+20.7,+20.7
2024-06-10 06:56,4,+39.7,+13.6,+4.6,+9.6,+15.0,+32.7,+20.2,+20.5,+20.6,+20.6,+20.5,+20.7,+20.7
2024-06-10 07:56,4,+39.7,+13.6,+4.6,+9.7,+15.1,+32.8,+20.1,+20.5,+20.6,+20.6,+20.6,+20.7,+20.7
2024-06-10 08:56,4,+39.7,+13.6,+4.6,+9.6,+15.0,+32.7,+20.1,+20.5,+20.6,+20.6,+20.5,+20.7,+20.7
2024-06-10 09:56,4,+39.7,+13.6,+4.6,+9.6,+15.0,+32.7,+20.2,+20.3,+20.6,+20.6,+20.5,+20.7,+20.7
2024-06-10 10:56,4,+39.6,+13.6,+4.6,+9.6,+15.0,+32.7,+20.5,+20.3,+20.6,+20.6,+20.5,+20.7,+20.7
2024-06-10 11:56,4,+39.6,+13.6,+4.6,+9.7,+15.0,+32.7,+20.6,+20.3,+20.6,+20.5,+20.6,+20.7,+20.6
2024-06-10 12:56,4,+39.6,+13.6,+4.6,+9.7,+15.0,+32.7,+20.8,+20.5,+20.5,+20.5,+20.5,+20.7,+20.7
2024-06-10 13:56,4,+40.0,+13.5,+4.5,+9.7,+15.0,+32.7,+21.0,+20.6,+20.6,+20.6,+20.6,+20.7,+20.7
2024-06-10 14:56,4,+40.1,+13.5,+4.5,+9.7,+15.0,+32.7,+21.0,+20.6,+20.6,+20.6,+20.5,+20.7,+20.7
2024-06-10 15:56,4,+40.2,+13.5,+4.5,+9.5,+15.0,+32.7,+21.1,+20.7,+20.6,+20.6,+20.5,+20.7,+20.7
2024-06-10 16:56,4,+40.2,+13.6,+4.6,+9.6,+15.0,+32.7,+21.1,+20.7,+20.6,+20.6,+20.6,+20.7,+20.6
2024-06-10 17:56,4,+40.2,+13.6,+4.5,+9.6,+15.0,+32.7,+21.0,+20.7,+20.6,+20.6,+20.5,+20.7,+20.7
2024-06-10 18:56,4,+40.1,+13.6,+4.6,+9.5,+14.9,+32.6,+21.0,+20.8,+20.7,+20.6,+20.5,+20.7,+20.7
2024-06-10 19:56,4,+46.2,+14.1,+4.6,+9.5,+14.9,+32.6,+20.7,+20.8,+20.7,+20.6,+20.5,+20.7,+20.7
2024-06-10 20:56,4,+43.2,+14.2,+4.6,+9.6,+15.0,+32.6,+20.6,+20.8,+20.7,+20.6,+20.6,+20.7,+20.7
2024-06-10 21:56,4,+42.1,+14.2,+4.7,+9.5,+14.9,+32.6,+20.6,+20.7,+20.7,+20.6,+20.5,+20.7,+20.7
2024-06-10 22:56,4,+41.6,+14.2,+4.8,+9.6,+14.9,+32.6,+20.5,+20.7,+20.7,+20.6,+20.6,+20.7,+20.7
2024-06-10 23:56,4,+41.2,+14.1,+4.9,+9.7,+15.0,+32.6,+20.3,+20.7,+20.7,+20.6,+20.6,+20.7,+20.7
2024-06-11 00:56,4,+40.9,+14.1,+4.9,+9.7,+14.9,+32.6,+20.2,+20.6,+20.7,+20.6,+20.6,+20.7,+20.7
2024-06-11 01:56,4,+40.8,+14.1,+4.9,+9.7,+15.0,+32.6,+20.2,+20.6,+20.7,+20.6,+20.6,+20.7,+20.7
2024-06-11 02:56,4,+40.7,+14.0,+4.9,+9.8,+15.0,+32.6,+20.2,+20.6,+20.7,+20.7,+20.6,+20.7,+20.7
2024-06-11 03:56,4,+40.6,+14.0,+4.9,+9.9,+15.1,+32.6,+20.1,+20.5,+20.7,+20.6,+20.6,+20.7,+20.7
2024-06-11 04:56,4,+40.5,+14.0,+4.9,+9.8,+15.0,+32.6,+20.1,+20.3,+20.7,+20.7,+20.6,+20.7,+20.7
2024-06-11 05:56,4,+40.4,+13.9,+4.8,+9.9,+15.1,+32.6,+20.0,+20.5,+20.7,+20.6,+20.6,+20.7,+20.7
2024-06-11 06:56,4,+40.3,+13.9,+4.8,+9.9,+15.1,+32.6,+20.0,+20.3,+20.6,+20.7,+20.6,+20.7,+20.7
2024-06-11 07:56,4,+40.2,+13.9,+4.8,+9.8,+15.1,+32.6,+20.0,+20.3,+20.6,+20.6,+20.6,+20.7,+20.7
2024-06-11 08:56,4,+40.2,+13.9,+4.8,+9.8,+15.1,+32.6,+20.1,+20.3,+20.6,+20.7,+20.6,+20.7,+20.7
2024-06-11 09:56,4,+40.2,+13.8,+4.8,+9.8,+15.1,+32.6,+20.1,+20.2,+20.6,+20.6,+20.6,+20.7,+20.7
2024-06-11 10:56,4,+40.1,+13.8,+4.8,+9.8,+15.1,+32.7,+20.2,+20.3,+20.6,+20.6,+20.6,+20.7,+20.7
2024-06-11 11:56,4,+45.5,+13.8,+4.8,+9.8,+15.1,+32.7,+20.3,+20.3,+20.6,+20.6,+20.6,+20.7,+20.7
2024-06-11 12:56,4,+45.7,+14.9,+4.8,+9.7,+15.1,+32.6,+20.5,+20.3,+20.5,+20.6,+20.6,+20.7,+20.7
2024-06-11 13:56,4,+42.5,+14.6,+5.0,+9.9,+15.1,+32.7,+20.6,+20.5,+20.6,+20.6,+20.6,+20.7,+20.7
2024-06-11 14:56,4,+41.7,+14.4,+5.0,+9.8,+15.1,+32.6,+20.7,+20.5,+20.6,+20.6,+20.6,+20.7,+20.7
2024-06-11 15:56,4,+41.3,+14.3,+5.0,+10.0,+15.2,+32.7,+20.8,+20.5,+20.6,+20.6,+20.6,+20.7,+20.7
2024-06-11 16:56,4,+41.0,+14.3,+5.0,+10.0,+15.2,+32.7,+21.0,+20.6,+20.6,+20.6,+20.6,+20.7,+20.7
2024-06-11 17:56,4,+40.9,+14.2,+5.0,+10.1,+15.3,+32.7,+21.0,+20.7,+20.6,+20.6,+20.6,+20.7,+20.7
2024-06-11 18:56,4,+40.7,+14.2,+5.0,+10.0,+15.3,+32.7,+20.8,+20.7,+20.6,+20.6,+20.6,+20.7,+20.7
2024-06-11 19:56,4,+40.6,+14.1,+5.0,+10.0,+15.3,+32.7,+20.7,+20.7,+20.7,+20.6,+20.6,+20.7,+20.7
2024-06-11 20:56,4,+40.5,+14.1,+5.0,+10.1,+15.3,+32.8,+20.6,+20.7,+20.6,+20.6,+20.6,+20.7,+20.7
2024-06-11 21:56,4,+40.4,+14.1,+4.9,+10.0,+15.3,+32.8,+20.6,+20.7,+20.7,+20.7,+20.6,+20.7,+20.7
2024-06-11 22:56,4,+40.4,+14.0,+4.9,+10.0,+15.3,+32.8,+20.5,+20.7,+20.7,+20.6,+20.6,+20.7,+20.7
2024-06-11 23:56,4,+40.3,+14.0,+4.9,+9.9,+15.3,+32.8,+20.5,+20.6,+20.6,+20.6,+20.6,+20.7,+20.7
2024-06-12 00:56,4,+40.2,+14.0,+4.9,+9.9,+15.3,+32.8,+20.3,+20.6,+20.6,+20.6,+20.6,+20.7,+20.7
2024-06-12 01:56,4,+40.2,+14.0,+4.9,+9.9,+15.3,+32.8,+20.2,+20.6,+20.7,+20.7,+20.6,+20.7,+20.7
2024-06-12 02:56,4,+40.2,+14.0,+4.9,+9.8,+15.2,+32.8,+20.2,+20.5,+20.7,+20.6,+20.6,+20.7,+20.7
2024-06-12 03:56,4,+40.1,+13.9,+4.8,+10.0,+15.3,+32.8,+20.1,+20.5,+20.7,+20.6,+20.6,+20.7,+20.7
2024-06-12 04:56,4,+40.1,+13.9,+4.8,+10.0,+15.3,+32.8,+20.1,+20.5,+20.6,+20.6,+20.6,+20.7,+20.7
2024-06-12 05:56,4,+40.0,+13.9,+4.8,+9.9,+15.3,+32.8,+20.0,+20.5,+20.7,+20.6,+20.6,+20.7,+20.7
2024-06-12 06:56,4,+40.0,+13.9,+4.8,+9.8,+15.2,+32.8,+20.0,+20.5,+20.6,+20.6,+20.6,+20.7,+20.7
2024-06-12 07:56,4,+40.0,+13.9,+4.8,+9.9,+15.2,+32.8,+20.0,+20.3,+20.6,+20.6,+20.6,+20.7,+20.7
2024-06-12 08:56,4,+39.9,+13.8,+4.8,+9.9,+15.2,+32.8,+20.1,+20.3,+20.6,+20.6,+20.6,+20.7,+20.7
2024-06-12 09:56,4,+39.9,+13.8,+4.7,+9.9,+15.2,+32.8,+20.2,+20.3,+20.6,+20.7,+20.6,+20.7,+20.7
2024-06-12 10:56,4,+39.8,+13.8,+4.7,+9.8,+15.2,+32.7,+20.3,+20.3,+20.6,+20.7,+20.6,+20.7,+20.7
2024-06-12 11:56,4,+39.8,+13.8,+4.7,+9.8,+15.2,+32.7,+20.6,+20.3,+20.5,+20.6,+20.6,+20.7,+20.7
2024-06-12 12:56,4,+39.8,+13.8,+4.7,+9.7,+15.1,+32.7,+20.7,+20.5,+20.6,+20.7,+20.6,+20.7,+20.7
2024-06-12 13:56,4,+39.8,+13.8,+4.7,+9.7,+15.1,+32.7,+20.8,+20.5,+20.6,+20.7,+20.6,+20.7,+20.7
2024-06-12 14:56,4,+39.7,+13.7,+4.7,+9.7,+15.1,+32.7,+21.1,+20.6,+20.6,+20.6,+20.6,+20.7,+20.7
2024-06-12 15:56,4,+39.7,+13.7,+4.7,+9.8,+15.1,+32.7,+21.2,+20.7,+20.6,+20.6,+20.6,+20.7,+20.7
2024-06-12 16:56,4,+39.7,+13.7,+4.7,+9.7,+15.1,+32.6,+21.3,+20.8,+20.6,+20.6,+20.6,+20.7,+20.7
2024-06-12 17:56,4,+39.7,+13.7,+4.7,+9.8,+15.1,+32.7,+21.3,+21.0,+20.6,+20.6,+20.6,+20.7,+20.7
2024-06-12 18:56,4,+39.7,+13.7,+4.7,+9.8,+15.1,+32.7,+21.3,+20.8,+20.7,+20.6,+20.6,+20.7,+20.8
2024-06-12 19:56,4,+39.7,+13.7,+4.7,+9.8,+15.1,+32.7,+21.2,+21.0,+20.7,+20.6,+20.6,+20.7,+20.7
2024-06-12 20:56,4,+39.8,+13.7,+4.7,+9.7,+15.0,+32.6,+21.1,+21.0,+20.7,+20.6,+20.6,+20.8,+20.8
2024-06-12 21:56,4,+39.8,+13.7,+4.7,+9.8,+15.1,+32.6,+21.0,+21.0,+20.8,+20.7,+20.7,+20.8,+20.8
2024-06-12 22:56,4,+39.8,+13.7,+4.7,+9.8,+15.1,+32.6,+20.8,+20.8,+20.8,+20.6,+20.7,+20.8,+20.8
2024-06-12 23:56,4,+39.8,+13.7,+4.7,+9.7,+15.0,+32.6,+20.7,+20.8,+20.8,+20.7,+20.6,+20.8,+20.8
2024-06-13 00:56,4,+39.8,+13.7,+4.7,+9.8,+15.1,+32.6,+20.7,+20.8,+20.7,+20.7,+20.7,+20.8,+20.8
2024-06-13 01:56,4,+39.8,+13.7,+4.7,+9.8,+15.0,+32.6,+20.6,+20.7,+20.8,+20.7,+20.7,+20.8,+20.7
2024-06-13 02:56,4,+39.8,+13.7,+4.6,+9.6,+15.0,+32.6,+20.6,+20.7,+20.8,+20.7,+20.7,+20.8,+20.8
2024-06-13 03:56,4,+39.7,+13.7,+4.6,+9.7,+15.0,+32.6,+20.5,+20.7,+20.8,+20.7,+20.7,+20.8,+20.8
2024-06-13 04:56,4,+39.7,+13.7,+4.7,+9.6,+15.0,+32.5,+20.3,+20.7,+20.7,+20.7,+20.7,+20.8,+20.8
2024-06-13 05:56,4,+39.7,+13.7,+4.6,+9.6,+15.0,+32.5,+20.3,+20.6,+20.7,+20.7,+20.7,+20.8,+20.8
2024-06-13 06:56,4,+39.7,+13.7,+4.6,+9.7,+15.0,+32.6,+20.2,+20.6,+20.7,+20.7,+20.7,+20.8,+20.8
2024-06-13 07:56,4,+39.7,+13.6,+4.6,+9.7,+15.0,+32.5,+20.2,+20.5,+20.7,+20.7,+20.7,+20.8,+20.8
2024-06-13 08:56,4,+39.7,+13.6,+4.6,+9.6,+15.0,+32.5,+20.3,+20.6,+20.7,+20.7,+20.7,+20.8,+20.8
2024-06-13 09:56,4,+39.7,+13.6,+4.6,+9.7,+15.0,+32.5,+20.5,+20.6,+20.7,+20.7,+20.7,+20.8,+20.8
2024-06-13 10:56,4,+39.7,+13.6,+4.6,+9.7,+15.0,+32.5,+20.6,+20.6,+20.7,+20.7,+20.7,+20.8,+20.8
2024-06-13 11:56,4,+39.6,+13.7,+4.6,+9.7,+15.0,+32.5,+20.7,+20.6,+20.7,+20.7,+20.7,+20.8,+20.8
2024-06-13 12:56,4,+39.6,+13.6,+4.6,+9.6,+14.9,+32.5,+20.8,+20.7,+20.7,+20.7,+20.7,+20.8,+20.8
2024-06-13 13:56,4,+48.3,+15.8,+4.6,+9.6,+14.9,+32.4,+21.0,+20.7,+20.7,+20.7,+20.7,+20.8,+20.8
2024-06-13 14:56,4,+43.4,+14.7,+4.7,+9.7,+14.9,+32.5,+21.1,+20.8,+20.7,+20.7,+20.7,+20.8,+20.8
2024-06-13 15:56,4,+46.1,+15.1,+4.9,+9.7,+15.0,+32.5,+21.1,+20.8,+20.7,+20.7,+20.7,+20.8,+20.8
2024-06-13 16:56,4,+43.0,+14.9,+5.1,+9.8,+15.0,+32.5,+21.0,+20.8,+20.7,+20.7,+20.7,+20.8,+20.8
2024-06-13 17:56,4,+42.1,+14.7,+5.2,+10.0,+15.0,+32.4,+21.0,+21.0,+20.8,+20.7,+20.7,+20.8,+20.8
2024-06-13 18:56,4,+41.9,+14.6,+5.2,+10.0,+15.0,+32.4,+20.8,+21.0,+20.8,+20.7,+20.7,+20.8,+20.8
2024-06-13 19:56,4,+45.2,+14.8,+5.2,+10.2,+15.2,+32.5,+20.7,+21.0,+20.8,+20.7,+20.7,+20.8,+20.8
2024-06-13 20:56,4,+42.8,+14.8,+5.3,+10.1,+15.2,+32.5,+20.6,+20.8,+20.8,+20.8,+20.7,+20.8,+20.8
2024-06-13 21:56,4,+41.9,+14.6,+5.3,+10.2,+15.4,+32.6,+20.6,+20.8,+20.8,+20.7,+20.7,+20.8,+20.8
2024-06-13 22:56,4,+41.4,+14.5,+5.2,+10.4,+15.5,+32.7,+20.5,+20.7,+20.8,+20.8,+20.7,+20.8,+20.8
2024-06-13 23:56,4,+41.2,+14.4,+5.2,+10.3,+15.6,+32.8,+20.5,+20.7,+20.8,+20.7,+20.7,+20.8,+20.8
2024-06-14 00:56,4,+41.0,+14.4,+5.2,+10.2,+15.5,+32.8,+20.3,+20.7,+20.8,+20.7,+20.7,+20.8,+20.8
2024-06-14 01:56,4,+40.8,+14.3,+5.1,+10.3,+15.6,+32.9,+20.3,+20.7,+20.8,+20.8,+20.7,+20.8,+20.8
2024-06-14 02:56,4,+40.7,+14.3,+5.1,+10.2,+15.5,+32.9,+20.3,+20.6,+20.8,+20.7,+20.7,+20.8,+20.8
2024-06-14 03:56,4,+40.6,+14.3,+5.1,+10.2,+15.5,+32.9,+20.3,+20.6,+20.8,+20.8,+20.7,+20.8,+20.8
2024-06-14 04:56,4,+40.6,+14.2,+5.1,+10.2,+15.5,+32.9,+20.2,+20.6,+20.8,+20.7,+20.7,+20.8,+20.8
2024-06-14 05:56,4,+40.6,+14.2,+5.0,+10.2,+15.5,+32.9,+20.1,+20.6,+20.7,+20.8,+20.7,+20.8,+20.8
2024-06-14 06:56,4,+41.1,+14.2,+5.0,+10.1,+15.5,+32.9,+20.1,+20.6,+20.8,+20.7,+20.7,+20.8,+20.8
2024-06-14 07:56,4,+42.4,+14.3,+5.0,+10.0,+15.5,+32.9,+20.1,+20.5,+20.7,+20.8,+20.7,+20.8,+20.8
2024-06-14 08:56,4,+43.2,+14.4,+5.0,+10.1,+15.5,+32.9,+20.1,+20.5,+20.7,+20.7,+20.7,+20.8,+20.8
2024-06-14 09:56,4,+42.8,+14.5,+5.1,+10.1,+15.5,+32.9,+20.1,+20.5,+20.7,+20.8,+20.7,+20.8,+20.8
2024-06-14 10:56,4,+42.0,+14.5,+5.1,+10.0,+15.4,+32.8,+20.2,+20.5,+20.7,+20.7,+20.7,+20.8,+20.8
2024-06-14 11:56,4,+42.9,+14.5,+5.1,+10.1,+15.4,+32.8,+20.2,+20.5,+20.7,+20.7,+20.7,+20.8,+20.8
2024-06-14 12:56,4,+42.2,+14.6,+5.1,+10.1,+15.5,+32.8,+20.2,+20.3,+20.7,+20.7,+20.7,+20.8,+20.8
2024-06-14 13:56,4,+41.6,+14.5,+5.2,+10.2,+15.5,+32.9,+20.3,+20.3,+20.7,+20.7,+20.7,+20.8,+20.8
2024-06-14 14:56,4,+41.2,+14.5,+5.1,+10.3,+15.5,+32.9,+20.5,+20.5,+20.7,+20.7,+20.7,+20.8,+20.8
2024-06-14 15:56,4,+41.0,+14.5,+5.1,+10.2,+15.5,+32.9,+20.6,+20.5,+20.6,+20.7,+20.7,+20.8,+20.8
2024-06-14 16:56,4,+40.9,+14.4,+5.1,+10.2,+15.6,+32.9,+20.6,+20.6,+20.7,+20.7,+20.7,+20.8,+20.8
2024-06-14 17:56,4,+40.7,+14.4,+5.1,+10.2,+15.5,+32.9,+20.5,+20.6,+20.6,+20.7,+20.7,+20.8,+20.8
2024-06-14 18:56,4,+40.6,+14.4,+5.1,+10.1,+15.5,+32.9,+20.5,+20.6,+20.6,+20.7,+20.7,+20.8,+20.8
2024-06-14 19:56,4,+40.5,+14.3,+5.1,+10.2,+15.5,+32.9,+20.3,+20.6,+20.6,+20.7,+20.7,+20.8,+20.8
2024-06-14 20:56,4,+40.5,+14.3,+5.1,+10.2,+15.5,+32.9,+20.3,+20.5,+20.6,+20.7,+20.7,+20.8,+20.7
2024-06-14 21:56,4,+40.4,+14.3,+5.0,+10.2,+15.5,+32.9,+20.2,+20.5,+20.7,+20.7,+20.7,+20.8,+20.8
2024-06-14 22:56,4,+40.4,+14.3,+5.0,+10.0,+15.5,+32.9,+20.2,+20.5,+20.7,+20.7,+20.7,+20.8,+20.8
2024-06-14 23:56,4,+40.4,+14.2,+5.0,+10.1,+15.5,+32.9,+20.2,+20.5,+20.6,+20.7,+20.7,+20.8,+20.8
2024-06-15 00:56,4,+43.9,+14.3,+5.0,+10.1,+15.4,+32.9,+20.1,+20.5,+20.6,+20.7,+20.7,+20.8,+20.8
2024-06-15 01:56,4,+44.3,+14.7,+5.0,+10.0,+15.4,+32.8,+20.1,+20.3,+20.7,+20.7,+20.7,+20.8,+20.8
2024-06-15 02:56,4,+42.6,+14.7,+5.1,+10.1,+15.4,+32.8,+20.0,+20.3,+20.6,+20.7,+20.7,+20.8,+20.8
2024-06-15 03:56,4,+42.1,+14.6,+5.1,+10.1,+15.4,+32.8,+20.0,+20.3,+20.6,+20.7,+20.6,+20.8,+20.8
2024-06-15 04:56,4,+41.8,+14.6,+5.1,+10.2,+15.4,+32.8,+19.8,+20.3,+20.6,+20.7,+20.7,+20.8,+20.7
2024-06-15 05:56,4,+41.4,+14.5,+5.1,+10.2,+15.5,+32.8,+19.8,+20.2,+20.6,+20.6,+20.7,+20.8,+20.8
2024-06-15 06:56,4,+41.2,+14.5,+5.1,+10.1,+15.4,+32.8,+19.8,+20.2,+20.5,+20.7,+20.6,+20.8,+20.7
2024-06-15 07:56,4,+41.2,+14.5,+5.1,+10.2,+15.5,+32.8,+19.8,+20.2,+20.6,+20.6,+20.7,+20.8,+20.8
2024-06-15 08:56,4,+41.2,+14.4,+5.1,+10.1,+15.5,+32.8,+19.8,+20.2,+20.5,+20.7,+20.6,+20.8,+20.7
2024-06-15 09:56,4,+41.1,+14.4,+5.1,+10.2,+15.5,+32.8,+20.0,+20.2,+20.5,+20.7,+20.7,+20.8,+20.8
2024-06-15 10:56,4,+40.9,+14.4,+5.1,+10.2,+15.5,+32.9,+20.1,+20.2,+20.5,+20.6,+20.7,+20.8,+20.7
2024-06-15 11:56,4,+40.8,+14.4,+5.0,+10.2,+15.5,+32.9,+20.2,+20.2,+20.5,+20.6,+20.7,+20.8,+20.7
2024-06-15 12:56,4,+48.4,+16.0,+5.2,+10.0,+15.5,+32.8,+20.2,+20.2,+20.5,+20.6,+20.6,+20.8,+20.7
2024-06-15 13:56,4,+48.3,+15.6,+5.4,+10.4,+15.6,+32.9,+20.1,+20.2,+20.5,+20.6,+20.7,+20.8,+20.8
2024-06-15 14:56,4,+48.5,+16.0,+5.5,+10.8,+16.0,+33.1,+20.1,+20.2,+20.3,+20.6,+20.6,+20.7,+20.8
2024-06-15 15:56,4,+44.2,+15.5,+5.5,+10.7,+16.2,+33.5,+20.0,+20.2,+20.3,+20.6,+20.6,+20.8,+20.8
2024-06-15 16:56,4,+42.8,+15.2,+5.4,+10.8,+16.3,+33.6,+20.0,+20.2,+20.5,+20.6,+20.6,+20.7,+20.8
2024-06-15 17:56,4,+42.1,+15.0,+5.3,+10.6,+16.2,+33.6,+20.0,+20.2,+20.5,+20.6,+20.6,+20.8,+20.8
2024-06-15 18:56,4,+41.7,+14.8,+5.3,+10.5,+16.1,+33.6,+19.8,+20.2,+20.5,+20.6,+20.5,+20.7,+20.8
2024-06-15 19:56,4,+41.3,+14.7,+5.2,+10.4,+16.0,+33.5,+19.8,+20.2,+20.5,+20.6,+20.6,+20.7,+20.8
2024-06-15 20:56,4,+41.1,+14.6,+5.1,+10.4,+16.0,+33.5,+19.7,+20.1,+20.3,+20.5,+20.6,+20.7,+20.7
2024-06-15 21:56,4,+41.0,+14.5,+5.1,+10.3,+15.9,+33.4,+19.7,+20.1,+20.3,+20.5,+20.6,+20.7,+20.7
2024-06-15 22:56,4,+40.9,+14.5,+5.1,+10.4,+15.9,+33.4,+19.7,+20.1,+20.5,+20.5,+20.6,+20.7,+20.7
2024-06-15 23:56,4,+40.8,+14.4,+5.1,+10.3,+15.8,+33.3,+19.7,+20.1,+20.3,+20.5,+20.6,+20.7,+20.7
2024-06-16 00:56,4,+40.8,+14.4,+5.0,+10.2,+15.7,+33.2,+19.6,+20.0,+20.3,+20.5,+20.6,+20.7,+20.7
2024-06-16 01:56,4,+40.7,+14.4,+5.0,+10.1,+15.7,+33.2,+19.7,+20.0,+20.3,+20.6,+20.6,+20.7,+20.7
2024-06-16 02:56,4,+40.7,+14.4,+5.0,+10.1,+15.7,+33.2,+19.6,+20.0,+20.3,+20.5,+20.6,+20.7,+20.7
2024-06-16 03:56,4,+40.6,+14.3,+4.9,+10.2,+15.6,+33.1,+19.6,+20.0,+20.3,+20.5,+20.5,+20.7,+20.7
2024-06-16 04:56,4,+40.6,+14.3,+4.9,+10.2,+15.6,+33.1,+19.5,+20.0,+20.2,+20.5,+20.5,+20.7,+20.7
2024-06-16 05:56,4,+42.3,+14.3,+4.9,+10.0,+15.5,+33.0,+19.5,+20.0,+20.3,+20.5,+20.5,+20.7,+20.7
2024-06-16 06:56,4,+42.1,+14.4,+4.9,+10.0,+15.5,+33.0,+19.5,+20.0,+20.2,+20.5,+20.6,+20.7,+20.7
2024-06-16 07:56,4,+41.7,+14.4,+4.9,+10.0,+15.5,+33.0,+19.5,+19.8,+20.2,+20.5,+20.5,+20.7,+20.7
2024-06-16 08:56,4,+41.3,+14.4,+4.9,+10.0,+15.5,+32.9,+19.5,+19.8,+20.2,+20.5,+20.5,+20.7,+20.7
2024-06-16 09:56,4,+41.1,+14.4,+4.9,+9.9,+15.4,+32.9,+19.5,+19.8,+20.1,+20.3,+20.5,+20.7,+20.7
2024-06-16 10:56,4,+40.9,+14.3,+4.9,+10.0,+15.5,+32.9,+19.6,+19.8,+20.2,+20.5,+20.5,+20.6,+20.7
2024-06-16 11:56,4,+40.8,+14.3,+4.9,+10.0,+15.5,+32.9,+19.8,+19.7,+20.2,+20.5,+20.5,+20.7,+20.7
2024-06-16 12:56,4,+40.7,+14.3,+4.9,+9.9,+15.4,+32.8,+20.0,+19.8,+20.2,+20.3,+20.5,+20.7,+20.7
2024-06-16 13:56,4,+40.6,+14.3,+4.9,+10.0,+15.4,+32.9,+20.1,+20.0,+20.2,+20.3,+20.5,+20.6,+20.7
2024-06-16 14:56,4,+40.6,+14.3,+4.9,+10.0,+15.4,+32.8,+20.2,+20.0,+20.2,+20.3,+20.5,+20.7,+20.7
2024-06-16 15:56,4,+40.5,+14.2,+4.9,+9.8,+15.4,+32.8,+20.3,+20.1,+20.2,+20.3,+20.5,+20.6,+20.7
2024-06-16 16:56,4,+40.5,+14.2,+4.9,+10.0,+15.4,+32.8,+20.5,+20.1,+20.2,+20.3,+20.5,+20.7,+20.7
2024-06-16 17:56,4,+42.8,+14.2,+4.8,+9.8,+15.3,+32.7,+20.3,+20.2,+20.2,+20.3,+20.5,+20.6,+20.7
2024-06-16 18:56,4,+43.6,+14.4,+4.8,+9.8,+15.3,+32.7,+20.2,+20.2,+20.2,+20.3,+20.5,+20.6,+20.7
2024-06-16 19:56,4,+42.8,+14.5,+4.9,+9.8,+15.3,+32.7,+20.2,+20.2,+20.2,+20.3,+20.5,+20.6,+20.7
2024-06-16 20:56,4,+43.4,+14.6,+4.9,+9.9,+15.4,+32.7,+20.1,+20.2,+20.3,+20.3,+20.5,+20.6,+20.7
2024-06-16 21:56,4,+42.4,+14.6,+5.0,+9.9,+15.3,+32.7,+20.1,+20.2,+20.3,+20.3,+20.5,+20.6,+20.7
2024-06-16 22:56,4,+41.9,+14.6,+5.0,+10.0,+15.3,+32.7,+20.0,+20.2,+20.3,+20.3,+20.5,+20.6,+20.6
2024-06-16 23:56,4,+41.4,+14.5,+5.0,+9.9,+15.3,+32.7,+20.0,+20.2,+20.3,+20.3,+20.5,+20.6,+20.7
2024-06-17 00:56,4,+41.2,+14.5,+5.0,+10.0,+15.4,+32.7,+19.8,+20.2,+20.3,+20.5,+20.5,+20.7,+20.7
2024-06-17 01:56,4,+41.0,+14.4,+5.0,+9.9,+15.4,+32.7,+19.8,+20.2,+20.3,+20.3,+20.5,+20.6,+20.7
2024-06-17 02:56,4,+40.9,+14.4,+4.9,+9.9,+15.4,+32.7,+19.8,+20.1,+20.3,+20.5,+20.5,+20.6,+20.7
2024-06-17 03:56,4,+40.8,+14.3,+4.9,+10.0,+15.4,+32.7,+19.7,+20.1,+20.3,+20.3,+20.5,+20.6,+20.7
2024-06-17 04:56,4,+40.7,+14.3,+4.9,+10.0,+15.4,+32.7,+19.7,+20.1,+20.3,+20.5,+20.5,+20.6,+20.6
2024-06-17 05:56,4,+40.6,+14.3,+4.9,+9.9,+15.4,+32.7,+19.7,+20.0,+20.3,+20.5,+20.5,+20.6,+20.7
2024-06-17 06:56,4,+40.6,+14.3,+4.9,+10.0,+15.4,+32.7,+19.6,+20.0,+20.3,+20.5,+20.5,+20.6,+20.7
2024-06-17 07:56,4,+40.5,+14.2,+4.9,+10.0,+15.4,+32.7,+19.6,+20.0,+20.3,+20.3,+20.5,+20.6,+20.7
2024-06-17 08:56,4,+40.4,+14.2,+4.9,+9.9,+15.4,+32.7,+19.7,+20.0,+20.2,+20.5,+20.5,+20.6,+20.6
2024-06-17 09:56,4,+40.4,+14.2,+4.8,+9.9,+15.3,+32.7,+19.7,+20.0,+20.2,+20.3,+20.5,+20.6,+20.7
2024-06-17 10:56,4,+40.4,+14.2,+4.8,+9.9,+15.3,+32.7,+19.8,+20.0,+20.2,+20.3,+20.5,+20.6,+20.7
2024-06-17 11:56,4,+40.3,+14.1,+4.8,+9.8,+15.3,+32.6,+20.1,+20.0,+20.2,+20.3,+20.5,+20.6,+20.7
2024-06-17 12:56,4,+40.3,+14.1,+4.8,+9.8,+15.2,+32.6,+20.2,+20.1,+20.2,+20.3,+20.5,+20.6,+20.7
2024-06-17 13:56,4,+40.3,+14.1,+4.8,+9.7,+15.2,+32.6,+20.5,+20.1,+20.2,+20.3,+20.3,+20.6,+20.7
2024-06-17 14:56,4,+40.2,+14.1,+4.8,+9.8,+15.3,+32.6,+20.6,+20.2,+20.2,+20.3,+20.3,+20.6,+20.7
2024-06-17 15:56,4,+40.2,+14.1,+4.8,+9.8,+15.2,+32.6,+20.6,+20.3,+20.2,+20.3,+20.5,+20.6,+20.6
2024-06-17 16:56,4,+40.2,+14.1,+4.7,+9.8,+15.2,+32.6,+20.7,+20.3,+20.3,+20.3,+20.5,+20.6,+20.6
2024-06-17 17:56,4,+40.2,+14.1,+4.7,+9.7,+15.2,+32.5,+20.7,+20.5,+20.3,+20.3,+20.5,+20.6,+20.7
2024-06-17 18:56,4,+48.7,+15.1,+4.7,+9.7,+15.2,+32.5,+20.7,+20.5,+20.3,+20.3,+20.3,+20.6,+20.6
2024-06-17 19:56,4,+43.9,+14.9,+4.8,+9.6,+15.1,+32.5,+20.6,+20.6,+20.3,+20.3,+20.5,+20.6,+20.6
2024-06-17 20:56,4,+44.0,+15.0,+5.0,+9.7,+15.1,+32.5,+20.5,+20.5,+20.5,+20.3,+20.5,+20.6,+20.6
2024-06-17 21:56,4,+43.6,+14.9,+5.1,+9.8,+15.1,+32.4,+20.3,+20.6,+20.5,+20.3,+20.3,+20.6,+20.6
2024-06-17 22:56,4,+43.1,+14.9,+5.2,+10.1,+15.2,+32.5,+20.3,+20.5,+20.5,+20.5,+20.5,+20.6,+20.6
2024-06-17 23:56,4,+42.3,+14.8,+5.2,+10.2,+15.4,+32.5,+20.2,+20.5,+20.5,+20.3,+20.3,+20.6,+20.6
2024-06-18 00:56,4,+42.0,+14.7,+5.2,+10.1,+15.4,+32.5,+20.2,+20.5,+20.5,+20.5,+20.5,+20.6,+20.6
2024-06-18 01:56,4,+41.7,+14.6,+5.1,+10.2,+15.5,+32.6,+20.2,+20.5,+20.5,+20.5,+20.3,+20.6,+20.6
2024-06-18 02:56,4,+41.5,+14.6,+5.1,+10.2,+15.5,+32.7,+20.1,+20.3,+20.5,+20.5,+20.3,+20.6,+20.6
2024-06-18 03:56,4,+41.3,+14.5,+5.1,+10.2,+15.5,+32.7,+20.1,+20.3,+20.5,+20.3,+20.5,+20.6,+20.6
2024-06-18 04:56,4,+41.2,+14.4,+5.1,+10.1,+15.5,+32.8,+20.0,+20.3,+20.5,+20.5,+20.3,+20.6,+20.6
2024-06-18 05:56,4,+41.1,+14.4,+5.0,+10.1,+15.5,+32.8,+20.0,+20.3,+20.5,+20.5,+20.5,+20.6,+20.6
2024-06-18 06:56,4,+41.0,+14.4,+5.0,+10.1,+15.5,+32.7,+20.0,+20.2,+20.5,+20.5,+20.5,+20.6,+20.6
2024-06-18 07:56,4,+40.9,+14.3,+5.0,+10.1,+15.5,+32.7,+20.0,+20.2,+20.5,+20.5,+20.3,+20.6,+20.6
2024-06-18 08:56,4,+40.9,+14.3,+4.9,+10.0,+15.5,+32.7,+20.1,+20.2,+20.5,+20.5,+20.5,+20.6,+20.6
2024-06-18 09:56,4,+40.8,+14.3,+4.9,+10.0,+15.4,+32.7,+20.2,+20.2,+20.5,+20.5,+20.5,+20.6,+20.6
2024-06-18 10:56,4,+40.8,+14.3,+4.9,+9.9,+15.4,+32.7,+20.3,+20.2,+20.3,+20.5,+20.5,+20.6,+20.6
2024-06-18 11:56,4,+40.8,+14.2,+4.9,+9.9,+15.4,+32.7,+20.6,+20.3,+20.5,+20.5,+20.5,+20.6,+20.7
2024-06-18 12:56,4,+40.7,+14.2,+4.9,+9.8,+15.3,+32.6,+20.7,+20.3,+20.3,+20.5,+20.5,+20.6,+20.6
2024-06-18 13:56,4,+40.7,+14.2,+4.9,+9.9,+15.4,+32.7,+21.0,+20.5,+20.3,+20.5,+20.3,+20.6,+20.6
2024-06-18 14:56,4,+40.6,+14.2,+4.9,+9.9,+15.3,+32.6,+21.1,+20.6,+20.5,+20.5,+20.5,+20.6,+20.6
2024-06-18 15:56,4,+40.6,+14.2,+4.8,+9.8,+15.3,+32.6,+21.2,+20.6,+20.5,+20.5,+20.5,+20.6,+20.6
2024-06-18 16:56,4,+40.6,+14.1,+4.8,+9.9,+15.3,+32.6,+21.2,+20.7,+20.5,+20.5,+20.5,+20.6,+20.6
2024-06-18 17:56,4,+40.6,+14.1,+4.8,+9.9,+15.3,+32.6,+21.1,+20.8,+20.6,+20.5,+20.5,+20.6,+20.6
2024-06-18 18:56,4,+40.5,+14.1,+4.8,+9.9,+15.2,+32.6,+21.0,+20.8,+20.6,+20.5,+20.5,+20.6,+20.6
2024-06-18 19:56,4,+40.5,+14.1,+4.8,+9.8,+15.2,+32.5,+20.8,+20.8,+20.6,+20.5,+20.5,+20.6,+20.6
2024-06-18 20:56,4,+40.4,+14.1,+4.8,+9.8,+15.2,+32.5,+20.7,+20.8,+20.6,+20.5,+20.5,+20.6,+20.6
2024-06-18 21:56,4,+40.4,+14.1,+4.8,+9.8,+15.2,+32.5,+20.7,+20.8,+20.6,+20.5,+20.5,+20.6,+20.6
2024-06-18 22:56,4,+40.4,+14.1,+4.8,+9.7,+15.2,+32.4,+20.6,+20.7,+20.6,+20.6,+20.5,+20.6,+20.6
2024-06-18 23:56,4,+40.4,+14.1,+4.8,+9.8,+15.2,+32.5,+20.5,+20.7,+20.7,+20.6,+20.5,+20.6,+20.6
2024-06-19 00:56,4,+40.3,+14.1,+4.8,+9.8,+15.2,+32.4,+20.3,+20.6,+20.7,+20.5,+20.5,+20.7,+20.6
2024-06-19 01:56,4,+40.3,+14.0,+4.8,+9.6,+15.1,+32.4,+20.3,+20.6,+20.7,+20.6,+20.5,+20.6,+20.6
2024-06-19 02:56,4,+40.3,+14.0,+4.8,+9.8,+15.1,+32.4,+20.2,+20.6,+20.7,+20.6,+20.5,+20.7,+20.6
2024-06-19 03:56,4,+40.2,+14.0,+4.7,+9.6,+15.1,+32.4,+20.2,+20.5,+20.7,+20.6,+20.5,+20.7,+20.6
2024-06-19 04:56,4,+40.2,+14.0,+4.7,+9.7,+15.1,+32.4,+20.1,+20.5,+20.6,+20.6,+20.5,+20.6,+20.6
2024-06-19 05:56,4,+40.2,+14.0,+4.7,+9.6,+15.0,+32.4,+20.0,+20.5,+20.6,+20.6,+20.5,+20.7,+20.7
2024-06-19 06:56,4,+40.2,+14.0,+4.7,+9.6,+15.0,+32.3,+20.0,+20.3,+20.6,+20.6,+20.5,+20.7,+20.7
2024-06-19 07:56,4,+40.1,+14.0,+4.7,+9.6,+15.0,+32.3,+20.0,+20.3,+20.6,+20.6,+20.5,+20.7,+20.6
2024-06-19 08:56,4,+44.2,+13.5,+4.1,+9.5,+14.6,+31.9,+20.1,+20.3,+20.6,+20.6,+20.5,+20.7,+20.7
2024-06-19 09:56,4,+44.9,+13.7,+4.1,+9.5,+14.6,+31.9,+20.1,+20.3,+20.6,+20.6,+20.6,+20.7,+20.6
2024-06-19 10:56,4,+42.6,+13.8,+4.1,+9.4,+14.5,+31.9,+20.2,+20.3,+20.6,+20.6,+20.6,+20.7,+20.6
2024-06-19 11:56,4,+41.8,+13.8,+4.1,+9.4,+14.5,+31.8,+20.5,+20.3,+20.6,+20.5,+20.5,+20.6,+20.6
2024-06-19 12:56,4,+41.4,+13.8,+4.2,+9.5,+14.6,+31.8,+20.6,+20.3,+20.5,+20.5,+20.5,+20.6,+20.6
2024-06-19 13:56,4,+41.1,+13.8,+4.2,+9.5,+14.5,+31.9,+20.7,+20.5,+20.5,+20.6,+20.5,+20.6,+20.7
2024-06-19 14:56,4,+40.8,+13.8,+4.2,+9.5,+14.5,+31.8,+20.8,+20.5,+20.5,+20.6,+20.5,+20.7,+20.6
2024-06-19 15:56,4,+40.7,+13.7,+4.2,+9.4,+14.5,+31.8,+21.0,+20.6,+20.6,+20.6,+20.5,+20.6,+20.6
2024-06-19 16:56,4,+47.8,+14.5,+4.3,+9.5,+14.5,+31.8,+21.0,+20.7,+20.6,+20.6,+20.5,+20.7,+20.7
2024-06-19 17:56,4,+47.7,+15.2,+4.4,+9.6,+14.5,+31.8,+20.6,+20.7,+20.6,+20.6,+20.5,+20.7,+20.7
2024-06-19 18:56,4,+46.4,+14.8,+4.7,+9.9,+14.6,+31.8,+20.3,+20.7,+20.6,+20.6,+20.6,+20.7,+20.6
2024-06-19 19:56,4,+43.0,+14.6,+4.7,+10.1,+14.9,+31.9,+20.2,+20.6,+20.7,+20.6,+20.6,+20.7,+20.7
2024-06-19 20:56,4,+42.2,+14.4,+4.6,+10.1,+15.0,+32.0,+20.1,+20.6,+20.6,+20.6,+20.6,+20.7,+20.7
2024-06-19 21:56,4,+41.8,+14.3,+4.6,+10.2,+15.2,+32.2,+20.1,+20.5,+20.6,+20.6,+20.6,+20.7,+20.7
2024-06-19 22:56,4,+41.5,+14.2,+4.6,+10.0,+15.1,+32.3,+20.0,+20.3,+20.6,+20.6,+20.5,+20.7,+20.7
2024-06-19 23:56,4,+41.3,+14.2,+4.5,+10.1,+15.2,+32.3,+19.8,+20.3,+20.6,+20.6,+20.5,+20.7,+20.6
2024-06-20 00:56,4,+41.2,+14.1,+4.5,+10.0,+15.1,+32.4,+19.8,+20.3,+20.6,+20.6,+20.6,+20.7,+20.7
2024-06-20 01:56,4,+41.1,+14.0,+4.5,+10.0,+15.1,+32.4,+19.7,+20.2,+20.6,+20.6,+20.5,+20.6,+20.7
2024-06-20 02:56,4,+41.0,+14.0,+4.4,+9.9,+15.0,+32.3,+19.7,+20.2,+20.6,+20.6,+20.6,+20.7,+20.7
2024-06-20 03:56,4,+40.9,+14.0,+4.4,+9.9,+15.0,+32.3,+19.6,+20.1,+20.5,+20.6,+20.6,+20.7,+20.7
2024-06-20 04:56,4,+40.8,+14.0,+4.4,+10.0,+15.0,+32.3,+19.6,+20.1,+20.5,+20.6,+20.6,+20.7,+20.7
2024-06-20 05:56,4,+40.8,+13.9,+4.4,+9.9,+15.0,+32.3,+19.5,+20.1,+20.5,+20.6,+20.6,+20.7,+20.6
2024-06-20 06:56,4,+40.7,+13.9,+4.4,+9.8,+14.9,+32.2,+19.5,+20.0,+20.5,+20.6,+20.6,+20.7,+20.7
2024-06-20 07:56,4,+40.7,+13.8,+4.4,+9.9,+15.0,+32.2,+19.5,+20.0,+20.3,+20.6,+20.6,+20.7,+20.7
2024-06-20 08:56,4,+40.6,+13.8,+4.3,+9.8,+14.9,+32.2,+19.6,+20.0,+20.3,+20.6,+20.6,+20.7,+20.7
2024-06-20 09:56,4,+40.6,+13.8,+4.3,+9.9,+14.9,+32.2,+19.7,+20.0,+20.3,+20.6,+20.6,+20.7,+20.7
2024-06-20 10:56,4,+40.6,+13.8,+4.3,+9.7,+14.8,+32.1,+20.0,+20.0,+20.3,+20.5,+20.6,+20.7,+20.7
2024-06-20 11:56,4,+40.6,+13.8,+4.3,+9.8,+14.9,+32.1,+20.1,+20.0,+20.3,+20.5,+20.5,+20.7,+20.6
2024-06-20 12:56,4,+40.5,+13.8,+4.3,+9.8,+14.8,+32.1,+20.2,+20.1,+20.3,+20.5,+20.5,+20.7,+20.7
2024-06-20 13:56,4,+40.5,+13.7,+4.3,+9.7,+14.8,+32.1,+20.3,+20.1,+20.3,+20.5,+20.5,+20.7,+20.6
2024-06-20 14:56,4,+40.5,+13.7,+4.3,+9.6,+14.8,+32.1,+20.5,+20.2,+20.3,+20.5,+20.5,+20.7,+20.7
2024-06-20 15:56,4,+40.5,+13.7,+4.2,+9.8,+14.8,+32.1,+20.5,+20.2,+20.3,+20.5,+20.5,+20.7,+20.7
2024-06-20 16:56,4,+41.6,+13.7,+4.2,+9.6,+14.7,+32.0,+20.5,+20.3,+20.3,+20.5,+20.5,+20.7,+20.7
2024-06-20 17:56,4,+48.7,+15.8,+4.3,+9.7,+14.7,+32.0,+20.2,+20.5,+20.3,+20.5,+20.5,+20.6,+20.6
2024-06-20 18:56,4,+48.6,+15.8,+4.9,+10.2,+15.0,+32.2,+19.8,+20.3,+20.3,+20.5,+20.5,+20.6,+20.7
2024-06-20 19:56,4,+48.5,+15.7,+4.9,+10.6,+15.6,+32.7,+19.6,+20.2,+20.3,+20.5,+20.5,+20.6,+20.6
2024-06-20 20:56,4,+48.2,+15.3,+4.9,+10.5,+15.7,+33.1,+19.3,+20.1,+20.5,+20.5,+20.5,+20.6,+20.6
2024-06-20 21:56,4,+47.0,+14.9,+4.8,+10.4,+15.7,+33.2,+19.3,+20.0,+20.3,+20.5,+20.5,+20.6,+20.6
2024-06-20 22:56,4,+43.9,+14.6,+4.7,+10.4,+15.7,+33.1,+19.3,+19.8,+20.3,+20.5,+20.5,+20.6,+20.6
2024-06-20 23:56,4,+42.9,+14.5,+4.6,+10.4,+15.6,+33.1,+19.2,+19.8,+20.2,+20.3,+20.5,+20.6,+20.6
2024-06-21 00:56,4,+42.4,+14.4,+4.6,+10.3,+15.5,+33.0,+19.1,+19.8,+20.2,+20.3,+20.3,+20.6,+20.6
2024-06-21 01:56,4,+42.0,+14.3,+4.6,+10.1,+15.4,+32.9,+19.1,+19.6,+20.2,+20.3,+20.5,+20.6,+20.6
2024-06-21 02:56,4,+41.8,+14.2,+4.5,+10.0,+15.3,+32.8,+19.0,+19.6,+20.1,+20.3,+20.5,+20.6,+20.6
2024-06-21 03:56,4,+41.8,+14.1,+4.5,+10.1,+15.3,+32.7,+19.1,+19.6,+20.1,+20.3,+20.3,+20.6,+20.6
2024-06-21 04:56,4,+41.6,+14.1,+4.4,+10.1,+15.2,+32.7,+19.0,+19.6,+20.1,+20.3,+20.3,+20.6,+20.6
2024-06-21 05:56,4,+41.5,+14.0,+4.4,+10.0,+15.2,+32.6,+18.8,+19.5,+20.1,+20.3,+20.5,+20.6,+20.6
2024-06-21 06:56,4,+41.3,+14.0,+4.4,+10.0,+15.1,+32.5,+18.8,+19.5,+20.0,+20.3,+20.3,+20.5,+20.6
2024-06-21 07:56,4,+41.3,+14.0,+4.4,+10.0,+15.1,+32.5,+18.8,+19.5,+20.0,+20.3,+20.3,+20.6,+20.6
2024-06-21 08:56,4,+41.2,+13.9,+4.4,+9.8,+15.0,+32.4,+19.1,+19.3,+20.0,+20.2,+20.3,+20.6,+20.6
2024-06-21 09:56,4,+41.1,+13.9,+4.3,+9.8,+15.0,+32.4,+19.2,+19.3,+20.0,+20.2,+20.3,+20.6,+20.6
2024-06-21 10:56,4,+41.1,+13.8,+4.3,+9.9,+15.0,+32.4,+19.6,+19.5,+19.8,+20.2,+20.3,+20.5,+20.6
2024-06-21 11:56,4,+41.0,+13.8,+4.2,+9.8,+15.0,+32.3,+19.8,+19.5,+19.8,+20.2,+20.3,+20.5,+20.6
2024-06-21 12:56,4,+40.9,+13.8,+4.2,+9.8,+14.9,+32.3,+20.1,+19.7,+20.0,+20.2,+20.3,+20.5,+20.6
2024-06-21 13:56,4,+40.9,+13.8,+4.2,+9.7,+14.9,+32.2,+20.3,+19.7,+19.8,+20.2,+20.3,+20.5,+20.6
2024-06-21 14:56,4,+40.9,+13.8,+4.2,+9.7,+14.9,+32.2,+20.3,+19.8,+19.8,+20.2,+20.3,+20.5,+20.6
2024-06-21 15:56,4,+40.9,+13.8,+4.2,+9.7,+14.9,+32.2,+20.5,+20.1,+20.0,+20.2,+20.2,+20.5,+20.6
2024-06-21 16:56,4,+40.9,+13.7,+4.2,+9.7,+14.9,+32.2,+20.3,+20.0,+20.0,+20.1,+20.2,+20.5,+20.5
2024-06-21 17:56,4,+41.6,+13.8,+4.2,+9.7,+14.8,+32.1,+20.3,+20.1,+20.0,+20.2,+20.2,+20.5,+20.6
2024-06-21 18:56,4,+47.2,+14.4,+4.2,+9.6,+14.7,+32.1,+20.0,+20.1,+20.1,+20.1,+20.2,+20.5,+20.6
2024-06-21 19:56,4,+46.6,+14.5,+4.4,+9.6,+14.7,+32.1,+19.8,+20.1,+20.1,+20.1,+20.2,+20.5,+20.5
2024-06-21 20:56,4,+46.1,+14.5,+4.5,+9.7,+14.8,+32.1,+19.7,+20.0,+20.1,+20.1,+20.2,+20.3,+20.5
2024-06-21 21:56,4,+42.9,+14.4,+4.5,+9.9,+14.9,+32.1,+19.7,+20.0,+20.1,+20.1,+20.2,+20.5,+20.5
2024-06-21 22:56,4,+42.2,+14.3,+4.5,+10.0,+15.0,+32.2,+19.7,+20.0,+20.1,+20.2,+20.2,+20.5,+20.6
2024-06-21 23:56,4,+41.9,+14.2,+4.5,+9.9,+15.0,+32.2,+19.6,+20.0,+20.1,+20.1,+20.2,+20.3,+20.5
2024-06-22 00:56,4,+41.7,+14.1,+4.4,+9.9,+15.0,+32.3,+19.5,+19.8,+20.1,+20.2,+20.2,+20.5,+20.5
2024-06-22 01:56,4,+41.5,+14.1,+4.4,+9.9,+15.0,+32.3,+19.5,+19.8,+20.1,+20.2,+20.2,+20.3,+20.5
2024-06-22 02:56,4,+41.3,+14.0,+4.4,+9.8,+15.0,+32.2,+19.3,+19.7,+20.1,+20.2,+20.2,+20.3,+20.5
2024-06-22 03:56,4,+41.2,+14.0,+4.4,+9.8,+15.0,+32.2,+19.3,+19.7,+20.0,+20.1,+20.2,+20.3,+20.5
2024-06-22 04:56,4,+41.1,+14.0,+4.3,+9.9,+15.0,+32.3,+19.2,+19.6,+20.0,+20.2,+20.2,+20.3,+20.5
2024-06-22 05:56,4,+41.0,+13.9,+4.3,+9.9,+15.0,+32.2,+19.1,+19.7,+20.0,+20.2,+20.2,+20.3,+20.5
2024-06-22 06:56,4,+41.0,+13.9,+4.3,+9.8,+14.9,+32.2,+19.1,+19.6,+20.0,+20.1,+20.2,+20.3,+20.5
2024-06-22 07:56,4,+40.9,+13.9,+4.3,+9.8,+14.9,+32.2,+19.1,+19.5,+20.0,+20.1,+20.2,+20.3,+20.5
2024-06-22 08:56,4,+40.9,+13.8,+4.2,+9.7,+14.9,+32.1,+19.1,+19.5,+20.0,+20.1,+20.2,+20.3,+20.5
2024-06-22 09:56,4,+40.8,+13.8,+4.2,+9.7,+14.9,+32.1,+19.2,+19.5,+20.0,+20.1,+20.2,+20.3,+20.5
2024-06-22 10:56,4,+40.8,+13.8,+4.2,+9.8,+14.9,+32.1,+19.3,+19.5,+19.8,+20.1,+20.2,+20.3,+20.5
2024-06-22 11:56,4,+40.8,+13.8,+4.2,+9.8,+14.8,+32.1,+19.6,+19.6,+19.8,+20.1,+20.2,+20.3,+20.5
2024-06-22 12:56,4,+40.7,+13.8,+4.2,+9.7,+14.8,+32.1,+19.8,+19.6,+19.8,+20.1,+20.2,+20.3,+20.5
2024-06-22 13:56,4,+40.6,+13.7,+4.2,+9.7,+14.8,+32.1,+20.0,+19.7,+19.8,+20.1,+20.1,+20.3,+20.5
2024-06-22 14:56,4,+40.6,+13.7,+4.2,+9.6,+14.8,+32.0,+20.2,+19.7,+19.8,+20.0,+20.1,+20.3,+20.5
2024-06-22 15:56,4,+40.6,+13.7,+4.2,+9.6,+14.7,+32.0,+20.6,+20.0,+20.0,+20.1,+20.1,+20.3,+20.3
2024-06-22 16:56,4,+40.6,+13.7,+4.2,+9.6,+14.7,+32.0,+20.7,+20.1,+19.8,+20.1,+20.1,+20.3,+20.3
2024-06-22 17:56,4,+40.5,+13.7,+4.1,+9.5,+14.7,+32.0,+20.7,+20.2,+20.0,+20.0,+20.1,+20.3,+20.5
2024-06-22 18:56,4,+40.4,+13.6,+4.1,+9.6,+14.7,+32.0,+20.5,+20.2,+20.0,+20.1,+20.1,+20.3,+20.3
2024-06-22 19:56,4,+40.4,+13.6,+4.1,+9.6,+14.7,+31.9,+20.3,+20.3,+20.1,+20.1,+20.2,+20.3,+20.5
2024-06-22 20:56,4,+40.4,+13.6,+4.1,+9.5,+14.6,+31.9,+20.2,+20.2,+20.1,+20.1,+20.2,+20.3,+20.5
2024-06-22 21:56,4,+40.4,+13.6,+4.1,+9.6,+14.6,+31.9,+20.1,+20.1,+20.2,+20.1,+20.2,+20.3,+20.5
2024-06-22 22:56,4,+40.3,+13.6,+4.1,+9.6,+14.6,+31.9,+20.1,+20.2,+20.2,+20.1,+20.2,+20.3,+20.5
2024-06-22 23:56,4,+40.3,+13.6,+4.1,+9.6,+14.6,+31.9,+19.8,+20.1,+20.2,+20.1,+20.2,+20.3,+20.5
2024-06-23 00:56,4,+40.3,+13.6,+4.1,+9.5,+14.5,+31.8,+19.8,+20.1,+20.2,+20.1,+20.2,+20.3,+20.5
2024-06-23 01:56,4,+40.2,+13.6,+4.1,+9.5,+14.5,+31.8,+19.7,+20.1,+20.1,+20.2,+20.2,+20.5,+20.5
2024-06-23 02:56,4,+40.2,+13.6,+4.1,+9.6,+14.6,+31.8,+19.6,+20.0,+20.2,+20.1,+20.2,+20.3,+20.5
2024-06-23 03:56,4,+40.2,+13.6,+4.1,+9.4,+14.5,+31.8,+19.6,+20.0,+20.2,+20.2,+20.2,+20.3,+20.5
2024-06-23 04:56,4,+40.2,+13.6,+4.1,+9.5,+14.5,+31.8,+19.5,+19.8,+20.1,+20.2,+20.2,+20.5,+20.5
2024-06-23 05:56,4,+40.1,+13.5,+4.1,+9.5,+14.5,+31.8,+19.5,+19.8,+20.1,+20.2,+20.2,+20.3,+20.5
2024-06-23 06:56,4,+40.1,+13.5,+4.0,+9.4,+14.5,+31.7,+19.5,+19.8,+20.1,+20.2,+20.2,+20.5,+20.6
2024-06-23 07:56,4,+40.1,+13.5,+4.0,+9.5,+14.5,+31.7,+19.5,+19.7,+20.1,+20.2,+20.2,+20.5,+20.5
2024-06-23 08:56,4,+40.0,+13.5,+4.1,+9.5,+14.5,+31.7,+19.6,+19.8,+20.1,+20.1,+20.2,+20.5,+20.6
2024-06-23 09:56,4,+40.0,+13.5,+4.0,+9.5,+14.5,+31.7,+19.7,+19.8,+20.1,+20.2,+20.2,+20.5,+20.5
2024-06-23 10:56,4,+40.0,+13.5,+4.0,+9.3,+14.4,+31.7,+20.0,+19.8,+20.1,+20.2,+20.2,+20.3,+20.5
2024-06-23 11:56,4,+40.0,+13.5,+4.0,+9.3,+14.4,+31.7,+20.1,+20.0,+20.1,+20.2,+20.2,+20.5,+20.5
2024-06-23 12:56,4,+40.0,+13.5,+4.0,+9.3,+14.4,+31.6,+20.3,+20.0,+20.1,+20.2,+20.2,+20.3,+20.5
2024-06-23 13:56,4,+40.0,+13.5,+4.0,+9.3,+14.4,+31.6,+20.5,+20.1,+20.1,+20.2,+20.2,+20.3,+20.5
2024-06-23 14:56,4,+40.0,+13.5,+4.0,+9.4,+14.4,+31.6,+20.7,+20.2,+20.1,+20.1,+20.2,+20.3,+20.5
2024-06-23 15:56,4,+44.8,+13.5,+4.0,+9.4,+14.4,+31.6,+20.6,+20.2,+20.1,+20.2,+20.2,+20.5,+20.5
2024-06-23 16:56,4,+43.7,+13.6,+4.0,+9.4,+14.4,+31.6,+20.5,+20.3,+20.1,+20.1,+20.2,+20.3,+20.5
2024-06-23 17:56,4,+47.7,+14.0,+4.0,+9.4,+14.3,+31.6,+20.3,+20.3,+20.2,+20.2,+20.2,+20.3,+20.5
2024-06-23 18:56,4,+47.2,+14.2,+4.1,+9.3,+14.3,+31.7,+20.2,+20.3,+20.2,+20.2,+20.2,+20.5,+20.5
2024-06-23 19:56,4,+48.1,+14.9,+4.3,+9.6,+14.5,+31.8,+20.1,+20.2,+20.3,+20.2,+20.2,+20.5,+20.5
2024-06-23 20:56,4,+45.6,+14.5,+4.4,+9.5,+14.4,+31.8,+20.0,+20.2,+20.2,+20.2,+20.2,+20.5,+20.5
2024-06-23 21:56,4,+43.4,+14.4,+4.5,+9.6,+14.5,+31.8,+20.0,+20.2,+20.2,+20.2,+20.2,+20.5,+20.5
2024-06-23 22:56,4,+42.6,+14.3,+4.5,+9.7,+14.5,+31.8,+19.7,+20.1,+20.2,+20.2,+20.2,+20.3,+20.5
2024-06-23 23:56,4,+42.1,+14.2,+4.5,+9.8,+14.6,+31.8,+19.7,+20.1,+20.2,+20.2,+20.2,+20.5,+20.5
2024-06-24 00:56,4,+41.8,+14.1,+4.5,+9.9,+14.7,+31.8,+19.6,+20.1,+20.2,+20.2,+20.2,+20.5,+20.5
2024-06-24 01:56,4,+41.5,+14.1,+4.4,+9.9,+14.7,+31.9,+19.6,+20.0,+20.2,+20.2,+20.2,+20.5,+20.5
2024-06-24 02:56,4,+41.4,+14.1,+4.4,+9.8,+14.7,+31.9,+19.5,+20.0,+20.2,+20.2,+20.2,+20.5,+20.5
2024-06-24 03:56,4,+41.3,+14.0,+4.4,+9.8,+14.8,+31.9,+19.3,+19.8,+20.2,+20.2,+20.2,+20.5,+20.5
2024-06-24 04:56,4,+41.2,+14.0,+4.4,+9.8,+14.8,+32.0,+19.3,+19.8,+20.2,+20.2,+20.2,+20.3,+20.5
2024-06-24 05:56,4,+41.1,+14.0,+4.4,+9.7,+14.8,+32.0,+19.3,+19.8,+20.2,+20.2,+20.2,+20.5,+20.5
2024-06-24 06:56,4,+41.0,+13.9,+4.4,+9.7,+14.8,+32.0,+19.2,+19.7,+20.2,+20.2,+20.2,+20.5,+20.5
2024-06-24 07:56,4,+41.0,+13.9,+4.3,+9.7,+14.8,+32.0,+19.3,+19.7,+20.1,+20.2,+20.2,+20.5,+20.6
2024-06-24 08:56,4,+40.9,+13.9,+4.3,+9.7,+14.8,+32.0,+19.5,+19.7,+20.1,+20.2,+20.2,+20.5,+20.5
2024-06-24 09:56,4,+40.9,+13.8,+4.3,+9.7,+14.7,+32.0,+19.6,+19.6,+20.1,+20.2,+20.2,+20.5,+20.5
2024-06-24 10:56,4,+40.8,+13.8,+4.3,+9.8,+14.8,+32.1,+19.8,+19.7,+20.1,+20.2,+20.2,+20.5,+20.5
2024-06-24 11:56,4,+40.8,+13.8,+4.2,+9.6,+14.7,+32.0,+20.1,+19.8,+20.0,+20.2,+20.2,+20.5,+20.5
2024-06-24 12:56,4,+40.8,+13.8,+4.2,+9.7,+14.8,+32.1,+20.5,+20.0,+20.1,+20.2,+20.3,+20.5,+20.5
2024-06-24 13:56,4,+40.7,+13.8,+4.2,+9.6,+14.7,+32.0,+20.7,+20.1,+20.1,+20.2,+20.2,+20.5,+20.5
2024-06-24 14:56,4,+40.7,+13.8,+4.2,+9.7,+14.7,+32.0,+20.8,+20.2,+20.1,+20.2,+20.2,+20.3,+20.5
2024-06-24 15:56,4,+40.7,+13.8,+4.2,+9.7,+14.7,+32.0,+21.0,+20.3,+20.1,+20.2,+20.2,+20.5,+20.5
2024-06-24 16:56,4,+40.7,+13.7,+4.2,+9.7,+14.7,+32.0,+21.1,+20.5,+20.1,+20.2,+20.2,+20.5,+20.5
2024-06-24 17:56,4,+40.6,+13.7,+4.2,+9.6,+14.7,+32.0,+21.1,+20.6,+20.2,+20.2,+20.2,+20.5,+20.5
2024-06-24 18:56,4,+40.6,+13.7,+4.2,+9.6,+14.7,+32.0,+21.0,+20.6,+20.2,+20.2,+20.2,+20.5,+20.5
2024-06-24 19:56,4,+40.6,+13.7,+4.2,+9.6,+14.7,+32.0,+20.8,+20.6,+20.3,+20.2,+20.2,+20.5,+20.5
2024-06-24 20:56,4,+40.6,+13.7,+4.2,+9.5,+14.6,+31.9,+20.7,+20.6,+20.3,+20.2,+20.2,+20.5,+20.5
2024-06-24 21:56,4,+40.6,+13.7,+4.2,+9.5,+14.6,+31.9,+20.6,+20.6,+20.5,+20.2,+20.2,+20.5,+20.5
2024-06-24 22:56,4,+40.8,+13.7,+4.2,+9.5,+14.6,+31.9,+20.5,+20.5,+20.5,+20.3,+20.3,+20.5,+20.6
2024-06-24 23:56,4,+40.9,+13.7,+4.2,+9.6,+14.6,+31.9,+20.3,+20.5,+20.5,+20.2,+20.2,+20.5,+20.5
2024-06-25 00:56,4,+40.9,+13.7,+4.2,+9.5,+14.6,+31.9,+20.3,+20.3,+20.3,+20.3,+20.2,+20.5,+20.5
2024-06-25 01:56,4,+40.9,+13.7,+4.2,+9.6,+14.6,+31.9,+20.2,+20.3,+20.3,+20.2,+20.2,+20.5,+20.5
2024-06-25 02:56,4,+40.9,+13.7,+4.2,+9.5,+14.5,+31.9,+20.1,+20.3,+20.5,+20.3,+20.2,+20.5,+20.5
2024-06-25 03:56,4,+40.9,+13.7,+4.2,+9.6,+14.6,+31.9,+20.0,+20.3,+20.3,+20.3,+20.3,+20.5,+20.5
2024-06-25 04:56,4,+40.9,+13.7,+4.2,+9.5,+14.5,+31.9,+19.8,+20.2,+20.5,+20.3,+20.3,+20.5,+20.5
2024-06-25 05:56,4,+40.9,+13.7,+4.2,+9.5,+14.5,+31.8,+19.8,+20.2,+20.5,+20.3,+20.3,+20.5,+20.5
2024-06-25 06:56,4,+40.8,+13.7,+4.2,+9.4,+14.5,+31.8,+19.8,+20.2,+20.3,+20.3,+20.3,+20.5,+20.5
2024-06-25 07:56,4,+40.8,+13.7,+4.2,+9.4,+14.5,+31.8,+19.8,+20.2,+20.3,+20.3,+20.3,+20.5,+20.6
2024-06-25 08:56,4,+40.8,+13.7,+4.1,+9.5,+14.5,+31.9,+19.8,+20.1,+20.3,+20.3,+20.3,+20.5,+20.5
2024-06-25 09:56,4,+40.8,+13.6,+4.2,+9.4,+14.5,+31.8,+20.0,+20.1,+20.3,+20.3,+20.3,+20.5,+20.5
2024-06-25 10:56,4,+40.8,+13.6,+4.1,+9.4,+14.5,+31.8,+20.1,+20.1,+20.3,+20.3,+20.3,+20.5,+20.5
2024-06-25 11:56,4,+40.8,+13.6,+4.1,+9.4,+14.5,+31.8,+20.3,+20.2,+20.3,+20.3,+20.3,+20.5,+20.5
2024-06-25 12:56,4,+40.8,+13.6,+4.1,+9.4,+14.5,+31.8,+20.6,+20.2,+20.3,+20.3,+20.3,+20.5,+20.5
2024-06-25 13:56,4,+40.7,+13.6,+4.1,+9.4,+14.5,+31.8,+20.8,+20.3,+20.3,+20.3,+20.3,+20.5,+20.5
2024-06-25 14:56,4,+40.8,+13.6,+4.1,+9.5,+14.5,+31.8,+20.8,+20.5,+20.3,+20.3,+20.3,+20.5,+20.5
2024-06-25 15:56,4,+49.0,+16.4,+4.2,+9.4,+14.5,+31.8,+20.5,+20.6,+20.3,+20.3,+20.3,+20.5,+20.5
2024-06-25 16:56,4,+44.0,+15.0,+4.6,+9.7,+14.5,+31.8,+20.1,+20.6,+20.3,+20.3,+20.3,+20.6,+20.5
2024-06-25 17:56,4,+42.8,+14.6,+4.6,+10.0,+14.7,+31.9,+20.0,+20.5,+20.5,+20.3,+20.3,+20.6,+20.6
2024-06-25 18:56,4,+42.3,+14.4,+4.6,+10.2,+15.0,+32.1,+20.0,+20.3,+20.5,+20.3,+20.3,+20.6,+20.6
2024-06-25 19:56,4,+42.0,+14.4,+4.6,+10.2,+15.1,+32.2,+19.8,+20.3,+20.5,+20.3,+20.3,+20.5,+20.5
2024-06-25 20:56,4,+41.8,+14.3,+4.5,+10.1,+15.2,+32.3,+19.8,+20.2,+20.5,+20.3,+20.3,+20.5,+20.5
2024-06-25 21:56,4,+41.6,+14.2,+4.5,+10.1,+15.1,+32.4,+19.7,+20.2,+20.3,+20.3,+20.3,+20.5,+20.6
2024-06-25 22:56,4,+41.5,+14.1,+4.5,+10.0,+15.1,+32.4,+19.6,+20.1,+20.3,+20.5,+20.3,+20.5,+20.6
2024-06-25 23:56,4,+41.4,+14.1,+4.5,+10.1,+15.1,+32.4,+19.6,+20.1,+20.3,+20.5,+20.3,+20.6,+20.5
2024-06-26 00:56,4,+41.3,+14.0,+4.4,+10.0,+15.0,+32.4,+19.5,+20.0,+20.3,+20.5,+20.3,+20.5,+20.6
2024-06-26 01:56,4,+41.3,+14.0,+4.4,+9.9,+15.0,+32.4,+19.5,+20.0,+20.3,+20.3,+20.3,+20.5,+20.6
2024-06-26 02:56,4,+41.2,+14.0,+4.4,+10.0,+15.1,+32.4,+19.3,+20.0,+20.2,+20.3,+20.3,+20.6,+20.6
2024-06-26 03:56,4,+41.1,+14.0,+4.4,+9.9,+15.0,+32.3,+19.3,+19.8,+20.2,+20.3,+20.3,+20.5,+20.6
2024-06-26 04:56,4,+41.1,+13.9,+4.4,+10.0,+15.0,+32.3,+19.2,+19.8,+20.2,+20.3,+20.3,+20.5,+20.6
2024-06-26 05:56,4,+41.1,+13.9,+4.4,+9.8,+15.0,+32.3,+19.2,+19.7,+20.2,+20.3,+20.3,+20.6,+20.5
2024-06-26 06:56,4,+41.0,+13.9,+4.3,+9.8,+14.9,+32.3,+19.1,+19.7,+20.2,+20.3,+20.3,+20.6,+20.6
2024-06-26 07:56,4,+41.0,+13.8,+4.3,+9.8,+14.9,+32.3,+19.2,+19.7,+20.1,+20.3,+20.3,+20.6,+20.6
2024-06-26 08:56,4,+40.9,+13.8,+4.3,+9.9,+14.9,+32.3,+19.2,+19.6,+20.1,+20.3,+20.3,+20.5,+20.6
2024-06-26 09:56,4,+40.9,+13.8,+4.3,+9.8,+14.9,+32.3,+19.3,+19.6,+20.1,+20.3,+20.3,+20.5,+20.6
2024-06-26 10:56,4,+40.9,+13.8,+4.3,+9.7,+14.9,+32.2,+19.6,+19.7,+20.1,+20.3,+20.3,+20.5,+20.6
2024-06-26 11:56,4,+40.9,+13.8,+4.2,+9.7,+14.8,+32.2,+19.8,+19.7,+20.1,+20.3,+20.3,+20.5,+20.5
2024-06-26 12:56,4,+48.0,+14.2,+4.3,+9.7,+14.8,+32.2,+20.0,+19.8,+20.1,+20.3,+20.3,+20.5,+20.5
2024-06-26 13:56,4,+48.8,+15.6,+4.4,+9.8,+15.0,+32.2,+19.8,+20.0,+20.1,+20.3,+20.3,+20.5,+20.5
2024-06-26 14:56,4,+47.7,+14.9,+4.7,+10.3,+15.3,+32.5,+19.7,+20.0,+20.1,+20.2,+20.3,+20.5,+20.5
2024-06-26 15:56,4,+45.2,+14.7,+4.7,+10.4,+15.5,+32.7,+19.6,+20.0,+20.1,+20.2,+20.3,+20.5,+20.5
2024-06-26 16:56,4,+43.3,+14.5,+4.6,+10.3,+15.6,+32.8,+19.5,+19.8,+20.0,+20.2,+20.2,+20.5,+20.5
2024-06-26 17:56,4,+42.8,+14.4,+4.6,+10.3,+15.6,+32.9,+19.5,+19.8,+20.1,+20.2,+20.2,+20.5,+20.5
2024-06-26 18:56,4,+43.4,+14.3,+4.6,+10.3,+15.6,+32.9,+19.3,+19.8,+20.1,+20.2,+20.2,+20.5,+20.5
2024-06-26 19:56,4,+43.1,+14.4,+4.5,+10.2,+15.5,+32.9,+19.3,+19.7,+20.1,+20.2,+20.2,+20.5,+20.5
2024-06-26 20:56,4,+42.6,+14.3,+4.5,+10.2,+15.5,+32.8,+19.2,+19.7,+20.0,+20.2,+20.2,+20.5,+20.5
2024-06-26 21:56,4,+42.3,+14.2,+4.5,+10.1,+15.4,+32.8,+19.2,+19.7,+20.0,+20.2,+20.2,+20.5,+20.5
2024-06-26 22:56,4,+42.0,+14.2,+4.5,+10.0,+15.4,+32.7,+19.1,+19.6,+20.0,+20.2,+20.2,+20.5,+20.5
2024-06-26 23:56,4,+41.8,+14.1,+4.4,+10.1,+15.4,+32.7,+19.1,+19.6,+20.0,+20.1,+20.2,+20.5,+20.5
2024-06-27 00:56,4,+41.6,+14.1,+4.4,+10.1,+15.4,+32.7,+19.1,+19.6,+20.0,+20.2,+20.2,+20.3,+20.5
2024-06-27 01:56,4,+41.5,+14.0,+4.4,+10.0,+15.4,+32.7,+19.0,+19.5,+19.8,+20.1,+20.2,+20.3,+20.5
2024-06-27 02:56,4,+41.4,+14.0,+4.4,+9.9,+15.3,+32.6,+19.0,+19.5,+20.0,+20.1,+20.2,+20.3,+20.5
2024-06-27 03:56,4,+41.3,+14.0,+4.3,+9.9,+15.2,+32.5,+19.0,+19.5,+19.8,+20.1,+20.2,+20.3,+20.3
2024-06-27 04:56,4,+41.3,+13.9,+4.3,+9.9,+15.2,+32.5,+18.8,+19.3,+19.8,+20.1,+20.1,+20.3,+20.5
2024-06-27 05:56,4,+41.2,+13.9,+4.3,+9.9,+15.2,+32.5,+18.8,+19.3,+19.8,+20.1,+20.2,+20.3,+20.5
2024-06-27 06:56,4,+41.2,+13.9,+4.3,+9.9,+15.2,+32.5,+18.8,+19.3,+19.8,+20.1,+20.2,+20.3,+20.3
2024-06-27 07:56,4,+41.1,+13.8,+4.3,+9.8,+15.1,+32.4,+19.0,+19.3,+19.8,+20.0,+20.2,+20.3,+20.5
2024-06-27 08:56,4,+41.1,+13.8,+4.2,+9.9,+15.2,+32.4,+19.0,+19.3,+19.7,+20.1,+20.1,+20.3,+20.5
2024-06-27 09:56,4,+42.9,+13.8,+4.2,+9.7,+15.1,+32.4,+19.1,+19.3,+19.7,+20.1,+20.2,+20.3,+20.5
2024-06-27 10:56,4,+47.1,+14.1,+4.2,+9.8,+15.1,+32.4,+19.2,+19.3,+19.8,+20.0,+20.1,+20.3,+20.5
2024-06-27 11:56,4,+47.6,+14.9,+4.3,+9.8,+15.1,+32.4,+19.3,+19.3,+19.7,+20.0,+20.1,+20.3,+20.5
2024-06-27 12:56,4,+47.4,+14.9,+4.6,+10.0,+15.1,+32.4,+19.3,+19.3,+19.7,+20.0,+20.1,+20.3,+20.3
2024-06-27 13:56,4,+44.1,+14.6,+4.6,+10.2,+15.3,+32.4,+19.3,+19.5,+19.7,+20.0,+20.1,+20.3,+20.5
2024-06-27 14:56,4,+42.9,+14.4,+4.5,+10.1,+15.4,+32.5,+19.5,+19.5,+19.7,+20.0,+20.1,+20.3,+20.5
2024-06-27 15:56,4,+42.4,+14.3,+4.5,+10.2,+15.5,+32.7,+19.6,+19.5,+19.7,+20.0,+20.0,+20.2,+20.3
2024-06-27 16:56,4,+42.1,+14.2,+4.5,+10.2,+15.5,+32.7,+19.6,+19.6,+19.7,+20.0,+20.1,+20.3,+20.3
2024-06-27 17:56,4,+41.9,+14.1,+4.4,+10.0,+15.4,+32.7,+19.6,+19.6,+19.7,+20.0,+20.0,+20.2,+20.3
2024-06-27 18:56,4,+45.9,+14.1,+4.4,+10.1,+15.4,+32.7,+19.5,+19.6,+19.7,+20.0,+20.0,+20.2,+20.3
2024-06-27 19:56,4,+47.2,+14.9,+4.5,+10.1,+15.4,+32.7,+19.2,+19.6,+19.7,+19.8,+20.0,+20.2,+20.3
2024-06-27 20:56,4,+46.8,+14.9,+4.7,+10.3,+15.6,+32.8,+19.0,+19.5,+19.7,+19.8,+20.0,+20.2,+20.3
2024-06-27 21:56,4,+47.1,+14.9,+4.7,+10.3,+15.7,+33.0,+18.8,+19.5,+19.7,+20.0,+20.0,+20.1,+20.3
2024-06-27 22:56,4,+46.5,+14.8,+4.7,+10.5,+15.9,+33.1,+18.7,+19.3,+19.7,+19.8,+20.0,+20.2,+20.3
2024-06-27 23:56,4,+46.2,+14.7,+4.6,+10.3,+15.8,+33.1,+18.6,+19.2,+19.6,+19.8,+20.0,+20.2,+20.2
2024-06-28 00:56,4,+44.1,+14.6,+4.6,+10.3,+15.7,+33.1,+18.6,+19.2,+19.6,+19.8,+20.0,+20.1,+20.3
2024-06-28 01:56,4,+43.2,+14.4,+4.6,+10.2,+15.7,+33.1,+18.6,+19.1,+19.6,+19.8,+20.0,+20.1,+20.2
2024-06-28 02:56,4,+42.7,+14.3,+4.5,+10.2,+15.6,+33.0,+18.5,+19.1,+19.6,+19.8,+20.0,+20.2,+20.3
2024-06-28 03:56,4,+42.5,+14.3,+4.5,+10.1,+15.6,+33.0,+18.5,+19.0,+19.6,+19.8,+20.0,+20.1,+20.2
2024-06-28 04:56,4,+42.4,+14.2,+4.4,+10.2,+15.5,+32.9,+18.5,+19.0,+19.5,+19.8,+19.8,+20.1,+20.2
2024-06-28 05:56,4,+42.2,+14.1,+4.4,+10.1,+15.5,+32.9,+18.3,+19.0,+19.5,+19.8,+20.0,+20.1,+20.2
2024-06-28 06:56,4,+42.1,+14.1,+4.4,+10.0,+15.4,+32.8,+18.3,+18.8,+19.5,+19.7,+19.8,+20.1,+20.2
2024-06-28 07:56,4,+42.6,+14.1,+4.4,+9.9,+15.4,+32.7,+18.3,+18.8,+19.3,+19.8,+20.0,+20.1,+20.2
2024-06-28 08:56,4,+43.5,+14.1,+4.3,+10.0,+15.4,+32.7,+18.5,+18.8,+19.3,+19.7,+19.8,+20.1,+20.2
2024-06-28 09:56,4,+43.0,+14.2,+4.4,+9.9,+15.3,+32.6,+18.6,+18.8,+19.3,+19.7,+19.8,+20.1,+20.2
2024-06-28 10:56,4,+42.5,+14.1,+4.3,+9.9,+15.3,+32.6,+18.7,+18.8,+19.3,+19.7,+19.8,+20.1,+20.2
2024-06-28 11:56,4,+42.2,+14.1,+4.3,+9.9,+15.3,+32.6,+19.0,+18.8,+19.3,+19.7,+19.8,+20.1,+20.2
2024-06-28 12:56,4,+42.0,+14.0,+4.3,+10.0,+15.3,+32.6,+19.2,+19.0,+19.2,+19.7,+19.8,+20.1,+20.2
2024-06-28 13:56,4,+41.9,+14.0,+4.3,+9.9,+15.3,+32.6,+19.5,+19.1,+19.3,+19.6,+19.8,+20.1,+20.2
2024-06-28 14:56,4,+42.8,+14.1,+4.3,+9.8,+15.2,+32.5,+19.6,+19.2,+19.3,+19.6,+19.8,+20.0,+20.2
2024-06-28 15:56,4,+43.4,+14.4,+4.3,+9.8,+15.2,+32.5,+19.7,+19.3,+19.3,+19.6,+19.8,+20.0,+20.2
2024-06-28 16:56,4,+43.5,+14.4,+4.3,+9.9,+15.2,+32.5,+19.7,+19.3,+19.3,+19.6,+19.8,+20.1,+20.2
2024-06-28 17:56,4,+44.0,+14.4,+4.3,+9.8,+15.2,+32.4,+19.7,+19.5,+19.3,+19.6,+19.7,+20.1,+20.2
2024-06-28 18:56,4,+44.0,+14.5,+4.3,+9.7,+15.1,+32.4,+19.6,+19.5,+19.5,+19.6,+19.7,+20.0,+20.2
2024-06-28 19:56,4,+48.1,+14.8,+4.3,+9.7,+15.1,+32.4,+19.5,+19.5,+19.5,+19.6,+19.8,+20.0,+20.2
2024-06-28 20:56,4,+48.3,+15.2,+4.4,+9.8,+15.1,+32.4,+19.3,+19.5,+19.5,+19.6,+19.7,+20.0,+20.2
2024-06-28 21:56,4,+48.2,+15.3,+4.6,+9.9,+15.1,+32.4,+19.1,+19.5,+19.6,+19.6,+19.7,+20.0,+20.2
2024-06-28 22:56,4,+45.7,+15.1,+4.6,+10.2,+15.3,+32.4,+19.0,+19.3,+19.5,+19.6,+19.7,+20.0,+20.2
2024-06-28 23:56,4,+44.6,+14.9,+4.5,+10.2,+15.4,+32.6,+19.0,+19.3,+19.6,+19.6,+19.7,+20.0,+20.1
2024-06-29 00:56,4,+44.2,+14.8,+4.5,+10.0,+15.4,+32.6,+19.0,+19.2,+19.5,+19.6,+19.7,+20.0,+20.1
2024-06-29 01:56,4,+44.1,+14.7,+4.5,+10.0,+15.4,+32.7,+18.8,+19.2,+19.5,+19.6,+19.7,+20.0,+20.1
2024-06-29 02:56,4,+43.8,+14.7,+4.4,+10.0,+15.4,+32.7,+18.7,+19.2,+19.5,+19.6,+19.7,+20.0,+20.1
2024-06-29 03:56,4,+43.7,+14.6,+4.4,+10.0,+15.4,+32.7,+18.7,+19.2,+19.5,+19.6,+19.7,+20.0,+20.1
2024-06-29 04:56,4,+43.6,+14.6,+4.4,+9.9,+15.3,+32.6,+18.7,+19.2,+19.5,+19.6,+19.7,+20.0,+20.1
2024-06-29 05:56,4,+43.5,+14.5,+4.3,+9.9,+15.3,+32.6,+18.7,+19.1,+19.5,+19.6,+19.7,+20.0,+20.1
2024-06-29 06:56,4,+43.5,+14.5,+4.3,+9.8,+15.2,+32.6,+18.7,+19.1,+19.5,+19.6,+19.7,+20.0,+20.1
2024-06-29 07:56,4,+43.4,+14.4,+4.3,+9.9,+15.2,+32.5,+18.7,+19.0,+19.5,+19.6,+19.7,+20.0,+20.1
2024-06-29 08:56,4,+43.4,+14.4,+4.3,+9.8,+15.2,+32.5,+18.8,+19.1,+19.5,+19.6,+19.7,+19.8,+20.1
2024-06-29 09:56,4,+43.3,+14.4,+4.3,+9.7,+15.1,+32.4,+19.1,+19.1,+19.5,+19.6,+19.7,+20.0,+20.1
2024-06-29 10:56,4,+43.3,+14.4,+4.2,+9.7,+15.1,+32.4,+19.3,+19.1,+19.3,+19.6,+19.7,+19.8,+20.1
2024-06-29 11:56,4,+43.2,+14.3,+4.2,+9.8,+15.1,+32.4,+19.6,+19.2,+19.3,+19.5,+19.7,+20.0,+20.1
2024-06-29 12:56,4,+43.2,+14.3,+4.2,+9.7,+15.0,+32.4,+19.8,+19.3,+19.3,+19.6,+19.7,+19.8,+20.1
2024-06-29 13:56,4,+43.2,+14.3,+4.2,+9.8,+15.1,+32.4,+20.1,+19.5,+19.5,+19.6,+19.7,+20.0,+20.1
2024-06-29 14:56,4,+43.3,+14.3,+4.2,+9.6,+15.0,+32.3,+20.2,+19.6,+19.5,+19.6,+19.7,+19.8,+20.1
2024-06-29 15:56,4,+43.3,+14.3,+4.2,+9.6,+15.0,+32.3,+20.5,+19.7,+19.5,+19.6,+19.7,+19.8,+20.1
2024-06-29 16:56,4,+44.2,+14.3,+4.2,+9.6,+15.0,+32.3,+20.5,+19.8,+19.5,+19.6,+19.7,+19.8,+20.1
2024-06-29 17:56,4,+47.1,+14.4,+4.2,+9.7,+15.0,+32.3,+20.5,+19.8,+19.6,+19.6,+19.7,+19.8,+20.1
2024-06-29 18:56,4,+46.5,+14.7,+4.2,+9.6,+14.9,+32.2,+20.3,+20.0,+19.6,+19.6,+19.7,+20.0,+20.1
2024-06-29 19:56,4,+45.8,+14.7,+4.3,+9.5,+14.9,+32.2,+20.1,+20.0,+19.7,+19.6,+19.7,+19.8,+20.0
2024-06-29 20:56,4,+45.8,+14.8,+4.3,+9.6,+14.9,+32.2,+20.0,+20.0,+19.7,+19.6,+19.6,+19.8,+20.0
2024-06-29 21:56,4,+45.0,+14.8,+4.4,+9.7,+14.9,+32.2,+19.8,+20.0,+19.7,+19.6,+19.7,+19.8,+20.1
2024-06-29 22:56,4,+44.4,+14.7,+4.4,+9.6,+14.9,+32.2,+19.7,+19.8,+19.7,+19.7,+19.7,+20.0,+20.1
2024-06-29 23:56,4,+44.1,+14.7,+4.4,+9.7,+14.9,+32.2,+19.5,+19.8,+19.7,+19.7,+19.7,+19.8,+20.0
2024-06-30 00:56,4,+43.9,+14.6,+4.4,+9.8,+15.0,+32.2,+19.5,+19.7,+19.8,+19.6,+19.7,+19.8,+20.0
2024-06-30 01:56,4,+43.7,+14.6,+4.4,+9.8,+15.0,+32.2,+19.3,+19.7,+19.8,+19.7,+19.7,+20.0,+20.0
2024-06-30 02:56,4,+43.6,+14.5,+4.4,+9.7,+15.0,+32.2,+19.2,+19.6,+19.8,+19.7,+19.7,+19.8,+20.0
2024-06-30 03:56,4,+43.5,+14.5,+4.3,+9.8,+15.0,+32.2,+19.1,+19.6,+19.7,+19.7,+19.7,+19.8,+20.1
2024-06-30 04:56,4,+43.4,+14.5,+4.3,+9.6,+15.0,+32.2,+19.0,+19.5,+19.7,+19.7,+19.7,+19.8,+20.1
2024-06-30 05:56,4,+43.3,+14.4,+4.3,+9.6,+15.0,+32.2,+19.0,+19.5,+19.7,+19.7,+19.7,+19.8,+20.0
2024-06-30 06:56,4,+43.3,+14.4,+4.3,+9.6,+15.0,+32.2,+18.8,+19.5,+19.7,+19.7,+19.7,+19.8,+20.1
2024-06-30 07:56,4,+43.2,+14.4,+4.2,+9.7,+15.0,+32.2,+19.0,+19.3,+19.7,+19.7,+19.7,+20.0,+20.1
2024-06-30 08:56,4,+43.2,+14.4,+4.2,+9.7,+15.0,+32.2,+19.0,+19.2,+19.7,+19.7,+19.7,+19.8,+20.0
2024-06-30 09:56,4,+43.1,+14.3,+4.2,+9.6,+14.9,+32.1,+19.1,+19.3,+19.6,+19.7,+19.7,+20.0,+20.0
2024-06-30 10:56,4,+43.1,+14.3,+4.2,+9.5,+14.9,+32.1,+19.2,+19.3,+19.6,+19.7,+19.7,+20.0,+20.0
2024-06-30 11:56,4,+43.0,+14.3,+4.2,+9.6,+14.9,+32.2,+19.5,+19.3,+19.6,+19.7,+19.7,+20.0,+20.0
2024-06-30 12:56,4,+43.0,+14.3,+4.2,+9.6,+14.9,+32.1,+19.7,+19.5,+19.6,+19.7,+19.7,+20.0,+20.1
2024-06-30 13:56,4,+43.0,+14.3,+4.2,+9.6,+14.9,+32.1,+19.8,+19.6,+19.6,+19.7,+19.7,+19.8,+20.0
2024-06-30 14:56,4,+43.0,+14.2,+4.2,+9.5,+14.8,+32.1,+20.1,+19.6,+19.6,+19.7,+19.7,+20.0,+20.0
2024-06-30 15:56,4,+43.0,+14.2,+4.2,+9.6,+14.9,+32.1,+20.3,+19.7,+19.6,+19.7,+19.7,+20.0,+20.0
2024-06-30 16:56,4,+42.9,+14.2,+4.2,+9.6,+14.8,+32.1,+20.3,+19.8,+19.6,+19.7,+19.7,+20.0,+20.1
2024-06-30 17:56,4,+42.9,+14.2,+4.2,+9.4,+14.8,+32.1,+20.3,+20.0,+19.7,+19.7,+19.8,+20.0,+20.1
2024-06-30 18:56,4,+42.9,+14.2,+4.2,+9.5,+14.8,+32.1,+20.2,+20.0,+19.7,+19.7,+19.8,+19.8,+20.0
2024-06-30 19:56,4,+42.9,+14.2,+4.2,+9.6,+14.8,+32.1,+20.1,+20.0,+19.8,+19.6,+19.7,+20.0,+20.1
2024-06-30 20:56,4,+42.8,+14.2,+4.2,+9.4,+14.8,+32.0,+20.0,+20.0,+19.7,+19.8,+19.7,+20.0,+20.1
2024-06-30 21:56,4,+42.8,+14.2,+4.1,+9.4,+14.7,+32.0,+19.8,+19.8,+19.8,+19.7,+19.7,+20.0,+20.1
2024-06-30 22:56,4,+42.8,+14.2,+4.2,+9.4,+14.7,+32.0,+19.7,+19.8,+19.8,+19.7,+19.8,+20.0,+20.1
2024-06-30 23:56,4,+42.7,+14.2,+4.1,+9.5,+14.8,+32.0,+19.6,+19.8,+19.8,+19.8,+19.7,+20.0,+20.1
2024-07-01 00:56,4,+42.7,+14.1,+4.1,+9.5,+14.7,+32.0,+19.5,+19.8,+19.8,+19.7,+19.8,+20.0,+20.1
2024-07-01 01:56,4,+42.7,+14.1,+4.1,+9.4,+14.7,+32.0,+19.3,+19.7,+19.8,+19.7,+19.8,+20.0,+20.1
2024-07-01 02:56,4,+42.6,+14.1,+4.1,+9.4,+14.7,+32.0,+19.1,+19.7,+19.8,+19.8,+19.8,+20.0,+20.1
2024-07-01 03:56,4,+42.6,+14.1,+4.1,+9.4,+14.7,+31.9,+19.1,+19.6,+19.8,+19.8,+19.8,+20.0,+20.1
2024-07-01 04:56,4,+42.6,+14.1,+4.1,+9.4,+14.7,+31.9,+19.1,+19.6,+19.8,+19.8,+19.8,+20.0,+20.1
2024-07-01 05:56,4,+42.6,+14.1,+4.1,+9.4,+14.7,+31.9,+19.0,+19.5,+19.8,+19.8,+19.8,+20.1,+20.1
2024-07-01 06:56,4,+42.5,+14.1,+4.1,+9.4,+14.7,+31.9,+19.0,+19.5,+19.8,+19.8,+19.8,+20.0,+20.1
2024-07-01 07:56,4,+42.5,+14.1,+4.1,+9.5,+14.7,+31.9,+19.0,+19.5,+19.7,+19.8,+19.8,+20.0,+20.1
2024-07-01 08:56,4,+42.5,+14.1,+4.1,+9.4,+14.7,+31.9,+19.1,+19.3,+19.7,+19.8,+19.8,+20.1,+20.1
2024-07-01 09:56,4,+42.5,+14.1,+4.0,+9.3,+14.6,+31.9,+19.2,+19.3,+19.7,+19.7,+19.8,+20.1,+20.1
2024-07-01 10:56,4,+42.5,+14.0,+4.0,+9.3,+14.6,+31.9,+19.5,+19.5,+19.7,+19.8,+19.8,+20.0,+20.1
2024-07-01 11:56,4,+42.4,+14.0,+4.0,+9.4,+14.6,+31.9,+19.6,+19.5,+19.6,+19.8,+19.8,+20.1,+20.1
2024-07-01 12:56,4,+42.4,+14.0,+4.0,+9.4,+14.6,+31.9,+19.8,+19.5,+19.7,+19.8,+19.8,+20.1,+20.1
2024-07-01 13:56,4,+42.4,+14.0,+4.0,+9.4,+14.6,+31.9,+20.1,+19.6,+19.7,+19.8,+19.8,+20.1,+20.1
2024-07-01 14:56,4,+42.4,+14.0,+4.0,+9.4,+14.6,+31.8,+20.2,+19.7,+19.7,+19.7,+19.8,+20.0,+20.1
2024-07-01 15:56,4,+42.4,+14.0,+4.0,+9.3,+14.5,+31.8,+20.5,+19.8,+19.7,+19.8,+19.8,+20.1,+20.1
2024-07-01 16:56,4,+42.4,+14.0,+4.0,+9.4,+14.6,+31.8,+20.7,+20.0,+19.7,+19.7,+19.8,+20.0,+20.1
2024-07-01 17:56,4,+42.4,+14.0,+4.0,+9.3,+14.5,+31.8,+20.7,+20.0,+19.8,+19.8,+19.8,+20.0,+20.1
2024-07-01 18:56,4,+42.5,+14.0,+4.0,+9.4,+14.6,+31.8,+20.6,+20.2,+19.8,+19.8,+19.8,+20.1,+20.1
2024-07-01 19:56,4,+42.7,+14.0,+4.0,+9.3,+14.5,+31.8,+20.6,+20.2,+19.8,+19.8,+19.8,+20.1,+20.1
2024-07-01 20:56,4,+42.8,+14.0,+4.0,+9.3,+14.5,+31.8,+20.3,+20.1,+20.0,+19.8,+19.8,+20.1,+20.2
2024-07-01 21:56,4,+43.0,+14.0,+4.0,+9.4,+14.5,+31.8,+20.2,+20.2,+20.0,+19.8,+19.8,+20.1,+20.2
2024-07-01 22:56,4,+43.8,+14.0,+4.0,+9.4,+14.5,+31.8,+20.1,+20.2,+20.0,+19.8,+19.8,+20.1,+20.1
2024-07-01 23:56,4,+43.9,+14.1,+4.0,+9.3,+14.5,+31.8,+20.1,+20.1,+20.0,+19.8,+20.0,+20.1,+20.2
2024-07-02 00:56,4,+44.2,+14.1,+4.0,+9.4,+14.5,+31.8,+20.0,+20.1,+20.0,+19.8,+19.8,+20.1,+20.2
2024-07-02 01:56,4,+45.0,+14.2,+4.1,+9.3,+14.5,+31.8,+19.8,+20.0,+20.0,+20.0,+19.8,+20.1,+20.1
2024-07-02 02:56,4,+44.9,+14.2,+4.0,+9.3,+14.5,+31.8,+19.8,+20.0,+20.0,+20.0,+20.0,+20.1,+20.2
2024-07-02 03:56,4,+44.5,+14.2,+4.1,+9.3,+14.5,+31.8,+19.7,+20.0,+20.0,+20.0,+20.0,+20.1,+20.2
2024-07-02 04:56,4,+44.2,+14.2,+4.0,+9.3,+14.5,+31.8,+19.6,+20.0,+20.0,+20.0,+19.8,+20.1,+20.1
2024-07-02 05:56,4,+44.0,+14.2,+4.0,+9.4,+14.5,+31.8,+19.6,+19.8,+20.0,+20.0,+19.8,+20.1,+20.2
2024-07-02 06:56,4,+43.8,+14.2,+4.0,+9.3,+14.5,+31.8,+19.6,+19.8,+20.0,+20.0,+20.0,+20.1,+20.2
2024-07-02 07:56,4,+43.7,+14.2,+4.1,+9.3,+14.5,+31.8,+19.6,+19.8,+20.1,+20.0,+20.0,+20.1,+20.2
2024-07-02 08:56,4,+43.6,+14.2,+4.1,+9.2,+14.5,+31.8,+19.6,+19.8,+20.0,+20.0,+20.0,+20.1,+20.2
2024-07-02 09:56,4,+43.5,+14.2,+4.1,+9.2,+14.4,+31.7,+19.8,+19.8,+20.0,+20.0,+20.0,+20.1,+20.2
2024-07-02 10:56,4,+43.5,+14.2,+4.1,+9.2,+14.4,+31.8,+20.0,+19.8,+20.0,+20.0,+20.0,+20.1,+20.2
2024-07-02 11:56,4,+43.4,+14.2,+4.1,+9.2,+14.4,+31.7,+20.2,+20.0,+20.0,+20.0,+20.0,+20.2,+20.2
2024-07-02 12:56,4,+43.3,+14.2,+4.1,+9.2,+14.4,+31.7,+20.6,+20.0,+20.0,+20.0,+20.0,+20.1,+20.2
2024-07-02 13:56,4,+43.3,+14.2,+4.1,+9.3,+14.5,+31.8,+20.8,+20.1,+20.0,+20.0,+20.0,+20.1,+20.2
2024-07-02 14:56,4,+43.3,+14.2,+4.1,+9.3,+14.5,+31.8,+21.0,+20.2,+20.0,+20.0,+20.0,+20.2,+20.2
2024-07-02 15:56,4,+44.4,+14.2,+4.1,+9.3,+14.5,+31.7,+20.8,+20.3,+20.0,+20.0,+20.0,+20.1,+20.2
2024-07-02 16:56,4,+47.2,+14.4,+4.1,+9.3,+14.5,+31.7,+20.6,+20.3,+20.1,+20.0,+20.0,+20.2,+20.2
2024-07-02 17:56,4,+45.8,+14.5,+4.1,+9.3,+14.4,+31.7,+20.5,+20.5,+20.1,+20.0,+20.1,+20.2,+20.3
2024-07-02 18:56,4,+45.7,+14.6,+4.1,+9.3,+14.4,+31.7,+20.3,+20.3,+20.2,+20.0,+20.0,+20.2,+20.2
2024-07-02 19:56,4,+48.6,+14.9,+4.2,+9.3,+14.4,+31.7,+20.1,+20.3,+20.2,+20.0,+20.0,+20.2,+20.2
2024-07-02 20:56,4,+50.4,+15.6,+4.4,+9.3,+14.4,+31.7,+19.8,+20.2,+20.2,+20.1,+20.0,+20.2,+20.2
2024-07-02 21:56,4,+46.3,+15.2,+4.6,+9.6,+14.5,+31.7,+19.7,+20.1,+20.2,+20.1,+20.0,+20.2,+20.2
2024-07-02 22:56,4,+45.3,+15.0,+4.6,+9.7,+14.5,+31.7,+19.7,+20.1,+20.2,+20.1,+20.0,+20.2,+20.2
2024-07-02 23:56,4,+45.0,+14.9,+4.6,+9.8,+14.6,+31.7,+19.6,+20.0,+20.2,+20.1,+20.0,+20.2,+20.2
2024-07-03 00:56,4,+45.5,+14.9,+4.6,+9.9,+14.8,+31.8,+19.6,+20.0,+20.2,+20.1,+20.0,+20.2,+20.2
2024-07-03 01:56,4,+45.0,+14.9,+4.6,+9.8,+14.8,+31.8,+19.5,+19.8,+20.2,+20.1,+20.0,+20.2,+20.2
2024-07-03 02:56,4,+44.6,+14.9,+4.6,+10.0,+14.9,+31.9,+19.5,+19.8,+20.1,+20.1,+20.1,+20.2,+20.2
2024-07-03 03:56,4,+44.4,+14.8,+4.5,+10.0,+15.0,+32.0,+19.3,+19.8,+20.1,+20.1,+20.1,+20.2,+20.2
2024-07-03 04:56,4,+44.1,+14.7,+4.5,+10.0,+15.0,+32.0,+19.2,+19.8,+20.1,+20.1,+20.1,+20.2,+20.2
2024-07-03 05:56,4,+44.0,+14.7,+4.5,+9.9,+15.0,+32.1,+19.2,+19.7,+20.1,+20.1,+20.1,+20.2,+20.3
2024-07-03 06:56,4,+43.8,+14.6,+4.5,+9.8,+15.0,+32.1,+19.1,+19.6,+20.0,+20.1,+20.1,+20.2,+20.2
2024-07-03 07:56,4,+43.7,+14.6,+4.5,+10.0,+15.0,+32.1,+19.1,+19.6,+20.0,+20.1,+20.1,+20.2,+20.2