
2023-07-11 11:05,2,+4.4,+9.6,+0.1,+7.3,+14.3,+18.1,+22.6,+22.2,+22.3,+22.3,+22.5,+22.5,+22.8
2023-07-11 12:05,2,+4.6,+9.8,+0.1,+7.2,+14.4,+18.2,+22.1,+21.2,+21.3,+21.3,+21.3,+21.2,+21.6
2023-07-11 13:05,2,+4.7,+9.8,+0.1,+7.3,+14.4,+18.3,+22.3,+21.3,+21.2,+21.3,+21.2,+21.2,+21.5
2023-07-11 14:05,2,+4.8,+9.9,+0.1,+7.4,+14.5,+18.3,+22.2,+21.3,+21.2,+21.2,+21.2,+21.2,+21.5
2023-07-11 15:05,2,+4.9,+9.9,+0.1,+7.4,+14.5,+18.3,+22.0,+21.3,+21.2,+21.2,+21.2,+21.2,+21.5
2023-07-11 16:05,2,+4.9,+10.0,+0.1,+7.3,+14.5,+18.3,+21.7,+21.3,+21.2,+21.2,+21.2,+21.2,+21.5
2023-07-11 17:05,2,+5.0,+10.0,+0.1,+7.3,+14.5,+18.3,+21.5,+21.3,+21.3,+21.2,+21.2,+21.2,+21.5
2023-07-11 18:05,2,+5.1,+10.0,+0.2,+7.5,+14.5,+18.3,+21.3,+21.3,+21.3,+21.2,+21.2,+21.1,+21.5
2023-07-11 19:05,2,+5.1,+10.0,+0.2,+7.4,+14.5,+18.3,+21.0,+21.2,+21.3,+21.2,+21.2,+21.2,+21.5
2023-07-11 20:05,2,+5.2,+10.0,+0.2,+7.5,+14.6,+18.3,+20.8,+21.1,+21.3,+21.2,+21.1,+21.2,+21.5
2023-07-11 21:05,2,+5.2,+10.1,+0.2,+7.5,+14.6,+18.3,+20.7,+21.1,+21.3,+21.2,+21.1,+21.1,+21.5
2023-07-11 22:05,2,+5.4,+10.1,+0.2,+7.4,+14.5,+18.3,+20.7,+21.0,+21.2,+21.2,+21.2,+21.2,+21.5
2023-07-11 23:05,2,+5.5,+10.1,+0.2,+7.5,+14.6,+18.4,+20.6,+21.0,+21.2,+21.2,+21.2,+21.1,+21.5
2023-07-12 00:05,2,+5.6,+10.1,+0.2,+7.5,+14.6,+18.4,+20.6,+20.8,+21.2,+21.2,+21.1,+21.1,+21.5
2023-07-12 01:05,2,+5.7,+10.2,+0.2,+7.4,+14.6,+18.3,+20.6,+20.8,+21.2,+21.2,+21.2,+21.1,+21.5
2023-07-12 02:05,2,+5.7,+10.2,+0.2,+7.4,+14.6,+18.4,+20.5,+20.8,+21.2,+21.2,+21.2,+21.1,+21.5
2023-07-12 03:05,2,+5.7,+10.2,+0.2,+7.4,+14.6,+18.4,+20.3,+20.8,+21.2,+21.2,+21.1,+21.1,+21.5
2023-07-12 04:05,2,+5.7,+10.2,+0.2,+7.4,+14.6,+18.4,+20.3,+20.7,+21.2,+21.1,+21.1,+21.1,+21.5
2023-07-12 05:05,2,+6.0,+10.2,+0.3,+7.5,+14.6,+18.4,+20.3,+20.7,+21.1,+21.2,+21.1,+21.1,+21.5
2023-07-12 06:05,2,+6.1,+10.2,+0.3,+7.6,+14.7,+18.4,+20.2,+20.6,+21.1,+21.2,+21.2,+21.1,+21.5
2023-07-12 07:05,2,+6.1,+10.2,+0.3,+7.5,+14.6,+18.4,+20.3,+20.6,+21.1,+21.1,+21.2,+21.1,+21.5
2023-07-12 08:05,2,+6.1,+10.2,+0.3,+7.6,+14.7,+18.4,+20.6,+20.6,+21.0,+21.1,+21.2,+21.1,+21.5
2023-07-12 09:05,2,+6.0,+10.2,+0.3,+7.6,+14.7,+18.4,+21.1,+20.6,+21.0,+21.1,+21.2,+21.1,+21.5
2023-07-12 10:05,2,+6.0,+10.3,+0.3,+7.6,+14.7,+18.4,+21.6,+20.7,+20.8,+21.1,+21.1,+21.1,+21.5
2023-07-12 11:05,2,+6.0,+10.3,+0.3,+7.6,+14.7,+18.4,+22.5,+20.8,+21.0,+21.1,+21.1,+21.1,+21.5
2023-07-12 12:05,2,+5.9,+10.3,+0.3,+7.6,+14.7,+18.4,+23.6,+21.2,+21.0,+21.1,+21.1,+21.1,+21.5
2023-07-12 13:05,2,+5.9,+10.3,+0.3,+7.6,+14.7,+18.4,+23.8,+21.5,+21.0,+21.1,+21.1,+21.1,+21.5
2023-07-12 14:05,2,+5.9,+10.3,+0.4,+7.6,+14.7,+18.4,+23.5,+21.7,+21.1,+21.0,+21.1,+21.1,+21.5
2023-07-12 15:05,2,+6.0,+10.4,+0.4,+7.5,+14.7,+18.4,+23.1,+21.8,+21.2,+21.1,+21.1,+21.1,+21.5
2023-07-12 16:05,2,+7.2,+10.4,+0.4,+7.6,+14.7,+18.4,+22.6,+21.8,+21.2,+21.1,+21.1,+21.1,+21.5
2023-07-12 17:05,2,+7.7,+10.4,+0.4,+7.6,+14.7,+18.4,+22.2,+21.8,+21.3,+21.1,+21.0,+21.0,+21.5
2023-07-12 18:05,2,+7.7,+10.5,+0.4,+7.6,+14.7,+18.4,+22.0,+21.8,+21.3,+21.1,+21.1,+21.1,+21.5
2023-07-12 19:05,2,+7.5,+10.6,+0.4,+7.7,+14.7,+18.4,+21.7,+21.6,+21.3,+21.1,+21.1,+21.1,+21.5
2023-07-12 20:05,2,+7.5,+10.7,+0.4,+7.6,+14.7,+18.4,+21.5,+21.5,+21.5,+21.1,+21.1,+21.0,+21.5
2023-07-12 21:05,2,+7.4,+10.7,+0.5,+7.6,+14.7,+18.4,+21.3,+21.5,+21.5,+21.1,+21.0,+21.0,+21.5
2023-07-12 22:05,2,+7.4,+10.7,+0.5,+7.7,+14.8,+18.5,+21.2,+21.5,+21.5,+21.2,+21.1,+21.0,+21.5
2023-07-12 23:05,2,+7.3,+10.7,+0.5,+7.6,+14.7,+18.4,+21.1,+21.3,+21.5,+21.2,+21.1,+21.1,+21.5
2023-07-13 00:05,2,+8.4,+10.8,+0.6,+7.7,+14.8,+18.4,+21.1,+21.3,+21.3,+21.2,+21.1,+21.1,+21.3
2023-07-13 01:05,2,+8.6,+10.9,+0.6,+7.6,+14.8,+18.4,+21.1,+21.2,+21.5,+21.2,+21.1,+21.0,+21.5
2023-07-13 02:05,2,+8.7,+11.1,+0.6,+7.6,+14.8,+18.4,+21.0,+21.2,+21.3,+21.2,+21.1,+21.0,+21.5
2023-07-13 03:05,2,+8.4,+11.2,+0.8,+7.7,+14.8,+18.5,+20.8,+21.1,+21.3,+21.2,+21.1,+21.1,+21.5
2023-07-13 04:05,2,+8.1,+11.2,+0.8,+7.8,+14.8,+18.5,+20.7,+21.1,+21.3,+21.2,+21.1,+21.1,+21.5
2023-07-13 05:05,2,+8.8,+11.2,+0.9,+7.9,+14.9,+18.5,+20.6,+21.0,+21.3,+21.2,+21.1,+21.1,+21.5
2023-07-13 06:05,2,+8.6,+11.3,+0.9,+7.9,+14.9,+18.5,+20.6,+21.0,+21.3,+21.2,+21.1,+21.1,+21.5
2023-07-13 07:05,2,+8.3,+11.3,+1.0,+7.9,+14.9,+18.6,+20.5,+20.8,+21.2,+21.2,+21.1,+21.1,+21.3
2023-07-13 08:05,2,+8.1,+11.3,+1.0,+8.1,+15.0,+18.6,+20.6,+20.8,+21.2,+21.2,+21.1,+21.1,+21.5
2023-07-13 09:05,2,+8.2,+11.3,+1.0,+8.2,+15.1,+18.6,+20.8,+20.8,+21.2,+21.2,+21.1,+21.1,+21.5
2023-07-13 10:05,2,+8.6,+11.3,+1.0,+8.1,+15.1,+18.6,+21.0,+20.8,+21.2,+21.2,+21.1,+21.1,+21.5
2023-07-13 11:05,2,+8.4,+11.3,+1.0,+8.1,+15.2,+18.7,+21.0,+20.8,+21.2,+21.2,+21.1,+21.1,+21.5
2023-07-13 12:05,2,+8.2,+11.3,+1.0,+8.3,+15.3,+18.8,+21.0,+20.8,+21.2,+21.2,+21.1,+21.1,+21.5
2023-07-13 13:05,2,+8.1,+11.3,+1.1,+8.2,+15.3,+18.8,+21.0,+21.0,+21.2,+21.2,+21.1,+21.1,+21.5
2023-07-13 14:05,2,+7.9,+11.3,+1.1,+8.2,+15.3,+18.9,+21.6,+21.0,+21.2,+21.2,+21.1,+21.1,+21.3
2023-07-13 15:05,2,+7.7,+11.3,+1.1,+8.2,+15.3,+19.0,+22.2,+21.1,+21.2,+21.1,+21.1,+21.1,+21.5
2023-07-13 16:05,2,+7.7,+11.3,+1.1,+8.2,+15.4,+19.0,+22.1,+21.2,+21.2,+21.1,+21.1,+21.1,+21.5
2023-07-13 17:05,2,+7.6,+11.3,+1.1,+8.2,+15.4,+19.1,+22.0,+21.3,+21.1,+21.1,+21.2,+21.1,+21.5
2023-07-13 18:05,2,+7.6,+11.3,+1.1,+8.2,+15.4,+19.1,+21.7,+21.3,+21.2,+21.2,+21.1,+21.1,+21.5
2023-07-13 19:05,2,+7.6,+11.3,+1.1,+8.4,+15.5,+19.2,+21.3,+21.3,+21.2,+21.1,+21.1,+21.1,+21.5
2023-07-13 20:05,2,+10.2,+11.3,+1.1,+8.4,+15.5,+19.2,+21.2,+21.2,+21.2,+21.1,+21.2,+21.1,+21.5
2023-07-13 21:05,2,+9.2,+12.1,+1.6,+8.4,+15.4,+19.2,+20.8,+21.1,+21.2,+21.1,+21.1,+21.1,+21.5
2023-07-13 22:05,2,+8.5,+11.9,+1.6,+8.8,+15.7,+19.3,+20.7,+21.0,+21.2,+21.1,+21.1,+21.1,+21.3
2023-07-13 23:05,2,+8.3,+11.8,+1.5,+8.9,+16.0,+19.6,+20.7,+21.0,+21.2,+21.1,+21.1,+21.1,+21.5
2023-07-14 00:05,2,+8.1,+11.7,+1.5,+8.8,+16.0,+19.9,+20.6,+20.8,+21.2,+21.2,+21.1,+21.1,+21.5
2023-07-14 01:05,2,+8.0,+11.6,+1.5,+8.9,+16.1,+20.1,+20.6,+20.8,+21.2,+21.2,+21.1,+21.1,+21.5
2023-07-14 02:05,2,+8.0,+11.6,+1.4,+8.8,+16.0,+20.2,+20.6,+20.8,+21.1,+21.2,+21.1,+21.1,+21.5
2023-07-14 03:05,2,+8.1,+11.6,+1.4,+8.8,+16.0,+20.2,+20.6,+20.8,+21.2,+21.2,+21.1,+21.1,+21.5
2023-07-14 04:05,2,+8.1,+11.6,+1.4,+8.8,+16.0,+20.2,+20.6,+20.8,+21.1,+21.1,+21.1,+21.1,+21.5
2023-07-14 05:05,2,+8.2,+11.6,+1.3,+8.8,+16.0,+20.1,+20.5,+20.7,+21.1,+21.1,+21.1,+21.1,+21.5
2023-07-14 06:05,2,+8.1,+11.6,+1.3,+8.7,+16.0,+20.1,+20.5,+20.7,+21.1,+21.1,+21.1,+21.1,+21.5
2023-07-14 07:05,2,+8.1,+11.6,+1.3,+8.7,+15.9,+20.0,+20.5,+20.7,+21.1,+21.1,+21.1,+21.1,+21.5
2023-07-14 08:05,2,+8.0,+11.5,+1.3,+8.7,+15.9,+20.0,+20.5,+20.7,+21.1,+21.1,+21.1,+21.1,+21.5
2023-07-14 09:05,2,+8.0,+11.5,+1.3,+8.7,+15.9,+20.0,+20.7,+20.7,+21.1,+21.1,+21.1,+21.1,+21.5
2023-07-14 10:05,2,+8.0,+11.5,+1.3,+8.7,+15.9,+20.0,+21.0,+20.7,+21.1,+21.1,+21.1,+21.1,+21.5
2023-07-14 11:05,2,+7.9,+11.5,+1.3,+8.6,+15.9,+19.9,+21.1,+20.7,+21.1,+21.1,+21.1,+21.1,+21.5
2023-07-14 12:05,2,+7.8,+11.5,+1.3,+8.7,+15.9,+20.0,+21.3,+20.8,+21.1,+21.1,+21.1,+21.1,+21.5
2023-07-14 13:05,2,+7.7,+11.5,+1.2,+8.6,+15.8,+19.9,+21.6,+20.8,+21.0,+21.1,+21.1,+21.1,+21.5
2023-07-14 14:05,2,+7.7,+11.5,+1.2,+8.6,+15.8,+19.9,+21.6,+21.0,+21.0,+21.1,+21.1,+21.1,+21.5
2023-07-14 15:05,2,+7.8,+11.5,+1.2,+8.7,+15.9,+19.9,+21.5,+21.1,+21.0,+21.1,+21.0,+21.1,+21.5
2023-07-14 16:05,2,+7.7,+11.4,+1.2,+8.7,+15.9,+19.9,+21.2,+21.1,+21.0,+21.1,+21.1,+21.1,+21.5
2023-07-14 17:05,2,+7.6,+11.4,+1.2,+8.7,+15.9,+19.8,+21.1,+21.0,+21.1,+21.1,+21.1,+21.1,+21.3
2023-07-14 18:05,2,+7.6,+11.4,+1.2,+8.7,+15.9,+19.8,+20.7,+21.0,+21.1,+21.1,+21.1,+21.1,+21.5
2023-07-14 19:05,2,+7.5,+11.4,+1.2,+8.7,+15.8,+19.8,+20.5,+20.8,+21.1,+21.1,+21.1,+21.1,+21.3
2023-07-14 20:05,2,+7.6,+11.4,+1.2,+8.7,+15.8,+19.8,+20.2,+20.8,+21.0,+21.1,+21.1,+21.1,+21.5
2023-07-14 21:05,2,+7.7,+11.4,+1.2,+8.7,+15.8,+19.7,+20.1,+20.7,+21.0,+21.1,+21.1,+21.0,+21.5
2023-07-14 22:05,2,+7.7,+11.4,+1.2,+8.5,+15.8,+19.7,+20.1,+20.6,+21.0,+21.1,+21.0,+21.1,+21.3
2023-07-14 23:05,2,+7.7,+11.4,+1.2,+8.7,+15.8,+19.7,+20.0,+20.5,+21.0,+21.1,+21.1,+21.0,+21.3
2023-07-15 00:05,2,+7.8,+11.4,+1.2,+8.5,+15.8,+19.7,+20.0,+20.3,+21.0,+21.1,+21.1,+21.0,+21.5
2023-07-15 01:05,2,+7.7,+11.4,+1.2,+8.5,+15.8,+19.7,+20.0,+20.3,+21.0,+21.1,+21.0,+21.1,+21.5
2023-07-15 02:05,2,+7.8,+11.4,+1.2,+8.6,+15.8,+19.7,+19.8,+20.3,+20.8,+21.0,+21.0,+21.0,+21.5
2023-07-15 03:05,2,+7.8,+11.4,+1.2,+8.5,+15.7,+19.6,+19.8,+20.3,+20.8,+21.0,+21.1,+21.1,+21.3
2023-07-15 04:05,2,+7.7,+11.4,+1.2,+8.5,+15.8,+19.6,+19.7,+20.3,+20.8,+21.0,+21.1,+21.0,+21.5
2023-07-15 05:05,2,+7.7,+11.4,+1.2,+8.6,+15.8,+19.6,+19.7,+20.2,+20.7,+21.0,+21.0,+21.1,+21.5
2023-07-15 06:05,2,+7.7,+11.4,+1.2,+8.5,+15.7,+19.6,+19.6,+20.2,+20.7,+21.0,+21.0,+21.0,+21.3
2023-07-15 07:05,2,+7.7,+11.4,+1.2,+8.5,+15.7,+19.6,+19.7,+20.1,+20.7,+21.0,+21.0,+21.0,+21.3
2023-07-15 08:05,2,+7.7,+11.4,+1.2,+8.5,+15.7,+19.6,+20.0,+20.1,+20.7,+21.0,+21.1,+21.0,+21.3
2023-07-15 09:05,2,+7.7,+11.4,+1.2,+8.6,+15.8,+19.6,+20.2,+20.2,+20.7,+21.0,+21.0,+21.0,+21.5
2023-07-15 10:05,2,+7.7,+11.4,+1.2,+8.6,+15.8,+19.6,+20.8,+20.2,+20.6,+20.8,+21.0,+21.0,+21.5
2023-07-15 11:05,2,+7.6,+11.4,+1.2,+8.5,+15.7,+19.5,+21.3,+20.3,+20.6,+20.8,+21.0,+21.0,+21.3
2023-07-15 12:05,2,+7.7,+11.4,+1.2,+8.6,+15.8,+19.6,+23.2,+20.6,+20.6,+20.8,+21.0,+21.0,+21.3
2023-07-15 13:05,2,+7.6,+11.4,+1.2,+8.6,+15.8,+19.5,+24.5,+21.0,+20.6,+20.8,+21.0,+21.0,+21.3
2023-07-15 14:05,2,+7.5,+11.4,+1.2,+8.6,+15.8,+19.5,+25.0,+21.5,+20.7,+20.8,+21.0,+21.0,+21.3
2023-07-15 15:05,2,+7.5,+11.4,+1.2,+8.5,+15.7,+19.5,+24.2,+21.8,+20.8,+20.8,+21.0,+21.0,+21.3
2023-07-15 16:05,2,+7.4,+11.4,+1.2,+8.5,+15.7,+19.5,+23.6,+22.0,+21.0,+20.8,+20.8,+21.0,+21.3
2023-07-15 17:05,2,+7.4,+11.5,+1.2,+8.4,+15.7,+19.5,+23.1,+22.0,+21.1,+20.8,+21.0,+20.8,+21.3
2023-07-15 18:05,2,+9.4,+11.5,+1.2,+8.6,+15.7,+19.5,+22.3,+22.0,+21.1,+20.8,+20.8,+21.0,+21.3
2023-07-15 19:05,2,+10.6,+12.1,+1.3,+8.4,+15.7,+19.4,+21.7,+21.7,+21.2,+20.8,+20.8,+20.8,+21.5
2023-07-15 20:05,2,+10.3,+12.8,+2.3,+8.7,+15.7,+19.4,+21.0,+21.6,+21.3,+21.0,+20.8,+21.0,+21.3
2023-07-15 21:05,2,+9.5,+12.5,+2.1,+9.5,+16.3,+19.5,+20.7,+21.3,+21.3,+21.0,+20.8,+20.8,+21.3
2023-07-15 22:05,2,+9.2,+12.9,+2.0,+9.5,+16.6,+20.1,+20.7,+21.2,+21.3,+21.0,+21.0,+20.8,+21.3
2023-07-15 23:05,2,+9.0,+12.8,+1.9,+9.4,+16.6,+20.6,+20.8,+21.1,+21.2,+21.0,+21.0,+20.8,+21.3
2023-07-16 00:05,2,+8.9,+12.8,+1.9,+9.3,+16.5,+20.7,+20.7,+21.1,+21.2,+21.0,+21.0,+21.0,+21.3
2023-07-16 01:05,2,+8.8,+12.7,+1.8,+9.3,+16.6,+20.7,+20.5,+20.8,+21.2,+21.0,+20.8,+20.8,+21.3
2023-07-16 02:05,2,+8.7,+12.7,+1.8,+9.2,+16.5,+20.7,+20.3,+20.8,+21.2,+21.1,+21.0,+20.8,+21.3
2023-07-16 03:05,2,+8.6,+12.7,+1.8,+9.2,+16.5,+20.6,+20.3,+20.7,+21.2,+21.1,+21.0,+20.8,+21.3
2023-07-16 04:05,2,+8.6,+12.8,+1.8,+9.3,+16.5,+20.6,+20.3,+20.7,+21.1,+21.0,+21.0,+20.8,+21.3
2023-07-16 05:05,2,+8.7,+12.8,+1.7,+9.2,+16.5,+20.5,+20.3,+20.7,+21.1,+21.1,+21.0,+21.0,+21.3
2023-07-16 06:05,2,+9.0,+12.8,+1.7,+9.1,+16.4,+20.5,+20.3,+20.6,+21.0,+21.1,+21.0,+20.8,+21.3
2023-07-16 07:05,2,+9.0,+12.8,+1.7,+9.2,+16.4,+20.5,+20.3,+20.6,+21.0,+21.0,+21.0,+20.8,+21.3
2023-07-16 08:05,2,+9.3,+12.8,+1.7,+9.1,+16.4,+20.4,+20.5,+20.6,+21.0,+21.0,+21.0,+20.8,+21.3
2023-07-16 09:05,2,+9.7,+12.9,+1.7,+9.1,+16.4,+20.4,+20.5,+20.6,+21.0,+21.0,+21.0,+21.0,+21.3
2023-07-16 10:05,2,+10.0,+13.1,+1.8,+9.1,+16.3,+20.3,+20.6,+20.6,+21.0,+21.0,+21.0,+21.0,+21.3
2023-07-16 11:05,2,+9.6,+13.1,+1.9,+9.1,+16.3,+20.3,+20.7,+20.6,+20.8,+21.0,+21.0,+21.0,+21.3
2023-07-16 12:05,2,+10.0,+13.3,+1.9,+9.3,+16.4,+20.3,+20.8,+20.7,+20.8,+21.0,+21.0,+21.0,+21.3
2023-07-16 13:05,2,+10.0,+13.3,+1.9,+9.2,+16.4,+20.3,+20.8,+20.7,+21.0,+21.0,+21.0,+21.0,+21.3
2023-07-16 14:05,2,+9.7,+13.3,+1.9,+9.2,+16.4,+20.4,+21.0,+20.7,+21.0,+21.0,+21.0,+21.0,+21.3
2023-07-16 15:05,2,+9.6,+13.3,+1.9,+9.3,+16.5,+20.5,+21.3,+20.7,+20.8,+21.0,+21.0,+21.0,+21.3
2023-07-16 16:05,2,+9.7,+13.8,+1.9,+9.2,+16.5,+20.5,+21.2,+20.8,+20.8,+21.0,+21.0,+21.0,+21.3
2023-07-16 17:05,2,+9.6,+13.6,+1.9,+9.2,+16.5,+20.5,+21.1,+20.8,+21.0,+21.0,+21.0,+21.0,+21.3
2023-07-16 18:05,2,+9.8,+13.6,+1.9,+9.2,+16.5,+20.5,+20.7,+21.0,+20.8,+21.0,+21.0,+20.8,+21.3
2023-07-16 19:05,2,+9.7,+13.6,+1.9,+9.2,+16.5,+20.5,+20.3,+20.7,+21.0,+20.8,+21.0,+21.0,+21.3
2023-07-16 20:05,2,+9.7,+13.5,+1.9,+9.2,+16.4,+20.5,+20.2,+20.7,+21.0,+20.8,+21.0,+20.8,+21.3
2023-07-16 21:05,2,+9.6,+13.5,+1.9,+9.2,+16.4,+20.4,+20.0,+20.6,+20.8,+20.8,+21.0,+21.0,+21.3
2023-07-16 22:05,2,+9.6,+13.5,+1.8,+9.2,+16.4,+20.4,+20.0,+20.5,+20.8,+20.8,+20.8,+20.8,+21.3
2023-07-16 23:05,2,+9.5,+13.5,+1.8,+9.1,+16.4,+20.4,+20.0,+20.3,+20.8,+20.8,+21.0,+20.8,+21.3
2023-07-17 00:05,2,+9.5,+13.5,+1.8,+9.1,+16.4,+20.4,+19.8,+20.3,+20.8,+20.8,+21.0,+21.0,+21.2
2023-07-17 01:05,2,+9.4,+13.5,+1.8,+9.1,+16.4,+20.3,+19.8,+20.3,+20.8,+20.8,+20.8,+20.8,+21.3
2023-07-17 02:05,2,+9.4,+13.6,+1.8,+9.3,+16.4,+20.4,+19.7,+20.2,+20.7,+20.8,+20.8,+20.8,+21.3
2023-07-17 03:05,2,+9.4,+13.7,+1.8,+9.2,+16.4,+20.3,+19.7,+20.2,+20.8,+20.8,+20.8,+21.0,+21.3
2023-07-17 04:05,2,+9.4,+13.6,+1.8,+9.2,+16.4,+20.3,+19.7,+20.2,+20.7,+20.8,+21.0,+20.8,+21.3
2023-07-17 05:05,2,+9.5,+13.6,+1.8,+9.2,+16.4,+20.3,+19.8,+20.2,+20.6,+20.8,+20.8,+20.8,+21.3
2023-07-17 06:05,2,+9.5,+13.6,+1.8,+9.1,+16.3,+20.2,+19.8,+20.1,+20.6,+20.8,+20.8,+20.8,+21.3
2023-07-17 07:05,2,+9.4,+13.6,+1.8,+9.2,+16.4,+20.2,+20.0,+20.1,+20.6,+20.8,+20.8,+20.8,+21.2
2023-07-17 08:05,2,+9.4,+13.6,+1.7,+9.1,+16.3,+20.2,+20.1,+20.1,+20.6,+20.8,+20.8,+20.8,+21.3
2023-07-17 09:05,2,+9.4,+13.6,+1.7,+9.1,+16.3,+20.2,+20.7,+20.2,+20.6,+20.8,+20.8,+20.8,+21.3
2023-07-17 10:05,2,+9.4,+13.6,+1.7,+9.1,+16.3,+20.2,+21.5,+20.2,+20.5,+20.8,+20.8,+20.8,+21.3
2023-07-17 11:05,2,+9.4,+13.5,+1.7,+9.2,+16.4,+20.2,+21.8,+20.5,+20.6,+20.8,+20.8,+20.8,+21.3
2023-07-17 12:05,2,+9.6,+13.5,+1.7,+9.1,+16.3,+20.1,+22.0,+20.7,+20.6,+20.7,+20.8,+20.8,+21.3
2023-07-17 13:05,2,+9.6,+13.5,+1.7,+9.1,+16.3,+20.2,+22.5,+20.8,+20.6,+20.7,+20.8,+20.8,+21.2
2023-07-17 14:05,2,+9.7,+13.6,+1.7,+9.0,+16.3,+20.1,+22.2,+21.1,+20.7,+20.7,+20.8,+20.8,+21.2
2023-07-17 15:05,2,+12.1,+13.6,+1.7,+9.1,+16.3,+20.1,+21.7,+21.1,+20.7,+20.7,+20.8,+20.8,+21.3
2023-07-17 16:05,2,+11.8,+14.4,+2.1,+9.0,+16.3,+20.1,+21.0,+21.1,+20.8,+20.7,+20.7,+20.8,+21.2
2023-07-17 17:05,2,+11.9,+14.8,+2.3,+9.4,+16.4,+20.1,+20.7,+21.0,+20.8,+20.7,+20.8,+20.7,+21.3
2023-07-17 18:05,2,+12.0,+15.4,+2.3,+9.4,+16.5,+20.1,+20.3,+20.8,+20.8,+20.7,+20.7,+20.8,+21.3
2023-07-17 19:05,2,+11.6,+15.8,+2.3,+9.6,+16.7,+20.4,+20.1,+20.6,+21.0,+20.7,+20.7,+20.8,+21.2
2023-07-17 20:05,2,+11.4,+15.7,+2.3,+9.6,+16.8,+20.5,+19.8,+20.6,+20.8,+20.7,+20.8,+20.8,+21.2
2023-07-17 21:05,2,+11.4,+15.6,+2.2,+9.6,+16.8,+20.7,+19.8,+20.5,+20.8,+20.7,+20.7,+20.8,+21.2
2023-07-17 22:05,2,+11.8,+15.6,+2.2,+9.6,+16.8,+20.8,+19.8,+20.3,+20.8,+20.7,+20.7,+20.8,+21.3
2023-07-17 23:05,2,+12.0,+15.4,+2.2,+9.5,+16.8,+20.8,+19.8,+20.3,+20.8,+20.7,+20.8,+20.7,+21.2
2023-07-18 00:05,2,+12.0,+15.4,+2.1,+9.6,+16.8,+20.8,+19.7,+20.3,+20.7,+20.8,+20.7,+20.7,+21.2
2023-07-18 01:05,2,+12.0,+14.9,+2.1,+9.5,+16.7,+20.7,+19.7,+20.2,+20.7,+20.7,+20.7,+20.7,+21.2
2023-07-18 02:05,2,+11.8,+14.7,+2.1,+9.4,+16.7,+20.7,+19.7,+20.2,+20.7,+20.7,+20.7,+20.8,+21.2
2023-07-18 03:05,2,+11.7,+14.8,+2.1,+9.5,+16.7,+20.7,+19.7,+20.2,+20.6,+20.8,+20.7,+20.8,+21.2
2023-07-18 04:05,2,+11.7,+14.8,+2.1,+9.4,+16.7,+20.6,+19.7,+20.1,+20.7,+20.8,+20.8,+20.8,+21.2
2023-07-18 05:05,2,+11.6,+15.1,+2.0,+9.5,+16.7,+20.6,+19.7,+20.1,+20.6,+20.7,+20.8,+20.7,+21.2
2023-07-18 06:05,2,+11.6,+15.1,+2.0,+9.5,+16.7,+20.6,+19.5,+20.1,+20.6,+20.7,+20.8,+20.7,+21.2
2023-07-18 07:05,2,+11.6,+15.3,+2.0,+9.5,+16.7,+20.6,+19.6,+20.1,+20.6,+20.7,+20.8,+20.8,+21.2
2023-07-18 08:05,2,+11.6,+15.4,+2.0,+9.3,+16.6,+20.5,+19.6,+20.0,+20.5,+20.7,+20.7,+20.7,+21.2
2023-07-18 09:05,2,+11.6,+15.5,+2.0,+9.4,+16.7,+20.5,+19.8,+20.0,+20.5,+20.7,+20.7,+20.7,+21.2
2023-07-18 10:05,2,+11.5,+15.5,+2.0,+9.3,+16.6,+20.5,+20.0,+20.0,+20.5,+20.6,+20.7,+20.7,+21.2
2023-07-18 11:05,2,+11.8,+15.6,+2.0,+9.4,+16.6,+20.5,+20.3,+20.1,+20.5,+20.7,+20.7,+20.7,+21.2
2023-07-18 12:05,2,+11.9,+15.6,+2.0,+9.3,+16.5,+20.4,+21.6,+20.2,+20.5,+20.7,+20.8,+20.7,+21.2
2023-07-18 13:05,2,+12.0,+15.7,+2.0,+9.3,+16.5,+20.4,+22.7,+20.5,+20.5,+20.7,+20.7,+20.7,+21.2
2023-07-18 14:05,2,+12.2,+15.8,+2.0,+9.3,+16.5,+20.4,+22.8,+20.8,+20.5,+20.6,+20.7,+20.7,+21.2
2023-07-18 15:05,2,+11.9,+15.8,+2.0,+9.3,+16.5,+20.3,+22.6,+21.1,+20.5,+20.6,+20.7,+20.7,+21.2
2023-07-18 16:05,2,+11.9,+15.8,+2.0,+9.3,+16.5,+20.3,+22.0,+21.1,+20.6,+20.6,+20.7,+20.7,+21.2
2023-07-18 17:05,2,+11.7,+15.8,+2.0,+9.3,+16.5,+20.3,+21.5,+21.1,+20.7,+20.6,+20.7,+20.8,+21.2
2023-07-18 18:05,2,+11.6,+15.8,+2.0,+9.3,+16.5,+20.3,+21.2,+21.1,+20.7,+20.6,+20.7,+20.7,+21.2
2023-07-18 19:05,2,+11.7,+15.8,+2.0,+9.3,+16.5,+20.3,+20.8,+21.0,+20.7,+20.7,+20.7,+20.7,+21.2
2023-07-18 20:05,2,+11.8,+15.7,+2.0,+9.3,+16.5,+20.3,+20.7,+20.8,+20.8,+20.7,+20.7,+20.7,+21.2
2023-07-18 21:05,2,+11.8,+15.8,+2.0,+9.3,+16.5,+20.2,+20.6,+20.7,+20.7,+20.6,+20.7,+20.7,+21.2
2023-07-18 22:05,2,+12.1,+15.8,+2.0,+9.3,+16.5,+20.2,+20.5,+20.7,+20.8,+20.7,+20.7,+20.7,+21.2
2023-07-18 23:05,2,+12.1,+15.8,+2.0,+9.3,+16.5,+20.2,+20.3,+20.6,+20.7,+20.6,+20.7,+20.7,+21.1
2023-07-19 00:05,2,+12.3,+15.8,+2.0,+9.2,+16.5,+20.2,+20.2,+20.6,+20.7,+20.7,+20.7,+20.7,+21.2
2023-07-19 01:05,2,+12.4,+15.8,+2.0,+9.3,+16.5,+20.2,+20.1,+20.5,+20.7,+20.7,+20.7,+20.7,+21.1
2023-07-19 02:05,2,+12.3,+15.8,+2.0,+9.2,+16.5,+20.2,+20.0,+20.5,+20.7,+20.7,+20.7,+20.7,+21.2
2023-07-19 03:05,2,+12.3,+15.8,+1.9,+9.2,+16.5,+20.2,+20.0,+20.3,+20.7,+20.7,+20.7,+20.7,+21.2
2023-07-19 04:05,2,+12.4,+15.9,+2.0,+9.3,+16.5,+20.2,+19.8,+20.3,+20.6,+20.7,+20.6,+20.7,+21.1
2023-07-19 05:05,2,+12.3,+15.8,+2.0,+9.3,+16.5,+20.2,+19.8,+20.2,+20.6,+20.7,+20.7,+20.7,+21.2
2023-07-19 06:05,2,+12.4,+15.9,+2.0,+9.2,+16.5,+20.1,+19.8,+20.2,+20.6,+20.7,+20.7,+20.7,+21.2
2023-07-19 07:05,2,+12.4,+15.9,+2.0,+9.4,+16.5,+20.2,+19.8,+20.2,+20.6,+20.7,+20.7,+20.7,+21.2
2023-07-19 08:05,2,+12.4,+15.9,+2.0,+9.3,+16.5,+20.2,+20.0,+20.2,+20.6,+20.7,+20.7,+20.7,+21.2
2023-07-19 09:05,2,+12.3,+15.9,+2.0,+9.3,+16.5,+20.1,+20.2,+20.1,+20.6,+20.7,+20.7,+20.7,+21.1
2023-07-19 10:05,2,+12.5,+15.8,+2.0,+9.3,+16.5,+20.1,+20.7,+20.2,+20.5,+20.6,+20.7,+20.7,+21.2
2023-07-19 11:05,2,+12.7,+15.8,+2.0,+9.3,+16.5,+20.1,+21.0,+20.3,+20.5,+20.6,+20.7,+20.7,+21.2
2023-07-19 12:05,2,+12.9,+15.8,+2.0,+9.3,+16.5,+20.1,+21.6,+20.5,+20.5,+20.6,+20.7,+20.7,+21.1
2023-07-19 13:05,2,+12.7,+15.8,+2.0,+9.3,+16.5,+20.1,+21.8,+20.6,+20.5,+20.6,+20.7,+20.7,+21.2
2023-07-19 14:05,2,+12.8,+15.8,+2.0,+9.3,+16.5,+20.1,+21.8,+20.7,+20.6,+20.6,+20.6,+20.6,+21.1
2023-07-19 15:05,2,+12.7,+15.8,+2.0,+9.4,+16.5,+20.1,+22.1,+20.8,+20.6,+20.6,+20.7,+20.7,+21.1
2023-07-19 16:05,2,+12.7,+15.8,+2.0,+9.4,+16.5,+20.1,+22.0,+21.0,+20.7,+20.6,+20.7,+20.7,+21.2
2023-07-19 17:05,2,+12.6,+15.8,+2.0,+9.3,+16.4,+20.1,+21.8,+21.0,+20.7,+20.6,+20.6,+20.7,+21.2
2023-07-19 18:05,2,+12.7,+15.8,+2.0,+9.4,+16.5,+20.1,+21.6,+21.0,+20.7,+20.6,+20.7,+20.7,+21.2
2023-07-19 19:05,2,+12.8,+15.8,+2.0,+9.3,+16.5,+20.1,+21.2,+21.0,+20.7,+20.7,+20.6,+20.7,+21.1
2023-07-19 20:05,2,+12.7,+15.8,+2.0,+9.3,+16.5,+20.1,+21.1,+20.8,+20.8,+20.7,+20.7,+20.6,+21.1
2023-07-19 21:05,2,+12.7,+15.8,+2.0,+9.4,+16.5,+20.1,+20.8,+20.8,+20.8,+20.6,+20.7,+20.7,+21.1
2023-07-19 22:05,2,+12.6,+15.8,+2.0,+9.3,+16.5,+20.1,+20.7,+20.8,+20.8,+20.7,+20.6,+20.6,+21.2
2023-07-19 23:05,2,+12.6,+15.8,+2.0,+9.4,+16.5,+20.1,+20.7,+20.7,+20.8,+20.6,+20.7,+20.7,+21.1
2023-07-20 00:05,2,+12.6,+15.8,+2.0,+9.4,+16.5,+20.1,+20.6,+20.7,+20.8,+20.7,+20.6,+20.7,+21.1
2023-07-20 01:05,2,+12.7,+15.8,+2.0,+9.4,+16.5,+20.1,+20.6,+20.7,+20.8,+20.7,+20.7,+20.6,+21.1
2023-07-20 02:05,2,+12.9,+15.8,+2.0,+9.4,+16.5,+20.1,+20.5,+20.6,+20.8,+20.7,+20.7,+20.6,+21.2
2023-07-20 03:05,2,+13.3,+15.8,+2.0,+9.3,+16.4,+20.0,+20.5,+20.6,+20.8,+20.7,+20.7,+20.7,+21.1
2023-07-20 04:05,2,+13.8,+15.8,+2.0,+9.4,+16.5,+20.1,+20.5,+20.6,+20.7,+20.7,+20.7,+20.6,+21.2
2023-07-20 05:05,2,+14.0,+15.9,+2.1,+9.3,+16.5,+20.0,+20.5,+20.5,+20.7,+20.7,+20.6,+20.7,+21.1
2023-07-20 06:05,2,+14.1,+16.0,+2.1,+9.4,+16.5,+20.1,+20.3,+20.5,+20.7,+20.7,+20.7,+20.7,+21.1
2023-07-20 07:05,2,+14.1,+16.0,+2.1,+9.4,+16.5,+20.1,+20.3,+20.5,+20.7,+20.7,+20.7,+20.7,+21.1
2023-07-20 08:05,2,+14.2,+16.1,+2.1,+9.4,+16.5,+20.1,+20.3,+20.5,+20.7,+20.7,+20.7,+20.7,+21.1
2023-07-20 09:05,2,+14.4,+16.1,+2.1,+9.4,+16.5,+20.0,+20.6,+20.5,+20.7,+20.7,+20.7,+20.6,+21.1
2023-07-20 10:05,2,+14.3,+16.2,+2.2,+9.3,+16.5,+20.0,+20.8,+20.5,+20.6,+20.7,+20.7,+20.7,+21.2
2023-07-20 11:05,2,+14.5,+16.2,+2.2,+9.3,+16.5,+20.0,+21.2,+20.5,+20.7,+20.7,+20.7,+20.7,+21.1
2023-07-20 12:05,2,+15.2,+16.3,+2.3,+9.3,+16.5,+20.0,+21.5,+20.7,+20.7,+20.7,+20.7,+20.6,+21.1
2023-07-20 13:05,2,+15.7,+16.6,+2.4,+9.4,+16.5,+20.0,+21.6,+20.7,+20.7,+20.7,+20.7,+20.7,+21.1
2023-07-20 14:05,2,+15.3,+16.6,+2.6,+9.6,+16.6,+20.1,+21.8,+21.0,+20.7,+20.7,+20.7,+20.7,+21.1
2023-07-20 15:05,2,+15.2,+16.6,+2.6,+9.6,+16.6,+20.1,+22.0,+21.1,+20.7,+20.6,+20.7,+20.7,+21.1
2023-07-20 16:05,2,+15.3,+16.5,+2.6,+9.8,+16.8,+20.2,+21.8,+21.1,+20.8,+20.7,+20.7,+20.7,+21.1
2023-07-20 17:05,2,+15.6,+16.5,+2.6,+9.8,+16.8,+20.2,+21.7,+21.2,+20.8,+20.7,+20.7,+20.7,+21.1
2023-07-20 18:05,2,+15.5,+16.5,+2.6,+9.9,+16.9,+20.4,+21.5,+21.2,+21.0,+20.7,+20.7,+20.6,+21.1
2023-07-20 19:05,2,+16.0,+16.5,+2.6,+9.8,+16.9,+20.4,+21.2,+21.1,+21.0,+20.7,+20.7,+20.7,+21.1
2023-07-20 20:05,2,+16.3,+16.4,+2.6,+9.8,+17.0,+20.5,+21.1,+21.1,+21.0,+20.7,+20.7,+20.7,+21.1
2023-07-20 21:05,2,+16.4,+16.4,+2.5,+9.9,+17.0,+20.6,+21.0,+21.0,+21.0,+20.7,+20.7,+20.6,+21.1
2023-07-20 22:05,2,+16.2,+16.4,+2.5,+9.8,+17.0,+20.7,+20.8,+21.0,+21.0,+20.8,+20.7,+20.7,+21.1
2023-07-20 23:05,2,+16.5,+16.4,+2.5,+9.9,+17.1,+20.8,+20.8,+20.8,+21.0,+20.8,+20.7,+20.7,+21.1
2023-07-21 00:05,2,+17.4,+16.4,+2.5,+9.9,+17.0,+20.8,+20.8,+20.8,+21.0,+20.7,+20.7,+20.7,+21.2
2023-07-21 01:05,2,+17.1,+16.4,+2.5,+9.8,+17.0,+20.8,+20.8,+20.8,+21.0,+20.8,+20.7,+20.7,+21.1
2023-07-21 02:05,2,+17.5,+16.5,+2.5,+9.9,+17.0,+20.8,+20.8,+20.8,+21.0,+20.8,+20.7,+20.7,+21.1
2023-07-21 03:05,2,+18.7,+16.6,+2.5,+9.9,+17.0,+20.8,+20.7,+20.8,+21.0,+20.8,+20.7,+20.7,+21.1
2023-07-21 04:05,2,+19.9,+16.8,+2.6,+9.8,+17.0,+20.8,+20.7,+20.7,+21.0,+20.8,+20.7,+20.7,+21.1
2023-07-21 05:05,2,+20.0,+17.0,+2.9,+10.0,+17.1,+20.8,+20.7,+20.7,+21.0,+20.8,+20.7,+20.7,+21.1
2023-07-21 06:05,2,+19.3,+17.0,+2.9,+10.2,+17.2,+20.9,+20.6,+20.7,+20.8,+20.8,+20.7,+20.7,+21.1
2023-07-21 07:05,2,+19.2,+16.9,+2.9,+10.2,+17.4,+21.1,+20.7,+20.7,+20.8,+20.8,+20.7,+20.7,+21.1
2023-07-21 08:05,2,+19.1,+17.0,+2.8,+10.2,+17.5,+21.3,+20.8,+20.7,+21.0,+20.8,+20.7,+20.7,+21.1
2023-07-21 09:05,2,+19.1,+16.9,+2.8,+10.2,+17.4,+21.5,+21.1,+20.7,+20.8,+20.8,+20.7,+20.7,+21.1
2023-07-21 10:05,2,+18.9,+16.9,+2.7,+10.3,+17.5,+21.5,+21.6,+20.7,+21.0,+20.8,+20.7,+20.7,+21.1
2023-07-21 11:05,2,+18.8,+16.9,+2.7,+10.1,+17.4,+21.4,+22.1,+21.0,+20.8,+20.8,+20.8,+20.7,+21.2
2023-07-21 12:05,2,+18.6,+16.9,+2.7,+10.2,+17.4,+21.4,+22.8,+21.1,+20.8,+20.8,+20.7,+20.7,+21.1
2023-07-21 13:05,2,+18.6,+16.8,+2.6,+10.2,+17.4,+21.4,+23.0,+21.3,+21.0,+20.8,+20.8,+20.7,+21.1
2023-07-21 14:05,2,+18.7,+16.8,+2.6,+10.2,+17.3,+21.3,+23.2,+21.5,+21.0,+20.8,+20.7,+20.7,+21.1
2023-07-21 15:05,2,+18.9,+16.8,+2.6,+10.1,+17.3,+21.3,+23.1,+21.6,+21.1,+20.8,+20.7,+20.7,+21.2
2023-07-21 16:05,2,+19.3,+16.8,+2.6,+10.0,+17.3,+21.2,+23.0,+21.8,+21.1,+20.8,+20.7,+20.7,+21.1
2023-07-21 17:05,2,+19.3,+16.8,+2.6,+10.0,+17.2,+21.2,+22.6,+21.8,+21.2,+20.8,+20.7,+20.7,+21.1
2023-07-21 18:05,2,+19.2,+16.8,+2.6,+9.9,+17.2,+21.1,+22.2,+21.7,+21.2,+20.8,+20.8,+20.7,+21.2
2023-07-21 19:05,2,+19.2,+16.8,+2.6,+9.9,+17.2,+21.1,+22.0,+21.7,+21.3,+20.8,+20.8,+20.7,+21.2
2023-07-21 20:05,2,+19.4,+16.8,+2.6,+10.0,+17.2,+21.1,+21.7,+21.6,+21.3,+21.0,+20.8,+20.7,+21.2
2023-07-21 21:05,2,+20.3,+16.8,+2.6,+9.9,+17.2,+21.1,+21.6,+21.6,+21.3,+21.0,+20.8,+20.7,+21.2
2023-07-21 22:05,2,+20.7,+16.8,+2.6,+9.9,+17.1,+21.0,+21.5,+21.5,+21.3,+21.0,+20.8,+20.7,+21.2
2023-07-21 23:05,2,+20.8,+16.9,+2.6,+9.9,+17.1,+21.0,+21.3,+21.3,+21.3,+21.0,+20.8,+20.8,+21.2
2023-07-22 00:05,2,+20.8,+16.9,+2.6,+10.0,+17.2,+21.0,+21.2,+21.3,+21.3,+21.0,+20.8,+20.7,+21.2
2023-07-22 01:05,2,+20.8,+16.9,+2.6,+10.0,+17.2,+21.0,+21.1,+21.3,+21.3,+21.0,+20.8,+20.7,+21.2
2023-07-22 02:05,2,+21.0,+17.0,+2.6,+9.9,+17.1,+20.9,+21.0,+21.2,+21.3,+21.0,+20.8,+20.8,+21.1
2023-07-22 03:05,2,+21.1,+16.9,+2.6,+9.9,+17.1,+20.9,+21.0,+21.2,+21.3,+21.1,+20.8,+20.8,+21.1
2023-07-22 04:05,2,+21.5,+16.9,+2.6,+10.0,+17.2,+20.9,+20.8,+21.1,+21.3,+21.1,+20.8,+20.8,+21.2
2023-07-22 05:05,2,+22.0,+16.9,+2.6,+9.9,+17.1,+20.9,+20.8,+21.1,+21.3,+21.1,+20.8,+20.8,+21.1
2023-07-22 06:05,2,+22.4,+16.9,+2.6,+9.9,+17.1,+20.9,+20.7,+21.0,+21.2,+21.1,+21.0,+20.8,+21.2
2023-07-22 07:05,2,+22.5,+16.9,+2.6,+9.9,+17.1,+20.9,+20.8,+21.0,+21.2,+21.1,+20.8,+20.7,+21.2
2023-07-22 08:05,2,+22.6,+17.0,+2.6,+9.9,+17.1,+20.8,+21.2,+21.0,+21.2,+21.0,+21.0,+20.8,+21.2
2023-07-22 09:05,2,+22.6,+17.0,+2.5,+10.0,+17.2,+20.9,+21.5,+21.0,+21.2,+21.1,+21.0,+20.8,+21.2
2023-07-22 10:05,2,+22.7,+17.0,+2.5,+10.0,+17.1,+20.9,+21.7,+21.1,+21.2,+21.1,+21.0,+20.8,+21.2
2023-07-22 11:05,2,+22.8,+17.0,+2.5,+9.9,+17.1,+20.8,+21.8,+21.2,+21.2,+21.1,+21.0,+20.8,+21.2
2023-07-22 12:05,2,+22.8,+17.0,+2.5,+9.8,+17.1,+20.8,+21.8,+21.2,+21.2,+21.1,+21.0,+20.8,+21.2
2023-07-22 13:05,2,+22.8,+17.0,+2.5,+9.8,+17.1,+20.8,+22.3,+21.3,+21.2,+21.1,+21.0,+20.8,+21.2
2023-07-22 14:05,2,+22.9,+17.0,+2.5,+9.8,+17.1,+20.8,+22.7,+21.5,+21.2,+21.1,+20.8,+20.8,+21.2
2023-07-22 15:05,2,+22.8,+17.0,+2.5,+10.0,+17.1,+20.8,+22.7,+21.6,+21.2,+21.1,+21.0,+20.8,+21.2
2023-07-22 16:05,2,+22.8,+17.0,+2.5,+10.0,+17.1,+20.8,+22.7,+21.7,+21.2,+21.1,+21.0,+20.8,+21.2
2023-07-22 17:05,2,+22.9,+17.0,+2.5,+9.8,+17.1,+20.8,+22.3,+21.7,+21.3,+21.1,+21.0,+21.0,+21.2
2023-07-22 18:05,2,+22.8,+17.0,+2.5,+9.8,+17.1,+20.7,+22.1,+21.7,+21.3,+21.1,+21.0,+21.0,+21.2
2023-07-22 19:05,2,+23.0,+17.0,+2.5,+9.8,+17.0,+20.7,+21.7,+21.7,+21.5,+21.1,+21.0,+20.8,+21.2
2023-07-22 20:05,2,+22.9,+17.0,+2.5,+9.8,+17.0,+20.7,+21.5,+21.6,+21.5,+21.1,+21.0,+20.8,+21.2
2023-07-22 21:05,2,+23.0,+17.0,+2.5,+9.8,+17.0,+20.7,+21.2,+21.5,+21.5,+21.1,+21.0,+20.8,+21.2
2023-07-22 22:05,2,+22.9,+16.9,+2.5,+9.9,+17.1,+20.7,+21.2,+21.3,+21.5,+21.2,+21.0,+20.8,+21.2
2023-07-22 23:05,2,+22.9,+16.8,+2.5,+9.9,+17.1,+20.7,+21.2,+21.3,+21.5,+21.2,+21.1,+20.8,+21.2
2023-07-23 00:05,2,+22.8,+16.8,+2.5,+9.8,+17.0,+20.7,+20.8,+21.3,+21.3,+21.1,+21.0,+20.8,+21.2
2023-07-23 01:05,2,+22.8,+16.8,+2.5,+9.9,+17.1,+20.7,+20.6,+21.2,+21.5,+21.1,+21.0,+21.0,+21.2
2023-07-23 02:05,2,+22.7,+16.8,+2.5,+9.9,+17.1,+20.7,+20.3,+21.1,+21.3,+21.2,+21.0,+20.8,+21.2
2023-07-23 03:05,2,+22.6,+16.8,+2.4,+9.8,+17.0,+20.6,+20.2,+21.0,+21.3,+21.2,+21.0,+21.0,+21.2
2023-07-23 04:05,2,+22.6,+16.8,+2.4,+9.9,+17.0,+20.6,+20.1,+20.8,+21.3,+21.2,+21.0,+21.0,+21.2
2023-07-23 05:05,2,+22.6,+16.8,+2.4,+9.8,+17.0,+20.6,+20.1,+20.7,+21.2,+21.2,+21.0,+21.0,+21.2
2023-07-23 06:05,2,+22.8,+16.9,+2.4,+9.8,+17.0,+20.6,+19.8,+20.7,+21.2,+21.2,+21.0,+21.0,+21.2
2023-07-23 07:05,2,+22.6,+16.9,+2.4,+9.9,+17.0,+20.6,+20.0,+20.6,+21.1,+21.1,+21.1,+21.0,+21.2
2023-07-23 08:05,2,+22.6,+16.9,+2.4,+9.9,+17.0,+20.6,+20.1,+20.6,+21.1,+21.1,+21.1,+21.0,+21.2
2023-07-23 09:05,2,+22.8,+16.9,+2.4,+9.7,+17.0,+20.6,+20.3,+20.5,+21.0,+21.1,+21.1,+21.0,+21.2
2023-07-23 10:05,2,+23.1,+17.0,+2.4,+9.7,+17.0,+20.6,+20.8,+20.6,+20.8,+21.1,+21.1,+21.0,+21.2
2023-07-23 11:05,2,+23.0,+17.0,+2.3,+9.7,+17.0,+20.6,+21.7,+20.6,+20.8,+21.1,+21.0,+21.0,+21.2
2023-07-23 12:05,2,+22.9,+16.8,+2.4,+9.7,+17.0,+20.6,+24.5,+21.0,+20.8,+21.1,+21.0,+21.0,+21.2
2023-07-23 13:05,2,+22.9,+17.3,+2.3,+9.7,+17.0,+20.5,+24.7,+21.3,+20.8,+21.0,+21.1,+21.0,+21.2
2023-07-23 14:05,2,+23.1,+17.6,+2.4,+9.8,+17.0,+20.6,+24.5,+21.8,+21.0,+21.0,+21.0,+21.0,+21.3
2023-07-23 15:05,2,+23.0,+17.6,+2.4,+9.8,+17.0,+20.5,+24.0,+22.0,+21.1,+21.0,+21.0,+21.0,+21.2
2023-07-23 16:05,2,+22.9,+17.5,+2.4,+9.7,+17.0,+20.5,+23.6,+22.1,+21.2,+21.0,+21.0,+20.8,+21.2
2023-07-23 17:05,2,+22.9,+17.7,+2.4,+9.7,+16.9,+20.5,+23.1,+22.1,+21.3,+21.0,+21.0,+21.0,+21.2
2023-07-23 18:05,2,+23.2,+17.4,+2.4,+9.8,+17.0,+20.5,+22.3,+22.1,+21.5,+21.1,+21.0,+21.0,+21.3
2023-07-23 19:05,2,+23.4,+17.6,+2.4,+9.8,+17.0,+20.5,+21.6,+22.0,+21.5,+21.1,+21.0,+20.8,+21.2
2023-07-23 20:05,2,+23.7,+17.7,+2.4,+9.8,+17.0,+20.5,+21.3,+21.7,+21.5,+21.1,+21.0,+21.0,+21.2
2023-07-23 21:05,2,+23.8,+17.7,+2.4,+9.8,+17.0,+20.5,+21.1,+21.6,+21.5,+21.1,+21.0,+21.0,+21.3
2023-07-23 22:05,2,+23.9,+17.4,+2.4,+9.8,+16.9,+20.5,+21.0,+21.5,+21.5,+21.1,+21.0,+20.8,+21.3
2023-07-23 23:05,2,+24.0,+17.4,+2.4,+9.8,+17.0,+20.5,+20.8,+21.3,+21.5,+21.1,+21.0,+21.0,+21.2
2023-07-24 00:05,2,+24.2,+17.4,+2.4,+9.8,+17.0,+20.5,+20.7,+21.2,+21.5,+21.2,+21.0,+21.0,+21.2
2023-07-24 01:05,2,+24.3,+17.6,+2.4,+9.7,+16.9,+20.4,+20.7,+21.1,+21.3,+21.1,+21.0,+21.0,+21.2
2023-07-24 02:05,2,+24.5,+17.5,+2.4,+9.8,+16.9,+20.4,+20.6,+21.1,+21.3,+21.1,+21.0,+20.8,+21.2
2023-07-24 03:05,2,+24.6,+17.7,+2.4,+9.8,+16.9,+20.5,+20.6,+21.0,+21.3,+21.1,+21.1,+21.0,+21.3
2023-07-24 04:05,2,+24.9,+17.8,+2.4,+9.7,+16.9,+20.4,+20.6,+21.0,+21.2,+21.1,+21.0,+21.0,+21.2
2023-07-24 05:05,2,+25.5,+17.9,+2.4,+9.8,+16.9,+20.4,+20.6,+20.8,+21.2,+21.1,+21.0,+21.0,+21.2
2023-07-24 06:05,2,+25.8,+17.9,+2.4,+9.7,+16.9,+20.4,+20.6,+20.8,+21.2,+21.1,+21.0,+21.0,+21.2
2023-07-24 07:05,2,+26.0,+17.9,+2.4,+9.8,+16.9,+20.4,+20.6,+20.8,+21.1,+21.1,+21.0,+21.0,+21.2
2023-07-24 08:05,2,+26.1,+17.9,+2.4,+9.8,+16.9,+20.4,+20.6,+20.8,+21.2,+21.1,+21.1,+21.0,+21.3
2023-07-24 09:05,2,+26.4,+17.9,+2.4,+9.8,+16.9,+20.4,+20.7,+20.7,+21.1,+21.1,+21.0,+21.0,+21.3
2023-07-24 10:05,2,+26.6,+17.9,+2.5,+9.8,+16.9,+20.4,+20.7,+20.8,+21.1,+21.1,+21.1,+21.0,+21.3
2023-07-24 11:05,2,+26.7,+18.0,+2.5,+9.8,+16.9,+20.4,+20.7,+20.7,+21.1,+21.1,+21.0,+21.0,+21.2
2023-07-24 12:05,2,+26.9,+18.1,+2.5,+9.8,+17.0,+20.4,+20.8,+20.7,+21.1,+21.1,+21.0,+21.0,+21.2
2023-07-24 13:05,2,+26.9,+18.1,+2.5,+9.7,+16.9,+20.4,+20.8,+20.8,+21.1,+21.1,+21.0,+21.0,+21.3
2023-07-24 14:05,2,+26.8,+18.1,+2.5,+9.7,+16.9,+20.4,+21.2,+20.8,+21.1,+21.1,+21.0,+21.0,+21.2
2023-07-24 15:05,2,+26.7,+18.2,+2.5,+9.9,+17.0,+20.4,+21.5,+21.0,+21.1,+21.1,+21.0,+21.0,+21.3
2023-07-24 16:05,2,+26.7,+18.2,+2.6,+9.8,+17.0,+20.4,+21.3,+21.0,+21.0,+21.1,+21.0,+21.0,+21.3
2023-07-24 17:05,2,+26.8,+18.3,+2.6,+9.8,+17.0,+20.4,+21.2,+21.0,+21.0,+21.0,+21.0,+21.0,+21.2
2023-07-24 18:05,2,+26.9,+18.3,+2.6,+9.9,+17.0,+20.4,+21.0,+21.0,+21.1,+21.1,+21.0,+21.0,+21.3
2023-07-24 19:05,2,+27.1,+18.4,+2.6,+9.8,+17.0,+20.4,+20.7,+21.0,+21.1,+21.0,+21.0,+21.0,+21.3
2023-07-24 20:05,2,+27.2,+18.4,+2.6,+9.9,+17.0,+20.4,+20.5,+20.8,+21.1,+21.0,+21.0,+21.0,+21.3
2023-07-24 21:05,2,+27.2,+18.5,+2.6,+9.8,+17.0,+20.4,+20.5,+20.7,+21.1,+21.0,+21.0,+21.0,+21.3
2023-07-24 22:05,2,+27.2,+18.4,+2.6,+9.9,+17.1,+20.4,+20.2,+20.7,+21.1,+21.0,+21.0,+21.0,+21.3
2023-07-24 23:05,2,+27.3,+18.4,+2.6,+9.9,+17.0,+20.4,+20.1,+20.7,+21.1,+21.0,+21.0,+21.0,+21.3
2023-07-25 00:05,2,+27.3,+18.4,+2.6,+9.8,+17.0,+20.4,+20.1,+20.6,+21.0,+21.0,+21.0,+20.8,+21.3
2023-07-25 01:05,2,+27.3,+18.4,+2.6,+9.8,+17.0,+20.4,+20.2,+20.6,+21.0,+21.0,+21.0,+20.8,+21.3
2023-07-25 02:05,2,+27.4,+18.4,+2.6,+10.0,+17.1,+20.5,+20.2,+20.5,+20.8,+21.0,+21.0,+21.0,+21.3
2023-07-25 03:05,2,+27.9,+18.5,+2.6,+10.0,+17.1,+20.5,+20.2,+20.5,+20.8,+21.0,+20.8,+21.0,+21.2
2023-07-25 04:05,2,+28.5,+18.5,+2.6,+9.9,+17.0,+20.4,+20.2,+20.5,+21.0,+21.0,+20.8,+21.0,+21.3
2023-07-25 05:05,2,+29.2,+18.6,+2.6,+10.0,+17.1,+20.5,+20.1,+20.5,+20.8,+21.0,+21.0,+21.0,+21.3
2023-07-25 06:05,2,+29.4,+18.7,+2.6,+9.9,+17.0,+20.5,+20.0,+20.3,+20.8,+20.8,+21.0,+21.0,+21.3
2023-07-25 07:05,2,+29.8,+18.8,+2.6,+9.9,+17.0,+20.5,+19.8,+20.3,+20.8,+21.0,+21.0,+21.0,+21.3
2023-07-25 08:05,2,+30.0,+18.9,+2.6,+10.0,+17.1,+20.5,+20.0,+20.3,+20.7,+20.8,+21.0,+21.0,+21.2
2023-07-25 09:05,2,+30.4,+19.0,+2.6,+9.9,+17.0,+20.5,+20.1,+20.2,+20.7,+21.0,+20.8,+21.0,+21.2
2023-07-25 10:05,2,+30.0,+19.0,+2.7,+9.9,+17.1,+20.5,+20.2,+20.2,+20.7,+20.8,+21.0,+20.8,+21.2
2023-07-25 11:05,2,+29.9,+19.0,+2.7,+10.0,+17.1,+20.5,+20.8,+20.3,+20.7,+20.8,+20.8,+20.8,+21.3
2023-07-25 12:05,2,+29.8,+18.9,+2.7,+10.0,+17.1,+20.5,+22.1,+20.5,+20.7,+20.8,+20.8,+20.8,+21.2
2023-07-25 13:05,2,+29.7,+19.0,+2.7,+10.1,+17.2,+20.5,+22.2,+20.7,+20.7,+20.8,+20.8,+21.0,+21.2
2023-07-25 14:05,2,+29.6,+18.9,+2.7,+10.1,+17.2,+20.5,+22.3,+21.0,+20.7,+20.8,+20.8,+20.8,+21.3
2023-07-25 15:05,2,+29.7,+18.9,+2.7,+10.0,+17.1,+20.5,+22.2,+21.1,+20.7,+20.8,+20.8,+20.8,+21.2
2023-07-25 16:05,2,+29.7,+19.0,+2.7,+10.0,+17.1,+20.5,+22.0,+21.1,+20.7,+20.8,+20.8,+20.8,+21.3
2023-07-25 17:05,2,+29.6,+19.0,+2.7,+10.0,+17.2,+20.5,+21.7,+21.1,+20.8,+20.8,+20.8,+20.8,+21.3
2023-07-25 18:05,2,+29.6,+19.0,+2.7,+10.0,+17.2,+20.5,+21.3,+21.1,+20.8,+20.8,+20.8,+20.8,+21.2
2023-07-25 19:05,2,+29.8,+19.0,+2.7,+10.1,+17.2,+20.6,+21.0,+21.1,+20.8,+20.8,+20.8,+20.8,+21.2
2023-07-25 20:05,2,+29.7,+19.0,+2.7,+10.0,+17.2,+20.6,+20.7,+21.0,+20.8,+20.7,+20.8,+20.8,+21.2
2023-07-25 21:05,2,+29.6,+19.0,+2.7,+10.0,+17.2,+20.6,+20.6,+20.8,+20.8,+20.8,+20.8,+20.8,+21.2
2023-07-25 22:05,2,+29.6,+18.9,+2.7,+10.1,+17.2,+20.6,+20.3,+20.7,+21.0,+20.8,+20.8,+20.8,+21.2
2023-07-25 23:05,2,+29.6,+18.9,+2.7,+10.0,+17.2,+20.6,+20.2,+20.7,+20.8,+20.8,+20.8,+20.8,+21.2
2023-07-26 00:05,2,+29.6,+19.0,+2.7,+10.1,+17.2,+20.6,+20.1,+20.6,+20.8,+20.8,+20.8,+20.8,+21.2
2023-07-26 01:05,2,+29.6,+18.9,+2.7,+10.1,+17.2,+20.6,+20.0,+20.5,+20.7,+20.8,+20.8,+20.8,+21.2
2023-07-26 02:05,2,+29.6,+18.9,+2.7,+10.1,+17.2,+20.6,+19.8,+20.5,+20.8,+20.8,+20.8,+20.8,+21.2
2023-07-26 03:05,2,+29.6,+18.9,+2.7,+10.0,+17.2,+20.6,+19.7,+20.3,+20.8,+20.8,+20.8,+20.8,+21.2
2023-07-26 04:05,2,+29.5,+18.9,+2.7,+10.0,+17.2,+20.6,+19.5,+20.3,+20.7,+20.8,+20.8,+20.8,+21.2
2023-07-26 05:05,2,+29.4,+18.9,+2.7,+10.1,+17.2,+20.7,+19.3,+20.2,+20.7,+20.8,+20.8,+20.8,+21.2
2023-07-26 06:05,2,+29.4,+18.9,+2.7,+10.1,+17.2,+20.6,+19.3,+20.1,+20.7,+20.7,+20.8,+20.7,+21.2
2023-07-26 07:05,2,+29.4,+18.9,+2.7,+10.0,+17.2,+20.6,+19.5,+20.1,+20.7,+20.8,+20.8,+20.8,+21.2
2023-07-26 08:05,2,+29.4,+18.9,+2.7,+10.1,+17.2,+20.7,+19.6,+20.0,+20.6,+20.7,+20.8,+20.8,+21.2
2023-07-26 09:05,2,+29.3,+18.9,+2.7,+10.0,+17.2,+20.6,+20.0,+20.0,+20.6,+20.7,+20.7,+20.8,+21.2
2023-07-26 10:05,2,+29.3,+18.9,+2.7,+10.0,+17.2,+20.6,+20.6,+20.1,+20.5,+20.7,+20.8,+20.8,+21.2