
2023-07-11 11:05,1,+0.0,+7.2,+24.4,+12.3,+5.7,+18.8,+23.5,+23.1,+22.8,+22.8,+23.2,+23.0,+23.0
2023-07-11 12:05,1,+0.0,+8.1,+25.0,+12.6,+5.7,+18.9,+22.3,+22.2,+22.2,+22.2,+22.5,+22.3,+22.1
2023-07-11 13:05,1,+0.0,+9.1,+25.3,+12.5,+5.7,+18.9,+22.3,+22.2,+22.1,+22.1,+22.3,+22.2,+22.0
2023-07-11 14:05,1,+0.0,+10.9,+25.4,+12.6,+5.7,+18.9,+22.2,+22.2,+22.1,+22.0,+22.3,+22.2,+22.0
2023-07-11 15:05,1,+0.0,+11.6,+25.6,+12.6,+5.7,+19.0,+22.1,+22.2,+22.1,+22.1,+22.3,+22.2,+22.0
2023-07-11 16:05,1,+0.0,+12.2,+25.6,+12.7,+5.8,+19.0,+22.0,+22.2,+22.1,+22.0,+22.3,+22.1,+22.0
2023-07-11 17:05,1,+0.0,+12.6,+25.6,+12.6,+5.7,+19.0,+22.0,+22.2,+22.0,+22.0,+22.2,+22.1,+22.0
2023-07-11 18:05,1,+0.0,+12.8,+25.6,+12.7,+5.7,+19.0,+21.7,+22.2,+22.1,+22.0,+22.2,+22.2,+22.0
2023-07-11 19:05,1,+0.0,+13.0,+25.7,+12.7,+5.7,+19.0,+21.6,+22.2,+22.1,+22.0,+22.2,+22.2,+22.0
2023-07-11 20:05,1,+0.0,+13.1,+25.7,+12.8,+5.8,+19.1,+21.6,+22.1,+22.1,+22.0,+22.2,+22.2,+22.0
2023-07-11 21:05,1,+0.0,+13.4,+25.7,+12.8,+5.8,+19.1,+21.5,+22.1,+22.1,+22.0,+22.2,+22.1,+22.0
2023-07-11 22:05,1,+0.0,+13.8,+25.8,+12.7,+5.8,+19.1,+21.3,+22.1,+22.1,+22.0,+22.3,+22.1,+22.0
2023-07-11 23:05,1,+0.0,+13.9,+25.9,+12.8,+5.8,+19.1,+21.3,+22.0,+22.0,+22.0,+22.2,+22.1,+22.0
2023-07-12 00:05,1,+0.0,+14.9,+26.0,+12.8,+5.8,+19.1,+21.3,+22.0,+22.1,+22.0,+22.2,+22.1,+22.0
2023-07-12 01:05,1,+0.0,+15.3,+26.1,+12.8,+5.8,+19.1,+21.2,+22.0,+22.0,+22.0,+22.2,+22.1,+22.0
2023-07-12 02:05,1,+0.0,+15.3,+26.1,+12.8,+5.8,+19.1,+21.1,+22.0,+22.0,+22.0,+22.2,+22.1,+22.0
2023-07-12 03:05,1,+0.0,+15.3,+26.1,+12.8,+5.8,+19.1,+21.1,+21.8,+22.0,+22.0,+22.2,+22.1,+22.0
2023-07-12 04:05,1,+0.0,+15.3,+26.1,+12.9,+5.9,+19.1,+21.1,+21.8,+22.0,+22.0,+22.2,+22.1,+22.0
2023-07-12 05:05,1,+0.0,+15.3,+26.1,+13.0,+5.9,+19.2,+21.0,+21.8,+22.0,+22.0,+22.2,+22.1,+22.0
2023-07-12 06:05,1,+0.0,+15.3,+26.1,+13.0,+5.9,+19.2,+21.0,+21.7,+22.0,+22.0,+22.2,+22.1,+22.0
2023-07-12 07:05,1,+0.0,+15.3,+26.0,+12.9,+5.9,+19.2,+21.0,+21.7,+22.0,+22.0,+22.2,+22.1,+22.0
2023-07-12 08:05,1,+0.0,+15.3,+26.1,+13.0,+5.9,+19.2,+21.2,+21.7,+21.8,+22.0,+22.2,+22.1,+22.0
2023-07-12 09:05,1,+0.0,+15.3,+26.1,+13.0,+5.9,+19.2,+21.7,+21.7,+21.8,+22.0,+22.2,+22.1,+22.0
2023-07-12 10:05,1,+0.0,+15.3,+26.1,+13.0,+5.9,+19.2,+22.2,+21.8,+21.8,+21.8,+22.2,+22.1,+22.0
2023-07-12 11:05,1,+0.0,+15.3,+26.1,+12.9,+5.9,+19.2,+23.0,+22.0,+21.8,+22.0,+22.2,+22.1,+22.0
2023-07-12 12:05,1,+0.0,+15.2,+26.0,+13.0,+5.9,+19.2,+23.3,+22.1,+21.8,+21.8,+22.2,+22.1,+22.0
2023-07-12 13:05,1,+0.0,+15.2,+26.0,+13.0,+5.9,+19.2,+23.3,+22.2,+22.0,+21.8,+22.2,+22.1,+22.0
2023-07-12 14:05,1,+0.0,+15.2,+26.0,+13.1,+6.0,+19.2,+23.2,+22.2,+21.8,+21.8,+22.2,+22.1,+22.0
2023-07-12 15:05,1,+0.0,+15.2,+25.9,+13.1,+6.0,+19.2,+23.0,+22.3,+22.0,+21.8,+22.2,+22.1,+22.0
2023-07-12 16:05,1,+0.0,+15.4,+26.0,+13.1,+6.0,+19.3,+22.7,+22.5,+22.0,+21.8,+22.2,+22.1,+22.0
2023-07-12 17:05,1,+0.0,+15.7,+26.0,+13.0,+6.0,+19.3,+22.6,+22.5,+22.0,+21.8,+22.2,+22.1,+22.0
2023-07-12 18:05,1,+0.1,+15.9,+26.2,+13.0,+6.0,+19.3,+22.3,+22.5,+22.1,+21.8,+22.1,+22.1,+22.0
2023-07-12 19:05,1,+0.1,+16.0,+26.5,+13.2,+6.0,+19.3,+22.2,+22.5,+22.0,+21.8,+22.2,+22.1,+22.0
2023-07-12 20:05,1,+0.1,+16.0,+26.7,+13.1,+6.0,+19.3,+22.1,+22.3,+22.1,+21.8,+22.1,+22.1,+22.0
2023-07-12 21:05,1,+0.1,+16.0,+26.8,+13.1,+6.0,+19.3,+22.0,+22.3,+22.1,+21.8,+22.1,+22.1,+22.0
2023-07-12 22:05,1,+0.2,+16.0,+26.8,+13.2,+6.1,+19.3,+21.8,+22.3,+22.1,+22.0,+22.1,+22.1,+22.0
2023-07-12 23:05,1,+0.2,+16.0,+26.8,+13.2,+6.0,+19.3,+21.8,+22.3,+22.1,+21.8,+22.2,+22.1,+22.0
2023-07-13 00:05,1,+1.2,+16.2,+26.8,+13.3,+6.1,+19.4,+21.7,+22.2,+22.1,+22.0,+22.2,+22.1,+22.0
2023-07-13 01:05,1,+1.2,+16.6,+27.8,+13.6,+6.1,+19.3,+21.6,+22.2,+22.1,+22.0,+22.1,+22.1,+21.8
2023-07-13 02:05,1,+1.3,+16.8,+27.9,+14.0,+6.2,+19.4,+21.5,+22.2,+22.1,+22.0,+22.2,+22.1,+22.0
2023-07-13 03:05,1,+1.0,+16.7,+27.9,+13.9,+6.3,+19.4,+21.3,+22.1,+22.1,+22.0,+22.1,+22.1,+22.0
2023-07-13 04:05,1,+0.9,+16.6,+27.7,+13.9,+6.4,+19.5,+21.3,+22.1,+22.1,+22.0,+22.2,+22.0,+22.0
2023-07-13 05:05,1,+2.0,+16.6,+27.6,+14.0,+6.5,+19.7,+21.2,+22.0,+22.1,+22.0,+22.2,+22.1,+22.0
2023-07-13 06:05,1,+1.3,+16.8,+28.0,+14.2,+6.6,+19.9,+21.1,+22.0,+22.0,+22.0,+22.2,+22.1,+22.0
2023-07-13 07:05,1,+1.1,+16.7,+27.9,+14.2,+6.7,+20.0,+21.2,+21.8,+22.0,+22.0,+22.2,+22.0,+22.0
2023-07-13 08:05,1,+1.0,+16.6,+27.7,+14.1,+6.6,+20.1,+21.2,+21.8,+22.0,+22.0,+22.2,+22.0,+22.0
2023-07-13 09:05,1,+1.0,+16.6,+27.6,+14.1,+6.7,+20.2,+21.3,+21.8,+22.0,+21.8,+22.2,+22.1,+21.8
2023-07-13 10:05,1,+1.2,+16.7,+27.6,+14.0,+6.6,+20.1,+21.3,+21.8,+22.0,+21.8,+22.2,+22.1,+22.0
2023-07-13 11:05,1,+1.1,+16.7,+27.8,+14.1,+6.7,+20.2,+21.3,+21.8,+21.8,+21.8,+22.2,+22.1,+21.8
2023-07-13 12:05,1,+1.1,+16.7,+27.8,+14.0,+6.7,+20.2,+21.3,+21.8,+21.8,+22.0,+22.2,+22.1,+21.8
2023-07-13 13:05,1,+1.0,+16.7,+27.7,+14.0,+6.7,+20.2,+21.3,+21.8,+21.8,+21.8,+22.2,+22.1,+22.0
2023-07-13 14:05,1,+1.0,+16.6,+27.6,+14.1,+6.7,+20.2,+21.7,+21.8,+21.8,+21.8,+22.2,+22.1,+22.0
2023-07-13 15:05,1,+0.9,+16.5,+27.6,+14.0,+6.7,+20.2,+22.0,+21.8,+21.8,+21.8,+22.1,+22.1,+22.0
2023-07-13 16:05,1,+0.8,+16.5,+27.5,+14.0,+6.7,+20.2,+22.0,+21.8,+21.8,+21.8,+22.1,+22.1,+22.0
2023-07-13 17:05,1,+0.8,+16.5,+27.4,+13.9,+6.6,+20.2,+21.8,+22.0,+21.8,+21.8,+22.1,+22.1,+22.0
2023-07-13 18:05,1,+0.8,+16.4,+27.4,+14.0,+6.7,+20.2,+21.8,+22.0,+21.8,+21.8,+22.1,+22.1,+22.0
2023-07-13 19:05,1,+0.8,+16.4,+27.3,+13.9,+6.6,+20.2,+21.7,+22.0,+21.8,+21.8,+22.1,+22.1,+22.0
2023-07-13 20:05,1,+4.2,+20.6,+27.8,+13.9,+6.6,+20.1,+21.3,+21.8,+21.8,+21.8,+22.1,+22.0,+22.0
2023-07-13 21:05,1,+2.0,+18.7,+29.6,+15.5,+6.9,+20.2,+21.1,+21.7,+21.8,+21.7,+22.0,+22.0,+21.8
2023-07-13 22:05,1,+1.6,+17.8,+28.5,+14.9,+7.1,+20.7,+21.1,+21.7,+21.8,+21.8,+22.1,+22.1,+22.0
2023-07-13 23:05,1,+1.4,+17.6,+28.1,+14.5,+7.0,+20.7,+21.1,+21.7,+21.8,+21.7,+22.1,+22.0,+22.0
2023-07-14 00:05,1,+1.3,+17.4,+27.9,+14.4,+7.0,+20.6,+21.1,+21.7,+21.7,+21.7,+22.1,+22.0,+21.8
2023-07-14 01:05,1,+1.3,+17.3,+27.8,+14.2,+6.9,+20.5,+21.1,+21.7,+21.7,+21.7,+22.1,+22.0,+22.0
2023-07-14 02:05,1,+1.3,+17.3,+27.8,+14.3,+6.9,+20.5,+21.0,+21.6,+21.7,+21.7,+22.1,+22.0,+22.0
2023-07-14 03:05,1,+1.4,+17.3,+27.8,+14.1,+6.8,+20.4,+21.1,+21.6,+21.7,+21.7,+22.1,+22.0,+22.0
2023-07-14 04:05,1,+1.4,+17.4,+27.8,+14.3,+6.8,+20.4,+21.0,+21.6,+21.7,+21.7,+22.1,+22.0,+21.8
2023-07-14 05:05,1,+1.5,+17.4,+27.9,+14.1,+6.8,+20.4,+21.0,+21.6,+21.7,+21.7,+22.0,+22.0,+22.0
2023-07-14 06:05,1,+1.4,+17.4,+27.9,+14.1,+6.8,+20.4,+20.8,+21.6,+21.7,+21.7,+22.1,+22.0,+21.8
2023-07-14 07:05,1,+1.4,+17.4,+27.9,+14.1,+6.8,+20.3,+20.8,+21.6,+21.7,+21.7,+22.1,+22.0,+21.8
2023-07-14 08:05,1,+1.4,+17.3,+27.8,+14.1,+6.8,+20.3,+20.8,+21.5,+21.7,+21.7,+22.1,+22.0,+21.8
2023-07-14 09:05,1,+1.4,+17.3,+27.8,+14.2,+6.8,+20.4,+21.1,+21.5,+21.6,+21.7,+22.1,+22.0,+21.8
2023-07-14 10:05,1,+1.4,+17.2,+27.7,+14.2,+6.8,+20.3,+21.2,+21.5,+21.6,+21.7,+22.1,+22.0,+21.8
2023-07-14 11:05,1,+1.3,+17.2,+27.7,+14.2,+6.8,+20.3,+21.3,+21.5,+21.6,+21.7,+22.1,+22.0,+22.0
2023-07-14 12:05,1,+1.3,+17.2,+27.6,+14.2,+6.8,+20.3,+21.3,+21.6,+21.6,+21.7,+22.0,+22.0,+22.0
2023-07-14 13:05,1,+1.2,+17.1,+27.6,+14.0,+6.7,+20.3,+21.6,+21.6,+21.6,+21.7,+22.0,+22.0,+21.8
2023-07-14 14:05,1,+1.2,+17.1,+27.5,+14.0,+6.7,+20.3,+21.6,+21.6,+21.6,+21.7,+22.0,+22.0,+22.0
2023-07-14 15:05,1,+1.2,+17.0,+27.5,+14.1,+6.8,+20.3,+21.6,+21.7,+21.6,+21.6,+22.0,+22.0,+21.8
2023-07-14 16:05,1,+1.2,+17.0,+27.5,+14.1,+6.8,+20.3,+21.5,+21.7,+21.6,+21.6,+22.0,+22.0,+21.8
2023-07-14 17:05,1,+1.2,+16.9,+27.4,+14.0,+6.7,+20.2,+21.3,+21.7,+21.6,+21.6,+22.0,+22.0,+21.8
2023-07-14 18:05,1,+1.2,+16.9,+27.4,+14.0,+6.7,+20.2,+21.2,+21.7,+21.6,+21.6,+22.0,+22.0,+21.8
2023-07-14 19:05,1,+1.2,+16.9,+27.3,+14.0,+6.7,+20.2,+21.1,+21.6,+21.6,+21.6,+22.0,+22.0,+21.8
2023-07-14 20:05,1,+1.2,+16.9,+27.3,+14.0,+6.7,+20.2,+21.0,+21.6,+21.6,+21.6,+22.0,+22.0,+21.8
2023-07-14 21:05,1,+1.3,+16.9,+27.3,+14.1,+6.8,+20.2,+20.8,+21.6,+21.6,+21.7,+22.0,+22.0,+21.8
2023-07-14 22:05,1,+1.3,+16.9,+27.3,+14.1,+6.7,+20.2,+20.8,+21.6,+21.6,+21.6,+22.0,+22.0,+21.8
2023-07-14 23:05,1,+1.3,+16.9,+27.3,+14.1,+6.7,+20.2,+20.7,+21.6,+21.6,+21.7,+22.0,+21.8,+21.8
2023-07-15 00:05,1,+1.3,+16.8,+27.2,+14.1,+6.7,+20.2,+20.7,+21.5,+21.6,+21.6,+22.0,+22.0,+21.8
2023-07-15 01:05,1,+1.4,+16.8,+27.2,+14.1,+6.7,+20.2,+20.7,+21.5,+21.6,+21.6,+22.0,+22.0,+21.8
2023-07-15 02:05,1,+1.4,+16.8,+27.2,+14.1,+6.7,+20.2,+20.6,+21.5,+21.6,+21.7,+22.0,+22.0,+21.8
2023-07-15 03:05,1,+1.4,+16.8,+27.1,+14.1,+6.7,+20.2,+20.5,+21.3,+21.6,+21.6,+22.0,+22.0,+21.8
2023-07-15 04:05,1,+1.4,+16.8,+27.1,+13.9,+6.7,+20.2,+20.5,+21.3,+21.6,+21.6,+22.0,+21.8,+21.8
2023-07-15 05:05,1,+1.4,+16.8,+27.1,+14.1,+6.7,+20.2,+20.3,+21.3,+21.6,+21.6,+22.0,+22.0,+21.8
2023-07-15 06:05,1,+1.4,+16.7,+27.1,+14.1,+6.7,+20.2,+20.3,+21.3,+21.6,+21.6,+22.0,+22.0,+21.8
2023-07-15 07:05,1,+1.5,+16.7,+27.1,+13.9,+6.7,+20.1,+20.5,+21.3,+21.6,+21.6,+22.0,+21.8,+21.8
2023-07-15 08:05,1,+1.4,+16.7,+27.0,+14.1,+6.7,+20.2,+20.6,+21.2,+21.6,+21.6,+22.0,+22.0,+21.8
2023-07-15 09:05,1,+1.4,+16.7,+27.0,+13.9,+6.7,+20.2,+20.8,+21.2,+21.5,+21.6,+22.0,+21.8,+21.8
2023-07-15 10:05,1,+1.4,+16.6,+27.0,+13.9,+6.7,+20.1,+21.3,+21.2,+21.5,+21.6,+22.0,+21.8,+21.8
2023-07-15 11:05,1,+1.2,+16.6,+27.0,+14.0,+6.7,+20.2,+21.7,+21.3,+21.5,+21.6,+22.0,+22.0,+21.8
2023-07-15 12:05,1,+1.2,+16.5,+27.0,+14.1,+6.8,+20.2,+22.2,+21.5,+21.5,+21.6,+22.0,+22.0,+21.8
2023-07-15 13:05,1,+1.1,+16.5,+26.9,+13.9,+6.7,+20.1,+22.5,+21.6,+21.5,+21.5,+22.0,+21.8,+21.8
2023-07-15 14:05,1,+1.0,+16.4,+26.9,+14.0,+6.7,+20.2,+22.7,+21.7,+21.5,+21.6,+22.0,+21.8,+21.8
2023-07-15 15:05,1,+0.9,+16.4,+26.9,+13.9,+6.7,+20.1,+22.7,+21.8,+21.5,+21.5,+22.0,+21.8,+21.8
2023-07-15 16:05,1,+0.9,+16.4,+26.9,+14.1,+6.7,+20.1,+22.6,+21.8,+21.5,+21.6,+22.0,+21.8,+21.8
2023-07-15 17:05,1,+0.9,+16.4,+26.8,+14.0,+6.7,+20.2,+22.5,+22.0,+21.6,+21.6,+22.0,+21.8,+21.8
2023-07-15 18:05,1,+3.6,+21.2,+28.8,+14.4,+6.7,+20.2,+21.8,+22.0,+21.6,+21.6,+21.8,+21.8,+21.8
2023-07-15 19:05,1,+4.4,+22.7,+32.7,+15.8,+6.7,+20.1,+21.3,+21.8,+21.7,+21.6,+22.0,+21.8,+21.8
2023-07-15 20:05,1,+3.5,+21.3,+32.1,+16.6,+7.2,+20.2,+20.7,+21.7,+21.6,+21.5,+21.8,+21.7,+21.8
2023-07-15 21:05,1,+2.7,+19.4,+29.9,+15.5,+7.6,+21.1,+21.0,+21.7,+21.7,+21.5,+21.8,+21.7,+21.7
2023-07-15 22:05,1,+2.5,+19.0,+29.3,+15.0,+7.4,+21.1,+21.0,+21.7,+21.7,+21.5,+21.8,+21.7,+21.8
2023-07-15 23:05,1,+2.4,+18.7,+29.1,+14.9,+7.4,+21.0,+21.0,+21.6,+21.7,+21.5,+21.8,+21.8,+21.8
2023-07-16 00:05,1,+2.3,+18.6,+28.9,+14.8,+7.3,+21.0,+20.8,+21.6,+21.7,+21.5,+21.8,+21.7,+21.8
2023-07-16 01:05,1,+2.2,+18.5,+28.8,+14.7,+7.3,+20.9,+20.8,+21.6,+21.6,+21.6,+21.8,+21.7,+21.7
2023-07-16 02:05,1,+2.2,+18.3,+28.6,+14.5,+7.2,+20.8,+20.8,+21.5,+21.6,+21.6,+21.8,+21.8,+21.7
2023-07-16 03:05,1,+2.1,+18.3,+28.5,+14.5,+7.2,+20.8,+20.8,+21.5,+21.6,+21.6,+21.8,+21.8,+21.7
2023-07-16 04:05,1,+2.1,+18.2,+28.4,+14.5,+7.1,+20.7,+20.7,+21.5,+21.6,+21.6,+21.8,+21.8,+21.8
2023-07-16 05:05,1,+2.3,+18.3,+28.4,+14.6,+7.2,+20.7,+20.8,+21.5,+21.5,+21.6,+21.8,+21.8,+21.7
2023-07-16 06:05,1,+2.4,+18.6,+28.7,+14.6,+7.1,+20.7,+20.7,+21.5,+21.5,+21.5,+21.8,+21.8,+21.8
2023-07-16 07:05,1,+2.4,+18.6,+28.9,+14.6,+7.1,+20.7,+20.7,+21.3,+21.5,+21.5,+21.8,+21.8,+21.7
2023-07-16 08:05,1,+2.5,+18.7,+29.0,+14.5,+7.1,+20.7,+20.7,+21.3,+21.5,+21.5,+21.8,+21.7,+21.8
2023-07-16 09:05,1,+2.7,+19.0,+29.4,+14.6,+7.1,+20.7,+20.7,+21.3,+21.5,+21.5,+21.8,+21.8,+21.7
2023-07-16 10:05,1,+2.8,+19.1,+29.7,+14.8,+7.2,+20.7,+20.8,+21.3,+21.5,+21.5,+21.8,+21.8,+21.7
2023-07-16 11:05,1,+2.6,+18.9,+29.6,+15.0,+7.3,+20.7,+21.0,+21.3,+21.3,+21.5,+21.8,+21.7,+21.7
2023-07-16 12:05,1,+2.9,+18.9,+29.4,+14.9,+7.3,+20.8,+21.0,+21.3,+21.5,+21.5,+21.8,+21.7,+21.7
2023-07-16 13:05,1,+2.8,+19.1,+29.8,+15.1,+7.4,+20.9,+21.0,+21.2,+21.3,+21.5,+21.8,+21.7,+21.7
2023-07-16 14:05,1,+2.6,+18.9,+29.5,+15.0,+7.4,+20.9,+21.1,+21.2,+21.3,+21.3,+21.8,+21.7,+21.7
2023-07-16 15:05,1,+2.4,+18.7,+29.3,+14.9,+7.4,+20.9,+21.2,+21.2,+21.3,+21.3,+21.8,+21.7,+21.7
2023-07-16 16:05,1,+2.3,+18.5,+29.0,+14.9,+7.4,+21.0,+21.2,+21.3,+21.3,+21.3,+21.8,+21.7,+21.7
2023-07-16 17:05,1,+2.3,+18.4,+28.9,+14.8,+7.4,+20.9,+21.1,+21.3,+21.3,+21.5,+21.7,+21.7,+21.7
2023-07-16 18:05,1,+2.9,+18.8,+29.1,+14.8,+7.3,+20.9,+21.0,+21.3,+21.3,+21.3,+21.7,+21.7,+21.7
2023-07-16 19:05,1,+2.7,+18.8,+29.2,+14.9,+7.3,+20.9,+20.7,+21.3,+21.3,+21.3,+21.8,+21.7,+21.7
2023-07-16 20:05,1,+2.6,+18.6,+29.1,+14.7,+7.3,+20.8,+20.6,+21.3,+21.3,+21.3,+21.7,+21.7,+21.7
2023-07-16 21:05,1,+2.5,+18.5,+28.9,+14.8,+7.3,+20.9,+20.6,+21.3,+21.3,+21.3,+21.7,+21.7,+21.7
2023-07-16 22:05,1,+2.5,+18.4,+28.8,+14.7,+7.3,+20.8,+20.5,+21.2,+21.3,+21.3,+21.7,+21.7,+21.7
2023-07-16 23:05,1,+2.4,+18.3,+28.7,+14.7,+7.3,+20.8,+20.3,+21.2,+21.3,+21.3,+21.8,+21.7,+21.7
2023-07-17 00:05,1,+2.4,+18.3,+28.6,+14.7,+7.3,+20.8,+20.3,+21.2,+21.3,+21.3,+21.8,+21.7,+21.7
2023-07-17 01:05,1,+2.4,+18.2,+28.5,+14.6,+7.2,+20.8,+20.3,+21.1,+21.2,+21.3,+21.7,+21.7,+21.7
2023-07-17 02:05,1,+2.4,+18.2,+28.4,+14.7,+7.3,+20.8,+20.2,+21.1,+21.2,+21.3,+21.7,+21.7,+21.7
2023-07-17 03:05,1,+2.4,+18.2,+28.4,+14.5,+7.2,+20.7,+20.2,+21.1,+21.2,+21.3,+21.7,+21.7,+21.7
2023-07-17 04:05,1,+2.4,+18.1,+28.4,+14.5,+7.2,+20.7,+20.2,+21.1,+21.2,+21.3,+21.7,+21.7,+21.7
2023-07-17 05:05,1,+2.3,+18.1,+28.3,+14.5,+7.2,+20.7,+20.2,+21.0,+21.2,+21.2,+21.7,+21.7,+21.7
2023-07-17 06:05,1,+2.3,+18.1,+28.3,+14.6,+7.2,+20.7,+20.2,+21.0,+21.2,+21.3,+21.8,+21.7,+21.6
2023-07-17 07:05,1,+2.3,+18.0,+28.2,+14.5,+7.2,+20.7,+20.2,+21.0,+21.2,+21.3,+21.7,+21.7,+21.7
2023-07-17 08:05,1,+2.3,+18.0,+28.2,+14.4,+7.2,+20.7,+20.5,+21.0,+21.2,+21.3,+21.7,+21.7,+21.7
2023-07-17 09:05,1,+2.3,+18.0,+28.2,+14.4,+7.1,+20.7,+20.7,+21.0,+21.1,+21.3,+21.7,+21.7,+21.7
2023-07-17 10:05,1,+2.7,+17.9,+28.1,+14.5,+7.2,+20.7,+21.3,+21.1,+21.2,+21.3,+21.7,+21.7,+21.7
2023-07-17 11:05,1,+2.5,+17.9,+28.1,+14.4,+7.1,+20.7,+21.6,+21.1,+21.2,+21.3,+21.7,+21.7,+21.7
2023-07-17 12:05,1,+2.5,+17.9,+28.0,+14.4,+7.1,+20.6,+21.7,+21.2,+21.2,+21.3,+21.7,+21.7,+21.7
2023-07-17 13:05,1,+2.4,+17.8,+28.0,+14.4,+7.1,+20.6,+22.0,+21.3,+21.2,+21.2,+21.7,+21.7,+21.7
2023-07-17 14:05,1,+2.4,+17.8,+27.9,+14.5,+7.2,+20.7,+21.8,+21.3,+21.2,+21.2,+21.7,+21.7,+21.7
2023-07-17 15:05,1,+10.3,+31.3,+37.9,+16.4,+7.1,+20.6,+21.1,+21.5,+21.2,+21.1,+21.6,+21.7,+21.6
2023-07-17 16:05,1,+4.3,+21.2,+32.1,+16.8,+7.8,+20.9,+20.8,+21.5,+21.2,+21.2,+21.5,+21.6,+21.7
2023-07-17 17:05,1,+3.9,+20.2,+30.4,+15.6,+7.8,+21.4,+20.7,+21.3,+21.3,+21.1,+21.5,+21.5,+21.7
2023-07-17 18:05,1,+3.9,+20.1,+30.2,+15.4,+7.7,+21.4,+20.6,+21.3,+21.2,+21.1,+21.5,+21.5,+21.6
2023-07-17 19:05,1,+3.6,+19.8,+29.9,+15.3,+7.7,+21.3,+20.5,+21.2,+21.2,+21.2,+21.6,+21.5,+21.6
2023-07-17 20:05,1,+3.5,+19.5,+29.6,+15.2,+7.7,+21.3,+20.3,+21.2,+21.2,+21.2,+21.6,+21.5,+21.6
2023-07-17 21:05,1,+3.4,+19.3,+29.4,+15.1,+7.6,+21.3,+20.3,+21.1,+21.2,+21.2,+21.5,+21.5,+21.6
2023-07-17 22:05,1,+3.3,+19.1,+29.2,+15.0,+7.6,+21.2,+20.3,+21.1,+21.2,+21.1,+21.6,+21.5,+21.6
2023-07-17 23:05,1,+3.2,+19.0,+29.1,+15.0,+7.5,+21.1,+20.2,+21.0,+21.2,+21.1,+21.6,+21.5,+21.6
2023-07-18 00:05,1,+3.2,+18.9,+29.0,+14.8,+7.5,+21.0,+20.2,+21.0,+21.2,+21.2,+21.5,+21.5,+21.6
2023-07-18 01:05,1,+3.2,+18.8,+28.9,+14.9,+7.5,+21.0,+20.2,+21.0,+21.1,+21.2,+21.5,+21.5,+21.6
2023-07-18 02:05,1,+3.1,+18.8,+28.8,+14.7,+7.4,+21.0,+20.2,+21.0,+21.1,+21.2,+21.6,+21.6,+21.6
2023-07-18 03:05,1,+3.1,+18.7,+28.7,+14.8,+7.5,+21.0,+20.1,+20.8,+21.1,+21.1,+21.5,+21.5,+21.6
2023-07-18 04:05,1,+3.2,+18.7,+28.7,+14.7,+7.4,+20.9,+20.2,+21.0,+21.1,+21.2,+21.6,+21.5,+21.6
2023-07-18 05:05,1,+3.2,+18.7,+28.6,+14.8,+7.4,+20.9,+20.1,+20.8,+21.1,+21.1,+21.6,+21.5,+21.6
2023-07-18 06:05,1,+3.2,+18.7,+28.6,+14.7,+7.4,+20.9,+20.0,+20.8,+21.0,+21.1,+21.5,+21.5,+21.6
2023-07-18 07:05,1,+3.2,+18.7,+28.6,+14.6,+7.4,+20.9,+20.1,+20.8,+21.0,+21.1,+21.6,+21.5,+21.6
2023-07-18 08:05,1,+3.2,+18.7,+28.6,+14.6,+7.3,+20.8,+20.1,+20.8,+21.0,+21.1,+21.6,+21.5,+21.6
2023-07-18 09:05,1,+3.2,+18.6,+28.6,+14.6,+7.3,+20.8,+20.1,+20.7,+21.0,+21.2,+21.6,+21.6,+21.6
2023-07-18 10:05,1,+3.2,+18.6,+28.5,+14.7,+7.4,+20.9,+20.2,+20.7,+21.0,+21.1,+21.5,+21.5,+21.6
2023-07-18 11:05,1,+3.4,+18.6,+28.5,+14.7,+7.4,+20.8,+20.5,+20.8,+21.0,+21.1,+21.6,+21.5,+21.6
2023-07-18 12:05,1,+3.4,+18.8,+28.6,+14.7,+7.4,+20.8,+20.8,+20.8,+21.0,+21.1,+21.5,+21.5,+21.6
2023-07-18 13:05,1,+3.3,+18.8,+28.7,+14.7,+7.3,+20.8,+21.2,+20.8,+21.0,+21.1,+21.5,+21.5,+21.5
2023-07-18 14:05,1,+3.2,+18.8,+28.7,+14.6,+7.3,+20.8,+21.3,+21.0,+21.0,+21.1,+21.5,+21.5,+21.6
2023-07-18 15:05,1,+3.4,+18.7,+28.7,+14.7,+7.3,+20.8,+21.3,+21.1,+21.0,+21.1,+21.5,+21.5,+21.6
2023-07-18 16:05,1,+3.6,+18.6,+28.7,+14.7,+7.3,+20.8,+21.2,+21.1,+21.0,+21.1,+21.5,+21.5,+21.5
2023-07-18 17:05,1,+3.6,+18.6,+28.6,+14.7,+7.3,+20.8,+21.1,+21.1,+21.0,+21.1,+21.6,+21.5,+21.6
2023-07-18 18:05,1,+3.7,+18.5,+28.6,+14.7,+7.3,+20.8,+21.0,+21.2,+21.0,+21.1,+21.6,+21.5,+21.5
2023-07-18 19:05,1,+3.7,+18.5,+28.5,+14.7,+7.3,+20.8,+20.8,+21.1,+21.1,+21.1,+21.5,+21.5,+21.6
2023-07-18 20:05,1,+3.7,+18.5,+28.5,+14.7,+7.3,+20.8,+20.7,+21.2,+21.1,+21.1,+21.5,+21.5,+21.6
2023-07-18 21:05,1,+3.9,+18.5,+28.4,+14.7,+7.3,+20.8,+20.7,+21.1,+21.1,+21.1,+21.6,+21.5,+21.5
2023-07-18 22:05,1,+4.2,+18.8,+28.4,+14.7,+7.3,+20.8,+20.6,+21.1,+21.1,+21.1,+21.6,+21.5,+21.5
2023-07-18 23:05,1,+4.1,+19.2,+28.7,+14.7,+7.3,+20.7,+20.6,+21.1,+21.1,+21.1,+21.5,+21.5,+21.5
2023-07-19 00:05,1,+4.1,+19.2,+29.0,+14.6,+7.3,+20.7,+20.5,+21.1,+21.1,+21.1,+21.5,+21.5,+21.5
2023-07-19 01:05,1,+4.2,+19.3,+29.1,+14.7,+7.3,+20.8,+20.3,+21.1,+21.1,+21.1,+21.6,+21.5,+21.5
2023-07-19 02:05,1,+4.2,+19.3,+29.3,+14.8,+7.3,+20.8,+20.3,+21.0,+21.1,+21.1,+21.5,+21.5,+21.5
2023-07-19 03:05,1,+4.2,+19.3,+29.3,+14.7,+7.3,+20.7,+20.3,+21.0,+21.1,+21.1,+21.5,+21.5,+21.5
2023-07-19 04:05,1,+4.2,+19.4,+29.3,+14.7,+7.3,+20.7,+20.3,+21.0,+21.1,+21.1,+21.5,+21.5,+21.5
2023-07-19 05:05,1,+4.2,+19.0,+29.2,+14.8,+7.4,+20.8,+20.2,+21.0,+21.0,+21.1,+21.5,+21.5,+21.5
2023-07-19 06:05,1,+4.3,+18.9,+29.1,+14.7,+7.4,+20.8,+20.2,+20.8,+21.1,+21.1,+21.5,+21.5,+21.6
2023-07-19 07:05,1,+4.2,+18.8,+29.1,+14.8,+7.4,+20.8,+20.2,+20.8,+21.1,+21.1,+21.5,+21.5,+21.5
2023-07-19 08:05,1,+4.2,+18.8,+29.0,+14.8,+7.4,+20.8,+20.3,+20.8,+21.0,+21.1,+21.5,+21.5,+21.5
2023-07-19 09:05,1,+4.2,+18.8,+29.0,+14.7,+7.4,+20.8,+20.5,+20.8,+21.0,+21.1,+21.5,+21.5,+21.5
2023-07-19 10:05,1,+4.1,+18.7,+29.0,+14.7,+7.4,+20.8,+20.7,+20.8,+21.0,+21.1,+21.5,+21.5,+21.5
2023-07-19 11:05,1,+4.2,+18.7,+28.9,+14.8,+7.4,+20.8,+21.1,+21.0,+21.0,+21.1,+21.5,+21.5,+21.5
2023-07-19 12:05,1,+4.1,+18.7,+28.9,+14.7,+7.4,+20.8,+21.2,+21.0,+21.0,+21.1,+21.5,+21.5,+21.5
2023-07-19 13:05,1,+4.0,+18.6,+28.8,+14.8,+7.4,+20.8,+21.3,+21.1,+21.0,+21.1,+21.5,+21.5,+21.5
2023-07-19 14:05,1,+4.0,+18.6,+28.8,+14.7,+7.4,+20.8,+21.5,+21.1,+21.0,+21.1,+21.5,+21.5,+21.5
2023-07-19 15:05,1,+4.0,+18.5,+28.7,+14.8,+7.4,+20.8,+21.6,+21.1,+21.0,+21.1,+21.5,+21.5,+21.5
2023-07-19 16:05,1,+3.9,+18.5,+28.7,+14.8,+7.4,+20.8,+21.6,+21.2,+21.0,+21.1,+21.5,+21.5,+21.5
2023-07-19 17:05,1,+3.9,+18.5,+28.6,+14.8,+7.4,+20.8,+21.5,+21.2,+21.1,+21.1,+21.5,+21.5,+21.5
2023-07-19 18:05,1,+3.9,+18.4,+28.6,+14.8,+7.4,+20.8,+21.3,+21.3,+21.1,+21.1,+21.5,+21.5,+21.5
2023-07-19 19:05,1,+3.9,+18.4,+28.5,+14.7,+7.4,+20.8,+21.2,+21.3,+21.1,+21.1,+21.5,+21.5,+21.5
2023-07-19 20:05,1,+3.9,+18.4,+28.5,+14.7,+7.4,+20.8,+21.1,+21.3,+21.1,+21.1,+21.5,+21.5,+21.5
2023-07-19 21:05,1,+3.9,+18.4,+28.4,+14.7,+7.4,+20.8,+21.1,+21.3,+21.1,+21.1,+21.5,+21.5,+21.5
2023-07-19 22:05,1,+3.9,+18.3,+28.4,+14.6,+7.4,+20.8,+21.0,+21.3,+21.1,+21.1,+21.6,+21.5,+21.5
2023-07-19 23:05,1,+3.9,+18.3,+28.4,+14.7,+7.4,+20.8,+21.0,+21.3,+21.1,+21.1,+21.5,+21.5,+21.5
2023-07-20 00:05,1,+3.9,+18.3,+28.4,+14.7,+7.4,+20.8,+20.8,+21.2,+21.1,+21.1,+21.5,+21.5,+21.5
2023-07-20 01:05,1,+4.0,+18.3,+28.3,+14.7,+7.4,+20.8,+20.8,+21.3,+21.1,+21.1,+21.5,+21.5,+21.5
2023-07-20 02:05,1,+4.2,+18.3,+28.3,+14.7,+7.4,+20.8,+20.8,+21.2,+21.2,+21.1,+21.5,+21.5,+21.5
2023-07-20 03:05,1,+5.7,+18.6,+28.3,+14.6,+7.4,+20.8,+20.7,+21.2,+21.2,+21.1,+21.5,+21.5,+21.5
2023-07-20 04:05,1,+5.2,+19.3,+29.0,+14.8,+7.4,+20.8,+20.7,+21.1,+21.2,+21.1,+21.5,+21.5,+21.5
2023-07-20 05:05,1,+5.1,+19.4,+29.6,+15.0,+7.5,+20.8,+20.7,+21.2,+21.1,+21.1,+21.5,+21.5,+21.5
2023-07-20 06:05,1,+4.9,+19.4,+29.8,+15.1,+7.5,+20.8,+20.6,+21.2,+21.2,+21.1,+21.5,+21.5,+21.5
2023-07-20 07:05,1,+4.8,+19.4,+29.8,+15.2,+7.5,+20.8,+20.7,+21.1,+21.2,+21.1,+21.5,+21.5,+21.5
2023-07-20 08:05,1,+5.0,+19.5,+29.9,+15.1,+7.5,+20.8,+20.6,+21.1,+21.1,+21.1,+21.5,+21.5,+21.5
2023-07-20 09:05,1,+5.3,+19.6,+30.0,+15.2,+7.6,+20.9,+20.7,+21.1,+21.1,+21.1,+21.5,+21.5,+21.5
2023-07-20 10:05,1,+5.1,+19.6,+30.1,+15.3,+7.6,+20.9,+21.0,+21.1,+21.1,+21.1,+21.5,+21.5,+21.5
2023-07-20 11:05,1,+5.2,+19.5,+30.0,+15.3,+7.7,+21.0,+21.2,+21.1,+21.1,+21.1,+21.5,+21.5,+21.5
2023-07-20 12:05,1,+6.9,+19.8,+30.1,+15.3,+7.7,+21.0,+21.5,+21.2,+21.1,+21.1,+21.5,+21.5,+21.5
2023-07-20 13:05,1,+6.5,+20.7,+31.0,+16.1,+7.9,+21.1,+21.5,+21.2,+21.1,+21.1,+21.5,+21.5,+21.5
2023-07-20 14:05,1,+5.5,+19.9,+30.3,+15.9,+8.1,+21.4,+21.6,+21.2,+21.1,+21.1,+21.5,+21.5,+21.5
2023-07-20 15:05,1,+5.2,+19.6,+29.8,+15.6,+8.0,+21.5,+21.7,+21.3,+21.1,+21.1,+21.5,+21.3,+21.5
2023-07-20 16:05,1,+5.3,+19.5,+29.7,+15.6,+8.0,+21.6,+21.7,+21.5,+21.1,+21.1,+21.5,+21.3,+21.3
2023-07-20 17:05,1,+5.2,+19.5,+29.7,+15.4,+7.9,+21.5,+21.5,+21.5,+21.1,+21.1,+21.5,+21.3,+21.3
2023-07-20 18:05,1,+5.1,+19.4,+29.5,+15.4,+8.0,+21.5,+21.5,+21.5,+21.2,+21.1,+21.3,+21.3,+21.5
2023-07-20 19:05,1,+5.0,+19.3,+29.5,+15.3,+7.9,+21.4,+21.3,+21.5,+21.2,+21.1,+21.5,+21.3,+21.3
2023-07-20 20:05,1,+5.0,+19.3,+29.4,+15.3,+7.9,+21.4,+21.2,+21.5,+21.2,+21.1,+21.5,+21.3,+21.5
2023-07-20 21:05,1,+5.0,+19.2,+29.4,+15.2,+7.8,+21.4,+21.1,+21.5,+21.1,+21.1,+21.5,+21.3,+21.5
2023-07-20 22:05,1,+5.0,+19.2,+29.3,+15.3,+7.9,+21.4,+21.1,+21.3,+21.1,+21.1,+21.3,+21.3,+21.5
2023-07-20 23:05,1,+5.1,+19.1,+29.3,+15.2,+7.8,+21.3,+21.1,+21.5,+21.2,+21.1,+21.3,+21.3,+21.3
2023-07-21 00:05,1,+5.3,+19.3,+29.3,+15.1,+7.8,+21.3,+21.1,+21.5,+21.2,+21.1,+21.3,+21.3,+21.3
2023-07-21 01:05,1,+5.3,+19.4,+29.5,+15.2,+7.8,+21.3,+21.1,+21.3,+21.2,+21.1,+21.5,+21.3,+21.3
2023-07-21 02:05,1,+5.8,+19.6,+29.7,+15.2,+7.8,+21.3,+21.0,+21.3,+21.2,+21.1,+21.5,+21.3,+21.3
2023-07-21 03:05,1,+7.9,+20.1,+30.4,+15.5,+7.8,+21.3,+20.8,+21.3,+21.2,+21.1,+21.5,+21.3,+21.3
2023-07-21 04:05,1,+10.8,+27.2,+34.8,+16.9,+7.9,+21.4,+20.7,+21.2,+21.2,+21.1,+21.3,+21.3,+21.3
2023-07-21 05:05,1,+7.9,+21.9,+31.9,+16.5,+8.2,+21.6,+20.7,+21.2,+21.1,+21.1,+21.3,+21.3,+21.3
2023-07-21 06:05,1,+6.2,+21.1,+31.4,+16.4,+8.3,+21.9,+20.7,+21.2,+21.1,+21.1,+21.3,+21.3,+21.3
2023-07-21 07:05,1,+5.9,+20.4,+30.5,+16.0,+8.2,+21.9,+20.7,+21.2,+21.2,+21.1,+21.3,+21.3,+21.3
2023-07-21 08:05,1,+5.7,+20.2,+30.3,+15.6,+8.1,+21.7,+20.8,+21.2,+21.1,+21.1,+21.3,+21.3,+21.3
2023-07-21 09:05,1,+5.6,+20.0,+30.1,+15.5,+8.1,+21.7,+21.1,+21.2,+21.1,+21.1,+21.5,+21.3,+21.3
2023-07-21 10:05,1,+5.4,+19.8,+29.8,+15.4,+8.0,+21.6,+21.6,+21.2,+21.1,+21.1,+21.5,+21.3,+21.3
2023-07-21 11:05,1,+5.3,+19.6,+29.7,+15.3,+8.0,+21.5,+22.1,+21.3,+21.1,+21.1,+21.3,+21.3,+21.3
2023-07-21 12:05,1,+5.2,+19.5,+29.6,+15.4,+8.0,+21.5,+22.3,+21.5,+21.1,+21.1,+21.3,+21.3,+21.3
2023-07-21 13:05,1,+5.2,+19.4,+29.5,+15.2,+7.9,+21.4,+22.3,+21.5,+21.1,+21.1,+21.3,+21.3,+21.3
2023-07-21 14:05,1,+5.1,+19.3,+29.4,+15.2,+7.9,+21.4,+22.6,+21.6,+21.1,+21.1,+21.3,+21.3,+21.3
2023-07-21 15:05,1,+5.1,+19.3,+29.3,+15.2,+7.8,+21.4,+22.6,+21.7,+21.2,+21.1,+21.5,+21.3,+21.3
2023-07-21 16:05,1,+5.1,+19.2,+29.3,+15.1,+7.8,+21.4,+22.5,+21.8,+21.2,+21.1,+21.5,+21.3,+21.3
2023-07-21 17:05,1,+5.0,+19.1,+29.2,+15.1,+7.8,+21.3,+22.3,+21.8,+21.2,+21.1,+21.3,+21.3,+21.3
2023-07-21 18:05,1,+5.0,+19.1,+29.2,+15.2,+7.8,+21.3,+22.2,+21.8,+21.3,+21.1,+21.5,+21.3,+21.3
2023-07-21 19:05,1,+5.0,+19.1,+29.1,+15.2,+7.8,+21.3,+22.1,+21.8,+21.3,+21.1,+21.3,+21.3,+21.3
2023-07-21 20:05,1,+5.3,+19.1,+29.0,+15.1,+7.8,+21.3,+21.8,+21.8,+21.3,+21.1,+21.5,+21.3,+21.3
2023-07-21 21:05,1,+6.5,+21.5,+30.5,+15.2,+7.8,+21.2,+21.6,+21.8,+21.3,+21.1,+21.5,+21.3,+21.3
2023-07-21 22:05,1,+6.0,+20.7,+30.5,+15.4,+7.8,+21.2,+21.6,+21.8,+21.5,+21.2,+21.3,+21.3,+21.3
2023-07-21 23:05,1,+5.7,+20.3,+30.3,+15.5,+7.9,+21.3,+21.5,+21.8,+21.5,+21.1,+21.5,+21.3,+21.3
2023-07-22 00:05,1,+5.6,+20.0,+30.1,+15.5,+7.9,+21.3,+21.5,+21.8,+21.5,+21.2,+21.3,+21.3,+21.3
2023-07-22 01:05,1,+5.4,+19.9,+29.9,+15.3,+7.8,+21.3,+21.3,+21.7,+21.5,+21.1,+21.5,+21.3,+21.3
2023-07-22 02:05,1,+5.5,+19.8,+29.8,+15.4,+7.9,+21.3,+21.3,+21.7,+21.5,+21.2,+21.5,+21.3,+21.3
2023-07-22 03:05,1,+5.3,+19.7,+29.7,+15.2,+7.8,+21.3,+21.2,+21.7,+21.5,+21.2,+21.5,+21.3,+21.3
2023-07-22 04:05,1,+5.2,+19.6,+29.6,+15.3,+7.9,+21.3,+21.2,+21.7,+21.5,+21.2,+21.5,+21.3,+21.3
2023-07-22 05:05,1,+5.2,+19.5,+29.5,+15.2,+7.8,+21.3,+21.1,+21.6,+21.5,+21.2,+21.5,+21.3,+21.3
2023-07-22 06:05,1,+5.2,+19.4,+29.5,+15.3,+7.9,+21.3,+21.1,+21.6,+21.5,+21.2,+21.5,+21.3,+21.3
2023-07-22 07:05,1,+5.2,+19.4,+29.4,+15.2,+7.8,+21.3,+21.2,+21.6,+21.5,+21.2,+21.5,+21.3,+21.3
2023-07-22 08:05,1,+5.1,+19.3,+29.3,+15.2,+7.8,+21.3,+21.5,+21.6,+21.5,+21.2,+21.5,+21.3,+21.3
2023-07-22 09:05,1,+5.1,+19.3,+29.3,+15.1,+7.8,+21.3,+21.6,+21.6,+21.5,+21.2,+21.5,+21.5,+21.3
2023-07-22 10:05,1,+5.1,+19.2,+29.2,+15.2,+7.8,+21.3,+21.7,+21.7,+21.5,+21.2,+21.5,+21.5,+21.3
2023-07-22 11:05,1,+5.1,+19.2,+29.2,+15.1,+7.8,+21.2,+21.7,+21.7,+21.5,+21.2,+21.5,+21.3,+21.3
2023-07-22 12:05,1,+5.3,+19.2,+29.1,+15.2,+7.8,+21.3,+21.8,+21.7,+21.5,+21.2,+21.6,+21.5,+21.3
2023-07-22 13:05,1,+5.4,+19.1,+29.1,+15.1,+7.8,+21.2,+22.1,+21.7,+21.5,+21.2,+21.5,+21.3,+21.3
2023-07-22 14:05,1,+5.4,+19.1,+29.0,+15.2,+7.8,+21.2,+22.2,+21.8,+21.5,+21.2,+21.5,+21.5,+21.3
2023-07-22 15:05,1,+5.6,+19.0,+29.0,+15.0,+7.8,+21.2,+22.2,+21.8,+21.5,+21.2,+21.5,+21.5,+21.3
2023-07-22 16:05,1,+5.7,+19.0,+28.9,+15.2,+7.8,+21.2,+22.3,+22.0,+21.5,+21.3,+21.5,+21.5,+21.3
2023-07-22 17:05,1,+5.6,+19.0,+28.9,+15.0,+7.8,+21.2,+22.2,+22.0,+21.5,+21.2,+21.6,+21.5,+21.3
2023-07-22 18:05,1,+5.6,+18.9,+28.8,+15.1,+7.8,+21.2,+22.1,+22.0,+21.5,+21.2,+21.6,+21.3,+21.3
2023-07-22 19:05,1,+5.7,+19.5,+28.8,+15.1,+7.8,+21.2,+21.8,+22.0,+21.5,+21.3,+21.5,+21.5,+21.3
2023-07-22 20:05,1,+5.7,+19.3,+28.8,+15.1,+7.8,+21.2,+21.7,+22.0,+21.6,+21.2,+21.6,+21.5,+21.3
2023-07-22 21:05,1,+5.7,+19.4,+28.7,+15.0,+7.8,+21.2,+21.6,+21.8,+21.6,+21.3,+21.6,+21.5,+21.3
2023-07-22 22:05,1,+5.7,+19.4,+28.7,+15.0,+7.7,+21.1,+21.6,+21.8,+21.6,+21.3,+21.6,+21.5,+21.3
2023-07-22 23:05,1,+5.8,+19.9,+28.7,+15.1,+7.8,+21.2,+21.5,+21.8,+21.6,+21.3,+21.6,+21.5,+21.3
2023-07-23 00:05,1,+5.8,+19.1,+28.7,+15.0,+7.7,+21.1,+21.3,+21.8,+21.6,+21.3,+21.5,+21.5,+21.3
2023-07-23 01:05,1,+5.8,+19.4,+28.7,+15.0,+7.7,+21.1,+21.1,+21.8,+21.6,+21.3,+21.6,+21.5,+21.3
2023-07-23 02:05,1,+5.8,+19.3,+28.9,+15.1,+7.8,+21.1,+20.8,+21.7,+21.6,+21.3,+21.5,+21.5,+21.5
2023-07-23 03:05,1,+6.2,+19.4,+28.8,+15.1,+7.8,+21.1,+20.7,+21.7,+21.6,+21.3,+21.6,+21.5,+21.3
2023-07-23 04:05,1,+6.4,+19.5,+28.8,+15.1,+7.8,+21.1,+20.7,+21.7,+21.6,+21.3,+21.6,+21.5,+21.3
2023-07-23 05:05,1,+6.6,+19.6,+28.8,+15.0,+7.7,+21.1,+20.7,+21.6,+21.6,+21.3,+21.6,+21.5,+21.3
2023-07-23 06:05,1,+6.6,+19.6,+28.3,+15.1,+7.8,+21.1,+20.6,+21.5,+21.6,+21.3,+21.6,+21.5,+21.5
2023-07-23 07:05,1,+6.6,+19.1,+28.3,+15.1,+7.8,+21.1,+20.6,+21.5,+21.5,+21.3,+21.6,+21.5,+21.3
2023-07-23 08:05,1,+6.8,+19.1,+28.4,+15.0,+7.7,+21.1,+20.6,+21.5,+21.5,+21.3,+21.6,+21.5,+21.3
2023-07-23 09:05,1,+6.7,+19.1,+28.4,+15.1,+7.8,+21.1,+20.8,+21.3,+21.5,+21.5,+21.6,+21.5,+21.3
2023-07-23 10:05,1,+6.6,+19.1,+28.3,+15.0,+7.7,+21.1,+22.0,+21.5,+21.5,+21.3,+21.6,+21.5,+21.3
2023-07-23 11:05,1,+6.4,+19.1,+28.3,+15.0,+7.7,+21.1,+22.7,+21.5,+21.5,+21.3,+21.6,+21.5,+21.3
2023-07-23 12:05,1,+6.3,+19.0,+28.3,+14.9,+7.7,+21.1,+23.1,+21.7,+21.5,+21.3,+21.6,+21.5,+21.3
2023-07-23 13:05,1,+6.1,+19.1,+28.2,+15.0,+7.7,+21.1,+23.1,+21.8,+21.5,+21.3,+21.6,+21.5,+21.3
2023-07-23 14:05,1,+6.1,+18.7,+28.2,+15.0,+7.7,+21.1,+23.1,+22.0,+21.5,+21.3,+21.6,+21.5,+21.3
2023-07-23 15:05,1,+6.1,+18.7,+28.2,+15.0,+7.7,+21.1,+23.1,+22.1,+21.5,+21.3,+21.6,+21.5,+21.3
2023-07-23 16:05,1,+6.2,+18.6,+28.4,+14.9,+7.7,+21.1,+23.0,+22.2,+21.6,+21.3,+21.6,+21.6,+21.3
2023-07-23 17:05,1,+6.0,+18.3,+28.4,+15.0,+7.8,+21.1,+22.8,+22.2,+21.6,+21.3,+21.6,+21.6,+21.5
2023-07-23 18:05,1,+8.0,+18.5,+28.3,+15.0,+7.7,+21.1,+22.3,+22.2,+21.6,+21.3,+21.6,+21.5,+21.5
2023-07-23 19:05,1,+8.4,+19.5,+28.4,+14.9,+7.7,+21.1,+21.8,+22.2,+21.7,+21.3,+21.6,+21.5,+21.3
2023-07-23 20:05,1,+7.7,+19.8,+29.1,+15.0,+7.7,+21.0,+21.7,+22.2,+21.7,+21.5,+21.6,+21.5,+21.3
2023-07-23 21:05,1,+7.4,+19.8,+29.5,+15.2,+7.8,+21.1,+21.6,+22.1,+21.7,+21.3,+21.6,+21.5,+21.3
2023-07-23 22:05,1,+7.2,+19.7,+29.7,+15.2,+7.8,+21.1,+21.5,+22.1,+21.7,+21.3,+21.6,+21.5,+21.5
2023-07-23 23:05,1,+7.2,+19.7,+29.7,+15.3,+7.8,+21.1,+21.5,+22.0,+21.7,+21.5,+21.7,+21.5,+21.3
2023-07-24 00:05,1,+7.2,+19.7,+29.7,+15.3,+7.8,+21.1,+21.3,+22.0,+21.7,+21.5,+21.6,+21.5,+21.3
2023-07-24 01:05,1,+7.2,+19.6,+29.7,+15.2,+7.8,+21.1,+21.3,+21.8,+21.7,+21.5,+21.6,+21.5,+21.5
2023-07-24 02:05,1,+7.1,+19.6,+30.1,+15.3,+7.8,+21.1,+21.2,+21.8,+21.7,+21.5,+21.6,+21.6,+21.3
2023-07-24 03:05,1,+7.1,+19.6,+30.1,+15.2,+7.8,+21.1,+21.2,+21.8,+21.7,+21.5,+21.7,+21.6,+21.5
2023-07-24 04:05,1,+7.0,+19.0,+30.1,+15.2,+7.8,+21.1,+21.2,+21.8,+21.7,+21.3,+21.7,+21.6,+21.5
2023-07-24 05:05,1,+8.1,+19.1,+30.0,+15.3,+7.8,+21.1,+21.1,+21.7,+21.7,+21.5,+21.6,+21.5,+21.5
2023-07-24 06:05,1,+7.8,+19.5,+30.4,+15.2,+7.8,+21.1,+21.0,+21.7,+21.7,+21.5,+21.7,+21.5,+21.3
2023-07-24 07:05,1,+8.0,+19.8,+30.7,+15.3,+7.8,+21.1,+21.0,+21.6,+21.6,+21.5,+21.7,+21.6,+21.3
2023-07-24 08:05,1,+8.0,+19.9,+30.8,+15.4,+7.8,+21.1,+21.1,+21.6,+21.6,+21.5,+21.7,+21.6,+21.3
2023-07-24 09:05,1,+8.2,+20.2,+30.8,+15.4,+7.9,+21.1,+21.1,+21.6,+21.6,+21.5,+21.6,+21.5,+21.5
2023-07-24 10:05,1,+8.1,+20.2,+30.9,+15.5,+7.9,+21.1,+21.1,+21.6,+21.6,+21.5,+21.7,+21.6,+21.5
2023-07-24 11:05,1,+8.1,+20.2,+30.9,+15.5,+8.0,+21.2,+21.1,+21.6,+21.6,+21.5,+21.7,+21.5,+21.5
2023-07-24 12:05,1,+8.0,+20.1,+30.8,+15.6,+8.0,+21.3,+21.2,+21.6,+21.6,+21.5,+21.6,+21.6,+21.5
2023-07-24 13:05,1,+8.1,+20.0,+30.7,+15.6,+8.1,+21.3,+21.2,+21.6,+21.5,+21.5,+21.7,+21.6,+21.5
2023-07-24 14:05,1,+8.1,+19.9,+30.7,+15.4,+8.0,+21.3,+21.3,+21.6,+21.6,+21.5,+21.7,+21.6,+21.3
2023-07-24 15:05,1,+8.1,+19.9,+30.6,+15.6,+8.1,+21.4,+21.5,+21.6,+21.5,+21.5,+21.6,+21.6,+21.5
2023-07-24 16:05,1,+8.0,+19.8,+30.5,+15.5,+8.1,+21.4,+21.3,+21.6,+21.5,+21.5,+21.7,+21.6,+21.5
2023-07-24 17:05,1,+8.0,+19.7,+30.4,+15.4,+8.0,+21.4,+21.3,+21.6,+21.6,+21.5,+21.7,+21.6,+21.5
2023-07-24 18:05,1,+8.1,+19.8,+30.3,+15.4,+8.0,+21.4,+21.2,+21.7,+21.5,+21.5,+21.7,+21.6,+21.5
2023-07-24 19:05,1,+8.1,+19.8,+30.3,+15.4,+8.0,+21.4,+21.1,+21.6,+21.6,+21.5,+21.7,+21.6,+21.5
2023-07-24 20:05,1,+8.1,+19.8,+30.4,+15.5,+8.1,+21.4,+21.0,+21.6,+21.5,+21.3,+21.7,+21.6,+21.3
2023-07-24 21:05,1,+8.1,+19.8,+30.4,+15.4,+8.0,+21.4,+20.8,+21.6,+21.5,+21.5,+21.7,+21.6,+21.5
2023-07-24 22:05,1,+8.1,+19.8,+30.4,+15.4,+8.0,+21.4,+20.8,+21.5,+21.6,+21.3,+21.7,+21.6,+21.3
2023-07-24 23:05,1,+8.2,+19.7,+30.3,+15.5,+8.1,+21.4,+20.7,+21.5,+21.5,+21.3,+21.7,+21.6,+21.5
2023-07-25 00:05,1,+8.3,+19.7,+30.3,+15.5,+8.1,+21.4,+20.7,+21.5,+21.5,+21.5,+21.7,+21.6,+21.5
2023-07-25 01:05,1,+8.3,+19.7,+30.2,+15.5,+8.1,+21.4,+20.7,+21.3,+21.5,+21.3,+21.7,+21.6,+21.5
2023-07-25 02:05,1,+8.2,+19.7,+30.2,+15.4,+8.0,+21.4,+20.7,+21.3,+21.5,+21.3,+21.7,+21.6,+21.5
2023-07-25 03:05,1,+9.0,+20.3,+30.4,+15.5,+8.0,+21.4,+20.6,+21.3,+21.5,+21.3,+21.7,+21.6,+21.5
2023-07-25 04:05,1,+10.5,+20.6,+30.9,+15.5,+8.0,+21.4,+20.6,+21.3,+21.3,+21.3,+21.7,+21.6,+21.5
2023-07-25 05:05,1,+9.4,+20.7,+31.5,+15.9,+8.1,+21.4,+20.5,+21.2,+21.5,+21.3,+21.7,+21.6,+21.5
2023-07-25 06:05,1,+9.0,+20.6,+31.4,+15.9,+8.2,+21.4,+20.5,+21.2,+21.3,+21.3,+21.7,+21.6,+21.5
2023-07-25 07:05,1,+8.9,+20.3,+31.1,+16.0,+8.3,+21.5,+20.3,+21.2,+21.3,+21.3,+21.7,+21.6,+21.5
2023-07-25 08:05,1,+8.8,+20.2,+31.0,+15.9,+8.3,+21.6,+20.5,+21.2,+21.3,+21.3,+21.7,+21.5,+21.5
2023-07-25 09:05,1,+8.8,+20.3,+30.9,+15.9,+8.4,+21.6,+20.5,+21.1,+21.3,+21.3,+21.7,+21.6,+21.5
2023-07-25 10:05,1,+8.7,+20.6,+30.8,+15.8,+8.3,+21.7,+20.7,+21.1,+21.2,+21.3,+21.7,+21.6,+21.5
2023-07-25 11:05,1,+8.6,+20.6,+30.7,+15.8,+8.3,+21.7,+21.1,+21.1,+21.2,+21.3,+21.6,+21.6,+21.5
2023-07-25 12:05,1,+8.5,+20.5,+30.6,+15.8,+8.4,+21.7,+21.3,+21.2,+21.2,+21.3,+21.6,+21.6,+21.5
2023-07-25 13:05,1,+8.4,+20.4,+30.5,+15.8,+8.4,+21.7,+21.5,+21.2,+21.2,+21.3,+21.7,+21.6,+21.5
2023-07-25 14:05,1,+8.3,+20.3,+30.4,+15.7,+8.3,+21.7,+21.7,+21.3,+21.2,+21.3,+21.6,+21.6,+21.5
2023-07-25 15:05,1,+8.2,+20.4,+30.3,+15.6,+8.3,+21.7,+21.7,+21.3,+21.2,+21.3,+21.6,+21.6,+21.5
2023-07-25 16:05,1,+8.2,+20.5,+30.3,+15.6,+8.2,+21.7,+21.6,+21.5,+21.2,+21.3,+21.6,+21.5,+21.5
2023-07-25 17:05,1,+8.1,+20.7,+30.2,+15.5,+8.2,+21.7,+21.5,+21.5,+21.2,+21.2,+21.6,+21.5,+21.5
2023-07-25 18:05,1,+8.2,+20.6,+30.1,+15.6,+8.3,+21.7,+21.3,+21.5,+21.3,+21.2,+21.7,+21.5,+21.5
2023-07-25 19:05,1,+8.3,+20.3,+30.1,+15.5,+8.2,+21.6,+21.2,+21.5,+21.3,+21.2,+21.6,+21.6,+21.5
2023-07-25 20:05,1,+8.5,+19.9,+30.1,+15.6,+8.2,+21.6,+21.1,+21.5,+21.3,+21.2,+21.6,+21.5,+21.5
2023-07-25 21:05,1,+8.5,+19.8,+30.0,+15.4,+8.2,+21.6,+21.0,+21.5,+21.3,+21.2,+21.6,+21.6,+21.5
2023-07-25 22:05,1,+8.5,+19.8,+30.0,+15.4,+8.2,+21.6,+20.8,+21.3,+21.2,+21.2,+21.6,+21.5,+21.5
2023-07-25 23:05,1,+8.6,+19.7,+30.0,+15.4,+8.2,+21.6,+20.7,+21.3,+21.3,+21.3,+21.6,+21.6,+21.5
2023-07-26 00:05,1,+8.6,+19.7,+29.9,+15.4,+8.2,+21.5,+20.6,+21.3,+21.3,+21.2,+21.6,+21.5,+21.5
2023-07-26 01:05,1,+8.6,+19.8,+29.9,+15.5,+8.2,+21.6,+20.6,+21.2,+21.3,+21.2,+21.6,+21.5,+21.5
2023-07-26 02:05,1,+8.6,+20.0,+29.9,+15.4,+8.1,+21.5,+20.5,+21.2,+21.3,+21.3,+21.6,+21.5,+21.5
2023-07-26 03:05,1,+8.6,+20.2,+29.8,+15.5,+8.2,+21.5,+20.3,+21.2,+21.3,+21.2,+21.6,+21.5,+21.5
2023-07-26 04:05,1,+8.6,+20.1,+29.8,+15.4,+8.1,+21.5,+20.2,+21.2,+21.2,+21.2,+21.6,+21.6,+21.5
2023-07-26 05:05,1,+8.6,+20.0,+29.8,+15.5,+8.2,+21.5,+20.1,+21.1,+21.2,+21.2,+21.6,+21.6,+21.5
2023-07-26 06:05,1,+8.7,+20.0,+29.8,+15.4,+8.1,+21.5,+20.1,+21.1,+21.2,+21.2,+21.6,+21.5,+21.5
2023-07-26 07:05,1,+8.5,+20.0,+29.7,+15.4,+8.1,+21.5,+20.1,+21.1,+21.2,+21.2,+21.6,+21.5,+21.5
2023-07-26 08:05,1,+8.5,+20.0,+29.7,+15.5,+8.2,+21.5,+20.2,+21.0,+21.2,+21.2,+21.6,+21.5,+21.5
2023-07-26 09:05,1,+8.5,+19.9,+29.7,+15.4,+8.1,+21.5,+20.5,+21.0,+21.2,+21.2,+21.6,+21.6,+21.5
2023-07-26 10:05,1,+8.5,+19.9,+29.6,+15.3,+8.1,+21.5,+21.3,+21.1,+21.2,+21.2,+21.6,+21.5,+21.5