
2023-07-20 11:25,1,+17.7,+5.7,+7.8,+3.1,+24.8,+20.3,+19.7,+19.5,+19.6,+20.1,+20.0,+19.8,+20.0
2023-07-20 12:25,1,+20.8,+6.0,+7.9,+3.3,+24.9,+20.4,+19.8,+19.6,+19.6,+20.0,+19.8,+19.8,+20.0
2023-07-20 13:25,1,+18.5,+6.5,+8.4,+3.3,+25.0,+20.4,+20.0,+19.6,+19.6,+20.0,+19.8,+19.8,+20.0
2023-07-20 14:25,1,+17.5,+6.2,+8.3,+3.6,+25.4,+20.5,+20.0,+19.6,+19.6,+20.1,+19.8,+20.0,+20.0
2023-07-20 15:25,1,+17.1,+5.9,+8.3,+3.6,+25.6,+20.8,+20.0,+19.6,+19.6,+20.1,+19.8,+20.0,+20.0
2023-07-20 16:25,1,+17.1,+5.8,+8.2,+3.7,+25.7,+21.0,+20.0,+19.6,+19.6,+20.0,+19.8,+19.8,+20.0
2023-07-20 17:25,1,+16.9,+5.8,+8.1,+3.6,+25.7,+21.1,+20.0,+19.7,+19.6,+20.1,+19.8,+20.0,+20.0
2023-07-20 18:25,1,+16.8,+5.7,+8.1,+3.7,+25.7,+21.2,+20.0,+19.7,+19.6,+20.0,+19.8,+20.0,+20.0
2023-07-20 19:25,1,+16.8,+5.7,+8.1,+3.7,+25.7,+21.2,+20.0,+19.7,+19.6,+20.1,+19.8,+20.0,+20.0
2023-07-20 20:25,1,+16.7,+5.7,+8.1,+3.5,+25.6,+21.2,+19.8,+19.7,+19.6,+20.1,+19.8,+20.0,+20.0
2023-07-20 21:25,1,+16.7,+5.6,+8.0,+3.6,+25.6,+21.2,+20.0,+19.7,+19.7,+20.1,+19.8,+20.0,+20.0
2023-07-20 22:25,1,+16.7,+5.6,+8.0,+3.6,+25.6,+21.2,+19.8,+19.7,+19.7,+20.1,+19.8,+19.8,+20.0
2023-07-20 23:25,1,+16.8,+5.5,+8.0,+3.5,+25.5,+21.2,+20.0,+19.7,+19.6,+20.1,+19.8,+20.0,+20.0
2023-07-21 00:25,1,+17.1,+5.6,+8.0,+3.5,+25.5,+21.1,+20.0,+19.7,+19.7,+20.1,+19.8,+20.0,+20.0
2023-07-21 01:25,1,+17.2,+5.6,+8.0,+3.5,+25.5,+21.1,+20.0,+19.7,+19.7,+20.1,+19.8,+19.8,+20.0
2023-07-21 02:25,1,+17.8,+5.6,+8.0,+3.5,+25.5,+21.1,+20.0,+19.7,+19.7,+20.1,+19.8,+19.8,+20.0
2023-07-21 03:25,1,+19.1,+5.9,+8.0,+3.5,+25.5,+21.1,+20.0,+19.7,+19.7,+20.1,+19.8,+20.0,+20.0
2023-07-21 04:25,1,+20.3,+7.0,+8.3,+3.6,+25.5,+21.1,+20.0,+19.7,+19.7,+20.1,+19.8,+20.0,+20.0
2023-07-21 05:25,1,+20.3,+6.8,+8.5,+3.8,+25.8,+21.2,+20.0,+19.8,+19.7,+20.1,+19.8,+20.0,+20.0
2023-07-21 06:25,1,+18.7,+6.4,+8.5,+3.9,+26.1,+21.5,+20.0,+19.7,+19.8,+20.1,+19.8,+19.8,+20.0
2023-07-21 07:25,1,+18.0,+6.2,+8.4,+3.8,+26.1,+21.7,+20.0,+19.7,+19.7,+20.1,+19.8,+20.0,+20.0
2023-07-21 08:25,1,+17.7,+6.0,+8.4,+3.9,+26.1,+21.8,+20.0,+19.7,+19.7,+20.1,+20.0,+20.0,+20.1
2023-07-21 09:25,1,+17.5,+5.9,+8.3,+3.9,+26.0,+21.8,+20.1,+19.7,+19.7,+20.1,+20.0,+20.0,+20.0
2023-07-21 10:25,1,+17.3,+5.8,+8.2,+3.8,+26.0,+21.7,+20.1,+19.8,+19.7,+20.1,+19.8,+20.0,+20.0
2023-07-21 11:25,1,+17.1,+5.8,+8.2,+3.8,+26.0,+21.6,+20.2,+19.8,+19.7,+20.1,+20.0,+20.0,+20.0
2023-07-21 12:25,1,+17.0,+5.7,+8.1,+3.7,+25.9,+21.6,+20.2,+19.8,+19.8,+20.1,+20.0,+19.8,+20.1
2023-07-21 13:25,1,+16.9,+5.7,+8.1,+3.6,+25.8,+21.5,+20.3,+19.8,+19.8,+20.1,+20.0,+20.0,+20.0
2023-07-21 14:25,1,+17.0,+5.7,+8.1,+3.7,+25.8,+21.5,+20.5,+19.8,+19.7,+20.1,+20.0,+20.0,+20.0
2023-07-21 15:25,1,+17.0,+5.6,+8.1,+3.5,+25.7,+21.4,+20.5,+20.0,+19.8,+20.1,+20.0,+20.0,+20.0
2023-07-21 16:25,1,+17.1,+5.7,+8.0,+3.7,+25.7,+21.4,+20.5,+20.0,+19.7,+20.1,+20.0,+20.0,+20.0
2023-07-21 17:25,1,+17.1,+5.7,+8.0,+3.5,+25.7,+21.3,+20.5,+20.1,+19.8,+20.2,+19.8,+20.0,+20.0
2023-07-21 18:25,1,+17.0,+5.6,+8.0,+3.6,+25.7,+21.3,+20.5,+20.1,+19.8,+20.2,+19.8,+20.0,+20.0
2023-07-21 19:25,1,+17.0,+5.7,+8.0,+3.5,+25.6,+21.3,+20.3,+20.1,+19.8,+20.1,+20.0,+20.0,+20.0
2023-07-21 20:25,1,+20.1,+5.8,+8.0,+3.5,+25.5,+21.2,+20.3,+20.1,+19.8,+20.2,+19.8,+20.0,+20.0
2023-07-21 21:25,1,+19.0,+5.9,+8.0,+3.5,+25.5,+21.2,+20.3,+20.1,+20.0,+20.2,+20.0,+20.0,+20.0
2023-07-21 22:25,1,+18.4,+6.0,+8.0,+3.6,+25.5,+21.2,+20.3,+20.1,+20.0,+20.2,+20.0,+20.0,+20.1
2023-07-21 23:25,1,+18.0,+6.0,+8.0,+3.5,+25.5,+21.2,+20.3,+20.1,+19.8,+20.2,+20.0,+20.0,+20.0
2023-07-22 00:25,1,+18.0,+6.0,+8.0,+3.6,+25.5,+21.1,+20.2,+20.1,+20.0,+20.2,+20.0,+20.0,+20.0
2023-07-22 01:25,1,+17.8,+6.0,+8.0,+3.5,+25.5,+21.1,+20.2,+20.0,+20.0,+20.2,+20.0,+20.0,+20.1
2023-07-22 02:25,1,+17.7,+5.9,+8.0,+3.6,+25.5,+21.1,+20.1,+20.0,+20.0,+20.2,+20.0,+20.0,+20.0
2023-07-22 03:25,1,+17.7,+5.9,+8.0,+3.6,+25.5,+21.1,+20.1,+20.1,+20.0,+20.2,+20.0,+20.0,+20.0
2023-07-22 04:25,1,+17.6,+5.8,+8.1,+3.6,+25.5,+21.1,+20.1,+20.0,+20.0,+20.3,+20.0,+20.0,+20.0
2023-07-22 05:25,1,+17.6,+5.8,+8.1,+3.5,+25.5,+21.1,+20.1,+20.0,+20.0,+20.3,+20.0,+20.0,+20.1
2023-07-22 06:25,1,+17.6,+5.8,+8.1,+3.5,+25.5,+21.0,+20.1,+20.0,+20.0,+20.2,+20.0,+20.1,+20.0
2023-07-22 07:25,1,+17.5,+5.8,+8.1,+3.6,+25.5,+21.1,+20.0,+20.0,+20.0,+20.3,+20.0,+20.0,+20.0
2023-07-22 08:25,1,+17.4,+5.8,+8.1,+3.5,+25.5,+21.0,+20.1,+20.0,+19.8,+20.3,+20.0,+20.0,+20.1
2023-07-22 09:25,1,+17.4,+5.7,+8.1,+3.6,+25.5,+21.1,+20.1,+20.0,+20.0,+20.3,+20.0,+20.1,+20.1
2023-07-22 10:25,1,+17.4,+5.7,+8.1,+3.6,+25.5,+21.0,+20.2,+20.0,+20.0,+20.3,+20.0,+20.0,+20.0
2023-07-22 11:25,1,+17.4,+5.7,+8.1,+3.6,+25.5,+21.0,+20.1,+20.0,+20.0,+20.3,+20.0,+20.0,+20.1
2023-07-22 12:25,1,+17.3,+5.7,+8.0,+3.4,+25.4,+21.0,+20.2,+20.0,+20.0,+20.2,+20.0,+20.1,+20.1
2023-07-22 13:25,1,+17.3,+5.7,+8.0,+3.4,+25.4,+21.0,+20.2,+20.0,+20.0,+20.3,+20.0,+20.0,+20.1
2023-07-22 14:25,1,+17.5,+5.7,+8.0,+3.5,+25.4,+21.0,+20.3,+20.0,+20.0,+20.3,+20.1,+20.0,+20.1
2023-07-22 15:25,1,+17.5,+5.7,+8.0,+3.5,+25.4,+21.0,+20.3,+20.1,+20.0,+20.3,+20.0,+20.0,+20.1
2023-07-22 16:25,1,+17.4,+5.7,+8.0,+3.5,+25.4,+21.0,+20.3,+20.1,+20.0,+20.3,+20.0,+20.1,+20.1
2023-07-22 17:25,1,+17.6,+5.7,+8.0,+3.5,+25.4,+21.0,+20.3,+20.1,+20.0,+20.3,+20.0,+20.0,+20.1
2023-07-22 18:25,1,+17.6,+5.7,+8.0,+3.5,+25.4,+20.9,+20.3,+20.1,+20.0,+20.3,+20.0,+20.1,+20.1
2023-07-22 19:25,1,+17.6,+5.6,+8.0,+3.5,+25.4,+20.9,+20.2,+20.1,+20.0,+20.3,+20.0,+20.1,+20.1
2023-07-22 20:25,1,+17.6,+5.6,+8.0,+3.4,+25.3,+20.9,+20.2,+20.1,+20.0,+20.3,+20.0,+20.1,+20.1
2023-07-22 21:25,1,+17.6,+5.6,+8.0,+3.5,+25.4,+20.9,+20.2,+20.1,+20.0,+20.3,+20.1,+20.1,+20.1
2023-07-22 22:25,1,+17.6,+5.6,+8.0,+3.5,+25.4,+20.9,+20.1,+20.1,+20.0,+20.3,+20.1,+20.0,+20.1
2023-07-22 23:25,1,+17.6,+5.6,+8.0,+3.4,+25.3,+20.9,+20.1,+20.1,+20.0,+20.2,+20.1,+20.1,+20.1
2023-07-23 00:25,1,+17.7,+5.5,+8.0,+3.4,+25.3,+20.8,+19.8,+20.0,+20.0,+20.3,+20.1,+20.1,+20.1
2023-07-23 01:25,1,+17.7,+5.6,+8.0,+3.5,+25.3,+20.9,+19.6,+20.0,+20.0,+20.3,+20.1,+20.1,+20.1
2023-07-23 02:25,1,+17.7,+5.5,+7.9,+3.4,+25.3,+20.8,+19.5,+19.8,+20.0,+20.3,+20.1,+20.1,+20.1
2023-07-23 03:25,1,+17.7,+5.5,+8.0,+3.5,+25.3,+20.8,+19.5,+19.8,+20.0,+20.3,+20.1,+20.1,+20.1
2023-07-23 04:25,1,+17.8,+5.5,+7.9,+3.4,+25.3,+20.8,+19.5,+19.8,+20.0,+20.3,+20.1,+20.1,+20.1
2023-07-23 05:25,1,+17.7,+5.5,+7.9,+3.4,+25.3,+20.8,+19.3,+19.7,+20.0,+20.3,+20.1,+20.1,+20.1
2023-07-23 06:25,1,+17.8,+5.5,+7.9,+3.4,+25.2,+20.8,+19.1,+19.7,+19.8,+20.3,+20.1,+20.1,+20.1
2023-07-23 07:25,1,+17.8,+5.5,+7.9,+3.4,+25.2,+20.8,+19.1,+19.7,+20.0,+20.3,+20.1,+20.1,+20.1
2023-07-23 08:25,1,+17.8,+5.5,+7.9,+3.5,+25.3,+20.8,+19.0,+19.5,+20.0,+20.3,+20.1,+20.1,+20.1
2023-07-23 09:25,1,+17.8,+5.4,+7.9,+3.5,+25.3,+20.8,+19.1,+19.6,+20.0,+20.3,+20.1,+20.1,+20.1
2023-07-23 10:25,1,+17.7,+5.4,+7.8,+3.5,+25.2,+20.7,+19.2,+19.5,+19.8,+20.3,+20.1,+20.1,+20.1
2023-07-23 11:25,1,+17.7,+5.5,+7.8,+3.5,+25.2,+20.7,+19.3,+19.5,+19.8,+20.3,+20.1,+20.1,+20.1
2023-07-23 12:25,1,+17.7,+5.5,+7.8,+3.5,+25.2,+20.7,+19.6,+19.5,+19.7,+20.3,+20.1,+20.1,+20.1
2023-07-23 13:25,1,+17.8,+5.5,+7.8,+3.4,+25.2,+20.7,+19.6,+19.5,+19.7,+20.3,+20.1,+20.1,+20.1
2023-07-23 14:25,1,+17.8,+5.5,+7.8,+3.4,+25.2,+20.7,+19.7,+19.5,+19.7,+20.3,+20.1,+20.1,+20.1
2023-07-23 15:25,1,+18.0,+5.5,+7.8,+3.5,+25.2,+20.7,+19.8,+19.6,+19.7,+20.2,+20.1,+20.1,+20.1
2023-07-23 16:25,1,+18.1,+5.4,+7.8,+3.5,+25.2,+20.7,+20.0,+19.6,+19.7,+20.3,+20.1,+20.1,+20.1
2023-07-23 17:25,1,+18.1,+5.5,+7.8,+3.5,+25.2,+20.7,+20.0,+19.6,+19.7,+20.2,+20.1,+20.1,+20.1
2023-07-23 18:25,1,+20.6,+5.5,+7.8,+3.3,+25.1,+20.6,+19.7,+19.6,+19.7,+20.2,+20.1,+20.1,+20.1
2023-07-23 19:25,1,+21.3,+5.5,+7.8,+3.3,+25.1,+20.6,+19.6,+19.6,+19.7,+20.2,+20.1,+20.1,+20.1
2023-07-23 20:25,1,+20.8,+5.5,+7.8,+3.3,+25.1,+20.6,+19.6,+19.6,+19.7,+20.2,+20.1,+20.1,+20.1
2023-07-23 21:25,1,+20.5,+5.6,+7.8,+3.5,+25.1,+20.6,+19.6,+19.6,+19.7,+20.2,+20.1,+20.1,+20.1
2023-07-23 22:25,1,+20.3,+5.6,+7.9,+3.5,+25.1,+20.6,+19.6,+19.6,+19.7,+20.2,+20.1,+20.1,+20.1
2023-07-23 23:25,1,+20.1,+5.6,+7.8,+3.5,+25.1,+20.6,+19.5,+19.6,+19.7,+20.2,+20.0,+20.1,+20.1
2023-07-24 00:25,1,+20.0,+5.6,+7.8,+3.5,+25.1,+20.6,+19.5,+19.6,+19.7,+20.2,+20.1,+20.1,+20.1
2023-07-24 01:25,1,+19.9,+5.7,+7.8,+3.3,+25.1,+20.6,+19.5,+19.6,+19.7,+20.2,+20.1,+20.1,+20.1
2023-07-24 02:25,1,+19.9,+5.7,+7.8,+3.3,+25.1,+20.6,+19.5,+19.6,+19.7,+20.2,+20.1,+20.1,+20.1
2023-07-24 03:25,1,+19.8,+5.7,+7.8,+3.5,+25.1,+20.6,+19.5,+19.6,+19.7,+20.2,+20.0,+20.1,+20.1
2023-07-24 04:25,1,+19.9,+5.7,+7.8,+3.5,+25.1,+20.6,+19.5,+19.6,+19.7,+20.2,+20.1,+20.1,+20.1
2023-07-24 05:25,1,+23.7,+6.0,+7.9,+3.5,+25.1,+20.6,+19.6,+19.5,+19.7,+20.2,+20.1,+20.1,+20.1
2023-07-24 06:25,1,+22.7,+6.0,+7.9,+3.4,+25.1,+20.6,+19.5,+19.6,+19.7,+20.2,+20.1,+20.1,+20.1
2023-07-24 07:25,1,+22.6,+6.2,+7.9,+3.4,+25.1,+20.6,+19.6,+19.5,+19.7,+20.2,+20.1,+20.1,+20.1
2023-07-24 08:25,1,+22.1,+6.3,+7.9,+3.5,+25.1,+20.7,+19.6,+19.5,+19.7,+20.2,+20.0,+20.1,+20.1
2023-07-24 09:25,1,+22.9,+6.4,+7.9,+3.4,+25.1,+20.7,+19.6,+19.5,+19.7,+20.2,+20.1,+20.1,+20.1
2023-07-24 10:25,1,+22.4,+6.5,+8.0,+3.5,+25.1,+20.7,+19.6,+19.6,+19.7,+20.2,+20.0,+20.1,+20.1
2023-07-24 11:25,1,+21.6,+6.5,+8.1,+3.5,+25.1,+20.7,+19.6,+19.6,+19.7,+20.2,+20.1,+20.1,+20.1
2023-07-24 12:25,1,+21.2,+6.5,+8.1,+3.4,+25.1,+20.7,+19.6,+19.6,+19.7,+20.2,+20.0,+20.1,+20.1
2023-07-24 13:25,1,+20.9,+6.4,+8.2,+3.6,+25.2,+20.7,+19.5,+19.6,+19.7,+20.2,+20.0,+20.1,+20.1
2023-07-24 14:25,1,+20.7,+6.3,+8.2,+3.6,+25.1,+20.7,+19.5,+19.6,+19.7,+20.2,+20.1,+20.1,+20.1
2023-07-24 15:25,1,+20.5,+6.3,+8.2,+3.6,+25.2,+20.7,+19.5,+19.6,+19.7,+20.2,+20.1,+20.1,+20.1
2023-07-24 16:25,1,+20.4,+6.3,+8.2,+3.5,+25.1,+20.7,+19.5,+19.6,+19.7,+20.2,+20.0,+20.1,+20.1
2023-07-24 17:25,1,+21.2,+6.2,+8.2,+3.5,+25.2,+20.7,+19.5,+19.5,+19.7,+20.2,+20.0,+20.1,+20.2
2023-07-24 18:25,1,+20.7,+6.2,+8.2,+3.7,+25.2,+20.7,+19.6,+19.5,+19.7,+20.2,+20.1,+20.1,+20.1
2023-07-24 19:25,1,+20.6,+6.2,+8.2,+3.6,+25.2,+20.7,+19.5,+19.5,+19.7,+20.2,+20.0,+20.1,+20.1
2023-07-24 20:25,1,+20.8,+6.2,+8.2,+3.7,+25.3,+20.7,+19.3,+19.5,+19.6,+20.2,+20.1,+20.1,+20.1
2023-07-24 21:25,1,+20.2,+6.2,+8.2,+3.6,+25.3,+20.7,+19.3,+19.5,+19.6,+20.2,+20.0,+20.1,+20.1
2023-07-24 22:25,1,+20.2,+6.2,+8.2,+3.7,+25.3,+20.8,+19.2,+19.5,+19.7,+20.2,+20.1,+20.0,+20.1
2023-07-24 23:25,1,+20.2,+6.1,+8.2,+3.6,+25.3,+20.8,+19.2,+19.5,+19.6,+20.2,+20.0,+20.1,+20.1
2023-07-25 00:25,1,+20.2,+6.1,+8.2,+3.7,+25.3,+20.8,+19.2,+19.5,+19.7,+20.2,+20.0,+20.1,+20.1
2023-07-25 01:25,1,+20.2,+6.1,+8.2,+3.6,+25.3,+20.8,+19.3,+19.5,+19.6,+20.2,+20.0,+20.1,+20.1
2023-07-25 02:25,1,+22.0,+6.1,+8.2,+3.7,+25.4,+20.8,+19.3,+19.3,+19.6,+20.2,+20.0,+20.0,+20.1
2023-07-25 03:25,1,+23.3,+6.2,+8.2,+3.7,+25.3,+20.8,+19.3,+19.5,+19.6,+20.1,+20.0,+20.1,+20.1
2023-07-25 04:25,1,+27.2,+7.1,+8.3,+3.6,+25.3,+20.9,+19.3,+19.5,+19.6,+20.2,+20.0,+20.0,+20.1
2023-07-25 05:25,1,+23.5,+7.1,+8.4,+3.6,+25.3,+20.8,+19.2,+19.3,+19.6,+20.2,+20.0,+20.1,+20.1
2023-07-25 06:25,1,+22.4,+7.0,+8.6,+3.8,+25.4,+20.9,+19.2,+19.2,+19.6,+20.2,+20.0,+20.0,+20.1
2023-07-25 07:25,1,+22.0,+6.9,+8.6,+3.9,+25.4,+20.9,+19.2,+19.3,+19.5,+20.1,+20.0,+20.1,+20.1
2023-07-25 08:25,1,+21.8,+6.8,+8.6,+4.0,+25.5,+21.0,+19.2,+19.3,+19.6,+20.2,+20.0,+20.1,+20.1
2023-07-25 09:25,1,+21.9,+6.7,+8.6,+3.9,+25.6,+21.0,+19.2,+19.3,+19.6,+20.1,+20.0,+20.1,+20.1
2023-07-25 10:25,1,+21.7,+6.7,+8.6,+4.1,+25.7,+21.0,+19.1,+19.3,+19.6,+20.1,+20.0,+20.1,+20.1
2023-07-25 11:25,1,+21.4,+6.7,+8.6,+4.1,+25.7,+21.1,+19.2,+19.3,+19.6,+20.1,+20.0,+20.0,+20.1
2023-07-25 12:25,1,+21.2,+6.7,+8.6,+4.0,+25.8,+21.2,+19.1,+19.3,+19.6,+20.1,+20.0,+20.0,+20.1
2023-07-25 13:25,1,+20.9,+6.6,+8.6,+4.0,+25.8,+21.2,+19.1,+19.3,+19.5,+20.1,+20.0,+20.0,+20.1
2023-07-25 14:25,1,+20.8,+6.5,+8.5,+3.9,+25.8,+21.3,+19.2,+19.2,+19.6,+20.1,+20.0,+20.1,+20.1
2023-07-25 15:25,1,+20.7,+6.5,+8.5,+4.1,+25.9,+21.3,+19.2,+19.2,+19.5,+20.1,+20.0,+20.0,+20.1
2023-07-25 16:25,1,+20.7,+6.5,+8.5,+3.9,+25.8,+21.3,+19.2,+19.2,+19.5,+20.1,+20.0,+20.0,+20.1
2023-07-25 17:25,1,+20.6,+6.4,+8.5,+4.0,+25.9,+21.3,+19.3,+19.2,+19.5,+20.1,+20.0,+20.0,+20.1
2023-07-25 18:25,1,+20.6,+6.4,+8.5,+3.9,+25.8,+21.3,+19.3,+19.2,+19.5,+20.1,+20.0,+20.0,+20.1
2023-07-25 19:25,1,+20.5,+6.4,+8.5,+3.9,+25.8,+21.3,+19.3,+19.2,+19.5,+20.1,+20.0,+20.1,+20.1
2023-07-25 20:25,1,+20.3,+6.3,+8.4,+3.9,+25.8,+21.3,+19.3,+19.2,+19.5,+20.1,+20.0,+20.0,+20.1
2023-07-25 21:25,1,+20.3,+6.3,+8.4,+4.0,+25.8,+21.4,+19.3,+19.3,+19.5,+20.1,+20.0,+20.0,+20.1
2023-07-25 22:25,1,+20.2,+6.3,+8.4,+3.9,+25.8,+21.3,+19.1,+19.2,+19.5,+20.1,+19.8,+20.0,+20.1
2023-07-25 23:25,1,+20.1,+6.3,+8.4,+4.0,+25.8,+21.3,+19.1,+19.2,+19.5,+20.1,+20.0,+20.0,+20.2
2023-07-26 00:25,1,+20.2,+6.3,+8.4,+3.9,+25.8,+21.3,+19.1,+19.2,+19.5,+20.1,+20.0,+20.0,+20.1
2023-07-26 01:25,1,+19.9,+6.3,+8.4,+3.9,+25.7,+21.3,+19.0,+19.2,+19.5,+20.1,+20.0,+20.0,+20.1
2023-07-26 02:25,1,+19.9,+6.2,+8.4,+4.0,+25.8,+21.3,+19.0,+19.2,+19.5,+20.1,+20.0,+20.0,+20.1
2023-07-26 03:25,1,+19.9,+6.2,+8.4,+4.0,+25.8,+21.3,+18.8,+19.2,+19.5,+20.1,+20.0,+20.0,+20.2
2023-07-26 04:25,1,+19.8,+6.2,+8.4,+3.9,+25.7,+21.3,+18.7,+19.2,+19.5,+20.1,+20.0,+20.0,+20.1
2023-07-26 05:25,1,+19.8,+6.2,+8.4,+3.9,+25.7,+21.3,+18.6,+19.1,+19.5,+20.1,+20.0,+20.0,+20.1
2023-07-26 06:25,1,+19.8,+6.2,+8.4,+3.9,+25.7,+21.3,+18.6,+19.1,+19.5,+20.1,+20.0,+20.1,+20.1
2023-07-26 07:25,1,+19.9,+6.2,+8.4,+3.9,+25.7,+21.3,+18.5,+19.0,+19.5,+20.1,+20.0,+20.0,+20.1
2023-07-26 08:25,1,+19.9,+6.2,+8.3,+3.8,+25.7,+21.3,+18.6,+19.0,+19.5,+20.1,+20.0,+20.0,+20.1
2023-07-26 09:25,1,+19.9,+6.2,+8.3,+3.8,+25.7,+21.3,+18.7,+19.0,+19.3,+20.1,+20.0,+20.0,+20.1
2023-07-26 10:25,1,+19.9,+6.1,+8.3,+3.8,+25.6,+21.2,+19.0,+19.0,+19.3,+20.0,+20.0,+20.0,+20.1
2023-07-26 11:25,1,+19.9,+6.1,+8.3,+3.8,+25.6,+21.2,+19.0,+19.0,+19.3,+20.0,+20.0,+20.0,+20.1