
2023-07-20 11:25,2,+0.0,+8.4,+4.1,+10.4,+7.0,+24.5,+19.8,+20.0,+19.6,+19.6,+19.7,+20.0,+19.8
2023-07-20 12:25,2,+1.1,+8.6,+4.1,+10.3,+6.9,+24.5,+19.8,+20.0,+19.7,+19.6,+19.7,+20.0,+20.0
2023-07-20 13:25,2,+0.8,+8.9,+4.5,+10.5,+7.0,+24.6,+20.0,+20.0,+19.6,+19.6,+19.7,+20.1,+19.8
2023-07-20 14:25,2,+0.1,+8.7,+4.7,+10.8,+7.1,+24.6,+20.1,+20.0,+19.7,+19.6,+19.7,+20.0,+19.8
2023-07-20 15:25,2,+0.0,+8.6,+4.7,+10.8,+7.3,+24.7,+20.1,+20.1,+19.7,+19.6,+19.7,+20.0,+19.8
2023-07-20 16:25,2,+0.0,+8.5,+4.6,+10.9,+7.4,+24.8,+20.1,+20.1,+19.7,+19.6,+19.6,+20.0,+19.8
2023-07-20 17:25,2,+0.0,+8.4,+4.5,+10.8,+7.4,+24.9,+20.1,+20.1,+19.7,+19.6,+19.7,+20.0,+19.8
2023-07-20 18:25,2,+0.0,+8.4,+4.5,+10.8,+7.4,+25.0,+20.0,+20.1,+19.7,+19.6,+19.7,+20.0,+19.8
2023-07-20 19:25,2,+0.0,+8.4,+4.5,+10.8,+7.4,+25.1,+20.0,+20.2,+19.7,+19.6,+19.7,+20.1,+19.8
2023-07-20 20:25,2,+0.0,+8.4,+4.5,+10.9,+7.5,+25.2,+20.0,+20.2,+19.7,+19.7,+19.7,+20.0,+19.8
2023-07-20 21:25,2,+0.0,+8.4,+4.4,+10.9,+7.5,+25.2,+20.0,+20.2,+19.7,+19.6,+19.7,+20.0,+19.8
2023-07-20 22:25,2,+0.0,+8.4,+4.4,+10.7,+7.4,+25.2,+20.0,+20.1,+19.7,+19.7,+19.7,+20.1,+19.8
2023-07-20 23:25,2,+0.0,+8.4,+4.4,+10.8,+7.5,+25.3,+20.0,+20.1,+19.8,+19.7,+19.7,+20.0,+19.8
2023-07-21 00:25,2,+0.0,+8.6,+4.4,+10.8,+7.5,+25.3,+20.0,+20.2,+19.8,+19.7,+19.7,+20.1,+19.8
2023-07-21 01:25,2,+0.0,+8.9,+4.4,+10.7,+7.4,+25.3,+20.0,+20.2,+19.8,+19.7,+19.7,+20.1,+20.0
2023-07-21 02:25,2,+0.3,+9.1,+4.4,+10.7,+7.4,+25.3,+20.1,+20.2,+19.8,+19.7,+19.7,+20.1,+20.0
2023-07-21 03:25,2,+0.9,+9.7,+4.4,+10.8,+7.4,+25.3,+20.0,+20.2,+19.8,+19.7,+19.7,+20.0,+19.8
2023-07-21 04:25,2,+1.1,+10.2,+5.3,+11.0,+7.5,+25.3,+20.0,+20.2,+19.8,+19.7,+19.7,+20.1,+19.8
2023-07-21 05:25,2,+1.1,+10.2,+5.4,+11.5,+7.9,+25.5,+20.1,+20.2,+19.8,+19.7,+19.7,+20.1,+19.8
2023-07-21 06:25,2,+0.5,+10.0,+5.2,+11.4,+8.2,+26.2,+20.1,+20.2,+19.8,+19.7,+19.7,+20.1,+20.0
2023-07-21 07:25,2,+0.3,+9.8,+5.0,+11.3,+8.2,+26.6,+20.0,+20.2,+19.8,+19.7,+19.7,+20.1,+20.0
2023-07-21 08:25,2,+0.2,+9.8,+4.9,+11.2,+8.1,+26.6,+20.1,+20.2,+19.8,+19.7,+19.7,+20.0,+20.0
2023-07-21 09:25,2,+1.0,+9.7,+4.8,+11.2,+8.0,+26.5,+20.1,+20.3,+19.8,+19.7,+19.7,+20.0,+19.8
2023-07-21 10:25,2,+1.4,+9.6,+4.7,+11.2,+8.0,+26.5,+20.2,+20.2,+19.8,+19.7,+19.7,+20.1,+19.8
2023-07-21 11:25,2,+1.2,+9.5,+4.7,+11.1,+7.9,+26.4,+20.3,+20.3,+19.8,+19.7,+19.7,+20.1,+20.0
2023-07-21 12:25,2,+0.5,+9.8,+4.6,+11.0,+7.9,+26.3,+20.3,+20.3,+19.8,+19.7,+19.8,+20.1,+20.0
2023-07-21 13:25,2,+0.5,+9.7,+4.5,+10.9,+7.8,+26.2,+20.5,+20.3,+19.8,+19.7,+19.7,+20.1,+20.0
2023-07-21 14:25,2,+0.1,+9.7,+4.5,+10.9,+7.8,+26.1,+20.6,+20.5,+19.8,+19.7,+19.7,+20.1,+20.0
2023-07-21 15:25,2,+0.0,+9.7,+4.5,+11.0,+7.8,+26.1,+20.6,+20.5,+20.0,+19.8,+19.8,+20.1,+20.0
2023-07-21 16:25,2,+0.0,+9.6,+4.5,+11.0,+7.8,+26.1,+20.6,+20.5,+20.0,+19.8,+19.8,+20.1,+20.0
2023-07-21 17:25,2,+0.0,+9.6,+4.4,+11.0,+7.7,+26.0,+20.6,+20.5,+20.0,+19.8,+19.8,+20.1,+19.8
2023-07-21 18:25,2,+0.0,+9.6,+4.4,+10.9,+7.7,+25.9,+20.6,+20.6,+20.0,+19.8,+19.8,+20.1,+19.8
2023-07-21 19:25,2,+0.0,+9.6,+4.4,+10.9,+7.7,+25.8,+20.5,+20.6,+20.0,+19.8,+19.8,+20.1,+20.0
2023-07-21 20:25,2,+0.7,+9.7,+4.4,+10.9,+7.7,+25.8,+20.5,+20.6,+20.0,+19.8,+19.8,+20.1,+20.0
2023-07-21 21:25,2,+1.0,+10.0,+4.4,+10.9,+7.7,+25.9,+20.5,+20.6,+20.1,+19.8,+19.8,+20.1,+20.0
2023-07-21 22:25,2,+0.8,+10.1,+4.4,+10.8,+7.6,+25.7,+20.5,+20.6,+20.1,+19.8,+19.8,+20.1,+20.0
2023-07-21 23:25,2,+0.8,+10.1,+4.4,+10.8,+7.6,+25.7,+20.3,+20.6,+20.1,+19.8,+19.8,+20.1,+19.8
2023-07-22 00:25,2,+0.8,+10.0,+4.5,+10.8,+7.6,+25.6,+20.3,+20.6,+20.1,+19.8,+19.8,+20.1,+20.0
2023-07-22 01:25,2,+0.8,+10.0,+4.5,+10.8,+7.6,+25.6,+20.3,+20.6,+20.1,+19.8,+19.8,+20.2,+19.8
2023-07-22 02:25,2,+1.1,+10.0,+4.4,+10.8,+7.6,+25.6,+20.2,+20.6,+20.1,+19.8,+19.8,+20.1,+20.0
2023-07-22 03:25,2,+1.2,+9.9,+4.4,+10.8,+7.6,+25.6,+20.2,+20.6,+20.1,+19.8,+19.8,+20.1,+20.0
2023-07-22 04:25,2,+1.4,+9.9,+4.4,+10.8,+7.6,+25.6,+20.2,+20.5,+20.1,+20.0,+19.8,+20.2,+20.0
2023-07-22 05:25,2,+1.1,+9.8,+4.4,+10.9,+7.6,+25.6,+20.2,+20.5,+20.1,+20.0,+19.8,+20.1,+20.0
2023-07-22 06:25,2,+1.1,+9.8,+4.4,+10.8,+7.5,+25.5,+20.1,+20.5,+20.1,+20.0,+19.8,+20.1,+20.0
2023-07-22 07:25,2,+1.0,+9.8,+4.4,+10.7,+7.6,+25.5,+20.1,+20.5,+20.1,+19.8,+19.8,+20.2,+20.0
2023-07-22 08:25,2,+1.5,+9.8,+4.3,+10.7,+7.5,+25.5,+20.2,+20.5,+20.1,+20.0,+19.8,+20.2,+20.0
2023-07-22 09:25,2,+1.7,+9.7,+4.3,+10.8,+7.6,+25.5,+20.3,+20.5,+20.1,+20.0,+19.8,+20.2,+20.0
2023-07-22 10:25,2,+1.4,+9.7,+4.3,+10.7,+7.5,+25.5,+20.3,+20.5,+20.1,+20.0,+20.0,+20.2,+20.0
2023-07-22 11:25,2,+1.6,+9.7,+4.3,+10.8,+7.5,+25.5,+20.3,+20.5,+20.1,+20.0,+20.0,+20.2,+20.0
2023-07-22 12:25,2,+1.5,+9.7,+4.3,+10.8,+7.5,+25.5,+20.3,+20.5,+20.1,+20.0,+19.8,+20.2,+20.0
2023-07-22 13:25,2,+2.1,+9.7,+4.3,+10.8,+7.5,+25.5,+20.5,+20.5,+20.1,+20.0,+19.8,+20.2,+20.0
2023-07-22 14:25,2,+1.5,+9.7,+4.3,+10.8,+7.5,+25.4,+20.5,+20.5,+20.1,+20.0,+20.0,+20.2,+20.0
2023-07-22 15:25,2,+1.6,+9.6,+4.2,+10.8,+7.5,+25.4,+20.5,+20.5,+20.1,+20.0,+19.8,+20.2,+20.0
2023-07-22 16:25,2,+2.5,+9.6,+4.2,+10.8,+7.5,+25.4,+20.5,+20.6,+20.1,+20.0,+20.0,+20.2,+20.0
2023-07-22 17:25,2,+2.2,+9.6,+4.2,+10.8,+7.5,+25.4,+20.5,+20.6,+20.1,+20.0,+20.0,+20.2,+20.0
2023-07-22 18:25,2,+2.2,+9.6,+4.2,+10.7,+7.4,+25.3,+20.5,+20.6,+20.1,+20.0,+20.0,+20.2,+20.0
2023-07-22 19:25,2,+2.2,+9.6,+4.2,+10.8,+7.5,+25.3,+20.3,+20.6,+20.1,+20.0,+20.0,+20.2,+20.0
2023-07-22 20:25,2,+2.3,+9.6,+4.2,+10.7,+7.5,+25.3,+20.3,+20.6,+20.1,+20.0,+20.0,+20.2,+20.0
2023-07-22 21:25,2,+2.4,+9.6,+4.2,+10.6,+7.4,+25.2,+20.3,+20.6,+20.1,+20.0,+20.0,+20.2,+20.0
2023-07-22 22:25,2,+2.4,+9.6,+4.2,+10.7,+7.4,+25.2,+20.2,+20.6,+20.1,+20.0,+20.0,+20.2,+20.0
2023-07-22 23:25,2,+2.3,+9.6,+4.2,+10.8,+7.5,+25.3,+20.2,+20.5,+20.1,+20.1,+20.0,+20.2,+20.0
2023-07-23 00:25,2,+2.4,+9.6,+4.2,+10.6,+7.4,+25.2,+20.0,+20.5,+20.1,+20.0,+20.0,+20.2,+20.0
2023-07-23 01:25,2,+2.7,+9.6,+4.2,+10.6,+7.4,+25.2,+19.8,+20.5,+20.1,+20.0,+20.0,+20.2,+20.0
2023-07-23 02:25,2,+2.8,+9.5,+4.1,+10.6,+7.4,+25.2,+19.7,+20.5,+20.2,+20.0,+20.0,+20.2,+20.0
2023-07-23 03:25,2,+2.9,+9.5,+4.1,+10.7,+7.4,+25.2,+19.7,+20.3,+20.2,+20.0,+19.8,+20.2,+20.1
2023-07-23 04:25,2,+2.9,+9.5,+4.1,+10.6,+7.4,+25.1,+19.6,+20.3,+20.1,+20.0,+20.0,+20.2,+20.0
2023-07-23 05:25,2,+3.1,+9.5,+4.1,+10.6,+7.3,+25.1,+19.5,+20.3,+20.1,+20.0,+20.0,+20.2,+20.0
2023-07-23 06:25,2,+3.1,+9.5,+4.1,+10.5,+7.3,+25.1,+19.3,+20.2,+20.1,+20.0,+20.0,+20.2,+20.0
2023-07-23 07:25,2,+3.1,+9.5,+4.1,+10.5,+7.3,+25.1,+19.3,+20.2,+20.1,+20.1,+20.0,+20.2,+20.1
2023-07-23 08:25,2,+3.1,+9.4,+4.1,+10.7,+7.3,+25.1,+19.2,+20.1,+20.1,+20.0,+20.0,+20.2,+20.0
2023-07-23 09:25,2,+3.1,+9.4,+4.1,+10.7,+7.4,+25.1,+19.2,+20.0,+20.1,+20.0,+20.0,+20.2,+20.1
2023-07-23 10:25,2,+3.0,+9.4,+4.0,+10.5,+7.3,+25.0,+19.3,+20.0,+20.0,+20.0,+20.0,+20.2,+20.1
2023-07-23 11:25,2,+3.0,+9.3,+4.0,+10.7,+7.3,+25.0,+19.5,+19.8,+20.0,+20.0,+20.0,+20.2,+20.0
2023-07-23 12:25,2,+2.9,+9.3,+4.0,+10.5,+7.3,+25.0,+19.6,+19.8,+19.8,+20.0,+20.0,+20.2,+20.0
2023-07-23 13:25,2,+2.8,+9.3,+4.0,+10.5,+7.3,+25.0,+19.8,+19.8,+20.0,+20.0,+20.0,+20.2,+20.1
2023-07-23 14:25,2,+2.8,+9.3,+4.0,+10.5,+7.3,+24.9,+20.0,+20.0,+20.0,+20.0,+20.0,+20.3,+20.0
2023-07-23 15:25,2,+2.7,+9.3,+4.0,+10.6,+7.3,+25.0,+20.0,+20.0,+19.8,+20.0,+20.0,+20.2,+20.1
2023-07-23 16:25,2,+2.7,+9.3,+4.0,+10.6,+7.3,+24.9,+20.1,+20.1,+19.8,+20.0,+20.0,+20.2,+20.1
2023-07-23 17:25,2,+2.8,+9.3,+4.0,+10.5,+7.2,+24.9,+20.0,+20.1,+19.8,+20.0,+20.0,+20.2,+20.0
2023-07-23 18:25,2,+2.9,+9.3,+4.0,+10.6,+7.3,+24.9,+19.8,+20.1,+19.8,+20.0,+20.0,+20.2,+20.1
2023-07-23 19:25,2,+3.1,+9.3,+4.0,+10.6,+7.3,+24.9,+19.7,+20.1,+19.8,+19.8,+20.0,+20.2,+20.1
2023-07-23 20:25,2,+3.5,+9.3,+4.0,+10.5,+7.2,+24.8,+19.7,+20.2,+19.8,+20.0,+20.0,+20.2,+20.1
2023-07-23 21:25,2,+3.7,+9.3,+4.0,+10.6,+7.3,+24.9,+19.7,+20.1,+19.8,+20.0,+20.0,+20.2,+20.0
2023-07-23 22:25,2,+3.7,+9.4,+4.0,+10.5,+7.2,+24.8,+19.7,+20.1,+19.8,+20.0,+20.0,+20.2,+20.0
2023-07-23 23:25,2,+3.7,+9.4,+4.0,+10.5,+7.2,+24.8,+19.7,+20.1,+19.8,+20.0,+19.8,+20.2,+20.1
2023-07-24 00:25,2,+3.8,+9.4,+4.0,+10.6,+7.3,+24.8,+19.7,+20.1,+19.8,+19.8,+19.8,+20.2,+20.1
2023-07-24 01:25,2,+3.8,+9.4,+4.0,+10.6,+7.3,+24.8,+19.6,+20.0,+19.8,+19.8,+20.0,+20.2,+20.0
2023-07-24 02:25,2,+3.8,+9.4,+4.0,+10.5,+7.2,+24.8,+19.6,+20.1,+19.8,+19.8,+20.0,+20.2,+20.1
2023-07-24 03:25,2,+3.8,+9.4,+4.0,+10.6,+7.3,+24.8,+19.6,+20.0,+19.8,+19.8,+20.0,+20.3,+20.1
2023-07-24 04:25,2,+3.9,+9.5,+4.0,+10.6,+7.3,+24.8,+19.6,+20.1,+19.8,+19.8,+20.0,+20.2,+20.1
2023-07-24 05:25,2,+4.0,+9.5,+4.0,+10.6,+7.3,+24.8,+19.7,+20.0,+19.8,+19.8,+20.0,+20.2,+20.1
2023-07-24 06:25,2,+4.3,+9.5,+4.0,+10.6,+7.3,+24.8,+19.6,+20.0,+19.8,+19.8,+19.8,+20.2,+20.1
2023-07-24 07:25,2,+4.4,+9.5,+4.0,+10.6,+7.3,+24.8,+19.6,+20.0,+19.8,+19.8,+20.0,+20.2,+20.1
2023-07-24 08:25,2,+4.5,+9.6,+4.0,+10.5,+7.3,+24.8,+19.7,+20.0,+19.8,+19.8,+20.0,+20.2,+20.0
2023-07-24 09:25,2,+4.7,+9.8,+4.0,+10.6,+7.3,+24.8,+19.7,+20.0,+19.8,+19.8,+19.8,+20.2,+20.0
2023-07-24 10:25,2,+4.7,+9.9,+4.1,+10.6,+7.2,+24.8,+19.7,+20.1,+19.8,+19.8,+19.8,+20.2,+20.1
2023-07-24 11:25,2,+4.6,+10.0,+4.1,+10.5,+7.2,+24.7,+19.7,+20.0,+19.8,+19.8,+20.0,+20.2,+20.0
2023-07-24 12:25,2,+4.5,+10.0,+4.1,+10.5,+7.2,+24.7,+19.7,+20.1,+19.8,+19.8,+19.8,+20.2,+20.1
2023-07-24 13:25,2,+4.5,+10.0,+4.1,+10.7,+7.3,+24.8,+19.6,+20.0,+19.8,+19.8,+20.0,+20.2,+20.1
2023-07-24 14:25,2,+4.4,+10.0,+4.1,+10.7,+7.3,+24.8,+19.6,+20.0,+19.8,+19.8,+20.0,+20.2,+20.0
2023-07-24 15:25,2,+4.3,+10.0,+4.1,+10.6,+7.2,+24.7,+19.6,+20.0,+19.8,+19.8,+19.8,+20.2,+20.1
2023-07-24 16:25,2,+4.3,+9.9,+4.1,+10.7,+7.3,+24.8,+19.6,+20.0,+19.8,+19.8,+20.0,+20.2,+20.1
2023-07-24 17:25,2,+4.3,+9.9,+4.1,+10.5,+7.2,+24.7,+19.6,+20.0,+19.8,+19.8,+19.8,+20.2,+20.1
2023-07-24 18:25,2,+4.2,+9.9,+4.1,+10.7,+7.3,+24.7,+19.6,+20.0,+19.8,+19.8,+19.8,+20.2,+20.1
2023-07-24 19:25,2,+4.2,+9.9,+4.2,+10.7,+7.3,+24.7,+19.6,+20.0,+19.8,+19.8,+19.8,+20.2,+20.0
2023-07-24 20:25,2,+4.2,+9.9,+4.1,+10.6,+7.2,+24.8,+19.5,+20.0,+19.8,+19.7,+19.8,+20.2,+20.1
2023-07-24 21:25,2,+4.3,+9.9,+4.1,+10.6,+7.3,+24.7,+19.5,+20.0,+19.8,+19.8,+19.8,+20.2,+20.1
2023-07-24 22:25,2,+4.4,+9.9,+4.1,+10.7,+7.3,+24.8,+19.3,+19.8,+19.7,+19.8,+19.8,+20.2,+20.1
2023-07-24 23:25,2,+5.3,+10.1,+4.1,+10.6,+7.3,+24.7,+19.3,+20.0,+19.7,+19.7,+19.8,+20.2,+20.1
2023-07-25 00:25,2,+5.2,+10.2,+4.2,+10.7,+7.3,+24.7,+19.3,+19.8,+19.7,+19.7,+19.8,+20.2,+20.1
2023-07-25 01:25,2,+5.2,+10.3,+4.2,+10.7,+7.3,+24.8,+19.3,+19.8,+19.8,+19.8,+19.8,+20.2,+20.1
2023-07-25 02:25,2,+5.2,+10.2,+4.2,+10.7,+7.3,+24.8,+19.5,+19.8,+19.8,+19.7,+19.8,+20.2,+20.0
2023-07-25 03:25,2,+5.3,+10.2,+4.2,+10.7,+7.3,+24.8,+19.3,+19.8,+19.7,+19.8,+19.8,+20.2,+20.1
2023-07-25 04:25,2,+5.8,+10.3,+4.2,+10.7,+7.3,+24.8,+19.3,+19.8,+19.7,+19.7,+19.8,+20.2,+20.0
2023-07-25 05:25,2,+6.1,+10.4,+4.2,+10.7,+7.3,+24.8,+19.3,+19.8,+19.7,+19.8,+19.8,+20.2,+20.1
2023-07-25 06:25,2,+6.0,+10.5,+4.2,+10.7,+7.3,+24.8,+19.3,+19.8,+19.7,+19.8,+19.8,+20.2,+20.1
2023-07-25 07:25,2,+5.9,+10.5,+4.2,+10.8,+7.3,+24.8,+19.2,+19.8,+19.7,+19.7,+19.8,+20.2,+20.1
2023-07-25 08:25,2,+5.8,+10.5,+4.3,+10.7,+7.3,+24.8,+19.3,+19.8,+19.6,+19.8,+19.8,+20.2,+20.1
2023-07-25 09:25,2,+5.7,+10.5,+4.3,+10.7,+7.3,+24.8,+19.2,+19.8,+19.7,+19.7,+19.8,+20.2,+20.1
2023-07-25 10:25,2,+5.7,+10.5,+4.3,+10.7,+7.3,+24.8,+19.2,+19.8,+19.7,+19.7,+19.8,+20.2,+20.0
2023-07-25 11:25,2,+5.6,+10.4,+4.3,+10.8,+7.4,+24.8,+19.3,+19.7,+19.7,+19.7,+19.8,+20.2,+20.1
2023-07-25 12:25,2,+5.5,+10.4,+4.3,+10.9,+7.4,+24.8,+19.3,+19.7,+19.7,+19.7,+19.8,+20.2,+20.1
2023-07-25 13:25,2,+5.3,+10.3,+4.3,+10.7,+7.4,+24.8,+19.2,+19.7,+19.7,+19.7,+19.8,+20.2,+20.0
2023-07-25 14:25,2,+5.1,+10.2,+4.3,+10.7,+7.4,+24.8,+19.3,+19.7,+19.6,+19.7,+19.8,+20.2,+20.0
2023-07-25 15:25,2,+4.9,+10.2,+4.3,+10.9,+7.5,+24.8,+19.3,+19.7,+19.6,+19.7,+19.8,+20.2,+20.1
2023-07-25 16:25,2,+4.8,+10.2,+4.3,+10.9,+7.5,+24.9,+19.3,+19.7,+19.6,+19.7,+19.8,+20.2,+20.1
2023-07-25 17:25,2,+4.9,+10.2,+4.3,+10.9,+7.5,+24.9,+19.5,+19.7,+19.6,+19.7,+19.8,+20.1,+20.1
2023-07-25 18:25,2,+4.8,+10.0,+4.3,+10.7,+7.4,+24.8,+19.5,+19.7,+19.6,+19.7,+19.8,+20.2,+20.1
2023-07-25 19:25,2,+4.8,+10.0,+4.3,+10.7,+7.4,+24.8,+19.3,+19.7,+19.6,+19.7,+19.8,+20.2,+20.1
2023-07-25 20:25,2,+4.8,+10.0,+4.3,+10.9,+7.5,+24.9,+19.3,+19.7,+19.6,+19.7,+19.8,+20.1,+20.0
2023-07-25 21:25,2,+4.8,+9.9,+4.3,+10.8,+7.4,+24.9,+19.3,+19.7,+19.6,+19.7,+19.8,+20.1,+20.0
2023-07-25 22:25,2,+4.8,+9.9,+4.3,+10.7,+7.4,+24.8,+19.3,+19.7,+19.6,+19.7,+19.8,+20.2,+20.0
2023-07-25 23:25,2,+4.7,+9.9,+4.3,+10.8,+7.4,+24.9,+19.2,+19.7,+19.6,+19.7,+19.8,+20.2,+20.0
2023-07-26 00:25,2,+4.7,+9.9,+4.3,+10.9,+7.5,+24.9,+19.2,+19.7,+19.6,+19.7,+19.8,+20.2,+20.0
2023-07-26 01:25,2,+4.7,+9.9,+4.3,+10.9,+7.5,+24.9,+19.2,+19.7,+19.6,+19.7,+19.8,+20.1,+20.1
2023-07-26 02:25,2,+4.7,+9.8,+4.3,+10.8,+7.5,+24.9,+19.1,+19.7,+19.6,+19.7,+19.8,+20.1,+20.1
2023-07-26 03:25,2,+4.7,+9.8,+4.2,+10.9,+7.5,+24.9,+19.0,+19.7,+19.6,+19.7,+19.8,+20.1,+20.0
2023-07-26 04:25,2,+4.7,+9.8,+4.2,+10.7,+7.5,+24.9,+19.0,+19.6,+19.6,+19.7,+19.8,+20.2,+20.1
2023-07-26 05:25,2,+4.7,+9.8,+4.2,+10.8,+7.4,+24.9,+18.8,+19.6,+19.6,+19.7,+19.8,+20.2,+20.0
2023-07-26 06:25,2,+4.7,+9.8,+4.2,+10.7,+7.5,+24.9,+18.8,+19.5,+19.6,+19.7,+19.8,+20.2,+20.0
2023-07-26 07:25,2,+4.6,+9.8,+4.2,+10.7,+7.5,+24.9,+18.7,+19.6,+19.6,+19.7,+19.8,+20.1,+20.0
2023-07-26 08:25,2,+4.6,+9.8,+4.2,+10.7,+7.5,+24.9,+18.8,+19.5,+19.6,+19.7,+19.8,+20.1,+20.1
2023-07-26 09:25,2,+4.6,+9.8,+4.2,+10.9,+7.5,+24.9,+18.8,+19.5,+19.5,+19.6,+19.8,+20.1,+20.0
2023-07-26 10:25,2,+4.5,+9.7,+4.2,+10.8,+7.5,+24.9,+19.0,+19.3,+19.5,+19.7,+19.7,+20.2,+20.0
2023-07-26 11:25,2,+4.5,+9.8,+4.2,+10.7,+7.5,+24.9,+19.1,+19.5,+19.3,+19.6,+19.8,+20.2,+20.0