
2023-07-10 12:10,4,+10.9,+1.4,+0.0,+0.0,+1.9,+14.5,+20.5,+20.2,+20.3,+20.3,+20.3,+20.5,+20.3
2023-07-10 13:10,4,+10.9,+1.4,+0.0,+0.0,+1.8,+14.5,+20.7,+20.2,+20.3,+20.3,+20.2,+20.3,+20.3
2023-07-10 14:10,4,+10.9,+1.4,+0.0,+0.0,+1.9,+14.5,+20.8,+20.2,+20.3,+20.3,+20.2,+20.3,+20.2
2023-07-10 15:10,4,+11.0,+1.5,+0.0,+0.0,+1.9,+14.6,+21.1,+20.3,+20.3,+20.3,+20.2,+20.3,+20.3
2023-07-10 16:10,4,+10.9,+1.5,+0.0,+0.0,+2.0,+14.6,+21.1,+20.5,+20.3,+20.3,+20.3,+20.3,+20.3
2023-07-10 17:10,4,+11.0,+1.5,+0.0,+0.0,+1.9,+14.6,+20.8,+20.5,+20.3,+20.2,+20.2,+20.3,+20.3
2023-07-10 18:10,4,+11.0,+1.5,+0.0,+0.0,+1.9,+14.6,+20.7,+20.6,+20.3,+20.3,+20.2,+20.3,+20.2
2023-07-10 19:10,4,+11.1,+1.5,+0.0,+0.0,+1.9,+14.6,+20.6,+20.6,+20.3,+20.3,+20.2,+20.3,+20.2
2023-07-10 20:10,4,+11.2,+1.6,+0.0,+0.0,+2.0,+14.6,+20.5,+20.5,+20.3,+20.3,+20.2,+20.3,+20.2
2023-07-10 21:10,4,+11.2,+1.6,+0.0,+0.0,+2.0,+14.6,+20.3,+20.6,+20.5,+20.3,+20.2,+20.5,+20.3
2023-07-10 22:10,4,+11.3,+1.6,+0.0,+0.0,+2.0,+14.7,+20.1,+20.5,+20.5,+20.3,+20.2,+20.3,+20.3
2023-07-10 23:10,4,+11.3,+1.6,+0.0,+0.0,+2.0,+14.7,+20.0,+20.5,+20.5,+20.3,+20.2,+20.3,+20.3
2023-07-11 00:10,4,+11.3,+1.6,+0.0,+0.0,+2.0,+14.7,+20.0,+20.3,+20.5,+20.3,+20.2,+20.3,+20.3
2023-07-11 01:10,4,+11.4,+1.6,+0.0,+0.0,+2.0,+14.7,+19.8,+20.3,+20.5,+20.3,+20.3,+20.3,+20.3
2023-07-11 02:10,4,+11.4,+1.6,+0.0,+0.0,+2.0,+14.7,+19.7,+20.2,+20.5,+20.3,+20.2,+20.3,+20.3
2023-07-11 03:10,4,+11.4,+1.6,+0.0,+0.0,+2.1,+14.7,+19.6,+20.2,+20.3,+20.3,+20.2,+20.3,+20.3
2023-07-11 04:10,4,+11.5,+1.6,+0.0,+0.0,+2.1,+14.7,+19.6,+20.1,+20.3,+20.3,+20.3,+20.3,+20.2
2023-07-11 05:10,4,+11.5,+1.6,+0.0,+0.0,+2.1,+14.7,+19.5,+20.1,+20.3,+20.3,+20.2,+20.3,+20.3
2023-07-11 06:10,4,+11.7,+1.7,+0.0,+0.0,+2.1,+14.7,+19.5,+20.0,+20.3,+20.3,+20.3,+20.3,+20.3
2023-07-11 07:10,4,+11.7,+1.7,+0.0,+0.0,+2.1,+14.7,+19.3,+20.0,+20.3,+20.3,+20.3,+20.3,+20.3
2023-07-11 08:10,4,+11.7,+1.7,+0.0,+0.0,+2.1,+14.7,+19.5,+20.0,+20.3,+20.3,+20.2,+20.3,+20.3
2023-07-11 09:10,4,+11.7,+1.7,+0.0,+0.0,+2.1,+14.7,+19.5,+19.8,+20.2,+20.3,+20.3,+20.5,+20.3
2023-07-11 10:10,4,+11.7,+1.7,+0.0,+0.0,+2.2,+14.8,+19.6,+19.8,+20.2,+20.3,+20.2,+20.3,+20.3
2023-07-11 11:10,4,+11.8,+1.7,+0.0,+0.0,+2.1,+14.8,+19.7,+19.8,+20.2,+20.2,+20.2,+20.3,+20.3
2023-07-11 12:10,4,+11.7,+1.7,+0.0,+0.0,+2.1,+14.8,+20.0,+19.8,+20.1,+20.3,+20.2,+20.3,+20.3
2023-07-11 13:10,4,+11.7,+1.7,+0.0,+0.0,+2.2,+14.8,+20.1,+19.8,+20.2,+20.3,+20.2,+20.5,+20.2
2023-07-11 14:10,4,+11.6,+1.7,+0.0,+0.0,+2.2,+14.8,+20.5,+20.0,+20.2,+20.2,+20.2,+20.3,+20.2
2023-07-11 15:10,4,+11.5,+1.7,+0.0,+0.0,+2.2,+14.8,+20.3,+20.0,+20.1,+20.2,+20.2,+20.3,+20.2
2023-07-11 16:10,4,+11.5,+1.8,+0.0,+0.0,+2.2,+14.8,+20.6,+20.1,+20.2,+20.2,+20.2,+20.3,+20.3
2023-07-11 17:10,4,+11.6,+1.8,+0.0,+0.0,+2.2,+14.9,+20.3,+20.2,+20.2,+20.3,+20.2,+20.3,+20.2
2023-07-11 18:10,4,+11.6,+1.8,+0.0,+0.0,+2.2,+14.9,+20.2,+20.2,+20.2,+20.2,+20.2,+20.3,+20.3
2023-07-11 19:10,4,+11.7,+1.8,+0.0,+0.0,+2.2,+14.9,+20.0,+20.2,+20.2,+20.2,+20.2,+20.3,+20.2
2023-07-11 20:10,4,+11.7,+1.8,+0.0,+0.0,+2.2,+14.9,+19.8,+20.2,+20.2,+20.2,+20.2,+20.3,+20.3
2023-07-11 21:10,4,+11.7,+1.8,+0.0,+0.0,+2.2,+14.9,+19.7,+20.1,+20.2,+20.2,+20.2,+20.3,+20.3
2023-07-11 22:10,4,+11.8,+1.8,+0.0,+0.0,+2.2,+14.9,+19.7,+20.1,+20.2,+20.2,+20.2,+20.3,+20.3
2023-07-11 23:10,4,+11.8,+1.8,+0.0,+0.0,+2.2,+14.9,+19.7,+20.1,+20.2,+20.2,+20.1,+20.3,+20.2
2023-07-12 00:10,4,+11.8,+1.8,+0.0,+0.0,+2.3,+14.9,+19.6,+20.0,+20.2,+20.2,+20.2,+20.3,+20.2
2023-07-12 01:10,4,+11.9,+1.8,+0.0,+0.0,+2.3,+15.0,+19.5,+20.0,+20.2,+20.2,+20.2,+20.3,+20.2
2023-07-12 02:10,4,+11.9,+1.9,+0.0,+0.0,+2.3,+14.9,+19.5,+20.0,+20.2,+20.2,+20.2,+20.3,+20.3
2023-07-12 03:10,4,+11.9,+1.9,+0.0,+0.0,+2.3,+15.0,+19.3,+19.8,+20.2,+20.2,+20.2,+20.3,+20.2
2023-07-12 04:10,4,+11.9,+1.9,+0.0,+0.0,+2.4,+15.0,+19.3,+19.8,+20.2,+20.2,+20.2,+20.3,+20.2
2023-07-12 05:10,4,+11.9,+1.9,+0.0,+0.0,+2.3,+15.0,+19.2,+19.7,+20.1,+20.2,+20.2,+20.3,+20.2
2023-07-12 06:10,4,+12.0,+1.9,+0.0,+0.0,+2.4,+15.0,+19.1,+19.7,+20.1,+20.2,+20.2,+20.3,+20.3
2023-07-12 07:10,4,+12.0,+1.9,+0.0,+0.0,+2.3,+15.0,+19.1,+19.7,+20.1,+20.2,+20.2,+20.3,+20.2
2023-07-12 08:10,4,+12.1,+1.9,+0.0,+0.0,+2.4,+15.0,+19.2,+19.7,+20.0,+20.2,+20.1,+20.2,+20.2
2023-07-12 09:10,4,+12.0,+1.9,+0.0,+0.0,+2.4,+15.0,+19.3,+19.6,+20.1,+20.2,+20.1,+20.2,+20.2
2023-07-12 10:10,4,+12.0,+1.9,+0.0,+0.0,+2.4,+15.0,+19.5,+19.6,+20.1,+20.2,+20.2,+20.3,+20.3
2023-07-12 11:10,4,+11.9,+1.9,+0.0,+0.0,+2.4,+15.0,+19.7,+19.7,+20.1,+20.2,+20.1,+20.3,+20.3
2023-07-12 12:10,4,+11.9,+1.9,+0.0,+0.0,+2.4,+15.0,+20.0,+19.6,+20.0,+20.1,+20.1,+20.3,+20.2
2023-07-12 13:10,4,+11.8,+1.9,+0.0,+0.0,+2.4,+15.1,+20.2,+19.7,+20.0,+20.1,+20.1,+20.2,+20.2
2023-07-12 14:10,4,+11.8,+2.0,+0.0,+0.0,+2.4,+15.1,+20.5,+19.8,+20.0,+20.2,+20.1,+20.2,+20.2
2023-07-12 15:10,4,+11.7,+2.0,+0.0,+0.0,+2.4,+15.1,+20.5,+20.0,+20.0,+20.1,+20.1,+20.3,+20.2
2023-07-12 16:10,4,+12.1,+2.0,+0.0,+0.0,+2.4,+15.1,+20.5,+20.0,+20.0,+20.1,+20.1,+20.2,+20.2
2023-07-12 17:10,4,+12.2,+2.0,+0.0,+0.0,+2.4,+15.1,+20.3,+20.1,+20.0,+20.1,+20.1,+20.2,+20.2
2023-07-12 18:10,4,+12.3,+2.0,+0.0,+0.0,+2.5,+15.1,+20.2,+20.1,+20.0,+20.1,+20.1,+20.2,+20.2
2023-07-12 19:10,4,+12.3,+2.0,+0.0,+0.0,+2.5,+15.1,+20.2,+20.2,+20.1,+20.1,+20.1,+20.2,+20.2
2023-07-12 20:10,4,+12.4,+2.0,+0.0,+0.0,+2.5,+15.1,+20.0,+20.2,+20.1,+20.1,+20.1,+20.2,+20.3
2023-07-12 21:10,4,+12.4,+2.0,+0.0,+0.0,+2.4,+15.1,+20.0,+20.2,+20.1,+20.1,+20.1,+20.3,+20.3
2023-07-12 22:10,4,+12.5,+2.0,+0.0,+0.0,+2.4,+15.1,+20.0,+20.1,+20.1,+20.1,+20.2,+20.2,+20.2
2023-07-12 23:10,4,+12.5,+2.0,+0.0,+0.0,+2.5,+15.1,+19.8,+20.1,+20.2,+20.1,+20.1,+20.3,+20.2
2023-07-13 00:10,4,+12.6,+2.0,+0.0,+0.0,+2.5,+15.1,+19.7,+20.1,+20.1,+20.1,+20.2,+20.2,+20.2
2023-07-13 01:10,4,+12.7,+2.0,+0.0,+0.0,+2.5,+15.2,+19.7,+20.0,+20.1,+20.2,+20.1,+20.3,+20.2
2023-07-13 02:10,4,+12.8,+2.1,+0.0,+0.0,+2.5,+15.2,+19.6,+20.0,+20.1,+20.1,+20.1,+20.2,+20.2
2023-07-13 03:10,4,+13.0,+2.1,+0.0,+0.0,+2.5,+15.2,+19.6,+20.0,+20.2,+20.2,+20.1,+20.2,+20.2
2023-07-13 04:10,4,+13.2,+2.1,+0.0,+0.0,+2.5,+15.2,+19.5,+20.0,+20.1,+20.2,+20.1,+20.2,+20.3
2023-07-13 05:10,4,+13.2,+2.1,+0.0,+0.0,+2.5,+15.2,+19.5,+20.0,+20.1,+20.1,+20.1,+20.2,+20.2
2023-07-13 06:10,4,+13.7,+2.1,+0.0,+0.0,+2.5,+15.2,+19.3,+19.8,+20.1,+20.1,+20.1,+20.2,+20.2
2023-07-13 07:10,4,+13.9,+2.2,+0.0,+0.0,+2.5,+15.2,+19.3,+19.8,+20.1,+20.2,+20.1,+20.2,+20.2
2023-07-13 08:10,4,+13.9,+2.2,+0.0,+0.0,+2.6,+15.2,+19.3,+19.7,+20.1,+20.1,+20.1,+20.3,+20.2
2023-07-13 09:10,4,+13.9,+2.3,+0.0,+0.0,+2.5,+15.2,+19.5,+19.7,+20.1,+20.1,+20.1,+20.3,+20.3
2023-07-13 10:10,4,+13.9,+2.3,+0.0,+0.0,+2.6,+15.2,+19.5,+19.7,+20.1,+20.2,+20.1,+20.3,+20.2
2023-07-13 11:10,4,+13.9,+2.4,+0.0,+0.0,+2.5,+15.2,+19.6,+19.7,+20.0,+20.1,+20.1,+20.2,+20.2
2023-07-13 12:10,4,+13.8,+2.4,+0.0,+0.0,+2.5,+15.2,+19.6,+19.7,+20.0,+20.1,+20.1,+20.2,+20.2
2023-07-13 13:10,4,+13.8,+2.4,+0.0,+0.0,+2.6,+15.2,+19.6,+19.7,+20.0,+20.1,+20.1,+20.2,+20.2
2023-07-13 14:10,4,+13.6,+2.4,+0.0,+0.0,+2.5,+15.2,+19.8,+19.7,+20.0,+20.1,+20.1,+20.2,+20.2
2023-07-13 15:10,4,+13.5,+2.5,+0.0,+0.0,+2.6,+15.3,+20.3,+19.8,+20.0,+20.1,+20.1,+20.2,+20.3
2023-07-13 16:10,4,+13.4,+2.5,+0.0,+0.0,+2.6,+15.2,+20.3,+19.8,+20.0,+20.1,+20.1,+20.2,+20.2
2023-07-13 17:10,4,+13.5,+2.5,+0.0,+0.0,+2.6,+15.3,+20.3,+20.0,+20.0,+20.1,+20.1,+20.2,+20.2
2023-07-13 18:10,4,+13.5,+2.5,+0.0,+0.0,+2.6,+15.2,+20.3,+20.1,+20.0,+20.1,+20.1,+20.3,+20.2
2023-07-13 19:10,4,+13.5,+2.5,+0.0,+0.0,+2.6,+15.3,+20.2,+20.1,+20.0,+20.1,+20.1,+20.2,+20.2
2023-07-13 20:10,4,+21.3,+6.9,+0.0,+0.0,+2.6,+15.3,+19.7,+20.0,+20.0,+20.0,+20.1,+20.2,+20.2
2023-07-13 21:10,4,+15.3,+4.1,+0.0,+0.0,+2.7,+15.3,+19.7,+20.1,+20.1,+20.1,+20.1,+20.2,+20.2
2023-07-13 22:10,4,+14.9,+3.8,+0.0,+0.0,+2.6,+15.3,+19.6,+20.0,+20.1,+20.1,+20.1,+20.2,+20.2
2023-07-13 23:10,4,+14.7,+3.7,+0.0,+0.0,+2.7,+15.3,+19.6,+20.0,+20.1,+20.1,+20.0,+20.2,+20.2
2023-07-14 00:10,4,+14.6,+3.6,+0.0,+0.0,+2.8,+15.3,+19.6,+20.0,+20.1,+20.1,+20.1,+20.2,+20.2
2023-07-14 01:10,4,+14.5,+3.5,+0.0,+0.0,+2.9,+15.4,+19.5,+19.8,+20.1,+20.1,+20.1,+20.2,+20.2
2023-07-14 02:10,4,+14.5,+3.5,+0.0,+0.0,+3.0,+15.4,+19.3,+19.8,+20.1,+20.1,+20.0,+20.2,+20.2
2023-07-14 03:10,4,+14.5,+3.5,+0.0,+0.0,+3.1,+15.4,+19.3,+19.8,+20.1,+20.1,+20.1,+20.2,+20.2
2023-07-14 04:10,4,+14.5,+3.4,+0.0,+0.0,+3.2,+15.5,+19.3,+19.8,+20.1,+20.1,+20.1,+20.2,+20.2
2023-07-14 05:10,4,+14.5,+3.4,+0.0,+0.0,+3.2,+15.5,+19.3,+19.8,+20.0,+20.1,+20.1,+20.2,+20.2
2023-07-14 06:10,4,+14.5,+3.4,+0.0,+0.0,+3.3,+15.6,+19.2,+19.7,+20.0,+20.1,+20.1,+20.2,+20.2
2023-07-14 07:10,4,+14.4,+3.4,+0.0,+0.0,+3.3,+15.6,+19.2,+19.7,+20.0,+20.1,+20.1,+20.2,+20.2
2023-07-14 08:10,4,+14.4,+3.3,+0.0,+0.0,+3.3,+15.7,+19.2,+19.7,+20.0,+20.1,+20.1,+20.2,+20.2
2023-07-14 09:10,4,+14.4,+3.3,+0.0,+0.0,+3.4,+15.8,+19.3,+19.6,+20.0,+20.1,+20.1,+20.2,+20.2
2023-07-14 10:10,4,+14.3,+3.3,+0.0,+0.0,+3.4,+15.8,+19.3,+19.6,+20.0,+20.1,+20.1,+20.2,+20.2
2023-07-14 11:10,4,+14.3,+3.3,+0.0,+0.0,+3.4,+15.9,+19.5,+19.6,+19.8,+20.1,+20.0,+20.2,+20.2
2023-07-14 12:10,4,+14.3,+3.3,+0.0,+0.0,+3.4,+15.9,+19.5,+19.6,+19.8,+20.1,+20.1,+20.2,+20.2
2023-07-14 13:10,4,+14.2,+3.3,+0.0,+0.0,+3.4,+15.9,+19.6,+19.6,+19.8,+20.1,+20.1,+20.2,+20.2
2023-07-14 14:10,4,+14.2,+3.3,+0.0,+0.0,+3.4,+15.9,+19.7,+19.6,+19.8,+20.1,+20.1,+20.2,+20.2
2023-07-14 15:10,4,+14.2,+3.3,+0.0,+0.0,+3.3,+15.9,+19.7,+19.7,+20.0,+20.0,+20.1,+20.2,+20.2
2023-07-14 16:10,4,+14.2,+3.3,+0.0,+0.0,+3.4,+16.0,+19.7,+19.7,+20.0,+20.0,+20.1,+20.2,+20.2
2023-07-14 17:10,4,+14.1,+3.3,+0.0,+0.0,+3.4,+15.9,+19.6,+19.7,+20.0,+20.0,+20.0,+20.2,+20.1
2023-07-14 18:10,4,+14.2,+3.2,+0.0,+0.0,+3.4,+16.0,+19.3,+19.7,+19.8,+20.0,+20.1,+20.2,+20.2
2023-07-14 19:10,4,+14.2,+3.2,+0.0,+0.0,+3.4,+16.0,+19.2,+19.6,+19.8,+20.0,+20.0,+20.2,+20.2
2023-07-14 20:10,4,+14.2,+3.2,+0.0,+0.0,+3.4,+16.0,+19.1,+19.6,+19.8,+20.0,+20.0,+20.2,+20.1
2023-07-14 21:10,4,+14.2,+3.2,+0.0,+0.0,+3.4,+16.0,+19.1,+19.6,+19.8,+20.0,+20.0,+20.2,+20.2
2023-07-14 22:10,4,+14.2,+3.2,+0.0,+0.0,+3.4,+16.0,+19.0,+19.6,+19.8,+20.0,+20.0,+20.1,+20.2
2023-07-14 23:10,4,+14.3,+3.2,+0.0,+0.0,+3.4,+16.0,+19.0,+19.5,+19.8,+20.0,+20.0,+20.2,+20.1
2023-07-15 00:10,4,+14.3,+3.2,+0.0,+0.0,+3.4,+16.0,+19.0,+19.5,+19.8,+20.0,+20.1,+20.2,+20.2
2023-07-15 01:10,4,+14.3,+3.2,+0.0,+0.0,+3.4,+16.0,+18.8,+19.5,+19.8,+20.0,+20.0,+20.2,+20.1
2023-07-15 02:10,4,+14.3,+3.2,+0.0,+0.0,+3.4,+16.0,+18.7,+19.3,+19.8,+20.0,+20.0,+20.2,+20.1
2023-07-15 03:10,4,+14.3,+3.2,+0.0,+0.0,+3.4,+16.0,+18.7,+19.3,+19.7,+20.0,+20.0,+20.1,+20.2
2023-07-15 04:10,4,+14.3,+3.2,+0.0,+0.0,+3.4,+16.0,+18.6,+19.3,+19.7,+20.0,+20.0,+20.1,+20.2
2023-07-15 05:10,4,+14.4,+3.2,+0.0,+0.0,+3.4,+16.0,+18.5,+19.3,+19.7,+20.0,+20.0,+20.1,+20.1
2023-07-15 06:10,4,+14.4,+3.2,+0.0,+0.0,+3.4,+16.0,+18.5,+19.2,+19.7,+20.0,+20.0,+20.2,+20.2
2023-07-15 07:10,4,+14.4,+3.2,+0.0,+0.0,+3.4,+16.1,+18.5,+19.1,+19.7,+20.0,+20.0,+20.1,+20.1
2023-07-15 08:10,4,+14.4,+3.2,+0.0,+0.0,+3.4,+16.1,+18.6,+19.1,+19.7,+19.8,+20.0,+20.1,+20.1
2023-07-15 09:10,4,+14.5,+3.2,+0.0,+0.0,+3.4,+16.0,+18.6,+19.1,+19.7,+20.0,+19.8,+20.2,+20.1
2023-07-15 10:10,4,+14.4,+3.2,+0.0,+0.0,+3.4,+16.1,+18.8,+19.1,+19.6,+20.0,+20.0,+20.1,+20.1
2023-07-15 11:10,4,+14.3,+3.2,+0.0,+0.0,+3.4,+16.1,+19.0,+19.1,+19.6,+19.8,+20.0,+20.1,+20.1
2023-07-15 12:10,4,+14.3,+3.2,+0.0,+0.0,+3.4,+16.1,+19.1,+19.1,+19.5,+19.8,+20.0,+20.2,+20.1
2023-07-15 13:10,4,+14.2,+3.2,+0.0,+0.0,+3.4,+16.1,+19.5,+19.1,+19.5,+19.8,+19.8,+20.1,+20.1
2023-07-15 14:10,4,+14.1,+3.2,+0.0,+0.0,+3.4,+16.1,+19.7,+19.2,+19.6,+19.8,+20.0,+20.1,+20.1
2023-07-15 15:10,4,+14.1,+3.2,+0.0,+0.0,+3.4,+16.1,+20.0,+19.3,+19.6,+19.7,+20.0,+20.1,+20.1
2023-07-15 16:10,4,+14.1,+3.2,+0.0,+0.0,+3.4,+16.1,+20.0,+19.5,+19.6,+19.8,+19.8,+20.0,+20.1
2023-07-15 17:10,4,+14.1,+3.2,+0.0,+0.0,+3.4,+16.1,+20.0,+19.6,+19.6,+19.7,+19.8,+20.0,+20.1
2023-07-15 18:10,4,+14.3,+3.2,+0.0,+0.0,+3.4,+16.1,+20.0,+19.7,+19.6,+19.8,+19.8,+20.0,+20.1
2023-07-15 19:10,4,+18.8,+3.6,+0.0,+0.0,+3.4,+16.1,+19.8,+19.7,+19.6,+19.7,+19.8,+20.1,+20.1
2023-07-15 20:10,4,+17.9,+4.3,+0.0,+0.0,+3.4,+16.1,+19.6,+19.7,+19.7,+19.7,+19.8,+20.0,+20.1
2023-07-15 21:10,4,+16.6,+4.1,+0.0,+0.0,+3.4,+16.1,+19.5,+19.7,+19.7,+19.7,+19.8,+20.1,+20.1
2023-07-15 22:10,4,+15.9,+4.0,+0.0,+0.0,+3.4,+16.1,+19.5,+19.7,+19.7,+19.7,+19.8,+20.1,+20.1
2023-07-15 23:10,4,+15.7,+4.0,+0.0,+0.0,+3.4,+16.1,+19.3,+19.7,+19.7,+19.7,+19.8,+20.1,+20.1
2023-07-16 00:10,4,+15.6,+3.9,+0.0,+0.0,+3.4,+16.1,+19.3,+19.6,+19.7,+19.8,+19.8,+20.1,+20.1
2023-07-16 01:10,4,+15.6,+3.9,+0.0,+0.0,+3.5,+16.2,+19.2,+19.6,+19.7,+19.7,+19.8,+20.1,+20.1
2023-07-16 02:10,4,+15.6,+3.8,+0.0,+0.0,+3.5,+16.1,+19.1,+19.6,+19.7,+19.8,+19.8,+20.1,+20.1
2023-07-16 03:10,4,+15.6,+3.8,+0.0,+0.0,+3.6,+16.2,+19.1,+19.6,+19.7,+19.8,+19.8,+20.0,+20.1
2023-07-16 04:10,4,+15.6,+3.8,+0.0,+0.0,+3.6,+16.2,+19.0,+19.5,+19.7,+19.8,+19.8,+20.1,+20.1
2023-07-16 05:10,4,+15.6,+3.8,+0.0,+0.0,+3.6,+16.2,+19.0,+19.5,+19.7,+19.8,+19.8,+20.0,+20.1
2023-07-16 06:10,4,+15.6,+3.8,+0.0,+0.0,+3.6,+16.2,+19.0,+19.5,+19.7,+19.8,+20.0,+20.1,+20.1
2023-07-16 07:10,4,+15.6,+3.7,+0.0,+0.0,+3.6,+16.2,+19.1,+19.5,+19.7,+19.8,+19.8,+20.1,+20.1
2023-07-16 08:10,4,+15.7,+3.7,+0.0,+0.0,+3.6,+16.2,+19.1,+19.3,+19.7,+19.8,+19.8,+20.1,+20.1
2023-07-16 09:10,4,+15.8,+3.7,+0.0,+0.0,+3.7,+16.3,+19.1,+19.3,+19.7,+19.8,+19.8,+20.0,+20.1
2023-07-16 10:10,4,+15.8,+3.7,+0.0,+0.0,+3.6,+16.3,+19.2,+19.3,+19.6,+19.8,+19.8,+20.0,+20.1
2023-07-16 11:10,4,+15.8,+3.7,+0.0,+0.0,+3.7,+16.3,+19.3,+19.3,+19.7,+19.8,+19.8,+20.1,+20.1
2023-07-16 12:10,4,+16.0,+3.7,+0.0,+0.0,+3.6,+16.3,+19.5,+19.5,+19.6,+19.8,+19.8,+20.1,+20.1
2023-07-16 13:10,4,+16.3,+3.8,+0.0,+0.0,+3.7,+16.3,+19.6,+19.5,+19.6,+19.8,+19.8,+20.0,+20.1
2023-07-16 14:10,4,+16.2,+3.8,+0.0,+0.0,+3.6,+16.3,+19.6,+19.5,+19.6,+19.7,+19.8,+20.0,+20.1
2023-07-16 15:10,4,+16.0,+3.8,+0.0,+0.0,+3.7,+16.3,+19.8,+19.5,+19.6,+19.8,+19.8,+20.0,+20.1
2023-07-16 16:10,4,+15.9,+3.8,+0.0,+0.0,+3.7,+16.4,+19.8,+19.6,+19.6,+19.7,+19.8,+20.0,+20.1
2023-07-16 17:10,4,+15.8,+3.8,+0.0,+0.0,+3.7,+16.4,+19.8,+19.7,+19.7,+19.7,+19.8,+20.0,+20.1
2023-07-16 18:10,4,+15.8,+3.8,+0.0,+0.0,+3.7,+16.4,+19.7,+19.7,+19.7,+19.7,+19.8,+20.1,+20.1
2023-07-16 19:10,4,+15.8,+3.8,+0.0,+0.0,+3.7,+16.4,+19.5,+19.7,+19.7,+19.7,+19.8,+20.0,+20.1
2023-07-16 20:10,4,+15.8,+3.8,+0.0,+0.0,+3.7,+16.4,+19.3,+19.6,+19.7,+19.7,+19.8,+20.0,+20.1
2023-07-16 21:10,4,+15.7,+3.8,+0.0,+0.0,+3.8,+16.4,+19.2,+19.6,+19.8,+19.8,+19.8,+20.0,+20.1
2023-07-16 22:10,4,+15.7,+3.8,+0.0,+0.0,+3.7,+16.4,+19.0,+19.6,+19.7,+19.7,+19.8,+20.0,+20.1
2023-07-16 23:10,4,+15.7,+3.8,+0.0,+0.0,+3.8,+16.4,+19.0,+19.6,+19.7,+19.7,+19.8,+20.0,+20.1
2023-07-17 00:10,4,+15.7,+3.8,+0.0,+0.0,+3.8,+16.5,+18.8,+19.5,+19.7,+19.8,+19.8,+20.0,+20.0
2023-07-17 01:10,4,+15.7,+3.7,+0.0,+0.0,+3.7,+16.4,+18.7,+19.3,+19.7,+19.7,+19.8,+20.0,+20.1
2023-07-17 02:10,4,+15.9,+3.7,+0.0,+0.0,+3.7,+16.4,+18.7,+19.3,+19.7,+19.7,+19.8,+20.0,+20.1
2023-07-17 03:10,4,+15.3,+3.7,+0.0,+0.0,+3.8,+16.4,+18.6,+19.3,+19.7,+19.8,+19.8,+20.0,+20.0
2023-07-17 04:10,4,+15.5,+3.7,+0.0,+0.0,+3.7,+16.4,+18.6,+19.2,+19.7,+19.8,+19.7,+20.0,+20.0
2023-07-17 05:10,4,+15.7,+3.7,+0.0,+0.0,+3.8,+16.4,+18.6,+19.1,+19.6,+19.7,+19.8,+20.0,+20.1
2023-07-17 06:10,4,+15.3,+3.7,+0.0,+0.0,+3.7,+16.4,+18.6,+19.1,+19.6,+19.7,+19.8,+20.0,+20.1
2023-07-17 07:10,4,+15.4,+3.7,+0.0,+0.0,+3.8,+16.5,+18.6,+19.1,+19.6,+19.8,+19.8,+20.0,+20.0
2023-07-17 08:10,4,+15.4,+3.7,+0.0,+0.0,+3.8,+16.5,+18.7,+19.1,+19.5,+19.7,+19.8,+20.0,+20.1
2023-07-17 09:10,4,+15.2,+3.7,+0.0,+0.0,+3.8,+16.5,+18.8,+19.1,+19.5,+19.7,+19.8,+20.0,+20.1
2023-07-17 10:10,4,+15.0,+3.7,+0.0,+0.0,+3.7,+16.5,+19.1,+19.1,+19.5,+19.7,+19.8,+20.0,+20.1
2023-07-17 11:10,4,+15.0,+3.7,+0.0,+0.0,+3.8,+16.5,+19.3,+19.2,+19.5,+19.7,+19.7,+20.0,+20.1
2023-07-17 12:10,4,+15.1,+3.7,+0.0,+0.0,+3.7,+16.4,+19.6,+19.2,+19.5,+19.7,+19.7,+20.0,+20.0
2023-07-17 13:10,4,+15.2,+3.7,+0.0,+0.0,+3.8,+16.5,+19.7,+19.3,+19.5,+19.7,+19.7,+20.0,+20.0
2023-07-17 14:10,4,+15.2,+3.7,+0.0,+0.0,+3.7,+16.5,+20.0,+19.3,+19.5,+19.7,+19.7,+20.0,+20.1
2023-07-17 15:10,4,+24.8,+8.4,+0.0,+0.0,+3.8,+16.5,+19.8,+19.6,+19.6,+19.7,+19.7,+20.0,+20.0
2023-07-17 16:10,4,+18.7,+4.7,+0.0,+0.0,+3.7,+16.5,+19.7,+19.6,+19.6,+19.7,+19.7,+20.0,+20.0
2023-07-17 17:10,4,+18.7,+4.6,+0.0,+0.0,+3.8,+16.5,+19.5,+19.7,+19.6,+19.7,+19.7,+19.8,+20.0
2023-07-17 18:10,4,+19.1,+4.7,+0.0,+0.0,+3.8,+16.5,+19.3,+19.7,+19.6,+19.6,+19.7,+20.0,+20.1
2023-07-17 19:10,4,+18.6,+4.6,+0.0,+0.0,+3.9,+16.5,+19.2,+19.6,+19.6,+19.7,+19.7,+19.8,+20.0
2023-07-17 20:10,4,+18.4,+4.5,+0.0,+0.0,+3.9,+16.5,+19.1,+19.5,+19.6,+19.7,+19.7,+19.8,+20.1
2023-07-17 21:10,4,+18.2,+4.4,+0.0,+0.0,+4.0,+16.6,+19.0,+19.5,+19.6,+19.7,+19.7,+20.0,+20.0
2023-07-17 22:10,4,+18.1,+4.4,+0.0,+0.0,+4.1,+16.7,+19.0,+19.5,+19.7,+19.6,+19.7,+19.8,+20.0
2023-07-17 23:10,4,+18.0,+4.3,+0.0,+0.0,+4.1,+16.8,+18.8,+19.3,+19.6,+19.7,+19.7,+20.0,+20.0
2023-07-18 00:10,4,+18.0,+4.3,+0.0,+0.0,+4.1,+16.8,+18.7,+19.3,+19.7,+19.7,+19.7,+20.0,+20.0
2023-07-18 01:10,4,+17.9,+4.2,+0.0,+0.0,+4.1,+16.8,+18.6,+19.2,+19.6,+19.7,+19.7,+20.0,+20.0
2023-07-18 02:10,4,+17.8,+4.2,+0.0,+0.0,+4.1,+16.9,+18.6,+19.2,+19.6,+19.7,+19.7,+19.8,+20.0
2023-07-18 03:10,4,+17.8,+4.2,+0.0,+0.0,+4.1,+16.9,+18.6,+19.1,+19.6,+19.7,+19.7,+20.0,+20.0
2023-07-18 04:10,4,+17.8,+4.1,+0.0,+0.0,+4.1,+16.9,+18.5,+19.1,+19.5,+19.7,+19.7,+19.8,+20.0
2023-07-18 05:10,4,+17.7,+4.1,+0.0,+0.0,+4.1,+16.9,+18.5,+19.1,+19.5,+19.7,+19.7,+20.0,+20.0
2023-07-18 06:10,4,+17.7,+4.1,+0.0,+0.0,+4.1,+16.9,+18.5,+19.0,+19.5,+19.7,+19.7,+19.8,+20.0
2023-07-18 07:10,4,+17.7,+4.1,+0.0,+0.0,+4.1,+16.9,+18.3,+19.0,+19.5,+19.6,+19.7,+20.0,+20.0
2023-07-18 08:10,4,+17.7,+4.1,+0.0,+0.0,+4.1,+16.9,+18.3,+19.0,+19.5,+19.7,+19.7,+19.8,+20.0
2023-07-18 09:10,4,+17.9,+4.1,+0.0,+0.0,+4.1,+16.9,+18.5,+19.0,+19.3,+19.7,+19.7,+19.8,+20.0
2023-07-18 10:10,4,+18.5,+4.1,+0.0,+0.0,+4.1,+16.9,+18.6,+19.0,+19.5,+19.7,+19.7,+19.8,+20.0
2023-07-18 11:10,4,+19.0,+4.1,+0.0,+0.0,+4.1,+16.9,+18.8,+19.0,+19.3,+19.6,+19.6,+19.8,+20.0
2023-07-18 12:10,4,+19.3,+4.1,+0.0,+0.0,+4.1,+16.9,+19.0,+19.0,+19.3,+19.6,+19.7,+20.0,+20.0
2023-07-18 13:10,4,+19.4,+4.0,+0.0,+0.0,+4.1,+16.9,+19.3,+19.0,+19.3,+19.6,+19.7,+19.8,+20.0
2023-07-18 14:10,4,+19.5,+4.0,+0.0,+0.0,+4.0,+16.9,+19.6,+19.1,+19.3,+19.6,+19.7,+19.8,+20.0
2023-07-18 15:10,4,+19.4,+4.0,+0.0,+0.0,+4.1,+16.9,+20.0,+19.2,+19.3,+19.6,+19.7,+19.8,+20.0
2023-07-18 16:10,4,+19.4,+4.0,+0.0,+0.0,+4.1,+16.9,+20.0,+19.3,+19.3,+19.6,+19.7,+19.8,+20.0
2023-07-18 17:10,4,+19.4,+4.0,+0.0,+0.0,+4.0,+16.9,+19.8,+19.5,+19.3,+19.6,+19.7,+19.8,+20.0
2023-07-18 18:10,4,+19.6,+4.0,+0.0,+0.0,+4.1,+16.9,+19.7,+19.5,+19.3,+19.6,+19.7,+19.8,+20.0
2023-07-18 19:10,4,+19.6,+4.0,+0.0,+0.0,+4.0,+16.9,+19.5,+19.6,+19.5,+19.5,+19.7,+19.8,+20.0
2023-07-18 20:10,4,+20.0,+4.0,+0.0,+0.0,+4.0,+16.9,+19.3,+19.6,+19.5,+19.5,+19.7,+19.8,+20.0
2023-07-18 21:10,4,+20.1,+4.0,+0.0,+0.0,+4.0,+16.9,+19.2,+19.5,+19.6,+19.6,+19.7,+20.0,+20.0
2023-07-18 22:10,4,+20.5,+4.0,+0.0,+0.0,+4.0,+16.9,+19.2,+19.5,+19.6,+19.6,+19.7,+19.8,+20.0
2023-07-18 23:10,4,+20.7,+4.0,+0.0,+0.0,+4.0,+16.9,+19.1,+19.5,+19.5,+19.6,+19.7,+19.8,+20.0
2023-07-19 00:10,4,+20.8,+4.0,+0.0,+0.0,+4.0,+16.8,+19.1,+19.3,+19.5,+19.6,+19.7,+19.8,+20.0
2023-07-19 01:10,4,+20.8,+4.0,+0.0,+0.0,+4.0,+16.9,+19.0,+19.3,+19.6,+19.6,+19.7,+19.8,+20.0
2023-07-19 02:10,4,+20.8,+4.0,+0.0,+0.0,+4.0,+16.8,+18.8,+19.3,+19.6,+19.6,+19.7,+19.8,+20.0
2023-07-19 03:10,4,+20.8,+4.0,+0.0,+0.0,+4.0,+16.8,+18.8,+19.3,+19.5,+19.6,+19.7,+19.8,+20.0
2023-07-19 04:10,4,+20.8,+4.0,+0.0,+0.0,+4.0,+16.8,+18.7,+19.2,+19.6,+19.6,+19.7,+20.0,+20.0
2023-07-19 05:10,4,+20.8,+4.0,+0.0,+0.0,+4.0,+16.8,+18.7,+19.2,+19.5,+19.6,+19.7,+20.0,+20.0
2023-07-19 06:10,4,+20.8,+4.0,+0.0,+0.0,+4.0,+16.8,+18.7,+19.1,+19.5,+19.6,+19.7,+19.8,+20.0
2023-07-19 07:10,4,+20.8,+4.0,+0.0,+0.0,+4.0,+16.9,+18.7,+19.1,+19.5,+19.6,+19.7,+20.0,+20.0
2023-07-19 08:10,4,+20.8,+4.0,+0.0,+0.0,+4.0,+16.8,+18.7,+19.1,+19.5,+19.6,+19.7,+19.8,+20.0
2023-07-19 09:10,4,+20.4,+3.9,+0.0,+0.0,+4.0,+16.9,+18.7,+19.1,+19.5,+19.7,+19.7,+19.8,+20.0
2023-07-19 10:10,4,+20.4,+3.9,+0.0,+0.0,+4.0,+16.9,+18.8,+19.0,+19.5,+19.6,+19.7,+19.8,+20.0
2023-07-19 11:10,4,+20.3,+3.9,+0.0,+0.0,+3.9,+16.9,+19.1,+19.0,+19.5,+19.6,+19.7,+19.8,+20.0
2023-07-19 12:10,4,+20.3,+3.9,+0.0,+0.0,+4.0,+16.9,+19.2,+19.1,+19.3,+19.6,+19.7,+19.8,+20.0
2023-07-19 13:10,4,+20.2,+3.9,+0.0,+0.0,+3.9,+16.9,+19.5,+19.2,+19.5,+19.6,+19.7,+20.0,+20.0
2023-07-19 14:10,4,+20.2,+3.9,+0.0,+0.0,+3.9,+16.9,+19.7,+19.2,+19.3,+19.6,+19.6,+19.8,+20.0
2023-07-19 15:10,4,+20.2,+3.9,+0.0,+0.0,+4.0,+16.9,+20.2,+19.3,+19.3,+19.6,+19.7,+19.8,+20.0
2023-07-19 16:10,4,+20.4,+3.9,+0.0,+0.0,+3.9,+16.9,+20.6,+19.5,+19.5,+19.6,+19.7,+19.8,+20.0
2023-07-19 17:10,4,+20.6,+3.9,+0.0,+0.0,+3.9,+16.9,+20.7,+19.6,+19.5,+19.6,+19.7,+19.8,+20.0
2023-07-19 18:10,4,+20.8,+3.9,+0.0,+0.0,+4.0,+16.9,+20.6,+19.8,+19.5,+19.6,+19.6,+19.8,+20.0
2023-07-19 19:10,4,+20.8,+3.9,+0.0,+0.0,+4.0,+16.9,+20.5,+20.0,+19.5,+19.6,+19.7,+19.8,+20.0
2023-07-19 20:10,4,+20.8,+3.9,+0.0,+0.0,+4.0,+17.0,+20.2,+20.0,+19.6,+19.6,+19.6,+19.8,+20.0
2023-07-19 21:10,4,+20.8,+3.9,+0.0,+0.0,+3.9,+16.9,+20.1,+20.0,+19.7,+19.6,+19.7,+19.8,+20.0
2023-07-19 22:10,4,+20.8,+3.9,+0.0,+0.0,+3.9,+16.9,+20.0,+20.0,+19.7,+19.6,+19.7,+20.0,+20.0
2023-07-19 23:10,4,+20.8,+3.9,+0.0,+0.0,+4.0,+16.9,+19.8,+20.0,+19.7,+19.6,+19.7,+19.8,+20.0
2023-07-20 00:10,4,+20.8,+3.9,+0.0,+0.0,+3.9,+16.9,+19.7,+20.0,+19.8,+19.6,+19.7,+20.0,+20.0
2023-07-20 01:10,4,+20.8,+3.9,+0.0,+0.0,+3.9,+16.9,+19.7,+19.8,+19.8,+19.7,+19.7,+20.0,+20.0
2023-07-20 02:10,4,+20.8,+3.9,+0.0,+0.0,+3.9,+16.9,+19.6,+19.8,+19.8,+19.7,+19.7,+20.0,+20.1
2023-07-20 03:10,4,+20.8,+3.9,+0.0,+0.0,+4.0,+16.9,+19.6,+19.8,+19.8,+19.7,+19.8,+20.0,+20.0
2023-07-20 04:10,4,+20.8,+3.9,+0.0,+0.0,+3.9,+16.9,+19.5,+19.7,+19.8,+19.7,+19.8,+20.0,+20.0
2023-07-20 05:10,4,+21.8,+3.9,+0.0,+0.0,+4.0,+16.9,+19.3,+19.7,+19.8,+19.7,+19.7,+20.0,+20.0
2023-07-20 06:10,4,+22.1,+3.9,+0.0,+0.0,+4.0,+16.9,+19.3,+19.7,+19.8,+19.8,+19.8,+20.0,+20.0
2023-07-20 07:10,4,+22.0,+3.9,+0.0,+0.0,+3.9,+16.9,+19.2,+19.6,+19.7,+19.8,+19.8,+20.0,+20.1
2023-07-20 08:10,4,+22.2,+3.9,+0.0,+0.0,+4.0,+16.9,+19.3,+19.6,+19.8,+19.8,+19.8,+20.0,+20.0
2023-07-20 09:10,4,+22.1,+4.0,+0.0,+0.0,+4.0,+17.0,+19.3,+19.6,+19.8,+19.8,+19.7,+20.0,+20.1
2023-07-20 10:10,4,+22.0,+4.0,+0.0,+0.0,+4.0,+17.0,+19.5,+19.6,+19.8,+19.8,+19.8,+20.0,+20.0
2023-07-20 11:10,4,+22.4,+4.0,+0.0,+0.0,+3.9,+16.9,+19.5,+19.6,+19.8,+19.7,+19.8,+20.0,+20.1
2023-07-20 12:10,4,+23.7,+4.0,+0.0,+0.0,+4.0,+16.9,+19.7,+19.6,+19.7,+19.7,+19.8,+20.0,+20.0
2023-07-20 13:10,4,+23.1,+4.0,+0.0,+0.0,+4.0,+16.9,+20.0,+19.6,+19.8,+19.8,+19.8,+20.0,+20.0
2023-07-20 14:10,4,+22.7,+4.1,+0.0,+0.0,+4.0,+16.9,+20.2,+19.7,+19.7,+19.8,+19.7,+20.0,+20.1
2023-07-20 15:10,4,+22.6,+4.1,+0.0,+0.0,+4.0,+16.9,+20.5,+19.7,+19.7,+19.8,+19.8,+20.1,+20.0
2023-07-20 16:10,4,+22.8,+4.1,+0.0,+0.0,+4.0,+16.9,+20.7,+20.0,+19.7,+19.8,+19.8,+20.0,+20.0
2023-07-20 17:10,4,+23.0,+4.1,+0.0,+0.0,+4.0,+16.9,+20.7,+20.0,+19.7,+19.8,+19.8,+20.0,+20.0
2023-07-20 18:10,4,+23.1,+4.2,+0.0,+0.0,+4.0,+17.0,+20.6,+20.2,+19.8,+19.7,+19.8,+20.0,+20.0
2023-07-20 19:10,4,+23.1,+4.2,+0.0,+0.0,+4.0,+16.9,+20.5,+20.1,+19.8,+19.8,+19.8,+20.0,+20.0
2023-07-20 20:10,4,+23.1,+4.2,+0.0,+0.0,+4.0,+16.9,+20.3,+20.2,+20.0,+19.8,+19.8,+20.0,+20.1
2023-07-20 21:10,4,+23.1,+4.2,+0.0,+0.0,+4.0,+16.9,+20.2,+20.2,+20.1,+19.8,+19.8,+20.0,+20.0
2023-07-20 22:10,4,+23.1,+4.2,+0.0,+0.0,+4.0,+16.9,+20.1,+20.2,+20.0,+19.8,+19.8,+20.0,+20.1
2023-07-20 23:10,4,+23.1,+4.2,+0.0,+0.0,+4.0,+16.9,+20.0,+20.2,+20.0,+20.0,+19.8,+20.0,+20.1
2023-07-21 00:10,4,+23.1,+4.2,+0.0,+0.0,+4.0,+17.0,+19.8,+20.1,+20.0,+19.8,+19.8,+20.0,+20.0
2023-07-21 01:10,4,+23.1,+4.2,+0.0,+0.0,+4.0,+16.9,+19.8,+20.1,+20.0,+19.8,+19.8,+20.1,+20.0
2023-07-21 02:10,4,+23.1,+4.2,+0.0,+0.0,+3.9,+16.9,+19.8,+20.0,+20.1,+20.0,+19.8,+20.0,+20.0
2023-07-21 03:10,4,+23.2,+4.2,+0.0,+0.0,+4.0,+16.9,+19.7,+20.0,+20.0,+20.0,+19.8,+20.0,+20.0
2023-07-21 04:10,4,+23.3,+4.2,+0.0,+0.0,+4.0,+16.9,+19.7,+20.0,+20.1,+20.0,+19.8,+20.0,+20.0
2023-07-21 05:10,4,+27.6,+4.7,+0.0,+0.0,+4.0,+16.9,+19.7,+20.0,+20.1,+20.0,+19.8,+20.0,+20.0
2023-07-21 06:10,4,+25.0,+4.6,+0.0,+0.0,+4.0,+16.9,+19.6,+20.0,+20.0,+20.0,+20.0,+20.0,+20.0
2023-07-21 07:10,4,+24.2,+4.6,+0.0,+0.0,+4.0,+16.9,+19.6,+19.8,+20.0,+20.0,+19.8,+20.0,+20.0
2023-07-21 08:10,4,+23.9,+4.6,+0.0,+0.0,+4.0,+16.9,+19.6,+19.8,+20.0,+20.0,+19.8,+20.0,+20.0
2023-07-21 09:10,4,+23.7,+4.6,+0.0,+0.0,+4.0,+16.9,+19.7,+19.8,+20.0,+20.0,+19.8,+20.0,+20.1
2023-07-21 10:10,4,+23.6,+4.6,+0.0,+0.0,+4.0,+17.0,+19.7,+19.8,+20.0,+20.0,+19.8,+20.0,+20.0
2023-07-21 11:10,4,+23.5,+4.6,+0.0,+0.0,+4.0,+16.9,+19.8,+19.8,+20.0,+20.1,+19.8,+20.1,+20.0
2023-07-21 12:10,4,+23.4,+4.5,+0.0,+0.0,+4.1,+17.0,+20.0,+19.8,+20.0,+20.0,+19.8,+20.0,+20.0
2023-07-21 13:10,4,+23.3,+4.5,+0.0,+0.0,+4.1,+17.0,+20.2,+20.0,+20.0,+20.0,+19.8,+20.0,+20.0
2023-07-21 14:10,4,+23.2,+4.5,+0.0,+0.0,+4.1,+17.0,+20.5,+20.0,+20.0,+20.0,+19.8,+20.0,+20.0
2023-07-21 15:10,4,+23.2,+4.5,+0.0,+0.0,+4.1,+17.0,+20.5,+20.1,+20.0,+20.0,+20.0,+20.1,+20.0
2023-07-21 16:10,4,+23.1,+4.5,+0.0,+0.0,+4.2,+17.1,+20.8,+20.1,+20.0,+20.0,+20.0,+20.1,+20.1
2023-07-21 17:10,4,+23.1,+4.5,+0.0,+0.0,+4.2,+17.0,+20.8,+20.2,+20.0,+20.0,+20.0,+20.1,+20.1
2023-07-21 18:10,4,+23.1,+4.5,+0.0,+0.0,+4.2,+17.1,+20.8,+20.3,+20.1,+20.0,+19.8,+20.1,+20.1
2023-07-21 19:10,4,+23.1,+4.4,+0.0,+0.0,+4.2,+17.1,+20.6,+20.5,+20.1,+20.0,+20.0,+20.1,+20.0
2023-07-21 20:10,4,+33.0,+6.5,+0.0,+0.0,+4.1,+17.0,+20.5,+20.5,+20.1,+20.0,+20.0,+20.1,+20.1
2023-07-21 21:10,4,+25.7,+5.1,+0.0,+0.0,+4.1,+17.0,+20.3,+20.5,+20.2,+20.0,+20.0,+20.1,+20.1
2023-07-21 22:10,4,+24.6,+5.0,+0.0,+0.0,+4.2,+17.0,+20.2,+20.3,+20.2,+20.1,+20.0,+20.2,+20.1
2023-07-21 23:10,4,+24.2,+4.9,+0.0,+0.0,+4.2,+17.1,+20.2,+20.3,+20.2,+20.1,+20.0,+20.1,+20.1
2023-07-22 00:10,4,+24.0,+4.9,+0.0,+0.0,+4.3,+17.1,+20.0,+20.3,+20.2,+20.0,+20.0,+20.1,+20.1
2023-07-22 01:10,4,+23.8,+4.8,+0.0,+0.0,+4.3,+17.1,+20.0,+20.2,+20.3,+20.1,+20.0,+20.1,+20.1
2023-07-22 02:10,4,+23.7,+4.8,+0.0,+0.0,+4.3,+17.1,+19.8,+20.2,+20.2,+20.1,+20.0,+20.1,+20.1
2023-07-22 03:10,4,+23.7,+4.7,+0.0,+0.0,+4.4,+17.1,+19.7,+20.2,+20.2,+20.1,+20.0,+20.2,+20.1
2023-07-22 04:10,4,+23.6,+4.7,+0.0,+0.0,+4.4,+17.1,+19.7,+20.1,+20.2,+20.1,+20.0,+20.2,+20.1
2023-07-22 05:10,4,+23.6,+4.7,+0.0,+0.1,+4.4,+17.2,+19.6,+20.1,+20.2,+20.1,+20.1,+20.2,+20.1
2023-07-22 06:10,4,+23.5,+4.7,+0.0,+0.1,+4.5,+17.3,+19.6,+20.0,+20.2,+20.2,+20.1,+20.2,+20.2
2023-07-22 07:10,4,+23.5,+4.7,+0.0,+0.0,+4.4,+17.2,+19.6,+20.0,+20.2,+20.1,+20.1,+20.2,+20.2
2023-07-22 08:10,4,+23.4,+4.7,+0.0,+0.1,+4.4,+17.3,+19.6,+20.0,+20.2,+20.1,+20.0,+20.2,+20.1
2023-07-22 09:10,4,+23.3,+4.6,+0.0,+0.1,+4.4,+17.3,+19.7,+19.8,+20.1,+20.1,+20.1,+20.2,+20.1
2023-07-22 10:10,4,+23.3,+4.6,+0.0,+0.0,+4.4,+17.3,+20.0,+19.8,+20.1,+20.1,+20.0,+20.2,+20.1
2023-07-22 11:10,4,+23.3,+4.6,+0.0,+0.0,+4.4,+17.3,+20.0,+19.8,+20.1,+20.1,+20.1,+20.2,+20.2
2023-07-22 12:10,4,+23.2,+4.6,+0.0,+0.0,+4.4,+17.3,+20.2,+20.0,+20.1,+20.1,+20.1,+20.2,+20.2
2023-07-22 13:10,4,+23.2,+4.6,+0.0,+0.0,+4.4,+17.3,+20.3,+20.0,+20.1,+20.1,+20.1,+20.2,+20.1
2023-07-22 14:10,4,+23.3,+4.6,+0.0,+0.1,+4.5,+17.3,+20.6,+20.1,+20.1,+20.1,+20.0,+20.2,+20.2
2023-07-22 15:10,4,+23.4,+4.6,+0.0,+0.0,+4.4,+17.4,+20.8,+20.2,+20.1,+20.1,+20.1,+20.2,+20.1
2023-07-22 16:10,4,+23.4,+4.5,+0.0,+0.1,+4.5,+17.4,+21.1,+20.3,+20.1,+20.1,+20.1,+20.2,+20.2
2023-07-22 17:10,4,+23.5,+4.5,+0.0,+0.1,+4.4,+17.3,+21.1,+20.3,+20.2,+20.2,+20.1,+20.2,+20.2
2023-07-22 18:10,4,+23.5,+4.6,+0.0,+0.0,+4.4,+17.4,+21.1,+20.5,+20.2,+20.1,+20.1,+20.2,+20.2
2023-07-22 19:10,4,+23.5,+4.6,+0.0,+0.1,+4.5,+17.4,+20.8,+20.6,+20.2,+20.1,+20.1,+20.2,+20.1
2023-07-22 20:10,4,+23.5,+4.5,+0.0,+0.1,+4.5,+17.4,+20.7,+20.6,+20.3,+20.1,+20.1,+20.3,+20.2
2023-07-22 21:10,4,+23.5,+4.5,+0.0,+0.0,+4.4,+17.3,+20.6,+20.6,+20.3,+20.2,+20.1,+20.2,+20.2
2023-07-22 22:10,4,+23.5,+4.5,+0.0,+0.1,+4.4,+17.4,+20.3,+20.6,+20.3,+20.2,+20.1,+20.3,+20.2
2023-07-22 23:10,4,+23.5,+4.5,+0.0,+0.0,+4.4,+17.4,+20.2,+20.5,+20.3,+20.2,+20.1,+20.3,+20.2
2023-07-23 00:10,4,+23.5,+4.5,+0.0,+0.0,+4.4,+17.4,+20.1,+20.5,+20.3,+20.2,+20.2,+20.3,+20.2
2023-07-23 01:10,4,+23.5,+4.5,+0.0,+0.2,+4.5,+17.4,+19.8,+20.3,+20.3,+20.2,+20.2,+20.3,+20.2
2023-07-23 02:10,4,+23.5,+4.5,+0.0,+0.0,+4.4,+17.3,+19.7,+20.3,+20.3,+20.2,+20.2,+20.3,+20.2
2023-07-23 03:10,4,+23.4,+4.5,+0.0,+0.0,+4.4,+17.3,+19.6,+20.2,+20.3,+20.3,+20.2,+20.3,+20.3
2023-07-23 04:10,4,+23.4,+4.5,+0.0,+0.0,+4.4,+17.3,+19.5,+20.1,+20.3,+20.3,+20.2,+20.3,+20.2
2023-07-23 05:10,4,+23.4,+4.5,+0.0,+0.2,+4.5,+17.4,+19.3,+20.1,+20.3,+20.2,+20.2,+20.3,+20.3
2023-07-23 06:10,4,+23.4,+4.5,+0.0,+0.0,+4.4,+17.3,+19.2,+20.0,+20.3,+20.2,+20.2,+20.3,+20.2
2023-07-23 07:10,4,+23.4,+4.5,+0.0,+0.0,+4.4,+17.3,+19.2,+19.8,+20.2,+20.3,+20.2,+20.3,+20.2
2023-07-23 08:10,4,+23.3,+4.5,+0.0,+0.0,+4.4,+17.3,+19.1,+19.8,+20.2,+20.2,+20.2,+20.3,+20.3
2023-07-23 09:10,4,+23.3,+4.5,+0.0,+0.1,+4.4,+17.4,+19.1,+19.7,+20.2,+20.2,+20.2,+20.3,+20.2
2023-07-23 10:10,4,+23.3,+4.4,+0.0,+0.2,+4.5,+17.4,+19.1,+19.7,+20.1,+20.2,+20.2,+20.3,+20.2
2023-07-23 11:10,4,+23.2,+4.4,+0.0,+0.2,+4.5,+17.4,+19.2,+19.6,+20.1,+20.2,+20.2,+20.3,+20.2
2023-07-23 12:10,4,+23.2,+4.4,+0.0,+0.0,+4.4,+17.4,+19.3,+19.6,+20.1,+20.2,+20.2,+20.3,+20.2
2023-07-23 13:10,4,+23.1,+4.4,+0.0,+0.1,+4.5,+17.4,+19.6,+19.7,+20.1,+20.2,+20.1,+20.3,+20.2
2023-07-23 14:10,4,+23.1,+4.4,+0.0,+0.1,+4.4,+17.4,+20.0,+19.7,+20.0,+20.2,+20.2,+20.3,+20.2
2023-07-23 15:10,4,+23.1,+4.4,+0.0,+0.0,+4.4,+17.4,+20.8,+19.8,+20.0,+20.1,+20.2,+20.2,+20.2
2023-07-23 16:10,4,+23.1,+4.4,+0.0,+0.1,+4.5,+17.4,+21.2,+20.0,+20.0,+20.2,+20.1,+20.3,+20.2
2023-07-23 17:10,4,+23.1,+4.4,+0.0,+0.1,+4.5,+17.4,+21.2,+20.1,+20.0,+20.1,+20.1,+20.2,+20.2
2023-07-23 18:10,4,+23.2,+4.4,+0.0,+0.0,+4.4,+17.4,+21.1,+20.3,+20.1,+20.1,+20.1,+20.2,+20.2
2023-07-23 19:10,4,+23.3,+4.4,+0.0,+0.0,+4.4,+17.4,+20.8,+20.5,+20.1,+20.1,+20.1,+20.3,+20.3
2023-07-23 20:10,4,+23.4,+4.4,+0.0,+0.2,+4.5,+17.4,+20.6,+20.5,+20.2,+20.1,+20.2,+20.3,+20.2
2023-07-23 21:10,4,+23.4,+4.4,+0.0,+0.0,+4.4,+17.3,+20.5,+20.5,+20.2,+20.2,+20.2,+20.3,+20.3
2023-07-23 22:10,4,+23.4,+4.4,+0.0,+0.2,+4.5,+17.4,+20.3,+20.5,+20.3,+20.2,+20.2,+20.3,+20.3
2023-07-23 23:10,4,+23.4,+4.4,+0.0,+0.1,+4.4,+17.4,+20.2,+20.5,+20.3,+20.2,+20.2,+20.3,+20.3
2023-07-24 00:10,4,+23.4,+4.4,+0.0,+0.1,+4.4,+17.4,+20.0,+20.3,+20.3,+20.2,+20.2,+20.5,+20.3
2023-07-24 01:10,4,+23.4,+4.4,+0.0,+0.1,+4.4,+17.4,+19.8,+20.2,+20.3,+20.2,+20.2,+20.5,+20.3
2023-07-24 02:10,4,+23.4,+4.4,+0.0,+0.2,+4.5,+17.4,+19.7,+20.2,+20.3,+20.2,+20.3,+20.5,+20.3
2023-07-24 03:10,4,+23.4,+4.4,+0.0,+0.2,+4.5,+17.4,+19.6,+20.1,+20.3,+20.3,+20.3,+20.5,+20.3
2023-07-24 04:10,4,+23.4,+4.4,+0.0,+0.1,+4.5,+17.4,+19.6,+20.1,+20.2,+20.2,+20.2,+20.3,+20.3
2023-07-24 05:10,4,+23.4,+4.4,+0.0,+0.2,+4.5,+17.4,+19.5,+20.1,+20.3,+20.2,+20.2,+20.5,+20.3
2023-07-24 06:10,4,+23.4,+4.4,+0.0,+0.2,+4.5,+17.4,+19.5,+20.0,+20.2,+20.3,+20.2,+20.5,+20.3
2023-07-24 07:10,4,+23.4,+4.4,+0.0,+0.1,+4.5,+17.4,+19.5,+20.0,+20.2,+20.2,+20.2,+20.3,+20.3
2023-07-24 08:10,4,+23.4,+4.4,+0.0,+0.2,+4.5,+17.4,+19.5,+20.0,+20.2,+20.3,+20.2,+20.5,+20.3
2023-07-24 09:10,4,+23.4,+4.4,+0.0,+0.1,+4.5,+17.4,+19.5,+19.8,+20.2,+20.2,+20.3,+20.5,+20.3
2023-07-24 10:10,4,+23.3,+4.4,+0.0,+0.1,+4.5,+17.4,+19.6,+19.8,+20.2,+20.3,+20.2,+20.5,+20.3
2023-07-24 11:10,4,+23.3,+4.4,+0.0,+0.2,+4.5,+17.4,+19.6,+19.8,+20.1,+20.2,+20.2,+20.5,+20.3
2023-07-24 12:10,4,+23.3,+4.7,+0.0,+0.6,+4.8,+17.6,+19.6,+19.8,+20.2,+20.2,+20.3,+20.5,+20.3
2023-07-24 13:10,4,+23.3,+5.0,+0.0,+1.5,+5.5,+17.9,+19.7,+19.8,+20.1,+20.3,+20.2,+20.3,+20.3
2023-07-24 14:10,4,+23.3,+5.0,+0.0,+1.9,+5.7,+18.2,+19.8,+19.8,+20.1,+20.2,+20.2,+20.5,+20.3
2023-07-24 15:10,4,+23.3,+5.1,+0.0,+2.0,+5.8,+18.3,+20.0,+19.8,+20.1,+20.2,+20.2,+20.5,+20.3
2023-07-24 16:10,4,+23.3,+5.1,+0.0,+2.0,+5.9,+18.4,+20.0,+19.8,+20.1,+20.2,+20.2,+20.5,+20.3
2023-07-24 17:10,4,+23.3,+5.1,+0.0,+1.9,+5.8,+18.4,+20.0,+20.0,+20.1,+20.2,+20.2,+20.3,+20.3
2023-07-24 18:10,4,+23.3,+5.1,+0.0,+2.0,+5.9,+18.4,+19.8,+20.0,+20.1,+20.2,+20.2,+20.3,+20.3
2023-07-24 19:10,4,+23.3,+5.1,+0.0,+1.9,+5.8,+18.4,+19.7,+20.0,+20.1,+20.2,+20.2,+20.3,+20.3
2023-07-24 20:10,4,+23.3,+5.1,+0.0,+1.8,+5.8,+18.4,+19.6,+20.0,+20.1,+20.2,+20.2,+20.3,+20.3
2023-07-24 21:10,4,+23.2,+5.1,+0.0,+2.0,+5.9,+18.4,+19.5,+20.0,+20.1,+20.2,+20.2,+20.3,+20.3
2023-07-24 22:10,4,+23.3,+5.1,+0.0,+1.9,+5.9,+18.4,+19.3,+19.8,+20.1,+20.2,+20.2,+20.3,+20.3
2023-07-24 23:10,4,+23.3,+5.1,+0.0,+1.9,+5.9,+18.4,+19.2,+19.8,+20.1,+20.2,+20.2,+20.3,+20.3
2023-07-25 00:10,4,+23.2,+5.1,+0.0,+1.9,+5.8,+18.4,+19.1,+19.7,+20.1,+20.2,+20.2,+20.3,+20.3
2023-07-25 01:10,4,+23.2,+5.1,+0.0,+2.0,+5.9,+18.4,+19.2,+19.7,+20.1,+20.2,+20.2,+20.3,+20.3
2023-07-25 02:10,4,+23.3,+5.1,+0.0,+2.0,+5.9,+18.4,+19.2,+19.7,+20.1,+20.2,+20.2,+20.3,+20.3
2023-07-25 03:10,4,+23.3,+5.1,+0.0,+1.9,+5.8,+18.4,+19.1,+19.6,+20.0,+20.2,+20.2,+20.3,+20.3
2023-07-25 04:10,4,+23.4,+5.1,+0.0,+1.9,+5.8,+18.4,+19.1,+19.6,+20.0,+20.2,+20.2,+20.3,+20.3
2023-07-25 05:10,4,+23.5,+5.1,+0.0,+2.0,+5.9,+18.4,+19.0,+19.6,+20.0,+20.1,+20.2,+20.3,+20.2
2023-07-25 06:10,4,+23.5,+5.1,+0.0,+1.9,+5.8,+18.4,+18.8,+19.5,+20.0,+20.2,+20.2,+20.3,+20.3
2023-07-25 07:10,4,+23.5,+5.1,+0.0,+1.9,+5.9,+18.4,+18.8,+19.5,+19.8,+20.2,+20.2,+20.3,+20.2
2023-07-25 08:10,4,+23.5,+5.1,+0.0,+1.9,+5.9,+18.4,+18.8,+19.3,+20.0,+20.1,+20.1,+20.3,+20.3
2023-07-25 09:10,4,+23.6,+5.1,+0.0,+1.8,+5.8,+18.4,+18.8,+19.3,+19.8,+20.1,+20.2,+20.3,+20.2
2023-07-25 10:10,4,+23.5,+5.1,+0.0,+1.9,+5.8,+18.4,+19.0,+19.3,+19.8,+20.1,+20.1,+20.3,+20.2
2023-07-25 11:10,4,+23.5,+5.1,+0.0,+2.0,+5.9,+18.5,+19.0,+19.3,+19.8,+20.1,+20.1,+20.2,+20.2
2023-07-25 12:10,4,+23.5,+5.1,+0.0,+1.9,+5.8,+18.4,+19.1,+19.3,+19.8,+20.1,+20.1,+20.3,+20.3
2023-07-25 13:10,4,+23.5,+5.1,+0.0,+1.9,+5.8,+18.4,+19.1,+19.2,+19.8,+20.1,+20.1,+20.3,+20.3
2023-07-25 14:10,4,+23.4,+5.1,+0.0,+2.0,+5.9,+18.5,+19.5,+19.3,+19.8,+20.0,+20.1,+20.2,+20.2
2023-07-25 15:10,4,+23.4,+5.1,+0.0,+1.9,+5.9,+18.4,+19.7,+19.5,+19.7,+20.0,+20.1,+20.3,+20.2
2023-07-25 16:10,4,+23.4,+5.1,+0.0,+1.9,+5.9,+18.4,+19.8,+19.5,+19.7,+20.1,+20.1,+20.3,+20.2
2023-07-25 17:10,4,+23.3,+5.1,+0.0,+1.9,+5.9,+18.4,+19.8,+19.6,+19.7,+20.1,+20.1,+20.2,+20.2
2023-07-25 18:10,4,+23.3,+5.1,+0.0,+1.9,+5.9,+18.5,+19.8,+19.6,+19.7,+20.0,+20.1,+20.2,+20.2
2023-07-25 19:10,4,+23.4,+5.1,+0.0,+1.8,+5.8,+18.4,+19.7,+19.7,+19.7,+20.0,+20.1,+20.2,+20.2
2023-07-25 20:10,4,+23.4,+5.1,+0.0,+1.9,+5.9,+18.4,+19.6,+19.7,+19.8,+20.0,+20.1,+20.2,+20.2
2023-07-25 21:10,4,+23.4,+5.1,+0.0,+1.8,+5.8,+18.4,+19.3,+19.7,+19.8,+20.0,+20.1,+20.2,+20.2
2023-07-25 22:10,4,+23.4,+5.1,+0.0,+1.9,+5.9,+18.4,+19.3,+19.7,+19.8,+20.0,+20.1,+20.2,+20.2
2023-07-25 23:10,4,+23.4,+5.1,+0.0,+1.9,+5.8,+18.4,+19.1,+19.6,+19.8,+20.0,+20.1,+20.2,+20.2
2023-07-26 00:10,4,+23.4,+5.1,+0.0,+2.0,+5.9,+18.5,+19.0,+19.6,+19.8,+20.0,+20.1,+20.2,+20.2
2023-07-26 01:10,4,+23.3,+5.1,+0.0,+1.9,+5.9,+18.4,+18.8,+19.5,+19.8,+20.0,+20.0,+20.2,+20.2
2023-07-26 02:10,4,+23.4,+5.1,+0.0,+2.0,+5.9,+18.5,+18.7,+19.5,+19.8,+20.0,+20.0,+20.2,+20.2
2023-07-26 03:10,4,+23.3,+5.1,+0.0,+1.9,+5.9,+18.4,+18.6,+19.3,+19.8,+20.0,+20.1,+20.2,+20.2
2023-07-26 04:10,4,+23.3,+5.1,+0.0,+1.9,+5.9,+18.4,+18.5,+19.3,+19.7,+20.0,+20.0,+20.2,+20.2
2023-07-26 05:10,4,+23.3,+5.1,+0.0,+1.9,+5.9,+18.4,+18.3,+19.2,+19.7,+20.0,+20.1,+20.2,+20.2
2023-07-26 06:10,4,+23.4,+5.1,+0.0,+1.9,+5.9,+18.4,+18.2,+19.1,+19.7,+20.0,+20.0,+20.2,+20.2
2023-07-26 07:10,4,+23.3,+5.1,+0.0,+1.9,+5.9,+18.4,+18.1,+19.1,+19.7,+20.0,+20.0,+20.2,+20.2
2023-07-26 08:10,4,+23.5,+5.1,+0.0,+2.0,+5.9,+18.5,+18.2,+19.0,+19.7,+20.0,+20.1,+20.2,+20.2
2023-07-26 09:10,4,+23.3,+5.1,+0.0,+2.0,+5.9,+18.5,+18.2,+18.8,+19.6,+20.0,+20.0,+20.2,+20.2
2023-07-26 10:10,4,+23.2,+5.1,+0.0,+2.0,+5.9,+18.4,+18.3,+19.0,+19.6,+19.8,+20.0,+20.2,+20.2
2023-07-26 11:10,4,+23.2,+5.1,+0.0,+1.9,+5.9,+18.4,+18.5,+18.8,+19.5,+20.0,+20.0,+20.2,+20.2
2023-07-26 12:10,4,+23.1,+5.1,+0.0,+2.0,+5.9,+18.4,+18.7,+19.0,+19.5,+19.8,+20.0,+20.2,+20.2
2023-07-26 13:10,4,+23.1,+5.1,+0.0,+2.0,+5.9,+18.4,+19.0,+18.8,+19.5,+19.8,+20.0,+20.1,+20.2
2023-07-26 14:10,4,+23.1,+5.1,+0.0,+2.0,+5.9,+18.4,+19.2,+19.0,+19.5,+19.8,+20.0,+20.1,+20.1
2023-07-26 15:10,4,+23.1,+5.1,+0.0,+2.0,+5.9,+18.4,+19.5,+19.1,+19.5,+19.8,+19.8,+20.1,+20.1
2023-07-26 16:10,4,+23.1,+5.1,+0.0,+2.0,+5.9,+18.4,+19.7,+19.2,+19.5,+19.7,+19.8,+20.0,+20.1
2023-07-26 17:10,4,+23.1,+5.1,+0.0,+1.9,+5.9,+18.4,+19.7,+19.3,+19.5,+19.7,+19.8,+20.0,+20.1
2023-07-26 18:10,4,+23.1,+5.1,+0.0,+1.9,+5.9,+18.4,+19.7,+19.5,+19.5,+19.7,+19.8,+20.0,+20.1
2023-07-26 19:10,4,+23.1,+5.1,+0.0,+1.9,+5.9,+18.4,+19.6,+19.5,+19.6,+19.7,+19.8,+20.0,+20.1
2023-07-26 20:10,4,+23.1,+5.1,+0.0,+1.9,+5.9,+18.4,+19.6,+19.6,+19.6,+19.7,+19.8,+20.1,+20.1
2023-07-26 21:10,4,+23.1,+5.1,+0.0,+1.9,+5.9,+18.4,+19.5,+19.5,+19.6,+19.7,+19.8,+20.1,+20.1
2023-07-26 22:10,4,+23.1,+5.1,+0.0,+2.0,+5.9,+18.5,+19.3,+19.5,+19.6,+19.7,+19.8,+20.0,+20.1
2023-07-26 23:10,4,+23.1,+5.1,+0.0,+2.0,+5.9,+18.4,+19.2,+19.5,+19.6,+19.7,+19.8,+20.1,+20.1
2023-07-27 00:10,4,+23.2,+5.1,+0.0,+1.9,+5.9,+18.4,+19.1,+19.5,+19.6,+19.7,+19.8,+20.0,+20.1
2023-07-27 01:10,4,+23.1,+5.1,+0.0,+1.9,+5.9,+18.4,+19.1,+19.5,+19.6,+19.7,+19.8,+20.0,+20.1
2023-07-27 02:10,4,+23.1,+5.1,+0.0,+2.0,+5.9,+18.4,+19.0,+19.3,+19.6,+19.7,+19.8,+20.0,+20.1
2023-07-27 03:10,4,+23.1,+5.1,+0.0,+1.9,+5.9,+18.4,+18.8,+19.3,+19.7,+19.8,+19.8,+20.1,+20.1
2023-07-27 04:10,4,+23.1,+5.1,+0.0,+2.0,+5.9,+18.5,+18.8,+19.3,+19.6,+19.7,+19.8,+20.0,+20.1
2023-07-27 05:10,4,+23.1,+5.1,+0.0,+1.9,+5.9,+18.4,+18.7,+19.2,+19.6,+19.7,+19.8,+20.0,+20.1
2023-07-27 06:10,4,+23.0,+5.1,+0.0,+1.9,+5.9,+18.4,+18.7,+19.2,+19.6,+19.7,+19.8,+20.0,+20.1
2023-07-27 07:10,4,+23.1,+5.1,+0.0,+2.0,+5.9,+18.4,+18.7,+19.2,+19.6,+19.8,+19.8,+20.1,+20.1
2023-07-27 08:10,4,+24.4,+5.1,+0.0,+2.0,+5.9,+18.4,+18.7,+19.2,+19.6,+19.7,+19.8,+20.1,+20.1
2023-07-27 09:10,4,+25.2,+5.1,+0.0,+2.0,+5.9,+18.4,+18.7,+19.2,+19.6,+19.7,+19.8,+20.0,+20.1
2023-07-27 10:10,4,+24.8,+5.1,+0.0,+2.0,+5.9,+18.5,+18.8,+19.1,+19.5,+19.7,+19.8,+20.0,+20.1
2023-07-27 11:10,4,+24.6,+5.1,+0.0,+2.0,+5.9,+18.5,+18.8,+19.1,+19.5,+19.8,+19.8,+20.0,+20.1
2023-07-27 12:10,4,+24.3,+5.2,+0.0,+2.0,+5.9,+18.5,+19.0,+19.1,+19.6,+19.7,+19.8,+20.0,+20.1
2023-07-27 13:10,4,+24.2,+5.2,+0.0,+1.9,+5.9,+18.4,+19.2,+19.2,+19.5,+19.7,+19.8,+20.0,+20.1
2023-07-27 14:10,4,+24.1,+5.2,+0.0,+1.9,+5.9,+18.4,+19.5,+19.2,+19.5,+19.7,+19.8,+20.0,+20.1
2023-07-27 15:10,4,+24.1,+5.2,+0.0,+2.0,+5.9,+18.5,+19.7,+19.2,+19.5,+19.7,+19.8,+20.0,+20.1
2023-07-27 16:10,4,+24.0,+5.2,+0.0,+2.0,+5.9,+18.5,+19.8,+19.3,+19.5,+19.7,+19.8,+20.0,+20.0
2023-07-27 17:10,4,+24.0,+5.2,+0.0,+1.9,+5.9,+18.4,+20.0,+19.5,+19.5,+19.7,+19.7,+20.0,+20.1
2023-07-27 18:10,4,+24.0,+5.2,+0.0,+1.9,+5.9,+18.4,+19.8,+19.6,+19.5,+19.7,+19.8,+20.0,+20.0
2023-07-27 19:10,4,+24.0,+5.2,+0.0,+1.9,+5.9,+18.4,+19.7,+19.6,+19.6,+19.7,+19.8,+20.0,+20.1
2023-07-27 20:10,4,+23.9,+5.2,+0.0,+1.9,+5.9,+18.5,+19.6,+19.7,+19.6,+19.7,+19.8,+20.0,+20.1
2023-07-27 21:10,4,+23.9,+5.2,+0.0,+1.8,+5.9,+18.4,+19.5,+19.7,+19.6,+19.7,+19.8,+20.0,+20.1
2023-07-27 22:10,4,+23.9,+5.2,+0.0,+1.8,+5.9,+18.4,+19.5,+19.6,+19.6,+19.7,+19.8,+20.0,+20.1
2023-07-27 23:10,4,+23.9,+5.3,+0.0,+1.8,+5.9,+18.4,+19.3,+19.6,+19.7,+19.7,+19.8,+20.0,+20.1
2023-07-28 00:10,4,+23.9,+5.3,+0.0,+1.9,+5.9,+18.5,+19.2,+19.6,+19.7,+19.7,+19.7,+20.0,+20.0
2023-07-28 01:10,4,+23.8,+5.2,+0.0,+1.8,+5.9,+18.4,+19.2,+19.6,+19.7,+19.7,+19.8,+20.0,+20.1
2023-07-28 02:10,4,+23.8,+5.3,+0.0,+1.9,+6.0,+18.5,+19.1,+19.5,+19.7,+19.7,+19.8,+20.0,+20.1
2023-07-28 03:10,4,+23.8,+5.2,+0.0,+1.9,+6.0,+18.5,+19.0,+19.5,+19.7,+19.7,+19.8,+20.0,+20.0
2023-07-28 04:10,4,+23.8,+5.3,+0.0,+1.8,+5.9,+18.4,+18.8,+19.3,+19.7,+19.7,+19.8,+20.0,+20.1
2023-07-28 05:10,4,+23.8,+5.2,+0.0,+1.8,+5.9,+18.4,+18.7,+19.3,+19.7,+19.7,+19.7,+20.0,+20.1
2023-07-28 06:10,4,+23.8,+5.2,+0.0,+1.9,+6.0,+18.5,+18.6,+19.3,+19.7,+19.7,+19.8,+20.0,+20.1
2023-07-28 07:10,4,+23.7,+5.2,+0.0,+1.9,+5.9,+18.4,+18.6,+19.2,+19.6,+19.7,+19.8,+20.0,+20.1
2023-07-28 08:10,4,+23.7,+5.3,+0.0,+1.9,+6.0,+18.5,+18.6,+19.1,+19.6,+19.7,+19.8,+20.0,+20.1
2023-07-28 09:10,4,+23.7,+5.3,+0.0,+2.0,+6.0,+18.5,+18.7,+19.1,+19.6,+19.7,+19.8,+20.0,+20.0
2023-07-28 10:10,4,+23.6,+5.2,+0.0,+2.0,+6.0,+18.5,+18.8,+19.1,+19.5,+19.7,+19.7,+20.0,+20.1