
2024-10-17 09:02,1,+48.7,+44.0,+28.2,+29.3,+40.6,+34.8,+19.8,+19.0,+19.3,+19.6,+19.5,+19.6,+19.3
2024-10-17 10:02,1,+48.6,+44.0,+28.2,+29.2,+40.6,+34.8,+19.5,+19.0,+19.3,+19.6,+19.5,+19.6,+19.3
2024-10-17 11:02,1,+48.6,+43.9,+28.1,+29.2,+40.6,+34.8,+19.5,+19.0,+19.3,+19.6,+19.5,+19.6,+19.3
2024-10-17 12:02,1,+48.6,+43.9,+28.1,+29.2,+40.6,+34.8,+19.6,+19.1,+19.3,+19.6,+19.5,+19.6,+19.3
2024-10-17 13:02,1,+48.6,+43.9,+28.1,+29.3,+40.6,+34.8,+19.6,+19.2,+19.3,+19.6,+19.5,+19.6,+19.3
2024-10-17 14:02,1,+48.7,+43.8,+28.1,+29.3,+40.6,+34.8,+19.6,+19.1,+19.3,+19.6,+19.5,+19.6,+19.3
2024-10-17 15:02,1,+48.7,+43.8,+28.1,+29.1,+40.6,+34.8,+19.7,+19.1,+19.3,+19.6,+19.5,+19.6,+19.3
2024-10-17 16:02,1,+48.7,+43.8,+28.1,+29.3,+40.6,+34.8,+19.7,+19.2,+19.3,+19.6,+19.5,+19.6,+19.3
2024-10-17 17:02,1,+48.8,+43.7,+28.1,+29.1,+40.6,+34.8,+19.7,+19.1,+19.3,+19.6,+19.5,+19.6,+19.3
2024-10-17 18:02,1,+48.9,+43.7,+28.1,+29.2,+40.6,+34.8,+19.7,+19.2,+19.3,+19.6,+19.5,+19.6,+19.3
2024-10-17 19:02,1,+48.9,+43.7,+28.1,+29.1,+40.6,+34.8,+19.6,+19.1,+19.3,+19.6,+19.5,+19.6,+19.3
2024-10-17 20:02,1,+48.9,+43.7,+28.1,+29.1,+40.6,+34.8,+19.6,+19.2,+19.3,+19.7,+19.5,+19.6,+19.3
2024-10-17 21:02,1,+48.9,+43.7,+28.1,+29.1,+40.6,+34.8,+19.6,+19.2,+19.3,+19.6,+19.5,+19.6,+19.3
2024-10-17 22:02,1,+48.8,+43.7,+28.1,+29.2,+40.6,+34.8,+19.5,+19.2,+19.3,+19.6,+19.5,+19.6,+19.3
2024-10-17 23:02,1,+48.8,+43.7,+28.1,+29.2,+40.6,+34.8,+19.5,+19.2,+19.3,+19.6,+19.3,+19.6,+19.3
2024-10-18 00:02,1,+48.8,+43.6,+28.1,+29.1,+40.5,+34.8,+19.5,+19.1,+19.3,+19.6,+19.5,+19.6,+19.3
2024-10-18 01:02,1,+48.8,+43.6,+28.1,+29.1,+40.5,+34.8,+19.3,+19.2,+19.5,+19.7,+19.5,+19.6,+19.3
2024-10-18 02:02,1,+48.7,+43.6,+28.1,+29.1,+40.5,+34.8,+19.3,+19.1,+19.3,+19.6,+19.5,+19.6,+19.3
2024-10-18 03:02,1,+48.7,+43.6,+28.1,+29.1,+40.5,+34.8,+19.3,+19.1,+19.3,+19.7,+19.5,+19.6,+19.3
2024-10-18 04:02,1,+48.7,+43.5,+28.1,+29.1,+40.5,+34.8,+19.2,+19.1,+19.5,+19.7,+19.5,+19.6,+19.3
2024-10-18 05:02,1,+48.6,+43.5,+28.0,+29.2,+40.6,+34.8,+19.2,+19.1,+19.3,+19.6,+19.5,+19.6,+19.3
2024-10-18 06:02,1,+48.6,+43.5,+28.1,+29.2,+40.6,+34.8,+19.2,+19.0,+19.3,+19.6,+19.5,+19.6,+19.3
2024-10-18 07:02,1,+48.6,+43.4,+28.1,+29.2,+40.6,+34.8,+19.1,+19.0,+19.3,+19.6,+19.5,+19.6,+19.3
2024-10-18 08:02,1,+48.6,+43.4,+28.0,+29.1,+40.5,+34.8,+19.2,+19.0,+19.3,+19.7,+19.5,+19.6,+19.3
2024-10-18 09:02,1,+48.6,+43.4,+28.0,+29.1,+40.5,+34.8,+19.2,+19.0,+19.3,+19.6,+19.5,+19.6,+19.3
2024-10-18 10:02,1,+48.6,+43.3,+28.0,+29.1,+40.5,+34.8,+19.3,+19.0,+19.3,+19.7,+19.5,+19.6,+19.5
2024-10-18 11:02,1,+48.6,+43.3,+28.0,+29.1,+40.5,+34.8,+19.5,+19.0,+19.3,+19.6,+19.5,+19.6,+19.5
2024-10-18 12:02,1,+48.6,+43.3,+28.0,+29.2,+40.6,+34.8,+19.5,+19.1,+19.3,+19.6,+19.5,+19.6,+19.5
2024-10-18 13:02,1,+48.5,+43.2,+28.0,+29.2,+40.6,+34.8,+19.6,+19.1,+19.3,+19.6,+19.6,+19.7,+19.3
2024-10-18 14:02,1,+48.6,+43.2,+28.0,+29.1,+40.5,+34.8,+19.7,+19.1,+19.3,+19.7,+19.5,+19.7,+19.3
2024-10-18 15:02,1,+52.9,+45.1,+28.1,+29.3,+40.6,+34.9,+19.7,+19.2,+19.3,+19.7,+19.5,+19.7,+19.3
2024-10-18 16:02,1,+53.1,+48.3,+29.2,+29.3,+40.6,+34.8,+19.6,+19.2,+19.3,+19.7,+19.5,+19.7,+19.3
2024-10-18 17:02,1,+51.9,+47.7,+30.8,+30.3,+40.8,+34.9,+19.6,+19.2,+19.3,+19.7,+19.5,+19.7,+19.3
2024-10-18 18:02,1,+50.3,+46.8,+29.1,+31.6,+41.1,+35.2,+19.6,+19.0,+19.3,+19.7,+19.6,+19.7,+19.6
2024-10-18 19:02,1,+50.2,+46.8,+29.1,+31.7,+41.2,+35.2,+19.6,+19.1,+19.3,+19.7,+19.6,+19.7,+19.6
2024-10-18 20:02,1,+50.2,+46.7,+29.1,+31.6,+41.1,+35.2,+19.5,+19.1,+19.3,+19.7,+19.6,+19.7,+19.5
2024-10-18 21:02,1,+50.2,+46.7,+29.0,+31.6,+41.1,+35.2,+19.5,+19.1,+19.3,+19.7,+19.6,+19.7,+19.5
2024-10-18 22:02,1,+50.2,+46.7,+29.0,+31.6,+41.1,+35.2,+19.5,+19.2,+19.3,+19.7,+19.6,+19.7,+19.5
2024-10-18 23:02,1,+50.1,+46.6,+29.0,+31.7,+41.2,+35.2,+19.5,+19.1,+19.3,+19.7,+19.6,+19.7,+19.5
2024-10-19 00:02,1,+50.1,+46.6,+29.0,+31.7,+41.2,+35.2,+19.3,+19.1,+19.3,+19.7,+19.6,+19.7,+19.6
2024-10-19 01:02,1,+50.0,+46.5,+29.0,+31.6,+41.1,+35.2,+19.3,+19.1,+19.3,+19.7,+19.6,+19.7,+19.5
2024-10-19 02:02,1,+50.0,+46.5,+29.0,+31.5,+41.1,+35.2,+19.2,+19.1,+19.3,+19.7,+19.6,+19.7,+19.5
2024-10-19 03:02,1,+50.0,+46.5,+29.0,+31.7,+41.2,+35.3,+19.2,+19.1,+19.3,+19.7,+19.6,+19.7,+19.5
2024-10-19 04:02,1,+50.0,+46.4,+28.9,+31.7,+41.2,+35.3,+19.2,+19.1,+19.3,+19.7,+19.5,+19.7,+19.5
2024-10-19 05:02,1,+49.9,+46.4,+28.9,+31.7,+41.2,+35.3,+19.1,+19.1,+19.3,+19.7,+19.6,+19.7,+19.5
2024-10-19 06:02,1,+49.9,+46.4,+28.9,+31.5,+41.1,+35.2,+19.1,+19.0,+19.3,+19.7,+19.6,+19.7,+19.5
2024-10-19 07:02,1,+49.9,+46.3,+28.9,+31.6,+41.2,+35.3,+19.1,+19.0,+19.3,+19.7,+19.6,+19.7,+19.6
2024-10-19 08:02,1,+49.8,+46.3,+28.8,+31.5,+41.1,+35.2,+19.1,+19.0,+19.3,+19.7,+19.6,+19.7,+19.5
2024-10-19 09:02,1,+49.8,+46.3,+28.8,+31.6,+41.2,+35.2,+19.1,+19.0,+19.3,+19.7,+19.6,+19.7,+19.6
2024-10-19 10:02,1,+49.8,+46.2,+28.8,+31.5,+41.1,+35.2,+19.0,+19.0,+19.3,+19.7,+19.6,+19.7,+19.5
2024-10-19 11:02,1,+49.9,+46.2,+28.8,+31.6,+41.1,+35.3,+19.1,+19.0,+19.3,+19.7,+19.6,+19.7,+19.5
2024-10-19 12:02,1,+50.2,+46.1,+28.8,+31.6,+41.2,+35.2,+19.1,+18.8,+19.3,+19.7,+19.6,+19.7,+19.6
2024-10-19 13:02,1,+50.8,+46.3,+28.8,+31.6,+41.1,+35.3,+19.1,+18.8,+19.3,+19.7,+19.6,+19.7,+19.5
2024-10-19 14:02,1,+51.4,+46.6,+28.8,+31.7,+41.2,+35.3,+19.1,+18.8,+19.3,+19.7,+19.6,+19.7,+19.6
2024-10-19 15:02,1,+51.7,+47.0,+28.9,+31.8,+41.2,+35.3,+19.1,+19.0,+19.3,+19.7,+19.6,+19.8,+19.5
2024-10-19 16:02,1,+51.7,+47.3,+29.0,+31.9,+41.2,+35.3,+19.1,+18.8,+19.2,+19.7,+19.6,+19.7,+19.5
2024-10-19 17:02,1,+51.5,+47.4,+29.1,+31.9,+41.2,+35.3,+19.1,+19.0,+19.2,+19.7,+19.6,+19.7,+19.5
2024-10-19 18:02,1,+51.3,+47.6,+29.2,+31.7,+41.1,+35.3,+19.1,+18.8,+19.2,+19.7,+19.6,+19.7,+19.6
2024-10-19 19:02,1,+51.1,+47.6,+29.2,+31.8,+41.1,+35.3,+19.1,+19.0,+19.3,+19.7,+19.6,+19.7,+19.6
2024-10-19 20:02,1,+51.0,+47.5,+29.3,+31.8,+41.1,+35.3,+19.1,+19.0,+19.2,+19.7,+19.6,+19.7,+19.5
2024-10-19 21:02,1,+50.9,+47.5,+29.3,+31.9,+41.2,+35.3,+19.0,+19.0,+19.2,+19.7,+19.6,+19.7,+19.6
2024-10-19 22:02,1,+50.8,+47.4,+29.3,+32.0,+41.2,+35.3,+19.0,+18.8,+19.2,+19.6,+19.6,+19.7,+19.6
2024-10-19 23:02,1,+50.7,+47.4,+29.3,+32.0,+41.2,+35.3,+19.0,+18.8,+19.3,+19.7,+19.6,+19.8,+19.6
2024-10-20 00:02,1,+50.6,+47.3,+29.3,+31.9,+41.2,+35.3,+19.0,+18.8,+19.2,+19.7,+19.5,+19.7,+19.5
2024-10-20 01:02,1,+50.6,+47.3,+29.2,+32.0,+41.2,+35.3,+18.8,+18.8,+19.3,+19.7,+19.6,+19.7,+19.6
2024-10-20 02:02,1,+50.5,+47.2,+29.2,+31.9,+41.2,+35.3,+18.7,+18.7,+19.3,+19.7,+19.6,+19.7,+19.5
2024-10-20 03:02,1,+50.5,+47.2,+29.2,+32.0,+41.3,+35.3,+18.8,+18.8,+19.2,+19.6,+19.6,+19.8,+19.5
2024-10-20 04:02,1,+50.4,+47.1,+29.2,+31.9,+41.2,+35.3,+18.7,+18.7,+19.2,+19.6,+19.6,+19.7,+19.5
2024-10-20 05:02,1,+50.4,+47.1,+29.2,+31.9,+41.2,+35.3,+18.7,+18.7,+19.2,+19.6,+19.6,+19.7,+19.5
2024-10-20 06:02,1,+50.3,+47.0,+29.2,+31.9,+41.2,+35.3,+18.7,+18.7,+19.2,+19.7,+19.6,+19.7,+19.5
2024-10-20 07:02,1,+50.3,+47.0,+29.1,+31.9,+41.2,+35.3,+18.7,+18.7,+19.2,+19.7,+19.6,+19.8,+19.6
2024-10-20 08:02,1,+50.3,+47.0,+29.1,+32.0,+41.3,+35.3,+18.7,+18.7,+19.2,+19.6,+19.6,+19.7,+19.5
2024-10-20 09:02,1,+50.2,+46.9,+29.1,+31.9,+41.2,+35.3,+18.7,+18.7,+19.2,+19.6,+19.5,+19.7,+19.5
2024-10-20 10:02,1,+50.2,+46.9,+29.0,+31.9,+41.2,+35.3,+18.7,+18.7,+19.2,+19.7,+19.6,+19.7,+19.6
2024-10-20 11:02,1,+50.2,+46.9,+29.0,+32.0,+41.3,+35.3,+18.7,+18.6,+19.1,+19.7,+19.6,+19.7,+19.5
2024-10-20 12:02,1,+50.1,+46.8,+29.0,+31.9,+41.2,+35.3,+18.7,+18.6,+19.1,+19.6,+19.5,+19.7,+19.6
2024-10-20 13:02,1,+50.1,+46.8,+29.0,+32.0,+41.3,+35.3,+18.8,+18.6,+19.2,+19.7,+19.5,+19.7,+19.5
2024-10-20 14:02,1,+50.1,+46.7,+29.0,+31.9,+41.2,+35.3,+19.0,+18.7,+19.1,+19.6,+19.6,+19.7,+19.5
2024-10-20 15:02,1,+50.1,+46.7,+28.9,+31.9,+41.2,+35.3,+19.1,+18.7,+19.1,+19.6,+19.5,+19.7,+19.5
2024-10-20 16:02,1,+50.1,+46.6,+28.9,+31.9,+41.2,+35.3,+19.2,+18.7,+19.1,+19.6,+19.6,+19.7,+19.6
2024-10-20 17:02,1,+50.0,+46.6,+28.9,+31.9,+41.2,+35.3,+19.3,+18.7,+19.1,+19.6,+19.6,+19.7,+19.5
2024-10-20 18:02,1,+50.0,+46.6,+28.9,+31.9,+41.2,+35.3,+19.3,+18.8,+19.1,+19.6,+19.6,+19.7,+19.5
2024-10-20 19:02,1,+50.0,+46.5,+28.9,+31.9,+41.2,+35.3,+19.3,+18.8,+19.1,+19.6,+19.5,+19.7,+19.6
2024-10-20 20:02,1,+50.0,+46.5,+28.8,+31.9,+41.2,+35.3,+19.3,+18.8,+19.2,+19.6,+19.5,+19.7,+19.6
2024-10-20 21:02,1,+50.6,+46.6,+28.9,+31.9,+41.2,+35.3,+19.3,+18.8,+19.2,+19.6,+19.6,+19.7,+19.6
2024-10-20 22:02,1,+50.9,+46.7,+28.9,+31.9,+41.2,+35.3,+19.3,+19.0,+19.1,+19.6,+19.5,+19.7,+19.5
2024-10-20 23:02,1,+50.9,+46.8,+28.9,+32.0,+41.3,+35.4,+19.2,+19.0,+19.2,+19.6,+19.5,+19.7,+19.5
2024-10-21 00:02,1,+50.9,+46.9,+28.9,+31.9,+41.2,+35.3,+19.2,+19.0,+19.2,+19.6,+19.5,+19.8,+19.5
2024-10-21 01:02,1,+50.8,+46.9,+28.9,+32.0,+41.2,+35.4,+19.2,+18.8,+19.2,+19.6,+19.5,+19.7,+19.5
2024-10-21 02:02,1,+50.8,+47.0,+28.9,+31.9,+41.2,+35.3,+19.2,+19.0,+19.2,+19.6,+19.5,+19.7,+19.6
2024-10-21 03:02,1,+50.7,+47.0,+28.9,+32.0,+41.2,+35.3,+19.2,+19.0,+19.2,+19.6,+19.5,+19.7,+19.5
2024-10-21 04:02,1,+50.7,+47.0,+29.0,+31.9,+41.2,+35.3,+19.2,+19.0,+19.2,+19.6,+19.5,+19.7,+19.5
2024-10-21 05:02,1,+50.6,+47.0,+29.0,+31.9,+41.2,+35.3,+19.1,+19.0,+19.2,+19.6,+19.5,+19.7,+19.5
2024-10-21 06:02,1,+50.6,+47.0,+29.0,+31.9,+41.2,+35.3,+19.1,+18.8,+19.2,+19.6,+19.5,+19.7,+19.5
2024-10-21 07:02,1,+50.5,+47.0,+29.0,+31.9,+41.2,+35.3,+19.0,+18.8,+19.2,+19.6,+19.5,+19.7,+19.5
2024-10-21 08:02,1,+50.5,+47.0,+29.0,+31.9,+41.2,+35.3,+19.1,+18.8,+19.2,+19.6,+19.5,+19.7,+19.5
2024-10-21 09:02,1,+50.5,+47.0,+29.0,+32.1,+41.2,+35.3,+19.1,+18.8,+19.2,+19.6,+19.6,+19.7,+19.5
2024-10-21 10:02,1,+50.4,+46.9,+29.0,+31.9,+41.2,+35.3,+19.1,+18.8,+19.2,+19.6,+19.6,+19.7,+19.5
2024-10-21 11:02,1,+50.4,+46.9,+29.0,+32.0,+41.2,+35.3,+19.1,+18.8,+19.2,+19.6,+19.6,+19.7,+19.5
2024-10-21 12:02,1,+50.4,+46.9,+29.0,+32.0,+41.2,+35.3,+19.1,+18.8,+19.2,+19.6,+19.5,+19.7,+19.5
2024-10-21 13:02,1,+50.4,+46.9,+28.9,+32.0,+41.2,+35.3,+19.2,+18.8,+19.2,+19.6,+19.5,+19.7,+19.5
2024-10-21 14:02,1,+50.4,+46.9,+28.9,+32.1,+41.2,+35.3,+19.3,+18.8,+19.2,+19.6,+19.5,+19.7,+19.5
2024-10-21 15:02,1,+50.3,+46.8,+28.9,+32.1,+41.2,+35.3,+19.3,+19.0,+19.2,+19.6,+19.5,+19.7,+19.5
2024-10-21 16:02,1,+50.3,+46.8,+28.9,+32.1,+41.2,+35.3,+19.5,+19.0,+19.2,+19.6,+19.5,+19.7,+19.5
2024-10-21 17:02,1,+50.3,+46.8,+28.9,+31.9,+41.2,+35.3,+19.5,+19.0,+19.2,+19.6,+19.5,+19.7,+19.5
2024-10-21 18:02,1,+50.3,+46.7,+28.9,+31.9,+41.2,+35.3,+19.5,+19.0,+19.2,+19.6,+19.6,+19.7,+19.5
2024-10-21 19:02,1,+50.2,+46.7,+28.9,+32.0,+41.2,+35.3,+19.5,+19.0,+19.2,+19.6,+19.5,+19.7,+19.5
2024-10-21 20:02,1,+50.2,+46.7,+28.8,+32.0,+41.2,+35.3,+19.5,+19.0,+19.2,+19.7,+19.5,+19.7,+19.5
2024-10-21 21:02,1,+50.2,+46.7,+28.9,+31.9,+41.2,+35.3,+19.3,+19.0,+19.2,+19.6,+19.5,+19.7,+19.5
2024-10-21 22:02,1,+50.2,+46.7,+28.8,+32.0,+41.2,+35.3,+19.3,+19.1,+19.3,+19.6,+19.5,+19.7,+19.5
2024-10-21 23:02,1,+50.2,+46.7,+28.8,+32.0,+41.2,+35.3,+19.3,+19.1,+19.3,+19.6,+19.5,+19.7,+19.5
2024-10-22 00:02,1,+50.2,+46.6,+28.8,+32.0,+41.2,+35.3,+19.2,+19.0,+19.2,+19.6,+19.5,+19.7,+19.5
2024-10-22 01:02,1,+50.1,+46.6,+28.8,+32.0,+41.2,+35.3,+19.2,+19.0,+19.3,+19.6,+19.5,+19.7,+19.6
2024-10-22 02:02,1,+50.1,+46.6,+28.8,+31.9,+41.2,+35.3,+19.2,+19.0,+19.2,+19.6,+19.5,+19.7,+19.5
2024-10-22 03:02,1,+50.1,+46.6,+28.8,+31.9,+41.2,+35.3,+19.1,+19.0,+19.3,+19.6,+19.5,+19.7,+19.6
2024-10-22 04:02,1,+50.0,+46.5,+28.8,+31.9,+41.2,+35.3,+19.1,+19.1,+19.3,+19.6,+19.5,+19.7,+19.5
2024-10-22 05:02,1,+50.0,+46.5,+28.8,+31.9,+41.1,+35.3,+19.1,+19.0,+19.3,+19.6,+19.6,+19.7,+19.5
2024-10-22 06:02,1,+50.0,+46.5,+28.7,+31.9,+41.2,+35.3,+19.1,+19.0,+19.3,+19.6,+19.5,+19.7,+19.5
2024-10-22 07:02,1,+50.0,+46.4,+28.7,+31.9,+41.1,+35.3,+19.1,+19.0,+19.3,+19.6,+19.6,+19.7,+19.5
2024-10-22 08:02,1,+50.0,+46.4,+28.7,+31.9,+41.2,+35.3,+19.0,+18.8,+19.2,+19.6,+19.5,+19.7,+19.5
2024-10-22 09:02,1,+50.0,+46.4,+28.7,+31.9,+41.2,+35.3,+19.0,+18.8,+19.3,+19.6,+19.6,+19.7,+19.5
2024-10-22 10:02,1,+49.9,+46.3,+28.7,+31.9,+41.2,+35.3,+18.8,+18.8,+19.2,+19.6,+19.5,+19.7,+19.6
2024-10-22 11:02,1,+49.9,+46.3,+28.7,+31.8,+41.1,+35.3,+19.0,+18.8,+19.2,+19.6,+19.6,+19.7,+19.5
2024-10-22 12:02,1,+49.9,+46.3,+28.7,+31.9,+41.2,+35.3,+19.0,+18.8,+19.3,+19.6,+19.6,+19.7,+19.6
2024-10-22 13:02,1,+49.9,+46.3,+28.7,+31.9,+41.1,+35.3,+19.1,+18.8,+19.2,+19.6,+19.5,+19.7,+19.5
2024-10-22 14:02,1,+49.9,+46.2,+28.7,+31.9,+41.1,+35.3,+19.2,+18.8,+19.2,+19.7,+19.5,+19.7,+19.5
2024-10-22 15:02,1,+49.9,+46.2,+28.6,+31.9,+41.1,+35.3,+19.2,+18.8,+19.2,+19.6,+19.5,+19.7,+19.5
2024-10-22 16:02,1,+49.9,+46.1,+28.6,+31.8,+41.1,+35.2,+19.3,+18.8,+19.2,+19.6,+19.5,+19.7,+19.5
2024-10-22 17:02,1,+49.8,+46.1,+28.6,+31.8,+41.1,+35.3,+19.3,+18.8,+19.2,+19.6,+19.5,+19.7,+19.5
2024-10-22 18:02,1,+49.8,+46.1,+28.6,+31.7,+41.1,+35.3,+19.6,+19.0,+19.2,+19.6,+19.5,+19.7,+19.5
2024-10-22 19:02,1,+49.8,+46.1,+28.6,+31.9,+41.1,+35.3,+19.6,+19.0,+19.3,+19.6,+19.5,+19.7,+19.5
2024-10-22 20:02,1,+49.9,+46.0,+28.6,+31.9,+41.1,+35.3,+19.6,+19.0,+19.2,+19.6,+19.6,+19.7,+19.5
2024-10-22 21:02,1,+49.9,+46.0,+28.6,+31.9,+41.1,+35.3,+19.6,+19.0,+19.2,+19.6,+19.6,+19.7,+19.5
2024-10-22 22:02,1,+50.1,+46.0,+28.6,+31.7,+41.1,+35.2,+19.5,+19.1,+19.3,+19.7,+19.5,+19.7,+19.5
2024-10-22 23:02,1,+50.3,+46.0,+28.6,+31.9,+41.1,+35.3,+19.5,+19.1,+19.2,+19.7,+19.6,+19.7,+19.5
2024-10-23 00:02,1,+50.4,+46.1,+28.6,+31.8,+41.1,+35.3,+19.3,+19.1,+19.3,+19.6,+19.5,+19.7,+19.5
2024-10-23 01:02,1,+50.5,+46.1,+28.6,+31.9,+41.1,+35.3,+19.3,+19.1,+19.3,+19.6,+19.5,+19.7,+19.5
2024-10-23 02:02,1,+50.5,+46.2,+28.6,+31.8,+41.1,+35.3,+19.3,+19.1,+19.2,+19.6,+19.5,+19.7,+19.5
2024-10-23 03:02,1,+50.5,+46.3,+28.6,+31.9,+41.1,+35.3,+19.2,+19.1,+19.3,+19.6,+19.5,+19.7,+19.5
2024-10-23 04:02,1,+50.4,+46.3,+28.6,+31.7,+41.1,+35.3,+19.2,+19.0,+19.3,+19.6,+19.5,+19.7,+19.5
2024-10-23 05:02,1,+50.4,+46.3,+28.6,+31.9,+41.1,+35.3,+19.2,+19.1,+19.3,+19.6,+19.5,+19.7,+19.5
2024-10-23 06:02,1,+50.4,+46.3,+28.6,+31.7,+41.1,+35.3,+19.2,+19.0,+19.3,+19.6,+19.6,+19.7,+19.5
2024-10-23 07:02,1,+50.4,+46.3,+28.6,+31.8,+41.1,+35.3,+19.1,+19.0,+19.3,+19.6,+19.6,+19.7,+19.5
2024-10-23 08:02,1,+50.4,+46.3,+28.6,+31.9,+41.1,+35.3,+19.2,+19.0,+19.3,+19.6,+19.5,+19.7,+19.5
2024-10-23 09:02,1,+50.3,+46.3,+28.6,+31.8,+41.1,+35.3,+19.2,+19.0,+19.3,+19.6,+19.5,+19.7,+19.5
2024-10-23 10:02,1,+50.4,+46.3,+28.6,+31.8,+41.1,+35.3,+19.2,+19.0,+19.3,+19.7,+19.6,+19.7,+19.5
2024-10-23 11:02,1,+50.3,+46.3,+28.6,+31.7,+41.0,+35.2,+19.2,+19.0,+19.2,+19.6,+19.6,+19.6,+19.5
2024-10-23 12:02,1,+50.4,+46.3,+28.6,+31.7,+41.0,+35.2,+19.2,+19.0,+19.3,+19.6,+19.5,+19.7,+19.5
2024-10-23 13:02,1,+53.5,+46.9,+29.0,+31.9,+41.1,+35.3,+19.2,+19.0,+19.3,+19.6,+19.6,+19.7,+19.5
2024-10-23 14:02,1,+53.1,+49.8,+29.7,+32.1,+41.1,+35.3,+19.2,+19.0,+19.2,+19.6,+19.6,+19.7,+19.5
2024-10-23 15:02,1,+53.9,+50.7,+30.6,+32.2,+41.1,+35.3,+19.2,+19.0,+19.3,+19.6,+19.5,+19.7,+19.5
2024-10-23 16:02,1,+53.1,+50.6,+31.6,+33.3,+41.3,+35.3,+19.1,+18.8,+19.2,+19.7,+19.5,+19.7,+19.5
2024-10-23 17:02,1,+52.2,+49.8,+31.4,+33.9,+41.8,+35.4,+19.1,+18.8,+19.2,+19.7,+19.6,+19.7,+19.5
2024-10-23 18:02,1,+51.8,+49.4,+31.1,+34.1,+42.1,+35.6,+19.1,+18.8,+19.2,+19.6,+19.6,+19.7,+19.5
2024-10-23 19:02,1,+51.6,+49.0,+30.8,+34.0,+42.2,+35.8,+19.1,+18.8,+19.3,+19.6,+19.5,+19.7,+19.5
2024-10-23 20:02,1,+51.4,+48.8,+30.6,+34.0,+42.2,+35.9,+19.2,+18.8,+19.2,+19.6,+19.5,+19.7,+19.5
2024-10-23 21:02,1,+51.3,+48.6,+30.5,+33.8,+42.1,+36.0,+19.2,+19.0,+19.2,+19.6,+19.5,+19.7,+19.5
2024-10-23 22:02,1,+51.2,+48.4,+30.3,+33.7,+42.1,+36.1,+19.1,+19.0,+19.2,+19.6,+19.5,+19.7,+19.5
2024-10-23 23:02,1,+51.1,+48.3,+30.3,+33.7,+42.1,+36.1,+19.1,+18.8,+19.2,+19.6,+19.5,+19.7,+19.5
2024-10-24 00:02,1,+51.0,+48.2,+30.2,+33.6,+42.1,+36.1,+19.1,+18.8,+19.3,+19.6,+19.5,+19.7,+19.5
2024-10-24 01:02,1,+51.0,+48.1,+30.1,+33.8,+42.1,+36.1,+19.1,+18.8,+19.2,+19.6,+19.5,+19.7,+19.5
2024-10-24 02:02,1,+50.9,+48.0,+30.0,+33.6,+42.0,+36.1,+19.1,+18.8,+19.2,+19.6,+19.5,+19.7,+19.5
2024-10-24 03:02,1,+50.8,+47.9,+29.9,+33.9,+42.0,+36.1,+19.1,+18.8,+19.2,+19.6,+19.5,+19.7,+19.5
2024-10-24 04:02,1,+50.8,+47.9,+29.9,+33.9,+42.0,+36.1,+19.0,+18.8,+19.2,+19.6,+19.5,+19.6,+19.5
2024-10-24 05:02,1,+50.8,+47.8,+29.8,+33.8,+42.0,+36.1,+19.0,+18.8,+19.2,+19.6,+19.6,+19.7,+19.5
2024-10-24 06:02,1,+50.7,+47.7,+29.8,+33.9,+42.0,+36.1,+19.0,+18.8,+19.2,+19.6,+19.5,+19.7,+19.5
2024-10-24 07:02,1,+50.7,+47.7,+29.7,+33.8,+41.9,+36.0,+19.0,+18.8,+19.2,+19.6,+19.5,+19.7,+19.5
2024-10-24 08:02,1,+50.6,+47.6,+29.7,+33.7,+41.9,+36.0,+18.8,+18.8,+19.2,+19.6,+19.5,+19.7,+19.5
2024-10-24 09:02,1,+50.6,+47.6,+29.6,+33.7,+41.8,+36.0,+18.8,+18.7,+19.2,+19.6,+19.5,+19.7,+19.5
2024-10-24 10:02,1,+50.6,+47.5,+29.6,+33.7,+41.8,+36.0,+18.7,+18.7,+19.2,+19.6,+19.5,+19.7,+19.5
2024-10-24 11:02,1,+50.6,+47.5,+29.6,+33.6,+41.8,+36.0,+18.8,+18.7,+19.2,+19.6,+19.6,+19.7,+19.5
2024-10-24 12:02,1,+50.6,+47.5,+29.5,+33.7,+41.8,+36.0,+18.8,+18.8,+19.1,+19.6,+19.5,+19.6,+19.5
2024-10-24 13:02,1,+50.5,+47.4,+29.5,+33.6,+41.8,+35.9,+19.0,+18.7,+19.2,+19.6,+19.6,+19.7,+19.5
2024-10-24 14:02,1,+50.5,+47.3,+29.5,+33.7,+41.8,+36.0,+19.0,+18.7,+19.2,+19.6,+19.5,+19.7,+19.5
2024-10-24 15:02,1,+50.5,+47.3,+29.4,+33.5,+41.7,+35.9,+19.1,+18.7,+19.2,+19.6,+19.5,+19.6,+19.5
2024-10-24 16:02,1,+50.5,+47.3,+29.4,+33.5,+41.7,+35.9,+19.2,+18.8,+19.1,+19.6,+19.5,+19.7,+19.5
2024-10-24 17:02,1,+50.4,+47.2,+29.4,+33.5,+41.7,+35.9,+19.2,+18.8,+19.1,+19.6,+19.5,+19.7,+19.5
2024-10-24 18:02,1,+50.4,+47.2,+29.3,+33.5,+41.7,+35.8,+19.3,+18.8,+19.2,+19.5,+19.5,+19.7,+19.5
2024-10-24 19:02,1,+50.4,+47.2,+29.3,+33.5,+41.7,+35.9,+19.3,+18.8,+19.2,+19.6,+19.5,+19.7,+19.5
2024-10-24 20:02,1,+50.4,+47.2,+29.3,+33.4,+41.7,+35.8,+19.3,+19.0,+19.2,+19.6,+19.5,+19.7,+19.5
2024-10-24 21:02,1,+50.4,+47.1,+29.2,+33.5,+41.7,+35.8,+19.3,+19.0,+19.2,+19.6,+19.5,+19.6,+19.5
2024-10-24 22:02,1,+50.4,+47.1,+29.2,+33.4,+41.7,+35.8,+19.3,+18.8,+19.2,+19.6,+19.5,+19.7,+19.5
2024-10-24 23:02,1,+50.4,+47.1,+29.2,+33.3,+41.6,+35.8,+19.2,+19.0,+19.1,+19.6,+19.5,+19.7,+19.5
2024-10-25 00:02,1,+50.4,+47.1,+29.2,+33.3,+41.6,+35.8,+19.1,+19.0,+19.2,+19.6,+19.6,+19.7,+19.5
2024-10-25 01:02,1,+50.4,+47.0,+29.2,+33.4,+41.6,+35.8,+19.1,+19.0,+19.2,+19.6,+19.5,+19.7,+19.5
2024-10-25 02:02,1,+50.4,+47.0,+29.2,+33.3,+41.6,+35.8,+19.1,+19.0,+19.2,+19.6,+19.5,+19.7,+19.5
2024-10-25 03:02,1,+50.3,+47.0,+29.1,+33.3,+41.5,+35.8,+19.1,+18.8,+19.2,+19.6,+19.5,+19.7,+19.5
2024-10-25 04:02,1,+50.3,+47.0,+29.1,+33.3,+41.6,+35.7,+19.1,+18.8,+19.2,+19.6,+19.5,+19.7,+19.5
2024-10-25 05:02,1,+50.3,+47.0,+29.1,+33.3,+41.6,+35.8,+19.1,+18.8,+19.2,+19.6,+19.5,+19.7,+19.5
2024-10-25 06:02,1,+50.3,+46.9,+29.1,+33.2,+41.5,+35.7,+19.1,+18.8,+19.2,+19.6,+19.5,+19.7,+19.5
2024-10-25 07:02,1,+50.2,+46.9,+29.1,+33.2,+41.5,+35.7,+19.0,+18.8,+19.2,+19.6,+19.5,+19.7,+19.5
2024-10-25 08:02,1,+50.2,+46.9,+29.0,+33.2,+41.5,+35.7,+19.0,+18.8,+19.2,+19.6,+19.5,+19.7,+19.5
2024-10-25 09:02,1,+50.2,+46.9,+29.0,+33.3,+41.5,+35.7,+19.0,+18.8,+19.2,+19.6,+19.5,+19.7,+19.5
2024-10-25 10:02,1,+50.2,+46.8,+29.0,+33.3,+41.5,+35.7,+18.8,+18.8,+19.2,+19.6,+19.5,+19.7,+19.5
2024-10-25 11:02,1,+50.2,+46.8,+29.0,+33.1,+41.4,+35.6,+19.0,+18.8,+19.2,+19.6,+19.5,+19.7,+19.5
2024-10-25 12:02,1,+50.2,+46.8,+29.0,+33.2,+41.5,+35.7,+19.0,+18.7,+19.2,+19.6,+19.5,+19.7,+19.5
2024-10-25 13:02,1,+50.1,+46.7,+29.0,+33.2,+41.5,+35.7,+19.1,+18.8,+19.1,+19.6,+19.5,+19.7,+19.5
2024-10-25 14:02,1,+50.1,+46.7,+28.9,+33.1,+41.4,+35.6,+19.1,+18.8,+19.2,+19.6,+19.5,+19.6,+19.5
2024-10-25 15:02,1,+50.1,+46.7,+28.9,+33.1,+41.4,+35.6,+19.2,+18.8,+19.2,+19.6,+19.5,+19.7,+19.5
2024-10-25 16:02,1,+54.1,+49.4,+29.4,+33.5,+41.5,+35.8,+19.2,+18.8,+19.1,+19.6,+19.5,+19.7,+19.5
2024-10-25 17:02,1,+53.0,+50.2,+30.9,+33.6,+41.5,+35.7,+19.2,+18.8,+19.2,+19.5,+19.5,+19.7,+19.5
2024-10-25 18:02,1,+52.5,+49.6,+31.3,+34.6,+41.8,+35.8,+19.1,+18.8,+19.2,+19.6,+19.5,+19.7,+19.5
2024-10-25 19:02,1,+52.8,+49.6,+31.2,+35.0,+42.3,+36.0,+19.0,+18.8,+19.1,+19.6,+19.5,+19.6,+19.5
2024-10-25 20:02,1,+52.6,+49.6,+31.3,+35.1,+42.4,+36.2,+19.0,+18.8,+19.1,+19.6,+19.5,+19.7,+19.5
2024-10-25 21:02,1,+52.2,+49.3,+31.2,+35.1,+42.4,+36.4,+19.0,+18.8,+19.2,+19.6,+19.5,+19.6,+19.5
2024-10-25 22:02,1,+51.7,+49.0,+31.1,+35.2,+42.5,+36.5,+19.0,+18.8,+19.1,+19.6,+19.5,+19.6,+19.5
2024-10-25 23:02,1,+51.5,+48.8,+30.9,+35.0,+42.4,+36.5,+18.8,+18.7,+19.1,+19.6,+19.5,+19.7,+19.5
2024-10-26 00:02,1,+51.4,+48.7,+30.7,+34.9,+42.3,+36.5,+18.8,+18.7,+19.1,+19.6,+19.5,+19.7,+19.5
2024-10-26 01:02,1,+51.3,+48.5,+30.6,+34.8,+42.3,+36.4,+18.8,+18.7,+19.1,+19.6,+19.5,+19.7,+19.5
2024-10-26 02:02,1,+51.2,+48.4,+30.5,+34.7,+42.2,+36.4,+18.8,+18.7,+19.1,+19.6,+19.5,+19.7,+19.5
2024-10-26 03:02,1,+51.1,+48.3,+30.4,+34.7,+42.2,+36.3,+18.8,+18.7,+19.1,+19.5,+19.3,+19.6,+19.5
2024-10-26 04:02,1,+51.0,+48.2,+30.3,+34.6,+42.2,+36.3,+18.7,+18.7,+19.1,+19.5,+19.5,+19.7,+19.3
2024-10-26 05:02,1,+51.0,+48.1,+30.3,+34.6,+42.2,+36.3,+18.7,+18.7,+19.1,+19.6,+19.3,+19.7,+19.5
2024-10-26 06:02,1,+50.9,+48.0,+30.2,+34.5,+42.1,+36.3,+18.7,+18.6,+19.1,+19.6,+19.3,+19.6,+19.5
2024-10-26 07:02,1,+50.9,+47.9,+30.1,+34.4,+42.0,+36.2,+18.7,+18.6,+19.1,+19.5,+19.5,+19.6,+19.5
2024-10-26 08:02,1,+50.8,+47.8,+30.0,+34.3,+42.0,+36.2,+18.7,+18.6,+19.0,+19.6,+19.5,+19.7,+19.5
2024-10-26 09:02,1,+50.8,+47.8,+30.0,+34.3,+42.0,+36.2,+18.7,+18.6,+19.1,+19.6,+19.5,+19.6,+19.3
2024-10-26 10:02,1,+50.7,+47.7,+30.0,+34.3,+42.0,+36.1,+18.6,+18.6,+19.1,+19.5,+19.5,+19.7,+19.5
2024-10-26 11:02,1,+50.7,+47.7,+29.9,+34.3,+42.0,+36.1,+18.7,+18.6,+19.0,+19.5,+19.5,+19.6,+19.5
2024-10-26 12:02,1,+50.7,+47.6,+29.8,+34.3,+42.0,+36.1,+18.7,+18.6,+19.1,+19.5,+19.5,+19.6,+19.5
2024-10-26 13:02,1,+50.7,+47.6,+29.8,+34.1,+41.9,+36.1,+18.8,+18.6,+19.0,+19.5,+19.3,+19.6,+19.5
2024-10-26 14:02,1,+50.7,+47.5,+29.8,+34.1,+41.8,+36.0,+19.0,+18.6,+19.0,+19.5,+19.3,+19.6,+19.5
2024-10-26 15:02,1,+50.7,+47.5,+29.7,+34.1,+41.8,+36.1,+19.1,+18.6,+19.0,+19.5,+19.5,+19.6,+19.5
2024-10-26 16:02,1,+52.1,+47.6,+29.8,+34.3,+41.9,+36.1,+19.1,+18.7,+19.0,+19.5,+19.5,+19.6,+19.3
2024-10-26 17:02,1,+52.6,+48.4,+29.8,+34.3,+41.9,+36.1,+19.2,+18.7,+19.0,+19.5,+19.5,+19.6,+19.5
2024-10-26 18:02,1,+52.3,+48.7,+30.1,+34.3,+41.8,+36.0,+19.2,+18.7,+19.1,+19.5,+19.5,+19.6,+19.5
2024-10-26 19:02,1,+52.0,+48.6,+30.3,+34.4,+41.8,+36.0,+19.2,+18.8,+19.0,+19.5,+19.3,+19.6,+19.5
2024-10-26 20:02,1,+51.7,+48.5,+30.3,+34.5,+41.8,+36.0,+19.2,+18.8,+19.1,+19.5,+19.3,+19.6,+19.5
2024-10-26 21:02,1,+52.1,+48.6,+30.3,+34.6,+41.9,+36.0,+19.2,+18.8,+19.1,+19.5,+19.5,+19.6,+19.5
2024-10-26 22:02,1,+52.0,+48.7,+30.4,+34.7,+41.9,+36.0,+19.2,+18.8,+19.0,+19.5,+19.5,+19.6,+19.5
2024-10-26 23:02,1,+51.8,+48.7,+30.4,+34.7,+41.9,+36.0,+19.1,+18.8,+19.0,+19.5,+19.5,+19.6,+19.5
2024-10-27 00:02,1,+51.6,+48.5,+30.4,+34.7,+41.9,+36.0,+19.1,+18.8,+19.1,+19.5,+19.3,+19.6,+19.3
2024-10-27 01:02,1,+51.5,+48.4,+30.4,+34.8,+42.0,+36.0,+19.1,+18.8,+19.1,+19.5,+19.5,+19.6,+19.3
2024-10-27 02:02,1,+51.4,+48.3,+30.3,+34.7,+41.9,+36.0,+19.0,+18.8,+19.1,+19.5,+19.3,+19.6,+19.5
2024-10-27 03:02,1,+51.3,+48.2,+30.3,+34.6,+41.9,+36.0,+19.0,+18.8,+19.1,+19.5,+19.3,+19.6,+19.3
2024-10-27 04:02,1,+51.2,+48.2,+30.2,+34.7,+42.0,+36.0,+19.0,+18.8,+19.1,+19.5,+19.5,+19.6,+19.3
2024-10-27 05:02,1,+51.1,+48.1,+30.2,+34.6,+41.9,+36.0,+19.0,+18.7,+19.1,+19.5,+19.5,+19.6,+19.3
2024-10-27 06:02,1,+52.2,+48.2,+30.2,+34.6,+41.9,+36.0,+18.8,+18.7,+19.1,+19.5,+19.3,+19.6,+19.5
2024-10-27 07:02,1,+53.7,+50.0,+30.5,+34.8,+41.9,+36.1,+18.8,+18.7,+19.1,+19.5,+19.5,+19.6,+19.5
2024-10-27 08:02,1,+53.0,+49.9,+31.2,+35.2,+42.0,+36.1,+18.8,+18.7,+19.1,+19.5,+19.3,+19.6,+19.5
2024-10-27 09:02,1,+52.5,+49.5,+31.2,+35.7,+42.2,+36.2,+18.7,+18.7,+19.1,+19.5,+19.3,+19.6,+19.5
2024-10-27 10:02,1,+52.1,+49.2,+31.1,+35.6,+42.3,+36.3,+18.7,+18.6,+19.1,+19.5,+19.3,+19.6,+19.3
2024-10-27 11:02,1,+51.9,+49.0,+30.9,+35.6,+42.3,+36.3,+18.7,+18.6,+19.1,+19.5,+19.3,+19.6,+19.3
2024-10-27 12:02,1,+51.9,+48.8,+30.8,+35.6,+42.3,+36.4,+18.7,+18.6,+19.0,+19.5,+19.3,+19.6,+19.5
2024-10-27 13:02,1,+51.8,+48.6,+30.7,+35.5,+42.3,+36.4,+18.8,+18.6,+19.0,+19.5,+19.3,+19.6,+19.3
2024-10-27 14:02,1,+51.7,+48.5,+30.6,+35.5,+42.3,+36.4,+19.0,+18.6,+19.0,+19.5,+19.3,+19.6,+19.3
2024-10-27 15:02,1,+51.7,+48.4,+30.5,+35.3,+42.2,+36.3,+19.1,+18.6,+19.1,+19.5,+19.3,+19.6,+19.3
2024-10-27 16:02,1,+51.6,+48.3,+30.4,+35.2,+42.2,+36.3,+19.1,+18.6,+19.0,+19.5,+19.3,+19.5,+19.3
2024-10-27 17:02,1,+51.7,+48.2,+30.4,+35.2,+42.1,+36.3,+19.1,+18.7,+19.0,+19.5,+19.3,+19.6,+19.3
2024-10-27 18:02,1,+51.9,+48.2,+30.3,+35.2,+42.2,+36.3,+19.2,+18.7,+19.0,+19.5,+19.3,+19.5,+19.3
2024-10-27 19:02,1,+52.8,+48.4,+30.3,+35.2,+42.1,+36.3,+19.2,+18.7,+19.0,+19.5,+19.3,+19.6,+19.3
2024-10-27 20:02,1,+53.4,+48.9,+30.4,+35.3,+42.1,+36.3,+19.2,+18.7,+19.0,+19.5,+19.3,+19.6,+19.3
2024-10-27 21:02,1,+53.3,+49.1,+30.6,+35.3,+42.1,+36.2,+19.2,+18.8,+19.1,+19.5,+19.3,+19.6,+19.5
2024-10-27 22:02,1,+53.0,+49.0,+30.7,+35.4,+42.1,+36.2,+19.1,+18.8,+19.0,+19.5,+19.3,+19.6,+19.3
2024-10-27 23:02,1,+52.7,+48.9,+30.7,+35.5,+42.1,+36.2,+19.1,+18.7,+19.0,+19.5,+19.3,+19.6,+19.3
2024-10-28 00:02,1,+52.6,+48.8,+30.6,+35.6,+42.1,+36.2,+19.1,+18.8,+19.0,+19.5,+19.3,+19.5,+19.3
2024-10-28 01:02,1,+52.5,+48.7,+30.6,+35.6,+42.1,+36.2,+19.1,+18.8,+19.1,+19.5,+19.3,+19.5,+19.3
2024-10-28 02:02,1,+52.4,+48.5,+30.5,+35.6,+42.1,+36.2,+19.1,+18.7,+19.0,+19.5,+19.3,+19.6,+19.3
2024-10-28 03:02,1,+52.3,+48.4,+30.5,+35.5,+42.1,+36.2,+19.0,+18.8,+19.1,+19.3,+19.3,+19.6,+19.3
2024-10-28 04:02,1,+52.2,+48.4,+30.4,+35.4,+42.0,+36.2,+19.0,+18.7,+19.1,+19.3,+19.3,+19.6,+19.3
2024-10-28 05:02,1,+52.2,+48.3,+30.3,+35.3,+42.0,+36.1,+19.0,+18.7,+19.1,+19.5,+19.3,+19.6,+19.3
2024-10-28 06:02,1,+52.1,+48.2,+30.3,+35.3,+42.0,+36.1,+19.0,+18.7,+19.1,+19.5,+19.3,+19.6,+19.3
2024-10-28 07:02,1,+52.0,+48.1,+30.2,+35.3,+42.0,+36.1,+18.8,+18.7,+19.1,+19.3,+19.3,+19.6,+19.3
2024-10-28 08:02,1,+52.0,+48.1,+30.2,+35.3,+42.0,+36.1,+18.8,+18.7,+19.1,+19.5,+19.3,+19.5,+19.3
2024-10-28 09:02,1,+51.9,+48.0,+30.1,+35.2,+41.9,+36.1,+18.8,+18.7,+19.1,+19.5,+19.3,+19.6,+19.3
2024-10-28 10:02,1,+51.9,+47.9,+30.1,+35.2,+41.9,+36.1,+18.7,+18.7,+19.1,+19.3,+19.3,+19.6,+19.3
2024-10-28 11:02,1,+51.8,+47.9,+30.0,+35.2,+42.0,+36.1,+18.8,+18.7,+19.1,+19.3,+19.3,+19.6,+19.3
2024-10-28 12:02,1,+51.8,+47.9,+30.0,+35.1,+41.9,+36.0,+19.0,+18.7,+19.0,+19.5,+19.3,+19.6,+19.3
2024-10-28 13:02,1,+51.7,+47.8,+30.0,+35.1,+41.9,+36.0,+19.0,+18.7,+19.1,+19.3,+19.3,+19.6,+19.3
2024-10-28 14:02,1,+51.7,+47.8,+29.9,+35.1,+41.9,+36.0,+19.0,+18.7,+19.1,+19.5,+19.3,+19.5,+19.3
2024-10-28 15:02,1,+51.7,+47.7,+29.9,+35.1,+41.9,+36.0,+19.1,+18.7,+19.0,+19.5,+19.3,+19.5,+19.3
2024-10-28 16:02,1,+51.6,+47.6,+29.9,+35.0,+41.8,+36.0,+19.2,+18.7,+19.1,+19.3,+19.3,+19.6,+19.3
2024-10-28 17:02,1,+51.6,+47.6,+29.8,+35.1,+41.8,+36.0,+19.2,+18.7,+19.1,+19.5,+19.3,+19.5,+19.3
2024-10-28 18:02,1,+51.6,+47.6,+29.8,+34.9,+41.8,+35.9,+19.3,+18.8,+19.0,+19.5,+19.2,+19.6,+19.3
2024-10-28 19:02,1,+51.6,+47.6,+29.8,+34.9,+41.8,+35.9,+19.3,+18.8,+19.0,+19.5,+19.3,+19.5,+19.3
2024-10-28 20:02,1,+51.6,+47.5,+29.8,+35.0,+41.8,+35.9,+19.3,+18.8,+19.1,+19.5,+19.3,+19.5,+19.3
2024-10-28 21:02,1,+51.6,+47.5,+29.7,+34.9,+41.7,+35.9,+19.3,+18.8,+19.1,+19.5,+19.3,+19.5,+19.3
2024-10-28 22:02,1,+51.6,+47.5,+29.7,+34.9,+41.8,+35.9,+19.2,+18.8,+19.1,+19.5,+19.3,+19.5,+19.2
2024-10-28 23:02,1,+51.5,+47.5,+29.7,+34.9,+41.7,+35.9,+19.2,+18.8,+19.1,+19.5,+19.3,+19.6,+19.3
2024-10-29 00:02,1,+51.5,+47.5,+29.7,+34.9,+41.7,+35.9,+19.3,+18.8,+19.1,+19.5,+19.3,+19.6,+19.3
2024-10-29 01:02,1,+51.5,+47.5,+29.7,+34.8,+41.7,+35.8,+19.2,+18.8,+19.1,+19.3,+19.3,+19.6,+19.3
2024-10-29 02:02,1,+51.4,+47.5,+29.6,+34.7,+41.7,+35.8,+19.2,+19.0,+19.1,+19.5,+19.3,+19.5,+19.3
2024-10-29 03:02,1,+51.4,+47.5,+29.6,+34.8,+41.7,+35.8,+19.2,+18.8,+19.1,+19.3,+19.3,+19.6,+19.3
2024-10-29 04:02,1,+51.4,+47.4,+29.6,+34.7,+41.6,+35.8,+19.1,+18.8,+19.1,+19.5,+19.2,+19.5,+19.3
2024-10-29 05:02,1,+51.3,+47.4,+29.6,+34.7,+41.6,+35.8,+19.1,+18.8,+19.1,+19.5,+19.3,+19.6,+19.3
2024-10-29 06:02,1,+51.3,+47.4,+29.6,+34.7,+41.6,+35.8,+19.1,+18.8,+19.1,+19.5,+19.3,+19.5,+19.3
2024-10-29 07:02,1,+51.3,+47.4,+29.6,+34.7,+41.6,+35.8,+19.1,+18.8,+19.1,+19.5,+19.3,+19.5,+19.3
2024-10-29 08:02,1,+51.2,+47.4,+29.6,+34.7,+41.6,+35.7,+19.0,+18.8,+19.1,+19.5,+19.3,+19.5,+19.3
2024-10-29 09:02,1,+51.2,+47.3,+29.5,+34.6,+41.6,+35.7,+19.0,+18.8,+19.1,+19.5,+19.3,+19.6,+19.3
2024-10-29 10:02,1,+51.2,+47.3,+29.5,+34.7,+41.6,+35.8,+19.0,+18.8,+19.1,+19.5,+19.3,+19.5,+19.3
2024-10-29 11:02,1,+51.1,+47.3,+29.5,+34.7,+41.6,+35.8,+19.0,+18.7,+19.1,+19.5,+19.3,+19.6,+19.3
2024-10-29 12:02,1,+51.1,+47.3,+29.5,+34.6,+41.5,+35.7,+19.0,+18.7,+19.1,+19.5,+19.3,+19.6,+19.3
2024-10-29 13:02,1,+51.1,+47.3,+29.5,+34.7,+41.6,+35.7,+19.1,+18.7,+19.1,+19.5,+19.3,+19.6,+19.3
2024-10-29 14:02,1,+51.1,+47.2,+29.5,+34.7,+41.6,+35.7,+19.1,+18.7,+19.1,+19.5,+19.3,+19.6,+19.3
2024-10-29 15:02,1,+51.1,+47.2,+29.4,+34.7,+41.5,+35.7,+19.2,+18.8,+19.1,+19.5,+19.3,+19.6,+19.3
2024-10-29 16:02,1,+51.0,+47.2,+29.5,+34.5,+41.5,+35.7,+19.2,+18.8,+19.1,+19.5,+19.3,+19.6,+19.3
2024-10-29 17:02,1,+53.5,+47.4,+29.5,+34.7,+41.6,+35.8,+19.3,+18.8,+19.1,+19.5,+19.3,+19.5,+19.3
2024-10-29 18:02,1,+54.3,+49.3,+29.8,+34.9,+41.6,+35.8,+19.3,+18.8,+19.1,+19.5,+19.3,+19.6,+19.3
2024-10-29 19:02,1,+53.8,+50.1,+30.8,+34.9,+41.6,+35.7,+19.2,+18.8,+19.1,+19.5,+19.3,+19.6,+19.3
2024-10-29 20:02,1,+53.6,+49.9,+31.3,+35.6,+41.8,+35.8,+19.2,+19.0,+19.1,+19.5,+19.3,+19.5,+19.3
2024-10-29 21:02,1,+53.2,+49.6,+31.3,+36.1,+42.1,+35.8,+19.2,+18.8,+19.1,+19.5,+19.3,+19.6,+19.3
2024-10-29 22:02,1,+53.2,+49.4,+31.2,+36.1,+42.2,+36.0,+19.2,+18.8,+19.1,+19.5,+19.3,+19.5,+19.3
2024-10-29 23:02,1,+53.1,+49.4,+31.1,+36.3,+42.3,+36.1,+19.2,+18.8,+19.1,+19.5,+19.3,+19.6,+19.3
2024-10-30 00:02,1,+53.5,+49.4,+31.1,+36.3,+42.3,+36.2,+19.1,+18.8,+19.1,+19.5,+19.3,+19.6,+19.3
2024-10-30 01:02,1,+53.9,+49.8,+31.3,+36.5,+42.4,+36.3,+19.1,+18.8,+19.1,+19.5,+19.3,+19.6,+19.3
2024-10-30 02:02,1,+53.7,+49.9,+31.5,+36.5,+42.4,+36.3,+19.1,+18.8,+19.1,+19.5,+19.3,+19.6,+19.3
2024-10-30 03:02,1,+53.4,+49.7,+31.4,+36.6,+42.4,+36.4,+19.0,+18.8,+19.1,+19.5,+19.3,+19.6,+19.3
2024-10-30 04:02,1,+53.0,+49.4,+31.3,+36.7,+42.5,+36.4,+19.0,+18.8,+19.1,+19.5,+19.3,+19.5,+19.3
2024-10-30 05:02,1,+52.6,+49.2,+31.2,+36.7,+42.5,+36.5,+18.8,+18.8,+19.1,+19.5,+19.3,+19.5,+19.3
2024-10-30 06:02,1,+52.5,+49.0,+31.1,+36.5,+42.4,+36.5,+19.0,+18.7,+19.1,+19.5,+19.3,+19.5,+19.3
2024-10-30 07:02,1,+52.3,+48.9,+30.9,+36.5,+42.4,+36.5,+18.8,+18.7,+19.1,+19.5,+19.3,+19.5,+19.3
2024-10-30 08:02,1,+52.3,+48.8,+30.9,+36.4,+42.3,+36.4,+19.0,+18.7,+19.2,+19.5,+19.3,+19.6,+19.3
2024-10-30 09:02,1,+52.2,+48.6,+30.8,+36.3,+42.3,+36.4,+18.8,+18.7,+19.1,+19.5,+19.3,+19.5,+19.3
2024-10-30 10:02,1,+52.1,+48.5,+30.7,+36.3,+42.3,+36.4,+19.0,+18.7,+19.1,+19.5,+19.3,+19.5,+19.3
2024-10-30 11:02,1,+52.0,+48.5,+30.6,+36.3,+42.3,+36.4,+18.8,+18.7,+19.1,+19.5,+19.3,+19.5,+19.3
2024-10-30 12:02,1,+51.9,+48.4,+30.6,+36.3,+42.3,+36.3,+19.0,+18.7,+19.1,+19.5,+19.3,+19.5,+19.3
2024-10-30 13:02,1,+51.9,+48.3,+30.5,+36.2,+42.2,+36.3,+19.0,+18.7,+19.1,+19.5,+19.3,+19.5,+19.3
2024-10-30 14:02,1,+51.8,+48.2,+30.4,+36.0,+42.2,+36.3,+19.1,+18.7,+19.1,+19.5,+19.3,+19.5,+19.3
2024-10-30 15:02,1,+51.8,+48.1,+30.4,+36.1,+42.2,+36.3,+19.1,+18.7,+19.0,+19.5,+19.3,+19.6,+19.3
2024-10-30 16:02,1,+51.8,+48.1,+30.3,+36.1,+42.2,+36.2,+19.2,+18.7,+19.0,+19.5,+19.3,+19.6,+19.3
2024-10-30 17:02,1,+53.3,+48.4,+30.6,+36.2,+42.2,+36.3,+19.3,+18.8,+19.1,+19.5,+19.3,+19.5,+19.3
2024-10-30 18:02,1,+53.6,+48.8,+30.6,+36.2,+42.2,+36.3,+19.3,+18.8,+19.1,+19.5,+19.3,+19.5,+19.3
2024-10-30 19:02,1,+55.0,+50.6,+31.2,+36.2,+42.1,+36.3,+19.2,+18.8,+19.1,+19.5,+19.3,+19.6,+19.3
2024-10-30 20:02,1,+55.1,+51.3,+32.8,+37.5,+42.6,+36.5,+19.1,+18.8,+19.1,+19.5,+19.3,+19.5,+19.3
2024-10-30 21:02,1,+54.7,+50.9,+32.7,+38.1,+43.1,+37.2,+18.8,+18.8,+19.1,+19.5,+19.3,+19.5,+19.3
2024-10-30 22:02,1,+54.4,+50.4,+32.4,+37.9,+43.0,+37.2,+18.7,+18.7,+19.1,+19.5,+19.3,+19.5,+19.3
2024-10-30 23:02,1,+54.2,+50.1,+32.1,+37.7,+42.9,+37.0,+18.7,+18.7,+19.1,+19.5,+19.2,+19.6,+19.3
2024-10-31 00:02,1,+54.1,+50.0,+32.0,+37.4,+42.8,+36.9,+18.7,+18.6,+19.1,+19.3,+19.3,+19.5,+19.3
2024-10-31 01:02,1,+54.0,+49.8,+31.8,+37.4,+42.7,+36.8,+18.6,+18.6,+19.0,+19.5,+19.2,+19.5,+19.3
2024-10-31 02:02,1,+53.9,+49.7,+31.7,+37.2,+42.6,+36.7,+18.6,+18.6,+19.1,+19.5,+19.3,+19.5,+19.3
2024-10-31 03:02,1,+53.7,+49.6,+31.7,+37.3,+42.6,+36.7,+18.6,+18.5,+19.0,+19.5,+19.2,+19.5,+19.3
2024-10-31 04:02,1,+53.5,+49.4,+31.6,+37.2,+42.6,+36.6,+18.6,+18.5,+19.0,+19.5,+19.3,+19.5,+19.2
2024-10-31 05:02,1,+53.2,+49.2,+31.4,+37.1,+42.5,+36.6,+18.6,+18.5,+19.0,+19.5,+19.2,+19.5,+19.3
2024-10-31 06:02,1,+53.0,+49.0,+31.3,+36.9,+42.5,+36.5,+18.6,+18.5,+19.0,+19.5,+19.2,+19.5,+19.3
2024-10-31 07:02,1,(Error)
2024-11-18 11:40,1,+55.5,+49.9,+34.9,+37.0,+42.4,+36.4,+55.3,+49.7,+34.7,+36.9,+42.3,+36.3,+18.6,+17.8,+18.1,+18.5,+18.5,+18.6,+18.5
2024-11-18 12:40,1,,,,,,,+18.5,+18.0,+18.1,+18.5,+18.5,+18.6,+18.6
2024-11-18 13:40,1,+55.3,+49.6,+34.7,+36.8,+42.3,+36.3,+18.6,+18.0,+18.1,+18.5,+18.5,+18.6,+18.5
2024-11-18 14:40,1,+55.3,+49.5,+34.6,+36.8,+42.2,+36.3,+18.7,+18.0,+18.2,+18.5,+18.5,+18.6,+18.5
2024-11-18 15:40,1,+55.2,+49.4,+34.6,+36.7,+42.2,+36.2,+18.8,+18.0,+18.1,+18.5,+18.3,+18.6,+18.5
2024-11-18 16:40,1,+55.2,+49.4,+34.5,+36.8,+42.2,+36.3,+18.8,+18.1,+18.2,+18.5,+18.3,+18.6,+18.5
2024-11-18 17:40,1,+55.7,+49.4,+34.5,+36.8,+42.3,+36.3,+18.8,+18.1,+18.2,+18.5,+18.5,+18.6,+18.5
2024-11-18 18:40,1,+57.3,+50.0,+34.6,+36.8,+42.2,+36.3,+18.8,+18.2,+18.2,+18.5,+18.5,+18.6,+18.5
2024-11-18 19:40,1,+57.4,+51.2,+35.2,+36.7,+42.2,+36.3,+18.7,+18.2,+18.2,+18.5,+18.5,+18.6,+18.5
2024-11-18 20:40,1,+55.7,+49.8,+34.9,+37.5,+42.2,+36.3,+18.3,+18.1,+18.3,+18.6,+18.5,+18.6,+18.5
2024-11-18 21:40,1,+55.7,+49.7,+34.9,+37.5,+42.3,+36.3,+18.5,+18.1,+18.3,+18.7,+18.5,+18.6,+18.5
2024-11-18 22:40,1,+55.5,+49.6,+34.8,+37.5,+42.2,+36.2,+18.6,+18.1,+18.2,+18.6,+18.5,+18.6,+18.5
2024-11-18 23:40,1,+55.5,+49.6,+34.8,+37.6,+42.2,+36.2,+18.8,+18.2,+18.3,+18.6,+18.5,+18.6,+18.5
2024-11-19 00:40,1,+55.4,+49.5,+34.7,+37.7,+42.2,+36.2,+19.0,+18.2,+18.3,+18.6,+18.5,+18.6,+18.5
2024-11-19 01:40,1,+55.4,+49.5,+34.7,+37.5,+42.2,+36.2,+19.1,+18.2,+18.2,+18.6,+18.5,+18.6,+18.6
2024-11-19 02:40,1,+55.3,+49.4,+34.6,+37.5,+42.1,+36.2,+19.1,+18.3,+18.3,+18.6,+18.5,+18.7,+18.6
2024-11-19 03:40,1,+55.3,+49.4,+34.6,+37.4,+42.1,+36.1,+19.1,+18.5,+18.3,+18.6,+18.5,+18.7,+18.5
2024-11-19 04:40,1,+55.2,+49.3,+34.6,+37.4,+42.1,+36.1,+19.1,+18.5,+18.3,+18.6,+18.5,+18.7,+18.6
2024-11-19 05:40,1,+55.2,+49.3,+34.5,+37.4,+42.1,+36.1,+19.0,+18.5,+18.5,+18.6,+18.5,+18.7,+18.5
2024-11-19 06:40,1,+55.2,+49.3,+34.5,+37.3,+42.0,+36.1,+19.0,+18.5,+18.3,+18.6,+18.5,+18.7,+18.5
2024-11-19 07:40,1,+55.2,+49.2,+34.5,+37.4,+42.1,+36.1,+19.0,+18.5,+18.5,+18.6,+18.5,+18.7,+18.5
2024-11-19 08:40,1,+55.2,+49.2,+34.5,+37.3,+42.0,+36.1,+18.8,+18.5,+18.5,+18.6,+18.5,+18.7,+18.5
2024-11-19 09:40,1,+55.3,+49.2,+34.4,+37.4,+42.0,+36.1,+18.8,+18.5,+18.5,+18.6,+18.5,+18.6,+18.5
2024-11-19 10:40,1,+55.3,+49.2,+34.4,+37.3,+42.0,+36.1,+18.7,+18.5,+18.5,+18.7,+18.5,+18.6,+18.5
2024-11-19 11:40,1,+55.4,+49.3,+34.4,+37.3,+42.0,+36.1,+18.7,+18.3,+18.5,+18.6,+18.5,+18.6,+18.6
2024-11-19 12:40,1,+55.4,+49.3,+34.4,+37.3,+42.0,+36.0,+18.7,+18.3,+18.5,+18.6,+18.5,+18.7,+18.5
2024-11-19 13:40,1,+55.4,+49.3,+34.4,+37.2,+41.9,+36.0,+18.7,+18.3,+18.5,+18.7,+18.5,+18.7,+18.6
2024-11-19 14:40,1,+55.4,+49.4,+34.4,+37.1,+41.9,+36.0,+18.6,+18.3,+18.5,+18.7,+18.6,+18.7,+18.5
2024-11-19 15:40,1,+55.3,+49.4,+34.4,+37.1,+41.9,+36.0,+18.5,+18.3,+18.5,+18.7,+18.5,+18.7,+18.5
2024-11-19 16:40,1,+55.3,+49.4,+34.4,+37.3,+41.9,+36.0,+18.5,+18.3,+18.5,+18.6,+18.6,+18.6,+18.6
2024-11-19 17:40,1,+55.2,+49.3,+34.4,+37.3,+41.9,+36.0,+18.5,+18.3,+18.5,+18.7,+18.5,+18.7,+18.5
2024-11-19 18:40,1,+55.1,+49.3,+34.4,+37.3,+41.9,+36.0,+18.5,+18.3,+18.5,+18.7,+18.6,+18.7,+18.6
2024-11-19 19:40,1,+55.1,+49.3,+34.4,+37.2,+41.9,+35.9,+18.6,+18.2,+18.5,+18.7,+18.5,+18.7,+18.6
2024-11-19 20:40,1,+55.0,+49.3,+34.4,+37.2,+42.1,+35.9,+18.6,+18.3,+18.5,+18.7,+18.5,+18.7,+18.5
2024-11-19 21:40,1,+55.0,+49.2,+34.4,+37.3,+42.2,+35.9,+18.7,+18.2,+18.5,+18.7,+18.6,+18.7,+18.5
2024-11-19 22:40,1,+55.0,+49.2,+34.4,+37.3,+42.1,+35.9,+18.8,+18.3,+18.5,+18.7,+18.6,+18.7,+18.6
2024-11-19 23:40,1,+54.9,+49.1,+34.3,+37.3,+42.2,+35.9,+19.0,+18.3,+18.5,+18.7,+18.6,+18.7,+18.5
2024-11-20 00:40,1,+54.9,+49.1,+34.3,+37.2,+42.2,+35.8,+19.1,+18.5,+18.5,+18.8,+18.6,+18.7,+18.5
2024-11-20 01:40,1,+54.9,+49.1,+34.3,+37.2,+42.2,+35.8,+19.2,+18.5,+18.5,+18.7,+18.5,+18.7,+18.5
2024-11-20 02:40,1,+54.8,+49.0,+34.3,+37.3,+42.3,+35.9,+19.2,+18.5,+18.5,+18.8,+18.6,+18.7,+18.6
2024-11-20 03:40,1,+54.8,+49.0,+34.2,+37.2,+42.1,+35.8,+19.2,+18.6,+18.6,+18.7,+18.6,+18.7,+18.6
2024-11-20 04:40,1,+54.7,+49.0,+34.2,+37.3,+42.3,+35.8,+19.1,+18.6,+18.6,+18.8,+18.6,+18.8,+18.5
2024-11-20 05:40,1,+54.7,+49.0,+34.2,+37.1,+42.5,+35.8,+19.1,+18.6,+18.5,+18.7,+18.6,+18.8,+18.5
2024-11-20 06:40,1,+55.4,+49.0,+34.3,+37.3,+42.7,+35.9,+19.1,+18.6,+18.5,+18.8,+18.6,+18.7,+18.6
2024-11-20 07:40,1,+55.5,+49.2,+34.3,+37.1,+42.7,+35.9,+19.0,+18.6,+18.6,+18.8,+18.6,+18.7,+18.6
2024-11-20 08:40,1,+55.4,+49.3,+34.3,+37.2,+42.7,+35.9,+18.8,+18.6,+18.6,+18.7,+18.6,+18.7,+18.6
2024-11-20 09:40,1,+55.3,+49.3,+34.3,+37.2,+42.7,+35.9,+18.8,+18.6,+18.6,+18.8,+18.6,+18.7,+18.6
2024-11-20 10:40,1,+55.2,+49.3,+34.3,+37.1,+42.7,+35.8,+18.8,+18.5,+18.6,+18.7,+18.6,+18.7,+18.5
2024-11-20 11:40,1,+55.1,+49.3,+34.3,+37.2,+42.7,+35.8,+18.8,+18.5,+18.6,+18.8,+18.6,+18.7,+18.5
2024-11-20 12:40,1,+55.1,+49.3,+34.4,+37.1,+42.6,+35.8,+18.7,+18.5,+18.6,+18.8,+18.6,+18.8,+18.6
2024-11-20 13:40,1,+55.0,+49.3,+34.3,+37.1,+42.8,+35.8,+18.7,+18.5,+18.6,+18.8,+18.6,+18.8,+18.6
2024-11-20 14:40,1,+55.0,+49.2,+34.4,+37.1,+42.9,+35.9,+18.6,+18.5,+18.6,+18.8,+18.6,+18.7,+18.6
2024-11-20 15:40,1,+54.9,+49.2,+34.3,+37.2,+43.0,+35.9,+18.6,+18.3,+18.6,+18.8,+18.6,+18.8,+18.5
2024-11-20 16:40,1,+54.9,+49.2,+34.3,+37.2,+42.9,+36.4,+18.6,+18.3,+18.6,+18.8,+18.6,+18.7,+18.6
2024-11-20 17:40,1,+54.8,+49.1,+34.3,+37.1,+43.0,+36.4,+18.5,+18.5,+18.6,+18.8,+18.7,+18.8,+18.6
2024-11-20 18:40,1,+54.7,+49.1,+34.3,+37.1,+43.1,+36.4,+18.6,+18.3,+18.6,+18.8,+18.6,+18.8,+18.6
2024-11-20 19:40,1,+54.7,+49.1,+34.3,+37.2,+43.2,+36.4,+18.6,+18.3,+18.6,+18.8,+18.6,+18.8,+18.6
2024-11-20 20:40,1,+54.7,+49.0,+34.2,+37.2,+43.2,+36.4,+18.7,+18.3,+18.6,+18.8,+18.7,+18.8,+18.6
2024-11-20 21:40,1,+54.6,+49.0,+34.2,+37.2,+43.2,+36.4,+18.8,+18.3,+18.6,+18.8,+18.7,+18.7,+18.6
2024-11-20 22:40,1,+54.6,+49.0,+34.2,+37.1,+43.3,+36.4,+19.0,+18.3,+18.6,+18.8,+18.7,+18.8,+18.6
2024-11-20 23:40,1,+54.5,+48.9,+34.2,+37.0,+43.2,+36.3,+19.1,+18.5,+18.6,+19.0,+18.7,+18.8,+18.6
2024-11-21 00:40,1,+54.5,+48.9,+34.2,+37.1,+43.3,+36.4,+19.3,+18.5,+18.6,+18.8,+18.7,+18.8,+18.6
2024-11-21 01:40,1,+54.5,+48.9,+34.2,+37.0,+43.3,+36.3,+19.5,+18.6,+18.6,+18.8,+18.6,+18.8,+18.6
2024-11-21 02:40,1,+56.6,+49.5,+34.3,+37.2,+43.4,+36.5,+19.3,+18.6,+18.6,+18.8,+18.6,+18.8,+18.6
2024-11-21 03:40,1,+56.5,+50.6,+34.6,+37.1,+43.3,+36.4,+19.2,+18.7,+18.6,+18.8,+18.6,+18.8,+18.6
2024-11-21 04:40,1,+56.6,+50.9,+35.0,+37.2,+43.3,+36.4,+19.1,+18.6,+18.7,+18.8,+18.7,+18.8,+18.6
2024-11-21 05:40,1,+56.3,+50.8,+35.3,+37.3,+43.3,+36.4,+19.1,+18.7,+18.7,+19.0,+18.7,+18.8,+18.6
2024-11-21 06:40,1,+55.9,+50.7,+35.4,+37.6,+43.4,+36.4,+19.0,+18.7,+18.7,+19.0,+18.7,+18.8,+18.6
2024-11-21 07:40,1,+55.6,+50.5,+35.4,+37.6,+43.5,+36.4,+19.0,+18.6,+18.7,+19.0,+18.6,+18.8,+18.6
2024-11-21 08:40,1,+55.5,+50.4,+35.3,+37.7,+43.5,+36.5,+19.0,+18.6,+18.7,+18.8,+18.7,+18.8,+18.6
2024-11-21 09:40,1,+55.4,+50.2,+35.2,+37.7,+43.6,+36.5,+18.8,+18.6,+18.7,+19.0,+18.6,+18.8,+18.6
2024-11-21 10:40,1,+55.3,+50.1,+35.2,+37.8,+43.7,+36.5,+18.7,+18.6,+18.7,+18.8,+18.7,+18.8,+18.6
2024-11-21 11:40,1,+55.2,+50.0,+35.1,+37.7,+43.7,+36.5,+18.7,+18.6,+18.7,+19.0,+18.7,+18.8,+18.6
2024-11-21 12:40,1,+55.1,+50.0,+35.1,+37.8,+43.7,+36.6,+18.6,+18.6,+18.7,+18.8,+18.7,+18.8,+18.7
2024-11-21 13:40,1,+55.0,+49.9,+35.0,+37.7,+43.7,+36.6,+18.6,+18.5,+18.7,+19.0,+18.7,+18.8,+18.6
2024-11-21 14:40,1,+54.9,+49.8,+35.0,+37.7,+43.7,+36.6,+18.6,+18.5,+18.7,+19.0,+18.7,+18.8,+18.6
2024-11-21 15:40,1,+54.9,+49.7,+34.9,+37.6,+43.7,+36.6,+18.5,+18.3,+18.7,+18.8,+18.7,+18.8,+18.6
2024-11-21 16:40,1,+54.9,+49.7,+34.9,+37.7,+43.7,+36.7,+18.3,+18.5,+18.7,+19.0,+18.7,+18.8,+18.6
2024-11-21 17:40,1,+54.8,+49.6,+34.9,+37.6,+43.7,+36.6,+18.3,+18.3,+18.7,+19.0,+18.7,+18.8,+18.7
2024-11-21 18:40,1,+54.9,+49.6,+34.8,+37.7,+43.7,+36.6,+18.5,+18.3,+18.7,+19.0,+18.7,+18.8,+18.7
2024-11-21 19:40,1,+55.9,+49.7,+34.8,+37.6,+43.8,+36.7,+18.6,+18.3,+18.6,+19.0,+18.7,+18.8,+18.6
2024-11-21 20:40,1,+56.6,+50.5,+35.0,+37.7,+43.9,+36.8,+18.6,+18.3,+18.7,+19.0,+18.7,+18.8,+18.6
2024-11-21 21:40,1,+56.6,+51.1,+35.4,+37.6,+43.9,+36.7,+18.6,+18.3,+18.6,+19.0,+18.7,+18.8,+18.6
2024-11-21 22:40,1,+56.6,+51.2,+35.6,+37.9,+44.0,+36.7,+18.6,+18.3,+18.6,+19.0,+18.8,+19.0,+18.7
2024-11-21 23:40,1,+56.6,+51.2,+35.8,+38.1,+44.0,+36.7,+18.5,+18.3,+18.6,+19.0,+18.7,+18.8,+18.6
2024-11-22 00:40,1,+56.6,+51.2,+35.9,+38.2,+44.1,+36.8,+18.5,+18.3,+18.6,+19.0,+18.7,+18.8,+18.7
2024-11-22 01:40,1,+56.5,+51.1,+35.9,+38.5,+44.2,+36.8,+18.3,+18.3,+18.6,+19.0,+18.7,+18.8,+18.6
2024-11-22 02:40,1,+56.4,+51.0,+35.8,+38.4,+44.3,+36.9,+18.3,+18.3,+18.6,+18.8,+18.7,+19.0,+18.6
2024-11-22 03:40,1,+56.3,+50.9,+35.8,+38.4,+44.3,+36.9,+18.2,+18.2,+18.6,+19.0,+18.7,+18.8,+18.7
2024-11-22 04:40,1,+56.2,+50.8,+35.7,+38.4,+44.3,+37.0,+18.1,+18.2,+18.6,+19.0,+18.8,+18.8,+18.6
2024-11-22 05:40,1,+56.1,+50.8,+35.7,+38.4,+44.3,+37.0,+18.0,+18.1,+18.6,+19.0,+18.7,+18.8,+18.7
2024-11-22 06:40,1,+56.1,+50.7,+35.6,+38.3,+44.4,+37.0,+18.0,+18.1,+18.6,+18.8,+18.7,+18.8,+18.6
2024-11-22 07:40,1,+56.3,+50.7,+35.6,+38.3,+44.4,+37.0,+17.8,+18.1,+18.5,+19.0,+18.8,+19.0,+18.7
2024-11-22 08:40,1,+56.5,+50.9,+35.7,+38.4,+44.4,+37.1,+17.8,+18.0,+18.5,+19.0,+18.7,+19.0,+18.6
2024-11-22 09:40,1,+56.3,+50.9,+35.7,+38.4,+44.4,+37.1,+17.7,+18.0,+18.5,+18.8,+18.7,+19.0,+18.6
2024-11-22 10:40,1,+55.9,+50.8,+35.6,+38.3,+44.4,+37.1,+17.6,+18.0,+18.5,+18.8,+18.8,+18.8,+18.7
2024-11-22 11:40,1,+55.8,+50.6,+35.6,+38.3,+44.4,+37.1,+17.5,+17.8,+18.5,+18.8,+18.7,+19.0,+18.7
2024-11-22 12:40,1,+55.8,+50.5,+35.5,+38.4,+44.4,+37.1,+17.5,+17.8,+18.5,+18.8,+18.7,+19.0,+18.7
2024-11-22 13:40,1,+55.8,+50.5,+35.5,+38.3,+44.4,+37.1,+17.3,+17.7,+18.3,+19.0,+18.7,+19.0,+18.7
2024-11-22 14:40,1,+56.0,+50.5,+35.5,+38.2,+44.3,+37.1,+17.2,+17.7,+18.3,+18.8,+18.7,+18.8,+18.7
2024-11-22 15:40,1,+55.9,+50.6,+35.5,+38.3,+44.4,+37.1,+17.1,+17.6,+18.3,+18.8,+18.7,+19.0,+18.7
2024-11-22 16:40,1,+55.8,+50.5,+35.4,+38.3,+44.4,+37.1,+17.1,+17.6,+18.3,+18.8,+18.7,+18.8,+18.7
2024-11-22 17:40,1,+55.6,+50.4,+35.4,+38.2,+44.3,+37.0,+17.0,+17.5,+18.2,+18.8,+18.7,+19.0,+18.7
2024-11-22 18:40,1,+55.5,+50.3,+35.3,+38.2,+44.3,+37.0,+17.0,+17.5,+18.2,+18.8,+18.7,+18.8,+18.6
2024-11-22 19:40,1,+55.4,+50.2,+35.3,+38.3,+44.3,+37.0,+17.0,+17.5,+18.2,+18.7,+18.7,+18.8,+18.7
2024-11-22 20:40,1,+55.3,+50.1,+35.2,+38.1,+44.2,+37.0,+17.0,+17.3,+18.2,+18.8,+18.7,+19.0,+18.7
2024-11-22 21:40,1,+55.2,+50.0,+35.1,+38.0,+44.2,+37.0,+17.0,+17.3,+18.2,+18.7,+18.7,+19.0,+18.6
2024-11-22 22:40,1,+55.1,+49.9,+35.0,+38.0,+44.2,+37.0,+17.0,+17.2,+18.1,+18.7,+18.7,+18.8,+18.6
2024-11-22 23:40,1,+55.1,+49.8,+35.0,+38.0,+44.2,+37.0,+17.1,+17.3,+18.1,+18.7,+18.7,+18.8,+18.7
2024-11-23 00:40,1,+55.0,+49.7,+35.0,+38.1,+44.2,+37.0,+54.9,+49.7,+34.9,+38.1,+44.2,+37.0,+17.2,+17.3,+18.1,+18.7,+18.7,+18.8,+18.7
2024-11-23 01:40,1,,,,,,,+17.2,+17.2,+18.0,+18.7,+18.7,+18.8,+18.7
2024-11-23 02:40,1,+54.9,+49.6,+34.9,+38.1,+44.1,+36.9,+17.2,+17.2,+18.0,+18.7,+18.7,+18.8,+18.7
2024-11-23 03:40,1,+54.8,+49.6,+34.8,+38.0,+44.1,+36.9,+17.1,+17.3,+18.0,+18.6,+18.7,+18.8,+18.7
2024-11-23 04:40,1,+54.7,+49.5,+34.8,+37.9,+44.1,+36.9,+54.7,+49.4,+34.7,+37.9,+44.0,+36.8,+17.1,+17.3,+18.0,+18.7,+18.7,+18.8,+18.7
2024-11-23 05:40,1,+54.6,+49.4,+34.7,+37.9,+44.0,+36.8,+17.0,+17.2,+18.0,+18.6,+18.6,+18.8,+18.7
2024-11-23 06:40,1,,,,,,,+17.0,+17.3,+18.0,+18.6,+18.6,+18.8,+18.7
2024-11-23 07:40,1,+54.5,+49.4,+34.7,+37.8,+44.0,+36.8,+17.0,+17.2,+17.8,+18.7,+18.6,+18.8,+18.7
2024-11-23 08:40,1,+54.5,+49.3,+34.6,+37.8,+44.0,+36.8,+17.0,+17.2,+18.0,+18.6,+18.6,+18.8,+18.7
2024-11-23 09:40,1,(Error)
2024-11-23 10:40,1,(Error)
2024-11-23 11:40,1,(Error)
2024-11-23 12:40,1,(Error)
2024-11-23 13:40,1,(Error)
2024-11-23 14:40,1,(Error)
2024-11-23 15:40,1,(Error)
2024-11-23 16:40,1,(Error)
2024-11-23 17:40,1,(Error)
2024-11-23 18:40,1,(Error)
2024-11-23 19:40,1,(Error)
2024-11-23 20:40,1,(Error)
2024-11-23 21:40,1,(Error)
2024-11-23 22:40,1,(Error)
2024-11-23 23:40,1,(Error)
2024-11-24 00:40,1,(Error)
2024-11-24 01:40,1,(Error)
2024-11-24 02:40,1,(Error)
2024-11-24 03:40,1,(Error)
2024-11-24 04:40,1,(Error)
2024-11-24 05:40,1,(Error)
2024-11-24 06:40,1,(Error)
2024-11-24 07:40,1,(Error)
2024-11-24 08:40,1,(Error)
2024-11-24 09:40,1,(Error)
2024-11-24 10:40,1,(Error)
2024-11-24 11:40,1,(Error)
2024-11-24 12:40,1,(Error)
2024-11-24 13:40,1,(Error)
2024-11-24 14:40,1,(Error)
2024-11-24 15:40,1,(Error)
2024-11-24 16:40,1,(Error)
2024-11-24 17:40,1,(Error)
2024-11-24 18:40,1,(Error)
2024-11-24 19:40,1,(Error)
2024-11-24 20:40,1,(Error)
2024-11-24 21:40,1,(Error)
2024-11-24 22:40,1,(Error)
2024-11-24 23:40,1,(Error)
2024-11-25 00:40,1,(Error)
2024-11-25 01:40,1,(Error)
2024-11-25 02:40,1,(Error)
2024-11-25 03:40,1,(Error)
2024-11-25 04:40,1,(Error)
2024-11-25 05:40,1,(Error)
2024-11-25 06:40,1,(Error)
2024-11-25 07:40,1,(Error)
2024-11-25 08:40,1,(Error)
2024-11-25 09:40,1,(Error)
2024-11-25 10:40,1,(Error)
2024-11-25 11:40,1,(Error)
2024-11-25 12:40,1,(Error)
2024-11-25 13:40,1,(Error)
2024-11-25 14:40,1,(Error)
2024-11-25 15:40,1,(Error)
2024-11-25 16:40,1,(Error)
2024-11-25 17:40,1,(Error)
2024-11-25 18:40,1,(Error)
2024-11-25 19:40,1,(Error)
2024-11-25 20:40,1,(Error)
2024-11-25 21:40,1,(Error)
2024-11-25 22:40,1,(Error)
2024-11-25 23:40,1,(Error)
2024-11-26 00:40,1,(Error)
2024-11-26 01:40,1,(Error)
2024-11-26 02:40,1,(Error)
2024-11-26 03:40,1,(Error)
2024-11-26 04:40,1,(Error)
2024-11-26 05:40,1,(Error)
2024-11-26 06:40,1,(Error)
2024-11-26 07:40,1,(Error)
2024-11-26 08:40,1,(Error)
2024-11-26 09:40,1,(Error)
2024-11-26 10:40,1,(Error)
2024-11-26 11:40,1,(Error)
2024-11-26 12:40,1,(Error)
2024-11-26 13:40,1,(Error)
2024-11-26 14:40,1,(Error)
2024-11-26 15:40,1,(Error)
2024-11-26 16:40,1,(Error)
2024-11-26 17:40,1,(Error)
2024-11-26 18:40,1,(Error)
2024-11-26 19:40,1,(Error)
2024-11-26 20:40,1,(Error)
2024-11-26 21:40,1,(Error)
2024-11-26 22:40,1,(Error)
2024-11-26 23:40,1,(Error)
2024-11-27 00:40,1,(Error)
2024-11-27 01:40,1,(Error)
2024-11-27 02:40,1,(Error)
2024-11-27 03:40,1,(Error)
2024-11-27 04:40,1,(Error)
2024-11-27 05:40,1,(Error)
2024-11-27 06:40,1,(Error)
2024-11-27 07:40,1,(Error)
2024-11-27 08:40,1,(Error)
2024-11-27 09:40,1,(Error)
2024-11-27 10:40,1,(Error)
2024-11-27 11:40,1,(Error)
2024-11-27 12:40,1,(Error)
2024-11-27 13:40,1,(Error)
2024-11-27 14:40,1,(Error)
2024-11-27 15:40,1,(Error)
2024-11-27 16:40,1,(Error)
2024-11-27 17:40,1,(Error)
2024-11-27 18:40,1,(Error)
2024-11-27 19:40,1,(Error)
2024-11-27 20:40,1,(Error)
2024-11-27 21:40,1,(Error)
2024-11-27 22:40,1,(Error)
2024-11-27 23:40,1,(Error)
2024-11-28 00:40,1,(Error)
2024-11-28 01:40,1,(Error)
2024-11-28 02:40,1,(Error)
2024-11-28 03:40,1,(Error)
2024-11-28 04:40,1,(Error)
2024-11-28 05:40,1,(Error)
2024-11-28 06:40,1,(Error)
2024-11-28 07:40,1,(Error)
2024-11-28 08:40,1,(Error)
2024-11-28 09:40,1,(Error)
2024-11-28 10:40,1,(Error)
2024-11-28 11:40,1,(Error)
2024-11-28 12:40,1,(Error)
2024-11-28 13:40,1,(Error)
2024-11-28 14:40,1,(Error)
2024-11-28 15:40,1,(Error)
2024-11-28 16:40,1,(Error)
2024-11-28 17:40,1,(Error)
2024-11-28 18:40,1,(Error)
2024-11-28 19:40,1,(Error)
2024-11-28 20:40,1,(Error)
2024-11-28 21:40,1,(Error)
2024-11-28 22:40,1,(Error)
2024-11-28 23:40,1,(Error)
2024-11-29 00:40,1,(Error)
2024-11-29 01:40,1,(Error)
2024-11-29 02:40,1,(Error)
2024-11-29 03:40,1,(Error)
2024-11-29 04:40,1,(Error)
2024-11-29 05:40,1,(Error)
2024-11-29 06:40,1,(Error)
2024-11-29 07:40,1,(Error)
2024-11-29 08:40,1,(Error)
2024-11-29 09:40,1,(Error)
2024-11-29 10:40,1,(Error)
2024-11-29 11:40,1,(Error)
2024-11-29 12:40,1,(Error)
2024-11-29 13:40,1,(Error)
2024-11-29 14:40,1,(Error)
2024-11-29 15:40,1,(Error)
2024-11-29 16:40,1,(Error)
2024-11-29 17:40,1,(Error)
2024-11-29 18:40,1,(Error)
2024-11-29 19:40,1,(Error)
2024-11-29 20:40,1,(Error)
2024-11-29 21:40,1,(Error)
2024-11-29 22:40,1,(Error)
2024-11-29 23:40,1,(Error)
2024-11-30 00:40,1,(Error)
2024-11-30 01:40,1,(Error)
2024-11-30 02:40,1,(Error)
2024-11-30 03:40,1,(Error)
2024-11-30 04:40,1,(Error)
2024-11-30 05:40,1,(Error)
2024-11-30 06:40,1,(Error)
2024-11-30 07:40,1,(Error)
2024-11-30 08:40,1,(Error)
2024-11-30 09:40,1,(Error)
2024-11-30 10:40,1,(Error)
2024-11-30 11:40,1,(Error)
2024-11-30 12:40,1,(Error)
2024-11-30 13:40,1,(Error)
2024-11-30 14:40,1,(Error)
2024-11-30 15:40,1,(Error)
2024-11-30 16:40,1,(Error)
2024-11-30 17:40,1,(Error)
2024-11-30 18:40,1,(Error)
2024-11-30 19:40,1,(Error)
2024-11-30 20:40,1,(Error)
2024-11-30 21:40,1,(Error)
2024-11-30 22:40,1,(Error)
2024-11-30 23:40,1,(Error)
2024-12-01 00:40,1,(Error)
2024-12-01 01:40,1,(Error)
2024-12-01 02:40,1,(Error)
2024-12-01 03:40,1,(Error)
2024-12-01 04:40,1,(Error)
2024-12-01 05:40,1,(Error)
2024-12-01 06:40,1,(Error)
2024-12-01 07:40,1,(Error)
2024-12-01 08:40,1,(Error)
2024-12-01 09:40,1,(Error)
2024-12-01 10:40,1,(Error)
2024-12-01 11:40,1,(Error)
2024-12-01 12:40,1,(Error)
2024-12-01 13:40,1,(Error)
2024-12-01 14:40,1,(Error)
2024-12-01 15:40,1,(Error)
2024-12-01 16:40,1,(Error)
2024-12-01 17:40,1,(Error)
2024-12-01 18:40,1,(Error)
2024-12-01 19:40,1,(Error)
2024-12-01 20:40,1,(Error)
2024-12-01 21:40,1,(Error)
2024-12-01 22:40,1,(Error)
2024-12-01 23:40,1,(Error)
2024-12-02 00:40,1,(Error)
2024-12-02 01:40,1,(Error)
2024-12-02 02:40,1,(Error)
2024-12-02 03:40,1,(Error)
2024-12-02 04:40,1,(Error)
2024-12-02 05:40,1,(Error)
2024-12-02 06:40,1,(Error)
2024-12-02 07:40,1,(Error)
2024-12-02 08:40,1,(Error)
2024-12-02 09:40,1,(Error)
2024-12-02 10:40,1,(Error)
2024-12-02 11:40,1,(Error)
2024-12-02 12:40,1,(Error)
2024-12-02 13:40,1,(Error)
2024-12-02 14:40,1,(Error)
2024-12-02 15:40,1,(Error)
2024-12-02 16:40,1,(Error)
2024-12-02 17:40,1,(Error)
2024-12-02 18:40,1,(Error)
2024-12-02 19:40,1,(Error)
2024-12-02 20:40,1,(Error)
2024-12-02 21:40,1,(Error)
2024-12-02 22:40,1,(Error)
2024-12-02 23:40,1,(Error)
2024-12-03 00:40,1,(Error)
2024-12-03 01:40,1,(Error)
2024-12-03 02:40,1,(Error)
2024-12-03 03:40,1,(Error)
2024-12-03 04:40,1,(Error)
2024-12-03 05:40,1,(Error)
2024-12-03 06:40,1,(Error)
2024-12-03 07:40,1,(Error)
2024-12-03 08:40,1,(Error)
2024-12-03 09:40,1,(Error)
2024-12-03 10:40,1,(Error)
2024-12-03 11:40,1,(Error)
2024-12-03 12:40,1,(Error)
2024-12-03 13:40,1,(Error)
2024-12-03 14:40,1,(Error)
2024-12-03 15:40,1,(Error)
2024-12-03 16:40,1,(Error)
2024-12-03 17:40,1,(Error)
2024-12-03 18:40,1,(Error)
2024-12-03 19:40,1,(Error)
2024-12-03 20:40,1,(Error)
2024-12-03 21:40,1,(Error)
2024-12-03 22:40,1,(Error)
2024-12-03 23:40,1,(Error)
2024-12-04 00:40,1,(Error)
2024-12-04 01:40,1,(Error)
2024-12-04 02:40,1,(Error)
2024-12-04 03:40,1,(Error)
2024-12-04 04:40,1,(Error)
2024-12-04 05:40,1,(Error)
2024-12-04 06:40,1,(Error)
2024-12-04 07:40,1,(Error)
2024-12-04 08:40,1,(Error)
2024-12-04 09:40,1,(Error)
2024-12-04 10:40,1,(Error)
2024-12-04 11:40,1,(Error)
2024-12-04 12:40,1,(Error)
2024-12-04 13:40,1,(Error)
2024-12-04 14:40,1,(Error)
2024-12-04 15:40,1,(Error)
2024-12-04 16:40,1,(Error)
2024-12-04 17:40,1,(Error)
2024-12-04 18:40,1,(Error)
2024-12-04 19:40,1,(Error)
2024-12-04 20:40,1,(Error)
2024-12-04 21:40,1,(Error)
2024-12-04 22:40,1,(Error)
2024-12-04 23:40,1,(Error)
2024-12-05 00:40,1,(Error)
2024-12-05 01:40,1,(Error)
2024-12-05 02:40,1,(Error)
2024-12-05 03:40,1,(Error)
2024-12-05 04:40,1,(Error)
2024-12-05 05:40,1,(Error)
2024-12-05 06:40,1,(Error)
2024-12-06 11:52,1,+57.4,+52.8,+35.0,+37.9,+44.1,+36.7,+18.1,+17.5,+17.7,+18.0,+18.0,+18.1,+18.0