
2023-11-07 09:01,2,+22.8,+19.6,+23.9,+18.6,+11.8,+33.9,+19.0,+19.1,+19.1,+19.0,+19.1,+18.6,+18.6
2023-11-07 10:01,2,+22.7,+19.5,+23.9,+18.7,+11.8,+33.9,+19.1,+19.1,+19.1,+19.0,+19.1,+18.7,+18.6
2023-11-07 11:01,2,+22.6,+19.5,+23.8,+18.7,+11.8,+33.9,+19.3,+19.2,+19.1,+19.0,+19.1,+18.7,+18.6
2023-11-07 12:01,2,+22.6,+19.5,+23.8,+18.7,+11.8,+33.9,+19.5,+19.2,+19.1,+19.0,+19.1,+18.6,+18.6
2023-11-07 13:01,2,+22.6,+19.4,+23.8,+18.5,+11.8,+33.8,+19.7,+19.2,+19.1,+19.0,+19.1,+18.6,+18.6
2023-11-07 14:01,2,+22.5,+19.4,+23.8,+18.6,+11.8,+33.8,+19.8,+19.3,+19.1,+19.0,+19.1,+18.7,+18.6
2023-11-07 15:01,2,+22.5,+19.4,+23.8,+18.5,+11.8,+33.8,+19.8,+19.5,+19.1,+19.0,+19.1,+18.6,+18.6
2023-11-07 16:01,2,+22.4,+19.4,+23.8,+18.5,+11.8,+33.8,+19.8,+19.5,+19.1,+19.0,+19.1,+18.7,+18.7
2023-11-07 17:01,2,+22.4,+19.4,+23.8,+18.5,+11.8,+33.8,+20.0,+19.6,+19.1,+19.0,+19.1,+18.7,+18.6
2023-11-07 18:01,2,+22.4,+19.4,+23.8,+18.5,+11.7,+33.8,+19.8,+19.6,+19.1,+19.0,+19.2,+18.7,+18.6
2023-11-07 19:01,2,+22.4,+19.4,+23.8,+18.6,+11.8,+33.8,+19.7,+19.6,+19.2,+19.0,+19.1,+18.6,+18.6
2023-11-07 20:01,2,+28.5,+19.9,+23.8,+18.6,+11.8,+33.8,+19.7,+19.6,+19.2,+19.0,+19.1,+18.7,+18.6
2023-11-07 21:01,2,+26.9,+20.3,+23.8,+18.5,+11.7,+33.7,+19.7,+19.6,+19.2,+19.0,+19.2,+18.7,+18.7
2023-11-07 22:01,2,+25.7,+20.3,+23.8,+18.6,+11.8,+33.7,+19.6,+19.6,+19.3,+19.0,+19.1,+18.7,+18.6
2023-11-07 23:01,2,+24.9,+20.3,+23.8,+18.5,+11.7,+33.7,+19.5,+19.6,+19.2,+19.0,+19.1,+18.7,+18.6
2023-11-08 00:01,2,+24.4,+20.2,+23.9,+18.5,+11.7,+33.7,+19.3,+19.6,+19.3,+19.0,+19.1,+18.7,+18.7
2023-11-08 01:01,2,+24.3,+20.1,+23.9,+18.6,+11.8,+33.7,+19.3,+19.6,+19.3,+19.1,+19.1,+18.7,+18.7
2023-11-08 02:01,2,+24.4,+20.0,+24.0,+18.5,+11.7,+33.6,+19.3,+19.5,+19.3,+19.0,+19.1,+18.7,+18.6
2023-11-08 03:01,2,+24.3,+20.0,+24.0,+18.5,+11.7,+33.6,+19.3,+19.6,+19.3,+19.0,+19.1,+18.7,+18.6
2023-11-08 04:01,2,+24.1,+20.0,+24.0,+18.7,+11.8,+33.7,+19.2,+19.5,+19.3,+19.0,+19.1,+18.7,+18.6
2023-11-08 05:01,2,+23.9,+20.0,+24.0,+18.6,+11.7,+33.6,+19.2,+19.5,+19.3,+19.1,+19.1,+18.7,+18.7
2023-11-08 06:01,2,+23.8,+19.9,+24.0,+18.7,+11.8,+33.7,+19.2,+19.3,+19.3,+19.0,+19.1,+18.7,+18.6
2023-11-08 07:01,2,+23.6,+19.9,+24.0,+18.7,+11.8,+33.7,+19.2,+19.3,+19.3,+19.1,+19.1,+18.6,+18.7
2023-11-08 08:01,2,+23.5,+19.9,+24.0,+18.7,+11.8,+33.7,+19.1,+19.3,+19.3,+19.1,+19.2,+18.7,+18.7
2023-11-08 09:01,2,+23.4,+19.8,+24.0,+18.6,+11.8,+33.7,+19.2,+19.3,+19.2,+19.1,+19.2,+18.7,+18.6
2023-11-08 10:01,2,+23.3,+19.7,+24.0,+18.7,+11.8,+33.7,+19.2,+19.3,+19.2,+19.1,+19.2,+18.7,+18.7
2023-11-08 11:01,2,+23.2,+19.7,+24.0,+18.5,+11.8,+33.7,+19.5,+19.3,+19.2,+19.1,+19.2,+18.7,+18.6
2023-11-08 12:01,2,+23.1,+19.7,+24.0,+18.7,+11.8,+33.7,+19.6,+19.3,+19.2,+19.1,+19.2,+18.7,+18.6
2023-11-08 13:01,2,+23.0,+19.7,+24.0,+18.5,+11.8,+33.7,+19.7,+19.3,+19.2,+19.1,+19.1,+18.7,+18.7
2023-11-08 14:01,2,+22.9,+19.6,+24.0,+18.5,+11.8,+33.7,+19.7,+19.5,+19.2,+19.1,+19.1,+18.7,+18.7
2023-11-08 15:01,2,+22.9,+19.6,+24.0,+18.5,+11.8,+33.7,+19.8,+19.5,+19.2,+19.1,+19.2,+18.7,+18.6
2023-11-08 16:01,2,+22.9,+19.6,+24.0,+18.7,+11.8,+33.7,+19.8,+19.6,+19.3,+19.1,+19.2,+18.7,+18.6
2023-11-08 17:01,2,+23.0,+19.6,+24.0,+18.5,+11.8,+33.7,+19.7,+19.6,+19.2,+19.1,+19.1,+18.8,+18.7
2023-11-08 18:01,2,+23.7,+19.6,+24.0,+18.5,+11.7,+33.7,+19.7,+19.6,+19.3,+19.1,+19.1,+18.7,+18.7
2023-11-08 19:01,2,+23.9,+19.6,+23.9,+18.5,+11.7,+33.7,+19.7,+19.6,+19.3,+19.1,+19.2,+18.7,+18.7
2023-11-08 20:01,2,+24.3,+19.6,+23.9,+18.5,+11.7,+33.7,+19.6,+19.6,+19.3,+19.1,+19.2,+18.7,+18.6
2023-11-08 21:01,2,+24.5,+19.6,+23.9,+18.6,+11.8,+33.7,+19.5,+19.6,+19.3,+19.1,+19.2,+18.7,+18.7
2023-11-08 22:01,2,+24.5,+19.6,+23.9,+18.5,+11.7,+33.6,+19.5,+19.6,+19.3,+19.1,+19.2,+18.8,+18.6
2023-11-08 23:01,2,+24.3,+19.7,+24.0,+18.5,+11.7,+33.7,+19.3,+19.6,+19.3,+19.1,+19.2,+18.7,+18.6
2023-11-09 00:01,2,+24.1,+19.7,+24.0,+18.5,+11.7,+33.7,+19.2,+19.6,+19.3,+19.1,+19.2,+18.7,+18.6
2023-11-09 01:01,2,+24.1,+19.9,+23.9,+18.5,+11.7,+33.6,+19.0,+19.5,+19.3,+19.1,+19.1,+18.7,+18.7
2023-11-09 02:01,2,+24.2,+20.2,+24.0,+18.5,+11.7,+33.7,+18.8,+19.3,+19.3,+19.1,+19.2,+18.7,+18.7
2023-11-09 03:01,2,+24.1,+20.2,+23.9,+18.6,+11.8,+33.7,+18.7,+19.3,+19.3,+19.1,+19.2,+18.7,+18.7
2023-11-09 04:01,2,+24.1,+20.1,+24.0,+18.6,+11.8,+33.7,+18.6,+19.2,+19.2,+19.1,+19.2,+18.7,+18.7
2023-11-09 05:01,2,+23.9,+20.1,+23.9,+18.5,+11.7,+33.6,+18.6,+19.2,+19.2,+19.1,+19.2,+18.7,+18.7
2023-11-09 06:01,2,+23.9,+20.1,+23.9,+18.6,+11.8,+33.7,+18.5,+19.1,+19.2,+19.1,+19.2,+18.8,+18.6
2023-11-09 07:01,2,+23.8,+20.1,+23.9,+18.6,+11.8,+33.7,+18.5,+19.1,+19.2,+19.1,+19.2,+18.8,+18.6
2023-11-09 08:01,2,+23.7,+20.0,+23.9,+18.5,+11.7,+33.6,+18.3,+19.1,+19.2,+19.1,+19.2,+18.7,+18.7
2023-11-09 09:01,2,+23.6,+20.0,+23.9,+18.6,+11.8,+33.6,+18.5,+19.0,+19.2,+19.1,+19.2,+18.8,+18.7
2023-11-09 10:01,2,+23.5,+20.0,+23.9,+18.6,+11.8,+33.6,+18.5,+19.0,+19.2,+19.1,+19.2,+18.7,+18.7
2023-11-09 11:01,2,+23.4,+19.9,+23.9,+18.5,+11.7,+33.6,+18.6,+19.0,+19.1,+19.1,+19.2,+18.7,+18.7
2023-11-09 12:01,2,+23.4,+19.9,+23.9,+18.6,+11.8,+33.6,+18.8,+19.0,+19.1,+19.1,+19.2,+18.8,+18.7
2023-11-09 13:01,2,+23.3,+19.9,+23.9,+18.6,+11.8,+33.6,+19.3,+19.0,+19.1,+19.1,+19.2,+18.7,+18.6
2023-11-09 14:01,2,+23.2,+19.9,+23.9,+18.5,+11.7,+33.6,+19.3,+19.1,+19.1,+19.0,+19.2,+18.7,+18.6
2023-11-09 15:01,2,+23.2,+19.9,+23.9,+18.5,+11.7,+33.6,+19.3,+19.1,+19.1,+19.1,+19.3,+18.8,+18.7
2023-11-09 16:01,2,+23.1,+19.9,+23.9,+18.5,+11.7,+33.6,+19.3,+19.2,+19.1,+19.1,+19.3,+18.8,+18.7
2023-11-09 17:01,2,+23.1,+19.8,+23.9,+18.5,+11.7,+33.6,+19.2,+19.2,+19.1,+19.1,+19.3,+18.7,+18.6
2023-11-09 18:01,2,+23.0,+19.8,+23.9,+18.5,+11.7,+33.6,+19.2,+19.2,+19.1,+19.0,+19.2,+18.8,+18.7
2023-11-09 19:01,2,+23.0,+19.8,+23.9,+18.6,+11.8,+33.6,+19.1,+19.2,+19.1,+19.1,+19.2,+18.7,+18.7
2023-11-09 20:01,2,+22.9,+19.8,+23.9,+18.5,+11.7,+33.6,+19.1,+19.2,+19.1,+19.0,+19.3,+18.8,+18.7
2023-11-09 21:01,2,+22.9,+19.8,+23.9,+18.5,+11.7,+33.6,+19.0,+19.2,+19.1,+19.0,+19.2,+18.7,+18.7
2023-11-09 22:01,2,+22.8,+19.8,+23.9,+18.5,+11.7,+33.6,+18.8,+19.2,+19.1,+19.0,+19.2,+18.7,+18.7
2023-11-09 23:01,2,+22.8,+19.7,+23.9,+18.5,+11.7,+33.6,+18.8,+19.2,+19.1,+19.1,+19.2,+18.7,+18.7
2023-11-10 00:01,2,+22.8,+19.7,+23.8,+18.6,+11.8,+33.6,+18.7,+19.1,+19.2,+19.1,+19.1,+18.8,+18.7
2023-11-10 01:01,2,+22.7,+19.7,+23.8,+18.6,+11.8,+33.6,+18.6,+19.1,+19.1,+19.1,+19.2,+18.8,+18.7
2023-11-10 02:01,2,+22.7,+19.7,+23.8,+18.6,+11.8,+33.6,+18.5,+19.0,+19.1,+19.1,+19.2,+18.7,+18.7
2023-11-10 03:01,2,+22.6,+19.7,+23.8,+18.6,+11.8,+33.6,+18.3,+19.0,+19.1,+19.0,+19.2,+18.8,+18.7
2023-11-10 04:01,2,+22.6,+19.7,+23.8,+18.5,+11.8,+33.6,+18.3,+19.0,+19.1,+19.0,+19.2,+18.7,+18.7
2023-11-10 05:01,2,+22.6,+19.7,+23.8,+18.5,+11.8,+33.6,+18.3,+18.8,+19.0,+19.0,+19.2,+18.7,+18.7
2023-11-10 06:01,2,+22.6,+19.7,+23.8,+18.5,+11.8,+33.5,+18.3,+18.8,+19.1,+19.0,+19.2,+18.8,+18.7
2023-11-10 07:01,2,+22.5,+19.7,+23.8,+18.4,+11.7,+33.5,+18.5,+18.8,+19.1,+19.0,+19.2,+18.7,+18.7
2023-11-10 08:01,2,+22.5,+19.6,+23.8,+18.4,+11.7,+33.5,+18.5,+18.8,+19.0,+19.0,+19.2,+18.7,+18.7
2023-11-10 09:01,2,+22.5,+19.6,+23.8,+18.5,+11.7,+33.5,+18.6,+18.8,+19.0,+19.0,+19.2,+18.7,+18.7
2023-11-10 10:01,2,+22.4,+19.6,+23.8,+18.5,+11.8,+33.5,+18.7,+18.8,+19.0,+19.0,+19.2,+18.8,+18.7
2023-11-10 11:01,2,+22.4,+19.6,+23.8,+18.4,+11.7,+33.5,+19.0,+18.8,+19.0,+19.0,+19.2,+18.7,+18.7
2023-11-10 12:01,2,+22.4,+19.6,+23.7,+18.4,+11.7,+33.5,+19.1,+18.8,+18.8,+19.0,+19.2,+18.8,+18.7
2023-11-10 13:01,2,+22.4,+19.6,+23.8,+18.5,+11.7,+33.5,+19.3,+19.0,+19.0,+19.0,+19.1,+18.7,+18.7
2023-11-10 14:01,2,+22.4,+19.6,+23.8,+18.4,+11.7,+33.5,+19.5,+19.1,+19.0,+19.0,+19.2,+18.7,+18.7
2023-11-10 15:01,2,+22.4,+19.6,+23.8,+18.5,+11.7,+33.5,+19.6,+19.2,+19.0,+19.0,+19.2,+18.7,+18.7
2023-11-10 16:01,2,+22.4,+19.6,+23.7,+18.5,+11.7,+33.5,+19.6,+19.2,+19.0,+19.0,+19.2,+18.7,+18.7
2023-11-10 17:01,2,+22.3,+19.6,+23.7,+18.4,+11.7,+33.5,+19.5,+19.2,+19.0,+19.0,+19.1,+18.8,+18.7
2023-11-10 18:01,2,+22.3,+19.6,+23.8,+18.5,+11.7,+33.5,+19.5,+19.3,+19.1,+19.0,+19.2,+18.8,+18.7
2023-11-10 19:01,2,+22.3,+19.6,+23.7,+18.4,+11.7,+33.5,+19.5,+19.3,+19.1,+19.0,+19.2,+18.8,+18.7
2023-11-10 20:01,2,+22.3,+19.6,+23.8,+18.5,+11.7,+33.5,+19.3,+19.3,+19.1,+19.0,+19.2,+18.7,+18.7
2023-11-10 21:01,2,+22.2,+19.6,+23.8,+18.4,+11.7,+33.5,+19.3,+19.3,+19.1,+19.0,+19.2,+18.7,+18.7
2023-11-10 22:01,2,+22.2,+19.5,+23.7,+18.4,+11.7,+33.5,+19.2,+19.3,+19.1,+19.0,+19.2,+18.7,+18.7
2023-11-10 23:01,2,+22.2,+19.5,+23.7,+18.5,+11.7,+33.5,+19.2,+19.3,+19.1,+19.0,+19.2,+18.7,+18.7
2023-11-11 00:01,2,+22.2,+19.5,+23.7,+18.4,+11.7,+33.4,+19.2,+19.3,+19.1,+19.0,+19.2,+18.7,+18.7
2023-11-11 01:01,2,+22.2,+19.5,+23.7,+18.5,+11.7,+33.5,+19.1,+19.3,+19.1,+19.0,+19.2,+18.7,+18.7
2023-11-11 02:01,2,+22.2,+19.5,+23.7,+18.3,+11.7,+33.4,+19.1,+19.3,+19.1,+19.0,+19.1,+18.7,+18.7
2023-11-11 03:01,2,+22.1,+19.5,+23.7,+18.5,+11.7,+33.5,+19.1,+19.2,+19.1,+19.0,+19.2,+18.7,+18.7
2023-11-11 04:01,2,+22.1,+19.5,+23.7,+18.4,+11.7,+33.4,+19.1,+19.2,+19.2,+19.0,+19.2,+18.7,+18.7
2023-11-11 05:01,2,+22.1,+19.5,+23.7,+18.3,+11.7,+33.4,+19.1,+19.2,+19.1,+19.0,+19.2,+18.7,+18.6
2023-11-11 06:01,2,+22.2,+19.5,+23.7,+18.5,+11.7,+33.4,+19.1,+19.2,+19.1,+19.0,+19.2,+18.7,+18.7
2023-11-11 07:01,2,+23.9,+19.6,+23.7,+18.3,+11.7,+33.4,+19.1,+19.2,+19.1,+19.0,+19.2,+18.7,+18.7
2023-11-11 08:01,2,+24.4,+19.6,+23.7,+18.3,+11.7,+33.4,+19.1,+19.2,+19.1,+19.0,+19.2,+18.8,+18.7
2023-11-11 09:01,2,+24.5,+19.6,+23.7,+18.5,+11.7,+33.4,+19.2,+19.2,+19.2,+19.1,+19.2,+18.7,+18.7
2023-11-11 10:01,2,+24.5,+19.6,+23.7,+18.3,+11.7,+33.4,+19.2,+19.2,+19.1,+19.0,+19.2,+18.7,+18.7
2023-11-11 11:01,2,+24.3,+19.7,+23.7,+18.3,+11.7,+33.4,+19.3,+19.2,+19.2,+19.0,+19.2,+18.7,+18.7
2023-11-11 12:01,2,+24.2,+19.7,+23.7,+18.4,+11.7,+33.4,+19.3,+19.2,+19.2,+19.0,+19.2,+18.7,+18.6
2023-11-11 13:01,2,+24.1,+19.7,+23.7,+18.4,+11.7,+33.4,+19.5,+19.3,+19.2,+19.0,+19.2,+18.7,+18.7
2023-11-11 14:01,2,+23.9,+19.7,+23.7,+18.3,+11.7,+33.4,+19.5,+19.3,+19.1,+19.0,+19.1,+18.7,+18.6
2023-11-11 15:01,2,+23.8,+19.8,+23.7,+18.5,+11.7,+33.4,+19.6,+19.5,+19.1,+19.0,+19.2,+18.7,+18.7
2023-11-11 16:01,2,+23.7,+19.8,+23.7,+18.3,+11.7,+33.4,+19.6,+19.3,+19.1,+19.0,+19.2,+18.7,+18.7
2023-11-11 17:01,2,+23.7,+19.8,+23.7,+18.4,+11.7,+33.4,+19.5,+19.5,+19.2,+19.0,+19.2,+18.7,+18.7
2023-11-11 18:01,2,+24.2,+19.8,+23.8,+18.4,+11.7,+33.4,+19.5,+19.5,+19.2,+19.0,+19.2,+18.7,+18.7
2023-11-11 19:01,2,+24.4,+19.8,+23.8,+18.3,+11.7,+33.4,+19.3,+19.5,+19.2,+19.0,+19.1,+18.7,+18.7
2023-11-11 20:01,2,+24.3,+19.9,+23.8,+18.5,+11.7,+33.4,+19.1,+19.3,+19.2,+19.0,+19.2,+18.7,+18.7
2023-11-11 21:01,2,+24.2,+19.9,+23.8,+18.3,+11.7,+33.3,+19.0,+19.3,+19.2,+19.0,+19.2,+18.7,+18.7
2023-11-11 22:01,2,+24.1,+19.9,+23.8,+18.3,+11.7,+33.3,+18.8,+19.3,+19.2,+19.1,+19.2,+18.7,+18.7
2023-11-11 23:01,2,+24.0,+19.9,+23.8,+18.5,+11.7,+33.4,+18.7,+19.2,+19.2,+19.0,+19.2,+18.7,+18.7
2023-11-12 00:01,2,+23.9,+19.9,+23.8,+18.5,+11.7,+33.4,+18.7,+19.2,+19.2,+19.0,+19.2,+18.7,+18.7
2023-11-12 01:01,2,+23.8,+19.9,+23.8,+18.3,+11.7,+33.3,+18.6,+19.1,+19.2,+19.1,+19.2,+18.8,+18.7
2023-11-12 02:01,2,+23.7,+19.9,+23.8,+18.5,+11.7,+33.4,+18.6,+19.1,+19.2,+19.1,+19.2,+18.7,+18.7
2023-11-12 03:01,2,+23.6,+19.9,+23.8,+18.3,+11.7,+33.3,+18.5,+19.1,+19.2,+19.1,+19.2,+18.7,+18.7
2023-11-12 04:01,2,+23.5,+19.9,+23.8,+18.5,+11.7,+33.4,+18.5,+19.0,+19.2,+19.1,+19.2,+18.7,+18.7
2023-11-12 05:01,2,+23.4,+19.9,+23.8,+18.5,+11.7,+33.3,+18.5,+19.0,+19.1,+19.1,+19.2,+18.7,+18.7
2023-11-12 06:01,2,+23.4,+19.8,+23.8,+18.4,+11.7,+33.3,+18.3,+19.0,+19.1,+19.0,+19.2,+18.7,+18.7
2023-11-12 07:01,2,+23.3,+19.8,+23.8,+18.3,+11.7,+33.3,+18.3,+18.8,+19.1,+19.1,+19.2,+18.7,+18.7
2023-11-12 08:01,2,+23.2,+19.8,+23.8,+18.5,+11.7,+33.3,+18.3,+18.8,+19.0,+19.0,+19.2,+18.7,+18.7
2023-11-12 09:01,2,+23.2,+19.8,+23.8,+18.3,+11.7,+33.3,+18.5,+18.8,+19.0,+19.1,+19.1,+18.8,+18.7
2023-11-12 10:01,2,+23.1,+19.8,+23.8,+18.3,+11.7,+33.3,+18.5,+18.8,+19.1,+19.1,+19.2,+18.8,+18.7
2023-11-12 11:01,2,+23.1,+19.8,+23.8,+18.3,+11.7,+33.3,+18.7,+18.8,+19.0,+19.0,+19.2,+18.7,+18.7
2023-11-12 12:01,2,+23.0,+19.7,+23.8,+18.5,+11.7,+33.3,+18.8,+18.8,+19.0,+19.1,+19.2,+18.8,+18.7
2023-11-12 13:01,2,+23.0,+19.8,+23.8,+18.3,+11.7,+33.3,+19.3,+19.0,+19.0,+19.0,+19.2,+18.7,+18.7
2023-11-12 14:01,2,+22.9,+19.7,+23.8,+18.3,+11.7,+33.3,+19.5,+19.1,+19.0,+19.0,+19.2,+18.7,+18.7
2023-11-12 15:01,2,+22.9,+19.7,+23.8,+18.5,+11.7,+33.3,+19.6,+19.1,+19.0,+19.0,+19.2,+18.8,+18.7
2023-11-12 16:01,2,+22.8,+19.7,+23.8,+18.5,+11.7,+33.3,+19.6,+19.2,+19.1,+19.0,+19.2,+18.8,+18.7
2023-11-12 17:01,2,+22.8,+19.7,+23.8,+18.5,+11.7,+33.3,+19.5,+19.2,+19.0,+19.0,+19.2,+18.7,+18.7
2023-11-12 18:01,2,+22.8,+19.7,+23.8,+18.3,+11.7,+33.3,+19.5,+19.2,+19.0,+19.0,+19.2,+18.7,+18.7
2023-11-12 19:01,2,+22.8,+19.7,+23.8,+18.5,+11.7,+33.3,+19.3,+19.3,+19.1,+19.0,+19.2,+18.7,+18.7
2023-11-12 20:01,2,+22.7,+19.7,+23.8,+18.3,+11.7,+33.3,+19.2,+19.2,+19.1,+19.0,+19.2,+18.7,+18.7
2023-11-12 21:01,2,+22.7,+19.7,+23.8,+18.5,+11.7,+33.3,+19.2,+19.3,+19.1,+19.0,+19.2,+18.8,+18.7
2023-11-12 22:01,2,+22.7,+19.7,+23.8,+18.5,+11.7,+33.3,+19.1,+19.2,+19.1,+19.0,+19.2,+18.8,+18.7
2023-11-12 23:01,2,+22.6,+19.7,+23.8,+18.5,+11.7,+33.3,+19.1,+19.2,+19.1,+19.0,+19.2,+18.7,+18.7
2023-11-13 00:01,2,+22.6,+19.7,+23.8,+18.5,+11.7,+33.3,+19.0,+19.1,+19.2,+19.0,+19.2,+18.7,+18.7
2023-11-13 01:01,2,+22.6,+19.7,+23.8,+18.5,+11.7,+33.3,+19.0,+19.2,+19.2,+19.0,+19.1,+18.7,+18.7
2023-11-13 02:01,2,+22.6,+19.6,+23.8,+18.5,+11.7,+33.3,+18.8,+19.2,+19.1,+19.0,+19.1,+18.7,+18.7
2023-11-13 03:01,2,+22.6,+19.6,+23.8,+18.5,+11.7,+33.3,+18.8,+19.2,+19.1,+19.0,+19.2,+18.8,+18.8
2023-11-13 04:01,2,+22.5,+19.6,+23.8,+18.3,+11.7,+33.3,+18.7,+19.1,+19.1,+19.1,+19.2,+18.7,+18.7
2023-11-13 05:01,2,+22.5,+19.6,+23.8,+18.5,+11.7,+33.3,+18.6,+19.1,+19.1,+19.0,+19.2,+18.7,+18.7
2023-11-13 06:01,2,+22.4,+19.6,+23.7,+18.3,+11.7,+33.3,+18.6,+19.0,+19.1,+19.1,+19.1,+18.7,+18.7
2023-11-13 07:01,2,+22.4,+19.6,+23.7,+18.5,+11.7,+33.3,+18.5,+19.0,+19.1,+19.1,+19.2,+18.7,+18.7
2023-11-13 08:01,2,+22.4,+19.6,+23.7,+18.5,+11.7,+33.3,+18.6,+19.0,+19.1,+19.0,+19.2,+18.7,+18.7
2023-11-13 09:01,2,+22.4,+19.6,+23.7,+18.3,+11.7,+33.3,+18.6,+19.0,+19.1,+19.0,+19.2,+18.7,+18.7
2023-11-13 10:01,2,+22.4,+19.6,+23.7,+18.3,+11.7,+33.3,+18.7,+18.8,+19.1,+19.0,+19.2,+18.8,+18.7
2023-11-13 11:01,2,+22.3,+19.6,+23.7,+18.5,+11.7,+33.3,+18.8,+18.8,+19.0,+19.0,+19.2,+18.7,+18.7
2023-11-13 12:01,2,+22.3,+19.6,+23.7,+18.4,+11.7,+33.3,+19.0,+19.0,+19.1,+19.0,+19.2,+18.7,+18.7
2023-11-13 13:01,2,+22.3,+19.6,+23.7,+18.3,+11.7,+33.3,+19.3,+19.0,+19.0,+19.0,+19.2,+18.7,+18.7
2023-11-13 14:01,2,+22.3,+19.6,+23.7,+18.4,+11.7,+33.3,+19.5,+19.1,+19.0,+19.0,+19.2,+18.7,+18.7
2023-11-13 15:01,2,+22.2,+19.5,+23.7,+18.3,+11.7,+33.3,+19.6,+19.2,+19.1,+19.0,+19.2,+18.7,+18.7
2023-11-13 16:01,2,+22.2,+19.6,+23.7,+18.4,+11.7,+33.3,+19.5,+19.2,+19.0,+19.0,+19.2,+18.7,+18.7
2023-11-13 17:01,2,+22.2,+19.5,+23.7,+18.4,+11.7,+33.3,+19.5,+19.3,+19.0,+19.0,+19.2,+18.7,+18.7
2023-11-13 18:01,2,+22.2,+19.5,+23.7,+18.3,+11.7,+33.3,+19.3,+19.3,+19.0,+19.0,+19.2,+18.7,+18.7
2023-11-13 19:01,2,+22.2,+19.5,+23.7,+18.4,+11.7,+33.3,+19.3,+19.3,+19.1,+19.1,+19.2,+18.7,+18.7
2023-11-13 20:01,2,+22.2,+19.5,+23.7,+18.3,+11.7,+33.3,+19.2,+19.3,+19.1,+19.0,+19.2,+18.7,+18.7
2023-11-13 21:01,2,+22.2,+19.5,+23.7,+18.4,+11.7,+33.3,+19.1,+19.3,+19.1,+19.0,+19.2,+18.7,+18.7
2023-11-13 22:01,2,+22.2,+19.5,+23.7,+18.3,+11.7,+33.3,+19.0,+19.2,+19.1,+19.0,+19.1,+18.8,+18.7
2023-11-13 23:01,2,+22.2,+19.5,+23.7,+18.3,+11.7,+33.3,+19.0,+19.2,+19.1,+19.0,+19.1,+18.8,+18.7
2023-11-14 00:01,2,+22.1,+19.5,+23.7,+18.4,+11.7,+33.3,+19.0,+19.2,+19.1,+19.0,+19.2,+18.7,+18.7
2023-11-14 01:01,2,+22.1,+19.5,+23.7,+18.3,+11.7,+33.3,+18.8,+19.1,+19.1,+19.0,+19.2,+18.7,+18.7
2023-11-14 02:01,2,+22.1,+19.5,+23.7,+18.3,+11.7,+33.3,+18.8,+19.1,+19.1,+19.0,+19.2,+18.7,+18.6
2023-11-14 03:01,2,+22.1,+19.5,+23.7,+18.4,+11.7,+33.3,+18.8,+19.1,+19.1,+19.0,+19.2,+18.7,+18.7
2023-11-14 04:01,2,+22.1,+19.5,+23.7,+18.4,+11.7,+33.3,+18.8,+19.1,+19.1,+19.0,+19.2,+18.7,+18.7
2023-11-14 05:01,2,+22.1,+19.5,+23.7,+18.3,+11.7,+33.3,+18.8,+19.1,+19.1,+19.1,+19.1,+18.7,+18.7
2023-11-14 06:01,2,+22.1,+19.5,+23.7,+18.4,+11.7,+33.3,+18.8,+19.1,+19.1,+19.0,+19.2,+18.7,+18.7
2023-11-14 07:01,2,+22.0,+19.5,+23.7,+18.4,+11.7,+33.3,+18.8,+19.1,+19.1,+19.0,+19.2,+18.7,+18.7
2023-11-14 08:01,2,+22.0,+19.5,+23.7,+18.3,+11.7,+33.3,+18.8,+19.1,+19.1,+19.0,+19.2,+18.7,+18.7
2023-11-14 09:01,2,+22.0,+19.5,+23.7,+18.3,+11.7,+33.3,+19.0,+19.1,+19.1,+19.0,+19.2,+18.7,+18.7
2023-11-14 10:01,2,+22.0,+19.5,+23.7,+18.4,+11.7,+33.3,+19.1,+19.0,+19.1,+19.0,+19.2,+18.7,+18.7
2023-11-14 11:01,2,+22.0,+19.5,+23.7,+18.3,+11.7,+33.3,+19.2,+19.1,+19.1,+19.0,+19.1,+18.7,+18.7
2023-11-14 12:01,2,+22.0,+19.4,+23.7,+18.4,+11.7,+33.3,+19.3,+19.1,+19.1,+19.0,+19.2,+18.7,+18.7
2023-11-14 13:01,2,+22.1,+19.5,+23.7,+18.3,+11.7,+33.3,+19.5,+19.2,+19.1,+19.0,+19.1,+18.8,+18.7
2023-11-14 14:01,2,+22.2,+19.5,+23.7,+18.3,+11.7,+33.3,+19.6,+19.2,+19.1,+19.0,+19.2,+18.7,+18.7
2023-11-14 15:01,2,+22.3,+19.5,+23.7,+18.4,+11.7,+33.3,+19.7,+19.3,+19.1,+19.0,+19.2,+18.7,+18.7
2023-11-14 16:01,2,+22.4,+19.5,+23.7,+18.3,+11.7,+33.3,+19.7,+19.3,+19.1,+19.0,+19.2,+18.7,+18.7
2023-11-14 17:01,2,+22.5,+19.5,+23.7,+18.3,+11.7,+33.3,+19.7,+19.3,+19.1,+19.0,+19.2,+18.7,+18.7
2023-11-14 18:01,2,+22.5,+19.5,+23.7,+18.3,+11.7,+33.3,+19.6,+19.5,+19.2,+19.0,+19.2,+18.7,+18.7
2023-11-14 19:01,2,+22.6,+19.5,+23.7,+18.3,+11.7,+33.3,+19.5,+19.5,+19.2,+19.1,+19.2,+18.8,+18.7
2023-11-14 20:01,2,+22.6,+19.5,+23.7,+18.3,+11.7,+33.3,+19.5,+19.5,+19.2,+19.0,+19.2,+18.7,+18.6
2023-11-14 21:01,2,+22.6,+19.5,+23.7,+18.4,+11.7,+33.3,+19.5,+19.5,+19.2,+19.0,+19.2,+18.7,+18.7
2023-11-14 22:01,2,+22.6,+19.5,+23.7,+18.4,+11.7,+33.3,+19.3,+19.5,+19.2,+19.0,+19.2,+18.7,+18.7
2023-11-14 23:01,2,+22.6,+19.5,+23.7,+18.4,+11.7,+33.3,+19.2,+19.3,+19.2,+19.0,+19.2,+18.8,+18.7
2023-11-15 00:01,2,+22.6,+19.5,+23.7,+18.4,+11.7,+33.3,+19.2,+19.3,+19.2,+19.0,+19.1,+18.7,+18.7
2023-11-15 01:01,2,+22.6,+19.5,+23.7,+18.3,+11.7,+33.3,+19.1,+19.3,+19.2,+19.1,+19.2,+18.7,+18.7
2023-11-15 02:01,2,+22.6,+19.5,+23.7,+18.4,+11.7,+33.3,+19.1,+19.3,+19.2,+19.0,+19.2,+18.7,+18.7
2023-11-15 03:01,2,+22.5,+19.5,+23.7,+18.3,+11.7,+33.3,+19.0,+19.3,+19.2,+19.0,+19.2,+18.7,+18.7
2023-11-15 04:01,2,+22.5,+19.5,+23.7,+18.3,+11.7,+33.2,+19.1,+19.3,+19.2,+19.0,+19.2,+18.7,+18.7
2023-11-15 05:01,2,+22.5,+19.5,+23.7,+18.4,+11.7,+33.3,+19.1,+19.3,+19.2,+19.1,+19.2,+18.7,+18.7
2023-11-15 06:01,2,+22.6,+19.6,+23.7,+18.3,+11.7,+33.2,+19.1,+19.2,+19.2,+19.1,+19.2,+18.7,+18.7
2023-11-15 07:01,2,+22.8,+19.6,+23.7,+18.4,+11.7,+33.3,+19.1,+19.2,+19.2,+19.0,+19.2,+18.7,+18.7
2023-11-15 08:01,2,+23.0,+19.6,+23.7,+18.3,+11.7,+33.2,+19.1,+19.2,+19.1,+19.1,+19.2,+18.7,+18.7
2023-11-15 09:01,2,+23.2,+19.6,+23.7,+18.4,+11.7,+33.3,+19.2,+19.2,+19.2,+19.1,+19.2,+18.8,+18.7
2023-11-15 10:01,2,+23.2,+19.6,+23.7,+18.4,+11.7,+33.3,+19.3,+19.2,+19.2,+19.0,+19.2,+18.7,+18.7
2023-11-15 11:01,2,+23.2,+19.6,+23.7,+18.3,+11.7,+33.3,+19.5,+19.2,+19.2,+19.0,+19.2,+18.7,+18.7
2023-11-15 12:01,2,+23.2,+19.6,+23.7,+18.4,+11.7,+33.3,+19.7,+19.3,+19.2,+19.1,+19.2,+18.7,+18.7
2023-11-15 13:01,2,+23.2,+19.6,+23.7,+18.4,+11.7,+33.3,+19.8,+19.3,+19.2,+19.1,+19.2,+18.8,+18.7
2023-11-15 14:01,2,+23.1,+19.6,+23.7,+18.3,+11.7,+33.3,+19.8,+19.5,+19.2,+19.1,+19.2,+18.8,+18.7
2023-11-15 15:01,2,+35.6,+32.6,+34.5,+20.4,+11.7,+33.3,+20.0,+19.7,+19.3,+19.1,+19.3,+18.7,+18.7
2023-11-15 16:01,2,+27.2,+22.9,+24.4,+18.5,+11.7,+33.3,+19.8,+19.7,+19.2,+19.1,+19.2,+18.7,+18.7
2023-11-15 17:01,2,+25.7,+21.8,+24.5,+18.5,+11.7,+33.3,+19.7,+19.7,+19.3,+19.0,+19.2,+18.7,+18.7
2023-11-15 18:01,2,+25.1,+21.3,+24.6,+18.6,+11.7,+33.3,+19.7,+19.6,+19.3,+19.1,+19.2,+18.7,+18.7
2023-11-15 19:01,2,+24.7,+21.1,+24.5,+18.6,+11.7,+33.3,+19.6,+19.7,+19.3,+19.1,+19.2,+18.8,+18.7
2023-11-15 20:01,2,+24.5,+21.0,+24.5,+18.7,+11.7,+33.3,+19.6,+19.6,+19.3,+19.1,+19.2,+18.8,+18.7
2023-11-15 21:01,2,+24.3,+20.9,+24.5,+18.7,+11.7,+33.3,+19.5,+19.6,+19.5,+19.1,+19.2,+18.7,+18.7
2023-11-15 22:01,2,+24.2,+20.7,+24.5,+18.8,+11.8,+33.3,+19.5,+19.6,+19.3,+19.1,+19.2,+18.8,+18.7
2023-11-15 23:01,2,+24.3,+20.7,+24.4,+18.8,+11.8,+33.3,+19.3,+19.6,+19.3,+19.1,+19.2,+18.8,+18.7
2023-11-16 00:01,2,+24.5,+20.6,+24.4,+18.7,+11.8,+33.3,+19.5,+19.5,+19.3,+19.1,+19.2,+18.7,+18.7
2023-11-16 01:01,2,+24.6,+20.6,+24.4,+18.7,+11.8,+33.3,+19.3,+19.6,+19.3,+19.1,+19.2,+18.7,+18.7
2023-11-16 02:01,2,+24.6,+20.6,+24.4,+18.8,+11.9,+33.4,+19.3,+19.5,+19.3,+19.1,+19.2,+18.8,+18.7
2023-11-16 03:01,2,+24.5,+20.6,+24.4,+18.7,+11.9,+33.4,+19.3,+19.5,+19.3,+19.1,+19.2,+18.8,+18.7
2023-11-16 04:01,2,+24.3,+20.6,+24.3,+18.7,+11.9,+33.4,+19.3,+19.5,+19.3,+19.1,+19.3,+18.8,+18.8
2023-11-16 05:01,2,+24.2,+20.5,+24.3,+18.8,+12.0,+33.5,+19.2,+19.5,+19.3,+19.1,+19.3,+18.7,+18.7
2023-11-16 06:01,2,+24.1,+20.5,+24.3,+18.7,+12.0,+33.5,+19.3,+19.5,+19.3,+19.1,+19.2,+18.8,+18.7
2023-11-16 07:01,2,+24.0,+20.5,+24.3,+18.8,+12.0,+33.6,+19.3,+19.5,+19.3,+19.1,+19.3,+18.8,+18.7
2023-11-16 08:01,2,+23.9,+20.5,+24.3,+18.8,+12.0,+33.6,+19.3,+19.3,+19.3,+19.1,+19.3,+18.8,+18.7
2023-11-16 09:01,2,+23.8,+20.4,+24.3,+18.7,+12.0,+33.6,+19.3,+19.5,+19.2,+19.1,+19.3,+18.8,+18.7
2023-11-16 10:01,2,+23.8,+20.4,+24.3,+18.7,+12.0,+33.6,+19.5,+19.5,+19.3,+19.1,+19.3,+18.7,+18.7
2023-11-16 11:01,2,+23.8,+20.4,+24.2,+18.7,+12.0,+33.7,+19.6,+19.5,+19.3,+19.1,+19.3,+18.8,+18.8
2023-11-16 12:01,2,+23.9,+20.4,+24.3,+18.8,+12.0,+33.7,+19.6,+19.5,+19.3,+19.1,+19.2,+18.8,+18.7
2023-11-16 13:01,2,+23.9,+20.4,+24.2,+18.7,+12.0,+33.7,+19.8,+19.6,+19.3,+19.1,+19.3,+18.8,+18.8
2023-11-16 14:01,2,+23.9,+20.3,+24.2,+18.8,+12.0,+33.8,+19.8,+19.6,+19.3,+19.1,+19.3,+18.8,+18.7
2023-11-16 15:01,2,+35.0,+28.5,+25.1,+18.8,+12.0,+33.8,+19.8,+19.8,+19.5,+19.1,+19.3,+18.8,+18.7
2023-11-16 16:01,2,+31.9,+25.0,+25.5,+19.2,+12.0,+33.8,+19.8,+19.7,+19.5,+19.1,+19.3,+18.8,+18.7
2023-11-16 17:01,2,+32.4,+25.1,+25.5,+19.3,+12.2,+33.8,+19.7,+19.8,+19.5,+19.2,+19.3,+18.8,+18.7
2023-11-16 18:01,2,+27.9,+22.6,+25.3,+19.4,+12.5,+34.4,+19.6,+19.8,+19.5,+19.2,+19.3,+18.8,+18.7
2023-11-16 19:01,2,+26.3,+21.8,+25.1,+19.3,+12.5,+35.1,+19.6,+19.7,+19.5,+19.2,+19.2,+18.8,+18.7
2023-11-16 20:01,2,+25.6,+21.4,+24.9,+19.3,+12.5,+35.2,+19.5,+19.7,+19.5,+19.2,+19.3,+18.8,+18.7
2023-11-16 21:01,2,+25.3,+21.2,+24.8,+19.2,+12.5,+35.1,+19.5,+19.7,+19.5,+19.2,+19.3,+18.8,+18.8
2023-11-16 22:01,2,+25.0,+21.0,+24.7,+19.1,+12.4,+35.0,+19.5,+19.6,+19.5,+19.2,+19.3,+18.8,+18.7
2023-11-16 23:01,2,+25.2,+20.9,+24.6,+19.0,+12.3,+34.9,+19.3,+19.6,+19.5,+19.2,+19.3,+18.8,+18.7
2023-11-17 00:01,2,+25.6,+20.9,+24.6,+19.1,+12.3,+34.9,+19.3,+19.6,+19.5,+19.2,+19.3,+18.8,+18.7
2023-11-17 01:01,2,+25.4,+20.9,+24.5,+19.1,+12.3,+34.9,+19.3,+19.6,+19.5,+19.2,+19.3,+18.8,+18.7
2023-11-17 02:01,2,+25.2,+20.8,+24.5,+19.0,+12.3,+34.8,+19.2,+19.5,+19.5,+19.2,+19.3,+18.8,+18.7
2023-11-17 03:01,2,+25.0,+20.8,+24.5,+19.0,+12.3,+34.8,+19.2,+19.5,+19.5,+19.2,+19.3,+18.8,+18.8
2023-11-17 04:01,2,+24.8,+20.7,+24.4,+18.9,+12.2,+34.7,+19.2,+19.5,+19.5,+19.2,+19.3,+18.8,+18.7
2023-11-17 05:01,2,+24.7,+20.7,+24.4,+19.0,+12.3,+34.7,+19.1,+19.5,+19.5,+19.2,+19.3,+18.8,+18.8
2023-11-17 06:01,2,+24.5,+20.6,+24.4,+19.0,+12.3,+34.7,+19.1,+19.5,+19.5,+19.2,+19.3,+18.8,+18.7
2023-11-17 07:01,2,+24.8,+20.6,+24.4,+19.0,+12.2,+34.6,+19.1,+19.5,+19.3,+19.2,+19.3,+19.0,+18.8
2023-11-17 08:01,2,+25.0,+20.6,+24.4,+18.8,+12.2,+34.6,+19.1,+19.5,+19.3,+19.2,+19.3,+19.0,+18.8
2023-11-17 09:01,2,+24.9,+20.6,+24.3,+18.8,+12.2,+34.6,+19.1,+19.3,+19.3,+19.2,+19.3,+18.8,+18.8
2023-11-17 10:01,2,+24.8,+20.6,+24.3,+18.8,+12.2,+34.5,+19.2,+19.3,+19.5,+19.2,+19.3,+18.8,+18.8
2023-11-17 11:01,2,+24.7,+20.5,+24.3,+18.9,+12.2,+34.6,+19.2,+19.3,+19.3,+19.2,+19.3,+18.8,+18.8
2023-11-17 12:01,2,+24.5,+20.5,+24.3,+18.8,+12.2,+34.5,+19.3,+19.3,+19.3,+19.2,+19.3,+18.8,+18.8
2023-11-17 13:01,2,+24.5,+20.5,+24.3,+18.7,+12.1,+34.4,+19.6,+19.5,+19.3,+19.2,+19.3,+18.8,+18.8
2023-11-17 14:01,2,+24.3,+20.5,+24.2,+18.9,+12.2,+34.5,+19.6,+19.5,+19.3,+19.2,+19.3,+19.0,+18.7
2023-11-17 15:01,2,+24.3,+20.4,+24.3,+18.9,+12.2,+34.4,+19.7,+19.5,+19.3,+19.2,+19.3,+18.8,+18.8
2023-11-17 16:01,2,+25.4,+20.4,+24.3,+18.9,+12.2,+34.4,+19.6,+19.5,+19.3,+19.2,+19.3,+18.8,+18.8
2023-11-17 17:01,2,+36.2,+33.4,+35.5,+26.1,+13.0,+34.5,+19.5,+19.6,+19.6,+19.3,+19.3,+19.0,+18.8
2023-11-17 18:01,2,+29.0,+23.0,+25.6,+19.6,+12.5,+34.5,+19.3,+19.6,+19.5,+19.2,+19.3,+19.0,+18.8
2023-11-17 19:01,2,+27.2,+22.0,+25.2,+19.4,+12.5,+34.8,+19.3,+19.6,+19.5,+19.2,+19.3,+19.0,+18.8
2023-11-17 20:01,2,+26.4,+21.6,+25.0,+19.3,+12.5,+35.1,+19.2,+19.5,+19.5,+19.2,+19.3,+19.0,+18.8
2023-11-17 21:01,2,+25.8,+21.3,+24.8,+19.3,+12.5,+35.2,+19.2,+19.5,+19.5,+19.2,+19.3,+19.0,+18.8
2023-11-17 22:01,2,+25.5,+21.1,+24.8,+19.2,+12.5,+35.1,+19.1,+19.5,+19.3,+19.2,+19.3,+19.0,+18.8
2023-11-17 23:01,2,+25.3,+21.0,+24.7,+19.2,+12.5,+35.1,+19.1,+19.5,+19.3,+19.2,+19.3,+19.0,+18.8
2023-11-18 00:01,2,+25.2,+20.9,+24.6,+19.0,+12.4,+35.0,+19.1,+19.3,+19.3,+19.2,+19.3,+18.8,+18.7
2023-11-18 01:01,2,+25.0,+20.8,+24.5,+19.0,+12.4,+34.9,+19.0,+19.3,+19.3,+19.2,+19.3,+19.0,+18.8
2023-11-18 02:01,2,+24.9,+20.7,+24.5,+19.1,+12.4,+34.9,+19.0,+19.3,+19.3,+19.2,+19.3,+19.0,+18.8
2023-11-18 03:01,2,+24.8,+20.7,+24.5,+19.0,+12.3,+34.8,+19.0,+19.3,+19.3,+19.2,+19.3,+19.0,+18.8
2023-11-18 04:01,2,+24.7,+20.6,+24.5,+19.0,+12.3,+34.8,+18.8,+19.3,+19.3,+19.2,+19.3,+18.8,+18.8
2023-11-18 05:01,2,+24.6,+20.6,+24.4,+19.0,+12.3,+34.7,+18.8,+19.2,+19.3,+19.2,+19.3,+18.8,+18.8
2023-11-18 06:01,2,+24.6,+20.6,+24.4,+18.9,+12.2,+34.7,+18.8,+19.2,+19.2,+19.2,+19.3,+19.0,+18.8
2023-11-18 07:01,2,+24.5,+20.5,+24.4,+19.0,+12.3,+34.7,+18.8,+19.2,+19.2,+19.2,+19.3,+19.0,+18.8
2023-11-18 08:01,2,+24.4,+20.5,+24.4,+19.0,+12.3,+34.7,+18.8,+19.2,+19.3,+19.2,+19.3,+18.8,+18.8
2023-11-18 09:01,2,+24.3,+20.4,+24.3,+19.0,+12.3,+34.6,+19.0,+19.2,+19.3,+19.2,+19.3,+19.0,+18.8
2023-11-18 10:01,2,+24.3,+20.4,+24.3,+18.8,+12.2,+34.6,+19.1,+19.2,+19.2,+19.2,+19.3,+18.8,+18.8
2023-11-18 11:01,2,+24.3,+20.4,+24.3,+18.8,+12.2,+34.5,+19.2,+19.2,+19.2,+19.2,+19.3,+18.8,+18.8
2023-11-18 12:01,2,+24.3,+20.4,+24.3,+18.8,+12.2,+34.5,+19.5,+19.2,+19.2,+19.2,+19.5,+19.0,+18.8
2023-11-18 13:01,2,+24.2,+20.3,+24.2,+18.8,+12.2,+34.5,+19.7,+19.3,+19.2,+19.2,+19.3,+19.0,+18.8
2023-11-18 14:01,2,+28.3,+20.4,+24.3,+18.8,+12.1,+34.4,+19.7,+19.3,+19.2,+19.2,+19.3,+19.0,+18.8
2023-11-18 15:01,2,+28.7,+21.0,+24.2,+18.9,+12.2,+34.4,+19.6,+19.5,+19.2,+19.1,+19.3,+18.8,+18.8
2023-11-18 16:01,2,+27.4,+21.1,+24.3,+18.7,+12.1,+34.4,+19.6,+19.6,+19.2,+19.2,+19.3,+19.0,+18.8
2023-11-18 17:01,2,+26.8,+21.1,+24.3,+18.7,+12.1,+34.3,+19.6,+19.5,+19.3,+19.2,+19.3,+18.8,+18.8
2023-11-18 18:01,2,+33.5,+27.6,+27.8,+19.6,+12.5,+34.5,+19.5,+19.6,+19.5,+19.2,+19.3,+18.8,+18.8
2023-11-18 19:01,2,+28.9,+22.9,+25.4,+19.3,+12.3,+34.5,+19.3,+19.6,+19.3,+19.1,+19.3,+19.0,+18.8
2023-11-18 20:01,2,+28.5,+22.2,+25.2,+19.3,+12.5,+34.6,+19.2,+19.5,+19.3,+19.2,+19.3,+18.8,+18.8
2023-11-18 21:01,2,+30.4,+25.5,+25.9,+19.3,+12.5,+34.8,+19.1,+19.5,+19.3,+19.2,+19.3,+19.0,+18.8
2023-11-18 22:01,2,+27.8,+23.9,+25.2,+19.4,+12.5,+35.0,+19.1,+19.5,+19.3,+19.2,+19.3,+19.0,+18.8
2023-11-18 23:01,2,+28.2,+23.1,+25.1,+19.4,+12.6,+35.1,+19.1,+19.5,+19.3,+19.2,+19.3,+19.0,+18.8
2023-11-19 00:01,2,+27.4,+23.0,+25.0,+19.4,+12.6,+35.1,+19.0,+19.3,+19.3,+19.1,+19.3,+19.0,+18.8
2023-11-19 01:01,2,+26.8,+22.6,+25.0,+19.4,+12.5,+35.1,+19.0,+19.3,+19.2,+19.2,+19.3,+18.8,+19.0
2023-11-19 02:01,2,+26.6,+22.3,+24.9,+19.2,+12.5,+35.1,+19.0,+19.3,+19.3,+19.2,+19.3,+18.8,+18.8
2023-11-19 03:01,2,+26.3,+22.1,+24.8,+19.3,+12.5,+35.1,+19.0,+19.2,+19.3,+19.2,+19.3,+18.8,+18.8
2023-11-19 04:01,2,+26.1,+21.5,+24.7,+19.2,+12.5,+35.1,+18.8,+19.3,+19.2,+19.2,+19.3,+19.0,+18.8
2023-11-19 05:01,2,+26.0,+21.4,+24.7,+19.2,+12.5,+35.0,+18.8,+19.2,+19.3,+19.2,+19.3,+19.0,+18.8
2023-11-19 06:01,2,+25.9,+21.3,+24.6,+19.0,+12.4,+34.9,+18.8,+19.2,+19.2,+19.2,+19.3,+18.8,+18.8
2023-11-19 07:01,2,+25.7,+21.3,+24.6,+19.2,+12.4,+34.9,+18.8,+19.1,+19.2,+19.2,+19.3,+18.8,+19.0
2023-11-19 08:01,2,+25.7,+21.3,+24.6,+19.1,+12.4,+34.9,+18.7,+19.1,+19.2,+19.2,+19.3,+19.0,+18.8
2023-11-19 09:01,2,+25.7,+21.2,+24.5,+19.1,+12.4,+34.9,+18.8,+19.1,+19.3,+19.1,+19.3,+19.0,+18.8
2023-11-19 10:01,2,+25.6,+21.3,+24.5,+19.0,+12.3,+34.8,+19.0,+19.1,+19.2,+19.1,+19.3,+18.8,+18.8
2023-11-19 11:01,2,+25.5,+21.3,+24.5,+18.9,+12.3,+34.7,+19.1,+19.1,+19.2,+19.1,+19.3,+18.8,+18.8
2023-11-19 12:01,2,+25.5,+21.3,+24.5,+19.0,+12.3,+34.7,+19.2,+19.1,+19.2,+19.1,+19.3,+19.0,+18.8
2023-11-19 13:01,2,+25.4,+21.3,+24.4,+18.9,+12.2,+34.7,+19.3,+19.2,+19.2,+19.1,+19.3,+18.8,+18.8
2023-11-19 14:01,2,+25.4,+21.3,+24.4,+19.0,+12.3,+34.6,+19.5,+19.2,+19.2,+19.1,+19.3,+18.8,+18.8
2023-11-19 15:01,2,+26.0,+21.3,+24.4,+19.0,+12.3,+34.6,+19.5,+19.3,+19.2,+19.1,+19.3,+18.8,+18.8
2023-11-19 16:01,2,+26.4,+21.3,+24.4,+18.8,+12.2,+34.6,+19.5,+19.3,+19.2,+19.1,+19.3,+18.8,+18.8
2023-11-19 17:01,2,+26.3,+21.3,+24.4,+18.8,+12.2,+34.6,+19.5,+19.3,+19.2,+19.2,+19.3,+18.8,+18.8
2023-11-19 18:01,2,+26.2,+21.3,+24.4,+19.0,+12.2,+34.6,+19.5,+19.3,+19.2,+19.1,+19.3,+18.8,+18.8
2023-11-19 19:01,2,+26.2,+21.3,+24.4,+19.0,+12.2,+34.5,+19.3,+19.3,+19.2,+19.1,+19.3,+18.8,+18.8
2023-11-19 20:01,2,+26.1,+21.3,+24.4,+18.8,+12.2,+34.5,+19.3,+19.3,+19.2,+19.1,+19.3,+19.0,+18.8
2023-11-19 21:01,2,+26.1,+21.3,+24.4,+18.9,+12.2,+34.5,+19.3,+19.5,+19.2,+19.1,+19.3,+18.8,+18.8
2023-11-19 22:01,2,+26.1,+21.3,+24.3,+18.9,+12.2,+34.5,+19.3,+19.5,+19.2,+19.1,+19.2,+18.8,+18.8
2023-11-19 23:01,2,+27.4,+21.3,+24.3,+18.9,+12.2,+34.4,+19.2,+19.3,+19.2,+19.1,+19.3,+18.8,+18.8
2023-11-20 00:01,2,+28.4,+21.3,+24.4,+18.9,+12.2,+34.4,+19.2,+19.3,+19.2,+19.1,+19.3,+18.8,+18.8
2023-11-20 01:01,2,+28.1,+21.5,+24.4,+18.9,+12.2,+34.4,+19.2,+19.3,+19.2,+19.1,+19.3,+18.8,+18.8
2023-11-20 02:01,2,+27.7,+21.6,+24.3,+18.9,+12.2,+34.4,+19.1,+19.3,+19.2,+19.1,+19.3,+18.8,+18.8
2023-11-20 03:01,2,+27.7,+21.6,+24.4,+18.8,+12.1,+34.3,+19.1,+19.3,+19.2,+19.1,+19.3,+18.8,+18.8
2023-11-20 04:01,2,+27.6,+21.7,+24.4,+18.9,+12.2,+34.3,+19.1,+19.3,+19.2,+19.1,+19.3,+19.0,+18.8
2023-11-20 05:01,2,+27.3,+21.7,+24.4,+18.8,+12.1,+34.3,+19.0,+19.3,+19.2,+19.2,+19.3,+18.8,+18.8
2023-11-20 06:01,2,+27.0,+21.6,+24.4,+18.9,+12.2,+34.3,+19.0,+19.3,+19.2,+19.2,+19.3,+18.8,+18.8
2023-11-20 07:01,2,+26.8,+21.6,+24.4,+18.8,+12.1,+34.3,+19.0,+19.2,+19.2,+19.2,+19.3,+19.0,+18.8
2023-11-20 08:01,2,+26.7,+21.6,+24.4,+18.9,+12.2,+34.3,+19.0,+19.2,+19.2,+19.1,+19.3,+18.8,+18.8
2023-11-20 09:01,2,+26.5,+21.5,+24.4,+18.8,+12.1,+34.3,+19.1,+19.2,+19.2,+19.1,+19.3,+18.8,+18.8
2023-11-20 10:01,2,+26.4,+21.4,+24.4,+18.9,+12.2,+34.3,+19.1,+19.2,+19.1,+19.1,+19.2,+18.8,+18.8
2023-11-20 11:01,2,+26.4,+21.4,+24.4,+18.9,+12.2,+34.3,+19.2,+19.2,+19.2,+19.1,+19.3,+19.0,+18.8
2023-11-20 12:01,2,+26.3,+21.4,+24.3,+18.9,+12.2,+34.3,+19.3,+19.2,+19.2,+19.1,+19.3,+18.8,+18.8
2023-11-20 13:01,2,+26.3,+21.4,+24.3,+18.9,+12.2,+34.3,+19.5,+19.3,+19.2,+19.1,+19.2,+18.8,+18.8
2023-11-20 14:01,2,+26.2,+21.3,+24.4,+18.9,+12.2,+34.3,+19.6,+19.3,+19.2,+19.1,+19.2,+18.8,+18.8
2023-11-20 15:01,2,+26.1,+21.3,+24.3,+18.9,+12.2,+34.3,+19.6,+19.3,+19.2,+19.1,+19.3,+18.8,+18.8
2023-11-20 16:01,2,+26.1,+21.3,+24.3,+18.8,+12.1,+34.3,+19.7,+19.5,+19.2,+19.1,+19.3,+18.8,+18.8
2023-11-20 17:01,2,+26.0,+21.2,+24.3,+18.8,+12.1,+34.3,+19.6,+19.5,+19.2,+19.1,+19.3,+18.8,+18.8
2023-11-20 18:01,2,+26.0,+21.2,+24.3,+18.8,+12.1,+34.3,+19.6,+19.5,+19.3,+19.1,+19.3,+19.0,+18.8
2023-11-20 19:01,2,+26.0,+21.2,+24.3,+18.9,+12.2,+34.3,+19.5,+19.5,+19.2,+19.1,+19.3,+18.8,+18.8
2023-11-20 20:01,2,+26.0,+21.2,+24.3,+18.8,+12.1,+34.2,+19.5,+19.5,+19.2,+19.1,+19.3,+19.0,+18.8
2023-11-20 21:01,2,+26.0,+21.2,+24.3,+18.9,+12.2,+34.3,+19.3,+19.6,+19.3,+19.1,+19.3,+18.8,+18.8
2023-11-20 22:01,2,+26.0,+21.2,+24.3,+18.9,+12.2,+34.3,+19.3,+19.5,+19.3,+19.1,+19.3,+18.8,+18.8
2023-11-20 23:01,2,+26.0,+21.1,+24.3,+18.9,+12.2,+34.3,+19.2,+19.5,+19.2,+19.1,+19.3,+19.0,+18.8
2023-11-21 00:01,2,+25.9,+21.1,+24.3,+18.9,+12.2,+34.3,+19.2,+19.5,+19.3,+19.1,+19.3,+18.8,+18.8
2023-11-21 01:01,2,+25.9,+21.1,+24.3,+18.9,+12.1,+34.3,+19.2,+19.5,+19.3,+19.2,+19.3,+18.8,+18.8
2023-11-21 02:01,2,+25.8,+21.1,+24.3,+18.7,+12.1,+34.2,+19.1,+19.3,+19.2,+19.1,+19.3,+18.8,+18.8
2023-11-21 03:01,2,+25.8,+21.1,+24.3,+18.9,+12.1,+34.2,+19.0,+19.3,+19.3,+19.1,+19.3,+18.8,+18.8
2023-11-21 04:01,2,+25.8,+21.1,+24.3,+18.7,+12.1,+34.2,+18.8,+19.2,+19.3,+19.2,+19.3,+19.0,+18.8
2023-11-21 05:01,2,+25.7,+21.1,+24.3,+18.9,+12.1,+34.2,+18.8,+19.3,+19.3,+19.1,+19.3,+18.8,+18.8
2023-11-21 06:01,2,+25.7,+21.0,+24.2,+18.9,+12.1,+34.2,+18.7,+19.2,+19.2,+19.1,+19.3,+18.8,+18.8
2023-11-21 07:01,2,+25.7,+21.0,+24.2,+18.9,+12.1,+34.2,+18.7,+19.2,+19.2,+19.2,+19.3,+18.8,+18.8
2023-11-21 08:01,2,+25.7,+21.0,+24.2,+18.7,+12.1,+34.2,+18.6,+19.1,+19.2,+19.1,+19.3,+18.8,+18.8
2023-11-21 09:01,2,+25.6,+21.0,+24.2,+18.8,+12.1,+34.2,+18.7,+19.1,+19.2,+19.1,+19.3,+18.8,+18.8
2023-11-21 10:01,2,+25.6,+21.0,+24.2,+18.8,+12.1,+34.2,+18.8,+19.1,+19.2,+19.1,+19.3,+18.8,+18.8
2023-11-21 11:01,2,+25.5,+21.0,+24.2,+18.7,+12.1,+34.1,+19.0,+19.1,+19.2,+19.1,+19.3,+18.8,+18.8
2023-11-21 12:01,2,+25.5,+21.0,+24.2,+18.7,+12.1,+34.1,+19.2,+19.1,+19.1,+19.1,+19.3,+19.0,+18.8
2023-11-21 13:01,2,+25.5,+21.0,+24.2,+18.8,+12.1,+34.2,+19.2,+19.2,+19.2,+19.1,+19.3,+18.8,+18.7
2023-11-21 14:01,2,+25.5,+21.0,+24.2,+18.7,+12.0,+34.1,+19.5,+19.2,+19.2,+19.1,+19.3,+18.8,+18.8
2023-11-21 15:01,2,+25.5,+20.9,+24.2,+18.7,+12.0,+34.1,+19.3,+19.2,+19.1,+19.1,+19.2,+18.8,+18.8
2023-11-21 16:01,2,+25.4,+20.9,+24.2,+18.7,+12.0,+34.1,+19.3,+19.3,+19.2,+19.1,+19.3,+18.8,+18.8
2023-11-21 17:01,2,+25.4,+20.9,+24.2,+18.8,+12.1,+34.1,+19.3,+19.3,+19.2,+19.1,+19.3,+18.8,+18.8
2023-11-21 18:01,2,+26.4,+20.9,+24.2,+18.7,+12.0,+34.1,+19.3,+19.3,+19.1,+19.1,+19.3,+19.0,+18.8
2023-11-21 19:01,2,+35.0,+28.6,+26.9,+19.0,+12.1,+34.1,+19.2,+19.3,+19.2,+19.1,+19.3,+18.8,+18.7
2023-11-21 20:01,2,+36.2,+30.4,+29.0,+19.0,+12.1,+34.1,+19.1,+19.3,+19.2,+19.1,+19.3,+18.8,+18.8
2023-11-21 21:01,2,+31.1,+24.5,+25.5,+19.1,+12.1,+34.1,+19.0,+19.3,+19.2,+19.1,+19.3,+18.8,+18.8
2023-11-21 22:01,2,+30.1,+23.3,+25.3,+19.4,+12.2,+34.1,+19.0,+19.2,+19.2,+19.1,+19.3,+18.8,+18.8
2023-11-21 23:01,2,+28.8,+22.8,+25.1,+19.4,+12.3,+34.2,+18.8,+19.2,+19.2,+19.1,+19.3,+18.8,+18.8
2023-11-22 00:01,2,+28.1,+22.4,+25.0,+19.2,+12.4,+34.4,+18.8,+19.2,+19.2,+19.1,+19.3,+18.8,+18.8
2023-11-22 01:01,2,+27.6,+22.1,+24.9,+19.2,+12.4,+34.6,+18.7,+19.1,+19.2,+19.1,+19.3,+18.8,+18.8
2023-11-22 02:01,2,+27.2,+22.0,+24.8,+19.3,+12.5,+34.8,+18.6,+19.1,+19.2,+19.1,+19.3,+18.8,+18.8
2023-11-22 03:01,2,+27.0,+21.9,+24.8,+19.3,+12.5,+34.9,+18.6,+19.1,+19.2,+19.1,+19.3,+18.8,+18.8
2023-11-22 04:01,2,+26.8,+21.7,+24.7,+19.2,+12.5,+34.9,+18.5,+19.0,+19.2,+19.1,+19.3,+19.0,+18.8
2023-11-22 05:01,2,+26.7,+21.7,+24.6,+19.1,+12.4,+34.9,+18.5,+19.0,+19.2,+19.1,+19.3,+18.8,+18.8
2023-11-22 06:01,2,+26.8,+21.6,+24.6,+19.2,+12.4,+34.9,+18.3,+19.0,+19.1,+19.1,+19.3,+18.8,+18.8
2023-11-22 07:01,2,+27.0,+21.5,+24.6,+19.0,+12.3,+34.8,+18.3,+19.0,+19.1,+19.1,+19.3,+18.8,+18.8
2023-11-22 08:01,2,+27.0,+21.5,+24.5,+19.0,+12.3,+34.8,+18.3,+18.8,+19.1,+19.1,+19.2,+18.8,+18.8
2023-11-22 09:01,2,+26.9,+21.5,+24.5,+19.0,+12.3,+34.8,+18.5,+18.8,+19.1,+19.1,+19.2,+18.8,+18.8
2023-11-22 10:01,2,+26.8,+21.5,+24.5,+19.1,+12.4,+34.8,+18.5,+18.8,+19.1,+19.1,+19.3,+18.8,+18.8
2023-11-22 11:01,2,+26.7,+21.4,+24.5,+19.1,+12.4,+34.8,+18.5,+18.8,+19.1,+19.1,+19.3,+18.8,+18.8
2023-11-22 12:01,2,+26.6,+21.4,+24.5,+19.1,+12.3,+34.7,+18.6,+18.8,+19.0,+19.1,+19.3,+18.8,+18.8
2023-11-22 13:01,2,+26.5,+21.4,+24.4,+19.0,+12.3,+34.7,+18.7,+18.8,+19.1,+19.1,+19.3,+18.8,+18.8
2023-11-22 14:01,2,+26.4,+21.4,+24.4,+19.0,+12.3,+34.6,+19.0,+19.0,+19.0,+19.1,+19.3,+18.8,+18.8
2023-11-22 15:01,2,+26.3,+21.3,+24.4,+19.0,+12.3,+34.7,+19.0,+19.0,+19.0,+19.1,+19.3,+18.8,+18.8
2023-11-22 16:01,2,+26.3,+21.3,+24.4,+18.9,+12.2,+34.6,+18.8,+19.0,+19.0,+19.0,+19.3,+18.8,+18.8
2023-11-22 17:01,2,+26.2,+21.3,+24.4,+19.0,+12.3,+34.6,+18.7,+19.0,+19.1,+19.1,+19.3,+18.8,+18.8
2023-11-22 18:01,2,+26.1,+21.3,+24.4,+18.9,+12.2,+34.6,+18.7,+19.0,+19.0,+19.1,+19.3,+18.8,+18.8
2023-11-22 19:01,2,+26.0,+21.2,+24.4,+19.0,+12.3,+34.6,+18.6,+19.0,+19.0,+19.0,+19.2,+18.8,+18.8
2023-11-22 20:01,2,+26.0,+21.2,+24.4,+19.0,+12.3,+34.6,+18.6,+19.0,+19.0,+19.1,+19.2,+18.8,+18.8
2023-11-22 21:01,2,+26.0,+21.2,+24.3,+18.9,+12.2,+34.5,+18.6,+19.0,+19.0,+19.0,+19.2,+18.8,+18.8
2023-11-22 22:01,2,+25.9,+21.2,+24.3,+18.9,+12.2,+34.5,+18.5,+18.8,+19.0,+19.0,+19.2,+18.8,+18.8
2023-11-22 23:01,2,+25.8,+21.1,+24.3,+18.9,+12.2,+34.5,+18.5,+18.8,+19.0,+19.1,+19.2,+19.0,+18.8
2023-11-23 00:01,2,+25.8,+21.1,+24.3,+19.0,+12.2,+34.5,+18.3,+18.8,+19.0,+19.1,+19.2,+18.8,+18.8
2023-11-23 01:01,2,+25.7,+21.1,+24.3,+18.8,+12.2,+34.4,+18.3,+18.8,+19.0,+19.0,+19.2,+18.8,+18.8
2023-11-23 02:01,2,+25.7,+21.1,+24.3,+18.8,+12.2,+34.4,+18.3,+18.8,+19.0,+19.0,+19.3,+18.8,+18.8
2023-11-23 03:01,2,+25.7,+21.1,+24.3,+18.8,+12.2,+34.4,+18.3,+18.7,+19.0,+19.0,+19.2,+18.8,+18.8
2023-11-23 04:01,2,+25.7,+21.0,+24.2,+19.0,+12.2,+34.4,+18.3,+18.8,+18.8,+19.0,+19.3,+18.8,+18.8
2023-11-23 05:01,2,+25.7,+21.0,+24.3,+18.8,+12.2,+34.4,+18.3,+18.7,+19.0,+19.0,+19.2,+18.8,+18.8
2023-11-23 06:01,2,+25.6,+21.0,+24.2,+18.8,+12.2,+34.4,+18.3,+18.7,+19.0,+19.0,+19.2,+18.8,+18.7
2023-11-23 07:01,2,+25.6,+21.0,+24.2,+18.9,+12.2,+34.4,+18.3,+18.7,+19.0,+19.0,+19.2,+18.8,+18.8
2023-11-23 08:01,2,+25.6,+21.0,+24.2,+18.8,+12.2,+34.3,+18.3,+18.7,+18.8,+19.0,+19.3,+18.7,+18.8
2023-11-23 09:01,2,+25.6,+21.0,+24.2,+18.8,+12.2,+34.3,+18.5,+18.7,+18.8,+19.0,+19.2,+18.8,+18.8
2023-11-23 10:01,2,+25.6,+21.0,+24.2,+18.8,+12.1,+34.3,+18.7,+18.7,+18.8,+19.0,+19.2,+18.8,+18.8
2023-11-23 11:01,2,+25.6,+21.0,+24.2,+18.9,+12.2,+34.3,+18.8,+18.7,+18.8,+19.0,+19.2,+18.7,+18.8
2023-11-23 12:01,2,+25.6,+20.9,+24.2,+18.9,+12.2,+34.3,+19.0,+18.8,+18.8,+19.0,+19.2,+18.8,+18.8
2023-11-23 13:01,2,+25.7,+21.0,+24.2,+18.9,+12.2,+34.3,+19.1,+18.8,+18.8,+19.0,+19.2,+18.8,+18.7
2023-11-23 14:01,2,+25.8,+20.9,+24.2,+18.9,+12.2,+34.3,+19.2,+19.0,+18.8,+19.0,+19.2,+18.8,+18.8
2023-11-23 15:01,2,+25.8,+20.9,+24.2,+18.9,+12.2,+34.3,+19.2,+19.0,+18.8,+19.0,+19.2,+18.7,+18.7
2023-11-23 16:01,2,+25.9,+20.9,+24.2,+18.7,+12.1,+34.3,+19.2,+19.0,+18.8,+19.0,+19.2,+18.7,+18.8
2023-11-23 17:01,2,+25.9,+20.9,+24.2,+18.7,+12.1,+34.3,+19.2,+19.1,+19.0,+18.8,+19.2,+18.7,+18.7
2023-11-23 18:01,2,+25.9,+20.9,+24.2,+18.7,+12.1,+34.3,+19.1,+19.1,+19.0,+18.8,+19.2,+18.7,+18.8
2023-11-23 19:01,2,+26.0,+20.9,+24.2,+18.9,+12.2,+34.3,+19.1,+19.1,+19.0,+18.8,+19.2,+18.8,+18.7
2023-11-23 20:01,2,+26.5,+21.0,+24.2,+18.8,+12.2,+34.3,+19.0,+19.1,+19.1,+19.0,+19.1,+18.7,+18.8
2023-11-23 21:01,2,+27.5,+21.0,+24.2,+18.7,+12.1,+34.2,+19.0,+19.1,+19.0,+19.0,+19.2,+18.8,+18.7
2023-11-23 22:01,2,+29.6,+21.1,+24.2,+18.8,+12.1,+34.2,+19.0,+19.1,+19.0,+19.0,+19.2,+18.7,+18.7
2023-11-23 23:01,2,+32.1,+22.6,+24.2,+18.8,+12.1,+34.2,+19.0,+19.1,+19.0,+19.0,+19.2,+18.7,+18.7
2023-11-24 00:01,2,+30.2,+22.6,+24.2,+18.7,+12.1,+34.2,+19.0,+19.1,+19.0,+19.0,+19.2,+18.7,+18.7
2023-11-24 01:01,2,+29.8,+22.5,+24.3,+18.9,+12.1,+34.2,+19.0,+19.1,+19.0,+19.0,+19.1,+18.7,+18.8
2023-11-24 02:01,2,+29.8,+22.6,+24.4,+18.8,+12.1,+34.2,+19.0,+19.1,+19.1,+19.0,+19.1,+18.7,+18.7
2023-11-24 03:01,2,+28.6,+22.4,+24.5,+18.8,+12.1,+34.2,+19.0,+19.1,+19.0,+19.0,+19.2,+18.8,+18.8
2023-11-24 04:01,2,+27.9,+22.2,+24.5,+19.0,+12.1,+34.2,+18.8,+19.1,+19.0,+19.0,+19.1,+18.8,+18.8
2023-11-24 05:01,2,+27.5,+22.0,+24.5,+18.9,+12.1,+34.2,+19.0,+19.1,+19.1,+19.0,+19.1,+18.7,+18.7
2023-11-24 06:01,2,+27.3,+21.9,+24.5,+18.9,+12.1,+34.2,+18.8,+19.1,+19.1,+19.0,+19.2,+18.7,+18.7
2023-11-24 07:01,2,+27.1,+21.8,+24.5,+19.0,+12.2,+34.2,+18.8,+19.1,+19.0,+19.0,+19.1,+18.8,+18.8
2023-11-24 08:01,2,+27.0,+21.7,+24.5,+19.0,+12.2,+34.2,+18.8,+19.0,+19.1,+19.0,+19.2,+18.8,+18.7
2023-11-24 09:01,2,+26.8,+21.7,+24.5,+19.0,+12.2,+34.2,+18.8,+19.1,+19.1,+19.0,+19.2,+18.7,+18.7
2023-11-24 10:01,2,+26.7,+21.6,+24.5,+19.1,+12.2,+34.3,+19.0,+19.0,+19.0,+19.0,+19.2,+18.7,+18.7
2023-11-24 11:01,2,+26.6,+21.6,+24.5,+18.9,+12.2,+34.2,+19.1,+19.1,+19.0,+19.0,+19.2,+18.7,+18.7