
2023-07-25 09:11,2,+7.9,+12.8,+18.4,+14.2,+7.5,+28.5,+18.1,+18.6,+18.7,+18.8,+19.1,+18.6,+18.5
2023-07-25 10:11,2,+7.9,+12.8,+18.4,+14.3,+7.5,+28.5,+18.2,+18.6,+18.7,+18.8,+19.1,+18.6,+18.6
2023-07-25 11:11,2,+7.7,+12.8,+18.4,+14.4,+7.6,+28.6,+18.3,+18.6,+18.7,+18.8,+19.1,+18.6,+18.6
2023-07-25 12:11,2,+7.6,+12.7,+18.4,+14.3,+7.6,+28.5,+18.5,+18.6,+18.7,+18.8,+19.1,+18.6,+18.6
2023-07-25 13:11,2,+7.4,+12.7,+18.4,+14.4,+7.6,+28.6,+18.5,+18.6,+18.7,+18.8,+19.0,+18.6,+18.6
2023-07-25 14:11,2,+7.3,+12.7,+18.4,+14.4,+7.6,+28.6,+18.7,+18.6,+18.8,+18.7,+19.0,+18.6,+18.6
2023-07-25 15:11,2,+7.2,+12.7,+18.4,+14.4,+7.7,+28.6,+18.8,+18.7,+18.7,+18.8,+19.1,+18.6,+18.6
2023-07-25 16:11,2,+7.1,+12.6,+18.5,+14.3,+7.6,+28.6,+18.6,+18.7,+18.7,+18.8,+19.0,+18.6,+18.5
2023-07-25 17:11,2,+7.1,+12.6,+18.4,+14.3,+7.6,+28.6,+18.5,+18.7,+18.7,+18.7,+19.0,+18.6,+18.5
2023-07-25 18:11,2,+7.0,+12.6,+18.4,+14.3,+7.6,+28.6,+18.5,+18.7,+18.7,+18.7,+19.0,+18.6,+18.6
2023-07-25 19:11,2,+7.0,+12.5,+18.4,+14.3,+7.6,+28.7,+18.3,+18.7,+18.7,+18.7,+19.0,+18.6,+18.6
2023-07-25 20:11,2,+6.9,+12.5,+18.4,+14.3,+7.7,+28.7,+18.2,+18.6,+18.7,+18.8,+19.0,+18.6,+18.6
2023-07-25 21:11,2,+6.9,+12.5,+18.4,+14.3,+7.7,+28.7,+18.2,+18.6,+18.7,+18.7,+19.0,+18.6,+18.5
2023-07-25 22:11,2,+6.9,+12.5,+18.4,+14.3,+7.7,+28.7,+18.2,+18.6,+18.7,+18.7,+19.0,+18.6,+18.5
2023-07-25 23:11,2,+6.9,+12.5,+18.4,+14.3,+7.7,+28.7,+18.0,+18.6,+18.7,+18.7,+19.1,+18.6,+18.6
2023-07-26 00:11,2,+6.8,+12.5,+18.4,+14.5,+7.7,+28.7,+17.8,+18.6,+18.7,+18.7,+19.0,+18.5,+18.6
2023-07-26 01:11,2,+6.7,+12.5,+18.4,+14.3,+7.7,+28.7,+17.7,+18.6,+18.7,+18.7,+19.0,+18.6,+18.5
2023-07-26 02:11,2,+6.7,+12.5,+18.4,+14.5,+7.7,+28.7,+17.6,+18.5,+18.7,+18.7,+19.0,+18.6,+18.5
2023-07-26 03:11,2,+6.7,+12.4,+18.4,+14.3,+7.7,+28.7,+17.5,+18.5,+18.6,+18.7,+19.0,+18.6,+18.6
2023-07-26 04:11,2,+6.7,+12.4,+18.4,+14.5,+7.7,+28.8,+17.3,+18.3,+18.6,+18.7,+19.0,+18.6,+18.5
2023-07-26 05:11,2,+6.7,+12.4,+18.4,+14.3,+7.7,+28.7,+17.2,+18.2,+18.6,+18.7,+19.0,+18.6,+18.6
2023-07-26 06:11,2,+6.7,+12.4,+18.4,+14.3,+7.7,+28.7,+17.2,+18.2,+18.6,+18.7,+19.0,+18.6,+18.6
2023-07-26 07:11,2,+6.6,+12.4,+18.4,+14.4,+7.7,+28.8,+17.3,+18.1,+18.5,+18.7,+19.0,+18.6,+18.5
2023-07-26 08:11,2,+6.7,+12.4,+18.4,+14.3,+7.7,+28.8,+17.3,+18.1,+18.5,+18.7,+19.0,+18.6,+18.5
2023-07-26 09:11,2,+6.7,+12.4,+18.4,+14.4,+7.7,+28.8,+17.6,+18.1,+18.5,+18.7,+19.1,+18.6,+18.5
2023-07-26 10:11,2,+6.7,+12.4,+18.3,+14.5,+7.7,+28.8,+17.8,+18.1,+18.5,+18.6,+19.0,+18.5,+18.6
2023-07-26 11:11,2,+6.6,+12.4,+18.3,+14.4,+7.7,+28.8,+18.2,+18.2,+18.5,+18.6,+19.0,+18.6,+18.5
2023-07-26 12:11,2,+6.6,+12.4,+18.3,+14.3,+7.7,+28.8,+18.5,+18.2,+18.5,+18.7,+19.0,+18.6,+18.5
2023-07-26 13:11,2,+6.5,+12.4,+18.3,+14.5,+7.7,+28.8,+18.7,+18.3,+18.5,+18.6,+19.0,+18.5,+18.5
2023-07-26 14:11,2,+6.5,+12.4,+18.3,+14.3,+7.7,+28.8,+19.0,+18.3,+18.3,+18.6,+19.0,+18.5,+18.5
2023-07-26 15:11,2,+6.5,+12.4,+18.3,+14.4,+7.7,+28.8,+19.0,+18.5,+18.3,+18.6,+19.0,+18.5,+18.5
2023-07-26 16:11,2,+6.4,+12.4,+18.3,+14.3,+7.7,+28.7,+19.0,+18.6,+18.5,+18.6,+18.8,+18.6,+18.5
2023-07-26 17:11,2,+6.4,+12.4,+18.3,+14.4,+7.7,+28.8,+18.8,+18.7,+18.5,+18.6,+18.8,+18.5,+18.5
2023-07-26 18:11,2,+6.4,+12.4,+18.4,+14.3,+7.7,+28.7,+18.8,+18.7,+18.5,+18.6,+18.8,+18.5,+18.5
2023-07-26 19:11,2,+6.4,+12.4,+18.3,+14.3,+7.7,+28.7,+18.7,+18.7,+18.5,+18.6,+18.8,+18.5,+18.5
2023-07-26 20:11,2,+6.4,+12.4,+18.4,+14.3,+7.7,+28.7,+18.6,+18.7,+18.6,+18.6,+19.0,+18.5,+18.6
2023-07-26 21:11,2,+6.4,+12.4,+18.3,+14.4,+7.7,+28.8,+18.6,+18.7,+18.6,+18.6,+18.8,+18.5,+18.5
2023-07-26 22:11,2,+6.4,+12.4,+18.3,+14.3,+7.7,+28.7,+18.5,+18.7,+18.6,+18.6,+19.0,+18.5,+18.5
2023-07-26 23:11,2,+6.4,+12.4,+18.3,+14.3,+7.7,+28.7,+18.3,+18.7,+18.6,+18.6,+18.8,+18.5,+18.5
2023-07-27 00:11,2,+6.3,+12.4,+18.3,+14.3,+7.7,+28.7,+18.2,+18.7,+18.6,+18.6,+19.0,+18.5,+18.5
2023-07-27 01:11,2,+6.3,+12.4,+18.3,+14.4,+7.7,+28.8,+18.1,+18.6,+18.6,+18.6,+18.8,+18.5,+18.5
2023-07-27 02:11,2,+6.3,+12.3,+18.3,+14.4,+7.7,+28.7,+18.1,+18.6,+18.7,+18.6,+18.8,+18.5,+18.5
2023-07-27 03:11,2,+6.3,+12.3,+18.3,+14.4,+7.7,+28.7,+18.1,+18.6,+18.6,+18.6,+18.8,+18.5,+18.5
2023-07-27 04:11,2,+6.3,+12.3,+18.3,+14.4,+7.7,+28.7,+18.0,+18.5,+18.6,+18.6,+18.8,+18.5,+18.5
2023-07-27 05:11,2,+6.3,+12.3,+18.3,+14.3,+7.7,+28.7,+18.1,+18.5,+18.6,+18.6,+18.8,+18.5,+18.5
2023-07-27 06:11,2,+6.3,+12.3,+18.3,+14.3,+7.7,+28.7,+18.1,+18.5,+18.6,+18.6,+18.8,+18.5,+18.5
2023-07-27 07:11,2,+7.0,+12.4,+18.3,+14.4,+7.7,+28.7,+18.1,+18.5,+18.6,+18.6,+18.8,+18.3,+18.5
2023-07-27 08:11,2,+10.3,+13.8,+18.4,+14.4,+7.7,+28.7,+18.1,+18.5,+18.5,+18.6,+18.8,+18.5,+18.5
2023-07-27 09:11,2,+9.5,+13.7,+18.4,+14.4,+7.7,+28.7,+18.2,+18.3,+18.5,+18.6,+18.8,+18.5,+18.5
2023-07-27 10:11,2,+8.6,+13.4,+18.5,+14.4,+7.7,+28.7,+18.2,+18.3,+18.5,+18.6,+18.8,+18.5,+18.5
2023-07-27 11:11,2,+8.1,+13.2,+18.5,+14.5,+7.7,+28.7,+18.3,+18.5,+18.5,+18.6,+18.8,+18.5,+18.5
2023-07-27 12:11,2,+7.9,+13.0,+18.5,+14.5,+7.7,+28.7,+18.6,+18.5,+18.6,+18.6,+18.8,+18.5,+18.5
2023-07-27 13:11,2,+7.7,+13.0,+18.5,+14.4,+7.7,+28.7,+18.8,+18.5,+18.6,+18.6,+18.8,+18.5,+18.5
2023-07-27 14:11,2,+7.6,+12.9,+18.5,+14.5,+7.8,+28.7,+19.0,+18.6,+18.5,+18.6,+18.8,+18.5,+18.5
2023-07-27 15:11,2,+7.4,+12.9,+18.6,+14.4,+7.7,+28.7,+19.1,+18.7,+18.5,+18.6,+18.8,+18.5,+18.5
2023-07-27 16:11,2,+7.4,+12.8,+18.5,+14.4,+7.7,+28.7,+19.0,+18.7,+18.6,+18.6,+18.8,+18.5,+18.3
2023-07-27 17:11,2,+7.3,+12.8,+18.6,+14.4,+7.7,+28.7,+19.1,+18.8,+18.6,+18.6,+18.8,+18.5,+18.5
2023-07-27 18:11,2,+7.2,+12.8,+18.6,+14.4,+7.7,+28.7,+18.8,+18.8,+18.6,+18.6,+18.8,+18.5,+18.5
2023-07-27 19:11,2,+7.2,+12.8,+18.6,+14.6,+7.8,+28.7,+18.7,+18.8,+18.6,+18.6,+18.8,+18.5,+18.5
2023-07-27 20:11,2,+7.1,+12.7,+18.5,+14.5,+7.8,+28.7,+18.7,+18.8,+18.6,+18.6,+18.8,+18.5,+18.5
2023-07-27 21:11,2,+7.1,+12.7,+18.5,+14.5,+7.8,+28.7,+18.6,+18.8,+18.7,+18.6,+18.8,+18.5,+18.5
2023-07-27 22:11,2,+7.1,+12.7,+18.5,+14.6,+7.8,+28.8,+18.6,+18.8,+18.7,+18.6,+18.8,+18.5,+18.3
2023-07-27 23:11,2,+7.0,+12.7,+18.5,+14.5,+7.8,+28.8,+18.5,+18.7,+18.6,+18.6,+18.8,+18.5,+18.5
2023-07-28 00:11,2,+7.0,+12.7,+18.5,+14.6,+7.8,+28.8,+18.3,+18.7,+18.7,+18.6,+18.8,+18.5,+18.5
2023-07-28 01:11,2,+7.0,+12.7,+18.5,+14.5,+7.8,+28.8,+18.3,+18.7,+18.6,+18.6,+18.7,+18.5,+18.3
2023-07-28 02:11,2,+7.0,+12.6,+18.5,+14.6,+7.9,+28.8,+18.2,+18.7,+18.7,+18.6,+18.8,+18.5,+18.3
2023-07-28 03:11,2,+6.9,+12.6,+18.5,+14.5,+7.8,+28.8,+18.1,+18.7,+18.6,+18.6,+18.8,+18.5,+18.5
2023-07-28 04:11,2,+6.9,+12.6,+18.5,+14.6,+7.9,+28.8,+18.1,+18.6,+18.7,+18.6,+18.8,+18.5,+18.5
2023-07-28 05:11,2,+6.9,+12.6,+18.5,+14.6,+7.9,+28.8,+18.0,+18.6,+18.6,+18.6,+18.8,+18.3,+18.5
2023-07-28 06:11,2,+6.9,+12.6,+18.5,+14.6,+7.9,+28.8,+18.0,+18.5,+18.6,+18.6,+19.0,+18.3,+18.3
2023-07-28 07:11,2,+6.9,+12.6,+18.5,+14.5,+7.8,+28.8,+18.0,+18.5,+18.6,+18.6,+18.8,+18.3,+18.5
2023-07-28 08:11,2,+6.9,+12.6,+18.5,+14.6,+7.9,+28.8,+18.0,+18.5,+18.6,+18.6,+18.8,+18.3,+18.3
2023-07-28 09:11,2,+6.8,+12.6,+18.5,+14.6,+7.9,+28.8,+18.2,+18.5,+18.6,+18.6,+18.8,+18.5,+18.5
2023-07-28 10:11,2,+6.8,+12.5,+18.5,+14.4,+7.8,+28.8,+18.5,+18.5,+18.6,+18.6,+18.8,+18.5,+18.5
2023-07-28 11:11,2,+6.7,+12.5,+18.5,+14.5,+7.8,+28.8,+18.7,+18.6,+18.6,+18.6,+18.8,+18.5,+18.3
2023-07-28 12:11,2,+6.7,+12.5,+18.5,+14.6,+7.9,+28.8,+19.0,+18.6,+18.6,+18.6,+18.8,+18.5,+18.3
2023-07-28 13:11,2,+6.7,+12.5,+18.5,+14.5,+7.8,+28.8,+19.2,+18.7,+18.6,+18.6,+18.8,+18.5,+18.5
2023-07-28 14:11,2,+6.7,+12.5,+18.5,+14.5,+7.8,+28.8,+19.6,+18.7,+18.6,+18.6,+18.8,+18.3,+18.3
2023-07-28 15:11,2,+6.6,+12.5,+18.5,+14.6,+7.9,+28.9,+19.6,+18.8,+18.6,+18.6,+18.7,+18.5,+18.3
2023-07-28 16:11,2,+6.6,+12.5,+18.5,+14.5,+7.9,+28.9,+19.7,+19.0,+18.6,+18.6,+18.7,+18.3,+18.5
2023-07-28 17:11,2,+6.5,+12.5,+18.5,+14.6,+7.9,+28.9,+19.7,+19.0,+18.7,+18.6,+18.8,+18.3,+18.5
2023-07-28 18:11,2,+6.5,+12.5,+18.5,+14.5,+7.8,+28.8,+19.6,+19.1,+18.7,+18.6,+18.8,+18.3,+18.3
2023-07-28 19:11,2,+6.5,+12.5,+18.5,+14.6,+7.9,+28.8,+19.5,+19.1,+18.7,+18.6,+18.8,+18.3,+18.3
2023-07-28 20:11,2,+6.5,+12.5,+18.5,+14.5,+7.8,+28.8,+19.5,+19.2,+18.7,+18.6,+18.8,+18.3,+18.3
2023-07-28 21:11,2,+6.5,+12.5,+18.5,+14.4,+7.8,+28.8,+19.5,+19.2,+18.7,+18.6,+18.8,+18.3,+18.5
2023-07-28 22:11,2,+6.5,+12.5,+18.5,+14.5,+7.8,+28.8,+19.3,+19.2,+18.7,+18.6,+18.8,+18.3,+18.5
2023-07-28 23:11,2,+6.5,+12.5,+18.5,+14.4,+7.8,+28.8,+19.3,+19.2,+18.8,+18.6,+18.8,+18.5,+18.3
2023-07-29 00:11,2,+6.5,+12.5,+18.5,+14.5,+7.8,+28.8,+19.2,+19.2,+18.8,+18.7,+18.8,+18.5,+18.3
2023-07-29 01:11,2,+6.8,+12.5,+18.5,+14.6,+7.9,+28.8,+19.2,+19.2,+18.8,+18.7,+18.8,+18.5,+18.3
2023-07-29 02:11,2,+6.9,+12.5,+18.5,+14.6,+7.9,+28.8,+19.2,+19.1,+18.8,+18.7,+18.8,+18.5,+18.3
2023-07-29 03:11,2,+6.9,+12.5,+18.5,+14.5,+7.9,+28.8,+19.1,+19.1,+18.8,+18.7,+18.8,+18.3,+18.5
2023-07-29 04:11,2,+6.9,+12.5,+18.5,+14.4,+7.8,+28.8,+19.0,+19.2,+18.8,+18.7,+18.8,+18.3,+18.3
2023-07-29 05:11,2,+6.9,+12.5,+18.5,+14.5,+7.9,+28.8,+18.8,+19.2,+18.8,+18.7,+18.8,+18.3,+18.3
2023-07-29 06:11,2,+6.9,+12.5,+18.5,+14.5,+7.9,+28.8,+18.8,+19.1,+18.8,+18.7,+18.8,+18.3,+18.5
2023-07-29 07:11,2,+6.9,+12.5,+18.5,+14.5,+7.9,+28.8,+18.8,+19.1,+19.0,+18.7,+18.8,+18.5,+18.5
2023-07-29 08:11,2,+6.9,+12.5,+18.5,+14.5,+7.9,+28.9,+18.8,+19.1,+19.0,+18.7,+18.8,+18.5,+18.3
2023-07-29 09:11,2,+6.9,+12.5,+18.5,+14.5,+7.8,+28.8,+19.1,+19.0,+19.0,+18.7,+19.0,+18.3,+18.5
2023-07-29 10:11,2,+6.9,+12.5,+18.5,+14.4,+7.8,+28.8,+19.2,+19.1,+18.8,+18.7,+18.8,+18.5,+18.5
2023-07-29 11:11,2,+6.9,+12.5,+18.5,+14.4,+7.8,+28.8,+19.5,+19.1,+18.8,+18.7,+18.8,+18.5,+18.3
2023-07-29 12:11,2,+6.8,+12.5,+18.5,+14.6,+7.9,+28.8,+19.6,+19.2,+19.0,+18.7,+18.8,+18.5,+18.5
2023-07-29 13:11,2,+6.7,+12.5,+18.5,+14.5,+7.9,+28.8,+19.8,+19.2,+18.8,+18.7,+18.8,+18.5,+18.3
2023-07-29 14:11,2,+6.7,+12.5,+18.5,+14.5,+7.9,+28.8,+20.1,+19.3,+19.0,+18.7,+18.8,+18.3,+18.3
2023-07-29 15:11,2,+6.7,+12.5,+18.5,+14.4,+7.8,+28.8,+20.1,+19.5,+19.0,+18.7,+18.8,+18.5,+18.5
2023-07-29 16:11,2,+6.7,+12.5,+18.5,+14.6,+7.9,+28.8,+20.1,+19.6,+19.0,+18.7,+19.0,+18.5,+18.5
2023-07-29 17:11,2,+6.5,+12.5,+18.5,+14.5,+7.8,+28.8,+20.1,+19.6,+19.0,+18.7,+18.8,+18.5,+18.5
2023-07-29 18:11,2,+6.5,+12.5,+18.5,+14.6,+7.9,+28.8,+20.0,+19.6,+19.1,+18.7,+18.8,+18.5,+18.5
2023-07-29 19:11,2,+6.5,+12.5,+18.5,+14.5,+7.8,+28.8,+19.7,+19.6,+19.1,+18.7,+18.8,+18.5,+18.3
2023-07-29 20:11,2,+6.5,+12.5,+18.5,+14.5,+7.9,+28.8,+19.6,+19.7,+19.1,+18.7,+19.0,+18.3,+18.3
2023-07-29 21:11,2,+6.5,+12.5,+18.5,+14.5,+7.9,+28.8,+19.6,+19.6,+19.1,+18.7,+18.8,+18.3,+18.3
2023-07-29 22:11,2,+6.5,+12.5,+18.5,+14.5,+7.8,+28.8,+19.5,+19.6,+19.2,+18.8,+18.8,+18.5,+18.3
2023-07-29 23:11,2,+6.5,+12.5,+18.5,+14.5,+7.8,+28.8,+19.3,+19.6,+19.2,+18.8,+18.8,+18.5,+18.3
2023-07-30 00:11,2,+6.5,+12.5,+18.5,+14.5,+7.8,+28.8,+19.3,+19.5,+19.2,+18.8,+19.0,+18.5,+18.3
2023-07-30 01:11,2,+6.5,+12.5,+18.5,+14.5,+7.8,+28.8,+19.2,+19.5,+19.2,+18.8,+18.8,+18.5,+18.5
2023-07-30 02:11,2,+6.5,+12.5,+18.5,+14.5,+7.9,+28.8,+19.2,+19.5,+19.2,+18.8,+19.0,+18.5,+18.5
2023-07-30 03:11,2,+6.5,+12.5,+18.5,+14.5,+7.8,+28.8,+19.1,+19.3,+19.2,+18.8,+19.0,+18.5,+18.3
2023-07-30 04:11,2,+6.5,+12.5,+18.5,+14.6,+7.9,+28.8,+19.1,+19.5,+19.2,+18.8,+19.0,+18.5,+18.5
2023-07-30 05:11,2,+6.5,+12.5,+18.5,+14.5,+7.8,+28.8,+19.1,+19.5,+19.2,+18.8,+19.0,+18.5,+18.5
2023-07-30 06:11,2,+6.5,+12.5,+18.5,+14.6,+7.9,+28.8,+19.1,+19.3,+19.1,+18.8,+19.0,+18.5,+18.5
2023-07-30 07:11,2,+6.5,+12.5,+18.5,+14.6,+7.9,+28.8,+19.1,+19.3,+19.2,+18.8,+19.0,+18.5,+18.3
2023-07-30 08:11,2,+6.5,+12.5,+18.5,+14.5,+7.9,+28.8,+19.2,+19.3,+19.2,+18.8,+19.0,+18.5,+18.3
2023-07-30 09:11,2,+6.6,+12.5,+18.5,+14.6,+7.9,+28.8,+19.3,+19.2,+19.2,+18.8,+19.0,+18.5,+18.5
2023-07-30 10:11,2,+6.6,+12.5,+18.5,+14.6,+7.9,+28.8,+19.3,+19.3,+19.1,+18.8,+19.0,+18.5,+18.3
2023-07-30 11:11,2,+6.6,+12.5,+18.5,+14.6,+7.9,+28.8,+19.5,+19.3,+19.1,+18.8,+19.0,+18.5,+18.5
2023-07-30 12:11,2,+6.6,+12.5,+18.5,+14.5,+7.8,+28.8,+19.6,+19.3,+19.2,+19.0,+19.1,+18.6,+18.5
2023-07-30 13:11,2,+6.6,+12.5,+18.5,+14.6,+7.9,+28.8,+19.5,+19.3,+19.1,+18.8,+19.0,+18.5,+18.5
2023-07-30 14:11,2,+6.6,+12.5,+18.5,+14.5,+7.8,+28.8,+19.5,+19.5,+19.1,+19.0,+19.0,+18.6,+18.3
2023-07-30 15:11,2,+6.6,+12.5,+18.5,+14.6,+7.9,+28.8,+19.5,+19.3,+19.1,+19.0,+19.0,+18.6,+18.5
2023-07-30 16:11,2,+6.6,+12.5,+18.5,+14.5,+7.9,+28.8,+19.3,+19.5,+19.1,+18.8,+19.0,+18.6,+18.5
2023-07-30 17:11,2,+6.6,+12.5,+18.5,+14.6,+7.9,+28.8,+19.3,+19.3,+19.2,+19.0,+19.0,+18.6,+18.5
2023-07-30 18:11,2,+6.6,+12.5,+18.5,+14.5,+7.9,+28.8,+19.3,+19.3,+19.2,+19.0,+19.0,+18.5,+18.5
2023-07-30 19:11,2,+6.6,+12.5,+18.5,+14.6,+7.9,+28.8,+19.3,+19.3,+19.1,+19.0,+19.1,+18.6,+18.6
2023-07-30 20:11,2,+6.6,+12.5,+18.5,+14.6,+7.9,+28.8,+19.2,+19.5,+19.2,+18.8,+19.1,+18.6,+18.5
2023-07-30 21:11,2,+6.6,+12.5,+18.5,+14.6,+7.9,+28.8,+19.1,+19.3,+19.1,+19.0,+19.0,+18.6,+18.5
2023-07-30 22:11,2,+6.6,+12.5,+18.5,+14.6,+7.9,+28.8,+19.1,+19.5,+19.2,+19.0,+19.0,+18.6,+18.5
2023-07-30 23:11,2,+6.6,+12.5,+18.5,+14.6,+7.9,+28.8,+19.0,+19.3,+19.1,+19.0,+19.1,+18.6,+18.5
2023-07-31 00:11,2,+6.6,+12.5,+18.5,+14.5,+7.9,+28.8,+19.0,+19.3,+19.1,+19.0,+19.1,+18.6,+18.5
2023-07-31 01:11,2,+6.6,+12.5,+18.5,+14.6,+7.9,+28.8,+19.0,+19.2,+19.1,+19.0,+19.1,+18.6,+18.5
2023-07-31 02:11,2,+6.6,+12.5,+18.5,+14.6,+7.9,+28.8,+18.8,+19.2,+19.1,+19.0,+19.0,+18.6,+18.5
2023-07-31 03:11,2,+6.6,+12.5,+18.5,+14.6,+7.9,+28.8,+18.7,+19.2,+19.2,+19.0,+19.0,+18.6,+18.5
2023-07-31 04:11,2,+6.6,+12.5,+18.5,+14.6,+7.9,+28.8,+18.8,+19.2,+19.2,+19.0,+19.0,+18.6,+18.5
2023-07-31 05:11,2,+6.6,+12.5,+18.5,+14.5,+7.9,+28.8,+18.8,+19.1,+19.1,+19.0,+19.1,+18.6,+18.5
2023-07-31 06:11,2,+6.6,+12.5,+18.5,+14.5,+7.9,+28.7,+18.7,+19.1,+19.1,+19.0,+19.1,+18.6,+18.5
2023-07-31 07:11,2,+6.6,+12.5,+18.5,+14.6,+7.9,+28.8,+18.8,+19.1,+19.1,+19.0,+19.1,+18.5,+18.5
2023-07-31 08:11,2,+6.5,+12.5,+18.5,+14.6,+7.9,+28.8,+19.0,+19.1,+19.1,+19.0,+19.1,+18.6,+18.5
2023-07-31 09:11,2,+6.5,+12.5,+18.5,+14.5,+7.9,+28.7,+19.1,+19.1,+19.1,+19.0,+19.1,+18.6,+18.5
2023-07-31 10:11,2,+6.5,+12.5,+18.5,+14.5,+7.9,+28.7,+19.3,+19.1,+19.1,+19.0,+19.1,+18.6,+18.5
2023-07-31 11:11,2,+6.5,+12.5,+18.5,+14.5,+7.9,+28.8,+19.6,+19.2,+19.1,+19.0,+19.1,+18.6,+18.5
2023-07-31 12:11,2,+6.4,+12.5,+18.5,+14.6,+7.9,+28.8,+19.7,+19.2,+19.1,+19.0,+19.1,+18.6,+18.5
2023-07-31 13:11,2,+6.4,+12.5,+18.5,+14.5,+7.9,+28.8,+20.0,+19.3,+19.1,+19.0,+19.1,+18.6,+18.5
2023-07-31 14:11,2,+6.4,+12.5,+18.5,+14.6,+7.9,+28.8,+20.0,+19.5,+19.1,+19.0,+19.1,+18.6,+18.5
2023-07-31 15:11,2,+6.4,+12.5,+18.5,+14.5,+7.9,+28.7,+19.8,+19.5,+19.1,+19.0,+19.1,+18.6,+18.5
2023-07-31 16:11,2,+6.4,+12.5,+18.5,+14.6,+7.9,+28.8,+19.8,+19.5,+19.1,+19.0,+19.1,+18.6,+18.5
2023-07-31 17:11,2,+6.4,+12.5,+18.5,+14.5,+7.9,+28.7,+19.7,+19.6,+19.2,+19.0,+19.0,+18.6,+18.5
2023-07-31 18:11,2,+6.4,+12.5,+18.5,+14.6,+7.9,+28.8,+19.6,+19.5,+19.2,+19.0,+19.1,+18.6,+18.5
2023-07-31 19:11,2,+6.5,+12.5,+18.6,+14.6,+7.9,+28.8,+19.5,+19.6,+19.2,+19.0,+19.1,+18.6,+18.5
2023-07-31 20:11,2,+6.5,+12.5,+18.5,+14.6,+7.9,+28.8,+19.5,+19.6,+19.2,+19.0,+19.1,+18.7,+18.5
2023-07-31 21:11,2,+6.5,+12.5,+18.5,+14.6,+7.9,+28.8,+19.3,+19.5,+19.2,+19.0,+19.1,+18.6,+18.5
2023-07-31 22:11,2,+6.5,+12.5,+18.6,+14.5,+7.9,+28.7,+19.3,+19.5,+19.2,+19.0,+19.1,+18.6,+18.5
2023-07-31 23:11,2,+6.5,+12.5,+18.6,+14.6,+7.9,+28.8,+19.2,+19.5,+19.2,+19.0,+19.1,+18.6,+18.5
2023-08-01 00:11,2,+6.5,+12.5,+18.5,+14.7,+7.9,+28.8,+19.2,+19.5,+19.2,+19.0,+19.1,+18.6,+18.6
2023-08-01 01:11,2,+6.5,+12.5,+18.6,+14.6,+7.9,+28.8,+19.2,+19.3,+19.2,+19.0,+19.1,+18.6,+18.5
2023-08-01 02:11,2,+6.5,+12.5,+18.5,+14.5,+7.9,+28.7,+19.1,+19.3,+19.2,+19.0,+19.1,+18.6,+18.6
2023-08-01 03:11,2,+6.5,+12.5,+18.5,+14.5,+7.9,+28.7,+19.1,+19.3,+19.2,+19.0,+19.1,+18.6,+18.5
2023-08-01 04:11,2,+6.5,+12.5,+18.5,+14.5,+7.9,+28.7,+19.1,+19.3,+19.3,+19.0,+19.1,+18.6,+18.5
2023-08-01 05:11,2,+6.5,+12.5,+18.5,+14.7,+7.9,+28.8,+19.0,+19.3,+19.2,+19.0,+19.1,+18.6,+18.5
2023-08-01 06:11,2,+6.4,+12.5,+18.5,+14.7,+8.0,+28.8,+19.0,+19.2,+19.2,+19.0,+19.1,+18.6,+18.5
2023-08-01 07:11,2,+6.5,+12.5,+18.6,+14.7,+8.0,+28.8,+19.0,+19.2,+19.1,+19.0,+19.1,+18.6,+18.5
2023-08-01 08:11,2,+6.4,+12.5,+18.6,+14.5,+7.9,+28.7,+19.1,+19.2,+19.2,+19.0,+19.2,+18.6,+18.6
2023-08-01 09:11,2,+6.4,+12.5,+18.5,+14.7,+8.0,+28.8,+19.2,+19.2,+19.2,+19.1,+19.1,+18.6,+18.5
2023-08-01 10:11,2,+6.4,+12.5,+18.5,+14.7,+7.9,+28.8,+19.5,+19.2,+19.2,+19.1,+19.0,+18.6,+18.5
2023-08-01 11:11,2,+6.4,+12.5,+18.5,+14.7,+7.9,+28.8,+19.6,+19.3,+19.1,+19.0,+19.2,+18.6,+18.6
2023-08-01 12:11,2,+6.4,+12.5,+18.6,+14.5,+7.9,+28.7,+19.6,+19.3,+19.2,+19.0,+19.1,+18.6,+18.5
2023-08-01 13:11,2,+6.3,+12.5,+18.6,+14.7,+8.0,+28.8,+19.7,+19.5,+19.1,+19.1,+19.1,+18.6,+18.5
2023-08-01 14:11,2,+6.3,+12.5,+18.6,+14.5,+7.9,+28.7,+19.8,+19.5,+19.2,+19.0,+19.1,+18.6,+18.6
2023-08-01 15:11,2,+6.3,+12.5,+18.6,+14.7,+8.0,+28.8,+20.0,+19.6,+19.2,+19.0,+19.1,+18.7,+18.5
2023-08-01 16:11,2,+6.3,+12.5,+18.6,+14.5,+7.9,+28.7,+20.0,+19.6,+19.2,+19.0,+19.1,+18.6,+18.5
2023-08-01 17:11,2,+6.3,+12.5,+18.6,+14.5,+7.9,+28.7,+20.0,+19.6,+19.2,+19.0,+19.1,+18.7,+18.5
2023-08-01 18:11,2,+6.3,+12.5,+18.6,+14.7,+8.0,+28.8,+19.8,+19.6,+19.2,+19.0,+19.1,+18.6,+18.6
2023-08-01 19:11,2,+6.3,+12.6,+18.6,+14.6,+7.9,+28.7,+19.7,+19.6,+19.2,+19.0,+19.1,+18.7,+18.6
2023-08-01 20:11,2,+6.3,+12.5,+18.6,+14.7,+8.0,+28.8,+19.5,+19.6,+19.3,+19.0,+19.1,+18.6,+18.6
2023-08-01 21:11,2,+6.4,+12.7,+18.6,+14.6,+7.9,+28.7,+19.3,+19.6,+19.3,+19.0,+19.2,+18.6,+18.5
2023-08-01 22:11,2,+6.4,+12.6,+18.6,+14.7,+8.0,+28.8,+19.3,+19.6,+19.2,+19.0,+19.1,+18.6,+18.5
2023-08-01 23:11,2,+6.4,+12.7,+18.6,+14.5,+7.9,+28.7,+19.1,+19.6,+19.3,+19.0,+19.1,+18.7,+18.5
2023-08-02 00:11,2,+6.4,+12.7,+18.6,+14.5,+7.9,+28.7,+19.0,+19.5,+19.3,+19.0,+19.2,+18.7,+18.6
2023-08-02 01:11,2,+6.4,+12.7,+18.6,+14.6,+7.9,+28.7,+18.8,+19.3,+19.2,+19.1,+19.1,+18.7,+18.5
2023-08-02 02:11,2,+6.4,+12.7,+18.6,+14.6,+7.9,+28.7,+18.8,+19.3,+19.2,+19.0,+19.2,+18.7,+18.5
2023-08-02 03:11,2,+6.4,+12.7,+18.6,+14.7,+8.0,+28.8,+18.8,+19.2,+19.3,+19.1,+19.1,+18.7,+18.6
2023-08-02 04:11,2,+6.4,+12.6,+18.6,+14.7,+8.0,+28.7,+18.7,+19.3,+19.2,+19.1,+19.1,+18.6,+18.6
2023-08-02 05:11,2,+6.4,+12.7,+18.6,+14.7,+8.0,+28.8,+18.7,+19.2,+19.2,+19.1,+19.1,+18.7,+18.6
2023-08-02 06:11,2,+6.4,+12.7,+18.6,+14.6,+7.9,+28.7,+18.6,+19.2,+19.2,+19.0,+19.2,+18.6,+18.5
2023-08-02 07:11,2,+6.4,+12.7,+18.6,+14.6,+7.9,+28.7,+18.6,+19.1,+19.1,+19.0,+19.1,+18.7,+18.5
2023-08-02 08:11,2,+6.4,+12.7,+18.6,+14.7,+8.0,+28.8,+18.7,+19.1,+19.2,+19.1,+19.1,+18.7,+18.6
2023-08-02 09:11,2,+6.4,+12.7,+18.6,+14.7,+8.0,+28.8,+18.8,+19.1,+19.1,+19.1,+19.2,+18.7,+18.5
2023-08-02 10:11,2,+6.4,+12.7,+18.6,+14.7,+8.0,+28.7,+19.1,+19.1,+19.2,+19.1,+19.2,+18.7,+18.6
2023-08-02 11:11,2,+6.3,+12.7,+18.6,+14.7,+8.0,+28.8,+19.3,+19.1,+19.1,+19.0,+19.1,+18.7,+18.6
2023-08-02 12:11,2,+6.3,+12.7,+18.6,+14.7,+8.0,+28.8,+19.6,+19.2,+19.1,+19.0,+19.2,+18.7,+18.6
2023-08-02 13:11,2,+6.2,+12.7,+18.6,+14.7,+8.0,+28.7,+20.0,+19.2,+19.1,+19.1,+19.2,+18.7,+18.6
2023-08-02 14:11,2,+6.2,+12.7,+18.6,+14.7,+8.0,+28.8,+20.1,+19.5,+19.1,+19.0,+19.1,+18.7,+18.6
2023-08-02 15:11,2,+6.2,+12.8,+18.6,+14.6,+7.9,+28.7,+20.0,+19.5,+19.2,+19.0,+19.1,+18.7,+18.6
2023-08-02 16:11,2,+6.1,+12.8,+18.6,+14.6,+8.0,+28.7,+19.8,+19.6,+19.1,+19.0,+19.1,+18.7,+18.6
2023-08-02 17:11,2,+6.1,+12.8,+18.6,+14.6,+8.0,+28.7,+19.8,+19.6,+19.2,+19.1,+19.1,+18.7,+18.6
2023-08-02 18:11,2,+6.1,+12.8,+18.6,+14.7,+8.0,+28.8,+19.6,+19.6,+19.2,+19.0,+19.1,+18.7,+18.6
2023-08-02 19:11,2,+6.1,+12.8,+18.6,+14.7,+8.0,+28.8,+19.5,+19.6,+19.2,+19.1,+19.1,+18.6,+18.6
2023-08-02 20:11,2,+6.1,+12.8,+18.6,+14.7,+8.0,+28.8,+19.3,+19.6,+19.2,+19.0,+19.2,+18.7,+18.5
2023-08-02 21:11,2,+6.1,+12.8,+18.6,+14.6,+8.0,+28.7,+19.2,+19.5,+19.2,+19.1,+19.2,+18.7,+18.6
2023-08-02 22:11,2,+6.1,+12.9,+18.6,+14.6,+8.0,+28.7,+19.1,+19.5,+19.2,+19.0,+19.1,+18.6,+18.6
2023-08-02 23:11,2,+6.1,+12.9,+18.6,+14.7,+8.0,+28.7,+19.1,+19.5,+19.2,+19.1,+19.2,+18.7,+18.6
2023-08-03 00:11,2,+6.1,+12.9,+18.6,+14.7,+8.0,+28.7,+19.0,+19.3,+19.3,+19.1,+19.1,+18.7,+18.6
2023-08-03 01:11,2,+6.1,+12.9,+18.6,+14.7,+8.0,+28.7,+19.0,+19.3,+19.3,+19.0,+19.1,+18.7,+18.6
2023-08-03 02:11,2,+6.1,+12.9,+18.6,+14.7,+8.0,+28.7,+18.8,+19.3,+19.2,+19.1,+19.1,+18.7,+18.6
2023-08-03 03:11,2,+6.1,+12.9,+18.6,+14.7,+8.0,+28.7,+18.7,+19.2,+19.2,+19.1,+19.2,+18.7,+18.6
2023-08-03 04:11,2,+6.1,+12.9,+18.6,+14.8,+8.0,+28.8,+18.7,+19.2,+19.2,+19.1,+19.1,+18.6,+18.6
2023-08-03 05:11,2,+6.1,+12.9,+18.6,+14.6,+8.0,+28.7,+18.6,+19.2,+19.2,+19.0,+19.1,+18.7,+18.6
2023-08-03 06:11,2,+6.1,+12.9,+18.6,+14.6,+8.0,+28.7,+18.6,+19.1,+19.2,+19.1,+19.1,+18.7,+18.6
2023-08-03 07:11,2,+6.1,+12.9,+18.6,+14.8,+8.0,+28.7,+18.6,+19.1,+19.1,+19.1,+19.2,+18.7,+18.6
2023-08-03 08:11,2,+6.1,+12.9,+18.6,+14.6,+8.0,+28.7,+18.6,+19.1,+19.2,+19.0,+19.1,+18.7,+18.6
2023-08-03 09:11,2,+6.1,+12.9,+18.6,+14.6,+8.0,+28.7,+18.8,+19.1,+19.2,+19.0,+19.2,+18.7,+18.6
2023-08-03 10:11,2,+6.1,+12.9,+18.6,+14.6,+8.0,+28.7,+19.0,+19.0,+19.1,+19.0,+19.2,+18.7,+18.6
2023-08-03 11:11,2,+6.1,+12.9,+18.6,+14.6,+8.0,+28.7,+19.1,+19.1,+19.1,+19.1,+19.2,+18.7,+18.6
2023-08-03 12:11,2,+6.0,+12.9,+18.6,+14.6,+8.0,+28.7,+19.3,+19.1,+19.1,+19.1,+19.1,+18.7,+18.6
2023-08-03 13:11,2,+6.0,+12.9,+18.6,+14.6,+8.0,+28.7,+19.6,+19.2,+19.1,+19.0,+19.2,+18.7,+18.6
2023-08-03 14:11,2,+6.0,+12.9,+18.6,+14.6,+8.0,+28.7,+19.6,+19.2,+19.1,+19.0,+19.1,+18.8,+18.6
2023-08-03 15:11,2,+5.9,+12.9,+18.6,+14.8,+8.0,+28.7,+19.6,+19.3,+19.1,+19.0,+19.2,+18.7,+18.6
2023-08-03 16:11,2,+5.9,+12.9,+18.6,+14.6,+8.0,+28.7,+19.6,+19.3,+19.1,+19.1,+19.1,+18.7,+18.6
2023-08-03 17:11,2,+5.9,+12.9,+18.7,+14.8,+8.0,+28.8,+19.6,+19.3,+19.1,+19.0,+19.2,+18.7,+18.6
2023-08-03 18:11,2,+5.9,+12.9,+18.7,+14.8,+8.0,+28.7,+19.6,+19.5,+19.1,+19.0,+19.1,+18.7,+18.6
2023-08-03 19:11,2,+5.9,+12.9,+18.7,+14.8,+8.0,+28.7,+19.5,+19.5,+19.2,+19.0,+19.2,+18.6,+18.6
2023-08-03 20:11,2,+5.9,+12.9,+18.7,+14.8,+8.0,+28.8,+19.5,+19.5,+19.2,+19.0,+19.1,+18.7,+18.6
2023-08-03 21:11,2,+5.9,+12.9,+18.7,+14.6,+8.0,+28.7,+19.3,+19.5,+19.2,+19.0,+19.1,+18.7,+18.7
2023-08-03 22:11,2,+5.9,+12.9,+18.7,+14.6,+8.0,+28.7,+19.3,+19.3,+19.2,+19.1,+19.2,+18.7,+18.6
2023-08-03 23:11,2,+5.9,+12.9,+18.7,+14.8,+8.0,+28.7,+19.1,+19.5,+19.2,+19.0,+19.2,+18.7,+18.6
2023-08-04 00:11,2,+5.9,+12.9,+18.7,+14.8,+8.0,+28.7,+19.1,+19.3,+19.2,+19.0,+19.2,+18.7,+18.6
2023-08-04 01:11,2,+5.9,+12.9,+18.7,+14.8,+8.0,+28.7,+19.0,+19.3,+19.2,+19.0,+19.2,+18.7,+18.6
2023-08-04 02:11,2,+5.9,+12.9,+18.7,+14.8,+8.0,+28.7,+19.0,+19.3,+19.2,+19.0,+19.2,+18.7,+18.6
2023-08-04 03:11,2,+5.9,+12.9,+18.6,+14.7,+8.0,+28.7,+18.8,+19.3,+19.2,+19.1,+19.1,+18.7,+18.7
2023-08-04 04:11,2,+5.9,+12.9,+18.7,+14.8,+8.0,+28.7,+18.8,+19.2,+19.2,+19.0,+19.2,+18.7,+18.6
2023-08-04 05:11,2,+5.9,+12.9,+18.7,+14.8,+8.0,+28.7,+18.8,+19.2,+19.2,+19.0,+19.2,+18.7,+18.6
2023-08-04 06:11,2,+5.9,+12.9,+18.7,+14.7,+8.0,+28.7,+18.8,+19.2,+19.2,+19.1,+19.2,+18.7,+18.6
2023-08-04 07:11,2,+6.0,+12.9,+18.7,+14.8,+8.0,+28.8,+18.7,+19.1,+19.1,+19.0,+19.1,+18.7,+18.6
2023-08-04 08:11,2,+6.0,+12.9,+18.7,+14.6,+8.0,+28.7,+18.8,+19.1,+19.1,+19.0,+19.2,+18.7,+18.6
2023-08-04 09:11,2,+6.0,+12.9,+18.7,+14.7,+8.0,+28.7,+18.8,+19.1,+19.1,+19.0,+19.2,+18.6,+18.6
2023-08-04 10:11,2,+6.0,+12.9,+18.7,+14.8,+8.0,+28.7,+19.0,+19.1,+19.1,+19.0,+19.2,+18.7,+18.6
2023-08-04 11:11,2,+6.0,+12.9,+18.7,+14.7,+8.0,+28.7,+19.1,+19.1,+19.1,+19.0,+19.2,+18.7,+18.6
2023-08-04 12:11,2,+6.0,+12.9,+18.7,+14.7,+8.0,+28.7,+19.3,+19.1,+19.1,+19.0,+19.2,+18.7,+18.6
2023-08-04 13:11,2,+5.9,+12.9,+18.7,+14.7,+8.0,+28.7,+19.7,+19.2,+19.1,+19.0,+19.1,+18.7,+18.6
2023-08-04 14:11,2,+5.9,+12.9,+18.7,+14.8,+8.1,+28.7,+20.0,+19.3,+19.1,+19.0,+19.2,+18.7,+18.6
2023-08-04 15:11,2,+5.9,+12.9,+18.7,+14.7,+8.0,+28.7,+20.0,+19.5,+19.1,+19.0,+19.2,+18.7,+18.6
2023-08-04 16:11,2,+5.9,+12.9,+18.7,+14.7,+8.0,+28.7,+20.0,+19.5,+19.1,+19.0,+19.2,+18.7,+18.6
2023-08-04 17:11,2,+5.8,+12.9,+18.7,+14.8,+8.0,+28.7,+19.8,+19.5,+19.2,+19.1,+19.2,+18.6,+18.6
2023-08-04 18:11,2,+5.9,+12.9,+18.7,+14.7,+8.0,+28.7,+19.7,+19.6,+19.2,+19.0,+19.2,+18.7,+18.6
2023-08-04 19:11,2,+5.8,+12.9,+18.7,+14.8,+8.1,+28.8,+19.6,+19.6,+19.2,+19.0,+19.2,+18.7,+18.7
2023-08-04 20:11,2,+5.9,+12.9,+18.7,+14.8,+8.1,+28.7,+19.5,+19.5,+19.2,+19.0,+19.1,+18.7,+18.6
2023-08-04 21:11,2,+5.9,+12.9,+18.7,+14.7,+8.0,+28.7,+19.3,+19.6,+19.2,+19.0,+19.1,+18.7,+18.6
2023-08-04 22:11,2,+5.9,+12.9,+18.7,+14.8,+8.1,+28.7,+19.2,+19.5,+19.3,+19.0,+19.1,+18.7,+18.6
2023-08-04 23:11,2,+5.9,+12.9,+18.7,+14.7,+8.0,+28.7,+19.1,+19.3,+19.2,+19.0,+19.1,+18.7,+18.6
2023-08-05 00:11,2,+11.9,+16.7,+20.0,+15.2,+8.1,+28.8,+19.0,+19.2,+19.2,+19.1,+19.1,+18.7,+18.6
2023-08-05 01:11,2,+9.0,+14.5,+19.3,+14.9,+8.1,+28.7,+19.0,+19.2,+19.2,+19.1,+19.2,+18.6,+18.6
2023-08-05 02:11,2,+8.5,+14.1,+19.3,+14.9,+8.1,+28.7,+18.8,+19.2,+19.2,+19.1,+19.2,+18.7,+18.6
2023-08-05 03:11,2,+8.2,+14.0,+19.3,+14.8,+8.0,+28.7,+18.7,+19.2,+19.2,+19.0,+19.2,+18.7,+18.6
2023-08-05 04:11,2,+8.1,+13.9,+19.4,+14.8,+8.0,+28.7,+18.6,+19.2,+19.2,+19.1,+19.1,+18.7,+18.6
2023-08-05 05:11,2,+8.0,+13.8,+19.3,+14.8,+8.0,+28.7,+18.6,+19.2,+19.2,+19.0,+19.2,+18.7,+18.6
2023-08-05 06:11,2,+7.9,+13.7,+19.3,+15.0,+8.1,+28.7,+18.6,+19.1,+19.2,+19.1,+19.2,+18.7,+18.6
2023-08-05 07:11,2,+7.8,+13.7,+19.3,+15.0,+8.1,+28.8,+18.6,+19.2,+19.2,+19.1,+19.2,+18.7,+18.6
2023-08-05 08:11,2,+7.8,+13.7,+19.4,+14.9,+8.1,+28.7,+18.6,+19.1,+19.1,+19.1,+19.1,+18.7,+18.7
2023-08-05 09:11,2,+7.7,+13.6,+19.3,+14.9,+8.1,+28.7,+18.7,+19.0,+19.1,+19.1,+19.1,+18.7,+18.6
2023-08-05 10:11,2,+7.6,+13.6,+19.3,+14.9,+8.1,+28.7,+18.7,+19.0,+19.1,+19.1,+19.2,+18.7,+18.6
2023-08-05 11:11,2,+7.6,+13.6,+19.3,+15.0,+8.1,+28.7,+19.0,+19.0,+19.1,+19.0,+19.2,+18.7,+18.6
2023-08-05 12:11,2,+7.6,+13.6,+19.3,+15.1,+8.2,+28.8,+19.1,+19.0,+19.1,+19.1,+19.2,+18.7,+18.7
2023-08-05 13:11,2,+7.5,+13.5,+19.3,+15.0,+8.1,+28.7,+19.5,+19.1,+19.1,+19.0,+19.2,+18.7,+18.6
2023-08-05 14:11,2,+7.4,+13.5,+19.3,+15.0,+8.1,+28.7,+19.7,+19.2,+19.1,+19.0,+19.2,+18.7,+18.6
2023-08-05 15:11,2,+7.4,+13.5,+19.3,+15.1,+8.2,+28.8,+19.7,+19.2,+19.1,+19.0,+19.2,+18.7,+18.6
2023-08-05 16:11,2,+7.4,+13.5,+19.3,+15.0,+8.2,+28.7,+19.7,+19.3,+19.1,+19.0,+19.2,+18.7,+18.7
2023-08-05 17:11,2,+7.3,+13.5,+19.3,+15.0,+8.2,+28.8,+19.5,+19.5,+19.1,+19.0,+19.1,+18.7,+18.6
2023-08-05 18:11,2,+7.3,+13.5,+19.3,+15.0,+8.2,+28.8,+19.3,+19.5,+19.1,+19.0,+19.2,+18.7,+18.6
2023-08-05 19:11,2,+7.3,+13.5,+19.3,+15.1,+8.2,+28.8,+19.2,+19.3,+19.1,+19.0,+19.1,+18.7,+18.6
2023-08-05 20:11,2,+7.2,+13.5,+19.3,+15.0,+8.2,+28.8,+19.1,+19.3,+19.2,+19.0,+19.1,+18.7,+18.6
2023-08-05 21:11,2,+7.2,+13.5,+19.3,+15.1,+8.2,+28.8,+19.0,+19.3,+19.2,+19.0,+19.1,+18.7,+18.6
2023-08-05 22:11,2,+7.2,+13.4,+19.3,+15.0,+8.2,+28.8,+18.8,+19.2,+19.2,+19.0,+19.2,+18.7,+18.6
2023-08-05 23:11,2,+7.2,+13.4,+19.3,+15.1,+8.2,+28.8,+18.7,+19.2,+19.2,+19.0,+19.2,+18.6,+18.6
2023-08-06 00:11,2,+7.2,+13.4,+19.3,+15.0,+8.2,+28.8,+18.7,+19.2,+19.2,+19.0,+19.1,+18.7,+18.6
2023-08-06 01:11,2,+7.2,+13.4,+19.3,+15.0,+8.2,+28.8,+18.6,+19.1,+19.2,+19.0,+19.2,+18.7,+18.6
2023-08-06 02:11,2,+7.3,+13.4,+19.3,+15.0,+8.2,+28.8,+18.6,+19.1,+19.2,+19.0,+19.2,+18.7,+18.6
2023-08-06 03:11,2,+7.2,+13.4,+19.3,+15.0,+8.2,+28.8,+18.6,+19.1,+19.1,+19.0,+19.1,+18.7,+18.6
2023-08-06 04:11,2,+8.6,+13.4,+19.3,+15.0,+8.2,+28.8,+18.6,+19.0,+19.2,+19.0,+19.2,+18.7,+18.6
2023-08-06 05:11,2,+8.6,+13.4,+19.3,+15.0,+8.2,+28.8,+18.5,+19.0,+19.1,+19.0,+19.1,+18.7,+18.6
2023-08-06 06:11,2,+8.5,+13.5,+19.3,+15.0,+8.2,+28.8,+18.3,+19.0,+19.1,+19.0,+19.2,+18.6,+18.7
2023-08-06 07:11,2,+8.6,+13.5,+19.3,+15.0,+8.2,+28.8,+18.3,+19.0,+19.1,+19.0,+19.2,+18.7,+18.6
2023-08-06 08:11,2,+8.5,+13.5,+19.3,+15.0,+8.2,+28.9,+18.3,+18.8,+19.1,+19.1,+19.2,+18.7,+18.6
2023-08-06 09:11,2,+8.5,+13.5,+19.3,+15.0,+8.2,+28.9,+18.3,+18.8,+19.0,+19.1,+19.1,+18.7,+18.6
2023-08-06 10:11,2,+8.2,+13.5,+19.3,+15.2,+8.3,+28.9,+18.6,+18.8,+19.0,+19.0,+19.2,+18.7,+18.6
2023-08-06 11:11,2,+8.3,+13.5,+19.3,+15.2,+8.3,+28.9,+18.6,+18.8,+19.0,+19.0,+19.2,+18.7,+18.6
2023-08-06 12:11,2,+8.3,+13.5,+19.3,+15.2,+8.3,+28.9,+18.7,+18.8,+19.1,+19.0,+19.2,+18.7,+18.6
2023-08-06 13:11,2,+8.1,+13.5,+19.3,+15.0,+8.2,+28.9,+19.0,+18.8,+19.0,+19.0,+19.2,+18.7,+18.6
2023-08-06 14:11,2,+8.0,+13.5,+19.3,+15.2,+8.3,+28.9,+19.3,+19.0,+19.0,+19.0,+19.2,+18.7,+18.6
2023-08-06 15:11,2,+7.9,+13.5,+19.3,+15.0,+8.3,+28.9,+19.3,+19.0,+19.0,+19.0,+19.1,+18.7,+18.7
2023-08-06 16:11,2,+7.8,+13.5,+19.3,+15.1,+8.3,+28.9,+19.3,+19.1,+19.0,+19.0,+19.1,+18.7,+18.6
2023-08-06 17:11,2,+7.8,+13.5,+19.3,+15.1,+8.3,+28.9,+19.2,+19.2,+19.0,+19.0,+19.2,+18.7,+18.6
2023-08-06 18:11,2,+7.8,+13.5,+19.3,+15.1,+8.3,+28.9,+19.1,+19.1,+19.0,+19.0,+19.1,+18.7,+18.6
2023-08-06 19:11,2,+7.7,+13.5,+19.3,+15.2,+8.3,+28.9,+19.1,+19.2,+19.0,+19.0,+19.1,+18.6,+18.7
2023-08-06 20:11,2,+7.7,+13.5,+19.3,+15.2,+8.3,+28.9,+18.8,+19.1,+19.1,+19.0,+19.2,+18.7,+18.6
2023-08-06 21:11,2,+7.6,+13.5,+19.3,+15.2,+8.3,+28.9,+18.7,+19.1,+19.0,+19.0,+19.2,+18.7,+18.6
2023-08-06 22:11,2,+7.6,+13.5,+19.3,+15.1,+8.3,+28.9,+18.6,+19.1,+19.0,+19.0,+19.2,+18.7,+18.6
2023-08-06 23:11,2,+7.6,+13.5,+19.3,+15.1,+8.3,+28.9,+18.6,+19.0,+19.1,+19.0,+19.1,+18.7,+18.6
2023-08-07 00:11,2,+7.6,+13.5,+19.3,+15.1,+8.3,+28.9,+18.6,+19.0,+19.1,+19.0,+19.1,+18.7,+18.7
2023-08-07 01:11,2,+7.6,+13.4,+19.3,+15.1,+8.3,+28.9,+18.6,+19.0,+19.0,+19.0,+19.1,+18.7,+18.6
2023-08-07 02:11,2,+7.6,+13.4,+19.3,+15.1,+8.3,+28.9,+18.5,+19.0,+19.0,+19.0,+19.1,+18.6,+18.6
2023-08-07 03:11,2,+7.4,+13.4,+19.3,+15.2,+8.4,+29.0,+18.6,+19.0,+19.0,+18.8,+19.1,+18.7,+18.6
2023-08-07 04:11,2,+7.5,+13.4,+19.3,+15.2,+8.4,+29.0,+18.6,+18.8,+19.1,+19.0,+19.1,+18.7,+18.7
2023-08-07 05:11,2,+7.5,+13.4,+19.3,+15.2,+8.4,+29.0,+18.6,+18.8,+19.0,+19.0,+19.2,+18.6,+18.6
2023-08-07 06:11,2,+7.5,+13.4,+19.3,+15.1,+8.3,+29.0,+18.6,+18.8,+19.0,+19.0,+19.1,+18.7,+18.6
2023-08-07 07:11,2,+7.5,+13.4,+19.3,+15.1,+8.3,+29.0,+18.6,+18.8,+19.0,+18.8,+19.1,+18.7,+18.6
2023-08-07 08:11,2,+7.4,+13.4,+19.3,+15.1,+8.3,+29.0,+18.7,+19.0,+19.0,+19.0,+19.1,+18.7,+18.7
2023-08-07 09:11,2,+7.4,+13.4,+19.3,+15.2,+8.4,+29.0,+18.7,+18.8,+19.0,+18.8,+19.1,+18.7,+18.7
2023-08-07 10:11,2,+7.4,+13.4,+19.3,+15.2,+8.4,+29.1,+19.0,+18.8,+19.0,+19.0,+19.1,+18.6,+18.6
2023-08-07 11:11,2,+9.3,+13.4,+19.3,+15.2,+8.4,+29.0,+18.8,+18.8,+19.0,+18.8,+19.1,+18.6,+18.6
2023-08-07 12:11,2,+11.5,+14.8,+19.4,+15.1,+8.4,+29.0,+18.7,+19.0,+18.8,+19.0,+19.1,+18.7,+18.6
2023-08-07 13:11,2,+9.8,+14.4,+19.4,+15.1,+8.4,+29.0,+18.7,+19.0,+18.8,+18.8,+19.1,+18.7,+18.6
2023-08-07 14:11,2,+9.3,+14.2,+19.5,+15.1,+8.4,+29.0,+18.7,+19.0,+19.0,+18.8,+19.1,+18.7,+18.6
2023-08-07 15:11,2,+9.0,+14.1,+19.5,+15.1,+8.3,+29.0,+18.7,+19.0,+18.8,+19.0,+19.1,+18.6,+18.6
2023-08-07 16:11,2,+8.8,+14.0,+19.5,+15.3,+8.4,+29.1,+18.6,+19.0,+19.0,+19.0,+19.1,+18.6,+18.6
2023-08-07 17:11,2,+8.6,+13.9,+19.5,+15.3,+8.4,+29.1,+18.5,+18.8,+18.8,+18.8,+19.1,+18.6,+18.7
2023-08-07 18:11,2,+8.5,+13.9,+19.5,+15.3,+8.4,+29.1,+18.3,+18.8,+19.0,+19.0,+19.1,+18.7,+18.6
2023-08-07 19:11,2,+8.4,+13.8,+19.5,+15.3,+8.4,+29.1,+18.2,+18.8,+19.0,+18.8,+19.1,+18.7,+18.6
2023-08-07 20:11,2,+8.4,+13.8,+19.5,+15.3,+8.4,+29.1,+18.1,+18.7,+18.8,+18.8,+19.1,+18.6,+18.6
2023-08-07 21:11,2,+8.3,+13.8,+19.5,+15.3,+8.4,+29.1,+18.1,+18.7,+18.8,+18.8,+19.1,+18.7,+18.6
2023-08-07 22:11,2,+8.2,+13.7,+19.5,+15.3,+8.4,+29.1,+18.1,+18.7,+18.8,+18.8,+19.1,+18.6,+18.6
2023-08-07 23:11,2,+8.2,+13.7,+19.5,+15.4,+8.5,+29.1,+18.0,+18.7,+18.8,+18.8,+19.1,+18.6,+18.6
2023-08-08 00:11,2,+8.1,+13.7,+19.5,+15.2,+8.4,+29.1,+17.8,+18.6,+18.8,+18.8,+19.1,+18.6,+18.6
2023-08-08 01:11,2,+8.1,+13.7,+19.5,+15.3,+8.5,+29.1,+17.8,+18.6,+18.8,+18.8,+19.1,+18.7,+18.6
2023-08-08 02:11,2,+8.0,+13.7,+19.5,+15.2,+8.4,+29.1,+17.8,+18.5,+18.7,+18.8,+19.1,+18.6,+18.6
2023-08-08 03:11,2,+8.0,+13.7,+19.5,+15.2,+8.4,+29.1,+17.8,+18.5,+18.7,+18.8,+19.1,+18.6,+18.6
2023-08-08 04:11,2,+8.0,+13.6,+19.5,+15.2,+8.4,+29.1,+17.8,+18.5,+18.6,+18.8,+19.1,+18.7,+18.6
2023-08-08 05:11,2,+7.9,+13.6,+19.5,+15.2,+8.5,+29.2,+17.8,+18.3,+18.7,+18.8,+19.1,+18.6,+18.6
2023-08-08 06:11,2,+7.9,+13.6,+19.5,+15.4,+8.5,+29.2,+17.8,+18.3,+18.7,+18.8,+19.1,+18.6,+18.6
2023-08-08 07:11,2,+7.9,+13.6,+19.4,+15.2,+8.5,+29.2,+17.8,+18.3,+18.7,+18.8,+19.1,+18.7,+18.6
2023-08-08 08:11,2,+7.9,+13.6,+19.4,+15.4,+8.5,+29.2,+18.0,+18.5,+18.6,+18.8,+19.1,+18.7,+18.6
2023-08-08 09:11,2,+7.8,+13.6,+19.4,+15.2,+8.5,+29.2,+18.2,+18.3,+18.7,+18.8,+19.0,+18.6,+18.6
2023-08-08 10:11,2,+7.8,+13.6,+19.4,+15.2,+8.5,+29.2,+18.5,+18.5,+18.6,+18.7,+19.1,+18.7,+18.6
2023-08-08 11:11,2,+7.8,+13.6,+19.4,+15.4,+8.5,+29.2,+18.7,+18.6,+18.6,+18.7,+19.0,+18.6,+18.6
2023-08-08 12:11,2,+7.8,+13.6,+19.4,+15.2,+8.5,+29.2,+18.8,+18.6,+18.6,+18.7,+19.0,+18.6,+18.6
2023-08-08 13:11,2,+7.7,+13.6,+19.4,+15.4,+8.5,+29.2,+19.0,+18.7,+18.6,+18.7,+19.0,+18.6,+18.6
2023-08-08 14:11,2,+7.7,+13.6,+19.4,+15.2,+8.5,+29.2,+18.8,+18.7,+18.6,+18.7,+19.1,+18.6,+18.6
2023-08-08 15:11,2,+9.7,+13.6,+19.5,+15.3,+8.5,+29.2,+18.5,+18.7,+18.6,+18.7,+19.1,+18.6,+18.6
2023-08-08 16:11,2,+9.7,+13.7,+19.5,+15.4,+8.5,+29.3,+18.3,+18.7,+18.7,+18.7,+19.0,+18.6,+18.6
2023-08-08 17:11,2,+9.6,+13.8,+19.4,+15.4,+8.5,+29.3,+18.2,+18.6,+18.6,+18.7,+19.0,+18.6,+18.6
2023-08-08 18:11,2,+9.4,+13.9,+19.5,+15.2,+8.5,+29.3,+18.1,+18.6,+18.7,+18.7,+19.0,+18.6,+18.6
2023-08-08 19:11,2,+9.2,+13.9,+19.5,+15.3,+8.5,+29.3,+18.0,+18.6,+18.7,+18.7,+19.0,+18.6,+18.6
2023-08-08 20:11,2,+9.0,+13.9,+19.5,+15.4,+8.5,+29.3,+18.0,+18.6,+18.7,+18.7,+19.0,+18.6,+18.6
2023-08-08 21:11,2,+8.8,+13.9,+19.5,+15.4,+8.5,+29.3,+18.0,+18.5,+18.6,+18.7,+19.0,+18.6,+18.5
2023-08-08 22:11,2,+8.7,+13.9,+19.5,+15.4,+8.5,+29.3,+17.8,+18.5,+18.6,+18.7,+19.0,+18.6,+18.5
2023-08-08 23:11,2,+8.6,+13.8,+19.5,+15.4,+8.5,+29.3,+17.7,+18.5,+18.6,+18.7,+19.0,+18.6,+18.6
2023-08-09 00:11,2,+8.6,+13.8,+19.5,+15.4,+8.5,+29.3,+17.6,+18.3,+18.6,+18.7,+19.0,+18.5,+18.6
2023-08-09 01:11,2,+8.5,+13.8,+19.5,+15.4,+8.5,+29.3,+17.6,+18.3,+18.6,+18.7,+19.0,+18.6,+18.5
2023-08-09 02:11,2,+8.5,+13.8,+19.5,+15.3,+8.5,+29.3,+17.5,+18.3,+18.6,+18.7,+19.0,+18.6,+18.6
2023-08-09 03:11,2,+8.4,+13.8,+19.5,+15.4,+8.6,+29.3,+17.5,+18.2,+18.6,+18.7,+19.0,+18.6,+18.5
2023-08-09 04:11,2,+8.4,+13.7,+19.5,+15.3,+8.5,+29.3,+17.5,+18.2,+18.5,+18.7,+19.0,+18.6,+18.6
2023-08-09 05:11,2,+8.3,+13.7,+19.5,+15.4,+8.6,+29.3,+17.5,+18.2,+18.5,+18.7,+19.1,+18.6,+18.5
2023-08-09 06:11,2,+8.3,+13.7,+19.5,+15.4,+8.6,+29.4,+17.5,+18.1,+18.5,+18.7,+19.0,+18.6,+18.6
2023-08-09 07:11,2,+8.3,+13.7,+19.5,+15.4,+8.6,+29.4,+17.5,+18.1,+18.5,+18.6,+19.0,+18.5,+18.5
2023-08-09 08:11,2,+8.2,+13.7,+19.5,+15.3,+8.5,+29.3,+17.6,+18.1,+18.5,+18.6,+18.8,+18.6,+18.6
2023-08-09 09:11,2,+8.2,+13.7,+19.5,+15.3,+8.5,+29.3,+17.8,+18.1,+18.3,+18.6,+19.0,+18.6,+18.6
2023-08-09 10:11,2,+8.2,+13.7,+19.5,+15.4,+8.6,+29.4,+18.1,+18.2,+18.3,+18.6,+19.0,+18.6,+18.5
2023-08-09 11:11,2,+8.1,+13.7,+19.5,+15.4,+8.6,+29.4,+18.3,+18.2,+18.3,+18.6,+18.8,+18.5,+18.5
2023-08-09 12:11,2,+8.1,+13.7,+19.5,+15.4,+8.6,+29.4,+18.6,+18.2,+18.3,+18.6,+19.0,+18.6,+18.6
2023-08-09 13:11,2,+8.0,+13.7,+19.5,+15.4,+8.6,+29.4,+19.1,+18.3,+18.3,+18.6,+18.8,+18.5,+18.6
2023-08-09 14:11,2,+8.0,+13.7,+19.5,+15.4,+8.6,+29.4,+19.2,+18.5,+18.5,+18.6,+18.8,+18.5,+18.5
2023-08-09 15:11,2,+8.0,+13.7,+19.5,+15.3,+8.5,+29.4,+19.3,+18.6,+18.5,+18.6,+18.8,+18.5,+18.5
2023-08-09 16:11,2,+7.9,+13.7,+19.5,+15.3,+8.5,+29.4,+19.2,+18.7,+18.5,+18.5,+18.8,+18.5,+18.6
2023-08-09 17:11,2,+7.9,+13.7,+19.5,+15.4,+8.6,+29.4,+19.2,+18.7,+18.5,+18.6,+18.8,+18.5,+18.6
2023-08-09 18:11,2,+7.8,+13.7,+19.5,+15.3,+8.5,+29.4,+19.2,+18.8,+18.5,+18.6,+18.8,+18.5,+18.5
2023-08-09 19:11,2,+7.8,+13.7,+19.5,+15.3,+8.5,+29.4,+19.1,+18.8,+18.6,+18.5,+18.8,+18.5,+18.5
2023-08-09 20:11,2,+7.8,+13.7,+19.5,+15.3,+8.5,+29.4,+19.0,+18.8,+18.6,+18.6,+18.8,+18.5,+18.5
2023-08-09 21:11,2,+7.8,+13.7,+19.5,+15.4,+8.6,+29.4,+18.8,+18.8,+18.6,+18.6,+18.8,+18.5,+18.5
2023-08-09 22:11,2,+7.8,+13.6,+19.5,+15.3,+8.5,+29.4,+18.7,+18.8,+18.6,+18.6,+18.8,+18.5,+18.6
2023-08-09 23:11,2,+7.8,+13.6,+19.5,+15.3,+8.5,+29.4,+18.6,+18.8,+18.7,+18.6,+18.8,+18.5,+18.5
2023-08-10 00:11,2,+7.8,+13.6,+19.5,+15.3,+8.5,+29.4,+18.6,+18.8,+18.7,+18.6,+18.8,+18.5,+18.5
2023-08-10 01:11,2,+7.7,+13.6,+19.5,+15.4,+8.6,+29.4,+18.6,+18.8,+18.6,+18.6,+18.8,+18.5,+18.5
2023-08-10 02:11,2,+7.7,+13.6,+19.5,+15.4,+8.6,+29.4,+18.5,+18.7,+18.7,+18.6,+18.8,+18.5,+18.5
2023-08-10 03:11,2,+7.7,+13.6,+19.4,+15.4,+8.6,+29.4,+18.5,+18.7,+18.7,+18.6,+18.8,+18.5,+18.5
2023-08-10 04:11,2,+7.7,+13.6,+19.4,+15.4,+8.6,+29.4,+18.5,+18.7,+18.7,+18.6,+18.8,+18.5,+18.5
2023-08-10 05:11,2,+7.7,+13.6,+19.4,+15.3,+8.5,+29.4,+18.5,+18.7,+18.7,+18.6,+18.8,+18.5,+18.5
2023-08-10 06:11,2,+7.7,+13.6,+19.4,+15.4,+8.6,+29.4,+18.3,+18.7,+18.7,+18.6,+18.8,+18.5,+18.5
2023-08-10 07:11,2,+7.6,+13.6,+19.4,+15.2,+8.5,+29.4,+18.5,+18.7,+18.6,+18.6,+18.8,+18.5,+18.5
2023-08-10 08:11,2,+7.6,+13.6,+19.4,+15.3,+8.5,+29.4,+18.5,+18.7,+18.6,+18.6,+18.8,+18.5,+18.5
2023-08-10 09:11,2,+7.6,+13.6,+19.4,+15.4,+8.6,+29.4,+18.7,+18.7,+18.7,+18.6,+18.8,+18.5,+18.5
2023-08-10 10:11,2,+7.6,+13.5,+19.4,+15.4,+8.6,+29.4,+18.8,+18.7,+18.6,+18.6,+18.8,+18.5,+18.5
2023-08-10 11:11,2,+7.5,+13.5,+19.4,+15.4,+8.6,+29.4,+19.1,+18.7,+18.7,+18.6,+18.8,+18.5,+18.5
2023-08-10 12:11,2,+7.5,+13.5,+19.4,+15.4,+8.6,+29.4,+19.3,+18.8,+18.7,+18.6,+18.8,+18.5,+18.5
2023-08-10 13:11,2,+7.5,+13.5,+19.4,+15.2,+8.5,+29.4,+19.7,+18.8,+18.7,+18.6,+18.8,+18.5,+18.5
2023-08-10 14:11,2,+7.4,+13.5,+19.4,+15.2,+8.5,+29.4,+19.8,+19.1,+18.7,+18.7,+18.8,+18.5,+18.5
2023-08-10 15:11,2,+7.4,+13.5,+19.4,+15.2,+8.5,+29.4,+20.0,+19.1,+18.8,+18.7,+18.8,+18.5,+18.5
2023-08-10 16:11,2,+7.4,+13.5,+19.4,+15.4,+8.6,+29.4,+19.8,+19.2,+18.7,+18.7,+18.8,+18.5,+18.5
2023-08-10 17:11,2,+7.6,+13.5,+19.4,+15.4,+8.6,+29.4,+19.8,+19.3,+18.8,+18.6,+18.8,+18.5,+18.5
2023-08-10 18:11,2,+7.7,+13.5,+19.4,+15.2,+8.5,+29.4,+19.7,+19.3,+18.8,+18.6,+18.8,+18.5,+18.5
2023-08-10 19:11,2,+7.6,+13.5,+19.4,+15.4,+8.6,+29.4,+19.6,+19.5,+18.8,+18.6,+18.8,+18.5,+18.5
2023-08-10 20:11,2,+7.6,+13.5,+19.4,+15.4,+8.6,+29.4,+19.5,+19.3,+19.0,+18.6,+18.8,+18.5,+18.5
2023-08-10 21:11,2,+7.6,+13.5,+19.4,+15.2,+8.5,+29.4,+19.5,+19.5,+19.0,+18.7,+18.8,+18.5,+18.5
2023-08-10 22:11,2,+7.6,+13.5,+19.4,+15.4,+8.6,+29.4,+19.5,+19.3,+19.0,+18.7,+18.8,+18.5,+18.5
2023-08-10 23:11,2,+7.6,+13.5,+19.4,+15.2,+8.5,+29.4,+19.3,+19.5,+19.0,+18.7,+19.0,+18.5,+18.5
2023-08-11 00:11,2,+7.6,+13.5,+19.4,+15.2,+8.5,+29.4,+19.2,+19.3,+19.1,+18.7,+18.8,+18.5,+18.5
2023-08-11 01:11,2,+7.6,+13.5,+19.4,+15.3,+8.6,+29.4,+19.1,+19.3,+19.0,+18.7,+18.8,+18.5,+18.5
2023-08-11 02:11,2,+7.6,+13.5,+19.4,+15.2,+8.5,+29.4,+19.1,+19.2,+19.1,+18.7,+18.8,+18.5,+18.5
2023-08-11 03:11,2,+7.6,+13.5,+19.4,+15.4,+8.6,+29.4,+19.0,+19.2,+19.1,+18.7,+19.0,+18.5,+18.5
2023-08-11 04:11,2,+7.5,+13.5,+19.4,+15.2,+8.5,+29.4,+19.0,+19.2,+19.1,+18.7,+18.8,+18.5,+18.5
2023-08-11 05:11,2,+7.5,+13.5,+19.4,+15.4,+8.6,+29.4,+18.8,+19.2,+19.1,+18.7,+18.8,+18.5,+18.5
2023-08-11 06:11,2,+7.5,+13.5,+19.4,+15.3,+8.6,+29.4,+18.8,+19.1,+19.0,+18.7,+18.8,+18.5,+18.5
2023-08-11 07:11,2,+7.5,+13.5,+19.4,+15.2,+8.5,+29.4,+18.8,+19.1,+19.0,+18.8,+19.0,+18.5,+18.5
2023-08-11 08:11,2,+7.5,+13.5,+19.4,+15.4,+8.6,+29.4,+18.8,+19.1,+19.0,+18.7,+19.0,+18.5,+18.5