
2023-07-25 08:22,4,+0.0,+6.4,+9.1,+0.0,+5.4,+14.6,+18.1,+18.6,+18.7,+18.8,+18.7,+18.6,+18.8
2023-07-25 09:22,4,+0.0,+6.5,+9.1,+0.0,+5.4,+14.6,+18.0,+18.7,+18.7,+19.0,+18.7,+18.6,+18.8
2023-07-25 10:22,4,+0.0,+6.5,+9.1,+0.0,+5.4,+14.6,+18.1,+18.6,+18.6,+18.8,+18.7,+18.6,+18.8
2023-07-25 11:22,4,+0.0,+6.5,+9.1,+0.0,+5.4,+14.6,+18.1,+18.7,+18.7,+18.8,+18.7,+18.6,+18.8
2023-07-25 12:22,4,+0.0,+6.5,+9.1,+0.0,+5.3,+14.6,+18.1,+18.6,+18.6,+18.8,+18.7,+18.6,+18.8
2023-07-25 13:22,4,+0.0,+6.5,+9.1,+0.0,+5.4,+14.6,+18.1,+18.6,+18.7,+18.8,+18.7,+18.6,+18.8
2023-07-25 14:22,4,+0.0,+6.5,+9.1,+0.0,+5.4,+14.6,+18.1,+18.6,+18.6,+18.8,+18.7,+18.6,+18.8
2023-07-25 15:22,4,+0.0,+6.5,+9.1,+0.0,+5.3,+14.6,+18.1,+18.7,+18.6,+18.8,+18.7,+18.6,+18.8
2023-07-25 16:22,4,+0.0,+6.5,+9.1,+0.0,+5.4,+14.6,+18.2,+18.6,+18.6,+18.8,+18.7,+18.6,+18.8
2023-07-25 17:22,4,+0.0,+6.5,+9.1,+0.0,+5.4,+14.6,+18.1,+18.6,+18.6,+18.8,+18.7,+18.6,+18.8
2023-07-25 18:22,4,+0.0,+6.5,+9.1,+0.0,+5.4,+14.6,+18.1,+18.6,+18.6,+18.8,+18.7,+18.6,+18.8
2023-07-25 19:22,4,+0.0,+6.5,+9.1,+0.0,+5.4,+14.6,+18.0,+18.6,+18.6,+18.8,+18.7,+18.6,+18.8
2023-07-25 20:22,4,+0.0,+6.5,+9.1,+0.0,+5.4,+14.6,+18.0,+18.6,+18.6,+18.8,+18.7,+18.6,+18.8
2023-07-25 21:22,4,+0.0,+6.5,+9.1,+0.0,+5.4,+14.6,+18.0,+18.6,+18.6,+18.7,+18.7,+18.6,+18.8
2023-07-25 22:22,4,+0.0,+6.5,+9.1,+0.0,+5.3,+14.6,+18.0,+18.6,+18.6,+18.8,+18.7,+18.6,+18.8
2023-07-25 23:22,4,+0.0,+6.5,+9.1,+0.0,+5.4,+14.6,+17.8,+18.5,+18.6,+18.7,+18.7,+18.6,+18.8
2023-07-26 00:22,4,+0.0,+6.5,+9.1,+0.0,+5.4,+14.6,+17.8,+18.5,+18.6,+18.7,+18.7,+18.6,+18.8
2023-07-26 01:22,4,+0.0,+6.6,+9.1,+0.0,+5.4,+14.6,+17.7,+18.5,+18.5,+18.7,+18.7,+18.6,+18.8
2023-07-26 02:22,4,+0.0,+6.5,+9.0,+0.0,+5.4,+14.6,+17.6,+18.5,+18.5,+18.7,+18.7,+18.5,+18.8
2023-07-26 03:22,4,+0.0,+6.5,+9.1,+0.0,+5.4,+14.6,+17.5,+18.5,+18.5,+18.7,+18.7,+18.5,+18.8
2023-07-26 04:22,4,+0.0,+6.5,+9.0,+0.0,+5.4,+14.6,+17.5,+18.3,+18.5,+18.7,+18.6,+18.5,+18.8
2023-07-26 05:22,4,+0.0,+6.5,+9.1,+0.0,+5.4,+14.6,+17.3,+18.3,+18.5,+18.7,+18.6,+18.6,+18.7
2023-07-26 06:22,4,+0.0,+6.5,+9.1,+0.0,+5.4,+14.6,+17.3,+18.3,+18.5,+18.7,+18.6,+18.5,+18.8
2023-07-26 07:22,4,+0.0,+6.5,+9.0,+0.0,+5.4,+14.6,+17.3,+18.2,+18.5,+18.7,+18.6,+18.5,+18.8
2023-07-26 08:22,4,+0.0,+6.5,+9.0,+0.0,+5.4,+14.6,+17.3,+18.2,+18.5,+18.7,+18.6,+18.5,+18.8
2023-07-26 09:22,4,+0.0,+6.5,+9.0,+0.0,+5.4,+14.6,+17.3,+18.2,+18.5,+18.7,+18.7,+18.5,+18.8
2023-07-26 10:22,4,+0.0,+6.5,+9.0,+0.0,+5.4,+14.5,+17.6,+18.2,+18.3,+18.7,+18.6,+18.5,+18.8
2023-07-26 11:22,4,+0.0,+6.5,+9.0,+0.0,+5.4,+14.6,+17.7,+18.2,+18.3,+18.6,+18.6,+18.5,+18.8
2023-07-26 12:22,4,+0.0,+6.5,+9.0,+0.0,+5.4,+14.6,+17.8,+18.2,+18.3,+18.7,+18.6,+18.5,+18.8
2023-07-26 13:22,4,+0.0,+6.4,+9.0,+0.0,+5.4,+14.6,+18.1,+18.2,+18.3,+18.7,+18.6,+18.5,+18.7
2023-07-26 14:22,4,+0.0,+6.5,+9.0,+0.0,+5.4,+14.5,+18.1,+18.3,+18.3,+18.6,+18.6,+18.5,+18.8
2023-07-26 15:22,4,+0.0,+6.5,+9.0,+0.0,+5.4,+14.6,+18.2,+18.3,+18.3,+18.6,+18.6,+18.5,+18.7
2023-07-26 16:22,4,+0.0,+6.4,+9.1,+0.0,+5.4,+14.5,+18.2,+18.3,+18.3,+18.6,+18.6,+18.5,+18.7
2023-07-26 17:22,4,+0.0,+6.4,+9.0,+0.0,+5.4,+14.6,+18.2,+18.3,+18.3,+18.6,+18.6,+18.5,+18.8
2023-07-26 18:22,4,+0.0,+6.4,+9.1,+0.0,+5.4,+14.6,+18.2,+18.5,+18.3,+18.6,+18.6,+18.5,+18.7
2023-07-26 19:22,4,+0.0,+6.5,+9.1,+0.0,+5.4,+14.6,+18.2,+18.5,+18.3,+18.6,+18.6,+18.5,+18.7
2023-07-26 20:22,4,+0.0,+6.4,+9.1,+0.0,+5.4,+14.6,+18.2,+18.5,+18.3,+18.6,+18.6,+18.5,+18.8
2023-07-26 21:22,4,+0.0,+6.4,+9.1,+0.0,+5.4,+14.5,+18.2,+18.5,+18.3,+18.6,+18.5,+18.5,+18.7
2023-07-26 22:22,4,+0.0,+6.4,+9.1,+0.0,+5.4,+14.6,+18.2,+18.5,+18.3,+18.6,+18.6,+18.5,+18.7
2023-07-26 23:22,4,+0.0,+6.4,+9.1,+0.0,+5.4,+14.6,+18.1,+18.6,+18.3,+18.6,+18.6,+18.5,+18.7
2023-07-27 00:22,4,+0.0,+6.4,+9.1,+0.0,+5.4,+14.5,+18.1,+18.5,+18.3,+18.6,+18.6,+18.5,+18.8
2023-07-27 01:22,4,+0.0,+6.5,+9.1,+0.0,+5.4,+14.6,+18.0,+18.5,+18.5,+18.6,+18.5,+18.5,+18.8
2023-07-27 02:22,4,+0.0,+6.5,+9.1,+0.0,+5.4,+14.6,+18.0,+18.5,+18.3,+18.6,+18.5,+18.3,+18.7
2023-07-27 03:22,4,+0.0,+6.5,+9.1,+0.0,+5.4,+14.5,+18.0,+18.5,+18.3,+18.6,+18.5,+18.3,+18.7
2023-07-27 04:22,4,+0.0,+6.4,+9.1,+0.0,+5.4,+14.5,+17.8,+18.5,+18.3,+18.5,+18.6,+18.5,+18.7
2023-07-27 05:22,4,+0.0,+6.4,+9.1,+0.0,+5.4,+14.6,+17.8,+18.5,+18.5,+18.6,+18.5,+18.5,+18.7
2023-07-27 06:22,4,+0.0,+6.4,+9.1,+0.0,+5.4,+14.5,+18.0,+18.5,+18.3,+18.6,+18.5,+18.5,+18.7
2023-07-27 07:22,4,+0.0,+6.5,+9.1,+0.0,+5.4,+14.5,+17.8,+18.5,+18.3,+18.5,+18.6,+18.5,+18.7
2023-07-27 08:22,4,+0.0,+6.5,+9.1,+0.0,+5.4,+14.6,+18.0,+18.3,+18.3,+18.6,+18.5,+18.5,+18.7
2023-07-27 09:22,4,+0.0,+6.5,+9.1,+0.0,+5.4,+14.6,+18.0,+18.3,+18.3,+18.6,+18.5,+18.5,+18.7
2023-07-27 10:22,4,+0.0,+6.5,+9.1,+0.0,+5.4,+14.5,+18.0,+18.3,+18.3,+18.6,+18.5,+18.3,+18.8
2023-07-27 11:22,4,+0.0,+6.5,+9.1,+0.0,+5.4,+14.5,+18.0,+18.3,+18.3,+18.5,+18.5,+18.5,+18.7
2023-07-27 12:22,4,+0.0,+6.5,+9.1,+0.0,+5.4,+14.5,+18.1,+18.5,+18.3,+18.5,+18.6,+18.3,+18.7
2023-07-27 13:22,4,+0.0,+6.6,+9.1,+0.0,+5.4,+14.5,+18.2,+18.5,+18.3,+18.5,+18.5,+18.3,+18.7
2023-07-27 14:22,4,+0.0,+6.6,+9.1,+0.0,+5.4,+14.5,+18.2,+18.5,+18.3,+18.6,+18.5,+18.5,+18.7
2023-07-27 15:22,4,+0.0,+6.6,+9.1,+0.0,+5.4,+14.6,+18.3,+18.5,+18.3,+18.6,+18.6,+18.5,+18.7
2023-07-27 16:22,4,+0.0,+6.6,+9.1,+0.0,+5.4,+14.5,+18.3,+18.5,+18.3,+18.6,+18.5,+18.3,+18.6
2023-07-27 17:22,4,+0.0,+6.6,+9.1,+0.0,+5.4,+14.6,+18.3,+18.6,+18.3,+18.6,+18.5,+18.3,+18.7
2023-07-27 18:22,4,+0.0,+6.6,+9.1,+0.0,+5.4,+14.5,+18.3,+18.5,+18.3,+18.6,+18.5,+18.3,+18.7
2023-07-27 19:22,4,+0.0,+6.6,+9.1,+0.0,+5.4,+14.6,+18.3,+18.6,+18.3,+18.6,+18.5,+18.3,+18.7
2023-07-27 20:22,4,+0.0,+6.6,+9.1,+0.0,+5.4,+14.5,+18.2,+18.6,+18.5,+18.6,+18.6,+18.3,+18.7
2023-07-27 21:22,4,+0.0,+6.6,+9.1,+0.0,+5.4,+14.5,+18.2,+18.6,+18.3,+18.5,+18.5,+18.3,+18.7
2023-07-27 22:22,4,+0.0,+6.6,+9.1,+0.0,+5.4,+14.5,+18.3,+18.6,+18.5,+18.5,+18.5,+18.3,+18.6
2023-07-27 23:22,4,+0.0,+6.6,+9.1,+0.0,+5.4,+14.6,+18.2,+18.6,+18.3,+18.5,+18.5,+18.3,+18.7
2023-07-28 00:22,4,+0.0,+6.7,+9.1,+0.0,+5.4,+14.6,+18.2,+18.6,+18.3,+18.6,+18.5,+18.3,+18.7
2023-07-28 01:22,4,+0.0,+6.7,+9.1,+0.0,+5.4,+14.5,+18.1,+18.6,+18.3,+18.6,+18.6,+18.3,+18.7
2023-07-28 02:22,4,+0.0,+6.6,+9.1,+0.0,+5.4,+14.6,+18.1,+18.6,+18.5,+18.6,+18.5,+18.3,+18.7
2023-07-28 03:22,4,+0.0,+6.6,+9.1,+0.0,+5.4,+14.5,+18.0,+18.6,+18.3,+18.6,+18.5,+18.3,+18.7
2023-07-28 04:22,4,+0.0,+6.7,+9.1,+0.0,+5.4,+14.5,+18.0,+18.6,+18.5,+18.6,+18.5,+18.5,+18.7
2023-07-28 05:22,4,+0.0,+6.7,+9.1,+0.0,+5.4,+14.6,+18.0,+18.5,+18.3,+18.5,+18.5,+18.3,+18.7
2023-07-28 06:22,4,+0.0,+6.7,+9.1,+0.0,+5.4,+14.6,+17.8,+18.5,+18.3,+18.5,+18.5,+18.3,+18.7
2023-07-28 07:22,4,+0.0,+6.7,+9.1,+0.0,+5.4,+14.6,+17.8,+18.5,+18.5,+18.6,+18.5,+18.3,+18.6
2023-07-28 08:22,4,+0.0,+6.6,+9.1,+0.0,+5.4,+14.5,+17.8,+18.3,+18.3,+18.6,+18.5,+18.5,+18.6
2023-07-28 09:22,4,+0.0,+6.7,+9.1,+0.0,+5.4,+14.6,+18.0,+18.5,+18.3,+18.5,+18.5,+18.3,+18.6
2023-07-28 10:22,4,+0.0,+6.6,+9.1,+0.0,+5.4,+14.5,+18.1,+18.5,+18.3,+18.6,+18.5,+18.3,+18.7
2023-07-28 11:22,4,+0.0,+6.7,+9.1,+0.0,+5.4,+14.5,+18.2,+18.3,+18.3,+18.6,+18.5,+18.3,+18.6
2023-07-28 12:22,4,+0.0,+6.6,+9.1,+0.0,+5.4,+14.5,+18.3,+18.5,+18.3,+18.6,+18.5,+18.3,+18.7
2023-07-28 13:22,4,+0.0,+6.6,+9.1,+0.0,+5.4,+14.6,+18.5,+18.6,+18.3,+18.6,+18.5,+18.3,+18.7
2023-07-28 14:22,4,+0.0,+6.6,+9.1,+0.0,+5.4,+14.5,+18.6,+18.6,+18.3,+18.6,+18.5,+18.3,+18.7
2023-07-28 15:22,4,+0.0,+6.6,+9.1,+0.0,+5.4,+14.6,+18.6,+18.6,+18.3,+18.6,+18.5,+18.3,+18.7
2023-07-28 16:22,4,+0.0,+6.6,+9.2,+0.0,+5.4,+14.6,+18.7,+18.7,+18.5,+18.6,+18.5,+18.3,+18.7
2023-07-28 17:22,4,+0.0,+6.6,+9.2,+0.0,+5.4,+14.6,+18.7,+18.7,+18.5,+18.6,+18.5,+18.3,+18.6
2023-07-28 18:22,4,+0.0,+6.6,+9.2,+0.0,+5.4,+14.5,+18.8,+18.8,+18.3,+18.6,+18.5,+18.3,+18.7
2023-07-28 19:22,4,+0.0,+6.6,+9.2,+0.0,+5.4,+14.6,+18.8,+18.8,+18.5,+18.6,+18.5,+18.3,+18.7
2023-07-28 20:22,4,+0.0,+6.6,+9.2,+0.0,+5.4,+14.5,+19.0,+18.8,+18.5,+18.6,+18.5,+18.3,+18.7
2023-07-28 21:22,4,+0.0,+6.6,+9.2,+0.0,+5.4,+14.5,+18.8,+19.0,+18.5,+18.6,+18.5,+18.3,+18.7
2023-07-28 22:22,4,+0.0,+6.6,+9.2,+0.0,+5.5,+14.6,+18.8,+18.8,+18.5,+18.6,+18.5,+18.3,+18.7
2023-07-28 23:22,4,+0.0,+6.6,+9.2,+0.0,+5.4,+14.6,+18.8,+18.8,+18.5,+18.6,+18.5,+18.3,+18.6
2023-07-29 00:22,4,+0.0,+6.6,+9.2,+0.0,+5.4,+14.5,+18.7,+19.0,+18.6,+18.6,+18.5,+18.3,+18.7
2023-07-29 01:22,4,+0.0,+6.6,+9.2,+0.0,+5.5,+14.6,+18.8,+19.0,+18.6,+18.6,+18.5,+18.3,+18.7
2023-07-29 02:22,4,+0.0,+6.7,+9.2,+0.0,+5.4,+14.5,+18.8,+19.0,+18.6,+18.6,+18.5,+18.3,+18.7
2023-07-29 03:22,4,+0.0,+6.7,+9.2,+0.0,+5.5,+14.6,+18.7,+19.0,+18.6,+18.6,+18.5,+18.5,+18.7
2023-07-29 04:22,4,+0.0,+6.6,+9.2,+0.0,+5.4,+14.5,+18.7,+19.0,+18.6,+18.6,+18.5,+18.3,+18.7
2023-07-29 05:22,4,+0.0,+6.6,+9.2,+0.0,+5.5,+14.6,+18.6,+19.0,+18.6,+18.5,+18.5,+18.3,+18.7
2023-07-29 06:22,4,+0.0,+6.6,+9.2,+0.0,+5.5,+14.6,+18.6,+18.8,+18.6,+18.6,+18.5,+18.3,+18.7
2023-07-29 07:22,4,+0.0,+6.6,+9.2,+0.0,+5.5,+14.6,+18.6,+19.0,+18.6,+18.6,+18.5,+18.3,+18.7
2023-07-29 08:22,4,+0.0,+6.6,+9.2,+0.0,+5.5,+14.6,+18.7,+19.0,+18.6,+18.7,+18.5,+18.3,+18.7
2023-07-29 09:22,4,+0.0,+6.6,+9.2,+0.0,+5.4,+14.5,+18.7,+19.0,+18.6,+18.6,+18.6,+18.3,+18.7
2023-07-29 10:22,4,+0.0,+6.6,+9.2,+0.0,+5.5,+14.6,+18.8,+19.0,+18.7,+18.6,+18.5,+18.3,+18.7
2023-07-29 11:22,4,+0.0,+6.6,+9.2,+0.0,+5.5,+14.6,+18.8,+19.0,+18.7,+18.7,+18.6,+18.3,+18.7
2023-07-29 12:22,4,+0.0,+6.6,+9.2,+0.0,+5.4,+14.5,+19.0,+19.0,+18.6,+18.7,+18.5,+18.3,+18.7
2023-07-29 13:22,4,+0.0,+6.6,+9.2,+0.0,+5.4,+14.6,+19.1,+19.0,+18.7,+18.7,+18.6,+18.3,+18.7
2023-07-29 14:22,4,+0.0,+6.6,+9.2,+0.0,+5.4,+14.5,+19.2,+19.1,+18.7,+18.7,+18.5,+18.3,+18.7
2023-07-29 15:22,4,+0.0,+6.6,+9.2,+0.0,+5.4,+14.5,+19.2,+19.1,+18.7,+18.7,+18.5,+18.3,+18.6
2023-07-29 16:22,4,+0.0,+6.6,+9.2,+0.0,+5.4,+14.5,+19.3,+19.2,+18.7,+18.7,+18.6,+18.5,+18.6
2023-07-29 17:22,4,+0.0,+6.6,+9.2,+0.0,+5.5,+14.6,+19.3,+19.2,+18.7,+18.7,+18.6,+18.3,+18.7
2023-07-29 18:22,4,+0.0,+6.6,+9.2,+0.0,+5.4,+14.5,+19.3,+19.2,+18.7,+18.6,+18.5,+18.5,+18.7
2023-07-29 19:22,4,+0.0,+6.6,+9.2,+0.0,+5.5,+14.6,+19.2,+19.3,+18.7,+18.7,+18.6,+18.5,+18.7
2023-07-29 20:22,4,+0.0,+6.6,+9.2,+0.0,+5.5,+14.6,+19.1,+19.2,+18.8,+18.7,+18.5,+18.5,+18.7
2023-07-29 21:22,4,+0.0,+6.6,+9.2,+0.0,+5.5,+14.6,+19.1,+19.3,+18.7,+18.7,+18.5,+18.5,+18.7
2023-07-29 22:22,4,+0.0,+6.6,+9.2,+0.0,+5.4,+14.5,+19.1,+19.3,+18.8,+18.7,+18.6,+18.5,+18.7
2023-07-29 23:22,4,+0.0,+6.6,+9.2,+0.0,+5.4,+14.5,+19.0,+19.2,+18.8,+18.8,+18.6,+18.5,+18.7
2023-07-30 00:22,4,+0.0,+6.6,+9.2,+0.0,+5.5,+14.6,+19.1,+19.2,+18.8,+18.8,+18.6,+18.6,+18.6
2023-07-30 01:22,4,+0.0,+6.6,+9.2,+0.0,+5.4,+14.5,+19.0,+19.2,+18.8,+18.8,+18.6,+18.5,+18.7
2023-07-30 02:22,4,+0.0,+6.6,+9.2,+0.0,+5.5,+14.6,+19.0,+19.2,+18.8,+18.7,+18.6,+18.5,+18.7
2023-07-30 03:22,4,+0.0,+6.6,+9.2,+0.0,+5.5,+14.5,+18.8,+19.3,+18.8,+18.8,+18.6,+18.5,+18.7
2023-07-30 04:22,4,+0.0,+6.6,+9.2,+0.0,+5.4,+14.5,+18.8,+19.2,+18.8,+18.8,+18.6,+18.5,+18.7
2023-07-30 05:22,4,+0.0,+6.6,+9.2,+0.0,+5.4,+14.5,+18.8,+19.2,+18.8,+18.8,+18.6,+18.5,+18.7
2023-07-30 06:22,4,+0.0,+6.6,+9.2,+0.0,+5.5,+14.6,+18.8,+19.2,+19.0,+18.8,+18.6,+18.3,+18.7
2023-07-30 07:22,4,+0.0,+6.6,+9.2,+0.0,+5.4,+14.5,+18.8,+19.2,+18.8,+18.8,+18.6,+18.5,+18.7
2023-07-30 08:22,4,+0.0,+6.6,+9.2,+0.0,+5.5,+14.5,+18.8,+19.2,+18.8,+18.8,+18.6,+18.5,+18.7
2023-07-30 09:22,4,+0.0,+6.6,+9.2,+0.0,+5.5,+14.5,+18.8,+19.1,+18.8,+18.8,+18.6,+18.5,+18.7
2023-07-30 10:22,4,+0.0,+6.6,+9.2,+0.0,+5.5,+14.6,+19.0,+19.2,+18.8,+18.8,+18.6,+18.5,+18.7
2023-07-30 11:22,4,+0.0,+6.5,+9.2,+0.0,+5.5,+14.6,+19.0,+19.2,+18.8,+18.8,+18.6,+18.5,+18.7
2023-07-30 12:22,4,+0.0,+6.6,+9.2,+0.0,+5.5,+14.6,+19.1,+19.2,+18.8,+18.8,+18.6,+18.5,+18.8
2023-07-30 13:22,4,+0.0,+6.6,+9.2,+0.0,+5.4,+14.5,+19.0,+19.2,+18.8,+18.8,+18.7,+18.5,+18.7
2023-07-30 14:22,4,+0.0,+6.6,+9.2,+0.0,+5.5,+14.5,+19.1,+19.2,+19.0,+18.8,+18.7,+18.5,+18.8
2023-07-30 15:22,4,+0.0,+6.6,+9.2,+0.0,+5.5,+14.6,+19.0,+19.2,+18.8,+18.8,+18.7,+18.5,+18.8
2023-07-30 16:22,4,+0.0,+6.5,+9.2,+0.0,+5.5,+14.6,+19.0,+19.2,+19.0,+19.0,+18.7,+18.6,+18.7
2023-07-30 17:22,4,+0.0,+6.5,+9.1,+0.0,+5.5,+14.6,+19.0,+19.2,+19.0,+19.0,+18.6,+18.5,+18.7
2023-07-30 18:22,4,+0.0,+6.5,+9.2,+0.0,+5.5,+14.6,+19.0,+19.3,+19.0,+18.8,+18.6,+18.6,+18.8
2023-07-30 19:22,4,+0.0,+6.5,+9.2,+0.0,+5.5,+14.5,+19.0,+19.2,+19.0,+19.0,+18.7,+18.5,+18.8
2023-07-30 20:22,4,+0.0,+6.5,+9.2,+0.0,+5.5,+14.6,+19.0,+19.3,+19.0,+18.8,+18.7,+18.5,+18.7
2023-07-30 21:22,4,+0.0,+6.5,+9.2,+0.0,+5.5,+14.6,+18.8,+19.2,+19.0,+18.8,+18.7,+18.6,+18.8
2023-07-30 22:22,4,+0.0,+6.6,+9.2,+0.0,+5.5,+14.6,+19.0,+19.2,+19.0,+18.8,+18.7,+18.6,+18.8
2023-07-30 23:22,4,+0.0,+6.5,+9.2,+0.0,+5.5,+14.6,+18.8,+19.2,+19.0,+18.8,+18.7,+18.6,+18.8
2023-07-31 00:22,4,+0.0,+6.5,+9.2,+0.0,+5.5,+14.6,+18.8,+19.2,+19.0,+19.0,+18.7,+18.6,+18.8
2023-07-31 01:22,4,+0.0,+6.6,+9.2,+0.0,+5.5,+14.6,+18.8,+19.2,+19.0,+19.0,+18.7,+18.6,+18.8
2023-07-31 02:22,4,+0.0,+6.5,+9.2,+0.0,+5.5,+14.6,+18.7,+19.2,+19.0,+19.0,+18.8,+18.6,+18.8
2023-07-31 03:22,4,+0.0,+6.6,+9.2,+0.0,+5.5,+14.6,+18.7,+19.2,+19.0,+19.0,+18.7,+18.6,+18.8
2023-07-31 04:22,4,+0.0,+6.6,+9.2,+0.0,+5.5,+14.6,+18.6,+19.2,+19.0,+19.0,+18.7,+18.6,+18.8
2023-07-31 05:22,4,+0.0,+6.6,+9.2,+0.0,+5.5,+14.6,+18.6,+19.1,+19.0,+19.0,+18.7,+18.6,+18.8
2023-07-31 06:22,4,+0.0,+6.5,+9.2,+0.0,+5.5,+14.6,+18.6,+19.1,+19.0,+19.0,+18.7,+18.6,+18.8
2023-07-31 07:22,4,+0.0,+6.6,+9.2,+0.0,+5.5,+14.6,+18.6,+19.1,+19.0,+19.0,+18.7,+18.6,+18.8
2023-07-31 08:22,4,+0.0,+6.6,+9.2,+0.0,+5.5,+14.6,+18.7,+19.2,+18.8,+19.0,+18.7,+18.6,+18.8
2023-07-31 09:22,4,+0.0,+6.5,+9.2,+0.0,+5.5,+14.6,+18.8,+19.1,+19.0,+19.0,+18.7,+18.6,+18.8
2023-07-31 10:22,4,+0.0,+6.5,+9.2,+0.0,+5.6,+14.6,+19.0,+19.1,+19.0,+19.0,+18.7,+18.6,+18.7
2023-07-31 11:22,4,+0.0,+6.6,+9.2,+0.0,+5.5,+14.6,+19.1,+19.1,+19.0,+19.0,+18.7,+18.6,+18.8
2023-07-31 12:22,4,+0.0,+6.6,+9.2,+0.0,+5.6,+14.6,+19.2,+19.2,+19.0,+19.0,+18.7,+18.6,+18.8
2023-07-31 13:22,4,+0.0,+6.5,+9.2,+0.0,+5.6,+14.6,+19.2,+19.2,+19.0,+19.0,+18.8,+18.6,+18.8
2023-07-31 14:22,4,+0.0,+6.5,+9.2,+0.0,+5.6,+14.6,+19.3,+19.2,+19.0,+18.8,+18.8,+18.7,+18.8
2023-07-31 15:22,4,+0.0,+6.5,+9.2,+0.0,+5.6,+14.6,+19.3,+19.3,+19.0,+19.0,+18.7,+18.6,+18.8
2023-07-31 16:22,4,+0.0,+6.5,+9.2,+0.0,+5.5,+14.6,+19.2,+19.3,+19.0,+19.0,+18.7,+18.6,+18.8
2023-07-31 17:22,4,+0.0,+6.5,+9.2,+0.0,+5.5,+14.6,+19.2,+19.3,+19.0,+19.0,+18.7,+18.6,+18.8
2023-07-31 18:22,4,+0.0,+6.5,+9.2,+0.0,+5.5,+14.6,+19.2,+19.3,+19.0,+19.0,+18.8,+18.6,+18.8
2023-07-31 19:22,4,+0.0,+6.5,+9.2,+0.0,+5.6,+14.6,+19.2,+19.3,+19.0,+19.0,+18.7,+18.6,+18.8
2023-07-31 20:22,4,+0.0,+6.5,+9.2,+0.0,+5.6,+14.6,+19.1,+19.5,+19.0,+19.0,+18.7,+18.6,+18.8
2023-07-31 21:22,4,+0.0,+6.5,+9.2,+0.0,+5.5,+14.6,+19.1,+19.3,+19.0,+19.0,+18.7,+18.6,+18.8
2023-07-31 22:22,4,+0.0,+6.5,+9.2,+0.0,+5.6,+14.6,+19.0,+19.3,+19.1,+19.0,+18.7,+18.6,+18.8
2023-07-31 23:22,4,+0.0,+6.5,+9.2,+0.0,+5.6,+14.6,+19.0,+19.3,+19.0,+19.0,+18.8,+18.6,+18.8
2023-08-01 00:22,4,+0.0,+6.5,+9.2,+0.0,+5.6,+14.6,+19.0,+19.3,+19.1,+19.0,+18.7,+18.6,+18.8
2023-08-01 01:22,4,+0.0,+6.5,+9.2,+0.0,+5.6,+14.6,+19.0,+19.3,+19.1,+19.0,+18.8,+18.6,+18.8
2023-08-01 02:22,4,+0.0,+6.5,+9.2,+0.0,+5.6,+14.6,+18.8,+19.3,+19.1,+19.0,+18.8,+18.6,+18.8
2023-08-01 03:22,4,+0.0,+6.5,+9.2,+0.0,+5.6,+14.6,+18.8,+19.3,+19.1,+19.0,+18.7,+18.6,+18.8
2023-08-01 04:22,4,+0.0,+6.5,+9.2,+0.0,+5.6,+14.6,+18.8,+19.3,+19.0,+19.0,+18.8,+18.7,+19.0
2023-08-01 05:22,4,+0.0,+6.5,+9.2,+0.0,+5.5,+14.6,+18.8,+19.3,+19.1,+19.0,+18.8,+18.7,+18.8
2023-08-01 06:22,4,+0.0,+6.5,+9.2,+0.0,+5.5,+14.6,+18.8,+19.2,+19.1,+19.1,+18.8,+18.7,+18.8
2023-08-01 07:22,4,+0.0,+6.5,+9.2,+0.0,+5.5,+14.6,+18.7,+19.2,+19.0,+19.0,+18.7,+18.7,+18.8
2023-08-01 08:22,4,+0.0,+6.5,+9.2,+0.0,+5.6,+14.6,+18.8,+19.2,+19.0,+19.1,+18.8,+18.7,+18.8
2023-08-01 09:22,4,+0.0,+6.5,+9.2,+0.0,+5.5,+14.6,+18.8,+19.2,+19.1,+19.1,+18.8,+18.7,+19.0
2023-08-01 10:22,4,+0.0,+6.5,+9.2,+0.0,+5.5,+14.6,+19.0,+19.2,+19.0,+19.0,+18.8,+18.6,+18.8
2023-08-01 11:22,4,+0.0,+6.5,+9.2,+0.0,+5.6,+14.6,+19.1,+19.2,+19.1,+19.1,+18.7,+18.6,+18.8
2023-08-01 12:22,4,+0.0,+6.5,+9.2,+0.0,+5.6,+14.6,+19.1,+19.3,+19.0,+19.0,+18.8,+18.7,+18.8
2023-08-01 13:22,4,+0.0,+6.5,+9.2,+0.0,+5.6,+14.6,+19.1,+19.3,+19.1,+19.0,+18.8,+18.6,+19.0
2023-08-01 14:22,4,+0.0,+6.5,+9.2,+0.0,+5.6,+14.6,+19.2,+19.3,+19.0,+19.1,+18.8,+18.7,+18.8
2023-08-01 15:22,4,+0.0,+6.5,+9.2,+0.0,+5.6,+14.6,+19.2,+19.3,+19.1,+19.0,+18.8,+18.6,+18.8
2023-08-01 16:22,4,+0.0,+6.5,+9.2,+0.0,+5.6,+14.6,+19.2,+19.3,+19.1,+19.1,+18.8,+18.6,+18.8
2023-08-01 17:22,4,+0.0,+6.5,+9.2,+0.0,+5.6,+14.6,+19.2,+19.3,+19.0,+19.0,+18.8,+18.7,+18.8
2023-08-01 18:22,4,+0.0,+6.5,+9.2,+0.0,+5.6,+14.6,+19.2,+19.3,+19.1,+19.1,+18.8,+18.6,+19.0
2023-08-01 19:22,4,+0.0,+6.5,+9.2,+0.0,+5.6,+14.6,+19.1,+19.3,+19.0,+19.1,+18.8,+18.7,+19.0
2023-08-01 20:22,4,+0.0,+6.5,+9.2,+0.0,+5.6,+14.6,+19.1,+19.3,+19.1,+19.0,+18.8,+18.7,+19.0
2023-08-01 21:22,4,+0.0,+6.5,+9.2,+0.0,+5.6,+14.6,+19.1,+19.3,+19.1,+19.0,+18.8,+18.7,+18.8
2023-08-01 22:22,4,+0.0,+6.5,+9.2,+0.0,+5.6,+14.6,+19.0,+19.5,+19.1,+19.0,+18.8,+18.6,+18.8
2023-08-01 23:22,4,+0.0,+6.5,+9.2,+0.0,+5.6,+14.6,+19.0,+19.3,+19.1,+19.0,+18.8,+18.7,+19.0
2023-08-02 00:22,4,+0.0,+6.5,+9.2,+0.0,+5.6,+14.7,+18.8,+19.3,+19.1,+19.1,+18.8,+18.7,+19.0
2023-08-02 01:22,4,+0.0,+6.5,+9.2,+0.0,+5.6,+14.6,+18.7,+19.3,+19.1,+19.0,+18.8,+18.7,+18.8
2023-08-02 02:22,4,+0.0,+6.5,+9.2,+0.0,+5.6,+14.6,+18.7,+19.2,+19.1,+19.1,+18.8,+18.7,+19.0
2023-08-02 03:22,4,+0.0,+6.5,+9.2,+0.0,+5.6,+14.6,+18.6,+19.3,+19.1,+19.1,+18.8,+18.7,+18.8
2023-08-02 04:22,4,+0.0,+6.5,+9.2,+0.0,+5.6,+14.7,+18.6,+19.2,+19.1,+19.1,+18.8,+18.7,+19.0
2023-08-02 05:22,4,+0.0,+6.5,+9.2,+0.0,+5.6,+14.6,+18.6,+19.2,+19.1,+19.1,+19.0,+18.7,+19.0
2023-08-02 06:22,4,+0.0,+6.5,+9.2,+0.0,+5.6,+14.6,+18.6,+19.2,+19.0,+19.1,+18.8,+18.7,+18.8
2023-08-02 07:22,4,+0.0,+6.6,+9.2,+0.0,+5.6,+14.6,+18.6,+19.1,+19.1,+19.1,+18.8,+18.7,+18.8
2023-08-02 08:22,4,+0.0,+6.6,+9.2,+0.0,+5.6,+14.6,+18.6,+19.2,+19.0,+19.1,+18.8,+18.7,+18.8
2023-08-02 09:22,4,+0.0,+6.6,+9.2,+0.0,+5.6,+14.7,+18.6,+19.1,+19.0,+19.1,+18.8,+18.7,+18.8
2023-08-02 10:22,4,+0.0,+6.6,+9.2,+0.0,+5.6,+14.6,+18.8,+19.1,+19.0,+19.1,+19.0,+18.7,+18.8
2023-08-02 11:22,4,+0.0,+6.6,+9.2,+0.0,+5.6,+14.6,+19.0,+19.1,+19.0,+19.1,+18.8,+18.8,+19.0
2023-08-02 12:22,4,+0.0,+6.6,+9.2,+0.0,+5.6,+14.6,+19.0,+19.1,+19.0,+19.1,+18.8,+18.8,+19.0
2023-08-02 13:22,4,+0.0,+6.6,+9.2,+0.0,+5.6,+14.7,+19.1,+19.2,+19.0,+19.1,+18.8,+18.7,+18.8
2023-08-02 14:22,4,+0.0,+6.6,+9.2,+0.0,+5.6,+14.7,+19.2,+19.2,+19.0,+19.0,+18.8,+18.7,+19.0
2023-08-02 15:22,4,+0.0,+6.6,+9.2,+0.0,+5.6,+14.7,+19.2,+19.3,+19.1,+19.1,+18.8,+18.7,+19.0
2023-08-02 16:22,4,+0.0,+6.7,+9.2,+0.0,+5.6,+14.6,+19.2,+19.3,+19.0,+19.1,+18.8,+18.7,+19.0
2023-08-02 17:22,4,+0.0,+6.7,+9.2,+0.0,+5.6,+14.6,+19.1,+19.3,+19.0,+19.0,+18.8,+18.7,+19.0
2023-08-02 18:22,4,+0.0,+6.6,+9.2,+0.0,+5.6,+14.6,+19.1,+19.3,+19.0,+19.1,+19.0,+18.7,+19.0
2023-08-02 19:22,4,+0.0,+6.6,+9.3,+0.0,+5.6,+14.7,+19.0,+19.3,+19.1,+19.1,+19.0,+18.7,+19.0
2023-08-02 20:22,4,+0.0,+6.6,+9.2,+0.0,+5.6,+14.6,+19.0,+19.3,+19.1,+19.1,+18.8,+18.7,+19.0
2023-08-02 21:22,4,+0.0,+6.6,+9.3,+0.0,+5.6,+14.7,+18.8,+19.3,+19.1,+19.1,+18.8,+18.7,+19.0
2023-08-02 22:22,4,+0.0,+6.7,+9.3,+0.0,+5.6,+14.6,+18.8,+19.3,+19.0,+19.1,+18.8,+18.7,+19.0
2023-08-02 23:22,4,+0.0,+6.7,+9.3,+0.0,+5.6,+14.7,+18.7,+19.3,+19.1,+19.1,+18.8,+18.8,+19.0
2023-08-03 00:22,4,+0.0,+6.7,+9.3,+0.0,+5.6,+14.7,+18.7,+19.2,+19.0,+19.1,+18.8,+18.7,+18.8
2023-08-03 01:22,4,+0.0,+6.7,+9.3,+0.0,+5.6,+14.6,+18.7,+19.3,+19.0,+19.1,+18.8,+18.7,+19.0
2023-08-03 02:22,4,+0.0,+6.7,+9.3,+0.0,+5.6,+14.7,+18.7,+19.2,+19.1,+19.0,+18.8,+18.7,+19.0
2023-08-03 03:22,4,+0.0,+6.7,+9.3,+0.0,+5.7,+14.7,+18.6,+19.2,+19.1,+19.1,+19.0,+18.7,+19.0
2023-08-03 04:22,4,+0.0,+6.7,+9.3,+0.0,+5.6,+14.6,+18.6,+19.1,+19.1,+19.1,+19.0,+18.7,+19.0
2023-08-03 05:22,4,+0.0,+6.7,+9.3,+0.0,+5.6,+14.6,+18.6,+19.1,+19.0,+19.1,+19.0,+18.7,+19.0
2023-08-03 06:22,4,+0.0,+6.7,+9.3,+0.0,+5.6,+14.6,+18.5,+19.1,+19.0,+19.1,+18.8,+18.7,+19.0
2023-08-03 07:22,4,+0.0,+6.7,+9.3,+0.0,+5.6,+14.6,+18.5,+19.1,+19.0,+19.1,+18.8,+18.7,+19.0
2023-08-03 08:22,4,+0.0,+6.7,+9.3,+0.0,+5.7,+14.7,+18.5,+19.1,+19.0,+19.1,+18.8,+18.7,+18.8
2023-08-03 09:22,4,+0.0,+6.7,+9.3,+0.0,+5.6,+14.6,+18.5,+19.1,+19.1,+19.1,+18.8,+18.7,+19.0
2023-08-03 10:22,4,+0.0,+6.7,+9.3,+0.0,+5.7,+14.7,+18.6,+19.1,+19.0,+19.1,+19.0,+18.7,+19.0
2023-08-03 11:22,4,+0.0,+6.7,+9.3,+0.0,+5.6,+14.6,+18.7,+19.1,+19.0,+19.1,+18.8,+18.7,+19.0
2023-08-03 12:22,4,+0.0,+6.7,+9.3,+0.0,+5.7,+14.7,+18.7,+19.1,+19.0,+19.1,+18.8,+18.7,+19.0
2023-08-03 13:22,4,+0.0,+6.7,+9.3,+0.0,+5.6,+14.6,+18.8,+19.1,+19.0,+19.1,+19.0,+18.7,+19.0
2023-08-03 14:22,4,+0.0,+6.7,+9.3,+0.0,+5.6,+14.6,+19.0,+19.1,+19.0,+19.1,+18.8,+18.7,+19.0
2023-08-03 15:22,4,+0.0,+6.7,+9.3,+0.0,+5.6,+14.6,+19.0,+19.1,+19.0,+19.1,+18.8,+18.7,+19.0
2023-08-03 16:22,4,+0.0,+6.7,+9.3,+0.0,+5.6,+14.6,+19.0,+19.1,+19.0,+19.1,+19.0,+18.7,+19.0
2023-08-03 17:22,4,+0.0,+6.7,+9.3,+0.0,+5.7,+14.7,+19.1,+19.2,+19.0,+19.1,+18.8,+18.7,+19.0
2023-08-03 18:22,4,+0.0,+6.7,+9.3,+0.0,+5.7,+14.7,+19.1,+19.2,+19.0,+19.1,+18.8,+18.7,+19.0
2023-08-03 19:22,4,+0.0,+6.7,+9.3,+0.0,+5.6,+14.6,+19.1,+19.2,+19.0,+19.1,+18.8,+18.7,+19.0
2023-08-03 20:22,4,+0.0,+6.7,+9.3,+0.0,+5.6,+14.7,+19.0,+19.3,+19.0,+19.0,+19.0,+18.8,+19.0
2023-08-03 21:22,4,+0.0,+6.7,+9.3,+0.0,+5.7,+14.7,+19.0,+19.2,+19.0,+19.1,+19.0,+18.7,+19.0
2023-08-03 22:22,4,+0.0,+6.7,+9.3,+0.0,+5.7,+14.7,+19.0,+19.2,+19.0,+19.1,+18.8,+18.7,+19.0
2023-08-03 23:22,4,+0.0,+6.7,+9.3,+0.0,+5.7,+14.7,+19.0,+19.3,+19.0,+19.1,+19.0,+18.7,+19.0
2023-08-04 00:22,4,+0.0,+6.7,+9.5,+0.0,+5.6,+14.7,+18.8,+19.2,+19.1,+19.0,+18.8,+18.7,+19.0
2023-08-04 01:22,4,+0.0,+6.7,+9.5,+0.0,+5.6,+14.7,+18.8,+19.2,+19.0,+19.1,+18.8,+18.8,+18.8
2023-08-04 02:22,4,+0.0,+6.7,+9.4,+0.0,+5.7,+14.7,+18.7,+19.2,+19.0,+19.1,+18.8,+18.7,+19.0
2023-08-04 03:22,4,+0.0,+6.7,+9.4,+0.0,+5.6,+14.7,+18.7,+19.2,+19.0,+19.1,+19.0,+18.7,+19.0
2023-08-04 04:22,4,+0.0,+6.8,+9.4,+0.0,+5.6,+14.7,+18.7,+19.2,+19.0,+19.1,+19.0,+18.7,+19.0
2023-08-04 05:22,4,+0.0,+6.7,+9.4,+0.0,+5.7,+14.7,+18.6,+19.2,+19.0,+19.1,+18.8,+18.8,+19.0
2023-08-04 06:22,4,+0.0,+6.7,+9.4,+0.0,+5.6,+14.7,+18.6,+19.1,+19.1,+19.1,+19.0,+18.7,+19.0
2023-08-04 07:22,4,+0.0,+6.7,+9.4,+0.0,+5.7,+14.7,+18.6,+19.2,+19.0,+19.1,+18.8,+18.8,+19.0
2023-08-04 08:22,4,+0.0,+6.8,+9.4,+0.0,+5.7,+14.7,+18.7,+19.1,+19.0,+19.1,+18.8,+18.7,+19.0
2023-08-04 09:22,4,+0.0,+6.8,+9.4,+0.0,+5.7,+14.7,+18.6,+19.2,+19.0,+19.1,+18.8,+18.7,+19.0
2023-08-04 10:22,4,+0.0,+6.8,+9.4,+0.0,+5.7,+14.7,+18.7,+19.2,+19.0,+19.1,+19.0,+18.8,+19.0
2023-08-04 11:22,4,+0.0,+7.0,+9.4,+0.0,+5.7,+14.7,+18.7,+19.1,+19.0,+19.1,+19.0,+18.7,+19.0
2023-08-04 12:22,4,+0.0,+7.2,+9.4,+0.0,+5.7,+14.7,+18.8,+19.1,+19.0,+19.1,+18.8,+18.7,+19.0
2023-08-04 13:22,4,+0.0,+7.1,+9.4,+0.0,+5.8,+14.7,+19.0,+19.2,+19.0,+19.1,+18.8,+18.8,+18.8
2023-08-04 14:22,4,+0.0,+6.8,+9.4,+0.0,+5.8,+14.7,+19.1,+19.2,+19.0,+19.1,+18.8,+18.7,+19.0
2023-08-04 15:22,4,+0.0,+6.7,+9.4,+0.0,+5.8,+14.7,+19.2,+19.2,+19.0,+19.1,+18.8,+18.7,+19.0
2023-08-04 16:22,4,+0.0,+6.8,+9.4,+0.0,+5.8,+14.7,+19.3,+19.2,+19.0,+19.1,+18.8,+18.8,+19.0
2023-08-04 17:22,4,+0.0,+6.8,+9.4,+0.0,+5.8,+14.7,+19.3,+19.3,+19.0,+19.1,+18.8,+18.7,+19.0
2023-08-04 18:22,4,+0.0,+6.9,+9.4,+0.0,+5.8,+14.7,+19.2,+19.3,+19.0,+19.0,+19.0,+18.7,+19.0
2023-08-04 19:22,4,+0.0,+6.9,+9.4,+0.0,+5.8,+14.7,+19.2,+19.3,+19.0,+19.1,+18.8,+18.7,+19.0
2023-08-04 20:22,4,+0.0,+6.9,+9.4,+0.0,+5.8,+14.7,+19.1,+19.3,+19.0,+19.1,+19.0,+18.7,+19.0
2023-08-04 21:22,4,+0.0,+6.9,+9.4,+0.0,+5.8,+14.7,+19.0,+19.3,+19.0,+19.1,+18.8,+18.8,+19.0
2023-08-04 22:22,4,+0.0,+6.8,+9.4,+0.0,+5.8,+14.7,+19.0,+19.3,+19.0,+19.1,+18.8,+18.7,+19.0
2023-08-04 23:22,4,+0.0,+6.8,+9.4,+0.0,+5.8,+14.7,+19.0,+19.3,+19.1,+19.1,+18.8,+18.8,+19.0
2023-08-05 00:22,4,+0.0,+8.1,+9.5,+0.0,+5.8,+14.7,+18.8,+19.3,+19.0,+19.1,+19.0,+18.7,+19.1
2023-08-05 01:22,4,+0.0,+7.6,+9.5,+0.0,+5.8,+14.7,+18.7,+19.3,+19.1,+19.1,+18.8,+18.7,+19.0
2023-08-05 02:22,4,+0.0,+7.3,+9.5,+0.0,+5.8,+14.7,+18.8,+19.2,+19.0,+19.1,+19.0,+18.7,+19.0
2023-08-05 03:22,4,+0.0,+7.3,+9.5,+0.0,+5.8,+14.7,+18.6,+19.2,+19.1,+19.1,+18.8,+18.8,+19.0
2023-08-05 04:22,4,+0.0,+7.2,+9.5,+0.0,+5.8,+14.7,+18.6,+19.2,+19.0,+19.1,+18.8,+18.7,+19.0
2023-08-05 05:22,4,+0.0,+7.2,+9.5,+0.0,+5.8,+14.7,+18.6,+19.2,+19.0,+19.1,+18.8,+18.8,+19.0
2023-08-05 06:22,4,+0.0,+7.2,+9.5,+0.0,+5.8,+14.7,+18.6,+19.1,+19.1,+19.1,+18.8,+18.8,+19.0
2023-08-05 07:22,4,+0.0,+7.2,+9.5,+0.0,+5.8,+14.7,+18.5,+19.1,+19.1,+19.1,+18.8,+18.8,+19.0
2023-08-05 08:22,4,+0.0,+7.2,+9.5,+0.0,+5.8,+14.7,+18.5,+19.1,+19.0,+19.1,+18.8,+18.7,+19.0
2023-08-05 09:22,4,+0.0,+7.2,+9.5,+0.0,+5.8,+14.7,+18.5,+19.1,+19.1,+19.1,+18.8,+18.7,+19.0
2023-08-05 10:22,4,+0.0,+7.2,+9.5,+0.0,+5.8,+14.7,+18.6,+19.1,+19.1,+19.1,+19.0,+18.7,+19.0
2023-08-05 11:22,4,+0.0,+7.3,+9.5,+0.0,+5.8,+14.7,+18.6,+19.1,+19.0,+19.1,+18.8,+18.7,+19.0
2023-08-05 12:22,4,+0.0,+7.3,+9.5,+0.0,+5.8,+14.7,+18.7,+19.1,+19.0,+19.1,+19.0,+18.7,+19.1
2023-08-05 13:22,4,+0.0,+7.3,+9.5,+0.0,+5.9,+14.7,+18.8,+19.1,+19.0,+19.1,+18.8,+18.7,+19.0
2023-08-05 14:22,4,+0.0,+7.3,+9.5,+0.0,+5.8,+14.7,+19.0,+19.2,+19.0,+19.1,+18.8,+18.7,+19.0
2023-08-05 15:22,4,+0.0,+7.3,+9.5,+0.0,+5.9,+14.7,+19.0,+19.2,+19.0,+19.1,+19.0,+18.7,+19.0
2023-08-05 16:22,4,+0.0,+7.3,+9.5,+0.0,+5.8,+14.7,+19.1,+19.2,+19.0,+19.1,+19.0,+18.8,+19.0
2023-08-05 17:22,4,+0.0,+7.3,+9.5,+0.0,+5.8,+14.7,+19.0,+19.2,+19.0,+19.1,+19.0,+18.7,+19.0
2023-08-05 18:22,4,+0.0,+7.3,+9.5,+0.0,+5.8,+14.7,+19.0,+19.2,+19.0,+19.1,+19.0,+18.8,+19.0
2023-08-05 19:22,4,+0.0,+7.3,+9.5,+0.0,+5.8,+14.7,+18.8,+19.2,+19.0,+19.1,+19.0,+18.7,+19.1
2023-08-05 20:22,4,+0.0,+7.3,+9.5,+0.0,+5.8,+14.7,+18.7,+19.2,+19.0,+19.1,+18.8,+18.7,+19.0
2023-08-05 21:22,4,+0.0,+7.3,+9.5,+0.0,+5.8,+14.7,+18.7,+19.2,+19.0,+19.1,+18.8,+18.7,+19.0
2023-08-05 22:22,4,+0.0,+7.3,+9.5,+0.0,+5.8,+14.7,+18.6,+19.2,+19.0,+19.1,+18.8,+18.7,+19.0
2023-08-05 23:22,4,+0.0,+7.3,+9.5,+0.0,+5.9,+14.7,+18.6,+19.2,+19.1,+19.1,+18.8,+18.8,+19.1
2023-08-06 00:22,4,+0.0,+7.3,+9.5,+0.0,+5.9,+14.7,+18.6,+19.1,+19.0,+19.1,+19.0,+18.8,+19.1
2023-08-06 01:22,4,+0.0,+7.3,+9.5,+0.0,+5.9,+14.7,+18.5,+19.1,+19.0,+19.1,+19.0,+18.8,+19.0
2023-08-06 02:22,4,+0.0,+7.3,+9.5,+0.0,+5.9,+14.7,+18.5,+19.1,+19.0,+19.1,+19.0,+18.7,+19.0
2023-08-06 03:22,4,+0.0,+7.3,+9.5,+0.0,+5.9,+14.7,+18.5,+19.1,+19.0,+19.0,+19.0,+18.8,+19.0
2023-08-06 04:22,4,+0.0,+7.5,+9.5,+0.0,+5.8,+14.7,+18.5,+19.1,+19.0,+19.1,+19.0,+18.7,+19.0
2023-08-06 05:22,4,+0.0,+7.3,+9.5,+0.0,+5.9,+14.7,+18.3,+19.1,+19.0,+19.1,+18.8,+18.8,+19.0
2023-08-06 06:22,4,+0.0,+7.6,+9.5,+0.0,+5.9,+14.7,+18.3,+19.1,+19.0,+19.1,+18.8,+18.8,+19.0
2023-08-06 07:22,4,+0.0,+7.7,+9.5,+0.0,+5.8,+14.7,+18.3,+19.0,+19.0,+19.1,+19.0,+18.7,+19.0
2023-08-06 08:22,4,+0.0,+7.3,+9.5,+0.0,+5.9,+14.7,+18.3,+19.0,+19.0,+19.1,+18.8,+18.8,+19.0
2023-08-06 09:22,4,+0.0,+7.4,+9.5,+0.0,+5.9,+14.8,+18.3,+19.0,+19.0,+19.1,+19.0,+18.7,+19.0
2023-08-06 10:22,4,+0.0,+7.4,+9.5,+0.0,+5.9,+14.8,+18.3,+19.0,+19.0,+19.1,+18.8,+18.7,+19.0
2023-08-06 11:22,4,+0.0,+7.4,+9.5,+0.0,+5.9,+14.7,+18.3,+19.0,+19.0,+19.1,+19.0,+18.7,+19.0
2023-08-06 12:22,4,+0.0,+7.4,+9.5,+0.0,+5.9,+14.8,+18.5,+19.0,+19.0,+19.0,+19.0,+18.7,+19.0
2023-08-06 13:22,4,+0.0,+7.4,+9.5,+0.0,+5.9,+14.7,+18.5,+19.0,+18.8,+19.0,+19.0,+18.7,+19.0
2023-08-06 14:22,4,+0.0,+7.4,+9.5,+0.0,+5.9,+14.8,+18.6,+19.0,+18.8,+19.0,+18.8,+18.7,+19.0
2023-08-06 15:22,4,+0.0,+7.4,+9.4,+0.0,+5.9,+14.8,+18.6,+19.0,+18.8,+19.0,+18.8,+18.8,+19.0
2023-08-06 16:22,4,+0.0,+7.4,+9.5,+0.0,+5.9,+14.8,+18.7,+19.0,+18.8,+19.0,+19.0,+18.8,+19.0
2023-08-06 17:22,4,+0.0,+7.4,+9.5,+0.0,+5.9,+14.7,+18.7,+19.1,+18.8,+19.0,+18.8,+18.7,+19.1
2023-08-06 18:22,4,+0.0,+7.4,+9.5,+0.0,+5.9,+14.8,+18.6,+19.0,+18.8,+19.0,+18.8,+18.8,+19.0
2023-08-06 19:22,4,+0.0,+7.4,+9.5,+0.0,+5.9,+14.7,+18.6,+19.0,+18.8,+19.0,+18.8,+18.7,+19.0
2023-08-06 20:22,4,+0.0,+7.4,+9.5,+0.0,+5.9,+14.7,+18.6,+19.0,+18.8,+19.0,+18.8,+18.7,+19.0
2023-08-06 21:22,4,+0.0,+7.4,+9.5,+0.0,+5.8,+14.7,+18.5,+19.1,+18.8,+19.1,+18.8,+18.7,+19.0
2023-08-06 22:22,4,+0.0,+7.4,+9.5,+0.0,+5.9,+14.7,+18.3,+19.0,+18.8,+19.0,+18.8,+18.7,+19.0
2023-08-06 23:22,4,+0.0,+7.4,+9.5,+0.0,+5.8,+14.7,+18.3,+19.0,+18.8,+19.0,+18.8,+18.7,+19.0
2023-08-07 00:22,4,+0.0,+7.3,+9.5,+0.0,+5.9,+14.7,+18.3,+19.0,+18.8,+19.0,+18.8,+18.7,+19.0
2023-08-07 01:22,4,+0.0,+7.4,+9.5,+0.0,+5.9,+14.7,+18.3,+19.0,+18.8,+19.0,+18.8,+18.7,+19.0
2023-08-07 02:22,4,+0.0,+7.3,+9.5,+0.0,+5.9,+14.7,+18.3,+19.0,+18.8,+19.0,+18.8,+18.7,+18.8
2023-08-07 03:22,4,+0.0,+7.3,+9.5,+0.0,+5.8,+14.7,+18.3,+18.8,+18.8,+19.0,+18.8,+18.7,+19.0
2023-08-07 04:22,4,+0.0,+7.3,+9.5,+0.0,+5.9,+14.7,+18.3,+18.8,+18.8,+19.0,+18.8,+18.7,+19.0
2023-08-07 05:22,4,+0.0,+7.3,+9.5,+0.0,+5.8,+14.7,+18.5,+19.0,+18.8,+19.0,+18.8,+18.7,+19.0
2023-08-07 06:22,4,+0.0,+7.3,+9.5,+0.0,+5.8,+14.7,+18.5,+18.8,+18.8,+19.0,+18.8,+18.7,+19.0
2023-08-07 07:22,4,+0.0,+7.3,+9.5,+0.0,+5.8,+14.7,+18.5,+19.0,+18.8,+19.0,+18.8,+18.7,+19.0
2023-08-07 08:22,4,+0.0,+7.3,+9.5,+0.0,+5.9,+14.8,+18.5,+18.8,+18.8,+19.0,+18.8,+18.7,+19.0
2023-08-07 09:22,4,+0.0,+7.3,+9.5,+0.0,+5.9,+14.7,+18.6,+18.8,+18.8,+19.0,+18.8,+18.6,+19.0
2023-08-07 10:22,4,+0.0,+7.3,+9.5,+0.0,+5.9,+14.7,+18.6,+19.0,+18.7,+19.0,+18.8,+18.7,+19.0
2023-08-07 11:22,4,+0.0,+7.4,+9.5,+0.0,+5.9,+14.7,+18.5,+19.0,+18.8,+19.0,+18.8,+18.7,+19.0
2023-08-07 12:22,4,+0.0,+7.3,+9.5,+0.0,+5.9,+14.7,+18.5,+19.0,+18.7,+19.0,+18.8,+18.7,+19.0
2023-08-07 13:22,4,+0.0,+7.4,+9.5,+0.0,+5.9,+14.8,+18.5,+19.0,+18.8,+18.8,+18.8,+18.7,+19.0
2023-08-07 14:22,4,+0.0,+7.4,+9.5,+0.0,+5.9,+14.8,+18.5,+19.0,+18.8,+19.0,+18.8,+18.7,+19.0
2023-08-07 15:22,4,+0.0,+7.4,+9.5,+0.0,+5.9,+14.8,+18.3,+19.0,+18.8,+18.8,+18.8,+18.7,+19.0
2023-08-07 16:22,4,+0.0,+7.4,+9.5,+0.0,+5.9,+14.8,+18.3,+18.8,+18.7,+19.0,+18.8,+18.7,+19.0
2023-08-07 17:22,4,+0.0,+7.4,+9.5,+0.0,+5.9,+14.8,+18.2,+18.8,+18.8,+19.0,+18.8,+18.7,+19.0
2023-08-07 18:22,4,+0.0,+7.4,+9.5,+0.0,+5.9,+14.7,+18.2,+18.8,+18.7,+19.0,+18.8,+18.7,+19.0
2023-08-07 19:22,4,+0.0,+7.5,+9.5,+0.0,+5.9,+14.7,+18.1,+18.8,+18.7,+18.8,+18.8,+18.7,+19.0
2023-08-07 20:22,4,+0.0,+7.5,+9.5,+0.0,+5.9,+14.7,+18.1,+18.8,+18.7,+19.0,+18.8,+18.7,+19.0
2023-08-07 21:22,4,+0.0,+7.5,+9.5,+0.0,+5.9,+14.8,+18.0,+18.7,+18.7,+19.0,+18.8,+18.7,+18.8
2023-08-07 22:22,4,+0.0,+7.5,+9.5,+0.0,+5.9,+14.8,+18.0,+18.6,+18.8,+19.0,+18.8,+18.6,+19.0
2023-08-07 23:22,4,+0.0,+7.5,+9.5,+0.0,+5.9,+14.8,+18.0,+18.7,+18.7,+18.8,+18.8,+18.7,+19.0
2023-08-08 00:22,4,+0.0,+7.5,+9.5,+0.0,+5.9,+14.8,+18.0,+18.7,+18.7,+19.0,+18.8,+18.7,+19.0
2023-08-08 01:22,4,+0.0,+7.5,+9.5,+0.0,+5.9,+14.8,+17.8,+18.7,+18.7,+19.0,+18.8,+18.7,+19.0
2023-08-08 02:22,4,+0.0,+7.5,+9.5,+0.0,+5.9,+14.8,+17.8,+18.6,+18.7,+18.8,+18.7,+18.7,+18.8
2023-08-08 03:22,4,+0.0,+7.5,+9.5,+0.0,+5.9,+14.8,+17.8,+18.6,+18.7,+18.8,+18.8,+18.6,+19.0
2023-08-08 04:22,4,+0.0,+7.5,+9.5,+0.0,+5.9,+14.8,+17.8,+18.6,+18.7,+19.0,+18.7,+18.7,+18.8
2023-08-08 05:22,4,+0.0,+7.5,+9.5,+0.0,+5.9,+14.8,+17.8,+18.6,+18.7,+18.8,+18.8,+18.7,+19.0
2023-08-08 06:22,4,+0.0,+7.5,+9.5,+0.0,+5.9,+14.8,+17.8,+18.6,+18.6,+18.8,+18.7,+18.7,+18.8
2023-08-08 07:22,4,+0.0,+7.5,+9.5,+0.0,+5.9,+14.8,+17.8,+18.5,+18.7,+18.8,+18.8,+18.7,+18.8
2023-08-08 08:22,4,+0.0,+7.5,+9.5,+0.0,+5.9,+14.8,+17.8,+18.5,+18.6,+18.8,+18.7,+18.6,+19.0
2023-08-08 09:22,4,+0.0,+7.5,+9.5,+0.0,+5.9,+14.8,+18.0,+18.5,+18.6,+18.8,+18.7,+18.6,+18.8
2023-08-08 10:22,4,+0.0,+7.5,+9.5,+0.0,+5.9,+14.8,+18.1,+18.5,+18.6,+18.8,+18.7,+18.7,+18.8
2023-08-08 11:22,4,+0.0,+7.5,+9.5,+0.0,+5.9,+14.8,+18.2,+18.6,+18.6,+18.8,+18.8,+18.6,+19.0
2023-08-08 12:22,4,+0.0,+7.5,+9.5,+0.0,+5.9,+14.7,+18.3,+18.6,+18.6,+18.8,+18.7,+18.6,+19.0
2023-08-08 13:22,4,+0.0,+7.5,+9.5,+0.0,+5.9,+14.8,+18.3,+18.6,+18.6,+18.8,+18.7,+18.6,+19.0
2023-08-08 14:22,4,+0.0,+7.5,+9.5,+0.0,+5.9,+14.8,+18.3,+18.6,+18.6,+18.8,+18.7,+18.6,+19.0
2023-08-08 15:22,4,+0.0,+7.5,+9.5,+0.0,+5.9,+14.7,+18.2,+18.6,+18.6,+18.8,+18.7,+18.6,+19.0
2023-08-08 16:22,4,+0.0,+7.5,+9.5,+0.0,+5.9,+14.7,+18.1,+18.7,+18.6,+18.7,+18.7,+18.6,+18.8
2023-08-08 17:22,4,+0.0,+7.5,+9.5,+0.0,+5.9,+14.7,+18.0,+18.7,+18.6,+18.7,+18.7,+18.6,+19.0
2023-08-08 18:22,4,+0.0,+7.6,+9.5,+0.0,+5.9,+14.7,+18.0,+18.7,+18.6,+18.8,+18.7,+18.6,+19.0
2023-08-08 19:22,4,+0.0,+7.6,+9.5,+0.0,+5.9,+14.8,+17.8,+18.6,+18.6,+18.7,+18.7,+18.6,+18.8
2023-08-08 20:22,4,+0.0,+7.6,+9.5,+0.0,+5.9,+14.8,+17.8,+18.5,+18.6,+18.8,+18.7,+18.6,+18.8
2023-08-08 21:22,4,+0.0,+7.6,+9.5,+0.0,+5.9,+14.8,+17.7,+18.6,+18.6,+18.8,+18.7,+18.6,+18.8
2023-08-08 22:22,4,+0.0,+7.6,+9.5,+0.0,+5.9,+14.8,+17.7,+18.5,+18.5,+18.7,+18.7,+18.6,+18.8
2023-08-08 23:22,4,+0.0,+7.6,+9.5,+0.0,+5.9,+14.8,+17.7,+18.5,+18.5,+18.7,+18.6,+18.6,+18.8
2023-08-09 00:22,4,+0.0,+7.6,+9.5,+0.0,+5.9,+14.8,+17.6,+18.5,+18.5,+18.7,+18.7,+18.6,+18.8
2023-08-09 01:22,4,+0.0,+7.7,+9.5,+0.0,+5.9,+14.8,+17.6,+18.5,+18.5,+18.7,+18.6,+18.6,+18.8
2023-08-09 02:22,4,+0.0,+7.7,+9.5,+0.0,+5.9,+14.8,+17.5,+18.3,+18.5,+18.7,+18.7,+18.6,+18.8
2023-08-09 03:22,4,+0.0,+7.7,+9.5,+0.0,+5.9,+14.8,+17.5,+18.3,+18.5,+18.7,+18.7,+18.5,+18.8
2023-08-09 04:22,4,+0.0,+7.7,+9.5,+0.0,+5.9,+14.8,+17.5,+18.2,+18.5,+18.7,+18.6,+18.6,+18.8
2023-08-09 05:22,4,+0.0,+7.7,+9.5,+0.0,+5.9,+14.8,+17.5,+18.2,+18.5,+18.7,+18.7,+18.6,+18.8
2023-08-09 06:22,4,+0.0,+7.7,+9.5,+0.0,+5.9,+14.8,+17.5,+18.2,+18.5,+18.7,+18.6,+18.6,+18.8
2023-08-09 07:22,4,+0.0,+7.7,+9.5,+0.0,+5.9,+14.8,+17.5,+18.2,+18.3,+18.7,+18.7,+18.5,+18.8
2023-08-09 08:22,4,+0.0,+7.7,+9.5,+0.0,+5.9,+14.8,+17.5,+18.2,+18.3,+18.7,+18.6,+18.5,+18.8
2023-08-09 09:22,4,+0.0,+7.7,+9.5,+0.0,+5.9,+14.8,+17.6,+18.2,+18.3,+18.7,+18.6,+18.6,+18.8
2023-08-09 10:22,4,+0.0,+7.7,+9.5,+0.0,+5.9,+14.8,+17.7,+18.2,+18.3,+18.6,+18.6,+18.5,+18.8
2023-08-09 11:22,4,+0.0,+7.7,+9.5,+0.0,+5.9,+14.8,+18.0,+18.2,+18.3,+18.6,+18.6,+18.5,+18.8
2023-08-09 12:22,4,+0.0,+7.7,+9.5,+0.0,+5.9,+14.8,+18.1,+18.2,+18.3,+18.7,+18.6,+18.6,+18.8
2023-08-09 13:22,4,+0.0,+7.7,+9.5,+0.0,+5.9,+14.8,+18.3,+18.3,+18.2,+18.6,+18.6,+18.5,+18.8
2023-08-09 14:22,4,+0.0,+7.7,+9.5,+0.0,+5.9,+14.8,+18.5,+18.3,+18.3,+18.6,+18.6,+18.5,+18.8
2023-08-09 15:22,4,+0.0,+7.7,+9.5,+0.0,+5.9,+14.8,+18.6,+18.5,+18.3,+18.6,+18.6,+18.5,+18.8
2023-08-09 16:22,4,+0.0,+7.7,+9.5,+0.0,+5.9,+14.8,+18.6,+18.6,+18.3,+18.6,+18.6,+18.5,+18.8
2023-08-09 17:22,4,+0.0,+7.7,+9.5,+0.0,+5.9,+14.8,+18.7,+18.6,+18.3,+18.7,+18.6,+18.5,+18.7
2023-08-09 18:22,4,+0.0,+7.7,+9.5,+0.0,+5.9,+14.8,+18.6,+18.6,+18.3,+18.6,+18.6,+18.5,+18.8
2023-08-09 19:22,4,+0.0,+7.7,+9.5,+0.0,+5.9,+14.8,+18.7,+18.7,+18.3,+18.6,+18.6,+18.5,+18.8
2023-08-09 20:22,4,+0.0,+7.7,+9.5,+0.0,+5.9,+14.8,+18.6,+18.7,+18.3,+18.6,+18.6,+18.5,+18.8
2023-08-09 21:22,4,+0.0,+7.7,+9.5,+0.0,+5.9,+14.8,+18.5,+18.7,+18.5,+18.6,+18.6,+18.5,+18.8
2023-08-09 22:22,4,+0.0,+7.7,+9.6,+0.0,+5.9,+14.8,+18.5,+18.7,+18.3,+18.6,+18.6,+18.5,+18.8
2023-08-09 23:22,4,+0.0,+7.7,+9.5,+0.0,+5.9,+14.8,+18.5,+18.7,+18.5,+18.6,+18.6,+18.5,+18.8
2023-08-10 00:22,4,+0.0,+7.7,+9.6,+0.0,+5.9,+14.8,+18.5,+18.8,+18.5,+18.6,+18.6,+18.5,+18.8
2023-08-10 01:22,4,+0.0,+7.7,+9.6,+0.0,+5.9,+14.8,+18.3,+18.7,+18.5,+18.6,+18.5,+18.5,+18.8
2023-08-10 02:22,4,+0.0,+7.7,+9.6,+0.0,+5.9,+14.8,+18.3,+18.7,+18.5,+18.6,+18.5,+18.5,+18.7
2023-08-10 03:22,4,+0.0,+7.7,+9.6,+0.0,+5.9,+14.8,+18.3,+18.7,+18.5,+18.6,+18.6,+18.3,+18.8
2023-08-10 04:22,4,+0.0,+7.7,+9.6,+0.0,+5.9,+14.8,+18.3,+18.7,+18.5,+18.6,+18.6,+18.5,+18.8
2023-08-10 05:22,4,+0.0,+7.7,+9.6,+0.0,+6.0,+14.8,+18.3,+18.7,+18.5,+18.6,+18.5,+18.5,+18.8
2023-08-10 06:22,4,+0.0,+7.7,+9.6,+0.0,+5.9,+14.8,+18.2,+18.7,+18.5,+18.6,+18.6,+18.5,+18.8
2023-08-10 07:22,4,+0.0,+7.7,+9.6,+0.0,+5.9,+14.8,+18.2,+18.7,+18.5,+18.6,+18.6,+18.3,+18.7
2023-08-10 08:22,4,+0.0,+7.7,+9.6,+0.0,+5.9,+14.8,+18.3,+18.7,+18.6,+18.6,+18.6,+18.5,+18.8
2023-08-10 09:22,4,+0.0,+7.7,+9.6,+0.0,+5.9,+14.8,+18.3,+18.7,+18.5,+18.6,+18.6,+18.5,+18.7
2023-08-10 10:22,4,+0.0,+7.7,+9.6,+0.0,+5.9,+14.8,+18.6,+18.7,+18.5,+18.7,+18.6,+18.5,+18.7
2023-08-10 11:22,4,+0.0,+7.7,+9.6,+0.0,+5.9,+14.8,+18.6,+18.7,+18.6,+18.6,+18.5,+18.5,+18.7
2023-08-10 12:22,4,+0.0,+7.7,+9.6,+0.0,+5.9,+14.7,+18.7,+18.7,+18.5,+18.6,+18.6,+18.5,+18.7
2023-08-10 13:22,4,+0.0,+7.7,+9.6,+0.0,+5.9,+14.7,+18.8,+18.8,+18.5,+18.6,+18.6,+18.5,+18.8
2023-08-10 14:22,4,+0.0,+7.7,+9.6,+0.0,+5.9,+14.7,+19.1,+18.8,+18.5,+18.7,+18.6,+18.3,+18.8
2023-08-10 15:22,4,+0.0,+7.7,+9.6,+0.0,+5.8,+14.7,+19.2,+19.0,+18.6,+18.6,+18.5,+18.5,+18.7
2023-08-10 16:22,4,+0.0,+7.6,+9.6,+0.0,+5.9,+14.7,+19.2,+19.0,+18.6,+18.6,+18.6,+18.3,+18.7
2023-08-10 17:22,4,+0.0,+7.7,+9.6,+0.0,+5.8,+14.7,+19.2,+19.1,+18.6,+18.6,+18.6,+18.5,+18.7
2023-08-10 18:22,4,+0.0,+7.7,+9.6,+0.0,+5.9,+14.7,+19.2,+19.1,+18.6,+18.7,+18.5,+18.5,+18.8
2023-08-10 19:22,4,+0.0,+7.7,+9.6,+0.0,+5.8,+14.7,+19.1,+19.2,+18.7,+18.7,+18.6,+18.3,+18.7
2023-08-10 20:22,4,+0.0,+7.7,+9.6,+0.0,+5.8,+14.7,+19.1,+19.1,+18.7,+18.7,+18.5,+18.5,+18.7
2023-08-10 21:22,4,+0.0,+7.7,+9.6,+0.0,+5.8,+14.7,+19.1,+19.1,+18.7,+18.7,+18.6,+18.5,+18.7
2023-08-10 22:22,4,+0.0,+7.7,+9.6,+0.0,+5.8,+14.7,+19.0,+19.2,+18.7,+18.6,+18.6,+18.5,+18.8
2023-08-10 23:22,4,+0.0,+7.7,+9.6,+0.0,+5.8,+14.7,+19.0,+19.2,+18.7,+18.6,+18.6,+18.5,+18.8
2023-08-11 00:22,4,+0.0,+7.7,+9.6,+0.0,+5.8,+14.7,+19.0,+19.2,+18.7,+18.7,+18.6,+18.5,+18.7
2023-08-11 01:22,4,+0.0,+7.7,+9.6,+0.0,+5.8,+14.7,+18.8,+19.2,+18.8,+18.7,+18.6,+18.5,+18.7
2023-08-11 02:22,4,+0.0,+7.7,+9.6,+0.0,+5.9,+14.7,+18.8,+19.1,+18.7,+18.7,+18.6,+18.5,+18.8
2023-08-11 03:22,4,+0.0,+7.7,+9.6,+0.0,+5.9,+14.7,+18.8,+19.1,+18.8,+18.7,+18.6,+18.5,+18.8
2023-08-11 04:22,4,+0.0,+7.7,+9.6,+0.0,+5.9,+14.7,+18.8,+19.1,+18.7,+18.8,+18.6,+18.5,+18.8
2023-08-11 05:22,4,+0.0,+7.9,+9.6,+0.0,+5.9,+14.7,+18.7,+19.1,+18.8,+18.7,+18.6,+18.5,+18.8
2023-08-11 06:22,4,+0.0,+7.7,+9.6,+0.0,+5.9,+14.7,+18.7,+19.1,+18.8,+18.8,+18.6,+18.5,+18.7
2023-08-11 07:22,4,+0.0,+7.7,+9.6,+0.0,+5.9,+14.7,+18.7,+19.1,+18.7,+18.8,+18.6,+18.5,+18.8
2023-08-11 08:22,4,+0.0,+7.7,+9.6,+0.0,+5.9,+14.7,+18.7,+19.1,+18.7,+18.8,+18.6,+18.5,+18.8