
2023-07-25 08:22,3,+10.8,+11.3,+16.3,+15.9,+15.9,+17.3,+19.5,+19.8,+20.5,+20.5,+20.8,+20.6,+20.6
2023-07-25 09:22,3,+10.7,+11.3,+16.3,+15.9,+15.9,+17.3,+19.5,+19.8,+20.5,+20.5,+20.7,+20.6,+20.6
2023-07-25 10:22,3,+10.7,+11.3,+16.3,+15.9,+15.9,+17.3,+19.5,+19.8,+20.5,+20.5,+20.8,+20.6,+20.6
2023-07-25 11:22,3,+10.6,+11.4,+16.3,+16.0,+16.0,+17.4,+19.5,+19.8,+20.5,+20.5,+20.8,+20.6,+20.6
2023-07-25 12:22,3,+10.6,+11.5,+16.3,+16.0,+16.0,+17.3,+19.5,+19.8,+20.5,+20.5,+20.8,+20.6,+20.6
2023-07-25 13:22,3,+10.5,+11.3,+16.3,+16.0,+16.0,+17.3,+19.5,+19.8,+20.3,+20.3,+20.8,+20.6,+20.6
2023-07-25 14:22,3,+10.5,+11.3,+16.3,+15.9,+15.9,+17.3,+19.5,+19.8,+20.3,+20.3,+20.8,+20.6,+20.6
2023-07-25 15:22,3,+10.4,+11.3,+16.3,+16.0,+16.0,+17.4,+19.5,+19.8,+20.5,+20.5,+20.8,+20.6,+20.6
2023-07-25 16:22,3,+10.4,+11.3,+16.3,+15.8,+15.9,+17.3,+19.5,+19.8,+20.3,+20.3,+20.8,+20.6,+20.6
2023-07-25 17:22,3,+10.5,+11.3,+16.3,+16.0,+16.0,+17.4,+19.5,+19.8,+20.5,+20.5,+20.8,+20.6,+20.7
2023-07-25 18:22,3,+10.4,+11.3,+16.2,+15.8,+15.9,+17.3,+19.5,+19.8,+20.3,+20.3,+20.8,+20.6,+20.6
2023-07-25 19:22,3,+10.3,+11.2,+16.3,+16.0,+16.0,+17.3,+19.3,+19.8,+20.3,+20.3,+20.8,+20.6,+20.6
2023-07-25 20:22,3,+10.3,+11.4,+16.3,+15.9,+16.0,+17.3,+19.3,+19.8,+20.3,+20.3,+20.8,+20.6,+20.6
2023-07-25 21:22,3,+10.2,+11.5,+16.2,+16.0,+16.0,+17.4,+19.3,+19.8,+20.5,+20.5,+20.8,+20.6,+20.6
2023-07-25 22:22,3,+10.2,+11.5,+16.2,+16.0,+16.0,+17.4,+19.2,+19.8,+20.3,+20.5,+20.8,+20.6,+20.6
2023-07-25 23:22,3,+10.2,+11.5,+16.2,+16.0,+16.0,+17.4,+19.2,+19.7,+20.3,+20.5,+20.8,+20.6,+20.6
2023-07-26 00:22,3,+10.2,+12.0,+16.3,+15.9,+16.0,+17.3,+19.1,+19.7,+20.3,+20.3,+20.8,+20.6,+20.6
2023-07-26 01:22,3,+10.2,+12.0,+16.2,+16.0,+16.0,+17.4,+19.1,+19.7,+20.3,+20.3,+20.8,+20.6,+20.6
2023-07-26 02:22,3,+10.2,+11.6,+16.3,+16.0,+16.0,+17.4,+19.0,+19.7,+20.3,+20.3,+20.8,+20.6,+20.6
2023-07-26 03:22,3,+10.2,+11.5,+16.3,+15.9,+16.0,+17.4,+19.0,+19.7,+20.3,+20.3,+20.8,+20.6,+20.6
2023-07-26 04:22,3,+10.1,+11.5,+16.2,+16.0,+16.0,+17.4,+18.7,+19.6,+20.3,+20.3,+20.8,+20.6,+20.6
2023-07-26 05:22,3,+10.1,+11.5,+16.3,+15.9,+16.0,+17.4,+18.8,+19.6,+20.3,+20.3,+20.8,+20.6,+20.6
2023-07-26 06:22,3,+10.1,+11.5,+16.3,+16.0,+16.0,+17.4,+18.8,+19.6,+20.2,+20.3,+20.8,+20.6,+20.6
2023-07-26 07:22,3,+10.1,+11.5,+16.3,+16.0,+16.0,+17.4,+18.8,+19.5,+20.3,+20.3,+20.8,+20.6,+20.6
2023-07-26 08:22,3,+10.1,+11.5,+16.3,+15.9,+16.0,+17.4,+19.0,+19.6,+20.2,+20.3,+20.8,+20.6,+20.6
2023-07-26 09:22,3,+10.1,+11.5,+16.3,+16.0,+16.0,+17.4,+19.1,+19.5,+20.3,+20.3,+20.8,+20.6,+20.6
2023-07-26 10:22,3,+10.1,+11.5,+16.3,+16.0,+16.0,+17.4,+19.2,+19.5,+20.2,+20.3,+20.8,+20.6,+20.6
2023-07-26 11:22,3,+10.1,+11.5,+16.2,+15.9,+16.0,+17.4,+19.3,+19.6,+20.2,+20.3,+20.7,+20.6,+20.6
2023-07-26 12:22,3,+10.0,+11.5,+16.2,+16.0,+16.0,+17.4,+19.5,+19.6,+20.2,+20.3,+20.7,+20.6,+20.6
2023-07-26 13:22,3,+10.0,+11.5,+16.2,+16.0,+16.0,+17.4,+19.6,+19.6,+20.2,+20.3,+20.7,+20.6,+20.6
2023-07-26 14:22,3,+10.0,+11.5,+16.2,+16.0,+16.0,+17.4,+19.6,+19.6,+20.2,+20.3,+20.8,+20.6,+20.6
2023-07-26 15:22,3,+10.0,+11.5,+16.2,+16.0,+16.0,+17.4,+19.7,+19.7,+20.2,+20.3,+20.8,+20.6,+20.6
2023-07-26 16:22,3,+9.9,+11.5,+16.2,+15.9,+16.0,+17.4,+19.7,+19.7,+20.2,+20.3,+20.8,+20.6,+20.6
2023-07-26 17:22,3,+9.9,+11.5,+16.2,+16.0,+16.0,+17.4,+19.6,+19.7,+20.2,+20.3,+20.8,+20.6,+20.6
2023-07-26 18:22,3,+9.9,+11.5,+16.2,+15.9,+16.0,+17.4,+19.7,+19.7,+20.2,+20.3,+20.8,+20.6,+20.6
2023-07-26 19:22,3,+9.9,+11.5,+16.2,+16.0,+16.0,+17.4,+19.7,+19.7,+20.2,+20.3,+20.7,+20.6,+20.6
2023-07-26 20:22,3,+9.9,+11.5,+16.2,+15.9,+16.0,+17.4,+19.6,+19.8,+20.2,+20.3,+20.8,+20.6,+20.6
2023-07-26 21:22,3,+9.9,+11.5,+16.2,+16.0,+16.0,+17.4,+19.6,+19.8,+20.2,+20.3,+20.7,+20.6,+20.6
2023-07-26 22:22,3,+9.9,+11.5,+16.2,+15.9,+16.0,+17.4,+19.5,+19.8,+20.2,+20.3,+20.7,+20.6,+20.6
2023-07-26 23:22,3,+9.9,+11.4,+16.2,+16.0,+16.0,+17.4,+19.5,+19.7,+20.3,+20.3,+20.8,+20.6,+20.6
2023-07-27 00:22,3,+9.9,+11.3,+16.2,+16.0,+16.0,+17.4,+19.5,+19.8,+20.2,+20.3,+20.8,+20.6,+20.6
2023-07-27 01:22,3,+10.0,+11.3,+16.2,+16.0,+16.0,+17.4,+19.3,+19.7,+20.2,+20.3,+20.8,+20.6,+20.6
2023-07-27 02:22,3,+10.0,+11.3,+16.2,+16.0,+16.0,+17.4,+19.3,+19.7,+20.2,+20.3,+20.8,+20.6,+20.6
2023-07-27 03:22,3,+10.0,+11.3,+16.2,+15.9,+16.0,+17.4,+19.5,+19.7,+20.3,+20.3,+20.8,+20.6,+20.6
2023-07-27 04:22,3,+10.0,+11.3,+16.2,+15.9,+16.0,+17.4,+19.3,+19.8,+20.2,+20.3,+20.8,+20.6,+20.6
2023-07-27 05:22,3,+9.9,+11.3,+16.2,+16.0,+16.0,+17.4,+19.3,+19.7,+20.2,+20.3,+20.8,+20.6,+20.6
2023-07-27 06:22,3,+9.9,+11.3,+16.2,+16.0,+16.1,+17.4,+19.5,+19.8,+20.2,+20.2,+20.8,+20.6,+20.6
2023-07-27 07:22,3,+10.0,+11.3,+16.2,+16.0,+16.1,+17.4,+19.5,+19.7,+20.3,+20.3,+20.8,+20.6,+20.6
2023-07-27 08:22,3,+10.7,+11.3,+16.2,+16.0,+16.1,+17.4,+19.5,+19.7,+20.2,+20.2,+20.8,+20.5,+20.6
2023-07-27 09:22,3,+11.7,+11.4,+16.2,+15.9,+16.0,+17.4,+19.5,+19.7,+20.2,+20.3,+20.7,+20.6,+20.6
2023-07-27 10:22,3,+11.5,+11.3,+16.2,+16.0,+16.0,+17.4,+19.5,+19.7,+20.2,+20.3,+20.7,+20.6,+20.6
2023-07-27 11:22,3,+11.3,+11.3,+16.2,+16.0,+16.0,+17.4,+19.5,+19.7,+20.2,+20.3,+20.8,+20.5,+20.6
2023-07-27 12:22,3,+11.2,+11.3,+16.2,+16.0,+16.0,+17.4,+19.6,+19.8,+20.2,+20.3,+20.7,+20.6,+20.6
2023-07-27 13:22,3,+11.2,+11.3,+16.2,+15.8,+16.0,+17.4,+19.7,+19.7,+20.2,+20.3,+20.7,+20.6,+20.6
2023-07-27 14:22,3,+11.1,+11.3,+16.2,+15.9,+16.0,+17.4,+19.7,+19.8,+20.2,+20.3,+20.7,+20.5,+20.6
2023-07-27 15:22,3,+11.0,+11.3,+16.2,+15.9,+16.0,+17.4,+19.7,+19.7,+20.3,+20.3,+20.7,+20.6,+20.6
2023-07-27 16:22,3,+11.0,+11.3,+16.2,+15.8,+16.0,+17.4,+19.8,+19.8,+20.3,+20.3,+20.7,+20.6,+20.6
2023-07-27 17:22,3,+10.9,+11.3,+16.2,+16.0,+16.0,+17.4,+19.8,+19.8,+20.2,+20.2,+20.7,+20.6,+20.6
2023-07-27 18:22,3,+10.9,+11.3,+16.2,+16.0,+16.0,+17.4,+19.7,+19.8,+20.3,+20.3,+20.8,+20.6,+20.6
2023-07-27 19:22,3,+10.9,+11.3,+16.2,+15.8,+16.0,+17.4,+19.7,+19.8,+20.3,+20.3,+20.7,+20.5,+20.6
2023-07-27 20:22,3,+10.9,+11.3,+16.2,+15.8,+16.0,+17.4,+19.7,+19.8,+20.3,+20.2,+20.7,+20.5,+20.6
2023-07-27 21:22,3,+10.9,+11.3,+16.2,+15.9,+16.0,+17.4,+19.7,+20.0,+20.3,+20.3,+20.8,+20.5,+20.6
2023-07-27 22:22,3,+10.9,+11.3,+16.2,+15.8,+16.0,+17.4,+19.7,+19.8,+20.3,+20.3,+20.7,+20.6,+20.6
2023-07-27 23:22,3,+10.9,+11.3,+16.2,+15.8,+16.0,+17.4,+19.7,+19.8,+20.3,+20.3,+20.8,+20.5,+20.6
2023-07-28 00:22,3,+10.9,+11.3,+16.2,+15.8,+16.0,+17.4,+19.6,+19.8,+20.2,+20.3,+20.7,+20.6,+20.6
2023-07-28 01:22,3,+10.8,+11.3,+16.2,+16.0,+16.0,+17.5,+19.6,+19.8,+20.3,+20.3,+20.8,+20.5,+20.6
2023-07-28 02:22,3,+10.7,+11.3,+16.2,+16.0,+16.0,+17.4,+19.5,+20.0,+20.3,+20.3,+20.7,+20.6,+20.6
2023-07-28 03:22,3,+10.7,+11.3,+16.2,+16.0,+16.0,+17.5,+19.5,+19.8,+20.3,+20.3,+20.7,+20.6,+20.6
2023-07-28 04:22,3,+10.7,+11.3,+16.2,+16.0,+16.0,+17.5,+19.3,+19.8,+20.3,+20.3,+20.7,+20.5,+20.6
2023-07-28 05:22,3,+10.8,+11.3,+16.2,+15.8,+16.0,+17.4,+19.3,+19.8,+20.3,+20.3,+20.8,+20.5,+20.6
2023-07-28 06:22,3,+10.7,+11.3,+16.2,+16.0,+16.0,+17.5,+19.3,+19.8,+20.3,+20.3,+20.7,+20.5,+20.6
2023-07-28 07:22,3,+11.0,+11.3,+16.2,+16.0,+16.0,+17.4,+19.3,+19.8,+20.2,+20.3,+20.7,+20.5,+20.6
2023-07-28 08:22,3,+10.5,+11.3,+16.2,+15.9,+16.0,+17.4,+19.5,+19.8,+20.3,+20.3,+20.7,+20.6,+20.6
2023-07-28 09:22,3,+10.5,+11.3,+16.2,+16.0,+16.0,+17.5,+19.6,+19.8,+20.3,+20.3,+20.7,+20.6,+20.6
2023-07-28 10:22,3,+10.4,+11.3,+16.2,+16.0,+16.0,+17.5,+19.6,+19.8,+20.3,+20.3,+20.7,+20.5,+20.6
2023-07-28 11:22,3,+10.5,+11.3,+16.2,+16.0,+16.0,+17.5,+19.7,+19.8,+20.3,+20.3,+20.7,+20.5,+20.6
2023-07-28 12:22,3,+10.4,+11.3,+16.2,+16.0,+16.0,+17.4,+19.8,+19.8,+20.2,+20.3,+20.7,+20.6,+20.6
2023-07-28 13:22,3,+10.4,+11.2,+16.2,+16.0,+16.0,+17.4,+20.0,+19.8,+20.3,+20.3,+20.7,+20.5,+20.6
2023-07-28 14:22,3,+10.4,+11.2,+16.2,+15.9,+16.0,+17.4,+20.0,+19.8,+20.3,+20.3,+20.7,+20.6,+20.6
2023-07-28 15:22,3,+10.3,+11.2,+16.1,+16.0,+16.0,+17.4,+20.1,+20.0,+20.3,+20.3,+20.7,+20.5,+20.6
2023-07-28 16:22,3,+10.3,+11.2,+16.2,+16.0,+16.0,+17.4,+20.2,+20.0,+20.3,+20.3,+20.7,+20.5,+20.6
2023-07-28 17:22,3,+10.3,+11.2,+16.2,+16.0,+16.0,+17.4,+20.2,+20.0,+20.3,+20.3,+20.7,+20.5,+20.6
2023-07-28 18:22,3,+10.4,+11.2,+16.2,+15.8,+16.0,+17.4,+20.2,+20.1,+20.3,+20.3,+20.7,+20.5,+20.6
2023-07-28 19:22,3,+10.3,+11.2,+16.2,+15.8,+16.0,+17.4,+20.3,+20.1,+20.3,+20.3,+20.7,+20.6,+20.6
2023-07-28 20:22,3,+10.4,+11.2,+16.2,+15.9,+16.0,+17.4,+20.2,+20.1,+20.3,+20.3,+20.7,+20.6,+20.6
2023-07-28 21:22,3,+10.3,+11.2,+16.2,+15.9,+16.0,+17.4,+20.3,+20.1,+20.3,+20.3,+20.7,+20.5,+20.6
2023-07-28 22:22,3,+10.2,+11.2,+16.2,+15.8,+16.0,+17.4,+20.3,+20.2,+20.5,+20.3,+20.7,+20.6,+20.6
2023-07-28 23:22,3,+10.2,+11.2,+16.2,+15.8,+16.0,+17.4,+20.2,+20.2,+20.3,+20.3,+20.7,+20.5,+20.6
2023-07-29 00:22,3,+10.2,+11.2,+16.2,+15.8,+15.9,+17.4,+20.2,+20.2,+20.5,+20.3,+20.7,+20.6,+20.6
2023-07-29 01:22,3,+10.2,+11.2,+16.2,+16.0,+16.0,+17.5,+20.2,+20.2,+20.5,+20.3,+20.7,+20.6,+20.6
2023-07-29 02:22,3,+10.2,+11.2,+16.2,+15.8,+15.9,+17.4,+20.2,+20.2,+20.5,+20.3,+20.8,+20.6,+20.6
2023-07-29 03:22,3,+10.2,+11.2,+16.2,+15.8,+15.9,+17.4,+20.1,+20.2,+20.5,+20.3,+20.7,+20.5,+20.6
2023-07-29 04:22,3,+10.3,+11.2,+16.2,+15.9,+16.0,+17.5,+20.1,+20.2,+20.5,+20.5,+20.7,+20.6,+20.6
2023-07-29 05:22,3,+10.3,+11.2,+16.2,+16.0,+16.0,+17.5,+20.1,+20.2,+20.5,+20.3,+20.7,+20.5,+20.6
2023-07-29 06:22,3,+10.3,+11.2,+16.2,+16.0,+16.0,+17.5,+20.0,+20.2,+20.5,+20.3,+20.8,+20.6,+20.6
2023-07-29 07:22,3,+10.3,+11.2,+16.2,+15.8,+16.0,+17.4,+20.1,+20.2,+20.5,+20.5,+20.7,+20.6,+20.6
2023-07-29 08:22,3,+10.3,+11.2,+16.2,+16.0,+16.0,+17.5,+20.1,+20.2,+20.5,+20.5,+20.8,+20.6,+20.7
2023-07-29 09:22,3,+10.3,+11.2,+16.2,+16.0,+16.0,+17.5,+20.2,+20.2,+20.5,+20.3,+20.8,+20.5,+20.6
2023-07-29 10:22,3,+10.3,+11.2,+16.2,+15.8,+16.0,+17.4,+20.3,+20.2,+20.6,+20.3,+20.8,+20.6,+20.6
2023-07-29 11:22,3,+10.0,+11.2,+16.2,+15.8,+16.0,+17.4,+20.3,+20.2,+20.6,+20.3,+20.8,+20.6,+20.6
2023-07-29 12:22,3,+9.8,+11.2,+16.2,+15.8,+16.0,+17.4,+20.5,+20.2,+20.6,+20.5,+20.8,+20.5,+20.6
2023-07-29 13:22,3,+9.8,+11.2,+16.1,+16.0,+16.0,+17.4,+20.6,+20.3,+20.5,+20.3,+20.8,+20.5,+20.6
2023-07-29 14:22,3,+9.7,+11.2,+16.1,+16.0,+16.0,+17.4,+20.6,+20.3,+20.6,+20.3,+20.7,+20.5,+20.6
2023-07-29 15:22,3,+9.9,+11.1,+16.1,+15.8,+15.9,+17.4,+20.7,+20.3,+20.6,+20.3,+20.7,+20.5,+20.6
2023-07-29 16:22,3,+9.9,+11.1,+16.1,+15.8,+15.9,+17.4,+20.7,+20.5,+20.6,+20.3,+20.8,+20.5,+20.6
2023-07-29 17:22,3,+9.9,+11.1,+16.1,+15.8,+15.9,+17.4,+20.7,+20.5,+20.6,+20.5,+20.7,+20.5,+20.6
2023-07-29 18:22,3,+9.9,+11.1,+16.1,+15.9,+16.0,+17.4,+20.6,+20.5,+20.6,+20.3,+20.7,+20.5,+20.6
2023-07-29 19:22,3,+9.9,+11.1,+16.1,+15.8,+15.9,+17.4,+20.6,+20.5,+20.6,+20.5,+20.8,+20.6,+20.6
2023-07-29 20:22,3,+9.9,+11.1,+16.1,+15.8,+15.9,+17.4,+20.5,+20.5,+20.6,+20.5,+20.7,+20.6,+20.6
2023-07-29 21:22,3,+9.8,+11.1,+16.1,+15.8,+15.9,+17.4,+20.5,+20.5,+20.6,+20.5,+20.7,+20.6,+20.6
2023-07-29 22:22,3,+9.8,+11.1,+16.1,+15.8,+15.9,+17.4,+20.5,+20.5,+20.6,+20.5,+20.8,+20.5,+20.6
2023-07-29 23:22,3,+9.8,+11.1,+16.1,+15.8,+15.9,+17.4,+20.3,+20.5,+20.6,+20.5,+20.7,+20.6,+20.6
2023-07-30 00:22,3,+9.8,+11.1,+16.1,+15.9,+16.0,+17.4,+20.5,+20.5,+20.7,+20.5,+20.8,+20.5,+20.6
2023-07-30 01:22,3,+9.8,+11.0,+16.1,+15.8,+16.0,+17.4,+20.3,+20.5,+20.7,+20.5,+20.8,+20.6,+20.6
2023-07-30 02:22,3,+9.8,+11.0,+16.1,+16.0,+16.0,+17.5,+20.3,+20.3,+20.7,+20.5,+20.8,+20.6,+20.6
2023-07-30 03:22,3,+9.7,+11.0,+16.1,+16.0,+16.0,+17.4,+20.3,+20.5,+20.7,+20.5,+20.8,+20.6,+20.6
2023-07-30 04:22,3,+9.7,+11.0,+16.1,+16.0,+16.0,+17.5,+20.2,+20.5,+20.6,+20.5,+20.8,+20.6,+20.5
2023-07-30 05:22,3,+9.6,+10.9,+16.1,+15.9,+16.0,+17.5,+20.2,+20.5,+20.7,+20.5,+20.8,+20.6,+20.6
2023-07-30 06:22,3,+9.6,+10.9,+16.1,+15.8,+15.9,+17.4,+20.2,+20.3,+20.7,+20.5,+20.8,+20.6,+20.6
2023-07-30 07:22,3,+9.6,+10.9,+16.1,+16.0,+16.0,+17.5,+20.2,+20.3,+20.7,+20.5,+20.8,+20.6,+20.6
2023-07-30 08:22,3,+9.6,+10.9,+16.1,+16.0,+16.0,+17.5,+20.3,+20.5,+20.7,+20.5,+20.8,+20.6,+20.6
2023-07-30 09:22,3,+9.7,+10.9,+16.1,+15.8,+16.0,+17.4,+20.2,+20.3,+20.6,+20.5,+20.8,+20.6,+20.6
2023-07-30 10:22,3,+9.7,+10.9,+16.1,+15.8,+16.0,+17.4,+20.3,+20.3,+20.7,+20.6,+20.8,+20.6,+20.6
2023-07-30 11:22,3,+9.7,+10.9,+16.1,+15.8,+16.0,+17.4,+20.3,+20.3,+20.7,+20.5,+20.8,+20.6,+20.6
2023-07-30 12:22,3,+9.6,+10.9,+16.1,+15.8,+16.0,+17.4,+20.5,+20.5,+20.7,+20.6,+20.8,+20.6,+20.6
2023-07-30 13:22,3,+9.6,+10.9,+16.1,+15.8,+16.0,+17.4,+20.3,+20.5,+20.7,+20.5,+20.8,+20.6,+20.6
2023-07-30 14:22,3,+9.6,+10.9,+16.1,+15.8,+16.0,+17.4,+20.3,+20.5,+20.6,+20.5,+20.8,+20.6,+20.6
2023-07-30 15:22,3,+9.6,+10.9,+16.1,+15.8,+16.0,+17.4,+20.3,+20.3,+20.7,+20.5,+20.8,+20.6,+20.6
2023-07-30 16:22,3,+9.5,+10.9,+16.1,+15.8,+16.0,+17.4,+20.3,+20.5,+20.7,+20.5,+20.8,+20.6,+20.6
2023-07-30 17:22,3,+9.5,+10.9,+16.2,+16.0,+16.0,+17.5,+20.3,+20.5,+20.7,+20.5,+20.8,+20.6,+20.6
2023-07-30 18:22,3,+9.6,+10.9,+16.1,+15.8,+16.0,+17.4,+20.3,+20.3,+20.7,+20.5,+20.8,+20.6,+20.6
2023-07-30 19:22,3,+9.6,+10.8,+16.1,+15.9,+16.0,+17.4,+20.3,+20.3,+20.7,+20.5,+20.8,+20.6,+20.6
2023-07-30 20:22,3,+9.6,+10.8,+16.1,+16.0,+16.0,+17.5,+20.2,+20.5,+20.7,+20.5,+21.0,+20.6,+20.6
2023-07-30 21:22,3,+9.6,+10.8,+16.1,+15.8,+16.0,+17.4,+20.2,+20.3,+20.7,+20.5,+20.8,+20.6,+20.6
2023-07-30 22:22,3,+9.6,+10.8,+16.1,+15.8,+16.0,+17.4,+20.1,+20.3,+20.7,+20.6,+20.8,+20.6,+20.6
2023-07-30 23:22,3,+9.6,+10.8,+16.1,+16.0,+16.0,+17.5,+20.1,+20.3,+20.7,+20.6,+20.8,+20.6,+20.6
2023-07-31 00:22,3,+9.6,+10.8,+16.2,+15.8,+16.0,+17.5,+20.1,+20.3,+20.7,+20.5,+20.8,+20.6,+20.6
2023-07-31 01:22,3,+9.6,+10.8,+16.1,+15.9,+16.0,+17.5,+20.1,+20.3,+20.7,+20.6,+20.8,+20.6,+20.6
2023-07-31 02:22,3,+9.6,+10.8,+16.1,+16.0,+16.0,+17.5,+20.1,+20.3,+20.7,+20.6,+20.8,+20.6,+20.6
2023-07-31 03:22,3,+9.6,+10.8,+16.2,+16.0,+16.0,+17.5,+20.1,+20.3,+20.7,+20.6,+20.8,+20.6,+20.6
2023-07-31 04:22,3,+9.6,+10.8,+16.2,+16.0,+16.0,+17.5,+20.0,+20.3,+20.7,+20.6,+20.8,+20.6,+20.6
2023-07-31 05:22,3,+9.5,+10.8,+16.2,+16.0,+16.0,+17.5,+20.0,+20.3,+20.6,+20.6,+20.8,+20.6,+20.6
2023-07-31 06:22,3,+9.5,+10.8,+16.2,+15.8,+16.0,+17.5,+20.1,+20.3,+20.7,+20.6,+20.8,+20.6,+20.6
2023-07-31 07:22,3,+9.4,+10.8,+16.2,+15.8,+16.0,+17.5,+20.1,+20.3,+20.7,+20.6,+20.8,+20.6,+20.6
2023-07-31 08:22,3,+9.3,+10.8,+16.2,+15.9,+16.0,+17.5,+20.1,+20.3,+20.6,+20.6,+21.0,+20.6,+20.6
2023-07-31 09:22,3,+9.3,+10.8,+16.2,+15.9,+16.0,+17.5,+20.2,+20.3,+20.7,+20.5,+21.0,+20.6,+20.6
2023-07-31 10:22,3,+9.3,+10.8,+16.2,+15.9,+16.0,+17.5,+20.3,+20.3,+20.7,+20.5,+20.8,+20.6,+20.6
2023-07-31 11:22,3,+9.3,+10.8,+16.2,+15.6,+16.0,+17.5,+20.5,+20.3,+20.6,+20.6,+21.0,+20.6,+20.6
2023-07-31 12:22,3,+9.3,+10.8,+16.2,+15.6,+16.0,+17.5,+20.6,+20.3,+20.7,+20.6,+21.0,+20.7,+20.6
2023-07-31 13:22,3,+9.2,+10.8,+16.2,+15.6,+16.0,+17.5,+20.6,+20.3,+20.6,+20.6,+20.8,+20.6,+20.6
2023-07-31 14:22,3,+9.2,+10.8,+16.2,+15.6,+16.0,+17.5,+20.6,+20.5,+20.7,+20.6,+21.0,+20.6,+20.6
2023-07-31 15:22,3,+9.2,+10.8,+16.1,+15.7,+16.0,+17.5,+20.6,+20.5,+20.7,+20.5,+20.8,+20.6,+20.6
2023-07-31 16:22,3,+9.2,+10.8,+16.1,+15.7,+16.0,+17.5,+20.5,+20.5,+20.7,+20.6,+21.0,+20.7,+20.6
2023-07-31 17:22,3,+9.1,+10.8,+16.1,+15.7,+16.0,+17.5,+20.5,+20.5,+20.7,+20.5,+20.8,+20.6,+20.6
2023-07-31 18:22,3,+9.1,+10.8,+16.1,+15.7,+16.0,+17.5,+20.5,+20.5,+20.7,+20.6,+20.8,+20.7,+20.6
2023-07-31 19:22,3,+9.1,+10.8,+16.1,+15.7,+16.0,+17.5,+20.3,+20.5,+20.7,+20.6,+21.0,+20.6,+20.6
2023-07-31 20:22,3,+9.1,+10.8,+16.1,+15.7,+16.0,+17.5,+20.3,+20.5,+20.7,+20.5,+20.8,+20.6,+20.6
2023-07-31 21:22,3,+9.1,+10.8,+16.1,+15.7,+16.0,+17.5,+20.3,+20.5,+20.7,+20.6,+21.0,+20.6,+20.6
2023-07-31 22:22,3,+9.1,+10.8,+16.1,+15.6,+16.0,+17.5,+20.3,+20.5,+20.7,+20.6,+21.0,+20.7,+20.6
2023-07-31 23:22,3,+9.2,+10.8,+16.0,+15.7,+16.0,+17.5,+20.3,+20.5,+20.7,+20.6,+20.8,+20.6,+20.6
2023-08-01 00:22,3,+9.1,+10.8,+16.0,+15.6,+16.0,+17.5,+20.3,+20.5,+20.8,+20.6,+21.0,+20.7,+20.6
2023-08-01 01:22,3,+9.1,+10.8,+15.9,+15.6,+16.0,+17.5,+20.2,+20.5,+20.7,+20.5,+20.8,+20.7,+20.7
2023-08-01 02:22,3,+9.1,+10.8,+15.9,+15.6,+16.0,+17.5,+20.2,+20.5,+20.7,+20.6,+21.0,+20.6,+20.6
2023-08-01 03:22,3,+9.1,+10.8,+16.0,+15.7,+16.0,+17.5,+20.2,+20.5,+20.7,+20.6,+21.0,+20.7,+20.6
2023-08-01 04:22,3,+9.2,+10.8,+15.9,+15.6,+16.0,+17.5,+20.2,+20.5,+20.7,+20.6,+21.0,+20.7,+20.6
2023-08-01 05:22,3,+9.2,+10.8,+16.0,+15.6,+16.0,+17.5,+20.1,+20.5,+20.7,+20.6,+21.0,+20.6,+20.6
2023-08-01 06:22,3,+9.4,+10.9,+16.0,+15.7,+16.0,+17.5,+20.1,+20.3,+20.7,+20.6,+21.0,+20.7,+20.6
2023-08-01 07:22,3,+9.5,+10.9,+16.0,+15.7,+16.0,+17.5,+20.1,+20.3,+20.7,+20.6,+21.0,+20.6,+20.6
2023-08-01 08:22,3,+9.5,+10.9,+16.0,+15.7,+16.0,+17.5,+20.2,+20.3,+20.7,+20.6,+21.0,+20.7,+20.7
2023-08-01 09:22,3,+9.5,+10.9,+16.0,+15.7,+16.0,+17.5,+20.2,+20.5,+20.7,+20.6,+21.0,+20.7,+20.7
2023-08-01 10:22,3,+9.6,+10.9,+16.0,+15.7,+16.0,+17.5,+20.3,+20.3,+20.7,+20.6,+21.0,+20.7,+20.7
2023-08-01 11:22,3,+9.6,+10.9,+16.0,+15.7,+16.0,+17.5,+20.5,+20.5,+20.7,+20.6,+21.0,+20.6,+20.7
2023-08-01 12:22,3,+9.6,+11.0,+15.9,+15.6,+16.0,+17.5,+20.5,+20.3,+20.8,+20.6,+21.0,+20.6,+20.6
2023-08-01 13:22,3,+9.8,+10.9,+15.9,+15.7,+16.0,+17.5,+20.5,+20.5,+20.7,+20.6,+21.0,+20.7,+20.6
2023-08-01 14:22,3,+9.8,+11.3,+16.0,+15.7,+16.0,+17.5,+20.5,+20.5,+20.8,+20.6,+21.0,+20.6,+20.7
2023-08-01 15:22,3,+9.6,+11.4,+15.9,+15.6,+16.0,+17.5,+20.6,+20.5,+20.7,+20.6,+21.0,+20.7,+20.6
2023-08-01 16:22,3,+9.5,+11.6,+16.0,+15.6,+16.0,+17.5,+20.6,+20.5,+20.7,+20.6,+21.0,+20.7,+20.6
2023-08-01 17:22,3,+9.6,+11.8,+16.0,+15.7,+16.0,+17.5,+20.6,+20.5,+20.8,+20.6,+21.0,+20.6,+20.7
2023-08-01 18:22,3,+9.6,+11.8,+16.0,+15.6,+16.0,+17.5,+20.6,+20.5,+20.7,+20.6,+21.0,+20.7,+20.7
2023-08-01 19:22,3,+9.6,+12.2,+16.0,+15.6,+16.0,+17.5,+20.5,+20.6,+20.8,+20.6,+21.0,+20.7,+20.7
2023-08-01 20:22,3,+9.4,+11.9,+16.0,+15.7,+16.0,+17.5,+20.5,+20.6,+20.8,+20.6,+21.0,+20.7,+20.7
2023-08-01 21:22,3,+9.3,+12.9,+16.0,+15.6,+16.0,+17.5,+20.3,+20.6,+20.8,+20.6,+21.0,+20.7,+20.6
2023-08-01 22:22,3,+9.3,+12.2,+16.6,+15.7,+16.0,+17.5,+20.3,+20.5,+20.8,+20.6,+21.0,+20.7,+20.7
2023-08-01 23:22,3,+9.4,+12.3,+16.3,+15.6,+16.0,+17.5,+20.2,+20.5,+20.8,+20.6,+21.0,+20.7,+20.7
2023-08-02 00:22,3,+9.6,+11.9,+16.4,+15.6,+16.0,+17.5,+20.1,+20.5,+20.8,+20.7,+21.0,+20.7,+20.7
2023-08-02 01:22,3,+9.5,+11.3,+16.4,+15.6,+16.0,+17.5,+20.1,+20.5,+20.8,+20.7,+21.0,+20.7,+20.7
2023-08-02 02:22,3,+9.4,+11.4,+16.5,+15.7,+16.0,+17.5,+20.0,+20.5,+20.8,+20.7,+21.0,+20.6,+20.7
2023-08-02 03:22,3,+9.4,+11.4,+16.5,+15.6,+16.0,+17.5,+20.0,+20.5,+20.8,+20.6,+21.0,+20.7,+20.7
2023-08-02 04:22,3,+9.4,+11.4,+16.4,+15.6,+16.0,+17.5,+20.0,+20.5,+20.8,+20.7,+21.0,+20.7,+20.7
2023-08-02 05:22,3,+9.3,+11.4,+16.4,+15.6,+16.0,+17.5,+20.0,+20.3,+20.7,+20.7,+21.1,+20.7,+20.7
2023-08-02 06:22,3,+9.3,+11.6,+16.4,+15.8,+16.0,+17.5,+20.0,+20.3,+20.8,+20.7,+21.0,+20.7,+20.7
2023-08-02 07:22,3,+9.3,+11.4,+16.4,+15.8,+16.0,+17.5,+20.0,+20.3,+20.8,+20.7,+21.0,+20.7,+20.7
2023-08-02 08:22,3,+9.1,+11.4,+16.4,+15.7,+16.0,+17.5,+20.1,+20.3,+20.8,+20.7,+21.1,+20.7,+20.7
2023-08-02 09:22,3,+9.0,+11.4,+16.4,+15.8,+16.0,+17.5,+20.1,+20.3,+20.8,+20.7,+21.0,+20.7,+20.7
2023-08-02 10:22,3,+9.0,+11.4,+16.4,+15.8,+16.0,+17.5,+20.2,+20.3,+20.7,+20.7,+21.0,+20.7,+20.7
2023-08-02 11:22,3,+8.9,+11.4,+16.4,+15.6,+16.0,+17.5,+20.3,+20.3,+20.8,+20.6,+21.0,+20.7,+20.7
2023-08-02 12:22,3,+8.9,+11.3,+16.4,+15.6,+16.0,+17.5,+20.5,+20.3,+20.7,+20.6,+21.0,+20.7,+20.7
2023-08-02 13:22,3,+8.9,+11.5,+16.3,+15.6,+16.0,+17.5,+20.5,+20.5,+20.7,+20.7,+21.1,+20.7,+20.6
2023-08-02 14:22,3,+8.9,+11.5,+16.3,+15.6,+16.0,+17.5,+20.6,+20.5,+20.8,+20.7,+21.0,+20.7,+20.7
2023-08-02 15:22,3,+9.0,+11.5,+16.3,+15.8,+16.0,+17.5,+20.5,+20.5,+20.8,+20.6,+21.0,+20.7,+20.7
2023-08-02 16:22,3,+8.8,+11.4,+16.4,+15.8,+16.0,+17.5,+20.6,+20.5,+20.7,+20.6,+21.0,+20.7,+20.7
2023-08-02 17:22,3,+8.7,+11.4,+16.5,+15.8,+16.0,+17.5,+20.5,+20.6,+20.8,+20.7,+21.0,+20.7,+20.7
2023-08-02 18:22,3,+8.7,+11.6,+16.5,+15.8,+16.0,+17.5,+20.3,+20.6,+20.8,+20.6,+21.0,+20.7,+20.7
2023-08-02 19:22,3,+8.8,+11.6,+16.5,+15.6,+16.0,+17.5,+20.3,+20.5,+20.8,+20.7,+21.0,+20.7,+20.7
2023-08-02 20:22,3,+8.9,+11.6,+16.5,+15.8,+16.0,+17.5,+20.2,+20.5,+20.8,+20.6,+21.1,+20.7,+20.7
2023-08-02 21:22,3,+8.9,+11.6,+16.5,+15.6,+16.0,+17.5,+20.2,+20.5,+20.8,+20.6,+21.1,+20.7,+20.7
2023-08-02 22:22,3,+9.0,+11.4,+16.5,+15.6,+16.0,+17.5,+20.2,+20.5,+20.8,+20.7,+21.0,+20.7,+20.7
2023-08-02 23:22,3,+8.9,+11.4,+16.5,+15.6,+16.0,+17.5,+20.1,+20.5,+20.8,+20.6,+21.0,+20.7,+20.7
2023-08-03 00:22,3,+8.9,+11.4,+16.5,+15.6,+16.0,+17.5,+20.1,+20.5,+20.8,+20.7,+21.0,+20.7,+20.7
2023-08-03 01:22,3,+8.9,+11.4,+16.5,+15.6,+16.0,+17.5,+20.1,+20.3,+20.8,+20.7,+21.1,+20.7,+20.7
2023-08-03 02:22,3,+8.9,+11.4,+16.5,+15.7,+16.0,+17.5,+20.0,+20.5,+20.8,+20.7,+21.0,+20.7,+20.7
2023-08-03 03:22,3,+8.8,+11.5,+16.5,+15.6,+16.0,+17.5,+19.8,+20.3,+20.8,+20.7,+21.0,+20.7,+20.7
2023-08-03 04:22,3,+8.8,+11.8,+16.5,+15.6,+16.0,+17.5,+19.8,+20.3,+20.8,+20.7,+21.0,+20.7,+20.7
2023-08-03 05:22,3,+8.8,+11.7,+16.5,+15.8,+16.0,+17.5,+19.7,+20.3,+20.8,+20.6,+21.0,+20.7,+20.7
2023-08-03 06:22,3,+8.8,+11.6,+16.5,+15.7,+16.0,+17.5,+19.7,+20.2,+20.7,+20.6,+21.0,+20.7,+20.7
2023-08-03 07:22,3,+8.8,+11.2,+16.5,+15.8,+16.0,+17.5,+19.7,+20.3,+20.8,+20.6,+21.1,+20.7,+20.7
2023-08-03 08:22,3,+8.8,+11.2,+16.5,+15.6,+16.0,+17.5,+19.8,+20.3,+20.8,+20.7,+21.0,+20.7,+20.7
2023-08-03 09:22,3,+8.8,+11.2,+16.5,+15.8,+16.0,+17.5,+19.8,+20.2,+20.8,+20.7,+21.1,+20.7,+20.7
2023-08-03 10:22,3,+8.9,+11.1,+16.5,+15.8,+16.0,+17.5,+20.0,+20.3,+20.7,+20.7,+21.1,+20.7,+20.7
2023-08-03 11:22,3,+9.0,+11.1,+16.5,+15.6,+16.0,+17.5,+20.1,+20.2,+20.7,+20.7,+21.0,+20.7,+20.7
2023-08-03 12:22,3,+9.0,+11.4,+16.5,+15.6,+16.0,+17.5,+20.2,+20.3,+20.7,+20.6,+21.0,+20.8,+20.7
2023-08-03 13:22,3,+8.9,+11.9,+16.5,+15.6,+16.0,+17.5,+20.2,+20.3,+20.7,+20.7,+21.0,+20.7,+20.7
2023-08-03 14:22,3,+9.0,+11.8,+16.4,+15.8,+16.0,+17.5,+20.2,+20.3,+20.7,+20.6,+21.0,+20.7,+20.7
2023-08-03 15:22,3,+9.0,+11.8,+16.5,+15.6,+16.0,+17.5,+20.3,+20.3,+20.7,+20.6,+21.1,+20.7,+20.7
2023-08-03 16:22,3,+9.0,+12.0,+16.5,+15.7,+16.0,+17.5,+20.3,+20.3,+20.7,+20.7,+21.0,+20.7,+20.7
2023-08-03 17:22,3,+9.1,+11.9,+16.5,+15.8,+16.0,+17.5,+20.3,+20.3,+20.7,+20.6,+21.0,+20.7,+20.7
2023-08-03 18:22,3,+9.5,+11.9,+16.4,+15.6,+16.0,+17.5,+20.3,+20.5,+20.7,+20.6,+21.1,+20.7,+20.7
2023-08-03 19:22,3,+9.5,+11.9,+16.4,+15.6,+16.0,+17.5,+20.3,+20.3,+20.7,+20.6,+21.0,+20.7,+20.7
2023-08-03 20:22,3,+9.5,+11.8,+16.4,+15.8,+16.0,+17.5,+20.3,+20.5,+20.7,+20.7,+21.1,+20.7,+20.7
2023-08-03 21:22,3,+9.4,+11.8,+16.4,+15.6,+16.0,+17.5,+20.3,+20.5,+20.7,+20.6,+21.0,+20.7,+20.7
2023-08-03 22:22,3,+9.2,+12.0,+16.4,+15.6,+16.0,+17.5,+20.3,+20.5,+20.7,+20.6,+21.0,+20.7,+20.7
2023-08-03 23:22,3,+9.4,+12.0,+16.4,+15.8,+16.0,+17.5,+20.2,+20.5,+20.7,+20.6,+21.1,+20.7,+20.7
2023-08-04 00:22,3,+9.6,+12.1,+16.4,+15.6,+16.0,+17.5,+20.1,+20.5,+20.7,+20.6,+21.0,+20.7,+20.7
2023-08-04 01:22,3,+9.1,+12.3,+16.5,+15.8,+16.0,+17.5,+20.1,+20.5,+20.7,+20.6,+21.0,+20.7,+20.7
2023-08-04 02:22,3,+9.2,+11.8,+16.4,+15.8,+16.0,+17.5,+20.2,+20.5,+20.7,+20.7,+21.0,+20.8,+20.7
2023-08-04 03:22,3,+9.1,+11.9,+16.4,+15.6,+16.0,+17.5,+20.2,+20.3,+20.7,+20.6,+21.1,+20.7,+20.7
2023-08-04 04:22,3,+9.1,+12.2,+16.4,+15.8,+16.0,+17.5,+20.1,+20.3,+20.8,+20.7,+21.1,+20.7,+20.7
2023-08-04 05:22,3,+9.2,+12.2,+16.4,+15.6,+16.0,+17.5,+20.1,+20.5,+20.8,+20.7,+21.1,+20.7,+20.8
2023-08-04 06:22,3,+8.9,+12.2,+16.4,+15.8,+16.0,+17.5,+20.2,+20.3,+20.7,+20.6,+21.1,+20.7,+20.8
2023-08-04 07:22,3,+9.0,+12.1,+16.4,+15.8,+16.0,+17.5,+20.1,+20.5,+20.8,+20.6,+21.1,+20.7,+20.7
2023-08-04 08:22,3,+8.9,+12.1,+16.4,+15.6,+16.0,+17.5,+20.1,+20.5,+20.7,+20.6,+21.1,+20.8,+20.7
2023-08-04 09:22,3,+8.9,+12.1,+16.4,+15.7,+16.0,+17.5,+20.2,+20.3,+20.7,+20.6,+21.1,+20.8,+20.7
2023-08-04 10:22,3,+8.8,+12.1,+16.4,+15.7,+16.0,+17.5,+20.2,+20.3,+20.8,+20.7,+21.1,+20.7,+20.7
2023-08-04 11:22,3,+8.8,+12.2,+16.4,+15.7,+16.0,+17.5,+20.3,+20.3,+20.7,+20.7,+21.1,+20.8,+20.7
2023-08-04 12:22,3,+8.8,+12.2,+16.4,+15.7,+16.0,+17.5,+20.3,+20.3,+20.7,+20.7,+21.1,+20.8,+20.7
2023-08-04 13:22,3,+8.7,+12.2,+16.4,+15.8,+16.0,+17.5,+20.5,+20.3,+20.7,+20.7,+21.1,+20.7,+20.7
2023-08-04 14:22,3,+8.8,+12.3,+16.4,+15.8,+16.0,+17.5,+20.6,+20.5,+20.8,+20.7,+21.0,+20.7,+20.7
2023-08-04 15:22,3,+8.7,+12.3,+16.4,+15.7,+16.0,+17.5,+20.7,+20.5,+20.7,+20.6,+21.0,+20.7,+20.8
2023-08-04 16:22,3,+8.6,+12.2,+16.4,+15.7,+15.9,+17.5,+20.6,+20.5,+20.8,+20.6,+21.1,+20.7,+20.7
2023-08-04 17:22,3,+8.6,+12.2,+16.4,+15.7,+15.9,+17.5,+20.6,+20.5,+20.7,+20.6,+21.1,+20.8,+20.7
2023-08-04 18:22,3,+8.6,+12.2,+16.4,+15.7,+16.0,+17.5,+20.6,+20.5,+20.8,+20.7,+21.0,+20.7,+20.7
2023-08-04 19:22,3,+8.6,+12.2,+16.4,+15.7,+16.0,+17.5,+20.5,+20.5,+20.7,+20.6,+21.0,+20.7,+20.7
2023-08-04 20:22,3,+8.8,+12.2,+16.4,+15.7,+15.9,+17.5,+20.5,+20.5,+20.8,+20.6,+21.1,+20.7,+20.7
2023-08-04 21:22,3,+8.7,+12.2,+16.4,+15.8,+16.0,+17.5,+20.3,+20.5,+20.7,+20.6,+21.0,+20.7,+20.8
2023-08-04 22:22,3,+8.8,+12.2,+16.4,+15.8,+16.0,+17.5,+20.2,+20.5,+20.8,+20.6,+21.0,+20.8,+20.7
2023-08-04 23:22,3,+8.8,+12.2,+16.4,+15.8,+16.0,+17.5,+20.3,+20.5,+20.8,+20.6,+21.0,+20.7,+20.7
2023-08-05 00:22,3,+15.7,+17.3,+16.7,+15.8,+16.0,+17.5,+20.0,+20.2,+20.7,+20.6,+21.1,+20.7,+20.7
2023-08-05 01:22,3,+14.1,+15.7,+16.6,+15.6,+16.0,+17.5,+20.1,+20.3,+20.7,+20.7,+21.1,+20.7,+20.7
2023-08-05 02:22,3,+13.4,+15.2,+16.6,+15.7,+15.9,+17.5,+20.0,+20.3,+20.8,+20.7,+21.1,+20.7,+20.7
2023-08-05 03:22,3,+13.1,+14.9,+16.6,+15.8,+16.0,+17.5,+20.0,+20.3,+20.7,+20.7,+21.1,+20.7,+20.7
2023-08-05 04:22,3,+12.8,+14.7,+16.6,+15.7,+15.9,+17.5,+20.0,+20.3,+20.7,+20.7,+21.1,+20.7,+20.8
2023-08-05 05:22,3,+12.6,+14.5,+16.6,+15.6,+16.0,+17.5,+20.0,+20.3,+20.7,+20.7,+21.1,+20.8,+20.7
2023-08-05 06:22,3,+12.5,+14.4,+16.5,+15.8,+16.0,+17.5,+20.0,+20.3,+20.7,+20.7,+21.1,+20.8,+20.7
2023-08-05 07:22,3,+12.4,+14.3,+16.5,+15.8,+16.0,+17.5,+20.0,+20.3,+20.7,+20.6,+21.1,+20.7,+20.7
2023-08-05 08:22,3,+12.2,+14.2,+16.5,+15.7,+16.0,+17.5,+19.8,+20.3,+20.7,+20.6,+21.1,+20.7,+20.7
2023-08-05 09:22,3,+12.1,+14.1,+16.5,+15.7,+16.0,+17.5,+20.0,+20.2,+20.7,+20.7,+21.1,+20.7,+20.7
2023-08-05 10:22,3,+12.0,+14.0,+16.5,+15.7,+16.0,+17.5,+20.0,+20.3,+20.7,+20.6,+21.1,+20.8,+20.7
2023-08-05 11:22,3,+11.9,+14.0,+16.5,+15.7,+15.9,+17.5,+20.1,+20.3,+20.7,+20.7,+21.1,+20.8,+20.7
2023-08-05 12:22,3,+11.9,+13.9,+16.5,+15.6,+16.0,+17.5,+20.2,+20.2,+20.7,+20.6,+21.1,+20.8,+20.7
2023-08-05 13:22,3,+11.8,+13.8,+16.5,+15.8,+16.0,+17.5,+20.2,+20.3,+20.7,+20.7,+21.1,+20.7,+20.7
2023-08-05 14:22,3,+11.7,+13.8,+16.5,+15.7,+15.9,+17.5,+20.3,+20.3,+20.7,+20.7,+21.1,+20.7,+20.7
2023-08-05 15:22,3,+11.6,+13.7,+16.5,+15.8,+16.0,+17.5,+20.3,+20.3,+20.7,+20.7,+21.0,+20.7,+20.7
2023-08-05 16:22,3,+11.5,+13.7,+16.5,+15.6,+16.0,+17.5,+20.3,+20.3,+20.7,+20.7,+21.1,+20.7,+20.7
2023-08-05 17:22,3,+11.5,+13.7,+16.4,+15.8,+16.0,+17.5,+20.3,+20.3,+20.7,+20.6,+21.1,+20.7,+20.7
2023-08-05 18:22,3,+11.5,+13.6,+16.4,+15.6,+15.9,+17.5,+20.2,+20.3,+20.7,+20.6,+21.1,+20.7,+20.7
2023-08-05 19:22,3,+11.4,+13.6,+16.5,+15.8,+16.0,+17.5,+20.1,+20.3,+20.7,+20.6,+21.1,+20.7,+20.7
2023-08-05 20:22,3,+11.4,+13.5,+16.5,+15.7,+15.9,+17.5,+20.1,+20.3,+20.7,+20.6,+21.0,+20.8,+20.8
2023-08-05 21:22,3,+11.3,+13.5,+16.5,+15.7,+15.9,+17.5,+20.0,+20.3,+20.7,+20.6,+21.0,+20.8,+20.7
2023-08-05 22:22,3,+11.3,+13.5,+16.4,+15.7,+15.9,+17.5,+20.0,+20.3,+20.7,+20.6,+21.1,+20.7,+20.7
2023-08-05 23:22,3,+11.3,+13.4,+16.5,+15.8,+16.0,+17.5,+20.0,+20.3,+20.7,+20.6,+21.0,+20.8,+20.7
2023-08-06 00:22,3,+11.3,+13.4,+16.4,+15.7,+16.0,+17.5,+19.8,+20.2,+20.7,+20.6,+21.1,+20.8,+20.7
2023-08-06 01:22,3,+11.2,+13.4,+16.4,+15.8,+16.0,+17.5,+20.0,+20.3,+20.7,+20.7,+21.1,+20.7,+20.7
2023-08-06 02:22,3,+11.2,+13.4,+16.4,+15.7,+15.9,+17.5,+20.0,+20.2,+20.7,+20.6,+21.1,+20.7,+20.8
2023-08-06 03:22,3,+11.2,+13.4,+16.4,+15.8,+16.0,+17.5,+20.0,+20.2,+20.7,+20.7,+21.1,+20.7,+20.7
2023-08-06 04:22,3,+11.2,+13.4,+16.4,+15.7,+15.9,+17.5,+20.0,+20.2,+20.7,+20.6,+21.1,+20.7,+20.7
2023-08-06 05:22,3,+11.2,+13.3,+16.4,+15.8,+16.0,+17.5,+19.8,+20.2,+20.7,+20.6,+21.0,+20.7,+20.8
2023-08-06 06:22,3,+11.2,+13.3,+16.4,+15.7,+15.9,+17.5,+19.8,+20.2,+20.7,+20.7,+21.1,+20.8,+20.7
2023-08-06 07:22,3,+11.2,+13.3,+16.4,+15.7,+15.9,+17.5,+19.7,+20.2,+20.7,+20.6,+21.1,+20.8,+20.7
2023-08-06 08:22,3,+11.2,+13.3,+16.4,+15.8,+16.0,+17.5,+19.7,+20.2,+20.7,+20.7,+21.1,+20.7,+20.7
2023-08-06 09:22,3,+11.1,+13.3,+16.4,+15.7,+15.9,+17.5,+19.8,+20.2,+20.6,+20.6,+21.1,+20.7,+20.7
2023-08-06 10:22,3,+11.1,+13.3,+16.4,+15.7,+15.9,+17.5,+19.8,+20.2,+20.7,+20.6,+21.0,+20.8,+20.7
2023-08-06 11:22,3,+11.1,+13.2,+16.4,+15.8,+16.0,+17.5,+19.8,+20.2,+20.7,+20.6,+21.1,+20.7,+20.8
2023-08-06 12:22,3,+11.1,+13.2,+16.4,+15.8,+16.0,+17.5,+20.0,+20.2,+20.7,+20.6,+21.1,+20.8,+20.8
2023-08-06 13:22,3,+11.0,+13.1,+16.4,+15.7,+15.9,+17.5,+20.0,+20.1,+20.6,+20.6,+21.1,+20.7,+20.7
2023-08-06 14:22,3,+10.9,+13.1,+16.4,+15.8,+16.0,+17.5,+20.0,+20.2,+20.7,+20.7,+21.0,+20.7,+20.7
2023-08-06 15:22,3,+10.9,+13.1,+16.4,+15.8,+16.0,+17.5,+20.1,+20.2,+20.7,+20.6,+21.0,+20.8,+20.7
2023-08-06 16:22,3,+10.8,+13.1,+16.4,+15.7,+15.9,+17.5,+20.1,+20.2,+20.7,+20.6,+21.0,+20.7,+20.7
2023-08-06 17:22,3,+10.8,+13.1,+16.4,+15.8,+16.0,+17.5,+20.1,+20.2,+20.6,+20.6,+21.0,+20.7,+20.8
2023-08-06 18:22,3,+10.8,+13.1,+16.4,+15.8,+16.0,+17.5,+20.1,+20.2,+20.7,+20.6,+21.0,+20.7,+20.7
2023-08-06 19:22,3,+10.7,+13.0,+16.4,+15.8,+16.0,+17.5,+20.0,+20.2,+20.6,+20.6,+21.0,+20.7,+20.8
2023-08-06 20:22,3,+10.7,+13.0,+16.4,+15.8,+16.0,+17.5,+20.0,+20.2,+20.6,+20.6,+21.1,+20.7,+20.7
2023-08-06 21:22,3,+10.7,+13.0,+16.4,+15.8,+16.0,+17.5,+19.8,+20.2,+20.7,+20.6,+21.0,+20.7,+20.8
2023-08-06 22:22,3,+10.7,+13.0,+16.4,+15.7,+15.9,+17.5,+19.7,+20.1,+20.7,+20.6,+21.1,+20.8,+20.8
2023-08-06 23:22,3,+10.7,+13.1,+16.4,+15.8,+16.0,+17.5,+19.7,+20.2,+20.6,+20.6,+21.0,+20.7,+20.8
2023-08-07 00:22,3,+10.7,+13.1,+16.4,+15.8,+16.0,+17.5,+19.8,+20.2,+20.7,+20.6,+21.0,+20.7,+20.7
2023-08-07 01:22,3,+10.6,+13.1,+16.4,+15.8,+16.0,+17.5,+19.8,+20.2,+20.7,+20.6,+21.0,+20.7,+20.7
2023-08-07 02:22,3,+10.6,+13.0,+16.4,+15.7,+15.9,+17.5,+19.8,+20.1,+20.7,+20.6,+21.1,+20.7,+20.8
2023-08-07 03:22,3,+10.6,+13.0,+16.4,+15.7,+15.9,+17.5,+19.8,+20.2,+20.6,+20.6,+21.1,+20.7,+20.8
2023-08-07 04:22,3,+10.6,+13.0,+16.4,+15.7,+16.0,+17.5,+19.8,+20.1,+20.6,+20.6,+21.1,+20.7,+20.8
2023-08-07 05:22,3,+10.6,+13.0,+16.4,+15.7,+15.9,+17.5,+20.0,+20.2,+20.6,+20.6,+21.1,+20.7,+20.8
2023-08-07 06:22,3,+10.6,+13.0,+16.4,+15.8,+16.0,+17.5,+20.0,+20.2,+20.7,+20.6,+21.1,+20.7,+20.8
2023-08-07 07:22,3,+10.5,+13.0,+16.4,+15.7,+15.9,+17.5,+20.0,+20.2,+20.6,+20.6,+21.1,+20.8,+20.7
2023-08-07 08:22,3,+10.5,+13.0,+16.4,+15.6,+15.9,+17.5,+20.0,+20.1,+20.7,+20.6,+21.1,+20.8,+20.7
2023-08-07 09:22,3,+10.5,+13.0,+16.4,+15.8,+16.0,+17.5,+20.1,+20.1,+20.7,+20.6,+21.0,+20.8,+20.7
2023-08-07 10:22,3,+10.5,+13.0,+16.4,+15.7,+16.0,+17.5,+20.1,+20.2,+20.6,+20.6,+21.1,+20.7,+20.7
2023-08-07 11:22,3,+11.1,+13.0,+16.4,+15.8,+16.0,+17.5,+20.0,+20.2,+20.6,+20.6,+21.0,+20.8,+20.7
2023-08-07 12:22,3,+14.8,+13.0,+16.4,+15.8,+16.0,+17.5,+19.7,+20.2,+20.6,+20.6,+21.1,+20.7,+20.8
2023-08-07 13:22,3,+13.8,+13.0,+16.4,+15.7,+15.9,+17.4,+19.8,+20.2,+20.7,+20.7,+21.0,+20.7,+20.8
2023-08-07 14:22,3,+13.2,+13.0,+16.4,+15.8,+16.0,+17.5,+20.0,+20.2,+20.6,+20.6,+21.1,+20.8,+20.7
2023-08-07 15:22,3,+12.9,+13.0,+16.4,+15.8,+16.0,+17.5,+19.8,+20.1,+20.6,+20.6,+21.0,+20.8,+20.7
2023-08-07 16:22,3,+12.6,+13.0,+16.4,+15.7,+16.0,+17.4,+19.8,+20.2,+20.6,+20.7,+21.1,+20.8,+20.8
2023-08-07 17:22,3,+12.4,+12.9,+16.4,+15.8,+16.0,+17.5,+19.6,+20.2,+20.6,+20.6,+21.0,+20.7,+20.7
2023-08-07 18:22,3,+12.3,+12.9,+16.4,+15.7,+16.0,+17.5,+19.6,+20.1,+20.7,+20.7,+21.1,+20.8,+20.7
2023-08-07 19:22,3,+12.2,+12.9,+16.4,+15.7,+16.0,+17.4,+19.5,+20.1,+20.6,+20.6,+21.0,+20.7,+20.8
2023-08-07 20:22,3,+12.1,+12.9,+16.3,+15.7,+16.0,+17.4,+19.5,+20.1,+20.6,+20.6,+21.0,+20.7,+20.8
2023-08-07 21:22,3,+11.9,+12.9,+16.3,+15.8,+16.0,+17.5,+19.5,+20.1,+20.7,+20.6,+21.1,+20.8,+20.7
2023-08-07 22:22,3,+11.9,+12.9,+16.3,+15.8,+16.0,+17.5,+19.5,+20.1,+20.7,+20.6,+21.0,+20.7,+20.8
2023-08-07 23:22,3,+11.9,+12.9,+16.3,+15.8,+16.0,+17.5,+19.3,+20.1,+20.6,+20.6,+21.1,+20.7,+20.8
2023-08-08 00:22,3,+11.8,+12.9,+16.3,+15.7,+16.0,+17.4,+19.3,+20.0,+20.6,+20.6,+21.1,+20.7,+20.8
2023-08-08 01:22,3,+11.6,+12.8,+16.3,+15.7,+16.0,+17.4,+19.3,+20.0,+20.6,+20.6,+21.0,+20.7,+20.8
2023-08-08 02:22,3,+11.5,+12.8,+16.3,+15.8,+16.0,+17.5,+19.2,+20.0,+20.7,+20.6,+21.1,+20.8,+20.8
2023-08-08 03:22,3,+11.5,+12.8,+16.3,+15.7,+16.0,+17.4,+19.2,+20.0,+20.6,+20.6,+21.1,+20.7,+20.8
2023-08-08 04:22,3,+11.4,+12.8,+16.3,+15.8,+16.0,+17.5,+19.3,+19.8,+20.6,+20.6,+21.1,+20.7,+20.8
2023-08-08 05:22,3,+11.4,+12.8,+16.3,+15.7,+16.0,+17.4,+19.3,+19.8,+20.6,+20.6,+21.1,+20.8,+20.8
2023-08-08 06:22,3,+11.4,+12.8,+16.3,+15.7,+16.0,+17.5,+19.3,+19.8,+20.6,+20.6,+21.1,+20.8,+20.8
2023-08-08 07:22,3,+11.3,+12.8,+16.3,+15.8,+16.0,+17.5,+19.3,+19.8,+20.5,+20.6,+21.1,+20.8,+20.8
2023-08-08 08:22,3,+11.3,+12.8,+16.3,+15.8,+16.0,+17.5,+19.5,+19.8,+20.5,+20.6,+21.1,+20.7,+20.8
2023-08-08 09:22,3,+11.3,+12.8,+16.3,+15.8,+16.0,+17.5,+19.6,+19.8,+20.6,+20.6,+21.1,+20.8,+20.8
2023-08-08 10:22,3,+11.2,+12.8,+16.3,+15.7,+16.0,+17.4,+19.7,+19.8,+20.5,+20.6,+21.1,+20.8,+20.8
2023-08-08 11:22,3,+11.2,+12.7,+16.3,+15.7,+16.0,+17.5,+19.8,+20.0,+20.6,+20.6,+21.1,+20.8,+20.8
2023-08-08 12:22,3,+11.1,+12.7,+16.3,+15.8,+16.0,+17.5,+19.8,+19.8,+20.5,+20.6,+21.0,+20.7,+20.8
2023-08-08 13:22,3,+11.0,+12.7,+16.3,+15.7,+16.0,+17.5,+20.0,+20.0,+20.5,+20.6,+21.1,+20.7,+20.8
2023-08-08 14:22,3,+11.0,+12.7,+16.3,+15.7,+16.0,+17.5,+19.8,+20.0,+20.5,+20.6,+21.0,+20.7,+20.7
2023-08-08 15:22,3,+12.0,+12.9,+16.3,+15.7,+16.0,+17.4,+19.6,+20.0,+20.5,+20.6,+21.0,+20.7,+20.8
2023-08-08 16:22,3,+12.1,+12.9,+16.3,+15.7,+16.0,+17.5,+19.5,+20.0,+20.5,+20.6,+21.0,+20.8,+20.7
2023-08-08 17:22,3,+11.6,+13.0,+16.3,+15.8,+16.0,+17.5,+19.3,+20.0,+20.6,+20.6,+21.1,+20.8,+20.8
2023-08-08 18:22,3,+11.6,+13.0,+16.3,+15.8,+16.0,+17.5,+19.3,+20.0,+20.5,+20.6,+21.1,+20.7,+20.8
2023-08-08 19:22,3,+11.4,+13.0,+16.3,+15.8,+16.0,+17.5,+19.2,+20.0,+20.5,+20.6,+21.0,+20.7,+20.8
2023-08-08 20:22,3,+11.4,+13.0,+16.3,+15.8,+16.0,+17.5,+19.1,+20.0,+20.5,+20.6,+21.0,+20.7,+20.8
2023-08-08 21:22,3,+11.3,+13.0,+16.3,+15.7,+16.0,+17.5,+19.2,+19.8,+20.5,+20.6,+21.1,+20.8,+20.8
2023-08-08 22:22,3,+11.2,+13.0,+16.3,+15.7,+16.0,+17.5,+19.1,+19.8,+20.6,+20.6,+21.0,+20.7,+20.7
2023-08-08 23:22,3,+11.1,+13.0,+16.3,+15.7,+16.0,+17.4,+19.1,+19.8,+20.5,+20.6,+21.0,+20.8,+20.8
2023-08-09 00:22,3,+11.1,+13.0,+16.3,+15.8,+16.0,+17.5,+19.0,+19.8,+20.5,+20.6,+21.0,+20.7,+20.8
2023-08-09 01:22,3,+11.1,+13.0,+16.3,+15.8,+16.0,+17.5,+18.8,+19.7,+20.5,+20.6,+21.0,+20.8,+20.8
2023-08-09 02:22,3,+11.0,+13.1,+16.3,+15.6,+16.0,+17.5,+18.8,+19.7,+20.5,+20.6,+21.0,+20.7,+20.8
2023-08-09 03:22,3,+10.9,+13.2,+16.3,+15.8,+16.0,+17.5,+18.7,+19.6,+20.5,+20.6,+21.0,+20.8,+20.8
2023-08-09 04:22,3,+10.8,+13.1,+16.3,+15.8,+16.0,+17.5,+18.8,+19.6,+20.5,+20.6,+21.0,+20.7,+20.8
2023-08-09 05:22,3,+10.9,+13.1,+16.3,+15.8,+16.0,+17.5,+19.0,+19.6,+20.5,+20.6,+21.0,+20.8,+20.8
2023-08-09 06:22,3,+10.8,+13.1,+16.3,+15.8,+16.0,+17.5,+19.0,+19.6,+20.5,+20.6,+21.0,+20.7,+20.8
2023-08-09 07:22,3,+10.8,+13.1,+16.3,+15.8,+16.0,+17.5,+19.0,+19.6,+20.3,+20.6,+21.0,+20.8,+20.8
2023-08-09 08:22,3,+10.7,+13.1,+16.3,+15.7,+16.0,+17.5,+19.1,+19.7,+20.3,+20.5,+21.0,+20.7,+20.8
2023-08-09 09:22,3,+10.7,+13.1,+16.3,+15.7,+16.0,+17.5,+19.2,+19.6,+20.3,+20.6,+21.0,+20.8,+20.8
2023-08-09 10:22,3,+10.7,+13.1,+16.3,+15.8,+16.0,+17.5,+19.5,+19.6,+20.3,+20.5,+21.0,+20.7,+20.8
2023-08-09 11:22,3,+10.6,+13.0,+16.3,+15.8,+16.0,+17.5,+19.7,+19.7,+20.5,+20.5,+21.0,+20.7,+20.8
2023-08-09 12:22,3,+10.5,+13.1,+16.3,+15.7,+16.0,+17.4,+19.8,+19.7,+20.3,+20.6,+21.0,+20.7,+20.8
2023-08-09 13:22,3,+10.3,+13.5,+16.2,+15.7,+16.0,+17.4,+20.0,+19.7,+20.3,+20.5,+21.0,+20.7,+20.8
2023-08-09 14:22,3,+10.2,+14.0,+16.2,+15.8,+16.0,+17.5,+20.0,+19.8,+20.3,+20.5,+21.0,+20.7,+20.8
2023-08-09 15:22,3,+10.1,+13.9,+16.2,+15.7,+16.0,+17.4,+20.1,+19.8,+20.5,+20.5,+21.0,+20.7,+20.7
2023-08-09 16:22,3,+10.1,+13.9,+16.2,+15.8,+16.0,+17.5,+20.1,+20.0,+20.3,+20.5,+21.0,+20.7,+20.7
2023-08-09 17:22,3,+10.1,+13.7,+16.2,+15.7,+16.0,+17.5,+20.1,+20.0,+20.3,+20.5,+21.0,+20.7,+20.8
2023-08-09 18:22,3,+10.1,+14.0,+16.2,+15.8,+16.0,+17.5,+20.1,+20.0,+20.5,+20.5,+21.0,+20.7,+20.8
2023-08-09 19:22,3,+10.1,+13.9,+16.2,+15.8,+16.0,+17.5,+20.1,+20.1,+20.5,+20.5,+21.0,+20.7,+20.8
2023-08-09 20:22,3,+10.1,+13.9,+16.2,+15.8,+16.0,+17.5,+20.1,+20.1,+20.5,+20.5,+21.0,+20.7,+20.7
2023-08-09 21:22,3,+10.1,+13.7,+16.2,+15.7,+16.0,+17.5,+19.8,+20.1,+20.5,+20.5,+21.0,+20.7,+20.8
2023-08-09 22:22,3,+10.2,+13.8,+16.3,+15.7,+16.0,+17.4,+19.8,+20.1,+20.5,+20.5,+21.0,+20.7,+20.7
2023-08-09 23:22,3,+10.1,+13.6,+16.2,+15.7,+16.0,+17.5,+20.0,+20.1,+20.5,+20.5,+21.0,+20.7,+20.8
2023-08-10 00:22,3,+10.1,+13.7,+16.3,+15.8,+16.0,+17.5,+19.8,+20.1,+20.5,+20.5,+21.0,+20.7,+20.8
2023-08-10 01:22,3,+10.1,+13.7,+16.3,+15.7,+16.0,+17.5,+20.0,+20.1,+20.5,+20.5,+21.0,+20.7,+20.7
2023-08-10 02:22,3,+10.1,+13.6,+16.2,+15.8,+16.0,+17.5,+19.8,+20.1,+20.5,+20.5,+21.0,+20.7,+20.8
2023-08-10 03:22,3,+10.0,+13.6,+16.3,+15.8,+16.0,+17.5,+19.8,+20.1,+20.5,+20.5,+21.0,+20.7,+20.8
2023-08-10 04:22,3,+10.1,+13.5,+16.2,+15.8,+16.0,+17.5,+19.8,+20.1,+20.5,+20.5,+21.0,+20.7,+20.7
2023-08-10 05:22,3,+10.0,+13.6,+16.3,+15.7,+16.0,+17.5,+19.8,+20.1,+20.5,+20.5,+21.0,+20.7,+20.8
2023-08-10 06:22,3,+9.9,+13.8,+16.3,+15.7,+16.0,+17.5,+19.7,+20.1,+20.5,+20.5,+21.0,+20.7,+20.8
2023-08-10 07:22,3,+9.9,+13.8,+16.3,+15.8,+16.0,+17.5,+19.8,+20.1,+20.6,+20.5,+21.0,+20.7,+20.8
2023-08-10 08:22,3,+9.9,+13.8,+16.2,+15.8,+16.0,+17.5,+19.8,+20.1,+20.5,+20.5,+21.0,+20.7,+20.7
2023-08-10 09:22,3,+9.8,+14.0,+16.2,+15.6,+16.0,+17.5,+20.0,+20.1,+20.6,+20.5,+21.0,+20.7,+20.8
2023-08-10 10:22,3,+9.8,+14.0,+16.2,+15.8,+16.0,+17.5,+20.1,+20.1,+20.5,+20.6,+21.0,+20.7,+20.7
2023-08-10 11:22,3,+9.7,+14.0,+16.2,+15.7,+16.0,+17.5,+20.2,+20.1,+20.5,+20.5,+21.0,+20.7,+20.7
2023-08-10 12:22,3,+9.6,+14.1,+16.2,+15.6,+16.0,+17.4,+20.3,+20.2,+20.6,+20.5,+21.0,+20.6,+20.8
2023-08-10 13:22,3,+9.5,+13.8,+16.2,+15.8,+16.0,+17.5,+20.5,+20.2,+20.6,+20.6,+21.0,+20.7,+20.7
2023-08-10 14:22,3,+9.4,+13.9,+16.2,+15.8,+16.0,+17.5,+20.5,+20.2,+20.5,+20.5,+21.0,+20.7,+20.7
2023-08-10 15:22,3,+9.4,+13.9,+16.2,+15.8,+16.0,+17.5,+20.6,+20.2,+20.5,+20.5,+20.8,+20.7,+20.8
2023-08-10 16:22,3,+9.4,+14.1,+16.2,+15.8,+16.0,+17.5,+20.6,+20.3,+20.6,+20.5,+21.0,+20.7,+20.7
2023-08-10 17:22,3,+9.4,+14.3,+16.2,+15.6,+15.9,+17.4,+20.6,+20.3,+20.6,+20.5,+21.0,+20.7,+20.7
2023-08-10 18:22,3,+9.4,+14.3,+16.2,+15.6,+15.9,+17.4,+20.6,+20.3,+20.6,+20.5,+21.0,+20.7,+20.7
2023-08-10 19:22,3,+9.3,+14.4,+16.2,+15.8,+16.0,+17.5,+20.6,+20.5,+20.6,+20.5,+21.0,+20.7,+20.8
2023-08-10 20:22,3,+9.3,+14.5,+16.2,+15.8,+16.0,+17.5,+20.5,+20.3,+20.6,+20.5,+21.0,+20.7,+20.7
2023-08-10 21:22,3,+9.3,+14.5,+16.2,+15.8,+16.0,+17.5,+20.5,+20.5,+20.6,+20.6,+21.0,+20.7,+20.7
2023-08-10 22:22,3,+9.3,+14.6,+16.3,+15.6,+15.9,+17.4,+20.5,+20.5,+20.6,+20.5,+21.0,+20.7,+20.7
2023-08-10 23:22,3,+9.2,+14.7,+16.3,+15.6,+15.9,+17.4,+20.3,+20.5,+20.7,+20.5,+21.0,+20.7,+20.7
2023-08-11 00:22,3,+9.3,+14.7,+16.3,+15.6,+15.9,+17.4,+20.3,+20.5,+20.7,+20.5,+21.0,+20.7,+20.7
2023-08-11 01:22,3,+9.3,+14.7,+16.3,+15.6,+15.9,+17.4,+20.2,+20.5,+20.7,+20.6,+21.0,+20.7,+20.7
2023-08-11 02:22,3,+9.2,+14.7,+16.3,+15.8,+16.0,+17.5,+20.2,+20.5,+20.7,+20.6,+21.0,+20.7,+20.7
2023-08-11 03:22,3,+9.3,+14.7,+16.3,+15.8,+16.0,+17.5,+20.2,+20.3,+20.7,+20.6,+21.0,+20.7,+20.7
2023-08-11 04:22,3,+9.3,+14.7,+16.3,+15.8,+16.0,+17.5,+20.2,+20.3,+20.7,+20.6,+21.0,+20.7,+20.7
2023-08-11 05:22,3,+9.2,+14.7,+16.3,+15.8,+16.0,+17.5,+20.2,+20.3,+20.7,+20.6,+21.0,+20.7,+20.7
2023-08-11 06:22,3,+9.2,+14.7,+16.3,+15.8,+16.0,+17.5,+20.1,+20.5,+20.7,+20.6,+21.0,+20.7,+20.7
2023-08-11 07:22,3,+9.2,+14.7,+16.4,+15.8,+16.0,+17.5,+20.1,+20.3,+20.7,+20.6,+21.0,+20.7,+20.7
2023-08-11 08:22,3,+9.1,+14.7,+16.3,+15.6,+15.9,+17.5,+20.1,+20.3,+20.7,+20.6,+21.0,+20.7,+20.7