
2023-07-28 10:11,2,+1.9,+9.3,+0.6,+1.3,+0.0,+7.9,+19.6,+19.1,+19.3,+19.7,+19.8,+19.7,+20.0
2023-07-28 10:12,2,+1.9,+9.3,+0.6,+1.3,+0.0,+7.9,+19.6,+19.1,+19.3,+19.7,+19.7,+19.8,+19.8
2023-07-28 11:12,2,+1.8,+9.3,+0.6,+1.3,+0.0,+7.9,+19.8,+19.1,+19.3,+19.7,+19.7,+19.7,+19.8
2023-07-28 12:12,2,+1.8,+9.3,+0.6,+1.2,+0.0,+7.9,+20.0,+19.2,+19.3,+19.7,+19.7,+19.7,+19.8
2023-07-28 13:12,2,+1.8,+9.3,+0.6,+1.2,+0.0,+7.9,+20.2,+19.3,+19.3,+19.7,+19.7,+19.8,+19.8
2023-07-28 14:12,2,+1.7,+9.2,+0.6,+1.2,+0.0,+7.9,+20.2,+19.3,+19.3,+19.7,+19.7,+19.8,+19.8
2023-07-28 15:12,2,+1.7,+9.2,+0.6,+1.3,+0.0,+7.9,+20.3,+19.5,+19.3,+19.7,+19.7,+19.7,+19.8
2023-07-28 16:12,2,+1.7,+9.2,+0.6,+1.2,+0.0,+7.9,+20.5,+19.5,+19.3,+19.7,+19.7,+19.8,+19.8
2023-07-28 17:12,2,+1.7,+9.3,+0.6,+1.3,+0.0,+7.9,+20.5,+19.6,+19.5,+19.7,+19.7,+19.8,+19.8
2023-07-28 18:12,2,+1.7,+9.2,+0.6,+1.3,+0.0,+7.9,+20.5,+19.6,+19.5,+19.7,+19.7,+19.8,+19.8
2023-07-28 19:12,2,+1.7,+9.2,+0.6,+1.2,+0.0,+7.8,+20.3,+19.7,+19.5,+19.7,+19.7,+19.8,+19.8
2023-07-28 20:12,2,+1.7,+9.2,+0.6,+1.2,+0.0,+7.9,+20.3,+19.7,+19.5,+19.7,+19.7,+19.8,+19.8
2023-07-28 21:12,2,+1.7,+9.2,+0.6,+1.2,+0.0,+7.9,+20.2,+19.7,+19.6,+19.7,+19.7,+19.7,+19.8
2023-07-28 22:12,2,+1.7,+9.3,+0.6,+1.3,+0.0,+7.9,+20.1,+19.7,+19.6,+19.7,+19.7,+19.7,+19.8
2023-07-28 23:12,2,+1.7,+9.2,+0.6,+1.2,+0.0,+7.9,+20.1,+19.7,+19.6,+19.7,+19.7,+19.7,+19.8
2023-07-29 00:12,2,+1.7,+9.3,+0.6,+1.2,+0.0,+7.9,+20.0,+19.7,+19.6,+19.7,+19.7,+19.7,+19.8
2023-07-29 01:12,2,+1.8,+9.3,+0.6,+1.2,+0.0,+7.9,+20.0,+19.7,+19.6,+19.7,+19.7,+19.7,+19.8
2023-07-29 02:12,2,+1.8,+9.3,+0.7,+1.3,+0.0,+7.9,+19.8,+19.7,+19.6,+19.7,+19.7,+19.8,+19.8
2023-07-29 03:12,2,+1.8,+9.3,+0.6,+1.3,+0.0,+7.9,+19.8,+19.7,+19.6,+19.8,+19.7,+19.8,+19.8
2023-07-29 04:12,2,+1.9,+9.3,+0.7,+1.3,+0.0,+7.9,+19.7,+19.6,+19.6,+19.7,+19.7,+19.8,+19.8
2023-07-29 05:12,2,+1.8,+9.3,+0.6,+1.3,+0.0,+7.9,+19.7,+19.6,+19.6,+19.7,+19.7,+19.7,+19.8
2023-07-29 06:12,2,+1.8,+9.3,+0.6,+1.2,+0.0,+7.9,+19.7,+19.6,+19.6,+19.8,+19.7,+19.8,+19.8
2023-07-29 07:12,2,+1.9,+9.3,+0.6,+1.2,+0.0,+7.8,+19.7,+19.6,+19.6,+19.7,+19.7,+19.8,+19.8
2023-07-29 08:12,2,+1.9,+9.3,+0.6,+1.2,+0.0,+7.8,+19.7,+19.6,+19.6,+19.7,+19.7,+19.7,+19.8
2023-07-29 09:12,2,+1.9,+9.3,+0.7,+1.2,+0.0,+7.9,+19.8,+19.6,+19.7,+19.7,+19.7,+19.7,+19.8
2023-07-29 10:12,2,+1.8,+9.3,+0.6,+1.2,+0.0,+7.9,+20.6,+19.6,+19.6,+19.7,+19.7,+19.7,+19.8
2023-07-29 11:12,2,+1.8,+9.3,+0.6,+1.3,+0.0,+7.9,+20.8,+19.7,+19.6,+19.8,+19.7,+19.8,+19.8
2023-07-29 12:12,2,+1.7,+9.3,+0.6,+1.3,+0.0,+7.9,+21.0,+19.7,+19.6,+19.8,+19.7,+19.8,+19.8
2023-07-29 13:12,2,+1.7,+9.3,+0.6,+1.2,+0.0,+7.9,+21.0,+19.8,+19.6,+19.7,+19.7,+19.7,+19.8
2023-07-29 14:12,2,+1.7,+9.3,+0.6,+1.2,+0.0,+7.9,+21.1,+20.0,+19.6,+19.7,+19.7,+19.7,+19.8
2023-07-29 15:12,2,+1.7,+9.2,+0.6,+1.2,+0.0,+7.8,+21.3,+20.0,+19.6,+19.8,+19.7,+19.8,+19.8
2023-07-29 16:12,2,+1.6,+9.2,+0.7,+1.2,+0.0,+7.8,+21.7,+20.1,+19.7,+19.8,+19.7,+19.8,+19.8
2023-07-29 17:12,2,+1.6,+9.3,+0.6,+1.3,+0.0,+7.9,+21.6,+20.2,+19.7,+19.8,+19.7,+19.7,+19.8
2023-07-29 18:12,2,+1.6,+9.3,+0.6,+1.2,+0.0,+7.8,+21.3,+20.3,+19.7,+19.8,+19.7,+19.7,+19.8
2023-07-29 19:12,2,+1.7,+9.3,+0.6,+1.3,+0.0,+7.9,+21.1,+20.3,+19.8,+19.8,+19.8,+19.8,+19.8
2023-07-29 20:12,2,+1.7,+9.3,+0.7,+1.2,+0.0,+7.8,+21.0,+20.3,+19.8,+19.8,+19.8,+19.7,+19.8
2023-07-29 21:12,2,+1.7,+9.3,+0.6,+1.2,+0.0,+7.8,+20.8,+20.3,+19.8,+19.8,+19.7,+19.8,+19.8
2023-07-29 22:12,2,+1.7,+9.3,+0.6,+1.3,+0.0,+7.9,+20.6,+20.2,+19.8,+19.8,+19.7,+19.8,+19.8
2023-07-29 23:12,2,+1.7,+9.3,+0.7,+1.2,+0.0,+7.8,+20.6,+20.2,+19.8,+19.8,+19.7,+19.8,+19.8
2023-07-30 00:12,2,+1.8,+9.3,+0.7,+1.3,+0.0,+7.9,+20.5,+20.2,+20.0,+19.8,+19.8,+19.8,+19.8
2023-07-30 01:12,2,+1.8,+9.3,+0.6,+1.2,+0.0,+7.8,+20.3,+20.1,+20.0,+19.8,+19.7,+19.8,+19.8
2023-07-30 02:12,2,+1.8,+9.3,+0.7,+1.3,+0.0,+7.9,+20.3,+20.1,+20.0,+19.8,+19.8,+19.8,+19.8
2023-07-30 03:12,2,+1.8,+9.3,+0.7,+1.2,+0.0,+7.8,+20.2,+20.1,+20.0,+19.8,+19.7,+19.8,+19.8
2023-07-30 04:12,2,+1.8,+9.3,+0.6,+1.2,+0.0,+7.9,+20.1,+20.1,+20.0,+19.8,+19.7,+19.8,+19.8
2023-07-30 05:12,2,+1.8,+9.3,+0.7,+1.3,+0.0,+7.9,+20.0,+20.0,+20.0,+20.0,+19.8,+19.8,+19.8
2023-07-30 06:12,2,+1.8,+9.3,+0.7,+1.3,+0.0,+7.9,+20.0,+20.0,+20.0,+19.8,+19.8,+19.8,+19.8
2023-07-30 07:12,2,+1.8,+9.3,+0.7,+1.3,+0.0,+7.9,+20.1,+20.0,+20.0,+20.0,+19.8,+19.8,+19.8
2023-07-30 08:12,2,+1.8,+9.3,+0.6,+1.3,+0.0,+7.9,+20.2,+20.0,+20.0,+20.0,+19.8,+19.8,+19.8
2023-07-30 09:12,2,+1.8,+9.3,+0.7,+1.2,+0.0,+7.8,+20.2,+20.0,+20.0,+20.0,+19.8,+19.8,+19.8
2023-07-30 10:12,2,+1.8,+9.3,+0.7,+1.2,+0.0,+7.8,+20.3,+19.8,+20.0,+20.0,+19.8,+19.8,+19.8
2023-07-30 11:12,2,+1.8,+9.3,+0.7,+1.2,+0.0,+7.8,+20.5,+20.0,+19.8,+20.0,+19.8,+19.8,+19.8
2023-07-30 12:12,2,+1.8,+9.3,+0.7,+1.2,+0.0,+7.8,+20.5,+20.0,+19.8,+20.0,+19.8,+19.8,+19.8
2023-07-30 13:12,2,+1.8,+9.3,+0.7,+1.2,+0.0,+7.8,+20.5,+20.0,+20.0,+20.0,+19.8,+19.8,+19.8
2023-07-30 14:12,2,+1.8,+9.3,+0.7,+1.2,+0.0,+7.8,+20.5,+20.0,+19.8,+20.0,+19.8,+19.8,+19.8
2023-07-30 15:12,2,+1.8,+9.3,+0.7,+1.3,+0.0,+7.9,+20.5,+20.1,+19.8,+20.0,+19.8,+19.8,+19.8
2023-07-30 16:12,2,+1.8,+9.3,+0.7,+1.3,+0.0,+7.9,+20.5,+20.0,+19.8,+20.0,+19.8,+19.8,+19.8
2023-07-30 17:12,2,+1.8,+9.3,+0.7,+1.2,+0.0,+7.8,+20.5,+20.0,+20.0,+20.0,+19.8,+19.8,+19.8
2023-07-30 18:12,2,+1.8,+9.3,+0.7,+1.3,+0.0,+7.9,+20.3,+20.0,+20.0,+20.0,+19.8,+19.8,+19.8
2023-07-30 19:12,2,+1.8,+9.3,+0.7,+1.2,+0.0,+7.8,+20.2,+20.0,+20.0,+20.0,+19.8,+19.8,+19.8
2023-07-30 20:12,2,+1.8,+9.3,+0.7,+1.3,+0.0,+7.9,+20.2,+20.0,+20.0,+20.0,+19.8,+19.8,+19.8
2023-07-30 21:12,2,+1.8,+9.3,+0.7,+1.4,+0.0,+7.9,+20.1,+20.0,+20.0,+20.0,+19.8,+20.0,+19.8
2023-07-30 22:12,2,+1.8,+9.3,+0.7,+1.2,+0.0,+7.8,+20.0,+20.0,+20.0,+20.0,+19.8,+19.8,+19.8
2023-07-30 23:12,2,+1.8,+9.3,+0.7,+1.3,+0.0,+7.9,+20.0,+20.0,+20.0,+20.0,+20.0,+19.8,+19.8
2023-07-31 00:12,2,+1.8,+9.3,+0.7,+1.3,+0.0,+7.8,+19.8,+19.8,+20.0,+20.0,+19.8,+19.8,+19.8
2023-07-31 01:12,2,+1.8,+9.3,+0.7,+1.3,+0.0,+7.8,+19.8,+19.8,+20.0,+20.0,+20.0,+19.8,+19.8
2023-07-31 02:12,2,+1.8,+9.3,+0.7,+1.4,+0.0,+7.9,+19.8,+19.8,+20.0,+20.0,+19.8,+20.0,+19.8
2023-07-31 03:12,2,+1.8,+9.3,+0.7,+1.4,+0.0,+7.9,+19.8,+19.7,+19.8,+20.0,+20.0,+19.8,+19.8
2023-07-31 04:12,2,+1.9,+9.3,+0.7,+1.3,+0.0,+7.8,+19.7,+19.7,+19.8,+20.1,+19.8,+20.0,+19.8
2023-07-31 05:12,2,+1.9,+9.3,+0.7,+1.3,+0.0,+7.8,+19.7,+19.7,+19.8,+20.0,+19.8,+19.8,+19.8
2023-07-31 06:12,2,+1.9,+9.3,+0.7,+1.3,+0.0,+7.8,+19.7,+19.7,+19.8,+20.1,+20.0,+20.0,+19.8
2023-07-31 07:12,2,+1.9,+9.3,+0.7,+1.3,+0.0,+7.9,+19.7,+19.7,+19.8,+20.0,+20.0,+20.0,+19.8
2023-07-31 08:12,2,+1.9,+9.3,+0.7,+1.4,+0.0,+7.9,+19.8,+19.7,+19.8,+20.1,+19.8,+20.0,+20.0
2023-07-31 09:12,2,+1.8,+9.3,+0.7,+1.4,+0.0,+7.9,+20.0,+19.6,+19.8,+20.0,+20.0,+20.0,+19.8
2023-07-31 10:12,2,+1.8,+9.3,+0.7,+1.3,+0.0,+7.8,+20.2,+19.7,+19.8,+20.0,+19.8,+20.0,+19.8
2023-07-31 11:12,2,+1.8,+9.3,+0.7,+1.4,+0.0,+7.9,+20.5,+19.7,+19.7,+20.1,+20.0,+20.0,+19.8
2023-07-31 12:12,2,+1.8,+9.3,+0.7,+1.4,+0.0,+7.9,+20.8,+19.7,+19.8,+20.1,+19.8,+20.0,+19.8
2023-07-31 13:12,2,+1.7,+9.2,+0.7,+1.3,+0.0,+7.8,+20.8,+19.8,+19.8,+20.0,+20.0,+20.0,+20.0
2023-07-31 14:12,2,+1.7,+9.3,+0.7,+1.4,+0.0,+7.9,+20.8,+20.0,+19.8,+20.0,+19.8,+20.0,+19.8
2023-07-31 15:12,2,+1.7,+9.3,+0.7,+1.3,+0.0,+7.8,+20.8,+20.0,+19.8,+20.0,+20.0,+20.0,+20.0
2023-07-31 16:12,2,+1.7,+9.3,+0.7,+1.4,+0.0,+7.9,+20.7,+20.0,+19.8,+20.0,+20.0,+20.0,+19.8
2023-07-31 17:12,2,+1.7,+9.3,+0.7,+1.3,+0.0,+7.8,+20.6,+20.1,+19.8,+20.0,+20.0,+20.0,+20.0
2023-07-31 18:12,2,+1.7,+9.3,+0.7,+1.3,+0.0,+7.8,+20.6,+20.1,+19.8,+20.0,+20.0,+19.8,+20.0
2023-07-31 19:12,2,+1.7,+9.3,+0.7,+1.4,+0.0,+7.9,+20.5,+20.0,+19.8,+20.0,+20.0,+20.0,+20.0
2023-07-31 20:12,2,+1.8,+9.3,+0.7,+1.3,+0.0,+7.8,+20.3,+20.1,+20.0,+20.0,+20.0,+20.0,+20.0
2023-07-31 21:12,2,+1.8,+9.3,+0.7,+1.3,+0.0,+7.8,+20.2,+20.0,+20.0,+20.0,+20.0,+20.0,+20.0
2023-07-31 22:12,2,+1.8,+9.3,+0.7,+1.4,+0.0,+7.9,+20.2,+20.1,+20.0,+20.0,+20.0,+20.0,+20.0
2023-07-31 23:12,2,+1.8,+9.3,+0.7,+1.4,+0.0,+7.9,+20.1,+20.0,+20.0,+20.0,+19.8,+20.0,+20.0
2023-08-01 00:12,2,+1.8,+9.3,+0.7,+1.4,+0.0,+7.9,+20.1,+19.8,+20.0,+20.0,+20.0,+20.0,+19.8
2023-08-01 01:12,2,+1.8,+9.3,+0.7,+1.3,+0.0,+7.9,+20.1,+20.0,+20.0,+20.0,+20.0,+20.0,+20.0
2023-08-01 02:12,2,+1.8,+9.3,+0.7,+1.4,+0.0,+7.9,+20.0,+20.0,+20.0,+20.0,+20.0,+20.0,+20.0
2023-08-01 03:12,2,+1.8,+9.3,+0.7,+1.3,+0.0,+7.9,+20.0,+19.8,+20.0,+20.1,+20.0,+20.0,+19.8
2023-08-01 04:12,2,+1.8,+9.3,+0.7,+1.4,+0.0,+7.9,+19.8,+19.8,+20.0,+20.1,+20.0,+20.0,+20.0
2023-08-01 05:12,2,+1.8,+9.3,+0.7,+1.4,+0.0,+7.9,+19.8,+19.8,+20.0,+20.1,+20.0,+20.0,+20.0
2023-08-01 06:12,2,+1.8,+9.3,+0.7,+1.3,+0.0,+7.9,+19.7,+19.8,+19.8,+20.1,+20.0,+20.0,+20.0
2023-08-01 07:12,2,+1.8,+9.3,+0.7,+1.4,+0.0,+7.9,+19.8,+19.8,+20.0,+20.1,+20.0,+20.0,+20.0
2023-08-01 08:12,2,+1.8,+9.3,+0.7,+1.4,+0.0,+7.9,+20.0,+19.7,+20.0,+20.1,+20.0,+20.0,+20.0
2023-08-01 09:12,2,+1.8,+9.3,+0.7,+1.3,+0.0,+7.9,+20.1,+19.7,+19.8,+20.0,+20.0,+20.0,+20.0
2023-08-01 10:12,2,+1.8,+9.3,+0.7,+1.4,+0.0,+7.9,+20.2,+19.8,+19.8,+20.0,+20.0,+20.0,+20.0
2023-08-01 11:12,2,+1.8,+9.3,+0.7,+1.4,+0.0,+7.9,+20.3,+19.8,+19.8,+20.1,+20.0,+20.0,+20.0
2023-08-01 12:12,2,+1.8,+9.3,+0.7,+1.4,+0.0,+7.9,+20.3,+19.8,+19.8,+20.1,+20.0,+20.0,+20.0
2023-08-01 13:12,2,+1.8,+9.3,+0.7,+1.3,+0.0,+7.9,+20.5,+19.8,+19.8,+20.1,+20.0,+20.0,+20.0
2023-08-01 14:12,2,+1.8,+9.3,+0.7,+1.3,+0.0,+7.8,+20.6,+20.0,+19.8,+20.1,+20.0,+20.0,+20.0
2023-08-01 15:12,2,+1.7,+9.3,+0.7,+1.4,+0.0,+7.9,+20.6,+20.0,+20.0,+20.1,+20.0,+20.0,+20.0
2023-08-01 16:12,2,+1.7,+9.3,+0.7,+1.4,+0.0,+7.9,+20.6,+20.0,+19.8,+20.1,+20.0,+20.0,+19.8
2023-08-01 17:12,2,+1.8,+9.3,+0.7,+1.4,+0.0,+7.9,+20.6,+20.0,+19.8,+20.1,+20.0,+20.0,+20.0
2023-08-01 18:12,2,+1.7,+9.3,+0.7,+1.4,+0.0,+7.9,+20.5,+20.0,+20.0,+20.1,+20.0,+20.0,+20.0
2023-08-01 19:12,2,+1.7,+9.3,+0.7,+1.4,+0.0,+7.9,+20.5,+20.1,+19.8,+20.0,+20.0,+20.0,+20.0
2023-08-01 20:12,2,+1.8,+9.3,+0.7,+1.4,+0.0,+7.9,+20.3,+20.0,+20.0,+20.1,+20.0,+20.0,+20.0
2023-08-01 21:12,2,+1.8,+9.3,+0.7,+1.4,+0.0,+7.9,+20.2,+20.0,+20.0,+20.1,+20.0,+20.0,+20.0
2023-08-01 22:12,2,+1.8,+9.3,+0.7,+1.4,+0.0,+7.9,+20.1,+20.0,+20.0,+20.1,+20.0,+20.0,+20.0
2023-08-01 23:12,2,+1.8,+9.3,+0.7,+1.4,+0.0,+7.9,+20.0,+20.0,+20.0,+20.1,+20.0,+20.0,+20.0
2023-08-02 00:12,2,+1.8,+9.3,+0.7,+1.3,+0.0,+7.9,+19.8,+20.0,+20.0,+20.1,+20.0,+20.0,+20.0
2023-08-02 01:12,2,+1.8,+9.3,+0.7,+1.3,+0.0,+7.9,+19.8,+19.8,+20.0,+20.1,+20.0,+20.0,+20.0
2023-08-02 02:12,2,+1.8,+9.3,+0.7,+1.4,+0.0,+7.9,+19.7,+19.8,+20.0,+20.1,+20.0,+20.0,+20.0
2023-08-02 03:12,2,+1.9,+9.3,+0.7,+1.3,+0.0,+7.9,+19.7,+19.8,+20.0,+20.1,+20.0,+20.0,+20.0
2023-08-02 04:12,2,+1.9,+9.3,+0.7,+1.3,+0.0,+7.9,+19.7,+19.8,+20.0,+20.1,+20.0,+20.0,+20.0
2023-08-02 05:12,2,+1.9,+9.3,+0.7,+1.4,+0.0,+7.9,+19.6,+19.7,+20.0,+20.1,+20.0,+20.0,+20.0
2023-08-02 06:12,2,+1.9,+9.3,+0.7,+1.3,+0.0,+7.9,+19.6,+19.7,+19.8,+20.1,+20.0,+20.0,+20.0
2023-08-02 07:12,2,+1.9,+9.3,+0.7,+1.4,+0.0,+7.9,+19.6,+19.7,+20.0,+20.1,+20.0,+20.0,+20.0
2023-08-02 08:12,2,+1.9,+9.3,+0.7,+1.3,+0.0,+7.9,+19.6,+19.6,+19.8,+20.0,+20.0,+20.0,+20.0
2023-08-02 09:12,2,+1.9,+9.2,+0.7,+1.3,+0.0,+7.9,+19.7,+19.6,+19.8,+20.1,+20.0,+20.0,+20.0
2023-08-02 10:12,2,+1.8,+9.2,+0.7,+1.4,+0.0,+7.9,+20.6,+19.7,+19.8,+20.1,+20.0,+20.0,+20.0
2023-08-02 11:12,2,+1.8,+9.2,+0.7,+1.4,+0.0,+7.9,+21.0,+19.7,+19.8,+20.1,+20.0,+20.0,+20.0
2023-08-02 12:12,2,+1.7,+9.2,+0.7,+1.4,+0.0,+7.9,+21.1,+19.8,+19.8,+20.1,+20.0,+20.0,+20.0
2023-08-02 13:12,2,+1.7,+9.2,+0.7,+1.4,+0.0,+7.9,+21.1,+20.0,+19.8,+20.1,+20.0,+20.0,+20.0
2023-08-02 14:12,2,+1.6,+9.2,+0.7,+1.3,+0.0,+7.9,+21.1,+20.1,+19.8,+20.1,+20.0,+20.0,+20.0
2023-08-02 15:12,2,+1.6,+9.2,+0.7,+1.3,+0.0,+7.9,+21.1,+20.1,+19.8,+20.1,+20.0,+20.0,+20.0
2023-08-02 16:12,2,+1.6,+9.2,+0.7,+1.4,+0.0,+7.9,+21.1,+20.2,+20.0,+20.0,+20.0,+20.0,+20.0
2023-08-02 17:12,2,+1.6,+9.2,+0.7,+1.3,+0.0,+7.9,+21.0,+20.2,+19.8,+20.0,+20.0,+20.0,+20.0
2023-08-02 18:12,2,+1.6,+9.2,+0.7,+1.3,+0.0,+7.9,+20.7,+20.2,+20.0,+20.1,+20.0,+20.0,+20.0
2023-08-02 19:12,2,+1.6,+9.2,+0.7,+1.3,+0.0,+7.9,+20.6,+20.2,+20.0,+20.1,+20.0,+20.0,+20.0
2023-08-02 20:12,2,+1.7,+9.2,+0.7,+1.4,+0.0,+7.9,+20.5,+20.2,+20.0,+20.1,+20.0,+20.0,+20.0
2023-08-02 21:12,2,+1.7,+9.2,+0.7,+1.4,+0.0,+7.9,+20.5,+20.2,+20.0,+20.1,+20.0,+20.0,+20.0
2023-08-02 22:12,2,+1.7,+9.2,+0.7,+1.3,+0.0,+7.9,+20.2,+20.1,+20.1,+20.1,+20.0,+20.0,+20.0
2023-08-02 23:12,2,+1.7,+9.2,+0.7,+1.4,+0.0,+7.9,+20.2,+20.1,+20.0,+20.1,+20.0,+20.0,+20.0
2023-08-03 00:12,2,+1.7,+9.2,+0.7,+1.4,+0.0,+7.9,+20.1,+20.1,+20.1,+20.0,+20.0,+20.0,+20.0
2023-08-03 01:12,2,+1.7,+9.2,+0.7,+1.4,+0.0,+7.9,+20.1,+20.0,+20.0,+20.1,+20.0,+20.0,+20.0
2023-08-03 02:12,2,+1.7,+9.2,+0.7,+1.3,+0.0,+7.9,+20.0,+20.0,+20.0,+20.1,+20.0,+20.0,+20.0
2023-08-03 03:12,2,+1.8,+9.2,+0.7,+1.4,+0.0,+7.9,+19.8,+20.0,+20.0,+20.1,+20.0,+20.0,+19.8
2023-08-03 04:12,2,+1.8,+9.2,+0.7,+1.3,+0.0,+7.9,+19.8,+19.8,+20.0,+20.1,+20.0,+20.0,+20.0
2023-08-03 05:12,2,+1.8,+9.2,+0.7,+1.3,+0.0,+7.9,+19.7,+19.8,+20.1,+20.1,+20.0,+20.0,+20.0
2023-08-03 06:12,2,+1.8,+9.2,+0.7,+1.4,+0.0,+7.9,+19.7,+19.8,+20.0,+20.1,+20.0,+20.0,+20.0
2023-08-03 07:12,2,+1.8,+9.1,+0.7,+1.4,+0.0,+7.9,+19.6,+19.8,+20.0,+20.1,+20.0,+20.0,+20.0
2023-08-03 08:12,2,+1.8,+9.1,+0.7,+1.3,+0.0,+7.9,+19.7,+19.7,+20.0,+20.1,+20.0,+20.0,+20.0
2023-08-03 09:12,2,+1.8,+9.1,+0.7,+1.3,+0.0,+7.9,+19.7,+19.7,+20.0,+20.1,+20.0,+20.1,+20.0
2023-08-03 10:12,2,+1.8,+9.1,+0.7,+1.4,+0.0,+7.9,+20.1,+19.7,+20.0,+20.1,+20.0,+20.0,+20.0
2023-08-03 11:12,2,+1.7,+9.1,+0.7,+1.4,+0.0,+7.9,+20.2,+19.7,+20.0,+20.1,+20.0,+20.0,+20.0
2023-08-03 12:12,2,+1.7,+9.1,+0.7,+1.3,+0.0,+7.9,+20.5,+19.7,+19.8,+20.1,+20.1,+20.1,+20.0
2023-08-03 13:12,2,+1.7,+9.1,+0.6,+1.3,+0.0,+7.9,+20.6,+19.8,+19.8,+20.1,+20.0,+20.1,+20.0
2023-08-03 14:12,2,+1.7,+9.1,+0.6,+1.3,+0.0,+7.9,+20.6,+19.8,+19.8,+20.1,+20.0,+20.1,+20.0
2023-08-03 15:12,2,+1.6,+9.1,+0.6,+1.3,+0.0,+7.9,+20.7,+20.0,+19.8,+20.1,+20.0,+20.0,+20.0
2023-08-03 16:12,2,+1.6,+9.1,+0.7,+1.4,+0.0,+7.9,+20.7,+20.0,+20.0,+20.1,+20.0,+20.1,+20.0
2023-08-03 17:12,2,+1.5,+9.1,+0.7,+1.4,+0.0,+7.9,+21.3,+20.1,+20.0,+20.1,+20.0,+20.1,+20.0
2023-08-03 18:12,2,+1.5,+9.1,+0.7,+1.3,+0.0,+7.9,+21.1,+20.1,+20.0,+20.1,+20.0,+20.1,+20.0
2023-08-03 19:12,2,+1.5,+9.1,+0.7,+1.4,+0.0,+7.9,+21.0,+20.2,+20.0,+20.1,+20.0,+20.0,+20.0
2023-08-03 20:12,2,+1.5,+9.1,+0.7,+1.3,+0.0,+7.9,+20.8,+20.2,+20.0,+20.1,+20.0,+20.0,+20.1
2023-08-03 21:12,2,+1.6,+9.1,+0.7,+1.3,+0.0,+7.9,+20.6,+20.2,+20.0,+20.1,+20.0,+20.0,+20.0
2023-08-03 22:12,2,+1.6,+9.1,+0.6,+1.3,+0.0,+7.9,+20.5,+20.2,+20.0,+20.1,+20.0,+20.0,+20.0
2023-08-03 23:12,2,+1.6,+9.1,+0.7,+1.3,+0.0,+7.9,+20.5,+20.2,+20.1,+20.1,+20.0,+20.1,+20.0
2023-08-04 00:12,2,+1.6,+9.1,+0.7,+1.4,+0.0,+7.9,+20.2,+20.2,+20.0,+20.1,+20.0,+20.0,+20.0
2023-08-04 01:12,2,+1.6,+9.1,+0.7,+1.3,+0.0,+7.9,+20.2,+20.1,+20.1,+20.1,+20.0,+20.1,+20.0
2023-08-04 02:12,2,+1.6,+9.1,+0.7,+1.3,+0.0,+7.9,+20.1,+20.1,+20.1,+20.1,+20.1,+20.0,+20.0
2023-08-04 03:12,2,+1.6,+9.1,+0.7,+1.4,+0.0,+7.9,+20.0,+20.0,+20.0,+20.1,+20.1,+20.0,+20.0
2023-08-04 04:12,2,+1.6,+9.1,+0.7,+1.3,+0.0,+7.9,+20.0,+20.0,+20.0,+20.1,+20.0,+20.1,+20.0
2023-08-04 05:12,2,+1.7,+9.1,+0.7,+1.4,+0.0,+7.9,+19.8,+20.0,+20.0,+20.1,+20.0,+20.0,+20.0
2023-08-04 06:12,2,+1.7,+9.1,+0.7,+1.4,+0.0,+7.9,+19.8,+19.8,+20.0,+20.1,+20.0,+20.1,+20.0
2023-08-04 07:12,2,+1.7,+9.1,+0.7,+1.3,+0.0,+7.9,+19.8,+19.8,+20.0,+20.2,+20.1,+20.1,+20.0
2023-08-04 08:12,2,+1.7,+9.1,+0.7,+1.3,+0.0,+7.9,+19.8,+19.8,+20.0,+20.1,+20.0,+20.0,+20.0
2023-08-04 09:12,2,+1.7,+9.1,+0.7,+1.3,+0.0,+7.9,+19.8,+19.8,+20.0,+20.1,+20.0,+20.1,+20.0
2023-08-04 10:12,2,+1.7,+9.1,+0.7,+1.4,+0.0,+7.9,+20.0,+19.8,+20.0,+20.1,+20.1,+20.0,+20.0
2023-08-04 11:12,2,+1.7,+9.1,+0.7,+1.3,+0.0,+7.9,+20.1,+19.8,+20.0,+20.1,+20.1,+20.1,+20.0
2023-08-04 12:12,2,+1.7,+9.1,+0.7,+1.4,+0.0,+7.9,+20.3,+19.8,+20.0,+20.1,+20.0,+20.1,+20.0
2023-08-04 13:12,2,+1.6,+9.1,+0.6,+1.4,+0.0,+7.9,+20.5,+19.8,+20.0,+20.1,+20.1,+20.0,+20.0
2023-08-04 14:12,2,+1.6,+9.0,+0.6,+1.3,+0.0,+7.9,+20.6,+19.8,+20.0,+20.1,+20.1,+20.1,+20.0
2023-08-04 15:12,2,+1.6,+9.0,+0.6,+1.3,+0.0,+7.9,+21.0,+20.0,+19.8,+20.1,+20.1,+20.0,+20.0
2023-08-04 16:12,2,+1.5,+9.0,+0.6,+1.4,+0.0,+7.9,+21.7,+20.1,+20.0,+20.1,+20.0,+20.1,+20.0
2023-08-04 17:12,2,+1.4,+9.0,+0.6,+1.3,+0.0,+7.9,+21.7,+20.2,+20.0,+20.1,+20.0,+20.0,+20.0
2023-08-04 18:12,2,+1.4,+9.0,+0.6,+1.3,+0.0,+7.8,+21.5,+20.3,+20.0,+20.1,+20.0,+20.0,+20.0
2023-08-04 19:12,2,+1.4,+9.0,+0.6,+1.4,+0.0,+7.9,+21.1,+20.3,+20.0,+20.1,+20.0,+20.1,+20.0
2023-08-04 20:12,2,+1.4,+9.0,+0.6,+1.4,+0.0,+7.9,+21.0,+20.3,+20.0,+20.1,+20.1,+20.1,+20.0
2023-08-04 21:12,2,+1.5,+9.0,+0.6,+1.4,+0.0,+7.9,+20.7,+20.3,+20.1,+20.1,+20.1,+20.1,+20.0
2023-08-04 22:12,2,+1.5,+9.0,+0.6,+1.4,+0.0,+7.9,+20.6,+20.3,+20.1,+20.1,+20.0,+20.1,+20.0
2023-08-04 23:12,2,+1.5,+9.0,+0.6,+1.4,+0.0,+7.9,+20.5,+20.2,+20.1,+20.1,+20.1,+20.1,+20.0
2023-08-05 00:12,2,+2.7,+9.8,+0.8,+1.3,+0.0,+7.8,+20.1,+20.1,+20.1,+20.1,+20.1,+20.0,+20.0
2023-08-05 01:12,2,+2.5,+9.3,+0.7,+1.4,+0.0,+7.9,+20.2,+20.2,+20.1,+20.1,+20.1,+20.1,+20.1
2023-08-05 02:12,2,+2.4,+9.3,+0.7,+1.4,+0.0,+7.9,+20.1,+20.1,+20.1,+20.1,+20.1,+20.1,+20.1
2023-08-05 03:12,2,+2.4,+9.2,+0.7,+1.3,+0.0,+7.8,+20.0,+20.1,+20.1,+20.2,+20.1,+20.1,+20.0
2023-08-05 04:12,2,+2.4,+9.2,+0.7,+1.4,+0.0,+7.9,+19.8,+20.0,+20.1,+20.2,+20.1,+20.0,+20.0
2023-08-05 05:12,2,+2.4,+9.2,+0.6,+1.3,+0.0,+7.8,+19.8,+20.0,+20.1,+20.2,+20.1,+20.1,+20.0
2023-08-05 06:12,2,+2.4,+9.2,+0.7,+1.3,+0.0,+7.9,+19.7,+20.0,+20.1,+20.2,+20.1,+20.1,+20.1
2023-08-05 07:12,2,+2.4,+9.2,+0.7,+1.3,+0.0,+7.8,+19.7,+19.8,+20.1,+20.1,+20.1,+20.1,+20.0
2023-08-05 08:12,2,+2.4,+9.2,+0.7,+1.4,+0.0,+7.9,+19.7,+19.8,+20.1,+20.2,+20.1,+20.1,+20.0
2023-08-05 09:12,2,+2.3,+9.2,+0.6,+1.3,+0.0,+7.8,+19.7,+19.8,+20.1,+20.2,+20.1,+20.1,+20.0
2023-08-05 10:12,2,+2.3,+9.2,+0.6,+1.4,+0.0,+7.9,+20.2,+19.7,+20.0,+20.1,+20.1,+20.1,+20.1
2023-08-05 11:12,2,+2.2,+9.2,+0.7,+1.4,+0.0,+7.9,+20.3,+19.8,+20.0,+20.2,+20.1,+20.0,+20.0
2023-08-05 12:12,2,+2.2,+9.2,+0.6,+1.3,+0.0,+7.8,+20.5,+19.8,+20.0,+20.2,+20.1,+20.1,+20.0
2023-08-05 13:12,2,+2.2,+9.2,+0.6,+1.4,+0.0,+7.9,+20.6,+19.8,+20.0,+20.1,+20.1,+20.1,+20.0
2023-08-05 14:12,2,+2.2,+9.2,+0.6,+1.3,+0.0,+7.8,+20.6,+20.0,+20.0,+20.2,+20.1,+20.1,+20.1
2023-08-05 15:12,2,+2.2,+9.2,+0.6,+1.3,+0.0,+7.8,+20.7,+20.0,+20.0,+20.1,+20.1,+20.1,+20.0
2023-08-05 16:12,2,+2.1,+9.2,+0.6,+1.3,+0.0,+7.8,+21.1,+20.1,+20.0,+20.1,+20.1,+20.1,+20.0
2023-08-05 17:12,2,+2.0,+9.2,+0.6,+1.3,+0.0,+7.8,+21.3,+20.1,+20.0,+20.1,+20.1,+20.1,+20.0
2023-08-05 18:12,2,+2.0,+9.2,+0.6,+1.4,+0.0,+7.9,+21.1,+20.2,+20.1,+20.2,+20.1,+20.1,+20.0
2023-08-05 19:12,2,+2.1,+9.2,+0.6,+1.4,+0.0,+7.8,+20.8,+20.2,+20.0,+20.1,+20.1,+20.1,+20.0
2023-08-05 20:12,2,+2.1,+9.2,+0.6,+1.3,+0.0,+7.8,+20.6,+20.2,+20.0,+20.2,+20.1,+20.1,+20.0
2023-08-05 21:12,2,+2.1,+9.2,+0.6,+1.3,+0.0,+7.8,+20.3,+20.2,+20.1,+20.1,+20.1,+20.0,+20.1
2023-08-05 22:12,2,+2.1,+9.2,+0.6,+1.3,+0.0,+7.8,+20.2,+20.2,+20.1,+20.2,+20.1,+20.1,+20.1
2023-08-05 23:12,2,+2.2,+9.2,+0.6,+1.4,+0.0,+7.9,+20.2,+20.1,+20.1,+20.1,+20.1,+20.1,+20.0
2023-08-06 00:12,2,+2.2,+9.2,+0.6,+1.4,+0.0,+7.8,+20.1,+20.1,+20.1,+20.1,+20.1,+20.1,+20.1
2023-08-06 01:12,2,+2.2,+9.2,+0.6,+1.4,+0.0,+7.9,+20.0,+20.1,+20.1,+20.2,+20.1,+20.1,+20.1
2023-08-06 02:12,2,+2.2,+9.2,+0.6,+1.3,+0.0,+7.8,+19.8,+20.0,+20.1,+20.2,+20.1,+20.1,+20.1
2023-08-06 03:12,2,+2.2,+9.2,+0.6,+1.3,+0.0,+7.8,+19.8,+20.0,+20.1,+20.1,+20.1,+20.1,+20.0
2023-08-06 04:12,2,+2.2,+9.3,+0.6,+1.4,+0.0,+7.9,+19.8,+20.0,+20.1,+20.1,+20.1,+20.1,+20.1
2023-08-06 05:12,2,+2.3,+9.3,+0.6,+1.3,+0.0,+7.8,+19.7,+19.8,+20.0,+20.2,+20.1,+20.1,+20.1
2023-08-06 06:12,2,+2.2,+9.3,+0.6,+1.4,+0.0,+7.9,+19.7,+19.8,+20.1,+20.1,+20.1,+20.1,+20.1
2023-08-06 07:12,2,+2.2,+9.3,+0.7,+1.3,+0.0,+7.8,+19.6,+19.7,+20.1,+20.1,+20.1,+20.1,+20.1
2023-08-06 08:12,2,+2.2,+9.3,+0.6,+1.3,+0.0,+7.8,+19.6,+19.7,+20.1,+20.1,+20.1,+20.1,+20.1
2023-08-06 09:12,2,+2.3,+9.3,+0.6,+1.3,+0.0,+7.8,+19.7,+19.7,+20.0,+20.1,+20.1,+20.1,+20.1
2023-08-06 10:12,2,+2.5,+9.3,+0.6,+1.4,+0.0,+7.9,+20.0,+19.7,+20.0,+20.2,+20.1,+20.1,+20.0
2023-08-06 11:12,2,+2.3,+9.2,+0.6,+1.3,+0.0,+7.8,+20.1,+19.7,+20.0,+20.1,+20.1,+20.1,+20.0
2023-08-06 12:12,2,+2.2,+9.3,+0.6,+1.4,+0.0,+7.9,+20.2,+19.7,+20.0,+20.2,+20.1,+20.1,+20.1
2023-08-06 13:12,2,+2.2,+9.3,+0.6,+1.3,+0.0,+7.8,+20.3,+19.8,+20.0,+20.2,+20.1,+20.1,+20.0
2023-08-06 14:12,2,+2.2,+9.2,+0.6,+1.3,+0.0,+7.8,+20.3,+19.8,+20.0,+20.1,+20.1,+20.1,+20.0
2023-08-06 15:12,2,+2.0,+9.2,+0.6,+1.4,+0.0,+7.8,+20.6,+19.8,+19.8,+20.1,+20.1,+20.1,+20.1
2023-08-06 16:12,2,+2.0,+9.2,+0.6,+1.3,+0.0,+7.8,+21.0,+20.0,+20.0,+20.1,+20.1,+20.1,+20.0
2023-08-06 17:12,2,+2.1,+9.2,+0.6,+1.4,+0.0,+7.8,+20.8,+20.0,+20.0,+20.1,+20.1,+20.1,+20.0
2023-08-06 18:12,2,+2.2,+9.2,+0.6,+1.3,+0.0,+7.8,+20.7,+20.0,+20.0,+20.1,+20.1,+20.1,+20.1
2023-08-06 19:12,2,+2.1,+9.2,+0.6,+1.4,+0.0,+7.8,+20.5,+20.1,+20.0,+20.2,+20.1,+20.1,+20.0
2023-08-06 20:12,2,+2.1,+9.2,+0.6,+1.3,+0.0,+7.8,+20.3,+20.1,+20.0,+20.2,+20.1,+20.1,+20.1
2023-08-06 21:12,2,+2.2,+9.2,+0.6,+1.4,+0.0,+7.8,+20.2,+20.1,+20.0,+20.1,+20.1,+20.1,+20.1
2023-08-06 22:12,2,+2.2,+9.2,+0.6,+1.4,+0.0,+7.8,+20.1,+20.0,+20.0,+20.2,+20.1,+20.1,+20.1
2023-08-06 23:12,2,+2.2,+9.2,+0.6,+1.4,+0.0,+7.8,+20.0,+20.0,+20.0,+20.1,+20.1,+20.1,+20.1
2023-08-07 00:12,2,+2.2,+9.2,+0.6,+1.4,+0.0,+7.8,+19.8,+19.8,+20.0,+20.1,+20.1,+20.1,+20.0
2023-08-07 01:12,2,+2.2,+9.2,+0.6,+1.3,+0.0,+7.8,+19.8,+19.8,+20.0,+20.1,+20.1,+20.1,+20.1
2023-08-07 02:12,2,+2.2,+9.2,+0.6,+1.4,+0.0,+7.8,+19.8,+19.8,+20.0,+20.1,+20.1,+20.1,+20.0
2023-08-07 03:12,2,+2.2,+9.2,+0.6,+1.4,+0.0,+7.8,+19.8,+19.8,+20.0,+20.1,+20.1,+20.0,+20.0
2023-08-07 04:12,2,+2.2,+9.2,+0.6,+1.3,+0.0,+7.8,+19.8,+19.7,+20.0,+20.1,+20.1,+20.0,+20.1
2023-08-07 05:12,2,+2.2,+9.2,+0.6,+1.3,+0.0,+7.8,+19.7,+19.7,+20.0,+20.1,+20.1,+20.1,+20.1
2023-08-07 06:12,2,+2.2,+9.2,+0.6,+1.4,+0.0,+7.8,+19.7,+19.7,+19.8,+20.2,+20.1,+20.1,+20.1
2023-08-07 07:12,2,+2.2,+9.3,+0.6,+1.4,+0.0,+7.8,+19.7,+19.7,+20.0,+20.1,+20.1,+20.1,+20.0
2023-08-07 08:12,2,+2.2,+9.3,+0.6,+1.4,+0.0,+7.8,+19.8,+19.7,+20.0,+20.1,+20.0,+20.1,+20.0
2023-08-07 09:12,2,+2.2,+9.3,+0.6,+1.4,+0.0,+7.9,+19.8,+19.7,+20.0,+20.1,+20.1,+20.1,+20.1
2023-08-07 10:12,2,+2.1,+9.3,+0.6,+1.3,+0.0,+7.8,+20.0,+19.7,+20.0,+20.1,+20.1,+20.1,+20.0
2023-08-07 11:12,2,+2.2,+9.3,+0.6,+1.4,+0.0,+7.8,+20.0,+19.7,+19.8,+20.1,+20.1,+20.1,+20.1
2023-08-07 12:12,2,+2.7,+9.3,+0.6,+1.4,+0.0,+7.9,+19.8,+19.7,+19.8,+20.1,+20.1,+20.1,+20.0
2023-08-07 13:12,2,+2.8,+9.2,+0.6,+1.3,+0.0,+7.8,+19.8,+19.7,+20.0,+20.1,+20.1,+20.1,+20.1
2023-08-07 14:12,2,+2.8,+9.3,+0.6,+1.4,+0.0,+7.8,+19.8,+19.7,+19.8,+20.1,+20.1,+20.1,+20.1
2023-08-07 15:12,2,+2.8,+9.3,+0.6,+1.4,+0.0,+7.9,+19.7,+19.7,+19.8,+20.1,+20.1,+20.1,+20.0
2023-08-07 16:12,2,+2.8,+9.3,+0.6,+1.4,+0.0,+7.8,+19.7,+19.7,+19.8,+20.1,+20.1,+20.1,+20.1
2023-08-07 17:12,2,+2.8,+9.3,+0.6,+1.4,+0.0,+7.9,+19.6,+19.7,+19.8,+20.1,+20.1,+20.1,+20.1
2023-08-07 18:12,2,+2.8,+9.3,+0.6,+1.4,+0.0,+7.8,+19.5,+19.6,+19.8,+20.1,+20.1,+20.1,+20.0
2023-08-07 19:12,2,+2.8,+9.3,+0.6,+1.3,+0.0,+7.8,+19.5,+19.6,+19.8,+20.1,+20.1,+20.1,+20.1
2023-08-07 20:12,2,+2.8,+9.3,+0.6,+1.4,+0.0,+7.8,+19.3,+19.6,+19.8,+20.1,+20.1,+20.1,+20.1
2023-08-07 21:12,2,+2.7,+9.3,+0.6,+1.3,+0.0,+7.8,+19.3,+19.5,+19.8,+20.1,+20.1,+20.1,+20.1
2023-08-07 22:12,2,+2.7,+9.3,+0.6,+1.3,+0.0,+7.8,+19.2,+19.5,+19.8,+20.1,+20.1,+20.1,+20.1
2023-08-07 23:12,2,+2.7,+9.3,+0.6,+1.3,+0.0,+7.8,+19.1,+19.5,+19.7,+20.1,+20.1,+20.1,+20.1
2023-08-08 00:12,2,+2.7,+9.4,+0.6,+1.4,+0.0,+7.8,+19.1,+19.5,+19.8,+20.1,+20.1,+20.1,+20.1
2023-08-08 01:12,2,+2.7,+9.4,+0.6,+1.4,+0.0,+7.8,+19.0,+19.3,+19.8,+20.1,+20.0,+20.1,+20.0
2023-08-08 02:12,2,+2.7,+9.4,+0.6,+1.4,+0.0,+7.8,+19.0,+19.3,+19.7,+20.1,+20.1,+20.1,+20.1
2023-08-08 03:12,2,+2.7,+9.4,+0.6,+1.3,+0.0,+7.8,+19.0,+19.3,+19.7,+20.1,+20.1,+20.1,+20.1
2023-08-08 04:12,2,+2.7,+9.4,+0.6,+1.4,+0.0,+7.8,+19.0,+19.2,+19.7,+20.1,+20.1,+20.1,+20.1
2023-08-08 05:12,2,+2.7,+9.4,+0.6,+1.4,+0.0,+7.8,+19.0,+19.2,+19.7,+20.1,+20.1,+20.0,+20.1
2023-08-08 06:12,2,+2.7,+9.4,+0.6,+1.3,+0.0,+7.8,+19.0,+19.2,+19.7,+20.1,+20.0,+20.1,+20.1
2023-08-08 07:12,2,+2.7,+9.4,+0.6,+1.4,+0.0,+7.8,+19.0,+19.1,+19.7,+20.1,+20.0,+20.1,+20.0
2023-08-08 08:12,2,+2.7,+9.4,+0.6,+1.3,+0.0,+7.8,+19.1,+19.2,+19.6,+20.1,+20.0,+20.1,+20.1
2023-08-08 09:12,2,+2.6,+9.4,+0.6,+1.3,+0.0,+7.8,+19.2,+19.2,+19.6,+20.1,+20.0,+20.1,+20.1
2023-08-08 10:12,2,+2.6,+9.4,+0.6,+1.3,+0.0,+7.8,+19.7,+19.1,+19.6,+20.0,+20.0,+20.0,+20.1
2023-08-08 11:12,2,+2.5,+9.4,+0.6,+1.3,+0.0,+7.8,+20.0,+19.2,+19.6,+20.0,+20.0,+20.1,+20.1
2023-08-08 12:12,2,+2.5,+9.4,+0.6,+1.3,+0.0,+7.8,+20.0,+19.3,+19.6,+20.0,+20.0,+20.1,+20.1
2023-08-08 13:12,2,+2.5,+9.4,+0.6,+1.3,+0.0,+7.8,+20.1,+19.5,+19.6,+20.0,+20.0,+20.1,+20.1
2023-08-08 14:12,2,+2.5,+9.4,+0.6,+1.3,+0.0,+7.8,+20.0,+19.5,+19.5,+20.0,+20.0,+20.0,+20.1
2023-08-08 15:12,2,+2.7,+9.4,+0.7,+1.4,+0.0,+7.8,+19.8,+19.5,+19.6,+20.0,+20.1,+20.1,+20.1
2023-08-08 16:12,2,+2.9,+9.4,+0.6,+1.3,+0.0,+7.8,+19.6,+19.5,+19.6,+20.0,+20.0,+20.1,+20.1
2023-08-08 17:12,2,+2.9,+9.4,+0.6,+1.3,+0.0,+7.8,+19.5,+19.5,+19.6,+20.0,+20.0,+20.1,+20.1
2023-08-08 18:12,2,+3.0,+9.4,+0.6,+1.3,+0.0,+7.8,+19.3,+19.5,+19.6,+20.0,+20.0,+20.0,+20.1
2023-08-08 19:12,2,+3.0,+9.4,+0.6,+1.3,+0.0,+7.8,+19.2,+19.3,+19.6,+20.0,+20.0,+20.1,+20.0
2023-08-08 20:12,2,+3.0,+9.4,+0.6,+1.4,+0.0,+7.8,+19.2,+19.3,+19.6,+19.8,+20.0,+20.0,+20.1
2023-08-08 21:12,2,+2.9,+9.4,+0.6,+1.4,+0.0,+7.8,+19.1,+19.3,+19.6,+19.8,+20.0,+20.0,+20.1
2023-08-08 22:12,2,+2.9,+9.5,+0.6,+1.4,+0.0,+7.8,+19.1,+19.2,+19.6,+20.0,+20.0,+20.0,+20.1
2023-08-08 23:12,2,+2.9,+9.5,+0.7,+1.3,+0.0,+7.8,+19.0,+19.3,+19.6,+19.8,+20.0,+20.0,+20.1
2023-08-09 00:12,2,+2.9,+9.5,+0.7,+1.4,+0.0,+7.8,+18.8,+19.2,+19.6,+19.8,+20.0,+20.1,+20.1
2023-08-09 01:12,2,+2.9,+9.5,+0.7,+1.3,+0.0,+7.8,+18.8,+19.2,+19.6,+19.8,+20.0,+20.0,+20.0
2023-08-09 02:12,2,+2.9,+9.5,+0.6,+1.3,+0.0,+7.8,+18.7,+19.1,+19.5,+19.8,+20.0,+20.0,+20.0
2023-08-09 03:12,2,+2.9,+9.5,+0.6,+1.3,+0.0,+7.8,+18.7,+19.1,+19.5,+20.0,+20.0,+20.0,+20.0
2023-08-09 04:12,2,+2.9,+9.5,+0.7,+1.4,+0.0,+7.8,+18.7,+19.0,+19.5,+20.0,+20.0,+20.0,+20.0
2023-08-09 05:12,2,+2.9,+9.5,+0.6,+1.4,+0.0,+7.8,+18.6,+19.0,+19.5,+19.8,+20.0,+20.0,+20.0
2023-08-09 06:12,2,+2.9,+9.5,+0.7,+1.4,+0.0,+7.8,+18.6,+19.0,+19.6,+19.8,+20.0,+20.0,+20.0
2023-08-09 07:12,2,+2.9,+9.5,+0.7,+1.4,+0.0,+7.8,+18.6,+19.0,+19.5,+19.8,+20.0,+20.0,+20.0
2023-08-09 08:12,2,+2.9,+9.6,+0.7,+1.4,+0.0,+7.8,+18.6,+19.0,+19.5,+19.8,+20.0,+20.0,+20.0
2023-08-09 09:12,2,+2.8,+9.5,+0.7,+1.3,+0.0,+7.8,+18.7,+18.8,+19.3,+19.8,+20.0,+20.0,+20.0
2023-08-09 10:12,2,+2.8,+9.5,+0.7,+1.3,+0.0,+7.8,+19.7,+19.0,+19.3,+19.8,+20.0,+20.0,+20.0
2023-08-09 11:12,2,+2.7,+9.6,+0.7,+1.3,+0.0,+7.8,+20.2,+19.1,+19.3,+19.8,+20.0,+20.0,+20.0
2023-08-09 12:12,2,+2.7,+9.5,+0.7,+1.3,+0.0,+7.8,+20.2,+19.1,+19.3,+19.8,+20.0,+20.0,+20.1
2023-08-09 13:12,2,+2.7,+9.5,+0.7,+1.3,+0.0,+7.8,+20.3,+19.3,+19.3,+19.8,+20.0,+20.0,+20.0
2023-08-09 14:12,2,+2.6,+9.5,+0.7,+1.3,+0.0,+7.8,+20.3,+19.5,+19.3,+19.8,+20.0,+20.0,+20.0
2023-08-09 15:12,2,+2.7,+9.5,+0.7,+1.3,+0.0,+7.8,+20.5,+19.5,+19.3,+19.8,+19.8,+20.0,+20.0
2023-08-09 16:12,2,+2.6,+9.5,+0.7,+1.3,+0.0,+7.8,+20.5,+19.6,+19.5,+19.7,+19.8,+20.0,+20.0
2023-08-09 17:12,2,+2.6,+9.5,+0.7,+1.3,+0.0,+7.8,+20.5,+19.6,+19.5,+19.8,+20.0,+20.0,+20.0
2023-08-09 18:12,2,+2.6,+9.5,+0.7,+1.2,+0.0,+7.8,+20.3,+19.7,+19.5,+19.7,+19.8,+20.0,+20.0
2023-08-09 19:12,2,+2.6,+9.6,+0.7,+1.2,+0.0,+7.8,+20.3,+19.7,+19.5,+19.7,+19.8,+20.0,+20.0
2023-08-09 20:12,2,+2.6,+9.5,+0.7,+1.2,+0.0,+7.8,+20.2,+19.7,+19.5,+19.7,+19.8,+20.0,+20.0
2023-08-09 21:12,2,+2.6,+9.5,+0.7,+1.3,+0.0,+7.8,+20.1,+19.7,+19.6,+19.7,+19.8,+20.0,+20.0
2023-08-09 22:12,2,+2.6,+9.5,+0.7,+1.3,+0.0,+7.8,+20.0,+19.7,+19.6,+19.8,+19.8,+19.8,+20.0
2023-08-09 23:12,2,+2.7,+9.6,+0.7,+1.2,+0.0,+7.8,+19.8,+19.7,+19.6,+19.7,+19.8,+20.0,+20.0
2023-08-10 00:12,2,+2.7,+9.6,+0.7,+1.2,+0.0,+7.8,+19.8,+19.6,+19.6,+19.8,+19.8,+20.0,+20.0
2023-08-10 01:12,2,+2.7,+9.6,+0.7,+1.2,+0.0,+7.8,+19.7,+19.6,+19.6,+19.8,+19.8,+20.0,+20.0
2023-08-10 02:12,2,+2.7,+9.6,+0.7,+1.2,+0.0,+7.8,+19.6,+19.6,+19.6,+19.8,+19.8,+19.8,+20.0
2023-08-10 03:12,2,+2.7,+9.6,+0.7,+1.2,+0.0,+7.8,+19.6,+19.6,+19.6,+19.8,+19.8,+20.0,+20.0
2023-08-10 04:12,2,+2.7,+9.6,+0.7,+1.3,+0.0,+7.8,+19.6,+19.5,+19.6,+19.8,+19.8,+19.8,+20.0
2023-08-10 05:12,2,+2.7,+9.6,+0.7,+1.3,+0.0,+7.8,+19.5,+19.6,+19.6,+19.8,+19.8,+19.8,+20.0
2023-08-10 06:12,2,+2.7,+9.6,+0.7,+1.2,+0.0,+7.8,+19.5,+19.5,+19.6,+19.8,+19.8,+19.8,+20.0
2023-08-10 07:12,2,+2.7,+9.6,+0.7,+1.3,+0.0,+7.8,+19.5,+19.5,+19.6,+19.8,+19.8,+19.8,+20.0
2023-08-10 08:12,2,+2.7,+9.6,+0.7,+1.2,+0.0,+7.8,+19.5,+19.5,+19.6,+19.8,+19.8,+20.0,+20.0
2023-08-10 09:12,2,+2.8,+9.6,+0.7,+1.2,+0.0,+7.8,+19.6,+19.5,+19.6,+19.8,+19.8,+19.8,+20.0
2023-08-10 10:12,2,+2.5,+9.6,+0.7,+1.3,+0.0,+7.8,+20.3,+19.5,+19.6,+19.8,+19.8,+19.8,+20.0
2023-08-10 11:12,2,+2.4,+9.5,+0.7,+1.2,+0.0,+7.8,+20.7,+19.5,+19.6,+19.8,+19.8,+19.8,+20.0
2023-08-10 12:12,2,+2.4,+9.5,+0.7,+1.2,+0.0,+7.8,+20.8,+19.7,+19.6,+19.8,+19.8,+19.8,+20.0
2023-08-10 13:12,2,+2.4,+9.5,+0.7,+1.2,+0.0,+7.8,+21.0,+19.7,+19.6,+19.8,+19.8,+19.8,+20.0
2023-08-10 14:12,2,+2.4,+9.5,+0.7,+1.2,+0.0,+7.8,+21.1,+19.8,+19.6,+19.8,+19.8,+20.0,+20.0
2023-08-10 15:12,2,+2.3,+9.5,+0.7,+1.3,+0.0,+7.8,+21.1,+20.0,+19.7,+19.8,+19.8,+19.8,+20.0
2023-08-10 16:12,2,+2.3,+9.5,+0.7,+1.3,+0.0,+7.8,+21.1,+20.0,+19.7,+19.7,+19.8,+19.8,+20.0
2023-08-10 17:12,2,+2.3,+9.5,+0.7,+1.2,+0.0,+7.7,+21.0,+20.1,+19.7,+19.8,+19.8,+19.8,+20.0
2023-08-10 18:12,2,+2.4,+9.5,+0.7,+1.2,+0.0,+7.7,+20.8,+20.1,+19.7,+19.8,+19.8,+19.8,+20.0
2023-08-10 19:12,2,+2.4,+9.5,+0.7,+1.2,+0.0,+7.8,+20.7,+20.1,+19.7,+19.8,+19.8,+19.8,+19.8
2023-08-10 20:12,2,+2.4,+9.5,+0.7,+1.2,+0.0,+7.8,+20.6,+20.1,+19.7,+19.8,+19.8,+19.8,+20.0
2023-08-10 21:12,2,+2.4,+9.5,+0.7,+1.3,+0.0,+7.8,+20.6,+20.1,+19.8,+19.8,+19.8,+19.8,+20.0
2023-08-10 22:12,2,+2.5,+9.5,+0.7,+1.2,+0.0,+7.8,+20.5,+20.1,+19.8,+19.8,+19.8,+20.0,+20.0
2023-08-10 23:12,2,+2.5,+9.5,+0.7,+1.3,+0.0,+7.8,+20.3,+20.1,+19.8,+19.8,+19.8,+19.8,+20.0
2023-08-11 00:12,2,+2.5,+9.5,+0.7,+1.2,+0.0,+7.8,+20.2,+20.0,+19.8,+20.0,+19.8,+20.0,+20.0
2023-08-11 01:12,2,+2.5,+9.5,+0.7,+1.3,+0.0,+7.8,+20.2,+20.0,+20.0,+19.8,+19.8,+19.8,+19.8
2023-08-11 02:12,2,+2.5,+9.5,+0.7,+1.3,+0.0,+7.8,+20.1,+20.0,+19.8,+19.8,+19.8,+19.8,+20.0
2023-08-11 03:12,2,+2.5,+9.5,+0.7,+1.3,+0.0,+7.8,+20.0,+20.0,+19.8,+20.0,+19.8,+20.0,+20.0
2023-08-11 04:12,2,+2.6,+9.5,+0.7,+1.3,+0.0,+7.8,+20.0,+19.8,+19.8,+20.0,+19.8,+19.8,+20.0
2023-08-11 05:12,2,+2.6,+9.5,+0.7,+1.3,+0.0,+7.8,+20.0,+19.8,+19.8,+20.0,+19.8,+19.8,+20.0
2023-08-11 06:12,2,+2.6,+9.5,+0.7,+1.3,+0.0,+7.8,+19.8,+19.8,+19.8,+20.0,+19.8,+19.8,+20.0
2023-08-11 07:12,2,+2.6,+9.5,+0.7,+1.2,+0.0,+7.8,+19.8,+19.7,+19.8,+20.0,+19.8,+19.8,+20.0
2023-08-11 08:12,2,+2.6,+9.5,+0.7,+1.2,+0.0,+7.8,+19.8,+19.7,+19.8,+20.0,+19.8,+20.0,+20.0
2023-08-11 09:12,2,+2.6,+9.5,+0.7,+1.2,+0.0,+7.8,+19.8,+19.7,+19.8,+20.0,+19.8,+19.8,+20.0
2023-08-11 10:12,2,+2.5,+9.5,+0.7,+1.3,+0.0,+7.8,+20.6,+19.7,+19.8,+20.0,+19.8,+19.8,+20.0
2023-08-11 11:12,2,+2.4,+9.5,+0.7,+1.3,+0.0,+7.8,+21.0,+19.8,+19.8,+20.0,+20.0,+19.8,+20.0