
2023-07-10 12:10,3,+0.0,+4.5,+0.0,+0.0,+0.1,+2.3,+19.5,+19.7,+20.0,+20.2,+19.8,+20.0,+20.1
2023-07-10 13:10,3,+0.0,+4.6,+0.0,+0.0,+0.1,+2.3,+19.5,+19.7,+20.0,+20.2,+19.8,+20.0,+20.1
2023-07-10 14:10,3,+0.0,+4.6,+0.0,+0.0,+0.2,+2.4,+19.5,+19.7,+20.0,+20.2,+19.8,+20.0,+20.0
2023-07-10 15:10,3,+0.0,+4.6,+0.0,+0.0,+0.2,+2.4,+19.5,+19.7,+20.0,+20.1,+19.8,+20.0,+20.0
2023-07-10 16:10,3,+0.0,+4.6,+0.0,+0.0,+0.2,+2.4,+19.5,+19.8,+20.0,+20.1,+19.8,+20.0,+20.0
2023-07-10 17:10,3,+0.0,+4.7,+0.0,+0.0,+0.2,+2.4,+19.3,+19.8,+20.0,+20.2,+19.8,+20.0,+20.0
2023-07-10 18:10,3,+0.0,+4.7,+0.0,+0.0,+0.2,+2.4,+19.3,+19.8,+20.0,+20.1,+19.8,+20.0,+20.0
2023-07-10 19:10,3,+0.0,+4.8,+0.0,+0.0,+0.3,+2.4,+19.2,+19.8,+20.0,+20.1,+19.7,+19.8,+20.0
2023-07-10 20:10,3,+0.0,+4.8,+0.0,+0.0,+0.3,+2.4,+19.3,+19.8,+20.0,+20.1,+19.8,+20.0,+20.0
2023-07-10 21:10,3,+0.0,+4.8,+0.0,+0.0,+0.3,+2.5,+19.2,+19.8,+20.0,+20.1,+19.8,+19.8,+20.0
2023-07-10 22:10,3,+0.0,+4.8,+0.0,+0.0,+0.4,+2.5,+19.2,+19.7,+20.0,+20.1,+19.8,+19.8,+20.0
2023-07-10 23:10,3,+0.0,+4.9,+0.0,+0.0,+0.4,+2.5,+19.2,+19.7,+20.0,+20.1,+19.8,+20.0,+20.0
2023-07-11 00:10,3,+0.0,+4.9,+0.0,+0.0,+0.4,+2.5,+19.1,+19.7,+19.8,+20.1,+19.8,+19.8,+20.0
2023-07-11 01:10,3,+0.0,+4.9,+0.0,+0.0,+0.4,+2.5,+19.1,+19.7,+20.0,+20.1,+19.8,+20.0,+20.0
2023-07-11 02:10,3,+0.0,+4.9,+0.0,+0.0,+0.4,+2.5,+19.0,+19.7,+19.8,+20.2,+19.8,+20.0,+20.1
2023-07-11 03:10,3,+0.0,+5.0,+0.0,+0.0,+0.4,+2.6,+19.0,+19.7,+20.0,+20.1,+19.7,+20.0,+20.0
2023-07-11 04:10,3,+0.0,+5.0,+0.0,+0.0,+0.4,+2.6,+19.0,+19.6,+20.0,+20.1,+19.8,+20.0,+20.0
2023-07-11 05:10,3,+0.0,+5.0,+0.0,+0.0,+0.4,+2.6,+19.0,+19.6,+19.8,+20.1,+19.8,+19.8,+20.0
2023-07-11 06:10,3,+0.0,+5.1,+0.0,+0.0,+0.6,+2.7,+18.8,+19.6,+19.8,+20.1,+19.8,+19.8,+20.0
2023-07-11 07:10,3,+0.0,+5.1,+0.0,+0.0,+0.6,+2.7,+18.8,+19.6,+20.0,+20.1,+19.8,+20.0,+20.0
2023-07-11 08:10,3,+0.0,+5.1,+0.0,+0.0,+0.5,+2.7,+18.8,+19.6,+19.8,+20.1,+19.8,+19.8,+20.0
2023-07-11 09:10,3,+0.0,+5.1,+0.0,+0.0,+0.6,+2.7,+18.8,+19.6,+19.8,+20.1,+19.8,+19.8,+20.0
2023-07-11 10:10,3,+0.0,+5.1,+0.0,+0.0,+0.6,+2.7,+19.0,+19.6,+19.8,+20.1,+19.7,+20.0,+20.0
2023-07-11 11:10,3,+0.0,+5.1,+0.0,+0.0,+0.6,+2.7,+19.0,+19.6,+19.8,+20.1,+19.8,+20.0,+20.0
2023-07-11 12:10,3,+0.0,+5.1,+0.0,+0.0,+0.6,+2.7,+19.0,+19.6,+19.8,+20.1,+19.8,+20.0,+20.0
2023-07-11 13:10,3,+0.0,+5.1,+0.0,+0.0,+0.6,+2.7,+19.1,+19.6,+19.8,+20.1,+19.8,+19.8,+20.0
2023-07-11 14:10,3,+0.0,+5.1,+0.0,+0.0,+0.6,+2.7,+19.2,+19.6,+19.8,+20.0,+19.7,+19.8,+20.0
2023-07-11 15:10,3,+0.0,+5.1,+0.0,+0.0,+0.6,+2.7,+19.2,+19.6,+19.8,+20.1,+19.8,+19.8,+20.0
2023-07-11 16:10,3,+0.0,+5.1,+0.0,+0.0,+0.6,+2.7,+19.2,+19.6,+19.8,+20.1,+19.8,+19.8,+20.0
2023-07-11 17:10,3,+0.0,+5.1,+0.0,+0.0,+0.6,+2.7,+19.2,+19.6,+19.8,+20.1,+19.7,+19.8,+20.0
2023-07-11 18:10,3,+0.0,+5.1,+0.0,+0.0,+0.6,+2.8,+19.0,+19.6,+19.8,+20.1,+19.8,+19.8,+20.0
2023-07-11 19:10,3,+0.0,+5.1,+0.0,+0.0,+0.7,+2.8,+19.0,+19.6,+19.8,+20.0,+19.8,+20.0,+20.0
2023-07-11 20:10,3,+0.0,+5.1,+0.0,+0.0,+0.6,+2.8,+19.0,+19.6,+19.8,+20.1,+19.7,+19.8,+20.0
2023-07-11 21:10,3,+0.0,+5.1,+0.0,+0.0,+0.8,+2.9,+18.8,+19.6,+19.8,+20.1,+19.8,+20.0,+20.0
2023-07-11 22:10,3,+0.0,+5.2,+0.0,+0.0,+0.8,+2.9,+18.8,+19.6,+19.8,+20.1,+19.7,+19.8,+20.0
2023-07-11 23:10,3,+0.0,+5.2,+0.0,+0.0,+0.8,+2.9,+18.8,+19.5,+19.8,+20.1,+19.8,+19.8,+20.0
2023-07-12 00:10,3,+0.0,+5.2,+0.0,+0.0,+0.7,+2.8,+18.7,+19.5,+19.8,+20.0,+19.8,+19.8,+20.0
2023-07-12 01:10,3,+0.0,+5.2,+0.0,+0.0,+0.8,+2.9,+18.8,+19.5,+19.8,+20.1,+19.7,+19.8,+20.0
2023-07-12 02:10,3,+0.0,+5.2,+0.0,+0.0,+0.8,+2.9,+18.7,+19.5,+19.8,+20.1,+19.7,+19.8,+20.0
2023-07-12 03:10,3,+0.0,+5.2,+0.0,+0.0,+0.8,+2.9,+18.7,+19.6,+19.7,+20.0,+19.8,+19.8,+20.0
2023-07-12 04:10,3,+0.0,+5.2,+0.0,+0.0,+0.8,+3.0,+18.7,+19.5,+19.7,+20.0,+19.7,+19.8,+20.0
2023-07-12 05:10,3,+0.0,+5.3,+0.0,+0.0,+0.8,+2.9,+18.7,+19.5,+19.7,+20.0,+19.8,+19.8,+20.0
2023-07-12 06:10,3,+0.0,+5.3,+0.0,+0.0,+0.8,+2.9,+18.6,+19.3,+19.7,+20.0,+19.7,+19.8,+20.0
2023-07-12 07:10,3,+0.0,+5.3,+0.0,+0.0,+0.8,+3.0,+18.6,+19.3,+19.7,+20.1,+19.8,+19.8,+20.0
2023-07-12 08:10,3,+0.0,+5.3,+0.0,+0.0,+0.9,+3.0,+18.6,+19.3,+19.7,+20.0,+19.7,+19.8,+20.0
2023-07-12 09:10,3,+0.0,+5.3,+0.0,+0.0,+0.9,+3.0,+18.8,+19.3,+19.7,+20.1,+19.8,+19.8,+20.0
2023-07-12 10:10,3,+0.0,+5.3,+0.0,+0.0,+0.9,+3.0,+18.8,+19.3,+19.7,+20.0,+19.8,+19.8,+20.0
2023-07-12 11:10,3,+0.0,+5.3,+0.0,+0.0,+0.9,+3.0,+19.0,+19.3,+19.7,+20.1,+19.7,+19.8,+20.0
2023-07-12 12:10,3,+0.0,+5.3,+0.0,+0.0,+0.9,+3.0,+19.2,+19.5,+19.7,+20.0,+19.7,+20.0,+20.1
2023-07-12 13:10,3,+0.0,+5.3,+0.0,+0.0,+0.9,+3.0,+19.3,+19.5,+19.7,+20.0,+19.7,+19.8,+20.0
2023-07-12 14:10,3,+0.0,+5.3,+0.0,+0.0,+0.8,+3.0,+19.5,+19.5,+19.6,+20.0,+19.8,+19.8,+20.0
2023-07-12 15:10,3,+0.0,+5.3,+0.0,+0.0,+0.9,+3.0,+19.6,+19.6,+19.7,+20.0,+19.7,+19.8,+20.0
2023-07-12 16:10,3,+0.0,+5.3,+0.0,+0.0,+0.9,+3.0,+19.5,+19.7,+19.7,+20.0,+19.7,+19.8,+20.0
2023-07-12 17:10,3,+0.0,+5.3,+0.0,+0.0,+0.9,+3.0,+19.5,+19.7,+19.8,+20.0,+19.7,+19.8,+20.0
2023-07-12 18:10,3,+0.0,+5.4,+0.0,+0.0,+0.9,+3.0,+19.5,+19.7,+19.7,+20.0,+19.7,+19.8,+20.0
2023-07-12 19:10,3,+0.0,+5.4,+0.0,+0.0,+0.9,+3.0,+19.3,+19.7,+19.7,+20.0,+19.7,+19.8,+20.0
2023-07-12 20:10,3,+0.0,+5.4,+0.0,+0.0,+0.9,+3.0,+19.3,+19.7,+19.7,+20.0,+19.7,+19.8,+20.0
2023-07-12 21:10,3,+0.0,+5.4,+0.0,+0.0,+0.9,+3.0,+19.3,+19.7,+19.7,+20.0,+19.7,+19.8,+20.0
2023-07-12 22:10,3,+0.0,+5.4,+0.0,+0.0,+0.9,+3.0,+19.2,+19.7,+19.7,+20.0,+19.7,+19.8,+20.0
2023-07-12 23:10,3,+0.0,+5.4,+0.0,+0.0,+1.0,+3.1,+19.2,+19.7,+19.8,+20.0,+19.7,+19.8,+20.0
2023-07-13 00:10,3,+0.0,+5.4,+0.0,+0.0,+1.0,+3.1,+19.2,+19.7,+19.8,+20.0,+19.7,+19.8,+20.0
2023-07-13 01:10,3,+0.0,+5.4,+0.0,+0.0,+1.0,+3.1,+19.2,+19.7,+19.8,+20.0,+19.7,+19.8,+20.0
2023-07-13 02:10,3,+0.0,+5.5,+0.0,+0.0,+1.0,+3.1,+19.1,+19.7,+19.8,+20.0,+19.7,+19.8,+20.0
2023-07-13 03:10,3,+0.0,+5.5,+0.0,+0.0,+1.0,+3.1,+19.1,+19.7,+19.8,+20.0,+19.7,+19.8,+20.0
2023-07-13 04:10,3,+0.0,+5.6,+0.0,+0.0,+1.1,+3.1,+19.1,+19.7,+19.8,+20.1,+19.7,+19.8,+20.0
2023-07-13 05:10,3,+0.0,+5.7,+0.0,+0.0,+1.0,+3.1,+19.0,+19.6,+19.8,+20.0,+19.7,+19.8,+20.0
2023-07-13 06:10,3,+0.6,+5.8,+0.0,+0.0,+1.0,+3.1,+19.0,+19.6,+19.8,+20.0,+19.7,+19.8,+20.0
2023-07-13 07:10,3,+0.8,+5.9,+0.0,+0.0,+1.1,+3.2,+19.0,+19.6,+19.8,+20.0,+19.7,+19.8,+20.0
2023-07-13 08:10,3,+0.8,+5.9,+0.0,+0.0,+1.0,+3.1,+18.8,+19.6,+19.8,+20.1,+19.7,+19.8,+20.0
2023-07-13 09:10,3,+1.0,+6.1,+0.0,+0.0,+1.1,+3.2,+19.0,+19.6,+19.8,+20.0,+19.7,+19.8,+20.0
2023-07-13 10:10,3,+1.1,+6.2,+0.0,+0.0,+1.1,+3.2,+19.0,+19.5,+19.8,+20.0,+19.7,+19.8,+20.0
2023-07-13 11:10,3,+1.1,+6.3,+0.0,+0.0,+1.1,+3.2,+19.0,+19.5,+19.8,+20.1,+19.7,+19.8,+20.0
2023-07-13 12:10,3,+1.1,+6.5,+0.0,+0.0,+1.1,+3.2,+19.1,+19.6,+19.8,+20.0,+19.7,+20.0,+20.0
2023-07-13 13:10,3,+1.2,+6.6,+0.0,+0.0,+1.1,+3.2,+19.1,+19.6,+19.8,+20.0,+19.7,+19.8,+20.0
2023-07-13 14:10,3,+1.1,+6.4,+0.0,+0.0,+1.1,+3.2,+19.1,+19.6,+19.8,+20.0,+19.7,+19.8,+20.0
2023-07-13 15:10,3,+1.1,+6.4,+0.0,+0.0,+1.1,+3.2,+19.2,+19.6,+19.7,+20.0,+19.7,+19.8,+20.0
2023-07-13 16:10,3,+1.0,+6.4,+0.0,+0.0,+1.1,+3.2,+19.2,+19.6,+19.7,+20.0,+19.7,+19.8,+20.0
2023-07-13 17:10,3,+1.0,+6.4,+0.0,+0.0,+1.1,+3.2,+19.3,+19.7,+19.7,+20.0,+19.7,+19.8,+20.0
2023-07-13 18:10,3,+1.0,+6.4,+0.0,+0.0,+1.2,+3.4,+19.3,+19.7,+19.7,+20.0,+19.7,+19.8,+20.0
2023-07-13 19:10,3,+1.0,+6.4,+0.0,+0.0,+1.1,+3.4,+19.2,+19.7,+19.7,+20.0,+19.7,+19.8,+20.0
2023-07-13 20:10,3,+6.9,+14.1,+0.0,+0.0,+1.2,+3.4,+18.6,+19.3,+19.6,+19.8,+19.7,+19.8,+20.0
2023-07-13 21:10,3,+3.3,+10.4,+0.0,+0.0,+1.2,+3.4,+18.8,+19.5,+19.7,+20.0,+19.7,+19.8,+20.0
2023-07-13 22:10,3,+3.0,+9.9,+0.0,+0.0,+1.5,+3.4,+19.0,+19.5,+19.7,+20.0,+19.7,+19.8,+20.0
2023-07-13 23:10,3,+2.8,+9.7,+0.0,+0.0,+1.7,+3.5,+19.0,+19.5,+19.7,+20.0,+19.7,+19.8,+20.0
2023-07-14 00:10,3,+2.7,+9.6,+0.0,+0.0,+1.7,+3.5,+18.8,+19.5,+19.7,+20.0,+19.7,+19.8,+20.0
2023-07-14 01:10,3,+2.6,+9.5,+0.0,+0.0,+1.8,+3.5,+19.0,+19.6,+19.7,+20.0,+19.7,+19.8,+20.0
2023-07-14 02:10,3,+2.6,+9.4,+0.0,+0.0,+1.8,+3.5,+19.0,+19.5,+19.8,+20.0,+19.7,+19.8,+20.0
2023-07-14 03:10,3,+2.6,+9.4,+0.0,+0.0,+1.8,+3.5,+19.0,+19.5,+19.7,+20.0,+19.7,+19.8,+20.0
2023-07-14 04:10,3,+2.6,+9.4,+0.0,+0.0,+1.8,+3.5,+19.0,+19.5,+19.7,+20.0,+19.7,+19.8,+20.0
2023-07-14 05:10,3,+2.6,+9.4,+0.0,+0.0,+1.9,+3.5,+19.0,+19.5,+19.7,+20.0,+19.7,+19.8,+20.0
2023-07-14 06:10,3,+2.5,+9.4,+0.0,+0.0,+1.9,+3.5,+18.8,+19.5,+19.7,+20.1,+19.7,+19.8,+20.0
2023-07-14 07:10,3,+2.5,+9.3,+0.0,+0.0,+1.9,+3.5,+18.8,+19.5,+19.7,+20.0,+19.7,+19.8,+20.0
2023-07-14 08:10,3,+2.5,+9.3,+0.0,+0.0,+1.9,+3.5,+18.8,+19.5,+19.7,+20.0,+19.7,+19.8,+20.0
2023-07-14 09:10,3,+2.5,+9.3,+0.0,+0.0,+1.9,+3.6,+18.8,+19.5,+19.7,+20.0,+19.7,+19.8,+20.0
2023-07-14 10:10,3,+2.5,+9.2,+0.0,+0.0,+1.9,+3.5,+18.8,+19.5,+19.7,+20.0,+19.7,+19.8,+20.0
2023-07-14 11:10,3,+2.4,+9.2,+0.0,+0.0,+1.9,+3.6,+18.8,+19.5,+19.7,+20.0,+19.7,+19.8,+20.0
2023-07-14 12:10,3,+2.4,+9.1,+0.0,+0.0,+1.9,+3.6,+18.8,+19.5,+19.7,+20.0,+19.7,+19.8,+20.0
2023-07-14 13:10,3,+2.5,+9.1,+0.0,+0.0,+1.9,+3.6,+18.8,+19.5,+19.7,+20.0,+19.7,+19.8,+20.0
2023-07-14 14:10,3,+3.5,+9.1,+0.0,+0.0,+2.0,+3.6,+19.0,+19.5,+19.7,+20.0,+19.7,+19.8,+20.0
2023-07-14 15:10,3,+3.7,+9.1,+0.0,+0.0,+1.9,+3.6,+18.8,+19.5,+19.7,+20.0,+19.7,+19.8,+20.0
2023-07-14 16:10,3,+3.7,+9.0,+0.0,+0.0,+1.9,+3.6,+18.8,+19.5,+19.7,+19.8,+19.7,+19.8,+20.0
2023-07-14 17:10,3,+3.7,+9.0,+0.0,+0.0,+1.9,+3.6,+18.8,+19.5,+19.7,+20.0,+19.7,+19.8,+20.0
2023-07-14 18:10,3,+3.7,+9.0,+0.0,+0.0,+1.9,+3.7,+18.7,+19.5,+19.6,+20.0,+19.7,+19.8,+20.0
2023-07-14 19:10,3,+3.7,+8.9,+0.0,+0.0,+1.9,+3.6,+18.6,+19.3,+19.7,+20.0,+19.7,+19.8,+20.0
2023-07-14 20:10,3,+3.8,+8.9,+0.0,+0.0,+1.9,+3.7,+18.5,+19.3,+19.7,+19.8,+19.7,+19.8,+20.0
2023-07-14 21:10,3,+3.8,+8.9,+0.0,+0.0,+1.9,+3.7,+18.6,+19.3,+19.7,+20.0,+19.7,+19.8,+20.0
2023-07-14 22:10,3,+3.8,+8.9,+0.0,+0.0,+1.9,+3.7,+18.5,+19.2,+19.6,+20.0,+19.7,+19.8,+20.0
2023-07-14 23:10,3,+3.8,+8.9,+0.0,+0.0,+1.9,+3.7,+18.5,+19.2,+19.6,+20.0,+19.7,+19.8,+20.0
2023-07-15 00:10,3,+3.9,+8.9,+0.0,+0.0,+2.0,+3.7,+18.3,+19.2,+19.6,+20.0,+19.7,+19.8,+20.0
2023-07-15 01:10,3,+3.9,+8.9,+0.0,+0.0,+2.0,+3.7,+18.5,+19.2,+19.6,+20.0,+19.7,+19.8,+20.0
2023-07-15 02:10,3,+6.2,+10.3,+0.0,+0.0,+2.8,+6.1,+18.3,+19.2,+19.6,+19.8,+19.7,+19.8,+20.0
2023-07-15 03:10,3,+8.6,+12.2,+0.0,+2.6,+5.7,+8.4,+18.3,+19.1,+19.6,+19.8,+19.7,+19.8,+20.0
2023-07-15 04:10,3,+9.7,+12.7,+0.7,+4.0,+7.2,+10.0,+18.2,+19.2,+19.6,+19.8,+19.7,+19.8,+20.0
2023-07-15 05:10,3,+9.9,+13.3,+1.4,+4.3,+7.7,+10.9,+18.3,+19.1,+19.6,+20.0,+19.7,+19.8,+20.0
2023-07-15 06:10,3,+10.4,+13.7,+2.0,+4.5,+7.8,+11.5,+18.2,+19.1,+19.5,+20.0,+19.7,+19.8,+20.0
2023-07-15 07:10,3,+10.5,+14.0,+2.4,+4.5,+8.3,+11.8,+18.2,+19.1,+19.6,+19.8,+19.7,+19.8,+20.0
2023-07-15 08:10,3,+10.5,+14.0,+2.5,+4.7,+8.7,+12.2,+18.2,+19.1,+19.5,+20.0,+19.6,+19.8,+20.0
2023-07-15 09:10,3,+10.5,+14.0,+2.5,+5.0,+9.1,+12.5,+18.3,+19.1,+19.5,+19.8,+19.6,+19.8,+20.0
2023-07-15 10:10,3,+10.5,+14.0,+2.5,+5.0,+9.3,+12.7,+18.5,+19.1,+19.5,+19.8,+19.7,+19.8,+20.0
2023-07-15 11:10,3,+10.4,+14.0,+2.5,+5.1,+9.5,+13.0,+18.6,+19.0,+19.5,+19.8,+19.6,+19.8,+20.0
2023-07-15 12:10,3,+10.4,+14.0,+2.5,+5.2,+9.7,+13.2,+18.6,+19.1,+19.3,+19.8,+19.6,+19.8,+20.0
2023-07-15 13:10,3,+10.3,+14.0,+2.5,+5.1,+9.7,+13.3,+18.7,+19.1,+19.5,+19.8,+19.6,+19.7,+20.0
2023-07-15 14:10,3,+10.4,+14.0,+2.5,+5.1,+9.8,+13.4,+19.0,+19.1,+19.5,+19.8,+19.7,+19.8,+20.0
2023-07-15 15:10,3,+10.5,+14.0,+2.4,+5.0,+9.7,+13.5,+19.1,+19.2,+19.5,+19.8,+19.7,+19.8,+20.0
2023-07-15 16:10,3,+10.5,+13.9,+2.4,+5.1,+9.8,+13.6,+19.2,+19.3,+19.5,+19.8,+19.6,+19.7,+20.0
2023-07-15 17:10,3,+10.4,+13.9,+2.4,+5.1,+9.8,+13.6,+19.2,+19.3,+19.5,+19.8,+19.6,+19.7,+20.0
2023-07-15 18:10,3,+10.7,+14.0,+2.4,+5.1,+9.8,+13.6,+19.2,+19.3,+19.5,+19.7,+19.6,+19.8,+20.0
2023-07-15 19:10,3,+16.0,+14.4,+2.4,+5.1,+9.8,+13.6,+19.1,+19.5,+19.6,+19.8,+19.6,+19.8,+20.0
2023-07-15 20:10,3,+16.7,+17.5,+2.6,+5.0,+9.7,+13.6,+19.0,+19.5,+19.5,+19.7,+19.6,+19.7,+20.0
2023-07-15 21:10,3,+15.4,+17.7,+3.0,+5.1,+9.8,+13.6,+19.0,+19.5,+19.6,+19.8,+19.6,+19.8,+20.0
2023-07-15 22:10,3,+14.7,+17.5,+3.6,+5.1,+9.8,+13.6,+19.0,+19.5,+19.6,+19.8,+19.6,+19.7,+20.0
2023-07-15 23:10,3,+14.3,+17.3,+3.9,+5.1,+9.7,+13.6,+19.0,+19.5,+19.6,+19.8,+19.6,+19.7,+20.0
2023-07-16 00:10,3,+14.0,+17.1,+4.0,+5.3,+9.8,+13.6,+18.8,+19.5,+19.6,+19.8,+19.6,+19.7,+20.0
2023-07-16 01:10,3,+13.8,+16.9,+4.1,+5.4,+9.8,+13.6,+18.8,+19.5,+19.6,+19.8,+19.6,+19.7,+20.0
2023-07-16 02:10,3,+13.6,+16.8,+4.1,+5.5,+9.7,+13.6,+18.8,+19.5,+19.6,+19.8,+19.7,+19.7,+20.0
2023-07-16 03:10,3,+13.5,+16.7,+4.1,+5.6,+9.7,+13.6,+18.8,+19.5,+19.6,+19.8,+19.6,+19.7,+19.8
2023-07-16 04:10,3,+13.4,+16.6,+4.1,+5.8,+9.8,+13.6,+18.7,+19.3,+19.6,+19.8,+19.6,+19.7,+19.8
2023-07-16 05:10,3,+13.3,+16.5,+4.1,+5.8,+9.8,+13.6,+18.7,+19.5,+19.6,+19.8,+19.6,+19.7,+20.0
2023-07-16 06:10,3,+13.3,+16.5,+4.1,+5.9,+9.8,+13.6,+18.8,+19.3,+19.6,+19.8,+19.6,+19.7,+20.0
2023-07-16 07:10,3,+13.0,+16.4,+4.1,+5.9,+9.8,+13.6,+18.7,+19.3,+19.6,+19.8,+19.6,+19.7,+20.0
2023-07-16 08:10,3,+13.1,+16.4,+4.0,+5.9,+9.9,+13.6,+18.8,+19.3,+19.6,+19.8,+19.6,+19.7,+20.0
2023-07-16 09:10,3,+13.5,+16.5,+4.1,+5.9,+9.9,+13.6,+18.8,+19.3,+19.6,+19.8,+19.6,+19.7,+19.8
2023-07-16 10:10,3,+13.6,+16.6,+4.1,+6.0,+9.9,+13.6,+18.8,+19.3,+19.6,+19.7,+19.7,+19.7,+20.0
2023-07-16 11:10,3,+13.6,+16.7,+4.2,+6.1,+10.0,+13.7,+18.8,+19.3,+19.6,+19.8,+19.6,+19.7,+20.0
2023-07-16 12:10,3,+14.1,+16.8,+4.3,+6.2,+10.0,+13.7,+19.0,+19.3,+19.6,+19.7,+19.6,+19.7,+20.0
2023-07-16 13:10,3,+14.9,+17.5,+4.5,+6.3,+10.0,+13.7,+18.8,+19.5,+19.6,+19.8,+19.6,+19.7,+20.0
2023-07-16 14:10,3,+14.1,+17.5,+4.9,+6.5,+9.8,+13.6,+19.0,+19.3,+19.6,+19.8,+19.6,+19.7,+20.0
2023-07-16 15:10,3,+13.0,+17.2,+5.2,+6.3,+9.5,+13.8,+19.0,+19.5,+19.6,+19.8,+19.6,+19.7,+19.8
2023-07-16 16:10,3,+12.4,+16.8,+5.0,+6.4,+9.5,+13.8,+19.0,+19.3,+19.6,+19.8,+19.6,+19.7,+20.0
2023-07-16 17:10,3,+12.2,+16.6,+4.9,+6.6,+9.6,+13.9,+18.8,+19.5,+19.6,+19.7,+19.6,+19.7,+19.8
2023-07-16 18:10,3,+12.1,+16.5,+4.9,+6.6,+9.6,+13.9,+18.8,+19.5,+19.6,+19.8,+19.6,+19.7,+19.8
2023-07-16 19:10,3,+12.0,+16.4,+4.8,+6.6,+9.6,+13.9,+18.7,+19.5,+19.6,+19.8,+19.6,+19.7,+19.8
2023-07-16 20:10,3,+12.0,+16.3,+4.8,+6.6,+9.7,+13.9,+18.6,+19.3,+19.6,+19.8,+19.6,+19.7,+20.0
2023-07-16 21:10,3,+11.9,+16.2,+4.7,+6.5,+9.7,+13.9,+18.5,+19.3,+19.6,+19.8,+19.6,+19.7,+20.0
2023-07-16 22:10,3,+11.9,+16.2,+4.7,+6.5,+9.7,+13.9,+18.5,+19.3,+19.6,+19.8,+19.6,+19.7,+20.0
2023-07-16 23:10,3,+11.8,+16.1,+4.6,+6.4,+9.7,+13.9,+18.3,+19.3,+19.6,+19.8,+19.6,+19.8,+20.0
2023-07-17 00:10,3,+11.8,+16.0,+4.6,+6.4,+9.7,+13.9,+18.3,+19.2,+19.6,+19.8,+19.6,+19.7,+20.0
2023-07-17 01:10,3,+11.8,+16.0,+4.5,+6.5,+9.8,+13.9,+18.3,+19.2,+19.6,+19.8,+19.6,+19.7,+20.0
2023-07-17 02:10,3,+11.7,+16.0,+4.5,+6.3,+9.8,+13.9,+18.2,+19.2,+19.6,+19.7,+19.6,+19.7,+20.0
2023-07-17 03:10,3,+11.7,+15.9,+4.5,+6.3,+9.8,+13.9,+18.3,+19.2,+19.5,+19.8,+19.6,+19.7,+19.8
2023-07-17 04:10,3,+11.7,+15.9,+4.4,+6.4,+9.9,+14.0,+18.3,+19.1,+19.5,+19.8,+19.6,+19.7,+19.8
2023-07-17 05:10,3,+11.7,+15.8,+4.4,+6.3,+9.8,+13.9,+18.2,+19.1,+19.5,+19.8,+19.6,+19.7,+20.0
2023-07-17 06:10,3,+11.7,+15.8,+4.4,+6.4,+9.9,+14.0,+18.3,+19.1,+19.5,+19.8,+19.6,+19.7,+19.8
2023-07-17 07:10,3,+11.6,+15.8,+4.4,+6.3,+9.9,+14.0,+18.3,+19.0,+19.5,+19.8,+19.6,+19.7,+19.8
2023-07-17 08:10,3,+11.7,+15.8,+4.4,+6.2,+9.9,+14.0,+18.3,+19.0,+19.5,+19.8,+19.6,+19.7,+19.8
2023-07-17 09:10,3,+11.6,+15.7,+4.3,+6.3,+9.9,+14.0,+18.5,+19.1,+19.3,+19.8,+19.6,+19.7,+20.0
2023-07-17 10:10,3,+11.6,+15.7,+4.3,+6.3,+9.9,+14.0,+18.6,+19.1,+19.5,+19.7,+19.6,+19.7,+20.0
2023-07-17 11:10,3,+11.5,+15.6,+4.2,+6.3,+9.9,+14.0,+18.8,+19.1,+19.3,+19.7,+19.6,+19.7,+19.8
2023-07-17 12:10,3,+11.5,+15.6,+4.2,+6.1,+9.9,+14.0,+19.0,+19.1,+19.5,+19.8,+19.6,+19.7,+20.0
2023-07-17 13:10,3,+11.4,+15.5,+4.2,+6.1,+9.9,+14.0,+19.1,+19.2,+19.3,+19.7,+19.6,+19.7,+19.8
2023-07-17 14:10,3,+11.4,+15.5,+4.2,+6.2,+9.9,+14.1,+19.1,+19.3,+19.3,+19.7,+19.6,+19.7,+20.0
2023-07-17 15:10,3,+19.6,+21.8,+4.4,+6.1,+9.9,+14.1,+19.0,+19.3,+19.3,+19.7,+19.6,+19.7,+19.8
2023-07-17 16:10,3,+15.6,+20.1,+6.9,+7.1,+9.9,+14.1,+18.8,+19.3,+19.3,+19.7,+19.6,+19.7,+19.8
2023-07-17 17:10,3,+15.3,+19.3,+6.6,+8.4,+10.1,+14.1,+18.8,+19.3,+19.5,+19.7,+19.5,+19.7,+19.8
2023-07-17 18:10,3,+15.5,+19.9,+6.9,+8.8,+10.4,+14.2,+18.6,+19.3,+19.5,+19.7,+19.5,+19.6,+19.8
2023-07-17 19:10,3,+14.7,+19.1,+6.6,+8.9,+10.7,+14.2,+18.6,+19.2,+19.5,+19.7,+19.5,+19.6,+19.8
2023-07-17 20:10,3,+14.2,+18.5,+6.3,+8.6,+11.0,+14.2,+18.5,+19.2,+19.5,+19.7,+19.5,+19.6,+19.8
2023-07-17 21:10,3,+13.9,+18.1,+6.0,+8.5,+11.2,+14.3,+18.3,+19.2,+19.5,+19.7,+19.5,+19.6,+19.8
2023-07-17 22:10,3,+13.7,+17.8,+5.8,+8.3,+11.3,+14.4,+18.3,+19.2,+19.5,+19.7,+19.5,+19.7,+19.8
2023-07-17 23:10,3,+13.5,+17.6,+5.7,+8.0,+11.3,+14.5,+18.3,+19.1,+19.5,+19.7,+19.5,+19.7,+19.8
2023-07-18 00:10,3,+13.3,+17.4,+5.6,+7.9,+11.4,+14.7,+18.3,+19.1,+19.5,+19.7,+19.5,+19.6,+19.8
2023-07-18 01:10,3,+13.2,+17.3,+5.4,+7.9,+11.4,+14.8,+18.2,+19.1,+19.3,+19.7,+19.5,+19.6,+19.8
2023-07-18 02:10,3,+13.1,+17.2,+5.3,+7.7,+11.4,+15.0,+18.2,+19.1,+19.3,+19.7,+19.5,+19.6,+19.8
2023-07-18 03:10,3,+13.0,+17.1,+5.3,+7.7,+11.4,+15.2,+18.2,+19.1,+19.3,+19.7,+19.5,+19.7,+19.8
2023-07-18 04:10,3,+13.0,+17.0,+5.2,+7.6,+11.4,+15.3,+18.2,+19.1,+19.3,+19.7,+19.5,+19.7,+19.8
2023-07-18 05:10,3,+12.9,+16.9,+5.1,+7.5,+11.4,+15.4,+18.2,+19.0,+19.3,+19.7,+19.5,+19.6,+19.8
2023-07-18 06:10,3,+12.9,+16.8,+5.1,+7.3,+11.3,+15.5,+18.1,+19.0,+19.3,+19.7,+19.5,+19.7,+19.8
2023-07-18 07:10,3,+12.8,+16.8,+5.1,+7.4,+11.4,+15.6,+18.1,+18.8,+19.3,+19.7,+19.5,+19.7,+19.8
2023-07-18 08:10,3,+12.8,+16.7,+5.0,+7.3,+11.3,+15.6,+18.1,+19.0,+19.3,+19.7,+19.5,+19.6,+19.8
2023-07-18 09:10,3,+12.7,+16.7,+4.9,+7.2,+11.3,+15.7,+18.1,+18.8,+19.3,+19.7,+19.5,+19.7,+19.8
2023-07-18 10:10,3,+12.7,+16.7,+4.9,+7.3,+11.4,+15.8,+18.2,+18.8,+19.3,+19.7,+19.5,+19.7,+19.8
2023-07-18 11:10,3,+12.7,+16.6,+4.9,+7.1,+11.3,+15.7,+18.3,+18.8,+19.3,+19.6,+19.5,+19.6,+19.8
2023-07-18 12:10,3,+12.7,+16.6,+4.9,+7.1,+11.3,+15.8,+18.5,+19.0,+19.3,+19.6,+19.5,+19.6,+19.8
2023-07-18 13:10,3,+12.6,+16.5,+4.8,+7.0,+11.2,+15.8,+18.6,+19.0,+19.3,+19.7,+19.5,+19.6,+19.8
2023-07-18 14:10,3,+12.5,+16.5,+4.8,+7.1,+11.3,+15.8,+18.6,+19.0,+19.3,+19.7,+19.5,+19.7,+19.8
2023-07-18 15:10,3,+12.5,+16.4,+4.7,+6.9,+11.2,+15.8,+18.6,+19.0,+19.3,+19.6,+19.5,+19.7,+19.8
2023-07-18 16:10,3,+12.4,+16.3,+4.7,+7.0,+11.2,+15.8,+18.6,+19.0,+19.3,+19.7,+19.5,+19.7,+19.8
2023-07-18 17:10,3,+12.3,+16.3,+4.6,+7.0,+11.2,+15.8,+18.5,+19.1,+19.3,+19.7,+19.5,+19.6,+19.8
2023-07-18 18:10,3,+12.3,+16.2,+4.6,+6.9,+11.2,+15.8,+18.5,+19.0,+19.3,+19.6,+19.5,+19.6,+19.8
2023-07-18 19:10,3,+12.3,+16.2,+4.6,+6.9,+11.2,+15.9,+18.5,+19.1,+19.3,+19.6,+19.5,+19.7,+19.8
2023-07-18 20:10,3,+12.3,+16.2,+4.5,+6.9,+11.2,+15.9,+18.3,+19.0,+19.3,+19.6,+19.5,+19.6,+19.8
2023-07-18 21:10,3,+12.3,+16.2,+4.5,+6.7,+11.1,+15.9,+18.5,+19.0,+19.3,+19.6,+19.5,+19.6,+19.8
2023-07-18 22:10,3,+12.3,+16.2,+4.5,+6.8,+11.2,+15.9,+18.5,+19.1,+19.3,+19.6,+19.5,+19.6,+19.8
2023-07-18 23:10,3,+12.3,+16.2,+4.5,+6.8,+11.1,+15.9,+18.5,+19.0,+19.3,+19.6,+19.5,+19.6,+19.8
2023-07-19 00:10,3,+12.3,+16.2,+4.5,+6.7,+11.1,+15.9,+18.3,+19.0,+19.3,+19.7,+19.5,+19.6,+19.8
2023-07-19 01:10,3,+12.3,+16.2,+4.5,+6.8,+11.1,+15.9,+18.3,+19.0,+19.3,+19.6,+19.5,+19.6,+19.8
2023-07-19 02:10,3,+12.3,+16.2,+4.5,+6.7,+11.1,+15.9,+18.3,+19.1,+19.3,+19.6,+19.5,+19.6,+19.8
2023-07-19 03:10,3,+12.3,+16.2,+4.5,+6.7,+11.1,+15.9,+18.3,+19.0,+19.3,+19.6,+19.5,+19.6,+19.8
2023-07-19 04:10,3,+12.3,+16.1,+4.5,+6.7,+11.1,+15.9,+18.3,+19.0,+19.3,+19.6,+19.5,+19.6,+19.8
2023-07-19 05:10,3,+12.3,+16.2,+4.4,+6.7,+11.1,+15.9,+18.3,+19.0,+19.3,+19.6,+19.5,+19.7,+19.8
2023-07-19 06:10,3,+12.3,+16.1,+4.4,+6.6,+11.0,+15.9,+18.2,+19.0,+19.3,+19.6,+19.5,+19.7,+19.8
2023-07-19 07:10,3,+12.3,+16.1,+4.4,+6.7,+11.1,+15.9,+18.2,+19.0,+19.3,+19.6,+19.5,+19.6,+19.8
2023-07-19 08:10,3,+12.3,+16.1,+4.4,+6.5,+11.0,+15.8,+18.2,+18.8,+19.2,+19.6,+19.5,+19.6,+19.8
2023-07-19 09:10,3,+12.3,+16.1,+4.4,+6.7,+11.0,+15.9,+18.3,+19.0,+19.3,+19.6,+19.5,+19.6,+19.8
2023-07-19 10:10,3,+12.2,+16.1,+4.4,+6.6,+11.0,+15.9,+18.3,+19.0,+19.3,+19.6,+19.5,+19.6,+19.8
2023-07-19 11:10,3,+12.2,+16.1,+4.4,+6.6,+11.0,+15.9,+18.5,+18.8,+19.2,+19.6,+19.5,+19.6,+19.8
2023-07-19 12:10,3,+12.2,+16.0,+4.4,+6.5,+11.0,+15.9,+18.6,+19.0,+19.2,+19.5,+19.5,+19.6,+19.8
2023-07-19 13:10,3,+12.1,+16.0,+4.4,+6.5,+11.0,+15.9,+18.7,+19.0,+19.2,+19.6,+19.3,+19.6,+19.8
2023-07-19 14:10,3,+12.1,+16.0,+4.3,+6.5,+11.0,+15.8,+18.8,+19.1,+19.2,+19.6,+19.5,+19.6,+19.8
2023-07-19 15:10,3,+12.1,+16.0,+4.3,+6.5,+11.0,+15.9,+19.0,+19.1,+19.3,+19.6,+19.5,+19.6,+19.8
2023-07-19 16:10,3,+12.0,+15.9,+4.3,+6.4,+10.9,+15.8,+19.1,+19.1,+19.2,+19.6,+19.5,+19.6,+19.8
2023-07-19 17:10,3,+12.1,+15.9,+4.2,+6.5,+11.0,+15.8,+19.1,+19.2,+19.3,+19.6,+19.5,+19.6,+19.7
2023-07-19 18:10,3,+12.1,+15.8,+4.2,+6.4,+10.9,+15.8,+19.1,+19.3,+19.2,+19.6,+19.3,+19.6,+19.7
2023-07-19 19:10,3,+12.1,+15.8,+4.2,+6.5,+10.9,+15.8,+19.1,+19.2,+19.3,+19.6,+19.3,+19.6,+19.8
2023-07-19 20:10,3,+12.1,+15.8,+4.2,+6.5,+10.9,+15.8,+19.0,+19.3,+19.3,+19.6,+19.5,+19.6,+19.8
2023-07-19 21:10,3,+12.2,+15.8,+4.2,+6.4,+10.9,+15.8,+18.8,+19.3,+19.3,+19.6,+19.5,+19.6,+19.8
2023-07-19 22:10,3,+12.3,+15.8,+4.2,+6.4,+10.9,+15.8,+18.8,+19.3,+19.3,+19.7,+19.5,+19.6,+19.8
2023-07-19 23:10,3,+12.3,+15.8,+4.2,+6.4,+10.9,+15.8,+18.8,+19.3,+19.5,+19.6,+19.5,+19.6,+19.7
2023-07-20 00:10,3,+12.2,+15.8,+4.2,+6.5,+10.9,+15.8,+18.8,+19.3,+19.3,+19.6,+19.5,+19.6,+19.8
2023-07-20 01:10,3,+12.2,+15.8,+4.1,+6.4,+10.9,+15.8,+18.8,+19.3,+19.5,+19.6,+19.5,+19.5,+19.7
2023-07-20 02:10,3,+12.4,+15.8,+4.1,+6.3,+10.8,+15.8,+18.8,+19.3,+19.5,+19.6,+19.5,+19.6,+19.8
2023-07-20 03:10,3,+12.3,+15.8,+4.1,+6.4,+10.9,+15.8,+18.8,+19.3,+19.5,+19.6,+19.5,+19.6,+19.8
2023-07-20 04:10,3,+12.4,+15.8,+4.1,+6.3,+10.9,+15.8,+18.8,+19.2,+19.3,+19.6,+19.5,+19.6,+19.8
2023-07-20 05:10,3,+15.0,+16.0,+4.1,+6.4,+10.9,+15.8,+18.7,+19.2,+19.5,+19.6,+19.5,+19.6,+19.7
2023-07-20 06:10,3,+14.4,+16.5,+4.2,+6.3,+10.9,+15.8,+18.7,+19.2,+19.5,+19.6,+19.5,+19.6,+19.7
2023-07-20 07:10,3,+13.8,+16.8,+4.3,+6.3,+10.9,+15.8,+18.7,+19.2,+19.5,+19.6,+19.3,+19.5,+19.7
2023-07-20 08:10,3,+13.6,+16.9,+4.4,+6.3,+10.8,+15.8,+18.7,+19.2,+19.5,+19.6,+19.5,+19.6,+19.7
2023-07-20 09:10,3,+13.5,+16.9,+4.5,+6.4,+10.8,+15.8,+18.7,+19.3,+19.5,+19.6,+19.5,+19.6,+19.8
2023-07-20 10:10,3,+13.4,+16.9,+4.6,+6.3,+10.8,+15.7,+18.8,+19.2,+19.5,+19.7,+19.3,+19.6,+19.8
2023-07-20 11:10,3,+13.3,+16.9,+4.7,+6.5,+10.9,+15.8,+19.0,+19.3,+19.5,+19.6,+19.5,+19.6,+19.8
2023-07-20 12:10,3,+14.3,+17.0,+4.8,+6.4,+10.8,+15.8,+19.0,+19.3,+19.5,+19.7,+19.5,+19.6,+19.7
2023-07-20 13:10,3,+14.5,+17.6,+4.9,+6.3,+10.8,+15.7,+19.1,+19.3,+19.5,+19.6,+19.5,+19.6,+19.8
2023-07-20 14:10,3,+14.2,+17.8,+5.2,+6.4,+10.8,+15.7,+19.2,+19.3,+19.3,+19.7,+19.5,+19.6,+19.8
2023-07-20 15:10,3,+14.0,+17.7,+5.4,+6.6,+10.8,+15.8,+19.2,+19.5,+19.5,+19.6,+19.5,+19.6,+19.7
2023-07-20 16:10,3,+13.8,+17.6,+5.5,+6.7,+10.9,+15.8,+19.3,+19.5,+19.5,+19.7,+19.5,+19.6,+19.7
2023-07-20 17:10,3,+13.7,+17.5,+5.5,+6.7,+10.8,+15.8,+19.2,+19.5,+19.5,+19.6,+19.5,+19.6,+19.8
2023-07-20 18:10,3,+13.6,+17.5,+5.5,+6.9,+10.9,+15.8,+19.3,+19.5,+19.5,+19.7,+19.5,+19.6,+19.8
2023-07-20 19:10,3,+13.5,+17.4,+5.5,+6.9,+10.8,+15.7,+19.2,+19.6,+19.5,+19.7,+19.5,+19.6,+19.8
2023-07-20 20:10,3,+13.5,+17.4,+5.5,+7.1,+10.9,+15.7,+19.2,+19.6,+19.6,+19.6,+19.5,+19.5,+19.7
2023-07-20 21:10,3,+13.5,+17.4,+5.4,+7.1,+10.9,+15.7,+19.1,+19.6,+19.6,+19.7,+19.5,+19.6,+19.7
2023-07-20 22:10,3,+13.5,+17.3,+5.4,+7.1,+10.9,+15.8,+19.1,+19.6,+19.6,+19.7,+19.5,+19.6,+19.8
2023-07-20 23:10,3,+13.4,+17.3,+5.4,+7.1,+10.9,+15.8,+19.1,+19.6,+19.6,+19.7,+19.5,+19.6,+19.8
2023-07-21 00:10,3,+13.5,+17.3,+5.4,+7.1,+11.0,+15.8,+19.1,+19.6,+19.6,+19.7,+19.5,+19.6,+19.8
2023-07-21 01:10,3,+13.5,+17.3,+5.4,+7.1,+10.9,+15.7,+19.1,+19.6,+19.6,+19.7,+19.5,+19.6,+19.8
2023-07-21 02:10,3,+13.5,+17.3,+5.4,+7.2,+11.0,+15.8,+19.1,+19.5,+19.6,+19.7,+19.5,+19.6,+19.8
2023-07-21 03:10,3,+13.6,+17.4,+5.4,+7.2,+11.0,+15.8,+19.2,+19.5,+19.6,+19.7,+19.5,+19.6,+19.8
2023-07-21 04:10,3,+13.7,+17.5,+5.5,+7.2,+11.0,+15.8,+19.1,+19.5,+19.6,+19.7,+19.5,+19.6,+19.8
2023-07-21 05:10,3,+15.4,+18.0,+5.6,+7.1,+11.0,+15.8,+19.2,+19.6,+19.6,+19.8,+19.5,+19.6,+19.7
2023-07-21 06:10,3,+15.0,+18.7,+6.0,+7.2,+11.0,+15.8,+19.1,+19.5,+19.6,+19.7,+19.5,+19.6,+19.8
2023-07-21 07:10,3,+14.7,+18.6,+6.2,+7.5,+11.0,+15.8,+19.1,+19.6,+19.6,+19.7,+19.5,+19.6,+19.8
2023-07-21 08:10,3,+14.4,+18.4,+6.3,+7.7,+11.1,+15.8,+19.1,+19.6,+19.6,+19.8,+19.5,+19.6,+19.8
2023-07-21 09:10,3,+14.2,+18.2,+6.2,+8.0,+11.2,+15.8,+19.1,+19.6,+19.6,+19.7,+19.5,+19.6,+19.8
2023-07-21 10:10,3,+14.0,+18.1,+6.1,+7.9,+11.2,+15.8,+19.2,+19.6,+19.6,+19.7,+19.5,+19.6,+19.7
2023-07-21 11:10,3,+13.8,+17.9,+6.0,+7.9,+11.3,+15.9,+19.3,+19.6,+19.6,+19.7,+19.5,+19.6,+19.8
2023-07-21 12:10,3,+13.6,+17.8,+5.9,+7.9,+11.4,+15.9,+19.3,+19.6,+19.6,+19.7,+19.5,+19.6,+19.8
2023-07-21 13:10,3,+13.5,+17.7,+5.8,+7.9,+11.4,+15.9,+19.5,+19.6,+19.6,+19.8,+19.5,+19.6,+19.7
2023-07-21 14:10,3,+13.4,+17.5,+5.7,+7.7,+11.4,+15.9,+19.6,+19.7,+19.7,+19.7,+19.5,+19.6,+19.8
2023-07-21 15:10,3,+13.3,+17.4,+5.6,+7.8,+11.5,+16.0,+19.6,+19.6,+19.6,+19.8,+19.5,+19.6,+19.8
2023-07-21 16:10,3,+13.3,+17.4,+5.6,+7.7,+11.5,+16.0,+19.7,+19.7,+19.6,+19.8,+19.5,+19.7,+19.8
2023-07-21 17:10,3,+13.2,+17.3,+5.5,+7.6,+11.4,+16.0,+19.7,+19.8,+19.7,+19.8,+19.6,+19.6,+19.8
2023-07-21 18:10,3,+13.2,+17.2,+5.5,+7.5,+11.4,+16.0,+19.7,+19.8,+19.7,+19.8,+19.5,+19.6,+19.8
2023-07-21 19:10,3,+13.2,+17.2,+5.4,+7.6,+11.5,+16.1,+19.6,+19.8,+19.7,+19.8,+19.5,+19.7,+19.8
2023-07-21 20:10,3,+14.0,+17.3,+5.4,+7.4,+11.4,+16.1,+19.6,+19.8,+19.7,+19.8,+19.5,+19.6,+19.8
2023-07-21 21:10,3,+15.1,+18.3,+5.6,+7.4,+11.5,+16.1,+19.5,+19.8,+19.7,+19.8,+19.5,+19.6,+19.8
2023-07-21 22:10,3,+14.7,+18.4,+6.0,+7.6,+11.5,+16.1,+19.5,+19.8,+19.7,+19.8,+19.6,+19.6,+19.8
2023-07-21 23:10,3,+14.5,+18.3,+6.1,+7.7,+11.5,+16.1,+19.5,+19.8,+19.7,+19.8,+19.5,+19.6,+19.8
2023-07-22 00:10,3,+14.3,+18.2,+6.1,+7.9,+11.5,+16.2,+19.3,+19.8,+19.8,+19.8,+19.6,+19.6,+19.7
2023-07-22 01:10,3,+14.1,+18.1,+6.1,+7.9,+11.6,+16.2,+19.3,+19.7,+19.8,+19.8,+19.5,+19.7,+19.8
2023-07-22 02:10,3,+14.0,+18.0,+6.0,+8.0,+11.6,+16.2,+19.2,+19.8,+19.8,+19.8,+19.5,+19.6,+19.8
2023-07-22 03:10,3,+13.9,+17.9,+6.0,+7.9,+11.6,+16.2,+19.2,+19.7,+19.8,+19.8,+19.5,+19.7,+19.8
2023-07-22 04:10,3,+13.8,+17.8,+6.0,+8.0,+11.7,+16.2,+19.2,+19.7,+19.8,+19.8,+19.5,+19.7,+19.8
2023-07-22 05:10,3,+13.8,+17.8,+5.9,+7.8,+11.6,+16.2,+19.1,+19.7,+19.8,+19.8,+19.6,+19.6,+19.8
2023-07-22 06:10,3,+13.7,+17.7,+5.8,+7.8,+11.6,+16.3,+19.2,+19.7,+19.8,+19.8,+19.5,+19.7,+19.8
2023-07-22 07:10,3,+13.6,+17.7,+5.8,+7.8,+11.7,+16.3,+19.2,+19.7,+19.8,+19.8,+19.6,+19.7,+19.8
2023-07-22 08:10,3,+13.6,+17.6,+5.7,+7.7,+11.7,+16.3,+19.2,+19.7,+19.8,+19.8,+19.6,+19.7,+19.8
2023-07-22 09:10,3,+13.5,+17.5,+5.7,+7.8,+11.7,+16.4,+19.2,+19.7,+19.7,+19.8,+19.6,+19.7,+19.8
2023-07-22 10:10,3,+13.4,+17.5,+5.6,+7.8,+11.7,+16.4,+19.3,+19.7,+19.8,+19.8,+19.6,+19.7,+19.8
2023-07-22 11:10,3,+13.4,+17.4,+5.6,+7.7,+11.7,+16.4,+19.5,+19.7,+19.7,+20.0,+19.6,+19.7,+19.8
2023-07-22 12:10,3,+13.3,+17.3,+5.5,+7.7,+11.7,+16.4,+19.5,+19.7,+19.8,+19.8,+19.6,+19.7,+19.8
2023-07-22 13:10,3,+13.2,+17.3,+5.5,+7.5,+11.6,+16.4,+19.6,+19.7,+19.7,+19.8,+19.6,+19.7,+19.8
2023-07-22 14:10,3,+13.2,+17.2,+5.4,+7.6,+11.7,+16.4,+19.6,+19.8,+19.7,+20.0,+19.6,+19.7,+19.8
2023-07-22 15:10,3,+13.1,+17.2,+5.4,+7.5,+11.6,+16.4,+19.7,+19.8,+19.8,+19.8,+19.6,+19.7,+19.7
2023-07-22 16:10,3,+13.1,+17.1,+5.3,+7.4,+11.6,+16.4,+19.7,+19.8,+19.8,+19.8,+19.6,+19.7,+19.8
2023-07-22 17:10,3,+13.0,+17.0,+5.3,+7.5,+11.7,+16.5,+19.7,+19.8,+19.8,+20.0,+19.6,+19.7,+19.8
2023-07-22 18:10,3,+13.0,+17.0,+5.3,+7.4,+11.6,+16.4,+19.7,+19.8,+19.8,+20.0,+19.6,+19.7,+19.8
2023-07-22 19:10,3,+13.0,+17.0,+5.3,+7.5,+11.6,+16.5,+19.6,+20.0,+19.8,+20.0,+19.7,+19.7,+19.8
2023-07-22 20:10,3,+13.0,+16.9,+5.2,+7.3,+11.6,+16.4,+19.6,+20.0,+19.8,+20.0,+19.6,+19.7,+19.8
2023-07-22 21:10,3,+13.0,+16.9,+5.2,+7.3,+11.6,+16.5,+19.5,+20.0,+19.8,+19.8,+19.6,+19.7,+19.8
2023-07-22 22:10,3,+13.0,+16.9,+5.2,+7.4,+11.6,+16.5,+19.3,+20.0,+19.8,+20.0,+19.6,+19.7,+19.8
2023-07-22 23:10,3,+13.0,+16.9,+5.1,+7.3,+11.6,+16.5,+19.3,+19.8,+19.8,+20.0,+19.6,+19.7,+19.8
2023-07-23 00:10,3,+12.9,+16.9,+5.1,+7.3,+11.6,+16.5,+19.2,+19.8,+20.0,+20.0,+19.6,+19.8,+19.8
2023-07-23 01:10,3,+12.9,+16.8,+5.1,+7.2,+11.5,+16.4,+19.1,+19.8,+20.0,+20.0,+19.7,+19.7,+19.8
2023-07-23 02:10,3,+12.9,+16.8,+5.1,+7.3,+11.6,+16.5,+19.0,+19.8,+20.0,+20.0,+19.6,+19.7,+19.8
2023-07-23 03:10,3,+12.9,+16.8,+5.1,+7.3,+11.6,+16.5,+18.8,+19.7,+20.0,+20.0,+19.6,+19.7,+19.8
2023-07-23 04:10,3,+12.8,+16.8,+5.0,+7.2,+11.5,+16.5,+18.8,+19.7,+19.8,+20.0,+19.7,+19.8,+19.8
2023-07-23 05:10,3,+12.8,+16.7,+5.0,+7.1,+11.5,+16.4,+18.7,+19.6,+19.8,+20.0,+19.7,+19.7,+19.8
2023-07-23 06:10,3,+12.7,+16.7,+5.0,+7.1,+11.5,+16.4,+18.7,+19.6,+19.8,+20.1,+19.7,+19.7,+19.8
2023-07-23 07:10,3,+12.7,+16.7,+5.0,+7.2,+11.5,+16.5,+18.6,+19.5,+19.8,+20.0,+19.7,+19.7,+19.8
2023-07-23 08:10,3,+12.7,+16.6,+4.9,+7.2,+11.5,+16.4,+18.5,+19.5,+19.8,+20.0,+19.7,+19.7,+19.8
2023-07-23 09:10,3,+12.6,+16.5,+4.9,+7.0,+11.5,+16.4,+18.5,+19.3,+19.8,+20.0,+19.7,+19.7,+19.8
2023-07-23 10:10,3,+12.5,+16.5,+4.9,+7.0,+11.4,+16.4,+18.6,+19.3,+19.8,+20.0,+19.7,+19.7,+19.8
2023-07-23 11:10,3,+12.5,+16.4,+4.8,+7.0,+11.4,+16.4,+18.7,+19.3,+19.7,+20.0,+19.7,+19.7,+19.8
2023-07-23 12:10,3,+12.4,+16.3,+4.8,+6.9,+11.4,+16.4,+18.7,+19.3,+19.7,+20.0,+19.7,+19.8,+19.8
2023-07-23 13:10,3,+12.3,+16.3,+4.7,+6.9,+11.4,+16.3,+18.8,+19.3,+19.7,+20.0,+19.7,+19.7,+19.8
2023-07-23 14:10,3,+12.3,+16.2,+4.7,+7.0,+11.4,+16.4,+19.0,+19.3,+19.7,+20.0,+19.6,+19.7,+20.0
2023-07-23 15:10,3,+12.2,+16.2,+4.7,+7.0,+11.4,+16.4,+19.2,+19.3,+19.7,+20.0,+19.7,+19.8,+19.8
2023-07-23 16:10,3,+12.1,+16.1,+4.6,+6.9,+11.4,+16.3,+19.3,+19.5,+19.7,+20.0,+19.7,+19.7,+19.8
2023-07-23 17:10,3,+12.1,+16.1,+4.6,+6.8,+11.3,+16.3,+19.3,+19.5,+19.7,+20.0,+19.7,+19.7,+19.8
2023-07-23 18:10,3,+12.1,+16.1,+4.6,+6.8,+11.3,+16.3,+19.2,+19.6,+19.7,+20.0,+19.7,+19.8,+19.8
2023-07-23 19:10,3,+12.1,+16.0,+4.6,+6.8,+11.3,+16.3,+19.1,+19.6,+19.7,+19.8,+19.7,+19.7,+19.8
2023-07-23 20:10,3,+12.1,+16.1,+4.6,+6.9,+11.3,+16.3,+19.1,+19.6,+19.7,+20.0,+19.6,+19.8,+20.0
2023-07-23 21:10,3,+12.1,+16.0,+4.5,+6.8,+11.3,+16.3,+19.0,+19.6,+19.7,+20.0,+19.7,+19.8,+20.0
2023-07-23 22:10,3,+12.1,+16.0,+4.5,+6.8,+11.3,+16.3,+19.0,+19.6,+19.7,+20.0,+19.7,+19.8,+19.8
2023-07-23 23:10,3,+12.1,+16.0,+4.5,+6.9,+11.3,+16.3,+18.8,+19.6,+19.7,+20.0,+19.7,+19.7,+19.8
2023-07-24 00:10,3,+12.1,+16.0,+4.5,+6.7,+11.3,+16.3,+19.0,+19.6,+19.7,+20.0,+19.7,+19.8,+19.8
2023-07-24 01:10,3,+12.1,+16.0,+4.5,+6.8,+11.3,+16.3,+18.8,+19.5,+19.7,+19.8,+19.7,+19.8,+19.8
2023-07-24 02:10,3,+12.0,+16.0,+4.5,+6.7,+11.3,+16.3,+18.8,+19.5,+19.7,+20.0,+19.7,+19.8,+20.0
2023-07-24 03:10,3,+12.0,+16.0,+4.5,+6.7,+11.3,+16.2,+18.7,+19.6,+19.7,+20.0,+19.7,+19.7,+19.8
2023-07-24 04:10,3,+12.0,+16.0,+4.5,+6.7,+11.3,+16.2,+18.8,+19.5,+19.7,+20.0,+19.7,+19.7,+20.0
2023-07-24 05:10,3,+12.0,+16.0,+4.4,+6.8,+11.3,+16.3,+18.8,+19.5,+19.7,+19.8,+19.7,+19.8,+19.8
2023-07-24 06:10,3,+12.0,+16.0,+4.4,+6.7,+11.3,+16.2,+18.7,+19.5,+19.7,+20.0,+19.7,+19.8,+20.0
2023-07-24 07:10,3,+12.1,+16.0,+4.4,+6.8,+11.3,+16.3,+18.8,+19.5,+19.7,+20.0,+19.7,+19.8,+20.0
2023-07-24 08:10,3,+12.1,+16.0,+4.4,+6.7,+11.3,+16.3,+18.7,+19.5,+19.6,+20.0,+19.7,+19.8,+20.0
2023-07-24 09:10,3,+12.1,+16.0,+4.4,+6.7,+11.3,+16.2,+18.8,+19.5,+19.7,+19.8,+19.7,+19.8,+20.0
2023-07-24 10:10,3,+12.1,+16.0,+4.4,+6.8,+11.3,+16.3,+18.8,+19.5,+19.7,+20.0,+19.7,+19.8,+19.8
2023-07-24 11:10,3,+12.1,+16.0,+4.4,+6.8,+11.3,+16.3,+18.8,+19.5,+19.7,+20.0,+19.7,+19.8,+20.0
2023-07-24 12:10,3,+12.1,+16.0,+4.4,+6.7,+11.3,+16.2,+18.8,+19.5,+19.6,+20.0,+19.7,+19.8,+19.8
2023-07-24 13:10,3,+12.1,+16.0,+4.4,+6.7,+11.3,+16.2,+18.8,+19.5,+19.7,+20.0,+19.7,+19.8,+20.0
2023-07-24 14:10,3,+12.1,+15.9,+4.4,+6.6,+11.3,+16.2,+18.8,+19.5,+19.6,+20.0,+19.7,+19.7,+20.0
2023-07-24 15:10,3,+12.0,+15.9,+4.4,+6.6,+11.2,+16.2,+19.0,+19.5,+19.6,+19.8,+19.7,+19.7,+19.8
2023-07-24 16:10,3,+12.0,+15.9,+4.4,+6.6,+11.2,+16.2,+19.0,+19.5,+19.6,+19.8,+19.7,+19.8,+20.0
2023-07-24 17:10,3,+12.0,+15.9,+4.3,+6.6,+11.2,+16.2,+19.0,+19.5,+19.7,+20.0,+19.7,+19.7,+20.0
2023-07-24 18:10,3,+12.0,+15.8,+4.3,+6.6,+11.2,+16.2,+18.8,+19.5,+19.7,+19.8,+19.7,+19.8,+20.0
2023-07-24 19:10,3,+12.0,+15.8,+4.3,+6.7,+11.3,+16.2,+18.8,+19.5,+19.6,+20.0,+19.7,+19.7,+20.0
2023-07-24 20:10,3,+12.0,+15.8,+4.3,+6.6,+11.2,+16.2,+18.7,+19.5,+19.7,+20.0,+19.7,+19.8,+19.8
2023-07-24 21:10,3,+12.0,+15.8,+4.3,+6.7,+11.3,+16.2,+18.7,+19.5,+19.7,+19.8,+19.6,+19.8,+19.8
2023-07-24 22:10,3,+12.0,+15.8,+4.3,+6.6,+11.2,+16.2,+18.5,+19.3,+19.7,+20.0,+19.7,+19.8,+19.8
2023-07-24 23:10,3,+12.0,+15.8,+4.3,+6.6,+11.2,+16.2,+18.5,+19.3,+19.6,+19.8,+19.7,+19.7,+20.0
2023-07-25 00:10,3,+12.0,+15.8,+4.2,+6.6,+11.2,+16.2,+18.6,+19.3,+19.6,+20.0,+19.7,+19.7,+20.0
2023-07-25 01:10,3,+12.0,+15.8,+4.3,+6.6,+11.2,+16.2,+18.6,+19.3,+19.6,+19.8,+19.7,+19.8,+20.0
2023-07-25 02:10,3,+12.0,+15.8,+4.3,+6.6,+11.2,+16.2,+18.6,+19.3,+19.6,+20.0,+19.6,+19.7,+20.0
2023-07-25 03:10,3,+12.0,+15.8,+4.3,+6.6,+11.2,+16.2,+18.6,+19.3,+19.6,+20.0,+19.6,+19.7,+19.8
2023-07-25 04:10,3,+12.3,+15.8,+4.3,+6.6,+11.2,+16.2,+18.5,+19.3,+19.6,+20.0,+19.6,+19.7,+20.0
2023-07-25 05:10,3,+12.4,+15.8,+4.2,+6.7,+11.2,+16.2,+18.5,+19.2,+19.6,+20.0,+19.7,+19.8,+20.0
2023-07-25 06:10,3,+12.5,+15.9,+4.2,+6.5,+11.2,+16.1,+18.5,+19.2,+19.6,+20.0,+19.6,+19.8,+20.0
2023-07-25 07:10,3,+12.5,+15.9,+4.2,+6.5,+11.2,+16.1,+18.3,+19.2,+19.6,+19.8,+19.6,+19.7,+20.0
2023-07-25 08:10,3,+12.5,+15.9,+4.2,+6.7,+11.2,+16.2,+18.3,+19.2,+19.6,+19.8,+19.6,+19.7,+20.0
2023-07-25 09:10,3,+12.5,+16.0,+4.2,+6.7,+11.2,+16.2,+18.3,+19.2,+19.6,+19.8,+19.7,+19.7,+19.8
2023-07-25 10:10,3,+12.5,+16.0,+4.2,+6.5,+11.2,+16.1,+18.5,+19.1,+19.5,+19.8,+19.7,+19.7,+20.0
2023-07-25 11:10,3,+12.5,+16.0,+4.2,+6.6,+11.2,+16.1,+18.3,+19.1,+19.5,+19.8,+19.6,+19.7,+19.8
2023-07-25 12:10,3,+12.5,+16.0,+4.2,+6.6,+11.2,+16.2,+18.3,+19.1,+19.5,+19.8,+19.7,+19.8,+20.0
2023-07-25 13:10,3,+12.4,+16.0,+4.2,+6.5,+11.2,+16.1,+18.3,+19.1,+19.6,+20.0,+19.6,+19.7,+20.0
2023-07-25 14:10,3,+12.3,+16.0,+4.2,+6.5,+11.1,+16.1,+18.5,+19.1,+19.5,+19.8,+19.6,+19.7,+19.8
2023-07-25 15:10,3,+12.2,+15.9,+4.2,+6.6,+11.2,+16.1,+18.5,+19.1,+19.5,+19.8,+19.7,+19.7,+20.0
2023-07-25 16:10,3,+12.2,+15.9,+4.2,+6.5,+11.1,+16.1,+18.5,+19.1,+19.5,+19.8,+19.6,+19.7,+20.0
2023-07-25 17:10,3,+12.2,+15.9,+4.2,+6.5,+11.2,+16.1,+18.5,+19.1,+19.5,+19.8,+19.6,+19.7,+19.8
2023-07-25 18:10,3,+12.1,+15.8,+4.2,+6.4,+11.1,+16.1,+18.5,+19.2,+19.5,+19.8,+19.7,+19.7,+20.0
2023-07-25 19:10,3,+12.1,+15.8,+4.1,+6.4,+11.1,+16.1,+18.5,+19.1,+19.5,+19.7,+19.6,+19.7,+19.8
2023-07-25 20:10,3,+12.1,+15.8,+4.1,+6.4,+11.1,+16.1,+18.5,+19.1,+19.5,+19.8,+19.6,+19.7,+19.8
2023-07-25 21:10,3,+12.1,+15.8,+4.1,+6.4,+11.1,+16.1,+18.3,+19.1,+19.3,+19.7,+19.6,+19.7,+20.0
2023-07-25 22:10,3,+12.0,+15.8,+4.1,+6.5,+11.1,+16.1,+18.3,+19.1,+19.5,+19.7,+19.6,+19.8,+20.0
2023-07-25 23:10,3,+12.0,+15.8,+4.1,+6.5,+11.1,+16.1,+18.2,+19.1,+19.5,+19.8,+19.6,+19.7,+20.0
2023-07-26 00:10,3,+12.1,+15.8,+4.1,+6.5,+11.1,+16.1,+18.1,+19.1,+19.5,+19.8,+19.6,+19.7,+20.0
2023-07-26 01:10,3,+12.0,+15.8,+4.1,+6.5,+11.1,+16.1,+18.1,+19.0,+19.5,+19.8,+19.6,+19.7,+19.8
2023-07-26 02:10,3,+12.0,+15.8,+4.1,+6.5,+11.2,+16.1,+18.0,+19.0,+19.5,+19.8,+19.6,+19.7,+20.0
2023-07-26 03:10,3,+12.0,+15.8,+4.1,+6.4,+11.1,+16.0,+17.8,+19.0,+19.3,+19.7,+19.6,+19.7,+20.0
2023-07-26 04:10,3,+12.0,+15.8,+4.0,+6.5,+11.1,+16.1,+17.8,+18.8,+19.5,+19.7,+19.6,+19.7,+19.8
2023-07-26 05:10,3,+11.9,+15.8,+4.0,+6.5,+11.1,+16.1,+17.7,+18.8,+19.3,+19.7,+19.6,+19.7,+19.8
2023-07-26 06:10,3,+11.9,+15.8,+4.0,+6.4,+11.1,+16.0,+17.7,+18.7,+19.3,+19.7,+19.6,+19.7,+19.8
2023-07-26 07:10,3,+11.9,+15.7,+3.9,+6.4,+11.1,+16.0,+17.7,+18.7,+19.3,+19.7,+19.6,+19.7,+19.8
2023-07-26 08:10,3,+11.9,+15.7,+3.9,+6.4,+11.0,+16.0,+17.7,+18.7,+19.3,+19.7,+19.6,+19.7,+20.0
2023-07-26 09:10,3,+11.9,+15.7,+3.9,+6.4,+11.1,+16.0,+17.8,+18.7,+19.3,+19.7,+19.6,+19.7,+20.0
2023-07-26 10:10,3,+11.8,+15.7,+3.9,+6.3,+11.0,+16.0,+18.0,+18.7,+19.2,+19.7,+19.6,+19.7,+20.0
2023-07-26 11:10,3,+11.8,+15.7,+3.9,+6.3,+11.0,+16.0,+18.1,+18.7,+19.2,+19.7,+19.6,+19.7,+19.8
2023-07-26 12:10,3,+11.8,+15.6,+3.9,+6.3,+11.0,+16.0,+18.2,+18.7,+19.2,+19.7,+19.6,+19.7,+20.0
2023-07-26 13:10,3,+11.7,+15.6,+3.9,+6.3,+11.0,+16.0,+18.2,+18.7,+19.2,+19.7,+19.5,+19.7,+20.0
2023-07-26 14:10,3,+11.7,+15.6,+3.9,+6.3,+11.0,+16.0,+18.5,+18.8,+19.2,+19.6,+19.6,+19.7,+19.8
2023-07-26 15:10,3,+11.6,+15.6,+3.9,+6.3,+11.0,+16.0,+18.5,+18.8,+19.2,+19.7,+19.6,+19.7,+20.0
2023-07-26 16:10,3,+11.6,+15.6,+3.9,+6.3,+11.0,+16.0,+18.6,+18.8,+19.2,+19.7,+19.6,+19.7,+19.8
2023-07-26 17:10,3,+11.5,+15.5,+3.8,+6.4,+11.0,+16.0,+18.6,+18.8,+19.2,+19.6,+19.6,+19.7,+20.0
2023-07-26 18:10,3,+11.5,+15.5,+3.8,+6.3,+11.0,+16.0,+18.6,+19.0,+19.2,+19.6,+19.6,+19.7,+19.8
2023-07-26 19:10,3,+11.5,+15.5,+3.8,+6.4,+11.0,+16.0,+18.6,+19.1,+19.2,+19.6,+19.6,+19.7,+19.8
2023-07-26 20:10,3,+11.5,+15.5,+3.8,+6.3,+11.0,+16.0,+18.6,+19.0,+19.2,+19.6,+19.5,+19.7,+20.0
2023-07-26 21:10,3,+11.5,+15.5,+3.8,+6.3,+11.0,+16.0,+18.6,+19.1,+19.2,+19.6,+19.5,+19.6,+19.8
2023-07-26 22:10,3,+11.5,+15.5,+3.8,+6.3,+11.0,+16.0,+18.5,+19.1,+19.3,+19.6,+19.5,+19.7,+19.8
2023-07-26 23:10,3,+11.5,+15.5,+3.8,+6.4,+11.0,+16.0,+18.5,+19.1,+19.3,+19.6,+19.5,+19.6,+19.8
2023-07-27 00:10,3,+11.5,+15.5,+3.8,+6.3,+11.0,+16.0,+18.3,+19.0,+19.3,+19.7,+19.5,+19.7,+19.8
2023-07-27 01:10,3,+11.5,+15.5,+3.8,+6.4,+11.0,+16.0,+18.3,+19.0,+19.3,+19.6,+19.6,+19.7,+19.8
2023-07-27 02:10,3,+11.5,+15.5,+3.8,+6.4,+11.0,+16.0,+18.3,+19.0,+19.3,+19.6,+19.5,+19.7,+19.8
2023-07-27 03:10,3,+11.4,+15.5,+3.8,+6.3,+11.0,+15.9,+18.3,+19.1,+19.3,+19.6,+19.5,+19.6,+19.8
2023-07-27 04:10,3,+11.4,+15.5,+3.8,+6.4,+11.0,+16.0,+18.3,+19.0,+19.3,+19.7,+19.5,+19.6,+19.8
2023-07-27 05:10,3,+11.4,+15.5,+3.8,+6.4,+11.0,+16.0,+18.3,+19.0,+19.3,+19.7,+19.5,+19.6,+19.8
2023-07-27 06:10,3,+11.5,+15.4,+3.8,+6.4,+11.0,+16.0,+18.3,+19.0,+19.3,+19.6,+19.5,+19.7,+19.8
2023-07-27 07:10,3,+11.5,+15.5,+3.8,+6.3,+11.0,+16.0,+18.3,+19.0,+19.3,+19.6,+19.5,+19.7,+19.8
2023-07-27 08:10,3,+13.0,+15.5,+3.8,+6.3,+11.0,+16.0,+18.2,+19.0,+19.3,+19.6,+19.5,+19.6,+19.8
2023-07-27 09:10,3,+14.1,+15.6,+3.8,+6.3,+11.0,+15.9,+18.2,+18.8,+19.2,+19.6,+19.5,+19.6,+19.8
2023-07-27 10:10,3,+13.9,+15.9,+3.8,+6.4,+11.0,+16.0,+18.2,+18.8,+19.3,+19.6,+19.5,+19.6,+19.8
2023-07-27 11:10,3,+13.7,+16.1,+3.8,+6.3,+11.0,+15.9,+18.2,+18.8,+19.3,+19.7,+19.5,+19.6,+19.8
2023-07-27 12:10,3,+13.5,+16.2,+3.8,+6.3,+11.0,+15.9,+18.3,+19.0,+19.2,+19.7,+19.5,+19.6,+19.8
2023-07-27 13:10,3,+13.4,+16.2,+3.8,+6.2,+10.9,+15.9,+18.3,+19.0,+19.2,+19.6,+19.5,+19.6,+19.8
2023-07-27 14:10,3,+13.2,+16.2,+3.8,+6.3,+11.0,+15.9,+18.5,+19.0,+19.2,+19.6,+19.5,+19.6,+19.8
2023-07-27 15:10,3,+13.2,+16.2,+3.8,+6.2,+10.9,+15.9,+18.6,+19.0,+19.2,+19.6,+19.5,+19.6,+19.8
2023-07-27 16:10,3,+13.1,+16.2,+3.8,+6.3,+11.0,+15.9,+18.7,+19.0,+19.2,+19.6,+19.5,+19.6,+19.8
2023-07-27 17:10,3,+13.0,+16.2,+3.8,+6.3,+11.0,+15.9,+18.7,+19.1,+19.2,+19.6,+19.5,+19.6,+19.8
2023-07-27 18:10,3,+13.0,+16.2,+3.8,+6.2,+10.9,+15.9,+18.7,+19.1,+19.2,+19.6,+19.5,+19.6,+19.8
2023-07-27 19:10,3,+12.9,+16.3,+3.8,+6.2,+10.9,+15.9,+18.7,+19.1,+19.2,+19.6,+19.5,+19.6,+19.8
2023-07-27 20:10,3,+12.9,+16.2,+3.8,+6.2,+10.9,+15.9,+18.6,+19.1,+19.3,+19.5,+19.5,+19.6,+20.0
2023-07-27 21:10,3,+12.8,+16.3,+3.8,+6.2,+10.9,+15.9,+18.6,+19.1,+19.3,+19.6,+19.5,+19.6,+19.8
2023-07-27 22:10,3,+12.8,+16.2,+3.8,+6.2,+10.9,+15.9,+18.6,+19.1,+19.3,+19.6,+19.5,+19.6,+19.8
2023-07-27 23:10,3,+12.8,+16.3,+3.8,+6.2,+10.9,+15.9,+18.5,+19.1,+19.3,+19.6,+19.5,+19.6,+19.8
2023-07-28 00:10,3,+12.7,+16.3,+3.8,+6.3,+11.0,+15.9,+18.5,+19.1,+19.3,+19.6,+19.5,+19.6,+19.8
2023-07-28 01:10,3,+12.7,+16.2,+3.8,+6.2,+10.9,+15.8,+18.5,+19.1,+19.3,+19.6,+19.5,+19.6,+19.8
2023-07-28 02:10,3,+12.7,+16.3,+3.9,+6.3,+11.0,+15.9,+18.3,+19.1,+19.3,+19.6,+19.5,+19.6,+19.8
2023-07-28 03:10,3,+12.7,+16.3,+3.9,+6.2,+10.9,+15.9,+18.3,+19.1,+19.3,+19.6,+19.5,+19.6,+19.8
2023-07-28 04:10,3,+12.7,+16.3,+3.9,+6.3,+10.9,+15.9,+18.3,+19.0,+19.3,+19.6,+19.5,+19.6,+19.8
2023-07-28 05:10,3,+12.6,+16.3,+3.9,+6.2,+10.9,+15.8,+18.2,+19.0,+19.3,+19.6,+19.5,+19.6,+19.8
2023-07-28 06:10,3,+12.6,+16.2,+3.9,+6.3,+11.0,+15.9,+18.2,+19.0,+19.3,+19.6,+19.5,+19.6,+19.7
2023-07-28 07:10,3,+12.6,+16.2,+3.9,+6.3,+11.0,+15.9,+18.1,+19.0,+19.3,+19.6,+19.5,+19.6,+19.8
2023-07-28 08:10,3,+12.6,+16.2,+3.9,+6.2,+10.9,+15.8,+18.2,+19.0,+19.3,+19.6,+19.5,+19.6,+19.8
2023-07-28 09:10,3,+12.5,+16.2,+3.9,+6.2,+10.9,+15.8,+18.3,+19.0,+19.3,+19.7,+19.5,+19.6,+19.8
2023-07-28 10:10,3,+12.5,+16.2,+3.9,+6.3,+11.0,+15.9,+18.3,+19.0,+19.2,+19.6,+19.5,+19.6,+19.8
2023-07-28 10:20,3,+12.5,+16.2,+3.9,+6.2,+10.9,+15.8,+18.3,+19.0,+19.2,+19.6,+19.5,+19.7,+19.8
2023-07-28 11:20,3,+12.4,+16.2,+3.9,+6.2,+10.9,+15.8,+18.5,+18.8,+19.2,+19.6,+19.5,+19.6,+19.8
2023-07-28 12:20,3,+12.3,+16.1,+3.9,+6.2,+10.9,+15.8,+18.7,+19.0,+19.2,+19.6,+19.5,+19.6,+19.8
2023-07-28 13:20,3,+12.2,+16.1,+3.9,+6.3,+10.9,+15.8,+18.8,+19.0,+19.3,+19.6,+19.5,+19.6,+19.8
2023-07-28 14:20,3,+12.2,+16.0,+3.8,+6.3,+10.9,+15.8,+19.0,+19.1,+19.3,+19.6,+19.5,+19.6,+19.8
2023-07-28 15:20,3,+12.2,+16.0,+3.8,+6.1,+10.9,+15.8,+19.1,+19.1,+19.2,+19.6,+19.5,+19.6,+19.8
2023-07-28 16:20,3,+12.1,+16.0,+3.8,+6.1,+10.9,+15.8,+19.2,+19.2,+19.3,+19.6,+19.5,+19.6,+19.8
2023-07-28 17:20,3,+12.1,+16.0,+3.8,+6.1,+10.8,+15.8,+19.3,+19.2,+19.3,+19.6,+19.5,+19.6,+19.7
2023-07-28 18:20,3,+12.1,+16.0,+3.8,+6.2,+10.9,+15.8,+19.3,+19.3,+19.3,+19.6,+19.5,+19.6,+19.7
2023-07-28 19:20,3,+12.1,+16.0,+3.8,+6.2,+10.9,+15.8,+19.3,+19.3,+19.3,+19.6,+19.5,+19.6,+19.8
2023-07-28 20:20,3,+12.0,+16.0,+3.8,+6.2,+10.9,+15.8,+19.3,+19.5,+19.3,+19.6,+19.5,+19.6,+19.8
2023-07-28 21:20,3,+12.0,+16.0,+3.8,+6.2,+10.9,+15.8,+19.3,+19.5,+19.5,+19.6,+19.5,+19.6,+19.7
2023-07-28 22:20,3,+12.0,+16.0,+3.8,+6.2,+10.9,+15.8,+19.2,+19.5,+19.5,+19.6,+19.3,+19.6,+19.8
2023-07-28 23:20,3,+12.0,+16.0,+3.8,+6.2,+10.9,+15.8,+19.2,+19.5,+19.5,+19.6,+19.5,+19.6,+19.7
2023-07-29 00:20,3,+12.0,+16.0,+3.8,+6.2,+10.9,+15.8,+19.2,+19.5,+19.5,+19.6,+19.5,+19.6,+19.8
2023-07-29 01:20,3,+12.0,+16.0,+3.8,+6.1,+10.8,+15.8,+19.2,+19.6,+19.5,+19.6,+19.5,+19.6,+19.8
2023-07-29 02:20,3,+12.0,+16.0,+3.8,+6.1,+10.8,+15.8,+19.2,+19.6,+19.6,+19.6,+19.5,+19.6,+19.7
2023-07-29 03:20,3,+12.0,+16.0,+3.8,+6.1,+10.8,+15.8,+19.1,+19.5,+19.6,+19.6,+19.5,+19.6,+19.8
2023-07-29 04:20,3,+12.0,+16.0,+3.8,+6.1,+10.8,+15.8,+19.1,+19.6,+19.5,+19.7,+19.5,+19.6,+19.8
2023-07-29 05:20,3,+12.0,+16.0,+3.8,+6.1,+10.8,+15.8,+19.1,+19.5,+19.6,+19.7,+19.5,+19.6,+19.7
2023-07-29 06:20,3,+12.0,+16.0,+3.8,+6.1,+10.8,+15.7,+19.1,+19.6,+19.6,+19.7,+19.5,+19.6,+19.8
2023-07-29 07:20,3,+12.0,+15.9,+3.8,+6.1,+10.8,+15.8,+19.0,+19.5,+19.6,+19.6,+19.5,+19.6,+19.8
2023-07-29 08:20,3,+12.0,+15.9,+3.8,+6.2,+10.9,+15.8,+19.1,+19.5,+19.6,+19.7,+19.5,+19.6,+19.8
2023-07-29 09:20,3,+12.0,+15.9,+3.8,+6.2,+10.9,+15.8,+19.1,+19.5,+19.6,+19.7,+19.5,+19.6,+19.8
2023-07-29 10:20,3,+12.0,+15.9,+3.8,+6.2,+10.9,+15.8,+19.2,+19.5,+19.6,+19.7,+19.5,+19.6,+19.8
2023-07-29 11:20,3,+11.9,+15.8,+3.8,+6.1,+10.8,+15.7,+19.2,+19.5,+19.6,+19.7,+19.5,+19.6,+19.7
2023-07-29 12:20,3,+11.8,+15.8,+3.8,+6.2,+10.9,+15.7,+19.3,+19.6,+19.6,+19.7,+19.5,+19.6,+19.8
2023-07-29 13:20,3,+11.8,+15.8,+3.8,+6.2,+10.8,+15.7,+19.3,+19.6,+19.6,+19.7,+19.5,+19.6,+19.8
2023-07-29 14:20,3,+11.7,+15.8,+3.7,+6.1,+10.8,+15.7,+19.5,+19.6,+19.6,+19.7,+19.5,+19.6,+19.8
2023-07-29 15:20,3,+11.6,+15.7,+3.7,+6.1,+10.8,+15.7,+19.6,+19.6,+19.6,+19.7,+19.5,+19.6,+19.8
2023-07-29 16:20,3,+11.6,+15.7,+3.7,+6.1,+10.8,+15.7,+19.6,+19.7,+19.7,+19.7,+19.5,+19.6,+19.8
2023-07-29 17:20,3,+11.5,+15.7,+3.7,+6.1,+10.8,+15.7,+19.7,+19.7,+19.6,+19.7,+19.5,+19.6,+19.8
2023-07-29 18:20,3,+11.5,+15.6,+3.7,+6.2,+10.8,+15.7,+19.6,+19.7,+19.7,+19.7,+19.5,+19.6,+19.7
2023-07-29 19:20,3,+11.5,+15.6,+3.7,+6.1,+10.8,+15.7,+19.6,+19.8,+19.7,+19.8,+19.5,+19.6,+19.7
2023-07-29 20:20,3,+11.5,+15.6,+3.7,+6.1,+10.8,+15.7,+19.5,+19.8,+19.7,+19.8,+19.6,+19.7,+19.8
2023-07-29 21:20,3,+11.5,+15.6,+3.7,+6.2,+10.9,+15.7,+19.5,+19.8,+19.7,+19.8,+19.5,+19.6,+19.8
2023-07-29 22:20,3,+11.5,+15.6,+3.7,+6.1,+10.8,+15.7,+19.5,+19.8,+19.7,+19.8,+19.6,+19.7,+19.8
2023-07-29 23:20,3,+11.5,+15.6,+3.7,+6.2,+10.8,+15.7,+19.3,+19.7,+19.7,+19.8,+19.6,+19.6,+19.8
2023-07-30 00:20,3,+11.5,+15.6,+3.7,+6.1,+10.8,+15.7,+19.3,+19.7,+19.8,+19.8,+19.6,+19.7,+19.8
2023-07-30 01:20,3,+11.5,+15.6,+3.7,+6.1,+10.8,+15.7,+19.3,+19.8,+19.8,+19.8,+19.6,+19.6,+19.8
2023-07-30 02:20,3,+11.5,+15.6,+3.7,+6.2,+10.8,+15.7,+19.2,+19.8,+19.8,+19.8,+19.5,+19.7,+19.8
2023-07-30 03:20,3,+11.5,+15.6,+3.7,+6.2,+10.8,+15.7,+19.2,+19.7,+19.8,+19.8,+19.6,+19.6,+19.8
2023-07-30 04:20,3,+11.5,+15.6,+3.7,+6.2,+10.8,+15.7,+19.2,+19.7,+19.8,+19.8,+19.6,+19.7,+19.8
2023-07-30 05:20,3,+11.4,+15.6,+3.7,+6.1,+10.8,+15.7,+19.2,+19.7,+19.8,+19.8,+19.6,+19.7,+19.8
2023-07-30 06:20,3,+11.4,+15.6,+3.7,+6.2,+10.9,+15.7,+19.2,+19.7,+19.8,+19.8,+19.6,+19.7,+19.8
2023-07-30 07:20,3,+11.4,+15.6,+3.7,+6.1,+10.8,+15.7,+19.2,+19.7,+19.8,+20.0,+19.6,+19.7,+19.8
2023-07-30 08:20,3,+11.4,+15.5,+3.7,+6.1,+10.8,+15.7,+19.3,+19.7,+19.8,+20.0,+19.6,+19.7,+19.8
2023-07-30 09:20,3,+11.4,+15.5,+3.7,+6.1,+10.8,+15.7,+19.3,+19.7,+19.7,+19.8,+19.6,+19.7,+19.8
2023-07-30 10:20,3,+11.3,+15.5,+3.7,+6.1,+10.8,+15.7,+19.5,+19.7,+19.7,+20.0,+19.6,+19.7,+19.8
2023-07-30 11:20,3,+11.3,+15.5,+3.7,+6.1,+10.8,+15.7,+19.5,+19.7,+19.8,+19.8,+19.6,+19.7,+19.8
2023-07-30 12:20,3,+11.3,+15.5,+3.7,+6.2,+10.8,+15.7,+19.5,+19.7,+19.8,+20.0,+19.6,+19.7,+19.8
2023-07-30 13:20,3,+11.3,+15.5,+3.7,+6.2,+10.8,+15.7,+19.5,+19.8,+19.8,+20.0,+19.6,+19.7,+19.8
2023-07-30 14:20,3,+11.2,+15.5,+3.7,+6.1,+10.8,+15.7,+19.5,+19.8,+19.8,+19.8,+19.6,+19.7,+19.8
2023-07-30 15:20,3,+11.2,+15.5,+3.7,+6.2,+10.8,+15.7,+19.5,+19.8,+19.8,+19.8,+19.6,+19.7,+19.8
2023-07-30 16:20,3,+11.2,+15.5,+3.7,+6.2,+10.8,+15.7,+19.5,+19.8,+19.8,+19.8,+19.6,+19.7,+19.8
2023-07-30 17:20,3,+11.2,+15.5,+3.6,+6.1,+10.8,+15.7,+19.5,+19.8,+19.8,+20.0,+19.6,+19.8,+19.8
2023-07-30 18:20,3,+11.1,+15.5,+3.7,+6.1,+10.8,+15.7,+19.3,+19.8,+19.8,+20.0,+19.6,+19.7,+19.8
2023-07-30 19:20,3,+11.1,+15.5,+3.6,+6.1,+10.8,+15.7,+19.5,+19.8,+19.8,+20.0,+19.6,+19.7,+19.8
2023-07-30 20:20,3,+11.1,+15.5,+3.6,+6.1,+10.8,+15.7,+19.3,+19.8,+19.8,+20.0,+19.6,+19.7,+19.8
2023-07-30 21:20,3,+11.1,+15.4,+3.6,+6.2,+10.8,+15.7,+19.3,+19.8,+20.0,+20.0,+19.6,+19.7,+19.8
2023-07-30 22:20,3,+11.1,+15.4,+3.6,+6.1,+10.8,+15.7,+19.2,+19.8,+19.8,+20.0,+19.6,+19.7,+19.8
2023-07-30 23:20,3,+11.1,+15.4,+3.6,+6.1,+10.8,+15.7,+19.2,+19.8,+19.8,+20.0,+19.6,+19.7,+19.8
2023-07-31 00:20,3,+11.1,+15.4,+3.6,+6.2,+10.8,+15.7,+19.2,+19.7,+20.0,+19.8,+19.6,+19.7,+19.8
2023-07-31 01:20,3,+11.1,+15.4,+3.6,+6.1,+10.8,+15.7,+19.2,+19.7,+19.8,+20.0,+19.7,+19.7,+19.8
2023-07-31 02:20,3,+11.1,+15.4,+3.6,+6.2,+10.8,+15.7,+19.2,+19.7,+20.0,+20.0,+19.6,+19.7,+19.8
2023-07-31 03:20,3,+11.1,+15.4,+3.6,+6.1,+10.8,+15.7,+19.1,+19.7,+19.8,+20.0,+19.7,+19.7,+19.8
2023-07-31 04:20,3,+11.1,+15.4,+3.6,+6.1,+10.8,+15.7,+19.1,+19.7,+19.8,+20.0,+19.7,+19.7,+19.8
2023-07-31 05:20,3,+11.1,+15.4,+3.6,+6.1,+10.8,+15.7,+19.1,+19.7,+19.8,+20.0,+19.7,+19.8,+19.8
2023-07-31 06:20,3,+11.1,+15.3,+3.6,+6.2,+10.8,+15.7,+19.1,+19.7,+19.8,+20.0,+19.7,+19.7,+20.0
2023-07-31 07:20,3,+11.1,+15.3,+3.6,+6.2,+10.8,+15.7,+19.1,+19.6,+19.8,+20.0,+19.7,+19.7,+19.8
2023-07-31 08:20,3,+11.1,+15.3,+3.6,+6.1,+10.8,+15.7,+19.2,+19.7,+19.8,+20.0,+19.7,+19.8,+20.0
2023-07-31 09:20,3,+11.0,+15.3,+3.6,+6.1,+10.8,+15.7,+19.2,+19.6,+19.8,+20.0,+19.7,+19.7,+20.0
2023-07-31 10:20,3,+11.0,+15.3,+3.6,+6.2,+10.8,+15.7,+19.5,+19.7,+19.8,+20.0,+19.7,+19.7,+19.8
2023-07-31 11:20,3,+11.0,+15.2,+3.6,+6.1,+10.8,+15.7,+19.5,+19.7,+19.8,+20.1,+19.7,+19.7,+19.8
2023-07-31 12:20,3,+10.9,+15.2,+3.6,+6.2,+10.8,+15.7,+19.6,+19.7,+19.8,+20.0,+19.7,+19.7,+20.0
2023-07-31 13:20,3,+10.8,+15.2,+3.6,+6.2,+10.8,+15.7,+19.6,+19.8,+19.8,+20.0,+19.7,+19.8,+19.8
2023-07-31 14:20,3,+10.8,+15.1,+3.6,+6.2,+10.8,+15.7,+19.7,+19.8,+19.8,+20.0,+19.7,+19.8,+20.0
2023-07-31 15:20,3,+10.8,+15.1,+3.6,+6.1,+10.8,+15.6,+19.7,+19.8,+19.8,+20.0,+19.7,+19.7,+19.8
2023-07-31 16:20,3,+10.7,+15.1,+3.6,+6.2,+10.8,+15.7,+19.7,+20.0,+19.8,+20.0,+19.7,+19.8,+20.0
2023-07-31 17:20,3,+10.7,+15.1,+3.6,+6.2,+10.8,+15.7,+19.7,+20.0,+19.8,+20.1,+19.7,+19.8,+19.8
2023-07-31 18:20,3,+10.7,+15.3,+3.6,+6.2,+10.8,+15.7,+19.6,+20.0,+20.0,+20.0,+19.7,+19.8,+19.8
2023-07-31 19:20,3,+10.7,+15.3,+3.6,+6.2,+10.8,+15.7,+19.6,+20.0,+20.0,+20.1,+19.7,+19.8,+20.0
2023-07-31 20:20,3,+10.7,+15.3,+3.5,+6.2,+10.8,+15.7,+19.6,+20.0,+20.0,+20.0,+19.7,+19.8,+20.0
2023-07-31 21:20,3,+10.7,+15.3,+3.5,+6.3,+10.8,+15.7,+19.5,+20.0,+20.0,+20.0,+19.7,+19.8,+19.8
2023-07-31 22:20,3,+10.7,+15.3,+3.5,+6.1,+10.8,+15.6,+19.5,+19.8,+20.0,+20.0,+19.7,+19.8,+19.8
2023-07-31 23:20,3,+10.6,+15.3,+3.5,+6.2,+10.8,+15.7,+19.5,+19.8,+20.0,+20.1,+19.7,+19.8,+20.0
2023-08-01 00:20,3,+10.6,+15.3,+3.5,+6.1,+10.8,+15.6,+19.3,+19.8,+20.0,+20.1,+19.7,+19.8,+20.0
2023-08-01 01:20,3,+10.7,+15.3,+3.5,+6.1,+10.8,+15.6,+19.3,+20.0,+20.0,+20.1,+19.7,+19.8,+20.0
2023-08-01 02:20,3,+10.6,+15.3,+3.5,+6.1,+10.8,+15.6,+19.3,+19.8,+20.0,+20.1,+19.7,+19.8,+20.0
2023-08-01 03:20,3,+10.6,+15.3,+3.5,+6.1,+10.8,+15.6,+19.3,+19.8,+20.0,+20.0,+19.7,+19.8,+19.8
2023-08-01 04:20,3,+10.6,+15.2,+3.5,+6.2,+10.8,+15.6,+19.2,+19.8,+20.0,+20.1,+19.7,+19.8,+20.0
2023-08-01 05:20,3,+10.6,+15.2,+3.5,+6.2,+10.8,+15.7,+19.2,+19.8,+20.0,+20.1,+19.7,+19.8,+20.0
2023-08-01 06:20,3,+10.6,+15.2,+3.5,+6.2,+10.8,+15.7,+19.2,+19.8,+20.0,+20.1,+19.7,+19.7,+20.0
2023-08-01 07:20,3,+10.8,+15.8,+3.5,+6.2,+10.8,+15.8,+19.2,+19.8,+20.0,+20.1,+19.7,+19.8,+19.8
2023-08-01 08:20,3,+11.3,+15.8,+3.5,+6.2,+10.8,+15.8,+19.3,+19.8,+20.0,+20.1,+19.7,+19.8,+20.0
2023-08-01 09:20,3,+11.3,+15.7,+3.5,+6.2,+10.8,+15.8,+19.3,+19.8,+20.0,+20.1,+19.7,+19.8,+19.8
2023-08-01 10:20,3,+11.2,+15.7,+3.5,+6.1,+10.8,+15.8,+19.6,+19.8,+20.0,+20.1,+19.7,+19.8,+20.0
2023-08-01 11:20,3,+11.2,+15.7,+3.5,+6.1,+10.8,+15.8,+19.6,+19.8,+20.0,+20.1,+19.8,+19.8,+20.0
2023-08-01 12:20,3,+11.1,+15.7,+3.5,+6.2,+10.8,+15.8,+19.6,+19.8,+20.0,+20.1,+19.7,+19.8,+20.0
2023-08-01 13:20,3,+11.1,+15.6,+3.5,+6.1,+10.8,+15.8,+19.7,+20.0,+20.0,+20.1,+19.7,+19.8,+20.0
2023-08-01 14:20,3,+11.1,+15.6,+3.5,+6.1,+10.8,+15.8,+19.8,+20.0,+20.0,+20.1,+19.7,+19.8,+20.0
2023-08-01 15:20,3,+11.0,+15.6,+3.5,+6.2,+10.8,+15.8,+19.8,+20.0,+20.0,+20.1,+19.7,+19.8,+20.0
2023-08-01 16:20,3,+11.0,+15.6,+3.5,+6.2,+10.8,+15.8,+19.8,+20.0,+20.0,+20.1,+19.8,+19.8,+20.0
2023-08-01 17:20,3,+11.0,+15.6,+3.5,+6.2,+10.8,+15.8,+19.8,+20.1,+20.0,+20.1,+19.8,+19.8,+20.0
2023-08-01 18:20,3,+11.0,+15.6,+3.5,+6.1,+10.8,+15.8,+19.8,+20.1,+20.0,+20.1,+19.7,+19.8,+20.0
2023-08-01 19:20,3,+11.0,+15.6,+3.5,+6.2,+10.8,+15.8,+19.7,+20.1,+20.0,+20.1,+19.7,+19.8,+20.0
2023-08-01 20:20,3,+11.0,+15.6,+3.5,+6.2,+10.8,+15.8,+19.7,+20.1,+20.1,+20.1,+19.8,+19.8,+20.0
2023-08-01 21:20,3,+11.0,+15.6,+3.5,+6.2,+10.8,+15.8,+19.6,+20.1,+20.0,+20.1,+19.8,+19.8,+20.0
2023-08-01 22:20,3,+11.0,+15.6,+3.5,+6.1,+10.8,+15.8,+19.5,+20.1,+20.1,+20.1,+19.7,+19.8,+20.0
2023-08-01 23:20,3,+11.0,+15.6,+3.5,+6.2,+10.8,+15.8,+19.5,+20.0,+20.1,+20.1,+19.7,+19.8,+20.0
2023-08-02 00:20,3,+11.0,+15.6,+3.5,+6.1,+10.8,+15.8,+19.3,+20.0,+20.1,+20.2,+19.8,+19.8,+20.0
2023-08-02 01:20,3,+10.9,+15.6,+3.5,+6.2,+10.8,+15.8,+19.2,+20.0,+20.1,+20.1,+19.7,+20.0,+20.0
2023-08-02 02:20,3,+10.9,+15.6,+3.5,+6.2,+10.8,+15.8,+19.2,+19.8,+20.1,+20.2,+19.8,+19.8,+20.0
2023-08-02 03:20,3,+10.9,+15.6,+3.5,+6.1,+10.8,+15.8,+19.2,+19.8,+20.1,+20.2,+19.8,+19.8,+20.0
2023-08-02 04:20,3,+10.9,+15.5,+3.5,+6.1,+10.8,+15.8,+19.1,+19.8,+20.1,+20.1,+19.8,+19.8,+20.0
2023-08-02 05:20,3,+10.9,+15.5,+3.5,+6.2,+10.8,+15.8,+19.1,+19.8,+20.0,+20.2,+19.8,+19.8,+20.0
2023-08-02 06:20,3,+10.8,+15.5,+3.5,+6.2,+10.8,+15.8,+19.1,+19.8,+20.1,+20.2,+19.8,+19.8,+20.0
2023-08-02 07:20,3,+10.8,+15.5,+3.5,+6.2,+10.8,+15.8,+19.1,+19.7,+20.0,+20.1,+19.8,+20.0,+20.0
2023-08-02 08:20,3,+10.8,+15.5,+3.5,+6.2,+10.8,+15.8,+19.2,+19.7,+20.0,+20.1,+19.8,+19.8,+20.0
2023-08-02 09:20,3,+10.8,+15.5,+3.5,+6.1,+10.8,+15.8,+19.2,+19.7,+20.0,+20.2,+19.8,+19.8,+20.0
2023-08-02 10:20,3,+10.7,+15.4,+3.5,+6.2,+10.8,+15.8,+19.3,+19.7,+20.0,+20.2,+19.8,+20.0,+20.0
2023-08-02 11:20,3,+10.6,+15.4,+3.5,+6.2,+10.8,+15.8,+19.5,+19.7,+20.0,+20.2,+19.7,+19.8,+20.0
2023-08-02 12:20,3,+10.6,+15.4,+3.5,+6.2,+10.8,+15.8,+19.6,+19.8,+20.0,+20.1,+19.8,+19.8,+20.0
2023-08-02 13:20,3,+10.5,+15.4,+3.5,+6.2,+10.8,+15.8,+19.7,+19.8,+20.0,+20.1,+19.8,+20.0,+20.0
2023-08-02 14:20,3,+10.4,+15.3,+3.5,+6.2,+10.8,+15.8,+19.7,+19.8,+20.0,+20.1,+19.8,+20.0,+20.0
2023-08-02 15:20,3,+10.4,+15.3,+3.4,+6.2,+10.8,+15.8,+19.7,+19.8,+20.0,+20.2,+19.8,+20.0,+20.0
2023-08-02 16:20,3,+10.3,+15.3,+3.4,+6.1,+10.7,+15.7,+19.7,+20.0,+20.0,+20.1,+19.8,+20.0,+20.0
2023-08-02 17:20,3,+10.3,+15.3,+3.4,+6.1,+10.7,+15.8,+19.7,+20.0,+20.0,+20.1,+19.8,+20.0,+20.0
2023-08-02 18:20,3,+10.3,+15.4,+3.4,+6.2,+10.8,+15.8,+19.6,+20.0,+20.0,+20.2,+19.8,+20.0,+20.0
2023-08-02 19:20,3,+10.3,+15.4,+3.4,+6.1,+10.7,+15.7,+19.6,+20.0,+20.0,+20.2,+19.8,+20.0,+20.0
2023-08-02 20:20,3,+10.2,+15.5,+3.5,+6.2,+10.8,+15.8,+19.5,+20.0,+20.0,+20.2,+19.8,+20.0,+20.0
2023-08-02 21:20,3,+10.2,+15.5,+3.5,+6.1,+10.7,+15.7,+19.5,+20.0,+20.0,+20.1,+19.8,+20.0,+20.0
2023-08-02 22:20,3,+10.2,+15.4,+3.5,+6.2,+10.8,+15.8,+19.3,+20.0,+20.1,+20.1,+19.8,+20.0,+20.0
2023-08-02 23:20,3,+10.2,+15.4,+3.5,+6.1,+10.8,+15.7,+19.3,+20.0,+20.0,+20.2,+19.8,+20.0,+20.0
2023-08-03 00:20,3,+10.2,+15.4,+3.5,+6.2,+10.8,+15.8,+19.2,+19.8,+20.1,+20.1,+19.8,+19.8,+20.0
2023-08-03 01:20,3,+10.1,+15.4,+3.6,+6.2,+10.8,+15.8,+19.2,+19.8,+20.1,+20.2,+19.8,+20.0,+20.0
2023-08-03 02:20,3,+10.1,+15.4,+3.7,+6.1,+10.7,+15.7,+19.1,+19.8,+20.0,+20.2,+19.8,+20.0,+20.0
2023-08-03 03:20,3,+10.1,+15.3,+3.8,+6.1,+10.7,+15.7,+19.1,+19.8,+20.0,+20.2,+19.8,+19.8,+20.0
2023-08-03 04:20,3,+10.1,+15.3,+3.7,+6.1,+10.8,+15.7,+19.1,+19.8,+20.1,+20.2,+19.8,+20.0,+20.1
2023-08-03 05:20,3,+10.1,+15.3,+3.7,+6.2,+10.8,+15.8,+19.0,+19.7,+20.0,+20.2,+19.8,+20.0,+20.0
2023-08-03 06:20,3,+10.1,+15.3,+3.7,+6.2,+10.8,+15.8,+19.0,+19.7,+20.0,+20.2,+19.8,+19.8,+20.0
2023-08-03 07:20,3,+10.1,+15.3,+3.7,+6.2,+10.8,+15.8,+19.0,+19.7,+20.0,+20.1,+19.8,+20.0,+20.1
2023-08-03 08:20,3,+10.1,+15.3,+3.7,+6.2,+10.8,+15.8,+19.0,+19.7,+20.0,+20.2,+19.8,+20.0,+20.0
2023-08-03 09:20,3,+10.0,+15.3,+3.7,+6.2,+10.8,+15.8,+19.1,+19.7,+20.0,+20.1,+19.8,+20.0,+20.0
2023-08-03 10:20,3,+10.0,+15.2,+3.7,+6.2,+10.8,+15.7,+19.2,+19.7,+20.0,+20.1,+19.8,+20.0,+20.0
2023-08-03 11:20,3,+10.0,+15.2,+3.7,+6.1,+10.7,+15.7,+19.2,+19.6,+19.8,+20.2,+19.8,+20.0,+20.0
2023-08-03 12:20,3,+10.0,+15.2,+3.7,+6.1,+10.7,+15.7,+19.3,+19.7,+20.0,+20.2,+19.8,+20.0,+20.0
2023-08-03 13:20,3,+9.9,+15.2,+3.7,+6.2,+10.8,+15.7,+19.3,+19.7,+20.0,+20.2,+19.8,+19.8,+20.0
2023-08-03 14:20,3,+9.9,+15.1,+3.7,+6.1,+10.7,+15.7,+19.5,+19.7,+19.8,+20.1,+19.8,+19.8,+20.0
2023-08-03 15:20,3,+9.8,+15.1,+3.7,+6.1,+10.7,+15.7,+19.6,+19.7,+20.0,+20.2,+19.8,+19.8,+20.0
2023-08-03 16:20,3,+9.8,+15.1,+3.6,+6.1,+10.8,+15.7,+19.6,+19.8,+19.8,+20.1,+19.8,+20.0,+20.0
2023-08-03 17:20,3,+9.7,+15.1,+3.6,+6.0,+10.7,+15.7,+19.7,+19.8,+20.0,+20.2,+19.8,+20.0,+20.0
2023-08-03 18:20,3,+9.7,+15.1,+3.6,+6.0,+10.7,+15.7,+19.7,+20.0,+20.0,+20.1,+19.8,+20.0,+20.0
2023-08-03 19:20,3,+9.7,+15.1,+3.6,+6.1,+10.8,+15.7,+19.7,+20.0,+20.0,+20.1,+19.8,+20.0,+20.0
2023-08-03 20:20,3,+9.6,+15.1,+3.6,+6.1,+10.8,+15.7,+19.7,+20.0,+20.0,+20.2,+19.8,+20.0,+20.1
2023-08-03 21:20,3,+9.6,+15.1,+3.6,+6.0,+10.7,+15.7,+19.6,+20.0,+20.0,+20.1,+19.8,+20.0,+20.0
2023-08-03 22:20,3,+9.6,+15.1,+3.6,+6.1,+10.7,+15.7,+19.6,+20.0,+20.0,+20.2,+19.8,+20.0,+20.0
2023-08-03 23:20,3,+9.6,+15.1,+3.6,+6.1,+10.7,+15.7,+19.5,+20.0,+20.0,+20.2,+19.8,+20.0,+20.0
2023-08-04 00:20,3,+9.6,+15.1,+3.6,+6.1,+10.7,+15.7,+19.3,+20.0,+20.0,+20.2,+19.8,+19.8,+20.1
2023-08-04 01:20,3,+9.6,+15.1,+3.6,+6.1,+10.8,+15.7,+19.3,+20.0,+20.1,+20.1,+19.8,+20.0,+20.1
2023-08-04 02:20,3,+9.6,+15.1,+3.6,+6.1,+10.8,+15.7,+19.3,+20.0,+20.1,+20.2,+19.8,+20.0,+20.0
2023-08-04 03:20,3,+9.6,+15.1,+3.6,+6.1,+10.7,+15.7,+19.2,+20.0,+20.1,+20.1,+19.8,+20.0,+20.1
2023-08-04 04:20,3,+9.6,+15.1,+3.6,+6.2,+10.8,+15.8,+19.2,+19.8,+20.1,+20.2,+19.8,+19.8,+20.1
2023-08-04 05:20,3,+9.6,+15.1,+3.6,+6.1,+10.8,+15.8,+19.2,+19.8,+20.0,+20.2,+19.8,+19.8,+20.1
2023-08-04 06:20,3,+9.6,+15.2,+3.6,+6.2,+10.8,+15.8,+19.2,+19.8,+20.1,+20.2,+19.8,+20.0,+20.0
2023-08-04 07:20,3,+9.6,+15.3,+3.5,+6.0,+10.7,+15.7,+19.1,+19.8,+20.0,+20.2,+19.8,+19.8,+20.1
2023-08-04 08:20,3,+9.6,+15.3,+3.5,+6.2,+10.8,+15.7,+19.2,+19.8,+20.0,+20.2,+19.8,+20.0,+20.0
2023-08-04 09:20,3,+9.6,+15.4,+3.5,+6.2,+10.8,+15.7,+19.1,+19.7,+20.0,+20.2,+19.8,+20.0,+20.0
2023-08-04 10:20,3,+9.6,+15.4,+3.5,+6.1,+10.8,+15.7,+19.2,+19.8,+20.0,+20.2,+19.8,+19.8,+20.0
2023-08-04 11:20,3,+9.5,+15.4,+3.5,+6.2,+10.8,+15.7,+19.3,+19.8,+20.0,+20.1,+19.8,+19.8,+20.0
2023-08-04 12:20,3,+9.5,+15.4,+3.5,+6.0,+10.7,+15.7,+19.3,+19.8,+20.0,+20.1,+19.8,+20.0,+20.1
2023-08-04 13:20,3,+9.4,+15.3,+3.5,+6.1,+10.7,+15.7,+19.5,+19.8,+20.0,+20.2,+19.8,+20.0,+20.0
2023-08-04 14:20,3,+9.4,+15.3,+3.5,+6.0,+10.7,+15.7,+19.6,+19.8,+20.0,+20.1,+19.8,+20.0,+20.1
2023-08-04 15:20,3,+9.3,+15.3,+3.5,+6.1,+10.7,+15.7,+19.7,+19.8,+20.0,+20.2,+19.8,+20.0,+20.0
2023-08-04 16:20,3,+9.3,+15.3,+3.5,+6.0,+10.7,+15.7,+19.8,+19.8,+20.0,+20.2,+19.8,+20.0,+20.1
2023-08-04 17:20,3,+9.2,+15.2,+3.5,+6.1,+10.7,+15.7,+19.8,+20.0,+20.0,+20.1,+19.8,+20.0,+20.0
2023-08-04 18:20,3,+9.2,+15.2,+3.5,+6.1,+10.7,+15.7,+19.7,+20.0,+20.0,+20.1,+19.8,+20.0,+20.1
2023-08-04 19:20,3,+9.2,+15.2,+3.5,+6.1,+10.8,+15.7,+19.6,+20.0,+20.0,+20.2,+19.8,+19.8,+20.0
2023-08-04 20:20,3,+9.2,+15.2,+3.4,+6.1,+10.7,+15.7,+19.6,+20.0,+20.1,+20.2,+19.8,+20.0,+20.0
2023-08-04 21:20,3,+9.2,+15.2,+3.4,+6.1,+10.8,+15.7,+19.5,+20.0,+20.0,+20.2,+19.8,+20.0,+20.1
2023-08-04 22:20,3,+9.2,+15.2,+3.4,+6.0,+10.7,+15.7,+19.3,+20.0,+20.0,+20.2,+20.0,+20.0,+20.1
2023-08-04 23:20,3,+9.2,+15.1,+3.4,+6.1,+10.8,+15.7,+19.3,+20.0,+20.1,+20.1,+19.8,+20.0,+20.1
2023-08-05 00:20,3,+15.2,+18.2,+3.5,+6.1,+10.8,+15.7,+19.1,+19.8,+20.0,+20.2,+19.8,+20.0,+20.1
2023-08-05 01:20,3,+13.9,+17.6,+3.5,+6.0,+10.7,+15.7,+19.1,+19.8,+20.1,+20.2,+20.0,+20.0,+20.1
2023-08-05 02:20,3,+13.5,+17.4,+3.5,+6.0,+10.7,+15.7,+19.1,+19.8,+20.1,+20.2,+19.8,+20.0,+20.1
2023-08-05 03:20,3,+13.2,+17.3,+3.6,+6.0,+10.7,+15.7,+19.0,+19.8,+20.0,+20.2,+19.8,+20.0,+20.1
2023-08-05 04:20,3,+13.0,+17.2,+3.6,+6.0,+10.8,+15.7,+19.1,+19.7,+20.0,+20.2,+19.8,+20.0,+20.0
2023-08-05 05:20,3,+12.9,+17.2,+3.6,+6.0,+10.7,+15.7,+19.0,+19.8,+20.0,+20.2,+19.8,+20.0,+20.1
2023-08-05 06:20,3,+12.8,+17.1,+3.6,+6.0,+10.7,+15.7,+19.0,+19.7,+20.0,+20.2,+19.8,+20.0,+20.1
2023-08-05 07:20,3,+12.7,+17.1,+3.6,+6.0,+10.7,+15.7,+19.0,+19.7,+20.0,+20.2,+19.8,+20.0,+20.1
2023-08-05 08:20,3,+12.6,+17.0,+3.6,+6.0,+10.7,+15.7,+19.0,+19.7,+20.0,+20.2,+19.8,+20.0,+20.1
2023-08-05 09:20,3,+12.5,+17.0,+3.6,+6.0,+10.7,+15.7,+19.0,+19.7,+20.0,+20.1,+19.8,+20.0,+20.1
2023-08-05 10:20,3,+12.5,+17.0,+3.6,+6.0,+10.7,+15.7,+19.0,+19.7,+20.0,+20.2,+19.8,+20.0,+20.1
2023-08-05 11:20,3,+12.3,+16.9,+3.5,+6.0,+10.7,+15.7,+19.1,+19.6,+20.0,+20.2,+19.8,+20.0,+20.1
2023-08-05 12:20,3,+12.2,+16.9,+3.5,+6.1,+10.8,+15.7,+19.1,+19.6,+20.0,+20.1,+19.8,+20.0,+20.1
2023-08-05 13:20,3,+12.2,+16.8,+3.5,+6.0,+10.7,+15.7,+19.2,+19.7,+20.0,+20.2,+19.8,+20.0,+20.1
2023-08-05 14:20,3,+12.1,+16.8,+3.5,+6.0,+10.7,+15.7,+19.2,+19.6,+19.8,+20.2,+19.8,+20.0,+20.1
2023-08-05 15:20,3,+12.0,+16.7,+3.5,+6.0,+10.7,+15.7,+19.3,+19.7,+20.0,+20.2,+19.8,+20.0,+20.1
2023-08-05 16:20,3,+11.9,+16.7,+3.5,+6.0,+10.7,+15.7,+19.3,+19.7,+20.0,+20.2,+19.8,+20.0,+20.1
2023-08-05 17:20,3,+11.8,+16.7,+3.5,+6.0,+10.8,+15.7,+19.3,+19.7,+20.0,+20.1,+19.8,+20.0,+20.1
2023-08-05 18:20,3,+11.8,+16.6,+3.5,+6.1,+10.7,+15.7,+19.3,+19.7,+20.0,+20.2,+19.8,+20.0,+20.1
2023-08-05 19:20,3,+11.8,+16.6,+3.5,+6.0,+10.7,+15.7,+19.2,+19.7,+20.0,+20.1,+19.8,+20.0,+20.1
2023-08-05 20:20,3,+11.7,+16.6,+3.5,+6.0,+10.7,+15.7,+19.2,+19.7,+19.8,+20.2,+19.8,+20.0,+20.1
2023-08-05 21:20,3,+11.7,+16.6,+3.5,+6.0,+10.7,+15.7,+19.1,+19.7,+20.0,+20.1,+19.8,+20.0,+20.1
2023-08-05 22:20,3,+11.6,+16.6,+3.5,+6.1,+10.7,+15.7,+19.1,+19.7,+20.0,+20.1,+19.8,+20.0,+20.1
2023-08-05 23:20,3,+11.6,+16.6,+3.5,+6.1,+10.8,+15.7,+19.0,+19.7,+20.0,+20.1,+19.8,+20.0,+20.1
2023-08-06 00:20,3,+11.6,+16.6,+3.5,+6.0,+10.8,+15.7,+18.8,+19.7,+20.0,+20.1,+19.8,+20.0,+20.1
2023-08-06 01:20,3,+11.6,+16.5,+3.5,+6.1,+10.8,+15.7,+18.8,+19.6,+20.0,+20.2,+19.8,+20.0,+20.1
2023-08-06 02:20,3,+11.5,+16.5,+3.5,+6.1,+10.8,+15.7,+18.8,+19.6,+20.0,+20.1,+19.8,+20.0,+20.1
2023-08-06 03:20,3,+11.5,+16.5,+3.5,+6.1,+10.8,+15.7,+18.8,+19.6,+19.8,+20.1,+19.8,+20.0,+20.1
2023-08-06 04:20,3,+11.6,+16.5,+3.5,+6.1,+10.8,+15.7,+18.8,+19.6,+20.0,+20.1,+19.8,+20.0,+20.1
2023-08-06 05:20,3,+11.8,+16.5,+3.5,+6.0,+10.7,+15.7,+18.8,+19.6,+19.8,+20.2,+19.8,+20.0,+20.1
2023-08-06 06:20,3,+11.7,+16.5,+3.5,+6.1,+10.8,+15.7,+18.7,+19.5,+19.8,+20.2,+19.8,+20.0,+20.1
2023-08-06 07:20,3,+11.7,+16.4,+3.5,+6.0,+10.7,+15.7,+18.7,+19.6,+19.8,+20.2,+19.8,+20.0,+20.1
2023-08-06 08:20,3,+11.7,+16.4,+3.5,+6.0,+10.8,+15.7,+18.7,+19.5,+20.0,+20.1,+19.8,+20.0,+20.1
2023-08-06 09:20,3,+11.7,+16.4,+3.5,+6.0,+10.7,+15.7,+18.8,+19.5,+19.8,+20.2,+19.8,+20.0,+20.1
2023-08-06 10:20,3,+11.6,+16.3,+3.5,+6.0,+10.7,+15.7,+18.8,+19.5,+19.8,+20.1,+19.8,+20.0,+20.1
2023-08-06 11:20,3,+11.6,+16.3,+3.5,+6.0,+10.7,+15.7,+18.7,+19.5,+19.8,+20.1,+19.8,+20.0,+20.1
2023-08-06 12:20,3,+11.5,+16.3,+3.5,+6.1,+10.8,+15.7,+18.7,+19.5,+19.8,+20.1,+19.8,+20.0,+20.1
2023-08-06 13:20,3,+11.5,+16.2,+3.4,+5.9,+10.7,+15.7,+18.7,+19.5,+19.8,+20.1,+19.8,+20.0,+20.1
2023-08-06 14:20,3,+11.4,+16.2,+3.4,+6.1,+10.7,+15.7,+18.8,+19.5,+19.7,+20.1,+19.8,+20.0,+20.1
2023-08-06 15:20,3,+11.3,+16.1,+3.4,+5.9,+10.7,+15.7,+19.0,+19.5,+19.8,+20.1,+19.8,+20.0,+20.1
2023-08-06 16:20,3,+11.2,+16.0,+3.4,+5.9,+10.7,+15.7,+19.0,+19.5,+19.8,+20.1,+19.8,+20.0,+20.1
2023-08-06 17:20,3,+11.2,+16.0,+3.4,+6.0,+10.7,+15.7,+19.0,+19.5,+19.8,+20.1,+19.8,+20.0,+20.1
2023-08-06 18:20,3,+11.1,+16.0,+3.4,+6.0,+10.7,+15.7,+19.0,+19.5,+19.8,+20.1,+19.8,+20.0,+20.1
2023-08-06 19:20,3,+11.1,+16.0,+3.4,+6.0,+10.7,+15.7,+19.0,+19.6,+19.8,+20.1,+19.8,+20.0,+20.1
2023-08-06 20:20,3,+11.1,+16.0,+3.4,+5.9,+10.7,+15.7,+18.8,+19.5,+19.8,+20.1,+19.8,+20.0,+20.1
2023-08-06 21:20,3,+11.0,+15.9,+3.4,+6.0,+10.7,+15.7,+18.8,+19.5,+19.8,+20.1,+19.8,+20.0,+20.1
2023-08-06 22:20,3,+11.0,+15.9,+3.4,+6.0,+10.7,+15.7,+18.7,+19.5,+19.8,+20.1,+19.8,+20.0,+20.1
2023-08-06 23:20,3,+11.0,+15.9,+3.4,+6.0,+10.7,+15.7,+18.7,+19.5,+19.7,+20.1,+19.8,+20.0,+20.1
2023-08-07 00:20,3,+11.0,+15.8,+3.4,+6.0,+10.7,+15.7,+18.7,+19.5,+19.7,+20.1,+19.8,+20.0,+20.1
2023-08-07 01:20,3,+11.0,+15.8,+3.4,+6.0,+10.7,+15.7,+18.7,+19.5,+19.7,+20.1,+19.8,+20.0,+20.1
2023-08-07 02:20,3,+10.9,+15.8,+3.4,+5.9,+10.7,+15.7,+18.7,+19.5,+19.7,+20.1,+19.8,+20.0,+20.1
2023-08-07 03:20,3,+10.9,+15.8,+3.4,+6.0,+10.7,+15.7,+18.7,+19.5,+19.7,+20.1,+19.8,+20.0,+20.1
2023-08-07 04:20,3,+10.9,+15.8,+3.4,+5.9,+10.7,+15.7,+18.7,+19.5,+19.7,+20.0,+19.8,+20.0,+20.1
2023-08-07 05:20,3,+10.9,+15.8,+3.4,+6.0,+10.8,+15.7,+18.8,+19.3,+19.7,+20.0,+19.8,+20.0,+20.1
2023-08-07 06:20,3,+10.9,+15.8,+3.4,+5.9,+10.7,+15.7,+18.8,+19.5,+19.7,+20.0,+19.8,+20.0,+20.1
2023-08-07 07:20,3,+10.9,+15.8,+3.4,+6.0,+10.7,+15.7,+18.8,+19.3,+19.7,+20.1,+19.8,+20.0,+20.1
2023-08-07 08:20,3,+10.8,+15.7,+3.4,+6.0,+10.7,+15.7,+18.8,+19.5,+19.7,+20.0,+19.8,+20.0,+20.1
2023-08-07 09:20,3,+10.8,+15.7,+3.4,+6.0,+10.7,+15.7,+19.0,+19.5,+19.7,+20.1,+19.8,+19.8,+20.1
2023-08-07 10:20,3,+10.8,+15.7,+3.4,+5.9,+10.7,+15.7,+19.1,+19.5,+19.7,+20.0,+19.8,+20.0,+20.1
2023-08-07 11:20,3,+12.6,+15.8,+3.4,+6.1,+10.8,+15.7,+19.0,+19.5,+19.7,+20.0,+19.8,+20.0,+20.1
2023-08-07 12:20,3,+14.9,+16.0,+3.4,+6.0,+10.8,+15.7,+18.7,+19.5,+19.7,+20.1,+19.8,+20.0,+20.1
2023-08-07 13:20,3,+14.4,+16.2,+3.4,+6.1,+10.8,+15.7,+18.7,+19.5,+19.7,+20.1,+19.7,+20.0,+20.1
2023-08-07 14:20,3,+14.1,+16.3,+3.4,+6.0,+10.8,+15.7,+18.7,+19.5,+19.7,+20.0,+19.8,+20.0,+20.1
2023-08-07 15:20,3,+13.9,+16.3,+3.4,+5.9,+10.7,+15.7,+18.7,+19.5,+19.7,+20.1,+19.8,+20.0,+20.1
2023-08-07 16:20,3,+13.7,+16.4,+3.4,+6.1,+10.8,+15.7,+18.6,+19.5,+19.7,+20.0,+19.8,+20.0,+20.1
2023-08-07 17:20,3,+13.6,+16.4,+3.4,+5.9,+10.7,+15.7,+18.5,+19.3,+19.7,+20.1,+19.8,+20.0,+20.1
2023-08-07 18:20,3,+13.5,+16.4,+3.4,+5.9,+10.7,+15.7,+18.5,+19.3,+19.7,+20.0,+19.8,+20.0,+20.1
2023-08-07 19:20,3,+13.3,+16.4,+3.4,+5.9,+10.7,+15.7,+18.5,+19.3,+19.7,+20.0,+19.8,+20.0,+20.1
2023-08-07 20:20,3,+13.2,+16.4,+3.4,+6.0,+10.8,+15.7,+18.3,+19.3,+19.7,+20.0,+19.8,+20.0,+20.1
2023-08-07 21:20,3,+13.1,+16.4,+3.4,+5.9,+10.7,+15.7,+18.3,+19.3,+19.7,+20.1,+19.8,+19.8,+20.1
2023-08-07 22:20,3,+13.0,+16.4,+3.4,+5.9,+10.7,+15.7,+18.3,+19.2,+19.7,+20.0,+19.8,+20.0,+20.1
2023-08-07 23:20,3,+12.9,+16.4,+3.4,+6.0,+10.7,+15.7,+18.2,+19.2,+19.6,+20.0,+19.8,+20.0,+20.1
2023-08-08 00:20,3,+12.8,+16.3,+3.4,+5.9,+10.7,+15.7,+18.2,+19.1,+19.6,+20.0,+19.8,+20.0,+20.1
2023-08-08 01:20,3,+12.8,+16.3,+3.3,+6.0,+10.8,+15.7,+18.2,+19.1,+19.6,+20.0,+19.8,+19.8,+20.1
2023-08-08 02:20,3,+12.7,+16.3,+3.4,+5.9,+10.7,+15.7,+18.1,+19.1,+19.6,+20.0,+19.8,+19.8,+20.1
2023-08-08 03:20,3,+12.6,+16.3,+3.3,+5.9,+10.7,+15.7,+18.1,+19.1,+19.6,+20.0,+19.7,+20.0,+20.1
2023-08-08 04:20,3,+12.6,+16.3,+3.3,+6.0,+10.8,+15.7,+18.1,+19.1,+19.6,+20.0,+19.8,+19.8,+20.1
2023-08-08 05:20,3,+12.5,+16.3,+3.3,+6.0,+10.8,+15.7,+18.1,+19.0,+19.6,+20.0,+19.7,+19.8,+20.1
2023-08-08 06:20,3,+12.5,+16.3,+3.3,+6.0,+10.7,+15.7,+18.1,+19.0,+19.6,+20.0,+19.7,+20.0,+20.1
2023-08-08 07:20,3,+12.5,+16.3,+3.3,+6.0,+10.8,+15.7,+18.1,+19.1,+19.5,+20.0,+19.7,+20.0,+20.1
2023-08-08 08:20,3,+12.4,+16.2,+3.3,+6.0,+10.7,+15.7,+18.2,+19.0,+19.5,+19.8,+19.7,+19.8,+20.1
2023-08-08 09:20,3,+12.3,+16.2,+3.3,+5.9,+10.7,+15.7,+18.5,+19.0,+19.5,+19.8,+19.7,+20.0,+20.0
2023-08-08 10:20,3,+12.2,+16.2,+3.3,+6.0,+10.8,+15.7,+18.6,+19.0,+19.5,+20.0,+19.7,+20.0,+20.1
2023-08-08 11:20,3,+12.2,+16.2,+3.3,+6.0,+10.7,+15.7,+18.7,+19.1,+19.5,+19.8,+19.7,+19.8,+20.1
2023-08-08 12:20,3,+12.1,+16.2,+3.3,+5.9,+10.7,+15.7,+18.8,+19.1,+19.5,+20.0,+19.7,+19.8,+20.1
2023-08-08 13:20,3,+12.1,+16.1,+3.3,+6.0,+10.7,+15.7,+18.8,+19.2,+19.5,+20.0,+19.7,+19.8,+20.1
2023-08-08 14:20,3,+12.0,+16.1,+3.3,+5.9,+10.7,+15.7,+18.8,+19.2,+19.5,+20.0,+19.7,+19.8,+20.1
2023-08-08 15:20,3,+12.0,+16.1,+3.3,+5.9,+10.7,+15.7,+18.7,+19.3,+19.5,+19.8,+19.7,+19.8,+20.0
2023-08-08 16:20,3,+12.0,+16.1,+3.3,+6.0,+10.7,+15.7,+18.6,+19.2,+19.5,+19.8,+19.7,+19.8,+20.1
2023-08-08 17:20,3,+12.0,+16.1,+3.3,+6.0,+10.7,+15.7,+18.5,+19.2,+19.5,+19.8,+19.7,+19.8,+20.1
2023-08-08 18:20,3,+12.0,+16.1,+3.3,+6.0,+10.7,+15.7,+18.3,+19.2,+19.6,+19.8,+19.7,+19.8,+20.1
2023-08-08 19:20,3,+12.0,+16.1,+3.3,+5.9,+10.7,+15.7,+18.2,+19.2,+19.5,+19.8,+19.7,+19.8,+20.1
2023-08-08 20:20,3,+12.0,+16.1,+3.3,+5.9,+10.7,+15.7,+18.2,+19.1,+19.5,+19.8,+19.7,+19.8,+20.1
2023-08-08 21:20,3,+12.0,+16.1,+3.3,+6.0,+10.7,+15.7,+18.2,+19.1,+19.5,+19.8,+19.7,+19.8,+20.1
2023-08-08 22:20,3,+12.0,+16.1,+3.3,+6.0,+10.7,+15.7,+18.1,+19.0,+19.6,+19.8,+19.7,+19.8,+20.1
2023-08-08 23:20,3,+11.9,+16.1,+3.3,+6.0,+10.7,+15.7,+18.0,+19.1,+19.5,+19.8,+19.7,+19.8,+20.1
2023-08-09 00:20,3,+11.9,+16.1,+3.3,+6.0,+10.7,+15.7,+18.1,+19.0,+19.5,+19.8,+19.7,+19.8,+20.1
2023-08-09 01:20,3,+11.9,+16.1,+3.3,+6.0,+10.7,+15.7,+18.0,+19.0,+19.5,+19.8,+19.7,+19.8,+20.1
2023-08-09 02:20,3,+11.9,+16.1,+3.3,+6.0,+10.7,+15.7,+18.0,+19.0,+19.5,+19.8,+19.6,+19.8,+20.1
2023-08-09 03:20,3,+11.9,+16.0,+3.3,+5.9,+10.7,+15.7,+17.8,+19.0,+19.5,+19.8,+19.7,+19.8,+20.1
2023-08-09 04:20,3,+11.8,+16.0,+3.3,+6.0,+10.7,+15.7,+18.0,+18.8,+19.5,+19.8,+19.7,+19.8,+20.0
2023-08-09 05:20,3,+11.8,+16.0,+3.3,+5.9,+10.7,+15.7,+18.0,+18.8,+19.3,+19.7,+19.7,+19.8,+20.0
2023-08-09 06:20,3,+11.8,+16.0,+3.3,+5.9,+10.7,+15.7,+18.0,+18.8,+19.3,+19.8,+19.7,+19.8,+20.0
2023-08-09 07:20,3,+11.8,+16.0,+3.3,+5.9,+10.7,+15.7,+17.8,+18.7,+19.3,+19.8,+19.6,+19.8,+20.0
2023-08-09 08:20,3,+11.8,+16.0,+3.3,+6.0,+10.8,+15.7,+18.0,+18.7,+19.3,+19.8,+19.6,+19.8,+20.1
2023-08-09 09:20,3,+11.7,+16.0,+3.3,+5.9,+10.7,+15.7,+18.1,+18.8,+19.3,+19.8,+19.7,+19.7,+20.0
2023-08-09 10:20,3,+11.7,+16.0,+3.3,+5.9,+10.7,+15.7,+18.2,+18.7,+19.3,+19.8,+19.7,+19.8,+20.0
2023-08-09 11:20,3,+11.6,+15.9,+3.3,+5.9,+10.7,+15.7,+18.3,+18.8,+19.2,+19.7,+19.6,+19.8,+20.0
2023-08-09 12:20,3,+11.5,+15.9,+3.3,+6.0,+10.8,+15.7,+18.5,+18.8,+19.2,+19.7,+19.6,+19.8,+20.0
2023-08-09 13:20,3,+11.5,+15.9,+3.2,+5.9,+10.7,+15.7,+18.6,+18.8,+19.3,+19.7,+19.6,+19.8,+20.0
2023-08-09 14:20,3,+11.4,+15.9,+3.2,+5.9,+10.7,+15.7,+18.8,+19.0,+19.3,+19.7,+19.7,+19.7,+20.0
2023-08-09 15:20,3,+11.3,+15.8,+3.2,+5.9,+10.7,+15.7,+18.8,+19.0,+19.3,+19.7,+19.6,+19.7,+20.0
2023-08-09 16:20,3,+11.3,+15.8,+3.3,+5.9,+10.7,+15.7,+19.0,+19.0,+19.3,+19.8,+19.6,+19.8,+20.0
2023-08-09 17:20,3,+11.3,+15.8,+3.2,+6.0,+10.7,+15.8,+19.0,+19.1,+19.3,+19.7,+19.6,+19.7,+20.0
2023-08-09 18:20,3,+11.2,+15.8,+3.2,+5.8,+10.7,+15.8,+19.0,+19.2,+19.3,+19.7,+19.6,+19.8,+20.0
2023-08-09 19:20,3,+11.2,+15.8,+3.2,+5.9,+10.7,+15.8,+19.0,+19.2,+19.3,+19.7,+19.6,+19.7,+20.0
2023-08-09 20:20,3,+11.2,+15.8,+3.2,+5.8,+10.7,+15.8,+19.0,+19.3,+19.3,+19.7,+19.6,+19.7,+20.0
2023-08-09 21:20,3,+11.2,+15.8,+3.2,+5.9,+10.7,+15.8,+18.8,+19.3,+19.5,+19.7,+19.6,+19.7,+20.0
2023-08-09 22:20,3,+11.1,+15.8,+3.2,+5.9,+10.7,+15.8,+18.8,+19.3,+19.5,+19.7,+19.6,+19.7,+20.0
2023-08-09 23:20,3,+11.1,+15.7,+3.2,+5.8,+10.7,+15.8,+18.8,+19.3,+19.5,+19.7,+19.6,+19.7,+20.0
2023-08-10 00:20,3,+11.1,+15.7,+3.2,+5.8,+10.7,+15.8,+18.7,+19.3,+19.5,+19.7,+19.6,+19.7,+20.0
2023-08-10 01:20,3,+11.1,+15.7,+3.2,+5.9,+10.8,+15.8,+18.7,+19.2,+19.5,+19.7,+19.6,+19.7,+20.0
2023-08-10 02:20,3,+11.0,+15.7,+3.2,+5.8,+10.7,+15.8,+18.7,+19.3,+19.5,+19.7,+19.6,+19.7,+20.0
2023-08-10 03:20,3,+11.0,+15.7,+3.2,+5.9,+10.8,+15.8,+18.7,+19.3,+19.5,+19.7,+19.6,+19.7,+20.0
2023-08-10 04:20,3,+11.0,+15.7,+3.2,+6.0,+10.7,+15.8,+18.7,+19.3,+19.5,+19.7,+19.6,+19.7,+20.0
2023-08-10 05:20,3,+11.0,+15.7,+3.2,+5.8,+10.7,+15.8,+18.7,+19.3,+19.5,+19.8,+19.6,+19.7,+20.0
2023-08-10 06:20,3,+11.0,+15.7,+3.2,+5.9,+10.7,+15.8,+18.7,+19.2,+19.5,+19.7,+19.6,+19.7,+20.0
2023-08-10 07:20,3,+11.0,+15.7,+3.2,+5.9,+10.7,+15.8,+18.7,+19.2,+19.5,+19.7,+19.6,+19.7,+20.0
2023-08-10 08:20,3,+11.0,+15.6,+3.2,+5.9,+10.7,+15.8,+18.7,+19.3,+19.5,+19.7,+19.6,+19.7,+20.0
2023-08-10 09:20,3,+10.9,+15.6,+3.2,+5.9,+10.7,+15.8,+18.8,+19.3,+19.5,+19.7,+19.6,+19.8,+20.0
2023-08-10 10:20,3,+10.9,+15.6,+3.2,+5.9,+10.7,+15.8,+19.0,+19.3,+19.5,+19.7,+19.6,+19.7,+20.0
2023-08-10 11:20,3,+10.8,+15.6,+3.2,+5.9,+10.8,+15.8,+19.1,+19.3,+19.5,+19.8,+19.6,+19.7,+20.0
2023-08-10 12:20,3,+10.8,+15.6,+3.2,+5.8,+10.7,+15.8,+19.2,+19.3,+19.5,+19.7,+19.6,+19.7,+20.0
2023-08-10 13:20,3,+10.7,+15.5,+3.2,+5.9,+10.7,+15.8,+19.3,+19.5,+19.5,+19.7,+19.6,+19.7,+20.0
2023-08-10 14:20,3,+10.6,+15.5,+3.2,+5.8,+10.7,+15.8,+19.5,+19.5,+19.5,+19.8,+19.6,+19.7,+20.0
2023-08-10 15:20,3,+10.6,+15.5,+3.2,+5.8,+10.7,+15.7,+19.5,+19.6,+19.5,+19.8,+19.6,+19.7,+20.0
2023-08-10 16:20,3,+10.6,+15.5,+3.2,+5.8,+10.7,+15.7,+19.6,+19.6,+19.6,+19.7,+19.6,+19.7,+20.0
2023-08-10 17:20,3,+10.5,+15.5,+3.2,+5.8,+10.7,+15.8,+19.6,+19.6,+19.6,+19.7,+19.6,+19.7,+20.0
2023-08-10 18:20,3,+10.5,+15.4,+3.2,+5.9,+10.7,+15.8,+19.6,+19.6,+19.6,+19.7,+19.6,+19.7,+20.0
2023-08-10 19:20,3,+10.5,+15.4,+3.2,+5.9,+10.7,+15.8,+19.5,+19.7,+19.6,+19.8,+19.6,+19.7,+20.0
2023-08-10 20:20,3,+10.5,+15.4,+3.2,+5.8,+10.7,+15.8,+19.5,+19.7,+19.6,+19.8,+19.6,+19.7,+20.0
2023-08-10 21:20,3,+10.5,+15.4,+3.2,+5.9,+10.8,+15.8,+19.5,+19.7,+19.7,+19.8,+19.6,+19.7,+20.0
2023-08-10 22:20,3,+10.5,+15.4,+3.2,+5.8,+10.7,+15.8,+19.5,+19.8,+19.7,+19.7,+19.6,+19.7,+20.0
2023-08-10 23:20,3,+10.5,+15.4,+3.2,+5.8,+10.7,+15.8,+19.5,+19.7,+19.7,+19.8,+19.6,+19.7,+20.0
2023-08-11 00:20,3,+10.5,+15.4,+3.2,+5.8,+10.7,+15.8,+19.3,+19.7,+19.7,+19.8,+19.6,+19.7,+20.0
2023-08-11 01:20,3,+10.5,+15.4,+3.2,+5.8,+10.7,+15.7,+19.3,+19.7,+19.7,+19.8,+19.6,+19.7,+20.0
2023-08-11 02:20,3,+10.5,+15.4,+3.2,+5.8,+10.7,+15.8,+19.2,+19.7,+19.7,+19.8,+19.6,+19.7,+20.0
2023-08-11 03:20,3,+10.5,+15.4,+3.2,+5.9,+10.7,+15.8,+19.2,+19.7,+19.8,+19.8,+19.6,+19.7,+20.0
2023-08-11 04:20,3,+10.5,+15.4,+3.2,+5.8,+10.7,+15.7,+19.2,+19.7,+19.8,+19.8,+19.6,+19.7,+20.0
2023-08-11 05:20,3,+10.4,+15.4,+3.2,+5.8,+10.7,+15.8,+19.1,+19.7,+19.7,+19.8,+19.6,+19.7,+20.0
2023-08-11 06:20,3,+10.4,+15.4,+3.2,+5.8,+10.7,+15.8,+19.1,+19.7,+19.7,+19.8,+19.6,+19.7,+20.0
2023-08-11 07:20,3,+10.4,+15.3,+3.2,+5.9,+10.7,+15.8,+19.1,+19.7,+19.8,+20.0,+19.6,+19.7,+19.8
2023-08-11 08:20,3,+10.4,+15.4,+3.2,+5.9,+10.7,+15.8,+19.1,+19.6,+19.7,+20.0,+19.6,+19.7,+20.0
2023-08-11 09:20,3,+10.4,+15.3,+3.2,+5.9,+10.7,+15.8,+19.1,+19.6,+19.7,+19.8,+19.6,+19.7,+20.0
2023-08-11 10:20,3,+10.3,+15.3,+3.2,+5.8,+10.7,+15.8,+19.2,+19.6,+19.7,+20.0,+19.6,+19.7,+20.0