
2023-07-26 11:10,1,+14.2,+7.7,+10.5,+6.1,+23.2,+20.0,+19.0,+19.5,+19.8,+19.8,+20.2,+20.0,+20.3
2023-07-26 12:10,1,+14.2,+7.7,+10.5,+6.1,+23.2,+20.0,+19.1,+19.5,+19.7,+19.8,+20.2,+20.0,+20.2
2023-07-26 13:10,1,+14.1,+7.7,+10.5,+6.1,+23.2,+20.0,+19.2,+19.6,+19.7,+19.8,+20.1,+20.0,+20.2
2023-07-26 14:10,1,+14.1,+7.7,+10.5,+6.1,+23.2,+20.0,+19.3,+19.6,+19.7,+19.8,+20.2,+20.0,+20.2
2023-07-26 15:10,1,+14.1,+7.7,+10.5,+6.1,+23.2,+20.0,+19.5,+19.6,+19.7,+19.8,+20.1,+20.0,+20.2
2023-07-26 16:10,1,+14.1,+7.7,+10.5,+6.2,+23.2,+20.0,+19.5,+19.7,+19.7,+19.8,+20.1,+20.0,+20.2
2023-07-26 17:10,1,+14.1,+7.7,+10.5,+6.1,+23.2,+20.0,+19.5,+19.7,+19.7,+19.7,+20.2,+20.0,+20.2
2023-07-26 18:10,1,+14.1,+7.7,+10.5,+6.1,+23.2,+20.0,+19.5,+19.8,+19.7,+19.8,+20.2,+20.0,+20.2
2023-07-26 19:10,1,+14.0,+7.7,+10.5,+6.1,+23.2,+20.0,+19.5,+19.8,+19.8,+19.8,+20.1,+20.0,+20.2
2023-07-26 20:10,1,+14.0,+7.7,+10.5,+6.1,+23.2,+20.0,+19.5,+19.8,+19.8,+19.7,+20.1,+20.0,+20.2
2023-07-26 21:10,1,+14.1,+7.7,+10.5,+6.1,+23.2,+20.0,+19.5,+19.8,+19.8,+19.8,+20.1,+20.0,+20.2
2023-07-26 22:10,1,+14.1,+7.7,+10.5,+6.2,+23.2,+20.0,+19.5,+19.8,+19.8,+19.8,+20.1,+20.0,+20.3
2023-07-26 23:10,1,+14.1,+7.7,+10.5,+6.2,+23.2,+20.0,+19.3,+19.8,+19.8,+19.8,+20.1,+20.0,+20.2
2023-07-27 00:10,1,+14.0,+7.7,+10.5,+6.1,+23.2,+20.0,+19.3,+19.8,+19.8,+19.8,+20.1,+20.0,+20.2
2023-07-27 01:10,1,+14.0,+7.7,+10.5,+6.1,+23.2,+20.0,+19.2,+19.8,+19.8,+19.8,+20.1,+20.0,+20.2
2023-07-27 02:10,1,+14.1,+7.7,+10.5,+6.1,+23.2,+20.0,+19.2,+19.8,+19.8,+19.7,+20.1,+20.0,+20.3
2023-07-27 03:10,1,+14.1,+7.7,+10.5,+6.2,+23.2,+20.0,+19.2,+19.7,+19.8,+19.8,+20.1,+20.0,+20.2
2023-07-27 04:10,1,+14.1,+7.6,+10.5,+6.1,+23.2,+20.0,+19.2,+19.7,+19.8,+19.7,+20.1,+20.0,+20.2
2023-07-27 05:10,1,+14.1,+7.7,+10.5,+6.2,+23.2,+20.0,+19.1,+19.7,+19.8,+19.8,+20.1,+20.0,+20.2
2023-07-27 06:10,1,+14.4,+7.7,+10.5,+6.1,+23.2,+20.0,+19.1,+19.7,+19.8,+19.8,+20.1,+20.0,+20.2
2023-07-27 07:10,1,+15.7,+7.7,+10.5,+6.1,+23.2,+20.0,+19.2,+19.7,+19.8,+19.8,+20.1,+20.0,+20.2
2023-07-27 08:10,1,+17.6,+8.1,+10.5,+6.2,+23.2,+20.0,+19.1,+19.6,+19.8,+19.8,+20.1,+20.0,+20.2
2023-07-27 09:10,1,+16.8,+8.4,+10.7,+6.2,+23.2,+20.0,+19.1,+19.6,+19.7,+19.7,+20.1,+20.0,+20.2
2023-07-27 10:10,1,+16.3,+8.4,+10.7,+6.1,+23.2,+20.0,+19.2,+19.7,+19.8,+19.8,+20.1,+19.8,+20.2
2023-07-27 11:10,1,+15.9,+8.4,+10.8,+6.2,+23.2,+20.0,+19.5,+19.6,+19.7,+19.8,+20.1,+19.8,+20.2
2023-07-27 12:10,1,+15.7,+8.4,+10.8,+6.2,+23.3,+20.0,+19.5,+19.7,+19.7,+19.8,+20.1,+19.8,+20.2
2023-07-27 13:10,1,+15.5,+8.4,+10.8,+6.2,+23.3,+20.0,+19.6,+19.7,+19.8,+19.8,+20.1,+19.8,+20.2
2023-07-27 14:10,1,+15.3,+8.3,+10.8,+6.3,+23.3,+20.1,+19.7,+19.7,+19.7,+19.8,+20.1,+19.8,+20.2
2023-07-27 15:10,1,+15.2,+8.3,+10.8,+6.2,+23.3,+20.0,+19.7,+19.8,+19.8,+19.7,+20.1,+20.0,+20.2
2023-07-27 16:10,1,+15.1,+8.3,+10.8,+6.2,+23.3,+20.1,+19.7,+20.0,+19.7,+19.8,+20.1,+19.8,+20.2
2023-07-27 17:10,1,+15.0,+8.3,+10.8,+6.2,+23.3,+20.1,+19.7,+20.0,+19.8,+19.8,+20.1,+20.0,+20.2
2023-07-27 18:10,1,+15.0,+8.2,+10.8,+6.3,+23.3,+20.1,+19.7,+20.0,+19.8,+19.7,+20.1,+19.8,+20.2
2023-07-27 19:10,1,+14.9,+8.2,+10.8,+6.2,+23.3,+20.1,+19.7,+20.0,+19.8,+19.7,+20.1,+19.8,+20.2
2023-07-27 20:10,1,+14.9,+8.2,+10.8,+6.3,+23.4,+20.1,+19.6,+20.0,+19.8,+19.8,+20.1,+20.0,+20.2
2023-07-27 21:10,1,+14.8,+8.2,+10.7,+6.4,+23.4,+20.1,+19.6,+20.0,+19.8,+19.8,+20.1,+19.8,+20.2
2023-07-27 22:10,1,+14.8,+8.2,+10.7,+6.3,+23.4,+20.1,+19.6,+20.0,+19.8,+19.8,+20.1,+19.8,+20.2
2023-07-27 23:10,1,+14.7,+8.1,+10.8,+6.2,+23.3,+20.1,+19.6,+20.0,+19.8,+19.8,+20.1,+19.8,+20.2
2023-07-28 00:10,1,+14.7,+8.1,+10.7,+6.3,+23.4,+20.2,+19.6,+20.0,+20.0,+19.8,+20.1,+19.8,+20.2
2023-07-28 01:10,1,+14.7,+8.1,+10.7,+6.3,+23.3,+20.1,+19.5,+20.0,+20.0,+19.8,+20.1,+19.8,+20.2
2023-07-28 02:10,1,+14.6,+8.1,+10.7,+6.3,+23.3,+20.1,+19.5,+20.0,+20.0,+19.8,+20.1,+19.8,+20.2
2023-07-28 03:10,1,+14.6,+8.1,+10.7,+6.2,+23.4,+20.1,+19.3,+19.8,+20.0,+19.8,+20.1,+19.8,+20.2
2023-07-28 04:10,1,+14.6,+8.1,+10.7,+6.3,+23.3,+20.2,+19.2,+19.8,+19.8,+19.8,+20.1,+19.8,+20.2
2023-07-28 05:10,1,+14.5,+8.0,+10.7,+6.2,+23.3,+20.1,+19.2,+19.8,+19.8,+19.8,+20.1,+19.8,+20.2
2023-07-28 06:10,1,+14.5,+8.0,+10.7,+6.3,+23.3,+20.1,+19.1,+19.8,+19.8,+19.8,+20.1,+19.8,+20.2
2023-07-28 07:10,1,+14.5,+8.0,+10.7,+6.3,+23.4,+20.2,+19.1,+19.8,+19.8,+19.8,+20.1,+19.8,+20.2
2023-07-28 08:10,1,+14.4,+8.0,+10.7,+6.3,+23.4,+20.2,+19.1,+19.7,+19.8,+19.8,+20.1,+19.8,+20.2
2023-07-28 09:10,1,+14.4,+8.0,+10.7,+6.2,+23.3,+20.2,+19.2,+19.7,+19.8,+19.8,+20.1,+19.8,+20.2
2023-07-28 10:10,1,+14.4,+8.0,+10.7,+6.3,+23.3,+20.2,+19.5,+19.7,+19.8,+19.8,+20.1,+19.8,+20.2
2023-07-28 11:10,1,+14.3,+8.0,+10.7,+6.2,+23.3,+20.1,+19.6,+19.8,+19.8,+19.8,+20.1,+19.8,+20.2
2023-07-28 12:10,1,+14.3,+7.9,+10.7,+6.3,+23.3,+20.2,+19.8,+19.8,+19.8,+19.8,+20.1,+19.8,+20.2
2023-07-28 13:10,1,+14.3,+7.9,+10.7,+6.3,+23.3,+20.1,+20.0,+20.0,+19.8,+19.8,+20.1,+19.8,+20.1
2023-07-28 14:10,1,+14.2,+7.9,+10.7,+6.2,+23.3,+20.1,+20.2,+20.0,+19.8,+19.8,+20.1,+19.8,+20.1
2023-07-28 15:10,1,+14.2,+7.9,+10.7,+6.3,+23.3,+20.1,+20.2,+20.1,+20.0,+19.8,+20.1,+19.8,+20.2
2023-07-28 16:10,1,+14.2,+7.9,+10.6,+6.3,+23.3,+20.1,+20.3,+20.2,+19.8,+19.8,+20.1,+19.8,+20.1
2023-07-28 17:10,1,+14.1,+7.9,+10.6,+6.2,+23.2,+20.1,+20.3,+20.2,+20.0,+19.8,+20.1,+19.8,+20.2
2023-07-28 18:10,1,+14.1,+7.9,+10.6,+6.2,+23.2,+20.1,+20.3,+20.3,+20.0,+19.8,+20.1,+20.0,+20.1
2023-07-28 19:10,1,+14.1,+7.9,+10.6,+6.2,+23.2,+20.1,+20.3,+20.3,+20.0,+19.8,+20.1,+19.8,+20.2
2023-07-28 20:10,1,+14.1,+7.8,+10.6,+6.3,+23.3,+20.2,+20.3,+20.3,+20.0,+19.8,+20.1,+19.8,+20.2
2023-07-28 21:10,1,+14.1,+7.8,+10.6,+6.3,+23.3,+20.1,+20.3,+20.5,+20.1,+19.8,+20.1,+19.8,+20.2
2023-07-28 22:10,1,+14.0,+7.8,+10.6,+6.3,+23.3,+20.2,+20.2,+20.5,+20.1,+19.8,+20.1,+19.8,+20.2
2023-07-28 23:10,1,+14.6,+7.9,+10.6,+6.3,+23.3,+20.2,+20.2,+20.5,+20.1,+19.8,+20.1,+19.8,+20.1
2023-07-29 00:10,1,+15.4,+7.9,+10.7,+6.2,+23.2,+20.1,+20.2,+20.5,+20.1,+19.8,+20.1,+19.8,+20.1
2023-07-29 01:10,1,+16.1,+7.9,+10.7,+6.2,+23.2,+20.2,+20.2,+20.5,+20.1,+19.8,+20.1,+20.0,+20.2
2023-07-29 02:10,1,+16.1,+7.9,+10.7,+6.2,+23.3,+20.2,+20.2,+20.3,+20.1,+19.8,+20.1,+20.0,+20.1
2023-07-29 03:10,1,+16.0,+8.0,+10.7,+6.3,+23.3,+20.2,+20.1,+20.5,+20.2,+20.0,+20.1,+19.8,+20.2
2023-07-29 04:10,1,+15.9,+8.0,+10.7,+6.2,+23.3,+20.2,+20.1,+20.3,+20.2,+20.0,+20.1,+19.8,+20.1
2023-07-29 05:10,1,+15.7,+8.0,+10.7,+6.2,+23.3,+20.2,+20.0,+20.5,+20.2,+20.0,+20.1,+20.0,+20.1
2023-07-29 06:10,1,+15.7,+8.0,+10.7,+6.2,+23.3,+20.2,+20.0,+20.3,+20.2,+20.0,+20.2,+20.0,+20.1
2023-07-29 07:10,1,+15.6,+8.0,+10.8,+6.2,+23.3,+20.2,+20.0,+20.3,+20.2,+20.0,+20.1,+19.8,+20.2
2023-07-29 08:10,1,+15.5,+8.1,+10.8,+6.4,+23.4,+20.2,+20.1,+20.3,+20.2,+20.0,+20.1,+20.0,+20.2
2023-07-29 09:10,1,+15.4,+8.1,+10.8,+6.3,+23.3,+20.2,+20.2,+20.3,+20.2,+20.1,+20.1,+20.0,+20.1
2023-07-29 10:10,1,+15.3,+8.0,+10.8,+6.4,+23.4,+20.2,+20.3,+20.5,+20.2,+20.0,+20.2,+20.0,+20.2
2023-07-29 11:10,1,+15.2,+8.0,+10.8,+6.4,+23.4,+20.2,+20.5,+20.5,+20.2,+20.1,+20.1,+20.0,+20.2
2023-07-29 12:10,1,+15.2,+8.0,+10.8,+6.4,+23.4,+20.2,+20.6,+20.6,+20.2,+20.0,+20.2,+20.0,+20.1
2023-07-29 13:10,1,+15.1,+8.0,+10.8,+6.3,+23.3,+20.2,+20.7,+20.6,+20.2,+20.1,+20.2,+20.0,+20.2
2023-07-29 14:10,1,+15.0,+8.0,+10.8,+6.4,+23.4,+20.2,+20.8,+20.6,+20.2,+20.1,+20.1,+20.0,+20.2
2023-07-29 15:10,1,+15.0,+8.0,+10.8,+6.3,+23.4,+20.2,+20.8,+20.7,+20.2,+20.1,+20.2,+20.0,+20.2
2023-07-29 16:10,1,+14.9,+8.0,+10.7,+6.3,+23.3,+20.2,+21.0,+20.7,+20.3,+20.0,+20.2,+20.0,+20.2
2023-07-29 17:10,1,+14.8,+8.0,+10.7,+6.3,+23.3,+20.2,+20.8,+20.7,+20.3,+20.1,+20.2,+20.0,+20.2
2023-07-29 18:10,1,+14.8,+8.0,+10.7,+6.3,+23.3,+20.2,+20.8,+20.8,+20.3,+20.0,+20.2,+20.0,+20.2
2023-07-29 19:10,1,+14.8,+7.9,+10.8,+6.3,+23.3,+20.2,+20.7,+20.8,+20.3,+20.1,+20.2,+20.0,+20.2
2023-07-29 20:10,1,+14.7,+7.9,+10.7,+6.4,+23.4,+20.3,+20.6,+20.8,+20.3,+20.1,+20.2,+20.0,+20.2
2023-07-29 21:10,1,+14.7,+7.9,+10.7,+6.4,+23.4,+20.3,+20.6,+20.8,+20.5,+20.1,+20.2,+20.0,+20.2
2023-07-29 22:10,1,+14.7,+7.9,+10.7,+6.4,+23.4,+20.3,+20.5,+20.8,+20.5,+20.1,+20.2,+19.8,+20.1
2023-07-29 23:10,1,+14.6,+7.9,+10.7,+6.3,+23.3,+20.3,+20.5,+20.8,+20.5,+20.2,+20.2,+20.0,+20.2
2023-07-30 00:10,1,+14.7,+7.9,+10.7,+6.4,+23.4,+20.3,+20.3,+20.7,+20.5,+20.1,+20.2,+20.0,+20.2
2023-07-30 01:10,1,+14.7,+7.9,+10.7,+6.3,+23.4,+20.3,+20.3,+20.7,+20.5,+20.1,+20.2,+20.0,+20.2
2023-07-30 02:10,1,+14.8,+7.9,+10.7,+6.3,+23.3,+20.3,+20.2,+20.7,+20.5,+20.1,+20.2,+20.0,+20.2
2023-07-30 03:10,1,+14.8,+7.9,+10.7,+6.4,+23.4,+20.3,+20.2,+20.7,+20.5,+20.2,+20.2,+20.0,+20.2
2023-07-30 04:10,1,+14.8,+7.9,+10.7,+6.4,+23.4,+20.3,+20.2,+20.6,+20.5,+20.2,+20.2,+20.1,+20.2
2023-07-30 05:10,1,+14.8,+7.9,+10.7,+6.3,+23.4,+20.3,+20.2,+20.6,+20.5,+20.2,+20.2,+20.0,+20.2
2023-07-30 06:10,1,+14.8,+7.9,+10.7,+6.4,+23.4,+20.3,+20.1,+20.6,+20.5,+20.2,+20.3,+20.1,+20.2
2023-07-30 07:10,1,+15.0,+7.9,+10.7,+6.4,+23.4,+20.3,+20.1,+20.6,+20.5,+20.2,+20.3,+20.1,+20.2
2023-07-30 08:10,1,+15.0,+7.8,+10.7,+6.3,+23.3,+20.3,+20.1,+20.6,+20.5,+20.2,+20.3,+20.1,+20.2
2023-07-30 09:10,1,+15.0,+7.8,+10.7,+6.3,+23.4,+20.3,+20.1,+20.6,+20.5,+20.2,+20.3,+20.1,+20.2
2023-07-30 10:10,1,+15.0,+7.8,+10.7,+6.3,+23.3,+20.3,+20.2,+20.6,+20.3,+20.2,+20.3,+20.1,+20.2
2023-07-30 11:10,1,+15.0,+7.8,+10.7,+6.4,+23.4,+20.3,+20.2,+20.6,+20.3,+20.2,+20.3,+20.1,+20.2
2023-07-30 12:10,1,+14.9,+7.8,+10.7,+6.3,+23.3,+20.3,+20.3,+20.6,+20.5,+20.2,+20.3,+20.1,+20.2
2023-07-30 13:10,1,+14.9,+7.8,+10.7,+6.4,+23.4,+20.3,+20.3,+20.6,+20.5,+20.2,+20.3,+20.1,+20.2
2023-07-30 14:10,1,+14.9,+7.8,+10.7,+6.4,+23.4,+20.3,+20.3,+20.6,+20.5,+20.2,+20.3,+20.1,+20.2
2023-07-30 15:10,1,+14.9,+7.8,+10.7,+6.3,+23.3,+20.3,+20.3,+20.6,+20.5,+20.2,+20.3,+20.1,+20.2
2023-07-30 16:10,1,+14.9,+7.8,+10.7,+6.4,+23.4,+20.3,+20.3,+20.6,+20.5,+20.2,+20.3,+20.1,+20.2
2023-07-30 17:10,1,+14.9,+7.8,+10.7,+6.4,+23.4,+20.3,+20.3,+20.6,+20.5,+20.2,+20.3,+20.1,+20.2
2023-07-30 18:10,1,+14.9,+7.8,+10.7,+6.3,+23.3,+20.3,+20.2,+20.6,+20.5,+20.2,+20.3,+20.1,+20.3
2023-07-30 19:10,1,+14.8,+7.8,+10.7,+6.4,+23.4,+20.3,+20.2,+20.6,+20.5,+20.2,+20.3,+20.1,+20.3
2023-07-30 20:10,1,+14.8,+7.8,+10.7,+6.4,+23.4,+20.3,+20.2,+20.6,+20.5,+20.2,+20.3,+20.1,+20.3
2023-07-30 21:10,1,+14.8,+7.9,+10.7,+6.4,+23.4,+20.3,+20.2,+20.6,+20.5,+20.2,+20.3,+20.1,+20.2
2023-07-30 22:10,1,+14.8,+7.9,+10.7,+6.3,+23.4,+20.3,+20.1,+20.6,+20.5,+20.2,+20.3,+20.2,+20.3
2023-07-30 23:10,1,+14.8,+8.0,+10.7,+6.3,+23.3,+20.3,+20.1,+20.6,+20.5,+20.2,+20.3,+20.1,+20.2
2023-07-31 00:10,1,+14.8,+8.0,+10.7,+6.4,+23.4,+20.3,+20.1,+20.6,+20.5,+20.3,+20.3,+20.1,+20.2
2023-07-31 01:10,1,+14.8,+8.0,+10.7,+6.4,+23.4,+20.3,+20.0,+20.6,+20.5,+20.2,+20.3,+20.1,+20.3
2023-07-31 02:10,1,+14.7,+8.0,+10.7,+6.4,+23.4,+20.3,+20.0,+20.5,+20.5,+20.3,+20.3,+20.1,+20.3
2023-07-31 03:10,1,+14.7,+8.0,+10.7,+6.3,+23.4,+20.3,+20.0,+20.5,+20.5,+20.2,+20.3,+20.1,+20.2
2023-07-31 04:10,1,+14.7,+8.0,+10.7,+6.4,+23.4,+20.3,+20.0,+20.5,+20.5,+20.2,+20.5,+20.1,+20.2
2023-07-31 05:10,1,+14.7,+8.0,+10.7,+6.4,+23.4,+20.3,+19.8,+20.5,+20.5,+20.2,+20.3,+20.1,+20.3
2023-07-31 06:10,1,+14.6,+8.0,+10.7,+6.4,+23.4,+20.3,+19.8,+20.5,+20.5,+20.3,+20.3,+20.1,+20.2
2023-07-31 07:10,1,+14.6,+8.0,+10.7,+6.3,+23.4,+20.3,+19.8,+20.3,+20.5,+20.2,+20.3,+20.1,+20.2
2023-07-31 08:10,1,+14.6,+8.0,+10.7,+6.3,+23.4,+20.3,+20.0,+20.5,+20.5,+20.3,+20.3,+20.2,+20.3
2023-07-31 09:10,1,+14.6,+8.0,+10.7,+6.3,+23.3,+20.3,+20.1,+20.5,+20.3,+20.2,+20.3,+20.2,+20.3
2023-07-31 10:10,1,+14.6,+7.9,+10.7,+6.3,+23.3,+20.3,+20.2,+20.5,+20.3,+20.2,+20.3,+20.1,+20.3
2023-07-31 11:10,1,+14.5,+7.9,+10.7,+6.3,+23.3,+20.3,+20.3,+20.5,+20.3,+20.2,+20.3,+20.2,+20.3
2023-07-31 12:10,1,+14.5,+7.9,+10.7,+6.4,+23.4,+20.3,+20.5,+20.5,+20.3,+20.2,+20.5,+20.2,+20.3
2023-07-31 13:10,1,+14.5,+7.9,+10.7,+6.4,+23.4,+20.3,+20.6,+20.6,+20.5,+20.2,+20.3,+20.2,+20.3
2023-07-31 14:10,1,+14.4,+7.9,+10.7,+6.4,+23.4,+20.3,+20.7,+20.6,+20.5,+20.2,+20.5,+20.1,+20.3
2023-07-31 15:10,1,+14.5,+7.9,+10.7,+6.4,+23.4,+20.3,+20.6,+20.7,+20.5,+20.2,+20.3,+20.2,+20.3
2023-07-31 16:10,1,+14.6,+7.9,+10.6,+6.4,+23.4,+20.3,+20.6,+20.7,+20.5,+20.2,+20.5,+20.2,+20.3
2023-07-31 17:10,1,+15.7,+7.9,+10.7,+6.4,+23.4,+20.3,+20.6,+20.7,+20.5,+20.2,+20.3,+20.2,+20.3
2023-07-31 18:10,1,+15.9,+8.0,+10.7,+6.3,+23.3,+20.3,+20.5,+20.8,+20.5,+20.3,+20.3,+20.1,+20.3
2023-07-31 19:10,1,+15.9,+8.0,+10.7,+6.4,+23.4,+20.3,+20.3,+20.7,+20.5,+20.2,+20.3,+20.2,+20.3
2023-07-31 20:10,1,+15.8,+8.0,+10.7,+6.3,+23.3,+20.3,+20.3,+20.7,+20.5,+20.2,+20.5,+20.1,+20.3
2023-07-31 21:10,1,+15.7,+8.0,+10.7,+6.4,+23.4,+20.3,+20.3,+20.7,+20.5,+20.3,+20.5,+20.2,+20.3
2023-07-31 22:10,1,+15.7,+8.0,+10.7,+6.4,+23.4,+20.3,+20.3,+20.7,+20.6,+20.3,+20.5,+20.2,+20.3
2023-07-31 23:10,1,+15.6,+8.0,+10.7,+6.4,+23.4,+20.3,+20.2,+20.7,+20.5,+20.3,+20.3,+20.2,+20.3
2023-08-01 00:10,1,+15.5,+8.0,+10.7,+6.4,+23.4,+20.3,+20.2,+20.6,+20.5,+20.3,+20.5,+20.2,+20.3
2023-08-01 01:10,1,+15.4,+8.0,+10.7,+6.3,+23.3,+20.3,+20.2,+20.6,+20.5,+20.2,+20.5,+20.2,+20.3
2023-08-01 02:10,1,+15.4,+8.0,+10.7,+6.3,+23.4,+20.3,+20.1,+20.6,+20.5,+20.3,+20.3,+20.2,+20.3
2023-08-01 03:10,1,+15.3,+8.0,+10.7,+6.3,+23.4,+20.3,+20.1,+20.6,+20.5,+20.3,+20.5,+20.2,+20.3
2023-08-01 04:10,1,+15.3,+8.0,+10.7,+6.4,+23.4,+20.3,+20.1,+20.6,+20.5,+20.2,+20.3,+20.2,+20.3
2023-08-01 05:10,1,+15.2,+8.0,+10.7,+6.3,+23.4,+20.3,+20.0,+20.6,+20.5,+20.3,+20.5,+20.2,+20.3
2023-08-01 06:10,1,+15.2,+8.0,+10.7,+6.5,+23.4,+20.3,+20.0,+20.6,+20.5,+20.2,+20.5,+20.2,+20.3
2023-08-01 07:10,1,+15.2,+8.0,+10.7,+6.5,+23.4,+20.3,+20.0,+20.5,+20.5,+20.3,+20.3,+20.2,+20.5
2023-08-01 08:10,1,+15.1,+8.0,+10.7,+6.3,+23.4,+20.3,+20.0,+20.5,+20.5,+20.3,+20.5,+20.2,+20.3
2023-08-01 09:10,1,+15.1,+8.0,+10.7,+6.5,+23.5,+20.3,+20.1,+20.5,+20.5,+20.3,+20.5,+20.2,+20.3
2023-08-01 10:10,1,+15.0,+8.0,+10.7,+6.3,+23.4,+20.3,+20.2,+20.5,+20.5,+20.3,+20.5,+20.2,+20.3
2023-08-01 11:10,1,+15.0,+8.0,+10.7,+6.3,+23.4,+20.3,+20.3,+20.5,+20.5,+20.3,+20.5,+20.2,+20.3
2023-08-01 12:10,1,+15.0,+8.0,+10.7,+6.3,+23.4,+20.3,+20.5,+20.6,+20.5,+20.2,+20.3,+20.2,+20.3
2023-08-01 13:10,1,+14.9,+8.0,+10.7,+6.3,+23.4,+20.3,+20.5,+20.6,+20.5,+20.3,+20.5,+20.2,+20.3
2023-08-01 14:10,1,+14.9,+8.0,+10.7,+6.3,+23.4,+20.3,+20.5,+20.6,+20.5,+20.3,+20.5,+20.2,+20.3
2023-08-01 15:10,1,+14.9,+8.0,+10.7,+6.5,+23.4,+20.3,+20.5,+20.7,+20.5,+20.3,+20.5,+20.2,+20.3
2023-08-01 16:10,1,+14.9,+8.0,+10.7,+6.3,+23.4,+20.3,+20.6,+20.7,+20.5,+20.3,+20.5,+20.2,+20.3
2023-08-01 17:10,1,+14.8,+8.0,+10.7,+6.5,+23.4,+20.3,+20.6,+20.7,+20.5,+20.2,+20.5,+20.2,+20.3
2023-08-01 18:10,1,+14.8,+8.0,+10.7,+6.5,+23.4,+20.3,+20.5,+20.7,+20.5,+20.3,+20.5,+20.2,+20.3
2023-08-01 19:10,1,+14.8,+8.0,+10.7,+6.5,+23.4,+20.3,+20.5,+20.7,+20.5,+20.3,+20.5,+20.2,+20.3
2023-08-01 20:10,1,+14.8,+8.0,+10.7,+6.5,+23.4,+20.3,+20.5,+20.8,+20.5,+20.3,+20.5,+20.2,+20.3
2023-08-01 21:10,1,+14.8,+8.0,+10.7,+6.5,+23.5,+20.3,+20.3,+20.7,+20.5,+20.2,+20.3,+20.2,+20.3
2023-08-01 22:10,1,+14.8,+8.0,+10.7,+6.5,+23.4,+20.3,+20.2,+20.7,+20.6,+20.2,+20.5,+20.2,+20.3
2023-08-01 23:10,1,+14.8,+8.0,+10.7,+6.5,+23.4,+20.3,+20.1,+20.6,+20.6,+20.3,+20.3,+20.2,+20.3
2023-08-02 00:10,1,+14.8,+8.0,+10.7,+6.3,+23.4,+20.3,+20.0,+20.6,+20.6,+20.3,+20.5,+20.2,+20.3
2023-08-02 01:10,1,+14.8,+8.0,+10.7,+6.3,+23.4,+20.3,+19.8,+20.6,+20.6,+20.3,+20.6,+20.2,+20.3
2023-08-02 02:10,1,+14.8,+8.0,+10.7,+6.5,+23.4,+20.3,+19.8,+20.5,+20.6,+20.3,+20.5,+20.2,+20.3
2023-08-02 03:10,1,+14.8,+8.0,+10.7,+6.5,+23.4,+20.3,+19.8,+20.5,+20.5,+20.3,+20.5,+20.2,+20.3
2023-08-02 04:10,1,+14.8,+8.0,+10.7,+6.3,+23.4,+20.3,+19.7,+20.5,+20.5,+20.3,+20.5,+20.2,+20.3
2023-08-02 05:10,1,+14.7,+8.0,+10.7,+6.4,+23.4,+20.3,+19.7,+20.3,+20.5,+20.3,+20.5,+20.2,+20.3
2023-08-02 06:10,1,+14.7,+8.0,+10.7,+6.3,+23.4,+20.3,+19.7,+20.3,+20.5,+20.3,+20.5,+20.2,+20.5
2023-08-02 07:10,1,+14.7,+8.0,+10.7,+6.5,+23.4,+20.3,+19.7,+20.3,+20.5,+20.3,+20.5,+20.2,+20.3
2023-08-02 08:10,1,+14.6,+7.9,+10.7,+6.3,+23.4,+20.3,+19.8,+20.2,+20.5,+20.3,+20.5,+20.2,+20.3
2023-08-02 09:10,1,+14.6,+8.0,+10.7,+6.3,+23.4,+20.3,+20.0,+20.3,+20.3,+20.3,+20.5,+20.2,+20.5
2023-08-02 10:10,1,+14.6,+7.9,+10.7,+6.5,+23.4,+20.3,+20.1,+20.3,+20.5,+20.3,+20.5,+20.2,+20.5
2023-08-02 11:10,1,+14.7,+7.9,+10.7,+6.5,+23.4,+20.3,+20.2,+20.3,+20.3,+20.2,+20.5,+20.2,+20.5
2023-08-02 12:10,1,+14.7,+7.9,+10.7,+6.5,+23.4,+20.3,+20.3,+20.3,+20.3,+20.3,+20.5,+20.2,+20.3
2023-08-02 13:10,1,+14.6,+7.9,+10.7,+6.4,+23.4,+20.3,+20.5,+20.5,+20.3,+20.3,+20.5,+20.2,+20.5
2023-08-02 14:10,1,+14.6,+7.9,+10.7,+6.3,+23.4,+20.3,+20.6,+20.6,+20.3,+20.3,+20.5,+20.2,+20.5
2023-08-02 15:10,1,+14.6,+7.9,+10.7,+6.4,+23.4,+20.3,+20.6,+20.6,+20.3,+20.3,+20.5,+20.2,+20.5
2023-08-02 16:10,1,+14.5,+7.9,+10.7,+6.3,+23.3,+20.3,+20.6,+20.6,+20.5,+20.2,+20.5,+20.2,+20.3
2023-08-02 17:10,1,+14.5,+7.9,+10.7,+6.3,+23.3,+20.3,+20.6,+20.7,+20.5,+20.2,+20.5,+20.2,+20.5
2023-08-02 18:10,1,+14.4,+7.9,+10.7,+6.4,+23.4,+20.3,+20.5,+20.7,+20.5,+20.2,+20.5,+20.2,+20.5
2023-08-02 19:10,1,+14.4,+7.9,+10.6,+6.3,+23.3,+20.3,+20.3,+20.7,+20.5,+20.3,+20.5,+20.2,+20.5
2023-08-02 20:10,1,+14.4,+7.9,+10.6,+6.4,+23.4,+20.3,+20.3,+20.7,+20.5,+20.2,+20.5,+20.2,+20.5
2023-08-02 21:10,1,+14.4,+7.9,+10.7,+6.3,+23.3,+20.3,+20.2,+20.7,+20.5,+20.3,+20.5,+20.2,+20.3
2023-08-02 22:10,1,+14.4,+7.9,+10.7,+6.3,+23.3,+20.3,+20.1,+20.7,+20.5,+20.3,+20.5,+20.2,+20.5
2023-08-02 23:10,1,+14.4,+7.9,+10.6,+6.3,+23.3,+20.2,+20.1,+20.6,+20.5,+20.3,+20.5,+20.2,+20.5
2023-08-03 00:10,1,+14.3,+7.9,+10.6,+6.3,+23.3,+20.2,+20.0,+20.6,+20.5,+20.3,+20.5,+20.2,+20.5
2023-08-03 01:10,1,+14.3,+7.9,+10.6,+6.4,+23.4,+20.3,+20.0,+20.6,+20.5,+20.3,+20.5,+20.2,+20.5
2023-08-03 02:10,1,+14.3,+7.9,+10.6,+6.4,+23.4,+20.3,+20.0,+20.6,+20.5,+20.3,+20.5,+20.2,+20.5
2023-08-03 03:10,1,+14.3,+7.9,+10.6,+6.3,+23.3,+20.2,+19.8,+20.5,+20.5,+20.3,+20.5,+20.2,+20.5
2023-08-03 04:10,1,+14.2,+7.9,+10.6,+6.3,+23.3,+20.2,+19.8,+20.5,+20.5,+20.3,+20.5,+20.2,+20.5
2023-08-03 05:10,1,+14.2,+7.9,+10.6,+6.3,+23.3,+20.2,+19.7,+20.5,+20.5,+20.3,+20.5,+20.2,+20.5
2023-08-03 06:10,1,+14.2,+7.9,+10.6,+6.4,+23.4,+20.3,+19.7,+20.3,+20.5,+20.3,+20.6,+20.2,+20.5
2023-08-03 07:10,1,+14.1,+7.8,+10.6,+6.4,+23.4,+20.3,+19.7,+20.3,+20.5,+20.3,+20.5,+20.2,+20.5
2023-08-03 08:10,1,+14.1,+7.8,+10.6,+6.3,+23.3,+20.2,+19.7,+20.3,+20.5,+20.3,+20.5,+20.2,+20.5
2023-08-03 09:10,1,+14.1,+7.8,+10.6,+6.3,+23.3,+20.2,+19.7,+20.3,+20.3,+20.3,+20.5,+20.2,+20.5
2023-08-03 10:10,1,+14.1,+7.8,+10.6,+6.3,+23.3,+20.2,+19.8,+20.2,+20.3,+20.3,+20.5,+20.2,+20.5
2023-08-03 11:10,1,+14.1,+7.8,+10.6,+6.4,+23.4,+20.2,+19.8,+20.2,+20.3,+20.3,+20.5,+20.2,+20.5
2023-08-03 12:10,1,+14.1,+7.8,+10.6,+6.3,+23.3,+20.2,+19.8,+20.2,+20.3,+20.3,+20.5,+20.2,+20.5
2023-08-03 13:10,1,+14.1,+7.8,+10.6,+6.3,+23.3,+20.2,+20.0,+20.3,+20.3,+20.3,+20.5,+20.2,+20.5
2023-08-03 14:10,1,+14.0,+7.8,+10.6,+6.3,+23.3,+20.2,+20.1,+20.3,+20.3,+20.3,+20.5,+20.3,+20.3
2023-08-03 15:10,1,+14.0,+7.8,+10.6,+6.3,+23.3,+20.2,+20.2,+20.3,+20.3,+20.2,+20.5,+20.2,+20.5
2023-08-03 16:10,1,+14.0,+7.8,+10.6,+6.4,+23.3,+20.2,+20.2,+20.5,+20.3,+20.3,+20.5,+20.2,+20.5
2023-08-03 17:10,1,+14.0,+7.8,+10.6,+6.3,+23.3,+20.2,+20.3,+20.5,+20.3,+20.2,+20.5,+20.2,+20.5
2023-08-03 18:10,1,+14.0,+7.8,+10.6,+6.4,+23.3,+20.2,+20.3,+20.5,+20.3,+20.2,+20.5,+20.2,+20.5
2023-08-03 19:10,1,+14.0,+7.8,+10.6,+6.4,+23.3,+20.2,+20.3,+20.6,+20.3,+20.2,+20.5,+20.2,+20.5
2023-08-03 20:10,1,+14.0,+7.8,+10.6,+6.3,+23.3,+20.2,+20.3,+20.6,+20.3,+20.2,+20.5,+20.2,+20.5
2023-08-03 21:10,1,+14.0,+7.8,+10.6,+6.3,+23.3,+20.2,+20.2,+20.6,+20.3,+20.2,+20.5,+20.2,+20.5
2023-08-03 22:10,1,+14.0,+7.8,+10.6,+6.3,+23.3,+20.2,+20.2,+20.6,+20.5,+20.2,+20.5,+20.2,+20.5
2023-08-03 23:10,1,+14.0,+7.8,+10.6,+6.4,+23.3,+20.2,+20.1,+20.5,+20.3,+20.2,+20.5,+20.2,+20.5
2023-08-04 00:10,1,+13.9,+7.8,+10.6,+6.3,+23.3,+20.2,+20.1,+20.6,+20.3,+20.3,+20.5,+20.2,+20.5
2023-08-04 01:10,1,+13.9,+7.8,+10.6,+6.3,+23.3,+20.2,+20.0,+20.5,+20.5,+20.2,+20.5,+20.2,+20.5
2023-08-04 02:10,1,+13.9,+7.8,+10.6,+6.3,+23.3,+20.2,+20.0,+20.5,+20.5,+20.2,+20.5,+20.2,+20.5
2023-08-04 03:10,1,+13.9,+7.8,+10.6,+6.4,+23.3,+20.2,+20.0,+20.5,+20.5,+20.3,+20.5,+20.2,+20.5
2023-08-04 04:10,1,+13.9,+7.8,+10.6,+6.4,+23.3,+20.2,+19.8,+20.5,+20.5,+20.3,+20.5,+20.2,+20.5
2023-08-04 05:10,1,+13.9,+7.8,+10.6,+6.4,+23.3,+20.2,+19.8,+20.5,+20.5,+20.3,+20.5,+20.2,+20.5
2023-08-04 06:10,1,+13.8,+7.8,+10.6,+6.4,+23.3,+20.2,+19.8,+20.5,+20.5,+20.2,+20.5,+20.2,+20.5
2023-08-04 07:10,1,+13.9,+7.8,+10.6,+6.4,+23.3,+20.2,+19.8,+20.3,+20.3,+20.3,+20.5,+20.2,+20.5
2023-08-04 08:10,1,+13.8,+7.8,+10.6,+6.4,+23.3,+20.2,+19.8,+20.3,+20.3,+20.3,+20.5,+20.2,+20.5
2023-08-04 09:10,1,+13.8,+7.8,+10.5,+6.3,+23.3,+20.2,+19.8,+20.3,+20.3,+20.2,+20.5,+20.2,+20.5
2023-08-04 10:10,1,+13.8,+7.8,+10.5,+6.3,+23.3,+20.2,+19.8,+20.3,+20.3,+20.3,+20.5,+20.2,+20.5
2023-08-04 11:10,1,+13.8,+7.8,+10.6,+6.3,+23.3,+20.2,+20.0,+20.3,+20.3,+20.2,+20.5,+20.2,+20.5
2023-08-04 12:10,1,+13.8,+7.8,+10.6,+6.3,+23.2,+20.2,+20.1,+20.3,+20.3,+20.2,+20.5,+20.2,+20.5
2023-08-04 13:10,1,+13.7,+7.8,+10.5,+6.3,+23.2,+20.1,+20.2,+20.5,+20.3,+20.2,+20.5,+20.2,+20.5
2023-08-04 14:10,1,+13.7,+7.7,+10.5,+6.4,+23.3,+20.2,+20.3,+20.5,+20.3,+20.3,+20.5,+20.2,+20.5
2023-08-04 15:10,1,+13.6,+7.7,+10.5,+6.3,+23.2,+20.1,+20.5,+20.5,+20.3,+20.2,+20.5,+20.2,+20.5
2023-08-04 16:10,1,+13.6,+7.7,+10.5,+6.4,+23.3,+20.1,+20.6,+20.6,+20.3,+20.3,+20.5,+20.2,+20.5
2023-08-04 17:10,1,+13.5,+7.7,+10.5,+6.4,+23.3,+20.2,+20.6,+20.6,+20.3,+20.3,+20.5,+20.2,+20.5
2023-08-04 18:10,1,+13.4,+7.7,+10.5,+6.3,+23.2,+20.1,+20.6,+20.6,+20.3,+20.2,+20.5,+20.2,+20.5
2023-08-04 19:10,1,+13.3,+7.7,+10.5,+6.3,+23.2,+20.1,+20.5,+20.7,+20.5,+20.2,+20.5,+20.2,+20.5
2023-08-04 20:10,1,+13.3,+7.7,+10.5,+6.3,+23.2,+20.1,+20.3,+20.7,+20.5,+20.3,+20.5,+20.2,+20.5
2023-08-04 21:10,1,+13.3,+7.7,+10.5,+6.4,+23.3,+20.1,+20.3,+20.6,+20.5,+20.2,+20.5,+20.2,+20.5
2023-08-04 22:10,1,+13.3,+7.7,+10.5,+6.3,+23.2,+20.1,+20.2,+20.7,+20.5,+20.2,+20.5,+20.2,+20.5
2023-08-04 23:10,1,+13.3,+7.7,+10.5,+6.3,+23.2,+20.1,+20.1,+20.6,+20.5,+20.3,+20.5,+20.2,+20.5
2023-08-05 00:10,1,+20.9,+8.7,+10.5,+6.3,+23.2,+20.2,+19.8,+20.5,+20.5,+20.2,+20.5,+20.2,+20.3
2023-08-05 01:10,1,+17.0,+9.0,+10.7,+6.3,+23.2,+20.1,+20.0,+20.5,+20.5,+20.3,+20.5,+20.3,+20.5
2023-08-05 02:10,1,+16.6,+8.9,+10.7,+6.3,+23.2,+20.1,+20.0,+20.6,+20.5,+20.3,+20.5,+20.2,+20.5
2023-08-05 03:10,1,+16.3,+8.8,+10.8,+6.4,+23.3,+20.1,+19.8,+20.5,+20.5,+20.3,+20.5,+20.2,+20.5
2023-08-05 04:10,1,+16.0,+8.8,+10.7,+6.4,+23.3,+20.2,+19.8,+20.5,+20.5,+20.3,+20.5,+20.2,+20.5
2023-08-05 05:10,1,+15.9,+8.7,+10.8,+6.4,+23.3,+20.2,+19.8,+20.5,+20.5,+20.3,+20.5,+20.2,+20.5
2023-08-05 06:10,1,+15.9,+8.7,+10.8,+6.5,+23.3,+20.2,+19.7,+20.3,+20.5,+20.3,+20.5,+20.2,+20.5
2023-08-05 07:10,1,+16.0,+8.7,+10.8,+6.4,+23.3,+20.1,+19.7,+20.3,+20.5,+20.3,+20.5,+20.2,+20.5
2023-08-05 08:10,1,+16.5,+8.7,+10.8,+6.5,+23.4,+20.2,+19.7,+20.3,+20.3,+20.3,+20.5,+20.2,+20.5
2023-08-05 09:10,1,+16.5,+8.7,+10.8,+6.5,+23.4,+20.2,+19.6,+20.3,+20.3,+20.3,+20.5,+20.2,+20.5
2023-08-05 10:10,1,+16.3,+8.7,+10.9,+6.4,+23.3,+20.1,+19.8,+20.3,+20.3,+20.3,+20.5,+20.2,+20.5
2023-08-05 11:10,1,+16.1,+8.7,+10.9,+6.5,+23.4,+20.2,+19.8,+20.2,+20.3,+20.3,+20.5,+20.2,+20.5
2023-08-05 12:10,1,+15.9,+8.7,+10.9,+6.6,+23.4,+20.2,+20.0,+20.3,+20.3,+20.3,+20.5,+20.2,+20.5
2023-08-05 13:10,1,+15.8,+8.7,+10.9,+6.6,+23.4,+20.2,+20.1,+20.3,+20.3,+20.3,+20.5,+20.3,+20.5
2023-08-05 14:10,1,+15.6,+8.7,+10.9,+6.5,+23.4,+20.2,+20.2,+20.3,+20.3,+20.3,+20.5,+20.2,+20.5
2023-08-05 15:10,1,+15.5,+8.6,+10.9,+6.5,+23.4,+20.2,+20.2,+20.3,+20.3,+20.2,+20.5,+20.2,+20.5
2023-08-05 16:10,1,+15.4,+8.6,+10.9,+6.6,+23.5,+20.2,+20.2,+20.3,+20.3,+20.2,+20.5,+20.3,+20.5
2023-08-05 17:10,1,+15.3,+8.6,+10.9,+6.5,+23.5,+20.2,+20.2,+20.5,+20.3,+20.3,+20.5,+20.2,+20.5
2023-08-05 18:10,1,+15.3,+8.6,+10.9,+6.6,+23.5,+20.2,+20.1,+20.5,+20.3,+20.3,+20.5,+20.2,+20.5
2023-08-05 19:10,1,+15.2,+8.6,+10.9,+6.5,+23.5,+20.2,+20.1,+20.5,+20.3,+20.2,+20.5,+20.2,+20.3
2023-08-05 20:10,1,+15.2,+8.6,+10.9,+6.5,+23.5,+20.2,+20.1,+20.5,+20.5,+20.2,+20.5,+20.2,+20.5
2023-08-05 21:10,1,+15.1,+8.6,+10.9,+6.5,+23.5,+20.2,+20.0,+20.5,+20.3,+20.2,+20.5,+20.2,+20.5
2023-08-05 22:10,1,+15.1,+8.5,+10.9,+6.5,+23.5,+20.2,+20.0,+20.5,+20.3,+20.2,+20.5,+20.2,+20.5
2023-08-05 23:10,1,+15.0,+8.5,+10.9,+6.6,+23.5,+20.3,+19.8,+20.5,+20.3,+20.2,+20.5,+20.2,+20.5
2023-08-06 00:10,1,+15.0,+8.5,+10.9,+6.6,+23.6,+20.3,+19.8,+20.5,+20.3,+20.3,+20.5,+20.2,+20.5
2023-08-06 01:10,1,+15.0,+8.5,+10.9,+6.6,+23.6,+20.3,+19.7,+20.3,+20.3,+20.2,+20.5,+20.2,+20.5
2023-08-06 02:10,1,+15.3,+8.5,+10.9,+6.5,+23.5,+20.3,+19.7,+20.3,+20.3,+20.2,+20.5,+20.2,+20.5
2023-08-06 03:10,1,+15.8,+8.5,+10.9,+6.5,+23.5,+20.3,+19.7,+20.3,+20.3,+20.2,+20.5,+20.2,+20.5
2023-08-06 04:10,1,+17.4,+8.5,+10.9,+6.7,+23.6,+20.3,+19.7,+20.3,+20.3,+20.2,+20.5,+20.2,+20.5
2023-08-06 05:10,1,+17.1,+8.7,+10.9,+6.5,+23.6,+20.3,+19.6,+20.2,+20.3,+20.3,+20.5,+20.2,+20.5
2023-08-06 06:10,1,+16.8,+8.7,+10.9,+6.7,+23.6,+20.3,+19.6,+20.2,+20.3,+20.3,+20.5,+20.2,+20.5
2023-08-06 07:10,1,+16.6,+8.8,+11.0,+6.5,+23.6,+20.3,+19.6,+20.2,+20.2,+20.2,+20.5,+20.2,+20.5
2023-08-06 08:10,1,+16.5,+8.8,+11.0,+6.6,+23.6,+20.3,+19.6,+20.1,+20.3,+20.2,+20.5,+20.2,+20.5
2023-08-06 09:10,1,+16.4,+8.8,+11.0,+6.6,+23.6,+20.3,+19.6,+20.1,+20.3,+20.2,+20.5,+20.2,+20.5
2023-08-06 10:10,1,+16.4,+8.8,+11.0,+6.6,+23.6,+20.3,+19.6,+20.1,+20.2,+20.2,+20.5,+20.2,+20.5
2023-08-06 11:10,1,+16.3,+8.8,+11.0,+6.6,+23.6,+20.3,+19.6,+20.2,+20.2,+20.2,+20.5,+20.2,+20.5
2023-08-06 12:10,1,+16.1,+8.8,+11.0,+6.6,+23.6,+20.3,+19.7,+20.2,+20.2,+20.2,+20.5,+20.2,+20.5
2023-08-06 13:10,1,+15.9,+8.8,+11.0,+6.6,+23.6,+20.3,+19.8,+20.1,+20.2,+20.2,+20.5,+20.2,+20.5
2023-08-06 14:10,1,+15.8,+8.7,+11.0,+6.6,+23.6,+20.3,+19.8,+20.1,+20.2,+20.2,+20.5,+20.2,+20.5
2023-08-06 15:10,1,+15.8,+8.7,+11.0,+6.6,+23.6,+20.3,+19.8,+20.2,+20.2,+20.2,+20.5,+20.2,+20.5
2023-08-06 16:10,1,+15.7,+8.7,+11.0,+6.6,+23.6,+20.3,+20.0,+20.2,+20.2,+20.2,+20.5,+20.2,+20.5
2023-08-06 17:10,1,+15.6,+8.7,+11.0,+6.7,+23.7,+20.4,+20.0,+20.2,+20.2,+20.2,+20.5,+20.2,+20.5
2023-08-06 18:10,1,+15.6,+8.7,+11.0,+6.6,+23.7,+20.4,+20.0,+20.2,+20.3,+20.2,+20.5,+20.2,+20.5
2023-08-06 19:10,1,+15.5,+8.7,+11.0,+6.7,+23.7,+20.4,+19.8,+20.3,+20.2,+20.2,+20.5,+20.2,+20.5
2023-08-06 20:10,1,+15.4,+8.7,+11.0,+6.6,+23.7,+20.4,+19.8,+20.3,+20.2,+20.2,+20.5,+20.2,+20.5
2023-08-06 21:10,1,+15.4,+8.7,+11.0,+6.7,+23.7,+20.4,+19.6,+20.2,+20.2,+20.2,+20.5,+20.2,+20.5
2023-08-06 22:10,1,+15.3,+8.7,+11.0,+6.7,+23.7,+20.4,+19.6,+20.2,+20.2,+20.2,+20.5,+20.2,+20.5
2023-08-06 23:10,1,+15.3,+8.7,+11.0,+6.7,+23.7,+20.4,+19.6,+20.2,+20.3,+20.2,+20.5,+20.2,+20.5
2023-08-07 00:10,1,+15.3,+8.7,+11.0,+6.8,+23.7,+20.4,+19.5,+20.1,+20.2,+20.1,+20.5,+20.2,+20.5
2023-08-07 01:10,1,+15.4,+8.6,+11.0,+6.8,+23.8,+20.4,+19.6,+20.2,+20.2,+20.2,+20.5,+20.2,+20.5
2023-08-07 02:10,1,+15.4,+8.6,+11.0,+6.7,+23.7,+20.4,+19.5,+20.1,+20.2,+20.2,+20.3,+20.2,+20.5
2023-08-07 03:10,1,+15.5,+8.6,+11.0,+6.7,+23.7,+20.4,+19.5,+20.1,+20.2,+20.2,+20.5,+20.2,+20.5
2023-08-07 04:10,1,+15.4,+8.6,+11.0,+6.7,+23.7,+20.4,+19.5,+20.1,+20.2,+20.2,+20.3,+20.2,+20.5
2023-08-07 05:10,1,+15.3,+8.6,+11.0,+6.7,+23.7,+20.4,+19.5,+20.1,+20.2,+20.2,+20.3,+20.2,+20.5
2023-08-07 06:10,1,+15.3,+8.6,+11.0,+6.7,+23.7,+20.4,+19.5,+20.1,+20.2,+20.1,+20.3,+20.2,+20.5
2023-08-07 07:10,1,+15.2,+8.6,+11.0,+6.7,+23.7,+20.4,+19.5,+20.1,+20.2,+20.1,+20.5,+20.2,+20.3
2023-08-07 08:10,1,+15.4,+8.6,+11.0,+6.8,+23.8,+20.4,+19.6,+20.1,+20.2,+20.2,+20.5,+20.2,+20.5
2023-08-07 09:10,1,+15.3,+8.6,+11.0,+6.8,+23.8,+20.4,+19.5,+20.1,+20.2,+20.2,+20.3,+20.2,+20.5
2023-08-07 10:10,1,+15.4,+8.6,+11.0,+6.8,+23.8,+20.4,+19.6,+20.0,+20.1,+20.2,+20.5,+20.2,+20.5
2023-08-07 11:10,1,+19.2,+8.7,+11.0,+6.8,+23.8,+20.5,+19.6,+20.1,+20.2,+20.2,+20.3,+20.2,+20.5
2023-08-07 12:10,1,+19.5,+9.9,+11.3,+6.7,+23.7,+20.4,+19.5,+20.0,+20.1,+20.2,+20.3,+20.2,+20.5
2023-08-07 13:10,1,+18.2,+9.9,+11.5,+6.9,+23.8,+20.5,+19.5,+20.0,+20.1,+20.2,+20.3,+20.2,+20.5
2023-08-07 14:10,1,+17.7,+9.8,+11.6,+7.0,+23.9,+20.5,+19.5,+20.0,+20.1,+20.1,+20.5,+20.2,+20.5
2023-08-07 15:10,1,+17.4,+9.7,+11.6,+6.9,+23.9,+20.5,+19.5,+20.0,+20.1,+20.1,+20.3,+20.2,+20.5
2023-08-07 16:10,1,+17.2,+9.6,+11.6,+7.0,+24.1,+20.5,+19.5,+20.0,+20.1,+20.1,+20.3,+20.1,+20.5
2023-08-07 17:10,1,+17.0,+9.5,+11.6,+7.1,+24.2,+20.6,+19.3,+20.0,+20.1,+20.1,+20.3,+20.2,+20.5
2023-08-07 18:10,1,+16.9,+9.5,+11.6,+7.1,+24.2,+20.7,+19.3,+20.0,+20.1,+20.1,+20.3,+20.1,+20.5
2023-08-07 19:10,1,+16.8,+9.4,+11.6,+7.1,+24.2,+20.7,+19.2,+20.0,+20.1,+20.1,+20.3,+20.2,+20.5
2023-08-07 20:10,1,+16.6,+9.4,+11.5,+7.1,+24.2,+20.7,+19.1,+19.8,+20.1,+20.1,+20.3,+20.2,+20.5
2023-08-07 21:10,1,+16.5,+9.3,+11.5,+7.0,+24.2,+20.7,+19.0,+19.8,+20.1,+20.1,+20.3,+20.1,+20.5
2023-08-07 22:10,1,+16.4,+9.3,+11.5,+7.1,+24.2,+20.7,+18.8,+19.7,+20.0,+20.1,+20.3,+20.2,+20.5
2023-08-07 23:10,1,+16.4,+9.3,+11.5,+7.1,+24.2,+20.8,+18.8,+19.7,+20.1,+20.1,+20.3,+20.1,+20.5
2023-08-08 00:10,1,+16.3,+9.3,+11.5,+7.1,+24.2,+20.8,+18.7,+19.7,+20.0,+20.1,+20.3,+20.2,+20.5
2023-08-08 01:10,1,+16.2,+9.2,+11.5,+7.1,+24.2,+20.8,+18.7,+19.7,+20.0,+20.1,+20.2,+20.2,+20.5
2023-08-08 02:10,1,+16.2,+9.2,+11.4,+7.1,+24.2,+20.8,+18.6,+19.6,+20.0,+20.1,+20.3,+20.1,+20.5
2023-08-08 03:10,1,+16.1,+9.1,+11.4,+7.1,+24.2,+20.8,+18.6,+19.6,+20.0,+20.0,+20.3,+20.1,+20.5
2023-08-08 04:10,1,+16.1,+9.1,+11.4,+6.9,+24.1,+20.8,+18.6,+19.5,+20.0,+20.1,+20.3,+20.1,+20.5
2023-08-08 05:10,1,+16.0,+9.1,+11.4,+7.1,+24.2,+20.8,+18.6,+19.5,+20.0,+20.0,+20.2,+20.1,+20.3
2023-08-08 06:10,1,+16.0,+9.1,+11.4,+7.0,+24.2,+20.8,+18.7,+19.5,+19.8,+20.0,+20.3,+20.1,+20.5
2023-08-08 07:10,1,+15.9,+9.1,+11.4,+7.1,+24.2,+20.8,+18.6,+19.5,+19.8,+20.0,+20.3,+20.1,+20.3
2023-08-08 08:10,1,+15.9,+9.1,+11.4,+6.9,+24.1,+20.8,+18.7,+19.5,+19.8,+20.0,+20.3,+20.1,+20.3
2023-08-08 09:10,1,+15.9,+9.1,+11.4,+7.0,+24.1,+20.8,+19.0,+19.5,+19.8,+20.0,+20.3,+20.1,+20.5
2023-08-08 10:10,1,+15.8,+9.1,+11.4,+7.0,+24.1,+20.8,+19.1,+19.5,+19.7,+20.0,+20.3,+20.1,+20.3
2023-08-08 10:22,1,+15.8,+9.1,+11.4,+7.0,+24.1,+20.8,+19.2,+19.5,+19.8,+20.0,+20.3,+20.1,+20.3
2023-08-08 11:22,1,+15.8,+9.1,+11.3,+6.9,+24.1,+20.8,+19.3,+19.6,+19.8,+20.0,+20.2,+20.1,+20.5
2023-08-08 12:22,1,+15.7,+9.0,+11.3,+6.9,+24.1,+20.7,+19.5,+19.6,+19.7,+20.0,+20.2,+20.1,+20.3
2023-08-08 13:22,1,+15.7,+9.0,+11.3,+7.0,+24.1,+20.8,+19.6,+19.7,+19.7,+20.0,+20.2,+20.1,+20.5
2023-08-08 14:22,1,+17.2,+9.1,+11.3,+6.9,+24.1,+20.8,+19.5,+19.7,+19.8,+20.0,+20.3,+20.1,+20.3
2023-08-08 15:22,1,+18.4,+9.4,+11.4,+7.0,+24.1,+20.8,+19.3,+19.7,+19.8,+20.0,+20.2,+20.1,+20.3
2023-08-08 16:22,1,+18.0,+9.6,+11.4,+7.0,+24.1,+20.8,+19.1,+19.7,+19.8,+19.8,+20.2,+20.0,+20.5
2023-08-08 17:22,1,+17.7,+9.7,+11.5,+6.9,+24.1,+20.8,+19.0,+19.7,+19.8,+19.8,+20.2,+20.1,+20.3
2023-08-08 18:22,1,+17.4,+9.7,+11.5,+6.9,+24.1,+20.8,+18.8,+19.7,+19.8,+19.8,+20.2,+20.1,+20.3
2023-08-08 19:22,1,+17.2,+9.6,+11.5,+7.0,+24.1,+20.8,+18.7,+19.6,+19.8,+19.8,+20.2,+20.1,+20.3
2023-08-08 20:22,1,+17.0,+9.6,+11.6,+7.0,+24.1,+20.8,+18.7,+19.6,+19.8,+19.8,+20.2,+20.0,+20.3
2023-08-08 21:22,1,+17.0,+9.6,+11.6,+7.1,+24.2,+20.8,+18.7,+19.6,+19.8,+19.8,+20.2,+20.0,+20.3
2023-08-08 22:22,1,+16.9,+9.7,+11.6,+7.0,+24.2,+20.8,+18.6,+19.5,+19.7,+20.0,+20.2,+20.1,+20.3
2023-08-08 23:22,1,+16.8,+9.6,+11.6,+7.1,+24.2,+20.9,+18.6,+19.5,+19.7,+19.8,+20.2,+20.0,+20.3
2023-08-09 00:22,1,+16.7,+9.6,+11.6,+7.1,+24.2,+20.9,+18.5,+19.5,+19.7,+19.8,+20.2,+20.1,+20.3
2023-08-09 01:22,1,+16.6,+9.6,+11.6,+7.1,+24.2,+20.9,+18.5,+19.3,+19.7,+19.8,+20.2,+20.0,+20.3
2023-08-09 02:22,1,+16.6,+9.5,+11.5,+7.1,+24.2,+20.9,+18.3,+19.3,+19.7,+19.8,+20.2,+20.0,+20.3
2023-08-09 03:22,1,+16.6,+9.5,+11.5,+7.1,+24.2,+20.9,+18.3,+19.3,+19.7,+19.8,+20.2,+20.0,+20.3
2023-08-09 04:22,1,+16.6,+9.5,+11.5,+7.1,+24.2,+20.9,+18.3,+19.2,+19.6,+19.8,+20.2,+20.1,+20.3
2023-08-09 05:22,1,+16.6,+9.5,+11.5,+7.0,+24.2,+20.9,+18.3,+19.2,+19.7,+19.8,+20.2,+20.0,+20.3
2023-08-09 06:22,1,+16.5,+9.5,+11.5,+7.1,+24.2,+20.9,+18.3,+19.2,+19.7,+19.8,+20.2,+20.0,+20.3
2023-08-09 07:22,1,+16.5,+9.5,+11.5,+7.0,+24.2,+20.9,+18.5,+19.2,+19.6,+19.8,+20.2,+20.0,+20.3
2023-08-09 08:22,1,+16.4,+9.5,+11.5,+7.1,+24.2,+20.9,+18.6,+19.2,+19.6,+19.8,+20.1,+20.0,+20.3
2023-08-09 09:22,1,+16.4,+9.4,+11.5,+7.0,+24.2,+20.9,+18.7,+19.2,+19.6,+19.7,+20.2,+20.0,+20.3
2023-08-09 10:22,1,+16.4,+9.4,+11.5,+7.1,+24.2,+20.9,+19.0,+19.3,+19.6,+19.8,+20.1,+20.0,+20.3
2023-08-09 11:22,1,+16.3,+9.4,+11.5,+6.9,+24.1,+20.9,+19.2,+19.3,+19.6,+19.7,+20.1,+20.0,+20.3
2023-08-09 12:22,1,+16.3,+9.4,+11.5,+6.9,+24.1,+20.9,+19.5,+19.5,+19.6,+19.7,+20.1,+20.0,+20.3
2023-08-09 13:22,1,+16.2,+9.4,+11.5,+7.0,+24.2,+20.9,+19.6,+19.6,+19.6,+19.7,+20.1,+20.0,+20.3
2023-08-09 14:22,1,+16.2,+9.4,+11.4,+6.9,+24.1,+20.9,+19.8,+19.7,+19.6,+19.7,+20.1,+20.0,+20.3
2023-08-09 15:22,1,+16.2,+9.4,+11.4,+6.9,+24.1,+20.8,+19.8,+19.7,+19.6,+19.7,+20.1,+20.0,+20.2
2023-08-09 16:22,1,+16.1,+9.3,+11.4,+7.0,+24.1,+20.9,+20.0,+19.8,+19.7,+19.7,+20.1,+20.0,+20.3
2023-08-09 17:22,1,+16.1,+9.3,+11.4,+6.9,+24.1,+20.8,+20.0,+20.0,+19.7,+19.7,+20.1,+20.0,+20.2
2023-08-09 18:22,1,+16.0,+9.3,+11.4,+7.0,+24.1,+20.9,+20.0,+20.0,+19.7,+19.7,+20.1,+20.0,+20.3
2023-08-09 19:22,1,+16.0,+9.3,+11.4,+6.9,+24.1,+20.8,+19.8,+20.1,+19.7,+19.7,+20.1,+19.8,+20.2
2023-08-09 20:22,1,+16.0,+9.3,+11.4,+7.0,+24.1,+20.9,+19.8,+20.0,+19.8,+19.7,+20.1,+20.0,+20.2
2023-08-09 21:22,1,+16.0,+9.3,+11.4,+6.9,+24.1,+20.9,+19.8,+20.1,+19.8,+19.7,+20.1,+19.8,+20.2
2023-08-09 22:22,1,+16.0,+9.3,+11.4,+6.9,+24.1,+20.9,+19.7,+20.1,+19.8,+19.7,+20.1,+20.0,+20.2
2023-08-09 23:22,1,+15.9,+9.3,+11.4,+6.9,+24.1,+20.9,+19.7,+20.0,+19.8,+19.8,+20.1,+19.8,+20.2
2023-08-10 00:22,1,+15.9,+9.3,+11.4,+7.0,+24.1,+20.9,+19.6,+20.0,+19.8,+19.7,+20.1,+20.0,+20.2
2023-08-10 01:22,1,+15.9,+9.3,+11.4,+7.0,+24.1,+20.9,+19.6,+20.0,+19.8,+19.7,+20.1,+20.0,+20.2
2023-08-10 02:22,1,+15.8,+9.3,+11.4,+7.0,+24.1,+20.9,+19.6,+20.0,+20.0,+19.8,+20.1,+20.0,+20.2
2023-08-10 03:22,1,+15.8,+9.3,+11.4,+6.9,+24.1,+20.9,+19.5,+20.0,+20.0,+19.8,+20.1,+19.8,+20.2
2023-08-10 04:22,1,+16.2,+9.3,+11.4,+6.9,+24.1,+20.9,+19.5,+20.0,+20.0,+19.8,+20.1,+19.8,+20.2
2023-08-10 05:22,1,+16.0,+9.3,+11.4,+7.0,+24.1,+20.9,+19.5,+20.0,+20.0,+19.8,+20.1,+19.8,+20.2
2023-08-10 06:22,1,+16.2,+9.2,+11.4,+7.0,+24.1,+20.9,+19.3,+20.0,+19.8,+19.8,+20.1,+19.8,+20.2
2023-08-10 07:22,1,+16.2,+9.2,+11.4,+7.0,+24.1,+20.9,+19.5,+20.0,+20.0,+19.8,+20.1,+20.0,+20.2
2023-08-10 08:22,1,+16.0,+9.2,+11.4,+7.0,+24.1,+20.9,+19.6,+20.0,+20.0,+19.8,+20.1,+19.8,+20.2
2023-08-10 09:22,1,+16.1,+9.2,+11.4,+7.0,+24.1,+20.9,+19.7,+20.0,+20.0,+19.8,+20.1,+19.8,+20.2
2023-08-10 10:22,1,+16.1,+9.2,+11.4,+7.0,+24.1,+20.9,+19.8,+20.0,+20.0,+19.8,+20.1,+20.0,+20.2
2023-08-10 11:22,1,+15.9,+9.2,+11.4,+6.9,+24.0,+20.9,+20.0,+20.0,+19.8,+19.8,+20.2,+20.0,+20.2
2023-08-10 12:22,1,+15.8,+9.2,+11.4,+6.9,+24.0,+20.8,+20.2,+20.1,+20.0,+19.8,+20.1,+20.0,+20.2
2023-08-10 13:22,1,+15.7,+9.1,+11.4,+6.9,+24.0,+20.9,+20.3,+20.2,+20.0,+19.8,+20.1,+19.8,+20.2
2023-08-10 14:22,1,+15.7,+9.1,+11.4,+7.0,+24.0,+20.9,+20.5,+20.3,+20.0,+19.8,+20.1,+20.0,+20.2
2023-08-10 15:22,1,+15.6,+9.1,+11.4,+6.9,+24.0,+20.8,+20.5,+20.3,+20.0,+19.8,+20.1,+20.0,+20.2
2023-08-10 16:22,1,+15.6,+9.1,+11.4,+7.0,+24.0,+20.9,+20.5,+20.3,+20.1,+19.8,+20.2,+20.0,+20.2
2023-08-10 17:22,1,+15.6,+9.1,+11.4,+7.0,+24.0,+20.9,+20.5,+20.5,+20.1,+19.8,+20.1,+19.8,+20.2
2023-08-10 18:22,1,+15.6,+9.1,+11.4,+7.0,+24.0,+20.9,+20.5,+20.5,+20.1,+19.8,+20.1,+20.0,+20.2
2023-08-10 19:22,1,+15.5,+9.1,+11.4,+7.0,+24.0,+20.9,+20.5,+20.5,+20.1,+19.8,+20.1,+20.0,+20.2
2023-08-10 20:22,1,+15.5,+9.1,+11.3,+6.9,+24.0,+20.8,+20.5,+20.6,+20.2,+20.0,+20.1,+20.0,+20.2
2023-08-10 21:22,1,+15.5,+9.1,+11.3,+6.9,+24.0,+20.9,+20.3,+20.6,+20.2,+20.0,+20.1,+20.0,+20.2
2023-08-10 22:22,1,+15.5,+9.1,+11.4,+6.9,+24.0,+20.9,+20.3,+20.6,+20.2,+20.0,+20.2,+20.0,+20.2
2023-08-10 23:22,1,+15.5,+9.1,+11.3,+6.9,+24.0,+20.9,+20.3,+20.6,+20.2,+20.0,+20.2,+20.0,+20.2
2023-08-11 00:22,1,+15.5,+9.1,+11.3,+7.0,+24.0,+20.9,+20.2,+20.6,+20.2,+20.0,+20.2,+20.0,+20.2
2023-08-11 01:22,1,+15.6,+9.0,+11.4,+7.0,+24.0,+20.9,+20.2,+20.6,+20.3,+20.0,+20.2,+19.8,+20.2
2023-08-11 02:22,1,+15.6,+9.0,+11.3,+6.9,+24.0,+20.9,+20.1,+20.5,+20.2,+20.0,+20.2,+20.0,+20.2
2023-08-11 03:22,1,+15.6,+9.0,+11.3,+7.0,+24.0,+20.9,+20.1,+20.6,+20.2,+20.0,+20.2,+20.0,+20.2
2023-08-11 04:22,1,+15.7,+9.0,+11.4,+7.0,+24.0,+20.9,+20.1,+20.5,+20.3,+20.0,+20.2,+20.0,+20.2
2023-08-11 05:22,1,+15.8,+9.0,+11.3,+6.9,+24.0,+20.9,+20.0,+20.5,+20.2,+20.1,+20.2,+20.0,+20.2
2023-08-11 06:22,1,+15.8,+9.0,+11.3,+6.9,+24.0,+20.9,+20.0,+20.5,+20.2,+20.1,+20.2,+20.0,+20.2
2023-08-11 07:22,1,+15.9,+9.0,+11.3,+6.9,+24.0,+20.9,+20.0,+20.3,+20.3,+20.1,+20.2,+20.0,+20.2
2023-08-11 08:22,1,+16.0,+9.0,+11.3,+7.0,+24.0,+20.9,+20.0,+20.3,+20.3,+20.1,+20.2,+20.0,+20.2
2023-08-11 09:22,1,+16.0,+9.0,+11.3,+6.9,+24.0,+20.9,+20.1,+20.5,+20.2,+20.1,+20.2,+20.0,+20.2
2023-08-11 10:22,1,+16.0,+9.0,+11.3,+7.0,+24.0,+20.9,+20.2,+20.3,+20.2,+20.1,+20.2,+20.0,+20.2
2023-08-11 11:22,1,+16.0,+9.0,+11.3,+6.9,+24.0,+20.9,+20.3,+20.5,+20.3,+20.1,+20.3,+20.0,+20.3
2023-08-11 12:22,1,+16.0,+9.0,+11.3,+6.8,+23.9,+20.9,+20.5,+20.5,+20.3,+20.1,+20.2,+20.0,+20.2
2023-08-11 13:22,1,+15.9,+9.0,+11.3,+6.8,+23.9,+20.8,+20.7,+20.6,+20.3,+20.1,+20.2,+20.1,+20.2
2023-08-11 14:22,1,+15.9,+9.0,+11.3,+6.9,+24.0,+20.9,+20.8,+20.6,+20.3,+20.1,+20.2,+20.1,+20.2
2023-08-11 15:22,1,+15.9,+9.0,+11.3,+6.8,+23.9,+20.9,+20.8,+20.6,+20.3,+20.1,+20.2,+20.0,+20.2
2023-08-11 16:22,1,+16.0,+8.9,+11.3,+6.9,+23.9,+20.9,+20.8,+20.7,+20.3,+20.1,+20.2,+20.1,+20.2
2023-08-11 17:22,1,+16.0,+8.9,+11.2,+6.9,+23.9,+20.9,+20.8,+20.7,+20.3,+20.1,+20.3,+20.1,+20.2
2023-08-11 18:22,1,+17.3,+9.0,+11.3,+6.8,+23.9,+20.9,+20.7,+20.8,+20.3,+20.1,+20.3,+20.1,+20.2
2023-08-11 19:22,1,+17.6,+9.0,+11.3,+6.9,+24.0,+20.9,+20.7,+20.8,+20.5,+20.1,+20.2,+20.1,+20.2
2023-08-11 20:22,1,+17.9,+9.0,+11.3,+6.8,+23.9,+20.9,+20.6,+20.8,+20.5,+20.2,+20.2,+20.0,+20.2
2023-08-11 21:22,1,+18.1,+9.1,+11.3,+6.8,+23.9,+20.9,+20.6,+20.8,+20.5,+20.2,+20.2,+20.0,+20.2
2023-08-11 22:22,1,+18.0,+9.1,+11.3,+6.9,+23.9,+20.9,+20.3,+20.8,+20.5,+20.1,+20.3,+20.1,+20.2
2023-08-11 23:22,1,+18.0,+9.1,+11.3,+6.8,+23.9,+20.8,+20.2,+20.7,+20.5,+20.2,+20.3,+20.1,+20.2
2023-08-12 00:22,1,+17.9,+9.1,+11.3,+6.9,+24.0,+20.9,+20.1,+20.7,+20.5,+20.1,+20.3,+20.1,+20.2
2023-08-12 01:22,1,+17.8,+9.1,+11.3,+6.9,+24.0,+20.9,+20.0,+20.7,+20.5,+20.2,+20.3,+20.0,+20.3
2023-08-12 02:22,1,+17.8,+9.1,+11.3,+6.8,+23.9,+20.9,+19.8,+20.6,+20.5,+20.2,+20.3,+20.1,+20.2
2023-08-12 03:22,1,+17.7,+9.1,+11.3,+6.9,+23.9,+20.9,+19.7,+20.6,+20.5,+20.2,+20.2,+20.1,+20.2
2023-08-12 04:22,1,+17.7,+9.1,+11.3,+7.0,+24.0,+20.9,+19.6,+20.5,+20.5,+20.2,+20.3,+20.1,+20.3
2023-08-12 05:22,1,+17.7,+9.1,+11.3,+7.0,+24.0,+20.9,+19.5,+20.3,+20.5,+20.2,+20.3,+20.1,+20.3
2023-08-12 06:22,1,+17.7,+9.1,+11.3,+6.9,+23.9,+20.9,+19.5,+20.2,+20.5,+20.2,+20.3,+20.1,+20.3
2023-08-12 07:22,1,+17.6,+9.1,+11.3,+7.0,+24.0,+20.9,+19.3,+20.2,+20.3,+20.3,+20.3,+20.1,+20.2
2023-08-12 08:22,1,+17.6,+9.1,+11.3,+7.0,+24.0,+20.9,+19.3,+20.2,+20.3,+20.2,+20.3,+20.1,+20.3
2023-08-12 09:22,1,+17.5,+9.1,+11.3,+7.0,+24.0,+20.9,+19.5,+20.1,+20.3,+20.2,+20.3,+20.2,+20.2
2023-08-12 10:22,1,+17.4,+9.0,+11.3,+6.9,+23.9,+20.9,+19.7,+20.2,+20.3,+20.2,+20.3,+20.1,+20.3
2023-08-12 11:22,1,+17.4,+9.0,+11.3,+6.9,+23.9,+20.8,+19.8,+20.2,+20.2,+20.2,+20.3,+20.1,+20.3
2023-08-12 12:22,1,+17.3,+9.0,+11.3,+6.9,+24.0,+20.9,+20.1,+20.2,+20.3,+20.2,+20.3,+20.1,+20.3
2023-08-12 13:22,1,+17.3,+9.0,+11.2,+6.8,+23.9,+20.8,+20.1,+20.2,+20.2,+20.2,+20.3,+20.1,+20.3
2023-08-12 14:22,1,+17.2,+9.0,+11.3,+6.8,+23.9,+20.8,+20.2,+20.3,+20.3,+20.2,+20.3,+20.1,+20.3
2023-08-12 15:22,1,+17.2,+9.0,+11.2,+6.9,+23.9,+20.9,+20.3,+20.3,+20.2,+20.2,+20.3,+20.1,+20.3
2023-08-12 16:22,1,+17.1,+9.0,+11.2,+6.9,+23.9,+20.8,+20.3,+20.3,+20.3,+20.2,+20.3,+20.1,+20.3
2023-08-12 17:22,1,+17.2,+9.0,+11.2,+6.8,+23.9,+20.8,+20.3,+20.5,+20.3,+20.2,+20.3,+20.2,+20.3
2023-08-12 18:22,1,+17.2,+8.9,+11.2,+6.9,+23.9,+20.9,+20.3,+20.5,+20.3,+20.2,+20.3,+20.1,+20.3
2023-08-12 19:22,1,+17.2,+9.0,+11.2,+6.9,+23.9,+20.9,+20.2,+20.5,+20.3,+20.2,+20.3,+20.1,+20.3
2023-08-12 20:22,1,+17.2,+8.9,+11.2,+6.9,+23.9,+20.9,+20.2,+20.5,+20.3,+20.2,+20.3,+20.1,+20.3
2023-08-12 21:22,1,+17.1,+8.9,+11.2,+6.9,+23.9,+20.9,+20.1,+20.6,+20.3,+20.1,+20.3,+20.1,+20.3
2023-08-12 22:22,1,+17.1,+8.9,+11.2,+6.9,+23.9,+20.9,+20.0,+20.5,+20.3,+20.2,+20.3,+20.2,+20.3
2023-08-12 23:22,1,+17.1,+8.9,+11.2,+6.9,+23.9,+20.9,+19.8,+20.5,+20.3,+20.2,+20.3,+20.1,+20.3
2023-08-13 00:22,1,+17.0,+8.9,+11.2,+6.8,+23.9,+20.8,+19.8,+20.5,+20.3,+20.2,+20.3,+20.2,+20.3
2023-08-13 01:22,1,+17.0,+8.9,+11.2,+6.8,+23.9,+20.8,+19.8,+20.5,+20.3,+20.2,+20.3,+20.1,+20.3
2023-08-13 02:22,1,+17.0,+8.9,+11.2,+6.8,+23.9,+20.8,+19.8,+20.3,+20.3,+20.2,+20.3,+20.2,+20.3
2023-08-13 03:22,1,+17.0,+8.9,+11.2,+6.9,+23.9,+20.9,+19.7,+20.3,+20.3,+20.2,+20.3,+20.1,+20.3
2023-08-13 04:22,1,+17.0,+8.9,+11.2,+6.9,+23.9,+20.9,+19.7,+20.3,+20.3,+20.2,+20.3,+20.1,+20.3
2023-08-13 05:22,1,+16.9,+8.9,+11.2,+6.9,+23.9,+20.9,+19.7,+20.3,+20.3,+20.2,+20.3,+20.2,+20.3
2023-08-13 06:22,1,+16.9,+8.9,+11.2,+6.9,+23.9,+20.9,+19.6,+20.3,+20.3,+20.2,+20.3,+20.1,+20.3
2023-08-13 07:22,1,+17.1,+8.9,+11.2,+6.8,+23.9,+20.8,+19.7,+20.3,+20.3,+20.2,+20.3,+20.1,+20.3
2023-08-13 08:22,1,+17.0,+8.9,+11.2,+6.9,+23.9,+20.9,+19.7,+20.2,+20.3,+20.2,+20.5,+20.1,+20.3
2023-08-13 09:22,1,+17.0,+8.9,+11.2,+6.8,+23.9,+20.8,+20.0,+20.2,+20.3,+20.2,+20.5,+20.1,+20.3
2023-08-13 10:22,1,+17.0,+8.9,+11.2,+6.8,+23.9,+20.8,+20.2,+20.3,+20.3,+20.2,+20.3,+20.2,+20.3
2023-08-13 11:22,1,+16.9,+8.9,+11.2,+6.8,+23.9,+20.8,+20.3,+20.3,+20.3,+20.2,+20.3,+20.1,+20.3
2023-08-13 12:22,1,+16.9,+8.9,+11.2,+6.8,+23.9,+20.8,+20.3,+20.5,+20.2,+20.1,+20.3,+20.2,+20.3
2023-08-13 13:22,1,+16.9,+8.9,+11.2,+6.8,+23.9,+20.8,+20.3,+20.5,+20.3,+20.2,+20.3,+20.1,+20.3
2023-08-13 14:22,1,+18.1,+8.9,+11.2,+6.8,+23.9,+20.8,+20.3,+20.5,+20.3,+20.2,+20.5,+20.1,+20.3
2023-08-13 15:22,1,+22.9,+11.0,+11.5,+6.8,+23.9,+20.9,+20.0,+20.5,+20.3,+20.2,+20.3,+20.2,+20.3
2023-08-13 16:22,1,+21.5,+10.9,+12.2,+7.2,+24.0,+20.9,+20.0,+20.5,+20.3,+20.2,+20.3,+20.2,+20.3
2023-08-13 17:22,1,+20.4,+10.7,+12.3,+7.4,+24.2,+20.9,+19.8,+20.5,+20.3,+20.2,+20.3,+20.1,+20.3
2023-08-13 18:22,1,+19.8,+10.5,+12.3,+7.4,+24.5,+20.9,+19.7,+20.3,+20.3,+20.2,+20.3,+20.2,+20.3
2023-08-13 19:22,1,+19.6,+10.4,+12.2,+7.6,+24.7,+21.1,+19.6,+20.3,+20.3,+20.2,+20.3,+20.2,+20.3
2023-08-13 20:22,1,+19.3,+10.3,+12.2,+7.4,+24.8,+21.1,+19.6,+20.2,+20.3,+20.2,+20.3,+20.1,+20.3
2023-08-13 21:22,1,+19.2,+10.2,+12.2,+7.6,+24.8,+21.3,+19.5,+20.2,+20.3,+20.2,+20.3,+20.1,+20.3
2023-08-13 22:22,1,+19.1,+10.2,+12.1,+7.6,+24.8,+21.3,+19.5,+20.2,+20.3,+20.2,+20.3,+20.2,+20.3
2023-08-13 23:22,1,+19.0,+10.1,+12.1,+7.6,+24.8,+21.3,+19.5,+20.1,+20.3,+20.2,+20.5,+20.2,+20.3
2023-08-14 00:22,1,+18.8,+10.1,+12.1,+7.4,+24.8,+21.4,+19.5,+20.2,+20.2,+20.2,+20.3,+20.2,+20.3
2023-08-14 01:22,1,+18.8,+10.0,+12.1,+7.4,+24.8,+21.4,+19.5,+20.1,+20.3,+20.2,+20.3,+20.1,+20.5
2023-08-14 02:22,1,+18.7,+10.0,+12.0,+7.5,+24.8,+21.4,+19.5,+20.1,+20.2,+20.2,+20.3,+20.2,+20.3
2023-08-14 03:22,1,+18.6,+9.9,+12.0,+7.5,+24.8,+21.4,+19.5,+20.1,+20.2,+20.2,+20.3,+20.1,+20.3
2023-08-14 04:22,1,+18.6,+9.9,+12.0,+7.4,+24.7,+21.4,+19.5,+20.1,+20.2,+20.2,+20.3,+20.2,+20.3
2023-08-14 05:22,1,+18.6,+9.9,+12.0,+7.4,+24.7,+21.4,+19.5,+20.1,+20.2,+20.2,+20.5,+20.2,+20.3
2023-08-14 06:22,1,+18.5,+9.9,+12.0,+7.5,+24.8,+21.4,+19.3,+20.1,+20.2,+20.2,+20.5,+20.2,+20.3
2023-08-14 07:22,1,+18.5,+9.9,+12.0,+7.4,+24.7,+21.4,+19.3,+20.0,+20.2,+20.2,+20.3,+20.2,+20.3
2023-08-14 08:22,1,+18.5,+9.8,+12.0,+7.4,+24.7,+21.4,+19.6,+20.0,+20.1,+20.2,+20.3,+20.2,+20.3
2023-08-14 09:22,1,+18.5,+9.8,+11.9,+7.5,+24.7,+21.5,+19.7,+20.0,+20.2,+20.2,+20.3,+20.2,+20.3
2023-08-14 10:22,1,+18.5,+9.8,+11.9,+7.5,+24.7,+21.5,+19.8,+20.1,+20.2,+20.2,+20.3,+20.1,+20.3
2023-08-14 11:22,1,+18.4,+9.8,+11.9,+7.4,+24.7,+21.4,+20.0,+20.1,+20.2,+20.2,+20.3,+20.1,+20.5
2023-08-14 12:22,1,+18.4,+9.7,+11.9,+7.3,+24.6,+21.4,+20.2,+20.2,+20.2,+20.1,+20.3,+20.1,+20.3
2023-08-14 13:22,1,+18.4,+9.7,+11.9,+7.4,+24.6,+21.4,+20.3,+20.3,+20.2,+20.1,+20.3,+20.1,+20.3
2023-08-14 14:22,1,+18.3,+9.7,+11.9,+7.4,+24.6,+21.4,+20.3,+20.3,+20.2,+20.2,+20.3,+20.2,+20.3
2023-08-14 15:22,1,+18.3,+9.7,+11.8,+7.3,+24.6,+21.4,+20.3,+20.5,+20.2,+20.1,+20.3,+20.1,+20.3
2023-08-14 16:22,1,+19.9,+9.7,+11.9,+7.4,+24.6,+21.4,+20.1,+20.5,+20.2,+20.2,+20.3,+20.2,+20.3
2023-08-14 17:22,1,+21.5,+10.1,+11.9,+7.4,+24.6,+21.5,+19.8,+20.3,+20.2,+20.1,+20.3,+20.2,+20.3
2023-08-14 18:22,1,+21.2,+10.5,+12.1,+7.4,+24.6,+21.4,+19.8,+20.3,+20.2,+20.1,+20.3,+20.2,+20.3
2023-08-14 19:22,1,+20.9,+10.5,+12.2,+7.4,+24.7,+21.5,+19.7,+20.3,+20.2,+20.2,+20.3,+20.1,+20.3
2023-08-14 20:22,1,+21.0,+10.6,+12.2,+7.6,+24.9,+21.5,+19.6,+20.3,+20.2,+20.1,+20.3,+20.1,+20.3
2023-08-14 21:22,1,+20.7,+10.5,+12.3,+7.7,+24.9,+21.6,+19.3,+20.2,+20.2,+20.1,+20.3,+20.2,+20.3
2023-08-14 22:22,1,+20.4,+10.5,+12.3,+7.7,+25.0,+21.6,+19.3,+20.1,+20.2,+20.1,+20.3,+20.1,+20.3
2023-08-14 23:22,1,+20.1,+10.4,+12.3,+7.7,+25.0,+21.6,+19.3,+20.1,+20.2,+20.2,+20.3,+20.2,+20.3
2023-08-15 00:22,1,+20.0,+10.4,+12.3,+7.7,+25.0,+21.6,+19.2,+20.1,+20.2,+20.1,+20.3,+20.1,+20.3
2023-08-15 01:22,1,+19.9,+10.4,+12.2,+7.7,+25.0,+21.6,+19.1,+20.0,+20.2,+20.2,+20.3,+20.1,+20.3
2023-08-15 02:22,1,+19.7,+10.3,+12.2,+7.7,+25.0,+21.7,+19.1,+20.0,+20.2,+20.1,+20.3,+20.1,+20.3
2023-08-15 03:22,1,+19.6,+10.3,+12.2,+7.7,+25.0,+21.7,+19.1,+19.8,+20.1,+20.1,+20.3,+20.2,+20.3
2023-08-15 04:22,1,+20.1,+10.2,+12.2,+7.6,+24.9,+21.6,+19.0,+19.8,+20.1,+20.1,+20.3,+20.1,+20.3
2023-08-15 05:22,1,+19.7,+10.2,+12.2,+7.7,+25.0,+21.7,+19.0,+19.8,+20.1,+20.1,+20.3,+20.2,+20.3
2023-08-15 06:22,1,+19.6,+10.2,+12.1,+7.7,+24.9,+21.7,+18.8,+19.8,+20.1,+20.2,+20.3,+20.1,+20.5
2023-08-15 07:22,1,+19.5,+10.1,+12.1,+7.7,+24.9,+21.7,+18.8,+19.7,+20.1,+20.1,+20.3,+20.1,+20.3
2023-08-15 08:22,1,+19.5,+10.1,+12.1,+7.7,+24.9,+21.6,+19.1,+19.7,+20.0,+20.1,+20.3,+20.2,+20.3
2023-08-15 09:22,1,+19.5,+10.1,+12.1,+7.6,+24.9,+21.6,+19.2,+19.7,+20.0,+20.1,+20.3,+20.2,+20.3
2023-08-15 10:22,1,+19.4,+10.1,+12.0,+7.6,+24.8,+21.6,+19.5,+19.7,+20.0,+20.1,+20.3,+20.1,+20.5
2023-08-15 11:22,1,+19.2,+10.0,+12.0,+7.6,+24.9,+21.6,+19.6,+19.8,+20.0,+20.1,+20.3,+20.1,+20.3
2023-08-15 12:22,1,+19.3,+10.0,+12.0,+7.6,+24.9,+21.6,+19.7,+19.8,+20.0,+20.1,+20.3,+20.2,+20.3
2023-08-15 13:22,1,+19.0,+10.0,+12.0,+7.6,+24.8,+21.6,+20.0,+20.0,+20.0,+20.0,+20.3,+20.1,+20.3
2023-08-15 14:22,1,+19.0,+10.0,+12.0,+7.6,+24.8,+21.6,+20.0,+20.0,+20.0,+20.0,+20.3,+20.1,+20.3
2023-08-15 15:22,1,+18.9,+9.9,+12.0,+7.5,+24.8,+21.6,+20.0,+20.1,+20.0,+20.0,+20.3,+20.1,+20.3
2023-08-15 16:22,1,+18.9,+9.9,+12.0,+7.5,+24.8,+21.6,+20.0,+20.1,+20.0,+20.0,+20.3,+20.1,+20.3
2023-08-15 17:22,1,+18.8,+9.9,+12.0,+7.6,+24.8,+21.6,+20.0,+20.2,+20.0,+20.0,+20.3,+20.1,+20.3
2023-08-15 18:22,1,+18.8,+9.9,+12.0,+7.5,+24.8,+21.6,+19.7,+20.1,+20.0,+20.0,+20.3,+20.1,+20.3
2023-08-15 19:22,1,+18.7,+9.9,+12.0,+7.5,+24.7,+21.6,+19.5,+20.2,+20.1,+20.0,+20.3,+20.1,+20.3
2023-08-15 20:22,1,+18.7,+9.9,+12.0,+7.6,+24.8,+21.6,+19.2,+20.1,+20.1,+20.1,+20.3,+20.1,+20.3
2023-08-15 21:22,1,+18.6,+9.9,+12.0,+7.6,+24.8,+21.6,+19.1,+20.0,+20.1,+20.1,+20.2,+20.1,+20.3
2023-08-15 22:22,1,+18.6,+9.8,+11.9,+7.6,+24.8,+21.6,+19.0,+20.0,+20.1,+20.0,+20.2,+20.1,+20.3
2023-08-15 23:22,1,+18.6,+9.8,+11.9,+7.6,+24.8,+21.6,+18.8,+19.8,+20.0,+20.0,+20.2,+20.1,+20.3
2023-08-16 00:22,1,+18.5,+9.8,+11.9,+7.6,+24.7,+21.6,+18.7,+19.7,+20.0,+20.1,+20.3,+20.1,+20.3
2023-08-16 01:22,1,+18.4,+9.8,+11.9,+7.5,+24.7,+21.6,+18.7,+19.7,+20.0,+20.0,+20.2,+20.1,+20.3
2023-08-16 02:22,1,+18.4,+9.8,+11.9,+7.6,+24.7,+21.5,+18.7,+19.7,+20.0,+20.0,+20.2,+20.1,+20.3
2023-08-16 03:22,1,+18.4,+9.8,+11.9,+7.4,+24.7,+21.5,+18.7,+19.6,+20.0,+20.0,+20.2,+20.1,+20.3
2023-08-16 04:22,1,+18.4,+9.8,+11.9,+7.4,+24.6,+21.5,+18.7,+19.6,+20.0,+20.0,+20.2,+20.1,+20.3
2023-08-16 05:22,1,+18.3,+9.8,+11.9,+7.5,+24.7,+21.5,+18.8,+19.6,+19.8,+20.0,+20.2,+20.1,+20.3
2023-08-16 06:22,1,+18.3,+9.8,+11.9,+7.5,+24.7,+21.5,+18.8,+19.6,+19.8,+20.0,+20.3,+20.1,+20.3
2023-08-16 07:22,1,+18.3,+9.8,+11.9,+7.4,+24.6,+21.5,+18.8,+19.6,+19.8,+20.0,+20.2,+20.1,+20.3
2023-08-16 08:22,1,+18.3,+9.8,+11.9,+7.4,+24.6,+21.5,+19.0,+19.6,+19.8,+20.0,+20.2,+20.1,+20.3
2023-08-16 09:22,1,+18.3,+9.8,+11.9,+7.4,+24.6,+21.5,+19.0,+19.6,+19.8,+20.0,+20.2,+20.1,+20.3
2023-08-16 10:22,1,+18.3,+9.8,+11.8,+7.4,+24.6,+21.5,+19.1,+19.6,+19.8,+20.0,+20.2,+20.0,+20.3
2023-08-16 11:22,1,+18.2,+9.7,+11.9,+7.4,+24.6,+21.5,+19.2,+19.6,+19.8,+20.0,+20.2,+20.1,+20.3
2023-08-16 12:22,1,+18.2,+9.7,+11.8,+7.5,+24.6,+21.5,+19.3,+19.6,+19.7,+20.0,+20.2,+20.1,+20.3
2023-08-16 13:22,1,+18.1,+9.7,+11.8,+7.4,+24.6,+21.5,+19.3,+19.7,+19.8,+20.0,+20.3,+20.0,+20.3
2023-08-16 14:22,1,+18.1,+9.7,+11.8,+7.4,+24.6,+21.4,+19.5,+19.7,+19.8,+20.0,+20.2,+20.1,+20.3
2023-08-16 15:22,1,+18.1,+9.7,+11.8,+7.5,+24.6,+21.5,+19.6,+19.8,+19.8,+20.0,+20.2,+20.1,+20.3
2023-08-16 16:22,1,+18.0,+9.7,+11.8,+7.4,+24.6,+21.4,+19.7,+19.8,+19.8,+20.0,+20.2,+20.0,+20.3
2023-08-16 17:22,1,+18.0,+9.7,+11.8,+7.4,+24.6,+21.4,+19.7,+19.8,+19.8,+20.0,+20.2,+20.0,+20.3
2023-08-16 18:22,1,+18.0,+9.7,+11.8,+7.4,+24.5,+21.4,+19.7,+20.0,+19.8,+20.0,+20.2,+20.1,+20.3
2023-08-16 19:22,1,+18.0,+9.7,+11.8,+7.3,+24.5,+21.4,+19.7,+20.0,+20.0,+20.0,+20.2,+20.1,+20.3
2023-08-16 20:22,1,+18.0,+9.7,+11.8,+7.5,+24.6,+21.5,+19.7,+20.0,+19.8,+19.8,+20.2,+20.0,+20.3
2023-08-16 21:22,1,+18.0,+9.7,+11.8,+7.5,+24.6,+21.5,+19.6,+20.0,+20.0,+19.8,+20.2,+20.0,+20.3
2023-08-16 22:22,1,+18.0,+9.7,+11.8,+7.4,+24.6,+21.4,+19.6,+20.0,+19.8,+19.8,+20.2,+20.1,+20.3
2023-08-16 23:22,1,+18.0,+9.7,+11.8,+7.4,+24.6,+21.4,+19.5,+20.0,+20.0,+19.8,+20.2,+20.0,+20.3
2023-08-17 00:22,1,+17.9,+9.7,+11.8,+7.3,+24.5,+21.4,+19.5,+20.0,+20.0,+19.8,+20.2,+20.0,+20.3
2023-08-17 01:22,1,+17.9,+9.7,+11.8,+7.4,+24.5,+21.4,+19.3,+20.0,+20.0,+20.0,+20.1,+20.0,+20.3
2023-08-17 02:22,1,+17.9,+9.7,+11.8,+7.5,+24.6,+21.4,+19.3,+20.0,+20.0,+19.8,+20.2,+20.0,+20.2
2023-08-17 03:22,1,+17.9,+9.7,+11.8,+7.4,+24.6,+21.4,+19.3,+19.8,+20.0,+20.0,+20.2,+20.0,+20.3
2023-08-17 04:22,1,+17.8,+9.6,+11.8,+7.4,+24.6,+21.4,+19.3,+19.8,+20.0,+19.8,+20.2,+20.0,+20.3
2023-08-17 05:22,1,+17.8,+9.7,+11.8,+7.3,+24.5,+21.4,+19.3,+19.8,+20.0,+20.0,+20.2,+20.0,+20.3
2023-08-17 06:22,1,+17.8,+9.7,+11.8,+7.4,+24.6,+21.5,+19.2,+19.8,+20.0,+20.0,+20.2,+20.0,+20.3
2023-08-17 07:22,1,+17.8,+9.6,+11.8,+7.4,+24.6,+21.4,+19.2,+19.8,+19.8,+20.0,+20.2,+20.0,+20.2
2023-08-17 08:22,1,+18.0,+9.6,+11.8,+7.4,+24.6,+21.5,+19.2,+19.8,+20.0,+20.0,+20.2,+20.0,+20.3
2023-08-17 09:22,1,+18.0,+9.7,+11.8,+7.4,+24.6,+21.5,+19.5,+19.8,+20.0,+19.8,+20.2,+20.0,+20.3
2023-08-17 10:22,1,+18.0,+9.6,+11.8,+7.4,+24.5,+21.4,+19.7,+19.7,+19.8,+20.0,+20.2,+20.0,+20.2
2023-08-17 11:22,1,+18.0,+9.6,+11.8,+7.3,+24.5,+21.4,+20.0,+20.0,+19.8,+19.8,+20.2,+20.0,+20.2
2023-08-17 12:22,1,+18.0,+9.6,+11.8,+7.3,+24.5,+21.4,+20.1,+20.0,+20.0,+19.8,+20.2,+20.0,+20.2
2023-08-17 13:22,1,+18.0,+9.6,+11.8,+7.3,+24.5,+21.4,+20.1,+20.1,+20.0,+20.0,+20.2,+20.0,+20.2
2023-08-17 14:22,1,+18.0,+9.6,+11.8,+7.3,+24.5,+21.4,+20.1,+20.1,+20.0,+19.8,+20.1,+20.0,+20.3
2023-08-17 15:22,1,+17.9,+9.6,+11.8,+7.4,+24.5,+21.4,+20.2,+20.2,+20.0,+19.8,+20.2,+20.0,+20.3
2023-08-17 16:22,1,+18.0,+9.6,+11.8,+7.3,+24.5,+21.4,+20.2,+20.2,+20.0,+20.0,+20.2,+20.0,+20.2
2023-08-17 17:22,1,+18.0,+9.6,+11.8,+7.4,+24.5,+21.4,+20.1,+20.3,+20.1,+20.0,+20.2,+20.0,+20.2
2023-08-17 18:22,1,+18.0,+9.6,+11.8,+7.3,+24.5,+21.4,+20.1,+20.3,+20.0,+20.0,+20.2,+20.0,+20.3
2023-08-17 19:22,1,+18.0,+9.6,+11.8,+7.4,+24.5,+21.4,+20.0,+20.3,+20.1,+20.0,+20.2,+20.0,+20.2
2023-08-17 20:22,1,+18.0,+9.6,+11.8,+7.4,+24.5,+21.4,+20.0,+20.3,+20.1,+20.0,+20.2,+20.0,+20.2
2023-08-17 21:22,1,+18.0,+9.6,+11.8,+7.3,+24.5,+21.4,+19.8,+20.3,+20.1,+20.0,+20.2,+20.0,+20.3
2023-08-17 22:22,1,+18.0,+9.6,+11.8,+7.3,+24.5,+21.4,+19.8,+20.2,+20.1,+20.0,+20.2,+20.0,+20.2
2023-08-17 23:22,1,+18.0,+9.6,+11.8,+7.4,+24.5,+21.4,+19.8,+20.3,+20.1,+20.0,+20.1,+20.0,+20.2
2023-08-18 00:22,1,+18.0,+9.6,+11.8,+7.3,+24.5,+21.4,+19.8,+20.3,+20.1,+20.0,+20.2,+20.0,+20.3
2023-08-18 01:22,1,+18.0,+9.6,+11.8,+7.4,+24.5,+21.4,+19.8,+20.2,+20.2,+20.0,+20.2,+20.0,+20.3
2023-08-18 02:22,1,+18.0,+9.6,+11.8,+7.3,+24.5,+21.4,+19.7,+20.2,+20.1,+20.0,+20.2,+20.0,+20.2
2023-08-18 03:22,1,+18.0,+9.6,+11.8,+7.4,+24.5,+21.4,+19.7,+20.2,+20.1,+20.0,+20.2,+20.0,+20.2
2023-08-18 04:22,1,+18.0,+9.6,+11.8,+7.3,+24.5,+21.4,+19.7,+20.2,+20.2,+20.0,+20.2,+20.0,+20.3
2023-08-18 05:22,1,+18.0,+9.6,+11.8,+7.4,+24.5,+21.4,+19.7,+20.2,+20.2,+20.0,+20.1,+20.0,+20.2
2023-08-18 06:22,1,+18.0,+9.6,+11.8,+7.4,+24.5,+21.4,+19.6,+20.2,+20.1,+20.0,+20.2,+20.1,+20.3
2023-08-18 07:22,1,+18.0,+9.6,+11.7,+7.3,+24.5,+21.4,+19.6,+20.2,+20.1,+20.1,+20.2,+20.0,+20.2
2023-08-18 08:22,1,+18.0,+9.5,+11.7,+7.4,+24.5,+21.4,+19.6,+20.2,+20.1,+20.0,+20.2,+20.0,+20.2
2023-08-18 09:22,1,+18.0,+9.5,+11.8,+7.4,+24.5,+21.4,+19.6,+20.1,+20.1,+20.1,+20.2,+20.0,+20.2
2023-08-18 10:22,1,+18.1,+9.6,+11.7,+7.3,+24.5,+21.4,+19.7,+20.1,+20.1,+20.0,+20.2,+20.0,+20.2
2023-08-18 11:22,1,+18.0,+9.5,+11.7,+7.4,+24.5,+21.4,+19.8,+20.1,+20.1,+20.1,+20.2,+20.0,+20.2
2023-08-18 12:22,1,+18.0,+9.6,+11.7,+7.3,+24.5,+21.4,+19.8,+20.1,+20.2,+20.0,+20.2,+20.0,+20.2
2023-08-18 13:22,1,+18.0,+9.5,+11.7,+7.4,+24.5,+21.4,+19.8,+20.2,+20.1,+20.1,+20.2,+20.0,+20.2
2023-08-18 14:22,1,+18.0,+9.5,+11.7,+7.3,+24.4,+21.4,+20.0,+20.2,+20.1,+20.1,+20.2,+20.1,+20.3
2023-08-18 15:22,1,+18.0,+9.5,+11.7,+7.3,+24.4,+21.4,+20.1,+20.2,+20.1,+20.1,+20.3,+20.0,+20.3
2023-08-18 16:22,1,+18.0,+9.5,+11.7,+7.3,+24.4,+21.4,+20.1,+20.2,+20.1,+20.0,+20.2,+20.0,+20.2
2023-08-18 17:22,1,+17.9,+9.5,+11.7,+7.3,+24.4,+21.4,+20.0,+20.3,+20.1,+20.0,+20.2,+20.0,+20.2
2023-08-18 18:22,1,+17.9,+9.5,+11.7,+7.4,+24.5,+21.4,+20.0,+20.2,+20.2,+20.0,+20.3,+20.1,+20.3
2023-08-18 19:22,1,+18.2,+9.5,+11.7,+7.4,+24.5,+21.4,+20.0,+20.3,+20.1,+20.1,+20.2,+20.1,+20.2
2023-08-18 20:22,1,+18.1,+9.5,+11.7,+7.4,+24.5,+21.4,+19.8,+20.3,+20.2,+20.1,+20.2,+20.0,+20.3
2023-08-18 21:22,1,+18.4,+9.5,+11.7,+7.4,+24.5,+21.5,+19.8,+20.3,+20.2,+20.1,+20.2,+20.1,+20.2
2023-08-18 22:22,1,+18.6,+9.5,+11.7,+7.4,+24.5,+21.4,+19.8,+20.3,+20.2,+20.1,+20.2,+20.0,+20.2
2023-08-18 23:22,1,+18.7,+9.5,+11.7,+7.3,+24.4,+21.4,+19.8,+20.2,+20.2,+20.1,+20.2,+20.1,+20.2
2023-08-19 00:22,1,+18.7,+9.5,+11.7,+7.3,+24.4,+21.4,+19.7,+20.2,+20.2,+20.1,+20.2,+20.1,+20.3
2023-08-19 01:22,1,+19.1,+9.5,+11.7,+7.4,+24.5,+21.4,+19.7,+20.2,+20.2,+20.1,+20.2,+20.1,+20.3
2023-08-19 02:22,1,+19.5,+9.6,+11.7,+7.3,+24.4,+21.4,+19.7,+20.2,+20.2,+20.1,+20.2,+20.1,+20.2
2023-08-19 03:22,1,+19.9,+9.6,+11.7,+7.3,+24.4,+21.4,+19.6,+20.2,+20.2,+20.1,+20.2,+20.1,+20.3
2023-08-19 04:22,1,+20.0,+9.6,+11.7,+7.4,+24.5,+21.5,+19.6,+20.1,+20.2,+20.1,+20.2,+20.1,+20.2
2023-08-19 05:22,1,+20.1,+9.6,+11.7,+7.4,+24.5,+21.5,+19.5,+20.1,+20.2,+20.1,+20.2,+20.1,+20.3
2023-08-19 06:22,1,+20.1,+9.7,+11.8,+7.4,+24.5,+21.4,+19.5,+20.1,+20.2,+20.1,+20.3,+20.1,+20.3
2023-08-19 07:22,1,+20.2,+9.7,+11.8,+7.3,+24.5,+21.4,+19.5,+20.1,+20.2,+20.1,+20.2,+20.1,+20.3
2023-08-19 08:22,1,+20.5,+9.7,+11.7,+7.3,+24.5,+21.4,+19.5,+20.1,+20.2,+20.1,+20.2,+20.1,+20.3
2023-08-19 09:22,1,+20.5,+9.7,+11.8,+7.3,+24.5,+21.4,+19.6,+20.0,+20.1,+20.1,+20.3,+20.1,+20.3
2023-08-19 10:22,1,+20.5,+9.7,+11.8,+7.4,+24.5,+21.4,+19.7,+20.1,+20.1,+20.1,+20.3,+20.1,+20.3
2023-08-19 11:22,1,+20.3,+9.7,+11.8,+7.3,+24.4,+21.4,+20.0,+20.1,+20.1,+20.1,+20.3,+20.1,+20.3
2023-08-19 12:22,1,+20.3,+9.7,+11.8,+7.3,+24.4,+21.4,+20.2,+20.2,+20.1,+20.1,+20.2,+20.1,+20.3
2023-08-19 13:22,1,+20.2,+9.7,+11.8,+7.3,+24.5,+21.4,+20.2,+20.2,+20.1,+20.0,+20.3,+20.1,+20.3
2023-08-19 14:22,1,+20.2,+9.7,+11.8,+7.3,+24.5,+21.4,+20.2,+20.3,+20.1,+20.1,+20.3,+20.1,+20.2
2023-08-19 15:22,1,+20.3,+9.8,+11.8,+7.3,+24.5,+21.4,+20.2,+20.3,+20.2,+20.1,+20.2,+20.1,+20.3
2023-08-19 16:22,1,+20.4,+9.7,+11.8,+7.4,+24.5,+21.4,+20.2,+20.5,+20.2,+20.1,+20.3,+20.1,+20.3
2023-08-19 17:22,1,+20.4,+9.8,+11.8,+7.3,+24.5,+21.4,+20.1,+20.3,+20.2,+20.1,+20.3,+20.1,+20.2
2023-08-19 18:22,1,+20.6,+9.8,+11.8,+7.4,+24.5,+21.4,+20.1,+20.5,+20.2,+20.1,+20.3,+20.1,+20.3
2023-08-19 19:22,1,+20.8,+9.8,+11.8,+7.4,+24.5,+21.4,+20.0,+20.3,+20.2,+20.1,+20.3,+20.1,+20.3
2023-08-19 20:22,1,+20.8,+9.8,+11.8,+7.3,+24.4,+21.3,+19.8,+20.3,+20.2,+20.1,+20.3,+20.1,+20.3
2023-08-19 21:22,1,+20.8,+9.8,+11.8,+7.4,+24.5,+21.4,+19.8,+20.3,+20.2,+20.1,+20.3,+20.1,+20.2
2023-08-19 22:22,1,+20.7,+9.8,+11.8,+7.5,+24.5,+21.4,+19.8,+20.3,+20.2,+20.1,+20.2,+20.1,+20.3
2023-08-19 23:22,1,+20.6,+9.8,+11.9,+7.3,+24.4,+21.3,+19.7,+20.3,+20.2,+20.1,+20.2,+20.1,+20.3
2023-08-20 00:22,1,+20.5,+9.9,+11.8,+7.4,+24.4,+21.3,+19.7,+20.2,+20.2,+20.1,+20.2,+20.1,+20.3
2023-08-20 01:22,1,+20.4,+9.8,+11.9,+7.4,+24.4,+21.4,+19.6,+20.2,+20.2,+20.1,+20.2,+20.1,+20.3
2023-08-20 02:22,1,+20.4,+9.8,+11.9,+7.5,+24.5,+21.4,+19.6,+20.2,+20.2,+20.1,+20.2,+20.1,+20.3
2023-08-20 03:22,1,+20.3,+9.8,+11.9,+7.5,+24.4,+21.4,+19.5,+20.2,+20.2,+20.2,+20.3,+20.1,+20.3
2023-08-20 04:22,1,+20.3,+9.8,+11.9,+7.5,+24.5,+21.4,+19.5,+20.1,+20.2,+20.1,+20.2,+20.1,+20.3
2023-08-20 05:22,1,+20.4,+9.8,+11.9,+7.4,+24.4,+21.4,+19.5,+20.1,+20.2,+20.1,+20.3,+20.1,+20.3
2023-08-20 06:22,1,+21.1,+9.8,+11.9,+7.4,+24.4,+21.4,+19.5,+20.1,+20.2,+20.1,+20.3,+20.1,+20.3
2023-08-20 07:22,1,+21.9,+9.9,+11.9,+7.5,+24.4,+21.4,+19.5,+20.0,+20.2,+20.1,+20.3,+20.1,+20.3
2023-08-20 08:22,1,+22.3,+9.9,+11.9,+7.4,+24.4,+21.4,+19.3,+20.0,+20.2,+20.1,+20.3,+20.1,+20.3
2023-08-20 09:22,1,+23.9,+10.5,+12.0,+7.5,+24.4,+21.4,+19.3,+20.0,+20.1,+20.1,+20.3,+20.1,+20.3
2023-08-20 10:22,1,+23.3,+10.7,+12.1,+7.4,+24.4,+21.4,+19.5,+20.0,+20.1,+20.1,+20.3,+20.1,+20.3
2023-08-20 11:22,1,+22.8,+10.7,+12.1,+7.5,+24.4,+21.4,+19.5,+20.0,+20.1,+20.1,+20.3,+20.1,+20.3
2023-08-20 12:22,1,+22.5,+10.6,+12.2,+7.5,+24.5,+21.4,+19.6,+20.0,+20.1,+20.1,+20.3,+20.1,+20.3
2023-08-20 13:22,1,+22.3,+10.6,+12.2,+7.6,+24.5,+21.4,+19.7,+20.1,+20.1,+20.1,+20.3,+20.1,+20.3
2023-08-20 14:22,1,+22.3,+10.6,+12.2,+7.7,+24.6,+21.5,+19.7,+20.0,+20.1,+20.0,+20.3,+20.1,+20.3
2023-08-20 15:22,1,+22.2,+10.6,+12.2,+7.6,+24.6,+21.5,+19.8,+20.1,+20.1,+20.1,+20.3,+20.1,+20.3
2023-08-20 16:22,1,+22.1,+10.5,+12.2,+7.7,+24.6,+21.5,+19.8,+20.1,+20.1,+20.1,+20.2,+20.1,+20.3
2023-08-20 17:22,1,+22.0,+10.5,+12.2,+7.7,+24.7,+21.5,+19.8,+20.1,+20.1,+20.1,+20.3,+20.1,+20.3
2023-08-20 18:22,1,+22.0,+10.5,+12.2,+7.7,+24.7,+21.5,+19.8,+20.1,+20.1,+20.1,+20.2,+20.1,+20.3
2023-08-20 19:22,1,+21.9,+10.5,+12.2,+7.7,+24.7,+21.6,+19.8,+20.2,+20.1,+20.1,+20.2,+20.1,+20.3
2023-08-20 20:22,1,+21.9,+10.5,+12.2,+7.6,+24.7,+21.6,+19.8,+20.2,+20.2,+20.1,+20.2,+20.1,+20.3
2023-08-20 21:22,1,+21.8,+10.5,+12.2,+7.6,+24.7,+21.6,+19.8,+20.2,+20.1,+20.1,+20.3,+20.1,+20.3
2023-08-20 22:22,1,+21.8,+10.5,+12.2,+7.7,+24.7,+21.6,+19.8,+20.2,+20.2,+20.1,+20.2,+20.1,+20.3
2023-08-20 23:22,1,+21.7,+10.4,+12.2,+7.6,+24.7,+21.6,+19.7,+20.2,+20.2,+20.0,+20.3,+20.0,+20.3
2023-08-21 00:22,1,+21.7,+10.4,+12.2,+7.7,+24.7,+21.6,+19.7,+20.2,+20.1,+20.1,+20.3,+20.1,+20.3
2023-08-21 01:22,1,+21.7,+10.4,+12.2,+7.6,+24.7,+21.6,+19.7,+20.1,+20.1,+20.1,+20.2,+20.1,+20.3
2023-08-21 02:22,1,+21.7,+10.4,+12.2,+7.7,+24.7,+21.6,+19.6,+20.2,+20.1,+20.1,+20.2,+20.1,+20.3
2023-08-21 03:22,1,+21.8,+10.4,+12.2,+7.6,+24.7,+21.6,+19.6,+20.2,+20.1,+20.1,+20.3,+20.1,+20.3
2023-08-21 04:22,1,+21.9,+10.4,+12.2,+7.7,+24.7,+21.7,+19.6,+20.2,+20.1,+20.1,+20.2,+20.1,+20.3
2023-08-21 05:22,1,+22.0,+10.3,+12.2,+7.6,+24.7,+21.6,+19.6,+20.1,+20.1,+20.1,+20.2,+20.0,+20.3
2023-08-21 06:22,1,+22.1,+10.4,+12.2,+7.6,+24.7,+21.7,+19.5,+20.1,+20.2,+20.1,+20.2,+20.1,+20.3
2023-08-21 07:22,1,+22.2,+10.3,+12.2,+7.7,+24.7,+21.7,+19.5,+20.1,+20.1,+20.1,+20.3,+20.1,+20.3
2023-08-21 08:22,1,+22.6,+10.4,+12.2,+7.6,+24.7,+21.7,+19.5,+20.1,+20.2,+20.1,+20.3,+20.1,+20.3
2023-08-21 09:22,1,+22.9,+10.3,+12.2,+7.7,+24.7,+21.7,+19.6,+20.1,+20.1,+20.1,+20.2,+20.1,+20.3
2023-08-21 10:22,1,+23.1,+10.3,+12.2,+7.7,+24.7,+21.7,+19.7,+20.1,+20.1,+20.1,+20.3,+20.1,+20.3
2023-08-21 11:22,1,+23.1,+10.3,+12.2,+7.7,+24.7,+21.7,+19.8,+20.1,+20.1,+20.1,+20.3,+20.1,+20.3
2023-08-21 12:22,1,+23.0,+10.3,+12.2,+7.7,+24.7,+21.7,+20.1,+20.1,+20.1,+20.0,+20.3,+20.1,+20.3
2023-08-21 13:22,1,+22.9,+10.3,+12.2,+7.7,+24.7,+21.7,+20.2,+20.2,+20.1,+20.1,+20.2,+20.1,+20.3
2023-08-21 14:22,1,+22.9,+10.3,+12.2,+7.7,+24.7,+21.7,+20.2,+20.3,+20.1,+20.1,+20.2,+20.1,+20.3
2023-08-21 15:22,1,+23.1,+10.3,+12.1,+7.7,+24.7,+21.7,+20.2,+20.3,+20.2,+20.1,+20.2,+20.1,+20.3
2023-08-21 16:22,1,+25.1,+10.3,+12.2,+7.7,+24.7,+21.7,+20.2,+20.3,+20.1,+20.1,+20.3,+20.1,+20.3
2023-08-21 17:22,1,+25.8,+11.2,+12.3,+7.7,+24.7,+21.7,+20.2,+20.5,+20.2,+20.1,+20.2,+20.1,+20.3
2023-08-21 18:22,1,+26.1,+11.2,+12.5,+7.7,+24.7,+21.7,+20.2,+20.5,+20.2,+20.1,+20.3,+20.1,+20.3
2023-08-21 19:22,1,+25.6,+11.3,+12.6,+7.8,+24.8,+21.7,+20.1,+20.5,+20.2,+20.1,+20.3,+20.1,+20.3
2023-08-21 20:22,1,+25.2,+11.3,+12.7,+7.8,+24.9,+21.7,+20.0,+20.5,+20.2,+20.1,+20.3,+20.1,+20.3
2023-08-21 21:22,1,+25.1,+11.2,+12.7,+7.9,+25.0,+21.8,+20.0,+20.3,+20.2,+20.1,+20.2,+20.1,+20.3
2023-08-21 22:22,1,+24.9,+11.2,+12.7,+8.0,+25.1,+21.9,+19.8,+20.3,+20.2,+20.1,+20.2,+20.1,+20.3
2023-08-21 23:22,1,+24.7,+11.1,+12.7,+7.9,+25.1,+21.9,+19.7,+20.3,+20.2,+20.1,+20.2,+20.1,+20.3
2023-08-22 00:22,1,+24.6,+11.0,+12.6,+7.9,+25.1,+21.9,+19.7,+20.2,+20.2,+20.2,+20.3,+20.1,+20.3
2023-08-22 01:22,1,+24.5,+11.0,+12.6,+8.0,+25.2,+22.0,+19.6,+20.2,+20.2,+20.2,+20.3,+20.1,+20.3
2023-08-22 02:22,1,+24.4,+11.0,+12.6,+8.0,+25.1,+22.0,+19.6,+20.2,+20.2,+20.1,+20.3,+20.1,+20.3
2023-08-22 03:22,1,+24.3,+10.9,+12.6,+7.9,+25.1,+22.0,+19.6,+20.2,+20.2,+20.2,+20.3,+20.1,+20.3
2023-08-22 04:22,1,+24.2,+10.9,+12.6,+7.9,+25.1,+22.0,+19.5,+20.2,+20.2,+20.2,+20.3,+20.1,+20.2
2023-08-22 05:22,1,+24.1,+10.9,+12.6,+8.0,+25.1,+22.0,+19.5,+20.1,+20.2,+20.1,+20.3,+20.1,+20.3
2023-08-22 06:22,1,+24.0,+10.8,+12.6,+8.0,+25.1,+22.0,+19.5,+20.1,+20.2,+20.1,+20.2,+20.1,+20.3
2023-08-22 07:22,1,+24.0,+10.8,+12.6,+7.9,+25.1,+22.0,+19.5,+20.1,+20.2,+20.2,+20.3,+20.1,+20.3
2023-08-22 08:22,1,+23.9,+10.8,+12.5,+7.9,+25.1,+22.0,+19.5,+20.0,+20.2,+20.1,+20.3,+20.1,+20.3
2023-08-22 09:22,1,+23.9,+10.8,+12.5,+7.9,+25.1,+22.0,+19.6,+20.1,+20.2,+20.1,+20.3,+20.1,+20.3
2023-08-22 10:22,1,+23.9,+10.8,+12.5,+8.0,+25.1,+22.1,+19.7,+20.1,+20.1,+20.1,+20.2,+20.1,+20.3
2023-08-22 11:22,1,+23.8,+10.7,+12.5,+7.8,+25.1,+22.0,+19.8,+20.1,+20.1,+20.1,+20.3,+20.1,+20.3
2023-08-22 12:22,1,+30.9,+11.4,+12.5,+8.0,+25.1,+22.1,+20.2,+20.2,+20.1,+20.1,+20.3,+20.1,+20.3
2023-08-22 13:22,1,+26.7,+12.2,+13.4,+8.4,+25.5,+22.1,+20.2,+20.2,+20.1,+20.1,+20.3,+20.1,+20.3
2023-08-22 14:22,1,+27.4,+12.5,+13.7,+8.9,+26.4,+22.5,+20.2,+20.3,+20.2,+20.1,+20.3,+20.1,+20.3
2023-08-22 15:22,1,+27.0,+12.6,+14.0,+9.4,+28.3,+25.0,+20.0,+20.3,+20.2,+20.1,+20.2,+20.1,+20.3
2023-08-22 16:22,1,+26.8,+12.3,+13.7,+8.9,+26.8,+23.7,+20.0,+20.3,+20.2,+20.1,+20.3,+20.1,+20.3
2023-08-22 17:22,1,+26.2,+12.1,+13.5,+8.8,+26.4,+23.2,+19.8,+20.3,+20.2,+20.1,+20.2,+20.1,+20.3
2023-08-22 18:22,1,+27.2,+12.3,+13.5,+8.7,+26.3,+23.0,+19.7,+20.3,+20.2,+20.1,+20.2,+20.1,+20.3
2023-08-22 19:22,1,+27.1,+12.2,+13.5,+8.6,+26.2,+23.0,+19.6,+20.2,+20.2,+20.1,+20.3,+20.1,+20.3
2023-08-22 20:22,1,+27.2,+12.2,+13.5,+8.6,+26.2,+23.0,+19.6,+20.2,+20.2,+20.1,+20.3,+20.1,+20.3
2023-08-22 21:22,1,+27.3,+12.0,+13.5,+8.7,+26.3,+23.0,+19.5,+20.1,+20.2,+20.1,+20.3,+20.1,+20.3
2023-08-22 22:22,1,+27.1,+12.1,+13.6,+8.8,+26.4,+23.0,+19.3,+20.1,+20.2,+20.1,+20.3,+20.1,+20.3
2023-08-22 23:22,1,+26.3,+12.0,+13.5,+8.6,+26.4,+23.0,+19.3,+20.1,+20.2,+20.1,+20.3,+20.1,+20.3
2023-08-23 00:22,1,+26.2,+11.8,+13.4,+8.7,+26.2,+23.0,+19.2,+20.0,+20.2,+20.2,+20.3,+20.1,+20.3
2023-08-23 01:22,1,+27.1,+11.9,+13.4,+8.6,+26.2,+22.9,+19.2,+20.0,+20.1,+20.1,+20.3,+20.1,+20.3
2023-08-23 02:22,1,+26.4,+11.9,+13.5,+8.6,+26.2,+22.9,+19.2,+20.0,+20.1,+20.1,+20.3,+20.1,+20.3
2023-08-23 03:22,1,+25.9,+11.8,+13.4,+8.5,+26.1,+22.9,+19.2,+19.8,+20.1,+20.1,+20.3,+20.1,+20.3
2023-08-23 04:22,1,+25.5,+11.7,+13.3,+8.5,+26.0,+22.8,+19.1,+19.8,+20.1,+20.2,+20.3,+20.1,+20.3
2023-08-23 05:22,1,+25.1,+11.6,+13.2,+8.5,+26.0,+22.8,+19.1,+19.8,+20.0,+20.1,+20.3,+20.1,+20.3
2023-08-23 06:22,1,+24.9,+11.5,+13.1,+8.4,+25.8,+22.7,+19.0,+19.7,+20.1,+20.1,+20.3,+20.1,+20.3
2023-08-23 07:22,1,+24.7,+11.4,+13.1,+8.4,+25.8,+22.7,+19.0,+19.7,+20.0,+20.1,+20.3,+20.1,+20.3
2023-08-23 08:22,1,+24.6,+11.3,+13.0,+8.4,+25.7,+22.6,+19.0,+19.7,+20.0,+20.1,+20.3,+20.1,+20.3
2023-08-23 09:22,1,+24.4,+11.3,+13.0,+8.3,+25.6,+22.5,+19.0,+19.7,+20.0,+20.1,+20.3,+20.1,+20.3
2023-08-23 10:22,1,+24.3,+11.2,+12.9,+8.2,+25.5,+22.4,+19.0,+19.7,+20.0,+20.1,+20.2,+20.1,+20.3
2023-08-23 11:22,1,+24.2,+11.2,+12.9,+8.1,+25.5,+22.4,+19.1,+19.7,+20.0,+20.1,+20.3,+20.1,+20.5
2023-08-23 12:22,1,+24.1,+11.1,+12.9,+8.1,+25.5,+22.4,+19.2,+19.7,+20.0,+20.1,+20.3,+20.2,+20.3
2023-08-23 13:22,1,+24.2,+11.1,+12.8,+8.2,+25.5,+22.4,+19.3,+19.7,+20.0,+20.0,+20.3,+20.1,+20.3
2023-08-23 14:22,1,+24.2,+11.0,+12.8,+8.2,+25.5,+22.4,+19.5,+19.7,+19.8,+20.0,+20.2,+20.1,+20.3
2023-08-23 15:22,1,+24.3,+11.0,+12.7,+8.2,+25.4,+22.3,+19.6,+19.8,+20.0,+20.0,+20.3,+20.1,+20.3
2023-08-23 16:22,1,+24.3,+11.0,+12.7,+8.2,+25.4,+22.3,+19.6,+19.8,+20.0,+20.0,+20.3,+20.1,+20.3
2023-08-23 17:22,1,+24.3,+11.0,+12.7,+8.1,+25.4,+22.3,+19.5,+19.8,+20.0,+20.0,+20.2,+20.1,+20.3
2023-08-23 18:22,1,+24.3,+10.9,+12.7,+8.0,+25.4,+22.3,+19.5,+19.8,+20.0,+20.0,+20.2,+20.1,+20.3
2023-08-23 19:22,1,+28.8,+11.9,+12.8,+8.1,+25.4,+22.3,+19.2,+19.8,+19.8,+20.0,+20.3,+20.1,+20.3
2023-08-23 20:22,1,+27.1,+12.1,+13.3,+8.2,+25.5,+22.3,+19.2,+19.8,+20.0,+20.0,+20.2,+20.1,+20.3
2023-08-23 21:22,1,+26.6,+11.9,+13.3,+8.4,+25.9,+22.4,+19.1,+19.8,+20.0,+20.0,+20.3,+20.0,+20.3
2023-08-23 22:22,1,+26.4,+11.8,+13.3,+8.5,+26.0,+22.6,+19.1,+19.7,+19.8,+20.0,+20.2,+20.1,+20.3
2023-08-23 23:22,1,+26.4,+11.8,+13.2,+8.5,+26.1,+22.7,+19.1,+19.7,+19.8,+20.0,+20.2,+20.1,+20.3
2023-08-24 00:22,1,+26.3,+11.7,+13.2,+8.4,+26.0,+22.7,+19.1,+19.7,+19.8,+20.0,+20.2,+20.1,+20.3
2023-08-24 01:22,1,+26.2,+11.7,+13.2,+8.4,+26.0,+22.7,+19.1,+19.7,+19.8,+20.0,+20.2,+20.1,+20.3
2023-08-24 02:22,1,+26.0,+11.6,+13.2,+8.5,+26.0,+22.7,+19.1,+19.7,+19.8,+20.0,+20.2,+20.0,+20.3
2023-08-24 03:22,1,+25.8,+11.6,+13.1,+8.5,+26.0,+22.7,+19.0,+19.7,+19.8,+20.0,+20.2,+20.0,+20.3
2023-08-24 04:22,1,+25.6,+11.5,+13.1,+8.3,+25.9,+22.7,+19.0,+19.6,+19.8,+20.0,+20.2,+20.0,+20.3
2023-08-24 05:22,1,+25.4,+11.5,+13.1,+8.3,+25.8,+22.6,+18.8,+19.6,+19.8,+20.0,+20.2,+20.0,+20.3
2023-08-24 06:22,1,+25.3,+11.4,+13.0,+8.4,+25.8,+22.6,+18.8,+19.6,+19.8,+20.0,+20.2,+20.0,+20.3
2023-08-24 07:22,1,+25.2,+11.4,+13.0,+8.4,+25.8,+22.6,+18.8,+19.6,+19.8,+19.8,+20.2,+20.0,+20.3
2023-08-24 08:22,1,+25.2,+11.4,+13.0,+8.4,+25.7,+22.6,+18.8,+19.6,+19.7,+19.8,+20.2,+20.0,+20.3
2023-08-24 09:22,1,+25.6,+11.3,+12.9,+8.2,+25.7,+22.5,+18.8,+19.6,+19.8,+19.8,+20.2,+20.0,+20.3
2023-08-24 10:22,1,+25.7,+11.4,+12.9,+8.2,+25.6,+22.5,+19.0,+19.6,+19.7,+19.8,+20.2,+20.0,+20.3
2023-08-24 11:22,1,+25.7,+11.4,+12.9,+8.3,+25.7,+22.5,+19.1,+19.6,+19.7,+19.8,+20.2,+20.0,+20.3
2023-08-24 12:22,1,+25.6,+11.4,+12.9,+8.2,+25.6,+22.5,+19.2,+19.6,+19.7,+19.8,+20.1,+20.0,+20.2
2023-08-24 13:22,1,+25.6,+11.4,+12.9,+8.3,+25.6,+22.5,+19.2,+19.6,+19.8,+19.8,+20.1,+20.0,+20.3
2023-08-24 14:22,1,+25.5,+11.4,+12.9,+8.3,+25.6,+22.5,+19.3,+19.6,+19.7,+19.8,+20.1,+20.1,+20.2
2023-08-24 15:22,1,+25.4,+11.4,+12.9,+8.3,+25.6,+22.5,+19.3,+19.7,+19.7,+19.8,+20.2,+20.0,+20.3
2023-08-24 16:22,1,+25.3,+11.4,+12.9,+8.3,+25.5,+22.4,+19.2,+19.7,+19.8,+19.8,+20.2,+20.0,+20.2
2023-08-24 17:22,1,+25.2,+11.4,+12.9,+8.2,+25.5,+22.4,+19.3,+19.7,+19.7,+19.8,+20.2,+20.0,+20.3
2023-08-24 18:22,1,+25.1,+11.3,+12.8,+8.1,+25.5,+22.4,+19.2,+19.7,+19.8,+19.8,+20.1,+20.0,+20.3
2023-08-24 19:22,1,+25.1,+11.3,+12.8,+8.2,+25.5,+22.4,+19.3,+19.7,+19.8,+19.8,+20.1,+20.0,+20.3
2023-08-24 20:22,1,+25.0,+11.3,+12.8,+8.1,+25.4,+22.4,+19.2,+19.7,+19.8,+19.8,+20.1,+20.0,+20.3
2023-08-24 21:22,1,+24.9,+11.3,+12.8,+8.2,+25.5,+22.4,+19.2,+19.7,+19.8,+19.8,+20.1,+20.0,+20.2
2023-08-24 22:22,1,+24.9,+11.3,+12.8,+8.1,+25.4,+22.4,+19.1,+19.7,+19.8,+19.8,+20.2,+20.0,+20.3
2023-08-24 23:22,1,+24.8,+11.3,+12.8,+8.2,+25.4,+22.4,+19.0,+19.6,+19.8,+19.8,+20.1,+20.0,+20.3
2023-08-25 00:22,1,+24.7,+11.2,+12.7,+8.1,+25.4,+22.4,+19.0,+19.6,+19.8,+19.8,+20.1,+20.0,+20.3
2023-08-25 01:22,1,+24.7,+11.2,+12.7,+8.2,+25.4,+22.4,+18.8,+19.6,+19.7,+19.8,+20.1,+20.0,+20.3
2023-08-25 02:22,1,+24.6,+11.2,+12.7,+8.2,+25.4,+22.4,+18.8,+19.6,+19.8,+19.8,+20.2,+20.0,+20.2
2023-08-25 03:22,1,+24.6,+11.2,+12.7,+8.2,+25.4,+22.4,+18.8,+19.6,+19.7,+19.8,+20.1,+20.0,+20.3
2023-08-25 04:22,1,+24.5,+11.2,+12.7,+8.0,+25.3,+22.3,+18.8,+19.5,+19.7,+19.8,+20.1,+20.0,+20.2
2023-08-25 05:22,1,+24.5,+11.2,+12.7,+8.2,+25.4,+22.4,+18.7,+19.5,+19.7,+19.8,+20.1,+20.0,+20.2
2023-08-25 06:22,1,+24.5,+11.2,+12.7,+8.0,+25.3,+22.3,+18.7,+19.5,+19.7,+19.8,+20.1,+20.0,+20.2
2023-08-25 07:22,1,+24.5,+11.1,+12.7,+8.1,+25.4,+22.4,+18.7,+19.5,+19.7,+19.8,+20.1,+20.0,+20.2
2023-08-25 08:22,1,+24.4,+11.1,+12.6,+8.1,+25.3,+22.3,+19.0,+19.5,+19.7,+19.7,+20.1,+20.0,+20.2
2023-08-25 09:22,1,+24.3,+11.1,+12.6,+8.1,+25.3,+22.3,+19.2,+19.5,+19.7,+19.8,+20.1,+20.0,+20.2
2023-08-25 10:22,1,+24.3,+11.1,+12.6,+8.0,+25.2,+22.3,+19.3,+19.5,+19.7,+19.8,+20.1,+20.0,+20.2
2023-08-25 11:22,1,+24.2,+11.1,+12.6,+8.0,+25.2,+22.3,+19.6,+19.6,+19.7,+19.7,+20.1,+20.0,+20.2
2023-08-25 12:22,1,+24.1,+11.0,+12.6,+8.0,+25.2,+22.3,+19.7,+19.7,+19.7,+19.8,+20.1,+20.0,+20.2
2023-08-25 13:22,1,+24.1,+11.0,+12.6,+8.1,+25.2,+22.3,+19.8,+19.7,+19.7,+19.7,+20.1,+20.0,+20.2
2023-08-25 14:22,1,+24.1,+11.0,+12.6,+8.0,+25.2,+22.3,+20.0,+19.8,+19.7,+19.7,+20.1,+20.0,+20.2
2023-08-25 15:22,1,+24.0,+11.0,+12.6,+8.1,+25.2,+22.3,+20.1,+19.8,+19.7,+19.7,+20.1,+19.8,+20.2
2023-08-25 16:22,1,+24.0,+11.0,+12.6,+8.0,+25.2,+22.3,+20.1,+20.0,+19.7,+19.8,+20.1,+20.0,+20.2
2023-08-25 17:22,1,+23.9,+11.0,+12.6,+8.0,+25.2,+22.3,+20.1,+20.1,+19.7,+19.7,+20.1,+19.8,+20.2
2023-08-25 18:22,1,+23.9,+11.0,+12.6,+8.1,+25.2,+22.3,+20.1,+20.1,+19.8,+19.7,+20.1,+20.0,+20.2
2023-08-25 19:22,1,+23.9,+11.0,+12.6,+8.0,+25.2,+22.3,+20.1,+20.2,+19.8,+19.8,+20.1,+19.8,+20.2
2023-08-25 20:22,1,+23.9,+10.9,+12.6,+8.0,+25.2,+22.3,+20.0,+20.1,+19.8,+19.8,+20.1,+19.8,+20.2
2023-08-25 21:22,1,+23.9,+10.9,+12.5,+8.0,+25.2,+22.3,+20.0,+20.2,+19.8,+19.8,+20.1,+20.0,+20.2
2023-08-25 22:22,1,+23.9,+10.9,+12.6,+7.9,+25.1,+22.2,+19.8,+20.2,+20.0,+19.8,+20.1,+20.0,+20.2
2023-08-25 23:22,1,+23.9,+10.9,+12.6,+7.9,+25.1,+22.2,+19.8,+20.2,+20.0,+19.8,+20.1,+19.8,+20.2
2023-08-26 00:22,1,+23.9,+10.9,+12.6,+7.9,+25.1,+22.2,+19.7,+20.1,+20.0,+19.8,+20.1,+20.0,+20.2
2023-08-26 01:22,1,+23.9,+10.9,+12.5,+8.0,+25.2,+22.2,+19.7,+20.1,+20.0,+19.8,+20.1,+20.0,+20.2
2023-08-26 02:22,1,+23.9,+10.9,+12.6,+8.0,+25.2,+22.3,+19.8,+20.1,+20.0,+19.8,+20.1,+19.8,+20.2
2023-08-26 03:22,1,+23.8,+10.9,+12.5,+8.0,+25.2,+22.3,+19.8,+20.1,+20.0,+19.8,+20.1,+19.8,+20.2
2023-08-26 04:22,1,+23.8,+10.9,+12.6,+8.0,+25.2,+22.3,+19.8,+20.2,+20.0,+19.8,+20.1,+20.0,+20.2
2023-08-26 05:22,1,+23.8,+10.9,+12.5,+7.9,+25.1,+22.2,+19.8,+20.1,+20.0,+19.8,+20.2,+20.0,+20.2
2023-08-26 06:22,1,+23.8,+10.9,+12.6,+8.0,+25.2,+22.3,+19.8,+20.2,+20.1,+19.8,+20.1,+20.0,+20.2
2023-08-26 07:22,1,+23.8,+10.9,+12.6,+8.0,+25.2,+22.3,+19.8,+20.2,+20.0,+19.8,+20.1,+20.0,+20.2
2023-08-26 08:22,1,+23.8,+10.9,+12.5,+7.9,+25.1,+22.3,+20.0,+20.2,+20.0,+20.0,+20.1,+20.0,+20.2
2023-08-26 09:22,1,+23.9,+10.9,+12.5,+8.0,+25.2,+22.3,+20.1,+20.2,+20.1,+19.8,+20.1,+20.0,+20.2
2023-08-26 10:22,1,+23.9,+10.9,+12.6,+8.0,+25.2,+22.3,+20.2,+20.2,+20.1,+19.8,+20.1,+20.0,+20.2
2023-08-26 11:22,1,+23.9,+10.9,+12.6,+7.9,+25.1,+22.2,+20.6,+20.3,+20.1,+20.0,+20.1,+20.0,+20.2
2023-08-26 12:22,1,+23.9,+10.9,+12.6,+7.9,+25.1,+22.2,+20.7,+20.3,+20.1,+20.0,+20.1,+20.0,+20.2
2023-08-26 13:22,1,+23.9,+10.8,+12.5,+8.0,+25.1,+22.3,+20.8,+20.5,+20.1,+20.0,+20.1,+20.0,+20.2
2023-08-26 14:22,1,+23.9,+10.8,+12.5,+8.0,+25.1,+22.2,+21.0,+20.6,+20.1,+20.0,+20.2,+20.0,+20.2
2023-08-26 15:22,1,+23.9,+10.8,+12.5,+7.9,+25.1,+22.2,+21.0,+20.7,+20.2,+20.0,+20.2,+20.0,+20.2
2023-08-26 16:22,1,+23.8,+10.8,+12.5,+8.0,+25.1,+22.2,+21.0,+20.7,+20.2,+20.0,+20.2,+20.0,+20.2
2023-08-26 17:22,1,+23.9,+10.8,+12.5,+8.0,+25.1,+22.2,+20.8,+20.8,+20.2,+20.0,+20.2,+20.0,+20.2
2023-08-26 18:22,1,+23.7,+10.8,+12.5,+7.9,+25.1,+22.2,+20.8,+20.8,+20.3,+20.0,+20.2,+20.0,+20.2
2023-08-26 19:22,1,+23.5,+10.8,+12.5,+8.0,+25.1,+22.3,+20.8,+20.8,+20.3,+20.0,+20.2,+20.0,+20.2
2023-08-26 20:22,1,+23.4,+10.8,+12.5,+7.9,+25.1,+22.2,+20.7,+20.8,+20.3,+20.0,+20.1,+20.0,+20.2
2023-08-26 21:22,1,+23.4,+10.8,+12.5,+7.9,+25.1,+22.2,+20.7,+20.8,+20.3,+20.0,+20.2,+20.0,+20.2
2023-08-26 22:22,1,+23.3,+10.8,+12.5,+7.9,+25.0,+22.2,+20.6,+20.8,+20.3,+20.1,+20.2,+20.0,+20.2
2023-08-26 23:22,1,+23.3,+10.8,+12.5,+8.0,+25.1,+22.2,+20.6,+20.8,+20.5,+20.1,+20.2,+20.0,+20.2
2023-08-27 00:22,1,+23.3,+10.8,+12.5,+8.0,+25.1,+22.3,+20.6,+20.8,+20.5,+20.1,+20.2,+20.0,+20.2
2023-08-27 01:22,1,+23.3,+10.8,+12.5,+7.9,+25.1,+22.2,+20.5,+20.8,+20.5,+20.1,+20.2,+20.0,+20.2
2023-08-27 02:22,1,+23.4,+10.8,+12.5,+8.0,+25.1,+22.3,+20.3,+20.8,+20.5,+20.1,+20.2,+20.0,+20.2
2023-08-27 03:22,1,+23.4,+10.7,+12.5,+8.0,+25.1,+22.3,+20.3,+20.7,+20.5,+20.1,+20.2,+20.0,+20.2
2023-08-27 04:22,1,+23.4,+10.7,+12.5,+7.9,+25.1,+22.2,+20.2,+20.7,+20.5,+20.1,+20.2,+20.0,+20.2
2023-08-27 05:22,1,+23.4,+10.7,+12.5,+7.9,+25.1,+22.2,+20.2,+20.7,+20.5,+20.2,+20.2,+20.0,+20.2
2023-08-27 06:22,1,+23.3,+10.7,+12.5,+7.9,+25.1,+22.2,+20.1,+20.6,+20.5,+20.2,+20.2,+20.0,+20.2
2023-08-27 07:22,1,+23.3,+10.7,+12.5,+8.0,+25.1,+22.3,+20.1,+20.6,+20.5,+20.2,+20.3,+20.0,+20.2
2023-08-27 08:22,1,+23.3,+10.7,+12.5,+8.0,+25.1,+22.2,+20.2,+20.6,+20.5,+20.2,+20.2,+20.0,+20.2
2023-08-27 09:22,1,+23.3,+10.7,+12.5,+8.0,+25.1,+22.2,+20.5,+20.6,+20.5,+20.2,+20.3,+20.1,+20.2
2023-08-27 10:22,1,+23.3,+10.6,+12.4,+8.0,+25.0,+22.2,+20.6,+20.6,+20.5,+20.2,+20.3,+20.1,+20.2
2023-08-27 11:22,1,+23.3,+10.6,+12.4,+8.0,+25.0,+22.2,+20.7,+20.7,+20.5,+20.2,+20.3,+20.1,+20.3
2023-08-27 12:22,1,+23.3,+10.6,+12.4,+8.0,+25.0,+22.2,+20.8,+20.7,+20.3,+20.2,+20.2,+20.1,+20.2
2023-08-27 13:22,1,+23.3,+10.6,+12.4,+7.8,+25.0,+22.2,+21.0,+20.8,+20.5,+20.2,+20.3,+20.1,+20.3
2023-08-27 14:22,1,+23.3,+10.6,+12.4,+7.8,+24.9,+22.2,+21.1,+20.8,+20.5,+20.2,+20.3,+20.1,+20.2
2023-08-27 15:22,1,+23.2,+10.6,+12.4,+7.8,+24.9,+22.2,+21.1,+21.0,+20.5,+20.2,+20.3,+20.1,+20.2
2023-08-27 16:22,1,+23.2,+10.6,+12.4,+7.9,+25.0,+22.2,+21.2,+21.1,+20.6,+20.2,+20.3,+20.1,+20.2
2023-08-27 17:22,1,+23.2,+10.6,+12.4,+8.0,+25.0,+22.2,+21.2,+21.1,+20.6,+20.2,+20.3,+20.1,+20.2
2023-08-27 18:22,1,+23.1,+10.6,+12.4,+7.8,+24.9,+22.2,+21.2,+21.1,+20.6,+20.2,+20.3,+20.1,+20.3
2023-08-27 19:22,1,+23.1,+10.6,+12.4,+7.9,+25.0,+22.2,+21.1,+21.1,+20.6,+20.2,+20.3,+20.1,+20.3
2023-08-27 20:22,1,+23.1,+10.6,+12.4,+7.9,+25.0,+22.2,+21.0,+21.1,+20.6,+20.3,+20.3,+20.1,+20.3
2023-08-27 21:22,1,+23.1,+10.5,+12.4,+7.8,+24.9,+22.2,+20.8,+21.1,+20.7,+20.3,+20.3,+20.1,+20.2
2023-08-27 22:22,1,+23.1,+10.5,+12.4,+7.9,+24.9,+22.2,+20.7,+21.1,+20.7,+20.3,+20.3,+20.2,+20.2
2023-08-27 23:22,1,+23.1,+10.5,+12.4,+7.9,+24.9,+22.2,+20.6,+21.1,+20.7,+20.3,+20.3,+20.1,+20.3
2023-08-28 00:22,1,+23.0,+10.5,+12.4,+7.8,+24.9,+22.2,+20.6,+21.0,+20.7,+20.3,+20.5,+20.1,+20.3
2023-08-28 01:22,1,+23.0,+10.5,+12.4,+7.8,+24.9,+22.2,+20.5,+21.0,+20.7,+20.3,+20.3,+20.1,+20.3
2023-08-28 02:22,1,+23.0,+10.5,+12.4,+7.9,+24.9,+22.2,+20.5,+21.0,+20.7,+20.3,+20.5,+20.1,+20.3
2023-08-28 03:22,1,+23.0,+10.5,+12.4,+7.8,+24.9,+22.2,+20.3,+20.8,+20.7,+20.3,+20.5,+20.2,+20.3
2023-08-28 04:22,1,+23.0,+10.5,+12.4,+7.9,+24.9,+22.2,+20.2,+20.8,+20.7,+20.3,+20.5,+20.2,+20.3
2023-08-28 05:22,1,+23.0,+10.5,+12.4,+7.8,+24.9,+22.2,+20.1,+20.8,+20.7,+20.5,+20.3,+20.1,+20.3
2023-08-28 06:22,1,+23.0,+10.5,+12.4,+7.8,+24.9,+22.2,+20.1,+20.7,+20.7,+20.3,+20.5,+20.2,+20.3
2023-08-28 07:22,1,+22.9,+10.5,+12.4,+7.8,+24.9,+22.1,+20.1,+20.7,+20.7,+20.3,+20.5,+20.2,+20.3
2023-08-28 08:22,1,+22.9,+10.5,+12.3,+7.8,+24.9,+22.1,+20.2,+20.6,+20.6,+20.5,+20.5,+20.2,+20.3
2023-08-28 09:22,1,+22.9,+10.5,+12.3,+7.9,+24.9,+22.2,+20.5,+20.6,+20.6,+20.5,+20.5,+20.2,+20.3
2023-08-28 10:22,1,+22.9,+10.4,+12.3,+7.8,+24.8,+22.1,+20.5,+20.7,+20.6,+20.3,+20.5,+20.2,+20.3
2023-08-28 11:22,1,+22.9,+10.4,+12.3,+7.8,+24.8,+22.1,+20.6,+20.7,+20.6,+20.5,+20.5,+20.2,+20.3
2023-08-28 12:22,1,+22.8,+10.4,+12.3,+7.8,+24.8,+22.1,+20.7,+20.8,+20.6,+20.3,+20.5,+20.2,+20.3
2023-08-28 13:22,1,+22.7,+10.4,+12.3,+7.8,+24.8,+22.1,+20.8,+20.8,+20.6,+20.5,+20.6,+20.2,+20.3
2023-08-28 14:22,1,+22.6,+10.4,+12.3,+7.8,+24.8,+22.1,+20.8,+20.8,+20.6,+20.5,+20.5,+20.2,+20.3
2023-08-28 15:22,1,+22.6,+10.4,+12.3,+7.8,+24.8,+22.1,+20.7,+21.0,+20.6,+20.3,+20.5,+20.2,+20.3
2023-08-28 16:22,1,+22.5,+10.4,+12.3,+7.7,+24.7,+22.1,+20.8,+21.0,+20.6,+20.5,+20.5,+20.2,+20.3
2023-08-28 17:22,1,+22.5,+10.4,+12.3,+7.8,+24.8,+22.1,+20.7,+21.0,+20.6,+20.3,+20.5,+20.2,+20.3
2023-08-28 18:22,1,+22.4,+10.4,+12.3,+7.7,+24.7,+22.1,+20.7,+21.0,+20.7,+20.3,+20.5,+20.2,+20.5
2023-08-28 19:22,1,+22.4,+10.3,+12.2,+7.7,+24.7,+22.1,+20.7,+21.0,+20.7,+20.5,+20.5,+20.2,+20.3
2023-08-28 20:22,1,+22.4,+10.3,+12.2,+7.7,+24.7,+22.0,+20.7,+21.0,+20.7,+20.5,+20.5,+20.2,+20.3
2023-08-28 21:22,1,+22.4,+10.3,+12.2,+7.8,+24.8,+22.1,+20.6,+21.0,+20.7,+20.3,+20.5,+20.2,+20.5
2023-08-28 22:22,1,+22.4,+10.3,+12.2,+7.8,+24.8,+22.1,+20.6,+21.0,+20.7,+20.5,+20.5,+20.2,+20.3
2023-08-28 23:22,1,+22.5,+10.3,+12.2,+7.7,+24.7,+22.0,+20.6,+21.0,+20.7,+20.3,+20.6,+20.3,+20.3
2023-08-29 00:22,1,+22.5,+10.3,+12.2,+7.7,+24.7,+22.0,+20.5,+20.8,+20.7,+20.5,+20.5,+20.2,+20.5
2023-08-29 01:22,1,+22.5,+10.3,+12.2,+7.8,+24.7,+22.0,+20.5,+21.0,+20.7,+20.3,+20.5,+20.3,+20.5
2023-08-29 02:22,1,+22.5,+10.3,+12.2,+7.7,+24.7,+22.0,+20.5,+20.8,+20.7,+20.5,+20.5,+20.3,+20.5
2023-08-29 03:22,1,+22.4,+10.3,+12.2,+7.8,+24.7,+22.0,+20.5,+20.8,+20.7,+20.5,+20.6,+20.2,+20.5
2023-08-29 04:22,1,+22.4,+10.3,+12.2,+7.8,+24.7,+22.0,+20.3,+20.8,+20.7,+20.5,+20.6,+20.3,+20.5
2023-08-29 05:22,1,+22.4,+10.3,+12.2,+7.8,+24.7,+22.0,+20.5,+20.8,+20.7,+20.5,+20.6,+20.2,+20.5
2023-08-29 06:22,1,+22.4,+10.3,+12.2,+7.8,+24.7,+22.0,+20.3,+20.8,+20.7,+20.5,+20.6,+20.2,+20.5
2023-08-29 07:22,1,+22.4,+10.3,+12.2,+7.7,+24.7,+22.0,+20.3,+20.8,+20.7,+20.5,+20.5,+20.3,+20.5
2023-08-29 08:22,1,+22.3,+10.3,+12.2,+7.7,+24.7,+22.0,+20.6,+20.8,+20.7,+20.5,+20.6,+20.3,+20.5
2023-08-29 09:22,1,+22.3,+10.3,+12.2,+7.6,+24.6,+22.0,+20.8,+20.8,+20.7,+20.5,+20.6,+20.3,+20.5
2023-08-29 10:22,1,+22.3,+10.3,+12.2,+7.6,+24.6,+21.9,+21.2,+21.0,+20.7,+20.5,+20.6,+20.2,+20.5
2023-08-29 11:22,1,+22.3,+10.2,+12.2,+7.6,+24.6,+21.9,+21.3,+21.0,+20.7,+20.5,+20.6,+20.3,+20.5
2023-08-29 12:22,1,+22.2,+10.2,+12.2,+7.6,+24.6,+21.9,+21.6,+21.1,+20.7,+20.5,+20.6,+20.3,+20.5
2023-08-29 13:22,1,+22.2,+10.2,+12.2,+7.7,+24.6,+21.9,+21.6,+21.2,+20.7,+20.5,+20.6,+20.3,+20.5
2023-08-29 14:22,1,+22.1,+10.2,+12.2,+7.7,+24.6,+21.9,+21.7,+21.3,+20.8,+20.5,+20.6,+20.3,+20.5
2023-08-29 15:22,1,+22.1,+10.2,+12.2,+7.7,+24.6,+21.9,+21.7,+21.5,+20.8,+20.5,+20.6,+20.3,+20.5
2023-08-29 16:22,1,+22.1,+10.2,+12.2,+7.7,+24.6,+21.9,+21.7,+21.5,+20.8,+20.5,+20.6,+20.3,+20.5
2023-08-29 17:22,1,+22.1,+10.2,+12.2,+7.6,+24.6,+21.9,+21.7,+21.5,+20.8,+20.5,+20.6,+20.3,+20.5
2023-08-29 18:22,1,+22.0,+10.2,+12.2,+7.7,+24.6,+21.9,+21.6,+21.6,+20.8,+20.5,+20.6,+20.3,+20.5
2023-08-29 19:22,1,+22.0,+10.2,+12.2,+7.6,+24.6,+21.9,+21.6,+21.6,+21.0,+20.5,+20.6,+20.3,+20.5
2023-08-29 20:22,1,+22.0,+10.2,+12.2,+7.7,+24.6,+21.9,+21.5,+21.6,+21.0,+20.5,+20.6,+20.3,+20.5
2023-08-29 21:22,1,+22.0,+10.2,+12.2,+7.6,+24.6,+21.9,+21.5,+21.6,+21.0,+20.6,+20.6,+20.3,+20.6
2023-08-29 22:22,1,+21.9,+10.2,+12.2,+7.7,+24.6,+21.9,+21.5,+21.6,+21.0,+20.6,+20.6,+20.3,+20.5
2023-08-29 23:22,1,+21.9,+10.2,+12.1,+7.7,+24.6,+21.9,+21.3,+21.6,+21.1,+20.6,+20.6,+20.3,+20.5
2023-08-30 00:22,1,+21.9,+10.2,+12.2,+7.7,+24.6,+21.9,+21.2,+21.5,+21.1,+20.6,+20.6,+20.3,+20.5
2023-08-30 01:22,1,+21.9,+10.2,+12.2,+7.7,+24.6,+21.9,+21.2,+21.5,+21.1,+20.6,+20.6,+20.3,+20.5
2023-08-30 02:22,1,+21.9,+10.2,+12.2,+7.7,+24.6,+21.9,+21.1,+21.5,+21.1,+20.7,+20.7,+20.3,+20.5
2023-08-30 03:22,1,+21.9,+10.2,+12.2,+7.6,+24.5,+21.9,+21.0,+21.5,+21.1,+20.6,+20.7,+20.3,+20.5
2023-08-30 04:22,1,+21.9,+10.2,+12.2,+7.6,+24.5,+21.9,+20.8,+21.3,+21.1,+20.7,+20.7,+20.5,+20.5
2023-08-30 05:22,1,+21.9,+10.2,+12.2,+7.6,+24.5,+21.8,+20.7,+21.3,+21.1,+20.6,+20.7,+20.3,+20.5
2023-08-30 06:22,1,+21.9,+10.1,+12.1,+7.6,+24.5,+21.8,+20.6,+21.2,+21.1,+20.7,+20.7,+20.3,+20.5
2023-08-30 07:22,1,+21.9,+10.1,+12.1,+7.7,+24.6,+21.9,+20.7,+21.2,+21.1,+20.7,+20.7,+20.3,+20.5
2023-08-30 08:22,1,+21.9,+10.1,+12.1,+7.6,+24.5,+21.8,+20.6,+21.2,+21.0,+20.7,+20.7,+20.5,+20.5
2023-08-30 09:22,1,+21.9,+10.1,+12.1,+7.7,+24.5,+21.9,+20.7,+21.1,+21.1,+20.7,+20.7,+20.5,+20.6
2023-08-30 10:22,1,+21.9,+10.1,+12.1,+7.5,+24.5,+21.8,+20.8,+21.1,+21.0,+20.7,+20.7,+20.5,+20.6
2023-08-30 11:22,1,+21.8,+10.1,+12.1,+7.6,+24.5,+21.8,+21.0,+21.1,+21.0,+20.7,+20.7,+20.5,+20.5
2023-08-30 12:22,1,+21.7,+10.1,+12.1,+7.5,+24.5,+21.8,+21.2,+21.2,+21.0,+20.7,+20.7,+20.5,+20.6
2023-08-30 13:22,1,+21.7,+10.1,+12.1,+7.6,+24.5,+21.8,+21.3,+21.2,+21.0,+20.7,+20.7,+20.5,+20.6
2023-08-30 14:22,1,+21.6,+10.1,+12.1,+7.5,+24.5,+21.8,+21.5,+21.2,+21.0,+20.7,+20.7,+20.5,+20.5
2023-08-30 15:22,1,+21.5,+10.0,+12.1,+7.5,+24.5,+21.8,+21.5,+21.3,+21.0,+20.7,+20.7,+20.5,+20.6
2023-08-30 16:22,1,+21.6,+10.0,+12.1,+7.5,+24.5,+21.8,+21.6,+21.3,+21.1,+20.7,+20.7,+20.5,+20.6
2023-08-30 17:22,1,+21.6,+10.0,+12.1,+7.5,+24.5,+21.8,+21.6,+21.5,+21.0,+20.7,+20.7,+20.5,+20.6
2023-08-30 18:22,1,+23.9,+10.0,+12.1,+7.6,+24.5,+21.8,+21.5,+21.5,+21.0,+20.7,+20.7,+20.5,+20.6
2023-08-30 19:22,1,+22.8,+10.0,+12.1,+7.6,+24.5,+21.8,+21.5,+21.5,+21.1,+20.7,+20.7,+20.5,+20.6
2023-08-30 20:22,1,+22.4,+10.0,+12.1,+7.6,+24.5,+21.8,+21.5,+21.6,+21.1,+20.7,+20.7,+20.5,+20.6
2023-08-30 21:22,1,+22.3,+10.0,+12.0,+7.5,+24.5,+21.8,+21.3,+21.6,+21.1,+20.7,+20.7,+20.5,+20.6
2023-08-30 22:22,1,+22.3,+10.0,+12.1,+7.5,+24.5,+21.8,+21.2,+21.5,+21.1,+20.7,+20.7,+20.5,+20.6
2023-08-30 23:22,1,+22.3,+10.0,+12.0,+7.5,+24.4,+21.8,+21.2,+21.5,+21.1,+20.7,+20.7,+20.5,+20.6
2023-08-31 00:22,1,+22.4,+10.0,+12.0,+7.6,+24.5,+21.8,+21.1,+21.5,+21.1,+20.7,+20.7,+20.6,+20.6
2023-08-31 01:22,1,+22.3,+10.0,+12.1,+7.6,+24.5,+21.8,+21.0,+21.5,+21.1,+20.8,+20.8,+20.5,+20.6
2023-08-31 02:22,1,+22.3,+10.0,+12.0,+7.6,+24.5,+21.8,+21.0,+21.3,+21.1,+20.7,+20.7,+20.5,+20.6
2023-08-31 03:22,1,+22.4,+10.0,+12.0,+7.6,+24.5,+21.8,+20.8,+21.3,+21.2,+20.8,+20.7,+20.5,+20.6
2023-08-31 04:22,1,+22.5,+10.1,+12.1,+7.5,+24.4,+21.7,+20.7,+21.3,+21.1,+20.7,+20.8,+20.5,+20.6
2023-08-31 05:22,1,+22.5,+10.2,+12.0,+7.5,+24.4,+21.7,+20.7,+21.2,+21.1,+20.8,+20.8,+20.5,+20.6
2023-08-31 06:22,1,+22.5,+10.3,+12.0,+7.5,+24.4,+21.7,+20.7,+21.2,+21.1,+20.8,+20.8,+20.6,+20.6
2023-08-31 07:22,1,+22.3,+10.3,+12.0,+7.6,+24.5,+21.7,+20.6,+21.2,+21.1,+20.8,+20.8,+20.6,+20.6
2023-08-31 08:22,1,+22.3,+10.3,+12.0,+7.6,+24.5,+21.7,+20.6,+21.2,+21.1,+20.7,+20.8,+20.5,+20.6
2023-08-31 09:22,1,+22.3,+10.3,+12.0,+7.6,+24.5,+21.7,+20.6,+21.1,+21.1,+20.7,+20.8,+20.5,+20.6
2023-08-31 10:22,1,+22.3,+10.3,+12.0,+7.6,+24.5,+21.7,+20.7,+21.1,+21.1,+20.8,+20.8,+20.6,+20.6
2023-08-31 11:22,1,+22.3,+10.2,+12.0,+7.6,+24.4,+21.7,+21.0,+21.1,+21.1,+20.8,+20.8,+20.6,+20.6
2023-08-31 12:22,1,+22.3,+10.2,+12.0,+7.5,+24.4,+21.7,+21.1,+21.2,+21.0,+20.8,+20.8,+20.6,+20.7
2023-08-31 13:22,1,+22.3,+10.2,+12.0,+7.6,+24.4,+21.7,+21.3,+21.2,+21.0,+20.7,+20.8,+20.6,+20.6
2023-08-31 14:22,1,+22.2,+10.2,+12.0,+7.4,+24.4,+21.7,+21.3,+21.2,+21.1,+20.7,+20.8,+20.6,+20.7
2023-08-31 15:22,1,+22.2,+10.2,+12.0,+7.4,+24.4,+21.6,+21.5,+21.3,+21.1,+20.7,+20.8,+20.6,+20.7
2023-08-31 16:22,1,+22.1,+10.2,+12.0,+7.6,+24.4,+21.7,+21.3,+21.3,+21.0,+20.7,+20.8,+20.6,+20.6
2023-08-31 17:22,1,+22.1,+10.2,+12.0,+7.4,+24.4,+21.6,+21.2,+21.5,+21.1,+20.8,+20.8,+20.6,+20.6
2023-08-31 18:22,1,+22.1,+10.2,+12.0,+7.5,+24.4,+21.7,+21.1,+21.5,+21.1,+20.7,+20.8,+20.5,+20.6
2023-08-31 19:22,1,+22.1,+10.2,+12.0,+7.5,+24.4,+21.7,+21.0,+21.3,+21.1,+20.8,+20.8,+20.6,+20.7
2023-08-31 20:22,1,+22.1,+10.2,+12.0,+7.4,+24.3,+21.6,+20.8,+21.3,+21.1,+20.7,+20.8,+20.6,+20.7
2023-08-31 21:22,1,+22.0,+10.2,+12.0,+7.5,+24.4,+21.6,+20.7,+21.3,+21.1,+20.8,+20.8,+20.6,+20.7
2023-08-31 22:22,1,+22.0,+10.2,+12.0,+7.4,+24.3,+21.6,+20.6,+21.2,+21.1,+20.7,+20.8,+20.6,+20.7
2023-08-31 23:22,1,+22.0,+10.2,+12.0,+7.5,+24.4,+21.6,+20.6,+21.2,+21.1,+20.8,+20.8,+20.6,+20.7
2023-09-01 00:22,1,+22.0,+10.1,+12.0,+7.5,+24.4,+21.6,+20.6,+21.2,+21.1,+20.8,+20.8,+20.6,+20.7
2023-09-01 01:22,1,+22.1,+10.2,+12.0,+7.5,+24.4,+21.6,+20.5,+21.1,+21.1,+20.8,+20.8,+20.6,+20.7
2023-09-01 02:22,1,+22.0,+10.1,+12.0,+7.5,+24.4,+21.6,+20.5,+21.1,+21.1,+20.8,+20.8,+20.6,+20.7
2023-09-01 03:22,1,+22.0,+10.1,+12.0,+7.5,+24.4,+21.6,+20.3,+21.1,+21.0,+20.8,+20.8,+20.6,+20.7
2023-09-01 04:22,1,+21.9,+10.1,+11.9,+7.5,+24.4,+21.6,+20.3,+21.0,+21.0,+20.8,+20.8,+20.6,+20.7
2023-09-01 05:22,1,+21.9,+10.1,+12.0,+7.5,+24.4,+21.6,+20.2,+21.0,+21.0,+20.8,+20.8,+20.6,+20.7
2023-09-01 06:22,1,+21.9,+10.1,+12.0,+7.5,+24.4,+21.6,+20.1,+20.8,+21.0,+20.7,+21.0,+20.6,+20.7
2023-09-01 07:22,1,+21.8,+10.1,+12.0,+7.5,+24.4,+21.6,+20.1,+20.8,+21.0,+20.8,+21.0,+20.6,+20.7
2023-09-01 08:22,1,+21.8,+10.1,+12.0,+7.4,+24.3,+21.6,+20.2,+20.8,+21.0,+20.8,+20.8,+20.6,+20.6
2023-09-01 09:22,1,+21.8,+10.1,+11.9,+7.5,+24.3,+21.6,+20.3,+20.7,+20.8,+20.8,+20.8,+20.6,+20.7
2023-09-01 10:22,1,+21.8,+10.1,+11.9,+7.5,+24.3,+21.6,+20.5,+20.7,+20.8,+20.8,+20.8,+20.6,+20.7
2023-09-01 11:22,1,+21.8,+10.1,+11.9,+7.4,+24.3,+21.6,+20.6,+20.8,+20.8,+20.7,+20.8,+20.6,+20.7
2023-09-01 12:22,1,+21.7,+10.1,+11.9,+7.5,+24.3,+21.6,+20.8,+20.8,+20.8,+20.7,+20.8,+20.6,+20.7
2023-09-01 13:22,1,+21.8,+10.1,+11.9,+7.4,+24.2,+21.6,+20.8,+21.0,+20.8,+20.7,+20.8,+20.6,+20.7
2023-09-01 14:22,1,+23.1,+10.1,+11.9,+7.5,+24.3,+21.6,+20.7,+21.0,+20.8,+20.7,+20.8,+20.6,+20.7
2023-09-01 15:22,1,+23.3,+10.1,+11.9,+7.5,+24.3,+21.6,+20.6,+21.0,+20.8,+20.7,+20.8,+20.6,+20.7
2023-09-01 16:22,1,+24.5,+10.1,+11.9,+7.4,+24.3,+21.6,+20.5,+21.0,+20.8,+20.7,+20.8,+20.6,+20.7
2023-09-01 17:22,1,+24.6,+10.1,+11.9,+7.4,+24.3,+21.6,+20.3,+21.0,+20.8,+20.7,+20.8,+20.6,+20.7
2023-09-01 18:22,1,+24.4,+10.2,+11.9,+7.5,+24.3,+21.6,+20.2,+20.8,+20.8,+20.7,+20.8,+20.6,+20.7
2023-09-01 19:22,1,+24.3,+10.2,+11.9,+7.4,+24.2,+21.6,+20.2,+20.8,+20.8,+20.7,+20.8,+20.6,+20.7
2023-09-01 20:22,1,+24.2,+10.2,+11.9,+7.4,+24.2,+21.6,+20.2,+20.8,+20.8,+20.7,+20.8,+20.6,+20.7
2023-09-01 21:22,1,+24.1,+10.2,+11.9,+7.5,+24.3,+21.6,+20.2,+20.7,+20.8,+20.7,+20.8,+20.6,+20.7
2023-09-01 22:22,1,+24.1,+10.2,+11.9,+7.4,+24.3,+21.5,+20.1,+20.7,+20.8,+20.7,+20.8,+20.6,+20.7
2023-09-01 23:22,1,+24.0,+10.2,+11.9,+7.4,+24.3,+21.5,+20.1,+20.7,+20.8,+20.7,+20.8,+20.6,+20.7
2023-09-02 00:22,1,+24.0,+10.2,+11.9,+7.5,+24.3,+21.6,+20.0,+20.6,+20.7,+20.7,+20.8,+20.6,+20.7
2023-09-02 01:22,1,+23.9,+10.2,+11.9,+7.4,+24.2,+21.5,+20.0,+20.7,+20.8,+20.7,+20.8,+20.6,+20.7
2023-09-02 02:22,1,+23.9,+10.2,+11.9,+7.5,+24.3,+21.5,+20.0,+20.6,+20.7,+20.7,+20.8,+20.6,+20.7
2023-09-02 03:22,1,+23.8,+10.2,+11.9,+7.4,+24.3,+21.5,+19.8,+20.6,+20.7,+20.7,+20.8,+20.6,+20.7
2023-09-02 04:22,1,+23.7,+10.2,+11.9,+7.5,+24.3,+21.5,+19.7,+20.5,+20.7,+20.6,+20.8,+20.6,+20.7
2023-09-02 05:22,1,+23.7,+10.2,+11.9,+7.5,+24.3,+21.5,+19.7,+20.5,+20.7,+20.7,+20.8,+20.6,+20.7
2023-09-02 06:22,1,+23.6,+10.2,+11.9,+7.5,+24.3,+21.5,+19.7,+20.5,+20.7,+20.6,+20.8,+20.6,+20.8
2023-09-02 07:22,1,+23.6,+10.2,+11.9,+7.4,+24.2,+21.5,+19.7,+20.5,+20.7,+20.7,+20.8,+20.6,+20.7
2023-09-02 08:22,1,+23.5,+10.2,+11.9,+7.4,+24.2,+21.5,+19.7,+20.3,+20.6,+20.6,+20.8,+20.6,+20.7
2023-09-02 09:22,1,+23.5,+10.2,+11.9,+7.5,+24.3,+21.5,+19.8,+20.3,+20.6,+20.6,+20.8,+20.6,+20.8
2023-09-02 10:22,1,+23.4,+10.2,+11.9,+7.5,+24.3,+21.5,+20.1,+20.3,+20.6,+20.6,+20.8,+20.6,+20.7
2023-09-02 11:22,1,+23.4,+10.2,+11.9,+7.4,+24.2,+21.5,+20.2,+20.5,+20.6,+20.6,+20.8,+20.5,+20.7
2023-09-02 12:22,1,+23.3,+10.2,+11.9,+7.4,+24.2,+21.5,+20.3,+20.5,+20.6,+20.6,+20.8,+20.6,+20.7
2023-09-02 13:22,1,+23.3,+10.2,+11.9,+7.5,+24.3,+21.5,+20.5,+20.6,+20.6,+20.6,+20.7,+20.6,+20.7
2023-09-02 14:22,1,+23.2,+10.2,+11.9,+7.5,+24.3,+21.5,+20.6,+20.6,+20.6,+20.6,+20.8,+20.6,+20.7
2023-09-02 15:22,1,+23.2,+10.2,+11.9,+7.4,+24.2,+21.5,+20.6,+20.7,+20.6,+20.6,+20.8,+20.6,+20.7
2023-09-02 16:22,1,+23.2,+10.2,+11.9,+7.5,+24.3,+21.5,+20.6,+20.7,+20.6,+20.6,+20.8,+20.6,+20.7
2023-09-02 17:22,1,+23.2,+10.1,+11.9,+7.5,+24.3,+21.5,+20.5,+20.7,+20.6,+20.6,+20.7,+20.6,+20.7
2023-09-02 18:22,1,+23.1,+10.1,+11.9,+7.4,+24.2,+21.5,+20.3,+20.8,+20.6,+20.6,+20.7,+20.6,+20.7
2023-09-02 19:22,1,+23.1,+10.1,+11.9,+7.5,+24.3,+21.5,+20.2,+20.7,+20.7,+20.6,+20.7,+20.5,+20.7
2023-09-02 20:22,1,+23.1,+10.1,+11.9,+7.5,+24.3,+21.5,+20.2,+20.7,+20.7,+20.6,+20.7,+20.6,+20.7
2023-09-02 21:22,1,+23.1,+10.1,+11.9,+7.4,+24.2,+21.4,+20.2,+20.7,+20.6,+20.6,+20.7,+20.5,+20.7
2023-09-02 22:22,1,+23.1,+10.1,+11.9,+7.4,+24.2,+21.4,+20.1,+20.6,+20.7,+20.5,+20.7,+20.5,+20.7
2023-09-02 23:22,1,+23.1,+10.1,+11.9,+7.5,+24.3,+21.5,+20.1,+20.7,+20.7,+20.6,+20.7,+20.5,+20.7
2023-09-03 00:22,1,+23.1,+10.1,+11.9,+7.5,+24.3,+21.5,+20.1,+20.6,+20.6,+20.5,+20.7,+20.5,+20.7
2023-09-03 01:22,1,+23.1,+10.1,+11.9,+7.5,+24.3,+21.4,+20.0,+20.6,+20.6,+20.6,+20.7,+20.6,+20.7
2023-09-03 02:22,1,+23.0,+10.1,+11.9,+7.5,+24.3,+21.4,+20.0,+20.6,+20.6,+20.5,+20.8,+20.5,+20.7
2023-09-03 03:22,1,+23.0,+10.1,+11.9,+7.5,+24.3,+21.4,+19.8,+20.6,+20.6,+20.6,+20.7,+20.6,+20.7
2023-09-03 04:22,1,+23.0,+10.1,+11.9,+7.4,+24.2,+21.4,+19.8,+20.5,+20.6,+20.5,+20.7,+20.6,+20.7
2023-09-03 05:22,1,+23.0,+10.1,+11.9,+7.5,+24.3,+21.4,+19.7,+20.5,+20.6,+20.5,+20.7,+20.5,+20.7
2023-09-03 06:22,1,+23.0,+10.1,+11.9,+7.4,+24.2,+21.4,+19.7,+20.5,+20.6,+20.6,+20.7,+20.5,+20.7
2023-09-03 07:22,1,+22.9,+10.1,+11.9,+7.4,+24.2,+21.4,+19.7,+20.3,+20.6,+20.6,+20.7,+20.6,+20.7
2023-09-03 08:22,1,+22.9,+10.1,+11.9,+7.5,+24.3,+21.4,+19.7,+20.3,+20.6,+20.6,+20.7,+20.5,+20.7
2023-09-03 09:22,1,+22.9,+10.1,+11.9,+7.5,+24.3,+21.4,+19.8,+20.3,+20.5,+20.5,+20.7,+20.5,+20.7
2023-09-03 10:22,1,+22.8,+10.1,+11.9,+7.5,+24.3,+21.4,+20.0,+20.3,+20.5,+20.5,+20.7,+20.6,+20.7
2023-09-03 11:22,1,+22.8,+10.1,+11.9,+7.4,+24.2,+21.4,+20.2,+20.3,+20.5,+20.5,+20.7,+20.5,+20.7
2023-09-03 12:22,1,+22.7,+10.1,+11.8,+7.4,+24.2,+21.4,+20.3,+20.5,+20.5,+20.5,+20.7,+20.5,+20.7
2023-09-03 13:22,1,+22.7,+10.0,+11.8,+7.5,+24.2,+21.4,+20.6,+20.6,+20.5,+20.5,+20.7,+20.5,+20.7
2023-09-03 14:22,1,+22.7,+10.0,+11.8,+7.5,+24.2,+21.4,+20.6,+20.6,+20.5,+20.5,+20.7,+20.5,+20.7
2023-09-03 15:22,1,+22.6,+10.0,+11.8,+7.4,+24.2,+21.4,+20.6,+20.6,+20.5,+20.5,+20.7,+20.5,+20.7
2023-09-03 16:22,1,+22.6,+10.0,+11.8,+7.3,+24.2,+21.4,+20.6,+20.7,+20.5,+20.5,+20.7,+20.5,+20.7
2023-09-03 17:22,1,+22.5,+10.0,+11.8,+7.4,+24.2,+21.4,+20.7,+20.7,+20.5,+20.5,+20.7,+20.5,+20.7
2023-09-03 18:22,1,+22.5,+10.0,+11.8,+7.3,+24.2,+21.3,+20.6,+20.8,+20.6,+20.5,+20.7,+20.5,+20.7
2023-09-03 19:22,1,+22.5,+10.0,+11.8,+7.3,+24.2,+21.3,+20.6,+20.8,+20.6,+20.5,+20.7,+20.5,+20.7
2023-09-03 20:22,1,+22.5,+10.0,+11.8,+7.4,+24.2,+21.4,+20.5,+20.8,+20.6,+20.5,+20.7,+20.5,+20.7
2023-09-03 21:22,1,+22.5,+10.0,+11.8,+7.4,+24.2,+21.4,+20.5,+20.8,+20.6,+20.5,+20.7,+20.5,+20.7
2023-09-03 22:22,1,+26.9,+10.0,+11.8,+7.3,+24.2,+21.4,+20.3,+20.8,+20.7,+20.5,+20.7,+20.5,+20.7
2023-09-03 23:22,1,+28.3,+12.3,+12.3,+7.5,+24.2,+21.4,+20.1,+20.7,+20.6,+20.5,+20.6,+20.5,+20.7
2023-09-04 00:22,1,+29.5,+12.6,+13.2,+7.7,+24.3,+21.4,+19.8,+20.6,+20.7,+20.5,+20.7,+20.5,+20.7
2023-09-04 01:22,1,+27.7,+12.4,+13.6,+8.1,+24.4,+21.4,+19.7,+20.5,+20.6,+20.5,+20.7,+20.5,+20.7
2023-09-04 02:22,1,+26.9,+12.3,+13.5,+8.5,+24.9,+21.5,+19.7,+20.3,+20.6,+20.5,+20.7,+20.5,+20.6
2023-09-04 03:22,1,+26.4,+12.1,+13.5,+8.5,+25.2,+21.6,+19.6,+20.3,+20.6,+20.5,+20.7,+20.5,+20.7
2023-09-04 04:22,1,+26.3,+12.0,+13.5,+8.5,+25.4,+21.6,+19.5,+20.3,+20.5,+20.5,+20.7,+20.5,+20.6
2023-09-04 05:22,1,+26.0,+11.9,+13.4,+8.5,+25.5,+21.8,+19.5,+20.2,+20.5,+20.5,+20.7,+20.5,+20.7
2023-09-04 06:22,1,+25.9,+11.8,+13.4,+8.6,+25.6,+21.9,+19.5,+20.2,+20.5,+20.5,+20.7,+20.5,+20.7
2023-09-04 07:22,1,+25.6,+11.8,+13.4,+8.5,+25.6,+22.0,+19.5,+20.2,+20.5,+20.5,+20.6,+20.5,+20.7
2023-09-04 08:22,1,+25.4,+11.7,+13.3,+8.5,+25.6,+22.0,+19.5,+20.1,+20.5,+20.5,+20.7,+20.5,+20.7
2023-09-04 09:22,1,+25.4,+11.7,+13.3,+8.6,+25.6,+22.1,+19.6,+20.1,+20.5,+20.5,+20.7,+20.5,+20.7
2023-09-04 10:22,1,+25.4,+11.7,+13.3,+8.5,+25.7,+22.2,+19.7,+20.2,+20.3,+20.5,+20.7,+20.5,+20.7
2023-09-04 11:22,1,,,,,,,+19.8,+20.2,+20.3,+20.5,+20.7,+20.5,+20.7
2023-09-04 12:22,1,,,,,,,+20.0,+20.2,+20.3,+20.3,+20.7,+20.5,+20.7
2023-09-04 13:22,1,,,,,,,+20.1,+20.2,+20.3,+20.5,+20.7,+20.5,+20.7
2023-09-04 14:22,1,,,,,,,+20.2,+20.3,+20.3,+20.3,+20.7,+20.5,+20.7
2023-09-04 15:22,1,+25.1,+11.5,+13.2,+8.5,+25.6,+22.2,+20.5,+20.5,+20.3,+20.5,+20.7,+20.5,+20.7
2023-09-04 16:22,1,+25.1,+11.5,+13.2,+8.4,+25.5,+22.2,+20.5,+20.5,+20.3,+20.5,+20.6,+20.5,+20.7
2023-09-04 17:22,1,+25.0,+11.5,+13.1,+8.4,+25.5,+22.2,+20.3,+20.6,+20.3,+20.3,+20.6,+20.5,+20.7
2023-09-04 18:22,1,+25.0,+11.4,+13.1,+8.5,+25.6,+22.3,+20.3,+20.6,+20.3,+20.3,+20.6,+20.5,+20.6
2023-09-04 19:22,1,+24.9,+11.4,+13.1,+8.4,+25.5,+22.3,+20.2,+20.5,+20.5,+20.3,+20.6,+20.5,+20.7
2023-09-04 20:22,1,+24.9,+11.4,+13.1,+8.3,+25.5,+22.2,+20.1,+20.6,+20.5,+20.3,+20.7,+20.5,+20.7
2023-09-04 21:22,1,+24.8,+11.4,+13.1,+8.4,+25.5,+22.3,+20.0,+20.5,+20.5,+20.3,+20.6,+20.5,+20.7
2023-09-04 22:22,1,+24.8,+11.4,+13.1,+8.4,+25.5,+22.3,+20.0,+20.5,+20.5,+20.3,+20.7,+20.5,+20.6
2023-09-04 23:22,1,+24.7,+11.4,+13.1,+8.3,+25.5,+22.2,+19.8,+20.5,+20.5,+20.3,+20.6,+20.5,+20.7
2023-09-05 00:22,1,+24.7,+11.3,+13.1,+8.4,+25.5,+22.2,+19.7,+20.5,+20.5,+20.5,+20.6,+20.5,+20.6
2023-09-05 01:22,1,+24.7,+11.3,+13.0,+8.3,+25.5,+22.2,+19.8,+20.3,+20.5,+20.3,+20.6,+20.5,+20.6
2023-09-05 02:22,1,+24.7,+11.3,+13.0,+8.3,+25.5,+22.2,+19.7,+20.3,+20.5,+20.5,+20.6,+20.5,+20.7
2023-09-05 03:22,1,+24.6,+11.3,+13.0,+8.4,+25.5,+22.2,+19.6,+20.3,+20.5,+20.5,+20.6,+20.3,+20.7
2023-09-05 04:22,1,+24.5,+11.3,+13.0,+8.3,+25.4,+22.2,+19.6,+20.2,+20.5,+20.3,+20.7,+20.5,+20.7
2023-09-05 05:22,1,+24.5,+11.3,+13.0,+8.3,+25.4,+22.2,+19.6,+20.2,+20.5,+20.3,+20.6,+20.5,+20.7
2023-09-05 06:22,1,+24.6,+11.3,+13.0,+8.2,+25.4,+22.2,+19.5,+20.2,+20.5,+20.3,+20.6,+20.5,+20.7
2023-09-05 07:22,1,+24.6,+11.2,+13.0,+8.2,+25.4,+22.2,+19.5,+20.2,+20.3,+20.3,+20.6,+20.3,+20.7
2023-09-05 08:22,1,+24.5,+11.2,+13.0,+8.3,+25.4,+22.2,+19.7,+20.2,+20.3,+20.3,+20.6,+20.5,+20.7
2023-09-05 09:22,1,+24.5,+11.2,+12.9,+8.2,+25.4,+22.2,+19.7,+20.1,+20.3,+20.3,+20.6,+20.5,+20.6
2023-09-05 10:22,1,+24.5,+11.2,+12.9,+8.3,+25.4,+22.2,+19.8,+20.2,+20.3,+20.3,+20.6,+20.5,+20.7